1000 20 11 2184
12 4 0 7 12 0 11 5 5 7 12
0 3 2 13 3 11 2 4 3 4 1
2 5 6 2 1 10 5 8 19 9 2
0 3 10 2 2 6 10 5 5 3 1
8 19 14 9 11 2 2 5 12 16 5
3 8 7 7 6 12 5 4 0 2 6
1 5 2 9 12 10 5 2 4 3 7
7 2 4 19 2 5 21 20 13 5 2
9 9 5 8 16 2 12 15 12 1 12
9 1 2 2 3 6 0 9 5 2 1
3 5 1 6 9 13 16 25 2 17 4
0 2 5 5 4 3 4 1 6 4 4
11 9 4 3 10 2 8 1 22 6 4
4 9 9 17 0 11 11 14 25 1 5
7 10 3 9 21 4 6 8 0 9 14
10 2 7 5 20 11 21 8 4 3 9
0 9 12 10 1 11 2 1 3 8 3
7 8 11 8 1 0 4 6 3 9 9
2 10 9 13 12 5 6 3 14 4 3
4 25 7 4 16 9 8 2 0 12 2
3 6 18 15 14 10 5 11 10 8 15
6 3 13 6 6 6 9 0 6 5 5
2 6 12 1 2 4 1 6 1 1 5
1 5 5 3 0 0 2 4 21 2 1
16 2 21 6 8 5 15 4 1 1 21
12 8 2 9 3 7 1 16 6 9 2
4 0 1 1 4 2 2 3 3 11 10
9 4 6 1 2 2 7 3 3 4 1
1 2 10 1 15 4 0 7 5 4 14
13 9 2 7 8 5 26 4 6 14 5
12 4 6 3 2 2 9 5 1 2 5
1 5 7 8 5 5 10 4 12 8 3
8 2 9 1 4 3 3 9 4 4 4
1 4 30 17 9 3 6 6 0 12 10
7 5 11 5 3 7 1 1 0 2 2
5 7 4 19 7 4 3 3 9 6 4
14 10 8 2 3 16 13 13 1 4 4
5 1 18 5 22 16 4 11 5 5 10
0 4 13 0 3 12 12 4 0 3 7
14 1 0 5 1 1 7 6 1 8 6
3 3 11 5 8 4 2 7 10 7 6
1 3 1 10 9 6 5 9 10 7 3
10 4 5 1 6 3 5 9 1 12 1
1 11 4 1 1 5 5 3 11 10 0
3 3 0 1 12 3 1 6 2 3 6
2 7 4 9 2 1 0 4 6 8 9
16 3 2 11 15 8 3 9 26 6 7
12 12 8 8 5 0 2 6 6 2 10
12 12 12 9 8 13 23 14 5 4 10
11 6 9 5 12 10 20 1 16 0 4
5 12 7 1 6 11 7 4 7 11 1
2 8 2 17 0 13 2 2 9 11 25
14 1 5 6 16 13 6 0 2 7 0
3 15 5 3 1 12 4 8 11 3 4
8 2 4 3 3 0 7 1 1 4 6
0 14 10 8 4 1 8 1 10 6 7
3 10 22 8 3 10 6 2 9 15 0
9 19 7 21 8 5 6 2 1 4 4
8 10 1 4 21 9 2 18 14 7 14
4 13 10 4 4 24 3 6 9 6 10
3 6 3 2 7 10 7 16 5 0 9
0 9 8 6 4 6 2 3 2 4 4
8 11 0 0 1 4 0 3 1 14 4
11 19 8 4 2 0 4 7 10 12 6
5 4 10 2 16 2 6 10 2 15 2
14 14 1 0 14 10 13 2 14 2 6
0 9 7 1 4 1 7 1 1 2 3
5 3 6 3 2 6 5 3 8 2 3
7 4 2 0 8 0 21 3 17 12 0
1 4 13 6 7 3 0 7 11 9 16
2 3 4 3 0 5 9 0 2 5 6
11 2 8 7 2 4 3 14 1 2 3
1 2 7 1 8 9 9 4 15 4 4
8 9 12 1 8 1 4 4 11 8 18
7 4 5 5 3 2 3 3 2 7 3
2 18 2 10 3 10 0 11 12 8 10
9 7 6 8 4 7 1 13 8 6 14
1 4 13 11 19 16 3 1 6 9 6
3 1 4 3 3 2 2 7 7 2 2
7 1 4 0 10 1 8 10 6 13 3
3 0 5 7 2 0 8 5 1 8 3
20 4 0 9 3 19 20 5 2 12 8
4 0 3 1 1 0 2 7 3 4 6
11 18 6 16 12 6 2 1 12 6 6
10 6 9 1 9 25 6 12 12 14 0
14 2 8 7 9 10 14 20 16 9 8
10 4 1 18 5 5 10 7 7 2 10
14 3 1 9 4 16 1 5 13 23 6
9 2 2 1 9 22 2 13 2 13 16
1 1 3 2 4 4 4 6 7 4 2
15 5 21 7 7 4 16 5 14 11 9
4 12 3 6 12 4 8 1 6 2 9
2 6 3 1 1 6 3 3 5 8 4
5 1 6 2 5 3 5 1 1 2 2
10 25 5 8 9 13 3 11 4 3 7
4 4 2 1 4 7 2 5 3 6 4
5 12 6 1 2 4 2 0 2 3 4
1 8 3 7 0 2 7 1 2 3 1
0 5 3 12 4 2 5 0 4 8 1
3 4 2 1 5 1 5 0 0 3 0
3 1 9 5 2 1 1 2 0 4 4
17 14 11 19 13 1 15 7 6 2 8
9 20 23 4 4 14 3 9 6 7 14
2 8 9 2 1 5 6 11 10 16 3
5 3 6 12 13 5 0 0 14 18 4
5 6 12 5 7 0 5 6 11 9 4
3 16 4 4 8 8 6 6 11 4 22
10 1 15 1 5 14 3 5 10 14 9
10 17 1 3 10 11 17 3 11 18 10
0 0 12 10 29 8 2 4 2 13 3
9 3 1 1 6 3 2 7 1 2 4
4 0 1 2 2 4 8 2 1 4 9
7 8 10 5 10 13 9 4 1 5 7
6 2 5 4 4 5 2 5 2 3 6
17 3 1 16 5 12 16 8 13 11 4
3 2 4 1 1 1 3 6 8 4 6
4 8 6 7 8 9 1 8 13 12 9
2 11 22 4 9 4 5 0 18 19 7
2 9 13 4 2 19 2 1 12 21 7
8 2 11 6 4 2 0 4 2 1 10
5 10 1 7 4 5 8 0 4 14 8
3 26 19 4 8 7 12 8 11 4 5
8 5 1 6 22 1 9 3 7 8 16
12 1 2 2 2 3 9 4 1 4 7
3 3 5 1 14 6 3 3 10 3 0
5 0 11 3 12 2 2 2 5 6 7
4 9 11 11 0 2 1 2 1 1 2
2 3 3 9 11 2 5 0 5 10 6
6 3 8 1 3 1 2 5 1 11 2
2 7 0 5 2 8 13 7 10 0 3
6 2 6 4 8 1 9 6 0 6 3
15 2 4 5 7 0 6 7 1 2 6
3 1 3 16 6 10 6 8 4 21 14
6 7 0 8 2 12 6 7 22 3 9
5 7 5 1 4 0 1 4 4 2 3
1 5 7 6 2 2 2 15 7 12 8
3 8 3 1 2 2 1 5 7 3 4
7 16 11 1 5 14 9 0 19 7 20
6 2 2 1 1 11 2 2 3 1 2
7 18 8 2 2 8 10 0 3 17 1
1 6 10 2 3 6 5 1 2 9 8
5 0 5 2 2 2 3 4 1 6 3
3 4 2 1 5 3 2 3 5 0 3
5 2 2 4 11 3 2 0 0 4 12
5 11 3 4 2 1 0 3 10 2 2
3 8 1 3 4 0 6 9 10 4 5
4 9 9 5 7 8 12 4 9 10 2
3 2 9 2 2 8 2 4 6 3 5
9 5 10 7 1 3 4 9 3 1 3
17 10 15 6 2 11 2 8 5 1 12
6 2 8 6 4 8 0 5 2 6 11
10 2 2 4 1 8 18 13 2 3 8
2 0 1 2 2 4 1 1 8 6 2
13 4 4 7 6 22 8 11 9 7 9
6 0 10 7 19 3 2 8 7 3 5
11 16 2 4 0 2 3 14 18 2 25
0 3 6 2 13 2 12 3 6 18 6
2 5 4 0 2 12 2 1 7 1 5
4 27 2 6 9 8 3 10 0 6 18
2 13 2 2 6 2 7 1 6 1 0
5 5 3 3 13 18 13 11 16 2 15
19 13 5 12 5 3 3 4 7 8 4
7 9 5 13 6 8 9 8 0 7 7
0 6 3 2 1 2 1 9 1 1 1
4 7 7 1 7 5 9 1 12 4 0
3 3 4 2 7 2 1 2 5 1 1
3 3 8 6 8 0 11 1 4 4 3
15 4 3 1 5 6 5 1 9 1 4
7 2 8 9 2 10 13 10 22 12 1
7 5 1 3 18 1 9 2 7 6 0
8 7 14 2 13 2 10 2 8 6 0
1 3 3 10 3 4 5 3 0 3 3
6 2 2 1 6 4 2 2 1 1 1
0 21 12 14 22 1 9 1 6 1 11
2 5 6 3 3 6 7 8 5 3 2
6 14 7 0 7 5 2 3 8 0 9
1 1 1 1 5 7 3 3 3 8 1
1 6 5 1 2 4 4 5 0 1 6
10 2 8 13 7 13 4 20 5 2 15
7 23 3 7 2 5 2 3 1 8 10
6 8 20 11 13 1 3 4 7 7 7
1 23 5 13 10 6 0 3 18 9 0
1 4 4 12 11 4 1 6 2 5 6
8 7 1 14 20 9 10 7 5 9 10
8 3 1 9 8 12 6 5 10 4 6
9 4 2 1 2 6 16 3 6 5 5
2 7 6 1 2 8 0 3 7 0 3
5 1 1 1 15 18 13 7 13 20 13
4 3 2 1 2 2 0 9 0 5 1
3 0 11 6 16 5 11 8 1 12 6
10 4 14 5 14 5 18 22 13 1 2
0 8 3 4 2 1 1 2 7 3 1
6 19 1 8 11 10 3 9 15 15 1
7 2 3 1 1 0 2 5 7 8 6
4 5 0 2 2 10 1 1 1 4 10
3 2 2 0 3 18 6 13 11 17 4
1 7 6 14 21 4 1 16 17 2 4
5 3 3 4 10 4 8 2 2 1 5
7 0 4 3 4 3 0 0 9 6 1
1 4 2 0 1 21 0 7 11 12 10
2 5 6 0 1 5 7 22 5 3 7
18 6 13 16 20 2 2 14 2 10 5
6 5 2 1 5 2 3 0 0 1 2
0 2 0 2 19 2 8 7 15 9 4
1 6 12 20 0 11 17 13 8 15 2
2 3 7 5 8 8 1 2 5 0 0
7 0 1 5 1 3 0 7 5 6 3
2 8 3 5 7 4 2 1 3 1 1
5 1 6 4 1 5 3 5 2 5 0
3 1 2 9 3 7 1 9 3 7 1
15 9 22 6 12 7 8 1 5 12 4
4 1 2 1 3 7 1 5 10 2 4
13 20 4 3 14 18 7 6 3 16 5
3 0 7 2 9 3 9 4 3 1 2
1 5 8 4 6 2 7 6 6 4 4
6 7 2 10 9 13 14 0 15 1 8
4 3 7 4 3 5 0 2 1 3 3
8 4 2 16 4 1 3 12 8 0 1
15 5 10 5 0 8 6 26 4 0 4
0 8 2 9 4 3 2 3 4 4 0
3 5 7 9 6 1 5 2 5 1 7
4 3 3 4 3 5 2 5 4 5 4
4 3 4 7 2 4 1 4 0 3 6
2 1 1 4 3 6 3 2 1 2 6
3 3 2 2 5 5 4 14 5 10 12
8 8 5 1 2 5 0 2 2 11 1
2 7 6 10 17 0 1 5 1 3 2
0 1 6 3 7 1 2 5 5 2 1
9 8 6 2 7 8 9 8 11 9 20
6 1 8 1 1 4 1 1 1 4 1
1 7 18 3 3 1 1 4 7 1 4
4 3 7 3 7 14 1 0 9 4 4
5 4 3 1 10 4 3 8 2 1 2
4 5 22 8 16 12 8 2 9 4 4
5 11 8 3 6 2 3 11 6 10 4
17 1 10 3 2 12 10 12 3 5 5
8 4 11 13 10 18 2 7 5 16 9
3 0 19 7 1 3 4 9 6 6 19
5 0 6 1 1 4 4 1 6 1 3
0 6 0 1 2 0 0 0 5 5 5
1 4 2 14 16 7 1 2 18 9 8
8 6 4 4 8 4 0 1 2 2 2
11 7 1 1 1 7 1 3 5 12 1
6 18 9 10 11 2 0 11 2 2 4
1 4 5 2 3 0 3 1 6 1 6
3 3 10 8 5 8 3 2 6 5 6
7 17 6 15 0 17 2 3 4 5 14
0 11 6 8 13 1 3 8 4 1 1
1 4 7 7 20 5 3 3 0 2 4
4 4 3 12 15 5 11 5 16 19 0
17 3 1 16 4 7 23 1 10 9 13
9 12 13 4 0 0 12 7 20 12 12
2 2 13 16 10 9 10 4 18 7 6
1 6 3 5 0 2 4 3 12 6 3
8 2 15 15 2 11 4 1 6 14 5
8 2 5 0 3 2 12 6 12 3 0
7 5 16 12 12 18 8 4 2 9 10
7 7 1 4 10 4 16 3 1 11 0
5 0 3 12 8 12 3 10 10 14 8
2 7 2 1 4 1 8 15 2 1 6
1 8 3 4 5 1 4 8 3 12 1
17 11 12 2 3 1 3 18 8 13 6
3 2 1 4 1 1 7 1 2 4 7
5 5 4 9 19 2 13 2 5 16 9
12 3 5 10 6 4 12 9 13 13 7
1 1 5 12 7 17 5 2 4 13 11
6 3 3 4 4 2 2 3 9 1 1
4 8 3 1 0 3 9 0 6 3 6
9 10 7 5 12 21 9 6 1 12 12
6 13 1 5 12 17 18 4 3 9 15
5 7 10 3 5 1 1 0 2 3 2
2 2 3 6 8 1 4 1 1 4 3
6 7 6 10 6 4 1 0 5 5 4
6 0 4 1 5 1 3 4 5 4 5
5 1 9 6 3 8 2 3 6 1 3
4 7 12 3 15 11 5 3 6 2 11
12 8 9 3 8 11 3 14 15 5 17
9 10 2 2 10 5 8 16 5 2 4
5 2 2 5 7 9 4 11 1 3 0
4 8 4 7 27 5 3 7 7 12 14
6 17 2 3 7 7 21 0 3 14 15
3 11 12 1 8 1 9 2 13 1 9
4 3 8 5 2 8 17 7 14 7 22
1 2 5 2 4 4 15 5 1 6 2
3 0 4 6 3 4 9 15 2 9 6
4 10 12 1 3 1 4 0 5 11 8
20 4 1 5 15 4 13 22 5 12 6
9 3 1 7 6 15 6 9 4 10 5
9 8 1 20 13 2 7 8 9 1 16
3 7 1 3 2 13 12 3 15 7 26
8 15 3 21 8 1 8 17 9 13 8
2 18 4 22 3 4 0 6 9 2 6
1 3 7 1 6 4 9 1 3 1 5
11 6 3 8 7 4 9 1 2 4 0
5 2 5 0 2 3 5 4 1 3 4
1 2 4 3 6 4 1 1 2 2 5
3 5 2 4 5 5 7 1 13 12 4
5 11 14 3 13 4 1 6 2 4 13
9 4 5 2 2 3 1 2 0 2 4
5 5 9 1 4 4 0 5 11 2 4
0 9 5 8 8 1 0 4 4 7 0
8 6 5 8 13 0 5 15 13 18 1
16 14 2 18 6 5 10 4 21 11 7
0 1 7 3 5 2 4 2 3 2 0
6 21 1 4 5 2 4 14 5 5 14
1 17 9 5 0 5 18 2 3 7 12
3 2 2 2 1 4 3 0 3 4 5
1 1 3 5 12 2 3 5 2 2 5
4 2 4 6 1 6 9 3 1 5 6
11 15 2 7 2 4 10 8 12 9 25
15 11 23 5 13 1 3 8 1 1 1
8 4 24 1 8 17 2 13 4 11 3
1 1 0 3 0 6 4 2 5 0 10
3 6 4 1 7 9 1 8 4 3 3
3 9 3 3 12 2 8 2 2 1 0
1 10 5 4 2 7 5 18 11 2 4
5 4 3 3 3 18 1 13 6 0 7
1 1 3 7 10 1 6 3 4 0 3
1 12 0 15 5 1 5 5 7 13 5
11 10 20 1 2 16 8 1 13 10 6
13 1 11 5 10 13 10 1 8 3 6
13 3 3 15 7 1 8 2 7 8 2
5 8 21 5 7 14 2 0 16 1 3
2 1 15 5 13 3 16 8 4 3 18
13 2 11 6 0 7 18 8 22 4 6
4 8 22 2 24 6 6 6 11 6 8
1 8 3 13 4 8 4 16 8 7 3
5 7 9 15 3 3 17 3 0 20 13
7 1 22 7 16 12 0 3 0 11 1
12 5 8 1 2 11 15 3 11 13 9
1 3 12 0 13 5 16 16 4 3 5
1 4 1 4 0 5 1 7 2 1 4
1 0 8 1 8 2 1 3 5 0 1
3 3 25 1 5 9 6 0 4 6 10
6 1 5 3 4 5 11 2 1 1 2
1 5 12 1 6 5 3 8 6 11 12
1 6 6 3 7 4 2 6 17 2 0
2 1 19 10 9 2 0 3 6 11 1
5 8 10 14 6 3 2 3 6 7 11
9 7 16 6 13 12 9 5 1 15 1
1 2 9 2 2 1 0 3 6 9 8
3 2 6 8 5 17 4 3 2 6 9
3 1 4 6 1 1 7 2 1 2 3
0 3 2 3 4 9 5 15 1 30 4
0 1 5 1 2 7 7 3 0 0 3
1 5 3 15 10 8 5 7 12 8 2
0 4 3 9 6 8 10 15 1 2 8
5 12 8 3 6 2 5 3 9 0 3
4 5 15 7 4 8 14 7 16 13 4
0 2 5 4 1 1 4 6 3 3 1
9 9 5 10 9 4 2 12 14 6 4
0 2 11 10 16 2 6 1 7 7 13
9 7 4 4 2 9 0 14 2 7 7
2 2 15 3 8 3 5 1 10 1 14
1 1 11 10 8 13 7 3 10 7 6
5 11 6 11 1 5 17 6 12 3 12
4 1 4 8 1 4 3 3 4 0 2
3 8 2 11 0 3 3 2 3 13 4
3 3 7 10 3 13 16 6 1 3 9
5 1 7 16 6 16 2 3 13 1 1
5 6 13 11 5 5 18 3 12 18 18
6 2 2 11 12 9 1 7 4 3 7
3 1 7 12 2 5 1 11 17 22 7
3 4 1 20 5 21 3 8 7 7 0
8 5 2 5 1 1 7 3 14 4 1
0 4 3 2 1 2 2 4 5 3 5
9 11 17 0 9 8 13 2 1 5 14
15 12 17 6 2 15 4 1 1 12 7
15 2 6 6 12 5 4 9 6 28 12
12 5 1 3 5 1 2 12 5 11 2
17 3 3 6 12 2 11 4 2 5 8
1 2 4 5 5 11 4 7 5 2 19
6 4 4 10 10 3 20 5 4 1 17
3 3 1 1 4 6 2 5 3 6 1
4 1 1 0 1 4 1 5 2 0 14
3 3 1 1 0 5 5 1 4 4 3
7 2 10 1 12 4 18 10 0 18 20
2 6 0 6 2 0 6 0 1 5 1
5 8 7 3 19 10 9 4 3 9 0
14 2 5 5 6 5 7 8 7 8 13
17 3 4 2 4 17 11 8 0 8 9
18 0 2 4 6 2 9 1 6 7 29
6 1 16 6 3 8 1 8 20 2 5
6 12 16 9 7 16 17 6 1 5 11
1 2 9 6 3 3 3 5 3 8 6
9 3 11 23 3 0 7 0 15 6 1
0 2 3 17 14 15 13 13 6 16 0
3 2 1 5 1 3 3 0 1 4 7
0 3 3 2 3 1 4 1 3 10 1
13 9 17 1 10 4 12 6 10 8 7
1 4 1 0 6 4 3 3 7 4 2
0 5 15 2 2 6 3 6 1 18 2
14 9 1 12 4 10 12 12 4 2 7
16 8 2 10 7 3 11 14 6 5 0
2 3 7 2 2 3 3 5 6 1 6
5 7 0 1 2 4 8 5 4 3 1
19 5 3 5 1 1 14 2 19 7 7
13 2 24 3 14 11 11 6 10 2 12
1 6 7 13 19 10 9 8 5 8 6
1 2 2 5 0 6 4 2 0 3 1
1 11 3 5 8 10 12 5 2 4 6
13 8 6 2 4 9 6 8 1 1 8
4 10 2 15 7 10 18 0 20 8 18
8 3 19 1 20 16 12 8 1 1 5
14 18 11 7 18 6 3 3 6 9 7
3 11 10 1 5 5 3 8 7 20 13
4 2 4 3 2 9 6 6 2 16 1
4 9 4 9 16 10 4 16 9 0 5
16 1 3 3 2 11 6 3 6 8 6
15 19 8 4 2 21 16 4 1 2 0
7 3 3 9 2 0 4 3 6 6 2
12 0 4 8 10 6 9 3 11 2 7
6 2 15 7 24 6 9 7 10 18 8
12 12 22 6 4 3 2 3 12 8 1
4 2 1 17 11 5 1 7 4 0 10
0 6 3 0 4 4 4 1 3 1 2
4 4 11 3 8 10 9 4 23 3 7
16 19 5 16 7 3 2 15 4 14 6
7 16 2 13 9 1 6 9 17 5 14
7 0 9 10 4 13 8 12 5 13 3
2 7 8 8 1 9 2 7 2 15 12
2 0 1 0 12 8 1 2 1 3 7
9 3 7 3 2 10 1 3 0 24 3
2 3 2 0 10 1 3 10 6 2 4
20 12 13 14 15 2 6 12 5 9 9
3 2 2 6 5 2 1 1 1 1 4
13 8 14 13 11 3 2 6 2 12 17
0 1 2 4 6 1 2 7 7 0 2
8 6 5 8 12 9 1 18 2 7 10
5 12 7 7 9 11 8 13 9 2 3
5 10 0 8 2 1 2 7 4 18 8
0 10 3 4 11 23 22 4 1 11 14
6 2 3 11 2 4 1 0 4 1 1
4 2 6 5 0 0 1 5 0 4 3
2 0 21 3 14 12 7 11 15 6 6
1 8 0 4 3 4 1 3 0 4 1
11 9 5 9 12 4 5 12 4 1 8
1 2 18 2 3 5 3 7 4 7 2
4 3 5 12 2 5 4 3 5 6 5
13 19 9 2 7 0 1 9 2 15 12
8 1 4 9 9 6 5 9 5 25 7
7 10 11 2 3 1 0 8 5 1 5
3 7 26 8 12 9 3 3 14 11 3
16 4 4 8 12 5 16 16 9 4 0
0 8 7 7 4 19 3 0 14 8 1
0 12 16 5 13 8 15 10 9 10 1
6 14 10 11 0 1 2 4 8 19 19
17 7 7 8 1 5 8 8 3 6 0
6 9 14 4 24 1 1 2 3 5 7
15 14 18 11 12 2 5 10 11 7 11
4 2 12 0 3 9 3 2 3 5 4
2 5 4 2 4 10 10 3 4 1 4
1 4 2 3 5 2 1 0 5 5 4
4 16 3 4 4 7 3 20 4 5 5
3 4 12 3 17 10 3 6 6 24 9
1 3 13 4 11 3 0 9 3 2 3
2 1 7 6 2 10 10 6 2 9 6
1 10 5 18 6 1 6 11 4 20 6
1 10 7 2 1 2 1 18 3 1 2
4 2 6 0 2 3 5 1 0 1 9
17 7 10 4 2 7 11 6 3 0 10
6 2 3 3 5 6 2 5 0 1 9
2 22 3 5 10 9 12 3 22 3 9
6 10 15 1 5 3 10 19 1 4 16
18 5 18 3 2 5 14 1 0 11 5
2 14 13 5 0 11 4 0 3 2 13
5 0 1 0 2 5 7 0 2 7 12
17 2 2 6 1 4 0 8 20 5 6
18 13 9 17 3 11 11 10 14 8 5
17 9 2 12 11 13 8 24 2 5 11
5 2 6 1 2 9 7 2 8 5 1
1 6 2 1 3 1 3 3 5 5 1
17 10 12 1 1 7 3 19 4 10 1
3 2 1 1 4 5 3 1 6 1 1
18 7 2 19 3 3 23 11 2 0 10
2 7 2 6 8 3 2 2 10 2 5
14 13 1 10 11 10 8 2 4 5 7
7 8 4 5 6 6 4 5 10 5 4
7 18 15 12 5 6 0 0 13 13 7
19 18 1 9 7 9 4 15 9 1 14
3 6 1 3 3 2 2 5 1 5 4
8 10 18 13 7 14 7 13 3 17 5
9 13 0 13 1 8 8 7 4 10 7
0 3 1 4 7 1 17 2 8 1 2
2 1 7 2 0 1 2 2 1 1 7
5 2 8 10 9 4 5 1 3 0 1
2 2 1 2 2 5 2 7 4 0 3
0 8 4 3 6 9 4 6 8 4 9
11 9 11 13 18 2 10 12 1 20 10
4 6 1 2 1 1 1 3 0 3 6
9 5 0 2 12 30 4 3 6 8 6
1 3 4 1 4 6 6 1 8 15 1
12 2 3 2 6 21 11 3 1 12 10
2 16 6 8 1 13 17 8 3 10 22
1 3 5 2 2 5 7 3 4 5 2
4 5 14 6 7 10 7 4 1 8 6
2 6 1 4 4 3 5 4 4 1 6
2 8 7 4 0 1 8 5 3 5 4
15 3 10 3 6 6 12 12 20 9 21
6 0 1 2 6 1 9 4 10 4 4
1 7 1 18 7 1 1 2 3 5 2
2 5 1 4 1 2 2 6 2 0 2
3 4 4 5 10 5 1 4 15 10 11
6 1 4 0 7 2 1 1 3 7 4
4 3 4 1 2 3 4 2 4 2 5
1 17 2 3 6 13 9 3 5 2 4
8 1 3 7 8 9 8 5 8 11 0
15 0 6 6 4 14 9 12 3 1 3
0 1 3 6 6 5 7 2 2 1 3
14 20 7 23 9 1 7 5 9 6 10
18 15 6 3 7 1 7 6 3 6 10
4 1 6 8 6 4 5 4 3 0 6
6 1 8 1 1 6 9 0 2 4 8
1 3 6 6 2 5 10 2 5 8 10
1 3 4 1 3 6 6 1 9 7 1
2 0 6 6 1 8 3 0 8 6 2
2 11 3 16 3 17 8 2 6 8 6
13 5 1 1 3 3 24 10 2 4 2
3 19 7 18 9 16 3 2 2 6 4
11 5 1 8 21 9 4 13 2 17 9
17 4 4 12 10 10 12 24 9 5 3
1 4 1 3 11 5 2 4 6 8 2
4 16 14 13 5 22 0 3 5 8 3
9 9 2 16 8 3 1 4 17 9 2
5 4 7 8 0 0 6 2 9 3 12
3 2 7 7 1 6 0 2 6 2 1
4 0 4 0 3 3 2 0 3 10 4
9 5 10 2 9 9 20 2 10 3 2
1 1 7 1 5 4 18 10 2 6 10
7 4 12 17 10 1 5 17 16 3 17
3 4 1 3 2 1 6 15 2 0 4
5 13 5 4 19 3 4 19 18 4 6
3 7 12 1 1 4 9 3 0 3 4
16 8 13 13 1 8 7 10 4 11 3
4 6 6 2 5 11 2 1 9 4 6
7 5 0 6 2 8 6 3 3 2 2
6 1 1 2 3 5 6 0 3 1 8
3 5 3 0 1 0 6 0 2 1 4
13 21 15 4 10 4 2 5 5 1 3
3 2 10 5 6 5 17 2 10 5 9
4 1 1 16 12 1 6 2 8 7 5
10 0 9 0 10 15 16 17 8 10 19
3 4 7 15 0 1 5 10 11 4 1
10 2 23 7 6 21 10 5 10 3 8
6 1 1 9 2 1 2 1 2 0 2
0 2 3 4 4 5 9 2 1 1 2
10 3 0 2 3 6 0 3 3 2 4
1 11 23 6 20 14 7 3 4 7 6
7 19 7 7 17 8 2 12 5 11 3
13 6 7 9 7 14 11 15 5 6 25
4 6 4 16 8 1 14 14 1 5 13
2 1 1 4 18 7 17 7 13 4 6
6 2 2 2 21 12 14 7 4 8 13
2 9 3 2 4 5 3 4 2 8 5
4 1 2 0 1 2 3 8 0 2 0
8 5 5 32 8 3 9 3 12 7 1
9 13 1 6 8 2 5 10 0 5 2
6 1 5 8 17 3 9 9 10 17 16
1 1 30 6 8 6 6 9 5 6 10
1 8 2 12 14 3 0 1 1 6 4
5 15 9 8 1 2 5 10 4 2 11
8 2 5 3 1 0 1 3 6 5 4
1 4 2 1 6 1 6 4 1 0 0
8 12 16 18 10 6 14 9 9 14 6
5 1 3 4 11 1 5 1 3 4 10
13 17 4 18 11 7 2 8 0 7 8
6 13 3 4 7 9 15 16 9 0 2
0 7 5 4 2 23 3 7 11 15 6
0 18 21 4 3 16 7 12 0 8 3
5 3 10 2 7 1 1 0 9 8 6
14 16 6 8 9 8 8 12 11 13 5
1 2 5 3 8 10 3 7 2 1 2
2 5 13 2 3 13 22 6 10 13 5
4 7 19 3 5 1 16 4 4 19 10
1 3 23 8 3 2 13 4 7 8 2
17 7 11 14 3 0 4 14 1 22 7
3 3 23 10 2 9 1 12 0 15 9
11 6 11 20 6 13 4 12 17 0 4
13 8 1 0 12 13 0 5 17 4 6
5 26 4 4 2 1 12 5 2 6 8
2 4 6 0 3 1 2 1 2 4 4
7 2 5 2 3 3 6 2 2 0 6
7 4 4 6 6 0 5 3 6 8 5
9 0 3 14 6 1 3 6 3 1 4
2 6 5 0 1 4 5 6 3 3 4
10 9 1 7 6 4 16 7 3 5 6
4 3 4 6 1 19 4 2 8 8 6
2 7 1 0 3 3 4 3 2 7 3
1 3 5 4 8 10 2 0 8 14 8
6 2 11 14 6 7 10 19 14 2 3
2 1 3 11 6 0 9 2 4 2 7
1 3 9 1 6 10 11 4 4 9 6
9 2 0 8 8 2 4 1 9 0 13
2 2 4 5 3 7 2 4 3 7 10
1 11 12 0 7 4 2 8 15 6 4
10 7 2 7 7 0 10 3 7 7 3
26 7 11 5 7 21 10 11 2 0 0
6 9 0 7 8 3 5 6 15 6 3
1 18 9 7 15 4 7 2 3 1 15
6 7 20 4 0 11 9 1 7 5 13
1 3 4 3 2 0 2 6 1 3 7
7 1 10 2 9 4 5 6 1 4 4
5 4 2 13 4 7 16 6 5 3 11
14 17 4 6 1 1 24 12 8 15 7
6 0 8 0 9 1 2 9 10 3 7
11 0 6 12 6 4 10 8 3 4 4
16 10 13 0 2 7 7 4 8 7 8
7 7 4 5 0 1 6 0 3 1 8
1 1 2 12 5 1 3 0 2 16 5
13 18 1 7 14 3 6 9 13 3 2
2 1 9 1 1 0 5 8 1 0 2
3 6 14 5 7 6 11 5 3 15 6
4 3 12 2 8 3 6 11 3 4 16
7 11 7 7 10 9 9 0 4 8 1
1 10 1 9 3 16 4 14 9 10 16
11 8 16 13 16 4 9 16 3 4 7
6 18 10 6 10 7 6 11 2 6 11
2 3 2 4 7 2 2 1 6 10 1
22 5 16 5 15 13 2 11 11 13 2
5 14 15 1 16 1 10 20 18 5 5
2 11 13 4 1 5 7 4 6 2 1
0 13 7 10 0 17 18 9 5 1 11
0 2 7 8 2 18 1 14 8 14 19
9 0 9 2 3 0 8 8 7 6 1
13 0 6 2 5 2 9 5 1 1 9
3 4 3 3 7 5 2 4 2 1 10
1 7 9 2 3 1 5 0 0 1 5
2 11 7 7 6 9 9 7 2 3 17
11 20 15 19 13 6 9 5 2 1 0
6 5 1 11 0 2 2 16 8 1 5
3 2 3 5 0 1 5 3 5 7 2
5 11 2 1 14 27 13 3 1 1 18
1 7 0 0 2 16 5 5 9 4 5
0 3 12 2 13 9 11 10 0 6 5
2 12 5 3 9 4 5 5 9 6 2
5 10 3 12 1 0 14 5 17 13 8
11 4 14 0 2 9 4 10 27 1 15
11 20 13 4 4 3 3 20 5 7 16
3 3 8 17 8 3 0 7 1 2 2
3 16 1 2 6 3 8 3 7 8 11
4 5 5 1 2 2 8 10 21 6 12
7 11 9 12 9 7 6 0 5 9 8
0 0 2 10 3 3 6 4 5 1 0
4 6 6 4 9 9 2 3 2 6 1
4 11 1 11 9 19 6 4 10 4 6
7 6 8 4 5 12 6 4 10 17 4
2 2 6 6 1 6 0 7 3 5 3
18 14 1 7 5 7 5 3 0 3 13
5 5 3 0 2 6 4 3 1 0 2
2 3 7 3 0 7 3 4 0 0 3
5 8 6 4 7 2 10 4 13 4 6
1 6 2 1 2 7 1 1 1 7 4
3 12 1 3 3 8 4 7 9 10 15
6 7 9 4 6 8 11 10 1 5 3
15 3 4 6 4 8 5 8 19 1 10
17 4 18 14 11 7 17 1 6 3 9
4 1 4 0 2 5 0 2 6 1 2
0 3 2 2 6 3 3 1 3 3 5
4 4 2 1 2 6 0 11 7 3 5
4 4 4 6 15 5 20 8 11 5 0
2 3 2 1 12 2 2 3 1 5 5
3 12 5 2 8 5 1 4 0 5 12
10 3 12 15 2 10 2 8 12 5 17
1 4 1 2 0 1 0 11 1 3 6
5 4 9 12 2 3 12 5 1 3 0
0 6 2 0 9 7 0 5 11 1 1
14 13 16 1 9 4 4 1 11 12 7
2 7 3 5 8 18 7 9 14 19 1
17 1 28 8 4 2 0 0 4 10 5
6 10 13 6 7 14 2 15 1 19 7
2 2 11 4 6 2 8 5 9 2 0
1 0 9 4 2 1 1 0 2 3 1
6 16 19 17 6 1 2 15 6 3 14
5 10 6 16 5 13 7 17 0 5 4
2 2 4 1 0 3 2 8 3 6 3
8 1 12 0 12 4 0 9 5 13 2
4 17 5 5 10 1 19 15 10 3 7
9 4 6 1 2 12 13 9 2 5 3
13 3 17 7 4 11 13 1 0 16 5
16 9 2 1 6 11 16 13 4 2 4
2 2 3 6 0 2 4 1 6 6 0
6 11 9 12 9 11 3 4 11 5 9
0 1 6 1 5 4 2 4 5 1 0
2 14 8 9 2 1 4 1 11 6 16
0 18 3 3 9 4 3 8 0 4 6
3 4 10 4 6 2 3 6 3 4 8
1 4 3 5 8 1 2 4 5 2 3
1 15 13 11 10 12 12 2 9 1 20
3 4 2 2 1 3 3 4 7 1 0
2 9 5 4 4 3 8 0 3 7 5
11 9 2 1 1 10 0 10 13 4 8
2 1 1 3 0 4 2 10 7 1 0
4 1 7 4 1 1 15 6 0 3 5
5 12 6 16 2 1 0 4 1 6 6
10 9 9 7 11 9 8 9 1 4 13
10 21 4 6 9 6 6 6 6 6 2
4 10 2 18 7 21 9 1 1 8 6
1 2 1 2 5 7 5 9 3 1 3
6 12 2 9 9 4 22 9 5 7 8
1 2 11 6 3 6 23 14 16 4 6
2 1 9 2 4 1 3 1 0 1 5
0 2 0 5 3 3 10 3 8 0 1
1 0 1 4 1 2 1 1 3 5 12
3 13 3 16 6 10 4 24 8 1 4
13 4 4 2 6 5 2 1 1 4 31
7 15 18 12 2 17 7 0 2 1 10
3 3 2 2 6 1 5 4 4 5 5
3 0 4 3 5 3 1 6 2 5 5
15 7 2 4 5 1 3 13 6 16 11
15 14 15 10 4 5 5 2 13 3 10
1 3 18 7 11 18 12 1 9 5 7
3 1 20 6 5 9 7 7 4 3 14
7 1 2 1 5 6 8 6 9 11 9
4 5 6 7 2 1 5 6 0 1 6
8 6 19 1 11 2 4 3 6 3 4
1 10 1 14 3 10 4 0 10 2 12
15 12 15 12 7 2 4 16 3 13 3
5 12 20 4 6 3 15 14 4 0 4
9 4 18 12 4 4 7 13 22 3 1
3 5 5 3 12 14 12 21 7 8 14
4 1 9 4 3 0 3 6 0 9 2
6 10 17 3 22 18 5 11 9 8 3
12 9 5 18 6 10 5 2 9 7 5
7 10 3 1 3 2 5 2 7 5 1
2 0 0 8 1 7 3 2 2 2 2
3 3 10 12 2 5 2 4 4 9 6
7 7 20 2 9 6 7 4 1 1 8
3 2 2 1 3 3 4 2 10 3 0
1 8 5 14 0 9 9 11 1 11 3
8 3 5 17 6 3 8 6 3 8 18
3 11 4 2 11 5 7 5 3 11 2
5 0 4 8 15 3 1 4 26 17 2
12 4 0 10 9 13 14 7 10 4 2
5 10 14 11 9 2 0 5 5 0 3
4 11 6 6 5 4 1 6 12 7 11
9 0 3 18 10 8 1 0 12 3 25
7 11 3 3 3 14 1 8 3 2 0
6 5 3 3 2 13 7 7 0 6 22
4 4 7 1 3 6 2 12 5 3 1
7 3 10 10 5 2 8 1 4 1 8
7 2 1 4 1 1 1 0 3 0 5
4 9 3 5 7 5 6 8 4 10 17
0 1 14 5 3 12 13 2 4 2 6
13 14 10 2 2 1 3 26 2 5 10
15 6 7 2 2 4 2 3 5 10 7
19 5 3 1 0 8 2 1 6 5 8
0 9 1 5 1 6 3 13 3 7 2
5 3 2 14 6 10 1 1 5 3 5
3 4 2 5 4 9 9 2 5 3 5
4 2 6 1 4 6 4 0 3 3 4
3 9 10 1 9 4 7 2 10 5 0
8 1 4 1 5 5 4 11 5 5 3
7 6 3 11 10 1 4 2 8 4 0
1 3 6 3 6 1 5 5 1 4 9
2 27 4 1 2 6 7 5 3 20 12
2 5 3 6 0 3 5 2 3 7 6
9 11 9 18 8 8 5 3 17 18 1
2 8 1 4 1 2 10 6 9 2 11
5 7 13 12 10 4 18 3 5 6 9
4 10 6 17 13 12 7 1 4 18 14
2 2 7 5 1 0 4 3 8 2 9
2 12 10 7 2 2 5 5 2 2 5
11 1 15 5 2 3 11 9 6 12 5
16 8 10 14 6 3 21 1 7 9 8
3 4 5 3 3 1 0 1 4 4 8
0 3 0 2 7 0 6 3 0 5 1
11 6 18 1 16 5 12 7 1 3 1
7 0 0 9 0 1 5 9 12 6 6
4 8 1 4 12 2 13 4 12 16 11
2 1 5 0 23 3 6 11 11 8 9
5 7 8 3 14 7 2 13 11 0 23
8 18 11 1 9 8 7 15 1 3 19
5 1 4 0 1 1 0 7 1 2 5
10 3 0 11 3 1 12 7 10 22 4
1 0 6 3 0 1 1 5 6 2 3
6 2 17 10 7 4 1 7 13 11 0
2 1 2 6 3 3 3 6 3 1 5
5 3 1 1 8 22 7 6 8 3 21
2 3 10 3 4 7 3 3 11 6 14
4 4 1 1 3 1 6 3 7 8 1
8 9 17 1 14 4 3 6 2 9 21
1 11 4 0 2 4 3 1 0 7 3
1 10 0 3 4 5 23 19 0 7 9
10 8 2 4 1 11 18 3 12 2 7
2 2 2 1 6 4 5 5 2 0 6
20 4 5 8 9 7 7 2 9 6 7
0 6 1 4 3 6 8 2 0 7 1
5 5 18 10 5 4 4 4 15 15 6
10 19 3 1 4 3 23 18 7 1 9
4 16 1 2 7 7 2 12 12 11 13
20 7 7 21 11 5 7 15 7 7 11
0 1 2 4 4 3 2 3 5 9 3
3 3 1 0 5 7 5 4 7 13 11
7 7 3 12 11 24 3 4 1 0 9
8 6 2 1 3 4 2 0 8 3 5
3 0 3 5 5 4 2 6 1 5 9
2 3 3 2 14 4 4 2 16 6 6
4 11 5 6 16 11 13 20 3 4 3
1 4 8 1 5 3 2 1 2 1 0
5 2 0 5 6 4 6 3 1 5 3
3 7 0 0 4 6 1 0 3 1 4
4 3 6 7 5 5 1 1 2 2 4
9 0 9 5 4 6 3 2 5 9 4
8 8 17 10 4 7 6 23 3 9 4
10 6 0 21 13 5 4 3 6 0 7
7 7 3 3 2 26 2 2 10 0 9
9 0 4 7 10 1 27 18 10 5 4
4 5 4 5 5 3 1 1 6 1 7
3 12 6 1 6 9 5 2 5 5 1
2 1 10 4 9 11 8 20 1 7 16
3 22 4 5 1 2 1 15 10 10 18
0 10 4 3 2 3 1 0 13 1 0
1 1 2 1 3 2 8 0 3 4 2
15 1 18 11 13 10 11 11 9 2 7
9 8 9 2 3 5 3 21 5 12 8
5 7 5 3 1 2 2 5 0 4 4
3 23 7 0 7 20 3 20 4 7 3
2 4 4 7 15 12 7 6 13 12 3
18 8 2 1 5 5 9 6 13 4 17
2 6 7 1 2 1 17 1 6 6 6
15 7 13 3 1 11 6 4 17 7 20
4 3 2 1 3 9 2 1 5 1 3
4 3 2 3 4 7 1 1 2 6 4
4 4 23 0 1 3 1 10 0 22 4
2 13 2 5 5 1 1 10 4 13 1
4 1 0 4 6 8 3 1 1 9 4
4 7 3 6 0 4 6 4 12 3 4
11 13 0 12 10 17 3 6 10 4 1
17 4 14 1 0 16 2 15 24 4 2
4 1 9 4 0 3 8 0 0 5 7
9 13 9 13 11 20 19 2 6 3 10
8 16 7 1 17 16 2 18 1 6 8
0 11 8 4 1 1 8 0 5 0 5
0 8 6 3 6 6 2 2 3 7 8
3 3 8 5 9 11 10 1 21 12 5
6 12 15 21 12 4 0 5 11 13 9
2 4 3 9 5 9 10 7 2 7 4
2 6 7 3 5 4 1 1 6 10 4
1 0 10 1 4 13 18 3 2 11 3
6 8 20 7 6 6 3 18 5 17 3
7 11 9 0 5 2 1 9 2 0 5
5 3 5 5 5 4 3 4 8 3 2
11 21 2 11 14 12 7 2 13 6 3
6 9 9 11 0 3 8 5 2 11 0
8 8 20 6 3 9 0 5 4 9 4
17 2 14 4 4 4 14 4 4 5 1
1 4 2 0 4 6 2 1 4 1 5
7 16 0 15 2 12 17 15 1 5 7
3 5 3 6 2 9 1 3 9 20 4
5 5 0 10 3 6 8 7 5 14 3
10 3 5 17 4 13 5 6 10 10 1
7 4 8 9 8 28 10 3 5 1 8
16 5 10 12 3 15 3 13 7 1 7
2 17 8 4 2 12 11 5 3 21 8
7 1 3 5 2 6 2 15 2 2 5
9 7 12 2 3 10 1 14 4 4 3
22 10 5 3 7 7 0 6 4 8 7
2 4 4 7 1 2 2 4 3 10 6
11 11 0 4 14 16 4 0 7 10 17
1 15 1 3 3 1 4 12 14 3 24
3 7 6 2 9 4 2 11 0 7 6
11 0 7 14 6 5 5 3 4 1 11
17 8 4 4 14 0 0 2 7 3 9
10 6 1 13 11 8 8 3 11 7 6
0 5 4 7 1 0 2 3 0 4 2
0 6 8 3 20 8 8 10 20 4 2
4 2 2 2 2 5 5 3 4 5 9
12 6 2 0 4 3 8 7 4 2 2
1 3 3 4 5 7 2 1 2 2 5
20 12 15 14 2 11 5 2 2 8 5
9 15 1 1 7 2 7 6 9 4 2
6 5 27 1 1 2 15 5 1 4 13
10 6 1 2 6 14 6 7 18 3 6
3 5 3 1 19 4 6 13 9 13 17
9 5 12 3 4 19 3 6 20 5 3
15 7 4 16 15 3 3 11 13 9 8
16 1 8 16 11 6 13 9 4 1 1
3 4 4 1 0 1 8 1 6 2 2
4 0 0 19 4 4 7 9 0 10 9
7 10 2 7 2 13 5 11 10 4 9
6 6 3 9 5 1 7 5 6 6 15
7 3 1 13 8 1 7 1 0 2 7
7 3 4 4 2 6 9 2 5 1 0
1 2 18 1 3 3 6 10 3 10 11
29 3 7 12 4 11 11 8 6 3 11
21 0 1 7 8 7 2 5 10 0 9
3 3 4 2 4 1 6 2 5 4 8
6 6 2 0 5 6 15 10 11 7 4
3 8 4 2 0 2 5 3 3 1 0
13 1 2 6 1 1 7 3 2 1 4
6 2 4 1 0 2 4 7 2 4 0
6 15 2 1 5 3 6 0 0 2 8
3 3 2 6 4 5 13 11 5 3 4
9 6 12 7 5 10 1 15 24 10 7
2 10 8 3 4 4 1 20 12 5 9
14 5 15 12 15 8 13 11 14 1 3
12 1 3 6 3 3 7 17 1 6 11
14 5 3 22 6 8 1 8 4 10 3
4 2 5 7 5 2 5 5 7 11 6
15 13 16 2 23 8 1 4 5 11 1
2 8 4 3 7 5 3 5 2 2 7
2 8 3 11 7 20 8 5 20 3 9
0 3 10 6 2 6 17 3 1 7 5
11 0 5 5 11 12 4 5 6 14 4
9 11 5 15 5 10 1 15 7 1 7
5 6 4 1 6 1 1 5 3 12 5
7 16 1 2 10 19 10 11 2 14 3
3 11 5 9 8 6 3 0 6 4 3
5 9 0 23 5 5 1 14 2 19 3
10 11 13 10 11 21 6 7 9 8 5
1 3 5 2 2 11 5 7 8 6 5
10 1 3 0 5 0 1 11 10 7 15
13 5 2 7 1 2 0 6 3 4 13
4 24 19 3 9 13 3 5 3 4 0
5 6 7 24 2 5 3 1 3 8 13
1 9 9 8 9 13 2 5 11 7 5
13 15 5 6 14 15 11 2 14 10 8
3 4 25 0 0 6 4 0 11 11 25
8 3 3 9 12 1 9 22 4 4 15
7 5 3 10 7 2 4 10 1 3 1
7 0 1 4 2 8 1 6 8 5 6
13 14 0 12 12 12 9 10 14 11 6
1 3 4 1 4 2 4 5 10 1 1
10 13 16 9 4 14 8 5 8 4 11
12 8 11 2 11 5 19 8 17 7 3
12 9 3 12 4 2 5 7 18 7 0
5 7 1 4 1 6 1 4 5 2 3
13 7 5 5 5 9 8 8 6 5 7
3 3 3 3 4 7 12 9 17 17 11
0 7 15 9 1 0 24 11 19 6 10
2 9 6 4 12 6 13 3 10 1 9
0 3 6 3 10 9 10 13 5 2 3
2 9 1 5 23 10 6 4 10 1 3
5 2 6 10 6 4 23 5 11 12 3
1 4 1 4 5 3 3 1 2 3 7
28 12 2 11 12 1 9 9 1 9 7
13 1 18 14 5 4 12 15 8 5 10
2 6 4 6 6 1 6 2 21 0 22
4 17 0 10 1 0 3 9 6 6 3
2 3 1 15 4 7 10 5 6 15 11
4 7 5 4 1 0 18 2 8 2 2
1 11 20 16 11 3 5 18 4 13 7
1 5 4 6 6 8 3 7 5 1 0
3 1 5 2 19 18 4 2 1 3 13
2 14 13 0 27 3 7 4 10 10 8
7 7 6 2 3 3 5 1 8 1 2
1 2 2 8 2 4 1 1 8 0 7
1 0 4 3 0 2 0 0 8 0 6
2 1 6 2 3 14 10 1 12 19 4
10 11 16 10 13 16 2 8 8 14 3
6 3 2 2 4 2 1 1 6 7 2
3 2 3 6 0 0 0 2 0 9 4
12 8 7 1 15 1 8 3 14 24 5
5 18 17 13 5 1 4 3 15 21 4
1 25 5 12 9 6 8 1 4 12 6
2 2 1 2 3 6 6 1 6 2 3
4 9 9 3 3 7 1 8 7 5 11
2 1 0 4 4 3 5 5 7 8 1
13 2 4 11 3 2 9 6 8 14 8
7 1 2 0 5 7 7 4 1 7 6
4 17 1 3 9 7 5 11 7 3 0
6 1 4 1 4 7 1 1 4 8 6
10 11 6 0 9 9 5 3 2 1 2
0 17 5 10 8 6 6 1 5 13 5
13 6 12 4 1 11 3 7 5 28 11
7 6 11 6 1 7 1 0 7 11 3
1 1 0 5 3 2 0 5 6 2 1
12 19 1 19 3 10 1 9 4 3 13
2 4 2 3 1 7 5 1 0 4 2
7 2 1 5 1 4 4 4 8 10 2
1 7 5 3 3 3 0 8 3 1 3
7 10 5 13 3 5 2 23 9 14 17
0 9 19 9 13 5 1 10 10 5 7
7 3 15 18 1 6 9 2 15 7 18
2 5 2 5 1 3 1 1 4 10 1
7 15 3 4 10 1 7 3 2 14 16
7 4 8 0 1 8 11 0 4 12 15
8 1 1 2 8 3 8 7 4 5 9
9 17 7 2 12 1 13 8 2 1 2
8 1 8 5 4 2 10 6 1 4 9
8 11 0 6 4 22 1 2 11 27 3
4 2 1 6 1 9 0 4 4 12 4
2 6 17 18 18 20 0 4 1 5 12
7 16 12 7 8 6 8 17 4 0 1
10 0 6 1 3 10 5 0 3 5 5
5 4 2 23 9 9 0 5 12 18 4
1 11 9 3 5 5 2 4 1 2 12
2 18 9 16 9 11 3 5 6 6 1
3 10 4 0 6 28 22 3 2 7 7
8 8 16 14 9 7 16 18 8 3 6
4 17 2 5 3 11 6 5 5 8 6
2 3 1 0 3 5 11 3 1 9 6
7 9 5 9 13 6 7 11 5 14 5
8 25 11 0 9 7 3 11 6 6 2
2 0 5 3 17 2 10 19 15 1 12
4 2 3 0 6 8 2 4 7 10 5
5 9 1 4 2 10 1 6 5 5 8
4 1 13 3 12 2 19 19 13 3 13
3 12 2 2 8 8 8 8 9 2 4
6 8 17 4 19 7 15 1 14 11 6
1 34
1 48
2 14
2 39
2 69
3 8
3 45
3 100
4 27
4 86
4 90
5 60
5 81
5 105
6 28
6 37
6 80
7 63
7 107
8 15
8 69
8 92
9 23
9 50
11 45
11 98
12 25
12 53
12 69
13 16
13 30
13 37
13 57
13 69
14 81
14 105
15 23
15 27
15 110
15 113
16 24
18 30
18 38
18 59
19 87
19 105
20 80
21 25
21 106
22 25
22 41
22 94
22 113
23 45
23 91
24 28
24 52
24 57
24 70
24 94
25 99
25 112
26 65
27 31
27 92
27 114
29 33
29 43
29 67
29 74
30 39
30 53
30 73
30 80
30 103
30 130
31 45
31 87
36 37
36 64
36 94
36 124
37 46
37 112
37 120
38 138
40 41
41 123
42 58
42 100
42 107
42 108
42 120
42 121
43 80
43 102
44 101
44 108
44 132
44 137
45 74
45 115
45 142
46 103
46 126
47 82
48 53
48 61
48 67
48 82
49 64
49 96
49 102
50 81
52 56
52 73
53 74
53 138
54 55
54 78
54 107
54 109
54 114
54 131
55 103
58 83
58 94
59 98
59 102
59 156
60 125
60 130
61 85
61 128
62 82
63 134
64 105
64 129
64 155
65 112
66 120
66 123
66 153
67 100
67 147
68 113
68 115
68 153
69 128
69 158
69 166
70 73
70 86
70 91
70 118
71 133
72 95
72 169
73 97
73 167
74 100
74 154
75 95
75 170
76 147
76 165
77 88
78 106
78 112
78 134
78 136
78 142
78 161
79 103
79 170
80 157
80 163
81 114
81 121
81 137
81 144
82 99
82 181
83 106
83 175
83 180
84 144
84 159
85 159
86 95
86 96
86 126
86 164
87 122
87 142
88 103
88 104
88 132
88 155
89 101
89 168
91 178
92 113
92 116
92 122
92 180
93 111
93 188
94 95
94 113
94 168
94 177
94 181
95 117
95 155
95 162
95 186
95 191
96 157
97 151
97 165
98 164
99 100
99 136
99 186
100 111
100 118
100 155
100 188
100 192
101 167
101 200
102 106
102 140
103 141
103 178
104 129
104 131
104 147
104 193
105 140
105 189
105 197
106 124
106 138
108 176
109 157
109 202
109 204
110 169
110 202
111 126
111 132
111 167
112 120
112 146
112 179
112 187
112 205
113 159
113 170
113 189
113 204
114 198
115 173
117 172
118 126
118 154
118 205
118 217
119 202
119 205
121 152
121 162
121 184
121 213
122 164
123 132
123 179
124 196
124 219
125 152
125 164
125 221
126 135
126 140
126 149
126 155
126 215
127 140
129 185
129 202
130 182
130 194
130 224
132 150
132 160
132 167
132 184
133 157
133 226
134 152
135 153
135 204
135 212
136 162
136 201
137 214
137 216
138 167
139 205
140 192
140 239
141 232
142 170
142 186
143 167
144 145
144 205
144 208
144 221
144 228
144 234
145 172
146 153
146 221
147 214
147 218
149 231
150 188
150 206
150 219
151 215
151 233
152 231
153 154
153 160
153 165
153 250
154 244
155 159
155 232
155 250
156 251
157 197
158 212
160 184
161 208
161 218
161 238
161 242
162 231
162 239
162 256
163 215
163 259
164 180
167 178
167 219
167 265
168 232
168 249
169 177
169 209
169 219
171 203
171 248
172 188
172 199
172 265
173 226
174 181
174 271
175 231
175 232
176 216
176 242
177 178
177 254
177 259
177 263
178 228
179 241
179 273
180 194
180 201
180 202
180 240
180 276
181 224
181 234
182 229
183 185
183 264
183 267
184 194
184 195
184 230
184 240
184 277
186 193
187 228
187 285
188 251
188 260
188 262
189 211
189 262
189 263
190 248
190 253
192 197
192 249
193 207
193 247
193 280
193 281
194 235
194 270
195 226
195 263
195 279
196 211
196 226
197 208
197 234
197 236
197 284
197 293
198 201
198 245
198 280
199 225
199 228
199 248
199 264
200 254
200 297
201 206
201 244
202 203
202 207
203 262
204 209
204 273
205 210
205 234
205 257
205 263
205 292
206 239
206 268
207 231
207 241
207 254
208 222
209 273
209 277
210 215
210 222
210 224
210 245
210 246
210 259
210 275
211 250
211 269
211 307
212 271
212 304
213 215
213 228
213 270
213 288
214 282
215 252
215 282
216 218
217 295
217 307
218 304
219 261
220 302
220 303
221 282
221 313
222 270
222 309
223 312
224 296
225 230
225 234
226 265
226 305
227 233
227 237
227 295
228 288
228 307
228 312
228 322
229 238
229 279
229 293
230 294
230 297
230 298
231 234
231 281
231 298
231 300
231 302
232 246
232 250
233 276
233 280
234 246
234 264
234 299
236 251
236 275
236 305
236 313
237 253
237 276
237 297
237 315
238 292
238 294
238 306
238 308
238 314
239 280
239 309
239 326
240 261
241 272
241 300
242 283
242 327
243 261
243 272
243 273
243 292
244 255
244 315
245 305
245 331
246 281
246 291
246 314
247 321
248 269
248 346
249 266
249 296
249 307
250 300
250 308
250 337
251 339
252 268
252 270
252 284
252 344
253 288
254 268
254 302
254 348
254 352
255 311
256 320
257 324
258 269
258 330
258 356
259 275
259 312
259 352
260 284
260 329
260 344
261 289
261 336
261 358
262 278
262 360
263 321
263 325
264 291
264 347
265 297
265 321
266 319
266 331
266 333
266 334
266 356
267 274
267 291
267 315
267 334
268 283
268 304
269 358
270 296
271 298
272 346
274 292
274 365
275 315
275 316
276 295
276 374
277 365
277 376
278 280
278 290
278 300
278 329
279 282
279 292
279 335
279 373
279 376
280 320
280 322
280 363
281 318
281 354
282 290
282 294
282 355
282 362
283 293
283 294
283 359
283 368
284 311
284 348
285 359
285 368
286 298
286 314
286 371
287 313
288 291
288 292
288 335
288 375
289 295
289 317
289 366
290 348
290 378
291 294
291 389
292 330
292 385
293 388
294 319
294 322
294 334
294 351
294 356
295 353
296 386
299 323
299 340
299 379
299 392
300 320
300 329
300 334
300 340
301 355
303 312
304 306
304 315
304 341
306 324
306 378
306 386
307 314
307 351
307 355
307 371
307 392
307 404
308 337
308 389
309 313
309 316
309 339
309 342
309 378
310 316
310 355
310 362
310 363
310 368
311 328
311 344
311 387
312 351
312 360
313 315
313 323
314 386
314 402
315 406
315 407
317 354
319 389
320 341
320 406
321 322
321 347
321 370
322 402
323 410
323 420
324 342
324 376
325 341
325 347
325 397
325 407
327 382
327 394
327 400
327 418
328 358
328 362
328 401
329 372
329 380
329 398
329 418
330 355
330 416
331 358
331 377
331 389
333 426
333 427
334 341
334 377
334 399
334 407
334 434
336 355
336 365
336 411
336 425
338 347
338 371
338 375
339 388
339 401
340 374
340 400
340 402
340 403
340 436
342 404
343 396
344 408
344 419
344 439
344 444
345 356
345 391
345 392
345 442
345 443
346 379
346 435
346 444
347 443
348 416
349 395
350 389
350 405
351 366
351 378
352 362
352 373
352 410
353 387
353 453
354 358
354 378
354 393
354 402
354 421
355 363
355 403
355 439
356 370
356 407
356 410
356 455
357 386
357 388
357 424
358 366
358 440
358 445
360 366
360 384
360 403
361 402
361 403
361 454
362 429
362 451
364 402
364 443
365 370
366 415
368 372
368 379
368 434
369 420
369 421
369 433
369 451
369 467
370 426
370 445
370 456
370 458
371 445
371 453
372 373
373 453
376 405
376 408
376 434
376 449
376 453
377 424
377 427
377 453
378 405
378 459
379 399
379 401
379 475
380 441
381 416
381 419
381 436
383 440
383 472
384 434
384 447
384 476
385 415
385 441
386 393
386 396
386 447
386 455
386 477
387 393
387 410
387 430
388 469
391 432
391 469
391 480
391 485
392 393
392 406
392 420
392 422
392 480
393 414
393 441
395 461
396 422
396 439
396 454
396 466
396 492
397 406
399 444
400 481
400 492
401 429
401 494
402 488
403 440
403 496
404 410
404 415
404 419
404 435
404 491
404 498
405 433
406 418
406 435
406 455
406 470
406 481
406 485
407 450
408 464
409 432
411 489
412 415
412 442
412 481
412 490
414 428
414 463
415 424
415 463
415 469
416 461
417 428
417 429
418 434
418 480
418 499
419 427
419 468
419 515
420 455
420 489
421 481
421 509
422 428
422 467
423 495
423 501
424 464
424 472
424 495
424 505
425 503
426 439
426 446
426 463
426 473
426 482
426 483
426 498
428 470
429 438
429 448
429 459
429 496
429 514
430 468
430 472
430 479
431 506
432 445
432 460
432 477
432 509
433 491
433 506
433 527
434 480
434 526
435 474
435 535
436 493
436 514
437 479
437 485
438 506
438 513
438 518
439 494
439 512
439 516
440 454
440 466
440 503
440 515
440 516
440 524
440 528
443 447
443 502
443 506
443 510
443 523
443 539
443 542
444 520
444 521
444 537
445 466
445 486
446 458
446 486
447 531
447 532
448 505
448 507
448 530
448 534
449 455
449 486
449 495
449 547
451 458
451 535
452 454
452 471
452 550
453 457
454 527
455 468
456 510
457 464
457 501
457 524
458 461
458 526
458 535
460 512
461 479
461 522
461 549
462 474
462 537
462 559
463 465
463 490
463 491
463 543
464 495
464 545
465 484
465 494
465 512
465 550
466 525
466 536
466 563
467 474
467 504
467 508
467 516
467 567
468 484
468 534
468 537
468 568
470 522
470 535
470 543
471 492
471 535
471 549
472 505
472 509
473 543
474 545
475 510
475 535
476 529
476 553
477 488
478 480
478 495
478 504
478 529
478 551
478 575
478 577
481 508
481 559
482 516
482 518
482 539
483 526
483 529
484 538
485 563
486 536
487 563
487 571
488 577
489 508
489 540
489 588
490 493
490 494
490 496
490 529
490 556
491 495
491 523
491 551
491 566
491 578
492 518
492 530
492 538
493 545
494 534
494 549
496 506
496 519
496 572
496 577
496 593
497 509
497 534
497 535
497 542
497 549
497 590
498 514
498 544
499 597
500 510
501 548
502 533
502 568
502 597
503 513
503 561
504 508
504 570
504 588
504 603
505 509
505 529
505 589
505 603
506 521
506 542
507 522
507 532
507 580
508 571
508 601
509 527
509 583
509 591
509 593
510 571
510 581
510 597
511 548
511 552
512 524
512 532
512 559
513 554
514 559
515 605
515 607
517 580
519 538
519 580
519 599
520 543
520 568
520 610
521 525
521 528
521 537
521 579
522 531
522 543
522 602
522 609
523 574
523 621
524 527
524 542
524 546
525 543
525 555
525 583
525 593
525 618
526 625
527 587
527 600
527 608
528 560
529 535
529 544
529 609
530 566
530 615
531 587
531 620
532 535
532 554
532 626
533 547
533 568
533 586
533 592
534 542
534 585
534 620
534 629
535 583
535 620
536 541
536 563
536 572
536 597
537 602
537 621
539 565
539 580
539 637
540 632
540 633
541 588
541 619
541 641
542 568
543 639
544 578
545 552
545 636
546 557
546 558
546 584
546 634
547 574
547 609
548 564
550 569
550 633
550 638
551 607
551 633
551 646
552 588
552 615
552 619
553 623
553 633
553 641
554 646
554 651
555 597
555 598
556 562
556 568
556 639
557 584
558 580
559 645
560 571
560 588
560 622
562 608
562 661
563 612
564 591
564 623
566 569
566 597
566 619
567 572
567 575
567 595
567 608
567 614
567 636
568 603
568 661
570 575
570 625
570 645
570 646
570 664
572 653
573 581
573 592
573 670
574 602
575 599
576 605
576 626
576 670
577 645
577 655
577 665
577 676
578 677
579 597
579 633
580 610
580 670
581 635
581 663
581 667
584 623
584 628
584 636
585 592
585 608
585 653
585 665
585 677
587 602
587 649
587 674
589 629
589 637
589 680
590 633
590 664
590 679
591 620
591 649
591 674
591 687
591 688
593 596
593 645
593 664
594 655
595 618
595 638
596 655
596 678
597 670
597 671
598 614
599 611
599 625
599 632
600 612
600 696
601 605
601 645
601 688
601 698
602 608
602 610
602 613
603 653
603 664
603 671
603 677
604 611
604 615
604 621
604 663
604 678
605 612
605 666
606 637
606 642
606 684
608 655
608 687
608 688
608 695
608 702
609 654
610 613
610 654
610 702
611 623
611 705
612 632
612 664
612 676
612 710
613 665
613 677
613 694
614 631
615 715
616 631
616 680
617 631
617 659
618 651
618 652
618 659
618 687
618 697
619 659
619 673
619 691
619 699
619 708
620 695
620 711
621 624
621 672
621 680
623 652
623 674
624 655
624 712
625 689
626 707
627 649
627 712
628 651
628 667
628 687
628 692
629 664
629 678
630 657
630 669
631 681
632 661
632 699
633 654
633 668
633 686
633 723
634 684
635 659
635 674
636 653
636 691
636 710
636 726
637 682
637 726
638 662
638 663
639 651
639 656
639 657
639 660
639 691
639 712
639 718
640 679
640 703
640 706
640 708
640 712
641 659
641 665
641 675
641 698
641 722
641 728
642 645
642 647
642 723
643 671
643 705
643 728
643 730
644 661
644 698
644 699
644 723
645 698
646 653
646 677
646 703
646 736
647 654
647 681
647 698
647 718
649 695
650 657
650 658
650 706
650 750
651 658
651 670
651 673
651 685
651 716
651 743
651 751
652 662
652 704
652 718
652 721
653 710
655 660
655 730
656 658
657 703
658 708
658 757
659 660
659 683
660 663
660 742
661 720
661 727
661 761
662 695
662 723
662 734
662 758
663 734
664 688
664 748
664 754
665 765
666 670
666 700
666 712
666 725
666 731
666 747
667 704
667 754
668 674
668 732
668 734
668 756
669 694
669 741
670 709
670 750
671 679
671 730
671 759
672 752
672 759
672 767
673 686
673 712
674 765
674 767
676 765
677 768
678 711
678 766
678 771
678 773
679 730
679 741
679 759
680 695
680 737
680 767
681 727
681 759
682 769
682 773
683 695
683 734
683 745
683 759
684 691
684 711
684 747
684 773
684 778
684 784
685 700
685 732
685 777
685 785
686 726
686 739
687 689
688 733
690 700
690 717
691 717
691 724
691 759
691 760
692 717
692 739
692 749
693 730
694 726
694 767
695 707
695 772
696 712
697 701
697 713
698 702
698 749
698 759
699 780
700 784
701 705
701 765
701 766
702 735
702 769
703 746
703 772
706 741
706 771
707 720
707 722
707 727
707 794
708 738
708 763
708 774
709 712
709 735
709 778
709 781
709 789
710 712
711 799
712 718
712 720
712 791
712 793
712 798
712 809
713 755
713 778
713 791
713 795
714 733
714 753
714 800
714 812
715 751
715 752
715 784
715 795
715 796
716 738
716 777
717 719
720 764
720 810
722 732
722 748
722 778
722 819
723 822
724 729
724 742
724 753
724 805
724 807
724 809
725 726
725 797
726 744
726 755
727 728
727 800
727 824
728 772
728 828
729 786
729 815
730 779
730 805
730 813
730 829
731 773
731 778
731 789
732 768
732 771
732 790
732 795
732 829
733 737
734 790
734 791
734 795
734 808
735 739
735 773
735 782
736 789
737 782
737 795
737 832
737 837
738 777
738 779
738 802
739 746
739 759
739 763
739 773
739 803
739 806
739 839
740 799
741 811
742 789
742 790
742 834
743 783
743 790
743 843
744 798
745 810
745 821
745 840
746 758
746 777
746 843
748 837
749 800
749 820
750 787
751 783
751 792
751 807
751 850
752 758
752 774
752 786
752 824
752 844
753 774
753 821
753 851
754 761
754 785
754 849
755 781
755 784
755 839
756 795
756 808
756 834
756 846
757 801
757 813
757 837
757 838
757 848
758 851
759 800
759 814
759 815
759 859
760 771
760 841
761 798
761 853
762 779
762 796
763 783
763 812
763 824
764 789
764 800
765 789
765 801
765 804
765 839
767 841
767 846
768 780
768 791
768 795
768 808
769 798
770 824
770 849
770 852
771 850
772 801
772 859
772 860
772 868
773 777
773 794
773 801
773 841
774 868
775 794
775 802
775 803
775 869
776 864
777 812
777 850
777 865
778 808
779 791
780 823
782 783
782 824
782 829
783 810
783 815
783 816
783 818
783 831
783 877
784 793
784 800
784 828
784 846
785 799
785 800
785 804
785 824
785 857
786 796
786 869
787 832
787 859
788 803
788 853
788 874
789 827
789 852
790 810
790 875
790 878
791 842
792 816
792 831
792 853
793 857
793 888
794 806
794 822
794 823
794 843
794 870
795 878
796 827
797 825
797 837
797 865
799 866
799 868
799 874
799 878
800 809
800 823
801 826
801 875
801 900
802 822
802 840
802 850
802 863
802 868
802 899
804 847
804 854
804 859
805 878
805 898
805 903
806 837
806 870
807 815
807 833
808 826
808 905
809 814
809 815
809 878
809 906
810 880
811 839
811 863
811 868
812 868
813 851
814 820
814 881
814 910
815 865
815 915
816 846
816 870
817 826
817 832
817 844
817 845
817 874
818 822
818 825
818 887
819 881
819 915
820 823
820 852
820 860
820 869
821 834
821 856
821 893
821 896
822 826
822 877
823 848
823 854
823 909
823 918
824 849
824 868
824 869
825 904
826 847
827 852
827 855
827 858
827 920
828 856
828 924
829 882
829 908
830 833
830 895
830 898
831 930
832 842
832 882
832 894
832 924
833 912
833 928
836 847
837 872
838 863
838 924
839 883
839 930
840 841
841 925
842 906
842 915
842 935
844 943
845 865
845 937
846 864
846 884
846 924
846 926
847 871
847 913
847 937
848 882
848 900
848 906
848 931
848 940
849 859
849 893
849 915
849 920
850 854
850 872
850 900
851 880
851 882
851 909
851 940
852 917
853 951
854 864
855 861
856 860
856 896
856 900
856 936
856 939
856 941
856 951
857 915
857 937
857 939
858 945
859 876
859 929
860 949
861 867
861 872
861 889
861 905
861 943
861 952
862 873
862 880
862 913
862 921
862 950
863 864
863 878
863 888
863 908
863 954
863 957
864 898
864 930
864 932
864 959
866 879
866 932
867 874
867 875
867 906
867 927
867 956
867 964
868 952
868 955
869 894
869 943
870 934
871 917
871 933
872 920
872 971
873 902
873 905
873 959
874 955
875 916
876 880
876 888
876 921
876 964
877 902
877 924
877 947
878 895
878 913
878 945
878 975
878 976
879 882
879 959
879 962
881 965
881 971
882 885
882 899
882 930
885 892
885 916
885 929
885 930
885 980
885 981
887 892
888 913
888 916
889 896
889 899
890 896
890 975
890 984
891 895
891 910
891 978
892 907
892 948
893 923
893 980
893 988
894 898
894 933
895 979
896 958
896 965
897 925
898 940
898 995
899 957
899 970
900 933
900 960
900 980
901 906
901 911
901 975
902 914
902 927
902 942
903 914
903 969
903 983
904 940
904 947
904 964
904 966
904 992
905 956
906 977
906 986
907 935
908 919
908 945
909 943
909 986
910 937
910 955
911 939
911 958
911 983
912 914
912 942
913 926
913 930
913 959
913 964
913 986
914 974
914 987
915 974
915 993
916 917
916 948
917 980
917 992
918 923
918 1000
919 970
920 942
921 983
922 927
922 998
923 951
924 974
925 955
927 958
927 982
928 955
929 993
930 953
931 947
931 966
932 952
932 979
933 991
934 951
936 947
936 977
937 980
938 980
941 965
943 973
945 955
945 970
947 960
948 962
949 959
949 998
950 954
952 971
952 974
952 988
952 990
957 975
960 982
961 987
961 994
963 968
964 968
965 995
967 993
968 971
968 996
977 979
980 1000
983 996
984 985
985 995
992 997
15 6 5 11 14 20 24 11 24 6 20
2 9 5 3 7 13 3 8 3 1 4
7 12 14 17 10 2 26 37 4 2 14
5 11 25 6 15 4 14 41 6 4 0
3 33 11 8 27 11 5 13 7 14 29
3 12 11 7 6 5 2 6 2 2 8
8 2 2 9 14 13 19 35 6 14 19
1 6 4 7 4 6 18 0 4 5 13
0 3 16 7 8 8 8 6 2 2 8
20 1 23 26 32 0 15 2 15 12 12
29 25 13 4 0 3 17 13 5 8 17
34 22 24 25 10 5 1 4 3 2 24
0 3 2 20 2 9 9 5 7 2 7
8 1 20 11 16 12 0 5 28 13 30
2 1 14 8 8 11 3 20 7 10 6
25 11 31 19 9 23 15 4 13 17 11
20 9 1 8 2 15 12 4 7 21 11
5 7 14 7 1 9 7 3 2 8 8
17 12 8 14 7 13 13 5 4 8 13
3 1 10 9 12 5 2 10 9 11 15
3 45 15 25 17 38 8 29 34 8 17 22 37 20 33 7 14 33 8 23
3 14 12 16 6 16 6 16 13 16 21 10 6 7 8 1 8 13 1 13
3 26 29 25 11 33 19 33 31 23 22 35 30 11 17 9 20 23 18 21
3 14 4 1 3 11 7 10 4 9 3 12 8 10 7 1 8 7 1 9
30 58 29 35 14 44 35 61 51 25 30 24 62 21 37 9 37 45 31 33
3 11 9 14 1 9 10 18 11 20 17 10 19 11 10 1 9 9 1 16
1 19 11 16 1 19 3 16 14 14 24 13 15 9 12 3 12 16 5 12
20 68 20 36 47 66 24 53 63 33 41 52 48 48 44 25 48 60 40 51
11 56 18 27 22 52 21 50 53 25 31 39 57 33 45 21 37 55 29 38
1 11 7 7 6 13 1 18 15 13 6 8 14 5 7 5 7 15 5 7
24 51 25 27 27 58 5 50 52 45 41 58 57 44 32 21 31 51 33 46
1 11 7 6 1 10 5 6 8 6 8 10 9 7 4 1 8 9 4 5
2 40 25 27 25 41 27 38 42 16 26 29 45 18 38 9 25 37 20 34
19 59 32 44 37 59 43 63 59 43 44 50 50 36 47 24 47 54 36 54
12 45 18 28 4 38 14 40 42 19 26 25 49 21 37 17 28 37 17 24
7 50 22 32 22 51 14 43 43 23 32 41 52 30 41 20 36 47 23 40
14 23 17 20 5 19 20 25 21 21 17 15 26 12 12 1 15 10 6 19
12 31 8 19 5 17 16 27 23 12 7 13 32 13 17 3 13 11 6 15
11 38 18 20 14 31 28 38 34 16 33 21 36 18 29 5 32 33 17 23
29 46 36 30 4 44 30 49 45 33 26 30 55 32 41 21 36 38 26 40
21 65 31 40 19 59 32 62 52 29 44 35 60 22 39 18 52 51 34 33
7 28 8 8 8 19 11 17 13 7 11 14 23 10 11 1 15 11 6 15
7 8 2 5 1 1 14 15 5 13 3 2 16 7 5 2 13 4 5 7
1 16 14 13 11 16 18 19 19 9 13 16 17 3 15 5 15 17 14 13
20 65 28 36 35 53 31 50 43 19 26 16 63 27 51 12 41 49 26 46
13 38 22 23 16 37 13 41 43 31 20 27 39 26 21 15 18 33 17 27
6 19 10 18 2 14 1 13 17 4 8 11 19 3 8 1 3 10 4 2
4 18 7 8 11 17 10 16 16 9 5 11 19 14 17 1 8 9 1 17
6 28 10 14 1 21 9 26 20 12 16 12 33 3 16 12 28 27 14 4
10 53 20 34 28 49 16 39 50 25 26 37 51 37 43 8 18 44 19 42
1 16 2 9 10 13 7 15 11 5 1 6 14 13 16 1 3 9 1 16
3 29 16 15 9 24 13 19 21 10 17 23 22 13 15 1 13 18 7 14
6 17 6 9 7 15 9 23 17 13 6 12 25 10 9 7 17 16 7 9
40 64 30 37 32 51 41 57 42 20 46 26 54 29 41 5 50 46 35 39
4 12 3 5 2 4 10 13 7 9 6 1 17 3 7 1 9 2 1 9
12 33 16 25 18 30 23 32 35 14 30 15 25 20 25 1 24 28 13 22
11 39 25 27 26 44 25 46 45 38 18 36 51 42 38 11 22 39 13 47
23 54 36 32 16 53 29 60 44 27 43 40 62 22 33 22 47 47 37 36
11 25 14 18 13 23 16 22 13 20 15 22 23 18 17 1 16 14 8 26
1 24 10 16 10 19 3 19 17 2 1 11 18 11 13 1 1 9 1 13
5 23 11 11 1 14 12 26 15 9 13 14 26 4 4 1 20 17 10 2
4 28 18 19 8 29 9 28 24 18 26 25 23 14 13 8 20 28 15 11
7 23 15 15 8 24 8 29 25 14 11 20 33 15 16 6 14 21 9 15
6 18 15 9 1 17 13 17 23 13 8 17 20 12 13 1 6 12 6 12
1 10 4 6 1 7 1 16 8 9 12 5 15 4 7 5 12 14 6 2
1 19 6 14 1 11 5 11 17 7 6 7 14 4 8 1 2 7 1 4
4 62 46 49 35 61 32 64 58 28 48 42 56 17 46 24 41 59 34 41
7 29 5 18 7 14 18 29 26 13 8 4 32 16 23 1 13 24 1 18
15 63 18 38 31 57 27 57 57 43 29 43 68 47 47 18 41 56 24 54
1 47 23 29 29 48 22 39 43 18 31 36 49 25 41 8 32 42 22 40
16 29 24 20 7 30 19 36 34 27 22 28 37 21 22 4 16 24 9 27
16 49 34 53 11 49 21 43 53 31 36 23 38 14 38 12 24 40 21 31
6 36 32 25 17 41 14 38 35 16 31 27 43 16 28 10 21 31 12 30
7 16 19 19 3 22 19 31 29 30 14 21 27 19 19 6 16 23 11 23
1 13 1 7 5 10 1 6 8 1 1 6 11 6 9 1 2 3 1 9
15 37 14 20 8 23 26 25 26 16 15 20 30 23 24 5 21 22 12 22
33 50 37 25 18 44 35 49 42 25 37 32 50 22 31 1 28 32 29 37
22 41 15 29 17 32 32 41 38 20 24 4 36 32 38 7 32 34 12 37
18 58 33 38 16 58 22 61 63 35 40 45 65 28 42 29 43 58 37 39
13 37 29 34 13 32 30 43 40 37 26 30 46 25 30 2 25 33 17 30
6 21 10 16 6 26 6 27 23 30 18 26 27 24 14 13 20 25 13 22
6 9 6 6 1 3 13 10 8 15 9 4 16 10 8 1 9 5 1 9
16 24 18 20 8 20 12 27 31 20 11 15 31 14 23 1 5 16 9 21
21 43 26 31 10 35 29 46 45 22 10 22 47 26 32 10 22 34 18 29
19 39 22 17 7 36 16 45 34 19 26 33 49 19 25 16 32 32 26 20
6 46 29 30 24 47 24 45 48 21 28 30 47 30 46 7 23 46 17 45
6 8 1 4 3 6 13 8 7 10 5 7 14 16 13 1 9 6 1 14
1 12 8 7 3 12 7 13 11 9 8 10 10 7 8 1 6 7 4 8
7 50 24 29 31 51 16 37 47 13 29 45 47 25 39 11 27 43 27 36
9 37 15 24 4 26 16 31 25 13 14 16 38 3 15 6 27 26 16 7
1 13 7 9 5 11 4 2 7 8 3 12 8 12 9 1 4 3 1 10
5 22 5 9 8 16 8 27 18 16 6 11 25 15 9 9 16 17 8 13
1 21 17 15 9 25 11 22 15 9 21 23 19 7 12 1 17 20 9 15
14 46 20 32 12 37 24 43 41 19 17 19 53 14 33 9 30 34 19 24
1 13 5 8 4 10 5 12 13 6 4 7 17 6 8 1 5 4 1 8
14 41 28 37 7 37 23 42 45 36 23 27 39 23 28 14 25 37 20 27
3 37 14 26 6 31 11 31 36 25 14 19 38 15 21 11 19 29 12 16
15 43 31 31 9 41 22 44 35 18 40 31 43 12 21 9 32 33 22 26
1 7 4 4 1 7 4 13 10 8 6 9 9 5 2 4 8 12 6 1
5 28 11 12 5 31 1 30 26 8 14 25 31 11 13 5 15 26 13 10
5 20 9 11 6 15 6 14 12 6 8 17 15 11 9 4 8 7 1 9
13 64 42 57 43 63 23 50 58 32 33 46 56 44 53 8 17 50 22 55
1 4 1 3 1 2 1 7 5 2 1 3 6 1 1 1 2 2 1 1
17 52 27 38 20 43 35 50 52 22 33 16 48 26 42 9 36 46 20 35
15 52 43 39 24 59 28 64 56 39 41 51 64 31 37 7 35 51 33 41
15 69 34 39 36 66 22 62 58 30 38 54 65 36 36 19 41 57 31 46
4 38 7 26 19 31 11 28 29 10 20 13 17 21 29 1 13 31 6 24
17 55 51 56 32 56 26 57 56 32 45 43 50 23 39 7 13 49 27 40
8 44 32 44 14 49 7 50 47 36 30 35 54 19 30 11 26 45 24 27
1 11 10 6 1 12 5 12 11 11 10 14 10 8 4 5 9 14 7 5
19 70 34 35 38 57 35 53 50 10 29 34 64 26 46 1 35 48 27 44
9 30 9 13 7 21 14 23 25 18 19 15 29 22 28 7 18 25 10 21
4 11 13 12 1 13 7 10 16 14 6 13 14 10 7 1 4 5 3 9
1 7 1 2 2 5 4 8 5 3 5 4 12 5 5 1 8 4 1 5
19 40 28 37 9 41 28 53 47 46 23 22 53 36 36 21 34 46 21 41
1 4 6 6 1 5 1 7 7 10 5 5 8 2 2 1 1 3 1 3
5 7 1 3 1 1 12 10 13 13 1 1 17 11 12 1 6 4 1 11
1 9 1 1 1 5 6 2 6 8 2 6 7 13 10 1 1 1 1 11
4 20 7 12 5 17 8 9 16 7 13 12 12 11 11 1 9 11 1 11
1 2 1 1 1 1 1 1 2 1 2 2 5 5 3 1 1 1 1 3
1 7 1 1 1 1 4 6 2 1 1 1 9 1 1 1 5 1 1 1
26 70 21 39 37 55 42 63 59 21 31 25 59 49 60 12 45 61 24 54
36 61 41 43 24 57 44 66 60 45 29 27 73 35 49 20 46 53 34 51
19 35 26 23 9 34 22 39 37 28 19 36 40 25 22 10 21 28 24 21
17 50 35 36 20 45 23 46 46 16 45 33 46 11 32 9 30 42 29 23
13 33 17 17 10 26 22 35 27 12 18 24 38 14 17 5 25 22 16 17
13 43 28 37 6 39 25 41 42 38 25 21 47 23 40 19 34 43 23 32
21 47 37 41 20 45 23 52 40 22 32 34 51 11 25 4 24 35 23 29
26 67 43 53 30 67 29 57 68 39 37 49 68 43 59 13 28 60 32 56
29 48 36 34 5 41 26 50 35 11 45 34 48 15 26 20 40 37 31 25
1 7 2 7 5 6 1 16 9 9 5 3 14 6 8 2 6 12 1 7
1 12 1 6 1 7 1 2 4 1 1 6 5 5 7 1 1 1 1 4
4 25 11 16 7 23 11 28 20 19 18 16 32 14 20 1 14 16 2 23
1 12 7 11 6 7 6 14 10 12 9 6 15 6 8 4 10 9 1 7
14 63 40 52 42 68 26 57 62 23 39 47 50 37 48 7 27 58 22 50
1 12 7 9 2 10 5 13 12 7 5 12 10 6 4 3 7 10 6 3
9 34 26 30 7 31 17 38 34 22 29 28 40 11 20 4 21 29 17 17
33 58 39 32 25 48 44 55 48 22 41 34 63 21 40 5 39 45 39 40
28 49 46 47 24 47 39 53 50 38 40 45 55 27 35 6 23 38 34 40
4 19 1 11 3 5 7 16 8 3 4 1 20 1 9 1 10 7 1 5
9 28 12 17 2 19 5 14 23 13 12 17 24 15 20 1 1 12 3 17
33 54 32 27 18 48 45 56 45 37 24 30 60 39 43 18 48 49 35 47
12 55 26 33 11 49 14 39 46 12 28 32 47 21 42 20 27 41 23 29
1 19 5 11 10 15 1 12 12 2 1 7 11 10 14 1 1 8 1 13
1 19 17 8 5 21 10 24 20 11 24 17 24 7 14 7 21 23 15 9
3 21 4 6 1 12 6 20 13 1 9 6 25 1 5 1 17 11 6 1
11 18 1 9 6 7 20 21 16 12 9 1 21 11 15 1 15 8 5 14
5 26 11 16 2 22 3 17 19 5 19 16 21 8 9 3 13 18 8 6
6 15 7 8 1 10 5 18 13 4 4 9 20 2 5 1 7 6 1 3
2 20 13 12 12 24 10 18 21 20 14 26 16 22 20 4 8 20 9 22
2 19 5 7 8 17 5 19 12 7 9 15 22 12 12 3 14 14 3 12
1 24 11 19 16 21 12 27 19 9 11 11 27 19 20 6 14 23 5 20
20 48 27 47 16 47 15 42 43 27 38 34 38 22 31 11 21 41 19 26
1 35 26 33 17 35 18 35 35 27 29 32 30 11 29 9 15 28 17 30
1 5 1 3 2 4 8 10 11 8 4 1 14 7 9 1 6 6 1 8
14 33 15 19 4 26 11 30 29 21 14 28 31 18 10 13 19 24 19 12
3 8 5 6 1 7 9 13 15 13 5 7 11 9 9 2 4 10 4 8
20 66 45 56 26 61 41 59 64 44 36 41 70 29 58 23 44 54 33 54
1 1 6 7 1 7 1 9 7 9 6 4 5 1 2 1 1 1 1 7
23 37 24 24 9 34 22 33 37 27 13 24 41 28 33 4 13 24 12 35
5 16 8 12 1 8 9 8 8 8 4 9 18 7 6 1 7 1 1 6
1 7 3 4 1 6 2 9 8 3 1 5 11 2 2 1 3 1 1 2
1 3 2 3 1 3 2 7 7 7 5 3 7 5 4 1 4 7 1 3
1 17 2 10 1 11 1 9 12 2 9 2 19 1 11 1 9 12 2 1
4 13 5 5 4 9 13 17 20 11 6 6 16 9 15 1 6 12 5 12
2 16 8 9 4 17 10 19 21 14 9 19 19 17 14 5 10 18 10 12
11 32 19 15 10 30 17 30 29 18 19 28 35 20 21 1 15 23 8 22
1 8 6 6 1 5 4 12 5 8 5 5 8 1 1 1 5 3 1 1
4 17 2 7 5 11 11 22 14 13 3 7 22 12 11 4 13 10 5 11
15 38 20 30 17 32 29 44 35 25 13 12 46 22 30 4 19 30 10 33
4 23 11 19 4 14 7 18 14 13 12 9 23 2 11 2 11 10 1 8
5 38 13 24 23 37 5 27 31 26 10 33 32 32 29 15 19 29 16 33
1 9 9 5 1 9 1 6 11 3 5 8 6 1 1 1 1 6 3 1
6 52 39 45 29 54 24 51 49 37 35 45 51 35 38 10 26 46 23 40
13 35 17 15 6 27 17 40 28 12 27 22 38 11 18 17 33 32 23 13
18 60 33 48 20 54 35 60 65 45 22 28 62 30 54 34 43 59 39 47
12 37 20 19 10 36 8 28 28 10 23 32 33 18 23 4 15 30 17 19
1 6 14 15 2 13 7 12 14 17 14 13 10 7 6 1 4 10 4 12
23 48 31 42 3 43 27 49 49 50 21 22 57 36 43 31 41 47 29 36
8 12 4 3 3 11 12 14 17 15 8 10 17 20 17 3 10 16 4 18
1 52 32 39 26 59 19 50 53 35 39 48 55 29 47 18 37 56 31 39
11 38 20 28 17 31 26 39 42 14 12 9 38 24 30 1 12 32 3 29
8 32 13 25 15 29 16 32 29 24 22 22 30 24 27 6 19 24 5 28
1 1 1 1 1 3 5 9 6 14 1 5 8 10 5 5 7 6 4 5
6 25 16 10 13 24 19 22 24 14 19 22 28 18 22 1 19 21 11 20
1 5 3 3 1 6 5 10 8 6 9 4 12 5 5 1 10 11 3 4
3 20 2 3 6 15 7 11 10 2 10 13 19 13 11 1 13 13 1 11
1 18 14 16 11 20 10 18 20 6 9 8 19 12 17 1 4 18 2 16
11 58 38 38 30 58 24 53 52 28 37 54 50 21 36 17 32 45 29 37
4 31 15 8 8 32 8 26 29 5 20 24 29 15 25 9 16 26 14 21
13 41 15 10 17 36 22 37 32 11 20 24 44 19 28 7 28 27 19 27
1 10 2 6 1 6 2 5 4 6 9 4 3 6 5 1 4 4 1 5
1 5 3 3 4 4 1 10 7 6 8 2 11 4 6 1 6 7 1 5
34 62 24 37 12 48 43 52 48 22 34 24 53 39 52 24 50 52 31 45
4 12 9 7 5 15 10 15 13 19 9 17 16 17 11 7 13 13 7 13
10 21 9 16 4 13 19 26 24 19 12 6 30 15 21 3 17 21 6 16
4 9 13 10 1 12 1 10 10 10 11 12 12 5 1 1 5 7 1 5
1 6 5 9 1 5 10 9 7 15 6 7 10 12 9 4 8 6 1 10
17 51 19 39 24 51 15 55 48 38 36 32 51 28 29 23 40 51 21 35
18 35 19 29 3 22 21 28 34 27 6 7 36 23 30 11 15 20 10 25
21 49 20 20 18 37 30 48 37 13 32 17 48 13 29 7 36 33 24 27
22 50 36 38 16 45 40 51 52 32 36 24 50 24 40 18 42 48 29 36
1 17 4 11 2 11 5 16 11 9 18 4 15 4 8 2 16 16 3 4
15 55 28 38 18 53 18 48 49 22 39 37 45 27 43 16 29 44 19 38
1 25 16 21 8 27 2 27 21 14 24 19 19 5 13 1 8 22 4 16
1 25 8 11 14 25 1 10 22 8 3 19 17 17 20 1 2 15 2 21
4 7 11 10 1 10 12 14 13 17 11 9 12 8 8 1 7 8 5 11
18 67 51 53 32 73 22 61 65 35 53 64 66 31 53 17 31 64 39 45
1 4 1 1 1 4 1 9 7 8 1 5 8 3 1 2 3 4 1 1
16 42 21 18 8 33 13 38 28 13 26 32 43 16 21 13 30 30 21 17
18 63 17 17 36 59 21 58 52 29 34 47 65 38 38 24 53 57 42 46
2 7 4 2 1 6 8 7 11 8 4 5 7 8 7 1 2 7 3 7
25 53 43 41 15 54 30 63 60 41 42 41 60 30 41 20 35 54 36 40
4 20 11 15 6 17 4 19 20 6 5 14 16 5 8 3 5 11 5 7
1 12 11 17 2 11 4 9 13 15 10 8 13 6 11 1 1 5 1 11
16 41 41 39 18 51 16 49 47 38 36 53 43 28 26 12 21 42 32 32
14 46 23 26 16 44 29 53 47 23 44 34 46 23 32 25 49 52 35 31
1 11 1 3 3 10 1 10 5 4 9 5 12 8 10 1 8 8 1 8
1 19 13 11 9 18 8 15 21 6 11 13 20 1 10 1 10 15 8 7
7 33 36 40 14 38 15 36 37 29 29 37 33 14 23 3 14 31 21 22
11 25 4 7 10 24 6 25 23 28 11 26 25 27 10 17 22 21 17 20
29 66 29 39 26 56 38 70 58 19 35 29 67 35 41 21 48 54 32 42
1 6 1 5 5 6 5 8 10 8 7 4 13 9 10 1 6 7 1 10
8 37 27 22 11 40 14 37 32 8 30 38 34 14 25 15 28 37 26 20
24 59 26 36 24 58 25 50 52 29 31 46 43 38 34 9 35 45 30 43
2 7 7 4 1 8 6 13 5 10 14 5 13 3 2 1 12 10 2 5
1 13 5 6 3 11 1 14 14 7 1 8 12 1 4 2 2 8 2 3
2 2 2 1 1 2 7 7 8 11 9 1 13 9 7 1 7 8 1 7
1 6 3 1 1 3 1 8 5 5 1 3 9 1 1 1 3 1 1 1
1 11 7 7 1 10 1 13 11 11 9 9 10 2 1 2 5 8 1 1
26 56 34 25 26 50 34 53 44 15 31 23 61 25 40 3 31 39 24 41
1 9 10 10 3 10 3 14 11 9 11 9 7 1 4 1 5 11 5 3
21 51 45 45 18 56 29 62 58 42 34 36 65 38 50 13 28 52 26 51
3 12 2 3 5 12 6 15 7 6 10 9 16 10 9 1 14 13 3 8
2 13 3 3 1 10 8 13 8 9 6 12 15 11 7 1 12 11 2 8
3 42 24 33 26 44 17 34 40 21 37 35 37 23 38 4 22 38 16 38
2 7 4 4 1 2 6 8 5 7 5 1 11 2 4 1 7 2 1 3
8 30 7 18 16 29 13 34 32 16 21 17 21 20 20 10 22 32 15 20
19 41 13 17 25 40 17 47 38 35 18 30 45 37 25 21 30 34 22 38
1 9 2 2 1 5 5 6 10 10 8 3 8 8 7 1 3 7 1 6
4 18 3 12 3 10 10 14 12 7 13 8 16 11 11 1 13 12 3 9
1 10 8 8 3 8 4 10 11 12 7 8 11 6 6 3 6 8 1 5
1 12 5 9 3 4 5 9 7 10 8 3 9 5 6 1 5 4 1 5
1 7 7 11 1 5 1 6 5 9 9 6 6 6 1 1 4 5 1 5
6 26 11 18 1 24 1 22 25 18 9 22 27 14 9 10 14 23 11 7
6 15 12 11 4 13 8 17 21 11 6 8 24 6 13 1 3 7 2 11
4 19 7 7 1 14 12 24 18 8 22 8 25 7 16 8 22 20 9 11
1 1 1 1 1 1 1 8 1 1 4 1 6 1 1 1 8 8 1 1
6 46 28 38 14 47 17 43 45 29 22 30 50 20 38 13 27 40 18 30
4 11 5 3 4 6 7 11 9 5 3 3 15 2 5 1 8 2 1 4
17 20 10 8 10 15 25 25 15 12 13 7 25 10 13 1 21 15 16 17
1 11 16 14 3 17 7 19 16 13 19 14 20 2 6 1 10 15 3 9
1 4 1 1 1 7 1 16 8 11 9 4 16 7 6 3 12 12 4 4
18 46 30 17 17 44 27 46 33 15 41 27 46 13 29 6 36 34 27 33
9 20 7 7 1 17 12 30 27 18 6 17 34 16 10 4 17 20 7 11
6 34 21 24 18 37 15 38 31 20 9 25 37 24 21 6 15 27 7 29
20 54 34 47 21 49 24 59 48 32 44 35 55 20 34 6 31 45 24 33
11 41 14 19 5 29 14 32 25 14 10 12 37 5 17 10 28 23 20 12
2 9 5 4 3 9 5 10 10 5 4 7 10 5 5 1 6 5 3 5
1 10 7 9 1 9 7 4 12 8 5 8 9 8 8 1 1 7 4 8
5 44 29 34 14 39 18 37 37 10 41 27 32 4 27 9 29 36 21 20
1 7 1 3 3 5 4 10 9 7 7 1 17 3 9 1 7 8 1 8
5 20 18 16 6 21 6 21 26 12 7 12 23 8 15 1 1 11 3 15
16 32 7 16 5 22 24 43 32 28 17 8 43 23 26 16 35 33 17 22
1 8 5 9 1 8 8 7 9 6 7 8 9 9 6 1 8 9 5 7
3 18 9 11 1 10 7 14 9 8 13 9 15 3 1 1 10 7 2 4
19 48 26 48 20 43 32 45 52 39 28 20 46 30 45 12 28 39 14 41
8 17 5 5 1 15 15 27 20 19 19 12 28 18 17 10 24 26 11 14
5 17 10 8 1 12 10 19 11 6 22 9 22 7 12 8 21 16 10 9
15 58 37 32 25 55 22 50 51 19 47 46 47 21 42 12 29 50 31 34
9 71 27 55 42 65 24 41 60 17 31 37 48 38 54 9 25 53 18 46
19 63 27 38 27 50 35 52 54 20 18 40 61 25 47 11 31 43 26 41
14 54 26 36 26 48 30 48 37 15 41 33 38 16 29 6 39 38 24 32
1 20 15 14 8 19 14 15 21 11 11 19 17 12 14 1 10 13 11 13
24 48 27 36 18 43 21 45 37 16 32 26 37 12 22 1 23 27 18 30
1 25 9 8 16 25 8 21 22 6 9 22 21 13 20 1 11 22 8 18
13 52 25 35 21 46 23 49 35 22 37 27 50 17 33 1 30 32 17 34
4 30 9 9 13 29 3 20 28 10 12 22 33 20 25 1 10 21 7 22
8 38 27 35 9 40 7 43 37 21 35 33 35 9 16 5 20 35 17 16
5 14 1 6 5 15 5 17 15 20 6 18 18 24 11 11 14 16 10 17
7 12 9 8 1 14 6 17 18 13 8 16 22 13 9 3 8 14 6 9
27 52 24 28 20 44 29 58 53 27 15 31 60 34 28 13 28 43 25 36
1 12 2 7 2 7 1 3 5 2 1 8 5 8 7 1 1 1 1 6
15 53 24 28 13 46 12 35 43 10 32 37 46 23 38 10 22 38 21 29
7 52 27 34 24 47 16 43 44 14 26 37 43 22 33 5 21 42 18 28
9 36 27 40 11 38 11 31 32 19 35 29 33 12 21 1 16 30 10 21
1 13 7 7 7 12 7 15 15 7 10 9 13 6 10 1 8 13 7 7
4 17 6 8 7 15 9 9 17 12 3 14 13 18 17 1 4 9 4 17
12 49 32 40 19 48 21 50 47 33 34 37 58 28 43 5 25 42 17 38
11 54 27 41 23 54 16 42 55 38 30 39 59 36 51 13 27 48 19 44
3 7 1 1 1 1 10 9 7 4 2 1 18 4 6 1 9 1 1 5
1 7 1 2 1 5 1 5 3 1 9 4 10 4 1 1 7 6 1 2
2 18 6 10 5 12 10 14 19 10 13 5 21 7 12 1 11 12 1 10
1 13 6 9 6 12 5 14 14 6 8 9 16 6 7 1 9 12 4 7
7 16 11 10 5 12 10 19 12 12 14 10 16 5 6 1 12 9 6 8
12 33 19 21 5 30 19 36 28 21 27 21 40 14 25 9 27 26 17 24
6 47 28 38 15 48 23 53 50 32 24 30 59 20 33 15 35 47 23 32
6 24 3 6 9 26 6 32 28 25 12 18 32 26 20 10 19 30 12 24
1 13 10 7 4 17 1 23 14 21 16 17 19 13 7 9 15 16 8 12
21 51 33 37 1 45 22 46 50 19 38 36 55 23 38 24 34 46 30 25
16 51 20 39 16 47 14 31 50 31 18 31 54 35 48 13 24 42 18 40
12 32 9 16 11 22 26 30 24 11 16 18 35 19 26 1 25 25 14 23
4 54 27 38 18 49 16 35 43 25 20 36 45 19 39 15 31 39 23 31
1 17 6 5 10 17 3 7 12 8 5 19 16 16 13 1 10 13 2 14
9 29 11 13 8 25 4 23 22 19 11 28 25 21 9 13 17 19 13 14
13 24 7 12 1 13 15 19 20 7 3 11 29 10 12 1 10 8 5 11
25 69 33 31 36 68 17 62 64 29 32 49 67 47 44 26 34 63 35 49
7 31 26 30 14 36 7 36 32 27 26 32 34 19 19 8 12 28 11 25
8 49 12 34 19 45 18 45 46 16 30 16 36 24 44 11 31 47 20 28
11 53 42 50 20 57 24 42 55 37 34 41 49 22 49 20 26 44 27 44
32 67 24 42 27 59 29 64 63 31 38 37 54 44 45 19 42 59 33 46
26 40 21 35 19 31 37 42 42 28 29 11 28 32 36 15 34 41 23 33
4 11 4 7 6 10 8 8 5 8 9 10 12 13 10 1 12 10 1 11
1 21 6 6 10 17 6 13 16 7 10 8 20 15 18 1 5 13 1 18
1 5 1 2 1 4 1 7 4 4 1 3 7 4 4 1 2 1 1 4
1 3 3 6 1 1 3 4 2 6 8 1 8 3 2 1 8 6 1 2
7 28 23 21 9 27 11 21 27 10 20 27 25 12 18 1 11 20 14 15
17 35 10 16 8 22 24 37 28 22 18 10 48 15 28 11 33 27 16 20
1 9 4 9 7 7 7 12 11 7 3 1 14 6 11 1 5 6 1 10
4 16 9 9 6 11 15 21 16 11 11 9 20 4 11 1 15 14 8 8
1 10 2 2 1 7 7 12 11 8 9 3 17 5 5 1 7 10 1 5
18 55 31 29 19 54 20 57 55 26 39 46 59 27 34 18 34 51 37 32
19 70 39 54 40 60 42 61 66 24 39 34 53 36 58 9 32 58 24 53
1 3 1 1 1 2 4 5 1 1 4 2 7 3 1 1 8 4 1 1
20 42 15 28 6 36 21 39 46 38 8 20 48 35 35 25 30 41 22 31
13 40 10 23 10 28 19 17 32 21 1 19 38 31 34 7 20 23 8 29
1 7 6 7 1 6 1 4 8 7 4 6 7 6 4 1 3 3 1 4
1 11 4 7 1 9 3 15 7 7 15 7 14 5 6 6 15 15 7 3
1 17 7 9 5 12 2 6 8 8 6 12 9 10 9 1 3 2 1 10
19 66 37 49 20 57 30 53 63 39 24 32 59 32 56 24 32 53 29 45
26 44 23 14 27 37 40 58 40 20 27 12 61 29 40 11 42 43 27 40
24 44 33 24 22 48 26 59 42 30 34 30 60 20 24 7 38 41 30 35
1 11 7 14 1 10 1 5 8 8 5 8 6 6 7 1 1 7 3 5
1 4 8 8 1 10 6 16 12 20 13 10 17 9 6 4 12 13 3 9
5 13 4 1 5 14 10 17 15 12 14 11 22 18 20 5 14 16 7 16
13 25 14 14 11 28 18 33 31 34 19 30 30 29 17 16 25 30 22 26
4 21 20 23 11 28 10 33 29 34 21 27 27 20 16 11 17 27 17 23
1 13 1 6 3 12 3 11 7 4 15 8 12 8 7 3 12 13 5 6
17 34 14 25 7 27 17 31 34 16 23 20 24 20 23 2 14 29 9 22
25 56 43 39 33 55 41 57 51 27 34 38 59 26 42 1 29 39 28 50
9 41 25 28 21 40 19 40 32 16 27 26 40 19 26 4 22 33 13 30
5 38 14 23 19 35 13 30 31 2 19 16 24 18 24 1 13 27 3 23
20 37 33 25 26 38 38 48 37 24 40 25 50 14 31 5 36 35 28 38
11 49 11 21 16 41 14 35 31 17 18 25 49 20 32 17 41 40 25 24
9 62 34 40 41 55 33 49 50 27 27 47 54 30 45 19 38 47 32 46
30 57 38 27 18 49 42 58 45 18 43 35 62 25 43 18 50 45 40 40
8 28 13 17 7 30 11 30 31 27 22 26 24 22 12 10 20 27 13 20
25 63 21 43 29 50 26 38 51 23 28 36 51 36 49 9 25 39 20 40
25 46 34 21 17 42 23 52 35 14 41 23 54 3 24 8 36 32 27 28
9 49 31 37 22 48 17 37 44 16 20 38 44 22 35 1 13 32 13 35
15 41 10 11 18 38 14 36 30 25 21 35 44 32 23 20 41 39 27 28
1 4 6 8 1 4 5 10 6 16 5 6 7 9 6 6 6 7 5 6
3 6 1 1 1 5 6 12 4 3 8 2 13 1 1 1 13 10 2 1
20 36 22 17 15 30 24 28 21 13 23 15 36 13 21 1 27 19 17 25
1 11 2 3 8 11 2 7 8 4 5 9 12 10 11 1 5 7 1 11
12 28 14 20 1 21 13 26 22 15 12 18 34 10 11 5 20 21 12 7
2 17 16 12 11 17 20 25 20 16 21 18 25 9 16 7 23 25 15 14
19 36 16 12 10 27 18 35 22 3 25 12 35 1 9 1 27 23 18 10
14 38 11 25 11 24 22 31 32 14 20 12 34 15 24 1 22 23 7 17
19 45 28 22 15 43 19 49 34 22 32 30 52 16 30 3 25 30 19 35
4 16 6 10 1 8 4 11 9 1 1 7 13 1 1 1 5 3 1 1
1 22 19 26 6 20 8 21 18 19 23 19 24 10 12 1 10 14 4 15
1 7 1 1 1 3 1 2 1 1 1 4 3 5 3 1 1 1 1 3
30 40 37 37 20 46 19 45 40 44 36 49 42 36 26 26 25 39 34 35
1 4 5 6 2 7 3 5 1 8 6 8 3 7 4 1 4 1 1 7
9 36 23 28 15 38 19 37 33 20 36 28 28 18 23 7 28 34 17 22
4 25 6 15 8 22 3 21 14 24 18 23 18 23 13 11 18 22 10 19
8 16 4 6 3 11 18 23 20 13 9 9 25 15 17 1 15 16 4 15
15 50 28 26 21 44 24 41 36 17 28 41 46 18 28 4 28 32 25 32
1 6 3 3 1 6 5 9 4 8 3 8 7 8 4 4 8 6 3 5
6 38 20 24 17 36 22 45 43 24 27 26 45 20 27 11 30 40 21 24
11 46 16 24 5 34 15 30 28 6 26 22 36 9 23 11 30 30 17 13
7 25 16 21 9 25 10 30 29 29 11 21 31 18 16 12 15 18 11 22
8 28 6 16 5 21 15 22 14 4 13 9 29 4 13 1 24 20 13 8
4 30 19 23 6 28 11 29 19 11 26 23 25 5 8 1 18 19 7 13
8 49 14 29 24 38 23 31 43 23 19 30 39 30 43 7 25 37 15 34
1 6 1 2 1 3 1 5 5 3 4 1 4 1 1 1 1 1 1 1
12 24 15 21 6 20 11 21 27 14 15 16 22 13 17 1 7 14 8 15
1 28 10 22 13 25 5 19 19 18 17 24 22 18 21 1 13 20 2 23
10 34 26 33 24 36 25 43 36 20 42 25 30 14 25 1 28 35 17 27
22 76 33 50 31 62 29 49 60 28 35 44 65 30 53 13 38 51 35 43
1 21 8 16 4 19 1 25 17 13 23 9 17 2 11 4 15 20 5 8
16 50 33 40 19 42 24 48 45 23 35 38 41 14 25 13 25 40 30 20
14 39 33 38 25 45 25 47 45 33 44 34 30 30 29 8 28 42 23 34
1 28 15 14 16 26 13 22 26 8 13 21 21 13 23 3 10 17 12 21
1 2 1 2 1 1 1 2 2 4 1 1 1 2 1 1 1 1 1 1
18 48 15 24 21 39 26 37 34 21 19 19 54 25 40 4 30 32 13 38
23 47 33 36 21 39 33 49 41 25 23 22 54 24 34 1 18 28 14 42
23 62 41 47 26 57 25 58 56 29 37 39 64 31 43 20 28 55 31 32
6 26 15 16 9 27 7 31 32 15 8 20 33 17 15 8 11 26 11 15
5 42 18 24 23 35 14 31 30 9 17 18 37 25 34 6 15 31 8 28
1 21 15 26 1 23 2 20 19 24 16 14 22 7 15 11 17 24 9 13
1 45 4 28 20 39 6 25 35 19 19 21 38 23 39 13 28 39 14 27
1 6 8 5 1 6 1 8 8 11 7 7 9 4 3 1 3 6 1 3
1 13 3 15 2 8 1 10 11 10 3 2 12 2 11 5 5 9 2 2
1 10 8 7 1 10 4 6 10 10 5 10 8 10 8 1 1 5 1 8
20 68 29 43 24 61 16 53 56 33 30 44 71 32 50 25 43 56 37 36
1 8 1 1 1 5 2 1 6 3 2 6 6 9 6 1 1 1 1 7
15 34 27 18 9 38 19 39 35 22 30 32 43 22 30 13 26 28 16 31
1 37 18 27 12 33 9 29 31 12 10 19 35 16 23 5 13 28 5 16
3 38 30 37 25 43 15 37 37 24 17 31 41 29 33 3 10 32 6 36
13 57 33 45 19 52 20 40 49 19 19 21 49 19 45 18 23 45 19 36
13 39 26 26 23 33 30 45 28 21 30 26 39 6 21 13 35 30 29 25
14 49 16 29 23 40 24 41 37 30 25 29 54 30 39 2 29 36 13 43
8 18 9 12 1 10 9 15 10 9 7 11 17 6 3 3 12 7 3 4
17 53 22 32 30 43 33 42 41 1 31 21 33 21 35 5 33 34 22 33
17 55 32 33 22 63 12 54 52 30 47 51 44 33 35 13 32 56 29 39
1 11 5 9 1 5 1 4 7 6 4 6 7 6 5 1 1 1 1 4
3 9 7 6 1 10 1 5 8 2 4 10 9 5 2 1 2 4 1 3
18 53 24 24 27 45 32 50 41 17 21 27 56 27 38 4 30 39 20 37
1 6 6 2 1 7 2 7 8 7 8 7 7 5 2 1 3 9 2 3
20 25 19 16 6 20 18 28 16 18 15 19 30 11 11 1 14 13 16 16
8 42 18 31 25 42 19 40 42 31 22 28 36 37 37 11 17 39 10 42
3 39 12 13 19 38 12 36 39 19 12 23 37 32 28 7 15 37 8 31
4 9 5 8 1 7 8 13 8 10 5 8 9 7 4 3 9 9 4 5
1 10 2 1 4 10 4 9 11 12 2 9 9 13 13 1 1 5 1 13
5 55 32 37 37 50 28 37 49 9 16 34 44 29 45 6 16 38 18 42
21 63 37 33 34 60 33 61 47 19 40 31 62 24 47 10 43 54 32 45
10 40 23 26 8 41 17 39 34 20 34 33 35 21 26 13 31 34 15 27
1 5 5 3 1 4 1 2 2 7 4 5 2 5 2 1 1 1 1 4
4 18 9 11 6 18 9 17 16 22 15 18 21 21 18 1 10 18 1 24
3 19 13 21 11 20 15 27 21 22 10 13 28 21 23 4 11 17 3 25
13 71 37 58 37 68 31 49 68 36 45 48 59 34 61 20 43 60 30 54
23 49 33 28 28 53 30 59 40 27 42 39 59 28 42 18 44 47 33 48
24 55 33 33 10 41 34 54 49 23 25 20 60 27 39 15 34 41 22 36
23 39 23 30 5 30 23 39 40 29 20 27 48 22 27 8 19 34 19 19
10 20 21 18 4 23 4 23 19 18 16 25 21 11 12 2 5 12 9 15
12 35 21 20 9 39 16 47 41 34 37 34 42 25 24 21 34 42 27 28
2 28 25 27 13 32 8 27 28 11 10 19 24 13 16 1 1 17 1 22
14 46 31 34 30 46 35 47 49 39 17 28 53 47 51 6 24 42 15 57
1 21 7 10 6 17 3 15 18 4 9 11 13 7 10 1 4 10 3 9
1 33 13 20 14 28 8 25 22 4 20 14 23 10 20 1 12 25 7 16
31 68 40 38 17 57 30 61 47 17 46 48 62 24 40 18 41 48 41 36
27 51 30 21 27 38 42 51 45 17 24 18 56 21 36 3 33 35 24 37
3 24 1 19 7 18 5 24 19 8 23 2 15 7 16 2 18 25 6 7
1 2 3 3 1 4 6 2 5 10 6 4 7 10 7 1 5 5 1 8
4 38 26 28 19 35 26 39 28 21 31 32 36 10 26 8 30 30 21 29
34 63 32 48 26 56 38 68 67 39 30 28 65 47 47 22 41 61 28 49
11 55 19 39 19 47 28 49 53 26 29 26 50 26 46 16 37 51 23 34
10 37 21 25 9 39 6 40 33 22 23 34 36 14 15 6 18 28 12 21
12 29 19 29 1 22 11 26 25 22 17 20 31 11 16 3 10 15 8 13
1 11 10 12 1 11 1 14 8 9 18 7 14 2 6 4 11 12 6 4
22 34 34 35 18 35 19 39 35 27 27 29 39 17 25 9 11 24 18 28
1 10 3 5 1 14 2 20 13 12 12 12 16 11 5 8 16 21 11 4
29 72 28 40 28 58 41 71 62 25 28 29 71 41 50 17 44 57 27 47
1 7 1 7 1 1 1 7 6 6 10 1 9 5 5 1 7 7 1 4
22 61 24 43 21 46 30 57 49 22 28 17 63 20 42 13 38 44 22 31
1 8 6 6 1 9 4 15 9 9 11 11 9 7 1 6 11 17 8 1
10 40 17 25 12 37 9 42 38 32 29 27 47 21 21 19 30 34 20 24
11 32 15 16 8 32 19 42 33 34 25 29 39 28 23 11 28 34 16 29
17 32 17 25 7 23 13 30 33 22 17 22 32 19 23 5 5 22 13 19
11 54 30 47 28 57 21 42 53 42 38 48 59 41 51 11 32 51 26 46
1 12 1 6 5 8 2 8 11 4 9 1 6 1 7 1 4 7 1 5
3 10 4 5 3 5 6 12 8 6 3 5 12 4 5 3 8 4 1 4
19 52 39 28 24 55 31 60 42 24 44 43 57 17 29 17 50 47 40 35
1 3 3 1 1 1 5 4 7 11 3 1 8 7 6 1 1 2 1 6
5 32 9 18 10 28 14 37 32 23 19 16 39 24 27 12 24 33 13 22
15 21 13 7 8 17 17 24 12 12 11 12 26 7 6 4 22 13 13 11
1 20 8 14 5 15 7 14 16 8 12 9 11 7 9 1 8 9 1 8
28 50 28 41 13 40 32 54 51 30 16 20 65 32 42 16 31 45 21 34
20 47 30 37 18 44 14 45 41 27 35 36 45 22 27 14 21 40 25 24
8 13 1 5 2 7 15 24 17 14 1 4 25 10 12 2 14 13 5 12
30 56 43 29 25 51 40 59 47 22 50 33 60 18 34 7 45 42 39 35
3 51 18 16 26 50 12 42 46 20 22 34 48 35 33 13 28 49 21 33
9 33 36 32 18 36 28 34 37 29 35 36 38 20 25 4 22 29 19 30
22 52 25 17 18 48 28 50 41 28 29 41 56 32 33 12 41 44 29 35
26 60 28 45 12 43 29 51 55 30 23 23 55 21 43 13 26 41 25 30
2 29 14 14 14 25 16 27 26 14 4 12 30 23 23 1 7 17 1 23
24 40 19 20 8 30 31 42 34 11 27 19 51 19 31 17 37 29 25 29
19 66 25 34 23 52 39 64 54 20 27 22 67 27 45 9 42 52 26 37
5 11 8 8 1 9 8 14 7 8 7 7 16 2 1 1 10 1 2 7
1 9 9 11 6 16 6 9 11 16 12 16 11 15 12 1 6 10 1 18
1 9 7 8 1 9 5 5 11 8 8 8 11 7 6 1 7 10 4 6
22 31 15 17 11 30 18 37 39 43 18 27 41 36 20 24 30 34 22 32
27 48 38 36 10 44 24 53 41 28 40 40 54 18 29 16 30 40 32 28
5 12 1 1 1 8 9 22 5 9 8 3 22 3 2 4 23 14 10 2
2 19 12 14 2 17 2 15 10 11 9 20 14 8 4 1 5 6 1 10
25 44 19 34 17 40 26 44 44 27 32 31 39 35 32 10 26 41 22 32
13 13 1 2 5 13 13 25 21 27 6 14 26 23 9 14 21 19 13 17
4 13 4 12 4 8 7 9 8 7 5 7 13 9 11 1 8 5 1 8
8 35 15 25 20 28 22 30 27 17 6 14 35 27 33 2 11 23 3 31
1 8 3 11 2 4 1 10 6 9 7 2 11 2 7 1 5 7 1 4
13 50 33 38 19 47 34 44 47 35 31 32 48 30 47 18 35 47 28 45
25 51 9 20 21 41 24 46 41 36 16 29 58 36 34 23 41 39 27 38
19 49 25 24 29 41 27 36 35 7 10 20 48 26 34 1 17 26 13 37
13 23 8 20 1 15 20 20 19 22 6 6 29 14 18 2 16 12 4 21
1 18 5 13 1 13 1 3 11 2 1 8 12 4 10 1 1 2 1 4
1 39 29 31 25 35 21 38 38 14 17 22 34 11 27 9 16 33 17 24
21 66 36 49 36 62 43 66 65 30 32 38 57 43 51 8 34 55 20 54
21 62 27 41 36 64 21 64 62 45 42 41 64 48 48 24 36 60 25 55
1 16 13 8 4 19 5 14 14 9 10 17 12 7 8 1 5 6 3 11
1 7 5 3 1 8 5 5 11 8 4 8 9 9 6 1 3 6 2 7
24 43 22 21 20 40 26 52 46 32 12 27 55 34 23 14 26 34 19 36
1 7 8 5 1 8 1 8 10 9 10 8 8 7 5 1 5 10 5 5
14 63 16 47 46 57 31 48 58 28 26 31 48 55 59 17 33 55 24 55
1 13 7 9 3 10 9 14 14 9 15 8 15 8 9 1 10 15 7 7
9 42 22 31 18 38 20 38 39 24 26 19 39 28 37 6 17 34 7 37
1 17 11 11 5 16 10 19 21 14 13 13 22 9 14 1 9 16 4 13
32 60 33 42 20 44 41 54 51 26 33 24 57 20 39 9 38 41 29 38
17 53 27 43 18 50 27 56 56 38 21 21 55 39 43 18 28 55 21 41
1 8 6 8 1 6 7 10 12 13 6 8 13 10 9 4 5 7 1 8
35 60 35 41 28 59 35 70 55 42 44 42 67 35 41 12 40 50 31 52
13 39 17 30 14 33 16 35 36 25 17 22 29 25 30 5 12 25 5 31
1 18 2 5 11 20 1 7 13 3 8 19 12 17 15 1 9 20 6 15
4 7 1 9 1 1 7 8 4 3 1 3 9 4 3 1 8 1 1 1
6 20 5 8 7 15 10 20 13 8 19 7 21 9 12 1 19 15 5 10
1 1 3 4 1 3 1 8 5 11 4 5 4 5 1 3 3 7 2 1
1 11 10 13 1 12 7 14 12 17 12 13 14 9 9 1 7 13 2 10
28 70 28 40 22 58 31 65 59 26 37 41 69 37 51 18 37 55 31 44
1 6 1 6 1 2 4 6 8 7 1 1 8 6 7 1 1 1 1 6
11 41 39 39 24 48 20 47 46 34 39 38 47 26 34 9 24 39 23 36
11 24 23 18 5 26 8 17 22 13 19 26 21 12 13 1 8 18 13 13
9 45 36 44 27 48 15 40 42 25 30 38 46 27 37 1 14 36 14 38
18 55 32 48 15 54 22 44 56 47 23 37 58 37 48 23 33 47 23 46
1 12 9 7 5 13 7 7 9 11 7 13 10 12 9 1 7 6 1 10
12 28 15 17 7 22 16 28 15 17 18 18 31 12 11 1 19 9 7 20
1 9 4 9 1 8 7 8 10 13 7 8 10 13 10 1 5 9 1 11
3 11 2 4 2 9 10 10 10 10 1 10 14 14 11 1 6 4 1 12
13 76 45 55 35 70 35 65 66 35 32 47 74 31 55 28 47 64 37 47
1 23 11 12 13 23 7 20 20 6 14 20 18 12 16 1 10 20 9 14
8 19 4 15 10 16 14 17 20 7 21 3 13 14 16 1 15 18 4 15
1 2 1 3 1 1 4 8 5 11 2 4 6 8 5 3 3 4 2 5
1 31 19 24 5 25 10 25 27 7 22 17 31 1 16 1 16 25 13 6
2 11 6 9 4 11 3 12 13 3 8 6 19 2 5 1 9 9 1 4
1 4 1 3 1 3 1 3 4 3 1 2 4 4 3 1 1 1 1 3
12 18 18 20 7 24 16 25 25 31 17 19 24 27 25 7 14 25 7 32
7 33 23 20 11 34 5 31 26 14 25 28 27 10 15 3 12 24 10 17
1 26 18 21 17 33 10 34 27 22 15 23 31 23 20 6 13 28 6 28
1 4 1 1 1 2 1 1 1 2 7 3 2 4 1 1 3 2 1 2
26 66 28 48 28 54 44 60 59 21 30 15 53 42 55 12 40 55 22 47
15 40 20 31 19 33 29 40 39 21 9 14 49 34 40 8 20 35 7 36
1 10 1 6 1 4 2 10 4 4 9 2 10 3 2 1 7 6 1 2
4 21 7 12 8 14 7 10 10 7 5 12 16 10 13 1 8 4 1 12
1 23 7 12 2 16 2 5 11 4 3 14 12 9 10 1 2 6 1 7
3 17 16 11 5 19 8 10 15 10 12 19 13 10 9 1 8 11 7 9
1 12 12 8 1 12 4 8 10 6 9 12 9 1 1 1 4 4 2 2
9 33 20 30 14 34 18 30 35 24 27 25 23 25 26 1 12 25 5 32
1 36 8 19 28 37 12 27 36 23 9 30 37 37 35 14 18 33 15 35
24 40 28 40 17 39 36 49 45 36 38 19 44 34 37 10 36 40 18 41
20 55 37 41 11 53 16 56 51 29 40 42 57 28 37 21 28 47 31 36
18 64 28 33 40 68 21 62 61 37 42 47 58 46 41 23 39 62 29 51
1 13 11 6 1 14 1 15 14 9 13 10 16 4 5 1 8 14 5 2
25 46 31 37 20 40 39 53 46 38 34 25 51 27 33 5 35 35 20 41
10 42 22 31 23 38 25 44 45 14 32 20 37 14 32 3 24 38 16 28
3 30 7 18 6 20 11 16 20 4 9 13 20 10 18 2 10 13 6 10
1 10 5 3 1 4 4 8 6 6 7 3 7 1 1 1 5 3 1 1
7 14 12 13 4 13 5 11 16 6 8 12 18 5 5 1 7 8 5 4
6 41 17 22 25 41 18 33 35 19 24 32 42 26 33 6 28 34 18 34
5 33 9 19 16 29 8 18 24 18 10 30 33 26 22 12 24 27 13 19
19 68 16 40 27 57 30 63 55 25 38 31 58 26 41 23 56 58 38 36
1 8 1 1 1 10 1 14 10 14 1 13 11 16 4 8 8 10 7 9
23 55 30 27 22 52 34 63 60 38 41 47 65 36 41 35 54 59 44 44
9 17 4 5 6 10 16 15 10 12 3 10 19 16 14 1 12 3 5 16
17 48 23 31 21 43 28 49 41 22 17 24 45 28 30 5 22 29 12 34
3 16 18 18 5 18 13 19 21 18 19 17 22 9 11 1 12 15 7 14
1 13 7 9 6 13 4 12 11 14 10 9 10 11 13 1 1 5 1 16
1 9 1 8 2 6 1 3 5 3 3 3 6 4 7 1 1 2 1 5
1 5 1 5 2 5 5 3 6 5 2 6 7 11 9 1 3 1 1 9
22 36 16 18 11 27 34 47 33 24 10 1 49 24 31 9 32 34 17 32
5 38 12 18 15 27 12 18 24 8 14 26 31 18 22 2 21 24 12 17
9 38 14 23 14 34 12 31 31 4 30 20 23 14 21 6 22 29 14 15
12 66 31 43 25 69 11 59 61 36 31 49 69 31 39 21 40 60 31 40
3 27 6 12 8 23 15 27 24 9 14 17 17 14 14 3 20 21 10 11
21 60 40 37 39 54 37 58 43 27 44 36 55 27 42 3 38 46 31 48
1 7 1 3 1 2 1 5 5 1 4 1 3 1 2 1 1 1 1 1
1 8 4 4 5 8 2 3 2 7 7 9 4 11 8 1 5 6 1 9
1 12 10 14 10 12 6 15 14 12 9 4 14 7 13 1 4 11 1 13
33 53 39 27 20 50 40 56 44 28 46 34 61 29 41 14 45 42 32 48
26 49 32 29 6 45 27 58 52 38 30 32 61 30 35 26 41 47 30 34
14 66 37 51 25 67 24 60 63 48 36 40 68 36 50 28 40 60 27 51
9 47 4 25 20 41 14 31 39 20 22 27 39 34 34 13 32 40 14 30
7 44 27 25 21 46 14 35 38 17 33 44 39 24 33 17 33 45 29 30
6 43 24 29 10 48 4 35 40 16 27 38 44 19 34 14 24 39 14 29
7 10 11 12 1 9 10 13 16 17 8 10 19 13 10 1 6 8 1 11
1 2 1 1 1 3 1 10 5 7 1 5 6 5 1 3 4 4 2 1
19 54 27 36 35 51 32 47 48 11 40 26 38 31 42 10 36 44 24 39
10 26 9 12 9 22 15 32 29 25 13 16 36 26 24 11 19 27 10 24
15 62 32 39 14 57 14 51 52 20 36 43 56 19 40 19 33 52 33 24
26 47 26 20 21 39 29 42 28 21 31 24 47 21 24 6 41 35 29 26
2 20 8 11 3 16 8 18 20 9 21 7 21 7 16 4 16 18 6 11
14 32 4 18 3 19 21 30 28 25 6 12 34 25 25 11 21 22 10 20
1 11 4 6 3 10 1 11 13 1 1 4 12 1 5 1 2 5 1 4
1 4 1 1 2 5 3 7 3 7 7 6 7 10 7 1 6 7 1 8
35 74 28 40 34 63 39 68 61 29 43 40 65 40 51 10 48 59 34 50
1 18 2 9 1 14 1 11 12 1 10 6 19 4 11 1 10 12 3 4
21 50 25 42 22 42 33 54 50 31 31 15 49 35 44 14 36 46 18 39
15 38 16 17 21 42 18 42 44 38 23 39 44 41 33 17 31 44 22 41
16 38 44 44 20 45 27 46 45 40 38 47 43 27 30 6 22 38 29 34
29 42 31 24 15 42 36 52 38 41 22 29 53 34 31 13 37 34 27 44
7 23 11 13 4 16 12 21 18 3 11 12 26 3 7 1 16 13 7 4
20 58 36 40 19 55 30 61 56 35 30 38 61 37 41 14 32 52 26 42
1 2 9 9 1 10 4 17 5 17 16 11 14 7 2 4 14 13 4 8
18 50 31 38 27 52 24 44 45 32 31 52 51 31 34 12 31 40 29 41
30 56 24 29 27 46 29 40 42 19 24 35 57 30 41 5 27 36 27 40
17 41 15 6 17 32 20 27 22 3 16 19 30 15 18 1 21 21 15 23
30 62 29 44 28 50 35 61 55 27 27 32 59 39 40 14 27 45 25 42
31 52 32 32 18 42 27 52 37 27 34 28 49 18 25 11 35 33 32 29
19 54 34 47 35 55 41 67 56 33 47 36 51 32 42 16 47 55 32 48
1 32 31 31 19 38 19 44 41 22 31 24 41 10 31 5 18 38 15 30
22 41 20 27 11 32 28 32 38 31 5 22 40 39 41 18 23 29 16 39
3 6 4 6 1 4 8 6 7 6 5 5 12 7 5 1 8 4 1 5
1 9 1 7 4 7 2 8 6 3 2 4 10 6 8 1 4 3 1 8
4 23 10 13 6 19 6 18 20 6 11 15 22 10 12 1 9 13 4 12
5 20 4 18 14 17 9 25 19 7 18 6 17 10 15 4 16 22 3 14
1 7 6 7 1 8 10 11 10 16 5 10 13 14 10 5 9 7 4 11
2 30 7 14 17 25 8 20 28 17 9 20 31 27 28 3 10 25 4 28
1 24 25 25 8 27 9 23 25 19 20 26 21 11 12 1 6 14 8 17
1 6 5 5 1 6 4 6 10 9 2 7 11 9 6 1 1 1 1 7
9 25 25 27 2 26 7 23 22 15 25 24 26 6 10 1 12 21 12 11
19 53 17 25 29 47 24 53 42 27 37 39 43 30 27 18 44 46 29 36
1 18 1 11 6 12 2 8 8 1 12 8 6 8 9 1 8 12 1 8
5 21 13 15 4 21 6 17 13 12 12 21 20 11 8 1 10 12 1 14
1 29 7 22 8 23 4 19 22 4 16 9 23 6 18 2 10 24 6 9
1 14 10 16 1 10 2 8 10 10 8 8 13 3 5 1 4 6 1 3
10 24 15 13 7 19 26 34 26 18 16 19 37 13 16 4 28 26 16 16
1 27 9 11 10 24 6 19 24 5 10 16 23 16 19 1 4 17 1 19
16 47 35 35 35 50 37 59 47 39 23 29 60 46 44 5 31 47 23 52
6 31 19 19 14 28 19 33 32 18 24 25 34 17 25 7 19 29 16 23
16 39 13 22 1 27 23 31 30 23 18 10 43 23 36 16 33 32 16 24
17 44 22 24 17 39 25 32 32 19 18 22 40 16 30 3 22 22 16 33
1 7 3 9 1 3 5 8 4 8 4 6 7 7 5 4 7 6 3 4
5 17 4 6 4 12 8 23 10 8 10 8 25 6 8 2 18 13 5 7
1 34 4 20 15 28 3 15 24 12 14 19 18 19 26 1 11 24 2 22
21 70 29 45 32 63 31 56 69 39 20 49 66 55 56 23 32 58 34 55
5 24 9 14 8 20 12 31 21 10 16 16 29 8 11 7 24 25 14 6
4 31 10 18 19 28 12 29 25 12 17 17 27 19 22 6 19 27 5 21
16 44 25 29 20 35 31 41 36 20 11 20 43 26 32 1 16 24 11 34
1 14 1 10 5 9 7 7 12 7 1 5 14 12 16 1 3 3 1 14
8 22 11 20 3 17 2 14 17 2 18 13 15 4 7 1 5 14 5 6
15 50 30 28 20 46 31 55 52 30 28 28 54 35 46 20 35 52 29 40
1 3 1 1 1 2 4 11 1 3 1 5 9 5 1 1 9 2 1 1
18 36 17 19 10 28 17 30 23 17 19 25 38 18 19 1 19 20 13 23
10 34 8 19 6 27 14 32 23 21 11 17 40 17 20 15 32 27 17 14
9 30 13 13 8 27 14 26 27 19 19 19 34 19 23 1 16 19 3 25
9 42 27 38 7 44 12 41 47 39 26 36 42 24 26 13 19 40 20 25
23 60 17 22 26 50 30 59 45 26 33 29 58 33 39 20 47 47 29 43
19 44 17 26 6 33 26 44 37 35 18 20 53 31 33 17 35 34 19 29
1 10 7 4 1 10 1 9 11 1 7 9 12 1 1 1 3 9 1 1
25 63 50 41 29 65 36 76 60 28 39 39 75 26 41 12 40 58 38 44
28 65 25 21 28 58 38 68 58 34 37 48 72 37 42 30 59 58 46 50
16 22 8 5 7 14 23 24 17 20 7 12 24 20 17 1 17 12 10 21
9 42 17 34 21 41 21 34 41 39 21 36 40 39 40 10 25 40 15 41
14 52 38 48 10 52 13 50 49 41 34 41 49 19 27 19 29 46 31 26
7 28 12 11 12 26 12 28 23 9 8 22 27 15 15 7 16 20 10 15
1 22 5 16 13 17 8 19 14 4 4 8 21 13 19 1 8 16 1 16
1 5 1 9 1 1 1 7 4 8 7 1 11 3 6 1 5 7 1 1
8 10 1 8 1 6 15 9 8 10 6 7 16 14 11 1 12 5 4 12
8 30 12 24 5 23 15 26 24 30 16 17 33 22 28 10 22 25 7 24
31 57 21 29 26 46 43 60 45 27 32 12 51 38 50 13 47 47 25 50
2 23 1 10 7 20 4 26 25 17 10 15 17 14 9 9 13 21 12 12
1 12 5 4 1 10 1 7 10 2 1 10 8 5 3 1 1 2 1 3
13 51 34 42 27 54 24 49 54 45 40 39 59 39 58 17 36 52 27 51
1 12 18 17 4 20 8 18 19 22 16 21 13 12 12 1 1 14 5 17
10 32 17 15 10 32 14 34 20 22 22 30 35 21 18 13 31 26 18 21
5 17 10 7 1 16 15 23 22 17 13 14 26 15 15 1 16 21 6 13
9 51 21 31 22 42 20 36 46 12 23 36 37 21 39 2 17 34 16 33
14 58 37 49 33 55 40 60 51 37 33 39 59 17 44 26 45 48 38 41
34 63 23 36 19 51 34 61 60 46 13 27 72 42 40 32 48 52 34 44
7 18 1 11 7 11 13 25 12 8 19 1 15 8 10 1 23 19 4 8
15 34 17 24 6 27 18 26 33 22 11 20 33 26 29 8 14 26 10 24
1 40 21 29 18 38 21 32 37 20 18 35 37 17 31 15 25 32 22 23
11 37 11 22 7 26 17 30 29 15 20 14 35 15 23 1 19 21 3 21
1 9 1 1 1 7 1 5 3 2 6 4 1 3 2 1 1 6 1 2
4 14 14 11 4 15 11 20 16 18 18 12 25 10 11 1 15 11 5 13
7 37 27 32 18 38 23 42 40 33 39 30 36 25 32 1 21 37 16 34
15 36 32 32 13 39 18 40 38 25 29 35 41 16 25 1 14 28 16 28
3 10 9 8 1 8 6 12 9 14 8 9 13 5 3 5 10 7 4 4
14 41 22 36 18 31 25 33 38 25 15 10 42 31 41 8 13 32 6 36
1 7 7 7 5 8 7 10 10 14 8 7 11 11 11 1 5 4 1 12
4 4 7 8 1 5 8 11 4 13 6 6 9 7 4 1 8 3 1 7
2 26 10 12 12 23 16 23 24 10 14 20 27 16 22 1 15 21 8 20
1 3 7 7 1 4 1 1 6 9 3 4 6 3 2 1 1 1 1 4
12 33 22 31 4 30 15 31 37 29 16 25 35 19 26 10 15 29 13 18
4 22 8 8 8 21 11 24 19 21 10 21 30 21 17 5 17 16 5 20
1 40 29 37 24 39 23 39 36 20 25 27 37 17 33 10 21 37 18 30
18 67 23 35 39 56 32 48 45 12 31 23 54 32 48 4 37 48 20 47
1 7 7 5 3 7 4 9 10 7 7 5 8 1 4 1 5 7 4 3
1 6 5 8 1 6 4 6 5 8 9 6 8 8 5 1 8 9 1 6
1 14 10 10 3 15 5 19 18 20 9 15 14 11 7 9 10 16 11 8
1 42 18 13 20 42 11 31 38 19 28 39 41 26 33 15 32 41 25 27
1 12 7 8 1 11 3 14 11 7 14 8 17 6 8 5 13 13 7 4
7 18 7 16 1 10 14 18 20 19 11 4 30 13 19 3 15 18 2 12
14 56 28 47 23 48 28 52 47 26 30 25 45 16 36 13 36 42 23 30
1 7 1 6 1 6 2 11 8 13 1 8 9 9 3 7 7 8 6 4
3 25 1 4 11 16 10 17 14 7 8 11 15 14 17 1 11 11 1 16
1 10 12 9 4 14 9 18 13 15 19 11 14 5 10 1 13 19 9 9
22 50 27 29 18 39 34 50 42 14 21 19 57 20 33 1 28 36 20 32
13 41 42 37 20 51 23 50 47 37 43 51 49 28 32 7 22 44 30 36
29 54 32 28 31 42 35 46 40 7 25 13 53 17 29 1 29 34 22 32
28 44 28 32 14 40 24 57 44 42 32 37 60 28 25 12 28 37 26 36
3 16 2 1 2 10 9 17 6 3 7 11 14 6 5 1 14 12 5 5
6 9 3 3 1 3 9 7 4 3 4 3 11 3 1 1 10 3 3 1
36 63 14 33 24 47 41 62 54 33 30 18 60 35 43 21 54 54 33 42
17 36 15 25 19 39 20 45 41 38 32 31 39 35 27 14 31 35 15 39
1 3 3 3 1 5 1 8 7 8 1 7 9 4 1 2 5 4 1 1
16 35 19 16 8 31 12 43 31 14 20 22 45 6 15 10 28 30 21 11
13 48 10 20 18 43 20 41 47 32 18 35 51 43 38 20 39 49 28 38
1 20 12 13 12 27 4 22 22 19 8 24 25 18 18 2 8 17 1 24
22 53 32 33 26 47 23 42 36 17 27 32 50 23 32 1 19 30 17 41
3 31 15 21 21 39 12 35 39 28 11 28 40 37 32 7 15 38 8 41
1 15 9 5 1 13 4 8 13 6 6 13 10 8 5 1 5 7 5 6
7 35 16 26 8 28 21 38 33 20 28 16 36 11 23 1 22 28 7 22
1 1 1 1 1 1 2 6 1 4 4 1 5 1 1 1 6 6 1 1
11 40 15 29 5 27 23 27 36 18 13 15 36 17 29 8 22 27 12 18
13 17 11 14 1 15 18 26 21 28 11 9 29 24 19 12 23 25 12 19
4 13 1 7 1 3 9 15 6 8 5 5 19 6 5 1 14 8 2 3
1 5 1 2 1 4 2 8 4 5 8 2 8 4 2 1 7 10 1 2
20 59 27 43 18 52 33 51 49 37 36 27 56 29 48 17 43 51 26 44
1 6 5 2 1 7 4 10 10 9 4 7 5 7 5 1 2 7 4 5
6 15 8 10 5 14 12 9 16 13 6 14 20 18 15 1 8 9 1 16
4 29 24 28 15 31 18 37 37 27 17 24 33 17 26 7 14 28 15 26
1 5 4 1 1 8 1 13 10 11 2 10 6 6 1 5 5 11 7 1
4 22 3 8 13 17 7 14 14 7 3 19 19 18 16 4 13 13 5 16
10 25 2 17 8 13 19 24 25 12 12 2 20 14 20 1 14 14 1 18
4 35 10 21 7 29 13 33 27 22 17 16 41 19 28 6 21 26 6 22
16 37 23 22 9 33 24 39 38 31 16 16 43 30 33 13 25 35 15 33
11 38 23 36 22 39 22 37 39 27 36 27 31 31 34 1 20 31 9 39
1 3 5 6 1 9 1 11 5 15 9 11 8 10 3 5 8 11 4 6
4 44 5 21 18 36 10 31 40 26 17 30 42 34 35 10 24 37 13 31
12 56 21 30 31 49 26 41 43 31 29 51 48 36 33 24 44 46 37 38
2 3 1 3 1 1 5 5 1 1 2 1 9 1 1 1 8 1 1 1
1 17 8 6 9 17 5 10 11 8 10 17 6 14 12 1 5 14 7 12
1 10 1 10 1 5 1 1 6 1 1 1 6 1 3 1 1 2 1 1
24 39 12 23 19 40 20 51 47 43 38 32 38 39 26 21 38 47 25 39
14 44 31 43 15 38 24 36 42 30 25 13 49 14 42 23 30 39 21 32
20 44 19 32 20 35 33 42 34 28 26 15 43 24 38 1 26 27 14 43
1 10 4 7 1 9 2 9 9 6 7 9 11 8 6 1 6 9 1 6
1 7 5 7 1 4 3 10 7 8 6 6 13 3 2 3 9 8 2 1
12 43 23 32 13 40 13 41 46 21 13 27 47 26 29 8 12 38 17 26
21 58 27 38 27 41 43 50 46 21 25 18 54 28 44 6 32 40 21 41
14 49 30 27 24 46 26 40 31 21 39 35 44 21 29 3 32 36 25 34
13 34 12 17 9 26 16 28 16 14 18 13 32 7 17 4 26 20 13 17
7 33 20 25 11 30 5 26 26 12 17 27 26 11 18 4 10 23 11 13
4 14 1 10 4 7 10 14 9 12 8 9 14 13 11 5 10 7 4 11
16 32 12 9 15 27 23 36 24 10 20 10 40 11 22 4 29 24 19 23
6 28 13 29 8 25 16 20 28 18 24 14 17 15 24 1 11 24 5 21
28 55 19 28 22 45 32 62 50 27 24 25 63 33 32 12 37 45 22 40
26 43 9 8 24 36 30 44 37 28 16 27 53 37 34 13 41 39 25 42
15 58 26 26 33 50 37 57 44 24 34 34 51 19 36 17 46 45 35 40
13 51 24 30 19 58 9 48 52 40 34 50 56 35 31 24 35 51 27 35
9 17 9 9 3 11 9 20 13 6 6 13 22 6 4 4 13 8 5 4
27 56 43 33 19 60 40 72 57 37 46 49 72 33 42 21 50 53 41 47
9 38 22 34 19 38 24 39 41 16 29 18 31 22 30 1 18 31 7 32
5 17 7 6 5 16 11 16 23 12 6 12 20 15 17 1 5 13 4 17
1 7 6 8 1 5 1 6 4 8 10 5 3 4 1 1 1 2 1 4
8 25 9 17 3 13 11 20 16 8 12 8 17 4 6 1 12 9 2 4
14 28 8 10 13 20 21 30 14 12 17 5 35 11 22 1 24 15 12 24
1 9 6 2 1 9 2 8 10 2 6 9 6 3 4 1 3 8 4 2
13 33 19 26 13 35 17 33 32 28 22 31 27 28 23 10 20 24 12 27
7 45 11 35 16 37 11 33 34 14 19 14 32 16 33 8 25 32 8 23
12 23 15 12 4 22 13 27 26 20 18 19 33 19 21 5 17 22 9 17
15 56 44 38 25 52 27 55 53 22 50 44 55 6 37 20 36 50 40 29
1 38 22 24 23 44 9 37 37 19 28 31 34 22 30 1 15 39 9 32
14 26 2 9 9 16 23 34 21 15 18 4 32 10 17 2 26 21 10 18
9 32 17 22 8 21 21 29 32 20 17 18 36 14 24 4 19 26 11 16
10 55 27 49 19 50 21 45 48 19 42 12 40 7 41 13 37 49 25 29
8 12 15 15 10 19 14 30 27 33 17 16 28 19 21 7 12 22 7 26
5 34 26 37 10 38 10 32 35 35 20 24 37 17 33 17 19 27 14 30
4 13 7 4 2 13 8 20 16 20 7 14 20 13 6 9 16 15 9 8
7 29 1 16 11 17 12 19 14 6 13 10 21 12 18 1 16 14 4 15
1 5 1 5 2 3 1 4 6 1 1 1 5 1 4 1 1 1 1 3
9 32 16 26 4 29 10 28 33 26 14 20 39 19 26 12 19 28 11 17
11 27 12 16 14 25 14 20 13 14 16 22 22 15 13 1 17 15 8 24
31 52 14 25 26 41 28 55 52 41 18 30 62 45 37 28 39 44 28 43
4 27 17 21 10 21 14 24 27 8 3 9 29 12 17 1 4 14 1 15
7 31 26 30 19 29 18 26 31 15 9 13 29 20 26 1 5 21 7 26
5 12 8 6 1 14 6 17 18 24 4 16 18 18 7 8 8 12 7 12
6 22 13 22 11 21 9 22 21 15 26 11 14 9 14 1 14 19 4 17
1 13 8 9 3 14 1 7 9 11 10 14 6 11 9 1 2 7 1 13
1 5 4 5 1 5 3 4 5 6 6 4 10 4 3 1 6 3 1 4
5 20 8 2 2 16 16 21 18 9 12 13 27 12 14 1 16 15 7 11
1 15 7 7 4 17 1 19 18 13 6 14 21 9 6 6 12 17 6 7
1 25 6 9 8 22 9 22 24 6 20 10 22 9 17 1 14 21 7 13
1 11 2 9 1 6 5 9 4 6 6 7 13 7 7 1 10 8 1 5
34 48 36 45 7 43 32 41 48 42 18 30 50 39 45 20 22 39 26 40
2 14 7 10 1 10 5 6 11 8 3 10 11 10 7 1 3 2 1 8
29 63 39 47 31 57 42 65 60 28 50 38 57 29 48 6 37 52 30 47
1 19 2 11 4 15 6 11 16 10 2 14 12 15 18 1 1 14 3 12
9 49 6 20 20 36 18 29 33 13 19 22 42 24 32 3 29 28 13 29
23 56 29 47 17 54 24 49 54 29 45 33 52 27 46 8 29 46 20 38
1 15 3 10 1 8 6 10 8 1 4 7 9 4 5 1 6 6 3 2
14 19 1 10 1 6 21 21 14 19 8 8 22 19 16 5 16 11 5 17
13 42 15 16 15 35 13 36 28 7 7 25 37 15 17 2 16 23 14 20
13 63 19 39 34 50 29 42 52 15 22 30 52 38 46 5 27 43 13 43
1 9 2 8 1 4 5 4 8 4 3 3 11 3 6 1 5 4 1 3
1 9 5 4 3 10 3 8 5 5 9 10 10 10 7 1 7 8 1 8
14 41 17 8 21 36 24 42 29 14 22 20 49 21 34 9 33 33 20 34
1 27 9 16 7 23 3 23 23 5 9 19 17 6 10 2 8 17 9 7
14 51 26 31 18 47 16 38 47 17 29 39 48 25 41 5 18 42 23 29
8 39 24 23 2 39 14 39 35 9 26 36 41 16 22 18 33 37 26 15
8 44 24 30 5 42 19 49 45 34 29 23 54 15 35 25 43 46 31 24
24 53 21 35 11 45 27 56 47 47 20 23 64 36 43 28 47 47 29 42
1 3 1 3 1 1 1 9 4 4 1 1 7 1 1 1 4 2 1 1
15 52 28 35 27 49 16 42 46 17 28 40 38 26 36 7 10 41 21 32
1 5 2 3 1 4 4 9 5 4 1 4 5 1 1 1 6 6 2 1
16 42 22 18 16 33 22 45 30 9 28 21 42 3 16 2 31 30 22 15
1 6 3 7 1 4 1 9 5 9 7 6 6 6 1 4 6 8 3 3
4 42 33 42 17 47 15 43 40 38 35 32 42 21 37 13 27 43 24 33
3 26 14 22 2 20 12 18 19 10 12 14 25 3 12 1 16 16 8 5
4 18 11 8 4 18 5 14 18 7 7 17 14 11 10 1 3 9 5 10
16 47 21 26 8 37 21 48 38 22 21 12 60 9 35 14 37 35 23 26
7 9 8 7 1 7 12 9 15 15 4 8 17 14 11 1 6 6 1 12
12 42 7 21 23 39 11 29 41 38 17 41 44 45 31 22 28 38 23 38
2 37 20 29 25 39 14 27 38 22 17 32 31 27 36 3 12 29 13 39
1 7 5 9 1 6 1 11 5 11 10 8 9 9 6 4 9 10 1 7
2 40 24 29 18 36 17 32 31 7 18 15 34 19 26 1 10 28 7 24
1 12 9 6 3 12 4 4 8 11 6 13 9 13 10 1 1 3 1 12
19 49 27 27 17 37 27 44 35 10 31 25 44 7 24 1 27 29 25 24
21 58 15 33 31 54 26 49 60 46 18 41 59 57 50 31 40 58 34 55
16 41 26 34 6 38 20 43 47 33 21 29 49 24 30 15 27 42 22 23
20 67 26 43 31 60 32 61 60 21 31 24 55 42 46 12 36 56 24 42
1 8 6 5 1 7 1 5 7 1 2 7 6 1 1 1 1 4 1 1
4 23 16 21 1 21 1 16 19 9 13 18 18 4 10 1 1 15 5 6
3 31 20 34 18 32 17 38 33 29 37 19 35 19 31 1 21 31 12 30
1 14 8 10 6 12 6 11 18 9 7 7 14 7 12 1 3 11 4 10
1 15 8 13 1 7 4 12 10 11 10 9 16 6 7 5 10 11 4 1
1 26 20 16 7 26 10 24 24 5 24 22 26 4 16 6 21 25 17 11
13 38 14 8 13 42 11 43 42 36 30 39 49 35 27 20 34 42 21 39
5 5 3 1 1 1 10 8 4 8 7 3 13 7 5 1 12 6 1 5
1 10 3 2 1 7 1 7 6 4 6 6 10 5 5 1 2 3 1 5
3 3 6 8 1 4 7 5 10 14 9 3 11 9 9 1 4 6 1 9
1 6 1 4 1 1 3 5 2 5 8 1 9 1 2 1 6 2 1 1
9 25 16 17 8 20 10 22 21 8 11 14 27 6 9 1 12 13 5 10
26 48 13 16 21 42 19 50 39 32 26 30 52 28 21 16 36 32 25 36
9 38 14 27 19 33 17 36 35 10 32 8 24 20 32 5 23 34 14 26
6 29 29 36 21 33 22 34 37 31 29 28 33 21 31 2 15 28 18 31
9 58 11 26 35 57 14 46 52 28 32 49 55 40 35 26 42 55 35 39
1 11 4 8 2 6 6 8 11 8 8 4 12 6 8 1 7 9 3 6
8 14 12 9 1 14 15 19 20 21 13 14 24 17 15 2 13 14 2 19
17 45 18 28 12 44 10 44 35 35 26 36 50 25 18 23 39 38 24 25
21 50 25 36 2 42 23 46 54 39 9 23 53 29 34 26 34 44 30 27
7 14 13 10 9 14 20 16 21 15 13 13 18 13 18 1 13 18 12 16
1 11 5 5 6 12 1 1 7 5 6 12 7 11 8 1 5 7 1 9
16 64 31 34 33 59 31 64 46 22 39 34 56 27 39 14 43 53 30 41
22 41 16 21 14 35 14 44 42 31 17 31 49 27 19 17 26 32 22 26
4 9 5 7 5 7 11 14 14 14 4 7 17 11 12 4 8 5 1 11
29 43 34 34 16 49 33 61 56 60 31 40 64 48 32 28 46 52 33 48
8 38 35 28 10 43 13 41 36 20 40 41 39 12 24 9 25 36 23 24
3 46 26 36 23 42 21 37 44 19 13 20 43 25 44 6 16 41 13 33
3 27 7 12 13 24 10 9 23 9 4 24 23 23 20 3 12 16 7 21
11 61 42 52 26 57 36 56 55 30 25 31 61 20 47 14 32 41 26 45
1 5 9 9 2 9 2 9 9 12 10 8 6 5 5 1 3 6 2 8
1 6 8 8 1 6 1 5 7 8 7 5 9 2 3 1 2 2 1 4
32 41 28 20 19 35 29 47 34 22 23 24 49 19 24 9 27 28 32 26
11 18 9 9 1 15 8 24 26 19 8 15 28 15 12 5 11 21 8 11
4 12 14 14 2 13 1 13 12 9 13 13 16 4 3 1 5 7 2 6
2 20 12 11 8 17 13 17 20 13 11 16 16 13 17 1 8 12 9 15
8 39 28 32 21 41 25 51 47 33 37 25 43 25 36 5 23 45 15 37
14 57 45 43 40 60 43 70 58 40 34 45 65 27 39 21 41 52 38 51
7 22 7 11 7 13 10 11 10 6 1 13 17 11 11 1 11 4 4 10
16 66 28 47 37 60 33 55 61 39 43 41 63 45 59 11 41 58 24 57
21 46 29 31 14 46 24 61 53 46 34 36 65 34 36 26 42 49 29 43
9 15 2 6 4 10 16 11 12 12 2 10 15 19 16 1 10 9 2 17
1 8 6 10 1 4 7 7 8 10 6 4 16 6 6 1 6 4 1 5
11 47 38 37 21 48 24 43 40 21 40 45 45 14 29 10 30 38 25 31
36 68 30 43 27 51 43 67 57 22 46 25 59 24 46 10 48 52 34 38
1 18 11 14 5 19 2 15 13 16 15 20 14 14 10 2 8 12 1 14
5 13 11 9 1 11 8 12 16 8 8 10 20 5 4 1 8 9 3 4
11 31 21 24 16 34 9 23 26 18 19 35 34 20 19 4 18 22 11 25
36 52 27 21 21 45 28 57 46 35 34 35 62 28 25 15 38 41 36 37
12 16 1 10 7 10 19 29 21 22 8 8 32 18 18 8 21 19 8 17
1 9 4 1 1 7 3 11 9 5 7 5 10 2 3 1 5 8 1 2
13 53 38 39 18 54 29 55 56 30 36 29 52 28 47 13 32 49 23 46
10 29 8 11 7 20 14 26 23 12 8 15 26 14 19 1 10 11 2 17
20 33 21 17 14 27 24 37 27 19 19 13 39 7 19 1 21 17 13 26
14 44 18 17 29 37 24 33 31 10 9 20 42 27 30 1 20 28 10 34
1 3 5 8 1 4 3 2 5 10 8 4 5 6 4 1 4 6 1 5
17 51 16 34 25 49 19 44 52 41 23 36 43 45 42 17 29 44 18 51
12 27 28 26 6 27 11 26 29 20 24 26 24 10 15 1 2 18 15 15
5 27 14 16 4 25 1 21 23 14 15 22 19 12 15 1 3 16 6 14
11 41 29 37 22 45 19 45 42 20 35 30 32 18 27 3 21 36 13 30
12 44 28 38 28 43 24 43 36 33 39 35 42 30 36 6 28 37 18 39
9 42 25 36 21 41 25 51 42 30 25 25 41 27 27 9 23 39 15 34
28 43 33 38 13 40 27 42 42 39 23 36 46 34 37 10 15 33 17 41
1 13 1 6 3 11 1 18 13 16 5 10 15 9 2 8 10 12 7 7
13 26 14 15 10 26 18 37 29 30 13 20 38 19 15 12 24 22 15 25
13 32 26 31 19 30 25 39 37 22 11 11 44 24 30 2 14 31 6 30
1 12 5 10 1 6 1 7 9 4 3 6 10 2 1 1 1 1 1 1
8 48 35 41 12 50 15 46 54 30 30 29 55 20 41 10 20 45 18 34
14 44 24 36 7 40 26 42 48 37 19 23 46 25 40 26 35 47 31 32
2 14 6 8 1 12 8 22 17 18 9 12 28 13 7 6 18 15 7 6
5 32 7 26 14 23 13 25 23 6 18 5 24 11 22 1 16 23 1 16
2 32 16 20 12 27 16 31 33 5 14 7 37 14 29 3 13 30 8 21
6 46 25 33 22 44 18 39 39 17 34 27 34 20 33 5 21 34 14 30
1 4 1 1 1 1 2 1 1 2 1 1 3 3 1 1 1 1 1 1
11 45 36 27 18 49 32 50 41 28 42 47 49 24 37 26 46 47 36 35
1 17 9 14 4 13 1 9 13 10 7 11 12 9 11 1 4 7 1 8
1 14 3 6 9 15 5 15 15 10 1 8 16 16 17 1 3 14 1 17
1 1 2 5 1 1 1 1 1 6 6 1 2 1 1 1 2 1 1 1
26 52 29 40 27 43 40 53 45 22 22 16 50 31 38 1 23 31 10 47
10 27 13 14 11 25 18 32 31 21 12 17 32 24 28 7 16 29 10 26
22 50 15 17 29 39 28 33 33 14 15 20 47 26 40 3 32 29 21 37
1 28 27 30 19 35 16 37 34 24 27 30 33 14 27 5 15 32 14 31
15 53 31 34 4 52 13 48 51 26 30 41 55 22 36 26 37 50 35 23
9 43 40 39 30 45 36 53 45 34 37 40 52 18 34 11 34 40 29 40
8 57 28 38 24 52 27 57 56 16 34 29 52 25 40 11 35 51 24 32
9 46 14 24 29 44 21 44 38 13 26 20 39 30 35 7 30 44 10 32
1 8 1 1 1 8 2 3 6 2 1 8 4 9 7 1 1 3 1 7
9 34 9 25 11 27 7 26 25 8 19 16 17 16 17 2 15 21 8 13
6 32 21 27 11 33 14 36 37 33 22 30 33 23 26 9 14 29 14 28
1 34 8 22 7 26 6 19 27 13 12 15 26 13 24 6 12 21 5 14
5 27 1 19 14 20 8 20 16 6 20 9 16 14 20 1 14 18 4 18
1 11 2 1 5 12 1 6 8 5 2 8 6 8 10 1 1 5 1 11
17 34 13 17 8 27 16 29 19 12 10 19 35 12 13 6 24 19 17 13
19 60 36 50 38 58 32 53 52 30 23 26 50 40 48 10 27 52 19 48
7 37 26 34 22 32 18 37 31 12 21 12 33 16 26 2 12 35 12 22
1 13 3 8 1 9 3 5 8 3 4 9 10 8 8 1 5 6 1 6
1 30 14 14 15 33 7 23 32 17 12 32 30 23 23 4 15 27 12 22
2 3 1 1 1 4 8 7 9 10 1 4 10 12 10 1 3 2 1 10
1 16 4 10 10 13 3 13 11 1 1 4 11 10 13 1 1 6 1 13
1 9 3 2 4 9 3 13 10 9 1 9 13 8 7 4 7 6 3 7
10 19 5 14 5 11 14 16 19 18 6 6 23 21 24 5 11 14 4 22
1 19 3 3 6 18 1 12 15 14 6 20 14 19 11 5 9 18 5 12
15 58 38 42 26 51 33 61 53 37 38 45 61 17 30 22 42 45 36 38
13 31 10 13 9 25 17 34 34 28 16 25 39 22 14 13 28 31 20 19
11 62 28 29 33 59 33 62 49 20 38 37 58 29 44 13 45 54 30 45
5 37 9 19 14 31 4 28 29 17 8 22 33 22 18 12 15 25 11 20
16 42 27 39 26 42 24 46 44 19 32 17 35 26 31 8 25 39 14 32
7 26 14 17 3 20 6 21 20 8 15 20 21 8 8 3 10 16 8 7
29 53 37 29 14 47 38 62 49 19 31 24 66 24 40 13 37 44 26 41
1 3 2 7 1 1 7 10 6 14 8 2 13 9 7 1 8 8 1 7
5 47 38 47 31 49 33 48 46 38 49 44 43 26 43 11 32 47 26 44
3 26 6 10 9 18 6 8 11 8 4 19 18 16 13 1 11 8 3 15
5 29 26 25 6 35 3 37 31 14 25 24 35 5 15 1 11 28 9 17
10 32 10 24 12 30 17 42 38 30 24 17 31 23 22 8 24 35 11 29
7 16 11 14 3 14 7 19 20 10 11 12 25 7 11 2 9 13 5 9
17 43 32 34 16 50 19 54 51 44 31 41 56 38 40 12 25 46 24 44
8 19 11 11 4 15 15 19 22 19 20 11 25 16 15 1 16 20 6 15
32 48 27 37 24 44 27 53 53 33 39 28 44 37 36 17 29 45 30 37
13 51 31 35 21 48 31 60 48 33 36 34 57 26 35 2 33 42 21 38
1 11 15 14 1 18 4 16 13 16 11 20 11 7 3 1 6 11 4 9
4 38 18 30 13 35 10 34 38 15 13 22 39 12 23 14 22 35 17 12
1 28 9 23 11 19 9 19 24 12 5 5 25 11 23 5 6 18 2 15
31 35 29 21 10 35 38 52 36 38 24 14 54 26 32 13 40 36 24 41
18 43 17 37 19 33 25 29 38 12 25 9 30 22 32 8 25 25 11 24
8 26 23 24 6 26 19 35 28 24 29 23 34 11 15 1 20 26 10 18
12 60 43 44 26 59 30 57 60 28 38 42 63 32 51 9 28 52 23 49
27 58 39 36 15 49 33 45 45 21 29 20 55 9 37 11 39 37 36 30
11 52 6 21 19 47 2 41 42 26 26 31 46 28 30 25 35 46 24 26
1 19 3 9 8 17 7 24 19 16 15 12 23 15 14 8 17 20 7 13
1 17 13 15 5 16 2 18 16 12 10 13 12 2 6 2 3 12 5 7
12 59 37 44 24 60 26 63 61 31 39 41 56 31 45 11 30 56 23 43
1 5 3 2 1 7 4 8 6 4 6 8 5 3 3 1 6 10 3 2
20 52 26 35 22 43 32 49 41 31 28 26 50 26 39 5 26 37 16 42
7 54 25 28 31 51 28 49 51 22 25 40 61 31 44 12 38 48 27 40
2 39 21 25 21 36 24 39 42 15 22 24 36 17 32 5 19 34 13 29
2 8 6 6 3 7 6 11 13 15 5 4 10 8 10 1 1 5 2 10
2 29 19 22 14 30 14 29 28 22 14 22 30 23 24 5 12 23 6 27
9 46 31 36 18 46 14 35 41 21 27 45 40 20 32 7 17 39 24 26
11 67 20 38 36 56 36 47 50 28 29 50 57 36 45 22 46 47 39 44
3 28 11 14 10 26 14 22 25 14 19 21 30 20 27 2 18 27 10 20
1 17 6 6 3 24 3 23 13 20 14 22 19 18 9 8 20 23 10 15
11 27 26 20 3 33 19 36 32 19 35 29 32 20 28 13 23 33 21 28
9 52 21 31 28 47 16 37 44 18 31 43 43 26 34 11 29 41 23 30
1 4 1 5 1 1 1 1 1 4 3 1 4 4 2 1 1 2 1 2
19 57 27 38 29 49 29 55 53 24 17 19 55 41 48 9 27 49 18 42
21 67 20 30 34 55 29 54 47 18 27 31 53 31 36 12 39 49 25 39
3 43 26 38 16 38 25 32 39 23 30 24 41 12 39 20 33 39 27 29
14 29 14 18 6 24 19 32 35 26 11 17 29 26 23 14 18 26 14 22
13 43 20 34 13 38 8 27 32 15 27 28 22 18 26 1 10 30 10 22
1 24 4 8 15 23 10 11 24 9 5 22 21 24 24 3 11 17 9 23
36 59 16 23 19 48 31 60 47 27 37 28 57 30 30 13 49 48 33 37
1 5 7 4 1 8 5 12 7 17 13 10 11 9 4 3 10 12 3 8
8 33 29 34 10 37 16 35 33 22 37 29 42 16 30 15 29 35 20 25
33 57 34 33 7 46 40 56 48 18 34 38 61 31 41 21 45 44 35 37
2 13 5 6 5 13 11 14 17 9 6 9 17 11 14 1 7 10 4 13
1 11 4 9 1 5 1 4 6 3 8 3 1 1 1 1 1 6 2 1
1 6 3 7 1 5 3 3 6 1 2 4 3 1 1 1 3 5 3 1
11 33 34 32 15 41 13 31 34 18 29 41 32 15 21 1 8 28 17 25
23 54 37 35 19 52 30 68 53 33 43 35 65 21 36 7 35 49 29 38
1 10 4 3 1 9 1 7 12 1 2 5 10 1 3 1 1 5 1 2
2 11 6 8 1 6 1 7 9 1 2 6 10 1 1 1 1 1 1 1
26 63 45 43 32 61 37 62 61 24 43 48 67 33 53 17 32 54 37 46
43 69 41 46 30 56 53 68 61 30 43 36 67 33 50 15 43 52 41 50
25 45 26 35 6 39 28 37 40 29 23 21 42 32 35 13 30 37 18 34
1 9 8 7 3 11 1 6 8 9 9 11 5 9 6 1 3 8 4 8
9 23 13 18 3 18 17 25 25 23 11 15 30 14 17 6 15 19 9 13
3 15 11 7 1 15 2 13 14 7 7 16 11 6 3 2 4 11 4 4
5 44 19 30 15 36 8 32 33 6 16 24 28 14 25 1 7 28 8 20
2 18 11 15 7 17 1 15 13 10 10 14 16 8 10 1 5 8 1 12
13 25 16 12 3 27 18 36 32 34 17 20 34 29 23 15 24 33 18 25
5 17 14 17 6 16 5 13 17 10 11 12 19 4 7 1 8 9 1 8
5 14 9 11 6 16 14 26 19 19 14 7 28 16 20 1 13 16 1 23
15 31 18 23 1 26 16 26 28 20 19 16 31 19 21 3 17 25 9 21
29 55 42 50 25 51 33 56 52 37 29 39 60 30 39 14 21 40 27 41
8 25 14 13 1 17 11 20 21 9 9 12 25 3 8 1 7 7 6 9
1 6 2 1 1 4 1 7 5 5 5 4 2 1 1 1 2 8 2 1
21 49 23 47 20 44 31 49 53 36 25 12 41 35 46 15 29 47 16 42
1 6 8 6 1 8 3 4 6 11 6 9 6 9 6 1 2 1 1 9
2 20 12 10 3 18 1 17 19 5 6 14 14 3 6 1 1 9 4 5
1 1 1 1 1 1 6 8 6 13 1 2 10 7 4 2 7 6 1 4
29 66 26 43 24 58 21 61 68 45 37 41 63 35 42 28 41 58 36 38
19 44 22 18 14 34 30 47 33 23 33 21 47 16 25 12 41 38 30 21
21 71 29 49 33 58 35 51 50 17 34 29 47 21 47 12 42 42 30 40
6 14 11 9 1 12 5 9 16 9 6 11 14 7 6 1 3 6 4 6
15 42 15 30 4 34 12 34 39 20 14 16 47 20 37 8 19 31 13 25
9 39 17 29 10 35 8 21 30 14 10 24 34 14 27 4 11 19 6 20
1 23 6 14 9 21 1 19 16 9 9 15 22 11 15 4 10 19 4 12
13 32 9 12 14 30 21 38 34 23 12 18 45 33 37 13 29 36 13 33
2 25 2 11 9 15 5 16 12 5 4 12 21 10 15 1 10 12 1 12
25 51 50 49 30 53 33 56 61 44 47 47 57 32 45 7 18 48 32 47
9 20 20 20 4 20 1 20 20 15 16 18 17 4 8 1 1 10 7 10
20 54 30 41 22 48 36 54 43 24 50 23 52 19 40 7 45 44 28 39
23 39 8 11 12 31 24 45 33 36 18 22 48 35 25 18 37 35 21 35
1 16 14 17 7 19 6 15 16 10 10 12 19 7 10 1 6 9 1 15
23 50 36 45 25 50 25 53 49 20 50 29 36 19 34 5 28 45 28 32
7 13 1 11 1 2 14 13 11 15 5 1 22 10 14 1 12 11 1 8
19 34 19 25 6 31 28 43 36 29 28 14 35 23 24 6 31 34 11 29
13 45 31 42 34 48 28 39 49 45 36 49 53 47 47 12 31 42 24 52
24 63 14 25 34 56 28 57 49 32 35 38 57 40 37 16 48 52 31 48
16 29 24 26 5 28 18 31 33 33 15 23 30 25 24 10 14 22 9 30
3 18 10 12 6 16 1 8 12 8 6 17 12 13 10 1 1 7 1 11
14 43 23 25 10 42 13 45 43 28 30 34 48 25 30 14 26 38 22 26
24 40 24 23 4 36 31 52 43 39 13 20 55 32 30 20 39 40 25 33
11 48 18 23 19 49 15 45 43 19 33 43 48 25 30 26 43 52 35 28
6 18 19 18 3 19 4 21 19 13 17 18 19 5 5 1 8 15 7 7
1 12 10 13 1 11 5 16 17 20 7 10 15 8 11 1 1 8 1 13
18 65 14 27 31 58 20 51 51 26 30 48 64 35 37 26 54 57 41 36
5 16 10 11 4 19 12 26 20 24 16 19 22 21 18 4 15 24 8 19
23 63 35 29 25 57 33 52 50 13 38 44 64 24 44 10 42 45 35 43
