1000 20 10 2294
11 6 2 1 24 12 10 9 3 12
3 9 4 11 11 10 19 18 6 2
0 6 4 10 0 1 1 1 2 2
10 6 9 21 12 13 13 1 3 11
4 7 14 1 10 2 19 0 4 19
14 5 5 1 5 10 10 6 7 3
3 5 5 2 9 3 10 1 3 1
5 3 0 4 1 1 3 2 6 4
3 2 3 3 0 4 11 4 1 2
6 3 17 3 2 1 5 6 8 7
9 0 10 6 16 1 28 16 1 4
15 4 2 6 11 15 9 5 12 7
6 17 4 3 6 6 11 12 12 5
7 4 7 5 4 10 7 13 1 9
1 18 3 5 13 4 5 3 5 6
11 1 11 9 3 1 1 5 4 1
0 3 0 21 13 15 17 9 3 2
5 6 8 15 5 0 8 12 11 9
1 6 13 1 13 13 8 5 1 4
6 9 10 4 16 9 5 3 10 13
3 3 2 1 3 3 4 2 5 5
12 5 15 5 7 9 2 6 10 2
3 10 9 9 0 0 9 3 3 10
13 10 6 4 12 7 2 8 9 16
9 0 3 1 3 0 2 3 1 2
13 12 2 19 1 10 2 12 5 14
20 12 21 6 5 4 7 7 4 4
8 3 9 10 1 3 8 5 2 8
13 4 9 6 5 6 7 1 5 8
8 1 4 9 2 2 1 3 0 3
7 11 2 0 5 4 1 8 13 8
0 4 6 1 8 1 3 4 7 2
0 9 20 18 12 9 0 18 1 12
2 9 7 2 8 5 5 9 4 4
9 3 9 12 12 9 18 2 20 10
6 4 3 10 5 13 10 7 6 1
6 20 3 1 5 2 5 16 18 5
7 10 6 1 12 5 18 2 10 10
2 5 6 7 0 3 4 4 4 0
3 15 9 1 7 7 3 4 3 2
7 1 21 3 3 3 8 4 0 2
7 3 6 1 3 2 2 1 5 2
0 3 2 1 2 9 8 7 3 10
12 0 2 14 3 6 23 5 1 12
0 3 11 1 14 7 2 1 3 2
11 5 9 14 8 7 7 6 12 0
6 6 19 28 1 10 0 0 10 1
0 8 1 0 7 9 2 6 24 5
0 9 3 6 5 7 3 5 0 4
7 1 7 8 5 1 10 10 0 6
1 6 11 2 2 1 11 2 8 2
12 6 7 1 0 3 6 6 28 18
4 2 1 1 1 4 7 3 4 4
6 2 6 11 3 16 5 9 16 10
5 4 6 0 3 1 6 5 3 2
1 9 0 4 6 2 21 10 7 2
1 3 10 1 6 9 7 3 11 11
3 3 10 2 3 5 5 23 5 7
10 3 4 7 7 5 14 9 10 9
8 4 3 17 23 3 9 13 7 10
18 13 19 9 5 6 10 2 8 13
3 16 2 23 10 7 0 7 10 6
10 6 4 17 4 6 12 7 16 0
6 12 17 3 1 7 5 14 21 20
8 2 5 6 11 3 4 1 4 8
2 1 23 12 14 5 7 17 11 11
15 2 10 3 7 3 8 9 1 2
22 7 8 5 13 10 4 0 11 1
1 8 9 11 1 7 6 1 7 24
0 0 8 6 2 7 3 2 4 5
3 6 2 2 5 3 3 3 6 1
19 11 5 4 2 19 14 1 9 17
0 3 7 1 1 3 11 0 1 6
8 1 11 8 1 2 12 4 2 4
3 14 3 1 21 24 4 10 1 15
5 5 4 2 2 3 4 3 1 3
3 23 22 15 7 1 3 8 8 8
6 1 9 1 8 10 2 18 7 8
9 5 8 16 14 16 10 14 2 20
11 5 2 18 2 4 8 8 21 1
6 4 1 3 2 6 5 11 4 5
5 4 5 5 1 5 9 10 9 6
13 2 13 12 3 1 7 14 5 6
22 17 17 14 4 4 8 7 11 10
10 14 1 9 5 14 19 7 15 9
9 2 1 2 1 5 0 12 23 4
5 8 11 7 13 6 15 14 21 8
3 13 13 0 2 2 4 19 13 15
8 4 11 2 9 3 13 1 8 5
1 13 5 5 0 2 11 3 1 15
5 1 3 13 7 5 10 21 19 8
4 15 2 8 9 9 1 2 11 7
16 6 5 3 2 8 6 6 21 18
0 5 10 7 9 8 10 12 20 9
2 18 2 9 5 4 4 1 4 9
1 14 4 3 3 16 14 2 6 17
8 19 3 1 17 4 9 5 14 4
1 12 9 7 5 2 5 7 6 14
2 16 5 31 5 5 2 14 7 4
5 2 1 2 2 3 1 3 0 7
14 5 18 7 9 2 5 13 3 8
16 2 1 3 3 10 12 8 15 10
12 13 4 0 7 10 12 6 1 4
14 14 11 1 19 2 1 12 12 8
1 2 5 1 3 10 4 2 10 4
3 7 13 8 11 8 10 16 7 14
1 19 5 11 4 26 15 1 6 10
8 7 20 5 1 3 15 13 15 1
11 8 4 6 3 22 1 3 2 2
18 17 15 0 17 3 1 5 6 13
1 2 0 4 3 4 1 6 7 7
4 13 3 24 8 7 10 4 8 15
5 16 6 6 9 1 5 0 5 6
2 0 19 22 9 1 4 0 1 8
7 8 5 2 3 1 4 14 7 10
7 2 6 5 0 4 3 7 0 7
1 1 1 1 10 2 2 4 1 6
18 6 11 3 0 2 1 1 6 7
8 4 5 17 3 3 0 20 6 4
2 7 7 11 12 13 2 5 2 4
3 8 3 4 31 3 7 9 17 6
0 14 4 3 4 20 3 6 6 3
4 5 29 2 8 4 11 12 9 6
5 14 4 21 8 9 1 12 10 6
4 23 2 8 6 5 6 5 4 8
8 3 5 1 0 0 2 0 1 2
2 18 4 2 1 7 8 4 21 15
6 5 14 3 1 11 5 13 6 5
1 3 1 7 6 2 3 4 4 5
6 5 7 1 2 1 9 3 3 4
6 9 6 4 2 5 2 1 3 6
6 3 5 11 9 2 9 11 4 2
3 8 3 26 7 1 18 2 5 17
10 17 1 10 9 1 0 11 2 11
12 4 3 7 5 2 5 21 1 10
13 9 6 5 2 16 2 8 12 0
2 10 5 10 2 1 14 8 4 5
15 11 1 0 1 10 3 13 12 1
5 12 2 7 5 20 4 2 6 3
2 8 2 16 15 2 12 3 14 4
2 2 8 6 1 7 4 6 3 1
11 1 5 14 6 15 7 9 4 2
1 5 6 1 2 6 7 2 3 10
5 1 8 2 2 6 11 6 10 1
6 2 1 2 4 1 2 3 6 4
9 6 9 5 13 12 10 7 1 13
9 4 6 4 1 6 11 9 2 2
2 10 3 5 7 13 8 1 7 12
12 7 11 4 15 7 7 2 4 8
14 1 5 1 8 10 21 8 3 4
5 6 1 5 8 1 15 16 9 21
0 4 1 1 3 1 7 2 4 4
11 0 13 12 4 1 0 2 1 3
16 7 9 2 13 20 3 5 7 1
5 2 2 10 11 18 5 15 14 10
2 4 7 2 0 2 11 10 4 6
6 0 10 6 6 4 4 1 2 1
10 4 18 2 3 25 7 2 9 16
9 3 9 5 5 15 9 1 7 11
7 3 11 6 4 9 2 9 5 5
9 3 10 6 11 6 4 25 16 15
14 9 2 7 8 3 2 5 10 0
4 8 9 9 5 6 1 5 1 5
7 13 16 2 16 15 16 3 3 4
6 14 1 1 9 3 4 0 11 3
3 2 9 5 4 5 2 10 7 3
0 11 4 4 4 1 6 22 4 18
5 12 13 15 4 10 10 8 2 17
0 6 4 16 1 4 5 6 3 9
8 11 20 12 10 7 6 8 9 19
17 5 15 3 2 17 0 0 3 10
6 0 5 3 5 20 21 4 12 5
7 12 20 11 4 5 19 8 12 3
8 9 20 0 11 12 3 4 10 2
7 2 3 9 9 12 5 5 3 2
17 5 5 6 6 1 9 9 6 2
5 11 7 11 8 10 5 0 9 6
1 3 9 9 3 1 7 7 6 8
7 2 5 5 9 5 4 1 3 5
3 3 5 3 7 6 4 4 2 3
8 23 5 4 2 7 6 5 3 15
14 14 1 5 2 4 11 0 0 9
24 6 5 13 16 2 1 5 7 20
11 9 15 11 5 10 9 4 2 2
1 2 5 2 1 6 4 4 7 7
6 1 2 5 11 0 2 0 9 5
3 5 0 4 3 1 6 6 2 0
9 9 4 10 1 15 3 8 13 22
2 8 8 1 4 1 1 0 9 3
11 2 2 6 0 6 6 0 4 4
0 0 2 1 4 2 1 7 4 5
1 3 6 2 2 1 1 5 5 4
6 12 2 4 8 8 0 12 7 22
3 11 4 1 11 5 3 7 12 14
0 3 7 4 10 11 2 7 16 4
24 6 2 17 3 21 3 0 15 4
14 18 8 2 17 15 0 4 7 0
0 1 4 1 10 15 4 0 3 2
2 15 7 13 1 6 19 16 10 12
4 3 4 3 9 10 0 7 7 12
1 14 12 5 4 7 4 1 10 1
4 5 3 2 2 9 2 5 8 8
12 11 19 6 16 4 1 10 4 1
1 4 24 2 0 4 1 9 20 15
7 7 6 7 8 4 5 1 3 4
6 7 5 6 22 3 6 6 10 9
0 0 4 4 0 4 2 1 2 8
7 2 1 0 3 12 2 7 4 0
0 7 9 10 4 3 1 1 2 1
5 4 6 3 4 12 3 7 6 7
10 20 12 17 6 7 10 0 20 7
0 3 6 5 6 11 5 2 9 0
13 9 18 5 3 12 12 8 3 3
4 19 8 1 5 6 11 4 28 7
6 11 0 7 6 7 6 6 12 2
3 10 5 12 3 11 3 5 13 11
7 1 4 8 7 12 4 3 3 3
13 1 14 13 4 7 4 7 6 5
3 5 4 1 10 14 4 2 13 7
2 6 7 7 1 4 3 3 8 4
9 2 11 2 7 0 7 1 8 4
0 2 0 7 12 4 6 2 3 4
16 4 2 2 9 7 17 19 21 1
7 0 3 2 7 3 2 3 1 5
3 0 6 13 6 10 0 22 18 7
9 0 8 0 6 14 6 0 10 6
5 11 1 4 5 4 1 1 2 7
5 4 14 0 11 1 11 2 7 1
15 3 2 16 4 4 19 2 6 7
8 8 3 4 8 4 6 0 11 2
4 5 10 8 4 10 12 6 17 4
3 4 5 4 7 1 7 1 5 3
18 2 4 5 1 9 18 8 18 11
1 13 6 4 0 1 10 9 13 12
4 3 11 3 6 22 2 3 7 15
6 3 3 5 1 4 7 1 0 2
0 0 2 1 5 3 8 0 2 7
6 5 3 9 8 2 16 8 4 4
18 2 16 15 13 6 1 2 3 6
4 8 3 1 2 13 4 7 3 6
5 4 13 0 5 4 10 0 11 5
7 2 13 7 1 19 7 2 9 9
2 0 5 2 2 5 0 8 2 4
9 1 0 1 14 4 4 5 3 11
4 6 3 3 8 6 5 4 5 6
2 5 11 5 11 1 5 3 5 11
6 2 3 10 18 16 1 12 4 5
5 9 12 10 1 6 5 7 7 8
1 10 6 20 13 5 5 6 4 4
2 8 14 0 15 2 6 5 11 3
0 9 5 3 2 19 19 8 17 1
8 4 11 5 1 3 7 2 10 8
9 12 6 32 0 8 4 9 4 2
3 10 18 1 1 2 4 3 1 18
14 2 5 18 12 14 5 2 6 10
7 4 5 5 8 4 12 3 4 10
1 2 4 0 5 5 2 3 5 2
12 9 15 14 7 12 1 4 3 4
2 17 13 4 15 0 4 7 9 5
3 5 18 9 3 7 22 7 3 5
2 1 4 5 1 12 21 1 1 15
8 2 11 9 12 20 8 4 7 2
0 8 2 2 6 6 2 8 6 1
10 2 2 9 2 1 4 4 3 8
1 6 4 3 6 5 1 0 3 0
12 19 4 7 6 8 6 1 1 2
7 5 6 8 14 19 8 17 12 18
7 8 17 4 6 3 1 7 5 5
5 8 10 2 10 21 10 25 0 10
5 7 8 9 2 5 2 7 1 4
7 4 2 5 10 1 10 10 22 7
5 4 2 2 2 1 5 5 3 5
14 1 6 10 8 10 17 3 7 16
4 7 1 4 3 4 3 1 4 3
4 7 11 11 1 9 16 10 0 16
4 2 12 2 8 3 7 9 10 7
4 2 5 5 8 1 1 1 1 8
19 2 16 9 18 15 1 9 4 3
3 6 4 9 8 11 22 8 1 7
3 0 6 1 4 7 9 5 5 7
5 6 1 3 11 11 2 3 0 12
3 13 17 13 5 4 8 1 4 14
6 10 7 15 3 14 18 13 11 1
4 6 1 1 7 3 9 8 1 7
12 6 1 13 4 1 14 4 9 7
3 3 9 1 8 11 2 8 4 9
3 4 6 1 4 5 17 0 6 10
6 9 7 17 18 6 19 3 1 13
6 11 6 9 28 15 3 11 3 11
15 20 11 12 6 7 11 10 12 0
8 3 2 2 2 15 8 0 17 9
2 10 3 2 4 10 13 6 7 5
3 3 6 0 4 1 4 8 0 10
14 19 1 5 6 7 7 8 8 4
1 6 5 5 2 15 2 1 10 14
7 1 2 2 9 3 4 2 6 0
34 4 0 10 1 2 9 4 9 3
7 1 1 2 5 3 12 3 7 5
12 11 7 9 5 9 4 6 2 3
7 15 11 7 6 6 1 24 0 1
4 13 24 10 11 14 1 6 2 7
1 7 3 2 3 1 3 3 5 5
1 1 15 6 8 5 2 7 9 0
14 8 9 11 17 6 8 16 4 1
6 9 2 0 10 6 3 10 1 2
5 5 2 14 9 1 5 12 25 16
3 19 11 6 1 19 12 8 10 9
9 10 4 6 10 3 11 15 9 6
6 16 23 8 3 2 8 4 12 9
25 0 12 8 16 5 10 2 3 5
5 4 6 5 8 2 3 6 4 9
1 3 3 3 1 5 0 3 8 2
1 3 3 1 1 1 1 2 4 11
1 2 13 13 15 9 1 6 5 14
5 5 12 1 5 8 7 7 10 28
2 5 6 6 6 4 0 7 9 2
12 10 3 9 3 1 19 16 5 8
16 4 6 5 20 15 19 2 5 2
0 3 6 3 7 3 6 2 2 1
15 5 0 23 15 0 13 12 11 1
14 4 11 10 0 8 2 6 8 8
5 11 5 2 15 1 3 0 6 0
1 1 9 1 1 7 7 0 5 7
5 3 5 3 8 0 16 0 6 7
2 2 1 5 0 5 10 2 2 2
24 6 9 4 9 4 8 2 7 24
5 2 16 9 12 18 6 0 6 15
7 3 9 1 8 16 6 8 16 22
9 2 5 15 3 7 4 21 25 10
4 2 3 5 2 5 4 3 13 12
5 9 13 5 10 6 4 5 1 18
5 5 9 5 6 3 16 2 4 8
1 0 8 1 12 6 11 0 10 9
11 8 3 15 14 11 13 14 8 2
8 2 3 3 1 2 5 1 2 0
10 9 4 3 7 10 8 0 12 12
16 8 13 1 14 1 8 3 9 8
3 13 7 12 13 3 2 1 0 7
0 10 1 12 7 4 18 6 7 24
4 2 4 5 8 3 6 1 9 13
7 9 12 11 10 20 6 6 14 4
7 1 2 14 6 10 4 1 1 1
0 4 4 5 1 4 4 5 7 0
18 7 9 10 2 9 7 14 0 5
1 2 4 2 0 4 1 6 6 4
4 2 0 10 10 19 9 12 13 6
7 9 1 2 5 1 1 1 0 4
19 1 5 11 5 1 2 9 7 3
12 6 5 1 3 4 8 10 5 5
4 8 7 9 10 4 6 2 1 2
13 12 12 18 23 2 5 6 13 3
16 14 11 15 9 5 7 7 3 4
29 5 1 18 4 4 5 4 15 2
4 6 3 2 6 3 5 4 9 6
3 13 2 8 7 5 2 1 5 3
8 12 10 10 4 8 12 2 23 5
9 0 8 16 18 12 19 8 1 9
1 7 7 4 0 10 1 19 0 11
1 5 8 1 2 3 4 12 4 1
1 13 6 2 5 1 3 3 8 7
3 13 4 9 4 2 6 9 13 9
9 5 14 11 7 7 2 5 1 4
0 2 3 3 1 11 6 1 7 7
5 3 2 3 0 10 4 6 1 1
0 23 19 16 12 7 6 9 3 3
1 3 10 8 6 4 12 6 6 17
1 15 3 12 1 2 11 10 0 4
12 4 15 17 9 3 11 2 3 13
2 16 14 12 3 0 2 10 1 7
2 4 9 12 4 3 11 2 17 9
13 3 4 26 3 10 6 7 8 2
1 5 12 10 13 6 10 26 17 4
1 1 5 1 5 1 2 0 4 4
20 6 2 12 6 7 12 4 3 19
1 2 2 3 3 5 5 8 0 2
5 18 7 8 8 11 10 4 6 4
3 16 3 5 3 6 4 11 5 14
2 7 9 13 7 3 8 1 9 4
11 9 2 12 11 9 5 6 1 8
4 4 8 13 0 1 3 7 12 13
3 2 6 11 8 7 12 21 0 17
4 16 1 11 19 12 12 7 18 9
5 4 14 11 5 1 14 1 8 3
6 1 7 2 9 1 10 1 3 4
9 6 4 3 6 4 2 6 1 6
2 5 2 1 0 4 6 3 1 5
7 4 6 9 2 1 7 3 4 3
4 3 16 8 7 2 5 12 4 5
13 6 15 10 25 1 8 4 10 16
4 7 6 9 8 1 4 11 1 0
4 8 2 6 9 3 1 3 3 1
12 6 3 11 13 7 6 5 5 16
10 2 12 0 8 4 9 3 5 3
3 17 9 4 1 13 17 4 15 6
3 7 32 9 5 1 1 14 7 1
1 5 3 6 5 2 2 1 3 3
4 0 7 21 9 4 0 0 8 10
2 1 1 4 7 3 10 7 0 15
3 12 4 1 10 0 6 17 1 14
9 6 16 12 19 9 7 3 13 9
15 4 21 10 19 5 4 8 14 1
7 6 4 10 8 9 6 3 8 23
12 8 1 7 1 1 9 0 6 6
12 0 7 6 2 2 0 5 12 2
4 2 3 9 8 5 1 3 4 2
6 6 16 7 3 5 7 2 1 6
18 9 4 7 6 4 13 7 3 4
0 1 2 3 7 2 9 1 8 9
8 0 4 5 1 5 4 5 5 7
7 1 12 1 1 11 8 4 2 15
14 19 4 6 5 9 9 14 10 14
4 0 2 13 9 4 6 4 2 3
7 18 7 11 10 5 4 0 3 6
1 7 4 3 7 4 7 2 1 8
21 13 1 10 3 17 9 7 0 18
14 7 13 2 5 4 1 2 10 6
3 13 1 12 18 11 0 3 10 6
1 1 9 4 1 2 1 5 5 1
7 11 3 1 4 4 8 11 2 4
6 0 5 1 20 10 1 0 2 3
4 4 2 8 7 11 11 1 4 3
8 1 3 0 5 14 5 2 18 9
5 1 2 5 4 2 1 5 2 2
10 3 5 9 3 5 6 3 12 8
9 16 8 5 23 9 12 5 6 10
9 11 7 7 3 8 0 7 8 5
1 4 4 14 12 13 1 3 7 17
2 3 3 3 2 14 6 2 10 6
13 2 9 5 17 5 2 24 6 12
8 0 6 5 14 10 8 7 7 15
4 7 2 11 0 3 1 2 5 3
3 4 2 1 5 2 6 6 4 3
15 22 18 9 16 3 0 6 11 8
4 3 17 6 18 15 7 14 2 18
15 0 10 2 14 1 1 3 4 5
17 11 1 6 3 12 6 4 8 11
4 9 13 14 20 17 2 2 0 9
2 1 5 3 2 5 0 8 13 17
11 3 12 6 5 8 9 9 18 0
3 6 1 0 6 2 6 14 0 6
5 2 4 3 0 9 3 1 6 7
4 18 7 3 11 21 3 8 4 8
13 7 6 5 14 6 27 1 0 6
9 4 5 1 3 2 3 6 4 3
15 11 8 8 10 6 4 19 6 14
10 19 3 6 18 9 9 7 18 1
2 4 3 1 7 15 10 19 17 6
4 4 0 4 12 2 4 2 2 4
4 4 10 2 9 7 0 6 1 5
6 1 9 2 4 9 1 6 21 15
5 8 10 16 3 1 26 7 6 13
3 4 2 2 12 5 12 2 6 7
13 5 25 8 12 14 1 14 4 1
2 1 4 3 1 3 5 8 4 10
5 4 3 1 5 2 0 7 7 6
9 2 1 3 3 9 0 10 1 9
4 1 1 0 2 2 3 6 1 6
11 1 1 3 15 3 2 1 10 9
0 16 9 24 5 2 9 7 0 15
15 6 0 8 4 8 12 5 9 8
7 13 9 2 3 3 12 4 21 5
17 4 10 3 16 17 1 12 2 3
1 16 18 12 7 8 16 19 5 6
1 10 4 4 4 4 1 1 11 1
14 2 6 3 13 1 1 3 10 9
1 4 1 5 5 1 10 0 5 9
5 2 13 2 0 3 5 2 0 4
6 1 8 4 6 9 11 6 4 10
8 0 7 5 6 8 7 1 4 2
13 1 13 1 1 1 7 6 12 7
1 9 2 7 7 1 7 5 1 0
2 2 4 12 3 2 1 0 3 4
13 3 10 6 1 18 11 16 16 2
4 2 10 2 2 10 16 7 4 4
2 2 2 4 11 3 14 4 3 3
10 4 6 1 5 5 10 4 1 3
4 8 7 6 17 9 14 8 21 11
3 6 3 1 1 0 1 3 4 5
1 8 5 1 1 10 2 4 1 4
8 3 9 8 1 1 2 9 4 3
8 7 1 1 3 2 1 4 8 7
4 4 1 0 6 4 1 2 9 8
24 20 9 5 3 5 3 13 3 13
1 6 5 2 16 7 13 9 3 11
4 1 5 6 4 1 2 8 1 3
16 1 1 13 4 1 4 9 4 2
3 2 1 2 11 1 4 5 2 1
12 15 9 6 2 0 13 6 25 2
3 9 7 8 1 4 9 4 6 6
9 1 4 3 4 0 2 7 12 4
19 8 3 6 6 4 6 11 1 23
1 7 16 10 2 18 1 7 5 0
3 10 2 13 9 1 3 5 3 13
1 1 6 4 2 1 3 3 9 0
7 5 2 6 2 3 1 1 2 4
6 8 6 2 7 0 11 2 4 7
16 9 9 7 17 12 4 2 20 10
15 16 11 14 13 1 4 13 10 11
7 7 2 5 5 2 1 5 14 8
1 9 19 3 9 9 16 3 14 18
2 0 4 4 6 4 3 9 2 8
10 8 10 5 1 12 9 2 8 10
25 8 6 9 12 8 11 17 9 9
2 0 1 7 0 1 4 6 1 2
18 5 14 7 4 2 5 8 1 13
13 21 4 10 6 11 8 7 4 4
16 9 3 7 13 0 9 17 23 2
15 8 10 5 1 5 7 14 1 11
10 10 26 8 11 6 7 0 12 4
1 14 2 7 5 9 19 6 6 11
9 4 8 15 9 2 0 8 3 9
3 2 4 15 16 10 12 14 5 2
13 2 5 11 10 4 10 9 2 5
6 4 13 1 1 5 3 8 15 7
21 9 4 11 5 4 11 26 6 5
2 1 4 7 1 2 5 9 0 5
4 10 8 3 11 1 8 7 9 8
13 1 10 9 0 5 4 11 7 7
2 2 9 3 1 7 5 5 0 6
11 10 4 9 16 20 12 9 11 6
2 8 3 7 3 3 8 1 6 1
7 2 0 2 3 4 4 3 4 3
5 9 0 8 3 2 5 8 6 10
15 11 15 4 9 4 1 2 7 3
6 4 13 2 6 7 7 4 3 8
7 4 1 3 4 2 4 1 5 8
3 4 8 6 9 1 2 5 7 9
16 26 7 7 10 7 0 8 4 16
6 17 1 5 7 11 1 2 3 8
6 11 15 5 9 6 15 8 2 21
4 6 4 2 8 6 8 6 7 0
7 1 5 10 6 11 9 9 12 3
5 13 7 2 1 7 10 8 13 6
1 2 0 10 4 7 2 1 6 7
5 4 1 0 1 6 6 1 0 5
0 4 1 9 9 0 6 5 0 1
11 2 4 1 4 0 5 16 23 10
5 17 8 1 12 5 12 3 16 6
8 3 8 5 17 26 8 6 6 8
4 4 10 2 4 9 1 7 0 3
2 7 3 12 8 15 4 3 2 3
5 6 2 3 5 9 3 11 1 6
5 8 0 10 6 5 14 3 7 4
3 13 1 17 21 8 19 2 4 13
19 2 10 2 10 2 10 4 6 9
6 5 4 6 2 8 2 14 1 5
3 2 9 10 8 6 5 3 12 24
5 6 11 14 5 9 1 11 3 4
2 0 2 11 7 9 8 2 3 10
4 1 2 5 4 1 4 3 3 1
9 6 6 26 6 11 2 15 6 4
6 0 8 7 2 0 2 8 7 5
12 14 5 16 9 18 16 1 10 1
5 5 2 14 0 3 4 2 6 10
2 3 7 1 3 2 3 7 3 3
25 10 1 1 1 1 18 4 7 11
10 2 2 1 2 9 1 1 7 3
12 8 6 18 8 2 4 4 15 1
12 2 6 1 13 9 13 2 2 0
1 10 2 7 9 15 7 11 11 2
1 10 1 8 4 0 4 6 8 5
1 3 3 1 9 2 1 11 20 11
10 0 5 1 3 11 18 5 21 10
0 8 4 4 8 3 8 10 5 6
7 13 23 0 10 1 15 2 7 2
3 3 5 2 5 5 1 14 5 5
13 3 12 11 9 8 1 27 6 9
2 8 12 1 1 9 4 13 1 8
2 6 5 9 29 12 12 2 4 3
4 10 3 3 2 3 6 2 3 0
8 1 1 3 7 17 0 8 6 12
6 13 4 1 1 9 10 3 11 8
8 5 13 0 4 12 1 3 0 9
11 9 5 11 2 6 2 1 3 4
6 3 2 8 6 2 1 15 9 3
6 12 4 1 8 5 4 1 1 2
10 9 15 5 5 5 19 8 8 1
2 1 0 3 7 4 6 6 0 8
6 19 11 15 0 7 0 8 0 9
2 0 11 23 13 12 5 3 16 0
1 13 8 0 11 11 1 11 7 9
1 8 2 6 4 11 13 12 3 8
2 17 5 8 4 1 5 5 8 3
3 12 2 12 7 2 11 5 6 9
19 12 15 13 4 1 5 1 4 6
4 2 6 15 8 0 2 11 3 4
15 7 0 13 3 1 1 0 6 4
9 9 10 0 2 14 5 8 7 1
8 14 16 17 5 13 19 5 6 10
10 8 27 7 4 11 11 1 6 2
10 3 13 6 14 18 10 4 7 4
9 11 1 5 10 12 14 7 7 3
3 1 1 3 1 7 4 0 2 7
9 10 4 1 3 8 19 7 1 2
9 8 5 0 7 8 2 7 16 8
6 9 1 8 8 4 8 8 13 4
1 2 7 1 3 2 5 1 4 5
2 15 4 4 8 0 8 2 9 9
3 4 0 8 6 10 1 22 4 1
5 3 4 2 6 1 2 2 4 5
4 8 3 5 13 8 4 9 2 2
4 10 3 2 9 1 17 16 11 15
7 4 1 4 1 4 5 3 10 3
3 7 6 13 2 9 17 20 6 7
5 2 10 2 8 17 6 12 10 1
5 1 2 1 2 3 6 6 5 2
3 5 2 7 2 8 1 5 10 1
2 3 1 4 18 7 5 5 1 4
8 12 4 5 7 5 9 0 5 1
3 3 1 7 10 17 8 15 4 10
2 3 0 9 14 9 11 3 4 5
3 4 1 2 1 5 1 9 2 0
20 3 17 15 5 14 1 7 14 9
20 9 7 1 9 15 2 9 4 15
5 7 4 2 1 1 1 1 5 3
3 3 7 3 2 1 2 6 2 2
5 2 4 3 15 21 20 3 3 11
2 9 9 0 1 0 1 5 3 5
12 7 2 4 2 11 7 12 18 18
12 7 5 15 5 30 9 5 4 3
11 6 7 8 10 6 1 2 1 2
7 8 0 1 20 13 3 22 12 4
3 1 11 7 0 3 7 9 3 7
5 3 14 2 3 6 4 2 3 16
8 2 2 6 2 2 1 3 4 14
2 8 0 4 3 6 2 9 7 2
3 2 16 8 14 3 11 10 28 5
5 5 1 11 7 5 9 7 24 4
1 5 8 9 7 5 7 4 1 5
2 6 3 11 12 8 3 12 2 19
9 9 14 3 4 7 2 7 1 5
2 9 7 7 7 6 3 11 3 7
6 6 10 9 1 11 7 12 11 21
1 5 2 2 4 3 2 5 5 9
13 5 12 17 1 4 2 2 1 5
1 15 3 13 24 5 6 7 4 6
6 3 5 2 11 19 6 7 12 2
8 2 1 1 2 7 7 3 5 2
4 0 0 3 5 5 2 7 1 3
9 8 5 18 0 11 5 5 14 7
0 3 8 5 14 3 10 5 2 8
5 1 1 3 3 0 10 1 0 3
6 5 8 4 22 1 20 9 4 14
5 5 29 14 4 1 3 11 15 4
1 1 7 10 16 2 4 7 1 0
1 2 4 5 2 1 6 1 7 7
4 1 9 1 4 1 4 5 10 5
10 10 5 3 8 5 16 6 1 28
16 17 7 8 15 18 9 2 11 3
5 11 1 10 7 2 3 10 3 1
2 3 12 7 12 24 3 5 1 0
8 12 10 0 13 1 13 1 13 17
4 18 7 12 7 4 2 10 1 6
7 5 9 1 8 8 3 2 7 11
3 1 17 2 16 1 10 17 4 6
15 11 3 10 19 8 13 8 8 8
7 2 3 0 6 4 1 3 1 7
3 5 32 9 5 9 3 12 9 6
8 6 21 2 15 16 12 0 1 2
2 2 0 10 4 1 0 5 4 1
3 1 3 8 12 2 1 1 13 7
2 15 9 3 8 3 4 1 3 3
2 7 6 1 3 0 4 3 1 6
24 7 14 2 3 16 9 13 9 4
7 5 0 1 5 7 3 4 7 10
16 7 4 11 2 25 4 7 5 12
11 17 14 3 7 2 7 11 6 3
7 0 12 2 2 0 11 7 6 7
4 3 5 11 5 8 1 4 3 8
2 4 5 1 1 8 8 2 0 0
9 18 11 8 0 15 9 14 14 12
3 1 1 9 19 2 7 2 7 1
0 1 5 6 2 5 5 1 7 2
9 18 3 16 3 11 14 5 3 12
8 8 6 1 10 0 5 4 0 2
12 4 0 16 9 16 11 9 7 16
5 6 1 4 0 0 3 4 2 6
7 2 0 4 8 11 7 3 1 5
0 3 11 3 7 11 1 0 0 2
21 1 3 5 3 23 4 15 11 12
0 0 5 17 6 7 8 1 9 4
6 15 0 4 4 8 1 3 7 4
0 3 12 2 13 5 4 7 1 16
4 8 4 11 2 3 5 4 15 3
10 2 9 3 1 9 17 8 22 12
6 6 1 2 7 6 3 4 1 1
1 6 6 2 3 3 3 3 6 6
1 2 2 3 7 0 5 3 4 6
3 8 7 2 3 1 7 0 2 3
10 17 6 17 10 4 6 20 10 0
7 4 3 22 9 5 13 12 1 5
14 10 1 8 10 5 2 5 19 14
10 3 8 1 1 3 7 8 3 6
0 3 10 17 8 0 8 0 2 11
2 9 13 7 3 4 0 2 4 2
0 2 6 2 6 3 11 1 2 8
5 8 7 11 11 4 2 5 18 21
12 11 11 4 2 3 16 9 8 9
4 5 17 7 23 1 5 5 5 14
4 3 3 2 2 4 2 6 7 5
4 3 1 9 3 10 1 7 10 0
1 10 4 6 4 6 6 4 2 3
5 5 8 5 3 10 4 7 4 1
8 4 3 3 7 7 10 8 9 17
0 6 8 4 8 3 3 4 4 3
11 16 10 17 2 5 3 8 11 3
5 4 2 2 0 1 5 6 6 7
3 6 6 7 12 3 7 5 4 5
17 4 5 10 2 10 14 12 9 6
4 10 2 19 4 10 4 6 4 14
15 4 13 3 16 3 2 1 6 11
12 12 15 16 8 2 5 4 10 4
4 4 12 3 3 3 2 7 10 3
13 3 1 0 5 9 10 1 8 19
3 5 6 25 2 11 14 1 10 6
14 9 8 13 4 11 19 19 6 4
4 3 1 6 2 6 6 0 0 1
1 4 18 6 5 4 15 7 7 9
1 5 1 2 6 3 5 1 3 2
9 2 0 5 8 7 11 2 7 3
20 6 26 4 5 3 1 5 9 18
9 13 13 12 12 3 4 12 8 3
2 5 4 3 2 4 2 7 1 12
2 14 4 9 4 2 2 8 2 3
2 0 3 4 1 5 4 5 3 1
12 1 7 12 2 2 3 9 8 7
21 8 14 7 16 9 8 1 11 15
6 11 4 4 16 24 8 17 0 9
8 6 1 14 3 2 13 6 1 14
8 16 8 7 4 2 15 5 20 11
4 0 10 1 5 12 12 15 11 11
0 1 0 7 6 4 1 1 1 0
8 11 19 12 1 1 17 12 4 12
4 2 4 8 1 6 11 10 9 4
8 5 14 10 2 14 7 24 10 14
3 5 0 12 10 7 2 26 6 9
4 1 4 3 10 5 12 1 11 4
6 20 8 9 6 15 13 3 10 6
2 13 6 14 11 6 2 4 3 5
11 6 13 1 3 15 11 15 2 0
12 16 0 3 4 0 6 10 10 7
21 9 1 1 6 5 3 14 17 21
19 4 11 12 17 9 17 3 0 2
10 13 5 11 17 12 2 6 7 5
11 6 1 5 14 5 1 13 7 2
7 7 9 5 5 2 1 14 18 22
3 6 13 1 3 4 10 7 3 12
3 23 9 6 11 10 9 11 6 4
19 1 12 12 0 0 7 13 20 2
12 9 4 4 8 0 1 4 7 15
13 7 3 7 6 5 6 12 1 5
17 6 6 1 1 7 1 4 4 21
2 5 2 16 5 17 15 2 3 9
1 7 4 10 12 9 10 5 10 4
3 11 1 12 0 5 3 7 2 2
7 20 6 13 6 4 2 1 10 1
24 16 1 2 3 2 19 1 3 7
14 3 6 10 24 10 4 13 8 1
8 1 12 16 1 3 22 3 2 4
3 6 2 1 1 1 3 6 2 4
5 9 5 1 4 7 0 1 0 0
1 15 2 16 24 5 7 8 13 7
2 5 1 6 9 4 4 5 13 2
15 9 23 4 16 4 0 8 11 16
3 8 2 2 5 4 2 0 3 1
6 3 7 13 8 13 9 5 5 3
2 11 3 6 4 1 7 5 12 5
10 11 10 3 9 2 5 17 12 9
11 3 23 19 1 16 0 5 13 3
8 12 12 14 16 7 7 8 12 2
4 4 3 5 11 1 0 3 3 12
6 13 1 16 10 7 2 4 2 7
1 11 10 11 12 1 4 7 15 9
27 10 6 12 17 4 9 1 1 2
9 2 3 2 3 4 14 10 5 3
8 7 6 13 1 4 4 9 1 11
4 2 1 0 4 7 1 1 4 6
11 12 7 5 9 6 1 12 6 6
2 1 1 1 9 8 1 8 18 6
1 9 12 14 3 0 12 22 7 3
7 13 9 3 21 11 15 13 4 12
6 4 4 11 3 1 7 1 2 5
3 2 8 3 3 5 2 7 5 1
3 3 7 21 1 13 4 15 16 2
10 4 2 4 5 5 7 3 0 4
2 1 0 4 3 6 0 7 4 3
3 10 23 2 2 4 2 0 22 4
2 32 1 0 12 2 10 8 8 0
20 4 10 3 8 13 13 11 10 0
8 6 2 0 5 23 11 9 13 11
5 1 4 3 3 3 7 3 0 13
3 7 4 6 3 1 3 2 5 4
8 5 3 1 0 0 0 2 3 2
2 4 2 6 4 6 1 13 2 8
12 18 4 7 6 1 10 7 17 2
10 8 2 2 9 4 3 2 5 10
8 4 3 6 5 7 2 4 12 1
0 1 4 9 3 2 10 1 1 8
7 11 3 9 6 9 2 10 2 2
2 0 3 8 4 2 0 4 6 1
14 14 0 18 3 7 23 5 13 1
2 2 1 2 4 2 0 1 9 0
13 10 9 12 6 2 6 16 6 5
3 2 0 9 2 2 3 4 4 2
8 4 1 3 5 6 1 2 2 7
5 5 11 5 7 8 10 1 11 6
15 3 1 5 12 1 5 2 1 1
0 6 1 2 4 12 10 7 34 10
4 5 0 6 1 7 2 10 6 4
2 6 3 6 7 23 1 2 11 3
12 5 16 16 5 16 1 2 21 4
6 2 7 13 3 3 9 8 5 6
20 4 15 9 15 7 7 4 11 9
15 11 9 1 1 13 7 1 4 2
4 3 20 2 13 16 9 14 6 1
12 17 14 5 18 10 4 17 6 2
6 2 7 0 3 1 0 6 1 2
3 16 14 3 10 4 2 1 2 17
13 0 4 5 5 4 25 13 1 4
14 2 3 2 10 2 15 6 2 9
8 3 5 0 3 12 1 5 2 1
1 13 15 3 4 12 14 9 12 1
6 9 6 16 7 7 8 11 4 1
5 5 10 2 9 7 7 4 14 3
5 1 11 0 3 3 14 2 3 5
5 5 11 1 6 4 5 12 0 5
11 11 11 1 8 20 8 5 3 23
1 5 8 1 7 1 0 2 3 2
2 2 4 7 7 2 7 2 2 3
3 2 4 4 27 2 16 12 9 1
4 3 6 11 18 1 11 3 1 5
4 11 0 7 4 10 5 1 1 3
4 2 7 2 4 0 4 3 0 0
4 13 8 5 1 5 2 2 4 23
4 3 1 10 12 0 4 4 4 1
19 2 5 0 3 5 1 1 6 2
0 3 4 8 8 1 4 5 2 2
19 9 5 5 4 20 12 1 6 4
11 16 1 2 7 10 19 16 9 4
9 19 6 7 7 6 11 8 3 10
1 3 6 5 6 2 7 4 7 10
9 16 4 3 0 2 15 5 4 15
3 3 6 5 2 1 8 0 6 2
2 10 6 14 17 3 2 13 3 13
19 3 1 9 10 8 9 11 11 7
4 7 18 6 13 0 9 3 15 1
12 10 1 0 3 17 3 1 8 3
3 6 2 9 3 1 8 5 10 2
12 8 1 0 17 10 10 3 4 0
10 0 19 10 2 11 17 3 1 19
10 9 17 26 14 3 6 3 7 6
9 10 1 12 12 4 7 7 4 9
9 0 2 7 5 4 3 9 2 3
11 1 4 0 4 1 4 1 1 2
16 10 21 5 5 5 7 11 0 8
8 7 11 1 7 14 2 9 4 3
1 3 4 2 12 2 3 4 4 4
1 8 3 9 2 8 4 1 11 0
9 2 2 5 2 5 5 0 7 1
7 16 14 1 14 1 3 20 21 2
1 2 10 13 1 0 13 3 10 7
6 6 11 4 7 4 6 6 4 1
5 3 1 6 8 11 5 3 2 3
7 11 3 1 3 0 9 10 10 3
4 0 9 6 0 3 6 5 0 6
0 0 2 7 0 4 10 1 2 4
11 15 2 3 9 14 9 8 2 16
1 16 9 2 7 1 14 1 16 18
19 18 8 2 0 3 7 7 2 11
9 5 1 3 1 12 10 9 1 13
16 12 5 8 6 15 11 8 24 7
2 9 13 15 4 1 2 14 0 2
15 0 5 14 7 26 7 13 5 13
2 10 0 11 3 6 5 13 4 9
8 13 5 7 7 11 0 10 14 18
2 0 6 9 5 15 5 17 9 6
20 15 9 2 12 14 4 9 10 7
1 6 5 2 1 7 1 10 7 0
0 3 1 2 2 1 10 8 3 2
19 2 18 3 1 8 3 2 2 27
1 4 6 1 4 1 6 2 1 0
5 7 3 1 0 4 1 4 5 0
10 4 8 12 8 2 5 2 4 9
3 8 10 2 2 6 16 3 0 7
9 10 1 15 15 4 6 6 21 6
1 17 3 0 11 11 15 12 4 5
3 3 8 0 4 3 10 0 6 4
1 3 20 14 6 5 5 8 2 1
6 0 0 4 1 6 4 4 0 0
0 2 6 6 1 1 7 7 0 4
9 5 7 13 4 10 3 7 10 8
6 14 5 8 16 11 24 1 14 0
10 3 6 6 19 8 1 7 18 2
4 1 28 1 1 1 3 19 18 7
1 1 0 4 1 1 7 2 3 6
0 7 9 7 3 8 23 25 6 4
2 1 8 7 11 1 7 10 10 6
3 2 7 0 11 10 3 9 4 7
1 3 4 9 14 1 5 1 21 16
3 0 1 8 1 8 9 15 4 3
4 9 6 0 4 3 4 9 7 3
13 14 10 4 10 1 6 4 5 4
5 4 7 3 7 2 3 3 1 4
7 7 1 3 6 4 6 0 1 3
6 1 16 7 17 19 7 15 7 3
8 9 5 8 11 7 5 4 1 0
0 5 0 10 4 1 1 5 5 3
9 1 17 1 4 3 4 2 9 3
3 10 3 7 13 2 0 6 8 11
1 0 4 1 5 9 0 13 4 12
1 1 1 16 7 9 9 1 20 15
4 18 6 3 3 4 6 15 15 5
5 8 12 14 4 1 2 7 21 9
7 3 6 5 2 8 15 11 1 8
22 3 5 4 8 12 16 7 4 13
5 13 3 4 5 3 6 3 5 2
6 12 4 7 5 0 4 0 12 1
6 3 17 9 8 0 11 1 20 3
4 3 19 0 4 3 11 10 7 7
2 0 19 17 10 16 19 0 11 3
3 1 7 7 4 3 8 5 3 3
8 7 2 0 1 2 10 7 1 4
4 3 13 4 5 2 17 10 24 8
0 14 6 10 5 1 3 8 3 4
4 1 3 14 3 8 2 7 0 9
18 6 1 6 1 0 0 11 9 3
13 5 12 1 1 2 9 6 9 10
11 7 3 9 9 12 15 12 17 8
10 4 1 13 12 2 6 14 24 6
0 1 6 1 1 9 4 6 10 6
2 1 14 0 11 27 2 5 4 8
7 10 8 1 7 2 5 5 7 12
1 6 7 5 11 12 6 20 6 22
5 7 8 1 2 1 2 11 6 0
16 4 3 1 16 3 13 3 13 7
8 5 10 2 16 19 18 19 1 2
2 2 1 2 6 8 4 1 10 4
2 7 2 12 11 6 10 2 16 3
9 4 13 10 5 6 1 11 14 15
9 7 2 1 2 8 1 0 9 6
2 7 7 16 11 2 10 19 12 3
8 7 21 5 0 2 9 0 3 2
4 4 8 12 1 3 9 20 2 23
3 1 4 7 11 1 14 2 10 1
1 0 1 6 3 5 0 0 7 2
5 3 4 8 3 13 13 6 0 0
26 4 3 6 5 1 11 22 8 6
5 0 4 8 9 1 9 6 12 7
5 3 15 5 12 1 5 8 20 14
20 13 6 0 4 2 6 3 9 9
12 7 8 20 3 16 10 6 14 5
5 6 15 2 5 7 12 4 18 8
16 6 4 9 5 12 1 12 15 16
2 8 3 6 1 12 1 5 8 2
1 5 12 14 10 3 9 9 2 2
16 9 7 3 8 2 12 3 10 5
8 11 7 8 7 15 1 9 0 6
9 15 6 0 5 4 18 1 5 14
3 3 1 7 2 7 6 4 5 0
0 4 4 8 7 1 1 7 12 0
3 8 7 12 5 7 9 3 8 23
5 12 5 4 1 1 13 15 6 4
2 16 5 6 7 24 2 5 7 17
0 1 6 4 2 7 5 1 3 2
9 0 2 7 4 2 0 4 4 9
4 3 5 2 1 5 6 4 1 2
9 11 7 16 8 5 19 7 10 3
1 4 10 9 2 4 7 12 5 2
13 9 1 9 4 16 25 4 4 17
4 3 5 1 2 2 3 9 2 5
2 4 0 8 5 5 6 2 0 2
2 0 1 5 7 10 3 4 6 3
5 9 8 5 11 0 14 7 19 13
10 7 1 8 0 2 6 3 1 1
5 4 4 2 6 0 1 0 7 1
4 4 1 4 14 2 8 6 1 0
5 0 1 5 2 0 3 11 5 7
9 7 2 5 21 13 22 1 1 4
3 7 5 3 12 26 11 6 4 3
3 11 5 5 7 3 2 5 8 4
5 0 3 6 4 4 5 1 5 1
3 3 2 7 5 0 11 3 4 2
13 3 3 1 17 13 3 0 14 20
4 5 4 3 1 3 11 6 10 5
2 6 2 4 4 1 5 4 2 3
3 6 1 2 2 6 0 4 2 0
7 10 5 7 4 3 5 4 7 6
5 5 3 0 6 1 6 4 7 5
2 4 3 16 13 1 4 14 3 9
3 7 18 0 3 1 2 2 0 12
1 4 4 4 4 5 3 19 1 9
6 11 1 3 3 13 13 19 0 17
10 11 1 7 6 3 2 7 11 5
0 13 1 11 24 8 4 4 4 12
6 5 2 3 6 11 23 9 2 8
5 4 4 14 3 1 0 10 1 0
5 6 12 13 1 1 6 1 1 7
4 4 6 3 10 6 4 12 1 3
19 14 0 4 2 19 10 0 2 6
1 1 1 7 9 0 2 0 10 5
1 26
1 35
1 55
1 59
2 47
2 75
3 10
3 69
3 74
4 36
4 47
5 53
5 87
6 17
6 50
6 93
7 39
7 55
7 62
7 101
8 49
8 53
8 69
8 77
8 91
9 18
9 36
9 51
9 57
9 84
9 100
9 105
10 70
10 107
11 52
11 63
11 88
11 97
12 18
12 38
12 43
12 72
12 95
13 59
13 83
15 31
15 52
16 43
16 81
16 102
16 108
17 80
17 83
17 116
19 57
19 64
20 82
20 93
20 102
21 58
22 67
22 70
22 104
22 107
22 114
23 81
23 87
24 32
24 37
24 56
25 44
25 57
26 108
27 53
27 54
27 83
28 45
29 71
29 85
29 114
29 116
30 40
30 68
30 74
30 95
30 97
31 65
31 84
31 104
31 115
31 124
31 128
32 107
32 112
33 57
34 90
34 91
34 100
35 47
35 73
35 77
37 41
38 77
38 86
38 122
38 138
39 48
39 86
39 124
39 132
40 69
40 93
41 86
43 105
43 127
44 48
44 61
44 82
44 84
44 85
44 120
45 119
45 131
45 141
46 79
46 139
47 92
47 105
47 132
48 123
49 97
49 143
50 117
51 86
52 54
52 108
52 135
53 57
53 94
54 107
55 115
56 81
56 109
58 110
58 149
59 63
59 108
59 135
60 83
60 112
61 101
61 156
62 94
62 110
62 132
63 67
63 119
63 123
63 156
64 116
65 100
65 136
65 154
66 162
67 72
67 75
67 118
67 141
67 151
67 167
68 95
68 165
70 73
70 77
70 83
71 96
71 97
71 142
71 162
72 108
73 103
73 119
73 166
74 81
74 96
74 110
74 136
74 149
75 125
76 106
76 159
77 85
77 99
78 174
79 125
80 111
80 131
81 107
81 125
81 129
81 180
82 105
82 148
82 170
83 154
83 161
85 129
85 130
85 171
85 179
85 181
86 163
86 170
86 172
87 115
87 163
88 91
88 101
88 122
88 137
88 138
88 178
88 179
89 178
90 122
90 161
91 121
92 94
92 112
92 122
92 144
92 180
93 182
94 110
94 125
94 128
94 156
94 168
95 148
95 181
96 140
96 163
97 112
97 120
98 114
98 168
99 148
100 119
100 178
100 194
101 176
101 186
103 129
103 168
103 170
103 173
103 180
103 187
104 109
104 166
104 184
105 116
106 132
106 135
106 137
106 145
106 185
107 136
107 204
108 171
108 181
108 185
110 158
110 177
110 197
111 122
111 202
112 178
113 172
113 192
113 206
114 204
115 153
115 178
115 212
117 124
119 149
119 163
119 202
120 137
120 143
122 135
122 136
122 189
122 192
123 197
125 175
125 192
125 202
126 139
126 151
126 171
126 194
126 205
127 157
128 178
128 187
128 197
129 213
129 229
130 149
130 166
130 215
130 216
130 224
131 220
132 146
132 152
132 191
132 232
133 165
134 143
134 182
134 191
134 223
135 153
135 199
135 220
135 222
136 166
136 192
136 224
138 146
138 214
139 142
139 145
139 227
140 175
141 159
141 221
141 241
142 200
143 152
143 183
143 238
144 178
144 237
146 158
146 162
146 168
146 173
146 177
147 154
147 169
147 195
148 200
148 210
150 160
151 207
151 219
152 172
152 178
152 216
152 219
152 236
152 250
153 171
153 178
153 180
153 187
153 194
153 231
154 175
154 177
154 219
155 186
155 237
155 240
155 241
155 248
156 199
156 202
156 215
157 203
158 163
158 258
159 165
159 185
159 208
159 224
160 230
160 244
160 259
161 176
161 203
161 205
161 240
162 243
162 255
163 166
163 183
163 203
163 230
163 232
164 190
165 166
165 180
166 202
166 226
166 229
167 226
167 244
168 229
168 234
168 247
169 188
169 208
170 240
171 202
171 235
173 213
173 271
174 198
174 228
175 185
175 253
176 228
177 255
178 189
178 212
179 219
179 263
180 214
181 183
181 191
181 198
181 225
181 245
181 278
182 263
182 273
183 187
183 196
183 197
183 270
183 272
184 195
184 232
184 250
184 258
185 204
185 237
186 275
186 276
187 212
187 217
187 245
188 212
189 213
189 247
190 191
190 220
190 221
191 223
191 226
191 237
191 266
191 285
191 289
192 195
192 215
193 241
193 260
194 250
195 252
195 253
196 229
196 289
197 219
198 270
199 237
199 251
199 270
199 273
200 232
200 288
201 238
201 262
202 263
204 304
205 206
205 244
205 269
205 271
206 207
206 212
206 275
206 302
207 236
207 255
207 277
208 278
209 231
209 240
210 267
210 279
210 290
211 217
213 247
214 224
214 311
215 267
215 293
216 242
216 253
216 292
217 252
217 270
217 311
218 233
218 318
219 266
219 295
220 265
220 305
221 234
221 253
221 259
222 257
222 274
222 287
222 312
223 232
223 250
223 293
225 230
225 304
225 322
226 277
226 288
227 234
227 287
227 300
228 245
228 259
228 274
228 284
228 314
230 257
231 232
231 274
231 331
232 263
232 312
232 326
233 247
233 303
233 307
233 323
234 307
234 322
235 324
236 271
236 299
236 307
236 315
237 287
238 296
239 240
239 281
239 306
240 274
240 288
240 336
241 328
242 245
242 297
242 336
243 276
243 319
244 267
244 281
244 303
244 340
245 265
245 282
245 284
245 333
246 248
246 322
248 279
248 297
248 327
248 338
249 252
249 261
249 284
249 285
249 336
250 260
250 309
250 314
251 285
251 308
251 316
251 338
252 276
252 314
252 335
252 349
253 265
253 290
253 330
253 342
255 277
255 297
255 320
255 335
256 260
256 286
257 277
257 288
257 297
257 325
258 300
258 322
258 333
258 352
259 265
259 321
259 336
260 272
260 311
260 332
261 279
261 314
262 285
263 284
263 307
263 348
264 276
264 364
266 337
267 298
267 343
267 346
268 274
268 297
268 342
269 280
269 302
269 349
271 346
271 367
272 295
272 318
272 371
273 304
273 321
274 329
274 347
274 348
275 286
275 288
275 319
275 366
276 296
276 302
277 356
277 368
278 287
278 309
278 343
279 290
279 300
279 344
280 300
281 305
281 337
281 348
282 285
282 296
282 331
282 342
282 357
284 342
285 316
286 364
286 383
287 298
287 307
287 320
287 384
288 290
288 337
289 355
289 379
290 306
290 311
290 359
290 361
290 380
291 294
291 306
291 310
291 339
292 336
292 350
293 305
294 338
294 394
296 299
296 303
296 330
296 345
296 353
297 305
297 392
298 327
298 358
299 329
300 316
301 347
301 366
302 335
302 348
302 355
303 318
304 342
304 370
305 310
305 335
305 341
305 405
306 332
306 337
306 360
307 338
307 365
307 375
307 381
308 369
308 381
310 359
310 380
310 401
311 374
311 407
313 325
313 331
313 339
313 356
313 369
313 385
313 405
314 338
314 372
314 376
314 394
314 399
315 366
315 386
315 389
316 398
317 351
318 356
319 356
319 396
320 378
320 381
320 385
321 378
322 356
322 394
323 334
323 342
323 382
323 397
323 406
324 368
324 393
325 327
325 372
325 425
326 351
326 391
326 401
327 423
328 366
328 383
329 336
329 339
329 347
329 404
329 407
330 354
330 395
330 416
330 421
331 359
332 337
332 383
332 386
333 414
334 338
335 400
336 338
336 355
337 366
337 389
337 407
337 411
338 365
338 410
338 413
338 428
339 346
339 364
339 414
340 348
340 421
340 426
340 439
341 425
342 346
342 355
342 427
342 438
343 365
343 389
343 400
343 423
343 428
343 435
343 443
345 361
345 415
345 421
345 427
345 437
346 373
346 413
347 369
347 381
347 403
347 414
347 418
347 426
348 388
349 421
349 422
350 420
351 355
351 358
351 382
351 437
352 365
352 371
352 388
352 426
352 428
352 451
353 397
353 436
354 360
354 365
354 400
355 376
355 386
355 390
356 357
356 381
357 393
358 373
358 378
358 423
358 446
359 369
359 425
359 444
359 451
360 400
361 370
361 372
361 393
361 401
361 428
361 456
362 364
362 439
362 454
363 398
363 455
364 380
364 400
364 415
365 388
365 402
365 403
365 411
365 457
366 400
366 420
366 450
366 462
367 400
367 421
368 376
368 458
371 401
371 412
371 448
372 426
373 441
373 456
373 462
373 468
374 375
374 461
375 412
375 443
376 402
376 403
376 411
376 416
376 422
376 436
376 452
377 381
377 453
377 456
378 429
378 443
378 444
378 459
378 465
379 385
379 468
379 474
380 471
381 383
381 386
381 398
381 400
381 427
381 443
381 445
384 397
384 425
384 464
384 466
384 473
385 406
385 419
386 434
386 452
387 403
387 446
388 390
388 462
388 486
389 403
389 459
389 477
389 486
390 451
391 407
391 423
391 438
391 465
392 409
392 415
392 460
393 461
395 432
395 462
396 410
396 436
397 403
397 419
398 427
398 482
399 401
399 405
399 425
399 489
399 491
400 436
400 453
400 474
400 477
401 450
402 443
402 449
402 497
403 422
403 423
403 462
403 489
403 495
404 407
404 432
404 460
404 463
405 440
406 494
407 462
408 425
409 410
410 467
410 509
412 432
412 507
413 418
413 460
414 438
414 452
414 478
415 426
415 436
415 447
415 476
415 481
416 442
416 476
416 501
419 454
419 482
420 425
420 453
420 470
420 506
421 438
422 465
422 509
423 438
423 464
423 482
423 487
423 501
424 484
424 498
424 505
425 427
425 443
425 476
425 494
425 505
425 513
425 517
426 473
426 480
427 449
427 451
427 453
427 458
427 504
427 510
427 511
427 519
428 463
428 470
428 495
429 440
429 448
429 474
429 492
429 526
429 529
430 463
430 469
430 484
431 464
431 481
431 492
431 508
431 517
431 529
432 444
432 458
432 460
432 465
433 454
434 471
434 501
434 509
435 523
436 486
437 449
438 474
438 515
439 472
439 493
439 527
439 529
440 480
440 523
441 452
441 487
443 497
443 506
443 522
444 538
445 480
445 517
445 543
447 476
447 536
448 497
448 547
449 462
449 497
450 472
450 489
450 505
450 519
451 514
451 525
452 478
453 463
453 480
454 474
454 534
455 485
456 457
456 518
456 528
457 518
458 558
459 491
459 497
460 479
460 485
461 483
462 549
463 496
464 516
464 517
464 548
465 544
466 495
466 515
468 470
468 506
468 523
468 559
469 564
470 536
470 543
471 522
472 480
472 511
472 533
473 476
473 550
475 513
475 532
476 477
476 528
476 531
476 533
476 549
476 563
477 480
477 490
477 493
477 533
478 518
479 489
479 521
479 530
479 536
480 538
482 510
482 528
483 532
483 547
483 583
484 558
485 497
485 517
485 536
486 562
487 506
487 529
487 568
488 494
488 501
488 518
489 506
489 523
489 526
490 559
490 567
491 572
492 534
492 539
492 574
492 587
493 499
493 503
493 513
493 537
493 575
494 524
494 531
494 560
494 577
495 496
496 528
496 571
496 581
496 585
497 590
498 572
498 580
498 585
499 518
500 532
500 578
500 581
500 587
500 600
501 503
501 534
502 547
503 558
503 572
503 583
504 514
504 561
504 578
504 604
505 509
505 545
505 561
505 589
506 551
506 576
507 548
507 553
508 534
508 536
508 584
508 608
509 583
509 588
511 533
511 564
511 565
511 597
511 598
512 552
512 571
513 529
513 550
513 574
514 515
514 520
515 615
516 616
517 527
517 570
517 589
518 523
518 539
518 549
518 602
519 521
519 523
519 555
519 556
519 590
519 593
519 606
520 536
521 549
521 592
521 602
522 539
522 574
522 607
523 569
524 553
524 560
524 594
524 622
525 564
525 594
525 615
526 547
526 592
526 617
526 619
527 565
528 538
528 573
528 621
529 544
529 557
529 584
529 591
530 539
530 575
530 605
530 616
530 628
531 532
531 540
531 558
531 568
531 570
531 631
532 576
532 601
534 554
534 579
536 618
536 628
537 578
537 591
537 592
537 620
537 636
538 542
538 545
538 589
539 601
539 628
540 553
540 576
540 611
541 597
542 587
542 593
543 559
543 585
543 594
543 611
544 597
544 629
546 576
546 581
546 635
547 559
547 574
547 616
548 618
549 608
550 575
550 618
550 629
550 641
550 642
551 570
551 597
551 628
552 565
552 595
552 601
552 620
553 652
554 555
554 559
554 568
554 618
555 577
555 589
555 614
556 558
557 597
557 607
557 648
558 575
558 593
558 604
558 633
558 638
558 649
559 571
559 613
559 649
560 639
561 606
562 601
562 613
562 640
562 660
563 570
563 630
563 631
564 582
564 588
564 608
564 625
564 660
564 662
565 582
565 664
566 606
566 639
566 654
567 623
567 632
568 580
568 589
568 626
568 645
568 647
568 653
569 591
569 606
570 577
570 586
570 589
570 609
572 585
572 592
573 618
574 594
574 631
575 579
576 595
576 620
577 579
577 617
578 620
578 631
578 666
579 618
581 597
581 627
583 667
584 653
584 671
584 672
585 655
586 636
586 654
586 660
586 683
587 594
587 616
587 679
588 589
588 599
588 617
589 624
589 647
589 684
590 687
591 599
591 630
591 667
592 621
592 652
593 616
594 610
595 643
595 657
595 674
596 632
596 649
596 663
596 670
596 671
596 681
596 689
597 607
597 691
598 674
598 675
598 693
600 619
600 621
600 638
600 690
600 695
601 647
601 700
602 613
602 678
602 680
603 645
603 651
604 608
604 625
604 650
604 665
605 619
605 621
605 667
605 697
605 700
606 614
606 626
606 674
608 630
608 640
608 670
609 611
609 619
609 622
610 644
610 652
610 689
611 629
611 659
611 699
612 647
613 700
614 682
615 616
615 659
615 689
617 710
618 642
618 676
618 677
619 656
619 686
619 687
619 710
620 621
620 633
620 667
621 662
621 668
621 689
621 695
621 706
621 714
623 675
623 685
624 629
624 676
624 687
625 649
625 693
625 699
625 711
626 629
626 632
626 635
626 662
627 642
632 636
632 681
632 684
632 708
632 724
633 661
633 671
633 680
633 681
633 719
634 679
634 704
635 636
636 654
636 664
637 641
637 701
638 639
638 650
638 668
638 670
639 661
639 668
640 645
640 707
641 662
641 713
641 732
642 741
643 716
644 677
644 717
644 723
644 725
646 648
646 703
646 736
647 698
647 726
648 678
648 702
648 721
648 722
649 655
649 664
649 727
650 674
650 723
650 735
651 705
651 721
651 723
651 740
652 724
653 726
654 748
656 674
656 743
657 686
657 692
658 679
658 715
658 736
658 738
658 758
659 681
659 746
660 697
660 700
660 711
660 735
662 680
662 707
662 710
662 735
662 752
663 688
664 672
664 681
664 687
664 714
664 735
664 762
665 719
665 732
666 700
666 728
666 751
667 671
667 752
668 749
669 692
669 694
669 728
669 750
670 672
670 721
670 756
670 762
671 760
672 693
672 707
672 722
672 752
672 753
673 679
673 698
673 717
673 719
673 744
673 748
674 693
674 728
675 686
675 717
675 734
675 742
675 755
675 763
677 693
677 761
678 733
678 741
679 726
679 740
680 704
680 713
680 744
681 692
681 697
682 711
682 720
683 689
683 741
683 773
684 692
684 694
684 711
684 727
685 714
685 748
685 750
685 775
686 707
686 719
686 732
686 747
687 765
688 721
688 758
688 767
689 718
689 747
690 747
690 774
691 699
691 700
691 711
691 776
692 730
693 783
694 738
694 762
694 794
695 727
695 736
695 743
696 731
696 767
697 721
697 744
697 762
697 763
697 788
698 746
698 792
699 730
699 747
700 716
700 738
700 748
700 781
701 750
701 776
701 778
702 707
702 711
702 750
702 759
702 778
703 729
703 796
704 723
704 733
705 751
706 745
707 745
707 794
707 803
707 804
708 711
708 735
708 799
709 731
709 734
709 795
709 800
709 808
710 719
710 723
711 728
711 730
711 743
711 746
711 784
711 794
712 724
712 787
712 799
713 714
713 798
714 729
714 748
714 781
715 787
715 790
715 813
717 753
718 797
718 806
719 741
719 748
719 813
720 730
720 770
720 778
720 801
721 756
721 785
722 779
723 737
724 725
724 738
724 740
724 751
724 797
724 817
725 799
725 803
725 805
726 763
726 779
726 825
727 775
729 802
730 775
730 799
730 809
730 810
730 817
731 804
731 805
731 829
732 743
732 785
733 748
733 763
733 800
733 805
733 819
734 772
735 769
735 828
735 835
736 777
736 778
736 780
739 809
739 813
740 754
740 818
740 831
741 747
741 764
741 771
741 804
741 826
741 835
742 763
742 779
743 785
743 819
743 842
744 753
744 806
746 750
747 770
747 775
747 812
749 774
749 843
750 808
752 761
752 762
752 789
752 839
753 791
753 802
753 818
754 824
754 832
754 846
755 764
755 773
755 784
755 795
755 847
756 772
757 825
757 832
758 764
758 795
760 801
760 823
760 854
761 769
761 854
763 805
764 801
764 828
765 794
765 813
765 816
765 817
765 833
766 826
766 855
767 795
767 804
767 822
767 852
767 864
768 777
768 789
768 821
768 826
768 833
768 848
769 807
769 858
770 793
770 850
771 788
771 820
771 859
771 862
772 870
773 835
774 783
774 789
774 815
774 819
774 835
774 869
775 791
775 823
775 870
776 835
776 843
776 853
776 874
777 790
777 840
777 857
777 860
778 842
778 858
779 786
779 867
780 812
780 841
780 844
780 869
780 870
781 790
781 817
781 848
783 795
783 846
784 813
784 824
784 846
784 850
784 854
785 796
786 792
786 821
786 863
787 860
788 798
788 821
789 816
789 821
789 850
789 851
790 828
790 832
791 815
791 836
792 845
792 852
792 878
794 812
794 820
794 853
794 883
795 815
796 862
796 874
798 805
798 872
798 881
799 871
800 804
800 814
801 802
802 835
802 856
802 862
803 813
803 820
803 878
803 880
804 858
804 863
804 893
804 895
806 825
806 849
806 857
807 810
807 838
807 843
808 825
808 867
808 895
809 815
810 832
810 842
810 846
811 840
811 901
812 858
812 874
812 900
812 909
813 822
813 830
813 840
813 873
813 876
815 855
815 872
815 903
816 843
817 843
817 853
817 911
819 855
819 859
819 915
820 850
821 903
823 864
824 874
824 922
825 839
825 859
825 900
825 905
826 900
829 923
830 890
831 841
831 864
831 869
831 882
831 930
832 895
834 862
834 875
834 911
834 931
835 928
835 934
836 871
836 899
836 931
837 842
837 904
838 855
838 893
839 869
840 873
840 886
841 937
842 910
843 867
843 868
843 895
843 928
844 900
845 888
845 904
845 914
845 933
846 856
847 894
847 936
848 850
849 851
849 900
849 903
850 861
850 864
850 901
850 909
850 917
851 862
851 868
851 909
852 880
852 896
852 938
855 931
856 878
856 905
856 955
857 920
857 929
857 933
857 948
858 901
858 945
859 926
861 869
861 879
861 901
861 944
862 863
862 872
862 895
862 939
863 920
863 946
864 872
864 892
864 902
864 941
865 872
866 889
867 895
867 912
867 914
868 876
868 884
868 946
869 958
870 871
871 905
871 924
873 877
873 886
873 893
873 953
874 884
874 923
874 956
875 966
876 904
877 917
877 949
878 929
878 956
879 931
879 971
880 884
880 916
881 889
881 910
881 933
881 940
881 966
882 890
882 894
882 980
884 889
884 902
884 911
884 926
884 956
884 981
885 915
885 916
885 947
886 934
886 942
887 895
887 929
888 903
889 904
889 943
889 954
889 978
889 988
890 920
890 923
890 940
891 971
891 989
893 913
893 946
893 952
895 971
896 925
896 948
897 929
897 966
897 977
897 988
898 899
898 909
898 925
898 966
898 980
899 986
900 929
900 953
900 976
900 981
901 903
901 936
902 991
903 942
903 949
903 975
903 999
904 936
904 944
904 995
905 955
905 965
905 971
906 912
906 941
906 955
907 948
907 955
908 982
909 983
910 914
910 918
910 991
911 929
912 920
912 928
912 949
912 951
912 977
912 985
912 997
913 924
913 961
913 990
914 915
914 944
915 920
915 970
915 997
916 950
917 924
917 937
921 985
921 988
923 924
923 934
923 944
923 959
924 940
924 943
924 986
925 952
925 972
927 972
927 996
928 970
929 934
929 997
930 989
931 942
932 937
933 947
933 949
933 951
936 944
937 967
939 942
941 959
941 973
941 985
942 949
943 976
945 968
945 969
947 950
947 953
948 998
950 978
950 995
952 1000
953 994
954 958
954 964
954 976
954 997
958 990
959 968
960 998
961 964
961 980
961 989
965 999
966 976
967 986
969 975
969 979
969 982
969 983
971 995
972 989
974 981
975 977
978 995
979 991
982 989
984 985
985 993
993 1000
1 10 12 0 9 20 3 9 4 4
23 9 24 7 4 8 5 0 3 1
26 10 10 15 15 19 27 1 1 4
1 3 13 3 11 3 25 12 5 18
32 11 21 18 11 25 7 13 17 19
9 8 19 10 18 8 32 5 30 1
7 10 5 1 2 7 9 6 11 5
10 6 7 1 10 19 1 16 11 8
5 1 10 7 2 4 12 5 9 14
2 12 8 2 15 0 8 0 8 5
7 12 22 11 12 7 14 33 20 17
7 11 2 14 27 4 5 8 9 8
3 20 14 18 16 7 6 4 18 11
8 14 7 2 12 2 7 4 1 1
7 17 3 12 23 31 24 7 21 7
15 30 10 11 31 9 3 24 3 13
17 1 30 8 17 3 11 12 22 28
14 33 8 9 12 1 23 27 14 17
9 15 3 7 10 10 1 6 21 12
10 1 10 2 5 1 6 18 10 16
40 48 26 34 15 26 41 27 44 47 20 21 30 45 11 9 20 22 29 39
45 52 25 33 20 21 47 37 50 52 11 35 33 52 15 23 35 14 39 48
12 7 3 12 1 3 11 11 10 12 1 4 1 12 3 1 9 3 6 15
47 43 12 38 7 24 50 36 41 50 16 34 20 49 19 21 27 22 35 47
40 41 24 11 14 20 43 39 32 37 9 39 24 42 25 29 16 11 38 34
27 23 14 27 6 13 17 16 26 33 13 24 23 30 12 15 14 12 19 24
8 8 1 1 1 1 6 7 8 4 1 5 1 3 1 4 1 1 8 11
13 11 9 9 1 6 6 8 5 11 1 1 5 13 1 6 5 1 5 7
13 11 3 3 4 1 4 12 1 13 1 7 5 8 1 8 2 3 10 10
23 18 23 13 1 8 17 17 12 24 1 16 9 27 15 15 3 10 19 11
51 52 15 21 27 12 53 39 43 49 18 39 38 46 20 23 19 9 48 35
36 35 15 34 1 16 30 17 33 41 13 23 21 41 5 18 12 12 17 34
36 42 31 30 11 21 23 25 34 36 6 24 17 36 7 18 20 6 20 31
27 28 20 20 1 21 25 14 24 38 6 22 20 31 15 8 14 12 20 19
22 28 16 20 9 15 24 23 28 17 7 8 1 19 1 4 18 4 10 31
20 9 9 17 1 3 20 14 11 26 5 14 10 19 13 3 2 4 13 10
42 55 19 35 18 26 53 42 50 55 25 34 30 54 14 33 36 30 44 57
42 43 29 28 4 23 33 26 28 38 7 20 15 44 18 20 15 9 29 24
9 23 5 13 1 6 23 14 26 21 5 21 7 21 8 10 13 16 21 28
33 35 21 28 5 14 32 24 29 31 6 19 7 37 13 9 14 14 18 29
6 8 6 2 1 4 1 3 3 6 1 1 1 9 1 3 2 2 3 4
22 15 16 25 1 3 23 12 25 34 4 21 11 31 14 9 7 12 13 21
21 17 8 13 1 9 15 22 9 16 1 11 1 20 7 4 8 1 14 17
39 41 30 32 4 27 36 24 38 43 9 24 22 42 22 12 16 9 19 30
12 7 5 11 1 4 6 4 8 13 5 6 9 5 5 1 1 1 4 1
44 41 28 41 1 36 41 31 41 56 14 25 22 52 22 9 26 16 22 37
42 19 24 42 3 24 42 43 44 48 15 37 30 43 33 23 17 24 38 42
25 17 8 13 1 6 16 17 7 25 1 10 7 20 7 4 3 3 15 13
29 15 10 21 1 13 23 18 18 28 8 19 13 28 15 8 8 8 18 18
17 8 3 14 1 3 10 9 6 19 2 4 6 10 3 1 2 2 4 9
21 29 25 24 1 14 12 8 23 26 1 5 9 26 3 11 12 4 3 17
5 14 10 4 1 2 8 3 10 6 1 5 1 8 4 5 4 1 6 7
43 46 35 38 3 32 60 38 54 59 6 38 20 58 36 14 27 26 39 46
6 18 12 10 1 9 13 9 20 15 1 8 6 15 7 4 11 5 12 16
63 58 29 42 18 15 55 46 46 59 12 43 25 62 14 36 22 21 33 52
24 24 11 24 3 7 20 18 21 34 6 15 16 30 1 14 15 13 16 27
42 49 45 41 15 29 32 27 45 42 10 29 17 41 14 19 25 7 21 30
34 37 13 18 9 8 22 22 26 26 1 18 13 29 3 19 15 1 19 29
11 7 8 9 1 1 9 11 6 14 1 6 1 11 5 4 6 4 8 13
6 12 8 16 2 6 12 11 20 14 1 12 1 9 4 1 16 5 6 20
23 8 14 14 1 3 19 23 14 26 1 22 13 18 18 16 1 15 25 16
11 7 7 9 1 4 5 4 8 11 1 7 7 8 6 5 5 4 7 6
12 20 14 6 1 12 8 9 9 21 2 10 7 22 3 5 8 8 8 12
51 39 10 23 14 16 38 39 26 53 15 27 26 46 10 21 19 8 30 34
6 12 3 7 3 1 18 9 18 11 2 12 1 14 8 1 6 11 13 18
39 31 19 37 1 10 31 26 33 42 10 22 14 38 15 19 17 15 24 32
48 32 33 53 12 22 46 41 45 55 22 40 23 57 34 36 34 41 39 51
21 35 29 30 7 6 20 16 33 31 6 20 10 36 3 21 15 18 4 31
5 8 3 12 1 3 7 9 13 15 1 3 1 12 1 1 11 5 1 17
25 23 12 12 4 11 19 17 12 26 1 13 15 21 8 8 1 1 19 11
14 14 9 6 4 1 9 15 6 9 1 15 5 16 8 14 5 3 18 11
51 47 44 35 9 19 35 32 34 50 12 38 26 49 25 31 9 15 23 27
10 11 7 6 1 5 1 8 3 11 1 4 4 10 1 7 4 5 8 7
36 43 29 37 1 22 34 21 30 51 9 26 17 52 8 22 17 19 20 31
4 4 3 2 1 1 1 2 1 6 1 2 1 1 1 1 1 1 5 1
26 33 15 9 14 7 23 26 26 27 7 18 21 29 3 22 18 1 24 27
16 23 16 9 1 8 14 9 10 20 1 17 1 27 8 9 5 7 10 10
21 28 26 12 7 21 23 12 19 30 1 21 16 32 20 1 12 3 25 8
37 35 21 19 6 12 25 19 19 38 2 17 19 38 7 17 6 3 17 20
60 62 37 40 17 32 53 42 48 54 21 19 27 56 18 19 22 24 41 44
57 32 30 46 6 27 49 50 42 54 13 43 27 56 34 25 18 21 38 46
43 51 34 47 13 31 41 35 48 46 19 21 11 48 14 22 37 23 21 50
44 34 20 37 2 7 27 29 30 45 6 21 13 41 6 25 15 12 21 34
56 55 59 43 8 33 50 45 50 64 5 50 29 66 35 35 18 26 35 41
19 15 6 9 1 6 17 8 12 16 1 3 4 14 3 1 1 1 5 12
55 52 46 36 9 28 58 41 45 56 4 38 23 64 34 26 11 24 46 38
22 16 8 14 1 11 23 17 20 28 8 20 19 19 17 5 1 5 23 13
38 19 10 42 2 15 36 24 42 36 19 29 22 37 20 17 18 18 24 39
35 31 24 23 3 22 31 33 22 35 5 25 11 43 21 16 12 14 25 28
4 4 2 4 1 1 5 5 1 10 1 6 1 14 2 1 1 3 4 7
9 10 10 9 1 1 7 6 11 10 1 1 1 9 1 6 8 5 5 10
50 43 20 45 5 38 43 37 42 56 22 46 40 59 22 33 29 21 37 46
10 10 1 1 3 4 4 9 1 6 1 10 4 9 3 7 1 1 13 8
21 12 2 9 2 1 14 19 2 22 1 14 8 16 6 7 1 1 17 11
33 59 32 41 10 41 51 31 55 50 25 30 29 48 8 15 35 29 32 49
5 3 1 4 1 1 1 2 2 7 1 1 1 1 1 1 2 1 2 4
51 48 46 49 16 36 57 51 53 54 18 36 18 58 33 24 32 23 42 52
23 36 28 21 6 23 29 6 27 37 4 24 21 38 19 6 14 11 20 13
58 66 32 44 9 43 66 42 57 69 22 46 39 66 32 27 28 28 50 51
52 42 32 46 7 15 35 37 38 52 14 25 19 48 13 32 17 21 24 39
12 15 13 8 1 9 6 5 11 21 1 4 9 18 3 2 5 4 8 8
26 28 22 16 5 13 12 15 12 27 1 13 14 30 8 15 8 7 17 16
36 27 21 22 1 19 34 25 26 41 6 24 20 39 22 9 6 7 32 17
66 43 37 58 8 38 56 56 54 66 24 44 28 65 35 31 29 26 45 54
54 55 29 47 15 23 44 39 48 60 17 37 30 58 5 33 33 14 26 51
34 37 35 30 8 12 23 15 29 41 7 23 21 39 11 22 6 15 10 20
56 61 41 39 18 19 53 42 48 57 6 42 27 62 19 34 19 19 36 49
34 44 44 24 5 30 33 25 31 40 1 32 16 44 27 13 16 3 26 17
27 26 12 14 9 7 22 20 18 21 4 21 15 25 12 19 8 8 23 20
27 27 16 12 6 19 19 28 13 22 1 18 9 21 10 10 12 1 15 21
58 61 45 42 16 29 47 37 41 59 5 33 27 62 19 28 19 16 33 36
25 28 18 31 3 13 22 15 28 26 4 10 2 29 1 7 19 7 1 32
49 39 36 36 1 22 32 30 34 52 9 36 23 51 19 24 7 14 17 29
40 49 37 28 8 17 41 30 35 47 3 35 17 54 16 26 11 17 24 36
26 24 18 25 9 20 25 26 24 24 8 10 1 26 5 4 21 5 10 29
36 46 26 28 13 33 36 35 34 42 14 38 26 46 14 28 32 18 28 41
38 43 25 36 13 11 25 28 38 28 10 16 7 28 1 14 16 5 16 37
26 30 26 17 4 22 28 27 19 27 1 17 9 31 16 9 14 5 16 20
43 50 38 45 16 38 44 38 49 49 21 29 20 50 25 21 39 23 33 45
11 11 7 6 1 8 5 3 3 13 1 1 4 9 1 1 3 4 1 5
39 28 29 28 1 23 46 28 39 48 10 31 27 43 32 13 8 14 34 29
46 40 29 34 7 23 31 27 30 51 14 32 28 51 15 25 11 14 22 30
20 22 5 25 4 11 16 17 28 28 6 19 17 19 3 7 17 6 12 28
40 45 32 36 8 23 41 23 47 39 13 23 19 40 18 7 12 8 25 32
8 14 10 12 1 5 4 3 9 14 3 10 3 20 2 9 8 9 5 10
39 45 33 21 5 23 44 29 33 46 1 33 19 51 25 14 14 11 32 31
46 55 27 48 17 39 51 46 49 55 27 45 28 60 7 32 48 27 40 61
47 35 36 31 8 9 37 36 36 51 2 40 29 48 24 34 11 15 38 35
18 18 6 37 1 17 25 11 32 38 19 24 23 29 5 13 26 21 15 33
44 39 30 38 10 28 49 37 47 44 19 33 18 43 27 9 15 16 29 41
13 19 17 7 1 10 9 6 6 17 1 1 5 21 1 7 5 6 1 9
49 50 30 38 8 30 40 43 36 45 11 25 12 48 17 24 29 18 26 44
19 17 10 18 3 11 18 17 20 11 2 7 1 13 1 2 13 1 6 21
34 26 19 25 3 18 44 35 30 34 10 24 8 38 26 20 13 23 33 32
23 27 25 15 1 18 15 8 19 25 1 11 14 25 12 5 9 1 13 7
13 12 8 8 1 7 7 5 4 20 1 3 6 13 2 1 1 2 5 6
2 13 3 1 1 3 7 1 6 5 1 1 1 3 1 1 1 1 1 4
22 7 6 18 1 12 18 11 16 22 8 17 12 23 16 4 3 5 14 13
36 35 25 30 6 24 31 19 31 43 6 18 20 39 20 8 19 9 25 21
14 24 4 23 1 8 27 13 28 26 5 13 6 24 3 3 18 13 13 33
48 58 43 41 21 23 43 39 49 42 20 17 22 49 11 19 22 25 31 46
11 30 17 31 5 23 23 15 34 31 17 23 17 30 3 16 32 21 15 35
41 39 41 27 13 23 41 34 37 45 8 38 30 50 32 34 6 25 43 35
39 47 31 43 5 29 38 27 45 47 13 21 14 47 14 16 31 19 20 42
31 31 24 30 12 22 27 29 28 32 11 14 5 29 7 4 24 4 14 33
6 1 1 5 1 1 1 1 3 4 1 2 3 1 1 1 1 1 1 1
46 50 44 38 14 26 31 39 35 42 9 36 11 46 12 27 23 15 16 38
20 24 23 19 1 16 23 14 25 36 5 25 17 36 18 12 14 17 24 20
11 14 10 7 1 7 13 11 9 14 1 1 1 15 1 4 5 4 5 12
12 10 4 7 2 3 2 8 5 9 1 9 6 7 4 6 4 1 12 7
14 9 7 17 1 9 8 10 13 16 1 8 6 15 6 1 13 7 7 17
27 29 16 16 5 11 25 21 23 30 1 13 16 25 9 10 8 6 22 22
60 58 32 33 22 35 54 56 43 53 22 38 29 58 27 39 35 20 44 49
34 36 24 29 5 25 36 22 36 38 7 14 13 30 10 1 17 1 10 27
40 33 28 27 10 30 36 21 31 45 7 23 28 37 24 4 14 3 24 16
26 26 19 41 1 17 24 13 35 43 16 26 24 38 11 17 22 16 17 32
22 25 10 14 6 8 15 25 16 22 1 11 11 25 2 11 13 1 19 24
24 23 21 34 1 16 17 10 34 37 8 19 21 32 11 7 15 7 12 23
18 25 11 37 3 20 26 18 32 32 15 19 17 32 1 17 30 21 15 37
45 47 19 35 12 12 37 39 37 32 11 17 9 41 7 28 19 14 28 45
5 3 4 5 1 1 5 6 2 14 1 6 1 11 2 1 2 3 5 8
28 29 11 33 1 18 32 20 32 45 15 21 22 37 10 14 18 19 25 29
14 16 12 8 1 12 9 11 9 16 1 13 4 18 9 7 10 8 12 13
20 19 14 12 4 1 6 12 4 20 1 15 9 20 5 15 3 5 15 10
9 9 7 6 1 3 3 2 4 8 1 1 3 8 1 3 1 1 1 1
35 39 17 26 7 20 38 25 32 42 10 29 22 37 16 12 16 15 24 33
18 14 7 11 2 3 9 11 11 25 1 13 14 16 5 6 4 3 14 13
25 31 17 25 4 21 25 22 26 27 9 20 12 35 8 16 22 15 13 31
29 23 9 24 4 10 30 21 30 27 8 19 10 28 14 6 10 12 22 28
34 35 11 22 16 15 32 26 35 45 19 34 35 39 12 21 19 11 31 33
47 53 37 17 10 28 39 28 29 44 2 28 30 48 20 23 10 1 30 22
2 5 1 1 1 1 1 3 1 1 1 1 1 3 1 2 1 1 3 1
26 12 7 22 1 9 28 21 19 30 8 18 11 24 17 7 7 11 20 17
25 31 12 41 3 20 39 17 45 41 24 33 28 37 16 17 24 24 29 40
37 52 30 35 1 26 43 16 39 52 8 25 21 54 8 19 18 15 22 33
14 22 14 2 4 10 10 11 8 16 1 13 11 18 7 9 3 1 18 9
15 6 4 12 1 1 17 14 8 18 1 11 6 13 10 4 4 8 13 11
46 45 38 44 1 36 50 35 43 60 24 53 38 62 30 40 28 37 44 39
27 25 11 22 1 15 25 15 18 32 8 25 15 35 10 14 12 13 17 20
11 13 11 12 1 6 15 7 13 27 1 12 8 25 7 1 5 8 9 12
55 58 49 37 11 33 54 32 44 61 1 42 30 61 34 16 17 8 32 29
27 17 14 29 1 7 20 15 25 28 8 9 13 23 8 8 9 3 7 23
14 13 6 18 1 5 16 13 15 22 1 10 3 19 7 1 12 7 9 20
37 42 16 38 18 17 46 40 51 43 17 40 26 42 15 27 31 28 41 55
16 18 12 20 1 6 9 9 21 10 1 3 1 11 1 7 11 1 1 18
13 18 17 10 1 9 16 9 11 22 1 12 8 24 11 6 5 7 13 10
34 42 38 18 8 36 34 28 32 37 1 26 24 39 26 8 19 1 27 17
39 39 23 29 1 27 41 41 33 50 4 30 16 48 21 16 22 17 31 38
22 22 12 16 1 14 18 19 14 27 4 4 1 27 6 6 13 9 13 21
55 49 44 43 1 30 55 48 50 61 7 37 26 61 34 29 21 26 39 47
28 18 13 34 1 26 37 19 34 45 20 38 25 44 25 15 18 26 27 33
37 48 18 31 16 18 33 26 34 48 22 40 33 50 4 40 29 21 34 39
54 43 33 42 16 14 45 51 46 57 8 40 30 57 21 38 27 21 44 52
23 23 22 34 1 7 30 19 39 36 6 28 16 33 18 20 17 23 22 35
14 14 3 18 1 2 17 9 17 26 2 6 7 18 1 2 8 8 5 20
27 16 10 19 1 10 19 17 21 27 7 15 19 23 11 8 1 1 18 16
23 21 9 29 1 9 21 17 24 22 1 9 3 28 2 7 18 9 10 29
20 22 16 8 1 10 18 17 8 20 1 10 5 25 8 8 4 2 16 11
13 10 3 10 1 4 11 7 11 14 1 4 4 12 2 1 3 4 5 12
5 8 3 4 1 1 6 4 8 11 1 4 1 7 1 1 4 4 4 9
37 33 29 31 11 28 26 31 28 40 11 26 12 32 16 4 25 5 17 29
37 21 11 29 9 21 23 29 24 30 11 19 18 25 11 10 16 5 17 30
61 46 26 44 5 36 57 43 49 55 25 31 30 56 32 21 16 21 36 45
31 17 10 34 3 8 31 31 33 41 8 28 16 33 17 13 19 19 27 36
10 15 13 6 1 7 4 5 4 13 1 6 1 17 3 6 5 6 6 7
20 19 11 13 1 6 15 8 12 10 1 1 5 17 1 8 1 1 4 11
9 7 6 5 1 1 4 8 6 10 1 1 2 5 1 3 4 1 5 6
43 47 35 43 1 30 38 28 39 58 13 31 27 57 17 23 20 18 21 37
8 9 9 11 1 3 6 4 10 3 1 7 1 12 6 7 8 1 6 8
20 6 4 17 1 6 10 12 10 20 5 8 9 18 5 5 5 6 8 12
5 15 13 1 1 9 6 1 7 12 1 1 6 13 1 4 1 4 4 4
2 9 7 1 1 2 1 1 1 5 1 3 1 7 2 1 1 1 2 1
38 47 40 29 7 35 38 26 40 46 9 26 26 46 23 16 19 15 19 32
25 39 29 20 1 19 22 16 26 27 1 13 7 31 9 11 13 5 8 23
16 31 20 19 1 7 22 8 25 27 3 18 6 31 3 14 9 11 6 24
52 39 18 68 1 38 52 38 58 65 37 43 35 67 22 39 39 39 38 59
33 36 18 47 12 21 41 24 51 38 25 30 19 34 12 9 28 18 24 46
1 12 1 10 1 6 14 1 17 13 6 11 6 14 1 5 10 12 7 17
54 58 35 33 17 30 44 41 39 54 8 36 24 58 17 23 32 7 36 41
17 29 20 12 1 15 20 6 17 27 3 12 8 29 6 5 9 9 2 16
17 14 16 23 4 7 18 21 22 20 3 18 1 23 10 11 18 11 13 25
16 21 18 17 1 11 9 5 12 22 5 9 7 25 4 8 13 11 4 15
36 28 26 37 8 14 46 33 48 43 12 27 23 38 27 13 14 21 32 42
44 43 55 31 9 26 45 37 36 54 5 44 24 60 34 36 7 28 30 33
14 7 1 14 1 2 12 10 13 14 1 3 3 11 2 1 6 2 6 16
38 40 26 28 11 13 29 24 29 30 10 6 11 34 4 10 11 12 19 29
7 7 4 1 1 6 5 3 1 9 1 1 1 11 1 1 1 2 1 4
7 13 10 16 1 7 8 2 15 25 6 9 13 17 1 5 11 12 5 13
9 3 1 10 1 1 14 11 10 12 1 6 1 11 5 1 7 3 8 15
9 17 11 12 1 9 10 1 12 22 2 9 7 22 1 3 9 8 5 12
64 53 38 61 17 28 54 55 56 60 19 46 15 63 22 34 34 26 36 59
13 14 10 15 1 4 14 9 14 18 5 12 5 21 4 11 11 11 9 17
31 20 16 33 4 13 33 31 35 47 10 36 28 41 21 19 17 20 33 38
45 49 39 42 20 14 33 38 39 41 12 38 13 44 11 30 24 16 23 43
27 24 20 31 1 8 15 20 25 29 1 10 8 27 1 15 17 9 8 27
27 31 20 31 1 14 21 19 23 35 2 14 2 39 3 10 18 10 7 29
16 14 5 21 1 7 18 11 17 27 6 11 10 21 2 5 10 12 8 20
31 20 16 28 1 13 30 25 25 42 8 21 13 40 18 10 9 16 25 24
18 31 17 24 1 13 20 6 27 25 8 17 8 31 2 17 16 14 9 26
9 8 6 9 1 1 5 5 2 9 1 2 1 14 1 2 3 1 3 10
16 12 6 9 1 1 12 9 9 9 1 11 5 13 8 8 1 1 12 3
10 11 1 3 1 1 13 10 8 8 1 1 1 9 1 1 1 1 4 13
61 57 41 46 23 24 51 39 58 65 16 50 45 61 24 36 23 18 39 45
11 12 5 8 1 6 8 4 9 13 1 3 6 7 1 1 1 4 3 6
44 52 40 41 9 27 44 24 41 55 4 32 20 59 18 17 21 16 24 32
21 23 13 26 1 13 19 8 21 26 11 22 15 30 9 17 13 15 16 16
10 8 3 12 1 7 7 6 11 10 1 1 1 9 1 1 9 1 1 13
20 20 12 9 5 1 21 19 17 16 1 19 8 18 12 17 4 7 23 19
54 37 13 32 15 21 40 41 33 49 21 27 28 49 15 27 22 14 36 40
22 15 11 21 1 2 11 11 19 16 2 6 6 16 2 12 9 4 6 17
33 33 21 29 5 6 26 27 22 39 3 29 12 43 7 24 12 14 19 32
10 9 3 3 1 1 7 8 7 4 1 4 1 7 1 5 2 1 7 7
57 46 30 37 11 22 40 38 36 61 16 42 32 61 16 32 14 15 28 39
31 39 31 19 5 20 20 25 20 27 1 20 10 33 10 17 12 1 15 21
21 36 22 23 1 27 36 16 25 40 14 33 19 44 15 19 20 23 23 25
13 3 1 7 1 1 3 9 2 11 1 2 3 5 1 3 2 2 5 8
8 9 3 1 1 5 4 6 2 4 1 2 1 8 1 4 1 1 6 3
27 29 10 13 9 6 23 23 20 29 2 12 17 26 1 14 10 1 19 25
41 23 10 36 1 18 47 33 40 45 15 27 16 43 26 12 11 23 32 40
6 16 9 17 1 11 7 4 17 22 5 9 9 20 1 4 16 11 6 18
18 16 12 10 1 2 10 13 9 15 1 16 4 23 8 16 2 6 17 12
25 26 14 27 1 16 27 16 18 38 9 26 14 41 9 20 14 20 22 25
3 11 8 3 1 6 3 1 4 13 1 4 4 11 3 1 2 4 4 4
20 23 11 10 1 8 18 8 14 20 2 3 5 16 4 1 1 3 5 10
13 17 11 11 1 7 11 8 15 16 1 5 3 16 1 6 10 7 6 16
18 22 14 5 1 10 25 16 14 16 1 12 1 21 12 5 4 3 13 14
25 39 15 29 4 16 37 14 37 40 12 14 19 40 2 5 14 19 20 34
24 22 19 23 1 11 21 22 18 32 1 13 6 34 11 9 14 11 18 24
29 36 16 31 7 19 34 33 38 32 13 14 7 33 14 15 26 19 26 42
19 27 18 17 4 2 22 19 26 16 3 15 1 23 11 15 7 10 21 23
33 48 24 35 13 16 33 30 42 49 18 41 30 51 4 41 33 22 32 48
28 20 17 17 1 9 16 16 10 24 3 15 8 26 12 14 5 7 16 12
43 39 30 51 15 31 40 40 48 54 24 30 26 46 27 23 40 30 34 48
25 22 25 15 1 20 27 29 22 30 2 27 12 29 27 15 10 13 25 21
42 37 13 39 1 26 44 27 39 47 19 24 16 46 16 15 20 20 26 39
27 25 12 11 6 10 19 18 12 25 1 13 11 23 6 11 6 4 14 19
1 6 5 1 1 1 2 1 4 7 1 2 1 7 1 1 2 3 1 4
30 23 12 41 1 17 40 28 42 47 15 28 17 41 21 13 25 25 26 42
26 36 25 24 10 15 32 28 34 20 8 17 3 29 10 10 16 8 21 31
34 27 14 16 12 3 33 37 27 43 5 33 20 44 12 24 17 13 36 38
36 36 12 13 15 19 32 32 19 40 13 34 25 42 10 24 20 12 27 30
29 36 13 35 4 15 40 24 35 42 16 31 22 39 11 23 21 24 31 39
2 11 10 7 1 1 5 2 14 12 1 1 2 11 1 1 8 3 1 11
20 10 6 12 1 5 11 8 5 20 1 1 4 15 1 1 1 1 3 5
3 2 2 5 1 1 6 2 10 6 1 3 1 6 1 1 7 4 1 11
27 12 6 33 5 12 22 23 30 28 10 17 7 18 5 1 20 4 10 30
52 66 39 42 6 38 55 28 51 62 13 42 36 65 22 27 23 19 39 41
14 12 15 13 1 3 17 12 19 23 1 12 7 21 11 6 4 8 12 16
35 56 30 38 13 40 51 26 50 56 12 47 39 53 26 18 36 20 44 41
11 10 4 14 1 3 10 9 9 20 1 5 3 15 3 1 7 2 7 15
40 45 32 25 7 10 29 23 30 36 1 19 17 38 3 25 2 7 13 26
12 12 10 8 1 7 4 8 6 12 1 1 6 10 1 5 6 1 7 6
50 41 18 27 8 20 43 35 29 51 11 35 28 51 17 20 13 8 29 33
4 1 1 6 1 1 1 3 4 6 1 1 1 6 1 1 4 1 1 8
39 40 21 20 8 21 39 37 26 51 3 34 23 49 19 16 19 12 34 33
15 25 19 5 1 7 16 9 11 19 1 11 4 23 8 10 1 3 15 6
15 15 7 8 1 10 16 7 10 13 1 6 4 13 6 1 4 1 5 10
43 38 23 49 10 26 61 37 57 62 29 41 36 59 30 20 20 36 44 53
36 43 13 22 18 15 38 32 36 46 15 29 27 44 5 24 28 13 30 44
10 14 8 3 1 3 2 5 2 13 1 8 1 15 1 5 1 3 8 6
18 25 11 16 1 15 23 9 22 26 5 12 8 22 6 3 14 11 4 23
36 27 21 25 1 19 37 40 26 34 1 24 6 38 20 14 16 14 27 33
44 47 20 40 9 19 38 33 43 55 13 34 29 53 11 30 33 17 38 46
11 19 8 4 1 7 7 6 11 14 1 2 6 11 1 4 3 1 8 10
40 28 11 25 4 9 23 24 19 32 4 11 14 33 3 16 10 1 19 23
10 26 17 12 1 16 22 6 20 27 6 17 10 28 11 5 12 13 12 17
22 21 8 3 7 6 13 15 8 17 1 16 8 24 3 14 8 1 16 15
54 51 14 33 17 18 50 48 42 48 15 27 18 47 13 20 27 17 39 52
46 59 36 51 20 39 58 39 59 59 27 25 33 58 19 9 37 33 38 57
54 44 32 52 14 26 47 46 51 59 18 41 24 54 23 20 28 14 39 50
34 34 23 33 3 17 22 17 26 36 11 26 17 40 5 27 16 19 14 27
18 26 13 18 7 10 11 18 20 22 4 16 13 27 1 16 19 10 13 26
12 20 16 5 1 15 13 8 10 18 1 9 7 16 10 4 5 1 11 5
35 30 23 38 8 22 26 27 37 37 14 20 16 33 10 9 22 6 17 33
24 31 22 25 1 23 24 14 20 33 11 24 14 41 12 17 20 17 13 25
9 8 4 5 1 1 6 2 7 8 1 1 2 4 1 2 1 1 1 4
57 33 22 48 7 30 39 44 38 51 30 34 37 49 30 34 25 25 39 42
20 18 8 7 4 3 6 11 4 14 1 6 9 15 1 12 1 1 10 7
23 15 8 32 1 11 22 19 29 33 8 16 14 24 10 2 18 9 13 28
33 32 29 37 15 26 39 27 42 46 3 31 24 34 25 1 29 8 26 32
31 30 24 40 3 21 47 32 47 47 8 32 18 44 19 17 23 28 27 51
3 8 6 3 1 3 1 3 6 3 1 1 1 7 1 1 5 1 1 5
15 18 20 12 1 3 23 15 15 25 1 15 5 27 13 12 3 12 15 17
42 35 18 37 8 15 44 30 46 44 10 25 24 40 20 4 15 11 37 37
9 19 11 16 1 9 14 7 26 22 1 6 11 13 5 1 13 7 8 20
57 62 48 38 9 27 52 40 44 57 9 29 23 60 21 31 14 17 26 36
36 50 30 41 12 32 40 33 37 51 18 40 21 55 12 26 34 20 33 46
38 41 26 27 8 19 29 21 33 36 4 19 24 36 13 16 14 4 22 27
47 31 37 39 7 19 36 41 33 42 4 32 13 43 21 26 14 15 28 38
48 27 8 37 9 21 48 43 39 44 23 35 27 45 28 20 11 24 42 43
13 18 12 6 1 8 14 6 9 17 1 4 3 15 4 1 2 1 4 9
10 12 12 8 1 4 5 5 6 12 1 5 1 15 1 8 7 7 1 10
5 10 8 1 1 7 3 1 1 6 1 1 1 10 1 1 1 1 1 1
32 40 23 21 5 19 45 30 30 41 8 23 8 47 19 9 13 21 24 34
42 47 44 29 12 32 38 34 33 50 15 40 27 53 33 31 12 25 35 29
10 14 12 9 1 1 9 3 8 14 1 2 1 16 1 4 3 1 2 10
48 42 23 28 15 23 37 32 37 48 10 28 34 46 15 18 22 1 33 31
49 43 11 40 22 18 51 39 51 51 31 39 39 50 13 26 27 25 44 55
4 4 1 1 1 1 6 5 5 4 1 3 1 1 1 1 1 1 6 5
63 55 29 46 15 26 53 44 53 54 23 31 32 55 24 30 21 18 45 48
30 20 16 28 1 12 25 17 20 39 7 19 13 39 15 5 9 10 16 22
16 17 7 18 5 4 16 14 24 5 4 4 3 9 3 4 11 4 10 21
10 11 8 5 1 7 7 9 4 11 1 13 2 18 7 7 5 8 13 8
25 24 8 5 9 6 17 17 12 14 2 14 12 21 2 16 7 1 17 16
12 7 1 4 2 1 4 12 1 11 1 5 3 10 1 6 2 3 8 11
58 41 30 39 9 41 53 45 44 53 27 46 39 55 43 32 16 24 43 41
37 39 23 31 2 25 51 32 35 47 12 37 20 52 22 24 18 26 34 39
39 54 39 33 2 31 42 25 39 54 13 40 27 55 21 31 14 22 28 31
62 59 49 52 15 29 50 37 48 69 10 39 29 68 27 26 23 22 31 37
25 23 21 14 1 10 12 12 5 24 1 9 1 28 4 10 2 3 2 10
24 26 19 13 1 16 31 24 23 33 1 21 8 29 19 7 9 9 17 24
25 22 7 7 8 6 21 20 11 22 1 17 11 24 6 13 8 2 20 19
20 26 11 6 2 5 16 11 10 12 1 13 2 23 4 12 1 2 14 14
51 51 22 45 12 22 48 35 52 54 16 29 31 53 16 23 28 20 37 49
12 1 1 7 1 1 3 6 4 10 1 2 5 2 1 2 1 1 4 3
36 31 22 32 4 18 24 20 30 33 9 24 16 37 12 18 18 12 12 27
35 28 16 26 3 13 31 24 32 26 10 22 14 31 19 14 6 8 27 26
22 23 4 21 2 11 27 20 26 16 1 5 1 16 2 1 14 4 11 30
50 55 31 25 16 28 44 48 36 49 12 29 27 54 17 31 21 13 34 44
26 25 18 10 1 13 19 15 8 19 1 9 4 25 8 10 2 3 8 10
30 42 20 45 1 17 40 26 45 49 12 31 18 49 8 26 27 24 27 46
21 12 1 24 1 6 20 16 19 28 6 6 7 20 2 5 13 14 10 22
9 9 10 6 1 1 4 7 3 12 1 2 1 12 1 5 4 3 4 9
40 27 17 39 4 26 37 29 39 51 16 34 31 44 27 10 20 17 35 34
7 15 13 5 1 7 4 4 5 13 1 5 5 15 4 6 5 6 4 7
32 49 23 32 1 21 36 17 36 46 10 25 22 50 3 24 17 17 24 36
5 2 1 9 1 1 1 1 10 4 1 1 1 1 1 1 5 1 1 5
29 17 11 25 1 14 25 17 22 33 9 13 18 30 13 5 2 4 17 15
17 16 11 12 1 9 7 6 15 21 2 10 14 18 7 4 3 1 13 9
15 11 1 14 1 1 17 14 16 14 1 5 1 9 3 2 8 2 10 21
54 48 29 53 10 21 52 47 55 49 21 22 16 50 18 18 24 22 38 51
38 30 13 40 3 23 41 38 43 44 15 25 17 36 20 10 22 15 30 42
59 34 23 56 1 29 45 44 47 58 29 32 26 54 28 35 27 28 35 47
13 16 12 9 1 4 5 4 8 10 1 1 1 13 1 7 4 1 3 7
17 16 10 22 5 10 18 18 22 17 4 6 1 18 1 5 17 7 5 27
51 42 29 49 15 11 38 44 40 48 8 38 20 51 13 32 23 22 26 48
57 60 19 40 22 24 60 46 50 62 26 36 33 59 17 27 29 27 47 54
20 30 24 18 5 25 26 9 25 36 2 24 17 34 19 1 19 8 16 17
6 14 15 3 1 8 10 5 12 16 1 11 9 14 11 3 5 3 15 7
13 20 16 14 3 12 11 11 16 8 2 7 1 14 4 6 13 1 6 13
30 33 27 25 1 16 21 22 23 28 1 10 4 31 4 12 12 1 10 22
21 15 8 23 1 4 26 18 24 34 2 17 7 26 13 4 11 14 16 25
12 15 9 10 1 9 8 7 8 15 4 9 4 22 1 9 9 10 6 12
10 10 7 13 1 5 7 7 11 22 5 8 9 13 1 4 11 11 5 14
44 45 35 46 15 29 57 53 59 54 18 38 15 51 30 19 36 26 45 60
34 37 25 9 7 19 33 32 13 36 1 26 16 41 19 18 6 7 26 21
23 27 11 18 5 14 19 27 21 25 1 10 8 21 1 6 15 1 16 27
48 35 19 28 4 22 48 41 32 48 11 32 17 46 28 19 12 17 36 36
22 25 19 21 2 18 30 26 27 29 2 16 3 28 11 2 16 6 19 26
36 32 19 20 1 7 26 27 15 29 1 19 2 38 5 20 4 6 18 24
44 34 23 44 7 24 35 32 37 51 23 26 23 47 20 23 26 25 29 37
48 57 40 37 15 21 51 39 48 52 1 40 23 59 25 22 20 11 41 43
3 7 5 1 1 5 5 3 5 3 1 5 1 8 4 3 1 1 5 1
55 36 20 36 5 31 45 43 37 57 16 34 31 52 25 21 17 17 34 41
4 8 6 1 1 3 4 5 5 13 1 1 3 8 1 1 2 3 5 5
30 33 17 34 11 17 29 29 32 33 11 25 11 31 6 13 26 11 19 41
30 36 33 23 8 30 28 26 27 37 7 20 13 36 14 7 21 8 14 26
27 25 11 22 4 9 24 25 20 20 5 13 5 29 10 16 14 10 22 26
29 25 8 30 1 13 28 19 33 36 6 8 11 28 4 2 17 10 11 32
34 35 27 22 1 18 26 22 15 34 3 15 7 39 13 12 9 5 16 17
50 55 36 26 16 36 50 38 36 57 1 39 32 55 30 16 21 11 41 32
60 69 40 56 21 26 55 50 57 58 18 32 20 63 4 29 32 26 30 65
33 23 12 18 8 4 28 31 17 27 1 22 11 33 12 21 10 9 29 25
15 15 3 6 4 4 12 11 9 9 1 11 8 9 5 8 1 1 14 9
10 10 4 9 1 3 6 1 11 16 1 1 5 8 1 1 3 1 1 7
8 10 5 6 1 6 1 7 6 9 1 3 1 8 1 5 7 5 7 9
16 7 2 10 1 1 6 11 4 13 1 3 2 9 1 2 1 1 8 8
20 20 20 10 1 10 28 19 20 29 1 17 10 29 17 8 1 8 23 16
61 50 36 40 12 23 56 47 44 51 16 28 24 56 26 17 12 18 42 40
16 18 11 14 1 7 21 13 21 22 1 8 9 15 8 2 8 1 14 17
7 6 2 9 1 1 10 5 12 10 1 1 1 5 1 1 5 1 1 15
43 37 21 29 3 20 38 29 33 43 7 19 16 40 15 9 13 10 20 31
17 16 9 11 3 4 17 14 15 21 4 18 11 18 13 11 3 8 19 13
38 44 24 35 14 17 31 34 34 41 12 38 15 45 4 28 30 12 25 44
42 32 44 38 15 25 49 37 45 50 13 39 31 51 39 29 14 27 42 38
9 7 5 8 1 5 11 9 10 10 1 4 1 11 1 1 7 4 4 12
33 32 18 24 2 19 33 21 20 29 9 13 3 36 15 14 13 14 17 25
23 29 17 2 3 16 20 19 8 24 1 12 11 23 8 9 1 2 13 10
29 42 30 18 7 31 32 20 33 29 1 21 18 28 20 6 18 1 21 18
51 43 28 44 7 11 48 37 45 49 11 27 13 53 16 20 16 25 32 46
51 34 32 46 5 9 52 40 50 54 12 30 23 53 24 20 6 23 38 46
43 40 29 31 5 24 36 30 31 44 9 24 19 45 18 19 14 16 21 32
30 14 9 23 4 10 14 20 16 20 7 11 14 23 7 11 9 1 13 19
23 13 13 19 1 2 11 6 8 23 3 11 8 19 7 7 1 1 5 7
14 13 7 13 1 3 16 10 12 19 1 4 3 16 1 3 6 6 4 17
19 6 6 14 1 2 16 18 11 22 1 14 3 19 10 7 4 9 16 18
36 22 10 30 8 17 28 31 30 39 13 23 27 33 14 15 14 9 25 34
16 19 10 1 1 6 9 9 3 7 1 3 1 16 1 9 1 1 6 5
18 14 12 12 1 7 8 8 5 22 2 5 7 18 3 4 3 5 5 8
25 26 19 16 3 19 23 21 14 36 6 29 16 32 19 13 10 16 22 16
55 50 41 45 11 39 43 36 45 58 16 39 29 56 24 14 26 8 28 37
20 19 5 15 1 6 20 18 14 22 3 2 2 17 2 6 7 8 12 19
26 21 9 28 4 13 26 22 29 23 3 10 1 20 2 1 19 3 11 32
13 16 7 7 1 9 12 11 13 12 1 6 3 12 4 6 9 5 9 15
51 42 21 49 2 43 49 43 49 64 24 41 39 56 23 23 30 23 35 50
27 18 18 26 1 13 23 15 25 29 10 22 14 31 20 13 10 11 18 19
36 43 21 43 11 17 37 28 43 34 14 12 8 41 1 12 27 21 16 47
2 4 5 1 1 1 4 2 1 7 1 4 1 6 3 1 1 1 3 1
12 16 9 12 1 9 5 9 17 17 1 4 10 11 1 2 8 1 9 12
15 18 4 19 7 4 19 8 23 17 9 7 8 17 1 1 8 15 10 22
19 17 3 17 4 5 18 17 16 23 4 13 10 24 1 11 11 10 12 26
26 30 21 29 1 12 20 10 23 34 6 20 10 35 1 20 9 15 6 19
9 6 5 6 1 1 6 4 2 13 1 1 3 6 1 1 1 1 1 4
34 23 18 25 1 9 17 15 15 31 4 12 8 31 7 13 6 5 11 16
53 54 32 45 25 26 49 44 48 48 22 30 25 48 13 15 31 22 33 53
21 18 15 28 1 9 14 11 21 27 3 11 10 26 6 5 15 7 5 22
36 46 24 28 4 28 44 27 35 43 12 23 15 48 16 18 22 20 21 38
13 19 10 15 1 9 8 5 11 18 5 11 5 25 1 13 11 11 7 14
51 52 39 36 18 35 55 30 45 54 12 35 33 55 35 4 16 11 37 30
33 37 20 18 1 15 29 19 21 33 3 18 14 34 9 9 4 8 15 20
17 12 7 17 1 5 12 13 12 18 1 1 3 18 1 4 11 6 6 19
3 8 5 1 1 1 1 2 4 6 1 1 1 4 1 1 1 1 2 1
59 48 40 55 16 28 58 46 58 56 22 37 20 57 29 16 22 17 36 55
44 52 36 29 6 31 60 37 47 58 13 42 30 59 30 20 15 28 45 41
19 15 3 14 1 7 23 10 19 16 7 13 9 16 12 1 1 2 14 11
36 25 17 38 1 24 27 24 30 40 14 21 18 39 13 12 18 13 14 31
36 44 16 45 11 26 55 36 51 49 23 27 17 51 16 16 33 36 37 56
24 32 30 9 1 17 16 11 9 29 1 15 8 34 11 12 1 2 7 7
37 30 28 32 4 7 31 27 31 46 6 33 18 43 16 24 8 16 23 28
15 25 18 10 4 17 16 8 21 21 1 10 13 18 10 6 10 4 16 10
9 8 5 8 1 4 3 1 3 13 1 4 1 16 1 1 4 5 1 7
18 42 21 33 4 30 37 16 43 38 17 26 16 35 4 10 32 17 20 41
49 39 3 27 24 10 43 39 44 42 22 35 32 40 13 25 26 12 38 48
8 8 7 8 1 2 2 1 8 14 1 4 7 7 3 1 2 1 3 3
48 45 35 39 7 37 50 31 46 54 9 34 31 52 33 6 21 7 31 33
50 48 32 51 15 12 40 38 52 46 15 27 14 43 2 18 22 15 19 51
31 50 33 30 6 23 31 15 38 43 5 33 24 49 9 24 19 14 24 28
9 11 1 4 1 1 11 6 11 6 1 1 1 4 1 1 1 1 3 11
6 15 6 8 1 5 13 4 14 17 1 11 3 14 7 1 7 8 7 13
37 41 38 29 6 18 31 22 24 45 5 33 16 47 16 22 8 18 11 21
57 55 24 27 22 23 50 53 36 56 20 39 30 59 22 34 33 15 46 44
19 24 7 5 4 4 14 12 12 12 1 6 4 17 1 10 4 2 11 18
40 30 30 44 5 24 57 29 56 61 15 44 37 53 34 20 16 29 40 47
10 16 14 1 1 10 7 6 1 15 1 2 2 16 3 1 1 1 5 1
11 18 15 8 1 8 6 1 9 14 1 2 6 15 1 5 4 2 2 5
20 22 17 17 1 17 18 6 19 34 7 13 17 26 10 1 10 11 7 13
5 11 7 3 1 6 1 2 1 11 1 1 3 7 1 1 1 1 2 1
30 27 14 19 4 10 23 10 20 20 7 6 8 25 6 7 1 5 8 14
48 51 33 35 14 39 48 51 39 48 18 34 17 46 27 22 32 18 37 42
41 27 17 32 6 14 25 24 23 41 10 20 21 41 10 16 12 9 19 30
35 34 24 29 8 6 19 28 24 28 1 25 10 29 3 24 10 7 14 28
26 32 10 33 2 23 44 15 46 45 21 32 29 40 19 7 14 22 31 35
51 53 39 40 21 30 58 51 56 61 9 48 31 63 28 25 37 21 50 54
13 12 12 17 1 4 7 9 15 12 1 6 1 16 3 10 12 5 3 17
29 25 14 18 1 11 23 8 20 21 6 11 9 23 10 5 1 1 9 12
21 19 12 6 6 11 15 17 9 13 1 9 7 21 5 12 6 1 12 13
7 3 2 2 1 1 7 9 2 11 1 9 1 8 8 3 1 5 12 4
20 22 11 9 1 8 16 13 8 26 1 16 9 25 5 6 3 5 12 13
13 4 1 11 1 1 9 7 8 15 1 9 4 10 2 2 2 4 7 9
30 24 23 20 1 12 18 17 16 30 7 23 14 31 17 17 1 6 21 10
14 13 7 13 1 4 14 18 16 14 1 5 5 9 1 7 11 1 9 19
15 10 4 12 1 7 14 13 9 14 3 4 1 17 3 3 7 6 8 14
43 44 28 43 5 24 42 24 40 60 15 47 36 58 20 28 19 19 37 35
16 22 7 8 7 5 15 17 11 27 3 23 15 27 5 13 11 9 21 18
16 20 3 1 5 1 15 15 10 13 1 7 6 12 1 9 2 1 12 17
14 9 1 9 1 1 5 6 9 16 1 10 8 7 3 4 2 1 10 8
55 62 39 42 20 17 50 43 47 53 11 37 22 60 12 32 19 23 29 53
2 6 4 3 1 2 1 1 3 2 1 1 1 5 1 1 3 1 1 3
3 11 5 14 1 7 5 5 15 16 5 11 5 13 4 3 16 11 5 18
15 13 11 12 1 6 15 10 10 23 1 9 10 18 9 1 2 1 11 8
13 13 11 12 1 4 2 1 8 12 1 1 3 11 1 3 4 1 1 5
9 14 10 6 1 4 4 1 4 9 1 1 1 14 1 3 1 1 1 4
51 37 33 45 9 47 51 41 48 60 25 44 32 53 38 9 29 15 36 40
29 42 21 15 14 17 31 25 30 31 7 21 15 35 11 13 14 13 26 32
10 11 8 7 1 6 10 7 6 16 1 4 6 11 4 1 1 1 6 5
32 20 14 28 1 18 29 24 26 38 14 13 21 31 15 8 8 9 22 20
5 10 3 1 1 1 8 3 8 5 1 1 1 1 1 1 1 1 2 5
53 43 34 46 18 12 37 44 39 46 13 40 25 44 15 32 19 12 25 42
17 14 7 12 1 3 7 15 6 14 1 6 1 17 1 6 6 1 10 17
17 17 15 13 1 3 6 2 9 17 1 5 7 17 1 7 1 1 1 1
47 35 28 31 3 37 43 35 39 53 17 31 34 45 31 16 9 13 30 30
18 25 19 32 1 15 35 22 34 44 14 31 19 43 16 20 26 29 28 40
25 30 16 20 1 18 28 24 23 27 3 6 4 27 8 3 15 5 10 25
7 7 8 3 1 1 2 3 1 5 1 2 1 8 1 4 1 1 3 1
13 5 2 12 1 4 6 6 7 14 1 1 5 10 1 1 5 3 1 11
21 21 10 13 7 9 14 16 16 14 1 13 11 16 6 12 10 1 16 17
51 43 26 53 7 19 51 36 51 51 17 35 19 56 16 20 15 23 23 50
55 52 34 45 6 35 56 40 52 53 15 30 20 53 27 11 21 9 34 40
23 22 19 19 1 5 11 6 14 22 1 3 3 22 1 9 4 1 1 12
47 48 38 27 9 19 48 45 42 51 5 48 24 59 27 38 19 20 37 46
6 15 10 1 1 8 10 2 5 15 1 1 2 14 1 1 1 1 3 3
27 21 11 25 1 11 19 16 17 30 5 22 12 33 10 11 13 10 15 21
63 50 30 51 10 37 56 40 56 64 20 43 42 64 34 25 27 19 45 49
6 4 2 2 1 1 3 6 1 9 1 1 1 5 1 1 1 1 1 2
38 21 21 25 1 25 39 31 27 46 12 29 22 39 30 10 6 12 28 23
40 36 22 47 13 27 37 36 46 48 21 30 22 41 13 10 32 13 25 46
60 52 39 51 15 22 50 40 57 53 14 38 35 53 22 28 15 13 32 44
32 23 17 22 1 22 28 20 24 40 5 25 20 33 23 1 8 4 24 17
43 23 25 42 3 11 39 36 43 40 5 32 18 43 24 27 10 21 30 43
33 37 18 19 12 15 28 32 26 36 6 22 14 38 1 16 24 5 15 36
30 31 16 23 1 18 34 18 27 36 8 12 12 31 15 6 12 9 17 23
38 45 17 27 10 16 41 30 37 42 10 21 18 44 10 15 17 18 33 39
31 27 9 20 2 12 27 21 24 34 5 14 18 28 9 6 4 4 21 24
21 26 27 18 1 9 16 12 17 31 1 18 7 33 11 15 5 10 14 15
57 42 29 48 15 37 47 42 50 59 12 38 43 57 32 17 28 10 45 42
11 13 9 5 1 8 9 10 4 16 1 3 5 14 3 2 1 1 8 6
22 31 18 14 1 11 18 15 20 15 1 9 6 21 6 11 9 1 14 18
32 25 21 24 1 18 28 19 19 40 8 20 19 39 19 7 5 8 23 16
11 13 9 8 1 8 10 11 7 18 1 13 4 17 9 5 8 10 13 11
46 58 24 53 12 27 48 33 55 56 23 34 34 59 9 30 30 25 37 56
14 6 4 10 1 1 6 14 7 8 1 3 1 11 1 7 6 1 6 15
6 3 2 4 1 1 1 1 1 9 1 1 1 4 1 1 1 1 1 1
23 22 19 17 1 14 16 17 14 25 1 3 7 25 5 6 9 2 8 16
22 12 10 25 1 8 26 18 29 25 5 18 10 24 17 6 8 8 15 26
19 18 15 13 1 10 19 16 17 26 1 19 7 23 14 10 10 14 19 17
14 9 7 6 1 6 6 4 6 11 1 1 3 11 1 2 2 1 2 4
15 21 14 7 1 7 18 7 9 14 1 6 1 19 6 3 2 1 5 10
49 45 36 44 13 41 52 38 50 57 21 38 26 50 30 3 27 6 26 45
18 20 11 26 3 16 20 12 26 25 6 10 4 21 1 1 21 7 1 28
44 46 32 24 11 27 47 45 39 52 6 39 28 49 28 26 18 17 38 42
15 19 13 13 3 3 9 10 16 16 1 9 7 15 3 11 10 7 10 17
32 34 21 30 4 11 23 20 25 40 6 20 18 39 6 19 12 13 19 26
28 33 25 27 6 14 13 20 23 28 2 20 11 30 6 18 17 7 16 26
16 14 9 13 1 7 14 11 10 19 1 4 1 25 1 4 8 8 5 16
9 7 2 9 1 5 1 6 6 11 1 4 3 9 1 4 7 6 6 9
9 10 1 4 1 1 12 10 9 9 1 1 1 5 1 1 1 1 4 11
45 45 43 32 9 22 33 19 34 45 7 30 25 46 19 22 6 9 19 15
38 44 26 32 12 14 29 30 34 29 5 27 8 32 5 22 19 6 20 39
39 52 25 41 10 28 47 28 45 48 27 34 31 50 9 27 27 32 37 46
4 9 5 9 1 4 10 3 11 19 1 12 5 14 6 1 8 9 7 10
12 19 1 24 1 9 23 13 26 26 7 10 6 24 1 6 20 15 11 31
12 19 13 14 1 13 14 5 20 26 3 9 12 21 5 1 12 9 8 15
31 27 11 23 10 6 21 27 20 28 1 13 13 30 1 18 17 8 19 31
60 61 25 42 25 28 58 58 53 53 23 29 22 58 12 24 39 25 41 64
32 23 10 16 1 15 28 20 20 28 9 23 17 27 18 11 1 5 23 17
14 15 11 14 1 10 11 3 15 27 1 9 11 21 5 1 8 4 7 12
43 43 34 26 6 24 40 33 26 43 8 29 14 49 24 23 7 15 26 28
22 25 15 26 1 16 31 19 29 40 7 19 13 37 16 6 19 18 22 28
22 21 8 14 1 10 21 18 13 24 1 9 3 27 2 4 8 9 10 20
9 3 4 5 1 1 6 7 2 9 1 1 1 5 1 1 1 1 3 3
41 44 29 45 9 31 44 25 48 56 20 31 28 52 26 19 33 26 32 39
16 16 14 11 1 7 11 8 4 17 1 6 7 20 6 4 1 1 8 5
53 51 17 58 15 28 52 43 58 58 28 42 33 55 14 37 44 27 40 63
24 18 9 15 1 10 15 15 8 22 1 1 1 24 2 4 7 4 7 15
3 10 9 2 1 5 5 3 6 10 1 6 4 8 5 1 3 2 8 4
51 35 17 34 12 29 34 40 36 45 23 35 35 45 23 30 25 12 34 37
15 10 8 19 1 6 7 1 13 20 7 10 11 19 5 6 9 10 3 11
43 33 22 43 1 13 35 30 39 41 14 21 11 36 16 22 19 13 22 36
23 17 1 16 5 1 20 14 22 23 5 19 15 16 5 7 6 6 18 23
19 34 19 28 1 15 25 15 34 33 7 17 15 35 3 17 20 13 15 33
15 18 14 16 1 8 10 15 14 13 1 1 3 20 1 7 10 1 5 16
24 41 34 13 1 14 25 10 24 29 1 16 7 34 6 15 1 5 3 15
47 47 29 32 14 12 31 28 30 51 11 39 26 51 7 34 14 16 20 32
10 21 12 3 1 7 11 9 15 13 1 4 5 16 1 4 4 1 9 13
39 30 26 31 15 13 38 40 41 34 6 36 25 34 23 32 19 18 37 42
12 22 19 7 2 14 13 2 16 21 1 11 11 22 10 3 7 5 11 7
46 45 36 39 12 33 54 28 47 61 5 38 32 59 35 6 23 11 36 34
10 20 17 12 1 15 18 9 21 28 1 19 10 27 15 2 13 11 18 16
42 46 21 40 26 20 46 41 45 42 25 23 27 47 11 16 31 31 39 56
10 5 4 11 1 3 3 12 10 9 1 3 2 5 1 4 10 3 6 13
23 37 23 25 1 26 30 9 27 42 14 21 23 39 10 14 17 19 12 22
28 29 20 28 6 14 10 17 21 26 4 17 10 28 3 16 19 9 11 26
16 18 13 21 1 15 23 10 23 33 9 24 13 27 16 9 16 19 15 21
23 10 4 29 1 9 16 17 22 27 6 11 10 23 8 1 16 9 11 25
25 27 23 18 3 13 21 8 19 29 1 8 15 28 9 7 6 2 11 11
6 6 1 13 1 2 5 6 16 7 1 1 1 1 1 1 10 1 1 15
34 25 16 21 9 2 29 30 29 39 5 28 22 36 13 23 15 8 30 30
11 17 9 2 1 8 10 7 6 14 1 1 2 12 1 3 1 3 5 6
37 37 25 40 11 30 38 35 37 49 14 25 10 42 19 8 32 18 25 41
41 44 25 42 6 16 48 37 42 46 17 32 9 50 18 30 23 30 32 46
13 35 22 18 1 20 26 8 32 25 3 17 9 29 9 4 18 8 10 26
24 31 18 17 7 18 25 20 25 36 5 20 20 37 7 13 18 11 20 29
25 24 21 26 9 14 19 25 22 20 8 12 4 22 5 10 19 1 12 25
30 32 15 20 4 13 23 27 20 24 1 7 5 27 1 11 14 3 14 28
42 18 14 41 3 24 41 41 40 40 16 28 19 40 27 16 20 18 34 38
21 27 13 16 1 15 27 16 22 27 5 9 9 26 11 5 9 7 18 18
29 12 5 29 1 12 21 18 23 25 10 8 12 26 9 5 11 5 12 22
13 18 13 27 1 10 16 10 25 31 9 20 17 26 10 11 19 15 17 21
57 53 28 47 16 28 57 54 52 66 21 47 28 63 23 36 41 29 45 60
44 20 25 44 13 16 42 41 41 50 15 44 32 49 30 33 18 32 39 47
28 33 9 29 3 11 37 21 33 38 13 30 19 39 10 20 14 21 29 36
29 34 13 29 7 11 26 22 34 35 7 19 22 32 2 18 22 11 16 37
10 7 5 7 1 7 5 6 4 12 1 4 1 14 1 2 5 7 4 8
28 26 9 23 15 8 18 25 30 36 11 25 26 26 6 19 25 10 23 32
24 30 25 29 1 9 17 8 29 33 3 16 10 32 5 13 12 9 4 22
28 30 20 26 2 8 18 20 24 28 1 8 10 29 2 16 10 4 11 26
7 9 7 1 1 7 6 7 5 6 1 8 1 10 7 6 4 4 11 5
28 32 22 21 8 18 21 23 23 15 6 13 5 23 6 14 17 1 11 24
24 29 25 26 10 20 31 14 32 40 4 21 22 36 16 3 21 10 18 24
4 6 2 1 1 1 2 1 3 3 1 1 1 4 1 1 1 1 1 1
16 22 12 20 5 8 22 15 29 25 5 9 10 20 5 4 15 11 12 28
42 54 34 18 11 25 34 26 33 39 1 28 26 44 15 22 17 1 27 23
21 15 14 17 1 5 6 10 9 19 1 4 7 18 1 12 7 6 7 11
44 47 26 30 16 24 38 32 36 51 6 32 28 54 16 18 30 11 38 37
18 33 20 23 1 16 28 9 28 36 10 27 20 35 12 18 15 18 25 20
11 12 11 6 1 4 1 7 3 14 1 3 6 10 1 7 1 4 7 4
13 10 11 16 1 1 5 4 7 19 1 3 1 19 1 5 7 5 1 14
19 25 10 16 10 6 22 18 24 20 9 6 6 20 1 5 10 15 15 26
20 11 5 19 2 3 11 17 19 14 1 8 7 11 1 7 12 3 8 22
25 41 21 21 1 26 36 13 31 41 8 23 21 42 9 12 17 14 21 28
24 27 6 16 7 5 24 22 21 22 4 11 7 27 1 9 9 10 16 31
4 9 9 5 1 4 4 1 8 15 1 2 5 9 2 1 5 4 3 7
51 38 28 52 1 29 54 35 49 68 21 42 27 68 29 29 20 31 35 46
33 38 24 39 1 39 45 23 48 54 23 39 36 49 29 16 25 22 29 38
7 5 4 8 1 2 1 2 6 5 1 2 2 6 1 2 6 1 1 6
7 9 8 4 1 4 6 5 5 11 1 7 4 7 6 1 4 1 7 5
37 51 12 25 16 22 45 30 38 45 22 36 29 47 4 28 27 22 35 45
5 12 10 10 1 8 7 8 11 9 1 10 4 12 9 1 11 4 9 11
50 49 42 37 1 30 38 29 40 58 10 37 29 57 21 26 14 15 22 31
45 46 21 57 10 35 48 39 53 62 35 42 39 56 13 35 43 38 44 56
20 11 2 22 1 4 22 9 23 24 5 12 9 15 9 1 9 6 8 23
39 55 37 47 18 27 41 21 56 49 14 26 32 51 15 13 30 20 31 40
15 16 13 5 1 9 16 15 4 22 1 11 5 22 9 4 1 4 16 8
20 16 18 7 1 14 21 18 10 27 1 21 6 27 19 7 4 10 17 10
26 20 18 13 1 16 18 14 7 27 4 10 11 23 11 5 4 4 5 9
6 12 12 10 1 3 5 4 12 15 1 1 3 16 1 2 8 3 2 12
50 53 40 33 15 6 50 44 41 48 7 38 20 56 20 36 4 23 36 44
39 40 27 33 7 4 27 29 29 39 2 18 12 41 1 25 9 14 14 34
15 16 5 11 1 5 17 16 13 17 1 10 2 16 6 5 8 5 14 19
33 42 27 19 1 26 41 25 35 43 3 20 17 42 17 6 13 11 21 31
13 10 10 18 1 6 15 12 22 27 1 16 8 20 12 3 11 11 12 18
12 19 14 13 1 12 19 10 20 23 1 9 6 23 7 1 10 4 10 19
43 45 36 29 1 28 37 28 29 53 6 34 24 55 24 20 12 14 29 27
8 15 13 2 1 8 7 3 6 12 1 1 1 14 2 2 4 2 1 6
31 17 7 30 1 16 30 26 25 37 13 20 11 32 21 9 15 16 25 28
39 47 26 38 18 24 42 41 46 37 18 8 12 39 3 7 29 21 27 49
20 36 17 28 1 14 24 8 32 34 12 22 18 32 2 22 18 18 18 28
13 8 6 11 1 1 1 6 7 16 1 6 6 10 1 6 5 6 6 8
4 8 4 3 1 2 4 1 4 13 1 1 2 7 1 1 1 2 1 3
42 37 24 46 1 18 29 27 35 48 14 22 12 47 11 23 26 20 19 38
21 27 9 5 6 7 23 18 14 16 2 11 5 19 6 7 2 4 18 20
16 10 1 6 5 4 6 13 3 9 1 7 8 8 1 9 1 1 11 7
52 59 31 22 27 24 52 44 40 47 19 31 34 50 17 22 21 13 44 40
48 38 43 43 8 23 48 41 44 55 10 36 24 58 32 34 10 27 40 40
15 19 4 9 2 1 23 15 16 15 1 2 1 12 1 1 1 3 14 17
11 9 6 1 1 3 3 6 1 4 1 1 1 12 1 4 1 1 3 1
10 14 12 6 1 2 4 3 1 9 1 6 1 14 4 6 1 1 7 1
52 52 32 31 21 34 44 44 43 54 19 41 39 47 29 31 19 18 37 42
49 46 18 59 12 28 49 37 57 49 28 40 27 50 13 24 31 22 35 59
18 20 14 21 1 10 21 18 25 25 1 4 10 18 5 1 14 4 11 23
14 28 10 26 1 15 39 19 33 37 16 29 17 32 8 16 22 26 26 38
47 49 29 28 11 22 39 37 35 34 4 33 20 40 20 26 15 5 29 32
23 29 16 25 4 19 28 21 29 30 4 11 4 24 5 1 19 3 14 29
14 17 11 12 1 7 14 4 13 19 1 11 2 21 7 1 6 5 5 11
34 41 30 17 13 18 41 28 34 33 5 30 21 39 25 16 6 14 41 23
51 46 21 43 12 18 43 38 46 47 14 19 25 50 8 13 19 14 30 49
8 10 4 6 1 5 5 1 6 13 1 1 3 7 1 1 1 2 1 4
43 37 45 41 13 28 49 37 45 57 14 41 30 62 36 30 15 34 41 43
32 26 10 34 8 10 42 30 43 38 12 38 26 36 18 26 18 30 39 46
11 9 7 8 1 1 11 9 6 14 1 1 1 12 1 1 3 1 3 9
27 28 17 18 3 8 23 13 17 19 1 7 1 26 1 12 1 3 5 19
10 13 7 13 4 9 17 16 20 9 3 11 1 9 6 1 14 3 9 20
2 5 1 2 1 2 1 1 4 1 1 1 1 2 1 1 3 1 3 3
42 35 24 46 2 34 44 31 50 59 26 50 42 59 34 32 27 31 47 42
13 15 12 11 1 6 5 1 9 18 1 2 1 17 1 1 5 3 1 7
39 39 22 47 1 36 43 28 42 60 25 34 33 56 13 18 29 26 29 43
30 29 26 26 6 19 32 27 37 34 9 27 16 28 19 11 16 7 26 26
24 25 19 10 7 11 16 19 9 24 1 19 15 26 12 16 1 7 23 10
21 19 12 19 1 11 20 13 16 29 4 10 5 27 6 1 13 12 9 21
10 8 4 10 4 1 4 10 10 13 4 13 6 10 5 8 11 10 12 15
50 54 40 48 7 34 46 35 45 62 13 45 25 61 20 21 28 14 30 42
28 25 11 18 8 1 25 23 19 16 7 2 4 20 1 8 3 8 17 23
13 8 8 9 1 3 7 11 3 12 1 6 1 16 4 8 4 6 8 10
49 44 21 42 12 28 40 42 38 54 15 30 18 47 10 16 34 15 24 47
11 11 3 12 1 1 10 6 18 10 1 5 5 1 4 2 7 1 7 12
48 54 25 38 2 34 50 33 42 61 17 32 31 60 18 25 22 20 33 41
12 11 8 10 1 7 6 7 7 12 1 1 4 10 1 1 7 1 4 9
16 17 4 16 1 8 14 10 17 22 5 10 10 16 1 7 10 11 8 18
6 10 4 11 1 7 20 9 18 18 7 19 7 18 11 6 13 16 12 19
53 52 39 54 5 51 54 29 51 73 33 50 49 72 30 32 30 32 40 40
29 27 12 24 3 12 22 25 19 26 8 14 4 34 9 19 15 16 21 26
19 18 15 27 6 12 13 14 23 22 6 10 6 20 1 6 21 9 1 25
17 29 18 2 1 15 29 18 18 25 1 17 6 25 16 4 2 7 18 14
27 22 17 26 1 3 14 20 17 25 1 8 1 26 1 14 10 5 9 23
50 49 34 30 13 14 37 33 30 55 8 42 27 56 14 31 11 15 24 31
7 7 3 11 1 1 6 3 13 14 1 2 3 4 1 1 8 5 2 12
5 10 8 3 1 4 3 2 5 6 1 3 1 10 2 2 4 1 4 6
4 9 4 1 1 2 5 3 3 2 1 1 1 6 1 1 1 1 1 1
6 2 1 5 1 1 2 7 6 1 1 5 1 1 2 2 5 1 8 6
54 52 37 51 13 32 49 36 55 54 14 30 23 47 24 16 34 11 35 41
43 45 20 29 11 24 39 34 37 48 12 23 24 42 16 22 22 18 34 39
46 41 31 40 1 19 38 29 37 47 6 23 15 46 13 16 10 8 8 36
17 16 12 10 1 10 10 8 11 21 4 12 13 16 10 5 3 3 15 6
31 29 12 16 3 19 35 31 20 25 8 19 4 32 18 13 13 12 26 24
7 2 5 10 1 1 13 13 10 14 1 9 1 15 8 2 7 6 8 17
12 14 3 1 2 5 9 9 3 8 1 8 3 11 2 6 1 1 11 7
51 54 41 37 6 24 47 37 39 50 7 30 16 52 21 26 14 16 22 41
41 38 25 26 12 21 32 33 29 42 10 30 27 43 20 22 18 8 32 30
45 42 36 28 15 21 51 42 35 42 14 24 18 47 24 15 13 23 36 37
9 14 12 6 1 5 1 2 3 12 1 1 3 14 1 4 3 3 1 5
18 18 15 21 1 4 13 8 14 28 3 7 7 27 1 8 10 9 3 18
10 9 5 14 1 5 8 15 14 15 1 6 1 12 2 4 13 6 7 19
8 8 7 13 1 2 10 6 11 21 1 10 6 16 3 1 9 7 7 14
33 36 26 14 1 17 21 18 18 35 1 17 17 35 10 15 5 4 14 15
4 11 6 4 1 2 12 6 11 9 1 6 1 9 5 1 5 2 7 12
39 34 24 44 4 21 32 31 36 45 13 22 11 41 16 13 25 13 23 35
13 15 13 6 1 7 3 5 4 12 1 1 4 13 1 5 3 1 4 3
15 18 6 8 1 2 15 12 13 12 1 4 1 12 1 3 3 1 9 18
50 40 24 38 10 25 37 32 36 56 16 35 36 56 20 23 18 16 35 38
31 33 20 31 1 25 30 29 28 42 9 15 8 41 12 10 25 17 15 33
31 23 13 18 2 13 35 20 27 27 9 19 9 31 19 3 1 9 20 22
43 33 23 43 4 19 41 38 42 42 13 25 13 41 24 22 22 18 31 39
14 18 19 11 1 6 13 10 11 21 1 13 6 23 11 11 5 8 13 10
41 34 25 25 6 26 29 26 26 40 13 30 27 43 21 21 11 13 23 23
49 46 24 42 17 26 38 40 35 48 21 35 22 56 19 37 35 29 38 48
51 45 20 42 15 26 48 38 50 61 15 42 40 59 22 20 33 11 45 44
12 1 1 9 1 1 5 10 4 12 1 3 1 8 1 3 5 5 5 11
34 32 27 14 10 12 34 33 21 38 3 29 18 44 19 26 10 15 32 29
5 5 3 3 1 2 6 6 9 5 1 1 1 5 1 3 5 3 5 8
27 21 10 19 7 5 17 17 17 25 5 14 14 24 5 15 8 9 13 21
55 30 41 39 4 34 52 41 42 59 17 46 36 59 46 31 7 26 39 36
34 35 23 30 2 15 39 28 40 37 3 18 13 34 16 9 15 9 25 33
13 19 15 5 1 14 11 8 7 20 1 7 5 18 7 1 6 4 4 9
13 16 11 17 2 10 15 16 19 18 1 4 3 13 1 1 13 1 5 20
6 5 6 4 1 1 3 6 1 12 1 2 1 8 1 1 2 4 3 6
28 23 16 21 1 13 21 13 14 31 4 9 12 30 9 4 2 2 15 11
57 37 24 45 4 25 53 44 47 52 18 41 24 59 31 23 15 23 37 47
39 58 28 45 10 39 50 28 57 52 21 35 35 50 13 20 36 27 39 48
44 37 18 24 9 21 31 34 21 43 7 18 20 36 13 17 16 9 24 28
52 46 33 36 13 15 36 40 31 44 3 33 14 43 7 26 16 4 17 37
34 46 32 22 8 25 32 18 24 45 6 36 24 50 20 21 14 14 30 19
7 3 1 5 1 1 10 6 4 10 1 1 1 7 1 1 1 3 1 9
53 44 33 31 11 24 49 49 40 57 6 39 31 55 28 26 21 15 44 41
24 25 16 14 3 7 12 16 8 27 1 11 11 30 3 13 3 4 15 16
53 54 45 44 10 37 52 35 43 68 7 47 35 68 35 20 28 19 43 35
42 51 38 35 16 34 46 26 44 51 4 25 25 53 24 9 29 12 29 36
23 25 10 11 5 3 13 13 11 16 1 12 7 22 1 17 3 4 12 17
41 44 22 44 14 23 37 34 38 44 15 34 17 46 7 22 33 13 28 47
19 24 7 23 1 11 24 20 28 21 2 6 1 20 3 1 19 8 10 33
29 31 21 31 9 22 35 20 39 50 15 42 35 41 25 20 23 22 39 31
34 32 28 30 6 23 22 20 31 30 10 15 16 29 9 11 16 1 14 19
56 50 46 45 3 42 48 35 53 63 18 42 38 62 35 28 16 18 31 36
51 34 4 39 15 13 53 46 47 52 22 37 29 47 19 19 20 23 45 53
35 39 17 44 8 16 36 25 45 38 14 16 15 38 5 7 24 18 17 44
24 25 15 20 1 8 24 6 29 27 3 7 14 24 7 1 5 3 10 19
46 49 46 29 3 28 41 26 35 50 3 34 23 51 26 22 6 9 22 22
22 26 22 9 6 16 21 22 14 29 1 23 11 30 18 13 9 11 23 18
35 46 30 35 16 28 41 35 45 41 16 34 18 42 18 12 31 12 30 46
53 37 32 42 2 20 45 39 39 55 12 39 27 54 26 27 6 17 36 31
30 27 21 21 1 19 25 16 23 27 6 15 14 27 15 7 9 1 8 16
26 19 12 22 1 15 22 15 26 33 6 13 18 25 11 3 8 4 15 19
36 27 25 28 4 30 29 22 29 44 16 32 26 39 29 13 11 15 22 25
32 37 7 28 6 21 36 28 30 42 14 24 17 45 4 23 28 21 28 41
25 31 12 22 3 3 21 20 24 25 1 12 6 30 1 13 13 8 14 32
15 15 8 21 1 8 13 18 18 23 1 1 3 18 1 1 16 7 8 24
38 30 22 42 12 18 30 30 35 34 13 17 7 31 10 12 28 10 18 37
50 29 11 36 17 29 37 43 42 42 26 36 34 38 17 25 30 11 34 43
44 40 25 41 10 18 46 27 47 49 19 19 28 47 14 4 16 19 32 39
44 34 8 22 17 11 38 43 26 46 16 32 23 41 16 28 21 15 41 36
2 8 5 4 1 3 1 1 5 7 1 1 1 5 1 1 4 1 1 4
4 1 1 13 1 1 1 2 12 10 1 5 1 4 1 1 11 5 1 13
54 63 39 50 19 30 50 48 55 48 22 15 15 54 8 21 33 25 33 57
18 22 17 16 1 2 15 11 16 19 1 5 2 21 1 12 6 4 4 19
53 41 41 41 5 27 54 39 50 55 11 37 28 58 36 22 7 21 36 41
7 4 5 11 1 1 7 7 13 8 1 1 1 7 1 1 11 6 4 13
25 28 8 25 2 10 26 20 24 34 8 18 13 31 5 14 17 16 21 31
23 24 19 21 1 9 11 19 17 16 1 8 4 22 1 15 12 1 8 19
38 43 35 31 6 26 36 19 39 40 5 26 22 40 24 13 17 5 25 20
48 36 32 56 2 24 50 36 48 66 21 45 27 64 30 37 25 39 39 50
42 42 23 43 6 12 40 37 46 42 8 20 10 42 13 18 21 19 30 45
17 20 11 5 1 10 19 8 11 15 1 4 1 15 4 1 2 1 1 11
26 27 9 30 1 15 26 21 31 30 4 5 1 24 2 3 22 11 8 35
33 42 27 28 2 15 36 29 33 31 1 16 4 38 10 14 14 6 18 32
50 27 1 47 6 21 45 45 49 41 24 26 26 37 21 17 22 22 39 52
26 26 16 12 10 10 16 17 16 30 5 17 23 25 8 16 8 6 20 15
30 27 17 24 1 19 25 21 21 38 5 11 12 30 13 5 14 9 17 22
3 5 3 5 1 3 1 1 4 9 1 1 1 11 1 1 3 4 1 5
25 29 21 26 2 19 27 12 34 32 5 17 17 29 14 4 15 6 13 25
16 31 24 17 1 6 16 5 21 25 1 11 3 30 1 13 3 9 1 17
36 39 26 26 11 21 37 35 32 39 1 28 21 45 23 15 22 6 40 29
50 61 34 37 22 32 54 42 53 54 17 37 34 54 19 17 31 22 41 50
23 13 4 16 1 7 13 18 11 17 1 6 6 16 3 6 8 4 13 15
3 6 7 1 1 1 4 1 2 11 1 4 1 9 2 1 1 1 4 3
41 47 34 43 4 26 41 27 41 55 15 34 19 56 20 27 27 25 32 38
15 7 1 11 1 2 7 7 10 16 1 4 6 8 1 2 3 2 5 8
7 12 11 7 1 6 7 5 7 17 1 4 5 16 1 3 5 7 3 9
32 22 33 36 6 8 29 32 34 33 2 33 12 41 20 31 9 25 21 36
39 51 38 36 27 29 37 39 46 34 22 28 22 34 18 16 33 3 32 45
40 35 19 35 6 22 41 27 41 52 19 42 37 49 24 26 18 20 38 36
37 54 34 41 7 32 36 22 41 55 20 37 34 55 10 35 28 25 29 38
20 17 11 4 1 12 11 13 1 18 1 9 5 14 7 4 1 2 8 4
12 10 8 12 1 6 9 11 10 11 1 5 1 14 4 5 9 1 6 13
6 1 1 7 1 1 1 1 5 6 1 1 3 1 1 1 2 1 1 2
13 18 15 7 1 13 15 3 13 24 1 5 7 23 5 1 5 3 5 10
46 38 30 42 10 16 31 35 38 40 11 27 16 36 7 21 17 3 17 36
15 15 8 12 1 7 13 4 16 16 1 2 4 14 3 1 5 1 1 11
22 15 15 23 1 1 11 8 16 26 2 9 6 21 2 10 8 7 2 16
17 12 1 3 1 4 10 14 1 12 1 4 1 14 1 4 1 1 9 9
14 15 8 23 1 7 16 11 25 28 1 5 9 19 1 1 14 5 4 23
14 11 11 10 1 1 12 10 6 15 1 4 1 14 1 6 1 4 4 10
63 48 22 50 18 18 44 52 51 61 24 38 28 55 12 36 38 14 37 58
8 7 8 5 1 1 3 1 3 4 1 1 1 8 1 6 1 1 1 2
34 29 18 30 1 20 32 22 34 37 4 19 19 35 18 4 14 2 27 21
10 7 5 7 1 1 7 9 2 13 1 1 1 10 1 1 1 1 3 8
15 11 7 13 1 8 10 4 13 19 3 5 7 14 3 1 8 7 1 11
23 20 11 17 1 3 16 15 14 22 1 18 5 29 6 14 7 8 15 20
23 9 1 16 1 5 21 14 21 18 7 7 11 9 7 1 1 1 11 16
43 54 43 39 18 17 36 33 40 50 17 38 26 56 14 39 24 29 23 42
11 15 13 12 1 7 8 5 11 22 1 4 6 22 2 2 7 5 4 13
19 32 17 35 1 19 28 11 33 34 18 24 18 39 1 24 27 24 15 36
45 38 25 55 1 17 50 33 50 60 17 42 20 61 19 33 22 34 28 49
26 24 12 14 1 10 17 19 11 27 1 8 9 26 5 9 5 5 19 16
53 35 23 42 4 19 48 38 43 50 16 34 19 53 27 22 11 22 36 43
22 14 6 34 1 17 21 20 31 30 16 28 21 26 16 11 22 16 23 30
31 39 29 29 6 19 45 26 45 46 11 41 30 46 25 27 18 29 43 39
48 48 38 51 20 30 58 39 64 57 22 41 30 53 29 12 32 24 41 50
2 4 2 2 1 1 1 1 1 8 1 2 2 1 1 1 1 1 1 1
28 31 25 18 6 25 38 30 31 30 5 27 7 30 22 9 17 10 19 30
43 37 12 16 18 15 36 31 32 48 17 33 38 40 14 22 16 5 36 28
35 32 13 15 10 16 28 22 24 33 10 21 24 27 11 14 7 3 21 22
9 11 7 18 1 6 9 1 16 25 8 14 13 14 5 5 13 13 6 15
25 32 24 25 6 10 28 28 33 37 3 33 16 39 11 25 21 15 27 36
30 29 16 30 3 15 28 27 34 38 7 17 14 32 13 13 22 15 26 34
20 24 16 19 1 2 16 13 19 22 1 18 3 23 7 15 8 8 13 19
16 15 5 4 7 4 12 17 4 17 1 18 10 18 8 12 3 5 21 11
13 20 15 9 1 13 18 10 18 24 1 15 12 20 15 5 7 8 20 11
39 51 31 43 8 42 51 36 51 58 26 50 39 54 31 30 30 31 41 46
1 6 3 2 1 1 8 1 9 3 1 6 1 4 5 1 4 1 5 6
12 9 2 5 1 2 11 12 6 9 1 4 1 8 1 4 1 1 7 10
46 53 32 24 26 17 42 36 38 39 18 18 30 43 11 20 17 17 40 37
34 33 8 20 13 7 31 30 24 23 8 12 10 25 5 10 8 10 27 31
10 4 1 19 1 4 9 12 15 15 1 3 1 12 1 1 14 6 1 21
9 6 5 6 1 1 8 7 6 8 1 8 4 1 7 4 4 1 10 4
32 31 28 24 8 29 30 30 24 33 9 26 15 34 23 13 16 12 19 28
16 15 5 10 1 1 18 13 14 13 1 1 1 10 1 1 3 1 7 16
23 8 8 24 1 14 16 12 20 26 15 19 19 23 17 10 8 12 15 17
11 13 7 7 1 3 15 12 11 14 1 4 3 11 3 3 4 1 7 13
31 23 3 41 2 23 31 25 37 42 22 35 32 42 11 24 25 21 30 42
47 52 30 39 21 27 40 31 51 52 17 38 37 49 14 24 35 10 32 41
38 36 24 31 12 23 32 31 32 41 9 24 15 34 11 8 21 5 19 35
17 20 14 3 1 8 13 11 5 13 1 7 1 17 5 7 1 1 8 7
40 37 24 21 13 22 26 33 23 36 7 26 20 30 11 15 19 1 19 26
11 4 2 2 1 1 2 8 1 2 1 4 1 7 1 5 1 1 7 4
36 46 25 26 6 26 44 30 39 38 8 14 12 41 17 3 16 12 26 35
45 36 22 34 1 21 35 24 37 48 12 24 26 48 15 17 9 11 24 33
39 31 27 30 7 1 36 35 34 30 4 29 11 35 18 29 9 15 29 37
14 17 6 34 1 15 15 7 29 27 14 17 18 27 4 12 22 15 11 26
24 20 15 18 3 3 11 17 11 18 1 6 5 21 1 14 8 1 11 16
29 27 10 32 12 8 27 23 38 30 16 19 20 26 8 12 17 17 22 37
55 39 26 31 10 22 52 48 34 64 12 50 35 59 31 31 16 24 44 41
54 43 29 48 12 24 54 48 52 49 21 32 19 51 32 30 27 31 44 51
29 29 11 23 1 11 25 21 27 29 1 2 7 24 1 3 11 3 11 27
15 12 9 13 1 6 14 8 11 25 2 3 11 16 4 1 1 3 5 8
8 1 1 7 1 1 3 1 5 8 1 3 5 1 2 1 1 1 3 1
42 25 28 37 1 27 43 37 44 52 12 37 31 45 35 19 14 22 39 37
8 21 12 22 1 12 22 6 29 32 8 21 17 26 11 7 17 16 16 22
7 18 8 3 3 5 13 7 14 8 1 4 1 8 3 3 4 3 7 12
18 12 11 23 1 1 10 14 16 20 2 8 2 24 1 10 14 8 6 23
15 1 3 11 1 1 3 5 3 12 1 1 3 10 1 3 1 1 1 5
51 59 52 50 22 27 54 40 63 52 10 44 26 51 27 25 26 18 35 44
35 33 17 18 9 12 26 30 12 28 5 20 10 38 11 22 11 9 28 22
13 12 10 11 1 2 15 13 14 20 1 11 6 14 9 6 7 7 14 14
14 14 5 17 1 7 17 11 17 23 6 9 8 18 1 6 12 12 7 21
18 22 16 16 1 7 3 10 16 15 1 5 10 16 1 10 7 1 9 10
15 12 7 7 1 6 11 13 1 17 1 9 3 14 7 4 1 4 12 7
15 10 2 6 4 4 8 16 1 13 1 6 5 15 1 8 2 4 10 13
35 43 24 32 5 32 37 27 41 46 13 29 26 38 13 13 24 12 19 35
45 50 35 24 12 25 39 41 33 34 5 38 15 43 17 29 18 4 26 33
42 31 25 36 10 35 34 35 36 42 21 33 23 34 25 11 22 10 28 32
26 29 16 18 2 19 20 15 19 38 6 20 21 31 9 9 12 10 14 19
59 57 38 63 15 30 52 45 59 67 24 48 39 67 18 39 28 29 33 60
20 21 14 19 1 14 30 22 28 31 2 16 8 28 18 5 15 9 25 22
49 54 29 46 1 45 57 33 49 69 27 42 40 65 21 23 27 28 42 42
23 27 20 20 1 19 22 19 24 32 1 8 9 33 8 3 16 7 15 23
42 48 39 38 2 30 39 26 41 52 7 30 22 50 17 18 20 11 13 35
26 37 25 27 3 23 31 12 27 40 7 23 20 45 12 13 17 13 24 20
39 42 25 48 5 34 45 27 54 49 23 36 29 47 21 18 28 20 29 44
6 14 15 9 1 5 5 1 13 17 1 8 6 17 5 4 9 6 6 11
8 13 8 1 2 3 3 9 4 10 1 4 7 9 1 6 1 1 10 5
49 27 32 36 7 35 49 42 39 59 22 50 36 55 46 25 7 31 41 36
1 1 1 1 1 1 1 2 2 1 1 2 1 1 1 1 1 1 5 1
5 5 6 8 1 1 1 1 5 10 1 1 1 5 1 1 6 2 1 8
25 17 6 16 1 8 24 14 16 23 1 7 4 21 7 1 4 1 12 14
21 21 6 11 10 7 16 22 14 23 3 22 11 23 8 14 16 8 23 23
51 50 27 48 8 13 40 38 47 44 10 16 11 46 5 25 17 19 18 46
23 43 20 20 12 21 30 24 40 33 8 26 19 33 3 13 26 8 22 39
13 13 7 5 5 5 8 12 6 8 1 13 6 15 7 12 4 4 16 10
23 16 17 19 1 7 33 29 26 36 2 18 9 32 19 14 9 20 29 28
12 6 5 11 1 1 5 8 5 18 1 4 5 8 1 3 5 7 5 9
13 15 9 6 1 8 10 14 6 15 1 9 7 13 6 7 4 1 13 9
32 30 20 33 1 15 26 15 26 41 8 15 13 40 9 11 17 14 14 25
56 53 19 44 26 10 48 48 54 48 21 38 26 50 3 35 35 16 34 63
36 35 24 35 6 2 32 18 36 38 8 17 11 37 3 12 6 15 11 32
47 44 56 38 14 29 45 33 41 54 6 46 30 59 37 33 7 24 40 27
8 7 3 1 1 3 2 7 1 4 1 1 1 7 1 2 1 1 4 1
43 47 27 25 26 21 43 38 40 52 8 44 37 56 22 22 34 6 45 40
23 31 20 10 1 10 23 14 15 19 1 11 7 26 8 11 1 1 16 12
9 27 16 11 1 14 21 5 22 24 5 14 10 24 8 4 10 11 12 18
45 46 32 25 7 15 41 34 30 33 3 22 8 44 10 23 3 9 15 29
23 24 18 16 5 13 18 16 16 32 2 16 16 31 9 8 9 8 19 17
6 14 13 10 1 6 5 5 13 13 1 4 5 13 4 4 7 1 8 9
26 22 12 25 4 14 27 23 30 23 9 19 11 18 14 6 14 3 17 24
8 10 3 6 1 4 10 5 9 10 1 6 3 5 5 1 4 2 7 8
9 2 1 8 1 1 3 5 9 7 1 1 1 2 1 1 4 1 2 8
40 50 31 42 11 26 56 31 50 56 20 41 33 58 24 27 22 34 47 45
20 13 4 23 1 2 18 16 25 24 2 8 6 12 4 3 13 7 9 27
9 10 6 7 1 1 9 7 7 12 1 1 1 13 1 1 4 1 1 10
22 12 18 18 1 4 18 15 15 24 4 19 11 24 18 16 1 13 19 11
26 33 21 20 4 15 25 18 23 22 3 6 4 27 6 7 11 4 5 25
15 29 25 9 1 22 21 6 18 31 4 18 14 32 14 3 9 10 10 10
50 50 32 35 6 22 42 40 32 48 8 30 12 57 13 31 15 22 21 38
34 40 36 31 8 23 24 22 33 34 5 24 11 35 11 14 20 3 19 25
41 41 34 37 5 15 38 33 33 45 5 24 9 49 14 24 14 17 19 33
32 31 17 16 11 16 23 21 20 40 5 24 24 34 11 15 14 10 25 24
50 42 21 34 12 34 48 38 42 60 25 45 42 56 26 27 24 22 37 43
17 14 11 17 4 8 11 17 17 14 3 6 4 10 1 7 14 4 7 18
24 14 14 26 2 5 13 17 19 14 1 7 4 17 2 11 12 1 5 19
43 32 26 30 7 2 37 37 29 36 1 32 13 42 14 32 3 15 26 34
24 25 26 10 3 10 23 21 17 30 1 24 16 34 18 20 1 12 29 17
50 49 22 41 13 18 58 47 49 57 21 49 28 66 22 47 31 35 51 59
15 11 7 7 2 3 11 14 3 15 1 9 4 13 5 6 1 3 12 10
12 13 4 9 1 3 1 8 9 15 1 4 10 7 1 5 4 1 8 9
47 51 39 23 17 12 42 38 33 49 7 40 24 54 17 38 10 16 33 33
12 18 11 16 1 10 17 17 20 17 1 5 2 15 2 1 13 1 8 19
24 24 13 21 1 16 22 17 16 35 6 8 7 31 6 5 13 14 11 21
31 20 19 28 1 18 22 14 25 33 12 15 23 32 16 10 7 5 15 18
27 22 18 15 1 11 15 15 12 27 3 19 12 28 15 11 1 2 18 10
51 54 31 41 8 20 45 30 47 59 10 35 30 59 10 29 20 14 26 45
55 55 38 42 9 18 47 32 48 52 9 25 23 51 14 26 12 15 25 36
13 22 19 14 1 10 7 6 10 21 5 13 7 26 6 11 9 11 9 11
18 41 25 28 4 28 43 19 38 43 22 37 23 45 14 25 26 34 32 38
23 27 21 18 1 16 18 16 19 22 1 13 9 22 13 9 12 4 12 15
40 55 41 26 9 39 50 27 44 51 9 39 31 54 31 17 21 15 35 32
9 14 15 9 1 6 8 3 12 15 1 9 9 13 9 3 6 1 11 6
42 36 15 26 8 10 28 23 30 30 10 19 17 34 6 18 2 5 22 29
43 58 21 39 24 28 57 32 58 59 23 50 46 53 22 27 36 26 54 48
7 10 6 8 1 1 3 1 7 8 1 2 1 15 1 5 3 4 1 6
35 35 17 29 4 5 27 28 30 29 2 15 5 35 1 22 14 11 16 38
40 38 35 26 1 18 38 23 28 51 1 28 15 51 22 14 6 9 19 21
13 8 7 18 1 2 1 1 11 14 1 3 4 17 1 3 8 4 1 10
42 49 28 30 7 20 39 28 39 39 3 24 17 43 18 19 19 6 34 32
27 5 13 21 2 3 21 27 20 25 1 24 15 22 19 17 6 14 26 24
53 53 41 28 15 41 48 41 34 56 9 39 34 55 36 19 17 13 45 29
30 27 12 13 9 1 22 22 14 19 1 14 10 23 3 20 5 1 17 21
12 8 9 10 1 4 9 8 5 12 1 4 1 17 1 7 5 7 1 11
19 17 2 16 3 3 15 16 12 30 3 16 14 22 1 11 11 9 14 24
59 43 31 43 14 40 47 38 45 56 20 41 47 57 35 25 23 13 44 33
29 31 19 16 2 7 17 16 12 23 1 9 7 27 1 15 1 1 10 15
41 44 39 22 2 14 42 31 29 41 1 28 10 45 18 23 1 11 20 25
38 25 21 36 5 27 26 26 32 32 17 24 20 31 21 17 18 10 22 26
50 48 25 55 6 27 42 36 46 59 24 40 27 60 19 35 32 27 37 50
39 37 32 29 9 10 30 30 28 41 1 35 12 45 16 32 13 20 26 33
47 43 34 40 1 30 43 23 41 60 11 34 28 59 21 16 12 11 19 31
8 12 8 18 1 2 7 4 12 18 2 6 3 20 1 5 13 8 1 19
18 24 8 10 1 6 28 23 22 26 1 12 5 24 10 8 7 8 24 25
32 23 10 24 3 10 20 20 24 24 7 20 17 25 11 15 7 1 20 23
19 28 12 33 1 20 29 13 35 38 10 19 19 30 8 7 23 15 14 33
41 38 21 23 17 22 31 34 29 36 11 31 23 34 14 20 24 5 24 31
13 7 7 10 1 1 6 11 5 17 1 4 1 14 1 5 6 6 5 13
15 19 16 12 1 1 13 7 13 17 1 4 2 19 1 8 2 1 2 12
40 37 25 25 3 21 31 33 24 37 4 24 12 43 17 19 12 12 25 30
26 30 19 16 7 15 16 19 20 24 1 17 18 25 8 11 14 1 21 18
33 51 34 40 5 40 45 30 43 49 21 37 24 51 12 23 36 23 23 45
6 2 2 5 1 1 4 7 3 10 1 7 1 10 3 2 4 6 7 8
20 13 11 12 1 8 14 7 6 22 2 3 6 17 4 1 1 1 1 6
7 5 2 4 1 1 1 5 2 10 1 4 1 3 1 2 3 3 6 5
46 44 16 35 11 12 36 37 39 45 11 24 21 43 9 27 27 10 31 43
20 22 18 11 1 11 22 20 15 28 1 17 12 28 15 9 8 8 24 17
55 50 18 36 17 28 52 46 47 66 25 46 43 62 16 33 35 16 40 52
8 16 13 6 1 11 6 5 9 16 1 7 9 13 7 1 5 4 10 6
13 7 2 10 1 2 11 13 9 14 1 3 1 11 1 4 6 5 7 14
9 15 9 12 1 5 13 7 12 18 4 7 4 19 1 5 8 10 3 15
49 54 36 29 12 18 41 38 34 41 1 33 19 47 14 30 14 8 24 37
18 3 1 16 1 1 8 11 10 17 1 2 5 6 1 1 4 1 5 11
11 8 8 9 1 1 7 3 9 5 1 4 4 8 3 6 5 1 3 6
16 18 4 7 3 1 14 13 15 11 1 2 4 6 1 4 2 2 10 16
13 17 15 4 1 10 9 4 4 17 1 1 7 18 2 1 1 1 5 1
47 46 9 37 28 14 47 40 51 47 28 31 36 45 5 26 34 24 38 56
22 41 15 30 6 21 33 22 39 37 19 31 26 36 2 26 29 25 30 44
10 16 10 13 1 4 8 8 13 10 1 1 1 13 1 3 8 1 1 15
15 5 6 10 1 1 9 11 4 14 1 3 4 12 1 6 3 5 6 9
15 10 3 4 2 1 9 14 3 10 1 4 3 11 1 7 1 1 8 10
44 45 28 36 4 25 42 24 42 44 17 30 23 50 16 19 9 17 21 34
19 21 13 8 2 3 2 10 4 15 1 7 6 19 1 13 2 1 9 10
7 6 4 5 1 2 5 7 7 7 1 1 1 5 1 2 5 1 4 7
4 4 4 8 1 1 1 1 7 11 1 2 1 5 1 1 8 5 1 10
19 13 10 18 1 6 8 13 12 17 1 2 3 16 1 5 8 1 5 15
13 17 12 10 1 6 6 7 10 10 1 4 4 12 1 9 6 1 7 7
31 39 20 18 2 22 37 21 31 32 5 9 9 34 12 5 12 7 22 24
15 12 16 10 1 10 20 16 14 20 1 19 4 21 19 7 5 9 15 13
19 27 23 11 6 22 22 9 20 30 1 15 15 28 15 1 12 4 16 10
39 47 29 27 9 35 36 28 36 51 3 34 34 46 19 15 26 9 30 29
22 20 15 24 1 7 12 9 20 23 1 2 7 22 1 5 7 1 1 16
40 46 28 38 17 25 45 40 44 40 16 12 12 43 8 4 29 23 23 49
29 36 10 12 13 11 27 21 28 40 10 23 26 36 1 19 21 7 23 30
20 18 10 17 1 10 19 14 17 27 4 5 9 19 7 4 10 6 13 16
23 14 5 17 1 9 21 22 13 22 2 11 2 22 10 7 10 8 20 18
11 20 11 7 1 9 17 5 20 21 1 10 9 15 8 1 6 5 12 14
34 25 6 45 5 31 32 28 41 42 25 34 31 38 11 20 30 22 27 45
15 17 11 10 1 5 14 8 9 8 1 2 1 19 1 8 1 1 2 10
