1000 20 14 1289
1 11 10 8 5 1 4 6 8 7 3 7 9 5
7 1 3 10 11 2 2 14 0 12 0 5 2 3
2 9 14 9 8 2 15 0 7 6 11 11 16 4
7 7 8 13 0 5 2 4 3 3 3 0 1 7
13 6 11 13 7 5 4 5 3 6 3 7 13 10
9 0 1 7 11 13 6 2 2 11 15 2 23 7
11 2 6 3 4 4 9 12 6 7 3 4 5 2
5 9 1 1 1 9 6 7 10 6 3 5 9 6
12 12 11 1 6 13 3 1 7 2 12 16 16 12
1 1 1 4 5 1 4 6 1 1 3 3 2 1
7 2 7 12 11 4 4 7 9 11 4 1 1 10
1 8 1 10 3 3 1 0 3 5 0 1 1 2
1 3 4 3 12 6 11 5 2 10 0 3 5 7
2 5 1 3 2 2 13 13 17 7 5 6 2 9
3 4 15 5 1 3 2 13 8 2 2 12 0 1
5 3 4 5 6 1 3 5 6 1 2 5 7 1
2 20 20 3 0 6 12 8 5 7 6 2 3 3
6 1 1 6 5 2 11 6 4 1 3 8 6 1
4 9 7 5 6 3 17 8 0 0 10 11 2 4
1 6 6 13 2 5 18 7 9 11 14 12 4 10
2 9 8 8 3 9 1 10 5 6 2 9 4 7
5 4 3 7 9 1 9 11 8 3 4 11 8 7
2 4 2 3 7 16 6 0 11 8 14 6 4 5
2 18 13 16 15 11 4 1 6 3 3 5 1 10
8 14 3 5 3 3 12 2 1 12 11 8 3 6
6 3 11 4 8 4 0 16 5 4 20 11 10 1
9 5 16 12 14 6 25 8 0 0 1 1 4 9
1 12 28 4 6 7 8 7 3 13 0 6 0 12
9 7 12 7 2 2 7 3 17 9 5 7 11 15
8 6 9 3 17 8 7 5 1 7 2 2 2 0
7 18 0 5 7 3 7 0 8 7 0 3 5 9
3 2 5 1 2 9 4 6 9 10 11 0 5 9
1 3 3 7 15 4 12 10 1 4 7 1 1 9
2 0 7 10 3 5 7 4 0 2 5 2 2 8
0 2 8 8 5 13 13 1 5 4 13 1 6 9
20 8 16 12 13 6 6 2 4 11 11 3 10 1
7 6 4 14 13 3 6 6 5 5 3 7 3 1
9 12 1 7 3 18 13 2 16 4 9 0 10 2
1 7 2 4 4 2 14 5 6 16 15 3 1 5
3 3 13 1 2 5 5 4 5 1 0 2 1 7
15 9 12 2 2 1 5 9 6 3 4 5 6 3
6 9 7 14 7 6 1 11 6 3 7 3 5 7
1 11 7 3 6 9 12 6 1 3 8 3 10 1
3 9 16 1 5 0 11 24 1 12 1 13 4 12
4 11 3 0 2 4 1 1 4 6 1 6 6 4
5 12 7 2 9 24 13 4 3 6 3 12 4 13
3 6 13 7 3 7 0 8 12 3 1 3 3 0
4 8 1 6 10 6 4 2 3 4 7 9 1 27
10 5 4 6 10 23 6 5 11 14 9 11 0 9
3 13 8 3 3 4 6 0 4 3 5 2 0 4
3 11 2 8 13 9 5 1 7 8 11 0 9 2
3 3 14 8 4 1 0 2 4 8 2 20 8 5
10 0 12 8 3 8 8 0 4 2 1 8 2 4
13 9 5 10 12 9 3 2 5 6 5 1 4 4
1 3 3 2 10 3 0 12 5 7 2 3 2 2
1 8 2 4 8 8 4 6 2 7 5 15 1 0
2 4 2 1 2 0 5 2 4 6 0 5 1 1
10 11 5 3 6 2 1 7 5 3 0 9 2 9
8 15 3 6 12 5 12 3 13 11 6 13 11 4
2 3 6 3 8 6 8 4 4 4 1 7 3 5
5 2 3 11 0 1 7 13 3 11 2 6 1 5
6 7 17 17 12 6 7 7 6 3 0 11 15 11
2 3 5 3 3 1 10 5 15 1 8 14 4 3
0 4 1 1 7 1 1 12 13 5 8 9 1 10
1 6 6 10 9 6 4 2 1 5 9 6 20 9
6 3 1 3 9 3 0 4 3 4 0 5 0 1
1 4 5 3 3 7 2 1 4 3 3 6 4 3
14 12 21 3 1 5 7 7 7 8 8 11 4 6
1 2 1 5 3 4 7 7 7 0 5 6 0 2
9 0 7 5 7 1 2 1 4 1 2 3 4 15
1 6 1 0 6 5 2 1 2 6 4 4 2 11
2 2 5 8 3 2 7 9 8 6 5 20 14 15
3 3 6 2 8 5 1 4 5 1 1 6 4 4
4 3 6 10 1 2 5 3 1 1 5 2 3 1
16 0 0 2 2 6 16 4 14 5 12 11 7 3
8 8 5 9 3 8 6 4 2 11 7 5 9 12
2 1 5 6 12 24 0 2 3 2 2 8 11 8
1 1 2 1 1 1 2 1 6 2 3 6 3 0
6 7 7 8 0 1 7 2 5 7 14 4 0 11
8 3 1 6 4 2 0 3 8 1 4 15 4 10
2 6 15 14 3 3 4 12 8 6 15 8 6 3
1 2 1 1 0 0 2 6 5 5 1 1 3 3
5 6 10 1 14 6 3 4 2 14 5 9 10 3
6 5 3 4 9 6 3 2 2 6 4 6 9 10
0 7 8 3 4 9 11 5 8 7 5 7 1 18
2 1 0 2 3 6 13 7 7 27 0 1 4 1
22 2 2 6 1 2 2 10 4 5 7 7 7 8
2 2 1 6 12 1 15 10 4 3 5 12 5 12
4 13 25 11 4 14 5 7 3 11 0 5 4 6
0 2 3 14 4 7 11 0 5 9 5 2 4 17
1 5 4 1 4 7 1 6 8 11 5 2 13 2
10 6 4 4 13 3 3 6 15 5 6 10 7 2
4 4 6 13 3 6 4 8 5 8 6 9 11 4
0 0 5 9 9 3 20 14 5 11 7 18 6 12
11 7 3 7 1 1 3 0 9 7 5 0 3 3
1 3 1 4 9 4 5 0 3 5 5 2 2 7
6 6 5 0 1 1 1 4 2 7 1 0 0 1
0 0 13 5 5 1 12 5 1 1 12 7 9 5
7 2 5 3 2 3 1 4 2 6 1 7 5 5
5 2 6 6 2 1 2 1 3 2 2 1 1 5
5 2 1 6 12 3 5 3 1 2 2 1 3 3
2 4 4 9 3 7 3 12 1 3 5 7 1 5
9 8 1 6 9 8 26 5 10 10 3 8 3 3
2 3 3 2 8 4 3 3 3 5 4 7 4 1
13 15 3 7 3 0 7 5 4 2 9 4 4 12
5 3 10 6 13 5 11 5 7 9 12 3 7 8
2 3 2 0 1 1 7 0 1 0 2 3 3 4
5 2 8 0 16 0 9 1 2 3 2 9 21 1
13 3 8 4 2 6 12 11 15 8 3 4 5 1
6 1 4 6 3 2 1 1 0 8 3 14 0 8
2 3 8 2 3 0 1 6 8 0 2 1 2 3
0 1 1 1 10 5 4 3 7 9 10 11 1 6
6 5 5 1 13 10 5 12 5 7 8 6 11 4
4 4 3 4 10 7 1 3 2 10 3 0 12 6
6 8 5 7 7 10 9 4 9 2 4 14 0 1
3 1 1 1 4 4 1 1 4 4 5 1 0 2
5 10 1 18 5 4 2 4 10 2 8 9 5 1
2 8 7 2 10 9 10 9 22 4 5 3 9 11
5 1 2 2 2 0 0 4 2 3 5 0 0 5
3 4 3 14 4 6 16 8 6 2 6 3 13 4
11 5 6 11 8 3 6 12 1 0 12 6 8 11
6 17 1 2 11 1 5 10 7 0 19 0 5 5
2 4 12 10 12 11 7 1 3 6 0 2 2 5
5 9 16 13 1 7 6 17 1 12 7 7 14 5
7 8 8 2 5 2 8 2 20 1 13 1 10 7
5 3 5 14 10 4 1 18 0 2 7 6 6 7
4 10 14 8 13 13 4 17 1 6 6 11 11 2
5 15 3 2 11 0 15 19 9 5 3 6 14 3
3 1 4 12 7 1 2 4 1 1 0 6 6 4
3 2 13 1 0 4 5 3 10 4 8 4 9 4
7 2 1 3 24 13 0 7 6 5 3 11 2 12
2 6 13 8 1 2 1 4 1 2 5 3 3 1
4 10 3 15 11 5 0 17 8 9 4 9 3 2
10 6 7 14 2 0 3 2 2 10 10 22 11 0
11 13 4 1 2 7 4 9 4 1 5 26 11 7
13 3 9 18 5 4 7 9 2 12 9 1 0 15
8 6 4 3 4 12 8 5 6 0 1 1 8 3
5 1 13 10 3 14 13 1 3 10 6 5 5 15
8 11 13 17 4 3 2 0 4 0 3 7 9 3
10 7 7 3 8 2 4 6 1 10 3 11 3 0
4 6 2 3 2 2 11 1 3 2 7 3 0 1
8 11 7 20 2 6 5 2 5 0 11 5 3 13
3 7 6 14 12 8 14 2 1 8 3 8 1 5
2 1 5 3 1 2 4 0 0 3 3 3 1 4
4 3 3 1 4 7 0 2 10 9 14 7 1 4
11 13 11 9 7 2 5 11 16 5 4 6 4 20
8 18 11 7 6 5 11 4 8 2 2 3 6 8
1 5 2 4 2 0 2 3 5 2 2 3 4 1
2 0 14 0 9 8 1 5 5 4 9 12 5 16
4 6 7 4 2 6 3 14 1 2 4 1 2 0
1 0 1 6 4 1 7 5 8 5 10 5 1 7
5 6 4 2 4 3 3 6 6 0 1 1 2 3
1 3 0 2 3 8 2 1 1 2 6 1 0 2
3 0 12 0 10 7 14 1 11 6 8 0 9 11
7 1 3 0 5 4 2 1 5 3 1 3 0 3
8 3 3 14 9 6 7 3 3 2 4 13 9 6
1 6 7 1 3 27 10 8 11 14 8 2 12 7
15 3 7 8 7 3 8 1 4 0 14 2 5 20
1 6 2 2 4 4 4 5 9 1 2 7 7 10
5 2 1 2 7 5 4 2 0 4 9 7 3 3
2 18 4 9 10 22 4 0 5 2 1 9 5 15
8 19 6 6 3 12 16 6 11 5 11 11 0 15
4 1 1 7 1 4 5 1 3 3 4 1 2 11
0 2 2 10 2 1 4 2 1 16 1 7 13 3
1 6 4 15 3 5 14 22 2 7 7 14 12 2
1 3 15 1 3 6 10 6 1 3 3 3 3 0
5 6 15 11 4 3 4 10 1 3 3 12 11 7
2 10 3 2 2 1 11 0 1 3 1 2 7 9
2 7 2 2 6 5 2 13 9 8 5 4 11 0
0 5 9 2 8 11 2 4 13 10 12 12 10 5
5 1 2 1 1 2 0 1 4 2 2 8 0 5
5 7 0 3 4 10 2 4 3 0 3 2 6 3
1 4 4 9 7 2 8 1 5 0 5 7 8 1
10 9 1 7 2 0 6 8 9 1 4 6 3 7
4 10 1 2 7 5 7 3 4 7 9 10 3 3
1 5 2 3 3 1 5 2 2 2 0 5 1 5
1 2 3 3 10 6 9 4 1 10 4 2 1 5
12 13 3 9 1 22 1 3 7 7 11 7 7 8
8 1 4 4 11 13 5 6 2 8 7 1 5 1
1 7 10 4 6 2 5 1 6 4 7 4 1 13
10 7 2 11 8 14 0 1 7 13 18 6 8 11
7 11 5 7 10 1 6 4 0 2 14 7 6 0
5 21 3 5 2 5 7 10 10 10 1 17 1 10
5 3 5 7 3 7 3 5 2 7 4 5 3 12
7 8 1 28 2 9 6 3 6 7 8 9 3 4
10 8 19 6 7 18 6 4 6 8 12 4 6 1
0 1 0 1 3 4 5 1 2 6 1 2 6 3
26 1 9 12 7 3 10 4 13 2 2 5 2 7
2 5 9 6 4 10 12 1 6 5 2 2 27 17
6 3 7 1 8 3 2 6 2 2 8 7 4 6
4 4 1 1 1 3 5 7 1 4 0 5 4 2
4 6 8 10 4 10 2 11 6 11 9 8 6 4
5 2 6 4 6 0 5 18 1 6 3 10 1 5
13 12 13 3 5 18 7 13 1 3 18 1 9 8
9 5 1 1 2 1 11 12 16 3 2 7 7 22
0 17 5 4 3 6 2 8 14 0 2 5 5 11
3 2 3 8 0 3 7 2 1 3 0 2 8 1
3 3 7 0 4 0 4 5 3 6 3 5 3 4
7 3 2 2 4 3 1 5 2 1 1 7 0 5
5 6 4 8 11 9 5 3 3 2 7 0 6 2
10 6 9 2 0 0 3 4 3 2 11 1 3 5
2 3 7 3 0 4 3 1 2 0 0 5 1 0
2 0 3 1 1 1 1 5 3 6 3 3 8 5
4 3 4 7 6 4 2 4 0 3 3 12 1 2
4 2 3 1 3 2 2 2 3 2 2 3 4 4
1 7 6 19 7 3 5 19 17 5 3 8 1 11
7 5 14 3 3 7 9 4 11 3 0 1 3 5
2 0 8 0 7 3 1 1 1 3 4 3 1 2
7 5 10 13 6 5 3 2 5 0 9 10 1 6
23 2 2 3 13 5 0 9 7 18 8 8 12 3
9 7 8 4 13 11 6 6 2 11 14 10 5 10
4 0 2 6 0 5 2 2 3 2 2 3 4 3
1 6 3 1 3 0 2 2 8 1 1 3 1 1
1 1 2 5 3 1 4 9 1 1 2 0 3 11
8 6 2 0 9 2 15 12 7 7 0 15 3 4
21 11 9 10 8 8 9 13 6 9 3 5 12 9
1 5 0 6 1 7 4 6 3 3 3 1 7 3
9 1 2 5 6 11 7 1 8 5 1 8 8 5
0 2 5 3 0 5 1 8 3 1 3 6 4 6
0 9 11 1 4 10 1 2 2 1 26 3 5 8
4 4 5 2 5 4 1 2 1 1 2 3 4 7
3 5 1 3 2 3 9 1 7 3 1 2 2 4
3 1 4 2 3 1 3 3 1 0 0 3 6 4
2 13 18 6 3 16 9 8 4 10 0 8 15 16
16 2 10 4 9 7 6 7 1 3 1 1 11 1
1 2 5 1 0 2 2 2 7 1 3 1 1 4
10 9 3 5 3 5 1 7 4 6 7 3 3 5
5 3 7 6 11 10 18 10 9 0 10 0 10 17
0 1 1 2 4 1 0 5 2 6 0 7 5 4
2 1 1 0 3 8 0 1 2 3 8 4 2 1
2 2 2 3 3 5 2 6 3 3 3 7 1 4
4 7 27 7 8 8 0 4 5 2 6 4 8 7
7 3 8 17 8 8 8 3 3 2 10 15 3 11
10 7 23 8 20 1 2 7 1 10 5 1 10 1
1 7 2 4 1 13 4 4 4 5 11 8 2 1
6 7 11 4 8 2 0 1 3 4 1 10 11 1
1 0 4 7 13 1 7 1 5 0 0 0 3 3
29 3 10 8 6 4 5 12 0 9 4 4 9 3
8 1 1 2 2 18 2 3 12 9 3 8 5 3
3 1 1 3 1 10 10 5 8 0 0 9 4 0
5 2 2 5 3 3 7 3 1 3 8 2 1 0
5 1 10 5 3 10 4 4 4 4 5 8 7 2
7 1 5 6 4 4 12 2 7 4 1 7 10 8
1 6 3 1 11 2 1 0 6 3 3 2 2 1
3 10 3 0 4 5 4 4 2 1 3 3 0 5
2 9 3 1 1 5 5 2 1 1 0 7 1 0
2 3 10 4 1 11 1 4 3 21 9 4 6 2
3 1 13 10 0 3 9 2 6 5 1 9 14 3
5 7 0 1 5 8 11 7 6 4 5 8 6 9
15 4 21 3 0 3 1 0 3 1 2 9 12 3
6 1 9 2 3 5 6 4 5 9 2 13 0 5
9 3 10 4 9 4 5 10 15 8 5 13 4 0
2 0 5 1 8 3 0 3 6 5 2 0 3 0
10 19 6 2 0 5 7 1 12 2 6 3 4 6
1 3 8 10 1 2 8 6 5 6 0 1 3 2
3 4 2 9 5 2 7 2 6 9 4 5 6 1
6 1 1 5 15 17 5 3 15 3 20 2 1 4
1 6 8 10 10 1 14 0 8 12 6 2 4 13
4 1 2 2 4 1 4 5 2 3 0 5 6 1
3 1 6 6 2 1 0 16 0 8 9 6 9 3
11 4 0 5 9 11 10 1 1 8 1 1 11 17
9 2 5 12 1 4 14 1 6 12 8 10 1 11
5 3 3 3 8 7 5 3 9 7 5 6 10 5
15 6 23 0 1 2 2 3 1 9 5 13 18 6
2 19 7 7 4 3 7 1 9 12 6 4 15 7
6 3 1 8 8 4 5 8 20 8 9 8 7 16
5 0 4 5 3 9 14 6 4 8 1 7 7 7
1 11 4 9 2 2 2 1 1 1 3 5 3 7
0 1 10 11 10 7 4 4 3 12 9 4 17 2
6 2 4 4 14 3 6 6 4 10 10 5 3 4
16 1 13 14 6 8 1 10 3 3 6 4 10 7
3 7 3 0 0 11 4 9 3 1 3 8 3 7
4 24 3 3 0 9 5 10 0 7 5 7 10 4
9 6 0 15 17 5 4 3 4 6 5 1 3 1
2 7 2 0 2 5 6 3 3 0 4 10 1 9
1 5 9 4 0 3 8 1 3 1 2 1 1 5
6 6 7 13 0 4 13 10 5 3 10 17 13 4
2 0 0 8 5 10 7 11 16 6 9 9 4 5
16 13 10 9 1 4 4 10 7 3 11 2 1 2
5 2 16 4 15 1 8 10 8 10 1 11 3 6
7 6 5 7 1 4 5 2 5 6 6 6 3 4
1 2 3 3 0 2 4 2 3 2 4 2 4 3
1 4 5 0 1 4 11 6 2 1 3 3 6 0
1 16 9 6 11 3 2 6 6 3 2 0 0 10
5 12 16 11 6 21 1 6 2 5 2 2 19 2
4 0 6 20 8 1 12 2 13 9 2 10 3 7
8 3 6 0 1 2 1 5 7 1 8 0 0 1
4 10 2 17 6 2 14 1 7 1 17 2 8 8
0 5 5 1 4 0 2 1 0 0 3 5 2 6
3 1 2 0 1 9 7 1 8 2 8 1 0 0
7 22 2 6 19 7 5 19 1 5 8 1 11 3
4 6 4 0 3 9 5 9 5 1 2 5 4 1
0 1 3 4 5 2 2 4 2 1 3 1 4 9
3 5 0 4 6 6 0 4 2 8 3 2 5 0
3 10 8 2 5 7 3 2 3 1 3 7 2 4
3 2 11 3 6 10 2 7 4 13 0 10 12 3
1 3 7 5 1 5 5 0 5 2 4 5 1 7
4 3 3 2 5 7 10 7 13 20 11 9 6 13
6 7 4 8 13 4 4 7 4 5 1 2 7 8
1 2 2 4 8 2 4 9 0 8 1 3 3 4
7 6 12 2 7 11 3 5 3 6 4 1 1 0
3 5 0 6 9 7 0 6 0 2 3 8 7 2
2 1 5 3 2 2 10 6 4 6 0 4 3 5
1 10 4 4 3 1 3 3 3 3 1 3 2 1
1 2 11 4 9 7 2 9 2 4 11 3 3 2
19 2 3 7 2 5 13 9 5 10 4 6 1 3
3 2 0 0 20 9 7 8 10 10 3 3 7 2
0 5 1 5 2 3 3 6 14 12 11 6 11 3
0 4 1 0 6 5 6 10 3 5 1 0 2 0
2 2 10 2 0 6 8 7 4 1 2 6 4 9
3 1 6 7 7 1 11 5 4 7 4 8 3 2
14 10 8 6 9 13 3 6 4 15 1 0 6 23
3 15 13 7 5 8 8 13 3 1 7 6 7 0
5 2 4 4 1 1 10 1 2 1 2 6 2 7
7 8 1 5 3 3 11 6 6 11 7 1 0 13
5 12 9 12 7 7 9 13 15 3 1 2 4 1
3 6 2 6 2 3 0 4 3 6 5 3 2 5
1 9 6 3 5 4 1 4 2 1 1 1 6 3
4 4 3 1 1 5 3 2 1 1 0 1 1 7
7 3 1 5 3 1 1 5 0 3 0 1 6 1
9 4 15 7 5 5 13 3 22 6 15 0 1 2
4 11 5 7 7 8 8 10 5 20 5 8 2 20
16 5 2 2 16 9 9 3 4 0 8 0 4 5
6 9 0 6 1 2 2 5 7 3 7 1 5 6
1 19 5 5 13 3 0 6 2 1 6 18 0 7
0 5 9 5 1 12 5 0 4 12 12 1 20 11
0 9 2 14 0 1 14 3 16 2 24 5 3 13
2 5 9 4 10 8 5 8 8 13 12 5 16 11
1 18 11 4 10 1 2 7 21 2 6 2 12 16
11 5 6 10 2 1 5 6 1 4 4 10 3 2
4 10 2 6 13 6 4 7 5 11 10 21 14 8
6 2 0 3 0 2 1 0 6 2 3 2 3 2
7 4 7 10 9 8 6 9 7 7 11 9 5 3
1 4 3 1 4 3 0 3 0 6 4 3 1 4
3 6 1 4 2 9 9 22 15 15 2 3 6 14
1 2 1 3 0 8 8 2 8 1 3 3 2 1
6 16 2 12 4 9 4 0 5 1 0 13 5 1
10 6 3 13 2 2 5 2 2 3 2 9 1 3
6 0 7 8 4 2 5 10 7 3 3 15 16 1
6 18 8 2 10 1 1 1 8 19 7 8 7 1
3 5 0 17 3 5 4 3 1 0 3 2 5 8
6 1 4 10 4 7 7 2 2 7 1 1 4 11
18 8 5 14 23 11 4 13 2 1 8 4 1 4
6 5 1 3 2 4 2 3 2 4 3 2 4 1
10 10 13 5 7 2 2 1 7 3 7 3 7 3
1 5 0 1 6 10 7 3 5 7 7 1 7 6
22 1 7 17 5 5 5 9 0 1 1 8 19 11
1 2 2 6 5 4 7 5 8 5 8 1 0 7
20 6 3 4 3 3 1 11 5 10 7 1 1 10
3 4 17 3 18 16 4 3 1 2 3 1 0 8
4 8 5 1 12 0 17 1 7 9 2 12 1 2
1 9 4 0 7 21 3 8 15 0 6 7 8 14
2 2 2 2 4 14 10 10 13 12 10 8 7 6
1 1 1 5 4 2 3 6 5 1 7 1 6 2
6 8 4 2 2 12 3 4 1 15 4 8 1 5
16 5 11 2 1 1 4 2 16 8 11 2 9 10
3 6 8 3 0 13 14 7 4 14 5 10 1 6
11 1 9 8 1 2 7 0 5 3 6 2 5 7
2 9 1 14 1 2 1 9 3 1 13 5 11 8
7 8 3 15 1 7 3 19 12 7 1 6 6 9
2 3 2 6 3 2 5 5 0 2 2 5 0 2
5 1 9 11 5 2 4 2 10 1 1 8 5 5
2 6 3 2 1 1 1 3 9 2 2 4 1 3
11 2 1 1 0 3 2 5 2 10 1 2 3 3
2 9 13 7 3 15 13 2 2 6 3 3 15 6
2 2 3 2 9 8 0 3 3 6 6 1 0 3
1 0 2 7 7 8 12 9 3 6 9 2 6 7
12 1 5 15 3 9 21 3 1 1 4 7 8 7
2 4 3 4 1 1 3 2 6 4 1 0 1 4
11 8 1 13 10 5 5 0 8 9 6 11 5 3
3 3 1 0 5 7 3 7 2 1 4 3 3 4
10 3 20 3 10 9 3 2 3 3 6 5 2 6
1 0 9 7 4 9 5 6 2 2 4 6 3 4
0 7 7 4 20 2 0 3 3 16 17 8 4 1
10 2 2 2 5 3 1 1 1 2 6 3 4 0
2 6 6 2 0 3 2 0 5 5 4 10 3 5
6 3 5 10 2 10 1 3 2 3 1 9 5 9
3 4 0 6 4 4 7 1 1 3 2 0 2 3
6 9 0 2 12 4 18 9 5 10 2 7 4 18
18 18 3 15 6 9 16 7 7 2 8 1 4 8
2 0 1 3 1 1 3 3 0 5 1 11 0 1
3 7 2 1 1 1 4 0 3 3 5 4 1 5
1 15 18 5 2 5 13 6 1 8 2 3 0 7
5 13 7 12 7 11 3 4 12 4 1 8 7 5
3 11 5 11 5 6 8 7 6 2 4 5 1 3
8 2 0 3 0 2 5 6 6 2 3 5 2 6
7 4 3 6 1 2 1 5 1 6 1 1 5 1
13 2 8 1 5 6 3 7 15 0 13 1 0 4
8 4 3 11 2 2 2 0 6 6 4 5 1 5
6 2 1 1 6 4 3 6 1 0 3 7 7 10
8 7 10 5 17 2 5 5 7 15 4 7 1 3
17 7 12 5 10 2 5 5 2 4 3 13 15 13
6 4 8 10 9 16 4 3 1 5 26 2 4 10
5 12 15 11 12 19 10 4 9 4 11 5 2 5
0 5 2 1 2 3 0 3 3 2 0 1 6 5
6 4 5 8 9 2 4 7 3 5 4 5 1 8
4 2 9 5 5 2 13 2 2 17 6 3 3 2
7 2 10 5 3 18 10 4 4 7 2 3 5 2
15 3 2 7 11 1 7 10 2 10 14 4 1 11
6 13 17 9 1 4 2 2 14 1 3 5 14 8
14 5 2 8 3 6 18 12 0 1 12 5 5 9
7 10 3 9 14 3 9 3 1 2 3 8 4 8
1 3 2 3 3 2 6 1 5 2 4 1 3 1
1 2 7 3 0 9 4 19 4 8 13 5 10 10
10 1 12 1 11 3 12 14 2 4 11 2 5 6
1 10 10 23 5 3 5 1 11 17 5 9 6 5
5 0 1 3 2 6 2 6 4 1 2 3 0 2
1 0 2 6 0 1 1 6 10 9 3 6 2 10
6 13 10 9 13 2 1 2 10 1 3 26 7 8
6 1 4 13 1 8 7 0 0 8 14 13 1 8
21 11 4 9 14 8 9 5 8 7 5 16 2 0
4 4 9 5 4 2 7 2 6 0 11 1 6 1
7 9 12 2 2 6 7 14 16 1 5 11 9 8
3 4 3 1 14 7 19 1 2 5 20 14 5 5
4 4 2 1 2 3 3 8 4 6 4 0 4 2
0 3 5 3 12 7 11 13 7 6 1 5 11 10
2 3 4 0 5 4 7 4 1 9 18 1 9 4
5 0 4 4 7 6 2 4 4 4 2 15 17 6
21 1 5 6 9 1 6 14 4 5 12 4 3 6
4 1 9 2 8 3 17 9 15 5 11 13 10 15
10 12 15 0 5 2 15 9 12 13 3 2 10 9
0 8 2 7 10 3 1 2 11 4 1 1 4 3
2 10 9 9 4 3 3 9 12 10 6 9 14 1
2 6 0 0 3 12 6 2 2 12 9 4 0 3
10 4 5 2 13 3 6 9 0 4 11 12 2 7
5 2 1 1 0 2 3 9 0 1 1 2 1 3
3 5 7 0 6 8 1 2 2 3 1 1 2 3
5 10 6 18 7 12 6 8 14 19 7 10 7 4
1 4 6 1 10 6 9 0 1 3 2 12 6 5
11 4 1 6 13 19 7 9 0 5 19 4 2 5
12 8 9 4 0 0 9 23 2 2 4 7 0 9
6 5 1 6 9 3 1 4 3 14 8 7 11 1
1 2 3 6 1 4 1 1 7 3 2 1 1 2
11 3 6 4 2 1 5 5 2 1 2 1 6 9
0 2 1 3 1 5 6 5 2 1 1 2 5 2
6 3 5 0 1 0 4 3 3 7 4 2 5 3
4 1 7 10 4 11 8 7 2 3 0 7 15 4
7 18 1 6 5 3 3 9 4 10 2 15 10 17
2 10 3 19 3 4 2 3 2 6 2 2 11 2
4 3 7 0 12 9 9 2 4 5 2 9 0 5
2 1 5 1 3 1 3 5 3 4 2 2 0 1
11 1 8 15 8 6 2 9 4 8 1 8 8 9
2 2 3 1 4 1 0 6 1 8 5 4 1 2
1 1 0 1 1 7 3 1 3 2 4 3 1 3
2 3 6 6 3 4 1 2 1 0 4 2 2 4
2 6 7 1 7 11 5 2 7 7 3 5 9 3
3 4 3 5 4 3 10 9 17 2 4 3 11 10
6 3 10 1 1 0 2 1 0 4 1 11 2 1
2 3 7 2 2 5 4 6 5 7 3 1 9 4
10 0 8 7 16 1 4 11 3 1 2 8 2 2
3 3 4 3 1 2 3 8 4 2 3 3 3 1
8 4 0 4 16 6 20 6 2 3 10 18 12 7
9 2 9 1 7 15 14 8 0 4 13 13 3 7
9 4 1 1 11 1 6 2 4 11 6 1 2 12
9 1 3 13 3 5 7 10 10 9 4 22 17 6
3 3 7 1 2 2 5 2 1 2 2 4 2 2
4 3 5 1 2 3 5 0 1 4 2 6 3 1
5 2 3 0 4 6 1 1 2 6 2 5 4 4
1 4 6 6 1 2 1 1 2 4 0 0 11 3
3 1 2 6 1 9 5 2 1 4 3 2 3 8
4 2 5 3 5 9 4 2 6 3 4 4 1 6
6 2 9 1 0 5 4 0 3 4 0 7 2 2
3 5 3 18 7 6 12 9 6 10 14 0 1 11
2 3 9 0 8 2 1 3 4 0 5 3 8 2
12 13 3 18 1 2 8 1 10 1 2 9 3 4
9 2 4 0 8 4 2 2 1 4 4 8 3 1
3 2 3 1 4 8 2 1 4 4 4 4 2 3
4 2 2 4 3 1 1 0 1 2 1 4 6 0
0 2 1 4 6 1 1 0 3 5 3 9 4 1
24 9 5 12 13 5 2 0 9 6 1 4 1 12
2 3 1 2 3 3 7 1 2 2 4 4 2 0
3 3 0 8 7 6 15 21 5 12 5 14 2 11
5 2 3 2 2 2 1 3 6 1 3 4 3 1
6 4 6 4 2 6 3 5 0 2 4 9 1 6
3 6 4 1 1 8 13 1 12 9 4 4 7 7
1 2 6 1 2 1 3 3 3 5 3 2 4 2
12 4 3 8 13 13 1 20 9 14 2 12 7 10
9 6 0 4 6 9 2 2 1 9 4 3 2 1
20 1 4 0 15 1 12 14 1 2 2 13 16 9
10 12 7 8 6 10 11 7 5 11 3 1 10 1
1 8 18 4 3 2 8 0 8 6 1 4 5 1
0 2 2 2 4 3 3 1 6 4 4 14 11 0
6 0 15 4 12 1 3 22 6 4 10 4 7 0
1 1 13 2 3 0 9 5 7 3 12 2 8 7
3 4 11 5 7 4 5 6 14 3 16 5 16 6
6 12 2 13 1 3 6 6 2 5 1 2 1 2
20 15 11 7 2 0 8 7 15 9 15 5 8 2
2 5 2 1 10 7 2 5 3 10 2 0 0 0
5 19 22 7 6 17 2 4 4 3 1 3 1 3
2 1 4 6 6 12 2 7 2 2 4 7 0 8
4 3 13 4 8 2 6 7 3 8 6 4 0 2
4 2 0 2 2 0 2 9 3 4 4 10 4 5
1 2 1 1 6 4 5 1 2 2 2 1 0 1
2 4 6 5 10 3 2 7 2 3 1 1 2 2
6 4 0 0 2 8 5 7 6 0 6 3 6 3
2 1 7 14 12 22 0 5 2 8 0 18 4 3
7 4 14 7 9 0 4 5 7 4 9 12 9 7
0 2 10 10 5 0 6 10 0 14 3 5 8 4
5 14 4 10 14 0 5 0 11 5 4 4 18 1
0 1 1 1 4 3 3 8 17 4 2 0 2 3
1 1 3 0 7 1 1 2 5 2 1 1 1 1
0 10 11 4 5 2 1 14 2 1 3 4 1 0
1 3 2 0 5 1 5 0 4 9 4 6 1 5
3 3 0 2 7 2 1 11 2 3 3 12 2 0
10 2 4 5 9 11 1 1 5 10 8 11 5 12
10 9 8 5 2 2 1 6 0 2 2 0 4 5
2 2 6 2 1 2 3 3 5 2 2 1 2 5
8 13 3 6 3 12 2 2 6 16 6 6 9 2
5 0 3 1 0 11 9 8 12 1 12 13 5 4
1 3 5 9 3 4 0 15 13 3 8 5 14 4
2 18 16 22 12 1 9 5 3 10 2 5 4 8
15 13 5 0 1 8 1 1 13 6 1 1 11 3
0 4 1 4 1 4 2 6 10 3 1 2 5 4
16 2 9 1 5 4 3 16 11 1 2 1 16 1
2 11 13 23 1 1 14 3 3 2 2 18 9 1
2 6 0 1 1 4 3 0 1 7 2 2 2 2
0 1 3 1 2 3 7 6 3 1 0 1 1 1
4 3 22 9 6 13 12 2 13 9 11 2 4 9
2 2 1 1 1 0 3 6 3 1 3 6 1 6
3 5 25 17 8 9 5 6 8 2 8 4 13 10
2 1 5 9 16 2 5 10 4 3 6 0 9 5
1 3 3 6 3 0 3 9 2 4 7 2 2 5
5 6 0 7 1 12 3 3 4 3 3 10 16 1
7 6 8 11 1 12 9 14 10 0 2 0 15 7
11 5 5 7 1 1 7 4 8 5 19 4 8 8
4 2 10 8 6 2 7 1 3 3 3 3 6 5
4 1 4 1 2 3 2 1 3 2 3 1 2 4
9 3 1 6 7 7 5 3 13 10 10 1 10 4
0 1 3 0 5 8 4 4 1 4 1 0 3 4
3 7 4 0 1 7 7 0 7 7 3 5 1 4
4 13 9 1 2 4 9 4 5 11 21 16 4 10
10 5 7 3 12 10 1 5 1 2 11 2 8 10
10 8 13 1 8 0 3 1 1 4 2 1 8 2
1 9 8 17 0 14 6 5 7 2 8 3 5 7
7 1 2 7 4 3 2 3 5 0 11 4 2 3
5 0 4 9 2 3 3 7 5 3 1 2 9 4
1 6 5 1 3 1 5 0 4 0 4 4 4 10
10 5 9 4 3 7 3 11 1 3 11 3 4 4
2 3 4 13 2 12 3 4 5 3 4 2 0 0
11 4 4 10 14 15 1 8 6 14 5 5 0 8
1 4 5 1 4 2 1 4 6 1 4 3 3 4
3 0 9 3 2 1 4 1 2 4 1 1 4 0
1 12 19 7 3 6 1 2 0 11 9 0 1 14
1 8 10 2 10 12 0 1 3 1 1 2 13 5
5 7 5 20 11 14 7 3 2 1 8 0 12 8
1 3 5 2 8 8 3 1 2 5 5 6 6 2
2 6 0 7 11 23 11 1 13 2 12 16 9 5
7 7 4 14 3 16 4 0 2 1 9 4 12 21
13 3 4 9 7 6 9 9 1 13 3 10 13 6
12 10 12 5 3 7 7 12 3 2 1 9 1 5
8 10 2 9 14 18 8 3 4 11 1 7 14 10
7 11 1 4 8 1 1 3 0 2 1 6 2 4
3 10 9 7 2 7 9 3 2 6 2 13 6 3
5 4 4 6 4 3 1 4 2 1 10 1 11 4
5 2 2 2 1 0 5 2 2 3 0 0 2 5
0 5 9 3 7 0 7 4 5 2 3 8 5 3
2 5 5 19 9 2 19 4 18 2 6 2 9 3
6 14 3 4 8 10 6 2 4 18 6 1 1 14
23 8 1 1 1 11 1 11 4 9 9 3 3 6
6 9 7 11 5 6 8 3 3 4 8 10 17 17
10 3 0 4 7 8 3 6 1 3 9 5 3 5
1 4 4 6 6 2 4 10 0 2 1 1 8 1
0 2 1 2 11 7 1 6 4 4 12 3 4 2
10 11 5 2 4 11 8 1 17 6 5 5 3 10
2 2 5 6 3 3 2 2 2 4 0 4 4 2
3 12 11 9 7 4 9 2 4 4 0 5 0 2
3 5 7 9 2 8 7 10 1 3 1 7 5 7
2 3 7 1 9 3 3 3 7 11 3 0 4 8
8 0 8 5 10 4 10 13 4 3 3 6 1 6
3 6 1 3 3 9 0 5 7 3 6 5 1 8
9 4 6 0 5 7 13 18 11 7 6 9 8 7
2 1 9 8 4 14 12 15 0 9 1 6 8 5
15 9 9 12 6 13 3 6 16 12 2 9 4 10
1 3 4 1 5 12 2 2 3 1 1 2 0 1
14 3 5 1 0 3 14 16 10 11 13 3 9 15
2 7 2 4 1 4 3 1 4 4 5 5 1 5
2 7 6 10 3 9 3 4 1 1 1 2 2 2
2 1 9 8 12 7 1 4 2 1 6 3 1 0
3 3 9 11 3 1 4 2 7 3 11 5 9 8
6 8 5 5 4 4 11 11 10 11 7 10 6 5
5 4 2 3 6 7 2 0 1 0 2 0 2 6
5 7 14 15 9 0 2 7 6 4 1 3 2 9
1 10 1 3 4 1 0 7 2 3 1 1 3 1
10 4 4 4 10 8 3 8 5 0 1 10 9 8
9 14 3 1 5 11 2 1 4 13 7 7 15 11
5 2 1 1 3 3 0 1 0 4 3 6 2 1
5 4 0 5 7 1 3 3 4 4 8 5 1 7
8 12 8 1 6 1 7 12 8 4 5 11 1 10
6 2 2 4 1 2 0 3 4 6 5 1 1 3
2 12 4 1 10 6 8 9 7 9 0 3 1 10
26 12 2 0 11 2 4 7 3 2 22 9 4 5
5 3 4 4 2 2 3 4 1 10 7 1 3 11
12 20 0 6 1 16 4 6 9 13 3 14 4 2
5 5 14 3 3 3 8 8 1 1 0 11 0 8
11 10 5 5 9 9 6 1 7 15 4 1 16 10
7 7 7 2 12 7 6 18 4 11 5 1 6 9
8 2 1 11 1 6 14 1 3 5 2 0 7 8
17 5 7 3 5 10 6 2 11 5 17 0 1 1
10 5 5 0 4 1 0 0 1 7 5 9 7 1
7 12 6 2 1 9 14 7 4 3 14 15 6 7
2 12 7 6 6 10 14 6 10 5 10 2 11 4
12 7 6 20 9 0 13 4 2 16 7 4 7 4
4 16 7 9 8 1 5 4 8 0 5 2 10 7
4 3 5 2 18 1 2 6 28 5 4 12 1 11
5 1 4 2 3 1 4 3 3 6 20 1 6 3
5 5 5 5 5 6 6 3 6 6 4 14 7 3
0 10 6 3 8 6 9 7 3 9 14 11 17 10
1 1 5 5 0 2 5 1 5 3 0 3 2 2
14 8 12 9 6 0 1 6 15 2 2 15 12 19
5 1 4 0 1 3 4 1 1 6 6 2 1 1
1 3 5 0 9 1 7 1 0 6 6 6 3 1
8 4 0 8 6 18 2 10 4 2 9 7 11 1
6 11 7 2 1 16 14 16 10 5 10 6 1 7
2 11 3 22 1 19 19 6 4 1 0 3 2 4
2 2 16 9 13 18 4 2 15 16 5 3 1 5
0 4 8 3 11 2 10 1 8 9 1 6 3 0
12 3 3 2 8 6 0 2 7 3 7 11 8 5
10 4 3 13 15 3 1 8 5 12 11 7 4 6
15 5 9 6 7 3 1 15 13 4 7 3 1 4
7 13 9 12 2 2 12 7 16 5 4 7 9 11
7 7 4 0 2 2 3 3 5 5 1 8 2 5
4 13 8 11 11 13 4 20 10 5 12 5 7 4
2 9 18 10 14 2 5 2 6 0 10 9 4 12
5 5 5 5 5 5 3 3 2 1 7 7 2 13
3 6 2 11 2 0 4 0 1 6 6 2 10 7
4 2 9 1 4 4 8 5 6 1 1 1 4 7
5 15 13 0 7 8 15 7 12 15 0 4 2 4
12 5 5 3 10 8 12 16 20 10 1 16 1 5
7 1 11 1 2 5 1 3 1 5 2 1 10 9
0 1 17 15 6 8 10 2 1 17 1 9 1 12
4 5 9 6 0 6 2 11 0 1 3 1 1 6
10 11 4 4 18 4 6 10 12 9 7 0 2 8
15 9 1 10 11 3 12 3 5 3 5 23 1 4
6 0 4 1 10 5 6 27 19 10 5 1 4 12
4 1 3 7 6 9 15 5 12 4 13 23 8 13
7 4 6 18 2 20 9 12 5 5 10 7 12 9
9 15 17 15 0 11 14 8 8 4 2 3 4 7
3 10 0 3 0 0 7 8 9 11 11 12 2 1
6 0 11 1 4 16 12 6 15 4 7 8 8 6
3 9 6 5 4 12 5 16 6 3 15 2 19 10
3 1 3 3 0 2 4 1 1 1 2 6 1 3
1 5 10 9 6 5 0 2 4 2 8 8 11 7
4 3 18 11 8 13 0 4 10 8 5 4 7 17
1 2 1 3 0 0 5 0 6 4 4 3 7 1
3 4 0 2 4 4 1 8 2 2 1 2 4 0
2 1 3 5 3 4 5 5 4 11 4 3 3 9
6 4 3 1 1 1 4 0 3 1 0 2 1 6
9 10 14 13 6 3 0 12 14 1 1 3 5 2
8 3 14 9 1 2 2 8 0 19 16 6 3 8
9 0 4 4 3 8 3 1 0 2 0 0 2 0
15 17 1 13 7 1 4 1 1 6 4 7 7 6
8 7 12 0 16 18 3 2 4 16 4 18 2 5
2 6 4 3 9 2 2 3 3 2 2 1 2 6
2 3 13 0 12 2 17 1 2 6 7 8 2 1
9 1 4 5 1 7 1 2 6 2 2 4 2 7
2 9 2 3 5 5 1 3 0 4 3 5 1 4
1 5 1 3 0 9 5 1 9 6 12 2 7 3
1 1 2 2 2 5 1 8 0 5 1 7 3 4
7 1 8 4 1 0 4 1 2 8 0 2 6 3
2 23 14 10 1 9 15 2 3 4 2 10 4 3
3 13 7 4 1 9 4 5 3 5 6 1 9 1
4 3 2 2 3 2 18 1 8 2 7 13 12 8
5 1 1 0 3 1 11 4 8 1 1 15 6 5
2 5 2 1 1 10 3 10 6 6 8 1 7 14
11 6 17 4 4 4 6 9 10 4 8 3 24 4
8 7 2 6 1 5 4 6 3 1 3 4 2 1
3 5 2 4 1 3 5 3 7 1 0 2 9 1
7 1 5 10 6 5 2 4 6 1 0 5 3 6
3 2 2 1 3 4 2 2 2 4 5 7 4 2
2 7 2 2 1 4 3 10 5 4 3 6 3 3
7 1 7 7 1 5 15 15 2 9 10 3 3 4
7 5 8 5 5 1 4 7 2 1 12 6 5 0
9 2 9 19 14 12 9 2 0 2 8 14 2 6
7 12 11 8 7 10 7 5 1 1 4 4 3 10
14 1 3 9 4 14 4 9 9 21 6 2 7 6
1 3 7 2 8 6 1 4 5 6 7 3 0 1
10 6 6 6 5 10 3 2 8 7 3 3 9 13
5 1 14 2 4 13 9 0 0 13 12 5 11 1
8 2 6 3 5 3 6 9 5 5 3 4 4 3
2 2 3 3 5 6 4 3 0 2 3 2 5 8
8 16 4 3 3 1 10 6 7 2 8 0 0 3
4 5 4 3 1 3 3 3 1 1 4 1 1 2
1 1 7 3 2 0 2 0 3 0 2 5 6 3
0 6 11 3 0 1 4 2 11 2 3 4 6 8
5 13 5 2 11 7 8 4 1 9 2 7 8 11
4 6 1 4 3 2 0 4 3 2 1 4 2 12
3 2 10 10 14 0 5 5 2 1 8 20 5 2
2 2 13 11 4 14 12 5 14 2 1 7 5 5
9 5 1 5 0 0 6 6 1 1 4 6 3 4
7 3 10 11 1 4 6 10 6 3 3 10 17 2
1 3 2 0 0 8 3 4 5 0 8 7 6 7
8 16 7 11 4 18 10 1 11 4 12 1 3 8
5 2 1 4 10 7 9 6 0 25 7 12 11 4
7 1 2 1 3 2 7 2 5 9 5 15 7 3
5 13 0 10 5 0 1 16 10 7 5 0 2 12
7 12 20 14 0 1 1 9 13 5 5 4 1 5
2 5 19 3 11 3 10 5 8 4 2 3 4 2
9 8 3 3 0 6 1 12 4 7 6 8 11 3
1 8 1 10 8 5 2 2 9 8 8 4 18 5
3 9 1 5 3 3 3 2 4 4 7 4 2 1
16 8 7 9 7 5 12 4 1 5 14 2 10 4
6 3 0 4 1 1 3 1 2 0 3 4 0 2
2 11 16 7 6 3 0 6 10 11 4 7 7 16
6 6 1 0 7 2 1 7 8 6 7 1 6 1
3 0 2 3 1 2 8 3 10 0 3 3 1 2
10 4 0 7 1 7 1 7 4 13 0 1 7 2
2 5 2 2 3 1 1 5 0 5 5 6 7 4
1 7 4 13 3 3 9 10 5 4 3 9 13 0
1 7 16 6 3 4 15 9 11 9 1 4 17 1
5 2 0 4 2 1 3 6 7 6 2 0 1 1
12 4 7 8 2 1 2 9 10 7 18 23 11 1
2 1 5 1 4 3 1 1 6 2 2 1 0 1
1 6 1 2 1 8 1 1 2 4 2 4 2 1
1 3 1 4 5 11 1 2 7 5 3 2 5 5
4 5 5 19 4 10 1 7 0 7 23 6 5 7
7 3 3 5 6 0 9 2 3 3 5 2 2 0
6 5 3 6 9 4 16 14 7 0 8 5 5 6
4 3 4 3 5 1 2 2 3 1 6 4 1 2
8 4 2 1 0 2 5 0 1 3 1 1 3 4
6 7 7 4 14 7 2 5 5 5 3 11 8 4
1 2 2 1 4 2 1 3 0 7 1 4 4 2
7 8 7 0 10 3 3 3 7 1 4 8 1 3
3 6 4 4 3 2 1 1 6 4 6 3 1 4
4 3 15 11 5 6 5 1 15 5 0 21 4 1
6 2 5 1 2 1 8 4 1 11 10 2 4 5
6 0 6 2 2 9 3 1 4 4 5 6 2 4
2 0 2 3 4 0 7 6 4 4 6 1 5 4
1 5 11 8 5 2 8 1 6 1 3 4 1 4
2 2 1 5 8 6 11 11 3 2 5 0 3 3
8 2 18 5 14 5 8 18 11 10 12 0 1 9
4 10 6 7 4 3 2 6 4 1 2 0 4 1
7 2 2 3 3 7 6 4 1 3 3 1 2 2
7 1 5 8 12 3 11 16 1 3 11 5 3 4
9 12 8 9 10 5 3 12 4 11 9 2 4 4
5 1 1 1 2 2 7 4 1 3 1 2 1 4
1 2 1 8 19 8 19 12 5 5 2 11 17 5
2 2 15 26 16 2 3 1 5 1 3 7 11 5
0 2 2 4 2 5 2 5 0 1 2 1 3 2
6 1 14 7 3 0 5 1 13 1 15 13 8 20
2 17 0 11 3 11 10 15 9 1 4 10 8 4
0 4 2 0 5 1 4 3 2 0 0 4 2 1
4 3 0 0 6 1 0 8 3 11 7 6 0 9
9 8 12 12 7 3 3 9 4 4 4 15 1 4
0 2 13 0 0 8 2 1 1 4 1 11 2 10
6 3 9 1 13 11 20 4 12 6 2 6 12 11
0 7 5 5 0 5 2 3 0 10 8 1 6 6
15 17 1 2 21 1 4 4 1 5 3 3 4 6
6 1 0 0 8 2 2 7 2 0 1 5 2 1
3 1 2 4 7 7 0 1 5 4 8 2 2 5
1 8 2 3 11 14 1 8 3 1 10 6 2 4
7 4 7 24 4 15 7 1 9 2 11 5 16 9
8 4 10 5 0 10 8 4 13 13 18 12 4 18
4 6 7 4 2 9 4 2 2 4 3 2 8 7
12 16 5 14 3 1 10 1 5 20 5 4 18 9
5 4 3 3 3 0 3 5 2 4 6 0 6 2
4 3 2 3 3 1 5 5 0 5 5 1 3 2
2 9 1 7 6 6 2 7 2 13 13 4 1 8
0 2 4 4 2 1 4 5 0 0 2 6 2 4
12 7 3 4 4 4 3 7 2 6 4 14 30 1
2 8 7 2 13 4 6 12 6 5 5 2 2 3
1 1 4 5 2 4 10 7 2 11 1 0 2 1
15 11 12 4 13 4 11 1 1 10 6 2 5 11
8 11 2 3 1 3 7 19 12 16 6 1 13 15
1 2 4 2 0 2 3 2 3 4 4 0 3 3
1 2 1 5 6 0 6 2 5 2 6 1 2 5
2 4 2 2 1 5 3 1 3 2 1 2 1 5
1 5 3 2 7 7 2 9 2 8 2 0 1 2
5 11 8 1 2 3 8 11 6 13 14 3 10 18
0 4 0 2 6 5 1 1 2 2 2 3 1 2
7 4 9 3 8 3 7 8 12 6 1 3 1 1
0 6 7 2 6 1 6 10 0 3 5 2 3 6
8 9 1 11 10 3 0 19 5 12 8 12 8 7
3 2 10 21 6 10 5 4 8 5 22 4 2 15
11 7 1 3 8 14 6 5 1 2 8 5 3 5
6 4 7 7 3 12 13 4 10 16 2 10 13 21
4 3 2 5 1 5 7 4 1 1 8 10 7 4
2 9 3 6 1 2 3 4 9 1 10 9 14 3
4 2 2 1 3 1 7 0 4 1 3 3 1 3
6 6 10 3 4 3 3 2 11 7 8 7 4 2
8 5 3 7 2 1 8 13 7 6 16 9 4 2
1 0 6 6 2 4 2 4 3 1 1 1 1 5
5 0 8 10 7 5 1 0 1 3 1 1 5 4
13 2 6 1 1 9 1 5 1 1 2 7 2 5
3 12 6 7 16 8 5 2 0 11 1 5 6 0
6 2 6 8 12 19 11 12 2 4 2 2 21 14
2 1 3 3 6 4 2 9 14 1 7 8 10 2
2 3 1 7 0 2 2 2 1 5 0 1 1 2
16 5 1 6 11 10 1 6 9 4 4 7 15 12
3 2 3 0 2 4 8 3 5 2 0 2 3 0
1 2 3 5 1 5 2 5 10 1 0 0 9 1
9 0 8 0 6 3 2 7 1 6 3 1 3 4
7 4 11 4 3 6 2 2 4 7 4 4 1 3
11 2 7 2 3 10 1 11 7 12 2 11 3 15
0 3 5 0 0 1 4 5 4 0 1 2 1 4
4 6 5 11 10 9 3 5 3 1 5 3 2 0
11 6 8 22 12 10 12 10 10 12 0 7 9 1
7 9 6 3 4 14 4 0 1 4 10 1 3 4
5 0 19 6 6 16 10 4 1 7 12 3 11 14
5 7 2 3 7 14 5 3 4 11 0 9 1 2
2 6 4 0 8 20 13 2 8 3 8 10 14 4
2 5 5 3 4 0 2 5 5 8 0 0 5 3
2 12 6 15 9 4 8 6 8 23 13 10 2 0
13 2 6 2 8 1 4 3 6 5 5 3 1 9
6 2 2 3 1 11 2 5 4 1 4 6 10 1
6 1 1 6 3 4 1 3 3 4 8 4 1 4
8 2 3 4 9 13 12 3 6 3 3 1 6 10
6 2 1 3 10 7 2 10 0 2 2 1 5 8
4 1 9 4 5 0 0 1 2 5 3 1 3 7
1 2 1 9 2 5 7 8 5 12 11 5 4 3
2 13 5 5 10 2 1 7 19 9 11 2 5 7
8 14 1 1 4 3 17 1 4 4 3 5 4 1
5 9 17 6 1 8 8 4 5 1 4 4 5 4
14 3 9 1 5 4 9 1 3 10 10 9 6 7
8 2 10 2 7 2 5 2 6 1 1 24 2 4
4 7 2 4 13 6 1 2 4 10 4 5 3 4
3 7 19 3 12 6 13 2 9 13 1 18 1 14
14 7 9 3 8 14 9 6 3 2 1 17 7 1
4 3 13 1 7 18 6 2 1 1 8 1 1 4
6 5 3 7 2 4 6 2 9 1 7 2 16 3
1 2 12 11 5 15 15 11 3 1 3 12 10 5
0 1 1 8 0 1 3 4 12 9 12 4 4 4
6 2 4 11 6 2 2 7 0 1 9 8 0 13
4 14 8 1 8 12 3 19 19 4 3 1 3 9
1 1 1 7 4 0 2 2 5 1 1 5 1 0
8 0 4 1 15 5 6 1 2 1 1 2 7 5
0 17 4 13 5 6 7 8 2 11 8 13 2 1
8 4 4 4 10 5 3 3 4 9 3 8 6 3
3 1 6 11 6 11 14 6 1 12 2 1 3 5
2 3 4 6 5 4 1 2 5 0 7 1 6 3
3 15 8 13 6 1 16 6 0 5 9 4 11 14
4 5 2 1 5 1 1 1 3 4 3 1 1 2
5 1 4 14 8 0 7 4 7 5 1 2 2 5
4 1 3 4 2 2 4 0 1 3 3 5 2 1
10 2 9 4 9 2 1 1 11 4 0 10 10 4
7 4 6 7 4 4 5 3 0 5 9 0 5 8
2 7 5 4 1 2 1 3 1 1 3 9 2 14
2 14 20 1 6 12 5 6 2 14 20 3 8 4
3 18 9 11 9 9 7 3 2 11 9 5 5 1
6 3 5 4 7 0 1 8 7 4 0 2 0 5
13 20 11 4 14 2 4 17 1 9 7 1 1 5
2 7 5 0 1 0 3 1 8 7 3 13 1 1
8 8 4 5 6 6 0 10 22 10 18 2 10 6
5 5 0 6 1 5 9 1 6 5 2 4 7 12
9 12 2 3 2 9 1 4 7 3 8 10 3 3
1 9 0 4 1 2 9 0 4 10 2 3 2 3
1 5 9 3 1 0 2 2 0 4 4 10 7 1
11 15 5 1 5 3 6 12 2 2 11 11 4 6
1 2 4 16 4 2 0 1 2 30 13 2 2 1
1 3 7 0 5 19 10 1 14 13 6 14 1 4
4 4 11 7 7 6 3 7 4 11 21 4 12 9
8 1 1 2 8 2 2 0 6 13 4 6 13 9
5 6 6 16 10 0 9 3 4 9 3 3 6 19
1 8 3 9 5 0 1 6 21 1 22 6 3 1
7 9 8 2 2 16 17 2 22 7 2 16 5 1
4 3 7 4 11 10 29 6 7 5 11 3 3 5
12 5 13 6 9 11 0 10 6 7 5 9 14 5
11 4 2 7 11 14 2 1 7 7 5 7 11 20
13 7 2 19 7 15 2 9 8 5 1 7 5 10
4 15 7 8 8 5 10 10 21 11 10 2 0 7
8 15 22 5 5 4 7 1 4 8 10 17 10 0
16 12 13 0 1 3 1 7 17 5 15 15 9 6
6 4 13 8 8 9 6 3 5 6 9 2 2 18
1 9 10 5 6 0 8 11 5 6 13 3 4 13
6 2 4 7 8 5 8 6 5 5 1 7 3 6
4 4 2 3 4 2 8 2 2 2 3 4 4 1
5 8 6 0 8 12 5 8 4 1 2 2 3 0
19 6 15 8 3 8 6 10 8 2 23 7 6 4
5 4 2 6 0 2 0 6 1 6 0 4 6 1
3 3 2 1 1 1 0 12 6 8 6 0 10 3
14 17 7 2 1 8 10 5 1 8 7 6 10 4
2 3 9 23 2 6 3 3 20 1 0 2 7 6
6 2 2 18 6 9 7 1 1 11 13 15 13 12
1 3 1 1 4 5 8 4 1 6 2 4 7 6
8 2 3 6 24 1 2 10 15 6 14 5 2 1
8 4 6 10 10 5 11 3 4 4 15 9 5 4
0 2 3 10 11 1 8 4 1 7 1 4 5 5
5 0 7 4 11 4 5 4 1 7 12 11 7 4
1 5 2 2 6 7 3 2 4 4 3 2 2 2
7 5 6 0 0 8 7 4 3 6 2 6 2 2
2 6 9 4 0 16 12 11 8 10 2 1 0 11
12 1 2 2 7 1 1 1 4 3 3 4 6 4
13 1 11 2 4 2 16 1 2 5 11 16 2 7
9 1 9 0 5 7 6 4 9 3 5 7 3 3
7 3 6 7 4 2 19 2 23 14 11 7 5 5
15 7 1 2 5 3 1 10 5 8 3 6 5 1
12 2 8 2 2 6 7 7 3 7 2 1 5 2
6 6 6 5 6 3 2 3 4 9 3 0 2 2
1 1 7 0 11 4 3 12 4 5 5 0 8 2
1 7 7 8 4 8 1 2 6 2 3 7 5 1
1 2 5 2 1 2 2 8 2 3 4 8 0 3
14 3 7 1 7 1 0 4 10 5 10 21 23 7
0 3 6 5 1 5 7 5 1 1 4 4 1 0
13 2 8 7 7 8 4 5 1 0 4 4 9 4
2 1 1 5 2 0 1 6 3 4 1 3 1 2
0 2 6 9 4 11 0 12 19 12 2 9 8 0
4 6 6 3 0 7 6 1 3 5 0 2 6 5
8 13 5 3 5 3 2 2 4 4 2 5 6 13
4 4 1 3 0 3 5 12 3 3 0 2 2 6
9 3 2 1 3 3 4 4 7 1 4 4 1 3
6 4 1 0 11 2 0 1 8 5 6 7 10 5
3 16 7 18 4 14 3 8 8 3 3 6 10 12
6 2 6 3 1 5 14 7 2 4 2 6 2 6
1 1 0 0 4 5 5 3 2 6 0 1 5 11
16 2 16 13 8 5 11 1 9 5 3 5 11 10
21 26 13 4 1 4 3 3 0 7 7 0 0 9
8 4 6 3 2 0 2 3 2 5 2 8 6 0
10 5 2 7 4 14 8 12 1 6 16 2 7 9
12 12 6 1 26 10 14 1 5 4 5 8 0 7
12 14 1 4 3 16 2 6 2 8 21 7 1 15
1 3 10 15 16 13 0 14 11 5 4 16 0 5
4 1 9 7 10 8 9 2 3 6 4 8 0 0
4 1 11 2 6 0 5 2 0 1 4 1 6 8
5 8 1 6 9 2 0 1 19 5 5 17 3 4
3 0 5 2 12 2 3 7 8 5 4 3 5 3
6 1 5 7 20 0 3 5 13 8 8 7 2 7
0 2 6 6 9 6 3 3 3 1 2 7 6 3
9 10 0 17 3 15 2 6 11 6 10 2 3 8
7 8 11 4 7 5 15 1 2 8 11 5 5 8
11 9 1 13 1 21 1 4 5 4 4 8 1 7
12 4 8 8 7 1 8 14 14 6 17 18 0 1
8 1 8 6 0 11 1 3 14 1 5 2 5 5
3 11 7 5 7 0 4 8 10 5 14 13 6 12
3 2 2 11 5 7 3 9 3 9 2 14 8 2
2 7 7 5 10 12 7 6 6 10 2 0 2 5
6 3 3 6 6 2 3 8 5 3 12 3 0 7
5 2 0 3 1 5 1 6 3 2 1 2 1 2
1 3 3 6 1 3 2 2 1 0 3 0 4 5
4 5 7 7 1 7 12 3 1 6 2 0 2 3
4 14 5 4 18 13 15 1 6 4 8 13 13 9
3 9 4 12 2 17 14 1 9 6 9 7 2 6
0 7 2 2 4 8 7 1 3 1 2 3 8 3
5 0 1 1 4 3 1 2 1 1 2 5 4 2
7 1 13 4 1 7 9 13 11 1 1 10 3 2
4 15 10 9 8 3 13 22 7 3 7 8 12 6
11 11 12 10 8 5 0 17 14 8 4 13 3 8
1 3 8 2 2 0 4 1 5 3 4 6 1 12
5 6 6 1 3 3 1 1 6 1 4 0 6 1
3 5 2 2 0 4 7 1 1 5 6 0 5 6
12 6 5 3 2 10 1 1 1 8 13 1 9 6
2 2 2 5 5 2 0 14 5 1 3 5 1 3
7 6 3 8 16 9 22 4 18 10 4 1 5 3
3 0 7 3 0 6 3 5 10 13 4 1 0 5
12 7 0 9 21 11 2 9 0 5 1 1 11 9
9 10 7 4 1 4 4 10 8 7 4 7 2 11
5 7 10 3 8 2 11 9 20 9 2 1 20 5
14 2 4 18 7 6 3 5 21 0 5 5 1 11
8 3 0 8 4 2 6 8 5 2 1 10 1 2
2 4 14 9 6 9 13 6 4 2 0 3 5 3
5 4 14 7 6 0 4 7 9 7 10 9 2 4
2 0 3 2 5 8 3 2 4 2 3 10 5 0
2 2 7 8 4 5 8 2 2 2 1 10 11 4
2 2 5 2 6 9 1 2 8 1 2 1 6 1
0 5 9 2 12 1 10 4 3 9 6 4 1 6
2 13 11 4 8 13 4 5 2 2 10 5 1 2
14 8 5 11 10 10 9 1 1 2 17 8 19 9
0 4 5 3 7 5 7 4 4 7 5 2 4 1
10 1 9 13 7 10 3 7 7 5 2 2 5 2
9 5 13 4 5 10 5 3 1 5 1 1 6 6
4 6 5 2 1 1 5 7 6 2 3 12 6 7
12 3 6 15 1 10 4 4 6 2 4 2 12 3
3 0 2 7 1 5 3 4 5 1 4 0 3 10
6 4 4 10 1 17 14 14 22 6 2 6 6 4
5 1 2 4 6 15 2 2 7 12 1 0 12 4
6 14 7 15 4 13 10 3 1 3 14 8 9 4
10 8 18 11 4 5 0 1 10 0 8 5 11 3
3 6 1 7 7 6 1 3 2 0 3 5 15 12
2 2 7 0 3 7 0 4 2 1 3 1 3 4
1 4 5 5 1 6 0 2 7 9 3 11 0 13
3 20 9 12 4 13 11 1 1 0 17 0 0 11
5 7 7 1 4 2 4 2 1 2 6 4 8 1
22 8 3 2 3 1 5 4 4 4 10 6 5 10
7 1 4 4 5 5 2 9 3 8 0 6 4 3
7 0 2 2 3 0 0 2 1 2 5 5 1 3
7 9 0 1 1 8 1 6 0 0 0 7 4 1
1 0 6 2 5 3 12 5 10 0 1 0 11 11
2 12 4 12 2 4 5 4 1 4 7 10 3 4
8 1 3 0 0 5 5 3 7 2 1 6 3 3
3 1 6 7 4 4 4 2 2 2 9 2 1 6
4 12 5 12 3 2 1 12 5 3 22 2 4 19
5 2 14 16 14 9 8 8 13 12 8 11 4 10
2 3 1 2 0 6 3 5 3 1 1 2 1 1
2 3 11 2 2 1 11 6 5 11 2 5 6 5
5 8 0 3 1 5 10 1 1 6 7 6 8 5
1 5 2 2 5 3 0 6 1 1 3 3 3 5
0 0 9 13 3 5 9 10 4 10 11 4 5 2
3 2 1 1 1 4 0 3 2 7 3 2 0 3
18 3 4 12 6 1 4 9 3 11 5 2 0 2
3 2 6 1 3 0 4 1 1 4 0 1 1 2
2 4 0 5 1 3 6 6 2 3 10 1 7 6
3 2 3 3 15 9 10 9 5 5 2 8 2 1
21 9 9 11 0 6 9 16 10 3 2 2 8 16
3 12 18 18 12 18 4 4 4 7 8 7 11 4
11 2 5 8 5 9 2 7 7 17 4 1 2 1
2 13 3 3 10 0 2 5 8 14 17 2 10 1
13 21 2 2 12 12 6 7 7 1 8 3 11 3
5 4 3 4 1 3 1 3 4 4 3 4 5 2
3 3 10 7 5 9 6 17 5 10 7 15 14 3
4 2 1 1 4 3 6 5 1 4 0 1 1 1
7 8 8 15 0 11 9 4 14 20 5 16 5 3
0 2 14 7 0 1 1 3 3 1 3 4 2 4
1 31
1 39
1 41
3 35
3 54
5 83
7 28
7 70
7 95
8 93
9 23
10 22
10 24
10 73
11 102
12 107
13 54
14 51
14 74
14 106
15 94
15 106
16 41
17 19
17 65
17 68
18 57
18 75
18 109
19 68
19 99
20 103
21 109
21 117
23 33
23 96
24 104
24 117
24 122
25 100
26 35
27 36
27 55
27 122
27 124
28 39
28 50
29 64
29 124
30 76
31 89
31 131
33 124
35 75
36 64
36 131
37 117
39 118
40 65
40 74
41 87
42 47
43 84
45 140
46 108
47 50
48 137
51 94
52 79
52 109
52 149
53 64
54 57
54 124
54 138
54 140
55 142
56 66
56 144
57 79
58 59
58 62
58 152
59 101
60 67
60 81
61 100
61 119
62 79
62 140
62 154
63 81
64 90
64 96
65 104
65 142
65 157
66 138
68 87
68 123
68 135
68 138
69 126
70 156
71 90
72 75
72 111
73 74
73 78
73 91
73 143
73 164
74 107
74 169
75 85
75 98
75 123
76 83
76 106
76 167
77 165
78 154
79 153
81 110
82 110
82 135
84 132
84 158
86 100
86 102
86 108
86 109
86 168
87 148
88 90
89 181
90 128
91 116
91 188
92 185
93 181
97 156
98 167
100 165
101 201
104 143
106 171
106 188
106 195
106 196
106 199
107 111
107 205
108 181
110 183
110 185
111 129
112 123
112 148
112 157
115 199
116 123
117 123
117 215
120 127
120 175
121 123
122 211
123 172
123 186
124 131
124 175
124 195
126 149
128 182
128 204
129 183
130 195
130 205
131 179
132 166
132 204
132 215
135 197
135 221
137 205
138 191
138 212
138 216
139 156
141 186
141 221
141 227
142 194
144 145
144 167
144 215
146 230
147 172
147 241
148 174
148 210
148 219
149 233
150 219
151 195
151 231
151 235
151 246
152 169
153 154
153 185
153 198
154 177
154 192
155 191
157 223
158 221
158 256
160 173
161 235
162 202
163 190
164 169
165 199
165 254
166 256
166 257
167 205
167 267
168 193
168 221
169 183
169 250
170 237
170 242
173 195
175 249
176 219
178 184
178 187
179 201
179 231
179 245
182 244
183 184
184 232
184 273
184 278
185 193
187 194
187 234
187 244
187 269
188 232
188 256
188 259
188 288
189 203
191 256
191 258
192 261
193 264
193 267
194 201
194 272
195 210
195 223
198 288
199 234
200 250
201 267
202 207
203 223
203 290
204 230
205 240
205 294
206 218
206 283
206 286
207 243
207 285
208 220
208 250
208 262
208 300
209 280
209 283
209 286
209 303
210 218
210 235
212 225
213 290
214 268
214 288
215 290
216 226
217 247
217 295
217 316
217 317
218 221
219 258
220 271
220 293
224 302
225 228
225 299
226 291
227 270
227 275
227 326
228 310
229 298
229 320
230 263
230 296
230 328
231 300
231 303
231 312
232 275
234 245
234 277
237 304
238 337
240 273
241 303
241 325
242 251
242 254
242 283
243 256
245 279
245 299
246 299
246 321
247 266
247 307
247 347
249 286
249 290
249 324
250 261
250 266
250 336
251 322
252 303
252 347
256 306
257 348
258 352
260 290
263 296
263 339
263 359
264 301
264 334
265 359
266 281
266 296
269 363
270 332
272 334
273 325
274 303
275 284
276 359
279 310
280 297
280 356
283 336
283 379
285 330
286 298
288 316
288 333
290 299
291 311
291 337
291 377
292 317
292 334
293 314
293 318
295 296
295 354
295 355
295 358
296 340
296 373
297 345
297 389
298 300
298 321
298 360
298 387
299 305
301 387
303 359
303 398
304 328
304 346
304 396
305 346
308 347
309 384
310 325
310 356
310 360
311 335
312 318
313 334
314 340
314 406
314 411
315 356
315 397
316 384
316 395
317 361
317 404
318 350
318 363
319 394
320 363
320 375
320 420
321 326
321 356
321 365
321 377
321 404
323 419
324 408
326 411
327 346
327 377
328 380
329 393
330 381
330 403
331 339
331 396
332 355
332 365
332 372
333 433
334 415
334 423
336 381
336 407
337 358
337 398
337 411
337 414
339 353
339 436
340 378
340 388
340 419
341 345
341 413
341 415
341 439
342 378
342 393
342 399
343 385
344 391
344 428
345 422
345 425
346 425
346 435
348 356
348 447
351 356
353 382
353 410
353 413
354 434
354 444
357 358
358 400
358 402
359 456
360 387
360 399
360 438
361 415
362 379
362 454
363 370
363 388
367 400
367 452
368 433
370 392
372 392
372 395
372 432
372 453
372 459
373 392
373 394
374 396
374 444
378 452
379 404
379 427
379 479
380 385
380 388
381 398
381 446
383 420
384 432
384 461
385 450
386 399
386 431
386 438
387 427
387 439
389 405
389 450
389 479
392 403
392 416
393 462
395 470
397 406
397 408
397 409
397 438
398 467
398 481
399 430
401 407
401 427
402 455
403 434
403 486
405 430
405 486
406 408
406 419
407 426
407 454
407 468
408 466
408 504
408 508
409 437
409 469
410 490
411 481
412 462
414 514
415 437
415 451
415 509
416 488
416 493
417 457
419 421
419 452
419 514
420 432
421 451
422 427
423 489
424 426
424 485
425 446
425 458
426 429
427 519
427 524
428 512
429 466
430 451
430 465
432 435
432 448
434 450
435 460
435 486
435 501
435 518
435 528
437 458
437 508
437 520
439 444
441 459
441 533
442 480
445 491
446 482
447 485
448 484
449 455
449 497
450 480
450 505
451 521
452 544
453 502
453 537
454 473
454 506
454 527
454 533
455 463
455 492
455 546
459 490
459 525
462 526
462 558
462 561
464 498
464 556
465 476
465 530
465 544
466 557
467 470
467 547
468 513
468 525
469 515
469 534
470 531
472 483
472 543
472 563
476 553
476 575
477 484
477 512
477 535
478 562
479 554
480 531
480 535
481 551
484 517
485 517
486 533
487 520
488 528
489 501
489 502
490 513
491 553
493 508
494 498
495 568
497 530
497 586
498 510
500 532
500 560
500 572
501 517
501 598
502 553
502 602
503 520
504 514
504 526
505 576
506 510
506 553
507 596
509 522
510 515
510 601
511 571
511 594
511 595
512 562
512 566
513 602
514 529
515 523
515 526
515 539
517 606
518 549
519 527
519 585
520 549
520 618
521 531
521 610
521 618
521 619
522 560
523 562
523 569
524 548
525 532
526 578
528 532
528 582
529 533
531 584
531 599
532 589
532 606
532 622
535 546
535 579
535 627
536 540
536 562
537 558
537 620
539 582
541 572
541 617
544 639
544 640
545 600
546 585
549 605
549 640
550 564
550 604
550 643
552 564
552 614
553 597
553 652
553 653
555 630
556 629
557 642
557 650
558 576
558 621
559 607
560 643
561 616
563 591
563 602
564 626
565 629
566 641
566 665
567 585
567 633
568 661
570 586
570 595
570 613
571 621
571 640
571 648
572 606
572 620
574 581
575 608
575 625
576 662
577 594
577 607
578 650
578 671
579 674
580 604
581 616
584 644
585 622
586 608
587 610
587 681
588 687
589 661
589 669
590 603
590 643
590 654
591 636
591 671
591 677
592 623
592 634
595 632
597 631
597 650
600 656
601 617
601 630
602 608
602 613
602 620
602 628
604 611
606 669
609 618
609 651
610 611
610 639
611 702
612 671
612 697
614 651
616 651
617 690
617 711
618 704
619 658
619 675
620 677
622 701
622 721
624 654
624 694
624 697
627 662
627 667
629 643
629 683
631 659
632 724
633 659
633 684
634 635
635 696
636 638
636 689
637 648
638 666
638 689
639 684
640 713
641 697
644 655
644 671
644 732
646 659
646 729
647 651
648 709
648 713
649 703
649 708
649 727
651 667
651 741
653 747
654 678
654 699
655 661
658 755
659 735
660 669
660 675
660 698
661 687
661 697
662 732
663 674
663 715
665 673
665 680
665 687
665 715
665 717
665 722
665 738
667 693
668 768
669 699
670 676
670 716
671 683
671 707
672 706
672 708
672 723
675 721
675 751
676 699
677 734
677 741
679 698
680 702
682 688
682 705
683 699
683 713
683 714
684 696
684 718
684 767
685 758
686 688
687 699
687 703
687 739
687 749
688 711
688 729
689 728
690 781
691 742
692 699
692 700
693 773
694 745
694 776
694 777
695 727
697 710
697 765
698 730
698 735
698 739
698 763
699 722
699 752
700 712
700 760
700 762
700 788
701 768
702 704
702 774
703 731
703 763
706 730
706 791
707 759
707 778
707 791
707 795
708 738
708 779
708 784
708 795
709 777
710 721
710 729
710 745
710 757
710 796
710 802
711 724
711 752
712 778
713 752
715 721
715 748
716 719
716 742
716 766
716 810
716 811
717 740
720 810
721 786
721 794
722 745
722 761
723 751
723 753
723 758
723 771
725 746
726 787
728 759
729 813
730 748
730 765
730 773
730 782
731 776
731 799
733 744
734 740
734 788
735 760
735 788
735 791
736 802
737 740
737 786
738 750
738 816
739 752
741 776
741 803
743 805
743 817
743 822
744 758
744 815
745 831
746 765
746 777
747 770
747 808
749 770
749 781
749 847
750 765
750 823
752 755
752 781
753 839
753 848
754 756
754 770
754 780
754 788
755 792
755 795
756 816
758 785
758 837
759 774
761 774
762 781
762 802
762 851
763 784
763 829
763 843
764 780
764 858
767 782
767 866
768 866
769 835
771 808
771 818
771 859
773 849
773 857
773 860
773 862
774 826
775 810
775 866
776 790
776 816
776 850
779 791
779 793
779 835
780 798
780 822
781 799
781 881
783 835
786 822
787 804
787 825
789 857
790 864
790 879
791 810
792 853
792 856
792 890
793 849
793 874
793 881
794 880
795 810
795 830
796 837
796 855
797 867
798 811
798 845
798 867
801 859
801 871
801 881
802 830
802 880
803 810
803 873
804 850
806 825
806 837
806 884
807 818
808 856
808 883
810 812
810 901
811 876
812 859
813 823
813 854
814 840
814 871
814 891
815 838
817 832
820 831
821 860
822 910
823 830
825 914
826 836
826 842
826 904
827 850
828 835
829 878
829 905
831 850
831 921
833 887
833 899
834 842
834 932
835 848
836 901
837 884
837 885
840 848
841 869
842 846
842 874
842 898
843 863
844 918
845 876
845 897
846 870
846 930
851 863
851 927
852 916
853 861
853 940
853 949
854 947
855 872
856 882
856 924
856 951
858 906
859 888
859 903
860 888
861 903
863 880
863 900
863 937
864 957
864 963
865 935
866 871
866 934
866 962
867 878
867 920
868 907
869 900
869 929
869 961
870 935
871 901
873 948
874 933
875 946
876 962
878 931
878 947
878 965
879 929
879 947
880 932
880 948
880 978
882 969
885 920
885 951
886 894
886 896
886 935
887 931
887 941
888 899
888 951
889 986
890 945
891 922
891 967
892 950
893 968
893 977
895 914
896 901
896 988
898 923
898 980
899 910
899 975
900 919
902 946
902 977
903 956
903 963
903 994
904 941
904 978
904 989
907 953
908 921
908 931
909 969
911 944
911 990
912 933
913 995
914 965
915 925
915 949
915 954
916 925
917 932
918 939
918 949
919 946
919 956
920 936
920 980
921 960
923 990
924 934
925 935
926 993
927 934
928 946
929 936
929 960
930 936
930 959
930 971
930 978
935 985
935 988
935 996
936 971
938 961
941 945
946 956
948 949
948 969
950 960
950 989
951 956
951 975
955 989
959 973
959 983
960 962
961 977
961 986
962 964
962 973
964 991
970 989
970 998
971 978
972 978
973 1000
975 984
977 992
981 985
981 986
981 995
981 1000
983 986
985 997
1 17 7 2 8 4 8 1 0 9 34 5 1 14
0 4 1 1 11 10 10 2 3 3 5 6 1 1
3 0 6 0 22 14 1 27 1 1 7 2 26 5
10 10 12 4 2 13 3 6 5 14 1 16 8 6
17 3 1 3 13 7 4 15 2 15 14 9 9 6
15 11 3 16 6 1 4 5 4 6 6 15 4 5
14 1 13 10 6 7 22 12 18 5 6 1 2 4
11 6 1 4 6 10 7 4 6 3 3 5 2 4
6 2 17 1 6 18 8 0 9 12 6 2 15 21
0 19 13 0 9 10 3 16 5 22 25 15 9 8
22 8 4 19 1 2 15 14 8 2 20 3 22 6
8 3 14 15 8 8 14 0 14 18 3 7 6 3
0 4 1 13 14 19 15 10 22 7 10 14 15 26
1 14 6 14 1 5 4 13 7 7 15 12 11 19
3 7 2 10 11 5 0 9 1 8 11 11 16 20
13 20 8 11 12 27 19 15 8 2 14 10 6 4
16 2 17 4 7 8 18 1 4 5 4 2 15 6
18 28 20 20 20 0 2 9 1 10 8 1 9 10
15 21 5 23 29 10 7 17 4 5 4 21 7 22
3 4 3 13 2 2 5 6 6 17 6 10 4 9
30 48 42 13 26 16 24 34 25 11 20 17 15 7 21 9 27 14 11 22
31 39 27 20 6 18 15 29 29 16 19 14 15 19 13 7 30 10 4 18
50 69 64 45 50 45 41 63 39 33 30 30 22 32 35 21 34 41 37 51
24 36 32 11 22 10 11 19 21 19 8 11 16 7 16 5 17 6 2 14
52 68 57 32 35 30 36 48 37 36 31 30 28 28 31 25 30 22 16 41
54 66 41 47 30 56 53 57 35 40 34 46 28 46 37 32 41 43 38 57
35 42 36 20 16 24 11 24 24 23 15 17 20 20 31 7 19 24 9 28
32 37 34 11 17 23 23 21 17 13 15 19 9 12 22 10 23 25 8 24
58 81 63 36 51 51 61 64 39 31 47 57 36 39 47 28 48 49 30 69
6 6 6 3 1 1 1 1 7 3 1 3 1 1 1 1 3 2 1 1
34 50 43 28 24 27 18 38 22 26 27 16 15 21 24 15 31 13 11 22
13 19 26 9 15 4 9 12 17 13 8 7 7 4 6 5 14 7 1 8
20 27 28 18 10 25 20 26 17 14 23 12 6 21 17 10 16 17 8 21
36 44 48 34 27 34 15 36 33 26 19 24 4 19 31 17 36 36 20 25
40 43 37 15 26 26 17 33 29 13 21 20 20 12 27 9 29 25 14 24
26 27 23 10 12 9 14 13 16 14 10 9 11 12 15 4 14 14 5 13
35 55 55 31 44 41 27 47 32 19 34 31 34 27 45 14 30 18 22 43
28 23 28 14 11 10 10 14 19 19 8 6 5 15 16 1 12 20 3 13
28 45 43 29 28 25 21 36 40 22 19 28 16 21 24 1 29 29 17 33
50 75 77 47 47 47 42 66 52 36 33 38 20 22 41 21 55 48 34 37
34 46 37 11 24 21 24 32 31 10 25 23 14 9 18 7 31 22 5 22
40 43 39 26 19 22 23 33 30 19 16 22 6 16 19 5 29 25 5 23
31 42 44 32 24 37 34 35 21 22 34 24 10 27 32 12 36 43 28 35
43 61 60 43 55 44 47 53 45 30 50 35 33 35 48 21 49 23 12 51
27 53 60 28 26 28 38 42 38 25 27 28 29 25 32 15 37 28 22 32
45 64 43 36 23 44 39 55 44 10 27 40 31 24 31 16 42 37 25 49
61 70 60 50 50 53 26 59 49 51 41 35 34 52 50 21 34 28 28 57
38 63 68 32 46 50 45 54 34 27 56 37 40 37 46 37 43 31 30 47
53 78 74 38 51 49 39 59 33 44 41 33 28 33 43 39 45 39 32 47
29 34 29 20 19 28 20 24 24 23 32 17 21 32 28 11 20 14 6 36
23 47 52 25 30 24 31 29 24 21 26 22 22 21 30 11 28 18 7 30
27 43 32 19 17 31 22 33 12 11 22 22 12 13 22 15 27 23 18 19
24 32 26 36 17 28 15 33 29 22 19 25 2 20 16 8 25 13 6 25
12 25 19 15 16 12 3 16 11 14 8 9 6 5 10 2 10 9 1 8
29 42 39 30 31 38 21 38 18 20 22 20 8 21 31 5 20 31 20 34
58 73 67 45 34 45 43 62 43 40 34 35 41 45 46 27 36 19 29 58
37 38 42 26 22 14 23 27 36 28 20 14 13 20 22 7 31 17 1 21
55 59 58 39 45 45 30 45 33 43 29 31 14 38 49 11 38 43 31 55
24 44 52 29 21 31 28 35 32 16 16 22 18 21 30 15 33 33 30 22
14 22 18 1 14 15 3 12 2 3 11 5 12 8 17 5 3 10 6 10
40 51 45 16 24 20 19 30 31 22 15 25 33 24 36 9 22 15 11 33
38 53 36 27 27 21 21 36 33 20 15 24 18 12 22 6 33 14 6 28
23 32 28 21 23 27 22 29 22 12 17 22 12 16 23 3 18 20 12 35
51 75 58 38 46 51 51 68 44 26 52 46 41 39 47 37 53 39 28 50
16 28 27 4 15 8 23 18 17 7 16 13 16 7 13 7 17 15 4 15
47 64 65 40 53 49 55 57 40 37 58 46 25 42 48 16 50 52 24 58
39 42 36 16 31 29 10 28 24 19 23 13 19 20 26 12 25 22 18 28
34 47 54 40 32 34 45 42 33 33 44 41 11 23 18 27 45 37 10 38
58 69 68 38 38 49 49 54 40 38 54 40 23 47 47 19 58 50 32 46
5 22 25 8 18 9 10 13 10 6 11 10 16 5 18 1 9 9 1 15
36 47 43 34 25 34 37 41 32 22 31 29 16 23 24 13 36 24 18 39
44 56 49 15 33 24 34 46 30 19 38 21 25 24 26 27 29 25 15 29
33 36 39 11 24 21 9 20 18 24 22 5 22 25 32 5 11 25 9 27
36 41 38 21 20 15 17 26 29 24 22 19 20 25 25 2 21 12 1 32
17 20 14 13 3 13 8 16 17 2 13 12 3 7 6 3 17 10 1 13
25 28 37 13 16 13 28 25 32 8 32 23 9 15 15 12 30 27 5 23
3 4 17 1 2 1 5 1 4 2 4 1 1 1 5 1 4 7 1 1
28 44 40 11 20 12 25 23 31 16 21 27 23 16 21 8 28 16 3 23
58 72 73 45 45 46 50 62 51 39 48 37 28 41 47 25 53 45 29 56
16 21 25 12 12 15 13 14 15 11 20 7 8 14 17 4 11 22 3 17
31 40 37 19 14 16 15 28 27 20 12 15 14 11 20 10 29 18 6 11
68 79 66 46 54 50 53 65 43 44 42 41 29 38 39 33 45 33 22 55
33 37 40 23 26 19 17 31 28 20 19 16 4 17 28 9 30 34 16 21
30 39 36 32 18 26 22 35 30 13 26 29 4 14 18 16 39 26 15 23
31 48 31 35 27 32 37 44 28 22 21 30 11 16 11 20 28 23 17 33
14 12 18 8 2 6 10 5 14 10 14 6 7 14 6 3 10 10 1 12
11 12 16 2 6 7 9 6 8 3 11 1 4 3 9 1 5 14 1 7
50 73 70 28 38 35 37 52 41 30 37 40 42 31 47 22 38 26 25 46
15 13 21 11 8 9 4 6 13 10 5 7 1 3 11 1 13 18 2 5
17 35 25 14 17 13 14 19 8 19 16 12 13 13 14 9 9 9 1 19
7 20 24 15 11 13 19 14 10 7 21 16 6 8 6 14 15 13 4 14
52 69 56 38 43 39 44 58 34 34 33 44 12 18 26 33 45 43 13 36
13 17 11 4 6 8 9 8 10 3 13 3 6 7 7 1 8 12 1 10
15 20 17 11 12 4 3 13 12 15 1 4 8 3 9 1 9 5 1 3
51 55 58 36 23 34 20 41 40 37 20 25 16 33 41 11 27 44 25 43
31 53 46 20 22 27 32 36 22 22 24 23 18 16 20 18 30 18 9 26
46 45 29 29 29 41 43 42 25 27 41 33 11 31 25 9 32 35 18 41
7 5 11 1 3 1 4 1 3 1 1 1 1 1 5 1 4 9 1 1
14 44 47 23 23 20 23 30 21 18 11 22 16 6 19 9 27 17 12 19
32 38 37 12 17 8 22 21 22 17 17 17 7 12 14 9 24 21 2 13
49 69 59 39 36 37 33 57 45 23 24 30 27 14 36 16 48 30 27 37
9 10 9 1 1 1 1 2 3 1 1 3 1 1 3 1 3 1 1 1
37 45 35 17 13 33 37 41 24 11 40 20 22 28 23 19 30 20 17 32
20 30 27 13 7 16 24 21 13 10 21 14 7 12 7 11 13 11 1 19
30 45 55 31 40 40 32 39 22 26 37 29 12 19 30 21 36 41 16 36
39 39 44 24 23 37 21 33 25 18 28 13 19 30 36 22 28 37 28 22
43 52 40 23 10 17 22 34 34 25 6 31 20 18 22 14 24 13 7 24
37 40 41 35 22 27 26 39 35 24 24 28 1 20 18 8 30 28 6 27
52 70 62 27 49 44 44 55 37 31 50 35 39 37 48 26 45 27 28 45
26 40 47 32 31 26 22 36 13 28 23 13 2 11 20 20 24 25 7 19
27 32 20 11 12 23 19 25 6 6 14 14 6 9 12 13 16 17 14 17
45 48 43 24 19 23 24 34 36 26 28 22 13 27 26 10 34 25 11 32
42 51 39 21 21 21 26 39 29 20 20 20 10 7 17 13 31 22 11 18
60 76 67 53 46 53 43 74 56 35 47 47 23 37 44 28 56 52 25 49
29 39 41 15 20 9 12 19 19 25 9 12 19 15 23 9 19 13 11 17
10 16 22 17 7 12 12 13 10 10 17 10 4 12 10 9 8 13 4 12
8 16 14 1 5 1 5 6 6 4 4 5 10 3 6 3 7 1 1 5
26 39 31 24 20 27 18 36 22 12 15 17 12 17 22 7 16 19 21 29
16 25 18 1 2 3 10 11 10 8 9 4 9 5 7 3 7 8 1 6
14 22 17 6 12 6 5 11 9 14 6 6 13 8 13 4 5 6 4 8
14 13 12 12 1 6 5 6 11 13 9 4 2 13 5 1 6 3 1 10
23 26 20 14 8 12 8 19 25 9 10 15 5 3 8 1 22 15 1 11
58 60 72 42 42 45 31 45 50 46 43 28 30 50 50 20 42 51 33 51
11 12 18 9 3 5 12 11 12 4 16 4 4 8 6 3 9 13 1 8
28 54 53 30 29 17 30 33 36 28 16 37 26 18 29 8 33 14 5 30
34 52 45 33 23 40 27 45 25 22 27 22 15 26 28 12 28 23 21 36
3 7 9 4 3 2 4 1 1 5 1 1 2 3 6 1 1 7 1 1
42 42 26 36 29 39 40 44 27 32 28 28 22 38 30 22 24 30 21 44
50 55 53 29 29 38 11 38 34 36 23 17 22 33 45 13 27 35 22 41
21 37 35 10 16 10 23 26 21 15 24 16 13 13 12 17 22 18 6 12
18 24 16 7 15 12 4 13 10 9 8 8 11 8 16 1 12 9 9 10
18 26 32 20 7 19 24 26 20 5 27 19 2 11 11 10 27 25 13 17
42 44 27 28 14 36 31 37 27 14 28 31 12 22 24 10 32 26 10 39
25 32 19 13 6 22 23 24 11 11 21 14 8 17 7 15 11 10 9 21
35 33 44 18 30 19 21 22 27 20 24 16 11 22 29 2 28 35 4 30
9 9 11 9 5 6 1 6 4 7 10 6 6 8 7 5 4 10 4 7
41 47 49 29 30 14 30 34 39 28 16 21 16 15 24 9 42 21 10 25
49 59 52 46 45 56 34 54 37 33 41 39 13 37 42 27 44 42 27 55
10 14 9 5 2 1 2 5 6 8 3 9 7 6 4 3 5 2 2 3
50 50 41 39 35 32 21 40 33 36 9 23 8 21 28 11 25 32 20 30
36 58 41 36 19 29 28 42 39 25 15 33 18 16 20 6 36 17 7 35
25 51 41 39 22 31 35 40 41 11 16 42 25 20 30 3 43 19 15 41
30 33 34 21 28 29 17 29 19 21 33 12 14 28 27 10 18 20 10 31
61 80 54 38 39 49 45 67 41 29 34 38 36 29 40 30 46 31 27 47
35 57 48 36 34 39 25 43 26 28 19 29 19 27 38 17 31 31 30 44
41 51 26 37 19 27 29 44 41 22 20 28 18 18 19 9 39 18 4 30
62 69 43 36 36 48 47 64 47 23 49 45 29 34 37 18 50 34 18 58
52 61 46 48 38 46 40 54 46 30 26 40 24 34 41 13 41 38 19 55
20 25 16 11 10 2 10 15 18 13 7 3 4 6 4 1 13 4 1 6
28 38 29 16 21 27 13 29 8 11 16 12 15 13 25 12 14 19 20 23
50 51 35 31 28 40 42 39 36 32 50 40 16 36 29 23 44 33 4 41
20 28 24 10 21 12 9 20 17 11 10 10 17 9 13 6 14 5 10 13
53 61 51 40 32 31 40 52 54 28 34 33 26 24 29 16 57 31 11 37
51 68 62 27 34 25 47 55 46 32 30 33 29 23 32 27 45 26 17 36
54 65 52 24 33 31 47 48 47 24 33 50 33 25 38 22 43 37 8 47
43 71 63 43 34 36 30 54 36 41 29 34 30 30 36 28 43 17 15 39
30 29 23 5 16 19 13 10 10 16 10 11 10 18 24 1 11 20 3 24
41 58 55 32 44 46 29 51 17 35 41 21 19 33 38 23 30 35 24 39
41 54 48 19 35 17 29 38 31 24 19 12 30 19 31 13 26 11 9 33
25 39 39 9 12 12 24 25 28 14 26 16 22 20 18 9 25 14 7 21
8 10 22 12 10 7 6 7 10 13 1 6 5 9 12 1 6 13 5 8
34 61 59 35 41 27 38 44 39 34 20 32 28 16 33 17 43 22 9 35
34 41 48 34 32 29 29 39 39 32 31 14 14 28 27 11 31 28 12 33
1 9 8 1 2 1 1 2 1 4 1 1 4 1 5 1 1 4 1 1
22 35 37 23 13 26 23 28 20 13 24 17 15 16 20 12 30 31 23 23
55 82 75 47 53 44 34 60 45 43 44 42 29 30 43 28 54 35 16 54
40 61 60 32 47 38 30 42 35 29 30 27 35 32 46 10 32 26 17 47
9 9 13 1 4 1 5 1 7 2 1 2 1 1 3 1 4 3 1 1
38 53 41 30 33 40 37 49 24 14 48 33 18 23 24 25 35 33 18 40
23 29 16 12 11 19 8 18 22 9 9 19 17 8 16 1 18 13 3 20
17 28 32 22 14 14 12 18 18 15 10 17 2 8 15 7 21 20 11 11
14 19 15 1 8 4 3 3 9 6 2 7 8 5 10 1 9 7 1 6
7 6 9 8 3 9 5 5 5 5 10 6 3 7 7 1 5 10 4 9
34 47 38 35 32 46 18 46 12 21 31 16 11 30 33 18 17 27 25 42
9 11 11 1 3 2 1 1 1 5 5 1 7 8 9 1 1 8 1 7
42 43 42 24 20 16 29 32 32 25 21 16 10 19 21 10 25 24 1 26
60 72 57 43 49 67 51 65 30 36 47 46 25 44 54 25 52 54 48 55
31 58 53 43 28 32 29 43 24 37 21 33 22 23 28 15 26 26 10 42
22 31 30 13 16 17 23 19 16 11 15 17 5 6 13 9 23 21 6 14
10 16 19 14 1 8 12 11 12 8 15 8 5 10 6 2 11 14 5 13
41 60 58 38 49 43 56 52 37 30 52 43 20 29 36 9 53 39 11 48
52 80 82 50 61 57 49 65 54 42 49 52 30 37 54 18 60 54 26 62
9 18 20 10 8 7 4 8 4 13 5 7 1 1 5 5 5 7 1 2
31 38 35 14 13 19 29 33 20 15 19 9 10 12 12 21 23 19 17 9
66 73 56 52 46 45 49 69 62 39 32 45 23 28 41 29 56 50 25 50
17 18 22 10 17 21 4 17 7 8 15 4 12 15 21 5 4 13 10 19
51 64 48 26 34 31 34 49 37 24 29 31 24 19 25 21 34 22 17 35
10 25 27 10 18 13 19 19 11 12 6 13 9 8 14 6 10 10 3 14
36 42 30 25 17 29 25 33 24 13 19 27 13 12 17 15 31 25 16 30
40 54 45 25 27 41 39 48 28 10 41 27 12 23 29 19 40 37 28 41
10 12 13 1 2 1 7 4 6 5 4 3 5 3 4 1 5 11 1 1
22 19 15 4 8 11 14 5 11 8 11 10 8 12 11 1 10 13 1 17
18 19 26 16 14 9 13 17 14 12 7 3 1 7 11 1 11 15 1 10
35 43 44 18 22 14 19 21 31 26 9 23 17 16 25 6 29 19 7 20
18 30 39 18 14 13 26 22 25 11 24 20 11 13 15 6 26 24 8 21
1 6 14 1 1 1 6 1 7 3 1 3 1 1 3 1 4 6 1 1
11 18 22 17 7 18 12 17 11 11 21 9 6 18 13 9 11 14 7 16
51 70 61 31 38 36 47 49 40 33 34 43 25 26 38 8 49 35 22 45
31 31 21 16 10 23 17 24 16 18 26 17 11 26 20 5 19 16 8 27
11 34 37 20 26 20 19 24 12 13 21 19 13 10 18 13 19 16 10 19
46 71 63 37 33 46 53 54 38 29 37 37 27 33 34 23 52 38 29 46
20 38 37 25 15 15 29 30 34 15 14 22 19 14 17 1 30 14 7 29
46 72 74 32 47 41 49 55 51 27 47 47 32 28 44 26 61 38 13 42
20 35 31 13 14 16 17 22 15 16 21 15 9 8 11 13 19 15 2 13
51 57 64 35 38 27 40 40 46 39 28 30 26 27 38 22 48 34 13 33
50 64 59 31 40 45 38 46 27 31 41 32 32 41 47 14 35 31 32 54
10 13 15 6 4 9 9 10 4 6 11 4 1 6 9 7 4 12 4 8
53 61 63 43 41 34 19 42 42 50 21 23 31 43 51 20 31 32 24 44
51 64 46 44 56 59 45 54 24 44 34 39 22 35 39 37 31 50 30 54
15 26 16 11 4 10 14 19 14 5 13 12 10 11 9 1 14 8 4 14
12 13 15 2 1 4 8 5 11 6 4 7 3 3 5 1 10 9 1 2
45 57 44 23 25 33 29 42 34 16 30 25 19 18 25 10 42 27 17 29
30 41 26 21 12 18 19 29 30 14 23 24 19 16 21 9 27 22 4 22
53 81 57 44 40 58 45 62 43 27 35 59 43 41 56 16 47 36 31 72
56 64 63 44 41 48 35 49 36 45 32 39 14 30 39 30 49 48 18 47
31 53 46 27 38 35 32 39 36 18 31 32 19 15 31 15 42 26 12 35
15 17 16 6 8 7 6 10 7 13 1 2 3 3 6 1 3 7 1 5
12 21 18 6 8 5 9 12 10 5 13 7 10 7 12 5 10 9 4 7
13 16 14 1 1 1 8 4 12 8 7 6 7 8 5 1 9 9 1 6
30 28 25 23 17 20 19 22 22 19 19 16 12 21 17 1 20 16 5 26
18 34 26 9 11 10 11 17 17 11 4 18 20 11 18 1 13 5 10 19
3 9 12 1 5 6 5 5 6 4 6 1 7 1 8 1 3 9 1 5
13 19 7 1 1 2 8 11 4 1 2 7 2 1 2 5 4 3 1 2
21 25 27 12 13 7 16 16 24 14 20 12 10 11 9 6 20 18 1 13
9 11 8 1 2 1 4 3 2 4 1 2 5 4 5 1 1 5 1 1
53 70 60 52 48 41 35 58 55 38 34 37 22 26 42 29 60 38 14 42
36 41 42 17 31 31 9 24 15 25 23 10 23 29 39 13 15 26 20 33
3 10 5 8 7 8 3 9 3 2 12 2 9 9 7 1 1 5 3 11
31 43 42 20 24 15 20 30 28 19 20 15 16 14 21 5 26 19 10 21
64 69 52 41 15 45 46 56 46 32 34 38 32 43 35 30 44 31 30 46
43 65 57 33 25 46 51 53 42 25 47 42 29 36 35 18 49 34 22 47
12 12 9 1 2 1 1 2 5 7 1 1 2 1 2 1 1 6 1 1
10 11 17 5 12 5 8 5 8 6 3 6 6 4 11 1 11 10 5 6
16 27 17 14 10 12 10 17 15 12 9 19 4 4 6 9 16 6 1 8
42 45 47 24 23 23 22 33 38 19 22 23 11 26 30 7 32 35 10 33
66 86 72 49 45 53 46 65 54 44 35 48 43 43 53 29 47 36 25 64
24 22 21 8 9 13 12 12 17 11 9 12 5 5 11 5 13 14 1 12
33 32 32 9 13 18 15 14 11 19 19 7 7 20 23 3 11 27 3 24
15 19 11 3 4 9 9 12 13 2 6 10 3 1 5 1 10 11 1 6
18 48 40 30 34 42 41 44 31 3 28 39 32 25 34 20 36 32 29 45
10 20 12 7 8 9 12 11 8 8 10 9 10 9 7 5 7 8 1 10
9 11 21 5 9 7 2 1 4 11 1 1 1 5 12 1 3 14 2 4
10 16 6 1 3 3 6 7 5 5 2 4 6 4 5 1 3 4 1 4
59 83 69 39 61 65 62 72 31 38 57 52 30 37 46 38 49 44 33 62
44 46 33 23 17 31 18 32 26 28 23 24 28 34 32 14 11 16 13 44
9 13 11 5 10 7 2 6 3 5 2 4 6 1 12 1 5 9 4 4
24 37 29 8 11 6 13 17 23 14 9 20 16 10 13 4 18 9 3 17
59 70 54 58 47 66 37 63 37 44 38 46 16 38 41 20 42 47 29 63
9 12 11 1 1 1 7 6 8 1 8 3 1 1 1 1 7 5 1 1
8 6 7 8 1 9 6 5 5 2 10 6 2 6 4 1 6 12 4 9
14 14 16 4 3 6 8 6 14 6 11 8 4 4 5 2 11 14 1 5
49 59 47 32 41 42 37 46 31 27 40 32 35 36 35 26 30 24 28 46
43 57 58 38 38 29 38 48 40 32 34 28 19 28 34 18 41 33 10 39
58 70 47 38 37 44 41 59 41 38 44 38 42 46 39 33 38 3 25 53
24 27 33 13 16 19 26 20 25 11 21 24 8 10 17 5 28 30 12 21
29 37 32 9 19 18 26 28 19 12 23 13 19 17 14 10 14 15 10 27
18 19 18 19 14 13 9 15 15 17 13 7 5 16 16 2 11 11 2 15
54 69 53 37 25 38 29 51 43 37 26 35 40 38 41 26 33 22 23 48
43 42 39 15 22 30 26 27 16 26 34 15 11 29 33 12 31 37 21 29
32 21 29 12 17 21 15 14 18 18 16 11 5 16 24 1 19 35 9 17
7 11 15 10 3 4 1 4 6 11 1 5 3 6 6 1 4 6 1 5
35 34 30 10 19 22 18 24 17 14 26 13 17 18 25 8 16 25 9 24
31 38 37 17 21 23 16 25 15 23 12 9 9 15 23 8 11 25 9 22
11 10 15 13 10 9 12 8 10 6 12 7 6 11 8 2 11 9 3 12
9 18 16 6 10 5 13 8 14 5 9 14 12 6 10 2 13 11 1 12
4 8 17 1 7 3 12 5 12 3 6 6 7 1 6 1 11 12 1 6
34 43 35 13 19 35 30 36 20 5 33 14 23 23 28 19 28 26 25 23
42 48 43 21 34 30 21 39 20 26 20 13 16 18 26 17 17 29 20 26
32 34 39 21 20 25 24 24 22 17 21 21 9 19 22 8 24 30 8 24
50 56 46 22 28 31 33 41 27 32 27 26 38 33 37 24 16 20 24 42
22 34 35 3 15 14 15 21 14 9 25 10 14 13 21 10 17 23 7 15
49 56 53 27 28 32 22 44 37 25 39 21 19 31 36 18 38 34 20 38
11 14 10 8 8 8 3 9 5 4 12 3 6 8 8 3 5 8 2 9
29 51 50 27 36 29 26 33 29 25 22 27 32 24 43 8 30 25 13 38
23 31 33 13 23 14 6 22 18 18 10 8 10 8 20 6 16 14 8 10
21 26 35 16 15 11 15 17 15 17 13 4 6 11 13 7 17 16 6 7
43 50 43 47 32 49 32 41 34 34 35 36 15 43 45 15 45 45 32 52
31 53 57 40 40 37 28 49 23 31 30 18 15 27 31 19 33 26 23 30
17 17 16 6 4 5 11 9 12 10 9 8 8 9 9 4 10 11 1 8
27 43 17 18 6 21 19 35 25 6 11 22 12 4 8 7 26 11 8 18
40 50 48 33 29 43 38 38 20 38 37 31 15 34 27 27 25 31 14 47
40 59 66 34 35 33 30 47 33 38 27 20 20 25 36 20 36 35 22 25
29 33 30 18 11 21 20 23 12 15 21 11 7 16 18 11 16 24 11 22
60 77 58 32 40 41 52 62 38 36 38 47 46 43 42 43 33 28 36 53
33 64 55 34 42 40 43 52 25 22 30 32 27 23 35 22 36 26 23 37
49 68 63 47 34 44 36 55 38 39 42 35 7 27 27 31 53 40 24 40
37 41 39 16 22 29 21 30 23 23 22 14 11 23 27 12 18 32 12 25
7 24 23 6 15 1 15 14 18 7 4 10 8 1 5 1 15 3 1 5
40 49 34 31 24 37 31 48 23 19 29 21 14 24 20 21 27 23 25 34
24 36 31 23 8 21 22 27 23 17 23 19 11 22 18 9 25 15 10 21
56 63 41 31 25 29 19 45 33 29 21 27 27 28 33 17 22 13 12 42
22 23 17 4 9 13 18 13 17 2 12 18 5 5 10 1 20 19 1 12
36 53 43 26 27 34 41 42 39 15 32 39 26 18 29 13 40 20 9 38
41 40 40 33 23 17 25 30 37 35 25 20 18 27 26 15 31 12 4 30
12 19 26 9 12 10 20 13 16 6 14 17 6 4 8 5 18 20 1 7
9 19 23 8 18 14 7 12 9 12 8 7 12 9 19 4 5 13 7 13
60 71 60 39 44 38 40 58 51 36 21 39 18 23 36 18 45 43 22 44
49 51 46 38 28 36 21 40 38 28 33 28 6 25 32 16 44 44 21 34
39 59 52 29 28 24 18 39 42 26 12 34 33 17 36 4 33 15 14 39
50 61 53 31 32 42 33 51 33 28 44 28 26 38 40 24 37 27 23 40
17 27 31 7 12 4 9 12 14 13 7 6 10 4 13 1 13 13 1 7
11 13 14 7 6 4 7 8 7 8 1 6 6 1 10 1 4 10 1 1
18 18 19 13 15 18 12 17 15 12 6 10 8 10 18 1 11 19 7 15
19 41 37 22 31 25 25 32 29 11 28 28 20 14 22 7 30 7 5 28
62 72 45 35 54 48 45 58 31 38 41 41 32 41 41 22 37 31 32 59
48 60 64 43 45 33 31 52 41 43 32 16 20 34 42 26 42 34 21 33
15 20 12 6 7 6 1 9 7 7 1 7 10 4 13 1 9 5 5 8
35 58 57 45 39 30 35 47 39 31 6 28 19 20 34 12 36 27 21 37
1 11 11 4 6 3 10 6 7 1 6 6 5 3 5 2 6 4 1 5
12 9 13 11 9 14 1 5 1 7 4 4 1 7 15 1 6 18 5 10
58 73 41 56 36 54 52 63 60 33 45 59 40 41 44 21 56 22 11 66
26 23 20 9 14 17 15 12 18 8 13 15 11 12 18 1 19 22 3 17
8 16 9 6 4 3 5 7 5 3 5 8 1 2 2 3 4 1 1 1
18 21 20 9 6 11 14 11 13 10 18 9 8 12 5 9 12 11 6 13
13 22 23 5 15 11 15 13 16 5 19 10 16 10 16 1 14 16 3 19
45 50 36 11 21 36 33 40 20 11 40 20 21 26 26 22 26 30 21 31
10 20 24 8 14 13 10 12 9 9 10 6 8 3 15 4 8 17 4 8
47 65 65 42 31 52 43 57 35 26 45 29 20 34 38 32 52 51 34 36
33 43 32 20 17 20 24 30 27 20 20 23 13 18 15 10 24 11 1 25
12 22 17 10 2 9 9 14 15 6 13 10 3 8 4 6 13 6 3 9
25 28 27 8 19 20 11 18 12 10 27 12 20 24 25 8 12 14 9 29
24 22 18 11 5 13 19 15 23 9 18 11 4 12 2 1 18 14 1 16
13 20 21 5 10 8 4 12 10 10 5 6 4 6 14 3 6 14 2 5
10 17 23 3 14 3 13 9 17 7 7 12 12 4 12 3 13 8 1 10
23 32 22 21 12 27 13 29 22 6 23 19 13 16 15 6 19 14 14 29
46 50 56 30 22 28 18 35 39 38 17 23 26 33 38 16 26 28 18 32
41 37 25 29 18 39 27 32 22 21 34 20 10 32 29 17 31 23 9 34
34 45 42 21 16 29 28 36 25 14 19 19 5 11 18 19 35 27 26 20
15 12 16 12 5 12 4 9 13 4 12 12 1 8 10 4 12 13 1 13
20 29 26 10 18 22 13 21 12 10 16 13 11 10 20 7 13 20 6 15
21 26 31 17 16 10 9 21 19 16 16 5 6 13 16 3 13 18 5 12
60 82 69 34 45 53 54 62 38 41 58 48 38 46 47 36 52 38 20 59
39 51 42 30 34 37 27 44 37 15 29 30 29 21 36 6 35 25 12 44
12 18 24 9 11 9 9 10 10 16 4 5 8 10 15 3 5 15 3 8
24 44 49 23 24 25 22 29 20 25 18 24 14 18 23 17 29 20 14 20
51 59 54 39 45 39 19 46 43 34 29 24 25 29 46 11 42 34 18 47
13 21 20 6 8 2 9 9 14 9 6 11 6 3 2 5 12 7 2 3
11 22 13 3 11 8 12 12 13 4 9 10 11 4 8 1 10 5 1 15
8 14 12 3 6 8 8 7 6 7 6 9 8 5 7 5 6 8 1 6
19 20 15 3 3 3 7 7 12 13 4 6 8 9 6 2 7 2 1 8
52 67 73 51 50 53 20 55 42 46 37 27 29 46 58 27 38 45 47 58
44 67 67 39 40 46 47 55 37 25 50 37 25 27 33 31 55 43 15 39
41 39 35 36 18 29 26 29 33 34 25 32 23 42 37 11 22 22 10 44
24 34 28 10 14 7 14 16 18 14 2 18 11 5 13 3 19 8 6 11
27 46 40 26 29 22 42 43 47 10 38 42 21 20 22 9 45 18 1 34
41 63 44 33 38 54 49 56 20 25 32 39 23 27 33 34 35 38 36 43
36 68 78 60 57 46 42 60 55 39 20 40 19 26 46 28 59 49 37 45
42 64 46 36 28 53 45 55 26 19 35 36 17 26 25 26 39 34 30 42
48 77 59 51 57 56 46 68 41 32 48 52 24 32 41 33 53 30 29 60
28 35 35 9 13 2 11 18 28 20 9 12 14 9 14 1 19 10 1 9
56 73 59 37 33 43 62 64 50 26 47 53 22 32 28 33 56 40 20 48
11 11 11 1 1 1 1 1 1 7 1 1 3 2 6 1 1 5 1 1
39 49 44 28 19 27 22 37 33 19 25 18 11 17 21 2 34 26 11 29
3 11 12 6 4 3 7 7 7 3 9 7 4 4 2 5 7 6 2 4
59 72 58 44 41 63 45 57 42 37 46 40 27 39 49 39 58 56 30 47
14 8 19 9 10 14 3 2 4 11 5 1 1 7 17 1 5 22 4 10
38 44 50 18 33 16 35 31 37 20 29 21 20 16 29 5 36 28 2 29
26 30 39 11 15 1 15 14 28 24 7 8 13 10 16 2 20 13 1 8
51 54 36 23 29 25 27 40 30 24 18 27 13 17 23 15 29 32 13 30
38 61 58 32 34 39 50 55 38 14 47 27 41 35 41 20 48 26 26 40
25 32 28 19 18 9 19 20 22 21 7 12 8 7 11 10 20 8 1 10
22 35 33 17 18 17 11 22 11 23 18 10 9 13 15 12 14 14 2 15
68 72 48 57 38 45 45 58 68 51 36 55 42 48 53 22 58 27 11 64
11 12 14 1 1 1 5 1 6 7 3 3 5 4 4 1 3 4 1 4
32 47 40 16 27 20 19 29 21 18 19 16 29 23 30 8 17 11 15 34
17 20 21 12 9 17 15 13 5 4 16 13 1 11 14 6 11 17 4 17
66 81 54 49 41 42 46 62 51 54 20 47 36 38 39 35 42 30 21 53
18 28 30 22 16 16 8 18 14 16 12 16 4 10 16 8 17 18 10 13
37 56 45 26 16 24 23 35 33 26 15 37 28 24 27 21 31 11 14 28
41 45 30 32 36 47 35 41 22 29 49 33 26 44 40 22 28 21 21 47
30 37 50 27 30 27 28 36 32 24 30 18 16 29 31 9 28 32 17 32
47 59 45 37 43 48 44 51 29 27 44 43 10 29 36 18 52 45 24 49
45 51 44 29 23 45 31 45 25 21 33 26 6 28 34 16 41 44 27 35
16 17 10 7 3 4 3 9 9 4 1 8 1 1 5 1 8 5 2 3
27 37 36 5 14 22 31 25 21 11 30 18 22 22 24 15 30 26 13 19
46 71 61 35 32 40 30 53 30 34 27 34 31 32 43 31 32 24 33 45
36 44 46 13 26 35 28 37 26 17 31 20 16 26 34 11 30 38 20 25
25 37 32 13 18 12 5 19 10 21 5 8 17 14 24 3 6 10 5 15
34 52 37 30 22 22 36 41 39 18 5 35 11 1 11 12 39 15 13 23
56 68 52 32 34 33 33 48 45 31 23 28 22 18 35 20 50 32 10 34
6 9 14 3 2 1 3 1 11 7 1 2 1 1 2 1 7 6 1 1
33 40 35 16 24 14 12 26 19 22 16 5 13 14 23 4 20 20 10 16
11 15 18 4 11 4 7 4 9 7 1 5 5 2 9 1 12 11 4 4
21 27 24 3 1 8 10 11 12 14 11 10 16 15 15 10 11 7 7 11
44 54 43 25 44 44 33 46 20 29 28 26 18 32 36 19 19 34 27 47
12 13 12 13 5 11 7 12 8 5 19 8 5 13 7 5 8 11 4 14
31 37 31 31 18 29 16 33 25 19 19 21 4 19 19 9 20 24 13 28
55 57 53 37 37 34 23 43 42 46 22 23 25 36 43 12 24 35 16 42
12 16 20 3 10 4 5 5 9 9 4 6 6 3 11 4 7 9 4 1
40 48 55 26 22 15 29 33 34 28 25 15 15 21 23 8 35 23 8 25
15 13 7 7 1 8 5 5 9 3 9 9 3 8 6 1 8 11 1 9
37 40 39 23 24 32 23 30 21 23 37 21 31 38 36 17 16 18 19 41
19 21 17 7 12 13 5 13 13 7 15 6 6 8 14 1 10 15 1 12
31 51 44 35 22 39 50 52 45 14 40 33 30 30 29 24 49 25 25 35
10 13 10 5 1 1 2 3 4 9 2 3 8 10 5 1 1 2 1 8
10 21 22 1 9 3 13 12 10 1 10 6 6 1 7 1 10 13 1 3
32 36 31 10 18 17 22 23 21 18 21 14 11 12 14 7 22 20 1 15
6 9 16 7 5 4 1 1 6 11 4 1 1 6 5 1 2 7 1 4
42 58 62 41 35 45 41 50 38 36 41 38 17 33 30 22 43 38 17 45
57 73 71 53 48 37 33 53 56 45 22 42 34 40 55 10 42 26 16 54
9 11 17 1 1 1 9 7 13 4 10 6 1 1 2 3 10 11 1 1
3 9 15 3 4 1 8 3 5 3 1 6 5 1 4 1 6 6 1 1
29 54 57 27 44 40 30 46 33 24 35 29 33 27 40 22 28 21 25 40
45 56 50 23 39 28 32 39 36 25 34 21 20 22 35 9 39 30 11 38
27 36 40 23 30 17 17 23 31 22 16 18 16 13 24 1 29 23 5 22
19 22 23 4 4 5 6 3 12 13 1 8 7 7 14 1 9 13 1 4
20 25 20 3 7 3 8 12 14 14 5 7 10 7 7 5 10 3 2 6
35 47 36 28 19 29 7 30 26 23 18 23 22 26 35 6 25 25 22 38
22 30 34 11 15 3 10 14 17 20 7 4 10 8 14 5 15 11 3 5
17 24 16 8 2 10 16 13 9 7 13 12 4 8 4 5 12 9 1 11
43 54 52 26 27 34 35 41 37 27 41 21 33 38 39 22 40 24 20 33
55 73 60 35 36 37 48 56 41 37 37 46 32 38 33 32 33 28 18 53
33 64 52 46 40 48 44 55 37 26 39 43 29 37 39 21 46 37 31 50
54 66 65 48 55 52 41 57 40 40 47 38 27 45 53 10 50 41 33 61
8 10 7 1 2 2 7 4 4 1 1 5 1 1 1 1 3 3 1 2
18 28 27 15 10 8 11 18 19 12 13 12 7 10 9 4 16 7 1 10
26 37 41 22 21 27 16 33 17 19 24 5 22 29 31 16 17 23 24 18
42 43 41 18 33 35 22 31 15 30 32 17 19 34 41 10 20 34 21 37
35 57 54 44 14 32 32 45 42 32 25 40 24 31 27 18 40 19 16 38
52 72 58 34 53 44 38 54 31 35 32 30 33 28 41 29 34 28 31 48
46 60 53 44 25 37 22 44 49 38 14 39 23 30 34 6 32 33 19 43
28 38 40 26 22 17 29 29 34 26 22 21 14 23 19 5 29 16 1 26
7 7 15 6 5 3 2 2 3 6 1 1 1 3 9 1 1 9 1 1
39 60 35 34 21 48 40 52 33 13 29 43 22 14 30 22 40 36 21 40
40 51 35 36 19 40 18 45 32 22 21 30 26 34 35 8 24 23 19 47
52 72 74 37 48 37 47 62 45 32 41 22 36 32 48 33 54 34 25 34
17 14 11 2 3 7 3 3 10 9 6 7 6 7 9 1 7 12 1 7
22 35 33 14 17 16 16 23 17 15 17 14 5 6 12 16 26 16 11 6
60 76 67 40 54 42 55 64 55 37 52 44 38 40 46 28 57 38 18 55
28 49 51 28 23 24 31 40 31 23 24 22 14 13 23 15 35 31 13 23
62 65 73 42 41 33 43 53 60 45 40 43 33 46 51 21 51 40 15 56
17 27 25 15 15 16 9 18 10 11 5 8 10 9 17 1 10 12 10 15
57 70 55 31 39 47 32 54 40 25 33 37 28 28 45 21 45 42 23 49
38 51 54 48 31 45 43 55 49 26 37 40 20 40 39 17 39 51 29 51
19 21 18 7 6 7 8 13 12 7 8 12 7 6 9 6 12 9 3 6
39 44 34 33 21 43 28 41 27 19 26 28 6 19 26 14 28 31 11 38
12 36 27 24 9 26 24 30 16 5 12 22 14 12 16 13 21 18 19 24
40 44 26 14 19 20 31 31 22 16 23 25 10 19 14 19 17 30 9 29
44 59 45 42 15 29 24 43 45 30 13 40 31 31 36 13 32 23 14 42
58 80 69 57 51 62 41 74 46 41 47 46 18 38 44 32 50 56 38 61
56 79 68 36 47 53 34 61 33 32 36 31 37 43 55 30 36 30 36 54
23 26 29 18 20 14 14 19 21 15 16 10 6 14 13 6 21 14 8 19
45 61 48 25 33 31 31 51 32 20 26 26 16 15 23 18 40 25 23 31
14 20 26 11 9 21 22 16 10 6 22 14 8 16 17 9 22 22 13 16
31 45 38 29 12 25 30 36 39 20 27 35 16 24 20 9 35 22 8 33
12 14 7 3 1 5 2 5 9 6 1 9 5 4 5 1 8 4 1 5
8 11 7 2 7 9 3 4 3 1 13 2 8 9 8 1 2 7 1 13
67 80 71 41 48 46 49 65 52 34 47 29 30 39 51 28 65 44 27 45
16 19 23 13 12 17 21 21 15 7 23 8 4 13 13 2 13 22 1 21
43 55 47 45 24 45 39 42 44 34 33 47 20 43 39 10 46 38 24 54
43 58 44 32 31 34 30 41 45 31 22 40 38 30 42 15 37 29 13 41
36 42 38 22 11 25 36 35 27 17 28 20 17 23 15 20 31 20 20 24
12 14 17 6 11 7 2 6 7 10 4 2 4 1 9 2 6 11 4 4
20 32 21 4 7 7 8 12 11 15 3 11 13 9 15 2 5 2 1 10
12 10 11 3 2 7 5 4 7 6 3 5 1 2 7 1 4 11 1 5
17 24 20 7 8 7 11 15 7 10 9 7 13 8 15 8 8 8 5 9
44 45 30 23 29 33 25 34 23 28 22 22 12 23 23 12 22 32 14 33
49 78 70 33 41 38 60 60 47 26 49 53 28 23 30 33 58 32 11 47
31 42 35 19 26 12 28 32 28 22 9 18 15 7 15 16 25 7 4 21
25 24 30 20 18 26 22 24 20 16 33 14 13 27 26 7 18 30 7 29
8 10 9 2 5 2 1 6 5 3 5 5 6 3 8 2 4 5 1 3
48 62 47 24 24 26 28 44 36 27 29 21 21 22 25 17 32 16 7 32
8 15 13 7 3 4 8 12 9 4 11 9 6 6 2 7 12 5 5 3
5 2 7 2 1 5 1 1 1 1 4 1 1 1 6 1 1 11 1 4
9 17 10 7 9 7 4 9 9 9 7 5 8 4 6 1 5 6 2 7
27 32 30 15 22 28 26 23 13 11 28 14 13 18 25 11 19 27 13 29
41 48 40 34 31 36 19 37 25 30 16 25 4 20 26 19 28 30 19 29
17 24 26 1 13 9 14 18 13 9 18 7 17 11 15 7 12 12 7 13
21 31 20 5 10 17 12 20 9 6 13 11 9 4 14 9 10 12 8 13
40 41 27 24 15 21 17 30 37 25 24 22 20 26 26 4 28 14 3 31
13 14 10 1 2 2 2 5 9 3 1 5 3 1 5 1 6 5 1 1
65 67 59 50 37 52 50 61 58 45 44 52 22 49 42 26 44 50 27 61
45 57 49 34 32 44 34 49 37 27 38 37 21 39 42 10 36 45 26 52
20 32 37 24 12 20 23 25 13 20 26 20 14 25 19 18 22 12 9 20
73 82 65 42 45 43 46 63 49 47 34 42 24 35 41 37 51 50 22 46
7 13 14 5 9 8 7 8 7 8 7 4 11 7 12 1 6 10 4 6
6 10 15 2 4 4 7 6 4 6 7 1 7 4 8 1 4 10 1 3
11 16 13 3 2 5 8 7 4 5 13 2 7 8 6 4 4 11 1 8
15 23 13 4 10 10 11 16 7 8 3 6 5 1 5 6 3 4 4 9
13 17 15 6 7 10 6 7 5 9 9 6 2 5 7 4 4 11 1 5
19 21 22 11 13 16 11 10 9 12 17 10 11 14 20 6 9 22 5 16
14 18 22 1 9 10 7 11 5 8 14 1 14 8 16 3 5 15 4 12
39 61 61 50 36 40 33 52 42 34 23 33 18 24 32 22 47 28 22 35
18 22 12 12 12 15 14 20 9 4 14 9 12 13 13 5 8 9 8 18
46 58 66 33 42 18 32 37 46 43 16 24 31 25 44 12 41 28 10 33
15 17 18 9 3 6 11 11 13 9 16 5 12 15 10 2 8 11 1 15
11 10 12 5 5 7 5 4 3 4 12 2 5 8 9 2 2 14 1 8
11 13 10 1 2 2 8 5 5 8 3 1 5 5 2 1 2 4 1 4
11 10 18 5 1 1 10 7 9 3 13 1 1 4 2 2 6 10 1 3
46 64 63 41 37 32 37 47 43 46 29 34 31 35 38 24 41 22 13 46
7 7 18 11 6 8 8 4 8 11 7 5 5 9 11 1 6 15 1 7
54 63 57 44 34 45 38 56 48 30 42 38 18 34 38 26 50 50 20 39
16 16 15 5 8 5 7 5 8 10 4 5 9 7 11 1 8 12 4 4
15 23 20 1 5 7 11 11 15 8 11 10 9 5 9 1 11 13 1 8
26 35 39 18 24 30 18 27 12 18 16 7 7 18 27 12 16 30 15 23
11 16 14 5 9 6 7 12 6 5 9 6 9 4 12 6 5 8 4 6
78 83 58 41 34 56 56 66 55 38 56 49 32 48 48 29 65 48 21 55
19 22 27 8 7 12 14 8 14 14 20 9 14 20 14 8 12 12 5 20
67 71 45 52 30 48 48 63 53 43 27 55 29 48 42 28 40 37 19 61
48 58 54 25 36 37 30 41 33 29 31 26 30 33 42 15 31 27 18 46
22 34 42 12 30 22 16 25 9 15 18 6 19 16 29 11 11 15 16 23
23 22 24 7 10 9 21 19 12 3 15 12 1 3 9 9 12 22 4 12
52 59 31 39 26 44 30 51 37 22 33 35 32 34 38 17 36 25 23 48
24 40 32 21 22 29 15 33 12 10 12 19 14 13 26 10 15 17 21 25
44 64 47 41 36 48 35 52 33 27 25 34 21 28 33 25 35 40 38 46
21 32 36 12 20 4 13 18 26 20 6 13 13 5 16 3 22 7 1 11
59 91 87 51 50 53 46 71 61 45 34 49 51 43 64 30 58 36 42 65
13 13 17 8 3 13 12 12 11 3 21 8 6 14 7 7 14 8 4 13
43 56 51 27 50 40 36 41 30 25 47 34 38 39 48 12 35 21 21 52
20 22 15 9 10 14 12 14 14 7 18 14 2 10 9 1 16 16 1 13
22 33 33 18 18 21 12 27 17 13 25 12 19 22 22 13 17 13 15 21
23 25 20 7 3 5 14 16 19 7 11 16 5 5 6 4 17 12 1 5
1 1 8 6 1 3 1 1 1 3 6 1 1 5 5 1 1 7 1 5
12 15 10 7 5 8 4 10 14 5 10 7 4 7 4 1 9 1 1 10
24 20 15 7 5 12 8 8 8 7 5 9 4 8 14 1 11 16 2 10
60 62 51 34 44 39 50 58 47 37 58 37 20 40 38 20 55 43 20 46
48 61 52 28 30 30 34 48 33 21 33 28 23 25 30 19 33 23 22 36
30 45 35 16 16 24 18 36 22 11 22 11 14 15 19 14 25 11 13 17
45 56 45 42 40 33 39 48 35 36 25 29 20 28 30 19 36 24 17 43
23 22 21 15 13 16 1 14 14 11 13 9 1 11 17 9 18 18 11 14
6 5 6 5 5 2 1 3 3 1 6 2 3 6 6 1 2 5 1 5
23 33 24 15 20 20 16 26 29 6 16 23 22 12 21 5 25 13 8 27
4 12 21 7 3 3 11 9 4 2 13 2 3 6 8 7 8 11 3 2
25 23 21 15 6 11 17 18 27 8 19 19 7 11 8 6 24 19 1 15
36 50 44 21 20 29 36 37 23 20 39 25 16 26 22 17 31 27 11 31
19 35 22 1 13 5 9 14 19 13 4 14 20 10 14 1 11 1 1 15
10 17 12 2 9 6 3 7 5 5 3 6 8 2 12 2 4 8 3 4
41 51 48 14 24 29 39 36 27 16 33 21 27 24 33 16 36 27 18 29
46 47 41 29 28 36 28 38 32 23 26 30 12 24 35 10 40 48 22 36
48 56 31 37 27 37 24 45 34 24 15 30 11 14 22 15 37 32 21 34
50 76 78 52 60 47 56 70 55 39 51 41 46 45 54 34 56 19 21 53
44 56 45 22 31 30 27 37 28 28 24 26 31 26 40 19 24 25 17 46
20 20 19 4 9 10 6 8 11 8 4 7 1 2 10 2 12 13 5 6
57 60 30 33 24 39 20 43 28 29 15 33 30 33 39 17 22 28 20 50
61 69 74 37 61 36 48 64 57 40 32 34 36 34 52 29 47 36 18 50
1 7 12 1 1 1 5 1 1 1 4 1 1 1 1 2 3 3 1 1
6 4 8 2 4 4 1 2 4 3 1 4 1 2 8 1 3 8 1 1
57 73 70 51 57 62 36 64 31 45 51 31 30 50 56 33 42 43 47 56
12 13 14 4 3 4 10 7 12 5 5 11 4 3 7 4 11 10 1 1
64 76 60 52 56 54 48 64 38 42 39 40 31 38 45 35 44 30 33 53
36 40 18 30 15 23 17 35 27 19 16 25 7 16 16 8 24 8 3 24
15 23 15 12 5 5 5 15 16 7 4 15 3 2 5 3 14 3 3 5
44 37 31 14 23 24 34 25 23 22 19 24 9 17 16 12 23 33 12 27
61 66 41 34 42 48 28 47 30 36 16 33 19 27 40 13 34 38 20 47
34 60 55 32 27 30 31 38 34 26 8 33 26 19 34 15 33 28 21 33
21 30 27 15 19 14 9 19 10 17 13 4 14 16 19 5 6 12 6 17
10 14 10 5 7 6 1 6 4 8 5 5 10 7 10 1 1 8 1 6
40 49 43 28 16 31 20 32 21 26 24 16 12 26 27 17 25 25 23 33
13 13 10 7 6 10 5 7 7 4 15 8 5 10 11 5 6 13 1 12
14 22 30 10 17 16 14 11 10 11 14 7 11 9 19 7 15 24 7 14
28 69 71 31 42 41 54 60 43 12 38 46 36 24 43 27 54 42 28 42
30 43 24 22 13 31 29 31 23 16 24 30 16 24 17 6 23 12 8 38
22 34 27 7 16 15 14 22 12 10 17 9 25 22 21 8 6 1 8 30
42 54 45 28 43 30 33 41 32 28 19 29 18 17 37 10 40 27 15 32
17 24 21 13 6 6 6 10 15 12 3 9 7 7 8 1 13 11 6 10
31 35 20 8 13 12 9 19 16 15 4 12 9 6 12 5 13 10 4 11
5 18 19 8 12 6 14 11 4 4 6 9 5 1 9 4 8 8 1 4
30 43 28 16 11 23 13 25 27 14 13 24 21 16 21 2 21 15 11 30
31 26 27 15 24 16 14 18 20 20 15 12 8 12 22 6 21 21 6 14
56 61 50 33 29 42 39 46 40 35 45 35 24 43 38 21 49 31 20 39
12 16 12 7 10 6 7 7 8 4 5 8 6 4 10 1 9 10 3 5
10 17 13 1 8 6 2 11 3 7 8 1 11 6 12 3 1 4 4 6
20 56 51 27 37 37 34 49 21 18 40 31 29 18 25 28 33 10 23 35
27 32 15 12 23 30 28 28 11 9 24 20 13 21 17 9 12 18 12 37
47 54 37 40 37 37 41 46 31 35 23 34 16 30 29 16 36 20 10 44
14 16 18 12 7 15 16 17 11 5 22 5 7 12 12 5 9 17 3 18
64 64 65 51 49 56 56 61 49 42 50 46 13 47 48 16 58 64 37 63
49 66 50 41 44 42 51 52 23 43 31 41 13 21 26 25 44 36 15 46
54 64 53 31 21 35 35 48 38 34 30 29 24 34 29 22 32 31 18 38
43 53 49 17 27 28 21 33 40 24 26 30 34 27 39 8 30 28 10 41
58 68 59 38 42 50 59 56 35 43 49 42 20 45 39 26 48 40 23 54
12 22 24 7 9 2 17 8 22 11 13 12 14 13 9 1 16 6 1 17
29 40 44 9 27 18 25 31 28 15 26 15 16 13 23 7 24 26 6 25
26 36 19 19 12 17 19 24 18 16 7 21 11 10 9 8 16 11 13 20
8 12 13 2 2 1 2 2 3 9 1 4 6 5 8 2 1 4 1 2
21 26 31 14 19 15 18 18 19 10 19 10 12 15 21 4 16 19 8 18
60 63 61 58 54 44 25 57 49 51 24 27 18 41 49 22 41 38 31 48
30 54 58 33 35 40 44 43 28 22 48 32 32 33 38 29 42 32 18 37
47 57 46 28 19 33 34 39 40 27 19 45 32 32 36 21 38 26 20 43
47 70 59 44 47 42 50 58 34 41 34 44 21 23 25 28 43 40 19 47
21 25 21 11 1 10 11 9 19 12 13 14 8 16 11 1 12 12 3 19
19 23 13 10 6 10 8 16 16 7 4 12 3 4 6 1 12 4 1 12
20 20 18 22 4 20 18 21 21 6 19 20 4 14 9 4 20 18 10 22
34 50 55 27 38 33 25 33 25 31 34 25 20 31 43 18 33 36 16 41
12 17 16 4 8 5 7 10 10 9 8 3 7 4 7 3 6 8 1 5
19 32 43 18 32 18 16 25 25 18 23 11 21 18 26 5 19 18 8 27
31 39 32 16 21 24 19 27 28 18 18 18 12 12 18 6 25 22 4 20
16 31 26 13 13 20 17 24 7 5 23 9 12 14 17 13 16 11 11 13
35 39 34 28 20 30 15 30 32 24 22 21 21 27 31 6 23 27 9 35
22 25 26 13 15 17 18 12 17 11 17 20 8 11 13 8 22 22 8 14
56 63 48 38 29 46 29 51 38 28 31 32 23 33 45 17 39 46 21 47
42 50 32 22 25 41 23 43 27 20 28 22 14 25 32 8 29 32 15 37
67 84 77 34 48 43 41 60 48 44 51 36 34 45 54 29 56 40 27 50
13 7 8 4 10 13 9 6 4 5 15 7 5 12 14 1 7 16 3 15
53 79 62 50 30 56 37 64 38 36 22 45 29 31 47 25 45 42 28 53
7 15 22 4 8 3 11 6 12 6 6 9 6 1 6 3 9 12 1 5
22 26 22 10 21 14 12 15 21 15 14 12 13 10 14 1 18 14 4 17
24 24 17 22 16 21 11 24 21 16 24 14 13 20 15 4 18 13 9 24
32 49 41 27 26 25 26 38 24 20 15 21 15 10 21 12 27 19 19 21
42 57 52 26 26 31 27 43 33 23 23 24 18 21 31 11 39 33 18 30
11 15 12 6 3 8 6 4 5 9 11 5 7 12 7 3 3 8 1 12
41 56 49 28 39 25 25 40 33 26 26 21 26 24 29 20 33 10 14 29
9 14 14 1 5 1 8 6 15 2 4 12 5 1 2 1 12 1 1 7
40 41 30 11 10 22 26 25 27 13 22 22 11 19 17 5 21 20 1 27
36 57 45 22 27 35 49 44 20 17 36 34 24 25 27 24 33 27 17 39
4 5 10 1 1 1 4 1 3 4 6 1 3 4 1 1 2 6 1 2
11 19 23 12 4 3 11 9 13 8 9 11 3 8 6 3 11 7 2 7
36 56 53 30 34 28 30 41 36 21 30 37 28 21 36 12 42 29 11 37
10 14 14 1 1 1 1 3 3 7 1 2 4 2 3 1 1 2 1 1
20 39 40 24 25 30 27 32 24 13 28 27 15 17 23 13 33 20 8 29
44 67 63 50 28 36 55 56 65 29 26 60 47 42 45 22 55 36 29 57
10 31 23 8 6 10 13 19 6 9 11 13 8 5 6 12 14 1 5 3
62 73 74 26 43 39 53 51 50 32 51 44 36 40 55 18 60 44 21 48
29 42 40 15 26 26 22 31 25 17 26 22 22 21 25 14 24 22 13 25
50 68 56 33 36 47 47 49 28 33 38 34 33 40 40 32 33 34 25 48
38 53 33 29 17 39 30 43 28 15 32 31 25 28 30 14 34 21 7 38
35 39 42 23 23 23 13 27 21 32 11 9 10 20 25 10 11 22 9 23
37 50 54 37 27 37 23 35 33 31 23 31 33 36 48 15 29 35 26 49
17 25 22 3 3 3 16 16 11 7 12 6 12 9 7 3 10 6 1 12
44 62 60 30 37 38 44 51 48 22 29 42 27 25 43 11 43 46 20 49
42 56 48 36 41 42 28 45 32 26 25 30 16 25 38 10 31 36 25 48
53 68 66 43 36 33 39 54 49 42 26 24 36 43 45 24 42 21 21 41
32 54 42 31 36 26 31 40 30 21 21 29 24 17 29 9 31 15 12 33
54 64 55 48 44 46 43 58 50 42 56 45 19 42 42 39 57 41 25 46
15 36 29 22 11 18 20 28 19 9 7 21 19 12 20 11 20 18 18 21
30 35 37 9 17 12 21 21 20 12 22 12 8 11 18 7 19 26 1 18
37 65 54 41 34 48 56 62 41 21 36 49 21 23 26 27 46 41 29 49
10 14 18 4 11 6 3 6 7 9 3 2 6 2 13 2 4 12 2 3
71 91 76 41 57 43 46 67 47 47 45 48 30 36 41 38 53 40 23 60
5 12 11 6 3 3 2 9 1 6 5 4 8 4 8 4 3 6 3 4
4 11 18 16 7 8 12 15 9 5 16 5 5 11 10 4 10 11 3 11
50 45 31 26 19 30 30 33 27 24 23 30 6 23 22 3 33 29 15 37
48 63 53 39 42 51 34 52 40 29 30 42 24 32 52 8 48 50 26 54
57 59 60 41 58 40 36 48 49 49 27 38 24 38 53 11 45 43 21 47
60 65 59 43 47 59 37 61 29 38 62 25 27 54 56 32 47 43 43 50
19 23 38 20 21 25 19 26 17 16 25 6 10 22 25 8 19 23 15 22
35 38 32 17 10 16 23 24 23 17 21 19 15 20 18 6 19 23 8 27
44 57 46 31 15 24 34 44 42 26 26 26 16 25 21 14 43 15 12 25
46 57 41 34 23 28 11 37 38 28 19 28 28 30 37 9 31 22 15 41
51 73 70 38 51 39 31 57 43 39 28 28 21 24 43 20 44 31 20 41
20 28 30 1 13 6 17 13 18 10 12 13 16 10 16 7 17 17 4 11
57 73 48 47 41 51 44 62 53 27 40 46 29 30 44 8 60 40 20 59
38 59 55 40 40 36 41 53 36 27 38 34 22 25 29 18 41 20 19 37
16 32 29 18 16 16 21 21 17 16 20 20 11 9 10 10 22 17 4 17
20 34 26 15 13 7 18 24 13 15 5 13 5 2 4 10 14 3 5 7
21 30 24 12 20 20 9 18 8 14 14 12 15 16 24 7 10 18 10 17
43 60 62 29 43 49 26 48 33 21 43 18 33 42 54 19 36 37 31 48
72 76 73 47 44 56 39 62 63 44 54 44 31 57 63 31 59 62 29 66
20 34 16 3 11 19 10 22 1 7 14 10 14 9 11 12 2 3 6 18
41 56 64 34 41 43 36 54 28 28 49 14 26 34 40 34 35 31 25 32
23 34 19 11 15 20 8 21 21 12 11 18 16 9 15 5 17 10 6 19
46 66 52 42 34 41 34 49 45 36 38 42 29 38 42 24 49 23 18 48
56 56 71 42 40 26 38 45 60 46 35 40 31 45 44 18 44 41 11 49
54 68 40 53 37 56 32 59 38 37 47 42 26 42 46 36 53 44 28 50
61 74 72 52 50 54 46 64 49 43 45 45 18 39 46 30 53 63 28 56
71 81 63 52 51 56 52 68 47 48 34 50 23 35 50 24 57 48 28 55
64 78 75 41 63 49 36 58 47 45 34 33 40 40 63 20 42 34 26 57
30 45 52 21 21 22 32 35 34 15 22 29 15 12 23 13 44 29 19 21
54 56 45 29 39 48 24 47 22 31 37 24 15 39 48 15 32 46 31 47
55 76 41 48 42 60 53 61 43 28 26 61 31 27 40 25 51 48 31 58
3 7 9 1 1 1 3 1 5 5 1 1 3 1 3 1 2 7 1 1
30 42 32 21 23 23 26 35 22 13 21 20 12 10 12 11 21 18 14 25
56 72 59 41 52 54 42 60 23 39 54 32 24 36 37 34 43 34 28 50
13 13 18 6 5 6 8 7 3 7 2 2 1 1 10 3 3 10 2 3
12 11 6 2 1 4 4 4 9 3 3 7 1 3 1 1 7 4 1 4
19 33 31 13 13 16 17 22 13 13 19 15 11 11 15 17 18 16 9 6
8 13 14 1 4 1 6 4 2 8 1 4 8 5 10 2 2 6 1 3
55 66 51 30 42 31 18 45 41 32 24 20 30 28 40 14 39 21 19 43
42 72 61 32 28 42 38 58 41 19 33 28 40 29 36 30 46 25 36 31
16 17 14 2 6 9 2 4 8 14 9 3 13 14 15 1 1 10 1 15
35 56 57 31 25 12 36 39 44 30 24 28 29 24 30 12 31 10 2 34
63 69 61 29 44 52 59 61 42 29 71 41 40 59 57 34 55 48 29 58
12 19 17 11 10 9 13 11 15 8 11 13 10 12 9 5 11 7 1 13
28 32 40 33 27 33 19 40 26 21 33 15 18 34 32 11 18 27 24 35
24 28 24 6 12 13 8 9 13 17 9 9 14 12 18 5 9 17 4 14
2 12 15 2 4 1 9 2 12 2 9 7 5 2 1 1 9 6 1 8
19 26 28 15 10 21 17 18 10 8 10 12 2 5 16 4 16 23 12 18
12 17 12 2 1 7 7 10 14 3 11 9 2 1 1 3 12 11 1 5
19 32 25 4 11 12 11 19 8 15 13 4 18 12 18 9 6 7 9 14
43 55 65 31 52 39 33 49 44 26 38 24 31 30 46 8 34 30 16 44
21 32 24 7 17 16 18 23 16 5 15 19 15 4 18 3 15 10 3 22
38 44 43 29 28 29 27 38 23 25 15 24 6 20 26 11 19 38 21 27
33 31 33 12 19 13 19 21 20 16 14 14 6 17 24 6 20 31 8 18
27 39 27 19 17 29 24 29 14 9 19 30 3 5 13 14 28 20 6 22
65 78 50 44 47 53 37 55 36 44 26 44 40 44 48 33 34 36 41 60
20 21 24 4 8 4 8 5 19 14 3 9 11 6 10 1 13 11 1 10
24 24 22 8 13 14 15 12 12 14 4 11 8 6 14 6 11 16 8 11
29 35 28 14 18 12 10 16 20 21 14 10 14 14 17 5 17 17 5 16
12 12 15 7 3 5 11 10 9 6 12 6 6 6 5 4 9 13 3 5
21 25 25 9 11 12 15 14 23 7 10 17 9 4 11 5 22 18 4 12
34 50 37 30 18 33 11 39 31 23 11 21 17 19 29 4 25 26 17 31
22 34 28 16 10 13 17 23 24 12 10 17 16 11 15 1 21 12 10 20
55 59 55 42 42 38 42 53 48 43 41 34 25 45 46 19 45 34 14 52
26 43 39 19 31 24 22 27 23 18 27 21 22 22 27 6 23 15 3 33
62 68 50 29 25 38 28 47 31 29 32 28 27 38 43 21 39 33 24 35
10 17 16 12 9 13 8 15 10 3 18 8 7 9 11 4 11 12 7 15
39 54 46 21 30 33 31 32 19 27 29 25 20 22 29 20 26 26 12 37
35 49 41 24 26 48 34 46 12 19 37 19 26 34 37 22 24 33 34 43
24 31 25 11 10 12 6 14 15 14 11 9 13 13 19 3 11 14 2 16
12 20 14 10 6 11 11 11 7 8 12 10 6 8 8 6 6 11 1 10
25 41 44 26 30 21 20 27 31 23 13 27 26 20 35 1 29 18 13 30
5 10 9 1 3 1 2 2 6 5 1 4 6 1 4 1 3 2 1 2
7 14 9 1 5 4 6 8 3 2 4 1 5 1 7 1 1 4 1 4
25 37 36 14 27 23 19 26 15 13 16 13 15 12 26 13 19 19 16 20
25 47 45 25 25 34 42 40 28 19 39 29 22 24 24 18 34 22 8 38
13 24 24 8 12 9 17 9 14 13 10 17 7 6 4 9 16 10 1 8
43 48 39 30 28 23 32 46 41 24 35 28 17 27 25 13 38 22 8 31
54 53 50 29 47 42 19 43 29 35 34 13 14 35 46 12 32 43 27 40
22 25 27 9 8 5 12 8 22 19 5 13 12 12 14 1 15 11 1 10
54 58 42 26 32 32 27 42 32 30 16 24 18 18 26 14 29 31 17 31
20 22 18 9 7 15 19 16 13 2 12 14 3 4 11 4 16 20 6 11
44 68 66 45 54 47 37 53 36 39 36 37 27 35 53 8 47 39 27 54
51 56 51 35 22 44 47 51 39 22 47 31 24 39 32 31 42 43 30 38
31 36 40 12 16 14 26 27 19 15 24 16 14 19 23 16 23 28 9 18
39 61 48 38 33 28 27 44 38 25 25 38 21 15 26 17 48 19 10 32
51 69 61 34 49 30 25 51 41 35 28 27 34 25 43 23 42 15 24 39
31 33 38 24 29 30 16 29 17 20 25 12 18 28 31 10 15 17 18 31
38 46 31 13 10 19 24 30 28 13 13 26 16 8 15 9 26 20 7 26
35 48 36 32 27 28 33 39 25 23 17 25 8 16 12 19 30 24 22 31
12 18 25 9 11 4 13 10 17 9 8 13 9 5 9 3 15 11 4 9
40 61 53 40 26 32 27 45 41 35 15 33 30 30 34 10 24 23 21 50
12 13 18 5 4 1 8 1 10 13 4 4 9 8 10 1 6 9 1 6
45 74 66 33 48 44 45 60 30 28 49 34 31 26 33 35 47 28 26 42
22 26 19 13 7 9 10 15 11 7 8 12 6 10 9 2 16 7 6 14
16 16 21 13 14 12 3 7 8 17 3 4 5 10 18 3 10 20 8 8
35 37 31 2 5 16 14 19 18 15 14 9 14 15 16 10 17 11 6 14
10 17 13 3 1 1 12 10 11 2 6 9 2 1 1 2 10 4 1 3
43 46 43 28 30 24 29 38 36 25 12 24 8 10 20 12 32 28 10 24
55 66 57 37 50 54 31 57 32 36 27 27 23 35 41 29 30 38 40 50
16 17 19 1 4 2 1 4 7 9 3 4 3 3 9 2 7 6 2 1
63 83 70 41 40 42 48 66 58 35 31 50 35 30 44 29 57 44 30 52
4 6 5 1 5 3 1 1 1 1 2 1 3 1 6 1 1 5 1 2
4 3 11 1 1 4 6 1 5 1 6 1 1 1 2 1 3 9 1 5
18 16 14 4 7 11 8 5 3 5 13 4 1 7 10 1 5 15 1 11
36 63 52 40 34 36 45 52 48 22 23 38 27 23 30 24 51 29 20 38
17 16 26 17 12 7 5 9 11 20 8 6 11 18 18 3 6 12 5 14
41 47 39 38 23 33 19 36 37 26 12 26 13 25 30 1 29 32 15 35
10 13 14 10 6 3 7 8 9 9 7 7 9 9 9 1 8 8 4 7
11 15 17 3 4 3 5 3 5 12 2 3 10 9 11 2 3 6 1 6
38 43 33 14 17 23 30 30 30 15 32 22 15 21 19 8 26 21 4 32
4 10 10 1 1 1 7 6 4 1 8 2 1 2 1 4 5 4 1 1
20 26 27 13 16 13 18 17 20 10 18 12 17 16 19 1 20 17 5 22
7 16 16 4 8 1 4 4 6 5 1 5 5 1 5 1 6 6 1 1
59 63 68 33 51 38 30 53 40 38 50 20 28 38 48 31 41 46 24 43
14 32 26 14 8 15 15 23 8 12 11 13 14 14 17 10 15 11 13 12
13 15 14 1 6 8 4 6 3 5 12 2 8 7 14 1 3 15 1 10
16 20 16 12 7 6 4 11 9 10 6 11 4 8 11 3 8 9 3 6
19 28 35 18 28 18 10 18 16 18 15 7 15 16 25 6 14 19 12 18
25 21 21 25 11 21 5 18 21 16 12 14 4 17 17 1 14 20 6 22
57 78 59 56 39 65 36 67 41 37 48 43 38 48 54 31 49 34 35 61
21 30 23 7 19 7 12 17 21 12 9 14 16 7 14 1 17 7 2 14
14 13 15 5 2 7 1 1 6 12 7 3 7 11 11 1 2 10 1 10
37 45 32 42 17 33 20 39 41 26 18 29 18 27 26 2 34 26 11 38
40 62 47 30 25 30 28 47 41 20 30 32 31 24 30 10 41 16 15 40
10 12 14 6 5 6 3 1 6 12 4 7 7 10 11 3 5 10 1 6
68 62 43 51 38 54 39 59 52 41 37 43 12 40 36 21 38 48 21 55
59 64 49 45 46 42 46 59 42 40 38 29 32 38 42 33 38 22 19 47
8 9 6 1 1 3 1 2 7 3 3 4 1 1 1 1 3 4 1 2
52 79 70 45 49 50 45 66 32 37 42 39 25 25 39 34 49 45 31 50
56 61 55 40 42 43 41 50 52 27 31 41 22 24 43 5 54 44 12 46
8 6 13 7 5 1 9 4 10 4 8 7 4 7 8 1 9 10 1 6
15 27 23 14 3 12 18 21 13 4 19 17 7 11 5 13 23 8 8 7
47 58 55 21 35 18 26 41 45 23 31 27 27 25 31 14 37 23 9 35
18 28 27 5 19 22 18 25 10 2 29 12 12 10 16 14 13 18 8 18
56 60 53 43 44 59 34 54 29 40 45 30 17 46 47 22 31 47 30 58
11 31 23 7 9 14 18 23 13 4 11 14 9 2 6 9 16 4 8 11
37 54 43 37 25 25 41 39 48 33 35 44 38 40 39 19 36 9 1 47
15 13 10 8 1 6 7 6 13 7 10 8 7 13 7 1 11 8 1 11
14 19 14 13 6 11 6 10 8 8 14 9 5 11 7 4 6 13 6 13
26 27 20 21 14 25 28 24 29 10 25 30 6 19 13 1 33 23 10 31
64 77 61 54 57 56 54 62 37 53 31 43 27 41 49 30 49 47 30 57
56 85 86 46 52 64 56 69 42 39 54 45 34 38 54 41 64 63 40 56
20 29 21 4 13 18 17 16 9 9 14 12 12 9 15 7 7 13 3 18
55 82 74 46 51 43 55 65 46 40 30 37 42 38 50 35 46 32 28 44
19 23 18 9 6 5 10 14 12 11 7 12 10 9 10 5 11 5 5 8
11 16 16 8 3 2 4 8 9 10 6 8 6 7 7 4 7 5 2 3
17 40 38 19 9 21 27 30 27 6 21 25 13 10 10 12 34 15 14 18
7 12 12 1 3 1 5 4 11 4 3 5 2 1 5 1 7 7 1 1
62 68 47 33 36 34 51 51 51 40 31 50 35 38 34 35 42 43 27 50
22 31 23 23 15 23 13 25 24 10 18 22 12 14 20 2 24 15 3 26
18 24 28 11 13 19 8 20 15 15 14 9 10 13 18 11 15 16 11 11
32 58 55 32 29 34 31 48 29 31 35 29 33 39 38 19 24 12 15 47
59 85 62 47 41 57 51 66 40 37 37 50 35 33 46 41 58 45 30 50
5 9 10 2 3 1 1 5 2 2 1 2 3 1 6 1 1 4 1 1
9 12 16 12 6 2 1 4 5 8 4 6 1 6 9 1 4 7 2 4
4 7 10 1 2 3 4 1 3 3 2 3 2 1 4 1 1 8 1 2
13 18 16 9 4 13 8 13 14 3 17 11 5 9 6 6 14 8 3 14
41 79 64 42 39 56 53 66 33 26 35 52 33 20 38 32 55 39 30 49
5 4 11 7 3 6 7 1 7 4 10 4 1 7 4 1 5 10 1 9
25 32 34 16 19 21 5 20 16 18 18 6 12 21 26 6 17 18 10 24
10 23 16 14 10 11 8 16 14 4 8 17 7 7 11 2 13 6 2 14
55 70 50 33 22 32 46 56 51 20 33 40 24 24 24 18 55 27 12 37
41 71 67 54 52 50 43 58 40 34 34 41 30 30 45 32 53 41 25 49
25 29 25 15 10 16 20 12 21 18 18 22 11 25 20 1 20 19 5 29
69 83 77 44 56 67 58 69 32 49 55 39 23 42 48 42 54 64 35 53
25 30 27 15 10 15 21 20 22 16 13 17 8 9 11 4 20 22 7 14
37 48 38 24 26 23 35 36 30 20 11 30 12 9 17 12 33 29 21 25
9 10 16 9 8 5 5 3 3 11 4 1 7 10 13 1 3 13 1 6
25 38 39 14 20 18 16 26 16 14 21 9 16 15 23 9 22 19 17 21
35 50 48 29 16 22 23 35 38 19 8 27 17 10 26 3 38 30 14 24
11 18 10 3 10 7 2 9 10 8 6 7 7 2 9 2 6 7 2 6
19 28 16 11 14 11 4 17 10 15 14 1 12 12 9 1 6 5 3 16
24 26 17 3 6 10 9 10 16 13 12 12 17 15 18 1 9 14 1 19
25 38 34 19 21 27 34 34 29 17 36 17 20 23 23 11 30 14 5 31
66 73 41 56 49 67 49 66 35 52 40 53 19 47 42 27 45 49 28 67
38 40 26 26 17 26 18 32 25 17 20 20 6 15 18 12 29 27 18 26
7 10 14 2 3 1 1 4 8 8 2 1 1 1 1 2 4 1 1 1
56 57 45 35 25 37 39 40 32 36 29 38 15 34 25 21 30 30 12 46
14 13 17 8 12 11 6 7 6 11 6 6 8 10 16 1 6 18 5 8
28 27 19 9 14 17 10 17 12 13 7 10 5 5 14 7 13 16 10 14
19 30 15 8 8 10 3 15 11 10 15 10 17 16 15 5 8 4 5 18
16 24 26 1 11 11 5 12 7 8 16 1 14 11 16 5 4 9 5 14
45 61 49 19 25 38 33 41 26 22 40 32 23 23 31 22 40 35 12 34
5 8 6 1 3 1 1 2 3 1 1 3 1 1 7 1 2 4 1 1
28 25 24 20 19 15 15 19 25 17 18 14 11 17 15 1 22 15 2 21
78 78 75 49 49 57 47 65 57 51 43 33 35 53 59 27 57 41 24 63
18 32 23 11 16 18 18 19 12 13 18 18 15 16 21 1 17 16 9 28
45 67 50 42 43 57 41 58 17 35 44 39 22 36 38 28 31 33 34 56
28 30 37 9 16 21 29 20 19 15 34 16 14 25 23 10 27 30 11 23
46 45 39 36 37 44 40 42 22 27 30 31 5 33 34 6 31 49 28 46
14 24 19 1 8 5 9 12 9 4 9 6 7 4 8 5 10 3 3 5
50 73 79 51 47 45 55 67 61 28 46 36 38 33 48 27 69 46 35 42
18 31 29 16 10 9 8 16 12 16 13 14 16 17 21 6 8 8 2 17
34 26 19 8 11 19 21 16 14 14 15 16 10 14 17 7 14 23 7 21
17 22 21 13 7 8 8 11 15 15 10 12 9 10 9 5 13 12 7 11
38 38 36 25 27 34 22 25 17 29 26 18 12 33 33 9 17 30 12 35
27 30 16 18 5 22 15 20 19 13 19 20 9 19 11 7 17 11 1 24
11 25 16 6 10 8 4 14 4 8 13 5 12 10 9 7 1 1 4 10
26 37 39 21 12 22 19 28 24 14 16 16 7 9 15 10 30 23 15 12
33 60 48 36 32 35 31 50 39 20 32 34 16 22 27 19 46 22 24 37
25 32 47 24 28 20 21 23 29 25 18 17 22 25 34 4 17 27 12 32
33 41 40 14 32 26 18 25 17 19 20 14 25 21 33 8 14 20 13 30
29 48 49 23 15 26 26 38 22 21 26 20 25 28 31 13 20 23 17 32
37 43 44 16 29 21 25 29 28 22 33 20 27 30 36 16 25 33 10 31
23 29 30 17 11 19 26 21 23 15 29 16 14 22 13 12 23 16 8 22
54 72 81 42 56 61 54 68 40 39 66 38 35 51 53 42 51 50 34 58
56 55 53 21 36 35 39 42 42 32 41 36 31 45 47 13 35 42 13 55
27 32 24 23 27 34 18 28 8 18 33 20 18 33 33 7 18 24 22 37
34 39 27 23 23 22 19 25 12 26 3 17 9 14 17 10 15 23 16 22
60 59 45 32 42 45 29 53 37 29 33 29 12 30 40 10 33 43 22 47
23 36 36 21 14 16 14 26 21 14 11 13 3 6 15 10 28 19 19 11
23 42 33 27 18 15 21 31 26 22 17 24 9 10 8 9 31 13 5 16
53 69 47 44 49 56 36 56 45 27 50 47 32 39 54 24 55 43 24 60
10 8 15 4 6 1 3 2 10 7 4 1 1 2 5 1 7 7 1 1
22 24 11 15 6 18 15 17 11 17 16 10 11 22 17 4 7 10 1 25
30 50 56 29 31 22 36 45 45 14 33 30 17 13 26 11 49 22 7 27
23 28 29 7 4 11 19 17 17 10 21 4 10 15 11 4 14 13 1 16
32 39 33 20 24 27 11 30 19 23 23 8 10 25 26 8 19 22 13 22
13 18 10 8 6 5 4 10 6 5 3 3 2 2 4 1 5 5 1 6
34 69 59 47 48 38 39 60 41 34 26 39 19 19 30 17 39 22 18 43
4 6 10 3 2 1 2 1 2 3 4 1 4 5 2 1 1 1 1 3
30 37 36 25 25 12 11 22 22 28 13 9 12 17 24 10 20 15 6 16
4 7 11 1 1 1 1 1 3 6 1 1 3 1 3 1 1 5 1 1
38 45 36 14 19 22 20 29 20 20 24 11 17 23 24 9 16 21 13 30
19 38 30 19 15 16 15 25 17 18 14 17 14 12 15 9 16 10 8 17
13 32 29 12 19 14 26 21 20 14 17 22 11 3 6 12 24 16 1 12
40 72 60 36 41 58 55 64 37 13 48 46 47 39 52 31 49 33 42 58
32 54 56 36 38 38 41 49 40 20 43 28 31 30 36 12 44 23 17 42
20 27 18 8 9 8 4 11 12 11 8 9 9 10 12 2 10 6 2 12
43 71 49 42 30 41 37 57 53 24 41 50 47 41 47 14 47 11 12 57
14 22 30 2 15 4 17 16 14 2 13 8 6 1 12 5 19 17 3 7
51 78 58 43 33 50 37 58 45 29 29 43 24 32 38 30 51 38 38 54
23 34 40 17 21 22 21 20 13 23 14 14 7 10 17 13 16 23 5 17
34 40 41 14 21 17 28 22 32 17 23 26 21 16 25 4 32 27 10 27
12 23 37 10 17 13 18 15 15 14 12 9 12 11 19 11 16 17 10 12
18 26 26 6 14 12 21 23 18 7 17 12 13 6 12 7 15 12 7 13
34 57 47 30 22 25 35 41 46 17 23 44 31 19 31 5 42 26 9 40
35 52 51 39 28 30 37 49 38 22 28 21 30 25 30 30 43 26 31 23
47 52 58 33 44 48 38 51 26 29 55 26 16 43 53 24 47 59 37 44
34 66 49 33 27 45 40 55 30 12 28 35 26 23 27 27 36 27 31 39
27 39 31 15 8 22 28 27 7 13 21 11 11 19 14 20 15 16 13 17
39 60 60 43 43 33 42 50 30 41 33 27 19 24 27 29 41 23 9 36
35 55 55 44 39 33 31 46 51 25 21 36 18 24 33 20 54 38 34 37
66 70 76 35 62 54 41 60 47 47 54 36 23 52 66 25 50 67 39 63
48 53 51 46 39 51 25 47 41 37 37 35 24 43 45 13 33 47 33 51
60 65 44 26 29 40 33 47 33 24 36 33 24 34 31 18 30 29 20 49
55 62 54 39 36 46 50 49 26 42 47 40 14 32 27 28 42 40 16 50
61 67 58 34 38 31 38 44 44 41 29 35 22 33 37 16 47 27 8 43
47 76 72 55 52 56 36 66 53 38 46 43 28 39 51 28 60 41 37 56
50 75 75 35 49 43 54 63 44 29 51 42 44 37 49 31 43 33 29 59
60 87 72 35 41 42 43 68 55 26 36 51 40 33 52 29 51 38 33 61
37 56 54 37 40 42 29 44 20 30 42 29 21 28 31 26 32 30 18 42
27 59 52 37 34 36 32 48 33 19 26 40 22 16 29 18 40 25 20 38
27 33 35 16 16 16 14 20 21 20 19 11 11 18 19 7 17 23 4 18
11 11 20 10 7 6 9 5 9 13 5 4 6 11 11 1 6 13 2 7
28 28 20 14 21 23 19 19 19 12 22 20 17 22 25 1 21 22 6 30
60 82 73 49 42 53 40 60 56 35 26 46 48 43 58 22 48 42 37 63
21 25 21 4 7 6 13 14 17 13 7 9 8 6 4 6 14 7 3 6
28 34 16 14 6 17 13 25 13 6 6 19 7 3 8 10 19 10 10 12
37 59 54 29 31 35 37 45 39 27 30 37 37 30 42 14 32 25 17 49
53 60 50 33 45 37 24 47 36 39 25 20 19 27 42 27 37 29 19 36
51 72 65 45 37 41 57 62 38 36 39 39 20 30 31 36 49 40 21 45
8 14 16 5 1 9 10 8 4 4 8 5 1 4 5 4 4 11 1 8
53 62 46 52 30 43 33 52 53 40 37 39 25 39 40 24 54 31 23 49
37 48 52 38 25 30 29 41 41 29 24 23 20 25 29 5 33 34 18 37
18 24 26 19 12 10 14 21 19 16 15 8 1 13 8 5 16 9 2 12
23 39 29 20 8 21 26 33 25 11 26 20 11 14 11 5 24 19 10 25
7 6 13 4 3 4 3 1 4 1 10 2 1 5 6 1 2 10 1 8
18 20 26 5 12 13 11 9 12 11 15 6 13 12 20 4 11 20 2 16
40 54 48 26 40 49 26 42 22 27 32 30 16 27 41 16 36 36 24 38
18 21 17 7 1 1 6 5 9 12 6 4 11 15 11 1 1 5 1 14
38 55 58 29 30 29 23 45 36 29 28 29 27 36 41 15 22 35 22 42
28 29 29 13 16 18 6 15 11 15 19 6 16 20 28 2 13 24 9 23
54 70 73 46 42 49 28 59 44 45 37 23 22 44 52 25 43 51 45 43
33 38 36 14 7 11 18 20 29 17 14 21 19 19 18 8 22 13 4 24
27 34 29 8 11 17 6 18 14 18 14 11 19 18 25 5 8 13 5 22
15 27 26 7 12 8 9 12 11 11 15 6 15 12 13 7 11 6 5 13
28 31 14 22 11 26 14 32 20 6 21 22 12 14 17 8 19 14 7 28
22 24 26 8 19 13 15 15 18 9 15 5 9 6 13 1 16 18 3 15
11 15 13 4 3 5 7 11 14 2 6 9 4 1 5 1 12 9 1 3
61 76 50 41 38 39 48 60 43 37 31 49 32 41 39 34 41 43 27 55
7 10 14 6 8 8 3 6 10 7 4 4 3 1 9 1 6 11 1 6
34 39 25 15 11 17 12 21 20 20 16 14 19 22 22 2 8 12 4 30
10 10 10 1 1 1 1 2 9 5 1 4 1 1 1 1 5 2 1 1
55 56 44 25 29 42 24 48 34 21 38 21 9 23 32 20 45 39 22 34
14 23 20 2 10 12 10 11 6 9 9 5 10 6 14 3 3 13 1 13
17 41 38 13 22 15 28 24 19 15 21 21 20 10 18 10 21 12 1 25
16 19 14 5 1 8 3 7 13 6 1 13 3 1 8 1 10 9 1 5
20 20 23 9 8 7 7 5 12 15 6 8 12 12 18 1 11 16 5 11
25 26 21 17 6 14 21 21 11 10 15 12 4 14 8 6 15 14 7 18
52 72 56 37 53 43 50 56 42 32 35 42 25 21 40 19 54 29 12 47
24 30 31 14 16 21 9 20 20 21 11 11 12 16 23 5 11 24 9 20
10 20 18 10 7 13 12 14 4 7 16 12 2 5 7 12 9 11 2 9
59 72 69 47 46 45 31 56 32 49 33 24 32 42 50 29 23 29 26 53
41 75 69 39 45 42 42 57 48 35 39 51 57 41 53 31 41 10 26 55
20 25 24 1 6 5 14 14 15 11 11 5 13 8 12 3 10 8 1 10
39 57 41 32 20 38 30 40 32 24 19 39 17 23 29 9 36 29 15 41
47 53 52 42 42 44 42 46 47 39 45 39 35 49 54 17 38 37 8 59
32 68 64 36 34 43 54 50 44 26 39 56 31 28 37 21 56 38 23 52
70 70 52 44 48 48 43 65 57 35 53 41 22 39 48 25 62 45 17 55
23 22 32 19 18 21 12 23 18 17 28 5 11 22 21 4 13 23 6 24
15 29 18 13 15 16 10 21 5 10 16 10 16 16 17 9 5 5 8 17
42 48 53 28 33 21 28 37 40 27 36 25 12 29 27 21 41 36 16 33
25 28 17 18 11 17 12 22 16 12 16 13 8 15 15 4 17 13 5 17
42 54 40 37 27 31 28 44 36 32 36 26 17 31 30 22 42 19 16 32
17 17 15 8 7 11 12 14 14 4 16 2 3 7 8 1 9 13 1 14
53 66 57 34 41 31 36 45 40 38 27 36 20 28 39 18 50 29 20 40
25 50 52 28 28 34 26 40 26 22 25 19 22 28 29 12 20 25 23 39
50 53 53 23 35 24 36 32 38 36 29 33 19 27 35 8 41 33 13 33
56 74 72 49 39 41 33 60 60 35 33 42 32 37 52 19 57 49 26 55
39 41 27 15 26 26 9 24 15 24 19 10 15 22 31 7 18 25 15 28
32 64 55 31 31 28 40 51 39 15 30 39 17 10 24 13 47 28 15 35
41 43 37 14 15 17 25 34 31 14 27 18 6 12 12 13 31 23 5 19
28 37 34 16 25 30 22 25 20 16 31 19 15 25 27 10 26 23 12 28
24 37 31 23 12 16 16 23 24 15 10 24 13 13 15 7 24 16 12 18
12 10 8 1 1 3 1 1 6 6 1 4 3 2 3 1 3 6 1 3
7 13 8 2 3 1 3 5 6 5 1 2 1 1 1 1 2 1 1 1
21 28 32 15 22 20 7 19 18 22 14 7 13 16 22 6 11 19 10 20
55 68 55 46 51 55 59 63 46 36 48 50 20 40 46 21 46 45 21 62
41 51 56 33 43 34 30 42 31 35 24 23 9 25 38 6 38 42 23 34
14 14 18 7 10 14 15 8 8 6 9 7 4 9 12 2 6 17 1 17
10 10 7 4 1 3 7 3 6 7 7 3 6 8 4 1 5 8 1 6
45 45 39 17 25 33 8 31 25 20 21 13 19 21 37 5 24 34 14 32
61 80 57 55 52 55 47 70 58 35 36 49 37 35 50 19 53 44 28 61
64 85 69 39 46 42 37 64 58 31 48 40 37 36 45 25 58 38 20 55
9 24 29 12 18 15 17 19 9 10 17 13 10 5 16 11 14 15 6 10
13 18 12 3 10 7 7 8 3 5 3 3 10 4 10 1 4 6 1 9
8 19 19 10 7 9 10 12 6 10 6 10 6 6 8 6 6 10 3 7
29 48 34 17 12 28 29 31 22 17 18 28 24 20 22 13 20 17 16 35
22 23 14 14 6 11 7 12 21 7 6 14 7 6 9 1 18 15 1 11
63 63 63 51 47 53 23 52 47 52 45 27 21 55 53 23 42 44 32 55
25 37 29 10 16 24 11 25 11 13 22 10 17 15 25 16 20 21 18 14
59 64 37 38 30 43 42 47 46 40 38 47 25 40 30 25 41 17 8 53
30 53 48 16 25 23 24 32 29 20 21 27 21 10 26 12 33 21 8 26
59 74 54 46 50 57 34 61 38 43 33 36 25 47 46 37 40 42 43 58
58 67 64 50 44 34 26 48 48 53 32 33 24 40 47 30 46 34 20 45
29 27 33 10 10 6 10 12 25 18 9 10 7 11 14 1 20 18 1 9
36 35 36 19 31 28 9 27 20 20 20 6 13 25 30 4 12 23 13 29
39 54 51 27 28 26 21 40 29 21 30 21 21 22 29 15 34 23 25 28
21 16 18 7 8 10 15 12 13 6 19 7 6 10 12 1 11 23 1 12
26 32 28 14 18 19 19 25 17 17 16 11 8 9 14 5 13 23 7 19
18 15 9 6 10 14 5 8 1 5 11 1 4 9 13 1 4 14 2 15
11 22 29 19 14 19 16 25 15 9 21 13 8 19 18 7 16 11 10 19
22 36 33 19 27 28 28 30 28 10 32 27 21 21 28 3 30 22 15 38
50 69 56 52 38 47 52 58 48 40 23 47 30 39 36 19 41 40 24 60
12 16 22 13 10 11 9 13 9 7 15 7 4 9 13 5 8 14 3 12
48 49 39 21 29 25 14 30 27 28 25 14 21 26 34 9 23 21 10 32
32 40 33 8 21 25 15 22 14 17 26 13 24 27 29 12 9 15 10 32
25 34 29 5 14 9 21 19 20 7 9 17 8 2 13 3 21 18 1 8
50 49 36 22 27 22 21 28 25 32 10 17 19 18 32 10 19 21 8 30
20 27 20 12 14 12 9 14 12 14 9 14 6 4 9 8 13 12 3 6
76 74 66 50 54 59 32 60 51 54 39 36 16 46 60 21 56 63 36 57
42 44 29 15 21 34 28 29 8 22 31 19 14 28 27 19 21 29 23 31
44 63 58 39 42 39 47 53 46 32 30 36 29 25 42 9 47 35 21 51
50 63 51 30 40 34 28 44 28 33 24 22 31 27 34 17 27 20 27 44
30 40 27 26 22 27 34 28 20 23 21 27 8 16 6 20 21 22 11 28
14 18 7 6 9 13 5 10 7 5 13 8 11 9 11 1 6 11 5 13
22 39 43 15 24 24 29 30 20 16 30 20 10 6 14 20 30 28 10 15
27 61 58 46 52 48 42 55 41 27 33 42 31 28 44 9 46 29 21 51
13 22 17 8 10 9 15 16 9 7 7 11 14 8 11 2 10 7 5 15
36 54 54 31 22 21 36 36 38 31 14 40 31 27 32 20 32 21 16 33
27 33 26 9 8 14 13 19 20 14 19 12 14 14 13 9 18 15 6 17
6 9 8 3 1 1 2 1 5 7 2 2 6 6 2 1 3 2 1 3
19 19 18 1 6 7 16 8 18 7 10 11 11 8 9 1 16 13 1 14
26 37 26 23 26 30 14 29 9 20 12 16 4 13 23 12 13 23 14 25
19 35 36 15 20 4 21 25 31 13 13 18 10 1 11 1 29 13 1 9
23 22 24 7 11 11 9 8 12 15 9 6 13 11 20 1 12 22 6 12
11 24 17 15 10 11 7 17 12 12 8 12 9 6 10 3 10 10 7 11
38 78 61 52 47 43 48 63 50 28 24 57 31 13 31 26 62 34 20 45
65 78 70 49 47 53 42 70 43 39 54 29 23 43 48 32 57 36 27 48
10 6 9 1 1 5 3 1 7 4 4 5 2 2 6 1 5 10 1 4
25 37 37 9 20 24 17 29 14 12 19 8 16 18 27 13 16 19 17 16
17 27 31 13 11 15 21 20 16 15 10 14 9 10 13 7 14 18 8 19
6 12 6 3 1 1 6 3 9 1 3 8 1 2 1 1 7 3 1 3
30 44 39 27 22 27 16 40 27 16 16 15 9 10 22 8 29 19 15 21
9 13 13 5 1 7 7 7 6 7 10 6 6 5 4 8 7 9 5 5
43 51 48 31 17 16 18 36 36 34 17 24 28 29 31 18 29 10 13 26
6 13 12 5 8 6 4 9 4 8 9 4 11 7 11 5 1 5 4 7
19 28 23 15 7 15 16 19 18 12 4 20 4 5 9 6 16 12 8 11
31 22 25 21 12 25 16 21 25 16 26 15 3 23 20 3 21 25 1 25
70 89 73 52 52 56 41 66 52 53 27 52 42 37 56 29 52 41 21 64
64 76 62 46 54 49 58 69 43 38 52 43 31 40 48 25 52 29 29 61
40 43 38 14 15 23 12 24 21 18 24 9 22 25 29 12 23 19 12 19
31 56 48 33 23 36 46 50 36 11 27 36 28 21 29 20 45 23 30 37
53 61 48 42 35 45 46 46 45 31 36 50 33 41 46 8 44 28 15 61
15 17 17 1 5 2 8 5 9 8 3 3 6 3 6 1 5 8 1 3
58 66 43 30 31 43 39 56 36 17 38 36 21 27 34 23 41 42 19 43
9 9 13 6 3 5 2 3 6 9 7 6 5 9 8 3 5 8 1 6
72 80 84 37 58 47 50 65 54 40 51 26 36 45 62 35 64 57 33 47
18 24 21 7 18 11 5 16 11 8 11 4 13 8 15 6 7 6 9 11
