1000 20 13 1425
7 4 5 9 7 1 6 0 0 8 3 2 4
5 7 1 13 5 6 5 2 5 6 10 5 2
5 2 9 1 3 5 1 5 15 17 20 7 13
1 5 7 0 4 5 2 3 4 6 7 2 3
6 2 16 13 1 13 8 3 2 15 7 5 3
6 2 5 3 5 2 3 1 2 6 1 6 0
8 3 3 13 13 3 4 7 2 1 6 7 15
2 2 7 1 2 1 3 4 1 0 7 0 2
0 1 2 1 5 2 3 4 1 3 2 5 4
1 3 0 2 2 2 5 3 4 2 3 3 1
11 12 6 1 0 4 2 3 10 18 1 9 11
0 1 2 3 4 5 2 7 5 9 0 1 1
1 0 8 7 4 5 11 11 9 1 0 0 7
3 4 1 1 4 3 9 6 6 4 3 8 1
2 12 19 4 7 18 6 3 9 1 2 15 6
13 11 4 6 2 20 6 16 0 2 0 2 8
3 12 10 3 13 7 1 3 7 17 1 8 2
0 5 2 2 8 1 10 2 8 4 7 8 11
5 12 14 9 16 5 10 0 8 11 8 14 3
4 1 0 4 2 2 4 1 0 4 3 5 3
7 12 5 16 2 6 12 2 3 6 13 14 22
10 5 7 7 5 1 5 6 2 12 0 11 7
9 17 1 4 10 17 18 14 4 4 5 3 1
0 13 8 1 5 12 6 2 17 5 7 2 2
3 1 2 2 8 1 3 4 2 6 0 2 2
5 2 8 1 0 7 8 9 0 5 11 7 1
5 7 8 2 5 0 1 4 5 15 16 3 11
10 5 13 8 10 5 6 8 27 12 5 5 0
14 1 11 17 17 6 2 1 7 18 7 6 9
8 10 9 0 2 4 1 4 1 11 0 4 12
6 0 3 3 4 1 8 11 5 5 5 1 1
3 1 3 0 2 3 4 3 0 2 2 7 0
3 0 4 0 2 8 2 1 6 1 9 1 1
2 5 5 4 0 12 3 8 4 3 1 1 4
1 6 0 8 6 13 17 11 7 7 7 10 2
3 6 23 5 0 11 8 11 15 8 11 3 9
2 1 12 0 10 7 1 5 2 6 6 10 2
3 0 3 3 4 3 5 5 5 2 0 2 1
12 6 15 10 9 19 5 1 9 17 4 7 13
4 7 3 2 17 6 5 5 6 8 9 2 18
3 1 9 7 7 8 14 4 1 8 6 7 0
8 8 4 6 7 6 24 12 5 8 4 7 1
14 3 2 9 9 21 11 12 6 6 1 11 0
15 13 8 2 10 8 9 5 12 1 2 4 8
2 1 11 18 10 3 8 10 1 3 17 15 10
12 3 1 12 3 16 2 6 3 9 6 3 8
9 21 5 6 18 14 11 7 3 9 0 2 10
1 2 0 2 4 5 0 7 2 4 1 2 1
2 7 2 7 0 6 3 20 6 9 0 4 1
2 5 11 3 5 3 6 1 8 1 0 4 0
9 13 2 1 6 8 5 3 3 6 2 5 2
1 1 5 0 3 9 1 1 11 6 3 6 5
8 7 6 5 12 2 1 2 18 12 3 5 3
12 1 7 3 4 12 14 9 0 6 10 14 8
5 3 16 5 4 1 3 9 1 8 1 14 5
12 0 8 3 9 2 1 8 9 10 10 4 6
4 3 3 5 1 3 8 3 9 23 1 3 2
1 0 1 0 8 4 2 3 1 2 2 1 2
11 6 14 2 1 8 16 2 6 6 4 9 12
11 9 0 12 4 0 10 2 14 4 5 3 6
6 4 4 4 2 6 0 6 6 6 1 2 1
7 9 7 2 1 8 10 5 16 6 4 5 1
6 6 17 8 6 3 3 2 4 15 23 4 1
12 0 13 2 7 7 0 2 7 13 3 14 12
13 1 9 3 5 1 3 3 2 1 9 18 2
1 11 6 1 4 9 5 4 8 2 11 7 7
1 10 4 7 4 1 7 3 2 12 2 7 2
15 2 3 9 3 4 15 7 12 13 1 11 7
3 0 8 0 4 5 1 5 3 8 0 7 1
1 6 1 3 3 5 7 4 1 2 6 2 4
6 4 16 2 3 0 6 13 11 5 5 5 1
1 0 0 5 8 3 7 3 10 5 11 1 3
4 2 1 6 1 0 2 4 8 2 4 4 4
10 7 7 2 1 11 3 5 3 12 3 1 10
5 6 19 17 5 6 11 5 2 6 4 16 2
5 6 3 4 4 9 1 3 0 12 1 4 4
6 1 5 5 2 3 1 6 2 11 4 1 3
9 1 12 19 3 10 17 6 1 8 11 6 0
2 1 4 1 1 5 3 4 1 4 8 4 4
8 7 4 3 5 2 8 5 2 4 3 1 4
3 6 14 11 7 14 9 2 19 7 6 21 2
3 5 6 11 4 2 2 2 2 2 15 1 4
14 3 7 17 2 18 10 4 4 12 11 6 1
5 10 2 1 7 2 4 2 5 2 4 1 1
1 0 5 7 3 6 9 2 9 4 14 3 3
5 17 7 8 13 8 2 8 7 16 9 10 2
8 6 2 5 9 0 5 7 1 1 6 2 2
2 10 4 4 1 6 8 1 6 4 3 1 6
2 7 1 4 4 2 5 4 0 5 0 3 2
12 14 3 7 2 14 1 17 3 4 6 9 5
9 8 10 3 2 4 1 3 0 5 5 1 8
7 9 1 4 16 3 21 6 6 15 10 8 10
9 8 0 13 5 5 3 4 6 15 4 5 17
20 5 0 5 5 1 9 4 5 8 1 9 7
3 2 1 1 4 11 2 5 7 2 1 1 3
8 4 9 3 5 4 5 5 2 4 2 5 1
7 2 5 13 8 8 3 2 5 10 0 2 7
1 6 1 2 9 17 6 2 14 7 6 7 10
21 5 15 11 19 13 3 5 8 8 0 2 6
13 2 15 8 11 9 8 2 6 7 2 2 11
8 4 1 3 2 4 2 1 9 2 7 4 1
15 2 9 4 8 8 0 2 4 8 12 4 14
15 12 4 15 9 9 6 0 14 14 3 9 6
6 4 6 5 3 1 4 3 8 2 4 7 8
1 0 2 1 6 8 13 4 0 10 2 4 13
8 5 8 9 10 0 3 0 9 6 8 2 9
3 4 0 1 9 0 1 8 10 29 16 1 6
2 12 9 12 11 2 9 8 9 6 5 2 9
6 12 3 10 5 5 3 4 15 2 15 5 7
13 6 4 5 0 1 1 5 15 10 13 4 2
4 7 1 12 9 6 8 7 20 3 9 2 8
4 4 3 2 1 3 4 1 9 2 2 5 0
2 15 3 7 10 1 1 8 3 14 16 14 15
1 2 4 4 3 6 1 0 1 2 4 2 3
5 19 12 4 1 4 13 4 8 2 16 21 5
11 1 2 7 0 13 4 0 11 2 14 4 2
2 1 5 0 1 2 0 6 1 5 5 5 1
1 12 9 11 3 2 4 0 9 3 4 15 4
9 12 20 7 6 2 5 7 5 4 13 3 8
18 3 15 7 1 1 8 4 2 6 10 18 3
1 6 2 2 2 3 8 2 2 6 7 3 1
4 4 7 0 0 2 4 7 1 2 5 5 7
3 1 2 1 4 3 2 4 6 2 4 3 4
0 2 5 16 22 4 1 8 9 7 16 8 2
7 0 6 15 1 5 2 3 7 5 2 5 2
1 1 4 6 3 0 1 8 3 4 5 3 0
9 1 5 4 3 3 6 13 6 1 6 4 0
9 6 3 8 9 6 4 2 2 3 3 14 6
3 8 2 1 4 2 6 1 3 2 13 5 1
6 1 3 0 1 2 1 2 6 2 1 1 2
8 8 7 0 1 24 20 1 1 7 5 7 5
4 13 4 7 7 9 1 13 5 9 7 1 5
5 1 8 6 3 6 0 4 4 6 7 0 7
7 14 2 6 4 14 4 7 10 1 3 12 8
1 1 5 0 2 0 10 3 2 1 6 3 10
2 14 3 7 1 2 3 1 14 4 1 8 3
17 13 16 8 8 4 6 15 4 11 1 8 10
4 5 10 12 18 11 16 3 7 5 12 1 9
8 15 1 10 5 8 2 10 6 3 2 4 2
11 2 10 6 8 2 1 7 9 2 1 3 9
21 8 5 4 4 7 19 5 4 4 7 13 0
6 6 10 11 1 8 5 4 3 3 1 1 6
3 2 7 6 6 2 3 0 1 4 2 3 1
9 4 3 9 3 4 4 10 1 2 3 4 3
4 5 1 7 4 2 1 11 5 6 1 12 4
5 9 1 1 9 22 14 4 3 13 6 0 6
5 11 5 4 5 1 11 0 0 2 5 2 7
2 2 6 10 11 7 0 6 6 11 3 2 3
1 9 7 11 2 9 12 3 1 2 18 27 3
0 0 2 9 3 7 2 0 8 1 8 1 3
0 1 2 2 1 2 3 8 2 2 3 4 1
7 5 1 1 6 12 0 21 16 6 9 7 6
0 5 2 0 17 7 4 4 4 11 5 1 8
3 8 4 0 4 1 11 2 1 3 1 7 4
2 2 1 2 3 1 1 7 2 4 2 1 1
5 2 2 5 2 7 2 7 3 4 7 2 3
10 5 4 3 0 2 2 6 3 2 2 0 6
20 1 1 11 2 10 5 3 1 12 1 10 5
3 2 1 1 0 2 3 4 4 1 11 4 1
8 11 3 8 5 2 7 12 2 16 12 5 20
11 12 4 10 0 3 18 5 0 19 4 3 4
9 2 3 0 2 1 2 3 2 1 5 1 2
3 7 0 11 0 4 2 6 4 14 7 7 2
12 13 13 7 13 11 8 6 2 1 2 7 14
3 15 4 5 2 4 5 1 2 1 12 6 3
12 12 7 10 1 7 16 14 6 4 15 5 14
15 6 1 1 4 11 7 6 9 12 12 3 3
8 1 7 3 3 9 13 15 5 16 0 9 9
12 9 10 7 5 18 0 2 5 0 7 13 9
1 3 7 6 4 11 12 9 3 6 12 5 0
2 11 0 6 1 18 12 5 6 1 10 6 9
7 8 1 5 9 6 3 0 3 1 2 2 3
3 3 4 0 1 3 4 3 6 2 1 1 3
5 0 3 0 1 6 4 3 3 5 1 2 4
3 9 2 8 2 14 4 2 2 0 1 12 5
6 6 1 13 4 10 8 10 15 0 7 15 11
4 0 8 3 4 8 8 1 3 12 0 8 8
6 0 2 17 5 5 6 2 3 2 1 0 1
4 10 9 5 13 5 4 10 4 2 7 8 11
32 5 3 0 1 5 0 4 1 11 3 19 2
1 3 9 2 4 3 3 2 2 5 2 2 1
12 13 10 2 1 9 3 7 2 3 2 3 5
5 2 1 6 3 6 4 2 1 0 2 5 4
13 8 20 5 15 3 9 6 4 14 5 3 9
2 4 4 0 0 0 10 5 1 0 4 0 5
9 5 11 4 5 6 12 10 4 5 16 4 8
0 0 2 7 9 5 5 3 3 3 10 1 3
2 3 11 6 9 5 6 1 10 0 6 1 7
11 8 5 17 10 4 0 1 17 1 8 2 15
2 4 1 3 5 1 13 1 8 1 2 7 8
0 6 10 13 5 4 19 4 12 13 13 2 1
22 1 6 2 14 7 10 10 0 2 2 12 3
10 15 2 6 3 2 7 14 2 11 10 2 6
16 9 12 5 5 2 4 6 3 1 8 10 5
5 18 5 3 6 11 11 3 1 8 9 9 3
13 0 15 4 0 2 6 9 6 16 7 5 9
5 8 0 2 15 2 2 9 2 1 0 3 3
3 5 4 4 11 11 8 1 2 1 3 8 10
10 1 5 0 4 2 4 10 1 0 5 4 17
1 5 4 6 9 13 5 5 3 3 4 10 0
12 10 5 7 4 9 8 4 1 6 8 3 8
15 5 12 8 11 4 10 4 3 2 2 6 1
17 15 5 1 4 8 13 2 5 4 7 23 4
20 2 4 0 17 7 6 0 8 4 18 1 4
2 4 1 4 3 7 19 20 5 2 12 8 5
1 11 7 2 6 14 2 10 3 8 25 7 1
17 10 2 6 9 14 17 7 15 4 1 5 4
5 11 2 4 2 2 1 4 3 11 12 1 7
0 1 2 4 8 1 1 11 2 0 12 17 5
6 10 0 10 2 9 4 1 7 5 10 9 5
0 0 4 0 3 1 2 4 4 3 5 4 1
1 6 0 1 7 4 1 0 1 4 6 1 3
0 2 6 6 3 6 1 6 2 2 1 3 1
11 6 14 3 2 4 0 18 4 1 4 9 6
18 1 19 5 3 6 11 6 12 1 2 0 4
8 12 4 3 2 5 3 10 5 6 1 5 11
2 7 1 3 4 9 7 2 5 5 13 1 3
20 11 17 6 11 2 1 3 6 16 2 15 9
7 0 1 9 0 9 13 4 2 13 1 5 5
2 8 3 12 1 16 7 4 1 15 1 9 6
2 1 2 2 2 2 12 8 7 4 5 5 10
13 1 5 6 1 3 5 0 12 2 4 4 10
8 8 5 14 8 7 6 17 6 18 1 10 9
8 1 9 2 14 1 0 11 21 2 2 0 2
13 11 2 7 11 17 0 13 9 9 14 9 10
12 8 12 12 2 16 18 0 1 2 0 19 8
14 19 5 6 16 1 3 12 0 7 2 16 11
13 9 2 8 4 2 4 2 2 2 7 9 6
2 5 9 1 4 1 0 1 3 10 3 7 2
9 1 3 0 3 2 2 4 2 5 8 2 4
3 4 5 3 2 1 5 4 1 3 2 0 1
0 6 3 8 8 12 8 12 13 5 8 5 6
6 5 3 2 4 5 3 6 5 4 1 2 2
4 2 9 9 15 4 3 0 11 11 1 3 11
10 2 4 6 1 10 2 7 4 7 1 0 1
0 5 2 0 3 1 7 1 6 9 4 2 7
1 5 6 3 1 12 14 26 13 6 8 4 9
11 8 1 1 1 8 13 6 11 12 5 9 6
5 8 4 13 5 9 7 8 21 10 2 1 15
6 5 8 2 12 19 7 13 5 22 6 3 11
4 3 6 4 7 2 1 2 4 10 2 7 10
2 9 8 2 2 0 3 1 6 9 4 1 6
1 7 1 13 1 2 15 3 8 5 6 4 7
7 11 4 1 9 3 3 2 5 4 10 2 13
10 12 3 6 12 8 2 5 14 4 5 5 17
1 1 4 14 21 3 4 5 6 5 19 3 13
8 1 2 1 7 2 3 2 1 2 5 5 6
3 4 4 3 1 5 0 3 12 2 9 0 1
13 4 10 1 3 6 22 1 3 10 4 1 10
6 2 10 3 4 4 1 3 8 1 11 1 2
4 6 11 4 8 5 4 1 3 0 7 5 6
1 3 1 4 8 4 4 1 5 2 3 13 4
0 5 8 13 2 7 1 12 6 4 11 3 8
6 1 0 15 1 14 2 1 3 2 3 3 10
7 9 5 4 3 3 8 1 19 10 14 1 4
8 9 16 6 10 3 2 8 5 14 2 10 10
3 0 4 6 5 4 2 7 9 13 3 4 6
3 15 5 13 14 4 10 14 1 11 18 5 5
0 4 5 15 5 14 3 1 6 8 5 0 2
7 2 1 2 4 4 8 0 8 8 9 13 5
0 13 0 8 0 4 7 2 3 8 2 12 3
6 1 1 0 6 4 3 1 5 1 1 2 1
8 18 6 11 5 20 4 6 3 6 14 8 5
4 0 6 4 6 7 7 9 1 3 1 1 3
0 1 8 4 10 5 1 2 6 2 0 0 1
4 2 4 3 3 5 1 4 1 1 3 3 2
3 4 6 7 4 6 10 18 3 1 1 3 9
7 7 5 8 6 9 6 3 3 18 7 16 3
10 0 8 8 5 2 6 22 0 9 6 5 17
2 1 0 0 5 7 1 3 2 4 0 4 0
15 4 2 11 10 0 3 26 8 1 1 1 9
11 4 7 3 5 4 4 7 8 4 6 8 9
6 11 1 4 2 12 5 5 1 3 8 2 14
1 1 7 3 7 5 3 2 3 1 1 4 0
5 4 8 8 6 7 6 6 11 15 3 2 9
7 3 3 10 10 2 8 9 9 10 1 4 0
4 6 0 0 2 27 1 4 9 13 4 9 2
4 9 12 3 14 8 9 21 0 1 2 1 18
4 2 4 7 2 1 5 9 6 9 3 3 2
1 3 7 10 8 3 13 2 13 4 8 11 11
1 4 1 6 6 4 0 2 3 6 2 5 2
2 7 2 1 6 1 3 2 6 6 3 3 7
13 2 11 3 3 8 6 2 5 0 1 19 6
4 1 7 0 1 7 0 0 8 2 3 10 7
0 1 1 1 2 4 1 0 8 4 5 8 4
4 2 1 5 7 9 2 7 8 4 7 0 11
7 13 12 7 3 13 7 0 4 12 6 4 9
11 14 2 9 13 12 5 10 6 12 8 14 13
6 3 2 6 6 4 3 6 4 9 4 3 3
1 14 1 6 12 0 10 2 4 2 3 18 3
4 8 9 3 9 11 9 4 7 2 5 0 0
5 9 1 12 9 9 5 14 11 4 4 13 1
2 10 7 8 9 11 5 15 6 11 15 4 16
7 0 6 3 1 3 6 3 1 9 5 3 7
5 5 2 12 6 4 1 7 8 4 7 5 11
17 10 2 4 6 1 10 20 16 15 0 5 6
10 6 4 1 3 10 9 13 4 17 8 0 21
4 6 4 7 5 3 9 8 6 11 4 4 5
7 8 8 5 11 5 2 4 5 9 6 1 8
9 3 5 4 0 4 11 11 6 9 6 8 1
4 8 7 5 1 12 7 1 0 9 8 2 6
5 19 11 14 10 1 4 1 7 7 8 14 4
0 9 4 3 2 4 0 8 3 1 0 0 0
5 1 5 3 4 5 6 4 3 0 2 3 8
9 5 6 1 2 12 2 9 5 8 14 4 2
7 2 2 0 4 7 4 2 1 9 1 2 8
6 12 8 9 13 7 4 2 6 4 4 1 9
4 7 17 2 11 6 13 7 10 14 23 1 4
0 12 7 4 3 2 1 8 5 5 6 6 2
9 1 2 7 2 0 4 4 5 3 0 1 2
6 13 3 8 6 6 15 2 8 6 4 1 10
13 4 2 5 5 4 8 5 6 4 0 4 9
6 1 4 3 3 1 2 0 5 1 1 3 7
5 2 0 5 1 0 2 2 0 5 3 1 7
3 3 1 0 3 9 17 4 7 1 2 6 6
9 8 4 2 1 4 5 0 2 2 1 1 2
2 6 3 4 3 8 1 1 4 6 2 5 6
3 5 0 1 2 1 1 2 4 4 1 4 3
19 3 9 6 8 5 1 18 12 2 7 5 3
5 4 5 3 12 19 14 3 18 6 8 1 2
6 5 1 10 8 7 5 9 3 0 3 0 4
10 5 5 1 1 2 2 5 3 1 2 4 2
9 2 7 1 16 1 3 2 0 5 4 3 4
3 2 7 4 1 8 7 2 8 9 8 5 7
7 1 9 8 24 1 5 5 10 17 2 4 2
7 7 0 0 0 3 8 12 2 1 3 0 6
2 0 5 3 10 3 3 1 15 1 2 0 3
6 6 18 10 2 1 10 3 14 1 13 5 5
1 1 7 6 1 3 0 2 7 0 4 3 2
3 5 1 1 0 4 7 8 10 0 1 9 3
1 0 2 5 1 3 5 2 1 1 5 3 3
5 3 1 0 6 1 9 6 1 4 1 2 2
9 1 4 10 12 1 11 5 6 7 9 5 2
2 9 4 11 3 8 7 10 10 2 5 17 6
0 3 5 5 3 0 2 2 1 1 4 0 6
1 7 0 4 1 1 3 2 2 4 2 0 6
19 12 7 14 10 3 6 0 10 4 2 5 2
4 5 5 7 2 4 2 2 10 7 6 3 18
5 8 1 6 4 7 2 5 3 6 7 9 3
4 6 8 8 13 2 8 8 3 6 3 4 5
10 13 8 6 0 1 5 18 6 14 7 5 15
4 2 0 2 7 6 14 0 6 2 0 1 2
7 3 2 11 10 5 9 3 7 4 11 12 9
1 5 0 6 0 1 3 7 5 1 2 0 8
14 13 6 7 5 1 0 24 4 0 4 13 7
4 7 4 12 1 17 6 12 3 14 14 3 7
6 10 5 6 4 2 5 2 2 1 4 0 8
11 3 8 11 5 9 8 1 0 4 3 1 3
4 21 5 1 14 12 13 1 2 4 3 20 11
7 2 4 9 4 0 2 7 1 4 7 4 2
3 7 14 1 6 2 6 5 3 13 13 8 10
15 11 3 7 8 2 6 6 10 8 4 1 12
3 11 7 5 4 2 14 5 10 7 12 5 2
12 8 1 3 5 1 4 5 4 3 1 7 8
5 15 1 1 6 3 7 0 3 8 2 3 6
5 14 1 12 1 21 5 1 0 4 6 0 15
2 1 2 2 0 9 1 1 7 7 1 1 2
2 6 7 1 6 6 3 3 8 0 4 12 5
7 5 4 2 1 1 1 3 4 3 2 9 1
10 0 18 16 5 11 13 17 3 3 12 12 1
4 2 1 4 8 1 3 7 0 1 6 2 2
5 3 6 10 5 1 1 8 4 6 12 8 1
2 5 6 9 0 7 9 9 0 2 2 18 6
2 7 14 1 11 1 7 19 4 5 11 4 14
8 10 0 11 9 0 14 6 17 6 5 6 17
4 5 1 4 2 6 4 4 7 8 4 5 2
6 1 0 4 2 2 4 6 2 3 2 1 1
9 16 11 6 2 11 4 15 10 17 6 1 8
5 11 11 5 0 8 16 13 3 5 4 5 13
4 3 1 0 1 1 2 1 11 18 7 5 1
1 3 5 6 1 9 2 3 4 6 7 9 9
1 9 1 4 2 1 3 1 1 18 3 10 6
8 3 2 17 0 10 13 17 1 9 16 1 4
3 1 3 8 8 2 4 0 0 11 11 5 0
14 4 0 7 16 10 15 12 1 8 4 16 4
7 8 3 11 10 21 13 5 8 3 5 12 1
7 2 1 4 1 7 6 1 5 6 6 14 3
17 7 5 5 8 1 8 2 14 2 11 2 3
9 0 4 5 4 6 5 9 10 0 0 2 4
7 5 1 0 6 6 1 2 6 7 2 1 2
1 19 4 2 10 2 14 7 8 4 1 0 2
4 6 7 4 6 4 2 3 0 6 1 16 12
4 3 7 5 6 4 1 2 7 0 5 5 1
3 1 2 2 3 5 3 1 6 2 1 2 0
5 8 15 0 1 14 13 2 6 8 11 3 0
3 5 0 13 8 0 13 14 4 15 13 8 13
5 9 1 4 0 2 2 3 5 2 6 4 3
3 4 4 4 2 2 9 3 8 3 8 4 4
11 3 13 13 1 13 4 2 15 18 9 11 11
11 1 8 0 17 17 4 9 1 11 12 10 13
11 1 3 16 0 6 2 3 3 9 1 15 6
1 7 9 1 9 1 3 3 3 5 19 6 2
8 3 8 6 7 4 5 16 10 1 13 6 7
8 2 0 4 3 1 1 0 1 2 2 1 3
2 1 2 4 0 4 3 3 7 4 4 4 1
13 13 3 20 12 12 5 12 15 10 0 2 2
1 7 2 0 3 2 3 2 10 0 4 7 8
12 7 11 1 15 12 0 11 16 7 14 7 1
6 2 1 3 4 5 7 16 1 8 2 10 1
0 1 5 8 5 4 7 9 15 12 9 1 3
7 1 1 2 4 19 12 10 12 2 11 3 0
4 8 5 2 15 16 3 3 6 15 13 11 1
16 5 4 4 1 8 6 4 3 5 5 1 6
16 16 5 0 11 7 1 5 8 3 10 25 10
11 5 7 16 4 8 2 12 7 2 13 2 8
11 16 8 2 4 0 26 12 0 2 5 3 6
13 2 14 10 3 5 4 11 0 5 4 1 9
0 9 2 15 1 15 12 4 2 5 13 7 6
8 8 2 5 0 1 6 1 8 13 9 8 11
3 6 3 1 2 13 4 6 1 1 5 11 9
5 6 3 1 4 2 0 3 3 3 4 7 6
10 6 4 12 6 3 1 5 15 1 9 3 3
1 6 3 4 4 10 1 5 10 7 5 4 13
3 2 6 7 12 8 11 0 3 3 13 14 9
1 13 17 12 1 10 10 7 10 10 4 1 2
13 7 10 0 13 12 7 13 12 12 1 12 8
0 1 4 3 6 0 4 8 1 3 5 3 6
1 1 2 3 3 2 9 5 6 3 5 5 8
3 4 4 7 6 4 9 1 6 13 5 0 6
2 4 3 6 5 4 11 0 5 7 9 0 4
12 4 2 9 3 6 2 5 10 3 11 3 8
2 6 2 3 8 1 1 0 8 7 0 2 7
12 1 10 12 0 11 5 4 6 4 6 2 1
6 4 14 24 14 5 10 2 1 6 1 8 3
5 8 12 11 2 5 6 12 3 2 13 1 20
1 2 2 3 1 7 3 6 2 1 2 10 8
11 13 16 4 4 13 2 11 6 2 6 5 5
3 10 1 18 6 7 12 0 4 1 6 21 3
2 6 0 5 1 12 1 4 14 3 4 4 3
7 1 2 2 5 1 1 7 3 2 6 5 8
8 4 20 12 15 5 10 19 9 6 8 0 6
6 5 1 0 4 2 3 6 1 4 4 2 3
2 1 6 3 3 1 1 0 6 0 2 4 5
6 1 18 22 0 1 13 8 8 9 6 2 5
7 4 11 4 8 1 1 4 11 7 6 1 9
6 6 2 2 5 5 1 10 10 20 2 7 16
1 5 2 15 3 6 14 13 16 1 2 7 4
0 11 8 5 5 1 14 3 3 17 5 2 12
2 3 15 0 6 1 5 1 7 6 2 13 7
3 2 1 1 8 10 8 9 1 12 8 8 9
12 4 2 3 0 9 5 9 0 4 5 2 5
13 12 12 15 7 10 5 7 0 1 9 12 2
0 9 8 9 2 5 1 4 6 5 7 6 2
0 5 0 4 3 2 2 1 2 3 6 1 2
4 4 2 0 0 2 8 1 2 1 3 2 3
6 4 7 10 12 8 9 4 1 4 3 1 11
9 9 3 17 4 14 16 1 11 9 4 8 0
12 2 4 1 3 14 1 2 8 1 6 10 4
1 0 5 8 6 3 7 2 9 5 4 2 1
1 1 7 3 4 10 7 2 7 1 3 0 4
6 10 2 1 17 14 8 2 17 2 5 3 13
12 6 5 8 17 4 17 1 9 4 3 5 1
4 4 4 7 14 7 9 4 2 0 8 4 1
5 10 3 2 6 1 5 0 2 11 11 0 25
5 9 2 7 4 1 1 1 0 1 3 6 2
2 3 17 1 2 10 16 3 9 2 8 1 1
1 0 7 1 5 0 3 1 4 6 1 5 3
15 6 19 10 2 7 10 13 14 8 1 2 5
8 4 5 10 18 7 17 4 9 0 2 2 4
7 11 1 3 6 10 4 7 8 10 5 11 2
5 8 7 1 4 4 2 9 7 2 9 1 2
4 5 1 3 12 9 2 5 14 0 6 8 16
0 2 5 2 0 3 0 3 4 6 3 8 3
4 2 3 2 3 2 4 3 9 4 3 1 4
3 3 6 10 7 13 1 2 6 14 12 17 5
11 7 10 3 16 6 11 14 2 4 15 5 16
9 8 5 19 6 9 1 1 4 0 3 3 2
5 1 6 6 2 1 5 10 7 0 2 1 14
8 11 10 3 5 0 2 3 7 4 3 4 1
0 5 5 2 1 1 4 2 2 0 3 3 3
7 13 4 2 19 13 3 7 13 1 3 4 9
6 15 2 6 5 4 6 4 1 8 1 5 6
20 1 8 13 1 3 10 4 5 9 5 5 16
3 9 4 2 2 1 8 5 3 3 1 3 16
2 0 8 7 6 12 18 1 5 10 6 3 2
5 1 18 9 6 3 11 10 12 18 12 8 11
0 5 10 6 2 11 5 2 13 3 5 10 10
4 7 14 7 5 12 5 8 13 1 1 5 6
3 1 4 5 24 0 1 0 13 7 21 1 9
15 14 12 8 15 11 0 5 4 2 3 3 7
3 3 0 2 4 0 7 0 1 3 2 5 3
3 6 0 0 6 2 5 13 1 2 9 5 10
6 4 13 0 7 13 3 6 14 6 11 14 7
2 7 2 2 1 5 1 15 3 6 1 6 2
13 11 7 1 24 16 6 2 3 1 14 7 2
2 11 5 5 7 5 0 4 3 2 2 6 5
3 7 12 1 7 7 4 13 2 18 1 5 1
3 6 1 1 1 3 5 1 11 3 2 1 2
1 2 9 0 6 2 6 4 9 6 1 2 0
2 1 3 9 0 12 6 8 19 5 5 6 21
1 11 1 2 6 4 5 8 3 6 7 3 9
2 6 6 2 3 3 19 8 8 0 1 9 1
5 0 2 0 5 6 10 3 2 0 6 5 0
6 6 0 11 3 0 19 0 1 9 8 5 2
4 11 3 10 13 1 8 5 13 16 1 6 0
4 1 1 5 3 4 3 4 1 9 2 2 1
4 7 5 3 12 0 5 6 3 17 7 20 8
3 5 5 4 10 10 25 4 15 3 0 12 1
5 1 1 1 1 6 4 0 5 3 1 0 1
14 7 0 1 2 1 3 2 1 4 6 1 1
0 1 6 13 2 10 10 3 8 9 8 0 6
1 5 0 15 5 8 6 4 2 4 11 1 2
3 2 4 2 5 2 2 4 2 4 9 1 3
16 8 9 1 5 1 1 1 4 1 7 5 6
1 10 10 4 9 27 7 10 12 14 5 1 0
3 6 6 1 1 3 1 0 2 1 4 0 4
3 5 2 0 9 7 0 5 9 3 0 6 8
4 18 5 13 11 9 14 7 2 1 9 5 14
6 16 5 2 1 3 1 1 4 10 0 5 11
12 3 4 4 3 6 5 3 1 7 2 4 4
5 5 2 8 8 10 2 11 8 7 0 3 3
3 4 12 6 9 0 8 5 0 13 18 14 4
2 3 5 12 1 1 9 9 4 4 1 5 7
6 8 2 3 10 2 6 0 3 8 8 2 0
0 6 4 13 1 4 11 11 7 10 4 4 4
3 0 12 3 13 12 3 2 5 9 2 4 6
2 4 3 6 4 1 3 4 5 7 5 6 7
6 4 4 11 2 10 3 0 14 14 0 21 5
3 7 15 1 10 1 3 10 12 5 8 11 17
4 1 14 14 3 6 3 1 3 10 16 10 15
11 7 4 3 4 7 2 5 15 10 22 8 2
2 5 2 3 2 4 0 3 1 4 4 1 4
21 3 1 10 3 3 6 11 3 6 3 0 4
3 2 1 1 17 2 17 8 1 7 19 13 3
2 1 7 9 1 1 5 2 0 5 5 5 2
4 0 1 6 1 10 3 4 10 1 0 1 5
9 2 6 9 13 10 5 0 3 4 5 7 9
3 12 0 7 5 4 6 4 11 11 6 9 8
2 9 8 2 8 3 2 7 1 5 7 3 3
2 7 5 3 8 2 6 2 7 2 2 8 4
17 4 1 3 2 5 1 16 7 6 7 19 0
11 2 3 5 11 2 16 5 18 3 8 9 7
7 13 17 10 4 3 11 4 3 1 14 3 15
2 1 4 0 3 5 7 2 1 8 12 7 1
3 0 22 10 23 0 6 6 4 3 16 6 1
2 3 7 6 1 10 5 6 4 6 2 4 1
5 9 11 5 3 19 7 1 2 6 4 11 1
3 6 2 0 10 0 8 8 6 8 8 3 8
9 7 22 12 1 13 0 10 8 3 0 17 13
12 13 5 9 7 7 3 14 11 3 4 12 17
9 3 5 0 10 5 1 3 1 3 0 0 3
1 5 7 4 12 4 10 7 0 14 11 2 0
5 10 7 11 3 9 19 1 5 9 4 12 10
8 7 5 11 0 5 5 5 2 9 2 10 12
7 4 2 3 3 3 6 3 1 2 3 2 1
0 3 9 9 7 14 2 4 3 18 11 3 0
2 18 4 1 1 3 8 5 7 1 4 2 0
5 0 5 2 7 2 11 2 1 4 0 3 3
4 6 0 1 2 2 1 2 4 2 2 6 3
5 2 8 4 1 2 1 1 0 6 6 3 0
5 2 7 11 7 15 8 13 14 0 4 5 15
3 9 4 2 1 3 4 6 6 1 7 5 4
1 3 0 4 3 5 3 6 5 8 2 3 0
2 2 5 10 4 5 2 4 1 6 7 2 6
2 1 1 8 6 5 3 3 2 4 0 2 2
8 7 1 10 4 6 7 4 2 10 7 8 3
5 5 1 1 1 3 2 4 2 1 0 5 2
2 9 2 3 1 1 0 1 1 3 2 2 2
11 9 2 9 9 5 5 7 1 7 3 2 2
1 5 2 4 2 3 1 8 9 6 1 11 7
6 5 10 6 2 5 5 14 21 6 6 13 2
0 6 2 3 9 0 1 2 6 1 7 4 1
0 3 0 11 3 5 11 1 5 8 2 5 7
6 9 8 2 1 5 6 5 16 5 5 2 0
2 0 1 3 2 2 2 1 1 3 1 0 9
3 0 5 1 2 0 7 1 5 1 4 2 3
10 11 6 2 6 14 15 4 5 1 3 12 4
2 1 7 19 14 14 9 4 9 11 1 6 8
3 4 4 1 6 2 9 1 8 1 2 5 3
8 8 2 0 13 4 17 1 10 0 16 4 12
6 7 12 4 15 4 11 2 10 0 3 2 6
6 0 1 14 10 6 17 27 8 3 11 4 2
0 2 5 2 29 1 1 6 18 3 5 2 5
4 2 7 1 2 7 3 19 25 14 4 3 14
6 13 5 11 10 3 6 7 2 3 10 2 7
1 3 3 1 11 0 6 10 3 0 30 3 13
4 2 6 10 8 6 9 5 3 11 4 3 6
2 1 1 1 1 3 5 5 1 1 1 6 2
7 9 2 5 7 1 4 25 8 11 4 8 11
5 6 10 5 9 2 6 2 5 1 3 0 0
2 3 2 6 2 2 1 6 7 0 6 3 6
5 14 5 4 1 4 0 0 2 3 5 9 1
2 7 4 1 11 18 9 6 14 8 17 0 1
1 4 1 5 2 1 4 4 5 7 3 3 2
22 10 17 4 10 4 17 1 11 5 5 1 11
3 2 3 20 1 5 3 1 1 4 0 3 2
12 3 20 4 11 11 3 6 8 4 7 20 6
4 7 8 5 24 16 13 7 2 8 8 2 9
0 3 24 2 6 11 13 0 6 15 7 5 3
9 0 4 7 4 7 10 6 5 16 23 0 10
18 1 0 3 1 2 2 7 12 16 5 3 1
6 22 1 14 8 6 14 16 1 1 4 3 11
4 3 3 5 14 9 6 1 6 6 6 1 4
4 0 6 4 2 6 4 4 13 1 1 2 2
0 2 3 0 3 5 3 1 1 1 0 7 3
5 7 14 21 1 9 8 4 15 3 15 4 5
6 9 2 1 12 9 0 10 12 6 1 21 5
4 9 6 0 6 0 1 1 1 1 6 6 3
4 2 15 10 8 22 2 9 10 9 11 7 5
8 11 4 1 19 1 3 14 9 2 2 20 14
6 13 1 28 12 4 7 8 1 15 4 3 3
6 2 4 1 4 5 9 4 9 6 3 2 17
5 6 13 9 3 0 2 1 8 6 8 8 4
3 2 4 7 7 1 0 7 8 11 14 9 8
6 3 10 6 6 7 5 7 8 7 0 5 1
5 13 1 13 5 5 11 17 9 3 12 10 1
1 1 1 3 4 1 0 1 0 2 1 0 11
1 1 1 2 0 0 6 7 2 4 5 0 3
1 7 5 1 4 2 3 7 0 0 1 4 1
5 2 2 2 3 5 5 3 2 2 3 2 7
1 4 2 10 1 3 4 1 5 10 3 10 2
4 19 6 9 12 1 2 5 3 9 7 1 1
5 0 6 1 13 12 10 4 8 14 1 3 18
10 3 1 13 10 5 4 5 7 2 7 12 10
1 6 10 13 5 1 10 7 7 1 13 7 1
16 1 3 14 8 9 10 1 12 12 1 4 12
4 5 1 8 2 6 1 5 1 4 1 2 9
1 3 6 9 3 0 20 16 2 7 17 14 12
3 6 6 10 7 7 13 9 6 8 5 3 9
2 25 3 19 5 10 2 10 6 5 12 1 2
3 20 12 2 12 9 7 17 11 13 11 4 8
6 11 9 6 0 10 5 1 8 8 5 7 7
1 1 12 7 7 7 1 8 3 6 1 16 12
17 1 6 11 15 10 11 11 2 0 2 8 13
6 13 5 23 16 3 1 6 13 3 10 3 4
15 8 11 4 1 1 1 4 1 11 7 3 3
5 0 6 2 1 4 2 2 3 7 4 1 2
3 17 12 0 4 1 11 14 3 1 2 5 9
2 4 4 2 1 2 2 2 2 3 3 7 1
1 3 3 3 2 1 3 2 1 5 3 1 8
14 9 3 3 15 19 0 15 13 10 0 1 9
12 1 12 3 12 7 5 11 1 6 1 0 10
7 3 5 3 4 6 5 0 6 2 5 8 3
6 7 4 9 22 4 0 19 4 3 1 2 19
3 0 9 4 6 5 0 5 5 4 11 4 4
3 2 5 17 3 0 7 2 4 3 2 5 8
6 10 7 8 4 13 6 6 5 6 0 9 1
1 2 2 7 0 4 2 4 5 2 5 2 3
22 21 4 10 5 5 15 2 6 1 4 3 9
4 0 3 1 2 1 1 7 6 2 3 4 1
5 1 1 10 4 2 3 3 7 5 4 3 1
2 17 9 1 7 4 10 14 22 12 5 2 5
8 3 14 11 3 11 9 8 8 11 5 3 13
3 8 8 4 7 0 1 5 7 3 2 5 10
11 1 4 11 3 2 8 3 4 3 3 2 5
0 5 4 8 1 6 0 7 5 1 6 1 2
8 3 5 7 13 2 4 3 7 0 5 5 10
6 10 3 14 1 3 1 1 2 3 6 8 3
7 2 5 8 2 14 13 4 14 14 20 6 14
6 6 1 2 1 4 1 1 5 1 0 1 1
14 3 1 5 7 15 1 8 3 6 5 4 15
2 0 0 3 1 1 5 1 3 4 5 1 4
10 7 19 1 1 3 18 2 8 11 15 9 11
5 10 11 5 2 6 7 3 1 5 4 2 9
5 8 3 1 2 1 7 1 1 1 2 8 3
1 2 0 3 2 4 1 8 9 6 4 18 12
3 10 12 16 3 10 0 7 1 16 2 8 5
3 6 7 7 5 1 3 3 5 2 7 1 8
5 16 18 2 7 8 5 0 2 12 11 3 9
4 1 2 3 0 5 4 2 4 1 0 2 3
2 5 0 5 3 1 1 1 5 1 0 2 2
4 2 3 5 3 3 6 4 2 1 2 1 4
4 15 6 15 1 0 3 3 6 0 2 2 7
3 3 2 2 8 1 1 1 2 3 4 1 2
7 17 4 10 11 12 4 1 2 17 5 6 14
1 3 11 11 10 6 3 6 7 20 3 4 13
2 18 6 4 10 14 0 8 2 1 0 16 11
15 3 4 24 8 0 1 1 21 6 14 2 2
3 2 2 4 5 3 2 3 3 5 2 1 1
0 5 2 4 0 3 1 5 3 0 8 6 1
17 8 4 1 14 1 9 1 14 12 2 1 20
5 12 2 4 8 1 7 12 4 9 2 11 9
8 4 2 0 1 1 10 5 5 6 1 3 2
3 1 4 1 2 3 4 9 3 3 8 2 6
4 5 11 4 8 7 4 5 1 1 2 9 1
5 14 6 4 14 3 11 3 20 1 4 3 11
7 4 2 2 4 0 2 1 6 1 6 9 9
9 4 2 4 2 4 2 4 2 3 8 2 9
1 19 3 14 6 2 0 13 1 5 11 4 6
9 1 0 2 2 6 7 5 0 0 14 2 5
2 6 10 6 0 3 2 7 1 1 9 5 5
4 2 2 6 1 6 1 1 8 3 8 7 1
7 2 2 5 2 8 2 8 15 18 11 17 15
1 3 6 4 0 5 6 4 9 1 2 4 2
3 10 8 9 3 0 4 5 8 8 1 4 3
6 2 6 8 20 3 2 1 1 20 2 4 2
1 2 2 3 4 2 4 4 2 6 3 3 2
19 13 19 9 4 14 0 1 11 6 7 3 7
4 6 4 8 0 1 4 2 4 1 7 3 1
4 1 9 3 13 3 10 10 15 0 9 12 6
9 10 2 2 2 2 16 9 7 1 6 5 2
3 1 24 7 2 2 12 1 20 9 4 0 10
3 0 13 14 8 4 4 8 8 2 7 3 6
11 2 18 6 1 12 16 7 12 4 8 7 8
3 0 2 0 1 2 3 8 2 1 1 4 1
8 5 10 21 2 8 15 2 5 2 13 5 1
3 6 16 0 0 5 6 1 2 1 2 4 3
4 12 6 7 2 2 4 14 1 1 9 3 1
2 2 0 2 7 1 7 6 1 0 3 8 0
0 10 16 0 0 2 9 7 13 13 3 4 3
13 12 9 7 3 16 19 6 11 2 0 3 6
0 11 9 2 1 2 9 16 8 15 3 13 10
2 6 9 3 10 7 11 7 9 12 0 4 7
1 3 7 3 8 9 0 10 8 1 23 15 8
7 6 15 6 5 1 3 5 10 8 10 9 4
6 7 15 10 16 2 3 3 6 11 9 6 11
3 3 7 11 5 6 4 13 10 5 6 6 8
2 1 4 1 1 2 7 0 9 1 0 6 0
8 14 8 18 3 4 9 15 13 7 8 16 8
13 3 2 3 2 8 2 4 11 1 5 2 1
1 14 8 5 5 0 1 0 12 15 3 7 10
12 7 8 8 8 15 23 1 6 13 11 6 7
0 3 5 4 5 2 6 8 10 2 9 5 2
8 4 1 1 1 1 0 1 4 1 2 1 8
3 9 2 2 3 7 6 10 14 1 8 5 19
11 8 11 8 4 13 8 2 3 7 7 13 10
10 2 2 1 11 8 4 7 4 12 11 9 12
6 13 5 1 17 3 11 23 7 9 4 9 1
12 5 7 1 13 2 6 3 2 3 12 17 16
7 0 0 2 0 6 1 1 3 4 5 3 4
15 9 2 8 1 11 11 14 10 4 6 6 5
16 5 4 3 2 6 6 9 15 2 4 16 1
3 13 1 14 1 5 5 7 16 11 7 4 6
4 7 1 2 1 3 1 7 4 1 1 1 7
0 6 6 7 1 3 1 0 3 1 1 7 1
4 1 1 5 2 4 0 3 1 3 4 4 5
11 2 2 7 5 13 7 1 0 6 11 1 5
1 3 1 2 7 3 0 3 0 2 3 3 4
3 4 13 11 8 19 14 7 5 4 2 6 5
12 8 18 1 5 5 1 10 4 7 4 9 5
7 6 2 7 4 3 4 3 7 2 2 0 1
3 3 16 7 0 4 6 19 23 1 3 3 16
8 2 2 4 16 15 16 3 9 1 7 2 2
0 5 0 9 2 9 10 5 2 1 6 2 6
6 4 3 1 4 0 5 5 5 3 4 1 4
11 4 10 9 5 18 8 1 15 0 1 15 14
5 4 0 6 2 3 20 12 5 7 11 3 1
6 6 14 9 6 9 14 3 6 0 15 3 9
1 2 9 3 2 5 4 5 9 1 1 2 2
9 1 5 2 6 14 15 14 14 10 13 5 5
3 0 4 1 3 2 0 3 3 6 6 2 4
17 11 6 10 9 8 15 8 11 8 9 5 9
6 3 2 0 5 3 7 9 1 1 7 2 2
2 13 6 3 4 0 3 10 9 12 10 1 7
12 16 2 9 2 9 6 3 1 0 2 4 10
4 15 6 3 4 10 5 2 1 4 3 6 9
3 6 3 0 4 13 4 7 1 1 2 2 2
4 3 5 5 4 1 2 9 10 2 1 2 4
4 3 16 0 5 2 3 13 15 11 1 4 5
1 3 1 1 2 2 1 8 3 6 1 4 1
2 12 14 7 4 10 3 11 22 6 10 3 1
7 3 6 2 0 4 7 3 2 1 1 6 2
8 2 3 2 2 3 0 2 1 5 6 8 12
0 2 2 1 10 9 1 6 4 6 5 3 2
3 2 2 5 10 10 6 1 1 5 3 3 3
10 0 6 8 2 6 3 1 3 1 4 2 1
28 10 4 20 1 0 2 0 11 9 0 6 9
7 4 8 10 2 19 8 2 4 11 17 9 1
2 0 2 11 1 12 1 8 3 3 14 11 10
12 1 10 3 0 4 2 7 8 13 8 17 4
1 10 5 5 1 4 4 3 0 1 1 8 5
19 3 3 15 2 10 10 3 3 8 1 12 9
4 3 6 0 6 2 22 2 6 2 2 5 2
3 0 13 3 0 4 4 3 2 5 10 13 8
1 4 5 9 4 11 2 5 1 13 6 13 16
1 3 1 7 7 9 2 4 2 1 3 0 1
5 5 0 3 5 7 1 6 6 12 1 7 9
2 9 4 0 5 4 4 7 7 3 1 4 1
1 9 14 7 10 10 19 3 2 8 14 5 3
0 8 21 8 17 2 10 7 12 6 7 3 8
3 2 2 1 4 2 0 5 7 17 11 0 1
8 3 3 2 9 1 2 5 9 5 12 9 14
3 6 5 4 0 6 1 1 4 4 3 2 10
1 7 2 0 1 0 2 5 3 3 2 1 1
10 7 4 11 15 1 12 8 17 5 7 3 3
12 2 8 12 22 1 7 19 1 6 10 14 4
9 8 5 9 8 11 14 23 4 1 14 1 3
18 19 4 2 10 13 3 5 7 0 2 2 6
5 1 7 12 14 6 3 3 1 7 11 11 12
8 7 14 9 1 5 2 5 1 2 5 0 1
1 11 8 4 1 10 5 1 3 3 17 1 5
2 9 7 17 19 11 4 7 7 11 11 8 8
13 14 4 1 6 9 2 11 20 2 4 5 0
0 2 15 8 17 15 15 11 7 4 5 5 12
5 28 6 1 2 12 7 7 5 4 3 8 4
1 8 18 16 11 2 3 7 4 16 6 2 1
4 4 12 3 9 7 1 7 5 5 5 2 1
8 6 11 3 2 4 10 7 2 4 13 7 4
6 4 4 1 7 2 9 7 2 0 8 12 5
4 0 1 0 3 5 6 4 3 3 0 5 5
11 12 2 1 0 6 8 6 1 3 10 15 11
6 1 14 6 15 11 7 4 13 19 1 11 4
9 2 18 9 18 10 5 6 1 6 2 9 18
1 7 3 0 1 6 6 2 7 8 2 3 4
1 8 1 8 2 0 2 1 4 7 12 3 10
3 3 8 8 4 15 14 6 17 4 2 14 8
5 7 2 1 3 2 1 7 1 1 6 9 6
17 4 10 0 15 1 9 8 3 9 10 4 11
4 15 1 11 2 14 3 5 3 8 14 1 2
4 3 1 3 5 1 10 8 12 15 10 3 3
5 7 1 2 13 11 5 14 6 6 2 1 1
9 7 2 4 2 6 0 1 7 12 11 6 9
1 4 3 2 2 4 1 3 7 2 1 8 4
1 0 3 1 1 1 1 1 1 1 10 1 3
4 3 4 5 2 6 3 12 3 13 0 14 7
0 1 2 1 4 1 2 0 4 5 1 6 5
13 1 0 9 6 8 11 8 10 14 10 5 10
3 1 4 0 3 0 6 8 4 2 3 0 2
8 18 5 2 9 8 17 14 12 13 3 1 5
1 3 0 6 2 0 2 3 1 3 1 6 1
3 1 2 1 3 4 2 0 4 3 5 0 0
3 2 1 1 3 4 5 3 0 4 6 7 6
1 5 1 4 0 1 2 4 3 2 5 5 2
1 2 1 4 0 1 5 4 3 5 3 2 1
1 2 2 1 3 5 16 10 3 4 7 4 6
2 5 2 1 0 1 5 2 0 2 5 2 3
2 2 8 5 3 1 2 4 0 6 3 3 0
4 4 3 6 7 3 1 1 2 3 6 9 0
4 2 3 9 12 2 3 8 1 0 1 9 5
8 1 3 7 13 17 9 2 3 4 17 9 2
4 1 4 3 3 9 17 1 13 1 9 6 7
5 6 0 2 9 5 5 2 8 2 3 3 7
4 15 9 2 11 15 3 1 15 7 14 1 8
2 12 11 6 1 17 11 7 1 2 1 3 5
6 4 4 11 1 2 4 2 12 6 7 1 4
2 1 1 5 5 1 1 0 2 1 3 6 6
11 10 21 13 4 2 4 21 1 2 2 11 6
4 5 3 1 7 10 3 2 14 3 3 9 8
1 3 2 4 7 6 6 4 1 2 1 2 3
8 4 4 1 7 4 2 10 4 6 8 11 8
7 2 6 7 10 1 15 2 5 9 7 10 3
1 7 0 11 7 0 4 5 8 6 4 3 2
4 6 2 4 3 10 5 10 6 1 2 2 4
4 5 9 0 13 3 1 9 0 2 11 6 6
10 9 3 16 17 1 2 11 1 8 3 17 0
3 15 8 5 3 15 10 17 6 0 19 4 14
1 1 4 9 3 2 5 1 11 2 10 4 2
4 13 1 13 11 9 2 2 1 7 4 2 10
4 3 3 2 8 2 5 2 4 8 8 8 6
8 4 4 6 14 3 3 15 3 5 16 21 10
1 2 15 9 6 14 3 8 1 12 2 5 2
2 5 11 13 4 4 8 20 11 9 5 11 10
18 6 8 11 9 15 4 5 13 8 14 4 4
5 3 2 19 5 17 24 10 1 4 8 11 0
11 3 6 6 12 2 5 5 17 2 5 7 3
5 10 9 14 5 1 4 6 8 5 12 6 7
2 3 6 6 3 2 3 0 4 4 13 3 14
8 9 9 1 3 5 8 6 4 9 5 1 3
3 7 7 7 7 11 1 3 1 4 1 5 3
3 4 4 4 4 1 2 1 3 1 2 5 4
3 0 2 3 11 7 9 13 6 7 5 4 5
2 5 5 6 2 1 0 5 7 3 13 5 1
6 11 11 18 4 14 15 16 11 6 6 6 8
3 8 3 11 23 3 8 16 1 16 16 4 1
3 0 2 3 11 5 1 4 2 12 1 12 6
2 18 11 18 12 12 1 6 15 5 10 1 2
8 3 17 4 5 1 0 5 22 1 2 3 5
2 9 5 2 4 7 0 11 1 1 7 10 7
9 1 6 8 15 6 4 2 12 10 4 8 7
14 3 7 19 0 3 7 16 12 14 17 7 1
3 5 24 4 9 6 2 6 17 12 4 3 5
4 1 1 9 7 0 0 9 4 3 2 6 5
0 4 2 2 18 5 3 4 7 7 14 7 3
1 16 1 1 5 15 13 1 19 7 11 4 8
1 3 5 1 2 3 2 1 7 1 0 6 4
9 6 1 2 12 7 1 11 17 8 3 0 7
9 4 10 2 1 4 4 4 11 1 9 3 5
8 5 10 8 6 6 0 4 7 5 1 8 10
4 3 13 9 4 11 4 11 12 4 11 6 7
2 5 8 12 18 1 4 27 7 7 9 3 4
9 10 15 3 8 22 3 0 10 17 5 4 14
13 14 4 5 2 15 2 1 1 7 13 12 3
7 4 2 17 4 16 10 10 7 6 10 1 14
4 6 2 7 22 9 7 17 1 11 4 19 1
6 11 3 14 13 4 5 7 4 6 6 8 4
4 6 5 8 5 5 4 0 10 9 2 3 2
5 1 2 5 0 6 1 3 1 0 6 5 3
17 6 11 6 3 18 1 1 7 3 5 12 14
1 14 13 8 8 1 5 6 11 1 15 14 4
3 9 8 18 8 19 2 8 6 13 0 6 10
3 2 7 1 4 5 7 13 12 9 14 7 5
3 1 3 12 1 2 11 2 10 1 3 2 1
2 2 4 8 0 7 2 2 1 2 2 1 2
18 3 4 5 4 10 2 6 3 4 2 9 8
16 1 4 6 14 7 3 4 1 3 9 11 1
2 2 14 6 5 4 14 2 1 3 14 2 3
0 4 0 5 5 1 5 4 2 4 0 5 4
2 3 2 1 2 0 3 3 2 6 4 2 4
1 3 9 1 3 6 5 3 2 5 10 10 11
3 6 5 3 1 6 0 4 6 2 11 0 7
8 1 5 9 3 17 3 2 2 11 4 3 9
3 12 6 7 8 6 1 2 1 2 6 1 10
0 4 9 8 1 1 0 3 4 1 0 3 5
15 2 3 13 2 7 14 12 4 13 11 8 1
4 1 3 3 2 7 4 0 2 2 2 5 3
3 3 3 0 6 8 2 2 0 3 0 0 0
4 9 3 9 10 6 3 8 7 7 0 7 13
1 1 4 12 3 10 6 1 0 3 3 5 3
3 6 1 2 2 6 5 1 10 8 13 4 0
3 17 3 4 17 7 13 6 5 8 2 5 6
1 2 0 8 1 3 1 4 1 5 2 1 2
15 15 2 5 3 13 3 5 15 1 14 9 17
5 7 2 8 7 1 2 11 9 9 5 6 10
16 11 2 0 3 8 10 3 9 17 8 7 13
0 4 1 1 2 1 7 2 2 4 0 4 1
3 0 0 3 4 0 8 20 2 9 4 4 15
1 2 1 3 5 0 3 5 3 0 0 6 3
13 13 22 1 0 7 2 7 21 1 10 2 3
2 5 9 2 1 2 1 0 4 0 8 0 1
7 16 5 11 3 7 3 1 2 10 9 4 1
14 15 7 2 8 0 9 0 9 1 0 4 2
10 9 14 8 20 3 11 14 1 8 13 8 7
4 1 1 7 4 13 1 0 5 5 2 0 3
2 0 7 6 4 27 5 3 2 10 18 1 4
4 6 1 1 2 1 2 4 3 1 4 3 1
8 2 7 12 7 4 3 8 5 4 18 5 1
1 4 7 4 9 9 10 0 3 0 11 20 17
7 5 2 3 11 7 3 6 10 4 2 0 15
1 2 7 0 3 0 2 12 7 4 7 7 3
0 2 6 6 11 15 10 6 2 2 10 3 1
4 0 6 4 5 1 1 2 3 2 1 3 2
3 5 9 2 7 3 13 4 6 14 12 2 8
4 5 7 1 8 3 9 1 8 0 1 5 2
7 16 2 4 7 12 8 7 4 1 0 17 5
4 12 7 4 2 7 2 4 5 13 1 14 11
7 7 0 14 9 7 7 22 12 4 6 5 6
9 3 3 11 4 0 1 12 6 2 9 4 0
8 8 1 11 11 17 12 10 1 3 17 5 6
13 4 3 3 2 22 6 4 10 1 3 2 22
10 7 9 1 16 1 2 10 4 11 20 11 1
7 6 5 4 7 4 4 1 6 8 2 1 11
1 8 0 1 2 5 3 4 3 1 0 2 0
0 5 2 2 5 1 2 2 4 0 4 1 3
1 4 0 8 5 29 8 3 0 6 11 4 14
5 4 1 4 5 3 10 1 5 4 1 5 4
20 10 10 2 7 14 7 2 16 3 12 13 3
6 23 0 2 2 16 20 13 1 8 7 4 7
8 2 3 17 2 3 1 5 2 2 5 3 2
6 1 1 4 3 1 3 3 5 2 0 2 1
2 0 5 1 5 2 3 1 6 1 11 10 9
2 2 3 4 0 4 6 4 5 2 4 2 2
9 9 5 2 14 2 9 7 15 4 13 15 9
5 20 2 3 6 9 4 11 9 12 23 4 6
1 3 6 2 9 2 1 7 1 0 8 0 3
12 11 3 3 8 8 1 7 6 0 8 7 10
14 4 0 6 5 14 3 9 9 11 2 18 1
7 7 7 8 4 1 4 3 1 5 18 8 17
7 3 10 17 14 9 3 10 12 2 6 7 6
3 5 8 6 2 1 2 4 2 1 1 3 2
4 0 2 3 4 5 5 3 4 7 4 2 6
4 2 5 25 0 7 4 4 21 1 7 7 5
6 1 5 7 3 10 1 5 4 4 0 6 3
10 10 5 14 8 14 12 3 3 5 8 3 20
1 7 7 4 3 1 14 7 0 8 0 10 12
9 21 12 6 5 15 11 2 3 1 8 2 9
9 1 5 2 3 3 4 12 1 3 2 3 3
2 0 10 3 7 4 0 4 2 3 1 1 8
5 2 17 6 1 1 19 8 4 5 5 8 3
3 7 6 7 7 6 2 14 5 2 9 2 2
2 3 3 10 2 1 5 5 2 6 1 1 11
1 3 1 20 5 14 0 9 2 5 0 2 15
3 2 0 5 1 4 14 11 7 6 11 2 1
3 21 2 4 3 7 17 6 5 5 7 4 9
4 4 7 9 4 5 6 1 6 10 5 6 4
1 7 7 6 1 7 5 0 7 11 5 3 9
3 4 4 5 7 2 3 5 6 1 0 2 3
16 6 2 2 7 10 6 11 7 3 0 9 4
2 5 6 5 3 1 2 4 17 0 6 3 3
1 7 7 29 12 5 2 5 11 10 6 12 4
2 3 6 6 5 12 7 4 3 2 11 17 8
3 8 6 0 0 2 9 10 10 9 8 2 5
3 9 13 10 5 8 2 6 0 6 9 6 5
16 8 5 2 14 2 15 4 20 3 6 6 1
2 5 4 5 3 6 1 2 7 6 3 10 1
4 2 3 2 3 5 3 1 0 1 2 3 7
3 8 9 3 2 10 8 25 4 13 9 13 6
5 2 2 0 2 6 1 3 4 2 2 2 2
1 10 6 6 6 14 3 9 10 5 9 5 4
3 3 9 1 1 9 5 11 2 3 4 2 1
12 2 7 8 9 0 4 21 1 8 3 8 7
2 3 2 4 3 6 1 2 0 9 6 3 3
5 15 4 24 1 7 7 0 6 14 3 8 10
3 9 3 1 0 9 5 6 6 9 2 2 4
2 9 14 9 25 7 3 8 5 8 4 2 9
4 4 3 1 6 0 3 5 1 8 1 2 1
4 5 3 0 1 5 1 4 3 3 4 0 0
6 11 6 13 9 4 5 10 3 6 1 8 0
2 3 9 3 6 4 0 8 1 5 3 0 4
1 2 0 4 2 2 2 8 2 1 5 6 3
3 0 13 7 4 2 3 1 1 4 2 0 0
0 5 4 9 4 4 1 2 2 5 6 6 4
4 9 4 20 24 5 1 2 3 1 6 6 15
6 6 5 13 3 1 4 2 6 0 7 5 4
3 2 14 10 2 26 7 6 9 10 3 8 12
1 2 3 1 1 2 9 3 3 5 16 9 9
0 6 1 2 6 3 18 16 1 3 1 9 2
10 16 18 3 1 18 7 8 4 2 12 3 13
2 1 4 3 7 0 0 2 2 2 2 5 1
0 3 4 2 3 3 4 0 8 8 1 1 1
0 3 1 1 0 6 4 3 3 1 5 3 4
1 10
1 20
1 53
1 77
1 97
3 73
4 99
6 28
6 44
7 14
7 52
7 75
10 89
10 98
10 105
11 40
12 102
13 26
13 43
13 48
14 60
16 71
16 81
16 86
16 87
17 22
17 40
17 98
18 70
19 116
20 40
20 72
22 33
22 40
22 115
23 119
24 30
24 37
24 38
27 29
27 118
28 122
29 102
30 58
30 83
30 85
30 98
31 50
31 123
32 107
32 115
34 48
34 73
35 116
36 65
36 95
37 132
37 137
38 39
38 104
38 117
38 130
39 52
39 61
39 99
39 108
39 115
40 108
41 78
41 84
42 57
42 66
42 76
44 51
44 100
44 138
44 143
45 58
47 51
47 105
47 126
49 123
50 65
50 133
51 78
51 97
51 125
52 75
52 79
54 81
54 104
54 142
55 68
55 89
55 128
56 152
58 146
58 158
59 80
59 124
60 146
63 137
64 79
65 144
66 125
67 106
67 165
69 113
69 164
70 92
70 145
70 170
71 75
71 113
71 167
74 86
75 150
76 97
76 117
76 162
78 80
78 152
80 122
80 140
81 126
81 152
82 171
82 174
83 142
84 114
84 132
84 174
85 117
88 93
88 127
91 141
91 172
92 113
92 135
92 139
92 152
92 191
93 162
94 122
94 167
97 113
97 153
98 100
100 194
101 124
102 113
102 150
102 156
102 166
102 188
103 107
103 125
103 182
104 151
106 128
106 190
109 159
110 200
111 148
113 119
113 186
115 133
115 140
119 155
119 189
120 123
120 189
121 165
121 188
123 193
124 148
124 170
125 132
126 171
126 177
126 199
127 149
127 178
128 180
130 207
131 146
131 160
131 171
132 228
133 202
133 222
134 210
135 154
135 166
135 221
136 202
136 236
137 218
138 155
139 180
140 220
141 176
141 234
142 177
142 189
142 213
143 168
143 178
143 193
144 175
144 190
144 211
145 176
147 167
147 171
148 161
148 214
148 233
149 160
150 217
150 219
150 231
152 184
152 198
153 213
153 220
153 231
154 174
154 180
156 180
156 218
156 223
157 158
157 252
159 175
159 239
160 178
161 239
162 203
162 238
162 239
163 204
164 169
165 241
167 195
167 203
167 248
167 253
168 198
168 236
169 188
169 204
170 183
170 193
170 210
170 216
172 198
172 213
174 203
175 223
176 244
177 214
177 244
177 263
177 275
178 199
178 200
178 252
178 254
178 268
179 205
179 213
180 213
180 217
181 243
182 231
184 202
184 217
184 254
185 209
185 270
187 234
187 238
187 246
187 257
188 195
189 191
189 206
189 233
189 243
189 261
189 279
190 223
191 237
191 239
192 197
192 279
193 205
194 274
195 292
196 250
196 252
197 217
197 252
197 284
197 296
198 201
198 216
199 291
200 221
200 233
201 225
202 270
203 292
203 294
204 279
204 291
205 302
206 256
206 282
208 259
209 237
209 279
210 295
211 236
212 244
212 253
213 216
213 265
215 238
215 250
215 276
216 287
217 240
218 232
218 248
218 260
219 245
219 260
221 254
221 265
224 240
224 277
224 284
225 261
225 275
227 286
227 289
228 229
228 281
228 325
229 231
229 329
230 245
230 264
231 241
231 251
231 301
231 308
231 318
231 321
233 259
233 269
234 286
234 318
234 321
235 249
235 285
235 327
236 318
237 312
238 240
238 271
239 308
239 312
239 329
239 333
239 335
240 312
241 293
242 262
243 317
243 337
244 319
245 295
246 338
247 284
248 285
249 304
251 277
252 267
253 334
254 328
255 264
256 335
257 306
257 334
257 355
259 305
259 322
259 334
260 274
260 304
263 338
263 359
264 326
265 353
266 284
266 323
267 296
267 317
267 335
267 365
268 359
269 315
270 328
271 309
271 312
271 364
273 372
274 282
274 333
274 335
275 316
275 329
277 361
277 375
280 311
281 339
282 285
283 299
283 318
283 366
284 322
284 350
284 383
285 351
285 369
286 343
286 354
288 320
289 370
290 299
290 331
290 346
290 353
292 298
292 318
293 340
295 360
296 380
297 299
297 318
300 359
302 401
303 308
303 371
303 389
305 336
305 341
308 389
308 404
312 350
312 408
313 399
314 318
315 327
315 341
315 374
320 336
320 418
321 352
321 376
322 338
322 408
323 353
323 377
323 407
324 374
324 396
326 338
326 353
327 391
328 333
328 402
329 403
330 366
331 376
331 404
333 370
334 391
335 348
336 382
337 362
337 400
340 355
340 388
342 377
342 380
342 424
342 436
343 413
344 349
344 372
345 391
345 440
347 407
348 391
348 399
348 411
348 440
349 385
349 404
349 406
350 362
350 366
351 391
352 362
352 386
353 396
353 418
354 362
354 453
355 445
355 451
356 369
356 428
357 409
358 377
360 373
360 443
361 372
361 398
361 435
362 417
363 375
363 393
364 413
365 401
366 461
367 449
369 400
370 376
370 430
370 433
370 460
371 407
371 426
372 373
372 405
372 435
373 387
373 408
373 409
373 434
374 391
374 470
376 450
376 459
377 421
378 401
378 441
378 477
379 388
379 447
380 441
380 475
381 399
381 405
382 423
382 459
383 446
383 461
383 471
384 465
385 438
386 401
386 409
387 425
388 479
389 485
391 404
391 413
391 423
391 438
391 458
392 418
392 434
393 408
393 426
393 452
393 485
394 433
395 400
395 401
395 492
395 493
396 467
396 486
397 417
397 418
397 467
397 471
398 417
398 454
399 402
401 473
401 480
402 409
402 413
405 472
405 498
406 419
406 447
408 484
409 447
409 486
410 433
410 448
410 462
410 485
412 452
413 415
413 471
413 510
414 507
415 460
415 484
416 456
416 507
417 425
417 490
417 507
418 498
418 500
421 461
421 468
421 483
421 501
422 453
422 456
423 513
425 458
425 473
425 512
426 507
426 513
427 505
428 438
428 488
429 460
430 493
431 439
431 447
432 502
433 484
434 438
434 469
434 493
435 437
435 442
439 476
439 505
440 443
440 450
442 483
444 512
444 534
445 524
445 531
447 453
447 470
447 523
448 484
448 489
449 468
449 509
449 522
450 466
450 481
451 531
452 467
452 478
452 526
452 535
453 503
454 463
454 503
455 465
457 535
457 539
458 480
458 499
458 516
460 477
460 531
461 514
461 525
462 514
462 524
463 477
465 491
466 471
466 537
469 481
469 568
470 475
470 527
472 554
474 509
474 557
475 548
476 482
477 501
478 568
479 520
479 553
480 572
481 580
482 571
483 494
484 567
485 486
486 515
486 522
486 523
487 575
489 559
490 518
490 526
490 528
490 532
491 495
493 501
493 540
493 557
493 586
494 500
495 532
496 527
496 570
499 553
499 570
499 598
499 599
500 538
501 533
501 589
501 601
502 513
502 570
503 565
504 564
505 594
506 512
506 555
506 593
507 570
509 511
509 600
511 571
512 565
512 597
513 531
514 604
515 535
515 602
517 594
518 526
518 559
518 609
519 563
519 593
519 598
519 616
520 620
521 581
522 531
522 550
522 556
523 555
523 596
525 620
525 622
528 534
529 553
530 537
530 551
530 557
530 594
531 587
531 631
532 555
534 603
535 552
535 621
536 552
536 585
536 618
537 598
538 594
540 581
541 552
541 591
541 606
542 624
542 637
543 584
543 621
544 624
545 628
546 558
549 608
549 622
551 649
552 603
552 643
553 573
554 569
555 582
555 629
556 563
556 604
557 563
557 615
558 603
558 618
558 642
558 656
559 630
559 640
560 587
561 571
562 603
562 615
563 571
563 618
563 645
564 568
564 606
564 624
565 587
565 599
565 610
566 594
566 652
567 605
567 634
567 637
569 618
570 604
570 662
571 572
571 663
572 609
572 665
573 614
573 661
573 664
575 621
575 638
575 652
576 658
577 645
578 599
579 601
580 582
580 664
581 598
582 609
582 630
582 644
582 674
583 593
584 586
584 600
586 589
586 615
586 651
588 672
590 618
591 668
591 671
592 658
592 680
593 625
593 647
593 663
595 656
595 689
597 639
597 675
598 629
598 638
599 600
599 686
600 650
600 681
601 631
601 696
601 700
602 694
602 701
604 611
606 627
606 660
607 616
607 620
607 658
607 706
608 636
609 697
611 642
611 649
611 674
611 682
612 640
612 643
613 646
613 708
614 632
614 647
615 651
616 706
616 712
617 645
617 652
618 651
620 672
620 700
622 681
622 710
623 681
623 692
623 713
624 630
624 691
625 710
626 655
626 718
627 682
627 707
628 706
628 712
630 633
630 719
631 731
632 651
632 664
632 677
633 714
633 721
634 654
635 658
638 729
640 652
640 668
640 670
640 729
641 656
641 686
642 668
642 676
642 697
642 699
643 672
643 694
643 714
644 664
644 677
645 677
645 707
645 723
645 743
646 657
646 672
646 714
647 661
649 657
650 655
650 658
651 711
651 721
653 704
654 678
654 707
654 716
654 719
654 729
655 714
655 750
658 684
658 715
658 721
658 731
659 705
660 701
660 711
660 718
662 718
662 747
662 762
663 702
664 758
665 682
665 753
666 766
668 675
669 742
669 756
670 703
670 727
671 770
672 688
672 697
674 773
676 744
677 703
678 695
680 736
680 748
680 749
684 760
684 774
685 720
685 722
685 736
686 696
686 717
686 748
687 720
688 725
688 756
689 738
690 692
690 693
690 737
691 698
691 733
693 740
694 726
695 758
696 769
696 788
697 702
697 787
698 720
698 722
698 761
700 701
701 727
702 725
702 790
705 755
706 756
707 758
707 764
707 770
709 731
709 755
711 727
711 735
711 747
711 749
712 748
712 796
713 760
715 769
716 786
717 808
718 720
719 753
719 785
719 787
720 757
721 736
721 748
722 747
722 778
723 776
723 821
724 765
724 808
725 814
726 756
726 794
727 741
727 750
727 790
728 747
728 748
728 759
728 769
729 769
729 777
730 821
731 796
731 809
732 799
732 829
733 748
734 744
734 789
734 817
736 746
736 824
738 799
738 818
739 785
739 814
739 833
740 780
740 798
740 813
741 757
741 798
741 816
742 761
742 798
743 758
744 794
745 758
745 806
746 808
746 839
747 762
747 838
750 774
750 779
750 802
750 821
751 814
751 842
752 809
755 761
755 806
756 766
756 802
756 830
756 835
757 762
758 840
759 760
759 836
762 771
762 813
762 849
762 860
763 765
763 798
764 860
765 805
765 847
767 814
767 857
768 790
769 796
770 869
771 805
772 815
772 823
772 864
773 794
773 814
773 856
774 784
774 827
774 829
775 795
776 813
776 834
778 800
779 784
779 796
779 801
779 847
779 857
779 865
780 798
780 850
781 851
781 853
782 818
782 874
783 788
783 801
783 874
784 802
788 798
791 803
791 829
791 842
791 856
792 796
792 811
792 832
792 846
793 806
793 842
793 883
796 825
796 844
796 875
797 827
797 863
798 802
798 806
800 876
801 899
802 838
802 850
802 890
803 839
804 848
805 877
805 881
806 821
806 823
806 844
806 873
806 896
807 869
808 829
808 844
808 856
809 892
810 827
810 834
810 849
810 904
811 888
811 891
812 842
812 909
813 866
814 890
815 881
816 857
818 911
818 914
819 858
819 871
819 906
819 910
822 840
823 872
824 866
824 880
827 862
828 833
828 847
829 871
829 923
832 849
832 859
832 885
833 885
834 859
835 856
835 868
835 896
836 929
837 932
838 925
838 935
839 867
840 896
840 903
841 916
843 861
843 894
844 904
845 847
845 864
845 929
846 857
847 877
848 880
848 926
849 870
850 862
850 943
851 891
851 912
852 885
852 900
853 855
853 953
854 952
855 909
856 928
857 898
858 919
859 879
859 911
860 895
860 929
860 931
860 937
861 911
862 958
864 881
866 883
867 868
867 886
867 911
868 888
869 879
869 912
869 939
869 951
871 916
872 908
872 962
873 893
874 925
875 917
875 924
875 967
875 971
877 937
878 892
879 887
880 921
880 928
880 949
882 892
882 956
883 923
884 892
885 941
886 931
886 939
886 942
886 949
887 966
888 940
888 964
889 936
889 966
889 980
890 905
890 907
890 938
890 965
891 922
894 895
894 927
894 930
895 918
895 935
897 929
897 972
899 912
899 930
900 918
900 920
900 957
900 970
901 934
901 963
902 977
903 927
903 953
904 977
905 976
906 988
907 942
907 983
908 953
910 916
910 999
911 943
911 956
911 971
912 955
913 921
913 926
914 930
915 973
916 983
919 965
919 971
922 944
922 998
923 932
923 950
924 990
925 932
925 958
926 933
932 944
934 984
936 967
936 969
936 972
936 993
938 967
938 988
940 965
941 988
942 968
943 979
945 948
946 984
947 960
948 994
949 959
949 972
949 980
950 959
951 997
954 970
961 981
961 988
967 977
968 983
969 973
975 986
979 983
985 989
987 992
991 993
991 994
997 1000
13 15 4 7 12 6 6 20 9 5 2 5 9
2 5 1 1 7 2 1 2 0 3 17 9 1
5 14 9 8 4 7 8 6 1 3 5 2 1
3 14 1 7 4 5 9 13 13 1 2 12 7
3 13 3 4 13 17 8 2 9 19 6 13 15
7 11 5 5 6 24 20 7 7 17 9 14 10
1 16 6 5 4 4 42 10 26 6 22 6 12
13 8 10 8 19 8 6 3 17 2 5 5 16
30 3 13 1 9 12 1 9 15 14 7 6 6
5 13 11 1 19 1 9 3 4 19 5 5 21
8 24 4 27 4 12 6 9 4 8 26 16 17
5 20 4 10 37 35 4 3 3 4 13 3 2
5 6 9 1 6 1 8 16 9 15 3 8 2
15 8 8 9 6 6 15 2 7 5 4 11 2
8 21 10 3 10 10 13 33 2 28 12 16 1
4 21 30 10 1 25 18 14 19 1 4 9 9
3 11 13 3 4 1 6 7 2 12 16 0 4
7 6 10 6 12 10 6 14 1 2 9 12 6
8 25 16 24 6 14 7 13 0 11 8 13 20
10 4 22 4 9 14 7 2 11 1 13 20 9
7 30 14 21 11 5 15 7 14 10 4 11 13 6 9 16 15 9 1 12
18 37 25 26 18 12 18 17 26 26 5 13 28 14 17 22 29 20 10 20
49 63 62 54 33 28 23 36 26 36 27 56 42 53 35 41 46 49 35 36
12 23 13 19 9 5 5 9 6 9 6 10 12 9 7 14 11 10 7 10
41 65 38 50 26 18 40 32 23 31 21 33 36 33 20 21 37 31 6 24
4 18 11 14 6 1 7 6 5 6 3 8 5 2 1 12 12 6 3 6
20 52 40 35 20 22 29 13 30 25 10 28 41 32 28 28 45 20 10 25
11 15 6 14 10 5 5 6 5 6 6 7 7 8 4 7 1 1 4 5
1 10 8 5 3 1 2 3 3 3 2 6 4 5 4 7 8 2 2 5
4 13 7 5 4 1 1 1 8 5 1 5 5 4 5 5 9 6 7 5
24 62 49 36 15 13 27 26 24 21 23 46 31 32 23 28 44 42 22 31
4 23 11 9 5 1 4 11 3 11 2 11 6 9 3 11 8 11 5 13
11 52 24 11 22 13 8 15 21 27 18 32 20 18 19 5 29 17 15 18
4 18 10 1 2 1 1 8 8 7 2 13 1 1 1 3 14 7 5 6
36 69 49 36 19 18 39 32 37 42 28 38 47 38 29 11 51 33 18 12
14 69 38 33 30 16 35 28 35 45 20 29 43 37 25 13 47 25 14 33
22 52 36 35 7 12 30 21 19 13 26 27 23 26 8 27 33 27 19 28
14 31 32 18 3 4 6 11 19 11 12 25 18 15 16 15 29 18 13 9
39 73 50 46 24 23 40 32 41 30 31 38 45 33 22 33 48 37 20 31
1 9 4 3 1 1 1 1 4 2 1 1 3 1 1 2 6 1 1 1
49 77 59 53 36 27 36 44 64 42 11 49 67 43 35 41 61 49 15 42
18 49 33 27 20 9 26 21 20 22 12 35 21 18 14 25 28 18 7 21
31 77 49 46 35 22 35 46 48 50 32 33 53 43 19 21 62 40 27 46
22 49 26 27 13 14 10 13 16 25 17 20 29 23 17 10 30 27 16 18
2 15 10 11 3 3 7 6 4 3 5 4 4 6 2 13 7 6 5 8
20 33 18 26 21 9 12 21 14 22 8 21 16 17 1 14 21 9 6 14
30 42 39 42 19 11 16 25 20 14 13 30 24 33 17 33 19 30 17 24
36 78 53 52 43 37 31 26 25 44 42 53 42 41 33 33 51 42 32 37
40 81 66 67 35 35 55 28 30 34 37 49 55 43 39 51 63 47 29 40
17 46 27 31 16 10 18 15 16 10 11 30 23 24 14 21 23 23 4 24
8 34 15 15 15 7 9 16 14 15 8 19 8 13 6 13 16 12 9 17
1 5 2 1 1 1 1 1 1 1 1 1 1 1 1 1 6 1 1 1
6 14 7 10 1 1 3 1 1 10 1 1 10 4 1 3 9 2 4 1
8 33 14 14 9 2 10 11 8 20 2 10 17 15 9 3 17 7 5 10
32 58 44 31 24 8 21 37 34 46 20 36 35 24 19 16 50 28 18 32
46 83 59 50 43 34 31 40 35 53 36 56 51 56 39 16 51 43 28 27
18 28 22 27 11 10 19 13 4 14 13 18 17 14 2 16 21 6 5 8
1 17 3 2 2 1 1 1 5 6 1 4 3 2 2 3 6 3 4 3
48 93 72 70 30 29 59 36 37 46 42 54 58 50 45 37 70 54 28 36
22 54 42 40 12 17 24 12 29 12 14 24 38 36 26 35 37 27 16 28
25 43 22 31 18 8 18 19 21 23 17 25 24 12 6 16 30 16 10 20
24 63 41 35 33 11 17 34 36 39 24 41 32 22 16 22 48 30 22 39
33 76 58 45 36 22 49 42 38 59 33 41 49 32 30 28 70 38 29 38
13 67 37 28 23 21 25 11 21 27 27 36 38 24 23 19 47 30 24 20
49 65 59 53 46 38 37 46 52 51 19 53 57 52 33 42 53 34 20 34
21 54 35 36 19 10 31 21 16 35 7 21 40 27 25 20 39 26 7 22
31 88 53 53 31 25 41 35 48 36 24 30 60 50 26 31 60 45 20 46
1 9 1 1 2 1 1 3 1 6 1 1 2 2 1 3 3 1 1 5
6 47 29 19 23 17 20 26 25 32 16 28 18 24 10 16 32 22 15 34
10 29 15 14 11 10 10 4 12 11 15 18 9 7 10 7 16 11 11 4
5 36 18 19 9 6 16 11 16 13 5 11 20 11 5 17 25 17 6 17
11 31 25 16 6 6 7 8 1 18 10 19 15 13 15 9 26 16 13 7
19 51 42 35 18 19 21 11 14 22 28 31 25 25 22 26 37 29 25 25
35 63 48 43 31 10 28 36 28 45 15 45 45 29 14 27 48 24 14 21
24 46 31 26 24 13 24 27 17 24 12 36 20 24 12 16 24 14 2 15
19 50 43 40 26 17 24 20 7 27 22 35 26 28 18 33 31 24 20 19
22 49 32 27 9 10 22 25 22 17 24 31 16 23 12 24 30 33 24 27
1 7 5 5 1 2 4 1 1 3 4 1 5 3 1 8 8 1 3 2
29 62 43 40 24 12 22 19 26 27 22 46 36 17 22 12 44 30 15 17
20 56 35 24 26 21 20 14 29 31 20 32 36 19 32 19 41 35 23 26
3 29 11 14 10 1 9 9 6 16 4 11 11 7 7 10 17 11 8 11
19 53 26 24 20 11 11 11 17 25 19 30 23 16 14 8 34 26 19 21
46 54 47 58 39 30 32 39 34 35 23 38 39 39 26 41 33 40 25 31
31 61 53 46 20 16 39 23 15 28 24 50 35 28 23 34 46 33 15 17
25 36 31 32 25 14 28 17 18 27 13 28 26 14 8 27 29 13 13 4
15 37 25 18 9 3 5 12 17 20 5 17 25 20 11 10 23 14 10 9
8 31 14 12 3 1 7 13 18 6 3 13 8 8 3 12 10 15 1 19
30 74 55 34 32 17 30 33 28 45 29 56 39 23 31 27 55 43 29 36
7 20 10 12 6 1 6 8 1 6 2 12 2 4 1 8 10 6 1 8
4 17 3 4 1 1 1 2 10 7 1 5 10 5 2 4 6 1 1 4
20 52 33 28 32 24 21 22 17 27 26 39 16 27 18 12 29 22 14 18
11 27 23 17 8 7 4 10 14 18 11 12 18 14 12 18 18 15 15 6
5 24 15 7 8 5 7 4 9 13 7 12 11 8 15 4 17 10 11 8
16 51 28 33 13 4 22 14 10 17 8 25 24 22 12 17 24 20 5 17
42 66 40 43 38 26 40 38 43 42 19 44 41 26 22 22 47 32 10 25
8 27 14 17 1 1 13 9 4 9 2 9 11 11 2 13 13 8 1 12
7 27 10 17 8 1 8 10 2 8 2 11 7 9 2 11 6 8 1 13
48 70 45 58 48 25 36 42 38 50 20 44 51 34 23 30 48 36 15 36
3 12 6 9 2 1 1 3 1 5 1 1 8 5 1 4 5 1 1 2
4 30 10 14 10 2 9 7 14 9 4 12 10 6 4 12 11 8 4 11
60 84 65 57 40 38 48 43 46 61 41 56 59 46 42 30 69 51 33 29
19 22 17 23 19 13 8 13 21 21 2 7 25 15 14 16 10 12 9 11
50 77 56 64 41 26 49 45 38 54 26 41 55 39 33 39 57 48 24 40
4 19 9 11 4 3 9 4 12 4 6 4 9 5 5 10 12 10 8 9
14 32 20 18 12 7 2 12 19 23 7 12 22 11 13 13 20 17 15 7
32 69 47 46 23 19 36 37 34 35 23 31 41 40 14 34 49 34 20 42
4 25 11 15 11 4 12 5 11 12 5 8 13 10 3 14 14 1 4 8
1 32 9 6 1 1 1 4 15 8 2 9 14 4 8 1 13 11 5 8
1 11 1 1 1 1 1 1 8 2 1 1 2 1 1 4 2 1 1 6
14 60 38 29 26 18 31 31 28 44 12 28 40 32 15 15 48 23 9 31
6 30 11 20 11 4 9 1 6 6 4 14 17 7 5 8 11 6 1 6
43 75 66 55 30 14 31 42 48 34 38 51 50 47 30 44 57 47 38 47
25 62 45 38 18 16 31 19 30 22 10 38 37 30 30 33 45 39 10 36
16 47 38 24 20 12 24 20 17 24 16 37 25 14 22 26 37 26 18 22
3 21 10 5 1 1 7 3 1 13 1 5 9 7 6 2 14 5 5 2
6 29 10 18 15 6 12 5 8 11 7 14 9 5 1 12 15 5 3 7
11 45 26 27 12 7 23 10 12 19 5 16 25 15 16 19 30 17 4 15
27 53 49 33 7 12 22 19 21 32 22 30 38 35 30 19 48 31 22 17
40 89 63 66 46 44 61 29 27 48 44 43 61 46 49 43 65 47 34 39
21 70 42 46 26 25 37 13 23 29 27 38 43 26 30 27 47 30 17 18
5 20 15 11 6 3 7 2 4 15 5 10 12 5 7 9 19 9 9 1
25 51 43 49 22 19 27 13 14 25 14 31 41 26 21 36 38 26 15 15
35 84 63 50 32 32 48 33 34 49 31 51 54 39 39 40 66 51 30 43
7 33 21 13 9 3 7 3 12 12 7 19 13 9 16 6 23 10 9 4
20 42 31 27 9 5 13 18 21 14 13 30 25 22 14 20 31 24 8 23
15 48 34 35 19 16 21 10 19 21 17 24 29 20 23 24 33 21 15 14
42 53 61 50 30 29 33 46 28 35 35 47 38 55 21 51 37 46 42 40
15 62 31 28 19 18 16 18 31 20 18 30 31 28 23 16 34 28 14 29
23 51 38 26 27 21 13 18 30 37 13 24 44 32 30 19 38 32 23 24
20 43 38 33 26 16 14 16 11 31 16 27 26 23 20 25 27 30 23 20
23 58 38 27 26 21 15 16 29 38 21 31 41 33 32 16 44 29 23 26
1 21 14 7 4 5 6 1 8 11 8 11 6 5 10 4 18 11 12 4
40 62 61 48 24 25 30 46 47 35 14 44 53 56 25 47 45 44 21 45
3 14 3 8 2 1 3 1 4 9 1 2 11 2 4 4 9 1 2 2
46 68 51 43 39 27 25 45 52 46 21 44 53 40 19 23 46 42 27 25
24 45 37 33 24 18 24 17 20 43 14 19 40 24 25 21 40 26 23 9
3 10 4 10 5 1 1 5 1 3 1 6 2 4 1 4 5 2 1 7
19 44 25 17 13 12 16 16 29 24 8 24 25 13 16 9 30 21 9 15
30 64 42 45 41 27 29 31 37 36 23 36 47 39 29 25 34 34 18 22
37 58 43 45 38 25 37 32 27 39 22 44 40 24 20 31 38 28 17 16
10 18 9 13 3 1 1 10 13 7 4 8 9 6 1 11 9 9 5 10
3 20 7 8 7 1 1 1 2 2 1 11 5 8 3 1 7 1 1 3
1 14 8 3 1 1 1 1 1 4 1 5 4 3 6 3 8 4 5 2
39 56 58 51 39 37 32 35 39 45 24 29 47 45 37 45 50 40 33 40
13 42 24 24 22 14 20 13 18 26 8 19 23 10 21 15 33 21 10 19
1 16 4 7 7 1 1 5 3 8 1 3 5 5 2 4 6 2 1 9
4 36 18 13 18 7 10 10 11 21 7 20 11 12 5 8 22 6 6 10
9 36 25 18 9 6 24 8 19 23 4 17 27 8 9 18 35 6 5 6
10 12 12 12 6 3 1 7 15 8 1 3 12 8 1 12 6 7 7 4
1 12 6 5 2 1 4 1 1 3 1 3 1 1 4 2 8 4 5 1
45 68 48 53 31 6 33 40 40 42 32 35 48 32 28 16 53 39 27 36
10 50 26 22 15 9 17 23 18 25 7 18 27 28 9 15 27 17 4 29
10 34 14 20 12 4 9 7 6 13 4 13 19 11 11 11 15 8 4 9
18 61 37 17 14 8 24 24 30 39 9 29 40 30 23 10 48 24 11 18
11 26 15 13 6 1 1 6 14 3 6 16 14 12 10 5 14 10 6 6
8 36 22 6 9 12 5 11 21 21 10 17 21 14 18 3 28 24 14 19
30 90 61 52 47 39 48 42 40 45 37 62 49 47 34 35 58 45 20 47
43 76 55 59 37 28 36 28 46 39 34 33 59 40 35 32 56 39 33 33
4 46 19 14 20 12 16 16 22 29 3 13 27 17 11 9 34 19 5 26
9 49 32 27 25 17 22 7 11 24 21 32 25 21 24 18 34 18 17 12
39 67 47 46 38 17 33 38 36 50 30 48 50 22 25 34 56 38 32 36
11 43 12 20 18 10 18 4 16 18 5 13 22 11 13 4 21 7 2 12
6 19 7 14 9 6 9 5 10 9 8 6 9 1 6 11 12 5 4 8
3 33 13 12 19 9 12 8 13 22 2 13 16 9 9 8 22 5 2 14
11 34 28 9 16 9 15 22 19 26 6 26 16 16 13 14 28 12 8 21
38 64 46 47 17 5 36 38 31 30 30 26 42 38 21 25 42 38 25 36
9 32 10 13 7 1 5 8 22 5 7 13 18 9 7 7 14 11 4 12
10 40 21 25 10 8 18 11 8 17 11 13 18 15 11 17 23 15 8 19
56 63 51 51 44 32 35 48 61 58 22 44 62 40 29 37 53 40 32 33
12 28 16 14 10 8 10 7 13 24 7 9 23 10 17 9 22 13 11 8
4 15 8 6 9 4 1 8 6 10 1 9 5 9 1 4 9 4 5 10
21 55 53 33 30 20 25 29 15 46 23 40 32 41 18 22 51 25 22 27
12 37 28 27 3 8 18 7 12 4 13 12 22 24 13 24 23 16 12 18
4 18 8 4 1 1 1 5 13 1 2 10 4 1 1 2 9 5 2 7
1 11 5 5 7 1 3 8 3 7 1 6 3 7 1 7 3 5 4 10
9 28 11 16 12 1 10 11 8 19 1 8 18 13 8 11 16 7 6 12
1 27 13 12 13 4 10 4 6 12 3 13 13 9 9 8 12 6 6 7
26 55 41 36 24 18 40 26 17 38 15 34 38 21 23 29 44 27 13 28
7 7 9 7 5 1 1 5 4 6 1 1 7 7 1 5 5 3 5 1
32 69 51 45 28 20 29 36 43 25 14 45 42 48 22 40 41 39 9 45
33 70 40 45 30 14 30 39 42 30 28 41 42 29 20 27 42 45 24 49
1 12 4 9 5 1 6 1 1 2 1 2 4 1 1 5 5 1 1 1
22 38 27 24 14 8 19 24 18 22 8 21 20 20 13 19 24 23 9 29
23 76 42 42 25 27 38 17 35 29 23 38 52 37 27 24 52 28 13 27
13 30 17 16 12 9 4 17 27 19 1 7 28 18 6 11 17 15 8 14
33 82 55 49 46 28 24 37 52 50 22 50 58 40 32 25 57 44 25 45
26 54 42 40 23 14 28 27 15 36 18 32 31 28 18 34 34 32 22 23
28 72 51 38 27 11 31 38 28 34 25 54 27 34 11 22 49 30 18 34
33 64 47 42 23 14 41 23 30 43 20 34 52 29 29 21 54 27 15 16
25 44 26 30 23 8 9 26 21 31 9 21 28 21 5 16 27 16 12 19
26 54 36 25 13 1 15 26 35 34 13 22 44 30 22 5 40 27 16 20
1 27 13 12 7 5 15 1 13 13 7 5 19 6 7 13 21 6 8 7
1 19 9 6 4 1 4 1 5 6 4 6 5 4 8 3 9 7 8 4
1 23 9 11 5 1 8 5 5 7 1 5 9 5 6 7 12 7 5 7
16 37 22 11 4 3 21 14 24 27 2 12 30 13 13 4 31 10 2 9
33 69 50 26 27 19 26 26 35 50 12 46 46 38 31 17 60 29 16 24
18 43 25 23 6 3 17 15 13 12 10 27 15 15 8 14 23 16 5 12
11 33 14 17 17 13 20 10 22 22 2 11 22 9 16 15 24 14 4 15
16 53 34 28 17 15 18 14 26 20 15 27 32 30 17 18 36 13 11 22
39 56 52 48 36 29 49 42 16 45 29 50 41 32 27 47 51 40 30 34
7 18 5 14 8 6 5 5 5 5 7 8 5 3 1 9 6 6 4 6
7 46 15 22 19 10 18 9 11 18 8 18 25 16 6 8 21 12 4 16
1 16 3 1 1 1 4 1 5 7 1 1 9 1 3 1 12 1 1 1
34 81 54 58 35 30 45 28 33 26 41 50 46 42 32 37 47 42 27 33
7 21 7 7 7 1 2 7 11 4 5 12 7 7 5 1 6 5 5 7
26 55 39 39 35 17 15 27 27 32 15 37 36 28 15 24 31 23 17 20
5 19 11 13 5 3 5 3 10 12 2 1 18 8 4 13 12 2 5 3
9 38 20 16 8 10 10 1 8 13 15 18 20 13 15 7 21 8 10 1
28 65 51 43 30 32 28 9 31 38 20 38 54 36 43 30 56 39 21 28
11 31 27 8 7 3 5 11 20 14 14 26 15 9 15 6 27 18 16 8
47 66 47 49 39 22 20 38 39 42 33 43 40 34 27 29 40 46 31 38
23 58 43 36 31 25 38 25 20 37 29 40 37 24 18 33 52 19 23 27
12 54 30 25 24 13 16 30 28 26 8 27 28 32 7 21 24 21 4 32
20 46 30 29 27 14 24 15 16 26 15 30 30 15 15 19 27 14 9 14
30 52 33 36 18 9 22 34 34 29 10 21 37 27 5 20 37 26 8 28
26 66 47 45 29 17 30 26 14 25 25 50 29 34 22 26 33 32 15 24
5 29 20 15 13 13 17 8 15 10 13 9 16 19 9 17 21 8 13 19
12 38 27 20 1 5 18 8 20 16 9 17 26 18 12 11 34 8 8 5
14 42 29 26 21 15 16 10 17 15 6 31 25 26 20 20 30 16 5 18
15 33 22 21 7 5 20 14 17 25 7 11 24 14 8 12 32 7 7 9
15 54 25 31 20 9 20 15 25 27 9 23 38 20 17 22 32 20 8 21
18 53 30 35 31 25 32 12 22 26 28 30 32 13 18 24 40 20 20 20
35 68 48 43 32 21 35 38 39 44 23 44 52 26 20 34 56 41 28 28
28 53 51 53 33 33 34 21 23 37 28 28 48 33 33 48 44 35 40 25
27 53 46 30 35 16 16 40 40 47 25 42 36 34 14 18 45 26 28 31
37 48 43 45 29 19 17 42 30 41 6 28 39 41 16 31 33 31 18 32
27 78 53 40 34 20 30 27 28 51 36 43 52 30 34 22 62 43 35 35
18 34 25 25 12 5 11 22 19 14 5 15 25 26 10 22 11 22 9 21
21 27 35 19 18 11 15 26 20 29 6 24 25 27 5 22 26 8 11 8
19 42 30 23 14 7 19 18 26 31 4 16 34 16 17 14 34 19 10 17
5 12 7 10 5 1 1 4 3 3 1 5 4 5 4 7 8 6 6 6
1 4 4 7 1 1 1 1 1 1 1 1 5 1 1 8 4 1 1 2
5 23 5 10 12 5 6 6 8 16 5 8 13 7 6 6 14 4 5 10
16 52 38 28 35 24 29 23 18 33 22 42 24 26 14 12 36 15 12 19
29 72 41 37 43 31 33 23 21 44 39 50 41 26 35 17 44 37 30 19
1 47 25 15 12 4 6 13 17 15 1 23 22 20 11 10 26 18 3 21
17 28 20 21 9 6 8 15 20 21 4 9 24 15 8 18 15 15 12 9
41 83 69 60 36 32 57 41 33 39 42 62 54 45 35 47 60 50 31 37
21 51 29 27 17 5 23 22 21 24 13 27 27 17 11 16 33 23 11 26
33 59 40 35 13 10 35 34 33 34 15 30 36 32 23 19 42 31 10 33
10 36 25 13 10 1 1 13 16 13 9 27 16 15 14 6 24 18 12 15
6 45 29 19 16 11 12 1 12 22 13 27 26 12 26 10 34 20 16 7
24 79 57 42 29 20 43 38 39 40 22 52 36 40 20 33 58 35 16 43
22 56 42 35 36 34 24 15 17 32 37 37 27 35 27 23 41 26 32 28
33 79 72 54 33 27 44 43 40 59 28 45 61 55 36 39 66 44 29 40
52 87 60 57 45 27 52 43 55 60 34 56 68 37 39 25 71 45 27 31
24 76 59 45 36 33 41 36 47 39 21 43 53 46 24 39 61 37 18 45
12 35 25 20 17 11 20 9 21 24 7 20 30 10 17 18 29 14 9 15
15 21 17 20 8 6 11 12 5 4 9 17 1 8 4 14 10 12 5 12
6 19 13 18 10 2 8 7 2 9 1 8 12 8 4 15 9 6 3 6
1 11 1 3 1 1 1 1 4 1 1 1 1 1 1 1 1 1 1 1
19 58 40 24 20 16 17 21 21 39 18 30 33 32 23 15 45 21 16 23
1 26 10 11 10 1 9 8 8 13 4 9 9 7 7 11 15 9 8 11
21 60 42 37 17 23 27 11 22 19 27 30 32 30 31 27 41 31 21 24
7 39 17 22 16 5 18 12 7 24 3 14 20 12 8 13 22 12 7 14
4 22 14 8 1 1 1 5 6 1 1 13 3 6 7 7 7 11 3 6
36 81 62 46 42 29 27 45 41 56 39 58 48 51 25 24 61 44 36 42
26 60 44 30 20 9 24 25 21 32 22 45 30 23 18 20 43 34 22 27
30 79 48 38 27 25 22 21 35 39 18 45 44 42 40 22 51 44 18 41
44 88 66 64 27 24 52 46 39 38 42 50 48 61 27 41 62 42 30 46
9 29 26 20 3 1 10 9 7 5 6 20 12 13 11 15 20 14 4 9
11 32 17 18 6 4 7 9 10 4 8 17 10 10 10 10 8 16 7 14
21 47 32 22 19 11 10 20 33 26 15 28 31 15 26 11 35 30 18 27
14 39 31 31 11 9 14 12 22 12 8 17 32 25 17 26 27 21 12 16
17 67 46 36 18 24 26 8 28 28 19 34 50 37 34 28 55 34 21 29
38 60 58 55 36 38 28 28 48 36 20 28 58 50 46 48 50 43 33 40
1 13 12 11 3 1 8 1 1 2 1 7 9 4 3 10 14 1 1 1
12 24 17 13 10 7 5 6 7 20 10 11 17 13 12 8 16 13 15 5
33 67 44 50 34 16 25 27 29 29 32 49 40 25 27 28 42 39 26 31
12 24 13 18 13 5 6 3 3 13 7 9 12 8 4 9 10 6 8 1
14 33 20 22 12 10 15 5 11 11 13 15 21 14 10 12 20 5 7 4
7 19 20 5 1 1 9 6 11 13 3 12 13 4 5 10 22 3 5 1
23 51 34 31 32 21 18 25 26 38 12 28 35 31 24 17 35 21 12 26
17 42 26 24 13 9 24 12 20 27 1 13 35 21 25 8 37 18 2 12
28 51 37 33 22 15 8 20 25 29 18 30 31 28 21 22 25 34 24 22
30 70 53 45 29 21 39 32 27 29 28 50 37 39 24 31 44 33 15 31
9 41 27 17 8 3 11 15 6 17 11 24 12 19 15 16 21 19 11 19
33 69 52 47 38 34 27 47 52 40 21 36 50 52 22 38 44 38 21 53
25 46 28 34 15 12 25 21 21 31 8 15 31 20 23 19 32 26 8 20
22 38 35 21 9 3 17 22 19 24 8 30 22 16 12 24 31 18 12 10
14 38 21 10 6 7 13 21 31 19 3 19 24 12 10 12 26 20 5 22
1 16 10 8 6 1 10 1 5 8 6 6 7 1 6 10 16 7 8 1
42 72 51 54 38 23 37 47 48 55 14 23 61 47 28 27 53 42 18 40
1 28 4 9 8 1 5 5 6 12 2 9 7 6 1 4 11 1 1 6
4 22 11 14 5 7 9 1 4 9 12 7 11 4 5 10 15 5 10 2
1 13 1 4 3 1 3 1 1 6 1 1 5 1 1 1 7 1 1 1
7 53 26 15 25 15 15 20 29 28 16 31 23 24 14 8 34 15 12 23
37 61 44 44 18 9 41 33 33 33 16 36 37 29 11 38 45 28 16 28
21 67 46 45 36 29 33 26 34 31 19 50 35 39 21 34 45 29 9 38
1 6 2 3 1 1 2 1 1 3 1 1 3 1 1 4 8 1 1 1
12 69 54 38 43 38 42 28 34 47 34 46 41 38 29 33 57 35 32 37
12 46 33 26 19 9 16 12 13 25 13 32 23 17 19 18 33 18 13 11
20 47 25 28 11 7 18 16 27 23 1 19 40 31 19 17 30 19 4 20
1 14 5 7 2 1 3 1 2 4 4 2 5 1 1 4 10 1 2 1
20 63 33 32 18 11 24 17 18 24 21 36 23 27 23 21 35 29 16 23
12 51 32 26 19 15 23 20 19 25 17 27 18 21 16 23 35 24 16 26
35 50 46 37 13 5 36 35 21 36 25 22 28 33 25 15 44 36 24 29
23 74 45 42 32 35 38 24 43 26 32 45 43 48 21 27 48 27 16 38
7 37 18 15 14 6 10 15 12 16 5 17 8 13 11 11 16 15 8 20
29 53 44 28 19 14 13 18 30 31 21 37 37 20 26 16 47 28 19 17
1 11 8 4 1 1 1 1 3 5 1 1 5 1 2 7 11 3 1 4
1 18 15 7 1 1 1 2 5 1 2 8 4 4 8 8 10 9 4 6
26 57 40 33 27 20 37 18 23 35 19 42 37 20 20 24 44 21 19 6
8 26 19 9 3 1 9 3 3 13 5 18 11 5 10 1 24 6 6 1
6 14 17 6 1 1 2 5 2 10 4 12 7 4 9 5 17 9 8 3
10 38 26 20 8 3 11 9 10 22 7 18 26 22 18 14 27 14 9 11
26 67 33 39 15 10 28 23 25 21 13 29 39 31 18 17 33 29 4 22
34 86 65 51 24 23 45 39 43 46 18 46 61 51 29 42 66 41 17 42
3 27 12 13 6 1 8 7 4 9 1 8 8 6 4 12 13 7 1 11
15 40 28 14 7 11 18 20 37 17 11 20 29 17 8 18 35 18 15 16
18 45 18 26 12 9 20 9 17 18 18 17 22 14 8 12 26 14 14 11
23 62 44 26 27 24 35 30 36 48 20 35 36 31 21 21 56 25 18 31
38 78 61 55 34 31 34 39 45 44 22 46 53 57 31 40 51 41 21 45
10 33 16 21 9 2 10 8 9 7 4 17 14 12 7 13 13 9 2 10
11 40 29 21 15 8 12 11 17 23 5 21 26 20 24 15 33 19 7 18
23 82 63 40 39 30 35 38 30 43 43 63 34 43 27 36 56 50 37 51
34 74 53 48 25 17 35 35 31 24 19 50 38 47 21 37 46 36 12 40
11 45 23 17 12 3 11 17 17 15 9 24 13 15 12 14 21 18 8 23
10 45 25 29 10 6 17 7 12 11 11 18 24 17 11 21 23 13 8 15
20 50 33 27 23 9 17 27 20 29 15 36 19 18 9 18 34 22 14 24
19 41 18 27 7 1 14 14 15 17 4 14 25 17 8 11 18 11 1 12
38 68 50 47 32 30 39 38 45 37 19 34 48 37 23 32 49 38 15 35
1 20 4 3 7 1 1 6 8 10 1 5 8 7 1 1 5 5 3 11
1 28 9 6 5 1 4 1 8 6 1 9 11 7 7 3 13 3 2 1
25 43 35 39 26 12 20 27 12 33 6 22 28 28 11 25 28 21 14 18
7 30 17 18 6 1 14 9 7 10 3 15 16 13 9 16 18 11 3 10
8 53 23 28 11 13 21 5 25 15 13 13 34 17 19 15 33 18 11 18
48 73 59 60 40 31 29 45 36 41 36 52 45 49 27 39 39 47 37 36
11 33 17 17 13 7 4 17 15 15 7 17 16 15 8 11 16 16 8 21
1 27 11 11 13 6 12 4 11 14 4 9 12 4 11 10 16 10 8 9
13 58 28 24 13 5 11 17 34 22 14 26 35 14 21 12 38 32 15 26
5 46 28 20 17 9 16 9 18 22 13 28 25 13 22 19 34 21 15 14
1 18 9 3 1 1 2 1 1 1 1 5 5 2 6 1 9 2 2 1
1 16 8 7 3 1 4 3 6 4 1 6 9 5 8 5 8 4 1 5
16 39 27 13 12 1 8 15 17 22 15 26 22 12 15 3 33 18 18 13
1 24 7 11 8 3 9 1 11 9 2 6 11 1 3 7 11 6 4 6
5 26 17 12 1 1 7 6 8 12 1 11 16 9 10 9 19 9 6 9
1 8 8 3 1 1 2 2 2 1 1 3 1 1 4 4 6 5 4 4
19 64 48 39 44 35 35 23 14 48 37 46 35 32 26 30 53 27 30 29
35 64 47 46 21 14 24 24 27 39 35 25 43 33 26 18 50 35 33 25
6 37 16 14 17 10 18 9 16 23 5 11 21 14 12 10 24 7 6 15
1 17 7 8 9 1 6 1 1 5 1 6 3 1 1 3 10 2 2 1
8 28 21 29 12 13 20 2 8 3 15 9 16 11 9 23 20 8 10 10
14 40 24 21 4 1 8 9 9 15 7 21 18 14 11 10 21 14 6 6
30 68 47 48 28 27 42 21 28 21 39 30 29 36 27 41 45 37 33 37
3 32 14 5 14 5 8 11 14 13 5 19 9 14 5 3 15 4 3 14
4 26 19 9 5 9 4 1 2 12 15 11 12 10 12 6 18 11 16 2
36 58 41 35 38 28 21 21 31 35 27 36 38 30 31 11 36 32 23 14
3 18 6 6 4 1 1 1 3 8 4 5 6 1 7 1 11 4 5 1
8 29 22 1 9 6 7 12 13 20 9 24 8 12 12 1 24 12 12 9
5 15 5 6 3 1 1 1 10 8 1 4 11 4 6 3 9 1 3 3
2 17 4 6 6 1 5 7 7 2 4 7 1 3 1 8 8 4 2 8
20 51 37 38 25 16 25 21 27 26 19 24 31 20 18 30 38 24 21 25
24 61 38 20 22 16 23 25 35 43 10 37 37 28 23 14 47 24 15 22
6 18 8 9 6 1 1 1 8 7 4 8 12 7 10 5 7 1 4 4
1 15 7 3 1 1 1 2 9 3 1 4 8 4 6 3 3 4 2 6
19 66 42 40 33 33 36 20 30 37 28 34 42 22 33 33 51 39 27 33
16 45 31 25 9 12 11 7 20 15 7 26 28 22 28 17 32 26 9 18
14 31 19 17 11 4 14 15 17 22 1 14 22 12 9 15 24 11 6 17
10 46 22 24 16 14 17 11 21 13 15 19 18 17 13 17 25 11 11 22
26 81 54 47 33 27 33 36 39 31 25 55 38 48 25 34 47 42 18 48
10 29 17 13 9 3 10 10 16 15 15 15 15 3 8 9 24 15 16 10
24 51 44 30 19 13 26 22 33 33 13 29 41 23 22 27 48 22 17 15
1 23 11 1 6 1 1 3 10 9 1 11 10 10 12 1 9 5 4 7
18 68 49 32 40 30 38 36 40 45 25 49 42 35 19 29 54 31 22 39
36 67 48 45 27 16 32 42 35 44 13 28 43 47 24 24 39 33 14 37
1 28 6 7 4 1 3 1 15 4 1 6 15 5 7 2 8 4 1 5
12 41 13 26 18 11 22 6 15 22 8 14 23 4 11 13 26 11 2 10
38 73 55 47 22 23 38 39 52 36 20 35 58 43 18 27 64 40 21 31
8 26 11 18 17 5 11 10 10 17 1 8 15 9 8 13 15 6 2 14
33 46 42 41 21 13 21 28 22 17 17 36 25 34 15 27 20 26 10 19
13 65 41 34 22 19 24 16 27 28 19 38 38 27 32 30 40 37 21 31
21 45 27 24 18 5 1 22 27 22 14 24 23 16 9 14 21 27 18 21
1 31 22 12 11 4 12 4 12 12 4 19 16 8 12 13 22 12 7 10
1 30 13 9 1 1 5 11 15 1 1 8 12 11 3 10 14 15 1 15
33 64 37 41 18 18 34 29 47 36 12 19 58 42 37 17 48 39 10 37
6 22 14 12 1 1 8 7 2 13 4 8 10 6 7 7 15 12 8 7
14 31 25 13 7 5 14 9 13 18 11 22 15 8 12 10 28 9 10 5
6 16 14 11 8 1 11 7 8 9 1 11 6 3 4 7 17 6 6 6
51 81 61 59 59 39 52 54 50 68 31 56 57 45 24 31 65 37 20 34
5 15 8 10 7 3 8 6 6 9 5 5 9 10 3 10 9 1 3 6
16 27 21 23 20 7 9 18 13 21 1 12 15 13 6 15 18 11 5 14
21 47 26 16 21 11 20 23 30 33 7 32 29 19 13 10 37 12 7 16
27 63 53 48 35 34 29 32 37 27 30 46 36 49 22 33 39 29 20 33
35 78 58 43 34 29 25 24 45 37 28 53 53 40 42 29 62 51 29 45
2 24 12 8 1 1 4 4 5 9 1 8 6 2 4 5 14 9 4 7
1 16 2 5 7 1 5 4 6 8 1 4 5 4 1 5 6 2 2 6
30 89 52 47 33 25 37 40 32 41 29 49 43 52 21 25 50 41 19 43
27 74 39 36 32 17 19 29 40 30 23 45 40 33 21 11 44 30 14 38
20 29 30 23 4 5 15 18 5 9 17 24 9 20 9 20 21 26 18 17
12 31 23 18 4 1 7 9 10 17 1 15 23 13 11 6 25 8 2 6
16 28 25 15 1 1 13 19 16 5 7 22 12 15 3 16 16 16 5 19
38 67 50 50 47 29 34 49 44 56 15 42 48 44 20 33 45 35 18 44
14 20 19 24 7 5 12 13 12 12 5 7 16 13 3 22 13 11 3 12
37 78 62 50 40 29 50 41 44 53 33 51 55 37 24 42 69 34 31 42
35 67 46 40 22 10 40 32 42 48 25 27 48 26 24 18 62 32 24 29
13 31 22 15 3 1 15 12 14 20 1 18 19 6 4 13 26 8 4 3
20 48 36 32 26 20 19 11 18 31 25 28 32 18 24 27 35 27 28 15
1 40 17 8 14 5 8 4 6 23 5 18 14 10 12 6 23 9 9 6
2 20 14 13 4 1 11 5 2 9 4 8 7 2 5 14 16 10 6 7
9 46 24 19 15 10 6 22 28 18 15 16 22 18 5 9 26 27 16 28
16 35 28 21 7 4 14 13 21 15 3 26 22 15 10 18 29 12 1 9
4 19 9 10 4 1 4 1 2 8 6 7 7 1 5 4 16 4 5 1
1 14 5 2 1 1 3 1 3 7 2 3 5 1 4 3 10 5 6 1
40 57 37 47 26 14 27 32 27 31 24 29 36 27 15 17 33 33 17 19
38 63 60 43 30 21 27 44 44 35 20 48 37 45 22 34 47 38 19 43
7 22 12 10 6 1 7 5 13 9 4 7 14 8 9 7 14 10 8 10
9 27 16 11 5 1 2 7 13 11 7 13 12 8 10 7 15 11 10 5
55 88 72 63 35 29 50 38 31 52 33 60 60 50 41 35 66 51 25 32
43 71 65 64 28 24 46 34 30 38 26 39 53 52 27 44 56 33 20 31
22 51 39 30 22 15 34 24 24 35 3 32 36 19 21 26 43 25 7 21
22 22 27 33 19 16 7 17 17 14 9 14 19 19 8 26 14 15 16 13
15 52 41 27 32 20 17 20 21 37 18 34 26 30 16 19 38 15 17 14
1 12 5 6 5 1 7 1 3 6 1 4 7 1 3 7 7 1 1 1
1 14 6 3 1 1 1 1 2 6 1 2 4 1 3 1 10 5 4 1
27 89 58 48 39 39 46 35 36 55 26 43 54 48 37 36 65 48 23 51
6 23 22 5 2 4 2 3 10 10 7 18 11 10 16 3 21 13 11 4
40 70 64 59 44 39 39 30 22 50 37 44 49 49 29 39 57 38 36 33
12 39 27 16 20 12 21 28 22 28 11 31 12 20 1 18 30 12 7 24
24 53 34 27 23 14 11 22 16 32 19 32 24 29 21 21 27 28 18 27
30 53 39 30 25 9 20 29 23 44 21 25 35 32 18 13 43 27 24 19
44 58 57 55 16 16 43 38 33 35 28 26 43 42 19 42 48 36 29 30
11 46 24 29 19 12 22 10 13 25 11 22 30 13 18 20 28 17 14 16
38 77 67 57 40 35 47 42 44 54 32 52 67 50 36 50 71 48 38 34
25 61 42 39 41 26 28 25 29 48 12 34 44 34 29 26 44 26 15 25
28 68 38 38 44 23 14 37 42 36 30 45 41 34 21 20 43 34 22 43
17 60 32 36 38 26 29 19 20 34 19 36 36 25 26 17 34 22 7 24
35 53 39 36 23 13 21 34 40 41 8 22 48 30 22 17 40 30 12 27
20 47 40 29 9 3 16 18 23 18 9 33 24 23 18 23 29 26 11 19
17 34 24 16 5 1 17 15 16 22 2 19 25 20 12 5 29 7 2 7
4 15 12 8 3 1 5 3 4 3 1 8 6 5 6 6 13 3 3 5
21 47 35 29 31 21 21 13 19 38 18 25 34 23 29 21 39 26 21 20
13 42 29 21 3 5 7 8 12 19 5 23 25 23 20 13 30 20 9 14
30 50 43 36 18 14 25 24 37 33 16 28 46 28 17 28 45 19 20 13
33 74 34 37 29 23 27 33 33 36 24 37 38 33 24 10 36 40 13 33
29 84 65 45 29 27 46 30 24 42 35 57 39 43 25 33 61 32 23 31
5 22 12 12 9 3 4 8 7 9 4 11 10 13 7 10 10 3 3 10
4 25 14 5 2 1 1 4 10 5 3 16 10 8 9 3 15 9 6 5
17 44 26 23 8 5 16 17 18 14 15 24 19 16 16 21 22 23 13 20
12 29 17 16 6 1 2 12 16 13 5 12 17 7 7 13 13 12 8 10
13 45 32 26 24 15 18 11 17 35 11 23 36 20 26 20 36 23 18 13
5 26 24 14 1 6 9 8 9 9 11 16 12 13 15 16 18 16 13 11
23 55 26 39 29 20 32 14 18 35 15 23 35 17 21 18 37 22 13 18
35 63 43 47 35 34 43 29 39 33 22 37 42 29 29 32 49 30 10 31
35 68 42 43 41 33 28 27 44 33 15 39 48 44 32 25 38 30 9 34
5 23 15 3 3 1 6 7 9 15 1 15 15 10 6 1 19 2 1 3
20 63 34 33 27 18 27 22 17 34 17 31 38 31 18 10 37 22 6 17
36 55 39 29 24 18 33 33 48 41 11 34 46 23 22 25 50 32 15 24
13 33 22 12 8 7 9 6 7 26 10 14 22 16 18 2 29 16 14 10
7 25 20 15 12 1 10 8 6 11 4 17 15 16 11 13 18 7 6 9
36 91 64 59 54 47 50 42 46 53 47 56 53 53 37 35 62 42 32 40
3 15 5 9 8 1 6 6 5 6 1 6 5 6 3 9 7 3 2 9
1 16 10 4 2 1 1 1 1 3 3 8 4 2 7 1 8 4 5 1
41 75 46 48 44 29 34 39 35 40 23 51 39 36 34 21 41 42 13 35
15 44 31 30 16 12 16 8 7 14 18 28 21 22 19 18 24 19 13 8
26 61 53 34 15 16 27 28 23 23 21 50 27 41 24 33 47 38 20 37
25 62 43 18 35 25 16 27 35 48 24 44 34 28 30 7 52 32 23 35
31 60 35 38 14 6 15 27 35 10 23 38 30 28 16 25 28 37 17 36
22 40 36 24 14 12 21 19 16 17 18 35 18 17 18 16 27 19 9 7
22 42 36 28 9 4 20 26 13 21 10 30 23 31 8 22 30 15 5 19
5 35 16 19 15 6 15 8 6 22 3 16 21 13 7 11 21 6 3 11
34 64 40 44 38 25 43 30 35 47 16 35 51 30 20 28 47 23 7 27
15 36 18 21 16 10 10 12 17 21 9 15 22 9 14 11 23 17 9 19
1 4 1 3 1 1 1 1 3 2 1 1 4 1 1 3 1 1 1 1
3 14 3 3 1 1 3 2 8 1 2 5 2 1 2 1 6 3 3 1
16 54 26 33 18 16 25 10 28 20 16 21 35 22 21 20 38 16 11 20
41 75 52 46 31 20 37 38 43 52 23 43 49 28 33 25 62 49 23 37
14 34 30 22 7 3 22 9 3 27 7 18 24 10 14 10 35 13 9 1
5 29 12 13 6 5 5 4 13 14 9 11 10 2 12 9 19 14 9 8
12 35 15 15 7 5 10 6 11 17 10 15 16 9 11 6 18 10 10 1
29 67 49 39 14 23 28 9 32 26 29 29 49 42 37 23 57 37 28 25
19 60 41 39 28 21 27 13 34 30 34 29 37 15 27 27 53 33 34 29
14 37 19 24 13 12 20 9 23 18 15 9 28 17 10 19 30 9 14 14
34 52 44 46 20 20 27 29 38 14 16 34 39 41 27 42 28 38 13 35
4 17 7 6 7 4 8 4 14 9 1 5 11 3 7 6 14 6 1 10
31 47 28 33 23 12 16 20 18 28 26 29 28 19 15 4 29 23 17 9
7 20 15 15 7 5 5 7 5 1 7 12 4 5 7 12 11 10 7 8
31 87 51 42 50 38 38 31 29 52 38 57 43 35 37 17 54 42 25 35
21 64 38 35 28 19 28 13 34 31 30 25 40 21 28 20 51 29 30 26
20 49 34 25 11 3 25 25 20 29 10 27 25 21 9 22 34 22 10 23
11 31 15 17 17 5 6 11 9 17 7 14 12 13 7 11 14 9 9 13
24 51 47 29 12 21 24 9 22 28 20 34 40 37 31 22 51 25 22 19
6 16 14 10 3 1 2 7 3 6 1 10 4 3 4 5 12 7 4 6
1 19 9 4 1 1 1 1 1 4 2 5 1 2 7 2 7 7 6 1
44 56 54 48 20 14 39 39 27 43 16 33 44 36 20 36 47 33 19 20
34 74 59 57 42 37 35 27 45 35 30 47 53 48 26 42 53 32 26 38
16 43 23 28 22 15 28 11 22 29 3 14 31 12 19 18 36 19 4 18
5 43 21 12 13 7 5 5 16 13 4 24 15 18 19 5 22 12 5 13
8 34 15 20 14 7 13 6 12 9 11 15 12 7 6 12 16 15 8 12
4 14 6 7 4 1 1 1 8 3 3 4 4 3 4 1 5 3 4 3
17 66 44 31 18 19 28 12 25 26 23 22 44 41 29 19 51 30 24 24
1 37 13 10 6 2 6 11 19 9 1 11 19 13 5 10 18 12 1 19
36 76 51 52 37 31 37 25 32 33 23 53 48 31 41 36 54 46 21 40
12 40 21 17 8 9 9 9 27 6 5 23 21 21 19 13 21 21 7 21
30 52 30 37 17 4 18 24 22 27 20 25 29 15 14 15 34 26 15 22
51 83 67 55 41 29 35 46 39 43 39 64 45 52 33 32 55 50 28 36
24 50 34 23 13 12 16 9 19 29 15 32 32 22 24 6 40 18 13 8
22 63 35 24 27 20 24 15 17 36 22 34 33 30 28 6 39 22 15 16
37 54 60 50 32 36 23 26 36 34 29 28 51 50 44 46 44 44 44 32
21 71 39 44 32 31 42 16 26 32 27 27 53 33 29 27 50 29 21 30
4 14 8 5 1 1 5 5 10 4 4 9 5 4 5 8 9 5 4 5
11 30 28 16 17 9 10 17 20 18 9 24 18 27 12 15 23 7 5 18
42 63 56 45 30 20 34 32 19 45 25 44 44 42 26 27 49 30 21 14
1 26 18 7 12 7 6 16 10 17 5 16 5 13 1 5 18 7 4 20
38 62 53 58 32 30 45 26 39 38 31 17 56 40 28 41 52 35 33 27
3 27 14 9 6 2 6 6 13 11 5 9 18 10 8 8 18 8 5 12
22 50 32 33 20 15 29 28 15 17 25 34 14 30 2 23 26 20 10 31
1 18 10 1 1 3 1 1 6 8 6 8 3 3 9 1 11 10 10 3
5 26 12 14 7 5 4 4 4 6 11 15 1 5 6 9 11 11 8 6
32 70 50 36 25 26 20 19 30 38 17 44 48 42 43 15 56 39 18 33
7 34 21 15 8 2 3 15 17 12 3 16 21 21 10 14 16 15 4 19
21 42 29 17 22 5 6 24 27 28 21 35 17 13 14 5 33 22 22 22
8 20 8 10 5 1 7 5 9 7 5 8 10 3 1 7 17 5 5 4
29 43 30 33 25 8 16 28 34 26 16 26 29 16 17 20 31 27 15 31
22 61 40 30 14 18 27 24 30 21 28 31 26 31 21 27 40 38 26 38
2 17 4 7 2 1 4 6 4 6 1 4 5 4 1 8 6 5 1 9
33 58 51 43 15 12 36 35 32 22 22 41 33 40 14 41 39 28 22 26
39 65 52 37 29 19 22 32 38 49 39 46 45 31 28 23 62 36 39 30
1 18 7 8 5 1 9 4 6 9 4 5 8 1 6 6 13 8 8 5
7 20 13 20 13 9 15 6 8 12 8 11 15 4 8 18 14 12 9 12
29 57 34 34 20 13 20 24 25 32 14 28 35 25 24 19 34 28 14 24
18 30 17 23 17 11 14 15 24 27 1 7 28 16 12 18 20 13 4 16
10 16 12 17 9 1 6 10 7 10 4 5 12 11 5 15 6 6 6 8
10 31 22 24 17 10 16 2 2 10 11 20 18 6 12 16 20 11 9 7
44 82 53 53 29 20 41 42 33 45 43 36 43 52 29 25 50 46 32 42
4 13 4 7 3 1 2 1 3 2 2 4 5 2 3 1 2 1 2 2
1 26 22 9 1 3 8 2 2 12 8 15 13 13 12 8 26 9 10 4
35 77 48 47 33 26 29 34 54 40 18 34 63 46 27 25 58 38 17 44
6 39 23 19 5 3 6 13 16 4 1 17 20 19 9 10 21 23 1 20
4 35 18 21 13 7 16 7 9 17 6 16 19 7 10 18 21 12 7 11
4 41 23 16 12 7 16 12 9 25 7 14 16 16 10 11 30 11 7 17
42 47 45 45 26 19 28 38 31 29 19 40 33 36 13 38 26 25 16 22
8 40 20 11 17 8 7 14 19 16 3 21 16 14 16 4 23 14 5 19
8 25 16 22 4 3 12 8 13 6 5 6 14 10 1 21 12 9 6 11
17 53 30 21 21 11 12 25 26 27 11 30 20 19 17 11 30 25 10 32
17 46 32 33 7 12 26 11 6 13 17 18 25 23 13 18 27 14 10 10
9 29 21 14 7 4 6 10 12 11 4 17 15 13 15 13 18 13 8 13
39 69 55 39 25 21 41 34 29 47 22 45 42 36 30 30 57 40 26 25
35 63 58 41 28 30 28 26 28 29 27 52 38 44 32 28 46 32 17 26
44 56 50 50 29 27 30 31 35 34 9 40 48 38 31 31 37 35 8 25
37 55 53 46 36 27 21 32 26 49 18 42 42 37 29 39 43 42 34 31
3 12 5 7 2 1 2 3 5 6 1 3 9 4 4 5 5 3 2 6
15 54 33 29 35 25 28 24 18 37 17 32 31 21 26 26 34 26 18 33
42 45 54 44 31 21 22 42 42 35 23 37 42 38 19 40 41 31 32 35
7 20 6 14 8 5 5 3 11 7 2 6 9 1 6 4 10 5 1 8
3 31 14 4 4 2 8 1 5 19 4 9 16 10 13 1 21 7 8 2
15 51 34 36 15 15 29 8 21 24 13 19 38 20 20 22 44 14 12 13
19 52 37 19 10 10 16 22 28 25 14 33 30 27 23 19 34 31 14 26
10 26 13 21 12 6 8 11 9 10 9 11 14 13 3 15 10 7 4 15
3 23 18 8 1 1 6 2 12 8 7 13 7 3 7 7 17 6 8 3
25 55 51 35 36 25 37 38 24 51 23 48 34 29 18 35 52 30 26 27
28 60 53 36 30 19 19 20 28 40 33 45 43 28 30 22 55 32 34 24
40 69 42 46 38 30 26 30 50 32 19 38 56 41 32 23 40 40 15 29
14 16 15 18 5 1 3 14 10 11 1 9 11 9 1 15 10 8 3 5
50 63 55 62 52 49 45 37 49 42 40 33 55 51 41 39 46 41 38 32
6 32 9 14 8 1 7 7 7 15 1 9 12 7 3 3 16 5 2 9
29 50 26 32 12 5 28 23 27 27 14 19 30 17 11 9 33 18 6 15
10 36 28 20 7 4 9 15 13 9 9 21 14 22 10 19 19 14 10 16
45 87 64 52 44 35 51 40 43 60 25 60 60 49 43 20 70 43 18 24
25 81 57 37 34 32 38 28 44 48 22 53 53 41 37 29 69 39 19 40
3 23 14 20 11 8 17 3 3 10 10 8 15 8 5 18 18 5 8 6
25 41 28 37 16 10 17 26 21 17 21 23 22 27 3 31 20 18 15 25
34 69 42 36 21 5 22 30 42 33 15 40 43 21 23 14 49 34 14 31
16 51 31 25 16 8 20 16 27 23 1 29 29 18 18 16 34 20 1 23
1 13 1 4 2 1 3 1 5 3 1 1 3 1 1 3 5 1 1 1
34 46 32 45 15 9 29 27 16 25 17 17 30 29 8 27 29 24 11 21
9 36 12 11 11 9 5 16 24 14 7 12 17 15 7 1 20 22 10 20
7 23 11 15 8 2 8 8 12 5 10 10 8 3 3 11 15 8 7 8
3 11 11 4 3 1 5 3 5 4 1 7 4 3 6 4 12 5 6 5
10 17 6 19 8 4 7 6 4 6 5 7 8 4 2 9 8 5 1 6
30 77 50 35 28 26 30 21 32 43 24 43 43 42 38 13 62 33 16 28
2 23 10 5 3 1 1 3 7 7 1 7 9 7 4 1 8 5 3 6
6 25 13 10 7 1 6 12 8 14 4 12 10 10 7 12 14 13 8 14
11 29 13 18 12 6 8 10 11 17 2 9 22 12 13 12 16 9 2 14
1 17 5 6 5 3 7 2 9 11 2 1 11 1 6 8 13 5 2 8
14 37 20 20 11 3 17 14 18 20 1 16 20 9 6 16 23 13 1 17
1 12 7 4 6 1 6 3 5 5 1 5 4 4 3 3 11 3 4 5
1 8 1 2 1 1 1 1 7 1 1 1 4 1 1 1 1 3 1 6
4 41 17 22 17 10 20 10 17 21 7 13 23 10 9 20 24 14 6 21
4 28 25 3 3 1 2 12 8 18 2 23 10 11 11 5 22 10 6 9
28 63 43 28 33 24 19 25 26 44 25 46 28 30 20 13 46 22 19 27
6 13 15 12 2 4 6 3 6 7 8 5 10 7 5 12 14 6 10 3
12 39 24 13 10 6 9 14 21 17 6 21 22 10 17 10 28 21 9 18
17 48 21 23 21 15 11 9 16 23 19 26 21 17 17 10 26 24 19 20
1 13 9 5 1 1 2 2 7 4 1 8 11 8 9 4 7 5 2 3
2 16 4 4 1 1 1 1 4 1 1 5 1 1 3 1 4 3 3 1
24 56 35 27 16 1 24 23 28 31 15 29 34 13 11 11 43 22 12 14
33 75 54 46 21 24 39 29 33 36 24 38 44 40 36 30 57 39 17 32
2 21 14 4 1 1 3 2 8 4 8 12 2 1 7 4 16 9 9 1
32 57 56 44 27 22 18 24 42 33 28 39 50 36 32 33 50 39 37 26
15 52 29 25 15 16 19 4 20 13 27 24 25 17 18 13 32 17 20 10
35 75 60 51 53 37 40 49 53 62 40 49 52 45 23 38 67 43 40 49
30 53 46 39 31 34 25 15 24 28 40 22 38 42 39 31 44 35 41 33
34 79 60 47 36 34 24 34 28 41 38 61 36 55 34 28 55 47 32 47
16 51 26 30 24 16 20 21 33 25 10 17 39 30 17 23 29 19 11 27
33 48 52 44 33 33 17 33 39 33 13 38 44 51 33 41 38 31 31 32
17 49 24 27 15 9 20 17 18 17 13 21 23 17 14 18 27 19 8 22
1 7 2 1 1 1 1 1 1 2 1 3 1 1 1 1 5 1 1 1
19 67 56 37 29 22 32 36 37 36 27 51 30 42 19 33 49 36 22 42
5 27 8 15 8 6 11 1 10 4 10 8 7 3 3 7 11 2 6 1
4 22 13 5 6 1 2 4 5 13 3 11 13 10 13 3 14 6 7 6
7 22 7 10 4 2 6 10 16 10 1 6 16 6 1 3 17 9 1 11
36 54 47 44 21 18 22 32 28 40 24 25 41 42 24 28 38 37 32 27
1 16 7 4 1 1 1 3 5 3 1 3 1 1 3 4 5 6 2 6
43 91 65 63 47 39 41 35 39 47 54 64 64 41 48 37 64 58 43 38
12 29 14 17 15 14 17 13 20 22 1 9 22 10 17 12 23 15 1 18
39 74 60 55 36 30 51 33 26 51 33 50 54 41 30 33 60 31 26 9
45 81 55 61 33 24 42 36 46 38 38 31 58 50 33 37 55 39 31 42
44 62 47 51 24 16 33 36 22 29 35 43 33 32 18 19 39 37 21 19
40 69 52 53 35 20 26 41 39 41 16 47 49 45 30 45 42 45 31 38
19 46 36 30 20 13 24 20 2 25 23 35 19 22 17 27 30 33 24 26
29 80 49 40 45 35 35 44 60 49 22 42 56 47 26 21 64 42 16 54
11 40 25 27 4 9 19 7 15 16 13 10 26 17 14 21 27 12 15 12
7 34 14 8 11 8 6 2 7 19 12 14 13 9 14 2 21 13 14 5
5 13 10 5 1 1 5 5 6 9 1 8 8 4 5 5 14 1 4 1
46 71 48 48 45 37 31 30 38 51 21 42 53 43 40 23 47 41 21 29
25 62 54 32 24 23 35 31 27 42 24 42 39 39 23 32 56 29 28 25
6 13 8 11 3 1 4 2 5 1 3 5 6 3 1 6 8 2 1 4
46 74 60 56 37 24 43 42 27 54 32 36 50 50 36 22 53 39 23 29
24 71 62 37 28 30 39 26 44 31 26 46 42 48 30 36 61 34 27 32
31 70 43 45 30 29 42 41 44 33 14 36 43 44 26 42 46 40 12 53
11 46 27 20 7 7 9 7 17 9 6 28 19 18 21 16 30 24 9 15
22 40 28 28 20 14 18 15 16 21 14 24 20 14 19 13 23 18 9 13
21 37 41 28 16 8 14 25 17 26 9 28 24 28 18 25 25 23 14 18
8 43 18 21 16 6 15 8 8 19 11 21 12 10 8 12 24 11 7 12
27 62 44 28 36 26 26 43 50 50 20 38 39 35 18 23 52 35 22 40
5 15 13 8 1 4 1 1 10 5 1 12 14 12 13 9 10 8 1 6
5 18 7 8 7 1 1 8 8 7 1 9 6 9 4 6 1 5 4 10
1 10 1 1 4 1 1 1 3 2 1 3 1 2 1 1 2 1 1 5
1 19 5 3 1 1 3 1 4 3 1 4 8 4 4 2 9 1 1 1
16 30 24 16 8 7 15 17 19 19 5 17 15 8 13 12 24 18 7 17
18 48 25 35 20 20 22 24 29 19 12 10 32 28 10 23 26 26 10 35
29 69 50 46 10 15 33 21 23 15 24 38 34 39 26 33 49 36 19 29
18 50 42 27 19 14 29 15 25 34 10 30 40 22 25 25 49 19 12 14
26 40 26 25 27 14 11 20 28 27 11 24 22 17 13 13 24 18 12 16
30 78 58 47 28 27 39 24 28 41 28 49 49 33 40 37 62 48 26 34
2 27 10 9 9 4 9 5 13 15 1 10 20 11 14 5 19 8 2 12
45 66 61 47 44 22 17 52 56 51 21 57 48 45 27 31 50 39 26 43
22 62 35 32 24 12 18 24 30 30 17 34 33 24 22 17 40 28 16 31
37 67 46 46 42 35 32 48 48 56 6 26 56 48 26 30 49 44 11 49
36 89 65 55 38 38 39 47 41 44 37 49 49 65 20 33 54 45 26 46
20 57 30 29 14 9 21 16 22 24 12 28 30 21 18 13 34 22 11 19
26 54 40 32 23 17 26 24 24 31 13 40 36 30 20 23 41 21 9 19
31 81 58 49 40 35 45 27 39 46 31 48 56 39 36 34 70 33 26 39
36 71 52 48 42 40 38 32 45 45 25 33 58 50 43 41 56 45 28 46
20 42 25 37 23 14 24 15 8 16 17 26 22 15 11 24 16 20 8 21
7 21 8 16 6 2 6 6 3 5 3 6 6 3 3 8 8 8 4 7
15 57 30 19 28 20 13 27 32 18 18 35 24 32 11 3 29 23 8 29
3 7 6 6 1 1 2 3 4 4 1 4 2 1 1 2 8 2 2 2
2 17 10 9 1 1 1 4 7 3 1 8 9 7 8 6 6 6 2 5
27 87 69 52 33 31 49 34 31 51 42 45 53 55 40 35 66 47 36 45
9 57 33 36 25 20 27 12 13 22 20 32 30 27 15 23 31 13 9 18
7 27 15 13 6 1 10 3 8 14 3 13 12 2 6 8 21 5 6 1
22 73 54 46 39 41 43 24 48 31 30 35 49 50 38 40 61 36 26 50
17 30 21 25 17 9 11 13 10 19 11 15 20 16 10 18 17 11 11 9
10 36 20 15 13 10 12 9 22 14 1 18 20 12 21 9 24 16 2 13
18 52 23 25 17 7 23 20 25 30 7 21 27 16 13 12 34 19 7 21
3 19 6 5 5 2 2 1 7 11 1 4 12 4 9 2 12 5 5 6
28 78 47 42 40 29 32 32 43 45 25 38 59 27 34 21 61 50 27 42
2 16 9 6 7 1 4 5 1 7 3 9 1 6 5 3 10 6 7 7
4 23 10 10 8 4 8 4 10 12 2 4 10 1 11 7 17 12 6 10
34 78 50 39 37 33 18 39 35 37 39 52 35 49 24 21 46 46 28 50
32 77 43 44 27 18 31 24 23 32 17 44 39 35 28 19 43 34 7 26
6 34 22 16 9 5 8 4 13 9 11 21 15 13 16 10 21 14 9 11
8 39 17 19 18 11 17 7 18 18 6 16 21 7 18 13 25 16 9 13
6 26 8 10 11 4 6 6 10 19 2 7 16 8 10 3 15 7 6 11
6 42 30 24 11 10 18 1 17 13 13 18 27 17 21 18 35 13 14 9
15 30 18 19 14 10 17 14 23 21 1 12 25 11 14 11 25 15 3 19
55 83 70 61 36 25 29 42 42 53 26 56 61 54 42 38 63 57 35 40
1 15 7 5 5 1 7 1 6 8 3 5 7 1 5 4 12 6 7 4
18 53 41 38 16 12 28 15 14 30 10 28 41 29 26 26 45 25 9 21
3 13 6 6 1 1 1 2 6 2 1 3 6 3 4 4 2 4 3 3
54 74 69 63 44 27 32 46 45 44 38 65 52 43 37 31 51 54 33 30
12 46 14 23 14 8 13 9 22 11 10 20 25 15 13 8 19 14 3 14
1 14 5 1 1 1 3 1 10 1 1 6 1 1 1 1 8 1 1 1
19 42 40 18 11 9 12 22 20 28 7 38 26 26 20 18 37 24 14 14
36 64 39 41 27 19 38 36 27 33 17 39 36 37 20 24 36 31 7 39
6 27 12 12 7 2 4 1 11 7 3 9 14 8 12 6 11 5 3 5
32 60 39 48 24 20 28 31 29 23 20 29 42 41 15 24 29 33 8 22
1 15 3 1 1 1 2 1 3 4 1 1 5 1 2 1 7 1 2 1
1 13 8 1 4 1 4 1 9 8 4 5 7 1 9 5 10 7 8 5
1 19 2 1 2 1 1 1 7 5 1 3 6 2 3 1 4 1 1 1
13 49 22 18 21 18 16 17 32 21 7 18 31 22 25 8 29 27 9 26
5 10 9 12 1 5 9 4 4 4 7 1 7 5 4 12 8 5 7 5
35 78 54 56 18 23 43 34 42 30 19 33 57 49 26 38 59 44 16 45
29 67 46 45 18 20 32 23 24 20 26 41 35 37 24 31 43 35 18 33
28 63 46 34 19 18 31 34 38 39 12 31 51 44 17 20 53 28 11 25
43 64 62 60 52 47 36 34 35 58 27 44 57 41 49 48 57 54 35 40
1 10 2 3 1 1 1 1 1 2 1 1 2 1 1 5 3 2 1 2
6 10 8 6 4 1 1 5 5 10 1 4 9 6 1 3 9 1 2 3
34 80 66 54 29 37 42 23 34 24 41 56 48 44 46 50 58 56 36 45
14 54 39 20 15 11 21 30 32 21 12 36 24 30 14 21 35 23 9 29
4 27 13 11 9 1 6 9 9 6 4 14 4 3 3 8 14 12 7 10
9 26 16 14 13 5 5 13 7 14 1 13 14 18 9 10 12 6 6 12
13 29 14 18 13 9 19 8 12 16 12 16 15 10 3 8 22 2 4 5
22 67 41 30 20 24 12 12 37 22 31 33 43 35 31 15 49 37 30 29
11 25 26 14 7 1 12 8 12 13 5 21 17 12 15 11 25 11 9 1
9 29 19 20 13 5 11 8 12 17 4 15 25 16 13 15 20 10 6 7
17 45 32 26 29 22 14 33 34 33 3 17 36 35 13 17 31 23 1 37
13 25 17 19 17 7 10 12 14 21 2 13 24 16 7 16 15 8 7 4
13 27 13 16 17 6 6 8 11 15 6 15 17 15 7 5 11 1 2 9
5 17 12 8 2 1 4 3 4 16 1 6 12 2 6 3 19 5 5 1
47 74 68 48 25 19 35 38 32 46 21 59 51 54 29 41 60 45 28 33
3 29 12 6 6 4 2 2 9 14 8 13 8 5 10 1 17 9 10 3
10 43 18 17 14 9 11 12 19 15 9 18 14 11 15 10 17 21 9 22
26 50 37 44 18 21 38 19 25 12 30 20 29 29 16 40 38 28 24 34
1 12 4 5 1 1 1 3 3 2 1 1 1 1 1 6 2 3 1 5
40 84 55 56 41 37 46 34 28 53 36 45 64 42 46 27 59 51 26 29
7 21 7 11 8 4 7 3 14 10 1 2 12 4 8 4 12 6 5 7
28 57 46 26 24 20 19 20 22 32 28 41 31 32 19 18 44 17 24 17
13 43 25 17 20 3 7 18 22 22 13 27 20 11 9 7 28 21 16 21
47 79 56 49 42 37 28 33 40 42 46 61 49 44 48 14 49 54 36 31
22 52 32 30 28 22 23 17 17 30 18 28 31 27 26 16 31 19 11 18
38 78 53 46 40 20 29 30 26 50 32 52 50 34 33 11 55 36 23 18
1 11 4 1 5 1 1 4 1 5 1 5 1 5 1 1 5 1 1 5
42 60 40 49 43 26 31 30 42 45 16 35 48 25 24 26 47 33 18 27
12 29 12 15 13 11 13 6 11 9 12 16 12 9 8 1 11 7 2 2
7 34 11 12 20 9 7 17 23 20 5 11 17 19 2 4 15 5 1 21
3 10 7 2 2 1 4 5 7 5 2 9 1 3 1 4 10 1 1 2
27 57 34 27 22 16 16 25 17 18 28 41 17 29 18 11 22 35 16 26
27 81 41 37 33 14 26 25 34 46 31 40 49 28 32 10 54 39 27 30
31 73 53 33 24 17 28 43 39 30 29 60 24 42 18 24 44 38 20 41
15 55 32 26 11 7 16 16 14 16 22 33 17 22 10 17 28 21 15 20
40 54 58 42 34 26 23 39 33 52 15 46 48 46 27 35 50 29 30 21
30 51 41 37 29 18 25 25 21 31 21 37 27 27 22 23 30 24 15 17
33 64 51 52 27 25 35 20 30 21 27 33 42 38 31 33 41 32 16 28
12 53 33 20 22 16 14 17 18 32 13 30 24 23 22 10 37 18 9 21
3 19 13 4 2 3 2 3 7 8 7 13 2 3 8 1 16 10 10 1
40 92 62 41 47 35 37 49 54 58 21 63 54 50 32 31 67 47 19 46
5 32 17 15 12 8 14 1 1 23 10 15 19 7 12 9 26 14 14 3
20 52 37 25 9 10 12 20 20 14 19 35 22 28 20 18 31 35 15 26
47 82 63 64 36 16 36 40 39 49 37 48 57 37 32 37 61 47 32 36
9 29 20 13 12 4 1 9 10 19 8 17 11 14 10 10 17 9 11 7
1 19 15 8 7 3 9 1 5 5 1 12 11 8 11 6 14 8 6 1
23 58 42 23 20 20 13 15 28 28 14 40 38 39 31 17 42 30 15 27
35 69 44 44 23 15 37 25 33 37 15 40 48 27 24 26 49 28 9 19
23 49 48 41 15 10 27 22 16 24 11 32 34 34 14 35 38 22 13 19
24 71 53 42 33 29 37 41 45 32 37 44 33 41 12 35 55 39 32 50
31 51 52 48 23 24 34 18 35 25 15 38 45 34 21 43 46 24 19 15
5 19 11 13 6 1 10 4 3 10 1 6 14 5 6 9 15 6 5 5
16 68 41 27 29 18 25 23 25 45 20 38 37 23 22 13 51 27 19 30
21 56 41 25 29 20 26 19 18 45 18 43 32 20 20 20 48 26 25 18
24 62 38 24 22 19 16 25 27 34 14 33 38 36 29 16 36 38 15 38
1 20 9 1 5 1 2 3 5 6 1 9 8 9 7 1 8 4 3 7
6 18 9 7 8 5 5 4 12 12 4 8 10 1 7 1 16 5 5 7
1 13 5 4 2 1 2 1 3 6 1 3 10 3 5 2 10 1 1 3
17 39 25 31 15 7 21 15 16 29 5 13 34 17 13 22 27 14 5 8
3 8 9 7 3 3 5 1 3 5 5 4 8 6 5 9 10 1 3 4
36 70 44 43 31 17 35 33 32 42 30 33 44 31 29 12 49 32 20 28
19 50 36 32 29 18 26 21 11 26 17 38 24 20 15 15 31 20 7 17
1 24 7 5 7 1 7 1 11 12 2 5 9 1 8 6 14 6 6 6
37 87 61 44 51 50 30 31 45 52 44 67 50 58 49 19 61 47 32 42
30 60 44 42 20 15 32 21 30 36 32 23 44 28 25 24 53 30 31 20
15 36 14 13 12 6 11 11 21 22 6 14 27 14 13 5 24 10 7 14
5 24 11 12 9 1 8 6 8 7 4 11 7 8 9 10 10 8 8 8
43 83 60 45 29 26 44 23 39 52 29 52 57 38 43 22 72 42 25 20
22 44 30 25 28 5 5 31 29 31 15 27 24 21 10 14 29 22 18 28
37 62 42 45 36 20 25 25 37 38 23 34 48 29 27 19 41 30 21 18
4 28 8 7 8 5 3 1 4 12 9 12 5 5 7 1 12 7 8 2
42 78 66 52 42 23 31 45 31 56 35 52 46 47 27 31 58 43 32 35
4 13 8 11 1 1 1 4 1 1 1 3 5 5 3 8 3 5 2 5
35 90 62 55 44 27 35 36 39 53 35 54 61 39 38 36 65 50 35 44
5 20 7 9 10 1 5 8 5 10 1 9 6 9 1 8 10 1 1 6
15 47 30 22 13 7 5 25 17 17 10 26 19 31 11 18 14 25 10 26
7 53 23 21 18 14 20 10 30 26 4 18 41 20 19 10 38 22 5 21
6 39 15 16 4 3 7 10 19 12 1 11 25 16 6 4 23 12 1 12
9 27 10 12 7 1 13 11 9 18 3 6 14 14 6 5 16 5 3 9
1 28 12 3 9 2 1 3 2 13 4 13 4 9 10 1 12 6 7 6
23 56 42 28 30 24 21 24 8 26 30 44 16 35 22 13 29 28 14 24
2 13 10 6 7 2 1 10 1 7 1 9 2 8 2 7 8 7 4 12
35 69 42 39 39 31 17 31 29 48 29 38 45 44 27 16 41 36 23 35
2 21 6 7 6 1 4 1 5 5 1 8 4 1 1 1 12 1 1 1
7 21 20 17 2 1 6 4 6 7 1 16 16 9 8 11 20 7 1 4
8 24 17 20 5 5 12 9 2 12 7 7 15 14 4 16 20 8 9 11
5 27 14 17 1 4 14 5 10 13 6 4 18 9 4 13 20 3 5 6
6 30 8 17 15 8 15 1 10 18 5 8 19 1 9 8 21 8 6 5
34 78 62 50 43 39 44 36 29 49 27 55 54 40 53 41 61 58 30 47
47 57 46 53 28 16 36 40 37 45 16 28 44 33 23 27 43 35 19 26
26 38 36 26 18 9 17 25 23 38 1 20 40 29 19 13 35 16 6 14
35 61 50 44 30 17 36 33 18 38 23 50 32 31 17 35 39 31 21 22
2 21 8 2 2 1 1 3 14 8 1 7 12 4 4 1 12 2 1 6
35 73 54 44 33 25 45 35 35 48 18 48 53 29 35 34 62 39 20 34
17 34 24 21 17 2 4 15 20 15 21 24 14 6 13 9 28 20 20 15
27 38 32 28 17 11 18 21 19 22 11 28 29 22 12 16 22 13 6 7
35 55 42 38 11 10 29 26 27 29 6 36 40 34 22 28 42 26 3 27
3 17 5 7 4 2 9 1 6 14 2 1 14 5 3 5 14 1 2 4
8 35 26 16 4 1 13 13 6 13 5 23 13 17 10 14 23 16 5 14
1 23 9 5 5 1 1 5 8 9 3 8 5 5 4 5 12 9 6 11
45 65 48 56 37 23 27 38 42 40 32 36 53 37 21 30 41 36 27 33
34 74 50 44 35 33 29 23 37 31 40 42 46 42 38 22 46 39 29 28
22 27 27 27 9 3 14 24 8 13 13 20 12 23 6 27 12 24 17 20
17 37 43 31 12 11 15 14 16 20 8 28 27 26 18 27 34 21 14 10
1 25 11 10 1 1 2 1 8 6 1 8 14 6 10 2 14 7 2 4
1 13 5 6 6 1 1 6 8 5 1 5 4 6 4 5 5 7 6 11
28 71 50 43 38 31 28 21 35 40 34 37 44 33 34 30 53 39 35 39
38 78 65 60 53 44 55 42 51 51 37 47 52 48 28 52 63 34 30 45
32 73 51 50 49 30 37 42 48 57 29 39 52 40 16 32 54 34 31 39
18 67 43 39 27 25 37 25 23 39 22 25 49 34 25 25 52 35 23 29
33 55 47 47 24 24 33 24 36 31 16 29 48 34 27 37 48 24 15 26
14 36 8 23 23 13 19 6 13 19 9 14 22 9 9 5 15 8 1 11
24 36 22 30 17 12 9 19 26 25 5 13 35 24 12 16 15 17 13 14
45 79 64 59 35 31 45 37 45 44 26 38 58 53 38 44 58 43 25 45
13 57 36 26 29 23 17 15 16 38 22 32 33 28 20 13 47 30 22 29
41 86 60 55 36 30 37 31 42 42 41 46 57 47 40 23 65 40 27 36
23 58 31 29 22 15 23 31 30 31 5 23 32 30 12 9 39 28 5 29
38 63 42 52 32 29 40 35 31 28 29 37 36 40 24 33 34 37 16 38
12 34 15 26 15 10 17 9 3 14 14 15 16 14 5 13 17 9 8 9
24 41 26 30 27 11 13 21 21 23 11 26 24 19 5 17 19 13 10 13
18 31 26 17 14 3 16 19 18 18 8 24 18 16 6 17 25 6 7 9
1 18 8 2 2 1 3 1 4 4 1 7 6 4 4 3 11 2 2 3
23 50 35 28 19 9 22 26 34 30 6 35 41 28 14 24 39 23 10 19
46 84 64 54 27 30 53 35 31 38 45 53 46 47 30 39 61 41 33 33
37 77 55 57 35 36 50 21 38 32 27 43 56 44 37 33 60 32 13 29
2 27 14 9 1 1 3 5 8 7 2 11 7 4 7 6 12 12 6 9
11 25 21 17 7 3 1 9 19 11 1 9 23 15 13 13 13 16 5 12
38 74 49 32 27 15 25 28 34 50 27 47 46 31 32 10 59 36 25 24
7 16 13 6 6 1 6 8 6 9 1 13 9 10 4 4 13 1 1 7
28 63 50 52 32 25 32 22 21 20 28 41 37 36 23 41 39 29 23 29
30 51 31 37 24 18 24 36 36 39 5 11 46 36 19 22 31 34 12 32
24 44 35 24 15 6 12 26 14 20 19 31 14 27 11 23 22 28 20 23
7 46 29 23 14 14 24 18 18 24 16 17 19 25 8 18 33 12 14 24
18 42 38 31 12 5 17 18 15 23 9 27 29 22 16 25 29 25 13 15
2 15 14 2 1 1 1 2 3 9 2 10 5 2 7 1 15 5 6 1
7 4 6 9 3 1 1 4 2 4 1 1 7 6 1 5 1 1 2 1
18 50 37 20 15 6 23 30 19 28 9 35 21 27 10 19 33 17 7 24
1 12 13 5 1 1 1 4 1 1 1 8 3 3 6 7 9 6 4 4
27 70 53 42 28 14 29 27 24 40 23 46 41 33 27 33 51 39 23 31
1 17 3 2 4 1 1 2 2 2 1 5 1 3 1 1 1 1 1 4
32 89 58 46 39 26 32 46 40 46 38 52 44 48 21 27 58 49 31 52
1 8 4 2 3 1 1 2 6 6 1 3 5 1 3 3 9 1 1 5
2 8 2 5 1 1 1 1 1 2 1 1 4 1 1 4 4 3 3 1
8 16 14 9 3 1 5 7 7 8 1 11 12 9 7 9 14 4 1 6
1 8 4 2 1 1 1 1 4 2 1 1 3 1 1 1 5 1 1 2
1 13 3 4 1 1 1 3 6 3 1 2 2 1 1 3 3 4 2 5
17 38 26 18 19 5 3 23 18 22 13 26 22 18 11 10 26 16 14 22
4 8 3 6 1 1 2 1 7 1 1 3 4 3 3 3 3 1 1 3
4 15 2 11 6 1 1 3 3 3 2 5 2 1 1 5 3 2 1 6
10 14 14 14 5 4 12 8 11 14 5 8 14 5 5 12 20 4 5 6
8 32 24 15 14 13 20 12 18 20 10 16 21 17 14 13 29 5 9 16
35 49 47 47 21 19 35 31 37 42 18 19 49 32 22 33 49 26 25 20
24 47 35 21 16 4 6 15 19 30 18 29 32 19 19 5 38 22 22 10
4 31 22 12 5 7 13 1 12 12 12 14 16 12 15 13 26 11 14 6
31 63 47 45 20 23 22 25 26 34 23 24 49 45 25 23 41 37 24 22
25 59 23 27 20 10 22 25 31 29 19 23 37 28 17 3 31 21 10 25
13 38 23 20 15 11 11 9 14 22 8 15 21 13 21 11 23 20 12 13
1 10 10 1 1 1 1 1 3 4 1 6 7 3 6 3 10 1 1 1
29 75 51 42 53 41 48 41 46 52 31 55 46 41 28 22 53 32 16 35
15 36 34 17 7 9 16 8 10 24 14 24 23 19 20 9 39 17 16 7
1 18 5 6 2 1 5 1 8 9 3 4 10 4 3 7 11 1 2 3
11 34 33 21 14 3 13 18 9 20 2 25 19 18 7 19 29 8 3 11
26 48 38 35 19 8 22 24 26 23 20 31 27 13 12 25 37 22 18 21
10 33 21 17 13 11 12 12 20 19 10 13 16 11 18 15 23 20 12 21
7 39 18 10 12 6 12 12 14 24 6 16 17 17 11 5 23 8 9 13
14 27 25 26 17 13 13 11 8 13 12 16 19 24 6 18 20 1 8 11
28 61 49 42 34 30 45 33 41 38 16 35 41 35 21 41 52 30 16 39
37 78 54 45 36 29 22 44 54 49 19 44 56 56 29 23 53 42 23 40
9 24 16 11 9 6 1 3 12 18 4 7 15 7 13 6 17 11 10 3
12 46 25 27 8 13 22 14 27 18 5 12 39 25 18 18 34 21 4 25
15 27 29 23 6 5 14 15 11 11 7 18 16 16 10 21 21 12 9 10
30 60 62 47 37 29 35 39 44 46 18 42 49 48 23 44 53 26 26 26
27 52 30 37 22 14 30 26 13 29 18 25 26 27 15 15 28 21 1 21
31 77 55 37 37 31 32 38 41 45 28 60 36 42 29 24 54 37 19 38
41 76 60 60 42 34 43 32 26 57 31 38 57 41 39 40 57 44 33 31
54 73 56 53 44 22 38 57 54 66 26 45 59 43 35 30 68 41 22 47
18 53 40 32 27 25 23 7 18 32 29 33 32 24 28 23 45 23 29 19
26 55 36 35 31 20 20 25 32 31 13 29 34 29 26 24 32 29 15 27
19 31 27 27 13 11 5 11 22 15 3 16 29 22 20 20 20 18 10 11
16 46 16 26 17 7 16 15 15 12 10 24 15 14 6 17 16 18 7 20
10 31 15 20 10 7 17 7 12 18 8 8 21 10 9 11 24 7 4 12
1 15 9 4 2 1 3 1 6 4 1 5 6 3 6 4 8 3 4 1
6 43 27 16 9 8 13 15 13 17 13 22 16 20 6 14 28 10 10 18
13 20 18 18 15 6 3 12 14 19 5 10 16 13 10 13 14 12 13 9
43 98 62 52 48 32 39 48 50 59 32 59 56 50 38 22 68 49 22 48
45 71 61 60 44 42 46 50 57 43 39 37 48 59 28 55 51 46 38 61
16 34 34 21 4 7 24 20 12 16 13 24 21 21 8 26 27 13 10 17
42 78 52 55 42 42 38 37 39 53 27 32 62 53 35 30 56 46 24 44
29 57 41 34 38 31 22 17 17 35 35 43 33 33 35 14 38 32 26 17
11 30 20 10 11 3 8 15 13 21 2 20 20 18 5 6 22 3 1 13
19 59 45 35 18 20 30 11 19 27 24 31 34 24 27 28 48 27 22 20
47 81 70 61 59 46 44 53 43 65 32 65 47 52 38 48 60 55 34 52
40 71 53 49 36 35 36 30 22 40 45 51 41 46 37 22 44 43 32 27
5 27 20 10 15 9 12 11 10 17 5 15 14 13 14 10 23 9 7 16
19 30 37 30 12 14 14 14 18 17 14 11 26 24 14 30 27 19 22 15
35 63 50 36 20 16 10 32 35 39 23 32 50 41 26 14 49 46 26 30
1 14 11 2 1 1 1 1 1 4 2 8 2 1 6 1 11 4 5 1
15 58 46 30 25 24 24 16 14 34 26 37 32 36 26 25 44 27 26 29
13 37 22 20 18 9 10 3 5 18 12 20 18 14 12 8 20 10 11 1
9 44 27 23 16 7 18 5 13 20 9 26 22 10 17 12 34 14 5 10
27 60 40 31 31 21 20 22 16 41 17 32 36 34 24 11 38 21 13 16
33 73 59 55 48 44 44 39 47 44 41 41 44 51 27 45 53 38 36 51
49 89 68 68 25 22 53 37 35 38 42 49 57 56 40 35 61 56 28 36
31 53 42 42 22 15 32 35 33 44 10 23 51 30 17 30 43 30 14 23
41 79 56 50 34 23 35 40 45 52 15 43 57 48 41 32 59 43 17 39
33 69 53 44 31 30 50 39 46 42 30 37 40 45 16 41 58 28 24 40
17 53 34 31 19 17 26 22 32 26 10 21 35 26 20 26 37 22 12 32
5 35 16 13 6 4 9 5 11 15 7 11 10 5 12 10 20 16 8 12
2 14 4 6 2 1 4 1 2 8 1 1 11 2 2 1 12 1 1 1
35 67 51 46 22 18 41 20 25 41 22 41 51 28 36 23 58 31 17 19
35 57 44 33 32 27 23 32 39 40 21 37 44 38 24 24 36 32 22 21
37 78 55 50 26 18 42 38 34 42 21 39 47 46 36 27 54 43 14 42
23 47 40 24 24 16 9 27 16 31 15 36 19 31 14 19 27 22 16 19
15 37 19 13 15 13 12 12 24 23 14 19 19 9 20 5 28 23 17 15
1 16 1 5 3 1 5 1 6 11 1 1 11 1 4 1 10 1 1 3
12 46 32 26 20 10 25 15 9 32 9 27 32 16 19 19 39 16 12 15
16 38 31 34 19 15 31 12 16 30 15 17 36 14 12 31 40 9 15 14
32 38 25 35 29 17 13 24 28 27 21 24 33 19 14 18 20 20 16 14
1 19 12 7 6 1 4 6 12 8 4 9 9 7 8 10 11 6 5 9
5 14 9 10 3 1 3 6 4 1 1 6 5 6 5 8 4 7 4 8
23 35 29 28 14 9 12 16 19 18 8 26 26 20 13 18 25 13 7 10
13 29 20 18 12 5 7 10 13 19 6 13 23 17 13 11 15 11 12 8
20 51 30 35 10 3 27 17 16 25 7 16 33 22 19 14 33 22 3 16
7 34 14 18 6 6 10 5 19 12 6 10 30 16 13 11 21 11 3 13
7 25 9 10 12 8 7 1 9 8 6 10 11 6 12 1 12 6 5 6
39 71 54 50 44 25 38 46 36 53 25 49 44 32 22 36 54 41 25 45
1 18 6 6 1 1 6 1 5 8 1 3 9 2 2 2 12 1 2 1
2 10 3 9 1 1 8 1 1 7 2 1 7 2 1 7 9 1 1 2
11 55 37 25 13 13 19 15 26 24 10 28 32 25 24 20 41 25 12 28
13 32 15 19 12 10 16 10 19 23 1 10 24 11 14 9 26 10 1 13
16 27 25 20 9 8 7 15 15 21 7 14 18 16 10 18 18 20 16 10
15 61 35 28 14 14 18 22 34 18 18 21 37 29 13 20 40 30 19 35
1 13 2 4 5 2 2 3 6 9 1 1 8 1 5 3 7 4 1 9
38 74 62 45 33 31 30 29 39 53 18 45 67 49 42 30 64 49 27 32
8 45 33 19 13 8 12 14 16 19 9 28 17 23 19 15 31 20 8 23
36 75 59 49 21 17 35 33 32 32 29 54 46 39 30 41 55 51 29 40
1 6 1 1 1 1 1 1 4 1 1 1 1 1 1 1 2 1 1 1
15 51 38 26 19 19 19 27 30 20 15 41 21 36 15 24 31 26 11 34
1 9 6 1 1 1 1 1 1 2 1 3 1 1 1 1 5 1 1 1
42 77 52 52 53 43 34 33 32 54 43 52 57 49 41 20 51 49 37 30
11 13 6 14 8 4 4 3 4 5 5 6 7 5 2 4 3 3 4 1
17 44 19 30 17 9 17 21 25 23 1 9 32 19 6 18 25 22 1 26
5 46 24 20 16 15 16 9 19 15 19 22 20 9 12 15 31 25 17 15
41 80 62 58 51 40 44 39 49 42 38 47 54 50 28 41 54 36 27 43
6 27 13 12 3 1 13 7 6 18 1 3 18 7 11 6 19 10 4 6
43 52 42 51 27 13 28 38 33 42 18 15 46 41 27 26 30 33 23 28
4 11 5 5 5 1 5 3 6 3 1 3 3 4 3 3 7 4 5 6
21 37 30 35 32 18 15 21 21 33 4 19 30 21 15 26 28 19 13 19
39 54 48 40 17 17 27 24 39 30 13 38 48 34 19 31 49 24 16 8
6 46 31 23 7 11 17 3 15 17 11 23 27 24 21 20 34 18 13 14
13 30 25 17 18 10 7 18 8 19 12 24 8 17 10 11 20 11 10 16
20 39 21 29 12 5 16 16 19 25 13 8 30 21 6 14 28 8 10 10
1 11 2 5 1 1 1 1 1 1 1 1 1 1 1 2 4 1 1 1
28 46 35 36 16 5 13 24 19 14 20 31 21 24 8 24 21 26 17 19
7 28 17 12 7 6 9 4 11 7 15 16 6 4 8 8 22 11 13 4
19 56 33 20 14 7 26 28 32 33 4 26 37 27 8 15 44 20 8 16
21 54 34 25 6 2 20 23 24 18 7 33 28 25 12 18 32 26 6 22
17 70 49 33 36 31 34 28 35 48 26 42 40 39 25 27 58 30 23 36
12 36 25 21 27 14 17 17 16 30 7 19 21 18 14 16 28 13 9 19
37 64 52 49 36 24 34 39 45 52 20 30 59 44 27 31 54 31 24 36
34 76 56 48 28 24 43 24 37 42 29 41 55 44 49 26 62 46 28 29
36 50 53 52 35 28 31 34 28 30 20 37 33 38 15 46 36 28 25 32
3 36 22 19 3 1 8 3 11 7 3 16 15 10 12 15 20 13 4 8
1 10 1 1 1 1 1 1 4 2 1 1 3 1 1 1 4 1 1 3
1 8 5 3 1 1 1 1 3 1 1 1 2 1 3 3 3 2 3 1
44 61 50 50 25 17 34 36 47 44 23 22 58 47 40 28 53 40 22 34
1 22 11 4 1 1 2 3 10 4 3 9 6 1 4 5 15 7 5 3
46 72 60 53 36 30 42 31 28 55 35 47 56 37 31 35 60 41 32 22
40 79 53 46 37 18 29 55 49 50 22 40 55 52 21 17 57 44 16 52
12 30 14 20 20 12 18 10 15 22 1 11 22 11 14 13 23 12 1 16
1 13 3 2 2 1 3 1 3 3 1 1 2 1 2 3 7 2 3 1
13 19 26 14 5 1 4 9 11 12 2 16 16 12 10 10 19 8 7 1
1 17 2 2 1 1 1 1 5 5 1 2 4 1 2 1 6 1 2 1
33 66 60 41 30 23 27 28 38 39 26 45 48 42 27 36 53 36 33 24
36 69 57 47 35 29 23 49 40 48 13 37 48 56 23 36 45 46 25 46
6 14 9 14 8 2 3 5 1 7 5 5 9 11 1 10 4 1 2 3
11 47 35 27 16 7 20 12 16 27 10 26 36 24 17 20 37 19 12 15
30 66 54 39 27 18 44 37 24 53 21 45 39 32 24 35 57 36 22 25
31 44 39 41 27 21 17 20 38 25 3 31 40 30 27 32 32 26 11 25
29 70 49 41 35 32 37 19 24 43 24 38 44 39 32 25 57 23 19 27
5 20 4 8 10 5 6 2 9 7 5 6 6 3 5 2 7 2 3 6
5 27 13 11 3 1 6 6 7 7 1 10 12 8 8 10 12 9 5 8
41 67 50 40 41 36 29 28 36 54 20 44 51 41 47 22 58 41 24 35
3 29 11 12 8 1 10 4 3 16 1 6 14 5 5 4 21 3 1 6
36 76 50 54 28 21 37 27 45 34 15 34 61 37 34 33 58 41 9 34
22 46 31 23 15 4 7 23 30 17 11 38 22 18 13 13 27 21 7 25
33 72 38 44 29 19 31 29 39 36 17 26 55 36 19 12 46 33 8 23
1 26 10 9 15 4 7 7 4 13 2 12 5 8 1 6 13 1 1 9
3 21 9 12 6 3 5 1 1 3 6 10 10 8 4 5 8 1 1 1
34 58 36 37 37 16 20 33 31 31 28 43 29 23 22 9 35 28 19 26
9 37 20 18 21 11 13 15 18 27 11 15 19 18 8 12 24 6 8 19
6 33 16 14 9 6 6 8 18 11 1 14 18 14 17 8 15 14 2 16
25 54 38 33 21 20 27 25 28 36 1 28 43 37 33 22 44 29 1 31
21 42 29 22 24 9 6 29 26 32 16 27 24 20 11 15 27 23 20 25
22 60 33 28 21 9 9 31 39 30 11 27 43 29 15 8 39 35 14 34
17 43 23 24 13 9 16 13 17 18 10 22 19 11 16 16 24 19 9 17
12 44 22 22 5 2 9 8 15 13 8 21 20 14 15 10 21 18 6 14
1 23 12 8 7 3 7 4 9 11 7 8 9 7 10 8 14 7 9 6
11 49 38 24 22 14 28 18 14 36 16 33 25 17 16 20 43 16 16 19
13 30 19 12 13 10 1 1 8 18 14 17 15 14 18 3 19 15 16 9
45 74 62 51 36 38 46 41 44 51 24 51 52 45 42 46 61 44 24 45
29 45 35 28 15 6 21 23 27 34 4 25 38 26 13 19 37 13 9 4
18 47 29 21 17 9 7 22 17 19 15 31 15 24 14 14 20 23 14 24
20 41 20 28 20 10 16 15 15 23 7 17 29 19 11 11 19 11 1 17
31 65 52 46 36 30 25 19 30 38 44 44 44 26 32 30 57 42 44 36
6 21 16 9 1 1 6 8 9 16 2 12 10 1 6 7 21 9 6 6
1 15 6 2 1 1 3 1 3 4 1 4 9 4 5 1 10 1 1 1
41 77 57 47 34 24 42 51 41 47 30 57 39 49 9 35 49 32 22 42
1 14 4 5 3 1 6 1 1 5 1 1 5 1 3 3 11 3 4 2
21 54 36 30 19 10 16 24 21 37 15 23 34 30 21 17 36 23 14 22
8 29 6 14 13 6 9 8 4 14 5 12 7 11 1 1 12 1 1 9
13 60 45 38 37 28 36 28 26 36 25 43 28 31 16 31 45 22 17 33
6 14 8 12 1 1 4 6 1 7 1 4 10 5 1 10 7 5 1 6
30 73 45 39 22 20 33 36 44 33 6 40 43 37 31 26 51 46 6 42
5 35 14 12 2 1 8 10 8 11 1 12 11 12 5 6 12 13 4 15
32 75 47 50 35 34 40 24 37 30 33 29 50 44 37 32 46 37 25 40
6 18 10 15 7 1 10 11 6 5 5 9 1 9 1 15 8 9 4 13
4 14 4 9 5 1 6 4 4 7 1 3 7 4 3 4 8 5 5 7
10 47 24 22 21 13 18 20 25 24 6 19 22 17 9 16 31 16 4 27
3 21 6 12 9 2 3 5 1 7 4 10 4 6 1 6 3 1 1 7
2 12 7 1 4 1 1 4 2 8 1 7 5 6 1 1 7 1 1 4
12 26 8 18 16 13 14 8 11 12 12 12 14 8 10 9 8 9 4 9
10 23 15 16 9 7 7 9 13 16 1 9 19 7 12 12 18 10 5 13
38 67 55 51 31 40 44 22 51 32 22 28 62 47 48 43 62 42 23 44
12 33 19 18 15 8 13 7 18 17 3 12 19 9 17 10 22 12 6 11
46 84 58 52 30 20 43 39 38 48 32 43 49 48 45 14 57 47 21 34
23 26 33 24 14 9 5 23 25 18 5 24 25 22 15 18 21 20 15 12
13 33 27 13 21 6 8 27 28 26 18 30 11 14 3 6 31 12 12 26
43 83 53 57 39 29 37 40 45 47 24 40 64 56 33 20 51 44 17 28
1 6 6 6 1 1 3 1 1 1 2 1 2 1 1 6 7 1 2 1
1 18 9 7 1 1 1 3 1 4 1 6 1 1 3 6 6 10 5 4
3 14 6 4 1 1 2 1 3 5 1 2 9 4 4 1 9 2 3 1
