1000 20 10 2316
2 1 2 11 17 18 19 0 10 5
4 5 6 0 5 4 20 1 1 2
10 6 11 12 1 1 4 1 1 10
7 8 7 2 3 3 2 5 3 3
8 0 2 0 16 14 25 3 4 6
3 2 6 15 6 21 2 12 1 3
3 8 0 11 0 4 5 21 7 1
1 8 3 7 2 6 2 6 1 3
0 12 11 4 3 0 8 7 2 17
6 0 7 15 0 20 8 10 1 9
4 13 4 3 2 3 1 1 2 4
4 5 2 2 2 5 1 6 2 9
15 2 1 15 9 27 6 5 4 2
10 10 2 20 7 5 3 23 14 8
1 2 1 1 10 2 1 2 3 4
6 2 19 2 12 17 16 17 3 1
18 0 4 7 1 9 4 10 14 7
4 8 1 12 8 1 6 5 3 2
4 6 4 6 6 6 2 10 14 12
4 5 1 10 3 1 1 2 4 1
1 5 3 4 3 3 2 6 2 3
4 8 20 6 24 8 1 7 1 19
9 13 0 1 4 5 14 5 1 7
2 14 4 2 9 16 1 21 15 1
15 6 14 14 13 2 11 4 14 7
4 16 7 15 1 4 3 3 0 9
8 8 0 5 3 6 1 8 2 6
20 7 7 21 11 4 4 15 4 11
0 4 1 10 9 19 3 16 5 4
1 4 0 1 4 5 9 7 1 4
5 3 9 3 9 8 12 14 17 12
7 10 7 13 6 19 21 4 4 1
21 9 9 11 9 8 5 8 17 12
12 4 4 1 2 2 7 12 3 8
4 6 4 1 2 8 4 5 20 4
11 11 5 11 5 2 8 14 3 7
15 2 1 0 9 16 2 6 2 1
13 1 1 9 10 2 15 9 14 10
5 4 12 20 8 2 20 18 7 4
13 2 11 0 9 7 2 16 14 3
3 11 1 1 3 4 7 16 8 4
1 5 7 2 2 12 2 3 2 1
7 7 3 3 2 2 10 4 3 8
11 5 1 7 9 3 3 8 8 6
12 8 21 11 11 3 15 13 4 10
15 11 3 0 6 3 10 2 11 8
16 1 8 13 2 11 0 4 9 17
8 7 6 2 20 3 5 15 10 3
16 9 21 16 8 0 10 4 4 5
10 20 5 2 4 7 16 9 3 20
3 11 4 1 5 4 5 1 3 4
3 2 11 3 8 3 6 6 14 2
2 2 1 4 2 3 5 4 7 6
5 6 11 22 7 7 10 6 10 3
1 2 6 7 8 6 7 5 3 10
7 7 4 7 16 16 13 12 16 2
15 9 6 1 6 7 9 7 19 6
3 12 3 6 11 6 8 22 9 5
15 11 1 5 0 2 9 17 2 15
5 7 5 4 3 5 8 14 9 2
3 5 4 4 0 2 3 10 3 7
14 4 7 3 13 2 8 13 0 14
1 4 5 0 7 0 5 1 2 1
3 13 9 4 8 0 4 12 5 0
4 10 7 13 7 6 14 2 7 1
6 8 1 4 0 2 1 2 4 1
2 3 0 4 5 2 3 0 6 4
4 8 4 5 7 1 4 2 5 3
5 2 16 5 11 7 13 10 10 13
13 4 7 13 3 20 13 18 6 5
18 6 11 3 6 14 6 1 27 1
3 4 3 11 11 15 1 26 4 11
2 16 15 18 7 2 7 8 9 4
2 3 14 16 9 8 1 4 7 5
7 8 6 4 3 10 4 9 5 5
10 8 8 10 7 15 10 16 9 23
1 18 20 3 4 2 2 10 5 6
11 4 7 1 12 0 6 10 4 9
6 1 2 1 1 2 2 0 7 2
2 18 7 6 11 6 5 1 23 6
0 4 6 12 11 13 1 3 2 9
3 9 8 4 6 10 1 1 9 3
0 6 13 10 7 11 16 6 2 8
3 11 6 5 11 13 19 1 1 0
15 8 5 2 8 8 0 6 0 5
2 6 0 3 0 13 1 10 1 3
6 2 4 2 6 4 3 1 1 1
3 8 3 3 7 0 0 11 6 7
3 8 3 6 10 20 17 6 8 18
4 0 11 10 6 9 12 2 5 7
10 7 0 5 10 2 3 18 21 2
2 3 10 11 9 7 4 20 7 9
0 5 9 10 9 16 10 7 14 10
6 10 12 8 8 9 1 1 4 8
15 7 15 6 10 7 6 16 8 2
6 21 5 9 0 4 12 3 12 7
1 0 8 3 4 1 1 5 3 5
17 19 9 10 15 6 8 3 7 4
4 2 8 6 25 9 4 3 5 1
6 16 0 19 6 3 2 2 3 14
0 4 7 6 5 3 1 7 7 1
15 6 13 2 6 4 2 3 6 0
4 1 12 4 3 15 24 3 10 2
0 4 4 9 3 11 2 6 5 4
10 9 22 0 6 1 1 16 12 18
5 14 3 7 1 5 5 12 1 7
13 5 11 9 9 13 1 13 1 2
7 6 4 12 28 5 6 11 12 14
5 1 3 1 18 3 3 2 11 2
11 9 11 1 4 16 12 3 0 14
4 34 17 4 2 2 0 5 3 2
1 13 2 12 13 3 1 19 0 6
4 2 3 2 4 0 7 3 1 0
2 4 7 5 4 0 2 0 9 1
4 6 9 9 4 9 2 12 8 29
1 9 0 12 9 2 1 1 3 1
2 5 6 2 3 0 4 1 3 4
6 10 4 3 3 5 6 3 5 7
8 1 1 2 0 4 1 1 3 6
2 13 4 0 6 3 0 2 7 14
13 10 11 27 7 1 6 5 5 5
4 7 0 1 5 1 3 7 2 5
12 0 5 2 17 6 6 12 5 4
4 1 10 10 24 1 6 16 5 2
15 4 22 8 8 2 6 1 4 17
1 3 9 17 9 6 10 8 9 20
11 10 1 6 9 2 4 7 10 5
6 8 8 12 5 6 4 10 7 4
3 5 8 1 11 16 10 3 3 5
5 4 7 7 6 1 12 16 1 2
6 7 18 17 15 14 1 2 3 9
14 0 18 17 6 4 13 1 3 1
9 3 3 0 0 8 13 4 14 2
3 18 9 19 12 7 10 16 4 8
5 4 8 5 6 2 4 3 5 6
3 4 15 1 5 7 10 1 2 5
6 0 1 0 14 5 6 1 3 5
9 10 2 1 4 3 5 3 5 3
1 1 3 3 15 6 4 3 15 0
2 1 5 5 1 0 2 6 1 6
1 2 2 7 5 5 2 4 1 3
1 0 17 10 2 5 7 8 1 2
2 27 1 14 3 3 6 3 6 3
0 7 5 4 3 3 1 2 2 1
1 9 0 5 17 16 1 16 2 16
17 1 8 15 16 10 7 5 6 0
3 5 1 1 7 2 2 0 9 2
0 1 6 12 3 4 3 6 6 5
6 2 3 8 2 6 10 6 1 4
1 1 10 4 15 2 11 5 21 6
14 4 5 5 9 5 4 0 0 5
0 2 4 6 2 2 2 7 3 4
8 0 2 6 4 3 7 1 6 5
1 3 3 7 1 8 7 1 1 3
1 7 1 1 8 1 2 2 8 1
4 3 3 3 11 1 0 3 4 1
10 5 2 2 13 7 2 7 6 13
6 9 3 4 6 3 5 7 5 0
8 5 3 11 2 21 23 10 10 0
11 10 6 15 15 12 8 4 10 12
13 16 9 8 8 8 9 5 12 15
13 4 16 8 1 2 12 9 5 5
4 2 4 3 2 7 5 3 1 3
4 0 2 9 2 6 4 12 7 1
4 23 3 12 4 2 3 4 3 9
4 1 14 1 4 20 2 0 11 14
6 16 3 6 6 18 6 1 7 9
4 2 10 11 9 7 16 9 3 6
6 2 5 3 6 9 9 10 4 5
6 1 0 4 2 4 16 9 6 11
20 8 13 1 8 10 17 4 1 5
5 1 11 1 3 3 9 3 2 3
2 2 1 1 2 7 3 3 5 2
7 4 2 3 1 12 10 3 5 0
7 1 0 2 1 5 5 6 1 2
1 11 0 6 6 9 6 3 6 3
2 10 17 8 1 1 6 4 14 7
5 17 3 9 10 14 16 3 13 7
3 4 6 0 10 0 1 5 2 1
5 1 7 4 5 2 2 5 4 1
6 7 4 13 12 4 2 8 2 10
18 15 4 6 20 6 2 2 5 1
10 10 6 4 14 14 9 18 3 12
2 16 8 15 5 3 6 9 15 2
6 6 18 10 9 13 3 5 7 1
7 1 2 3 3 10 5 7 19 2
7 4 18 9 23 3 6 4 0 6
7 0 4 5 3 2 1 1 2 1
7 5 4 4 1 4 1 7 5 1
13 9 12 5 6 0 1 10 6 6
4 2 1 6 6 1 31 1 10 10
7 4 4 4 3 3 2 2 3 2
6 1 0 0 11 6 6 3 5 2
5 7 0 1 12 13 3 8 12 11
1 9 7 2 7 4 9 8 4 0
2 9 2 7 5 5 7 9 20 5
3 13 3 4 4 1 4 5 5 2
20 1 3 16 0 3 6 10 0 1
4 0 5 4 5 3 0 4 4 1
23 3 9 13 5 0 21 0 5 1
17 9 16 2 10 18 0 6 16 15
12 10 14 6 6 3 1 10 15 5
9 11 6 2 7 1 17 2 11 3
7 2 5 10 24 7 0 5 7 4
21 19 11 0 10 11 9 9 9 6
3 3 3 13 8 1 8 4 10 3
17 8 3 7 1 1 13 3 12 3
2 3 2 3 8 8 3 5 0 6
1 3 9 2 6 6 2 8 3 5
3 2 0 4 3 14 3 9 2 22
4 8 10 7 7 4 16 13 2 12
1 8 1 9 8 7 1 2 2 2
9 13 0 1 4 10 3 9 1 2
6 10 19 8 6 8 9 3 7 22
1 2 5 4 0 5 1 2 2 4
2 3 9 6 4 1 4 2 3 4
1 3 20 11 10 23 11 5 14 5
5 1 2 3 3 1 0 6 1 6
9 14 3 7 1 16 2 8 1 3
4 7 4 1 4 7 3 3 2 14
2 6 2 1 2 4 4 1 4 2
13 0 13 7 2 12 1 2 3 3
7 13 16 14 17 1 13 4 15 8
2 2 10 0 8 2 2 9 0 3
14 11 16 11 5 0 4 6 5 0
15 2 17 10 21 3 7 12 6 13
5 6 3 0 7 4 0 11 5 9
5 6 14 4 1 9 24 2 9 8
7 4 5 1 10 4 2 5 16 7
6 6 4 6 2 1 1 1 7 16
0 11 3 3 10 18 14 1 3 20
2 4 3 19 4 0 16 2 3 1
3 22 20 4 3 2 12 14 6 9
2 3 5 5 7 1 4 7 3 0
5 0 6 5 1 8 14 4 5 3
7 0 9 20 7 14 8 9 4 5
1 10 8 12 20 2 0 3 1 24
5 7 20 2 14 7 13 11 7 7
5 12 5 27 4 3 7 3 13 7
15 12 1 12 6 24 11 5 0 14
4 2 3 0 5 3 9 1 2 1
6 6 3 13 3 15 9 4 5 3
5 0 8 6 4 10 1 11 4 2
3 3 6 7 3 5 7 20 3 8
7 9 1 5 7 2 4 2 21 8
5 4 1 1 2 3 9 1 1 2
9 6 1 6 8 3 3 8 4 8
8 7 9 10 8 1 8 4 7 11
8 10 3 1 1 11 2 2 6 11
8 9 16 7 22 2 8 3 6 8
12 9 4 22 4 3 14 7 3 6
4 3 2 4 3 4 8 4 9 9
5 3 4 11 3 5 2 0 9 2
12 11 26 0 2 9 8 15 5 8
8 3 3 5 15 7 1 9 8 0
11 4 8 6 8 3 3 1 4 0
0 3 3 3 7 11 6 3 3 13
1 6 4 9 3 18 12 2 3 12
2 21 8 1 2 0 7 19 5 13
3 3 7 5 8 1 0 3 1 0
6 1 0 6 3 7 3 10 7 3
4 17 10 5 1 13 6 14 5 9
5 5 6 1 2 5 2 5 6 10
0 1 12 1 1 15 2 6 19 20
2 1 3 1 4 8 10 3 6 4
14 11 15 15 9 2 5 14 11 9
8 2 1 2 2 6 7 11 10 5
5 5 5 5 2 3 4 7 3 1
8 2 2 5 2 1 0 1 4 4
14 4 6 14 5 10 19 0 16 18
1 3 8 12 5 14 7 11 4 3
15 3 4 8 5 22 9 9 3 22
9 16 21 13 10 10 3 11 7 1
16 7 6 3 6 15 6 3 1 3
7 9 7 1 1 7 1 1 8 0
19 12 9 1 2 0 10 5 1 3
1 11 8 1 11 10 7 0 7 11
7 10 20 2 3 11 15 7 2 7
1 23 14 12 14 0 4 8 2 9
8 5 12 18 0 16 1 7 15 10
8 1 10 1 10 3 2 8 1 3
15 12 14 0 11 9 18 13 2 13
2 4 6 1 3 0 10 2 9 10
0 7 5 7 9 0 7 0 1 19
14 1 5 3 8 13 17 3 2 8
2 4 0 8 7 0 4 9 5 2
2 2 2 7 8 3 6 7 6 4
5 5 6 1 4 3 9 1 5 2
9 1 7 9 12 3 5 5 9 9
12 21 1 4 1 3 13 12 9 24
3 6 1 6 14 9 10 10 9 6
0 9 5 3 3 10 7 12 5 5
1 3 3 3 0 11 4 1 6 3
7 11 16 5 6 11 9 11 17 3
16 13 2 5 10 7 7 8 7 3
4 3 4 7 2 1 8 3 2 2
3 3 10 2 2 2 5 4 4 2
8 6 7 2 7 0 4 3 6 3
13 2 1 8 7 2 0 4 8 0
10 12 1 21 4 5 21 6 12 11
1 11 6 2 2 5 10 1 0 5
1 0 8 13 3 4 10 6 1 9
9 1 12 4 0 2 7 10 9 6
7 16 3 4 12 1 3 11 4 4
2 1 6 1 3 0 4 0 4 9
1 5 19 6 12 18 11 3 6 11
1 6 0 1 5 10 5 2 0 7
6 8 16 11 1 7 1 19 23 1
2 20 7 0 1 4 2 2 5 3
5 6 14 2 16 6 4 17 16 2
6 3 5 10 2 4 2 3 4 0
3 11 1 2 14 3 2 3 2 9
5 6 5 24 1 9 13 13 6 20
8 5 8 6 5 3 4 6 10 5
4 1 8 7 4 1 1 2 6 6
1 22 5 11 8 5 4 8 19 4
2 22 7 4 6 12 5 0 18 16
3 1 0 13 3 13 12 7 4 3
7 1 10 3 6 10 12 9 4 4
17 4 15 0 4 14 13 10 8 1
8 16 1 5 11 4 9 11 1 6
3 1 2 1 1 1 5 8 2 3
21 3 2 2 10 2 8 11 2 1
6 5 4 0 5 5 3 1 0 2
11 12 11 4 5 3 1 7 9 13
20 0 3 7 13 5 3 3 5 3
16 2 9 8 5 1 3 3 4 1
8 8 9 6 10 7 9 4 14 3
1 16 0 3 23 9 10 5 4 15
7 7 6 2 8 5 0 10 6 5
8 17 11 10 10 13 2 6 1 4
0 1 12 0 23 17 14 3 9 4
3 3 5 6 3 1 8 7 5 9
6 9 10 4 11 10 0 8 1 8
12 14 16 10 13 2 9 13 8 4
3 12 7 1 7 2 2 7 7 9
5 14 6 7 6 2 1 3 8 6
5 2 1 3 1 0 11 8 3 6
4 1 13 2 2 4 17 2 9 7
6 6 1 3 2 10 14 9 18 23
8 5 11 2 23 0 6 18 1 12
3 1 2 2 8 5 2 2 4 7
8 15 7 1 6 9 18 3 15 3
2 9 9 5 11 23 1 1 11 10
14 2 3 2 14 12 1 6 5 20
5 17 7 6 2 10 15 19 8 11
6 4 7 1 1 1 2 4 5 8
9 2 4 8 8 4 9 4 2 3
4 3 3 3 7 10 2 0 0 1
1 11 7 4 2 13 3 6 11 12
2 3 6 2 2 1 2 7 2 9
9 2 0 3 1 8 3 4 8 4
0 6 5 9 10 0 20 7 2 1
3 10 4 7 7 0 17 6 10 1
3 5 0 6 0 7 0 2 3 4
22 16 6 3 1 14 8 14 2 13
1 5 8 6 13 13 22 3 0 13
6 9 7 11 14 2 11 13 6 2
4 12 2 1 4 0 4 5 2 7
3 8 2 3 5 2 4 2 7 7
2 2 4 5 4 6 6 4 4 3
9 3 0 8 12 1 1 4 5 1
11 11 0 10 4 8 13 6 9 4
2 4 11 4 0 2 1 4 5 8
4 3 5 10 1 9 4 0 13 20
3 12 4 6 2 4 15 17 6 2
7 1 7 4 7 3 2 4 2 6
12 1 10 7 9 9 12 16 7 14
13 1 11 10 2 1 7 3 0 2
9 15 12 8 14 9 3 14 14 15
1 4 2 3 1 1 6 11 5 1
14 17 12 5 1 10 7 3 3 3
4 13 4 2 9 6 5 3 8 17
5 13 3 15 16 12 0 14 16 8
6 3 4 1 17 10 7 12 5 13
0 5 21 4 9 2 7 3 7 7
6 3 1 0 0 5 2 0 7 3
7 7 1 5 2 5 6 1 8 0
10 6 3 7 1 6 5 1 2 8
2 10 8 12 16 9 10 14 0 2
15 5 6 1 9 15 0 8 8 19
8 7 17 11 26 3 8 8 8 1
9 17 12 15 7 9 5 7 2 11
1 7 19 3 4 4 12 5 13 4
3 5 4 5 7 3 8 2 1 3
5 8 4 1 5 6 9 18 6 12
16 6 4 13 7 5 1 18 8 6
1 2 3 3 7 3 3 10 2 1
5 10 12 22 1 1 8 11 2 3
5 6 7 0 8 3 1 3 1 11
0 3 12 9 6 4 19 6 22 10
1 5 20 4 11 0 17 1 13 5
0 12 12 12 2 4 19 3 12 24
7 4 5 4 4 16 9 2 1 4
2 8 10 5 20 5 3 10 5 11
4 12 12 26 9 2 4 5 2 7
2 5 3 23 1 10 13 9 9 6
8 20 16 8 9 11 10 16 4 9
12 3 12 4 0 12 9 8 18 7
8 8 5 2 32 8 7 4 1 16
1 7 10 2 10 3 4 9 15 24
11 4 4 3 11 3 5 5 3 13
1 1 5 19 13 14 1 14 1 15
13 11 21 6 2 10 12 13 4 7
13 2 10 4 17 14 16 8 7 18
9 8 3 2 2 2 15 7 8 15
11 7 11 10 5 3 3 11 14 6
5 4 7 0 2 1 8 4 10 0
5 6 0 1 3 4 1 1 6 3
14 12 4 5 0 3 10 12 12 14
3 2 6 9 13 1 17 2 1 18
10 6 19 5 9 7 18 10 23 2
0 5 2 3 9 0 3 8 8 8
4 1 10 7 2 13 4 1 3 3
9 6 5 7 7 5 1 4 2 1
2 7 2 9 1 16 7 3 0 2
5 5 6 5 3 9 10 4 12 2
3 4 10 3 4 0 11 10 4 5
5 0 2 9 2 3 9 2 2 4
5 7 2 2 3 9 11 2 13 6
11 16 8 5 4 3 0 0 2 3
0 10 1 4 20 4 12 13 3 1
5 3 1 8 2 5 0 0 7 10
15 18 2 8 16 0 12 5 0 2
14 10 8 2 3 1 15 12 7 6
12 4 2 1 7 7 1 0 4 9
4 3 2 2 4 7 1 2 4 3
6 9 7 15 6 1 2 13 1 6
9 7 13 13 1 1 10 2 17 5
1 4 19 12 1 10 1 4 2 2
2 6 11 0 14 4 4 0 2 1
1 2 9 1 7 0 7 4 7 5
4 2 6 13 10 0 8 5 22 6
1 14 0 13 9 1 18 2 19 12
9 8 4 6 3 7 3 20 17 8
6 3 9 3 6 12 1 9 12 3
6 16 12 7 5 8 15 17 2 12
13 8 3 1 4 8 5 1 2 1
5 11 22 10 10 4 10 0 7 10
5 10 14 8 6 2 4 3 5 6
1 19 10 2 5 1 4 4 4 2
1 3 3 2 6 16 4 1 18 2
7 4 6 22 10 8 11 1 3 10
8 12 8 1 4 15 2 3 14 8
1 4 4 1 6 6 10 3 22 5
11 2 5 2 2 0 6 6 5 3
8 17 7 2 8 4 8 13 7 1
11 2 11 10 8 18 4 11 8 1
17 24 8 20 2 2 7 7 7 6
9 6 7 0 5 3 4 14 2 4
7 5 4 1 12 2 1 10 3 4
3 13 1 5 8 22 13 5 2 3
1 25 2 4 9 4 8 11 8 2
4 2 1 4 1 0 4 11 1 7
16 4 15 8 2 11 1 2 13 10
7 10 3 3 4 11 1 5 4 4
2 18 4 8 2 4 7 17 14 7
1 3 3 13 9 9 2 9 3 9
1 8 8 6 10 21 11 10 10 0
5 15 14 0 6 7 4 1 10 9
8 6 5 3 6 9 3 23 7 0
6 0 12 8 1 9 10 1 1 8
5 0 2 9 12 11 10 7 14 4
5 8 2 13 5 10 5 15 12 3
3 0 3 2 7 6 5 5 1 4
14 6 1 3 5 4 12 2 1 3
0 1 2 9 8 0 1 7 1 2
3 10 22 8 20 7 8 4 9 4
0 11 16 19 15 2 13 11 15 11
3 12 23 2 5 10 7 15 12 10
13 1 0 21 11 1 9 17 8 1
9 13 4 7 8 19 17 11 5 2
10 4 15 10 9 9 9 6 11 18
0 6 8 5 22 12 9 14 8 11
15 15 1 18 10 14 9 8 10 3
22 10 13 5 2 12 1 7 16 16
0 13 2 10 2 5 10 6 5 14
17 12 14 13 1 4 7 15 7 5
9 6 3 5 4 1 5 5 1 1
7 11 16 7 15 5 7 2 2 9
1 7 6 10 7 2 7 5 8 5
8 4 5 14 2 7 4 9 10 5
0 2 4 9 16 7 3 6 0 2
6 2 3 9 3 4 2 5 8 0
9 10 11 3 6 4 7 12 1 9
1 3 8 6 5 4 11 5 3 1
13 1 7 2 7 3 13 8 4 4
5 4 2 2 5 2 2 2 2 3
10 3 13 4 2 12 1 10 2 6
8 11 3 9 16 3 5 11 0 29
1 7 4 0 1 4 3 13 1 11
14 0 0 6 5 4 4 5 2 2
3 15 2 5 5 4 3 1 11 11
2 10 3 5 7 4 9 13 3 11
3 9 5 1 4 18 25 1 7 14
0 12 5 8 3 3 24 12 8 13
9 2 6 12 5 2 8 5 8 9
7 13 10 0 9 9 1 6 4 5
4 3 11 6 4 4 5 12 2 6
5 5 8 6 8 1 1 5 5 6
6 10 2 1 10 18 7 7 1 12
7 1 1 7 6 4 4 5 1 2
0 4 4 0 3 7 3 1 0 7
5 2 6 5 2 2 0 6 2 6
7 19 10 4 4 2 3 12 3 10
5 6 2 0 1 4 10 4 3 5
6 6 5 1 3 4 5 1 2 0
1 7 13 13 21 5 3 8 11 19
3 6 8 8 0 6 12 4 1 10
0 1 4 1 0 4 1 0 7 11
12 6 2 3 10 11 13 3 11 4
4 1 2 6 2 6 6 6 2 1
1 1 0 6 3 3 6 2 11 11
16 1 8 3 13 16 21 8 10 8
9 13 2 6 9 3 10 27 2 1
4 6 18 6 3 5 5 0 6 11
8 0 1 1 1 1 4 9 4 5
15 4 4 2 26 7 8 12 7 6
3 3 7 0 4 6 8 6 5 5
1 3 1 5 0 13 9 6 0 16
2 2 7 5 4 4 1 2 7 2
8 0 5 12 7 5 5 7 4 11
14 9 11 3 6 3 18 6 6 1
11 3 8 9 0 1 23 1 2 4
1 7 2 2 2 4 2 7 8 2
20 17 7 2 6 8 3 9 17 8
5 16 1 11 6 4 1 11 12 23
9 9 10 13 3 1 4 15 12 15
10 7 6 3 1 4 2 4 6 2
7 14 12 15 24 2 8 7 1 13
5 5 3 12 12 0 5 2 7 6
1 10 21 3 4 15 5 16 5 3
3 15 0 6 0 15 5 3 1 2
5 7 7 3 10 6 7 5 5 3
15 3 15 2 8 0 21 2 6 18
5 1 10 1 17 14 8 6 3 11
3 2 7 0 1 0 1 7 3 3
22 1 2 0 6 7 3 9 7 6
0 4 4 1 13 5 3 10 1 7
4 7 7 5 9 8 2 4 4 9
4 6 7 25 9 8 7 10 8 2
5 1 1 1 1 1 3 10 2 8
7 8 4 11 10 2 10 17 5 1
2 1 1 2 15 8 3 17 2 1
7 1 2 2 5 2 2 7 1 2
22 22 9 19 1 3 7 8 1 9
3 17 17 7 11 22 1 2 9 10
2 4 9 4 5 3 6 1 4 3
4 3 17 11 8 5 13 2 15 20
2 3 0 2 2 8 0 4 3 0
11 5 2 13 16 7 25 10 9 9
9 8 0 3 4 2 8 4 3 1
16 5 8 5 5 2 19 7 3 6
0 5 2 0 2 4 3 1 5 8
0 12 2 2 4 2 2 4 0 2
5 2 1 1 8 3 7 9 4 7
2 14 2 10 4 1 1 6 2 7
13 5 14 6 11 8 5 1 1 3
3 9 8 18 7 4 2 12 0 17
3 7 17 5 16 9 19 3 8 5
6 3 1 0 6 6 0 4 6 5
0 2 1 4 0 7 4 4 1 6
14 10 2 4 4 8 2 10 12 11
26 9 2 0 7 2 22 2 6 12
7 5 1 5 4 6 23 12 6 4
9 10 3 10 9 20 13 8 13 13
4 3 4 2 6 9 13 4 0 3
19 8 2 11 3 6 5 14 20 11
8 13 7 14 1 1 8 19 5 3
13 11 5 7 14 6 3 4 6 8
7 10 15 1 6 4 8 3 5 9
0 5 1 3 2 11 12 8 4 0
23 4 1 2 23 18 2 8 1 1
6 4 9 9 2 2 0 1 2 1
8 2 4 17 10 7 4 19 2 9
10 12 8 10 2 3 14 25 13 13
1 1 2 18 6 12 20 9 14 14
4 1 9 1 11 5 0 4 1 2
10 15 8 15 3 12 14 2 2 8
5 1 11 7 11 12 7 19 9 4
6 14 2 8 4 3 7 2 2 6
0 8 16 9 2 6 0 4 8 6
6 30 8 7 6 10 9 5 2 8
4 6 1 7 1 5 1 0 3 1
7 15 2 4 10 2 3 0 8 10
13 12 12 6 10 12 12 19 5 9
5 4 3 5 9 14 0 1 3 5
1 5 3 12 1 8 24 8 16 0
4 4 1 6 3 2 6 6 15 10
8 1 3 4 1 6 2 9 8 2
0 7 4 2 9 8 2 7 4 0
4 4 4 13 9 14 5 8 1 2
4 2 3 0 13 12 7 3 0 2
3 12 7 5 7 2 1 5 5 4
1 1 1 4 1 2 5 4 4 9
20 7 7 7 15 14 7 6 2 10
2 3 4 0 8 6 0 3 4 2
15 19 10 3 9 7 10 9 9 14
18 3 11 10 2 8 7 10 1 7
11 5 3 0 6 9 12 9 13 17
7 0 2 5 4 12 4 7 0 5
3 15 7 10 7 3 20 1 2 21
12 12 2 17 16 12 9 19 7 2
13 3 3 8 2 12 20 17 20 7
7 1 2 4 5 7 12 0 3 3
4 15 7 1 9 3 4 6 1 0
13 16 4 3 14 7 6 19 6 3
5 6 10 20 3 13 2 16 6 13
6 2 1 3 1 2 1 2 10 3
3 7 5 8 13 5 6 4 4 14
5 1 5 7 0 7 6 2 2 2
15 8 8 13 14 15 12 0 21 9
23 11 4 7 6 13 2 11 13 7
4 6 14 2 12 7 1 6 13 1
14 19 3 1 4 9 11 16 2 2
3 3 12 5 3 1 10 2 14 9
3 0 7 6 8 16 18 19 4 5
16 8 5 7 12 3 7 18 9 7
0 3 4 5 3 0 6 1 3 2
8 8 2 7 3 1 10 4 8 18
6 15 2 14 9 3 14 15 6 8
4 8 6 4 4 1 9 1 3 0
7 11 1 8 7 5 11 4 14 5
3 14 6 2 7 6 6 7 7 11
1 4 13 0 6 6 6 4 3 7
2 1 7 2 2 3 2 0 3 6
8 19 1 7 25 15 10 3 5 1
2 2 3 2 6 0 1 5 4 5
6 8 1 9 4 6 8 0 5 1
1 8 1 9 3 1 8 1 3 2
7 0 5 5 2 3 14 14 6 1
5 12 2 4 27 7 18 12 11 6
6 3 7 16 12 10 2 2 6 3
7 3 1 7 4 10 1 0 3 10
0 6 1 2 9 1 7 1 15 0
5 6 6 2 2 5 7 5 0 6
1 3 2 9 4 13 4 7 3 8
6 6 1 1 8 5 7 6 0 3
12 4 6 14 6 10 5 9 12 1
2 4 9 0 8 4 6 12 13 7
5 16 4 19 6 16 6 5 16 9
6 4 3 1 5 1 5 1 14 0
7 1 12 1 2 8 3 16 5 0
7 16 5 12 16 5 9 11 4 3
12 1 2 3 8 0 5 13 2 5
8 13 7 13 0 11 7 16 9 2
5 13 2 17 9 1 13 1 1 5
5 2 1 5 5 8 2 16 14 3
19 8 9 12 1 12 12 11 10 18
1 4 1 7 4 7 2 0 1 4
5 11 2 3 2 2 0 0 1 13
8 1 13 2 6 6 3 7 20 1
6 3 8 14 11 2 2 6 14 2
5 7 9 4 11 2 4 2 2 6
3 7 2 4 3 0 1 2 5 3
25 4 16 12 6 5 2 9 21 1
19 10 8 9 5 8 26 3 5 3
14 4 6 4 1 9 2 2 1 19
3 6 8 7 5 1 6 12 5 7
5 0 4 12 1 3 6 5 0 5
6 13 12 3 8 4 16 3 9 16
1 1 4 3 5 3 2 4 0 4
3 5 0 12 25 10 6 8 8 5
12 10 3 1 1 19 22 5 12 1
11 9 5 14 6 2 12 8 6 5
2 7 2 2 2 2 1 3 5 7
5 6 3 2 2 4 3 3 7 2
2 13 1 9 12 7 5 3 16 9
13 6 1 12 11 3 5 2 6 12
3 9 1 14 5 17 2 3 4 2
3 12 1 1 10 6 5 12 11 10
7 8 5 1 4 3 2 4 2 0
2 5 4 5 1 7 3 0 4 3
23 5 1 6 23 3 3 8 4 5
2 1 20 15 4 8 9 3 0 2
3 3 7 2 0 2 4 2 1 9
11 6 5 2 2 13 13 15 2 4
2 0 2 2 2 5 7 4 2 1
3 4 5 7 2 19 6 8 7 5
8 3 5 2 14 1 13 3 14 3
7 21 6 16 3 9 6 4 1 3
5 7 10 12 1 8 2 9 6 25
2 7 5 1 7 1 1 7 9 11
7 1 7 3 3 7 8 8 2 3
6 1 3 1 4 7 4 1 2 3
27 5 1 8 17 10 3 0 5 10
0 8 1 3 2 7 2 1 1 11
0 2 9 4 15 3 8 18 21 11
2 9 1 6 1 1 5 12 4 0
5 1 12 4 15 12 19 22 6 11
9 11 8 12 7 8 5 16 20 3
12 9 6 5 8 4 25 11 3 7
7 1 2 6 16 11 3 5 1 0
6 0 10 6 1 8 1 2 14 4
4 2 2 10 3 0 12 24 25 7
9 0 6 2 8 10 0 8 7 9
2 4 2 3 17 12 6 0 3 7
5 2 12 0 7 7 5 7 8 1
2 4 6 8 0 8 4 4 4 7
5 2 6 6 13 21 10 7 11 3
5 20 9 21 3 11 15 2 7 6
5 12 1 11 2 3 6 5 11 5
2 10 3 4 4 7 15 3 5 9
15 7 3 10 3 15 14 6 1 1
11 15 0 3 5 12 4 12 6 3
3 12 4 11 19 19 14 3 16 1
6 2 6 3 6 1 2 8 4 1
3 9 11 9 1 12 13 2 7 9
26 6 15 9 11 1 3 11 4 4
11 6 4 4 3 4 12 15 17 10
7 3 2 5 5 9 4 1 6 5
1 1 5 2 3 1 8 6 0 0
7 4 8 9 7 3 3 1 6 6
2 10 4 13 15 5 0 8 2 6
3 2 1 9 3 13 4 9 7 1
3 1 27 4 3 1 1 14 9 17
20 1 2 4 1 3 8 2 6 1
3 0 2 10 2 5 1 3 2 4
21 4 6 9 7 6 8 11 4 11
1 5 1 7 6 8 1 4 4 2
2 4 1 3 4 6 11 4 7 1
15 0 6 1 1 9 3 4 6 2
13 1 8 1 1 8 4 5 2 1
13 1 0 9 1 1 7 6 2 6
7 14 15 0 13 10 10 5 20 1
7 12 1 18 1 6 22 11 10 1
10 2 8 1 7 11 4 1 5 0
6 8 8 7 4 5 1 16 11 6
8 5 6 7 3 1 11 3 12 4
7 17 4 22 11 8 9 1 8 6
10 10 20 12 9 6 10 14 3 17
5 3 2 6 3 2 8 3 0 6
10 8 0 10 1 5 7 6 3 12
1 9 0 2 2 3 2 11 2 1
20 15 4 5 9 3 7 8 8 0
2 6 5 13 12 3 21 4 5 1
4 1 2 4 7 5 4 4 0 3
14 8 1 1 3 14 6 7 24 8
14 6 6 9 1 1 6 5 6 3
7 15 4 8 20 2 9 8 4 17
2 7 9 2 5 4 1 11 0 3
1 3 15 5 4 10 7 9 4 1
16 9 2 15 4 0 6 11 2 6
2 7 3 2 7 11 4 7 7 7
8 7 10 1 0 4 14 1 5 3
4 4 3 2 12 2 7 4 2 2
4 2 2 1 5 3 9 7 1 1
10 16 14 6 2 16 4 13 4 10
11 5 0 8 5 8 16 2 15 19
15 1 19 1 4 3 13 10 7 1
11 1 5 0 5 3 5 5 2 7
3 1 4 2 5 1 4 1 5 4
5 3 4 2 9 15 6 11 12 4
3 0 2 3 3 3 7 1 3 8
1 11 0 0 7 12 0 2 1 7
11 10 2 7 15 1 6 23 16 1
13 13 1 16 1 3 14 8 4 9
15 1 21 11 1 16 1 7 6 6
2 9 13 5 2 2 7 4 0 11
8 8 5 6 8 6 6 0 10 7
0 6 1 5 6 11 3 3 4 13
9 5 0 1 1 9 2 1 6 3
1 10 8 6 12 9 9 16 3 14
11 19 13 4 7 9 18 13 11 11
4 8 1 6 6 13 2 7 4 10
3 5 5 14 2 3 2 7 7 3
12 9 7 9 8 7 18 1 0 7
23 2 10 11 6 7 12 4 18 11
1 3 2 2 7 9 5 6 3 3
0 3 5 13 4 10 10 6 6 1
5 5 5 1 12 7 6 6 3 3
2 16 15 13 18 14 2 16 11 2
8 9 8 5 9 8 6 6 3 2
1 8 2 6 7 5 14 4 1 7
7 8 5 10 7 2 5 1 2 25
18 13 9 11 3 13 0 7 1 16
11 20 11 2 3 7 12 3 1 4
6 4 0 5 10 6 5 3 2 1
10 5 6 8 20 8 10 6 15 4
11 14 5 13 0 13 2 11 3 9
7 9 6 16 3 4 1 11 27 13
9 12 4 14 4 2 7 13 10 4
5 2 3 5 4 5 5 4 0 4
3 11 19 14 22 3 7 9 13 8
0 4 4 7 6 3 5 8 4 7
1 5 27 5 18 14 5 3 3 7
12 22 10 1 6 3 17 8 13 7
7 3 1 10 7 5 2 3 3 8
7 3 0 30 4 5 2 2 5 10
17 11 3 7 12 12 0 6 13 19
4 2 4 2 1 12 2 3 3 3
4 7 0 3 9 11 11 1 4 1
11 11 1 20 9 7 6 15 17 14
10 7 3 20 10 15 5 16 11 13
3 14 5 2 1 1 15 11 3 1
8 5 6 0 15 3 3 8 6 5
12 12 9 16 7 0 7 4 10 6
6 6 14 15 2 13 3 17 4 6
3 4 1 4 10 5 0 14 2 7
8 1 2 3 2 1 7 1 3 2
6 6 2 3 0 3 9 4 2 5
4 21 11 7 8 6 15 3 9 18
3 3 2 6 5 3 5 5 11 2
5 18 13 5 4 2 10 7 3 3
3 1 4 1 13 3 5 6 2 2
4 10 17 3 7 10 13 4 4 2
15 2 0 0 5 5 6 14 6 2
4 22 13 17 15 3 5 3 8 7
7 1 12 2 5 4 17 13 3 16
2 11 27 9 0 6 2 5 5 10
0 2 12 8 10 0 3 3 0 0
17 8 15 2 8 5 12 13 24 7
8 6 4 11 12 9 9 2 7 8
1 1 21 9 4 8 5 7 1 16
7 4 5 3 0 2 3 6 16 1
1 0 11 4 2 9 8 2 2 10
7 7 1 2 6 3 5 4 6 3
12 8 4 2 5 3 2 2 0 2
5 0 5 1 4 10 2 9 2 6
18 7 3 5 3 3 7 9 0 12
2 8 8 11 1 10 18 3 26 7
1 4 3 2 9 6 1 4 2 2
10 5 3 0 3 3 1 7 3 6
1 7 3 2 3 1 2 7 9 3
2 17 10 7 18 2 18 2 0 14
6 4 10 4 6 1 1 2 10 4
2 1 6 10 6 5 10 5 2 6
0 5 0 3 6 1 9 2 2 1
1 2 0 2 10 2 6 2 3 3
5 8 19 22 10 4 10 4 4 11
6 9 6 6 8 11 6 1 19 4
3 8 8 5 1 2 4 2 18 11
4 2 3 3 5 2 3 6 9 1
3 7 1 2 10 8 6 3 2 4
8 8 6 11 3 25 8 9 20 3
0 13 0 7 12 14 7 24 8 2
8 14 5 3 4 7 4 7 8 6
5 7 7 7 0 6 14 2 14 2
5 14 4 1 1 5 9 18 5 6
7 13 8 4 3 11 6 4 4 11
4 3 1 4 1 0 7 1 4 0
17 5 2 13 11 11 10 2 1 21
3 5 2 8 8 20 18 17 7 16
2 9 0 3 4 1 3 8 8 8
5 2 12 3 1 1 2 7 3 2
6 3 14 10 6 6 0 7 7 5
2 11 21 2 3 2 7 2 1 8
5 5 3 1 4 3 1 3 1 4
0 8 8 4 1 2 7 8 6 5
11 4 0 5 3 1 9 1 5 4
0 3 5 3 1 5 2 1 9 3
2 4 9 3 2 13 7 5 5 2
6 0 2 8 0 0 4 2 4 1
6 2 10 12 4 4 10 0 4 9
8 16 7 10 5 2 0 3 2 23
1 26 1 13 1 1 11 13 1 14
20 0 7 5 8 3 2 13 1 1
16 6 6 2 3 7 9 0 9 4
0 14 18 14 4 11 3 9 5 9
7 3 4 6 1 4 2 17 8 2
2 21 11 8 13 15 0 11 5 16
2 3 2 4 4 3 3 15 18 10
17 9 12 11 1 1 15 7 4 3
4 8 5 4 3 17 4 2 23 8
4 2 8 9 8 3 12 4 6 4
5 4 13 9 15 4 8 5 20 8
3 6 2 2 2 5 7 1 6 3
9 4 6 7 5 5 11 8 7 10
8 3 4 8 1 11 3 4 5 4
5 4 2 3 1 4 1 6 0 5
0 3 0 3 0 5 6 5 2 1
1 0 3 4 9 4 3 5 0 2
10 9 15 10 8 11 10 14 8 6
7 0 9 18 12 1 3 9 6 4
2 2 6 3 2 10 6 10 3 5
6 2 5 7 5 3 5 0 4 7
4 1 0 1 10 15 12 4 5 10
13 3 10 21 2 0 4 7 5 4
7 1 3 6 1 9 15 6 8 1
6 14 2 9 22 13 6 8 12 1
2 6 1 2 1 1 5 4 7 4
7 5 15 4 9 4 5 2 17 1
3 1 6 9 4 1 2 0 4 2
16 9 4 1 7 2 14 4 22 19
4 15 12 4 9 5 12 2 3 5
1 4 1 2 0 8 1 4 3 8
2 2 3 12 5 2 11 5 15 5
6 6 11 2 19 5 0 22 10 4
2 4 5 3 10 2 13 13 13 7
12 0 4 2 3 13 12 11 11 2
1 17 4 5 5 4 5 15 8 6
10 1 6 3 2 3 3 8 11 1
3 0 8 2 6 5 14 1 3 1
14 10 16 1 6 16 1 16 4 2
3 7 10 7 6 18 13 13 7 13
9 14 1 3 2 13 5 6 8 11
5 14 11 6 7 9 6 15 10 18
1 12 12 3 10 6 4 11 11 11
4 5 4 2 6 4 6 1 9 5
12 13 6 2 3 21 1 3 5 10
13 4 1 9 4 4 6 11 1 8
14 5 11 1 1 26 19 5 3 0
7 1 0 7 7 9 0 4 1 2
6 2 5 1 8 9 1 12 16 19
17 5 4 10 12 12 2 8 9 21
1 1 5 3 2 3 5 5 3 1
8 4 4 0 3 17 12 0 21 2
11 11 13 7 1 0 1 20 23 5
1 2 8 9 10 15 7 13 2 2
0 0 3 10 7 3 5 11 3 2
5 4 11 2 9 8 2 1 2 7
18 11 3 13 2 2 9 19 13 13
5 8 10 3 15 16 3 1 2 1
8 2 10 3 6 4 4 7 13 0
0 17 3 0 6 14 1 10 5 11
8 1 9 5 2 5 1 9 5 2
6 7 2 7 0 3 4 3 4 6
4 4 10 6 2 6 11 1 2 5
5 2 19 4 13 2 6 2 11 12
2 0 15 7 13 9 9 15 4 5
7 7 1 8 1 15 11 15 9 1
1 2 2 11 1 7 4 4 2 8
4 2 6 3 4 4 3 0 2 2
5 8 3 5 10 5 1 8 3 10
1 4 3 9 5 14 3 0 6 9
2 4 4 5 10 1 6 1 17 12
18 3 12 6 1 4 2 16 16 13
6 7 7 7 6 4 2 2 8 13
7 4 2 7 5 11 0 0 1 4
2 1 12 7 12 21 9 3 3 3
5 17 20 5 12 3 19 3 10 8
9 17 2 11 9 6 8 11 9 0
7 11 6 13 11 13 6 14 8 12
1 1 14 2 4 8 7 9 0 2
7 0 0 8 4 6 1 7 18 4
3 3 8 8 1 4 3 2 0 3
7 20 20 16 1 6 6 15 3 8
25 9 8 0 13 1 13 5 8 6
7 3 4 2 5 1 1 9 6 3
16 6 1 1 8 5 12 3 1 6
6 7 11 6 4 2 9 4 10 2
15 1 10 10 4 4 11 1 0 2
13 8 8 3 3 9 20 9 6 22
4 4 2 6 2 10 7 2 2 12
1 15 1 3 0 9 5 11 6 8
5 3 1 3 8 3 4 2 3 1
5 7 5 1 6 2 3 2 0 0
7 12 16 0 9 7 9 8 10 21
3 5 4 18 17 1 3 7 14 7
2 5 3 5 3 3 13 7 10 0
1 2 4 5 4 8 7 9 6 6
1 23 6 13 5 10 14 4 3 5
4 4 4 1 4 5 2 4 0 5
5 3 6 8 3 5 3 11 15 19
4 2 3 2 4 3 6 2 0 6
3 2 8 1 9 0 2 0 2 7
1 15 2 0 7 3 10 4 5 1
4 6 6 1 1 3 7 3 0 8
6 13 7 10 1 10 3 0 12 2
19 7 7 22 12 1 2 3 2 13
3 6 2 9 7 15 2 14 5 10
3 5 25 20 9 10 6 2 0 16
1 3 4 12 12 7 21 10 5 1
16 8 4 4 10 8 2 21 20 6
0 14 9 3 14 16 5 15 1 9
8 13 3 4 7 8 4 8 2 0
5 1 1 6 2 5 8 14 1 5
14 12 11 7 9 2 11 13 3 10
1 11 10 6 2 3 6 2 4 1
21 1 5 5 8 10 1 4 12 0
5 1 2 4 4 8 3 3 15 15
13 15 1 1 11 9 0 6 7 10
2 6 2 5 7 2 0 3 1 2
6 11 4 13 4 9 7 4 2 10
3 4 1 1 1 3 1 5 5 4
0 4 3 8 3 3 1 0 1 8
1 9 4 9 17 14 2 5 15 7
1 0 3 6 9 4 1 1 12 11
6 11 1 8 17 2 2 8 2 4
2 3 4 0 11 8 9 7 16 3
4 17 3 7 9 6 13 6 8 2
8 6 6 1 5 4 4 4 4 0
9 3 3 4 8 10 3 1 9 10
3 21 1 0 3 0 15 7 2 6
4 3 4 1 1 3 0 3 7 3
4 1 3 5 1 10 4 7 11 5
5 3 1 3 0 12 8 4 0 4
5 4 8 1 13 6 9 1 2 6
11 9 11 7 4 6 6 7 8 4
8 8 4 12 9 3 2 1 3 3
5 6 1 1 0 1 10 4 2 7
2 3 9 7 6 21 4 14 7 7
3 5 5 3 5 2 1 11 1 8
4 6 8 6 13 19 12 11 11 18
3 12 3 5 9 3 0 2 9 2
2 10 9 4 2 13 5 11 5 3
0 5 0 4 1 3 3 7 4 0
2 2 7 4 4 6 1 5 9 1
4 7 3 1 2 4 3 3 12 3
5 17 14 14 14 5 3 1 17 0
1 10
1 62
1 94
1 97
3 28
3 77
4 43
4 75
6 57
6 98
7 83
8 38
8 51
9 11
9 43
10 94
11 90
11 91
12 17
12 56
12 70
12 90
12 101
13 98
15 19
15 64
15 71
15 91
16 73
17 24
17 62
17 65
17 86
17 93
17 113
17 114
18 43
18 64
18 87
19 59
19 109
19 110
20 34
21 39
21 45
21 69
21 106
23 55
24 112
25 36
25 39
25 82
27 102
28 39
28 69
28 96
30 38
30 41
31 85
31 114
32 51
32 52
32 92
32 104
33 40
33 68
33 101
34 39
34 131
35 103
36 126
37 43
37 51
37 74
37 92
37 93
37 98
38 59
38 109
39 40
39 73
39 99
40 43
40 67
40 129
41 47
41 102
42 63
42 98
42 116
42 124
42 125
42 136
43 77
44 63
44 77
44 107
45 46
46 62
46 112
46 120
46 134
47 52
47 72
47 111
47 115
47 133
48 59
48 73
48 91
48 94
48 109
48 146
49 88
51 118
52 80
52 105
52 131
55 146
56 94
56 112
56 135
57 104
57 127
59 134
59 143
60 91
60 136
61 87
62 124
62 126
63 83
64 126
64 136
65 75
66 75
66 149
66 153
67 70
67 130
67 151
68 92
68 115
68 132
69 126
69 136
69 162
72 137
72 163
73 80
73 81
73 160
73 165
74 82
74 141
75 79
75 115
75 142
76 98
76 147
77 89
77 158
77 171
77 172
79 90
79 97
79 143
80 146
80 161
81 92
81 128
81 133
81 149
82 134
83 107
83 115
84 165
84 166
85 135
85 139
86 104
86 125
87 92
87 111
88 93
89 99
89 182
90 131
90 147
91 94
92 134
92 140
93 146
93 150
94 164
94 172
96 113
97 117
97 125
98 184
100 114
100 152
100 157
100 166
100 168
100 189
101 158
101 188
102 111
102 133
102 166
103 107
103 115
103 163
103 175
103 179
103 185
104 193
105 129
106 125
106 136
106 141
106 167
107 139
107 172
107 198
107 205
107 206
109 130
109 132
109 203
110 113
111 138
111 181
111 182
113 173
113 183
113 184
114 193
115 148
115 154
115 215
116 166
116 203
117 122
117 183
118 188
119 141
120 128
120 191
121 186
121 189
121 197
122 141
122 153
123 138
123 170
124 177
124 189
125 139
126 213
127 170
127 203
127 217
127 218
128 219
130 172
130 183
132 206
132 230
133 153
133 193
133 223
133 224
133 229
134 205
135 153
135 164
135 169
135 201
135 213
135 220
135 227
136 160
137 163
137 171
137 176
137 197
138 154
138 203
138 206
138 238
139 176
139 231
139 238
141 175
141 191
142 148
142 149
142 165
142 194
142 228
143 158
143 187
143 233
143 238
144 176
145 150
145 195
145 206
145 224
146 158
146 159
146 162
146 208
146 226
147 180
148 180
148 193
148 211
148 234
148 241
150 186
150 189
150 190
150 200
150 232
152 153
152 224
153 224
153 229
153 244
154 254
155 222
158 254
159 179
159 231
159 241
160 258
162 200
162 248
162 261
163 165
163 192
163 198
164 221
165 167
165 254
166 188
166 189
166 207
166 218
167 178
167 188
167 231
167 244
167 265
168 194
168 200
168 215
169 187
169 201
169 222
170 184
170 212
170 222
170 230
172 251
172 272
173 242
174 227
174 271
175 226
175 245
176 198
176 218
177 214
177 220
177 223
177 233
177 277
178 230
178 235
178 267
178 276
179 216
180 212
180 242
181 250
182 198
182 217
182 220
182 273
183 218
183 244
183 258
184 247
184 275
184 280
185 203
185 278
185 281
186 209
186 210
186 230
186 240
186 276
187 196
187 200
187 230
187 257
188 277
189 228
189 248
189 286
190 196
190 205
190 235
190 237
190 269
190 285
191 215
191 291
192 277
193 195
193 224
193 261
193 273
194 202
194 245
195 259
195 269
195 292
196 241
196 261
196 272
197 199
197 200
197 210
197 226
198 215
198 263
198 282
198 286
199 211
199 241
200 219
200 283
201 205
201 266
201 282
202 224
202 263
202 282
203 212
203 238
203 268
204 232
204 237
204 255
205 217
205 283
205 301
206 293
207 229
207 264
207 293
207 296
207 297
207 299
209 210
209 267
210 245
210 303
210 306
211 215
211 287
211 306
212 214
212 230
212 256
213 226
213 242
213 268
213 300
213 312
214 220
214 288
215 282
215 306
216 230
216 268
216 289
217 288
218 245
218 266
218 274
219 255
219 265
219 297
220 231
220 241
220 277
221 238
221 247
221 279
221 295
221 306
221 320
222 269
222 300
222 304
223 257
224 270
224 300
224 313
225 256
225 268
225 294
226 262
226 298
226 310
227 240
227 292
228 233
229 245
229 324
230 312
230 321
231 233
231 247
231 278
231 303
231 323
232 315
232 322
232 328
233 290
234 278
234 287
234 314
234 324
235 255
235 274
235 302
235 304
236 240
236 258
236 276
236 319
237 241
237 274
237 319
237 329
238 251
238 319
239 280
239 294
239 322
240 278
241 278
241 283
242 281
243 247
244 270
244 283
244 291
245 250
245 277
245 313
246 265
246 335
247 334
248 344
249 290
249 307
249 325
250 270
250 310
250 332
250 345
251 350
252 276
252 337
253 307
254 256
254 272
254 330
254 346
255 312
255 340
256 284
256 345
256 348
257 267
257 271
257 291
257 296
257 327
258 266
258 345
259 283
259 318
259 323
259 336
259 348
260 309
260 310
260 359
261 283
261 288
262 280
262 312
263 304
264 274
264 277
264 291
265 310
265 329
266 280
266 325
267 277
267 331
268 333
269 278
269 303
270 294
270 354
270 369
271 353
272 283
272 326
272 345
272 371
273 277
273 362
274 297
275 296
275 316
277 289
277 331
278 315
278 331
278 348
278 372
278 375
279 293
279 304
279 332
279 350
279 373
280 300
280 305
280 312
280 325
281 283
281 297
281 304
281 328
281 352
281 369
282 330
283 313
283 314
284 286
284 300
284 324
285 375
286 288
286 301
286 366
286 369
287 306
287 307
287 331
287 342
287 369
288 292
288 321
288 324
288 361
289 331
289 335
291 300
291 343
291 373
292 295
292 323
292 367
292 383
292 384
293 327
294 324
294 362
295 369
295 371
295 372
295 392
296 352
296 354
296 380
296 388
297 311
297 332
297 379
297 380
297 386
297 388
298 321
298 340
298 372
298 385
299 321
299 344
299 367
299 395
299 397
300 350
300 366
301 318
301 375
303 319
303 328
303 330
303 355
303 363
303 390
303 396
305 332
305 362
305 366
305 391
306 328
308 335
308 371
310 319
310 338
310 385
311 325
311 326
311 346
312 313
312 344
312 392
313 315
313 340
314 327
315 324
315 343
315 410
316 340
316 381
317 322
317 327
317 330
317 370
317 388
317 389
318 359
319 403
319 415
320 329
320 385
322 325
322 328
322 392
323 353
323 395
323 411
324 348
324 398
324 402
324 408
324 424
325 333
326 368
326 388
326 396
326 417
327 427
328 397
328 406
328 412
329 335
329 337
329 341
329 350
329 408
330 391
330 405
331 426
332 344
332 380
334 339
334 410
335 424
335 425
335 435
336 386
337 368
337 382
337 419
338 364
339 373
339 386
340 342
340 347
340 384
341 436
342 373
342 395
342 415
343 407
343 430
343 443
344 348
344 368
344 382
344 410
345 355
345 375
345 390
345 414
346 357
346 375
346 412
346 443
347 363
347 370
347 373
347 425
348 406
349 377
349 426
350 371
350 407
351 381
352 365
352 375
353 356
353 377
353 401
353 431
354 377
354 422
354 427
355 367
355 399
356 365
356 391
356 396
356 422
357 360
357 445
358 398
358 403
358 409
358 411
359 370
359 384
359 423
360 424
360 426
360 444
360 459
361 457
362 403
362 406
362 440
362 452
363 375
363 412
364 371
364 395
364 403
364 459
365 367
366 428
367 405
367 454
368 422
368 428
368 429
368 438
370 386
372 376
373 443
373 463
374 416
374 428
374 431
375 385
375 394
375 407
375 451
375 456
375 461
375 470
376 412
377 383
377 405
377 443
377 453
378 399
378 436
379 389
379 395
379 457
380 446
380 447
381 426
381 429
382 406
383 399
383 452
384 387
384 416
384 435
384 480
385 426
386 389
386 443
386 449
387 469
387 475
388 389
388 438
389 423
389 467
390 400
390 422
390 450
390 456
391 394
391 468
392 446
392 450
392 489
393 451
394 448
394 485
395 397
395 432
395 438
395 462
395 472
397 404
397 407
397 457
398 453
398 457
399 406
399 434
399 452
400 417
401 421
401 498
402 425
402 441
402 462
403 426
403 434
404 408
405 424
405 481
406 448
406 479
406 495
407 408
407 431
407 451
408 425
408 444
408 468
409 457
409 498
410 445
410 450
410 473
410 493
411 443
411 504
412 413
412 449
413 414
413 466
413 467
413 499
415 429
415 508
416 430
416 454
416 471
417 440
417 481
417 507
417 516
418 421
418 487
419 458
419 489
420 450
420 460
421 441
421 505
421 506
421 507
421 517
422 423
422 468
422 469
423 446
424 504
424 517
425 443
425 491
425 517
426 493
427 478
427 488
428 429
428 487
428 489
428 527
429 438
429 458
429 476
429 522
431 500
431 519
431 528
432 446
433 449
433 490
433 514
433 520
434 477
434 530
435 456
435 466
435 478
435 484
435 487
436 464
436 509
436 510
437 492
437 513
437 515
437 520
438 467
438 515
440 458
440 501
441 452
441 488
442 460
442 468
442 475
442 476
442 499
443 487
443 492
444 528
445 452
445 463
445 493
445 501
445 518
445 545
446 511
447 481
447 508
447 536
448 493
449 461
449 489
450 472
451 480
451 483
451 537
451 550
452 513
452 548
452 552
453 495
454 455
454 487
454 529
455 532
456 463
457 488
457 509
458 496
459 497
459 504
459 528
459 539
460 473
461 534
462 479
462 480
463 464
463 492
463 544
465 552
465 564
466 532
466 548
467 487
467 492
467 511
467 533
468 479
468 493
468 553
469 510
469 527
469 548
469 568
470 497
470 515
471 477
471 512
471 553
472 553
472 567
473 498
473 552
474 527
476 489
476 512
476 555
477 501
477 517
477 563
477 572
478 495
478 500
478 574
479 556
480 542
481 500
481 541
482 493
482 504
482 509
482 521
483 486
483 497
483 572
484 498
484 504
484 540
484 554
484 575
484 578
487 516
487 537
487 543
487 576
488 547
488 558
489 550
489 562
489 571
489 579
490 541
491 543
491 552
491 568
491 579
493 562
494 536
494 563
494 591
495 500
495 510
495 525
495 595
496 504
496 556
496 579
497 505
497 537
498 552
498 585
499 587
500 536
500 557
500 577
500 588
501 509
502 535
502 548
502 565
502 598
503 516
503 528
503 582
504 519
504 552
504 579
504 595
505 520
505 546
505 549
505 587
506 555
506 560
507 514
507 527
507 548
507 570
508 511
508 539
508 560
509 512
510 516
510 558
510 606
511 520
511 529
511 545
511 546
511 563
511 602
512 537
513 601
514 532
514 553
514 594
515 613
516 599
517 614
518 565
518 611
519 548
519 556
519 604
521 539
521 603
521 615
523 530
523 542
523 555
523 560
523 604
523 613
523 622
524 618
525 570
525 593
525 610
526 528
526 530
526 606
526 609
527 614
528 563
528 564
528 614
528 616
528 618
528 622
529 540
530 580
530 619
530 629
531 558
531 591
532 575
532 578
533 570
533 584
533 620
534 561
534 582
535 543
535 627
536 553
536 580
538 547
538 608
538 611
538 634
539 549
539 569
539 631
540 546
540 554
540 600
540 604
540 613
540 631
541 552
541 598
542 618
542 623
543 615
543 619
543 632
544 584
544 592
546 592
546 604
546 615
546 621
547 562
547 575
547 597
547 601
549 559
549 581
549 602
550 554
550 555
550 587
551 601
551 625
552 602
552 613
552 638
552 643
552 645
553 618
554 573
554 574
554 601
554 605
554 621
554 642
554 654
555 569
555 578
555 616
555 632
556 587
556 644
557 575
557 584
557 587
557 628
557 647
557 650
557 652
559 573
559 585
559 597
559 616
560 562
560 605
561 628
561 652
562 590
562 600
562 618
562 660
563 623
564 582
565 575
565 603
565 606
565 640
565 662
566 610
566 637
567 667
568 573
570 579
570 617
570 638
570 646
571 661
572 586
572 660
572 663
573 591
574 631
574 670
574 673
576 594
576 650
576 665
577 589
577 651
577 661
577 676
578 622
578 630
578 632
579 598
579 613
579 653
579 669
580 616
580 674
581 597
581 640
581 643
582 584
582 646
582 679
583 630
584 598
584 611
584 626
584 644
585 612
586 622
586 634
586 652
587 590
587 647
587 669
587 679
587 681
588 593
588 681
588 688
589 597
589 603
589 643
590 596
590 668
591 660
591 684
592 634
592 661
592 682
592 683
593 633
593 667
593 676
593 680
594 607
594 674
594 689
595 625
595 629
595 677
595 686
596 622
596 663
596 688
597 639
597 640
598 603
598 639
598 681
599 653
599 661
599 663
600 612
600 649
601 661
601 680
602 611
602 620
603 623
603 649
603 695
604 658
604 670
604 682
604 702
606 624
606 644
607 610
607 683
608 609
608 633
608 639
608 658
609 675
609 706
609 707
610 708
611 626
611 631
611 651
612 676
612 682
613 701
614 642
614 665
615 644
615 679
615 706
616 626
617 650
617 662
618 625
618 655
618 689
619 672
620 680
620 691
620 708
621 681
621 685
623 649
624 652
624 667
625 675
625 691
625 723
626 632
626 670
626 684
627 650
627 654
627 694
627 709
627 716
628 636
628 695
629 641
629 698
629 718
629 727
630 655
630 659
630 677
631 635
631 708
632 657
632 729
632 732
633 674
634 652
634 705
634 721
634 723
635 686
636 726
636 729
637 666
638 659
638 670
638 672
638 678
639 672
640 666
640 687
641 708
642 654
643 675
643 711
643 715
643 717
643 735
643 739
644 653
644 655
645 668
645 697
645 733
646 651
646 656
646 692
646 710
646 724
647 648
647 661
647 723
647 732
648 662
648 663
648 694
648 712
648 728
649 652
649 655
649 699
649 744
651 653
651 714
652 658
652 675
653 657
653 667
653 742
653 745
654 661
654 720
654 724
655 672
655 683
655 684
655 714
655 751
656 730
657 659
657 673
657 728
657 731
657 736
658 754
659 746
659 753
660 717
661 664
661 723
661 737
662 682
662 749
663 686
663 689
664 697
664 706
664 738
665 668
665 679
665 710
665 735
665 752
665 756
666 702
666 750
667 699
667 702
667 722
667 760
668 689
668 699
669 676
669 711
669 717
669 753
670 717
671 697
671 715
672 720
672 735
673 684
673 727
674 675
674 685
674 732
675 747
675 769
676 703
677 688
677 708
677 766
678 702
678 735
678 738
678 754
678 770
679 759
680 755
681 696
681 709
681 725
681 762
682 697
682 734
682 756
683 742
684 765
684 768
685 726
685 756
685 774
686 744
686 751
687 703
687 733
687 779
688 698
688 722
688 743
688 745
688 777
688 778
688 780
688 782
689 696
689 728
690 788
691 694
691 789
692 697
692 718
692 724
692 736
692 768
693 772
694 765
694 777
698 798
699 707
699 757
700 731
700 756
701 748
702 710
702 735
702 754
702 771
702 773
703 714
703 723
703 787
703 799
704 731
704 766
704 794
705 729
705 734
706 709
706 720
706 747
706 760
706 804
707 784
707 798
708 727
708 785
709 721
710 744
710 799
710 807
711 718
711 780
712 731
713 786
713 809
714 718
714 801
715 749
715 810
715 815
716 749
716 768
716 772
717 768
717 778
717 781
718 744
718 765
718 791
719 757
720 774
720 798
720 819
721 727
721 805
722 725
722 742
722 758
722 818
723 813
723 819
724 749
725 730
726 742
726 743
726 773
726 792
726 793
727 781
728 733
728 784
728 798
728 815
728 825
729 779
730 763
730 769
730 808
730 830
731 746
731 750
731 793
731 801
732 738
732 766
732 785
732 793
732 797
732 829
733 750
733 831
734 768
734 828
735 783
735 799
736 771
736 810
736 825
737 776
737 782
738 748
738 802
739 758
739 788
739 796
739 823
739 837
740 741
740 755
741 748
741 766
741 773
741 821
742 793
742 811
743 780
743 804
743 841
744 784
744 802
744 838
746 749
746 757
746 779
746 813
746 834
747 835
748 795
748 835
749 762
749 777
749 790
749 792
749 809
749 826
749 832
749 843
750 753
750 841
751 782
751 807
752 754
752 755
752 771
752 800
752 801
752 847
753 768
753 811
754 824
754 832
755 767
755 841
756 769
756 852
757 802
757 837
758 773
758 781
758 783
758 803
758 805
758 843
758 845
759 778
759 784
759 822
760 787
761 787
761 794
761 810
761 835
762 778
762 783
762 791
762 857
763 789
763 850
764 765
764 775
764 807
764 841
764 851
764 856
765 792
765 794
765 859
765 862
766 824
766 860
767 839
768 770
769 774
769 778
770 863
770 867
771 796
771 869
772 813
774 867
775 852
776 788
776 790
776 810
776 840
777 810
777 839
778 793
778 814
779 825
779 871
780 812
781 881
783 789
783 794
783 816
783 861
784 841
785 817
786 836
786 837
786 866
787 815
788 849
789 820
789 845
789 870
790 800
790 824
791 793
791 801
791 855
791 862
791 883
792 804
792 807
792 840
792 854
793 826
793 837
795 827
795 849
796 862
796 881
796 893
796 894
797 809
797 815
797 828
798 806
798 823
798 863
798 864
799 843
800 837
800 858
800 863
800 865
802 806
802 826
802 847
802 888
803 851
803 873
803 885
804 810
804 816
805 822
805 828
805 900
806 822
807 862
807 891
809 831
810 819
810 822
810 827
810 845
810 847
810 869
810 883
811 841
811 884
811 889
812 825
812 833
812 889
812 905
813 851
814 836
814 905
816 825
816 881
818 877
818 880
818 910
819 898
820 857
820 868
820 915
821 874
821 887
822 846
822 849
823 866
823 915
824 837
824 847
824 858
824 870
825 833
825 851
825 862
825 873
827 839
827 907
828 866
828 886
829 863
829 893
830 904
831 841
831 916
832 905
833 858
833 874
833 902
834 895
834 928
835 846
835 862
835 878
835 927
835 933
837 880
837 905
837 909
837 919
837 926
838 883
838 885
838 893
839 930
840 892
841 868
841 883
842 881
842 921
842 938
843 853
844 917
845 865
845 872
845 913
845 928
845 936
845 943
846 864
846 931
848 873
848 909
848 943
849 865
849 872
850 864
850 889
850 916
850 939
850 944
851 937
851 940
852 924
852 949
853 856
853 910
853 913
854 858
854 910
854 916
854 930
855 868
855 921
856 865
856 869
856 906
856 955
857 892
857 925
858 903
858 910
858 920
858 943
860 876
860 906
861 869
861 913
861 932
862 938
863 911
864 877
864 922
865 913
865 926
865 942
865 944
866 914
866 924
866 930
867 956
868 898
868 901
869 895
869 902
869 903
869 965
870 877
870 887
870 943
871 872
871 885
871 903
871 920
871 935
872 896
872 926
872 955
874 880
874 961
874 969
875 910
875 948
876 878
876 905
876 912
876 919
877 932
877 969
878 914
879 887
879 889
879 918
880 933
880 942
880 960
881 918
881 920
881 960
881 969
882 889
882 931
882 962
883 898
884 931
885 895
885 962
885 974
885 981
886 899
886 912
886 923
886 946
887 978
888 958
888 973
888 986
889 901
889 933
889 975
889 983
890 955
890 959
892 916
892 924
892 933
892 984
893 917
893 937
893 980
894 920
894 933
894 940
895 974
896 900
896 914
897 916
897 968
898 910
898 992
899 903
899 920
899 921
899 931
899 947
899 948
900 939
900 941
900 954
900 978
901 954
901 973
901 990
902 926
902 967
902 995
903 913
903 920
905 948
905 970
907 987
907 999
908 952
908 979
908 994
909 946
909 952
909 960
909 961
909 987
910 921
910 950
910 968
910 969
911 992
912 991
913 936
913 954
914 940
914 955
916 923
916 935
916 961
916 1000
917 979
918 937
918 989
919 999
920 921
920 944
920 952
920 995
922 991
922 997
922 1000
923 931
923 933
923 950
924 969
924 994
925 942
926 962
926 968
926 970
926 981
926 989
926 990
927 961
927 962
927 970
928 969
928 989
928 993
929 971
929 994
930 961
930 963
932 978
932 988
935 947
935 1000
936 975
936 988
936 990
937 945
937 974
937 987
938 953
938 972
939 944
940 997
941 947
941 949
943 982
944 945
944 976
944 998
945 947
945 974
945 990
945 994
946 987
948 980
948 986
950 996
951 961
952 957
952 999
953 981
954 956
956 990
957 965
958 969
960 981
963 964
963 971
963 988
963 993
965 994
966 984
966 985
967 978
969 970
972 983
973 980
974 1000
975 991
978 987
989 990
990 992
991 996
993 998
995 998
21 14 0 4 24 9 6 34 11 28
3 15 3 18 7 1 0 4 19 5
32 2 1 2 5 8 29 10 11 23
1 5 2 2 9 16 3 13 16 5
16 16 20 25 0 3 15 5 12 6
16 22 19 9 23 2 12 4 10 26
8 12 4 8 5 20 11 0 2 13
14 12 4 17 18 36 16 17 18 6
7 3 8 3 0 15 15 1 5 5
4 2 23 12 1 11 16 6 9 24
11 8 9 11 5 3 0 3 11 23
15 17 21 18 21 11 4 11 7 7
1 3 0 2 20 7 1 6 2 1
11 13 7 6 4 7 13 6 4 9
8 2 8 9 8 21 21 7 2 28
19 10 18 7 17 15 29 28 22 1
9 27 16 9 4 9 19 32 24 4
9 12 24 11 14 18 4 4 4 18
18 12 16 6 3 18 5 1 8 7
12 2 14 5 2 5 7 6 8 5
34 49 35 39 39 28 34 6 40 30 49 28 56 44 22 14 28 27 38 51
20 27 8 24 11 10 12 6 12 11 21 16 31 8 3 1 2 16 17 19
19 24 24 35 5 3 14 11 24 10 7 3 45 11 12 14 10 2 9 16
9 15 14 16 5 4 11 5 14 13 6 1 24 1 9 4 1 3 6 9
26 53 18 37 37 25 30 9 30 31 47 24 47 31 14 5 25 23 35 42
29 33 34 24 31 33 23 2 35 24 34 11 44 31 11 16 20 15 26 36
5 23 24 22 15 19 27 2 33 19 22 9 38 21 25 2 1 19 23 25
5 8 12 8 5 5 5 1 15 6 7 1 15 1 5 1 1 1 5 8
14 32 23 36 17 4 19 19 35 14 19 15 47 14 14 19 14 8 20 26
28 41 28 33 22 27 17 3 27 15 33 12 54 23 6 18 19 13 22 31
5 6 16 15 3 2 3 2 13 13 7 1 22 1 12 7 1 2 2 12
1 11 3 6 7 4 5 2 12 3 5 1 14 1 2 7 4 1 6 6
27 44 33 38 30 29 29 1 42 35 41 15 53 35 19 18 32 19 26 39
19 36 43 43 29 35 49 9 66 48 39 20 72 42 47 18 17 37 45 52
4 8 8 4 13 1 11 1 14 12 9 1 8 9 6 6 9 1 11 11
40 72 44 46 42 35 48 18 45 33 64 27 64 47 29 6 22 28 42 50
12 38 14 29 19 21 34 7 38 25 29 12 55 26 27 8 14 27 18 26
9 9 19 19 8 4 13 1 26 13 12 2 26 10 10 6 7 4 16 19
9 22 15 17 22 14 23 6 37 18 16 12 42 19 19 11 10 16 23 27
10 5 14 14 6 4 9 1 16 8 4 1 19 7 9 6 4 1 8 12
3 6 7 3 4 3 6 1 11 5 5 1 10 1 3 2 1 2 5 4
22 60 48 57 44 11 48 35 64 30 40 15 56 45 34 27 39 14 43 53
9 28 12 30 8 7 11 3 23 20 24 11 38 2 13 10 4 13 16 23
18 39 45 23 44 39 43 9 54 49 49 26 56 44 43 8 15 33 38 55
34 45 42 55 18 11 49 14 57 36 37 16 73 40 41 15 25 28 35 41
21 17 34 37 6 9 18 11 33 18 17 3 47 13 21 23 12 9 18 29
1 15 8 13 8 7 7 1 18 13 8 1 21 1 6 4 1 3 6 10
22 50 39 54 29 27 49 16 64 47 40 14 71 40 40 23 35 30 41 51
18 36 32 15 37 31 26 1 37 29 37 14 41 33 17 11 17 15 27 39
1 13 1 3 5 3 4 1 8 3 12 2 10 1 1 1 1 5 8 4
20 45 23 29 33 22 38 10 41 25 37 25 59 31 24 10 12 30 39 39
42 48 38 49 29 31 26 9 37 31 44 26 66 30 15 11 19 21 31 49
20 47 32 48 31 22 46 16 62 40 34 20 75 39 38 15 25 28 33 48
8 32 10 23 14 11 20 5 25 20 20 8 39 10 15 10 10 17 17 14
15 17 18 13 17 19 25 4 26 18 22 15 37 19 24 5 1 19 18 21
15 32 27 37 16 13 23 3 41 29 23 8 55 15 23 12 9 17 24 30
5 30 9 11 20 13 14 1 20 21 23 2 22 15 5 1 15 5 8 18
21 42 18 40 23 15 39 7 47 29 34 24 61 30 24 14 19 33 40 38
45 52 45 57 29 36 58 19 57 37 53 28 77 48 36 19 19 45 54 51
16 42 25 26 28 23 46 9 44 34 32 14 50 33 32 4 11 28 29 28
2 22 15 15 15 14 22 1 29 21 24 9 36 14 24 4 1 19 17 20
8 15 11 3 9 8 4 1 4 3 9 1 13 3 1 1 1 1 1 8
8 19 9 21 5 1 6 3 13 10 12 8 32 1 7 8 5 7 10 12
5 21 13 17 13 6 22 1 31 21 13 2 34 13 15 6 10 11 15 16
40 65 47 64 27 20 52 24 62 34 47 19 81 40 39 19 26 26 46 51
7 27 12 31 8 2 19 3 32 27 18 11 50 13 25 8 12 19 13 25
18 39 20 43 20 12 31 16 39 13 15 12 60 29 18 21 25 13 20 30
9 42 33 31 33 15 43 7 47 41 35 11 43 34 36 8 19 27 36 37
40 45 47 62 12 12 45 22 55 33 40 10 74 36 40 19 27 21 31 41
18 53 19 52 28 11 30 20 45 27 35 25 66 21 20 26 14 25 38 46
6 11 14 14 8 4 4 1 15 15 11 3 24 3 12 6 3 3 4 14
13 18 16 14 10 6 27 6 24 11 16 8 31 17 14 1 3 13 16 11
1 8 2 6 2 1 9 1 9 1 6 1 18 3 5 5 2 4 3 1
30 29 33 38 9 17 34 9 39 19 29 10 54 26 25 14 13 22 29 30
7 19 10 15 12 2 8 3 18 4 12 3 24 3 1 6 7 1 12 11
25 49 38 31 39 28 38 1 46 40 50 23 60 39 31 1 18 30 40 51
15 32 19 30 17 15 32 2 39 32 29 15 55 20 29 3 8 27 22 29
8 36 35 31 32 23 36 6 49 37 41 18 53 29 36 7 9 28 34 40
4 44 18 42 20 12 25 9 43 30 29 18 58 20 25 14 16 23 27 34
5 24 13 15 12 11 20 1 23 14 19 7 36 11 17 1 1 17 15 14
5 14 9 9 7 7 12 2 15 8 11 1 24 5 8 7 4 7 10 10
12 51 23 40 32 12 34 14 45 34 32 16 52 27 22 16 27 21 35 35
8 10 11 8 10 1 7 4 11 11 10 4 13 6 5 1 6 4 7 10
6 16 23 17 12 5 21 3 28 21 18 1 32 10 17 1 1 7 14 20
21 21 24 32 7 7 17 1 24 12 20 7 43 11 14 3 4 12 18 26
1 2 5 7 1 1 1 1 4 5 1 1 12 1 5 1 1 1 1 3
1 5 4 4 6 1 5 1 8 6 4 1 13 4 6 4 2 3 3 5
4 5 13 11 6 1 6 1 14 11 5 1 22 3 8 1 2 1 4 10
25 53 25 42 28 13 39 20 44 17 38 19 60 31 23 13 17 22 34 34
37 63 42 50 36 40 40 7 46 38 52 28 79 39 29 18 23 36 37 48
29 47 35 39 31 28 41 17 42 41 40 25 66 40 39 2 16 31 20 39
13 44 39 30 46 34 34 11 48 33 39 20 52 39 25 11 19 19 39 50
29 22 43 42 7 10 39 13 50 25 32 2 60 30 35 17 9 20 27 33
28 23 34 29 16 15 33 12 35 15 23 1 41 28 22 15 15 10 21 24
6 24 14 15 13 12 13 1 16 13 16 1 34 6 10 3 1 5 7 14
24 66 36 54 47 26 43 21 59 32 37 33 86 45 25 25 30 29 45 58
27 33 39 36 14 10 38 25 44 26 33 4 52 26 37 18 9 16 23 32
10 36 18 28 23 9 28 9 33 27 23 7 40 15 17 11 18 13 24 23
1 5 1 4 1 1 4 1 2 1 1 1 13 2 4 1 1 2 1 1
24 25 43 34 26 16 36 13 47 39 35 17 56 30 39 13 8 25 28 42
19 25 29 21 25 15 16 6 28 15 19 5 32 20 9 14 20 2 19 31
9 15 19 14 13 8 13 4 17 12 10 2 30 11 14 2 3 5 4 17
32 42 30 37 20 17 25 12 32 11 34 14 51 21 11 11 11 15 26 33
25 39 29 34 26 19 18 6 26 25 39 18 44 20 13 2 12 16 23 39
4 23 12 19 13 7 16 1 25 23 14 1 28 8 12 3 10 7 9 17
3 18 9 2 14 16 9 1 11 9 17 1 16 9 6 1 3 5 8 15
2 8 2 5 5 1 1 1 4 5 3 1 9 1 1 1 1 1 1 2
6 12 15 12 17 10 20 4 28 20 13 1 29 13 17 9 9 12 17 21
29 56 31 44 44 27 30 15 48 27 44 36 68 38 16 24 33 23 39 55
24 32 21 32 14 9 17 9 20 6 22 9 45 14 8 10 7 10 16 21
14 33 34 28 35 28 47 7 55 47 36 24 53 38 42 4 10 35 40 41
14 36 30 27 28 20 35 9 41 20 27 8 47 27 21 9 9 16 29 31
30 42 35 28 31 23 31 10 41 23 35 22 60 33 19 14 20 20 31 42
14 23 27 27 14 5 12 8 25 15 13 1 39 11 12 6 6 1 6 22
14 48 31 37 22 14 42 9 47 32 35 5 56 29 33 1 9 21 20 27
27 31 34 45 10 7 28 14 38 27 30 20 65 22 32 22 6 28 28 37
10 9 10 9 6 3 12 6 10 5 5 1 16 3 3 6 3 3 7 4
24 47 45 58 24 8 43 17 55 46 40 10 66 34 42 17 22 25 30 44
9 34 30 28 29 7 28 9 28 22 28 2 26 23 18 6 19 10 22 26
18 19 33 43 15 12 21 15 46 29 20 9 51 24 26 32 23 13 29 42
7 8 10 7 5 2 13 1 15 5 3 1 16 3 5 1 1 4 6 5
11 25 15 24 5 1 22 8 23 18 10 1 33 12 18 1 6 6 3 9
39 51 23 39 27 28 35 19 27 18 42 30 60 33 18 4 14 29 26 33
10 14 14 8 11 10 9 1 14 3 12 1 22 7 4 4 1 2 7 12
26 55 39 52 34 20 55 33 67 34 33 25 77 47 45 24 26 24 42 49
7 22 22 24 12 12 15 4 30 20 23 3 40 9 18 11 4 12 15 23
19 41 31 27 26 19 29 6 37 28 28 3 45 26 17 2 12 12 20 29
19 54 44 52 46 22 51 20 68 44 43 23 66 50 43 31 39 34 55 57
5 20 17 16 20 4 26 1 27 22 18 6 21 23 21 4 16 13 21 21
25 53 26 42 26 15 16 16 30 23 29 21 61 19 14 15 20 11 18 35
37 36 50 49 20 13 41 35 47 33 36 17 55 31 42 25 8 23 27 35
12 27 41 31 29 21 34 5 53 38 33 10 42 30 33 15 16 19 37 45
5 9 3 9 5 1 4 1 7 4 8 4 13 1 1 1 1 4 6 3
9 7 12 10 5 1 11 4 12 6 3 3 21 6 10 1 1 6 3 6
17 51 30 44 42 20 42 30 54 20 25 26 67 39 19 32 27 25 39 46
6 2 19 12 7 1 8 1 22 13 5 1 15 9 10 3 6 1 10 19
5 6 7 5 2 1 3 1 4 4 3 1 15 1 3 2 1 1 1 3
7 19 15 21 9 6 9 4 17 15 13 5 34 4 14 9 6 6 6 14
2 11 1 9 2 3 3 1 3 5 3 1 15 1 2 6 3 1 1 2
5 13 16 21 15 2 11 10 29 17 7 8 34 11 17 17 13 5 13 25
37 37 48 57 12 22 44 20 54 41 35 14 70 34 40 27 29 27 33 39
1 9 7 7 9 5 9 1 17 12 9 1 16 4 7 6 4 5 10 11
6 41 19 26 28 13 33 2 34 31 32 4 34 22 22 4 17 18 27 23
16 43 42 40 35 14 46 12 48 33 39 10 44 38 31 11 21 25 41 37
26 51 32 55 21 3 35 30 48 20 26 13 66 33 25 21 29 8 24 34
27 43 29 45 30 17 41 20 51 17 29 22 62 37 20 30 30 24 44 43
1 15 13 17 8 1 19 1 31 22 11 1 35 9 17 1 5 8 11 16
13 20 20 22 10 10 20 1 27 13 12 1 40 12 14 5 1 7 14 18
21 36 26 19 26 16 16 6 18 20 31 13 37 19 9 7 17 8 17 28
13 27 17 23 14 9 18 1 23 15 23 10 36 10 8 1 1 17 23 20
35 43 52 47 28 19 35 16 47 28 36 4 57 39 30 17 30 6 27 46
40 44 35 56 9 13 36 16 39 22 35 11 61 29 27 12 19 22 26 30
13 26 6 19 7 11 19 1 14 11 22 16 37 11 14 1 1 19 17 16
32 46 54 55 31 27 47 15 62 44 52 14 71 38 42 27 22 32 49 58
11 15 15 17 8 1 13 6 14 10 7 1 29 6 7 7 6 3 7 9
21 30 18 24 11 7 14 13 15 8 22 8 33 11 11 6 4 8 9 13
3 22 11 15 18 5 13 1 16 17 19 4 18 12 9 6 13 4 14 14
3 14 10 16 5 2 8 1 16 17 8 2 27 2 13 3 1 3 4 11
7 17 17 9 21 9 26 1 27 20 21 8 20 22 20 1 11 12 21 21
5 6 6 7 1 1 6 1 8 1 4 1 14 1 1 4 1 1 4 1
7 8 8 7 9 5 6 1 14 6 7 1 12 4 1 4 3 1 8 7
25 30 25 28 8 9 24 14 26 4 23 4 35 17 12 5 3 8 15 11
23 19 36 37 13 10 27 14 40 28 27 11 48 23 33 25 4 21 25 34
6 6 12 8 4 2 4 2 10 8 2 1 12 1 6 1 1 1 2 7
11 52 39 32 54 29 34 13 55 41 43 22 46 42 28 19 35 18 41 57
23 47 35 48 26 18 42 9 45 33 39 7 52 35 29 10 29 22 30 36
3 5 7 4 9 1 11 1 15 11 6 4 16 10 12 3 5 7 7 11
13 10 14 13 4 6 15 1 17 1 7 1 25 7 6 8 3 4 10 7
12 21 9 20 7 7 7 1 13 4 17 7 27 3 1 5 1 9 13 8
27 33 33 32 26 14 42 11 41 28 36 23 48 33 30 7 15 28 37 33
3 20 10 17 8 1 8 1 16 17 10 1 26 5 6 1 8 2 3 8
4 5 5 4 2 1 6 1 9 1 4 1 12 1 1 1 1 1 4 1
2 11 2 12 1 1 2 1 6 4 4 1 24 1 1 1 1 2 1 1
10 17 11 13 9 9 4 1 8 4 15 6 20 5 4 5 1 6 6 9
4 6 11 5 11 1 14 1 19 15 8 4 15 11 14 1 7 7 9 14
1 2 7 4 8 1 8 1 10 8 3 1 6 4 3 1 4 1 7 7
3 33 13 22 27 9 22 8 34 23 19 7 32 17 15 13 20 7 23 26
1 11 10 12 6 2 9 1 17 13 9 1 22 2 8 1 1 3 7 10
40 55 28 43 34 39 35 8 42 31 49 33 70 40 19 11 19 35 38 48
21 44 39 49 29 15 33 7 52 33 33 12 66 33 31 18 29 16 33 47
16 42 29 49 19 6 31 15 51 30 27 15 70 25 27 18 16 19 28 40
29 44 26 44 8 8 33 15 32 17 30 11 59 20 23 8 8 21 20 19
3 12 3 7 5 4 2 1 3 1 8 1 13 1 1 1 1 1 1 1
6 17 9 10 11 11 17 1 20 6 15 1 25 11 9 1 1 10 13 10
22 19 35 38 16 6 22 16 42 26 22 10 49 18 27 28 10 14 25 36
24 41 24 27 28 18 19 17 29 13 23 19 52 31 14 17 20 8 12 28
13 28 28 27 21 13 8 4 28 25 27 8 51 16 16 14 13 6 7 33
30 41 25 37 21 19 31 9 32 14 34 15 49 22 11 12 12 20 33 31
5 25 4 12 14 10 11 1 12 8 20 2 28 5 2 1 1 8 13 11
10 33 2 26 13 11 18 5 19 6 23 16 39 10 6 10 7 19 23 18
27 56 25 49 23 19 36 18 38 32 43 20 62 28 25 7 19 26 24 37
17 24 13 22 6 4 13 10 11 6 14 8 28 7 6 5 1 8 9 6
3 11 1 3 8 7 8 1 6 3 9 1 10 3 5 3 1 3 4 4
7 23 6 12 8 8 4 1 2 4 17 5 25 4 3 1 1 5 5 10
1 14 1 7 3 4 5 1 5 2 9 1 10 1 1 1 1 2 4 1
1 13 14 12 11 6 7 1 19 13 15 1 24 5 12 2 1 3 5 17
23 21 32 31 3 3 28 13 35 12 19 8 53 21 28 6 3 11 12 21
31 41 40 43 28 22 33 9 46 35 46 24 70 35 31 18 17 29 36 55
3 5 9 4 7 1 9 1 12 8 5 1 6 3 1 1 3 1 8 7
6 9 7 10 4 1 9 2 9 4 3 1 15 1 1 1 1 1 5 2
15 25 28 30 22 12 22 6 40 23 19 5 38 20 16 17 20 8 28 32
8 37 36 45 26 7 34 10 48 47 35 4 42 27 39 9 26 20 22 40
16 62 40 45 46 28 34 11 51 44 48 22 65 34 30 13 26 22 39 52
23 17 36 32 10 15 35 6 46 28 26 8 55 26 33 13 5 24 29 35
26 34 36 28 17 11 28 12 33 14 26 1 45 27 19 1 10 2 14 26
14 24 15 15 22 23 27 4 26 19 27 16 38 22 20 4 4 22 20 21
25 46 46 49 25 3 39 21 46 29 36 6 47 35 29 15 25 13 31 34
4 6 5 10 2 1 1 1 4 4 1 1 12 1 1 1 1 1 1 1
4 12 8 10 4 5 10 1 10 7 6 1 18 2 6 1 1 4 6 4
15 29 24 32 13 8 30 10 37 27 17 1 48 17 25 7 10 14 14 19
31 40 10 43 29 22 33 22 38 24 35 36 58 30 21 14 23 36 37 39
6 11 9 12 5 3 5 1 8 9 4 1 18 1 5 3 1 1 3 5
1 19 7 11 15 5 13 1 14 13 16 3 15 9 7 2 8 4 12 11
7 34 20 17 32 19 27 7 38 26 28 13 40 28 22 12 21 14 26 37
7 17 12 12 8 3 12 1 17 12 15 2 22 2 7 1 1 6 12 13
16 18 23 19 20 19 28 3 39 26 26 17 46 22 28 5 3 25 26 28
4 6 16 15 5 2 10 2 20 15 12 1 25 2 15 5 1 4 7 14
15 31 16 37 9 18 30 6 35 24 27 7 45 23 22 10 18 24 22 23
8 8 9 11 8 4 10 4 12 7 4 1 15 4 5 1 4 1 8 6
35 47 20 58 18 20 38 19 38 30 35 25 65 31 24 10 21 34 30 37
29 58 41 46 39 24 47 23 62 42 41 25 76 49 39 16 33 21 27 52
23 32 33 35 17 15 41 13 49 34 24 11 60 28 37 7 9 23 22 27
14 23 13 29 6 3 19 1 23 20 19 14 46 11 16 1 1 17 17 24
9 28 29 30 26 6 30 5 35 24 23 1 29 25 20 11 19 12 27 27
18 55 32 48 27 16 45 18 53 43 48 12 71 35 41 13 19 31 27 44
17 12 20 22 11 7 23 1 29 13 17 10 36 20 16 11 11 15 23 21
12 25 12 33 1 2 22 1 27 20 18 14 51 13 23 1 6 23 13 21
2 13 6 3 13 7 8 1 13 8 13 1 12 5 1 5 6 1 9 11
10 18 11 8 13 9 16 6 15 9 12 1 18 7 5 5 4 5 11 9
5 38 8 21 34 17 18 16 29 8 20 18 37 23 2 21 23 9 23 30
26 46 28 42 26 18 29 15 41 22 33 22 59 23 17 14 14 24 36 39
9 11 19 13 15 8 9 1 23 16 11 1 17 10 9 6 7 1 12 21
3 25 15 18 17 15 13 3 26 24 23 1 29 8 16 6 3 8 12 23
26 52 33 56 27 6 33 31 50 15 27 20 72 33 24 23 23 12 29 42
4 6 5 4 1 2 2 1 1 1 2 1 9 1 1 2 1 1 1 1
9 8 11 11 2 1 6 3 7 2 2 1 19 1 1 1 1 1 1 2
47 52 50 41 30 27 42 14 49 25 50 24 69 48 29 16 25 21 35 47
4 7 4 8 6 4 8 1 11 5 5 1 14 1 1 7 4 4 7 4
11 25 25 21 15 16 9 1 24 22 24 3 39 11 12 5 5 4 8 25
3 19 7 15 15 4 3 7 18 7 6 6 25 4 4 12 9 1 9 17
4 9 7 5 5 4 5 1 7 7 7 1 14 1 8 3 1 1 1 6
17 30 19 26 9 8 15 7 16 9 14 1 36 12 9 1 5 2 1 8
40 46 57 64 25 14 53 18 65 41 48 21 79 44 49 20 25 30 45 56
12 18 14 11 14 7 20 8 20 12 14 1 19 12 6 4 6 7 15 11
24 31 34 44 7 5 31 13 42 24 21 1 53 20 29 6 9 9 13 23
23 64 41 60 34 9 53 23 64 36 43 9 67 46 38 18 33 25 41 43
2 15 8 9 16 8 15 2 23 15 10 1 25 8 10 7 7 7 15 17
33 49 21 44 19 20 33 21 29 14 36 24 63 26 21 8 10 26 23 30
9 16 15 11 15 8 24 1 27 20 14 8 32 17 17 5 8 12 18 19
5 15 10 22 11 1 8 9 20 6 1 8 35 9 8 14 11 2 8 15
20 49 27 37 39 18 17 14 36 25 37 30 56 29 12 23 31 12 29 52
31 20 24 35 8 17 22 5 26 15 27 16 41 19 16 15 13 23 29 30
31 48 42 50 18 8 42 26 50 27 45 15 71 29 40 19 6 27 33 41
6 9 10 8 9 3 11 1 15 8 10 1 14 4 2 1 3 3 10 7
14 25 7 21 5 7 11 1 5 1 19 9 31 2 2 1 1 10 11 9
30 36 32 34 20 26 28 6 31 21 34 7 54 27 14 15 18 16 27 31
18 40 43 53 40 5 39 26 59 29 21 19 50 40 25 33 41 15 44 54
24 51 31 38 22 11 40 14 41 21 42 6 53 28 29 5 14 16 30 35
29 22 39 43 6 20 32 10 47 31 27 16 64 28 37 26 19 26 29 39
26 53 34 53 32 23 19 6 51 36 41 24 71 31 20 26 33 18 29 53
8 14 4 12 7 3 3 1 7 6 11 7 16 3 1 1 3 7 8 7
24 29 27 27 18 20 15 1 22 16 27 12 46 19 14 11 13 11 17 28
12 25 15 15 18 16 18 5 18 10 17 1 28 10 7 2 2 8 12 14
9 32 20 24 21 18 22 6 28 16 25 12 40 14 14 6 3 18 22 20
9 11 19 19 15 8 20 2 32 25 14 12 42 17 23 4 4 14 16 25
6 15 4 12 4 3 3 1 5 6 11 7 17 1 4 3 1 7 6 6
2 18 10 15 12 4 13 1 25 17 10 1 28 5 7 6 7 3 12 15
14 23 21 32 10 1 16 7 29 13 9 5 47 12 9 10 9 4 16 20
6 24 14 20 15 10 7 6 18 13 13 5 37 9 13 11 10 3 6 21
24 48 47 54 27 1 39 21 50 35 36 9 57 33 36 15 25 17 29 38
29 33 29 48 5 18 28 4 40 28 30 13 60 18 24 19 17 26 31 34
6 18 6 16 9 4 13 5 17 5 12 10 31 7 10 10 7 11 11 10
9 7 11 13 3 3 8 1 13 2 2 1 24 8 8 3 1 3 4 7
25 59 37 48 23 22 41 21 47 27 44 11 70 29 39 13 14 18 25 35
5 26 17 18 24 11 26 1 30 23 22 2 23 19 17 1 12 11 21 20
12 21 18 22 10 3 15 6 18 18 8 1 29 7 9 1 8 4 7 11
3 22 7 11 20 7 4 5 15 5 14 6 24 9 1 10 12 1 11 18
21 34 21 25 21 13 2 3 20 10 24 17 45 14 2 13 14 5 13 31
14 39 33 39 26 13 33 20 44 31 34 19 59 25 32 21 7 26 33 38
11 8 16 13 11 1 12 6 15 11 6 1 15 7 4 1 7 1 10 10
3 19 5 10 13 12 16 1 18 9 15 1 23 8 9 3 1 10 10 9
15 39 33 31 21 18 25 11 33 22 34 6 57 19 24 12 6 15 18 32
6 17 8 13 8 4 11 6 14 5 6 3 26 3 7 9 6 3 7 8
29 45 29 31 38 27 41 26 42 17 31 32 60 42 24 22 25 22 32 39
4 14 1 6 6 3 4 1 4 1 12 3 18 1 1 1 1 5 5 5
27 46 45 53 22 18 52 15 67 41 37 11 79 41 46 18 22 28 34 45
2 24 1 11 11 11 19 1 18 11 18 6 31 11 12 4 1 16 14 8
4 11 8 9 2 2 7 1 10 4 6 1 17 1 2 1 1 1 4 2
1 3 2 8 1 1 1 1 3 3 1 1 15 1 1 1 1 1 1 1
38 58 29 61 35 29 44 20 55 31 40 38 87 45 30 27 29 38 46 57
21 31 24 19 21 21 20 3 23 12 26 5 39 19 9 6 8 10 19 24
23 64 23 50 43 24 27 16 49 29 37 30 71 37 11 28 37 23 34 48
31 45 51 48 22 19 46 19 58 32 43 1 66 39 41 13 14 14 31 45
9 33 16 22 15 10 11 1 18 23 21 4 38 12 10 1 12 6 3 20
9 17 15 17 7 7 12 5 12 12 8 3 27 6 15 1 1 6 1 11
16 36 21 42 8 7 24 13 31 29 27 13 50 13 25 7 13 20 13 23
9 30 23 23 22 7 14 8 26 18 22 6 39 15 16 10 14 5 13 28
29 49 28 41 12 14 25 15 28 12 38 9 56 18 18 6 7 12 18 30
34 41 56 53 30 11 45 27 63 39 42 11 60 38 40 29 21 19 40 49
34 35 39 35 19 28 35 10 41 22 29 13 66 36 26 18 19 18 25 37
7 20 11 13 10 2 16 3 17 12 10 1 19 8 2 1 3 1 11 7
27 71 34 59 36 23 44 21 58 41 54 23 76 37 33 15 23 30 40 53
12 20 9 19 9 1 13 8 16 6 12 13 35 8 11 11 8 13 12 14
10 26 19 29 23 1 12 15 32 14 12 16 39 17 7 19 21 5 22 29
17 43 10 31 19 13 16 1 19 17 30 13 45 14 3 4 14 15 17 26
4 9 10 8 11 5 14 1 21 11 12 1 18 9 7 2 3 6 14 13
5 12 9 9 10 4 14 1 19 8 13 2 21 8 4 3 4 7 13 9
8 15 7 13 3 1 5 1 5 6 8 4 23 1 5 1 1 5 4 6
13 28 21 30 16 3 25 7 33 17 15 6 42 17 13 11 14 8 20 20
14 56 23 57 30 9 44 26 58 32 36 32 79 34 34 33 22 39 45 50
4 29 15 17 22 10 23 1 31 18 29 5 34 18 17 2 9 14 23 27
8 27 17 13 18 17 17 2 21 16 25 5 35 11 16 5 3 13 14 20
3 12 5 1 6 7 3 1 1 1 10 1 15 4 3 1 1 1 1 5
29 44 39 37 26 24 40 13 47 31 43 16 68 34 37 4 5 26 27 38
5 34 21 32 18 10 28 4 41 35 32 5 46 17 28 6 14 19 18 28
11 12 11 17 4 1 5 1 10 4 10 6 22 3 3 3 1 6 8 6
9 12 9 11 1 1 11 5 6 1 6 1 18 2 4 1 1 1 2 1
7 13 12 14 7 1 12 3 14 14 6 1 26 5 8 2 3 2 6 9
5 11 8 18 7 1 17 1 24 15 5 1 25 11 11 1 7 8 9 9
31 40 27 56 15 25 38 11 55 33 38 26 75 30 31 23 19 35 42 49
11 18 15 18 5 4 4 3 11 11 16 7 28 1 10 6 2 7 6 13
20 23 17 27 7 7 14 6 21 2 15 7 35 7 3 13 8 9 18 15
14 31 14 26 6 7 27 9 22 10 18 6 45 15 16 6 3 15 13 7
3 18 24 21 16 5 22 2 34 31 24 1 34 14 22 7 6 9 21 27
6 11 5 10 6 1 4 5 7 2 4 2 20 1 2 8 5 1 2 5
38 58 45 43 35 19 32 23 43 24 46 21 63 38 25 17 30 12 27 45
3 18 8 7 15 10 4 3 13 10 14 3 18 6 6 8 7 3 5 16
36 43 52 45 31 36 56 20 59 36 41 25 70 47 50 6 3 35 39 45
16 17 27 24 9 5 19 14 22 21 18 6 34 11 24 15 1 12 12 21
22 47 43 32 38 26 55 13 55 41 45 18 53 45 45 4 15 30 40 41
9 8 11 14 1 1 6 1 9 2 1 1 19 2 2 1 1 1 4 4
4 18 21 20 20 4 15 6 31 25 17 5 23 13 18 12 18 1 18 28
32 55 34 55 29 32 43 22 53 24 42 30 78 40 29 36 31 35 51 55
12 20 16 20 8 5 20 6 23 14 9 5 38 10 13 6 4 10 11 11
12 9 13 16 5 1 11 5 12 4 2 1 26 5 5 6 3 3 4 6
25 19 41 30 23 15 39 9 53 36 33 14 55 32 37 16 3 26 35 42
23 36 38 38 35 16 31 21 48 33 34 25 67 35 34 25 15 23 30 50
16 24 13 19 12 15 12 1 16 3 25 7 32 11 3 5 5 10 17 20
14 34 10 21 14 10 16 3 13 8 24 5 36 8 3 1 1 10 15 14
25 56 20 37 19 18 36 12 32 23 41 13 59 27 25 1 11 25 16 27
7 30 24 30 18 9 21 4 38 33 32 5 42 15 21 11 9 16 26 31
3 10 2 5 5 5 9 1 9 3 11 2 13 3 2 3 1 6 8 3
4 37 8 26 21 12 29 7 34 32 31 10 34 21 20 2 18 23 23 24
7 14 9 10 10 6 4 1 10 12 8 1 17 4 6 4 4 1 5 9
12 31 23 37 15 5 25 15 41 23 12 9 53 16 24 15 13 11 16 24
7 31 16 30 20 8 27 7 33 29 23 6 35 21 21 4 21 13 16 22
16 25 17 31 8 1 21 10 25 19 11 4 37 13 14 4 11 10 9 13
20 32 29 31 19 12 29 8 35 27 25 15 50 21 24 5 9 18 23 28
4 44 32 41 36 6 29 16 48 34 42 14 42 28 29 24 28 18 39 50
5 17 12 11 14 8 18 1 21 18 11 1 27 9 11 3 4 7 13 14
24 34 43 37 22 14 25 12 40 30 31 2 50 24 21 13 11 7 21 36
27 54 37 35 36 16 38 12 34 27 48 19 47 39 25 10 26 23 31 40
11 19 11 20 10 5 13 6 18 6 14 8 32 4 6 10 7 10 13 11
12 31 27 25 24 13 21 9 31 22 21 2 36 16 14 8 13 5 17 27
28 50 49 55 24 13 50 17 62 42 44 11 73 38 45 13 16 26 35 42
7 14 18 18 12 3 17 6 28 17 12 2 33 7 15 10 8 6 12 20
11 10 25 25 8 1 16 6 29 20 10 3 39 10 20 11 6 8 10 21
3 15 1 11 1 1 6 1 6 1 13 4 21 1 1 2 1 8 10 4
23 32 11 29 5 6 23 10 15 1 21 14 44 14 11 5 2 17 13 12
19 51 16 40 38 25 40 19 46 21 36 39 69 37 24 24 22 36 45 49
10 55 38 44 41 13 42 18 52 40 40 15 50 37 31 16 26 24 42 42
4 11 6 6 13 5 9 3 13 9 9 1 15 6 4 8 9 1 8 10
25 36 26 38 19 19 31 9 35 31 37 23 61 23 27 8 3 29 29 40
26 40 41 31 37 24 26 11 41 33 30 21 55 35 24 19 29 14 21 44
8 49 17 36 40 14 33 16 43 26 27 16 45 32 17 21 36 12 31 38
21 52 35 48 28 25 36 14 45 29 46 23 74 27 32 16 7 34 36 47
6 11 7 12 2 1 9 4 7 3 2 1 23 1 4 6 3 1 3 4
10 19 11 21 8 1 7 1 17 11 13 4 27 5 1 2 3 4 13 10
2 10 6 3 12 6 1 1 5 5 9 1 9 4 1 1 2 1 2 9
10 27 21 19 18 13 17 8 28 13 18 10 44 15 17 11 11 8 12 26
8 14 8 11 9 5 11 7 14 5 8 4 19 3 3 10 7 5 10 8
1 17 2 10 7 7 12 1 10 6 10 2 22 6 8 4 1 5 4 4
22 26 18 27 15 9 21 3 28 16 27 14 33 15 4 1 5 17 29 28
20 22 20 30 12 9 24 3 32 18 26 18 44 16 18 1 5 23 26 29
3 7 8 7 5 6 4 1 7 4 5 1 13 1 5 4 1 1 2 7
18 64 32 53 36 30 36 23 52 45 51 25 77 35 37 23 29 33 32 52
27 50 24 38 34 18 23 14 32 20 37 23 50 26 6 9 22 15 32 43
20 36 35 37 23 12 33 4 42 30 32 10 50 25 26 6 13 19 35 37
1 5 8 10 2 1 2 1 16 10 7 1 20 1 7 5 1 1 2 11
1 6 7 8 5 1 6 1 14 9 3 1 23 3 10 5 3 2 2 10
3 10 4 7 5 2 4 1 7 1 8 1 15 1 1 1 1 1 3 1
1 9 11 14 9 1 12 1 19 14 6 1 14 8 6 1 5 1 11 11
10 27 14 31 7 7 17 1 29 16 21 8 46 7 17 4 1 15 16 23
14 16 17 18 5 1 17 12 14 5 7 4 28 8 11 10 7 4 7 8
10 27 13 27 19 8 18 12 28 2 9 16 48 23 10 19 14 8 19 27
12 29 21 28 12 15 22 1 28 19 31 14 46 12 21 1 1 23 23 27
6 12 9 13 6 1 8 2 11 8 4 1 20 2 1 4 4 1 6 5
21 61 27 47 36 21 39 16 48 28 39 22 69 32 23 15 20 28 38 39
18 25 18 33 2 1 17 7 20 10 11 3 38 10 9 4 5 7 8 6
20 53 47 50 40 21 49 20 69 44 42 18 76 45 43 20 21 23 43 56
1 11 3 2 5 5 12 1 10 5 12 1 15 4 7 1 1 8 9 5
17 37 30 41 8 7 22 12 29 24 28 2 53 14 25 8 5 12 8 21
3 25 17 26 22 3 17 11 35 18 16 11 42 16 17 18 17 5 18 30
22 35 50 37 40 32 47 3 65 46 45 14 64 46 46 18 25 29 45 61
7 47 21 28 39 17 28 8 37 26 36 11 40 28 19 13 24 16 34 36
19 27 26 24 8 1 26 15 28 8 20 1 39 19 19 6 10 3 12 16
2 10 2 6 3 4 6 1 3 4 5 1 15 4 7 3 1 4 1 2
1 12 6 12 2 1 5 1 9 7 6 1 23 2 9 1 1 4 1 3
7 21 12 22 7 5 4 3 15 11 9 3 32 2 7 8 6 3 3 11
18 40 39 35 29 18 31 2 43 29 39 7 44 27 24 4 13 17 35 42
12 49 19 32 37 17 33 16 43 28 25 17 56 33 18 18 32 15 25 39
26 50 49 53 27 8 49 19 56 34 40 8 56 41 39 11 23 22 37 39
23 36 39 48 18 13 27 15 48 27 30 2 61 23 23 22 13 10 25 38
24 29 23 26 3 3 29 12 28 9 24 11 46 18 24 1 1 15 17 19
7 11 11 12 7 1 4 1 12 9 10 4 20 3 3 2 3 4 8 9
10 41 20 30 30 21 25 10 38 26 30 20 51 21 24 14 12 24 31 34
14 35 29 36 23 22 40 4 51 36 28 10 57 32 34 12 17 28 29 35
4 12 6 3 13 8 13 1 17 11 13 1 11 8 4 1 4 7 14 10
29 27 37 41 4 17 30 10 38 21 29 5 54 23 26 14 10 19 26 28
9 18 15 18 15 3 11 10 21 14 6 6 26 8 6 12 13 1 13 18
43 43 33 46 28 25 46 21 49 24 40 35 68 37 27 13 10 37 44 42
31 36 30 34 12 7 38 15 34 16 34 17 53 31 27 4 10 20 27 31
31 47 30 59 22 11 41 26 53 14 27 34 79 37 24 27 20 27 40 49
15 30 16 17 17 14 3 1 8 13 22 10 34 9 2 4 7 5 6 17
9 37 31 30 30 7 32 11 42 27 26 2 36 24 24 11 21 11 28 32
31 25 46 44 8 15 32 15 48 29 29 5 54 27 29 24 22 13 27 37
32 35 30 36 14 30 35 8 38 19 40 18 59 30 28 23 19 33 36 39
35 64 55 59 38 24 45 26 62 43 57 19 82 40 41 22 15 29 41 56
27 46 27 35 21 24 38 11 34 23 36 19 64 29 28 8 11 28 23 26
14 57 37 51 47 15 35 25 52 41 40 23 51 36 30 30 40 21 43 50
17 43 27 34 38 14 47 27 56 26 24 28 59 41 27 26 29 25 42 45
5 30 13 26 19 3 16 8 29 20 14 8 34 12 10 13 19 5 19 20
23 41 37 33 40 30 34 10 50 28 37 13 49 41 20 24 33 16 42 50
33 63 41 55 22 22 41 21 49 29 49 13 77 29 38 13 16 24 27 40
28 76 32 59 47 23 49 21 52 33 50 29 73 45 25 20 39 29 46 52
13 36 9 35 14 7 21 10 29 14 20 21 52 14 14 15 12 19 25 26
23 32 30 33 16 16 38 10 46 29 19 10 60 27 31 11 9 22 25 28
8 13 7 13 1 1 14 2 10 4 8 6 26 5 9 1 1 9 7 4
1 8 6 7 6 4 7 1 9 9 4 1 15 4 10 4 1 4 1 7
9 40 18 40 14 10 28 7 44 28 26 18 66 21 30 14 14 26 26 33
22 39 20 44 27 5 24 15 35 13 25 24 48 25 5 19 23 13 37 38
43 58 40 51 31 29 58 21 57 37 54 29 76 44 41 2 8 39 45 47
1 9 6 1 11 1 15 1 21 10 9 1 19 8 8 4 6 5 11 12
17 24 19 17 12 11 8 6 8 3 15 2 30 10 3 2 4 1 1 10
6 11 13 15 7 1 6 1 17 13 4 1 19 2 3 1 1 1 6 9
14 21 20 13 13 13 3 1 13 9 19 7 29 11 4 3 6 2 6 19
11 22 12 17 8 8 15 1 16 8 17 10 36 9 12 1 1 13 11 14
17 26 14 21 11 8 20 8 18 11 21 9 36 9 11 6 3 15 18 14
13 16 11 20 5 4 6 1 12 5 12 8 27 6 1 8 1 8 11 9
7 20 7 13 8 8 11 1 15 10 17 11 36 9 14 3 1 14 10 18
12 17 25 31 5 2 12 9 24 25 9 1 37 5 18 9 3 7 6 17
7 37 28 27 29 11 30 2 40 34 40 10 29 23 27 3 16 23 36 38
2 8 4 12 5 1 2 1 11 1 1 1 22 3 3 7 3 1 2 6
19 40 37 52 21 4 33 10 51 45 42 12 52 26 34 13 21 26 35 44
16 39 16 36 9 10 30 3 30 25 28 11 57 14 23 4 6 26 20 25
1 18 3 13 12 3 6 1 15 14 6 1 22 2 6 6 9 1 4 11
5 11 5 6 11 8 7 1 8 7 8 1 12 1 6 5 1 1 5 8
19 20 31 29 15 16 25 4 38 25 19 3 45 19 20 14 11 14 25 30
31 25 33 39 5 10 31 8 34 18 21 15 63 25 29 9 4 20 21 24
25 23 29 24 5 8 20 12 22 1 17 1 31 18 13 4 4 1 9 16
12 23 24 18 16 3 17 8 21 18 17 1 19 15 14 1 11 1 12 17
8 11 8 9 5 1 14 3 11 4 8 1 22 6 4 2 2 4 7 3
25 17 29 28 17 14 34 3 39 20 25 16 49 28 23 8 9 22 32 29
31 29 37 47 27 21 39 13 57 35 40 33 69 38 36 23 19 35 47 58
11 34 28 27 28 27 35 4 46 34 29 19 58 26 34 6 3 28 28 35
15 28 18 15 21 19 27 7 24 17 20 8 37 22 16 4 7 15 17 21
26 55 37 54 28 22 33 18 49 31 45 22 72 27 28 17 9 28 38 48
2 21 7 17 8 5 5 1 14 17 11 1 24 2 10 1 3 4 1 11
32 42 43 51 17 6 30 22 46 19 32 10 65 29 31 17 19 9 25 38
19 20 29 30 7 1 18 11 28 15 13 1 43 13 18 7 5 2 8 17
16 16 27 24 9 1 20 14 27 22 18 3 33 11 22 11 2 8 13 21
16 18 18 3 24 21 17 1 19 19 24 15 31 24 16 1 8 13 12 25
30 38 33 45 20 20 24 12 36 25 33 15 55 25 19 25 26 19 33 40
14 26 24 20 17 14 16 3 25 23 18 9 49 16 19 6 7 7 7 28
19 19 17 15 19 16 24 4 26 20 25 21 38 20 22 4 3 24 24 24
5 18 4 16 3 2 13 1 11 8 9 2 25 1 6 2 2 7 6 1
15 35 30 32 21 14 32 11 40 36 34 9 50 21 29 10 7 24 28 32
27 46 33 31 30 25 33 8 39 27 33 9 55 33 18 7 17 14 20 30
35 42 47 64 13 17 49 22 59 45 42 14 80 36 47 32 21 38 34 44
8 27 15 17 15 12 19 4 24 22 16 4 33 10 13 4 2 11 16 16
6 20 15 13 19 8 20 1 25 23 17 1 22 14 13 5 10 8 20 19
21 35 30 28 26 21 12 1 30 28 41 19 44 18 11 11 16 14 21 39
14 29 30 26 24 11 33 12 44 35 37 12 44 25 33 15 4 27 31 35
1 11 1 5 5 4 8 1 11 2 9 1 17 2 1 3 1 4 7 4
20 38 24 36 12 9 29 14 35 16 19 7 58 26 25 7 12 13 8 23
7 18 16 15 14 12 9 1 17 16 15 1 28 6 12 5 4 3 7 18
17 30 36 33 21 20 36 8 50 34 36 18 62 29 39 16 4 33 33 39
12 21 19 16 22 16 19 3 31 13 20 2 29 17 9 14 14 7 23 27
28 46 36 28 34 26 29 5 39 31 42 21 54 32 20 7 19 23 28 42
15 27 27 31 13 5 23 16 33 20 21 5 49 17 27 13 7 9 10 25
5 37 24 22 30 26 30 7 34 30 30 12 42 24 25 1 2 22 25 29
23 36 21 34 12 10 12 13 16 5 22 10 44 12 7 11 7 9 11 16
15 29 20 20 23 15 26 1 32 17 31 12 41 25 15 4 9 18 28 29
14 28 27 23 23 26 31 1 42 25 28 11 51 29 29 9 7 23 28 36
4 12 5 6 11 6 8 1 12 7 13 2 13 4 1 4 4 3 9 7
5 24 3 22 4 1 7 1 14 16 14 6 29 2 8 1 4 11 8 12
6 4 10 6 9 2 10 1 19 7 7 1 10 7 1 2 3 2 13 10
29 47 51 50 27 9 45 21 54 28 44 8 55 39 42 12 23 16 33 42
43 50 57 60 30 24 60 20 74 42 54 23 82 52 52 24 29 37 55 63
26 52 40 41 29 25 44 23 55 26 45 17 71 38 43 16 15 22 32 45
23 42 35 46 26 28 50 7 57 42 44 18 59 42 39 17 26 39 46 42
26 48 32 38 30 27 23 1 38 35 47 19 62 25 17 6 12 21 28 46
27 56 32 52 31 14 42 26 54 21 31 23 72 38 25 23 24 18 36 40
12 53 36 33 42 17 38 10 46 31 43 12 50 35 28 12 25 24 37 44
26 43 42 49 26 27 43 7 59 47 50 13 72 41 42 20 28 33 37 54
22 54 31 50 32 24 46 26 58 35 35 25 78 41 40 17 27 27 26 44
11 24 19 31 12 5 12 8 32 11 19 12 44 9 14 18 10 9 21 27
21 43 36 49 10 15 41 10 49 30 34 6 71 29 39 9 10 24 20 29
2 10 7 13 2 1 4 1 13 10 5 1 19 1 3 1 1 1 3 4
18 38 37 43 18 1 22 13 38 24 27 3 47 19 22 7 14 2 16 28
16 15 23 21 10 5 20 5 28 14 14 7 37 14 15 10 8 11 17 18
13 20 16 21 8 13 22 1 26 11 15 1 41 15 15 9 4 12 16 16
8 20 20 15 20 6 17 1 26 14 20 1 13 14 7 2 11 3 20 19
6 7 7 11 2 1 10 1 14 2 3 1 20 5 4 1 1 3 5 3
11 35 21 30 16 9 20 9 32 23 21 5 46 11 16 7 6 10 17 21
16 21 13 19 7 4 11 5 13 6 15 8 24 3 3 1 2 9 13 10
17 36 11 30 13 9 25 6 23 20 25 12 41 10 11 6 10 20 22 17
1 2 1 1 2 1 1 1 4 4 1 1 7 1 1 1 1 1 1 2
17 37 20 24 17 17 22 10 22 14 22 2 39 16 12 6 7 8 10 14
9 52 36 54 45 11 39 23 65 38 33 23 62 40 22 31 37 21 48 56
7 25 14 13 18 14 16 8 26 15 17 9 30 12 14 13 10 12 19 21
1 17 2 16 4 1 9 1 17 12 8 1 19 2 4 1 4 4 4 4
2 10 15 19 9 1 11 6 29 17 9 6 38 10 20 13 6 8 10 23
6 26 17 21 20 10 15 4 33 20 23 10 39 11 14 9 9 13 23 27
31 51 19 40 35 27 20 16 32 24 39 33 64 29 14 14 23 22 26 47
28 45 23 46 27 22 33 17 49 27 38 29 68 28 25 16 15 33 39 46
13 20 12 28 5 1 15 2 24 6 8 4 42 8 7 10 6 7 14 12
9 23 24 21 15 8 18 6 25 21 19 1 33 9 15 6 5 2 11 21
10 23 14 16 9 7 16 4 19 7 14 1 30 7 6 2 1 6 9 8
11 12 18 16 9 2 16 5 19 12 7 1 27 7 7 6 7 3 10 12
10 38 22 22 31 17 10 4 31 25 31 13 41 19 8 12 21 4 18 35
5 13 7 13 8 4 7 1 15 9 9 1 17 4 1 2 3 2 9 7
6 14 7 6 10 7 3 3 8 6 9 1 15 1 4 8 5 1 1 9
8 10 9 13 4 3 9 3 11 3 4 1 19 1 1 6 3 3 6 2
12 29 27 32 15 5 23 14 36 26 21 3 49 13 22 15 3 12 19 27
5 14 4 11 1 1 4 1 6 4 11 5 22 1 4 3 1 5 7 6
6 14 9 12 5 3 3 2 7 9 7 2 18 1 5 1 1 2 1 6
24 51 46 52 41 14 55 27 69 32 34 18 62 51 39 30 38 23 49 53
19 28 18 30 8 5 10 9 17 5 17 12 40 5 5 11 7 9 16 19
3 10 2 7 5 1 4 4 7 1 1 3 18 4 4 9 6 2 3 5
9 33 12 22 16 9 21 1 24 21 25 11 43 16 17 1 9 17 18 25
3 13 4 9 5 5 5 1 9 1 11 1 13 1 1 1 1 3 5 1
1 13 3 12 7 1 10 4 18 3 5 9 27 8 8 9 6 8 8 10
28 65 22 45 35 25 44 11 42 35 50 25 68 38 20 6 27 32 34 45
8 43 37 41 31 24 33 11 50 45 43 22 54 26 33 3 5 30 38 43
18 29 23 30 8 1 16 17 24 4 14 3 44 13 16 8 7 1 4 14
1 11 1 5 2 2 8 1 7 4 7 1 17 1 1 1 1 2 5 1
9 56 29 40 38 17 46 10 50 45 47 11 49 36 38 15 31 34 38 40
7 17 5 10 6 4 10 1 7 2 12 2 21 1 2 2 1 5 7 3
7 32 7 18 19 11 7 8 16 1 20 14 31 11 1 13 14 5 16 20
5 5 6 6 2 1 7 1 6 1 1 1 14 1 2 1 1 1 1 1
10 22 13 25 13 6 13 3 26 8 11 2 36 9 2 12 10 2 17 16
26 44 22 45 13 12 34 12 34 27 31 17 55 19 23 1 10 26 24 27
29 35 14 42 7 10 20 10 17 14 22 18 49 13 5 4 5 20 20 20
4 10 8 4 7 7 15 1 17 9 9 3 17 7 13 3 1 9 8 8
19 44 31 43 30 25 48 19 59 50 42 19 71 35 47 18 20 37 31 48
8 29 23 39 27 10 36 18 59 25 17 18 61 34 27 29 20 21 39 48
17 35 30 41 19 14 36 12 51 24 18 14 68 30 29 17 12 18 30 36
8 17 13 18 4 4 14 4 14 13 6 1 28 4 13 3 3 5 5 7
25 50 55 66 33 10 43 23 65 42 44 13 66 40 38 31 35 23 47 54
11 13 22 21 12 3 18 1 27 15 13 1 33 17 15 10 13 5 16 21
29 51 44 32 30 29 38 19 41 27 46 12 58 35 35 7 13 16 23 39
10 20 25 19 13 14 7 4 18 18 25 6 32 11 14 7 7 5 6 25
5 19 14 14 10 2 13 1 15 12 14 1 24 4 7 1 3 2 10 11
30 59 18 58 26 9 42 29 44 24 34 28 70 35 19 17 26 25 33 38
20 51 30 34 37 17 28 14 33 23 38 14 42 28 15 13 28 12 29 34
10 11 9 10 6 6 14 6 10 4 8 1 16 4 4 5 1 6 9 4
2 33 1 21 19 15 28 7 31 25 24 6 37 18 20 7 16 20 14 19
5 23 14 9 22 10 19 2 26 19 21 1 18 14 11 7 13 7 20 20
11 23 21 20 20 9 16 9 25 16 15 5 32 9 11 11 13 1 14 22
26 31 34 33 16 25 37 8 43 26 34 8 51 30 27 16 18 24 33 35
1 13 1 6 7 5 9 1 12 4 9 1 17 3 2 6 3 5 9 6
18 35 33 35 25 18 31 1 42 32 32 15 50 26 26 7 11 23 36 37
2 32 18 12 33 20 28 1 32 26 33 7 17 24 18 1 12 15 29 28
3 11 2 7 8 4 8 1 12 9 7 1 12 3 1 2 2 4 9 5
33 49 44 69 18 20 47 27 62 46 44 17 81 36 45 34 27 37 37 49
34 45 54 45 33 18 33 20 53 34 41 14 67 41 33 21 25 12 22 50
11 16 14 15 7 3 10 7 10 8 8 4 24 5 7 4 3 4 5 7
32 45 30 49 24 8 40 24 48 11 27 27 70 38 22 20 20 19 37 41
1 5 1 1 5 4 3 1 3 1 4 1 1 1 1 1 1 1 1 2
30 58 26 54 38 28 50 12 59 39 49 25 68 40 32 14 29 38 52 54
1 13 5 15 2 1 4 1 12 12 7 2 20 1 6 1 1 2 5 7
25 45 16 44 14 13 31 12 32 26 31 19 56 17 15 8 13 28 25 27
4 11 6 5 7 4 6 4 9 6 6 3 18 3 8 9 6 3 3 8
1 2 10 6 3 1 3 1 15 12 6 1 12 1 9 2 1 1 3 11
3 20 4 11 14 7 15 2 19 12 17 4 23 8 5 7 8 9 16 12
5 2 18 17 3 1 7 1 26 12 7 1 25 2 10 10 1 1 9 18
18 39 28 34 18 8 24 12 30 24 25 3 41 19 19 4 13 7 10 19
22 30 34 40 26 19 32 16 51 25 22 11 55 30 21 27 25 15 37 43
28 47 33 42 23 11 38 13 37 20 41 13 53 31 25 1 11 18 27 35
1 6 1 3 7 2 7 1 8 6 3 1 12 2 3 2 1 1 4 4
2 12 3 5 5 6 5 1 6 1 10 1 12 1 1 6 3 1 4 4
4 33 13 27 20 15 27 6 42 29 21 10 51 19 28 11 13 20 19 30
26 56 13 58 33 23 40 27 51 44 43 37 72 35 33 21 34 40 38 51
17 38 6 27 20 21 26 5 26 20 33 18 45 16 12 1 2 27 28 26
31 54 38 46 39 29 30 9 55 38 45 32 78 39 25 22 28 26 40 58
10 22 5 14 11 7 6 1 8 5 20 8 22 3 1 1 1 8 13 14
21 46 32 46 34 32 49 15 65 45 39 28 77 42 47 17 22 40 38 50
20 33 39 44 16 21 33 7 42 31 33 13 62 23 32 13 6 25 31 35
8 30 27 34 19 4 23 3 39 31 21 1 43 15 24 8 18 6 16 28
20 34 26 36 13 5 21 17 29 19 21 9 49 14 21 11 10 8 13 21
6 23 4 7 10 10 8 1 8 3 22 5 20 3 3 1 1 9 11 13
14 61 32 40 50 29 43 16 52 54 54 19 43 46 35 15 44 29 34 51
14 10 17 19 2 1 7 5 10 5 1 1 22 5 3 2 1 1 3 6
18 39 33 37 32 29 34 6 48 32 36 11 51 31 23 19 20 22 39 40
25 58 43 62 31 29 48 20 62 41 43 37 90 39 43 18 12 42 49 55
35 44 24 41 33 35 41 12 51 23 45 30 69 43 22 23 24 37 50 54
10 16 15 13 14 4 16 6 16 11 10 1 14 10 5 2 8 1 12 10
34 43 40 55 17 21 24 12 37 28 37 15 70 21 24 23 17 21 26 44
21 50 37 33 37 28 42 12 43 28 43 17 57 38 28 6 13 26 33 35
7 13 19 25 4 1 4 2 22 17 13 3 35 3 12 10 2 5 8 18
24 22 31 28 8 7 26 15 31 10 14 4 42 19 23 10 5 7 9 17
29 43 41 48 27 15 26 22 42 33 39 17 61 22 26 25 8 22 29 42
3 5 8 8 2 2 1 1 7 3 2 1 12 1 4 1 1 1 1 5
3 16 21 24 14 1 14 7 31 25 15 4 39 13 21 14 12 7 13 26
20 61 40 50 33 22 38 10 51 39 48 16 74 29 33 7 15 25 31 46
12 20 20 11 23 15 9 1 15 17 18 6 26 15 7 7 14 1 9 21
33 34 19 31 21 30 38 7 38 19 39 28 54 31 23 4 7 36 39 39
5 13 8 13 9 5 17 2 25 8 11 11 34 10 13 7 4 13 14 14
1 15 2 8 6 7 13 1 12 5 9 1 21 5 6 1 1 7 6 2
7 18 15 7 19 12 16 1 22 17 18 1 16 10 11 1 8 6 15 19
21 29 29 21 26 23 20 1 30 19 30 7 36 24 11 10 17 10 23 31
9 27 16 14 24 12 13 1 17 15 26 6 20 16 7 3 14 5 16 20
5 4 18 14 4 1 10 1 19 13 6 1 24 1 10 2 1 1 5 12
1 7 1 5 1 1 3 1 6 1 3 1 14 1 1 5 2 1 2 1
16 56 32 46 35 18 31 13 46 38 40 14 57 29 24 10 33 17 25 42
5 8 8 4 12 5 9 1 11 9 7 1 9 5 4 2 5 1 8 9
20 56 32 54 29 11 42 23 57 40 41 18 74 32 37 23 22 30 35 46
15 42 16 37 12 12 26 9 31 17 25 3 50 17 15 6 10 15 12 18
10 44 8 31 27 14 28 10 39 21 26 23 57 23 18 15 16 23 32 35
6 22 8 10 15 13 7 1 12 8 17 1 24 6 1 4 4 3 7 10
28 42 29 58 27 10 28 25 47 23 29 30 68 28 14 28 22 22 40 52
22 54 51 53 40 34 49 3 65 53 57 15 70 46 48 14 27 35 47 59
33 57 29 46 37 41 49 7 51 38 54 36 80 43 34 7 11 49 45 50
8 22 3 17 9 5 2 1 6 7 16 8 24 1 1 2 1 8 9 10
11 18 26 22 13 6 19 9 29 24 21 1 28 10 17 8 8 8 17 23
3 43 33 37 29 17 38 3 49 46 42 7 51 27 38 5 11 24 31 39
33 48 45 45 34 37 41 19 52 30 38 18 71 42 33 28 27 26 38 49
1 2 1 3 1 1 7 1 4 1 1 1 14 3 5 1 1 3 1 1
12 30 26 32 26 6 19 12 37 20 20 12 40 19 15 17 22 5 26 31
7 15 8 14 3 4 2 1 4 1 9 1 19 1 1 1 1 1 2 3
39 56 50 57 38 28 45 11 57 47 49 28 84 47 42 14 31 33 40 61
16 45 27 38 32 29 39 11 55 45 39 17 69 36 40 12 24 31 25 47
16 26 26 19 18 10 34 10 34 19 22 6 31 24 25 1 8 11 19 21
11 44 24 37 22 17 27 5 40 38 42 12 53 19 30 8 3 29 27 37
18 21 16 24 6 2 20 9 21 6 14 13 44 13 15 6 3 14 12 13
25 50 27 29 35 32 31 4 30 24 47 24 55 28 11 2 9 26 33 39
9 45 30 40 26 15 41 5 53 41 34 13 61 31 36 6 18 29 30 37
3 5 5 6 1 1 1 1 3 1 4 1 12 1 1 1 1 1 1 1
10 29 13 36 16 1 16 13 33 13 12 19 52 15 13 18 15 11 21 26
19 33 33 41 19 17 33 3 48 32 38 13 62 25 29 17 12 27 39 46
10 14 14 19 5 1 5 3 11 10 10 6 26 1 8 1 1 6 6 11
12 18 19 25 10 6 17 1 31 22 21 13 46 14 20 5 3 16 20 26
9 26 22 27 20 10 21 12 35 22 24 9 43 13 20 17 13 13 20 28
11 21 13 14 8 2 13 8 15 5 13 1 24 6 6 4 3 1 5 7
5 7 4 5 1 1 2 1 1 1 1 1 13 1 1 3 1 1 1 1
19 50 48 48 39 14 32 13 47 48 52 15 53 36 36 16 26 24 36 54
1 1 1 1 4 1 6 1 8 3 2 1 8 1 1 2 1 1 5 2
8 16 13 20 7 4 4 1 15 11 11 4 28 4 9 2 1 5 7 14
6 6 11 13 1 1 1 1 12 6 6 2 20 1 5 1 1 2 4 10
12 30 9 22 9 11 20 1 16 10 23 11 37 9 9 1 1 20 20 13
18 56 38 48 42 25 51 12 59 48 58 26 62 42 44 18 26 43 52 59
17 20 27 24 16 12 21 1 24 15 18 1 33 20 13 8 13 4 17 24
6 20 9 17 16 9 2 5 14 8 9 4 26 6 3 10 8 1 6 16
9 12 15 8 15 8 21 1 25 21 18 14 26 19 21 1 8 17 18 21
7 18 9 14 4 4 7 2 10 6 11 3 24 1 4 5 2 4 6 5
10 21 13 10 17 13 8 1 18 6 17 2 26 9 1 8 7 2 10 18
4 19 9 12 13 7 11 1 18 15 17 5 19 6 6 4 6 7 14 12
18 31 23 29 17 20 32 2 38 23 24 6 50 25 23 7 11 20 23 27
14 29 20 16 21 16 34 9 34 22 24 12 42 24 22 9 10 22 25 24
32 30 47 40 25 30 34 8 54 38 42 18 73 38 37 26 23 26 34 54
6 8 7 8 7 4 13 1 15 13 8 8 25 11 14 1 1 11 8 11
13 36 18 20 19 19 28 9 22 15 25 6 35 18 17 1 1 14 16 14
16 34 38 41 22 11 31 3 46 35 37 3 49 24 29 11 13 17 35 40
1 22 6 12 14 7 18 1 23 20 17 1 27 10 8 2 6 11 15 11
16 35 34 35 16 22 29 1 37 23 32 7 60 23 28 7 3 20 23 33
25 20 34 40 12 12 20 4 36 28 31 12 50 19 23 20 17 19 29 39
8 26 15 13 26 25 31 1 34 23 26 15 37 25 24 5 4 25 26 25
28 67 31 62 33 25 47 24 58 30 40 29 90 43 35 24 32 34 39 54
1 5 4 2 5 2 1 1 6 2 3 1 8 1 1 1 1 1 1 5
2 11 11 19 9 1 1 7 18 11 3 6 27 4 9 13 9 1 6 17
19 24 19 19 16 14 32 8 30 18 21 10 38 22 20 1 1 16 18 15
23 19 31 27 16 13 36 6 38 22 19 9 41 28 23 10 14 17 29 27
11 20 23 21 13 1 15 7 21 18 12 1 29 11 11 7 11 1 11 17
3 2 9 7 4 1 6 1 10 8 2 1 16 2 9 3 1 2 2 7
37 47 37 52 29 30 61 25 65 42 42 23 73 50 50 10 20 38 36 43
35 56 24 61 26 25 39 21 45 39 43 28 73 30 29 6 20 35 31 46
8 40 12 35 22 9 18 17 27 14 13 14 45 17 10 20 22 8 15 24
11 21 18 19 13 8 19 5 25 14 15 3 38 10 12 6 4 11 15 17
9 9 10 16 1 2 6 1 11 1 6 1 24 3 1 6 1 1 8 4
25 46 29 51 23 9 33 22 43 23 31 26 68 27 25 21 19 21 32 41
5 6 5 4 6 2 5 1 9 5 4 1 10 2 1 4 2 1 6 4
11 38 36 32 36 18 39 8 47 30 40 8 40 37 31 18 27 23 37 41
33 53 25 42 27 33 33 9 38 36 47 34 67 33 26 7 19 34 29 44
21 27 24 38 9 9 24 1 35 23 22 8 54 14 20 11 10 19 25 27
4 6 8 7 5 1 8 3 12 8 3 1 18 3 10 8 5 3 4 9
1 6 4 4 1 1 6 1 7 4 2 1 16 1 7 1 1 1 1 2
8 17 27 22 20 8 23 1 42 26 23 9 42 20 26 10 10 11 22 36
10 29 21 35 18 5 22 7 39 24 15 7 46 21 20 17 23 9 21 29
20 19 29 20 20 21 12 1 27 20 21 7 36 20 15 11 15 4 13 32
1 26 17 17 24 13 26 4 41 27 26 9 40 20 26 11 12 16 24 33
6 11 11 13 5 2 6 2 13 13 4 1 18 1 7 1 1 1 5 9
4 9 8 5 4 4 1 1 4 2 6 1 15 1 4 1 1 1 1 4
5 45 25 40 33 12 43 14 51 46 38 10 42 33 36 14 34 27 32 38
35 34 33 39 10 14 27 17 31 7 30 6 45 24 19 12 11 10 21 24
7 13 7 12 3 1 5 6 5 1 4 2 20 1 1 8 5 1 3 5
18 48 20 28 24 25 23 3 25 25 37 17 50 17 17 5 8 24 24 29
6 14 4 8 7 6 7 1 8 4 13 6 12 1 1 1 1 6 8 1
16 28 20 14 19 19 12 1 18 11 25 8 39 16 6 6 9 8 8 18
12 24 14 22 13 2 24 1 23 20 22 13 35 17 16 1 7 16 24 22
22 24 36 40 11 11 20 8 34 25 28 3 50 17 23 19 4 13 20 32
16 41 24 42 27 12 33 23 43 8 15 16 59 29 14 27 22 13 30 36
3 10 9 10 12 1 15 4 25 10 5 4 26 9 10 8 8 6 13 16
11 28 9 19 12 11 13 5 12 9 19 6 27 4 3 4 1 10 12 8
4 14 3 8 9 6 2 1 5 6 9 1 14 1 1 3 1 1 2 5
12 51 23 45 39 19 34 17 49 42 38 15 52 36 34 18 38 22 28 46
1 11 4 7 8 2 1 2 10 4 3 1 15 1 3 7 4 1 1 11
21 46 38 36 42 26 52 14 56 38 43 29 59 44 38 10 18 36 49 45
6 16 16 14 11 11 17 1 24 16 18 5 27 9 17 1 1 12 14 17
25 70 36 50 47 32 49 18 49 32 57 28 68 44 27 7 18 33 48 51
25 36 43 39 31 31 45 6 56 41 38 19 69 37 40 8 6 30 37 46
28 52 21 48 28 24 37 14 45 38 41 23 64 24 22 8 18 33 37 40
3 24 16 14 21 7 13 1 20 15 21 1 15 13 5 1 11 1 14 18
12 15 13 14 5 7 17 3 13 4 7 4 32 11 11 1 1 7 4 7
28 41 37 42 36 36 50 15 55 36 47 39 71 43 41 12 5 49 51 48
6 26 9 15 20 11 18 4 22 13 14 1 31 11 6 7 9 6 13 16
2 26 17 12 24 7 10 1 17 16 24 1 19 15 9 3 16 2 12 23
9 22 10 13 10 5 20 5 17 5 15 1 24 10 7 1 1 5 7 5
12 18 15 16 8 8 10 5 13 4 12 1 28 5 6 9 5 1 7 12
23 43 29 27 32 22 26 1 33 25 39 19 48 30 13 7 20 18 26 34
42 41 47 57 14 23 36 16 42 29 44 16 76 32 35 28 15 31 33 49
5 8 16 20 1 2 14 1 26 11 9 3 38 9 18 7 1 7 10 16
12 25 12 25 11 8 10 3 18 11 21 13 38 3 11 8 5 12 15 24
23 42 22 36 16 18 18 1 27 22 33 14 50 17 13 3 13 18 18 31
3 30 19 21 20 17 21 2 32 30 28 1 42 15 24 6 5 14 15 28
35 46 53 45 40 28 38 2 54 44 54 28 64 46 38 13 28 29 42 63
8 14 9 12 11 6 15 4 15 11 10 1 19 6 5 1 4 6 12 8
26 36 28 36 13 11 17 10 23 8 25 12 56 15 15 10 8 12 14 28
27 51 34 50 29 19 51 25 58 43 40 13 64 40 40 14 26 26 31 39
14 38 18 30 21 18 32 2 40 28 29 23 61 21 28 7 6 32 31 31
1 14 4 8 9 5 3 1 6 6 8 1 22 3 3 2 1 1 1 6
7 12 4 8 4 2 7 1 8 2 11 4 12 1 1 1 1 6 8 2
11 13 16 18 5 1 10 2 14 9 3 1 31 7 4 5 3 1 5 10
15 20 34 28 22 13 25 1 42 27 23 1 32 22 22 13 19 9 28 34
13 24 15 13 20 19 18 1 22 10 23 5 30 18 10 5 7 11 14 19
25 45 30 40 28 16 46 32 50 12 28 19 60 39 31 23 22 16 33 33
1 24 1 23 2 2 15 3 14 13 14 6 31 8 13 1 8 14 3 6
10 7 11 12 6 6 7 1 13 3 5 1 17 6 3 8 3 1 8 7
12 46 16 41 25 15 30 13 43 29 30 13 57 22 20 13 21 22 26 32
4 8 9 5 11 6 7 1 15 8 8 1 12 4 5 1 2 1 7 12
5 15 2 9 6 3 8 1 9 4 14 6 18 2 6 1 1 9 9 8
6 26 6 18 7 7 17 3 13 11 14 1 29 8 11 1 6 8 3 7
11 30 10 22 9 10 17 7 14 12 16 1 27 7 8 1 7 8 7 7
4 18 5 22 1 1 10 1 17 7 10 1 28 3 3 5 4 7 8 4
26 40 42 40 25 16 41 12 47 35 45 16 59 34 39 1 7 22 30 41
30 37 26 47 16 29 39 6 46 30 43 20 65 31 31 12 11 37 40 45
9 25 11 15 14 8 11 3 9 11 13 1 26 8 4 1 5 1 3 10
12 27 25 24 18 17 30 5 36 24 17 10 48 20 25 6 3 20 21 25
13 17 12 22 1 1 13 1 17 10 10 10 41 7 11 1 1 13 11 12
30 34 46 51 19 21 34 12 50 40 42 12 66 34 39 29 24 27 35 49
34 65 47 64 34 20 47 29 67 32 44 21 82 42 36 25 28 20 46 54
8 14 8 16 5 1 5 1 11 6 10 6 24 1 3 7 4 6 7 7
7 27 14 31 10 6 11 6 28 12 12 8 40 7 10 14 10 6 16 18
1 10 7 3 7 7 10 1 17 12 10 1 11 4 10 1 1 6 9 11
5 31 21 36 14 7 31 7 44 37 30 7 50 20 31 4 14 23 18 28
31 32 28 39 20 16 32 8 36 23 33 19 45 26 17 8 16 22 37 38
1 6 2 3 6 1 3 1 8 3 6 1 9 1 1 1 1 1 4 2
19 41 25 30 30 29 35 8 43 37 37 23 61 31 34 9 14 30 24 38
9 19 14 26 1 1 16 1 20 12 9 1 38 6 12 2 3 8 6 8
14 46 39 55 36 6 34 18 58 39 38 17 58 32 30 27 31 20 45 52
9 17 14 10 12 9 16 5 20 14 10 1 21 8 10 2 1 7 12 13
17 32 19 19 14 12 21 10 20 6 25 2 31 13 11 1 1 7 10 11
11 25 20 34 8 11 24 1 40 28 22 1 49 17 23 11 13 18 19 27
5 19 12 7 18 12 14 1 21 12 18 1 27 11 10 6 8 6 10 19
19 30 15 29 2 5 14 7 8 10 17 11 40 6 11 3 1 12 10 13
2 12 9 9 10 1 9 1 14 11 13 1 12 6 4 1 6 1 12 10
6 16 2 10 8 5 8 1 12 6 14 6 15 3 1 1 2 9 13 7
26 53 43 43 28 24 32 19 46 34 41 11 71 28 31 17 15 15 20 39
19 46 14 44 28 16 30 14 43 21 26 33 66 29 20 20 19 27 36 43
27 50 19 42 10 9 40 17 35 19 35 10 55 24 27 2 10 25 22 21
5 20 4 17 6 2 9 2 15 11 7 1 25 1 3 6 6 4 6 5
3 4 2 4 4 1 3 1 4 3 3 1 14 1 2 2 1 1 1 2
13 34 19 11 29 24 27 1 28 24 33 13 41 28 18 5 13 19 23 29
1 9 1 7 2 1 1 1 3 1 4 1 16 1 1 4 1 1 1 1
1 10 12 5 14 7 1 1 15 13 11 1 16 5 6 4 6 1 2 20
12 43 44 41 39 27 52 8 65 55 45 25 62 43 50 1 15 38 46 50
20 33 24 48 6 13 26 3 40 25 30 11 61 14 25 19 15 23 28 35
38 53 40 46 20 24 41 21 42 20 37 8 66 38 29 16 25 14 19 32
16 25 23 30 8 1 14 15 25 9 14 8 40 9 13 11 8 4 10 14
8 22 18 23 13 5 13 3 25 19 13 6 41 11 15 7 8 9 9 19
7 24 14 15 24 12 9 10 24 12 15 9 30 13 9 15 16 1 14 25
1 14 2 6 5 5 4 1 4 6 6 1 17 2 6 1 1 1 1 5
15 50 35 38 39 21 31 14 48 31 39 19 55 28 24 15 20 19 37 46
28 61 35 56 30 21 48 21 58 39 49 24 84 36 38 17 10 37 41 51
10 26 19 18 25 17 13 7 28 17 20 8 35 13 11 12 15 6 15 28
14 8 18 16 3 8 18 1 22 6 8 1 29 11 12 8 4 8 13 12
25 41 24 45 17 12 20 7 31 25 28 15 55 14 12 9 11 18 22 33
31 50 25 55 27 21 45 19 53 32 37 30 77 37 34 17 24 35 36 43
3 16 6 3 15 10 10 1 13 8 17 2 12 6 3 3 4 4 10 11
17 21 16 19 10 12 14 1 18 3 20 4 30 10 7 4 3 10 16 17
4 22 13 12 16 6 14 1 18 14 19 1 18 7 7 1 7 3 14 14
33 53 66 50 42 31 60 17 71 49 57 14 70 58 55 16 25 31 46 63
7 25 19 21 13 6 13 2 21 17 17 1 30 5 7 1 3 2 10 15
14 22 15 22 12 7 11 3 22 14 21 12 32 6 8 8 8 12 18 23
10 31 21 41 25 1 17 19 38 15 8 18 51 22 6 26 24 7 25 35
22 49 35 54 29 20 31 22 52 32 28 16 69 30 26 24 29 15 23 46
20 36 25 40 8 2 19 12 26 24 27 8 49 8 21 10 1 15 14 23
3 18 12 13 15 6 10 1 17 15 15 3 15 8 6 1 8 3 11 13
16 40 31 35 27 11 36 2 43 32 35 12 47 28 28 5 15 24 34 35
17 34 32 36 18 21 22 5 38 26 27 3 57 18 23 17 14 12 20 36
35 35 44 48 33 34 47 19 63 40 33 27 75 43 44 27 20 36 46 52
14 23 27 32 11 13 27 1 42 27 23 7 56 20 29 11 4 20 24 29
7 14 8 13 9 6 7 1 12 7 11 4 20 1 1 6 1 4 7 5
32 48 58 57 29 14 58 21 71 39 48 11 70 50 52 21 30 28 46 54
4 11 8 8 7 2 8 1 17 6 8 1 21 2 2 3 2 2 8 9
31 53 49 39 35 18 38 22 43 25 45 8 48 39 31 14 31 6 26 41
33 50 34 54 21 15 48 20 53 42 43 26 77 32 40 20 10 41 39 45
9 15 13 19 13 6 10 4 21 12 8 3 26 9 5 12 10 1 13 16
25 26 28 38 14 23 26 16 36 24 22 14 46 25 24 31 26 19 28 32
13 48 31 47 39 18 41 18 63 40 32 23 68 41 35 21 36 22 34 54
7 15 7 5 10 10 4 1 3 1 11 1 16 5 1 2 3 1 2 7
10 27 16 17 20 12 10 1 16 16 26 10 27 12 11 1 10 10 15 25
21 42 40 47 34 32 48 9 71 47 42 23 77 44 45 25 26 35 49 58
24 50 42 43 39 36 43 9 62 43 43 21 76 48 37 24 32 29 44 58
13 23 16 25 6 9 18 2 21 16 28 10 37 7 16 3 1 19 21 24
6 25 18 17 18 5 24 2 26 23 18 1 27 15 15 4 12 7 19 18
24 25 36 46 9 9 33 7 46 31 22 8 64 24 32 18 17 19 23 31
27 41 40 34 22 28 34 8 38 21 34 6 59 31 26 11 10 15 23 32
3 21 15 10 24 15 21 3 29 21 20 5 22 16 13 8 11 12 22 22
2 11 1 11 1 1 1 1 2 4 6 2 17 1 1 1 1 2 1 1
2 11 3 10 1 1 1 1 3 3 7 2 20 1 1 1 1 2 4 3
32 51 39 60 30 9 40 30 54 28 38 30 77 35 31 30 20 27 41 52
3 7 5 7 4 2 13 1 17 6 6 4 21 7 9 1 1 8 8 7
19 26 28 35 5 1 20 12 29 18 25 4 45 9 19 7 1 12 15 19
2 14 9 8 12 1 12 1 16 10 14 1 9 7 3 1 7 1 13 9
22 34 26 31 11 6 20 10 23 11 30 6 43 13 16 1 2 6 13 24
1 30 2 16 14 11 23 1 25 21 21 3 30 13 16 1 5 18 14 12
37 38 60 59 25 12 50 23 63 42 42 10 69 44 49 31 25 25 38 50
24 54 15 42 27 17 32 20 35 16 32 25 58 25 12 16 14 23 36 32
33 38 43 45 15 14 33 28 43 14 29 10 57 26 32 22 18 6 22 33
18 17 24 19 12 1 18 10 23 11 13 1 22 15 8 3 8 1 13 13
35 60 40 52 33 28 60 22 64 49 53 30 83 46 51 9 16 46 41 49
13 30 23 30 19 8 16 1 29 18 21 5 44 17 14 10 13 7 19 28
29 47 30 42 25 14 31 30 43 7 29 13 52 29 16 23 20 7 27 31
13 15 15 13 8 11 24 4 20 15 14 12 32 15 19 1 1 17 16 13
16 32 16 24 15 10 12 14 15 4 19 10 34 10 6 12 9 7 10 13
2 12 7 11 7 2 10 1 15 14 8 2 22 5 10 3 3 4 7 10
3 13 8 15 4 1 5 1 15 17 2 1 21 1 9 1 3 2 2 8
7 22 7 9 16 14 11 2 14 8 16 1 22 7 3 6 4 6 10 12
4 35 9 33 14 7 18 9 34 23 19 10 46 12 16 10 16 16 14 21
42 40 38 45 25 31 40 14 41 24 39 32 72 35 31 13 7 35 37 47
2 7 7 1 11 3 7 1 12 9 8 1 4 4 2 1 4 1 8 9
5 16 7 13 7 6 12 1 17 14 7 1 23 3 8 7 5 6 8 8
1 3 5 1 3 1 12 1 15 6 4 1 16 4 10 1 1 6 5 6
28 48 42 59 30 6 34 21 51 34 41 21 60 32 27 21 24 23 42 53
13 14 17 18 9 1 20 9 19 13 6 6 32 14 15 6 5 9 9 11
18 21 16 23 10 7 12 4 20 7 17 8 31 8 3 10 7 9 18 15
5 11 7 9 8 1 5 1 11 10 12 7 13 4 5 1 4 7 10 11
1 13 8 7 13 1 11 1 14 12 14 5 11 9 6 5 9 5 12 11
43 46 51 60 18 17 42 27 56 28 40 16 71 38 36 28 31 19 40 47
16 21 28 21 21 16 21 1 29 24 24 12 48 21 22 1 4 15 15 29
19 19 26 26 15 11 25 12 31 18 14 18 50 20 25 13 10 17 18 25
3 7 3 5 6 2 13 1 14 4 6 2 16 6 7 1 1 7 8 4
1 16 10 8 15 6 8 1 16 14 16 2 16 7 7 3 6 2 10 16
43 49 49 44 40 43 40 7 53 43 48 34 78 45 35 19 21 35 38 52
8 44 42 30 41 31 37 7 51 42 50 19 52 37 37 3 12 27 35 49
6 22 18 23 11 9 17 4 27 21 19 2 40 7 19 10 3 10 10 19
19 23 17 25 3 8 18 1 16 9 18 15 44 10 15 1 1 18 15 19
10 34 26 30 19 20 26 6 33 28 35 15 50 17 29 12 5 25 26 30
11 32 24 32 17 10 12 11 24 17 21 7 48 8 14 14 10 4 10 25
1 6 1 7 1 1 1 1 1 1 5 1 12 1 1 1 1 1 1 1
20 57 27 55 38 17 33 21 53 30 35 25 67 39 22 29 41 22 38 53
28 61 31 41 49 36 34 11 51 31 51 37 72 44 17 20 26 31 46 59
1 8 6 7 7 2 12 1 21 10 7 1 23 4 12 5 2 6 7 12
12 16 12 15 3 3 16 8 11 2 9 1 21 6 5 1 1 3 6 1
19 21 22 24 10 7 24 9 26 8 12 1 36 16 12 6 3 5 12 11
25 32 32 36 9 5 22 22 31 14 25 7 46 17 25 14 12 6 12 23
1 2 2 2 1 1 1 1 5 4 1 1 9 1 1 1 1 1 1 2
9 17 15 15 4 4 16 4 15 8 12 3 31 5 11 4 1 9 9 8
5 18 6 20 4 1 8 1 11 12 10 6 29 2 9 4 3 9 5 6
3 6 4 2 1 1 7 1 3 1 2 1 14 3 6 1 1 3 1 1
17 29 19 16 15 15 16 8 11 8 22 8 31 12 9 4 7 8 9 13
5 6 6 11 1 1 3 1 5 1 3 1 17 1 1 1 1 1 2 2
19 24 16 31 5 2 9 6 16 2 10 5 41 6 4 10 5 4 11 13
13 27 26 47 20 1 20 22 44 20 6 14 55 20 13 29 19 7 26 38
27 40 38 49 27 17 33 22 55 32 41 25 65 32 34 35 14 32 46 52
6 33 13 25 18 12 29 7 33 28 22 5 35 18 16 1 13 18 17 19
11 33 11 28 9 7 19 6 21 20 20 10 44 12 21 5 9 19 7 16
29 36 43 40 18 18 33 18 47 19 34 1 60 27 31 18 13 10 22 39
3 20 12 13 11 12 20 1 20 12 14 4 30 12 14 1 1 14 13 10
30 54 53 49 48 22 43 28 62 42 45 19 69 46 36 29 29 19 42 61
6 18 13 9 21 17 28 1 34 19 19 15 38 21 22 6 3 22 25 24
28 41 27 51 4 9 33 11 35 21 29 13 62 19 24 6 10 22 21 27
25 30 33 23 30 28 24 8 33 28 30 23 56 29 27 10 12 19 17 37
17 19 15 23 6 1 15 2 16 5 14 6 34 8 2 3 2 8 16 13
31 38 42 42 28 15 45 15 51 30 36 20 59 38 34 11 17 24 37 37
4 12 6 8 5 4 6 1 7 6 10 4 20 3 9 3 1 6 3 5
17 36 15 33 17 10 19 9 29 16 21 13 49 11 12 12 10 17 22 21
9 18 12 14 8 8 6 1 9 4 11 1 28 6 3 3 1 1 4 9
3 9 5 6 4 5 7 1 8 4 6 1 13 1 3 5 2 3 6 3
1 9 1 2 1 2 3 1 2 1 8 1 4 1 1 1 1 1 3 1
2 8 7 2 9 2 8 1 13 7 9 1 7 4 1 1 4 1 9 6
27 51 39 43 25 20 38 11 48 28 39 10 70 32 30 8 10 21 27 37
24 24 32 33 17 15 36 7 38 24 24 1 44 28 21 15 18 15 30 27
5 22 6 7 12 12 11 1 9 3 18 1 23 5 2 2 1 6 8 7
5 11 6 14 3 1 1 1 8 3 2 1 24 1 1 3 1 1 1 4
13 36 13 19 27 14 14 5 19 14 31 16 35 17 6 10 19 10 21 29
28 28 30 41 5 16 35 11 35 22 22 4 52 23 24 18 17 19 22 20
16 31 9 25 10 14 18 1 14 5 26 14 37 10 8 1 1 19 17 15
12 40 43 37 35 17 38 6 53 42 45 10 50 38 37 11 22 24 36 50
3 7 6 6 3 1 11 1 11 6 8 3 19 5 11 5 1 6 5 6
19 24 27 22 13 7 30 9 30 20 20 9 42 24 24 1 3 12 14 18
14 8 15 16 7 1 8 5 13 6 5 1 22 6 5 6 1 1 7 9
23 46 23 52 30 14 43 19 56 38 34 38 76 37 35 18 25 36 42 51
19 28 30 34 11 3 19 11 27 21 28 8 45 12 19 9 6 11 17 25
1 10 1 2 6 5 4 1 6 1 6 1 10 1 2 6 3 1 3 7
19 12 15 19 7 8 21 1 27 9 17 14 40 17 15 8 4 19 24 20
12 46 41 35 39 22 52 14 52 42 38 15 47 42 42 6 16 30 40 40
15 31 18 19 21 14 33 3 34 23 31 18 45 23 22 7 10 28 33 31
12 39 7 20 17 17 23 1 22 17 29 12 45 17 15 1 5 23 18 20
5 20 23 19 14 10 23 2 36 25 24 3 42 15 26 9 1 18 18 25
6 19 6 14 5 6 21 2 18 11 8 4 29 9 12 1 1 12 10 5
17 24 9 20 9 6 11 5 7 6 18 11 25 5 2 1 3 11 13 12
26 55 41 38 33 29 40 15 47 41 43 13 61 36 36 5 17 20 21 40
31 56 35 39 38 28 29 15 43 26 42 26 70 33 20 17 22 23 32 47
7 33 20 28 20 15 17 9 31 22 26 10 49 15 21 16 13 11 13 28
16 51 37 47 38 21 42 24 59 32 37 23 74 37 34 24 20 24 37 49
15 37 31 29 27 15 36 16 48 29 30 11 52 28 32 15 16 17 27 36
7 14 10 11 10 5 12 1 15 11 11 7 28 10 13 7 6 10 8 11
16 36 27 31 23 17 12 5 29 29 23 11 51 15 16 16 19 6 7 31
3 26 7 22 10 6 14 1 27 16 14 1 35 7 8 6 5 10 13 14
40 63 30 47 27 31 32 9 31 30 48 29 63 31 17 10 21 28 25 37
2 11 7 10 12 6 5 1 13 8 8 1 13 5 1 1 2 1 7 10
7 34 12 19 35 18 33 11 41 19 21 19 47 31 16 15 16 18 33 35
10 50 22 42 37 13 38 15 55 27 26 16 62 39 22 20 34 17 32 46
6 11 6 7 3 3 8 2 7 2 8 2 12 1 2 1 1 3 5 1
26 34 22 22 24 24 18 1 21 24 34 26 51 25 19 1 6 23 18 31
30 41 50 48 29 31 55 19 61 46 39 27 77 42 53 8 5 39 37 42
17 35 26 15 27 19 20 1 25 17 31 6 34 22 5 1 9 9 21 26
6 11 10 8 10 6 13 1 21 8 12 1 19 9 3 1 1 5 15 12
13 25 18 17 17 8 14 10 17 13 15 1 26 12 8 8 10 1 8 16
20 51 36 58 29 27 48 16 68 45 42 31 86 43 49 22 25 43 43 54
15 33 32 20 26 12 15 4 21 24 25 3 29 21 13 1 16 1 10 28
13 23 14 18 11 9 26 7 24 15 14 7 34 16 14 1 3 13 15 11
14 31 27 22 31 21 22 13 38 30 32 10 44 23 24 20 17 15 24 41
12 23 13 19 10 10 19 7 16 10 11 1 28 8 8 3 1 8 10 5
3 8 9 12 1 1 3 1 9 5 2 1 24 1 5 3 1 1 1 6
18 25 16 24 6 5 8 7 9 4 16 8 33 4 5 5 2 8 7 9
19 38 28 37 19 1 34 21 39 15 24 11 50 31 25 12 20 9 23 26
24 49 36 34 32 21 39 14 41 24 44 12 49 32 25 7 13 19 32 32
13 37 20 21 20 21 19 1 25 18 32 14 48 21 17 1 3 20 20 29
7 11 8 11 5 5 5 1 13 1 7 1 19 3 1 9 4 1 7 9
8 12 8 10 7 4 4 4 6 5 6 1 15 1 1 3 1 1 3 4
6 21 18 19 21 9 16 6 31 20 15 5 29 11 12 11 14 6 19 23
15 22 19 14 21 14 7 5 19 11 16 7 34 15 8 12 13 4 9 24
9 15 17 16 19 5 19 4 30 17 15 15 38 20 17 9 12 13 20 24
19 49 27 42 26 22 48 19 53 32 31 23 70 38 38 12 18 33 29 34
11 21 18 26 15 3 13 11 27 13 5 8 41 12 12 13 12 5 12 20
4 11 8 8 10 6 1 1 7 6 5 1 18 3 1 1 1 1 1 10
32 45 38 32 32 21 22 10 30 23 39 17 45 30 11 10 22 10 21 32
37 50 44 59 19 9 47 26 54 31 46 19 74 37 39 16 16 26 37 48
14 30 30 34 19 13 31 5 47 33 32 6 52 24 30 11 7 21 30 36
20 47 41 41 37 26 34 9 53 34 39 14 68 36 30 19 24 19 35 50
13 28 11 14 11 9 17 8 16 4 21 1 23 9 6 1 1 6 9 6
14 16 16 17 18 18 26 1 31 19 18 14 35 20 19 7 1 20 22 20
15 14 17 17 5 5 9 7 10 4 7 1 23 6 4 6 1 1 6 7
39 52 57 62 21 24 49 27 61 35 50 11 80 40 47 29 16 27 39 49
18 47 21 48 21 10 41 14 44 39 37 19 60 27 34 10 26 29 28 37
3 10 3 7 8 4 12 1 13 10 6 1 18 5 6 1 1 6 9 6
10 34 10 29 13 6 18 5 26 26 25 12 38 12 15 8 16 18 17 23
15 20 18 25 3 1 18 6 21 10 11 7 40 9 15 1 1 10 9 11
21 33 17 38 5 3 16 7 21 14 17 7 43 11 10 4 7 13 11 14
20 63 13 54 32 18 38 22 43 22 32 29 73 28 15 19 21 29 36 43
9 27 12 21 18 11 5 9 17 6 17 11 33 9 5 14 12 6 11 18
4 25 18 18 16 16 20 7 28 20 28 4 38 13 23 14 6 15 16 27
1 9 5 6 8 1 6 1 9 9 7 1 10 4 2 1 4 1 6 7
5 8 10 9 6 1 4 1 11 11 4 1 15 2 5 1 2 1 4 9
22 57 32 52 34 12 43 30 57 27 36 25 72 37 31 25 25 21 36 46
18 16 34 27 19 13 38 1 48 28 26 4 42 33 30 14 22 20 35 37
12 19 9 16 6 6 18 1 19 8 18 13 31 8 12 1 1 19 17 14
5 20 5 9 12 10 12 1 15 5 17 2 25 5 5 4 1 9 10 8
30 31 36 41 16 12 23 10 35 23 36 13 55 19 23 20 4 20 29 41
5 9 6 6 7 4 5 1 9 6 6 1 14 1 3 5 2 1 5 5
13 32 16 27 26 14 31 14 41 14 16 19 53 27 17 18 14 18 30 30
1 7 1 5 1 1 1 1 3 1 3 1 13 1 1 2 1 1 1 1
9 12 12 11 11 1 9 6 12 9 7 1 18 7 2 7 9 1 7 10
6 11 15 16 6 1 11 2 21 18 19 5 25 5 15 4 2 9 14 20
9 18 11 17 5 3 7 6 11 6 9 6 27 1 6 9 6 5 7 9
17 21 30 28 10 13 18 6 27 18 18 7 48 17 24 9 4 11 11 27
26 40 39 57 23 17 39 21 58 42 29 15 63 37 34 28 41 22 35 48
16 34 28 19 35 26 23 7 37 25 30 13 46 27 17 14 18 14 26 39
44 54 53 59 33 27 44 36 59 23 44 19 72 49 34 37 40 14 42 54
24 36 18 30 24 20 31 2 33 18 37 14 38 24 11 2 10 22 37 35
13 45 36 36 39 33 52 8 61 53 44 24 66 43 48 5 15 40 39 49
17 49 44 31 41 26 32 11 46 40 46 13 52 32 28 14 23 15 30 49
1 17 14 16 12 7 8 1 23 20 18 1 25 3 9 1 1 2 9 18
5 24 8 14 13 13 14 1 18 10 21 7 28 8 7 4 1 14 16 10
18 46 31 46 20 8 30 10 48 34 33 11 64 20 26 10 15 20 27 36
14 17 24 23 4 3 12 8 18 12 12 4 31 5 15 3 1 4 4 12
5 28 10 23 17 12 28 5 31 24 20 8 38 22 20 1 14 17 12 21
8 24 9 18 23 13 20 11 29 12 14 18 40 20 15 16 13 13 20 24
3 30 21 30 23 10 26 8 42 33 25 4 42 18 27 15 18 13 20 33
4 2 11 6 8 1 6 1 15 11 3 1 11 4 5 2 4 1 7 10
11 21 21 30 11 8 6 1 27 12 16 3 42 7 10 13 7 2 13 25
4 7 5 5 4 5 11 1 9 5 6 1 13 4 8 6 1 5 7 5
8 7 11 11 6 2 1 3 13 5 2 2 18 3 3 9 5 1 4 10
20 31 41 25 34 20 33 3 47 34 34 13 46 36 31 10 23 17 30 46
5 11 10 10 14 3 14 4 24 10 6 8 26 14 10 9 11 7 13 17
5 20 27 25 20 4 20 1 37 29 22 1 26 17 19 5 13 7 23 29
15 27 18 14 25 18 30 1 31 22 32 17 34 24 21 5 10 23 29 27
15 24 25 30 13 6 22 4 34 22 31 9 43 13 21 7 4 19 24 30
3 12 6 10 3 1 5 1 9 9 3 1 18 1 3 1 1 1 2 4
4 24 10 16 19 8 12 4 20 13 13 5 34 13 9 9 11 5 9 18
15 23 17 29 8 4 18 7 26 20 30 13 39 9 17 14 1 21 23 28
5 5 5 6 2 2 9 1 6 2 1 1 15 4 7 3 1 4 3 2
2 14 4 5 7 9 13 1 12 1 12 1 26 8 6 1 1 7 6 6
8 23 8 12 11 12 6 1 5 5 20 7 23 7 3 5 5 6 8 11
10 27 16 20 15 3 12 3 14 14 19 4 25 9 6 4 10 4 13 16
12 28 20 29 7 5 21 5 28 16 14 1 45 8 17 1 1 9 7 11
13 13 24 23 10 5 11 1 25 19 8 1 31 12 12 8 9 2 13 21
3 12 2 12 1 1 2 1 6 3 9 4 21 1 2 4 1 4 6 7
27 45 35 25 37 32 29 9 37 27 37 16 54 33 17 15 20 19 23 36
7 16 11 11 15 9 14 5 22 14 11 3 24 8 9 9 7 9 15 16
27 63 36 44 48 26 39 17 53 32 45 32 73 44 23 22 34 24 43 57
3 3 18 12 8 1 12 1 24 17 7 1 24 9 17 2 4 4 7 17
13 30 24 17 18 18 19 5 21 16 25 3 39 14 16 2 4 9 10 21
1 5 2 1 1 1 6 1 7 1 4 1 6 1 2 1 1 1 3 1
6 10 7 7 6 4 14 2 12 2 5 1 16 4 6 1 1 5 5 3
3 6 7 5 2 3 12 1 14 8 4 4 23 7 14 1 1 7 5 8
32 28 54 45 21 14 45 14 56 38 36 9 60 41 46 13 14 20 32 44
