1000 20 11 2057
0 25 0 4 3 2 4 4 0 9 9
7 5 10 1 3 1 5 9 3 3 2
1 2 9 3 12 2 3 2 7 1 1
6 8 1 14 18 7 3 6 7 4 5
4 7 13 0 4 17 17 10 7 16 2
1 6 2 4 10 3 3 3 5 0 2
0 6 14 5 15 8 3 0 0 11 1
13 18 7 7 12 13 13 4 10 8 12
4 17 3 7 4 3 6 11 16 1 8
5 1 6 4 1 0 1 4 2 2 0
9 1 12 1 6 2 5 0 5 6 2
1 4 5 3 3 15 1 12 9 4 2
10 7 13 1 8 0 11 7 7 5 7
10 4 8 3 2 12 2 8 4 9 5
9 8 14 3 11 7 14 10 10 11 15
9 16 5 2 5 14 5 3 5 7 1
1 3 3 0 3 3 4 1 6 8 1
4 13 6 2 0 2 2 6 3 5 7
14 4 10 2 3 4 6 20 3 13 10
2 4 6 3 4 1 8 1 3 2 1
5 6 5 1 6 4 10 2 7 9 9
7 9 2 4 4 9 0 5 5 3 3
8 7 3 0 5 2 1 1 12 4 6
8 15 13 1 7 10 2 19 13 4 4
3 6 10 4 4 1 8 12 5 17 10
5 1 12 12 2 13 0 5 9 1 2
6 4 3 3 10 4 2 1 9 9 3
18 9 10 2 4 10 5 13 6 7 7
1 12 16 12 5 7 5 1 9 2 12
16 3 10 8 8 4 6 5 8 6 7
0 8 8 2 0 1 5 0 5 1 4
10 2 8 13 14 6 11 12 7 1 3
5 1 4 4 10 8 3 7 4 2 3
1 4 1 3 3 2 6 3 4 2 1
15 5 4 2 5 10 6 3 6 2 7
2 4 5 18 3 11 4 14 19 2 9
4 2 1 11 3 6 10 2 4 1 2
2 8 8 0 11 5 9 3 1 2 13
3 10 5 6 4 4 5 4 4 2 4
7 11 4 3 1 2 9 6 9 3 10
1 5 2 2 0 4 7 1 3 5 3
13 9 12 9 8 23 13 1 15 7 9
8 10 10 0 0 0 10 8 14 11 13
1 11 4 9 3 20 7 4 1 21 6
11 6 2 4 15 18 12 6 3 5 9
8 6 7 11 3 11 7 2 1 20 18
6 10 20 5 4 11 8 8 1 14 4
5 2 21 15 8 7 7 3 7 3 6
3 6 9 8 4 4 24 2 6 4 3
7 5 8 1 2 2 0 4 7 0 6
5 4 1 9 19 1 1 6 19 3 17
2 3 5 2 1 2 8 4 10 12 8
4 6 5 29 8 1 4 0 0 1 2
2 4 7 3 13 3 11 0 2 1 8
4 9 8 12 7 5 14 4 12 8 10
17 4 21 1 10 19 1 16 5 9 3
8 6 4 0 7 15 13 3 12 3 12
1 3 2 3 1 3 1 2 0 7 6
2 11 5 5 10 2 2 2 5 8 5
2 0 8 4 14 8 2 5 3 12 2
15 20 17 0 5 1 6 9 8 17 10
2 0 4 24 4 9 6 2 4 8 8
5 1 3 6 7 1 10 16 9 0 20
7 14 5 3 5 3 19 5 5 13 21
2 2 2 11 8 0 10 2 1 1 3
3 2 4 5 5 5 3 5 1 1 3
9 3 4 2 7 17 18 9 2 7 2
8 12 6 2 15 19 5 5 3 17 19
6 5 5 9 10 1 2 1 4 1 3
5 4 3 1 7 8 3 1 1 17 2
2 2 4 1 5 7 3 1 3 2 4
7 16 11 11 5 2 4 22 1 6 12
13 6 4 1 11 11 17 11 15 10 2
3 6 2 1 0 1 7 2 1 1 6
10 3 10 3 7 9 8 9 5 3 1
9 1 20 1 9 9 16 5 2 8 1
10 7 7 1 4 9 4 5 2 7 9
8 1 3 17 14 0 4 10 6 8 10
3 3 1 8 2 0 2 3 2 10 0
4 7 1 1 2 8 6 6 7 0 10
2 1 1 1 5 5 0 11 1 7 4
15 8 10 26 1 12 6 3 5 3 13
11 4 7 8 7 5 3 1 3 3 2
4 13 11 9 4 6 3 10 3 32 0
2 2 3 6 9 9 4 6 5 20 8
0 15 8 7 5 7 5 4 5 2 9
6 13 5 17 9 7 7 12 18 10 1
1 9 5 1 0 6 0 5 3 4 2
6 6 1 21 3 5 4 4 9 9 11
7 5 3 18 10 13 5 6 9 3 20
7 9 5 4 3 5 1 5 6 5 2
3 4 13 4 3 13 10 5 6 1 2
8 8 6 1 14 1 10 2 22 18 1
3 5 1 7 3 6 13 20 1 6 19
2 1 1 0 7 1 4 5 7 8 12
9 1 9 9 3 2 8 3 0 19 3
4 2 5 3 7 3 10 2 5 1 12
3 3 6 5 4 6 1 4 1 10 0
7 6 5 0 2 9 2 0 1 2 2
11 10 2 7 13 7 5 1 2 13 5
1 2 1 4 8 4 4 8 1 1 2
5 11 6 9 3 8 1 7 4 5 1
22 15 13 6 2 14 6 11 7 14 2
7 0 5 11 8 9 2 4 8 5 8
18 2 4 3 11 1 8 1 2 6 16
14 9 18 9 8 4 18 6 3 14 6
14 4 9 0 3 11 5 1 18 19 11
4 7 3 0 1 11 1 3 1 8 4
11 4 1 5 11 16 13 8 14 10 1
0 10 11 2 0 3 4 3 12 10 7
7 5 5 1 6 3 3 7 3 1 1
5 1 5 3 3 0 1 4 10 4 2
2 7 0 5 9 10 8 8 2 9 3
19 18 4 3 9 2 5 6 5 22 3
6 12 11 6 3 8 22 7 9 5 1
9 12 1 15 6 5 7 13 12 8 5
6 5 23 8 4 0 6 24 14 6 6
7 3 4 1 0 4 6 1 4 2 4
7 8 10 12 9 10 6 14 1 5 0
9 12 3 4 10 6 0 2 10 2 3
11 8 4 6 16 23 0 18 1 3 15
3 4 6 16 19 11 13 7 1 1 8
3 0 1 0 1 9 5 6 2 2 2
7 1 8 7 6 8 2 6 3 4 16
19 8 12 12 3 12 8 5 10 7 4
9 8 11 5 5 5 4 3 16 4 6
17 3 0 9 12 7 4 22 1 13 9
2 3 5 2 1 3 5 1 4 5 2
0 5 9 1 5 10 10 4 4 6 1
8 0 11 8 1 3 5 11 20 4 6
8 6 17 2 10 1 2 14 0 2 1
1 1 6 3 3 2 1 2 2 1 5
17 13 5 4 4 11 6 12 19 1 1
7 9 25 9 2 16 18 2 3 8 3
4 2 5 1 8 9 6 22 24 11 7
5 4 4 15 5 9 16 1 10 1 0
1 6 3 9 13 3 1 5 7 7 10
1 1 5 11 5 1 7 2 3 0 6
17 14 5 10 3 9 6 1 1 11 2
4 2 5 25 0 5 6 13 7 11 0
8 2 9 17 1 13 12 5 4 16 20
3 1 12 1 6 6 21 4 15 0 9
13 2 5 0 4 14 19 13 4 2 20
1 5 4 10 3 6 4 1 2 3 3
11 5 15 4 13 4 0 6 2 9 7
0 4 6 7 6 1 4 0 2 6 6
2 9 6 4 7 21 9 4 1 0 2
22 16 18 4 1 16 1 4 1 1 4
1 0 5 3 11 3 0 3 10 6 1
2 3 2 2 1 5 3 0 4 5 5
4 2 14 1 2 5 5 6 2 5 4
5 11 5 5 4 2 2 2 6 7 3
14 10 2 0 9 9 0 8 9 3 5
11 2 8 8 2 4 1 11 10 1 6
7 6 9 2 10 2 0 0 3 5 3
12 2 5 1 15 6 12 1 5 5 2
8 8 6 3 9 4 4 17 5 15 0
10 7 12 15 6 21 2 1 11 5 2
3 1 6 14 0 0 9 4 2 11 9
12 7 6 4 4 12 9 5 22 7 12
3 2 8 4 9 2 7 6 4 8 5
6 3 3 4 3 6 7 5 1 5 1
4 1 1 5 6 7 3 3 4 0 2
3 5 2 3 20 7 13 4 12 8 9
3 3 9 1 6 17 11 3 3 5 12
10 9 14 17 7 2 8 1 2 5 2
3 9 16 1 3 1 0 10 11 0 1
10 1 0 2 12 15 2 8 1 4 4
15 2 11 4 22 5 16 3 4 12 14
8 3 2 4 0 0 4 0 3 3 2
3 9 3 2 2 5 7 3 3 6 1
11 5 6 3 4 7 10 8 14 7 13
1 1 4 9 6 1 4 6 3 7 1
3 5 0 7 2 3 1 7 1 3 3
2 2 12 9 5 6 9 6 16 9 8
21 2 3 12 7 15 2 10 3 11 8
3 3 8 0 2 1 3 0 1 7 0
4 2 18 1 4 4 5 9 4 2 2
6 7 2 4 6 5 12 2 12 12 0
10 2 2 4 9 4 25 6 8 23 8
2 3 4 4 12 18 17 10 11 21 3
3 0 7 5 6 2 2 1 3 5 7
5 8 5 8 7 2 8 5 1 3 2
12 17 1 10 7 5 16 12 17 1 8
3 5 1 5 1 1 2 16 5 10 7
3 1 1 13 2 10 16 4 6 1 14
3 15 0 6 5 12 7 5 1 6 2
11 3 14 13 12 7 20 15 5 3 6
1 5 2 2 3 8 9 4 3 1 7
7 6 2 3 2 4 10 6 1 18 4
11 9 2 8 2 3 0 4 1 7 6
2 12 0 2 5 11 5 7 4 5 1
1 0 2 7 4 4 3 2 0 2 2
5 0 3 1 1 1 10 9 1 2 6
16 5 1 11 20 10 8 11 10 13 6
13 13 7 10 6 9 3 22 11 3 5
6 12 1 16 7 0 6 15 2 1 15
4 14 4 3 12 0 2 2 7 23 6
14 10 1 5 3 2 4 5 4 8 7
5 0 7 1 5 4 1 2 0 2 0
1 5 1 9 3 8 0 7 4 2 10
29 1 6 3 0 13 8 6 0 6 2
15 16 3 4 0 1 3 8 7 6 2
7 19 10 6 11 5 18 7 2 6 3
11 13 14 8 4 1 10 6 15 1 5
6 6 4 8 1 6 11 1 4 0 7
2 18 10 3 3 16 12 5 0 0 1
1 0 6 6 7 9 4 3 1 3 3
1 5 1 12 9 8 7 10 4 4 11
5 25 3 7 3 9 8 12 4 13 9
9 1 11 2 5 28 9 11 8 4 0
1 8 2 3 7 17 0 5 19 5 1
2 4 4 2 2 8 7 3 11 9 4
10 1 8 24 2 0 3 2 2 6 3
3 11 1 7 3 10 5 0 1 5 15
4 5 7 7 1 2 4 8 2 4 1
5 9 1 4 2 9 9 2 3 7 6
6 6 3 4 6 1 1 0 12 8 3
9 3 8 9 9 12 12 9 3 0 1
1 3 10 0 0 6 5 0 0 1 1
6 1 12 3 0 0 2 5 4 9 16
8 4 5 2 5 5 4 3 3 6 1
12 14 7 2 4 7 8 0 4 1 7
4 9 25 7 9 7 3 11 4 18 11
5 7 0 3 11 5 1 12 7 7 21
2 18 1 8 11 0 9 11 5 11 19
13 0 1 5 3 5 20 5 6 15 6
6 3 2 3 0 4 5 2 10 3 4
0 0 2 6 1 2 7 2 5 4 4
1 8 0 15 8 3 6 2 0 10 5
7 0 9 7 14 3 2 0 5 0 4
23 0 3 11 17 5 2 8 3 10 7
4 1 4 9 2 5 8 0 2 6 3
4 19 8 4 10 2 13 6 5 10 11
15 14 17 11 8 1 14 2 5 19 7
3 1 5 2 1 2 3 0 9 0 7
0 3 11 5 10 6 14 17 15 6 9
9 10 11 0 20 12 9 8 12 8 11
6 1 3 12 13 7 10 9 3 6 1
10 8 11 1 0 7 11 7 8 16 1
3 3 7 2 3 3 5 2 2 6 6
1 11 5 6 5 24 4 7 21 7 0
2 3 2 2 4 2 1 7 3 2 3
3 15 26 1 0 0 2 15 5 16 14
6 2 11 7 1 4 0 5 1 0 5
8 13 7 9 5 10 3 15 15 13 14
5 2 5 0 13 1 4 7 0 3 2
18 15 0 9 8 3 7 1 4 12 0
5 10 3 2 0 2 8 6 9 15 6
16 8 5 20 1 6 1 11 15 15 4
15 9 11 7 1 7 6 6 3 11 10
2 3 13 3 20 7 0 16 22 8 4
4 6 1 14 4 4 8 3 9 2 2
6 2 4 2 4 1 4 5 1 0 1
10 13 6 8 3 14 6 8 4 16 4
2 2 1 6 1 1 3 5 4 1 2
7 12 18 10 2 13 11 12 10 4 19
14 4 19 2 0 11 1 9 7 8 6
6 7 6 3 5 4 1 3 1 1 2
1 0 3 2 0 1 6 5 7 1 3
7 5 1 5 8 4 6 3 1 2 5
9 10 2 7 1 7 6 4 8 3 7
5 5 1 0 1 3 2 1 6 5 4
3 5 5 0 8 2 5 2 0 7 4
1 7 4 11 4 1 4 4 11 1 10
2 1 5 7 6 6 2 4 0 4 2
2 8 6 12 11 8 10 2 2 8 13
1 1 18 9 17 2 16 3 10 10 9
0 1 4 4 2 6 4 1 2 1 2
2 28 17 1 10 12 3 7 3 13 1
2 1 1 3 2 6 9 2 5 2 1
5 2 3 8 1 5 7 11 4 2 7
19 2 21 8 6 10 8 13 3 9 6
7 10 9 6 1 5 7 4 3 0 1
3 4 2 1 3 6 9 6 9 4 2
7 11 1 5 6 1 6 1 2 6 3
13 9 2 4 2 5 8 0 10 13 24
3 3 1 11 12 10 5 6 6 9 8
3 1 2 2 3 6 3 5 1 3 7
5 10 4 1 5 4 8 0 11 0 6
1 1 4 8 4 3 6 1 10 5 7
11 4 0 1 2 3 5 5 19 7 0
1 2 9 3 1 3 4 2 5 2 1
5 10 10 10 1 4 16 3 3 6 5
1 15 2 24 8 9 11 1 15 11 10
4 8 3 3 1 9 6 1 5 2 4
4 9 0 4 8 1 13 8 5 1 4
4 9 3 9 7 7 1 4 7 2 4
3 1 16 1 13 7 8 4 15 11 7
4 4 19 5 5 8 6 5 27 12 8
12 3 4 10 4 0 1 3 8 9 1
8 8 6 4 1 9 4 9 12 1 2
5 8 3 1 5 1 3 8 4 9 0
3 4 2 5 9 4 6 5 6 15 10
16 2 4 6 11 1 4 1 4 1 15
6 5 17 8 13 21 2 7 13 1 3
5 1 12 4 1 0 15 5 12 3 23
1 6 6 0 5 13 0 6 2 14 7
4 2 1 2 2 15 8 5 4 5 1
13 5 0 12 5 16 7 0 6 2 5
3 4 1 5 5 3 2 4 3 0 1
6 10 2 2 2 1 1 6 6 18 5
6 6 3 18 13 10 0 5 8 13 7
9 8 2 2 10 2 8 7 1 3 11
6 6 2 4 2 4 1 2 2 2 1
9 10 6 10 20 13 8 4 10 12 8
1 8 1 16 26 9 10 8 5 3 15
11 9 4 5 8 10 8 10 1 5 1
18 13 0 6 3 6 18 10 8 4 12
6 23 7 5 10 5 5 22 9 4 3
8 7 16 9 5 7 7 1 7 2 14
6 3 9 3 16 19 10 10 12 3 13
1 4 17 10 12 2 6 1 5 5 4
3 2 7 0 2 2 1 4 3 3 0
3 1 0 6 2 4 3 11 9 2 7
2 10 3 14 6 8 1 6 0 2 8
4 4 2 10 5 5 5 3 0 0 2
1 4 2 4 1 0 2 1 1 3 6
4 4 1 1 4 17 7 3 4 3 5
17 11 10 5 3 12 15 2 11 8 15
4 26 2 0 12 8 19 3 5 10 3
3 2 5 3 6 4 2 6 0 1 8
9 4 6 2 2 10 13 4 5 6 4
4 6 3 4 4 8 0 7 3 4 7
6 4 1 7 4 0 15 1 8 6 2
16 7 8 7 7 4 11 1 8 1 5
2 9 4 7 1 9 3 4 7 4 11
2 3 4 1 11 0 8 4 2 4 3
1 5 2 9 3 1 5 20 5 17 5
2 4 4 5 8 1 4 13 6 12 1
1 7 5 0 3 3 4 4 1 4 2
2 2 3 5 3 5 2 3 1 1 5
5 8 12 0 1 3 1 2 4 2 7
6 6 15 4 4 2 15 22 8 8 8
16 0 2 6 10 2 4 9 5 11 2
1 1 4 0 4 9 1 8 8 5 6
3 8 2 0 10 1 5 3 4 6 1
7 5 1 6 0 5 15 4 9 4 3
5 11 3 6 7 6 2 2 0 2 1
12 5 8 5 4 5 18 9 1 9 10
5 1 9 6 7 9 3 4 4 5 3
3 5 3 6 3 2 0 2 1 3 1
1 5 2 12 3 2 1 1 10 2 4
3 10 20 1 9 4 3 2 7 12 18
4 1 12 0 10 5 5 5 2 6 4
11 14 14 11 22 5 9 4 0 9 6
19 10 11 18 14 6 4 9 14 10 2
1 2 8 2 12 7 1 12 6 4 6
1 6 0 2 6 8 15 0 14 14 0
2 11 1 5 9 10 10 8 9 18 2
5 9 1 4 2 7 0 5 4 5 0
10 0 12 16 19 5 1 16 2 13 5
1 21 5 4 1 1 1 8 4 22 7
2 7 6 9 2 4 2 12 16 23 4
8 9 8 2 1 4 1 2 13 4 3
10 4 2 2 4 7 1 1 8 12 5
13 4 2 3 6 5 9 6 2 6 6
0 13 5 5 8 19 14 11 2 14 17
1 1 5 2 5 14 4 9 9 8 7
1 7 1 2 1 2 1 3 2 12 3
2 6 8 9 5 6 0 9 8 2 11
6 4 3 2 5 6 5 1 2 3 6
3 0 10 9 10 3 11 9 9 1 3
1 5 3 7 1 2 4 3 12 6 3
3 4 3 5 2 14 2 15 4 5 11
5 4 1 0 7 3 5 14 11 5 5
5 4 2 2 10 7 1 1 5 1 4
5 2 1 7 7 10 5 1 4 5 4
6 0 11 1 6 1 2 5 3 3 1
6 4 14 5 3 25 5 4 3 3 7
8 6 12 12 17 5 3 14 10 1 3
4 5 1 6 5 2 0 0 6 5 5
4 2 1 5 2 6 3 3 1 3 7
3 3 6 11 4 25 6 2 11 15 2
6 20 10 1 5 3 3 0 3 1 8
8 3 1 7 7 17 20 5 1 5 17
0 2 5 4 9 2 7 5 13 0 2
5 3 6 2 3 1 1 2 7 2 9
3 2 4 1 6 2 3 5 2 3 0
1 5 6 10 1 10 0 8 11 12 1
15 2 5 4 14 11 4 3 18 12 13
3 8 9 3 7 14 3 4 10 19 13
7 17 6 2 3 9 7 4 6 0 1
8 0 2 1 2 6 6 7 5 3 5
5 7 1 2 9 9 9 1 7 6 11
0 0 4 1 6 1 4 5 9 15 8
1 5 5 0 1 7 1 2 0 0 2
12 5 0 3 1 9 9 9 0 4 7
3 10 2 7 1 3 2 1 1 8 2
6 8 4 2 20 9 19 5 17 3 5
3 8 6 7 4 3 9 1 2 9 14
8 10 13 11 3 22 2 9 10 16 1
13 10 25 17 8 0 11 9 8 0 6
1 1 5 3 0 4 8 4 1 5 1
13 1 23 10 7 7 7 0 10 5 5
18 4 1 1 9 13 15 4 3 20 8
0 5 4 2 0 4 5 4 4 0 1
2 7 3 1 10 0 1 7 1 6 8
4 0 6 9 8 0 8 8 9 3 10
10 5 0 6 1 1 2 0 1 5 10
4 4 7 0 8 16 12 10 9 2 8
2 5 3 3 14 16 4 6 4 3 3
9 1 1 1 9 2 0 17 7 3 7
9 1 7 1 9 5 2 0 1 6 12
3 19 16 12 5 1 7 1 3 8 1
9 1 2 1 3 3 2 5 5 7 11
7 18 6 5 6 5 8 3 1 1 3
1 1 1 1 8 0 0 5 2 5 1
13 3 7 2 3 5 10 11 8 2 3
0 1 5 13 5 0 20 6 6 2 1
0 2 8 2 2 9 1 6 2 2 1
10 3 7 10 1 4 2 2 2 1 5
1 3 6 6 3 2 12 4 0 3 6
2 1 7 2 0 2 3 5 5 3 7
17 3 9 3 4 3 2 4 3 5 8
11 3 5 2 3 10 12 7 10 8 7
1 10 2 15 6 0 5 8 3 4 10
4 0 11 2 5 20 3 8 8 15 4
4 12 13 4 8 1 8 4 3 12 0
3 1 1 6 6 1 9 1 4 8 1
16 19 8 2 2 5 0 2 10 21 9
1 2 1 1 3 9 1 9 2 6 1
10 1 2 2 2 9 5 0 13 0 4
1 5 3 5 3 0 6 5 9 17 3
5 2 3 2 8 5 2 0 11 8 3
7 2 9 2 7 3 15 8 6 13 20
10 23 9 7 8 6 7 1 13 3 2
15 3 3 16 9 7 13 2 13 11 15
10 12 7 2 6 1 3 2 3 1 16
19 7 16 17 14 0 0 9 5 8 11
2 9 1 6 9 11 15 1 4 15 3
10 1 8 5 6 4 10 5 1 4 4
11 1 21 9 2 10 11 8 5 3 12
0 3 2 2 5 2 5 3 6 1 0
4 7 11 8 0 27 17 6 10 6 10
21 16 5 2 1 1 10 9 1 5 13
5 2 14 9 22 12 2 7 16 16 8
4 1 7 12 8 3 11 0 18 12 8
9 3 6 4 17 10 10 7 2 0 11
4 3 12 2 2 1 6 6 7 2 4
5 0 11 1 8 9 15 4 14 6 21
1 3 7 6 3 1 2 4 4 3 2
5 3 1 5 16 5 6 0 5 13 14
14 15 0 1 9 12 12 7 10 7 6
4 10 5 2 2 4 7 7 4 3 2
4 7 1 18 2 12 3 5 7 4 21
13 10 2 3 11 14 9 13 7 3 4
0 10 8 20 11 18 11 8 7 0 15
2 6 0 0 0 5 4 1 6 2 1
3 10 9 1 9 4 5 12 8 0 5
4 5 2 3 3 2 3 5 4 0 0
8 0 7 22 13 1 8 3 0 5 14
4 7 8 3 1 4 3 12 7 4 5
1 12 5 4 2 4 11 13 1 11 2
5 1 4 4 7 6 15 13 9 7 0
1 6 1 8 2 1 1 1 5 3 5
1 10 3 9 2 13 1 5 6 1 14
10 14 8 5 4 2 2 6 9 4 11
3 1 6 2 2 8 10 4 4 2 1
2 6 18 12 4 8 12 6 5 11 7
8 1 1 2 8 2 2 2 6 1 2
1 6 0 1 2 1 0 7 3 7 2
14 2 6 4 21 2 2 8 14 4 5
3 8 7 21 1 0 6 13 6 6 2
18 4 2 8 10 17 5 8 2 1 4
15 7 7 1 11 4 7 8 3 5 4
6 1 2 1 9 1 6 2 7 4 6
10 4 6 6 5 5 0 5 3 12 1
4 3 9 3 0 1 1 9 1 5 0
3 2 13 1 6 2 2 11 10 4 5
2 1 6 2 2 6 0 4 4 3 3
7 1 12 3 19 11 9 16 8 5 8
9 2 5 8 3 8 8 8 7 4 5
12 2 8 15 6 8 4 8 5 21 16
8 25 5 8 4 7 14 15 9 3 5
12 25 0 11 6 4 7 8 12 8 9
9 4 11 2 6 3 4 4 14 5 5
0 6 8 0 6 8 5 5 13 0 3
13 15 12 3 6 3 5 17 3 16 21
7 2 8 3 4 12 2 2 7 0 2
0 4 3 8 10 13 6 1 8 1 0
6 9 7 3 1 11 3 4 13 3 7
7 6 5 12 13 17 16 10 13 2 16
13 5 1 1 11 14 17 2 22 6 11
4 1 17 7 3 7 7 6 3 1 11
0 3 4 9 6 11 14 2 14 20 7
21 6 5 15 3 7 8 4 14 10 2
3 8 1 0 5 1 7 3 3 4 3
6 1 8 1 3 1 15 4 3 4 10
3 12 0 0 3 4 3 6 4 5 10
6 5 7 3 7 7 3 3 1 3 6
11 10 2 21 0 3 4 5 4 2 5
5 7 9 6 1 3 7 9 2 5 6
6 13 16 21 0 12 3 19 2 2 4
1 1 9 4 1 6 5 10 12 4 8
5 2 6 6 2 5 10 3 9 9 7
8 5 7 4 4 4 3 11 10 4 16
1 3 7 13 4 14 6 4 2 10 12
1 6 0 2 1 4 5 10 5 2 6
5 5 4 2 3 9 7 5 1 10 6
3 8 6 6 5 3 10 4 8 4 0
1 5 1 1 8 3 3 7 4 7 1
2 3 4 15 5 5 5 0 5 16 2
13 8 3 10 13 4 8 4 9 15 0
8 7 8 14 0 6 3 13 5 0 6
1 4 4 6 1 1 10 11 3 10 3
4 7 11 16 12 16 18 7 8 13 11
1 3 5 3 3 3 4 2 9 8 0
7 1 3 11 19 13 2 22 15 12 4
1 1 3 7 3 4 8 3 1 3 2
9 2 6 5 7 2 8 2 4 10 1
10 10 13 8 21 1 14 4 0 12 11
7 11 6 2 5 13 2 6 10 1 4
5 3 3 9 1 1 2 8 7 6 5
9 10 2 9 5 0 7 2 9 10 13
2 8 6 10 1 1 0 0 4 0 1
2 1 1 5 6 1 0 5 10 5 5
10 17 3 8 10 8 5 11 7 18 0
0 1 2 10 6 11 8 9 0 3 4
14 5 11 3 29 1 8 5 2 2 3
3 5 2 11 5 5 1 6 5 4 8
17 16 7 10 1 15 1 3 15 7 8
8 22 0 4 1 7 16 9 7 14 8
2 2 2 1 1 1 8 3 1 1 8
7 1 3 9 0 5 11 9 11 5 8
7 10 9 5 13 1 12 6 4 7 3
8 2 0 0 4 4 2 3 1 3 1
15 7 14 10 1 4 3 12 9 4 19
9 8 2 0 10 1 3 3 0 2 3
5 8 3 3 3 3 0 7 1 7 4
3 7 1 8 4 1 2 2 2 6 2
2 8 4 8 8 0 1 3 4 4 20
2 19 11 4 11 10 9 2 1 5 6
1 12 8 7 14 16 5 22 2 4 13
10 12 2 3 1 3 0 7 10 5 7
1 4 5 1 3 7 27 14 3 6 2
17 11 0 2 15 14 7 11 5 5 14
2 4 13 9 20 22 4 9 5 4 2
13 11 6 4 5 2 4 7 5 6 3
6 11 18 11 7 8 8 0 4 6 0
4 5 17 16 7 3 0 1 5 5 4
4 3 6 7 3 4 2 3 3 2 7
5 11 1 24 0 1 11 16 4 17 3
12 8 12 10 4 19 4 0 2 6 3
0 5 11 16 2 3 14 16 13 2 6
12 17 9 6 6 0 11 4 3 1 14
1 1 11 19 3 2 12 11 4 1 2
9 11 9 16 3 12 9 5 5 13 7
4 0 3 0 1 3 1 1 5 2 6
16 15 4 15 20 0 4 7 12 5 10
7 3 9 10 5 1 14 15 13 21 3
7 4 4 2 3 0 0 5 4 3 3
11 7 8 1 16 15 7 3 0 3 4
16 11 13 6 17 3 10 2 6 17 13
5 1 3 7 4 3 8 9 3 10 2
22 7 3 3 11 4 8 1 1 7 15
8 6 5 4 4 9 3 10 9 1 1
3 9 10 1 3 14 0 9 12 9 7
8 7 3 1 1 4 7 7 3 3 1
5 11 4 0 3 24 9 11 21 5 14
2 9 0 18 3 11 10 6 17 18 10
12 5 1 5 7 3 11 2 1 0 1
4 18 1 9 24 3 5 2 4 8 11
11 10 6 12 5 12 1 7 2 3 6
8 7 9 2 3 3 7 12 1 1 0
5 12 2 1 22 2 3 4 11 3 1
4 12 2 1 23 16 18 6 2 1 2
12 21 1 3 7 3 10 10 6 9 2
8 0 18 4 5 8 12 5 3 1 9
14 10 4 5 8 1 9 5 7 10 1
4 2 5 2 1 7 6 0 5 2 7
10 8 0 1 10 6 3 1 3 3 2
15 8 1 11 3 15 2 10 14 4 5
1 5 4 7 5 3 2 0 0 0 0
8 14 2 17 19 11 9 4 20 1 1
5 4 2 5 4 2 7 5 3 5 2
4 3 25 4 8 1 7 16 2 14 9
14 6 7 2 18 9 6 2 2 3 3
3 4 9 4 7 2 14 2 4 3 1
4 9 4 3 17 24 1 14 1 1 3
2 7 1 10 5 5 5 1 5 11 3
7 4 1 4 14 5 7 2 14 13 2
7 14 2 15 3 0 1 13 4 20 1
3 10 11 5 17 0 5 5 12 4 22
2 8 6 18 4 5 3 10 2 5 14
11 23 9 12 13 2 7 8 2 2 13
10 0 6 1 5 11 7 5 13 5 5
3 13 13 3 14 7 4 8 12 2 6
13 13 14 4 13 9 14 5 4 5 9
10 4 4 5 6 0 5 10 7 3 5
9 3 16 9 1 1 10 2 5 9 27
5 3 1 4 10 12 4 3 0 7 17
23 8 16 9 5 6 7 3 17 10 3
6 10 4 3 10 6 4 1 15 2 8
5 12 7 12 6 4 12 1 0 2 3
1 3 5 3 2 1 3 1 1 3 7
8 14 17 10 6 12 4 4 17 0 6
3 15 3 0 1 5 10 19 8 23 1
6 6 18 4 4 1 0 9 1 1 10
1 1 4 5 5 5 7 9 1 12 15
15 5 2 1 7 7 3 16 11 12 6
4 21 6 8 10 3 2 10 6 1 4
2 7 1 12 10 1 3 10 8 8 5
4 3 7 9 1 3 2 3 6 6 3
11 13 9 15 18 7 23 1 3 3 9
13 11 11 22 16 9 5 1 8 3 5
1 4 2 3 2 2 1 1 6 2 6
1 5 4 4 4 3 5 1 2 3 4
1 9 9 3 7 16 9 24 9 2 4
9 19 16 9 1 14 4 16 11 7 3
4 9 5 0 8 8 17 14 7 11 12
7 2 1 7 1 2 1 3 3 1 4
2 7 1 7 5 6 1 1 3 3 2
2 1 2 6 7 5 2 3 3 1 2
3 1 3 7 1 1 3 6 7 6 1
21 16 20 8 6 8 4 4 15 0 3
4 22 1 10 16 10 1 14 1 9 0
17 18 13 4 24 2 8 5 1 10 2
8 1 13 4 4 0 2 3 9 16 0
2 3 1 3 6 2 3 2 6 10 6
1 8 16 10 10 16 4 7 17 5 1
8 2 4 0 12 2 7 2 4 3 6
12 11 4 6 6 5 9 0 7 11 10
11 1 8 6 1 2 0 2 5 2 13
5 6 4 8 2 2 2 8 1 10 5
1 6 7 7 10 3 10 2 5 6 7
2 5 12 1 14 6 12 4 5 2 14
4 1 6 5 2 5 3 2 5 6 7
3 11 8 10 0 4 1 8 2 1 11
23 4 8 1 1 7 12 1 7 13 11
9 4 11 2 5 3 10 0 7 6 0
2 2 13 11 3 10 18 8 8 21 11
2 7 1 6 13 11 9 14 10 3 8
7 14 8 4 4 1 1 2 3 2 4
2 4 1 0 9 1 1 2 2 9 4
3 1 6 3 3 1 1 6 3 3 3
4 7 3 5 0 4 3 4 1 3 6
8 8 10 5 4 3 5 7 1 0 3
7 5 6 7 13 5 3 2 2 2 1
7 4 6 4 25 5 9 13 11 7 3
4 16 1 0 8 9 6 7 1 13 8
7 3 16 12 1 4 2 10 2 4 5
12 8 19 2 5 1 8 2 7 12 9
6 8 22 2 2 1 2 8 18 12 7
0 3 3 3 5 3 2 0 0 8 0
0 3 7 2 1 10 2 0 6 5 7
2 3 3 6 0 13 6 14 7 8 9
2 4 0 2 1 3 2 1 4 7 3
12 1 2 20 5 4 2 4 15 0 1
5 9 8 12 1 10 6 7 2 14 3
1 9 3 6 2 5 1 1 3 10 8
2 5 2 5 2 3 0 1 2 5 4
2 15 2 2 4 3 8 1 5 1 0
1 6 2 13 2 20 6 3 3 2 12
3 1 5 8 15 15 12 5 5 15 11
6 7 10 2 3 2 1 3 3 7 4
9 2 1 6 8 2 4 3 7 2 5
1 3 2 3 1 9 3 4 4 1 11
6 2 8 9 4 10 3 12 8 1 3
0 3 4 6 4 2 8 3 3 3 1
12 9 10 3 1 3 0 9 15 1 6
9 13 3 2 15 16 5 1 10 5 0
7 4 0 0 5 4 4 3 0 1 3
0 2 5 9 6 1 6 9 4 3 11
15 1 8 12 1 6 1 5 9 0 2
6 3 2 7 5 13 14 5 0 17 12
2 8 4 2 6 15 6 3 11 6 6
8 12 17 5 3 9 15 4 5 18 15
4 4 1 26 11 20 4 3 9 6 7
16 4 14 1 8 7 10 8 1 2 1
11 12 1 3 21 4 13 13 2 1 7
2 4 1 1 6 3 0 2 0 2 5
1 1 6 11 11 15 1 10 4 3 1
3 6 2 5 2 1 1 1 2 7 1
5 7 11 4 2 8 0 9 8 9 24
3 2 4 10 3 16 8 3 13 1 10
5 6 9 15 24 4 4 5 9 5 13
11 5 0 0 4 32 9 13 9 2 1
2 6 5 2 1 3 1 4 5 3 0
10 8 9 12 13 1 1 14 8 3 0
7 3 0 2 6 2 4 5 4 3 3
7 20 6 6 0 23 1 3 14 5 4
0 3 7 4 3 8 1 1 2 6 1
21 1 17 2 12 7 9 14 6 8 4
1 12 6 9 1 12 1 0 1 8 9
2 3 4 3 0 9 1 4 4 5 6
10 14 6 3 12 1 9 2 5 7 6
11 2 9 1 4 20 6 13 10 2 16
11 6 3 1 10 3 14 10 15 23 6
3 3 2 3 3 3 6 2 2 2 3
0 10 6 7 5 2 5 0 5 12 9
2 1 1 10 9 5 3 6 6 13 11
0 8 5 2 1 5 5 4 1 1 1
8 11 4 17 5 7 2 5 17 5 4
3 20 6 8 8 9 5 16 13 12 6
8 2 8 1 0 2 5 0 2 7 6
7 8 10 11 4 0 0 22 10 24 4
4 10 0 2 2 1 2 5 3 4 1
3 3 3 5 11 8 4 2 3 1 11
0 4 16 9 8 1 3 30 1 12 2
3 3 10 5 7 18 5 5 10 4 10
17 15 5 12 10 9 0 9 18 2 3
5 3 5 1 6 2 1 5 5 3 5
2 12 10 5 15 16 7 15 9 6 6
4 4 8 8 17 13 16 14 5 3 0
1 4 0 3 7 1 4 1 5 0 2
3 0 0 1 5 4 6 7 4 1 3
7 0 1 1 8 6 2 2 5 3 0
11 24 2 15 1 6 5 8 4 3 9
6 3 2 7 4 1 5 7 7 5 6
9 7 5 0 4 3 0 9 6 2 4
2 0 1 5 0 5 3 2 1 18 2
6 2 1 8 4 5 10 3 8 4 3
7 1 10 7 1 12 9 11 0 6 8
7 3 5 0 4 15 3 16 2 2 1
5 11 8 17 22 2 2 13 3 4 1
4 13 4 4 23 16 2 6 17 3 1
4 6 5 11 12 1 3 4 2 18 9
5 8 18 7 8 13 6 11 4 8 6
4 2 9 3 14 19 1 3 2 8 8
13 6 8 2 15 2 3 2 3 16 14
4 18 3 1 3 2 3 11 6 7 6
4 8 0 2 6 6 15 14 0 6 1
7 3 3 7 2 7 8 1 11 14 3
0 1 0 0 4 6 2 4 7 1 7
4 0 4 3 1 1 0 6 6 2 6
13 8 1 7 3 0 1 1 9 3 7
5 4 28 0 5 2 4 15 6 2 6
6 0 5 6 3 14 13 6 2 3 3
20 13 17 10 8 12 11 11 7 7 3
8 12 12 17 11 12 1 2 22 1 7
30 7 4 2 13 8 4 7 14 12 4
3 3 2 7 8 1 14 11 13 2 7
6 1 2 2 5 1 4 4 2 3 1
8 0 4 1 0 1 3 0 6 3 3
20 1 4 15 9 0 13 12 1 9 10
16 7 6 0 20 1 5 4 2 13 1
1 0 5 1 4 0 3 1 2 5 11
8 3 1 12 6 1 1 10 3 4 7
20 1 11 21 2 2 13 2 9 6 18
7 5 6 1 3 5 1 1 7 7 17
11 6 2 5 7 12 2 2 5 9 6
13 4 13 2 3 5 14 2 9 3 4
10 5 5 9 11 7 5 6 7 6 2
3 1 7 0 1 8 2 7 1 2 3
6 11 6 1 0 10 4 13 6 0 6
0 0 6 6 4 12 3 10 7 9 3
0 2 3 19 18 8 2 9 6 17 17
18 1 8 7 2 2 6 1 3 6 5
11 6 10 1 6 7 5 1 9 1 3
18 15 13 5 9 1 1 13 2 20 9
4 12 11 3 0 18 18 1 7 3 4
6 1 10 0 7 1 2 3 7 17 7
2 2 4 2 2 3 8 1 5 14 2
19 3 9 4 8 12 10 3 2 12 0
4 7 1 9 12 4 8 5 13 11 9
4 0 0 8 1 0 5 0 11 5 2
10 0 5 7 5 2 27 1 6 9 3
0 5 2 5 5 4 1 2 3 5 3
2 4 1 8 5 2 4 3 2 1 1
2 1 8 8 2 5 4 2 16 3 15
5 7 10 18 10 6 5 1 5 1 5
3 7 3 5 2 10 5 4 0 3 5
1 4 6 1 3 5 1 0 4 6 6
0 10 9 3 2 4 18 15 1 12 5
3 16 1 10 17 5 1 11 9 1 0
22 15 4 5 5 1 14 14 0 10 1
4 16 5 0 3 2 12 4 19 5 11
3 6 4 1 2 6 10 12 6 31 4
3 7 14 10 7 16 6 8 1 0 1
1 1 1 3 3 10 2 7 14 6 5
3 8 2 13 8 2 3 5 8 8 11
8 8 6 6 11 14 12 0 2 4 8
0 17 16 10 3 3 3 5 24 2 7
10 5 10 5 12 22 3 10 3 1 5
0 2 13 7 1 10 9 6 4 15 7
8 24 0 17 4 12 13 1 5 7 12
3 3 1 5 3 7 9 7 4 12 26
2 3 7 1 5 5 4 13 4 3 7
1 6 5 4 2 2 0 2 6 9 4
2 2 6 10 4 8 3 8 5 0 3
9 0 1 1 8 11 6 10 5 8 0
5 11 10 11 1 14 10 1 13 5 3
1 4 3 3 2 1 8 2 4 4 3
0 20 4 11 2 9 1 7 5 9 4
1 2 2 4 21 6 3 3 8 7 2
5 13 4 2 8 5 9 10 3 3 12
4 15 2 8 2 11 1 25 6 6 14
5 2 6 23 27 7 7 6 4 5 2
3 8 6 8 0 2 1 2 3 3 8
3 1 8 5 1 7 11 0 14 9 3
3 7 9 21 11 9 5 17 12 14 12
8 4 13 20 7 9 6 12 21 7 0
13 7 0 2 6 5 6 2 7 1 2
2 4 5 5 0 2 3 1 1 6 4
1 0 4 9 5 1 1 9 10 6 4
9 2 1 2 1 2 1 4 2 4 2
10 4 9 3 2 8 17 5 11 6 4
7 13 17 6 6 5 3 1 14 26 1
1 13 13 6 4 15 17 5 23 5 1
0 5 6 5 4 0 1 2 2 2 3
3 15 8 0 3 0 19 12 9 5 2
5 13 1 3 12 9 11 1 6 5 6
2 1 7 5 4 2 4 3 5 1 12
4 0 3 4 7 1 2 6 1 3 9
7 1 2 6 7 3 1 5 1 4 5
4 3 4 10 9 2 11 1 1 4 5
13 12 11 9 0 6 7 14 3 0 3
6 6 15 2 5 18 6 15 16 16 4
10 3 14 9 9 12 17 6 6 1 4
8 3 15 15 5 4 5 8 16 12 6
8 1 4 3 3 3 10 10 3 4 10
0 7 6 9 8 6 3 14 11 5 6
4 0 1 3 3 1 0 7 3 2 4
7 10 4 10 0 19 7 2 1 14 4
6 5 4 8 10 7 2 1 1 4 3
3 10 3 1 4 4 7 11 12 2 12
3 4 3 1 1 1 2 5 11 6 5
4 14 7 0 3 13 7 2 5 2 5
17 11 4 6 13 2 1 8 4 8 5
2 13 6 3 10 3 1 1 5 1 0
5 6 3 8 8 2 9 2 6 6 1
12 13 2 4 7 7 1 4 2 0 10
8 13 8 1 29 0 3 18 2 8 5
8 1 3 6 3 5 2 6 2 1 1
1 10 4 1 1 7 7 11 14 2 6
9 1 11 12 3 6 1 15 5 2 5
5 1 3 0 1 1 1 3 1 8 1
6 1 10 8 17 17 11 15 13 5 5
6 1 2 1 9 6 0 4 0 13 4
17 1 3 7 6 14 11 1 5 7 14
29 15 3 4 1 0 10 2 4 11 5
9 15 6 9 3 1 2 12 8 27 9
2 3 4 6 9 5 2 3 5 0 3
3 5 1 7 3 9 5 3 9 4 1
11 1 15 12 1 1 21 10 12 3 14
1 2 2 9 13 3 0 1 6 2 7
13 13 16 2 16 6 6 14 2 2 9
6 5 2 2 1 5 0 1 0 4 5
3 1 4 1 9 2 2 5 1 1 2
7 2 1 11 21 16 7 2 1 7 8
7 0 4 11 3 5 13 3 1 6 19
4 2 6 17 11 12 4 17 1 1 1
8 30 0 7 1 5 2 10 15 1 1
3 0 0 8 1 3 4 7 6 2 2
4 10 6 3 16 2 20 7 13 11 1
13 9 3 4 2 1 2 8 2 16 4
13 1 10 17 1 2 6 11 4 9 9
4 1 4 11 12 9 4 4 6 12 12
16 2 10 4 4 5 3 2 2 13 7
4 6 3 1 9 5 6 7 10 3 1
1 10 3 21 1 14 9 1 5 6 18
3 18 2 10 8 6 6 2 4 2 2
15 1 8 13 1 8 2 16 14 20 4
6 10 0 3 4 1 0 16 3 12 0
12 1 7 7 8 1 16 6 7 2 7
5 1 2 5 10 9 0 0 4 6 3
10 9 11 9 1 3 13 18 2 2 6
5 4 9 3 17 21 8 4 16 11 5
1 3 1 3 3 7 3 3 8 3 3
1 6 10 20 10 3 3 3 2 5 4
13 8 6 4 8 5 2 18 4 11 21
20 3 0 0 11 4 3 4 21 6 1
2 6 1 7 0 14 8 4 1 2 0
14 10 2 13 7 13 16 0 9 6 13
5 6 13 0 2 18 2 4 27 5 11
1 10 11 1 2 11 19 0 3 4 16
1 0 1 9 9 3 1 4 6 7 1
2 14 27 4 9 7 6 1 10 8 4
8 3 1 3 7 3 4 6 2 3 1
15 7 7 6 10 5 7 4 8 7 12
1 1 0 2 1 2 1 9 0 4 0
1 1 1 8 19 6 10 0 19 7 8
12 8 7 6 8 3 14 20 13 10 9
6 2 7 2 0 1 4 7 4 6 1
3 1 7 13 6 9 3 0 11 30 12
3 4 1 0 1 4 2 11 4 6 4
3 2 5 8 12 5 2 6 2 7 3
9 1 11 9 2 1 10 1 3 13 14
3 1 1 5 9 1 3 2 2 4 3
4 4 3 0 1 1 6 5 3 2 1
5 2 5 0 1 2 14 2 3 1 4
3 0 7 5 0 4 2 5 3 12 4
1 1 6 0 6 1 7 4 0 4 2
5 3 1 14 7 1 9 6 1 3 1
27 9 16 1 4 7 5 18 4 9 4
2 0 9 1 7 2 4 2 2 5 6
3 4 1 4 2 3 10 0 5 4 14
8 7 15 1 4 7 6 0 9 4 1
2 2 4 5 10 1 5 4 0 11 4
3 4 2 2 1 3 3 4 4 6 3
6 8 4 5 1 0 5 1 7 4 1
5 7 1 2 6 13 0 3 2 1 8
0 6 6 1 1 8 0 1 1 9 2
2 10 3 3 11 22 3 4 4 13 20
1 8 11 11 5 16 0 6 4 16 7
8 6 2 1 3 1 8 0 1 6 1
2 2 5 6 1 2 3 3 9 6 4
7 1 6 10 1 0 0 10 11 0 7
2 16 9 6 7 3 4 1 1 5 4
5 20 3 9 3 5 18 10 7 2 12
2 2 3 1 6 2 6 4 1 2 0
1 3 8 2 5 3 20 15 20 10 6
11 3 0 7 3 7 6 13 18 6 2
2 6 2 8 6 3 3 3 1 2 6
9 18 11 4 11 3 19 0 6 1 7
3 5 13 1 1 5 3 9 6 0 8
10 3 1 8 2 0 6 5 6 9 1
2 2 0 5 15 1 4 8 10 13 2
12 9 5 0 1 7 20 6 4 8 2
7 7 8 16 2 11 12 9 2 6 7
6 13 1 2 9 10 16 3 3 7 8
0 15 3 15 2 2 8 14 16 6 5
11 1 5 4 10 9 1 8 6 8 1
15 5 10 13 11 8 8 1 13 1 8
10 0 6 9 1 14 2 13 16 5 7
19 9 5 2 6 2 1 5 3 3 11
9 6 17 29 2 4 8 6 7 4 2
8 5 13 3 10 7 17 6 10 1 1
8 3 9 12 1 19 1 1 15 4 5
2 7 5 6 2 8 7 1 10 3 3
3 3 1 4 0 4 6 5 1 1 1
12 3 9 16 2 3 6 11 4 0 2
3 1 6 14 7 13 2 2 7 5 3
0 23 19 10 15 8 13 1 1 7 5
13 4 12 2 10 1 10 18 4 0 10
5 2 1 18 1 13 10 6 6 12 19
0 7 7 1 5 12 5 2 2 9 16
1 9 3 11 5 12 17 11 15 9 0
2 3 3 3 6 2 1 2 5 5 1
14 1 3 10 1 1 7 3 15 2 6
28 2 9 2 0 5 8 0 9 10 6
14 14 5 1 15 6 10 6 7 5 0
3 3 1 4 3 3 0 9 4 6 5
13 10 9 17 3 8 8 4 1 11 6
0 2 1 3 2 3 2 4 7 4 2
3 0 1 6 7 4 8 1 9 4 0
5 5 12 7 13 6 6 8 4 12 12
4 3 3 5 1 6 3 2 3 1 1
6 0 3 2 5 1 0 1 3 6 1
10 10 0 12 9 2 2 4 10 8 8
4 5 2 0 3 5 17 10 9 16 2
19 0 7 6 1 8 10 5 1 2 13
12 3 7 16 5 11 11 19 5 2 21
0 0 2 1 6 1 1 4 0 6 3
5 9 1 9 2 4 0 3 1 5 6
1 0 1 7 3 3 4 7 3 4 9
2 7 10 11 13 1 6 3 10 1 4
4 4 9 9 4 3 4 8 6 6 3
9 7 3 5 6 2 1 2 1 1 0
1 7 4 6 13 1 4 12 4 9 8
4 13 2 4 11 4 1 6 3 7 2
6 1 14 2 4 1 4 1 10 8 17
12 0 5 10 0 5 1 2 7 8 2
16 11 3 8 4 2 2 1 10 5 8
10 4 9 9 12 11 12 7 6 20 4
2 11 10 10 4 0 5 3 13 5 14
7 1 10 4 10 2 8 4 9 4 20
12 9 5 0 14 9 24 4 5 10 5
4 10 3 3 9 6 7 1 7 2 3
14 7 18 18 14 8 0 5 4 8 3
17 4 21 12 1 6 12 4 9 10 5
10 13 1 16 13 14 12 1 0 12 6
2 15 12 2 9 5 9 7 2 2 15
0 2 8 9 7 6 15 6 20 0 18
0 15 5 20 4 7 2 13 12 2 11
6 12 8 20 15 18 11 3 9 4 2
1 2 6 3 6 6 1 6 10 3 4
4 1 10 11 10 10 1 5 7 9 5
0 8 18 3 12 5 4 9 0 0 10
9 6 2 3 0 4 1 2 3 11 1
1 1 7 4 12 16 20 10 20 2 4
0 7 4 18 20 5 11 18 5 4 9
4 12 12 2 21 8 19 2 13 14 8
11 9 1 2 12 6 4 5 1 2 2
8 4 10 1 4 3 4 2 3 6 1
10 11 6 2 14 10 8 10 4 6 9
5 9 4 1 4 5 3 5 6 4 2
5 1 1 16 5 9 11 5 4 10 4
4 4 3 4 10 1 2 4 4 6 4
5 13 6 9 11 11 16 13 11 5 4
6 11 0 7 2 4 7 18 1 10 8
1 7 14 4 0 2 7 9 1 5 1
8 6 12 5 10 13 19 5 21 0 11
3 9 2 8 14 1 5 8 0 11 4
0 1 3 13 26 13 5 16 4 13 0
2 5 1 1 0 3 5 2 3 3 5
13 6 0 3 1 6 15 3 3 9 5
1 7 0 8 12 2 1 3 5 16 9
4 4 1 3 6 5 3 7 4 3 1
4 10 7 1 1 11 1 6 4 7 2
14 2 6 3 6 13 5 5 3 13 7
2 4 8 2 1 9 3 3 1 4 4
8 0 0 9 3 5 1 2 0 3 4
8 11 12 3 7 7 9 3 7 15 1
6 8 2 2 2 4 7 1 0 10 8
1 0 1 7 0 5 12 1 1 0 0
2 18 6 6 4 2 0 2 3 12 4
6 5 7 13 2 6 6 3 0 3 8
10 3 5 2 3 1 2 8 12 10 10
1 3
1 24
1 77
1 94
2 26
2 101
3 49
3 67
3 89
4 20
4 29
4 35
6 77
7 27
7 52
7 76
7 80
8 40
8 44
8 83
10 95
11 35
11 67
11 87
11 88
11 97
12 30
13 24
13 29
13 39
13 66
13 102
14 45
14 110
15 43
16 35
16 61
16 99
16 109
17 47
17 59
17 60
17 88
18 71
20 96
21 49
21 51
21 61
22 25
23 58
23 61
23 93
23 117
24 107
26 28
26 34
26 89
27 37
28 84
28 116
29 50
29 66
29 69
29 95
29 110
29 113
30 53
31 39
31 79
31 92
32 40
33 38
33 84
33 90
34 85
34 111
35 48
35 94
35 120
36 85
36 97
36 116
36 134
38 42
38 46
38 50
38 55
38 61
38 93
39 66
39 95
40 57
40 138
41 69
41 78
41 82
41 107
41 116
42 43
42 94
43 44
43 71
43 110
44 56
44 58
44 79
44 106
45 102
46 115
47 73
47 91
48 112
48 127
49 80
50 53
50 117
50 141
50 142
52 106
52 120
54 106
55 136
56 95
56 138
56 145
58 110
59 81
59 105
59 106
59 115
59 140
59 157
60 133
60 146
60 152
61 142
61 146
61 147
62 74
63 73
63 77
63 85
63 127
64 109
64 119
64 149
64 161
65 91
65 93
65 126
66 83
66 155
66 161
66 165
67 74
67 93
67 102
67 107
68 85
68 165
69 80
69 117
70 89
70 129
70 139
71 157
71 168
72 160
73 75
73 150
74 105
74 107
74 172
75 79
75 80
75 95
75 113
77 84
77 162
78 119
78 139
79 132
79 140
79 141
80 104
80 111
80 148
81 119
81 173
82 165
83 157
85 94
85 98
85 111
85 146
85 149
86 121
86 143
86 161
87 156
87 160
87 168
89 92
89 115
89 134
89 163
90 147
91 100
93 104
93 145
96 110
96 127
96 151
96 196
97 133
97 180
98 106
98 141
98 142
99 171
99 183
100 140
100 174
100 195
101 111
102 120
102 158
103 162
103 175
104 139
104 185
105 158
106 113
106 115
106 177
106 192
107 165
108 116
108 173
108 203
110 210
111 156
112 149
112 202
113 147
114 189
114 209
115 129
115 195
117 133
117 153
117 158
117 159
117 173
117 193
117 213
118 142
118 163
118 175
118 189
118 195
119 135
119 197
119 203
120 122
120 136
120 137
120 170
121 132
122 176
122 185
122 196
123 134
123 154
123 177
123 190
124 152
124 192
124 199
125 166
125 184
125 185
125 190
125 191
125 198
126 156
126 188
127 129
127 132
127 139
127 174
127 178
128 158
129 150
130 156
131 174
131 223
133 140
133 161
133 180
134 153
134 193
135 149
135 194
135 213
136 141
137 145
137 186
138 171
139 165
139 182
139 195
139 217
140 171
140 176
143 228
144 189
145 147
145 242
146 159
146 182
146 219
147 150
148 235
148 248
149 150
149 155
149 229
150 224
151 199
151 216
151 226
151 229
152 156
152 165
152 231
152 246
153 208
153 244
155 163
155 230
155 231
156 171
157 205
158 166
158 220
159 231
160 207
161 199
161 209
161 245
161 256
161 257
162 180
163 249
163 259
164 215
164 218
165 180
166 218
168 218
168 241
169 192
169 220
169 243
170 243
173 177
173 185
173 187
173 194
174 201
174 270
174 273
175 188
176 206
176 211
177 230
178 210
178 261
179 240
179 269
179 273
180 241
180 247
181 190
181 209
181 252
181 265
182 209
182 218
182 221
182 251
182 276
183 226
183 236
185 206
185 230
185 242
185 278
186 215
187 208
187 233
187 282
188 211
188 228
188 237
188 252
189 267
190 240
191 224
191 232
191 248
191 269
192 274
192 285
193 245
193 254
194 215
194 294
195 246
195 255
195 286
197 205
197 245
198 265
198 271
198 296
199 245
199 290
200 254
200 286
201 205
201 264
202 211
202 250
202 279
203 219
203 292
204 249
204 265
204 280
204 289
204 297
204 303
205 276
205 280
205 296
205 302
206 227
206 228
206 299
207 296
207 307
208 210
208 221
208 247
208 294
208 298
208 302
208 303
209 222
209 270
209 298
211 252
211 255
211 262
211 269
211 272
211 274
212 243
212 279
212 289
213 294
214 270
215 232
215 268
215 308
215 311
216 285
216 286
216 307
218 225
218 289
219 261
219 282
220 262
220 286
220 288
220 289
221 285
222 225
222 296
222 303
223 280
224 251
224 252
224 274
224 299
224 307
224 311
226 242
226 273
226 283
226 312
226 320
227 247
227 251
227 326
229 240
229 256
230 267
230 317
231 289
231 300
233 236
233 241
233 317
234 264
236 294
236 301
237 284
237 285
237 304
239 241
239 284
239 325
240 319
240 322
240 323
240 338
241 251
241 254
241 298
242 259
242 273
242 308
242 317
243 300
244 304
244 308
244 325
244 342
245 266
245 273
245 277
245 332
246 262
246 267
246 301
247 301
249 253
249 265
249 291
250 254
251 304
252 262
252 350
253 280
253 282
253 297
253 348
254 347
255 315
255 335
256 262
256 287
256 303
256 320
256 325
256 339
256 343
256 351
257 295
257 310
257 349
258 273
258 280
258 354
259 284
260 271
260 329
260 358
260 359
260 360
261 288
261 293
261 338
261 355
262 306
263 310
264 274
264 286
264 348
264 360
265 281
265 292
265 298
265 315
266 318
266 341
267 303
267 307
268 271
268 281
268 329
268 345
268 349
269 352
270 285
270 312
270 356
270 357
271 359
272 311
273 363
274 369
275 277
275 289
276 317
277 289
277 298
277 360
277 361
279 285
279 314
279 361
279 371
279 378
280 294
280 365
281 312
281 334
281 361
282 292
283 300
283 320
285 297
285 298
285 305
285 311
285 334
285 372
288 378
289 297
289 317
289 358
290 292
290 304
291 318
292 324
292 383
293 336
294 296
294 298
294 346
294 354
295 317
296 378
296 395
297 318
297 343
298 307
298 319
299 345
299 365
299 396
300 313
300 384
301 310
301 330
302 341
302 342
302 392
303 358
304 317
304 318
304 363
306 307
306 377
306 378
307 395
307 397
308 320
308 373
309 332
309 343
309 351
310 367
311 348
311 379
313 343
313 361
313 385
313 403
314 319
314 353
314 363
316 353
316 390
316 396
316 406
317 321
319 377
320 328
320 352
320 411
321 333
321 418
322 393
322 410
323 324
323 349
324 359
324 385
324 396
325 327
326 357
327 375
328 344
328 393
328 427
330 331
330 345
330 370
330 400
331 386
331 425
332 340
332 362
332 391
332 395
333 354
333 394
333 412
335 378
337 418
337 430
338 388
339 373
340 345
340 382
340 395
341 345
342 433
343 359
343 377
343 419
343 421
344 354
344 403
344 408
345 407
346 392
347 351
347 414
347 420
347 431
348 357
348 397
348 399
348 424
350 362
350 426
350 446
351 387
351 448
352 415
353 378
353 405
353 423
353 426
353 445
354 374
355 376
355 411
356 391
357 375
357 391
357 426
358 359
358 443
359 389
359 398
359 411
359 423
359 430
360 416
360 441
360 448
361 387
361 449
362 412
362 420
362 428
363 391
364 399
365 421
366 371
367 384
367 428
367 442
367 452
368 386
368 390
369 402
369 427
370 371
370 460
371 384
371 395
373 384
373 461
374 434
375 380
375 461
376 400
376 412
376 471
378 380
378 450
379 407
379 413
379 428
380 439
380 467
381 413
381 417
381 427
381 437
381 470
381 474
382 401
382 441
383 393
383 478
384 439
384 454
385 402
386 412
387 474
387 486
390 394
390 441
390 489
391 393
391 407
391 466
391 469
392 461
392 479
394 439
394 482
395 418
395 453
395 466
396 409
396 449
396 483
397 426
397 447
398 425
398 471
399 408
399 465
400 497
401 406
402 468
402 481
403 422
404 430
404 472
404 500
405 488
406 464
406 477
407 412
407 501
407 506
407 507
408 450
408 457
408 503
409 465
410 439
410 462
411 413
411 453
411 495
412 496
412 500
414 430
414 514
415 439
415 483
416 419
416 433
416 448
417 420
417 422
417 504
418 430
418 447
418 504
419 435
419 447
419 465
419 477
420 441
420 455
421 477
421 479
421 487
422 451
422 495
422 513
423 509
425 436
425 457
425 461
426 434
426 474
426 494
426 514
426 518
427 433
427 503
429 459
429 461
429 524
430 454
431 473
431 480
431 505
431 518
431 519
432 459
432 481
432 492
432 498
432 530
433 440
433 459
434 465
435 526
436 450
436 454
436 461
436 468
436 491
437 532
438 453
438 481
438 524
439 511
439 523
440 454
440 455
440 461
440 508
441 516
442 501
443 453
443 523
443 536
444 456
444 525
445 473
446 490
447 451
447 454
447 472
447 486
447 513
447 521
449 507
449 542
450 474
450 502
450 540
451 493
452 455
452 479
452 491
452 512
452 529
452 543
453 459
453 481
453 498
453 549
454 474
455 521
455 550
456 460
457 503
457 545
457 555
458 498
459 486
459 534
459 544
460 491
460 518
460 560
461 528
462 514
462 537
463 525
464 535
464 544
465 511
465 529
465 551
466 506
467 498
467 534
468 493
468 498
469 531
470 497
470 526
471 492
471 503
471 567
472 525
472 529
472 564
473 477
473 498
474 489
474 505
476 478
476 493
476 513
476 543
477 508
477 562
477 565
477 575
478 489
478 516
478 542
478 557
479 508
479 558
480 527
480 532
480 574
482 504
482 506
482 507
482 508
482 542
482 550
482 563
483 499
483 526
483 533
483 544
483 583
484 517
484 560
484 579
485 487
485 525
485 531
485 544
486 577
487 550
488 516
488 547
489 505
489 541
489 559
490 508
490 544
490 555
490 572
491 579
492 515
492 534
492 557
493 555
496 506
497 516
497 534
497 550
497 578
497 594
498 547
498 553
499 512
499 515
499 595
500 524
500 527
500 562
500 597
501 511
501 577
502 547
503 535
503 549
503 573
503 595
504 509
504 537
504 538
504 570
504 576
504 581
505 525
505 592
506 560
506 606
507 544
507 566
507 576
507 597
508 552
508 577
509 519
511 598
512 542
512 601
513 592
514 516
514 573
514 577
515 565
516 609
517 540
517 604
518 549
519 525
519 532
519 554
520 574
521 568
523 559
523 586
524 540
524 584
524 622
525 573
525 597
526 542
526 623
526 625
527 558
527 579
527 623
528 536
529 623
529 628
530 565
530 572
530 581
530 591
530 592
530 596
530 612
532 551
532 604
532 606
533 534
534 542
534 544
535 536
535 585
535 589
535 613
537 541
537 633
538 544
538 551
538 618
539 554
539 639
540 561
540 617
541 551
542 590
542 637
542 640
543 626
544 584
544 596
545 566
545 582
545 592
545 612
545 641
546 549
546 550
546 555
546 562
546 580
546 606
548 562
548 602
549 559
549 629
550 592
550 632
551 616
552 613
553 556
553 598
553 632
554 593
554 607
554 631
555 559
555 611
556 582
556 602
556 622
556 646
556 649
557 561
557 621
558 626
558 634
559 565
559 603
559 609
559 632
560 621
560 628
560 659
561 562
561 585
561 591
561 598
561 623
562 592
562 626
563 632
564 575
564 662
565 609
565 611
565 651
565 653
566 665
567 572
567 588
567 633
568 642
570 578
570 590
572 584
572 651
573 610
573 621
573 632
573 649
574 628
576 601
576 627
577 584
577 647
577 666
578 604
578 620
579 580
579 657
579 662
579 672
580 604
582 604
582 624
582 640
582 669
583 600
583 612
583 648
583 650
583 669
584 607
584 646
584 661
584 664
586 631
587 644
588 593
588 603
589 654
590 601
590 607
590 617
590 683
591 675
592 631
592 673
593 629
593 684
594 603
594 627
595 642
595 653
595 689
597 683
598 609
598 626
598 665
598 674
599 627
599 633
599 644
599 651
599 669
600 654
600 671
600 688
601 603
601 604
601 624
601 636
602 608
603 641
604 615
604 631
604 662
605 702
605 703
606 637
606 666
606 694
606 695
606 698
607 631
607 668
607 675
609 614
609 633
609 659
611 625
611 684
612 639
612 689
612 700
613 700
614 618
615 625
615 652
615 659
615 677
615 706
616 627
616 680
616 698
617 646
618 629
619 645
619 705
620 635
621 629
621 637
621 698
621 704
622 674
622 706
623 717
624 697
624 709
625 626
625 651
625 686
625 689
626 634
626 646
626 673
627 693
627 716
628 637
628 719
628 722
630 711
631 662
631 725
633 643
633 650
633 662
633 686
633 699
634 644
634 650
634 655
634 687
634 722
635 640
636 642
636 719
636 728
637 653
637 665
637 735
638 646
638 678
639 651
639 688
640 681
640 700
640 705
640 711
640 737
641 653
641 708
641 723
641 725
641 729
641 735
642 682
642 740
643 723
644 742
645 658
646 653
646 682
646 730
648 717
650 651
650 654
650 663
650 739
651 734
652 680
652 745
654 685
654 726
654 746
654 748
655 660
655 669
655 677
655 717
657 664
657 679
658 683
658 693
658 696
658 721
658 745
659 661
659 692
659 700
659 723
659 749
660 749
660 758
661 685
662 735
663 673
663 719
664 672
664 673
664 729
664 730
665 694
665 703
665 706
665 732
666 670
667 689
668 759
668 766
669 753
670 672
670 694
670 719
670 721
670 761
673 723
674 735
674 747
674 758
675 710
675 724
675 761
676 704
676 708
677 708
678 710
678 745
679 692
679 702
679 710
679 740
679 755
679 775
680 693
680 744
680 760
681 683
681 738
681 740
681 763
681 773
682 732
683 702
683 728
683 747
683 758
683 763
683 767
684 707
685 701
685 753
686 695
687 751
688 715
688 743
688 757
689 713
689 730
689 733
690 719
690 727
690 746
690 770
690 784
691 715
691 749
692 726
693 726
694 761
694 790
695 717
695 752
696 697
696 699
696 716
698 731
699 700
699 730
699 772
700 703
700 705
700 726
701 725
701 740
701 793
702 703
702 727
702 741
702 753
702 771
703 745
703 752
703 762
704 717
704 724
704 773
705 731
705 753
706 768
706 775
706 805
707 745
707 791
708 723
708 775
708 777
708 784
709 783
709 804
710 719
710 749
710 770
710 774
711 779
711 792
711 797
712 749
712 794
712 795
713 778
714 744
714 775
715 782
715 814
716 728
716 749
716 764
717 735
717 739
718 803
718 807
720 787
721 738
721 765
721 774
721 777
722 736
722 739
723 725
723 752
723 761
724 783
725 738
725 760
725 814
725 820
726 762
726 806
726 820
727 735
727 740
727 746
729 742
730 780
730 804
730 822
730 825
731 748
731 789
731 791
731 814
732 782
733 775
734 785
734 798
735 763
735 768
735 788
735 827
735 834
736 825
738 740
738 786
739 778
739 790
739 802
740 769
740 790
740 807
740 816
741 746
741 774
741 779
741 783
742 757
742 831
743 810
744 815
746 805
746 807
747 785
747 825
747 837
748 763
748 773
748 837
750 836
751 786
752 780
753 756
753 826
753 837
754 825
756 781
756 807
757 794
758 784
759 785
759 834
759 848
760 764
760 788
761 775
761 779
761 785
762 819
763 770
763 796
763 849
764 812
764 817
764 838
764 843
765 778
765 789
765 844
765 847
766 830
766 855
767 862
768 776
768 832
768 833
768 834
769 806
769 809
770 828
771 773
771 778
771 809
771 837
773 817
774 792
774 857
775 776
775 874
776 845
776 864
777 785
777 815
778 805
779 803
779 817
779 849
781 816
781 822
781 847
781 857
781 858
781 877
782 794
782 842
783 837
784 798
784 843
784 844
784 859
784 874
785 849
785 869
786 808
786 810
786 864
786 867
787 819
787 873
788 858
788 874
788 878
788 885
788 887
788 888
789 856
790 852
790 878
791 875
791 890
792 800
792 829
792 859
792 888
794 852
794 890
795 800
795 834
795 885
796 809
796 829
796 847
796 850
796 867
796 887
798 807
798 862
799 810
799 832
799 878
799 883
800 848
801 888
803 806
803 836
804 821
804 896
805 813
805 877
806 823
807 814
807 904
808 907
809 812
809 867
810 860
812 836
813 882
813 903
814 873
814 885
815 844
815 889
816 837
817 866
817 907
819 833
819 845
820 839
820 919
821 914
824 831
824 916
824 918
825 840
825 904
826 836
826 922
827 872
828 833
828 883
829 911
829 914
830 875
831 856
832 861
832 891
833 851
833 860
834 863
835 906
835 909
835 920
836 878
837 862
837 895
837 899
839 907
839 911
840 887
840 933
841 891
841 910
841 916
842 898
843 862
844 924
845 866
845 878
845 891
846 892
846 916
846 917
847 856
847 875
848 851
848 861
848 900
848 923
848 944
849 913
850 948
851 873
851 876
851 877
853 892
854 916
854 947
855 872
855 880
855 896
855 945
855 955
856 893
857 892
857 903
857 912
858 944
858 955
859 932
859 953
860 948
860 958
861 947
862 889
862 930
863 870
863 886
863 896
863 938
864 913
864 915
865 956
865 959
867 887
867 919
868 911
868 950
868 957
868 958
869 872
869 873
869 896
869 945
869 954
870 912
870 927
871 883
872 915
872 928
872 939
872 945
872 961
872 962
873 879
873 949
873 957
873 962
873 968
874 933
875 921
875 949
876 886
877 909
878 887
878 973
879 934
879 937
880 891
880 949
882 910
882 931
882 940
882 944
882 949
882 964
884 961
885 962
886 895
886 896
886 952
887 938
887 943
888 905
888 966
888 980
890 926
891 938
891 948
891 982
891 988
892 972
892 983
893 905
893 940
893 941
894 943
894 981
895 965
896 984
897 918
897 960
897 975
898 987
899 924
899 941
901 975
902 912
902 965
902 983
902 992
903 975
904 922
905 913
905 941
906 917
907 954
908 946
908 971
909 970
910 912
911 922
911 952
911 970
911 997
912 949
913 938
913 939
913 997
914 916
914 948
915 945
917 921
918 934
918 953
918 957
918 994
919 920
920 976
920 983
922 945
922 987
924 929
924 977
926 933
927 963
927 974
927 983
928 940
928 987
929 968
930 942
930 971
930 997
932 946
932 951
933 966
935 973
935 991
936 988
937 964
938 947
938 969
939 943
939 990
940 947
940 996
941 992
941 995
942 994
943 966
943 992
945 961
946 951
946 953
946 964
946 976
946 982
947 950
949 954
949 994
950 954
950 961
951 990
952 985
953 966
953 971
953 993
955 969
955 977
956 989
958 974
958 993
960 964
961 986
961 992
965 972
966 998
969 972
969 985
971 984
974 979
978 983
981 998
985 991
985 999
986 990
986 999
991 1000
993 996
994 996
8 5 1 6 2 11 12 7 3 2 5
9 5 18 1 2 0 7 9 10 1 1
6 10 10 12 27 4 21 7 11 8 14
7 23 7 23 1 12 20 5 1 8 14
11 15 13 9 0 21 5 29 25 17 8
12 2 15 10 14 29 17 17 27 14 9
2 6 3 27 9 5 5 6 24 16 9
1 18 23 0 19 0 4 16 10 4 33
24 1 7 1 3 2 8 23 6 1 1
2 13 1 5 12 3 4 15 5 10 2
32 13 0 2 12 1 15 10 8 19 20
2 12 6 11 19 1 0 9 6 7 10
13 4 1 10 7 10 6 21 9 15 16
13 10 21 15 21 7 1 6 13 27 9
11 4 6 6 13 10 3 0 4 2 2
14 11 21 15 2 10 0 1 10 8 0
3 0 33 9 3 5 0 31 9 9 8
21 0 12 7 9 7 18 14 22 12 0
1 17 21 36 2 3 6 7 28 4 2
4 10 7 3 3 5 6 6 8 8 6
32 42 16 5 14 23 19 18 43 19 15 20 21 18 40 32 30 34 21 20
16 8 6 14 6 6 18 12 13 18 13 17 13 10 20 19 17 10 12 12
24 16 1 21 14 1 11 7 17 12 13 10 15 4 10 17 16 8 12 13
31 44 3 22 21 12 15 24 46 26 23 15 17 1 29 27 34 27 26 28
46 46 25 31 14 5 39 43 52 47 29 51 32 28 56 43 43 22 43 40
13 17 1 14 11 5 2 8 18 2 7 6 7 3 7 16 17 10 9 9
37 37 12 25 17 6 21 21 45 23 28 23 24 4 22 21 27 17 26 28
61 73 27 30 32 23 52 48 73 61 34 53 39 32 60 51 66 42 57 56
39 40 18 26 9 17 21 23 43 31 25 29 24 22 48 40 34 27 17 29
7 6 1 3 3 1 8 10 6 10 10 6 7 1 6 6 6 3 6 4
20 10 3 14 4 1 14 12 12 17 11 17 9 2 11 9 13 1 12 11
24 27 18 22 5 4 20 20 27 22 25 23 11 16 26 22 17 16 20 19
29 21 5 22 12 3 24 16 29 32 11 25 19 9 34 28 28 13 24 22
18 26 13 11 1 1 21 28 27 26 19 24 8 7 21 16 19 13 26 16
59 55 19 39 30 14 45 37 65 55 25 51 32 25 63 52 50 29 54 50
28 34 18 11 5 13 27 27 35 25 20 28 19 16 26 19 37 23 24 21
14 13 1 9 5 3 1 9 12 5 7 9 4 5 12 8 9 6 7 1
20 23 5 5 1 13 14 10 25 14 9 8 16 6 25 18 18 22 11 6
46 44 27 35 10 9 36 35 31 41 24 43 11 22 50 42 28 22 46 37
8 8 1 6 8 3 7 10 8 10 8 9 8 8 7 12 14 6 6 4
23 27 1 11 11 3 9 19 28 22 7 18 9 8 27 24 21 14 24 11
13 25 9 10 7 10 15 22 26 16 15 16 9 5 16 12 21 17 18 12
20 18 4 17 6 6 8 12 23 20 9 15 9 1 19 13 19 14 15 11
52 45 31 40 8 16 44 25 46 42 39 45 28 23 51 37 36 29 34 43
40 37 15 27 10 9 20 25 38 30 15 27 16 15 48 41 26 22 33 27
24 24 10 14 4 1 19 28 30 34 34 24 15 5 24 8 13 13 13 23
26 27 4 21 13 5 8 20 30 15 11 17 8 4 17 17 19 11 23 14
40 41 23 29 10 12 37 32 32 38 21 37 18 18 42 29 34 18 39 30
44 40 11 21 15 16 24 20 53 41 33 27 25 9 42 21 28 33 17 31
37 36 11 27 15 6 23 32 33 38 20 30 14 9 33 26 28 12 30 27
10 6 1 3 1 4 5 2 10 8 6 5 9 2 9 7 11 10 1 1
40 43 15 33 27 6 34 38 38 41 31 35 25 19 37 40 39 19 38 43
14 24 6 16 12 1 11 18 21 14 15 15 8 6 10 22 18 8 20 15
3 7 1 6 5 3 2 8 7 3 4 8 1 6 7 11 11 6 2 1
16 25 13 15 8 4 18 26 20 29 11 26 4 8 16 17 28 13 27 17
42 50 26 27 11 8 14 37 49 44 44 37 21 22 48 38 32 26 22 41
5 19 1 3 8 1 6 24 16 15 13 15 3 7 12 12 14 6 9 11
25 30 1 9 18 8 15 9 31 23 10 16 16 10 24 31 28 21 24 17
14 22 1 8 6 10 9 15 23 12 14 11 12 6 16 16 18 16 9 6
21 23 2 9 7 10 16 16 27 25 7 18 13 10 33 24 26 21 17 12
6 13 1 4 4 5 4 12 15 8 7 12 5 8 12 12 14 10 6 3
63 70 32 43 21 8 49 61 75 72 48 61 43 30 63 46 62 36 55 60
44 35 10 24 11 13 29 25 45 43 17 36 25 17 56 38 38 24 31 30
41 59 29 22 8 15 27 48 60 41 31 39 26 19 50 39 44 40 39 35
31 53 18 26 22 4 34 40 51 42 23 37 24 21 36 46 51 31 51 41
44 59 25 19 20 20 31 48 60 55 27 45 18 19 49 40 47 40 49 43
38 40 23 24 13 12 35 34 51 40 32 42 27 12 47 27 32 27 29 33
38 34 14 24 21 8 22 26 44 43 37 33 24 3 36 18 21 22 16 32
33 39 6 17 26 14 29 37 41 38 30 34 31 26 38 33 34 19 27 29
9 4 1 5 1 1 7 6 8 15 6 6 5 1 11 6 6 8 7 1
52 56 14 43 31 18 24 26 61 46 29 27 26 17 49 52 45 36 39 48
21 19 1 10 1 1 2 14 22 18 5 15 4 4 28 20 12 8 14 7
36 39 19 15 30 25 8 35 41 32 34 26 28 19 28 28 38 32 11 33
20 27 1 13 19 2 14 14 26 20 11 14 17 10 15 30 25 16 23 17
45 51 3 19 22 11 21 37 56 44 27 31 26 15 51 35 37 25 31 31
65 57 49 58 26 15 60 43 53 55 47 60 38 28 57 42 42 33 57 61
29 40 12 19 17 5 26 31 44 45 20 39 18 21 37 37 43 24 39 33
9 18 1 1 3 3 1 11 18 7 7 5 3 1 13 10 6 11 9 1
24 29 1 11 8 7 6 10 30 5 7 2 12 1 17 14 18 15 14 8
26 32 5 17 11 1 10 18 30 13 16 13 11 1 15 21 16 5 23 17
68 50 37 42 21 27 47 32 58 56 24 50 36 21 70 46 50 40 43 49
30 45 14 4 17 11 3 37 42 33 31 25 14 13 32 23 23 24 16 25
40 43 18 34 27 14 32 20 36 38 17 36 13 33 49 53 32 26 43 40
52 61 17 20 32 26 41 36 61 47 14 45 32 34 62 55 56 37 50 42
9 18 1 4 12 1 2 15 17 11 8 7 4 6 12 17 16 6 9 14
4 12 1 2 3 1 1 10 10 5 9 6 1 1 4 11 5 3 6 2
28 41 18 18 20 2 36 44 39 38 23 41 22 30 36 40 43 15 44 36
65 77 36 41 29 27 49 45 78 58 30 51 38 31 61 63 70 57 69 57
15 18 1 11 9 2 6 14 20 12 11 5 7 1 5 12 16 10 13 14
21 29 12 14 6 4 6 25 29 16 9 22 3 2 15 18 23 11 26 16
8 16 5 8 7 1 5 11 14 11 12 11 5 4 5 12 11 8 12 6
53 53 21 23 10 21 40 25 45 39 34 32 22 26 57 43 30 38 34 43
45 50 22 36 23 3 35 46 48 43 22 50 25 25 47 44 52 12 48 46
2 6 1 1 1 3 2 6 9 8 1 7 3 5 11 13 12 11 6 1
24 23 14 23 13 4 28 28 23 30 22 31 14 15 23 25 29 9 27 25
37 34 18 24 27 5 39 34 41 44 29 46 31 17 38 28 33 12 35 38
24 31 12 10 8 8 20 25 31 30 18 24 12 8 25 22 27 21 30 17
45 48 13 27 27 11 19 31 46 34 23 21 19 13 42 40 34 29 37 40
12 18 4 6 4 3 3 18 20 6 9 8 1 3 15 8 8 6 10 9
9 17 2 6 3 4 6 12 20 17 6 14 1 5 21 19 17 16 14 5
9 16 2 7 2 1 2 7 11 1 3 3 1 2 15 14 1 2 12 4
49 58 29 16 26 27 32 52 57 63 43 50 31 25 51 33 53 43 32 49
18 23 7 13 8 3 14 24 21 21 18 18 7 3 6 11 20 8 18 17
53 53 30 35 16 26 35 43 57 38 33 39 33 11 54 37 39 32 36 40
30 45 15 23 10 4 6 30 43 23 14 23 7 3 30 34 25 18 34 25
25 33 6 7 4 11 14 13 35 21 19 14 16 7 26 22 23 22 12 15
58 58 25 34 19 18 23 46 60 40 38 42 32 22 58 40 49 24 28 46
11 15 3 3 1 8 7 8 17 8 11 6 10 1 13 7 11 12 4 2
38 47 13 13 20 19 8 38 51 37 27 30 15 13 45 28 30 33 24 29
48 61 24 27 33 24 27 40 65 55 34 44 23 26 50 46 52 45 44 50
18 21 5 10 6 10 13 19 22 15 14 13 12 1 18 11 17 14 13 7
18 21 12 14 8 2 24 25 26 30 27 30 19 15 24 20 22 13 17 19
53 46 21 43 18 8 21 39 51 42 20 41 34 16 46 44 54 18 35 41
33 52 19 21 21 15 33 29 41 36 20 38 10 35 52 51 29 29 44 38
23 25 1 13 12 4 4 7 24 13 2 9 1 7 26 26 14 14 21 11
28 30 12 15 6 3 17 36 28 31 15 29 12 5 30 23 23 11 25 24
20 26 1 12 18 5 14 17 23 24 10 18 10 14 22 30 23 16 24 16
16 22 5 6 5 2 6 20 21 10 15 11 6 1 13 9 8 4 14 7
6 13 7 2 3 5 12 16 15 16 14 16 7 4 3 5 17 11 13 8
34 49 15 24 15 10 21 36 48 26 16 28 15 6 26 28 41 22 39 30
7 14 1 10 8 1 2 8 12 1 6 7 1 5 9 19 11 4 8 8
22 30 8 10 6 12 18 25 31 20 23 14 15 6 23 12 20 18 14 15
59 58 44 42 14 23 54 53 52 54 33 59 36 31 62 40 54 28 46 52
26 36 6 14 10 1 11 27 35 30 22 17 6 3 22 19 17 14 25 22
36 41 13 23 28 12 28 26 30 36 4 29 13 18 30 36 40 19 43 33
56 57 23 35 30 14 44 51 63 57 32 53 37 19 61 42 49 26 47 51
50 50 30 36 8 8 26 45 51 57 26 52 20 13 47 34 45 23 43 41
10 23 7 1 1 5 9 18 25 14 13 14 6 4 15 8 15 15 17 6
36 48 21 34 17 1 30 48 49 38 23 46 20 22 40 40 48 14 44 43
34 26 4 17 1 8 12 13 36 22 17 20 19 3 36 17 18 17 11 11
10 9 3 11 8 5 10 12 10 11 9 12 7 5 10 16 17 8 12 9
13 6 1 10 2 1 4 6 9 11 7 7 4 1 11 6 4 2 4 2
18 35 9 14 13 6 12 26 35 13 13 20 8 13 25 27 27 14 25 19
58 59 37 41 27 33 38 44 50 41 16 46 34 20 54 48 60 33 47 45
35 38 6 16 18 13 37 36 45 40 28 39 32 23 45 29 38 16 26 30
44 49 18 28 16 17 24 39 50 34 27 35 19 17 53 33 39 27 30 36
59 43 33 51 15 18 43 29 47 53 49 50 31 26 65 43 20 33 32 48
7 11 4 6 4 4 10 16 11 16 10 17 6 8 9 13 16 10 12 6
34 39 13 19 12 7 27 30 38 29 32 29 16 15 33 25 31 15 27 33
22 24 4 17 7 7 12 15 29 15 9 13 11 1 14 10 24 13 17 15
60 75 39 47 28 18 58 44 65 56 45 48 32 37 55 62 57 53 71 65
39 59 14 23 37 16 32 41 58 50 40 32 34 21 43 49 49 38 43 48
1 14 8 5 4 1 8 15 12 11 12 17 1 9 11 15 12 7 11 7
25 36 7 11 14 7 20 21 34 33 20 22 7 9 25 27 21 18 29 24
48 50 26 31 20 18 41 52 49 58 38 50 31 21 52 27 46 25 38 43
35 31 12 27 7 8 19 26 40 36 28 32 23 8 33 23 29 16 19 23
51 65 33 42 18 10 35 46 43 39 24 43 9 22 49 51 36 25 60 53
6 7 1 1 1 1 1 6 7 3 5 5 2 2 4 5 6 3 1 1
17 22 7 10 11 4 17 20 24 22 19 23 14 13 20 18 23 10 17 14
39 33 19 33 4 1 22 32 37 42 35 37 24 19 45 34 24 10 18 33
30 15 14 27 12 4 27 8 22 20 19 22 19 7 25 22 18 11 20 27
9 12 1 6 6 1 6 8 9 11 11 5 8 1 8 11 5 9 7 1
43 43 33 37 10 15 36 41 37 42 29 47 27 27 45 34 49 17 30 40
48 55 28 25 27 18 54 51 67 61 50 58 47 30 57 32 42 36 40 50
57 58 36 50 9 5 25 42 47 46 41 51 21 34 59 57 35 21 42 45
23 32 5 10 19 4 16 37 35 36 25 32 16 14 26 16 32 11 20 28
30 37 1 17 14 4 4 14 39 16 12 3 9 1 25 25 18 21 21 19
16 22 1 9 12 4 7 18 20 20 17 10 9 9 18 20 15 14 11 14
38 49 25 17 13 19 32 46 42 36 24 37 20 17 35 20 43 23 32 33
44 45 25 21 19 17 14 44 41 35 37 37 21 24 49 33 29 22 20 34
48 65 27 18 25 17 35 54 65 65 33 55 26 27 60 46 51 39 50 53
37 34 5 22 20 1 24 28 39 46 27 39 29 19 43 39 30 10 28 31
46 59 32 31 35 17 57 44 48 62 28 60 28 46 56 60 56 33 65 56
12 23 5 6 7 6 5 19 24 15 20 12 7 6 12 11 14 14 8 11
38 35 12 28 16 4 26 24 42 31 22 24 22 1 29 25 24 20 33 29
12 18 1 3 3 1 1 7 19 8 8 1 2 1 7 11 8 7 7 4
24 36 17 15 11 7 26 31 36 28 28 29 24 22 26 30 38 25 27 24
49 48 44 32 20 29 58 43 48 57 40 54 46 26 49 29 49 38 38 49
26 21 1 21 13 1 6 10 22 11 12 8 11 1 15 14 11 5 13 12
8 17 4 6 4 4 1 12 17 9 9 10 4 5 9 11 9 11 10 1
19 15 8 13 6 1 16 14 21 23 21 22 16 7 24 17 11 11 11 10
22 24 3 10 6 11 12 16 25 11 11 8 13 4 19 10 18 16 12 7
28 33 15 27 13 11 23 23 32 27 12 24 11 6 27 20 32 18 31 24
22 18 7 19 1 1 17 20 18 27 18 19 6 3 23 15 10 7 17 18
21 19 2 14 11 5 13 12 22 15 11 10 14 1 10 12 18 11 17 13
26 32 8 23 23 1 26 27 26 28 13 27 18 11 17 27 36 10 34 27
42 40 21 34 11 9 24 28 33 21 19 31 13 16 38 36 31 16 38 30
48 47 25 31 11 9 33 46 56 52 47 44 31 14 39 19 42 30 31 44
27 34 6 5 11 5 9 29 33 29 19 18 13 9 35 25 19 18 20 21
43 51 23 27 11 6 26 45 52 54 31 46 24 23 48 39 48 22 36 38
22 24 1 14 12 1 9 16 23 15 12 13 11 7 22 25 16 8 18 10
7 15 3 3 6 2 8 20 14 13 11 17 4 7 13 14 15 5 12 6
3 14 1 6 4 1 2 13 11 4 8 9 1 1 1 9 8 1 9 5
40 51 5 31 30 10 23 29 55 38 22 29 26 13 44 46 42 26 43 34
29 41 14 15 17 5 29 29 41 41 26 34 21 24 35 37 34 26 37 29
41 37 16 20 22 17 28 36 43 40 33 34 30 12 36 20 39 26 20 36
30 7 8 25 5 7 20 4 21 21 18 16 21 3 31 11 10 13 5 15
18 32 15 19 11 1 22 25 28 21 13 23 9 10 16 27 28 15 33 26
59 65 13 38 41 14 48 44 60 59 26 48 35 21 54 55 56 27 64 55
5 9 5 6 1 4 9 14 11 10 7 13 4 6 5 9 15 8 10 8
9 14 1 2 3 6 5 13 16 7 6 11 7 5 15 9 15 9 6 1
33 36 10 21 12 5 23 31 38 42 17 34 13 14 40 34 34 16 33 27
12 16 1 5 3 1 1 10 14 4 8 1 1 1 12 11 5 1 4 6
1 10 1 1 1 1 1 9 12 1 4 1 1 1 8 7 3 5 1 2
42 42 12 28 11 1 16 34 48 42 34 34 23 13 48 34 23 14 23 30
43 59 30 31 18 9 31 52 44 45 25 39 15 19 44 37 39 21 51 47
12 7 1 2 2 1 6 6 9 8 8 6 7 2 7 3 6 3 5 1
23 9 11 22 10 4 21 10 18 22 22 23 18 8 24 18 10 11 9 16
26 32 6 20 13 5 12 32 36 24 12 31 13 11 32 23 31 7 25 20
54 64 25 41 37 19 37 59 62 55 23 56 32 26 61 62 56 30 63 51
57 67 32 47 30 10 40 56 68 51 32 56 37 33 61 63 58 31 60 56
14 19 1 6 5 1 4 9 16 11 10 4 5 1 9 12 4 6 11 5
16 22 1 7 11 7 11 19 22 15 13 13 11 8 18 20 23 12 12 13
51 60 25 34 22 15 38 45 58 51 29 49 31 32 62 53 55 28 39 53
22 28 12 18 2 4 12 15 24 8 11 14 2 12 32 27 9 15 23 16
24 45 8 7 24 9 23 38 42 42 23 33 14 24 39 34 33 25 32 34
16 34 11 2 5 11 17 23 35 14 15 20 12 14 24 20 29 20 15 16
50 54 18 33 29 4 46 43 51 51 38 48 32 25 50 47 43 20 47 55
5 19 5 5 8 4 8 16 19 17 10 17 6 10 17 21 18 14 15 8
16 28 9 10 6 6 10 31 29 21 4 27 8 7 31 27 27 14 25 15
13 24 2 2 1 4 9 21 24 14 7 8 3 1 17 6 14 13 14 9
11 23 6 6 2 7 10 13 24 6 7 12 6 8 18 14 22 14 10 8
3 13 1 2 3 1 1 10 10 3 9 5 1 1 2 7 3 1 2 4
3 8 1 2 4 1 9 10 6 13 1 11 4 10 18 22 10 4 12 6
55 66 26 49 31 15 39 51 61 52 31 45 22 19 56 50 56 31 60 57
53 56 32 40 11 19 44 40 44 46 40 44 20 25 51 38 38 33 42 47
37 44 12 15 19 19 23 20 41 27 17 23 11 20 46 39 36 34 28 36
47 47 18 31 17 20 20 24 51 24 9 22 25 4 39 36 39 33 35 27
22 31 9 13 7 11 17 25 27 18 6 19 8 5 27 17 26 18 24 14
9 8 1 4 5 1 7 9 5 10 10 8 6 1 3 5 5 1 8 3
8 25 2 5 3 2 3 15 26 15 13 5 1 1 17 15 8 16 12 12
31 41 31 23 20 16 40 49 23 45 18 46 25 28 35 32 42 16 41 34
28 26 15 16 4 16 24 20 24 19 7 20 15 11 30 17 30 17 16 19
45 54 14 19 31 21 44 37 57 41 30 41 43 30 49 47 52 27 37 42
42 34 18 31 12 13 34 32 44 46 29 39 34 16 48 31 40 23 21 36
6 21 1 1 4 1 9 23 22 22 12 17 7 7 15 15 18 11 15 11
28 37 20 9 13 16 37 28 40 35 31 37 35 28 38 31 41 28 22 28
14 26 8 9 10 1 10 18 23 16 21 15 8 8 9 17 15 8 15 14
25 40 7 16 17 7 11 23 40 24 18 17 6 13 32 34 27 22 25 28
44 59 29 18 16 22 34 39 56 38 29 40 24 29 56 47 43 36 41 39
40 37 30 37 14 1 45 41 37 48 37 50 29 32 44 38 39 20 41 40
37 43 24 32 10 9 17 33 48 32 33 32 25 19 37 29 37 22 23 30
19 22 6 13 5 3 7 21 27 20 15 22 7 8 24 16 17 10 15 9
31 31 16 7 17 14 13 35 31 35 30 26 21 11 27 16 26 21 12 28
22 42 9 4 11 16 18 22 43 25 16 21 8 15 27 22 29 30 25 20
7 8 1 1 1 1 5 9 10 7 10 5 4 2 11 9 7 3 1 3
12 31 7 5 8 9 16 27 32 20 13 22 10 12 24 18 26 19 22 11
21 19 1 15 5 3 3 15 25 13 8 11 6 1 16 9 15 8 13 9
22 33 14 18 17 2 30 38 32 36 27 33 18 20 26 31 35 12 33 35
12 9 5 6 1 4 11 10 12 16 18 17 12 7 9 9 12 7 6 7
30 25 5 11 8 7 20 13 30 29 13 20 11 8 32 23 14 17 24 18
9 12 1 5 3 1 6 14 12 10 7 12 2 1 6 8 13 3 12 4
23 28 12 10 7 11 26 23 25 29 13 26 17 10 21 19 33 20 23 17
61 58 30 43 23 21 36 31 68 47 35 42 32 11 59 43 31 37 43 48
38 44 10 27 21 14 21 12 43 23 5 20 9 15 39 39 28 27 39 27
52 60 19 27 28 25 32 20 60 30 12 29 23 30 59 56 47 39 41 44
30 45 14 19 19 4 25 48 37 38 12 42 13 18 42 37 35 10 43 31
11 13 1 11 1 3 6 15 17 16 10 18 4 6 15 12 14 9 10 6
7 15 1 6 5 1 4 13 13 9 9 10 4 8 13 14 9 6 5 6
26 39 5 9 15 11 3 26 40 15 15 15 10 5 29 20 26 21 15 19
21 22 1 17 12 1 14 14 21 17 16 10 13 1 6 16 15 7 18 18
50 61 23 41 33 17 33 46 44 43 23 32 25 15 44 44 41 23 53 48
13 24 4 5 8 1 9 26 21 19 18 17 8 10 16 14 13 9 13 11
47 53 12 18 26 20 32 26 54 34 18 30 33 24 52 48 45 32 36 33
67 64 32 41 30 24 48 52 69 61 28 53 43 20 67 44 58 38 49 59
13 10 1 9 2 1 4 7 11 15 8 9 5 3 11 11 5 9 8 3
47 48 14 36 17 1 27 26 46 39 30 38 24 23 52 49 29 13 35 40
55 54 12 37 25 14 43 30 62 53 32 39 35 15 55 47 53 35 50 45
26 38 6 19 22 3 19 33 34 25 21 22 15 13 27 31 30 12 29 31
33 29 15 23 5 7 26 35 35 37 16 40 19 10 41 25 34 12 29 25
13 16 1 4 4 2 6 11 15 13 10 10 7 5 14 14 9 10 10 1
50 56 32 39 9 10 28 45 61 43 46 43 38 31 52 39 49 29 28 40
6 11 1 10 7 4 4 8 10 5 6 5 4 4 11 15 8 9 7 5
68 52 37 41 19 31 47 18 61 46 33 45 37 25 73 47 30 48 39 49
14 17 4 7 4 1 15 19 20 23 22 15 13 1 17 12 8 10 12 13
62 67 30 36 13 18 38 42 66 50 37 47 23 26 64 48 46 36 48 51
17 16 1 15 14 1 11 6 15 9 7 8 11 5 10 24 19 9 16 13
42 49 23 27 19 21 29 42 41 29 13 35 20 18 38 27 47 19 34 37
26 27 6 15 2 8 9 22 31 21 4 22 9 6 38 25 25 18 20 10
55 56 32 33 14 18 21 54 53 50 33 45 24 12 57 31 43 25 32 46
37 43 17 19 9 12 29 38 43 41 23 35 18 9 42 26 34 20 34 29
61 53 23 54 17 4 30 25 55 41 45 35 35 16 53 46 32 18 35 46
20 26 5 14 15 11 8 28 29 23 20 22 11 10 26 17 24 18 11 18
4 3 1 2 3 1 4 7 2 6 3 7 2 2 5 10 9 2 6 2
40 52 29 24 7 16 33 48 52 40 28 40 22 20 45 35 45 32 39 36
1 7 1 3 1 1 1 8 7 1 5 3 1 2 5 9 5 4 1 3
58 57 30 34 25 23 56 36 70 66 42 56 37 34 72 45 48 46 43 57
37 30 26 29 9 8 37 30 38 44 29 38 20 8 39 16 22 21 31 31
8 10 1 2 3 3 6 10 11 8 8 6 6 1 4 6 11 7 7 2
4 2 1 4 1 1 1 3 2 5 1 5 1 3 10 11 4 1 1 1
8 21 3 9 11 5 8 19 22 13 9 16 4 7 12 21 22 12 18 12
17 27 7 10 3 9 15 25 31 25 14 22 8 6 25 17 25 18 18 13
7 11 1 6 2 4 4 9 13 7 4 8 2 2 10 7 10 10 8 2
13 15 1 5 6 1 1 6 16 6 4 5 4 2 10 14 13 7 11 3
22 22 1 10 5 4 1 10 28 20 13 6 6 1 25 17 15 18 7 13
10 19 1 4 5 1 2 13 16 8 14 6 3 1 6 10 6 2 7 7
35 51 2 9 22 10 17 29 51 32 21 20 17 12 34 31 35 27 32 29
57 50 9 37 33 5 33 28 61 49 33 35 37 14 55 43 33 25 37 47
3 10 2 2 2 1 2 10 8 6 11 9 3 3 2 6 6 3 3 2
58 54 37 32 26 27 44 32 65 42 42 46 44 25 54 41 48 40 37 47
5 14 5 8 9 1 8 18 11 11 10 17 6 11 12 14 14 5 10 7
9 19 3 7 1 1 8 18 16 16 12 14 1 9 20 22 9 8 14 11
50 51 36 41 24 12 49 44 45 54 38 54 27 22 53 35 33 20 45 51
15 17 4 6 5 10 19 22 21 21 19 21 17 8 19 13 23 13 11 11
7 10 1 8 4 1 3 11 12 11 5 15 1 5 16 14 11 3 6 2
15 23 3 7 8 10 12 17 25 9 5 12 8 7 17 14 25 15 14 10
48 53 24 32 24 24 33 35 54 49 15 48 18 23 52 38 49 35 48 38
29 46 8 19 15 3 10 30 45 23 20 18 7 8 29 30 25 22 31 26
4 15 1 1 2 1 1 9 12 9 6 8 1 1 10 14 4 7 10 1
21 20 1 15 9 9 12 15 24 22 11 20 14 8 23 19 25 17 15 9
22 25 1 15 8 1 5 17 26 21 17 15 7 8 23 18 12 12 11 12
22 18 11 21 1 1 7 25 21 22 11 27 8 8 25 16 25 2 11 16
8 4 1 4 1 1 4 4 5 6 10 7 6 1 5 4 4 1 1 1
23 33 1 2 10 5 22 29 37 30 19 23 22 12 34 20 26 15 17 18
64 79 32 28 34 31 23 55 83 57 44 51 41 32 69 51 63 47 35 57
8 19 6 5 3 7 10 18 21 15 13 17 7 8 12 11 20 15 12 5
14 23 1 14 16 7 15 17 24 13 2 15 13 14 26 30 28 13 19 15
21 31 6 15 10 10 10 22 33 19 19 13 10 1 20 16 20 18 17 15
49 40 16 38 19 1 23 26 49 41 30 38 29 9 44 37 29 16 31 34
57 50 32 45 13 5 24 42 65 56 47 53 35 19 59 41 36 24 24 43
25 22 7 16 6 1 11 26 22 21 12 15 3 1 19 7 15 7 18 17
18 17 9 15 1 5 17 21 23 23 19 23 11 7 21 15 23 11 14 15
17 15 2 11 5 6 7 11 17 5 3 8 6 4 19 14 15 8 13 6
26 35 4 17 9 1 1 21 35 16 5 15 1 3 28 31 21 14 26 16
29 34 9 21 21 8 21 20 26 29 6 21 8 10 18 28 32 17 35 30
47 42 24 43 15 3 37 35 57 49 47 42 36 14 40 34 38 30 33 47
39 34 9 22 23 11 33 18 42 50 18 40 27 25 50 41 33 21 31 34
23 34 13 11 3 2 9 21 35 22 16 17 8 4 26 22 19 19 26 15
7 20 10 6 4 1 14 24 18 17 14 23 6 14 17 17 20 10 17 11
24 41 21 21 14 8 26 45 38 40 27 36 12 17 26 23 40 26 34 34
5 12 1 8 7 4 3 12 12 3 8 7 1 3 6 11 10 7 7 6
27 30 12 19 5 14 12 24 33 19 4 18 12 1 35 23 25 23 24 14
46 59 19 26 24 14 15 44 62 40 31 30 20 8 41 32 39 34 39 40
21 28 4 14 17 9 17 17 28 22 4 18 11 11 27 34 33 21 28 21
5 12 1 5 5 7 7 16 14 9 10 11 6 1 7 6 13 10 9 6
58 67 19 38 27 17 39 47 71 55 39 40 33 16 54 47 57 41 55 50
51 70 11 33 45 30 36 38 70 50 37 35 33 25 57 57 59 51 48 55
21 31 13 15 10 6 24 29 28 22 15 26 10 13 22 23 34 12 28 24
44 57 22 27 29 23 46 45 49 49 14 47 28 34 59 48 53 27 48 45
52 50 26 31 15 23 39 24 41 32 34 38 26 30 49 46 35 32 34 38
34 32 9 18 14 9 27 24 43 44 27 32 17 9 34 22 27 25 25 30
48 52 16 37 23 4 41 32 55 53 33 42 30 26 49 54 48 32 50 47
38 31 10 28 21 7 21 18 41 28 29 21 24 8 28 23 23 22 16 29
4 1 1 1 1 1 2 1 1 4 5 1 3 1 3 1 1 1 1 1
12 18 4 15 2 1 6 12 17 12 9 12 1 7 21 20 4 8 12 10
19 35 3 3 8 9 4 20 36 19 19 8 9 1 23 15 19 23 13 16
10 20 3 6 8 4 4 21 20 13 16 13 3 6 11 14 15 11 10 11
4 11 1 1 2 3 1 5 14 6 5 3 2 2 7 9 7 11 5 2
9 24 12 10 5 1 15 23 24 21 16 24 7 15 17 22 24 18 22 13
52 60 20 25 25 19 49 48 59 62 26 55 32 29 58 37 55 30 51 46
48 61 21 19 36 25 41 39 61 36 25 44 40 34 50 50 58 33 46 42
14 20 1 9 9 1 6 12 18 15 12 9 7 4 15 22 10 13 16 8
13 25 9 7 10 2 23 31 25 30 15 29 12 15 21 20 28 11 26 17
6 20 1 4 1 1 3 12 21 11 9 6 1 1 13 12 8 11 12 4
15 22 1 10 14 2 14 25 25 20 6 21 9 14 22 19 23 6 18 16
30 34 12 25 20 11 28 35 30 39 18 34 20 15 29 25 37 14 31 28
18 30 3 4 2 7 8 15 33 20 15 11 6 4 22 15 17 20 14 11
13 14 1 10 13 1 5 5 14 7 3 7 8 6 11 22 18 7 12 9
38 44 25 33 6 12 18 31 35 24 22 29 7 21 48 42 21 26 33 32
28 26 10 24 8 2 8 15 23 6 10 13 4 10 26 27 16 5 21 18
9 10 1 2 3 5 3 3 11 4 7 6 7 3 10 10 11 9 1 1
6 17 4 5 6 1 1 14 15 10 13 9 5 4 9 13 7 10 10 5
20 16 5 11 4 9 17 10 23 22 17 15 18 1 20 12 14 18 12 10
49 43 20 35 16 9 42 32 40 45 30 45 26 30 61 46 25 25 41 39
29 32 14 28 14 3 17 29 22 16 6 22 6 8 24 26 25 2 31 27
14 19 5 12 3 1 6 9 18 15 11 10 2 3 18 15 6 8 13 6
16 16 1 11 9 5 3 5 18 2 1 5 7 3 12 15 19 9 11 6
9 21 1 6 8 1 13 26 25 22 8 25 8 12 23 19 22 6 16 14
13 23 3 6 7 9 9 16 24 9 12 10 9 2 9 9 20 12 12 10
35 44 12 16 22 7 34 42 42 43 20 38 22 23 45 41 37 17 44 34
20 28 8 14 10 1 16 23 27 22 24 20 11 7 14 17 17 9 20 17
2 8 1 1 1 1 1 8 9 2 6 1 1 1 2 1 3 4 1 1
13 16 1 9 4 3 1 12 21 13 13 5 3 1 14 4 8 12 1 9
60 48 20 37 28 24 33 17 61 43 25 37 31 13 53 35 34 38 36 37
23 21 3 15 10 1 12 11 23 18 16 17 14 4 19 21 14 6 17 12
61 64 18 36 32 24 48 42 69 53 41 40 45 16 56 45 55 42 47 52
71 64 29 48 31 23 38 52 63 54 40 49 42 16 60 40 57 28 41 57
29 30 9 25 13 1 17 10 26 17 17 13 13 7 23 29 15 12 24 19
29 37 11 22 14 2 11 33 41 27 11 35 14 14 34 27 35 7 26 25
36 48 18 29 15 13 19 36 51 25 14 33 16 15 43 36 41 22 34 31
7 17 2 3 1 6 7 15 19 6 8 8 4 1 12 3 12 8 8 3
59 60 24 42 25 10 36 38 54 45 42 36 28 10 51 43 34 26 48 54
47 50 29 23 15 30 28 29 53 32 21 28 31 16 53 42 38 41 31 32
47 46 23 36 6 12 15 37 49 34 28 32 21 8 51 36 28 22 26 33
20 14 1 11 1 4 11 13 21 20 13 16 13 1 18 5 16 9 6 7
23 29 14 20 7 5 13 29 30 24 11 25 4 1 21 15 21 12 29 16
18 30 11 16 15 6 18 30 25 26 10 27 7 11 25 27 29 13 30 18
54 73 29 28 24 17 43 42 71 47 25 47 30 39 65 62 58 42 57 52
26 31 12 18 5 1 14 20 31 24 19 21 8 13 30 26 16 15 25 16
15 21 7 8 4 8 4 15 23 6 5 10 6 1 20 13 14 13 12 7
26 28 3 15 7 5 10 15 32 25 19 9 8 4 28 21 11 18 17 17
5 15 1 3 3 1 3 12 15 12 6 12 1 2 6 12 13 8 13 3
28 25 2 24 16 1 18 21 27 26 20 21 17 13 30 30 18 6 18 25
18 19 3 13 3 5 1 15 25 14 15 13 8 5 21 13 14 10 5 10
25 40 20 18 7 6 23 24 35 25 26 25 8 21 33 33 20 25 33 27
26 25 10 28 10 5 14 13 24 16 13 23 5 15 32 32 20 12 23 19
11 19 3 13 10 2 6 13 19 10 8 10 4 1 4 13 16 9 18 10
9 27 5 8 6 1 7 22 25 14 14 16 1 6 8 13 17 8 18 13
13 5 1 9 4 1 10 5 7 12 9 9 8 1 9 9 6 1 7 7
34 41 28 27 11 5 38 39 48 48 44 44 31 25 38 34 35 34 36 35
46 38 11 39 19 8 30 23 43 36 36 28 25 9 38 33 31 21 31 41
10 19 1 10 6 4 3 13 20 8 7 4 2 1 10 9 9 11 11 6
3 18 2 1 2 1 3 14 17 10 9 10 1 2 9 12 7 9 11 4
46 52 27 32 10 2 24 51 55 46 41 43 22 22 44 33 39 29 36 38
32 30 12 11 12 20 27 13 34 28 21 23 27 14 28 25 30 30 19 21
35 61 18 15 31 12 41 48 59 53 27 49 22 37 48 53 53 32 56 49
22 17 3 21 12 1 5 13 19 16 14 16 12 7 19 24 20 5 9 14
14 12 1 8 4 1 6 7 13 17 6 5 5 1 12 12 7 12 12 4
9 9 1 7 7 1 3 6 7 5 6 6 4 3 7 12 9 3 7 4
29 32 12 18 3 4 11 30 38 26 27 20 9 6 31 14 17 13 17 22
58 65 29 44 25 9 32 47 61 55 31 49 25 20 47 47 54 26 55 52
52 55 22 31 15 16 26 35 62 46 26 40 22 14 50 40 41 36 45 36
21 23 13 7 7 15 25 20 24 24 18 25 19 15 23 18 32 20 14 15
5 13 5 9 4 1 10 17 11 16 8 18 2 7 16 18 13 6 14 7
24 37 6 15 17 8 15 23 38 26 10 23 9 13 27 28 32 21 32 20
28 25 6 19 5 1 1 12 26 17 4 14 2 2 29 26 12 10 20 12
5 9 4 1 2 4 5 8 11 9 12 8 6 1 4 5 9 8 5 3
9 24 12 8 5 2 20 27 22 25 8 26 3 12 23 23 26 13 26 18
13 22 1 1 1 8 5 16 24 4 9 6 7 1 14 4 12 12 6 4
46 56 11 35 34 14 36 39 60 51 33 43 41 24 49 53 59 27 45 45
25 35 1 3 12 9 13 20 35 23 11 16 10 11 29 24 22 20 22 15
58 54 34 41 7 12 41 53 65 55 46 50 34 20 60 33 45 36 42 49
62 50 32 45 39 29 49 41 61 64 43 52 46 22 66 40 47 42 36 57
5 9 1 1 1 1 3 10 6 7 7 9 4 5 10 10 7 1 2 1
45 37 22 36 21 8 34 32 45 52 38 44 23 7 38 18 25 19 27 40
44 64 34 35 30 15 39 59 54 54 15 57 25 26 51 53 60 27 66 52
7 8 1 6 1 6 4 10 10 8 10 11 7 7 10 12 13 9 4 1
21 24 1 13 12 7 5 6 27 10 5 3 10 3 22 25 17 18 19 12
28 27 2 19 14 2 12 17 28 28 15 14 9 11 31 32 17 13 21 21
13 23 7 6 6 7 12 20 25 20 7 13 4 5 15 15 19 18 21 16
29 36 15 24 15 2 28 27 37 39 23 34 19 24 37 41 33 21 37 29
20 33 11 20 13 2 15 19 34 17 20 18 15 11 16 29 30 21 26 21
27 27 15 30 11 1 20 14 17 18 11 19 4 13 28 32 15 13 32 25
23 26 2 8 11 1 12 14 23 23 9 14 6 2 13 19 17 11 27 15
46 38 17 17 19 22 31 25 49 34 34 29 35 17 44 21 33 31 14 32
16 20 3 8 6 2 9 15 17 17 4 12 1 3 20 18 12 12 21 10
21 28 9 4 11 15 22 19 28 21 17 22 20 14 22 23 32 20 15 17
11 12 1 10 10 1 1 4 11 1 3 1 3 1 10 13 8 4 9 7
22 20 13 22 11 3 26 26 14 30 13 31 11 15 27 25 24 7 25 19
23 27 1 8 22 4 15 27 25 27 19 20 19 17 30 27 25 8 15 24
7 11 5 4 2 1 9 11 11 13 16 11 7 2 8 7 7 5 6 5
15 21 7 7 5 4 15 26 20 26 21 17 9 4 13 11 16 14 16 16
8 20 1 2 10 1 10 16 18 18 11 13 11 11 18 22 15 9 11 9
9 9 1 2 1 1 2 3 7 9 6 3 4 1 11 12 2 6 4 1
25 26 11 17 10 6 21 23 19 29 12 22 12 5 22 18 20 11 25 18
22 31 10 16 9 1 23 33 31 37 15 34 10 14 32 25 28 12 32 21
25 33 2 8 12 12 5 14 36 18 13 7 10 5 33 24 24 26 11 19
43 43 27 35 7 3 29 38 46 41 32 41 22 19 44 36 29 22 39 32
33 27 7 17 9 8 19 18 34 18 13 20 21 7 32 20 27 11 17 18
8 16 1 5 7 1 2 15 13 4 2 8 1 5 10 11 10 1 10 6
61 57 35 35 18 30 39 42 57 54 24 47 34 14 58 35 48 39 45 42
7 15 7 7 3 1 7 12 13 6 9 9 1 5 13 11 7 5 11 7
10 14 8 13 1 1 9 21 15 23 12 25 2 3 10 9 18 4 14 12
21 20 6 16 1 3 1 17 26 13 4 16 2 2 27 20 16 10 12 9
22 22 1 17 8 1 3 16 24 14 10 15 5 1 14 12 13 5 17 9
46 48 13 27 29 11 34 31 47 46 11 41 21 27 54 52 41 23 48 39
45 42 20 23 17 20 33 32 48 41 33 40 32 18 37 29 46 24 24 36
59 71 25 35 38 19 32 59 67 64 31 56 26 24 60 47 59 30 55 59
32 31 10 14 16 19 27 14 32 30 9 20 16 13 27 27 35 30 29 23
67 57 26 42 36 22 41 39 59 55 33 35 38 13 58 38 45 37 45 57
31 54 17 21 22 11 22 43 54 29 18 36 20 21 36 36 45 22 40 34
13 20 2 7 9 1 16 22 16 22 12 21 9 7 16 20 19 3 18 14
35 38 21 24 18 7 41 34 44 55 35 44 23 16 44 28 27 25 31 43
8 7 1 10 6 2 1 6 6 4 4 7 2 5 8 11 11 4 4 3
50 59 23 28 19 5 45 52 68 64 46 53 41 36 64 48 49 37 47 47
40 43 22 17 21 26 42 29 33 42 7 35 27 29 51 42 48 28 37 36
67 68 25 53 23 10 35 46 77 62 50 46 38 11 61 52 46 36 51 59
49 53 14 31 20 5 15 44 53 46 32 37 26 18 48 40 36 17 31 38
29 43 11 23 27 8 33 30 41 41 24 29 21 17 29 44 43 27 45 37
13 4 1 11 1 1 10 6 11 17 10 13 9 3 18 13 8 5 3 3
51 53 17 32 32 13 38 32 57 59 27 51 31 30 55 50 45 24 47 45
9 10 1 5 3 1 4 7 10 7 11 3 6 1 6 8 5 5 1 3
38 50 8 26 25 10 18 27 49 28 14 25 11 12 32 41 36 27 43 31
35 48 19 24 17 13 34 35 47 38 13 40 21 21 45 35 50 24 40 35
11 13 1 6 4 8 11 12 15 10 8 12 11 7 18 15 18 12 5 2
35 52 19 12 22 23 20 31 55 43 27 33 16 20 44 31 38 42 29 35
34 45 23 32 17 9 37 34 38 32 19 38 18 22 37 38 46 23 43 36
58 70 25 28 36 25 39 46 72 60 44 46 41 35 63 56 61 52 44 56
6 9 3 7 1 6 1 8 11 5 6 10 4 5 8 7 12 9 5 1
32 25 7 26 11 10 19 10 27 19 16 19 18 12 32 30 23 17 20 16
1 3 1 3 1 1 1 6 4 1 2 4 1 1 4 6 7 3 2 1
44 50 11 12 34 16 21 34 47 45 27 29 25 18 39 41 41 32 32 42
18 16 3 12 1 3 12 8 17 13 12 12 8 6 23 17 9 10 10 5
27 34 12 13 9 11 22 23 31 14 14 23 18 20 39 30 26 15 20 19
31 35 11 25 20 1 25 31 30 27 18 33 15 24 38 35 26 4 33 27
5 14 1 4 1 3 1 8 17 5 6 1 1 1 9 5 6 11 2 4
25 40 10 8 9 14 18 23 42 30 23 18 12 12 32 23 26 33 23 23
37 34 11 19 10 17 26 19 38 32 17 22 20 10 37 26 30 28 23 23
6 13 4 4 7 1 12 18 10 17 13 18 9 10 11 14 14 3 11 7
36 40 12 19 16 6 22 33 51 40 32 33 24 9 47 26 24 22 23 31
9 10 2 13 8 1 6 11 7 7 2 9 1 1 4 11 13 3 13 9
9 12 1 8 5 7 4 8 15 1 1 1 5 4 17 11 9 11 6 4
44 40 12 43 24 9 29 25 37 38 24 25 25 5 34 37 38 19 36 37
40 36 18 16 17 20 18 30 36 29 32 25 24 21 45 29 29 27 13 28
25 41 23 26 14 5 28 40 32 34 21 34 13 18 25 32 40 17 39 37
25 25 7 20 14 5 21 20 20 22 7 21 13 7 22 25 31 10 26 19
13 14 1 12 8 1 3 7 13 11 1 9 1 3 12 18 14 5 14 6
17 22 6 10 2 1 8 25 21 15 11 14 2 1 12 9 13 2 19 12
10 4 1 3 1 1 8 5 7 7 7 3 5 1 12 6 2 1 3 2
28 14 6 25 5 1 15 4 20 20 16 16 12 5 28 20 7 7 12 15
4 8 1 1 1 1 1 6 6 6 8 2 2 1 3 3 1 1 2 1
48 50 19 41 23 5 44 26 46 46 36 39 27 22 48 50 36 25 50 45
18 27 11 16 9 1 20 31 25 31 21 26 9 13 26 24 22 12 23 20
57 64 29 33 25 19 32 51 60 57 30 47 18 13 55 44 47 36 52 52
44 54 27 23 22 22 46 38 51 45 34 47 32 36 57 48 46 31 39 44
52 57 22 25 21 23 32 41 59 45 27 39 25 22 59 42 49 37 36 43
26 17 4 21 3 1 12 15 25 26 16 23 12 1 23 17 19 6 13 15
19 15 3 15 3 1 5 9 21 19 17 18 10 2 18 16 18 7 7 9
72 68 41 47 23 30 54 34 62 54 27 57 30 34 73 60 55 45 59 58
13 16 8 9 3 1 16 20 16 22 19 20 8 5 8 8 15 8 16 11
21 30 11 19 13 4 12 25 32 22 23 22 10 13 15 19 27 14 20 22
20 25 6 9 1 4 14 19 31 28 20 22 13 3 23 14 22 17 15 11
53 66 18 33 32 10 42 47 69 62 35 49 32 33 58 59 60 38 55 60
49 62 26 37 26 4 34 52 62 59 28 56 31 32 52 52 63 23 52 54
23 23 9 14 11 3 21 19 30 35 27 26 16 7 30 23 13 16 17 21
45 61 24 32 20 9 22 52 63 51 30 47 24 20 52 45 44 26 43 44
47 50 26 31 22 18 26 56 42 50 30 48 26 16 48 27 46 16 33 41
8 12 1 6 7 6 5 6 14 5 1 8 5 6 14 15 17 11 7 3
18 22 1 5 15 1 20 18 20 30 8 21 16 15 28 29 21 11 23 16
14 22 1 3 2 8 5 4 23 7 1 4 5 2 22 17 14 19 10 3
15 23 5 8 9 5 12 17 24 20 16 16 9 4 12 18 19 13 20 10
22 32 11 4 9 16 10 31 32 26 20 22 15 6 27 16 31 26 10 22
18 21 4 9 5 7 17 19 25 21 17 17 14 11 28 23 18 15 14 12
52 55 39 25 16 26 45 42 56 51 56 50 38 30 58 36 39 46 29 53
27 24 8 20 3 1 13 15 27 27 22 22 13 10 33 26 12 11 14 16
23 30 5 13 10 1 14 29 31 29 18 25 12 12 30 23 17 12 23 14
31 28 7 20 11 9 21 14 31 31 14 24 7 13 34 30 22 20 27 22
34 49 14 9 14 8 18 36 48 38 32 28 14 16 38 30 29 29 30 29
8 14 4 10 2 5 5 8 15 7 4 10 3 9 20 21 12 13 9 5
13 25 7 4 5 3 10 24 26 19 12 21 5 8 22 20 19 13 22 8
21 23 1 14 13 9 14 20 25 19 15 18 16 12 24 19 23 11 12 12
14 17 1 14 10 5 3 9 18 1 5 7 4 5 15 18 15 8 11 8
28 35 9 13 8 5 1 31 34 19 18 19 6 1 23 15 20 14 15 19
47 49 17 36 22 11 23 44 48 36 19 36 17 10 40 32 46 21 40 39
27 31 13 15 6 10 21 28 30 30 29 24 15 10 32 22 22 21 21 25
17 24 8 12 8 4 13 21 23 13 11 17 9 16 29 27 17 9 17 16
67 78 24 35 37 16 43 60 84 67 45 56 44 32 72 59 62 42 58 62
16 12 1 9 2 1 1 9 14 7 8 9 3 2 13 5 6 2 4 1
60 69 30 51 18 8 36 46 57 48 47 43 22 22 56 53 39 30 55 59
7 17 1 4 8 1 5 17 13 11 13 13 6 9 12 15 11 5 6 8
17 18 2 10 7 1 10 22 15 13 7 16 4 4 12 14 18 1 18 12
56 59 9 31 31 15 43 36 65 51 26 35 38 13 55 49 53 33 51 50
24 27 12 16 6 10 22 22 32 28 21 24 17 9 25 18 29 22 22 17
16 20 3 11 3 3 7 18 22 16 12 8 4 5 23 16 9 12 12 11
35 37 5 16 12 12 17 26 43 30 10 23 8 10 39 26 31 25 29 24
13 13 1 3 2 6 5 12 16 10 14 1 9 1 8 1 9 12 1 7
13 16 1 13 5 1 1 7 18 7 5 3 1 1 16 12 4 5 8 6
52 57 31 36 15 21 32 42 56 35 23 41 23 19 49 41 50 28 42 45
12 30 9 9 10 1 12 25 26 20 20 18 4 14 22 25 19 12 18 21
46 42 14 43 38 23 46 34 42 47 32 38 39 19 39 45 53 31 46 45
16 28 1 9 7 4 1 18 29 16 15 6 3 1 21 17 10 17 13 12
53 60 31 26 8 18 38 48 58 56 38 43 32 19 52 28 47 34 36 44
44 58 27 19 21 22 40 46 60 45 20 48 30 32 63 51 52 34 46 42
4 9 1 1 4 1 3 7 8 11 2 8 3 7 14 18 10 10 9 4
19 27 2 12 4 1 12 27 28 30 15 23 7 11 34 26 16 9 20 20
33 37 4 21 23 11 29 26 40 26 16 23 29 14 33 34 39 20 30 26
6 11 5 7 7 1 9 14 9 10 6 14 1 4 7 10 13 6 13 8
52 44 22 34 17 17 40 27 47 52 27 41 20 19 54 33 33 30 36 44
15 17 5 13 12 8 12 11 19 11 4 12 10 4 10 18 26 14 19 14
10 17 1 3 2 5 5 12 18 6 5 4 5 1 17 10 9 11 9 1
9 17 1 3 3 4 1 12 19 3 6 2 2 1 10 6 9 9 5 5
35 41 9 19 23 20 17 12 44 27 13 14 15 14 32 32 29 32 28 27
36 46 15 13 18 16 31 21 50 31 27 29 31 19 34 32 40 29 26 29
56 68 28 35 18 18 46 29 57 42 41 37 28 34 54 57 43 46 50 51
25 26 9 17 4 13 18 19 31 22 10 17 13 6 32 17 23 22 18 15
30 38 15 19 24 11 33 32 32 30 26 37 24 33 41 42 32 14 34 30
51 63 28 38 31 22 49 38 54 46 19 43 26 30 52 53 61 40 60 51
53 55 26 46 24 11 44 36 61 46 52 36 40 24 45 47 45 38 43 52
23 23 6 14 5 8 18 18 20 15 7 14 10 3 21 14 25 12 16 12
38 35 13 20 17 13 30 30 46 36 34 31 27 9 33 13 31 22 19 31
37 31 12 21 19 12 17 24 42 32 34 21 24 2 30 11 18 24 12 28
6 15 1 1 1 1 2 11 14 12 11 4 2 1 6 9 3 7 7 2
46 56 28 21 18 23 22 46 51 35 26 41 25 27 62 44 44 35 29 44
36 43 23 21 6 6 35 42 46 43 38 38 24 15 30 18 37 26 32 35
44 43 18 30 20 11 29 34 45 46 40 42 31 26 58 41 32 24 23 42
36 40 12 13 20 19 37 23 41 41 16 32 25 21 40 37 45 30 31 35
28 28 11 14 19 8 19 28 26 31 29 27 24 19 37 28 22 14 10 30
44 56 23 17 16 17 31 52 58 50 36 43 28 17 52 31 46 35 37 39
3 7 1 2 1 1 1 4 5 6 3 3 1 1 4 5 1 4 5 1
63 62 17 39 31 27 35 32 62 50 29 30 36 11 57 44 58 42 40 53
55 52 25 42 20 9 35 48 51 49 30 50 27 23 63 51 41 20 44 50
7 7 2 6 4 3 7 9 9 10 5 6 4 1 8 9 9 8 9 4
34 41 19 26 21 10 37 32 41 40 29 35 28 17 26 35 48 29 42 35
66 66 22 44 31 22 46 42 65 56 23 45 37 16 59 49 60 37 57 55
15 22 4 11 7 1 9 24 18 11 10 16 4 10 23 22 13 3 16 13
40 49 15 24 30 19 30 33 36 38 5 34 18 20 36 38 47 23 47 35
18 18 12 19 6 6 18 22 21 22 18 23 8 10 19 17 21 11 20 17
37 35 14 23 3 7 23 24 43 33 27 26 21 10 42 23 21 23 26 21
3 6 1 3 1 3 8 13 8 10 4 14 4 5 13 12 17 6 7 4
56 62 34 39 15 13 41 44 64 59 40 55 38 43 69 58 58 41 45 49
54 71 31 31 22 22 19 59 75 57 37 51 31 23 70 49 55 42 38 50
9 19 6 11 14 3 16 26 16 17 6 23 6 10 12 18 29 6 21 19
49 61 6 24 28 26 29 23 62 31 25 20 29 15 45 44 46 44 37 38
22 37 10 8 5 7 21 31 36 31 24 19 12 3 23 15 28 23 23 23
16 10 7 12 5 5 21 15 10 17 13 21 12 12 22 19 19 7 14 13
35 30 1 29 20 16 20 9 35 18 14 13 24 3 27 27 36 24 22 23
37 53 11 25 33 17 43 35 53 38 28 36 40 27 42 50 59 34 46 42
39 43 22 23 20 20 35 32 39 26 13 35 22 25 45 38 45 24 33 33
27 30 17 21 21 6 34 30 37 46 30 40 26 15 36 31 26 19 31 33
35 35 13 25 18 13 24 33 32 25 10 28 17 12 34 25 39 14 31 25
7 14 2 3 1 1 6 13 13 16 10 13 3 4 8 12 10 8 11 2
16 23 8 16 12 8 14 18 23 13 7 18 9 4 8 15 28 13 22 16
35 46 25 30 8 9 28 43 44 42 29 37 16 15 42 26 38 24 32 38
5 10 1 2 3 1 1 8 11 3 9 2 2 1 1 3 7 3 1 4
52 62 24 35 28 21 31 47 66 52 44 44 42 22 51 43 66 36 32 56
8 15 1 7 8 4 7 17 15 9 8 13 4 8 14 17 16 8 10 7
58 48 33 46 26 14 39 26 52 44 36 45 29 23 61 50 25 32 43 47
28 34 11 23 20 8 28 24 30 31 19 25 18 6 16 24 40 18 34 27
17 19 1 11 16 2 16 18 20 19 12 19 16 13 17 21 22 5 15 15
44 54 29 39 22 12 43 32 50 34 39 33 34 27 40 48 46 39 49 43
23 34 7 14 9 8 4 27 35 13 16 16 6 7 24 17 20 16 17 15
32 35 8 29 14 1 10 29 39 22 13 28 11 5 26 29 33 10 28 25
43 45 24 23 10 21 22 35 44 25 18 27 19 9 48 28 34 29 27 36
58 50 10 39 31 24 34 10 61 44 25 29 35 17 52 48 46 40 37 40
35 43 8 7 17 17 12 23 43 30 24 17 15 12 39 29 25 31 19 26
58 60 22 25 34 30 47 35 61 52 34 38 39 28 54 53 59 48 43 54
22 25 12 18 6 1 18 27 25 34 20 31 10 9 24 22 25 8 24 19
45 39 13 35 16 13 29 16 50 32 28 27 33 10 40 35 35 27 25 30
44 51 16 25 23 9 43 33 54 45 22 39 33 15 42 37 49 27 42 42
19 18 9 21 8 4 15 17 19 19 9 17 5 10 21 25 21 11 21 17
51 47 24 30 29 21 44 30 56 58 31 47 31 28 56 40 39 37 43 47
26 45 11 12 19 9 19 23 44 27 14 25 6 16 26 33 32 26 39 27
64 55 36 50 25 21 42 56 55 62 40 60 41 23 61 36 50 22 39 52
31 34 6 23 10 8 11 19 39 26 17 22 18 5 25 25 31 19 22 19
26 37 5 8 19 15 23 31 37 29 23 23 25 16 29 23 35 23 19 24
6 10 1 1 1 1 1 3 11 8 5 2 3 1 6 9 5 9 4 1
50 47 28 33 12 15 36 37 62 54 47 46 37 17 50 30 43 34 25 45
51 51 34 37 13 25 36 36 44 34 23 47 26 28 63 49 40 33 40 38
29 18 12 20 13 10 25 12 31 31 22 18 21 6 33 22 14 24 19 24
31 40 11 16 17 9 15 24 37 26 14 24 7 18 39 40 23 19 32 24
44 45 28 42 14 9 28 34 37 34 20 42 9 17 45 38 34 16 47 37
36 37 13 18 15 18 24 16 37 20 21 15 24 15 32 32 30 26 19 26
31 35 4 22 14 8 7 19 38 14 12 9 9 7 33 26 21 19 20 21
14 16 1 3 1 1 4 15 16 12 14 5 4 1 12 5 4 6 4 4
62 75 18 30 45 28 53 53 75 65 44 48 52 27 57 52 70 46 56 63
59 62 26 34 33 26 37 46 65 57 45 44 40 16 46 33 58 42 37 52
3 8 1 4 1 1 1 3 9 4 2 1 1 1 5 5 3 8 2 1
9 16 1 7 7 6 4 11 17 9 11 10 7 7 10 14 14 12 7 5
42 45 26 36 8 11 39 29 36 38 37 42 22 32 48 44 30 29 37 36
61 55 40 37 11 21 55 39 63 54 54 56 39 32 65 38 43 40 37 54
49 57 17 28 27 13 36 34 53 40 21 41 24 31 58 54 44 25 52 39
1 11 1 2 1 1 5 15 10 9 7 7 1 1 6 7 7 6 8 7
6 19 1 5 4 4 1 13 20 4 10 5 2 1 5 5 10 8 6 6
8 18 3 10 9 1 1 14 15 6 12 8 3 3 5 13 9 5 10 9
13 14 1 9 3 1 3 14 14 9 10 7 4 4 16 11 6 4 6 6
63 53 41 48 26 30 51 43 57 62 45 59 47 22 57 33 52 31 32 56
52 66 29 28 27 25 41 35 62 30 38 32 30 26 49 43 46 38 44 49
64 59 24 41 36 31 55 37 57 48 33 45 49 22 56 48 62 36 47 53
31 17 10 23 1 1 13 20 25 25 13 24 10 1 26 11 13 3 18 18
19 25 5 15 9 4 1 15 24 8 6 10 1 5 19 19 13 12 18 8
54 49 26 42 16 9 30 36 63 47 50 42 38 19 50 34 41 28 24 46
18 21 4 17 16 1 14 14 19 18 7 16 11 8 13 26 25 13 24 16
34 43 10 18 12 9 20 33 41 31 11 27 12 9 33 25 35 20 34 24
23 25 8 12 9 7 21 21 22 31 16 18 10 7 19 17 17 17 24 21
13 21 1 4 1 2 4 18 23 10 9 7 3 1 21 14 9 10 12 8
27 35 1 16 18 7 13 21 35 22 17 16 18 12 26 29 26 17 22 19
36 39 6 24 29 10 29 18 44 38 21 29 27 18 36 43 37 26 36 33
15 22 3 7 4 1 7 17 20 16 15 11 7 4 14 13 7 10 14 5
22 27 1 3 2 9 13 14 30 21 17 6 12 3 28 17 14 23 11 14
41 46 23 26 21 13 35 45 34 52 12 47 21 21 45 35 43 16 48 36
21 14 3 15 9 1 19 20 18 24 12 24 13 8 18 12 21 3 16 14
54 61 22 30 24 10 36 52 66 61 35 50 30 23 66 49 41 29 47 50
28 42 11 27 14 2 20 20 41 23 19 25 11 17 34 39 30 20 33 31
20 21 7 8 6 14 20 13 24 17 13 12 19 6 18 13 22 20 12 12
16 21 3 12 11 4 1 9 22 4 3 5 4 1 13 16 13 10 17 9
4 5 1 2 1 1 1 3 3 4 4 1 2 1 5 7 1 1 1 1
5 16 1 1 1 4 2 11 18 8 8 7 4 1 11 11 10 12 7 1
11 11 1 6 1 3 13 13 15 14 12 14 10 2 15 13 16 8 7 8
19 25 4 15 15 5 14 20 26 17 18 14 14 4 6 18 24 12 21 19
46 45 7 41 28 12 34 29 44 36 30 32 27 18 43 47 40 22 43 38
29 43 14 12 8 12 16 21 44 20 10 24 11 12 37 34 34 25 28 21
28 25 12 17 9 6 24 24 33 33 31 24 19 7 33 18 14 19 15 27
45 31 18 30 15 9 30 25 41 42 18 36 23 6 44 24 30 23 30 30
51 33 23 39 10 12 26 23 51 44 31 38 33 8 56 28 24 24 19 33
8 12 1 1 2 1 1 7 11 1 3 2 1 1 3 2 4 1 4 1
14 21 6 5 1 1 9 13 21 19 16 12 6 4 11 9 10 13 13 6
22 35 13 13 1 1 14 23 31 21 20 22 2 16 33 28 15 15 26 19
8 14 1 5 3 4 1 11 15 3 4 6 1 3 9 7 8 9 7 1
31 31 15 20 14 7 7 37 29 34 27 30 14 5 27 16 28 12 12 31
29 40 12 10 5 9 18 38 43 31 27 28 14 9 36 21 30 22 22 23
18 31 4 6 3 8 4 18 33 12 12 9 8 1 21 12 12 18 15 8
5 15 1 3 3 4 1 11 17 4 8 3 3 1 8 5 6 10 5 3
15 17 5 7 7 13 12 10 17 7 6 13 14 12 18 14 24 15 5 8
25 45 17 11 11 10 19 35 47 38 32 29 16 21 35 30 35 37 27 31
45 65 19 29 26 5 29 45 61 46 29 37 24 22 47 53 45 31 54 46
15 13 1 5 1 3 10 10 17 13 9 8 10 1 15 6 9 9 9 3
12 19 4 16 9 1 8 17 18 14 7 14 2 4 11 18 18 8 18 14
8 21 5 3 4 3 6 12 21 16 11 12 1 6 13 17 13 16 15 9
24 27 13 20 6 1 22 26 25 28 28 25 9 13 24 21 16 12 22 23
8 14 1 7 9 3 6 14 12 10 11 11 7 9 11 15 14 6 6 8
31 21 11 25 1 6 22 21 27 32 19 24 19 4 33 18 23 14 16 20
41 44 20 31 17 14 33 30 49 33 25 34 28 18 31 28 50 30 37 35
4 10 2 5 6 3 6 11 10 8 4 13 1 4 6 13 15 8 12 6
23 27 4 14 12 4 10 14 26 21 14 9 6 12 27 31 16 17 17 19
23 21 8 14 5 2 16 29 17 31 21 22 8 1 19 5 15 5 14 20
29 54 16 12 16 5 23 46 52 42 17 40 12 20 43 43 40 24 47 37
26 33 10 17 6 5 13 22 38 26 20 24 13 12 29 23 28 21 22 15
55 60 27 28 25 22 48 46 70 60 28 56 36 24 65 45 52 40 50 50
49 64 29 28 27 17 18 50 67 48 44 42 29 26 47 42 48 44 35 47
27 23 17 25 18 5 33 28 22 36 19 37 20 13 27 25 33 6 29 31
41 53 16 36 32 20 45 31 47 36 20 34 32 24 47 55 54 34 51 45
4 12 1 5 6 2 1 5 12 3 3 2 1 1 5 10 7 9 8 3
27 36 13 20 12 1 18 25 32 22 28 15 14 11 20 24 21 15 23 29
9 14 1 4 4 6 3 13 17 4 7 4 5 1 10 4 9 9 7 4
46 45 19 28 19 21 34 22 53 44 25 34 22 20 51 34 29 33 39 32
27 38 13 17 8 1 16 34 39 41 31 30 14 16 34 29 27 23 25 28
54 54 1 30 32 20 25 26 60 46 35 25 29 7 47 40 41 39 36 41
36 41 37 41 17 4 45 45 38 45 33 54 24 38 45 44 48 29 48 44
11 10 1 7 4 7 5 9 12 7 10 6 9 1 11 7 10 9 4 1
40 31 8 30 13 5 25 19 31 24 21 17 17 5 29 22 26 14 24 32
3 8 1 5 3 1 2 7 7 3 1 7 1 1 5 12 11 3 8 3
47 55 34 25 8 19 41 43 61 50 46 45 40 28 48 34 49 41 33 41
9 15 2 1 1 1 5 12 14 9 14 7 4 1 4 1 5 3 6 2
55 47 32 49 30 11 50 38 36 47 27 51 32 24 51 43 39 13 50 49
29 45 13 1 5 13 19 28 47 28 27 16 18 10 29 16 24 31 23 21
7 19 4 2 1 1 4 13 19 12 12 8 2 1 10 9 7 10 11 3
36 38 10 20 18 14 28 23 38 25 10 21 25 14 30 31 41 25 31 24
49 47 32 39 16 10 48 36 45 58 36 54 22 35 52 49 44 34 52 47
54 55 28 48 26 14 31 49 56 49 17 52 30 20 60 58 56 25 53 49
2 9 1 3 4 1 2 10 8 5 5 9 1 5 6 11 9 6 4 1
28 33 2 10 4 6 5 16 34 15 10 9 9 2 25 19 19 17 16 11
31 43 6 19 13 2 2 25 40 20 13 14 2 4 32 31 18 16 28 23
7 9 1 1 1 6 4 8 11 7 9 9 8 4 10 9 13 9 2 1
39 45 16 20 12 15 13 38 50 38 33 30 24 7 40 21 37 24 16 31
57 62 29 33 12 17 31 32 60 37 37 40 25 25 58 47 40 30 37 42
15 15 4 5 1 1 13 16 15 20 11 16 9 6 15 13 14 10 16 7
65 56 34 50 15 24 40 45 53 50 40 45 27 18 67 45 33 38 47 51
7 10 1 3 2 8 6 6 13 2 1 4 6 1 13 7 13 11 3 1
17 31 4 12 14 3 8 15 30 17 13 13 6 6 12 25 21 17 25 18
58 49 34 46 13 17 38 33 45 37 44 40 26 27 54 45 16 29 38 49
37 41 16 26 11 4 24 28 47 41 34 33 20 18 37 34 30 26 32 30
52 55 28 38 17 18 32 43 52 46 33 37 31 17 45 32 50 24 31 49
9 10 1 7 4 1 3 5 9 8 4 3 2 1 8 12 7 6 9 2
55 58 24 41 19 13 43 29 59 38 39 37 34 28 54 49 44 36 44 43
39 50 15 30 27 4 41 35 45 38 35 36 29 28 39 46 42 18 44 45
5 7 1 8 5 1 1 2 8 1 1 2 1 1 1 9 10 4 3 2
2 7 1 7 4 1 1 7 4 3 1 8 1 4 9 16 6 1 5 1
8 13 2 10 7 1 5 12 10 7 5 11 1 1 3 8 11 1 14 8
38 50 24 10 16 26 29 37 50 41 30 34 25 19 46 33 44 40 27 38
14 20 1 13 6 3 7 17 21 16 9 12 3 7 22 21 14 11 14 10
16 13 7 16 6 7 15 13 14 16 9 11 9 5 18 16 16 13 16 11
15 26 10 9 1 3 1 24 24 9 7 17 2 1 17 15 11 7 16 11
11 22 1 10 9 1 9 24 21 19 11 20 4 9 19 17 16 6 14 12
25 37 16 12 8 1 31 35 35 39 30 34 17 21 37 32 24 17 33 30
16 22 18 15 1 1 24 18 14 19 22 26 6 17 18 23 18 11 26 21
51 50 11 31 29 23 32 25 48 31 36 20 35 11 43 36 41 34 29 42
51 56 20 42 22 19 34 33 61 40 40 34 41 18 44 43 54 36 36 43
39 46 9 21 15 8 8 28 48 26 13 15 14 1 33 34 30 27 33 29
38 39 18 25 11 6 31 27 49 35 33 33 22 13 41 28 26 23 29 31
39 49 17 25 16 1 29 31 49 36 32 27 26 14 30 34 31 29 43 31
52 52 18 34 26 16 30 31 50 42 15 33 21 10 39 42 47 33 52 41
30 30 13 14 7 17 20 10 29 15 11 15 17 16 37 28 23 25 17 14
21 32 9 14 16 6 23 24 27 16 9 27 13 22 34 33 28 9 28 21
20 27 7 14 2 1 7 32 30 25 14 28 3 4 24 15 21 5 20 17
8 14 2 9 4 1 1 6 12 10 5 8 1 1 12 14 5 8 10 3
10 12 1 9 4 1 6 10 11 13 8 5 6 1 15 14 4 9 10 1
19 22 7 16 5 7 13 19 24 22 7 15 4 1 19 9 19 15 18 15
40 25 24 38 18 13 35 9 30 33 32 34 25 17 42 32 10 25 24 31
12 32 12 8 13 1 25 36 28 32 24 32 17 21 24 28 27 12 27 23
59 59 35 41 27 20 56 50 57 57 36 54 39 29 62 39 53 28 46 57
63 65 33 40 22 20 33 51 75 63 55 49 48 21 55 38 57 39 33 58
62 64 38 57 35 26 41 54 54 53 21 55 37 26 55 52 62 28 58 53
26 32 6 25 17 1 15 23 33 27 13 24 14 18 37 40 26 10 25 28
8 10 1 8 8 1 7 11 8 8 5 11 4 6 9 14 13 5 11 7
6 4 1 5 1 1 6 8 3 10 3 8 2 1 3 5 7 2 7 3
46 55 20 26 31 11 31 45 39 45 16 37 21 23 52 45 42 16 48 49
45 41 16 35 26 16 30 28 36 32 15 27 25 8 33 35 47 21 43 35
16 17 1 5 8 3 5 3 16 14 6 5 5 5 14 17 8 12 13 7
18 27 6 14 10 4 11 21 26 19 12 10 3 5 24 22 16 16 20 22
61 61 28 30 41 28 43 53 54 73 32 58 37 34 66 44 53 33 44 58
25 26 3 9 10 9 14 13 28 27 8 16 5 6 23 17 17 20 25 12
20 36 13 14 6 3 15 31 35 22 15 23 4 5 17 16 26 16 32 20
28 24 12 23 15 4 31 30 28 42 19 40 21 14 31 21 29 10 26 25
29 34 10 23 14 6 17 31 35 26 21 23 12 7 22 24 30 14 27 25
3 8 1 1 1 1 6 7 6 10 11 8 3 1 6 8 3 2 5 1
19 23 11 11 1 7 22 14 21 19 16 19 10 12 25 20 21 18 20 13
25 33 15 18 7 1 17 26 30 21 24 21 10 14 26 23 14 11 23 19
62 73 24 37 36 23 23 39 71 49 32 33 24 16 58 55 48 45 50 56
24 28 14 17 12 8 24 32 18 32 16 27 14 12 23 17 24 8 24 21
25 18 10 22 8 6 20 21 23 30 19 29 13 6 17 14 26 11 21 18
70 65 41 49 23 28 49 42 60 50 25 47 38 20 66 52 52 36 56 58
38 46 20 19 16 14 45 41 52 48 35 46 41 33 46 34 47 30 35 34
37 30 11 26 9 5 14 21 32 29 12 23 13 3 32 27 20 15 30 21
15 17 4 9 3 1 2 18 15 9 4 15 3 5 17 14 13 4 11 6
34 43 23 24 19 6 33 46 33 40 20 44 19 18 31 27 42 6 43 36
39 47 6 27 17 6 10 31 51 28 17 25 15 8 42 38 33 22 31 29
12 12 1 9 1 1 1 13 16 11 8 11 1 3 13 7 7 2 3 7
37 44 13 22 29 12 34 48 39 41 25 40 27 28 38 36 38 14 41 36
6 16 1 5 4 2 1 9 17 2 7 3 1 1 6 7 7 7 5 3
4 11 1 4 4 1 1 10 11 2 7 4 1 2 5 9 9 5 3 6
30 31 4 15 6 3 8 17 34 33 23 22 11 9 30 23 16 14 13 20
31 35 6 14 17 11 11 27 39 30 29 22 21 5 24 19 29 22 16 25
6 23 7 2 3 6 8 19 25 15 16 16 6 8 14 14 18 16 13 8
14 18 3 7 5 4 5 10 18 13 12 7 7 1 10 10 7 12 11 1
35 41 10 15 13 7 30 27 38 26 19 33 24 24 50 39 29 14 30 25
42 44 13 32 21 19 26 19 46 22 25 17 24 13 38 33 34 29 25 35
44 49 27 27 22 20 44 40 32 32 10 42 28 32 52 42 48 14 42 42
38 39 11 17 11 13 20 20 43 37 17 30 29 22 49 38 39 24 17 25
40 45 29 35 20 20 28 41 43 36 22 42 24 18 53 47 38 28 42 33
29 31 16 19 9 4 26 29 39 33 36 29 21 15 31 24 28 21 20 30
14 24 7 15 1 1 4 17 25 17 15 17 3 4 22 16 11 7 11 10
34 40 1 14 15 11 5 21 43 22 14 11 9 4 35 24 23 25 21 20
22 43 9 11 15 3 26 32 43 34 20 28 20 15 22 30 39 22 36 29
56 47 27 35 10 17 25 28 61 49 47 39 44 21 58 36 37 34 7 41
32 39 22 31 10 1 36 33 41 36 31 34 24 18 27 36 38 25 41 38
29 38 16 17 5 1 19 33 42 36 27 33 15 11 38 28 22 16 26 26
48 72 29 9 33 32 42 54 72 57 37 50 36 36 60 44 62 51 45 53
32 49 18 22 24 17 24 26 47 35 15 36 12 25 46 45 34 28 41 31
17 18 5 13 3 1 9 5 13 11 12 11 4 8 19 24 7 8 15 8
17 19 3 9 4 6 4 13 21 9 10 5 8 1 17 8 8 12 9 4
17 24 8 13 8 1 11 22 22 19 24 13 8 8 17 18 13 12 13 16
15 22 10 15 6 1 15 23 18 14 8 22 1 10 18 19 20 1 26 17
33 39 10 14 5 7 26 36 47 41 34 34 26 14 38 17 35 22 18 28
5 9 1 4 5 2 3 8 10 7 4 8 4 7 10 12 12 7 3 2
33 46 17 9 10 20 21 28 48 25 29 20 21 14 39 22 28 31 17 25
33 38 5 30 24 10 16 18 38 19 21 15 18 5 23 29 27 19 28 23
29 37 8 15 17 15 23 17 36 24 9 21 17 19 37 39 34 26 29 23
46 61 29 25 7 25 40 32 49 38 34 35 16 32 56 43 28 44 42 42
50 58 13 29 42 25 27 45 56 47 47 35 38 19 43 46 50 37 34 47
13 20 1 1 1 5 5 11 22 14 12 2 8 1 14 9 8 16 7 6
22 26 4 12 4 1 11 27 28 26 20 27 14 8 25 16 16 1 14 14
69 71 28 38 24 16 25 43 70 52 44 47 26 23 67 53 45 39 44 56
59 53 33 40 19 12 27 52 60 57 54 54 34 26 58 38 46 20 26 54
16 18 9 18 10 7 14 22 16 18 5 23 4 6 14 14 27 10 19 13
11 17 1 1 1 5 5 13 18 9 12 7 7 5 10 10 10 11 8 5
24 22 4 19 7 1 6 14 24 16 15 7 6 5 26 18 6 8 11 15
3 7 3 3 1 1 7 12 6 7 2 9 1 1 6 6 9 4 8 5
28 31 9 17 15 3 30 37 36 43 23 41 22 18 36 27 34 10 30 26
64 52 34 47 20 26 37 44 67 50 39 52 42 7 56 33 46 34 35 47
55 58 30 35 17 12 40 49 68 57 49 57 52 38 63 45 56 25 27 50
6 8 1 3 3 2 2 4 11 5 8 1 5 1 3 6 6 7 2 2
42 34 13 21 20 18 38 21 37 32 20 34 34 32 52 40 37 21 25 29
22 39 5 13 15 8 20 21 39 18 7 20 16 12 24 26 36 21 27 19
19 21 1 9 10 5 9 10 18 18 13 10 8 8 18 22 12 15 15 11
11 18 1 6 7 1 1 7 16 10 4 3 1 1 13 20 7 8 14 7
11 23 4 9 10 1 8 18 20 13 11 11 4 1 13 18 13 9 17 13
14 27 1 6 14 1 7 20 25 18 11 12 8 8 16 21 20 9 16 16
29 29 16 18 1 8 33 27 26 29 24 30 16 13 34 21 27 14 21 28
63 56 43 54 11 9 42 48 63 57 48 64 35 31 68 52 47 32 48 53
33 40 15 23 21 1 37 42 44 49 33 43 27 20 36 34 39 15 37 42
52 44 21 36 14 7 21 42 55 50 40 43 27 10 55 32 32 21 25 41
15 23 6 11 11 2 18 20 18 24 8 20 8 15 28 31 19 12 24 17
36 38 10 27 9 6 14 18 38 23 26 19 12 11 35 30 19 16 22 24
3 10 1 8 5 1 5 9 8 6 4 4 1 3 11 13 3 6 8 3
33 50 23 14 4 9 27 49 52 39 31 38 20 19 40 28 42 32 36 32
12 24 1 6 7 1 5 17 25 12 13 9 4 1 4 10 16 7 15 13
31 29 7 22 12 13 17 14 32 26 13 23 14 16 41 35 27 24 22 19
17 14 1 13 4 5 4 10 20 15 9 11 7 4 22 15 11 12 10 6
21 29 14 8 6 13 25 20 30 26 21 25 21 17 25 21 31 26 19 14
36 42 12 27 18 13 26 27 35 22 9 17 19 6 29 26 35 19 34 28
22 20 2 12 9 10 10 6 21 4 8 3 16 2 10 10 20 13 8 9
17 22 1 11 11 3 6 20 22 13 9 12 7 7 17 16 21 7 14 13
21 33 10 10 8 10 18 20 31 21 8 16 8 2 20 19 29 21 26 20
57 53 16 42 27 25 48 22 48 34 31 30 36 23 52 52 45 40 50 44
5 13 5 7 5 1 8 20 10 13 13 14 4 3 8 11 10 4 12 9
26 26 12 21 5 10 16 17 30 25 19 25 17 14 37 29 26 18 15 16
27 28 13 21 5 1 24 25 23 29 30 24 11 8 29 20 11 11 22 27
10 10 1 1 3 1 5 11 9 7 5 7 4 1 11 6 6 4 10 3
53 60 23 46 23 3 46 41 57 53 47 48 35 29 55 55 45 26 51 55
20 29 8 14 10 1 6 22 26 14 8 16 4 1 18 20 16 7 27 15
35 55 21 21 24 10 35 47 43 49 21 43 15 26 38 36 44 22 51 42
44 51 32 29 25 31 42 46 39 42 8 45 34 31 51 39 54 29 43 39
60 58 33 38 15 27 37 42 59 46 26 38 29 13 63 47 43 42 45 45
13 20 2 13 10 2 2 13 19 8 13 7 6 2 6 15 12 7 12 10
12 21 7 12 5 5 7 21 25 16 17 19 3 8 16 11 16 10 11 11
55 47 15 30 29 12 47 43 54 67 36 52 35 30 65 47 43 27 41 56
23 32 1 20 16 1 7 15 30 15 15 5 10 1 14 21 15 18 19 20
55 49 27 42 25 17 50 24 50 44 31 40 35 18 50 46 46 35 45 48
2 12 1 1 1 2 3 11 14 9 5 7 1 1 6 4 7 9 9 1
13 13 1 11 12 1 5 8 10 7 8 7 8 4 8 18 12 6 12 9
34 55 10 21 22 5 27 38 53 39 31 26 19 12 33 38 41 32 45 40
28 45 7 7 24 11 24 33 41 42 17 31 14 22 39 35 30 23 35 31
33 42 20 19 16 4 22 30 32 27 36 28 15 18 28 31 27 20 28 37
40 41 29 26 15 27 33 35 46 36 32 39 31 26 47 35 42 30 24 38
6 13 1 8 2 1 3 14 11 6 9 8 1 5 13 13 5 4 3 7
53 51 7 34 33 15 34 36 55 38 24 36 40 22 53 49 52 22 40 38
25 29 15 18 3 9 15 28 28 20 4 21 7 2 30 20 27 16 26 19
40 39 16 18 12 7 23 37 34 40 26 31 15 11 44 27 25 19 27 34
37 50 8 19 17 3 12 30 47 29 20 20 8 7 31 32 27 21 36 30
30 33 14 19 7 2 19 31 27 31 14 29 10 3 25 18 21 8 31 21
21 18 4 22 13 7 7 14 23 16 12 19 10 9 22 23 23 10 15 12
43 62 22 9 26 27 25 41 63 49 34 39 27 29 52 36 49 48 31 41
22 33 7 7 10 13 12 17 34 14 17 15 13 10 20 19 28 20 9 18
58 58 37 44 11 11 34 54 48 54 38 53 21 14 58 37 37 21 45 52
25 27 12 19 3 7 17 16 22 6 6 15 5 9 31 20 16 11 23 16
30 35 9 22 23 1 28 34 30 40 16 31 20 18 33 37 34 11 35 31
13 27 4 11 9 1 7 19 24 10 12 10 3 1 4 10 13 6 20 13
31 36 15 20 8 7 38 31 31 37 27 36 21 23 44 35 28 20 30 34
53 57 23 43 18 3 34 43 62 51 41 46 36 22 49 49 51 29 47 44
6 13 2 8 2 1 1 9 14 7 7 10 1 1 8 8 7 5 5 1
37 40 10 15 23 16 10 26 44 28 32 20 26 9 30 24 29 26 13 29
53 57 26 36 20 17 37 27 45 38 18 38 12 22 49 46 37 30 54 42
46 43 27 46 23 12 23 39 35 38 19 42 26 20 37 36 46 9 34 40
3 21 8 1 1 2 10 24 22 15 17 19 6 12 14 13 21 11 12 13
47 65 17 21 29 16 38 52 63 57 26 47 23 25 51 36 57 34 50 49
51 48 31 37 5 4 29 38 60 59 47 49 38 26 54 39 42 32 27 42
33 44 8 7 22 15 37 25 49 45 23 38 28 27 42 34 41 29 33 31
18 24 1 13 9 1 1 15 21 5 10 3 2 1 14 12 7 3 10 12
56 46 25 38 25 25 36 23 62 41 39 41 40 16 50 27 30 34 25 36
9 15 5 12 10 4 9 16 14 9 7 15 1 6 11 18 19 7 15 11
42 45 12 26 22 13 26 33 42 40 17 31 17 13 37 33 39 22 40 30
4 6 2 4 1 1 3 4 4 1 1 2 1 3 11 9 2 1 2 3
44 56 11 37 25 6 17 33 56 40 31 29 27 16 42 45 39 21 34 40
57 59 24 42 20 10 40 44 49 48 29 49 24 28 62 54 43 24 52 49
9 5 1 3 1 1 7 8 5 8 5 7 4 2 11 9 7 1 5 1
59 65 27 36 26 21 25 50 66 56 39 44 25 9 52 41 41 38 47 47
6 11 1 6 1 1 3 5 10 1 2 5 1 3 14 13 3 5 8 2
21 30 1 13 12 1 6 18 28 11 15 7 9 1 14 20 13 9 18 14
35 38 10 15 14 6 26 34 40 43 19 33 15 15 40 30 28 19 34 33
8 16 1 8 8 1 1 7 14 1 3 3 1 1 4 13 9 3 9 7
3 3 1 3 3 3 4 7 5 7 4 9 3 6 9 12 12 6 4 1
7 13 1 3 11 1 15 17 11 20 7 19 13 14 16 20 19 7 15 10
16 22 4 6 1 1 5 19 20 12 13 12 6 1 18 14 5 4 13 6
8 6 1 2 5 1 2 1 4 5 3 4 3 3 7 13 8 1 2 1
17 26 5 10 19 8 10 27 25 20 16 18 10 11 24 23 26 14 15 22
62 54 45 52 26 27 58 45 40 53 33 60 37 33 63 45 44 30 53 51
20 19 1 12 10 1 9 8 18 15 13 11 11 6 16 19 11 9 14 9
16 28 1 8 16 10 14 18 28 22 8 20 7 17 25 27 23 21 21 16
29 17 13 23 10 8 25 20 29 33 25 33 20 8 25 12 24 14 16 19
18 24 1 10 8 1 1 13 23 5 5 7 4 2 15 21 14 5 16 10
5 10 1 2 1 1 1 8 11 2 3 5 1 1 8 8 6 6 4 1
12 10 1 6 1 6 7 11 15 10 7 10 7 4 12 6 16 9 5 4
12 28 10 8 7 6 13 20 29 20 14 16 7 7 16 18 21 22 25 15
11 16 3 1 1 2 4 12 18 8 11 7 5 1 8 1 7 7 8 2
56 71 31 36 26 21 36 37 72 44 27 42 30 30 53 54 56 50 58 46
46 56 24 27 10 12 24 42 61 43 38 32 25 12 48 32 33 35 36 37
9 11 4 5 8 6 11 17 12 13 4 16 7 9 13 12 21 9 14 8
13 14 1 7 1 1 1 10 16 10 10 6 3 1 13 8 4 5 4 3
25 20 7 18 5 1 15 20 23 29 20 14 10 7 29 20 11 14 17 21
29 33 8 10 10 16 18 13 36 16 20 15 22 11 24 20 26 22 11 17
42 54 15 14 26 23 38 35 54 45 25 38 31 35 58 50 45 35 36 40
5 6 1 4 6 1 1 5 4 3 3 6 1 4 6 12 10 1 4 2
51 49 18 35 19 3 28 36 46 41 31 46 31 34 61 54 36 11 34 39
30 34 21 31 4 1 19 36 31 30 24 37 9 17 35 29 28 5 23 30
8 20 1 4 5 3 1 11 21 7 9 4 2 1 10 14 11 12 8 7
44 45 11 20 27 17 42 29 49 42 23 38 40 25 41 41 50 27 35 39
21 13 7 16 2 4 15 9 21 23 18 16 14 6 26 20 9 15 13 12
14 16 5 10 3 1 9 24 17 14 7 16 1 5 19 12 16 5 14 12
29 28 3 28 12 1 5 13 31 8 5 11 6 2 25 28 20 8 21 20
26 34 8 8 16 9 31 37 32 33 15 36 22 18 34 26 39 12 32 23
27 44 14 7 16 11 27 43 46 44 32 34 23 19 43 29 36 27 29 33
30 51 12 13 23 14 30 35 51 32 14 33 24 24 39 38 46 27 41 31
46 48 21 26 12 19 21 30 48 33 32 32 28 24 59 37 37 29 15 36
27 31 13 23 12 1 20 29 26 22 17 21 9 6 18 19 23 7 31 23
47 48 18 35 24 11 30 44 49 55 35 43 27 12 39 31 46 24 38 46
35 41 23 26 1 1 25 37 38 42 35 35 14 16 38 29 23 14 30 35
31 34 14 20 18 17 25 23 25 31 7 21 16 9 29 26 33 21 32 24
46 37 26 25 28 24 25 44 49 53 46 47 38 20 51 28 39 34 10 42
30 25 6 24 20 1 29 28 35 38 22 38 26 14 32 29 35 6 28 30
38 44 23 26 6 5 28 45 50 52 46 40 27 16 37 22 34 27 28 38
17 22 7 13 7 8 11 21 28 22 21 21 12 10 19 13 21 14 11 12
1 7 1 1 1 1 2 12 7 4 6 10 1 5 8 11 9 4 3 1
28 25 15 18 12 8 23 33 22 32 27 29 15 12 29 20 26 15 16 29
29 39 13 15 14 6 14 32 37 30 32 21 14 9 22 16 22 19 21 25
56 62 23 23 35 23 47 32 73 50 44 41 49 23 54 40 49 42 34 51
41 35 20 36 19 5 39 23 27 39 20 36 18 22 41 45 33 19 43 41
39 60 22 14 24 16 24 47 58 50 27 44 16 26 55 42 43 36 41 43
32 42 13 10 15 14 21 21 43 32 20 27 13 18 33 30 31 30 33 22
43 54 17 25 19 8 27 46 56 40 33 41 27 28 55 38 43 18 32 41
8 9 1 6 3 1 1 4 8 1 2 1 1 1 3 4 4 1 3 1
25 26 12 21 7 2 14 32 24 36 18 28 10 9 29 20 26 10 18 25
42 39 24 32 19 15 34 43 27 47 13 46 24 21 41 29 35 14 40 30
42 43 17 31 26 18 37 30 39 34 17 33 30 17 37 34 51 23 37 34
8 16 2 9 3 1 4 11 15 4 5 3 1 3 16 14 3 8 10 4
38 48 17 11 14 14 25 46 46 43 29 37 21 8 42 21 39 25 29 31
4 7 1 5 1 1 1 4 7 1 2 3 1 1 7 5 2 2 1 1
14 19 1 15 11 1 5 17 18 12 10 16 3 8 14 14 13 1 11 11
45 48 12 30 21 9 26 30 54 37 26 30 21 13 42 43 34 24 40 36
1 7 1 1 1 1 1 11 7 4 8 7 1 1 1 2 5 1 3 1
8 9 1 5 4 1 3 9 7 5 2 3 1 1 4 3 4 1 9 3
35 39 3 19 11 9 11 26 43 25 12 16 10 1 33 19 28 22 25 24
27 30 9 20 12 2 15 30 32 25 6 33 11 17 41 34 27 8 29 21
27 41 19 14 21 13 35 40 28 48 20 40 18 22 34 34 36 16 40 34
53 67 36 34 32 21 51 48 52 65 41 58 23 40 60 55 51 42 58 62
8 11 1 4 5 1 1 3 9 1 1 1 1 1 8 10 3 2 6 2
13 27 1 3 4 9 8 20 29 14 13 8 7 1 20 10 13 19 12 9
5 18 1 3 1 1 1 7 15 6 5 3 1 1 15 17 2 6 5 5
37 30 1 27 19 9 16 18 39 28 25 17 23 8 29 26 29 22 17 26
20 19 1 12 3 1 9 16 21 15 17 10 7 4 21 15 9 8 8 10
8 11 2 6 5 4 7 14 12 8 6 8 4 1 4 5 16 6 11 9
34 39 8 25 15 7 14 14 38 13 13 11 14 11 31 37 23 21 29 24
24 32 4 14 12 12 12 15 33 5 8 8 15 4 21 20 24 18 17 13
43 30 10 25 17 11 26 15 39 40 19 31 18 14 40 26 22 23 29 26
19 22 4 8 1 1 9 27 18 20 14 14 1 1 13 1 8 2 14 12
30 32 8 18 6 10 16 23 30 27 9 18 10 2 27 11 25 17 21 20
47 60 26 38 25 11 38 56 60 52 30 49 28 19 48 48 52 28 54 51
41 35 1 16 9 12 15 14 45 33 21 18 18 8 42 24 26 26 14 23
41 37 8 27 26 12 28 17 39 41 15 32 19 19 39 40 33 23 35 32
43 55 13 25 31 11 40 43 52 42 21 42 31 22 41 43 55 24 53 40
21 26 5 17 14 11 12 18 28 16 12 18 14 9 18 20 28 16 18 11
54 51 24 32 29 16 34 41 58 48 41 37 34 3 41 20 39 31 33 48
46 43 23 31 22 12 38 45 49 57 34 51 29 12 53 22 32 20 31 43
46 71 26 22 28 18 36 56 70 46 30 45 32 23 48 41 62 40 50 52
40 42 11 19 22 21 31 15 47 35 20 29 29 22 45 43 39 32 28 31
50 56 17 33 29 11 27 38 58 58 34 46 31 32 57 55 45 24 35 47
52 56 24 23 19 26 23 30 57 42 39 32 29 21 56 39 38 40 22 42
57 66 25 30 33 22 41 51 70 56 48 47 47 29 53 43 63 45 39 54
17 17 2 15 6 1 4 9 19 15 14 10 6 1 15 14 8 6 9 6
35 42 9 21 14 3 17 31 43 31 30 21 15 5 29 21 19 16 28 26
40 32 14 29 22 13 27 11 44 30 26 23 29 10 37 35 26 30 25 30
11 16 5 6 1 3 6 21 18 9 5 14 2 1 12 5 14 6 15 7
50 58 25 40 28 4 38 47 57 53 42 52 43 40 53 60 53 20 43 52
53 65 17 35 35 19 30 32 56 42 39 31 31 24 57 57 44 41 42 51
71 72 18 45 37 21 48 45 81 62 39 52 52 23 69 59 64 38 58 56
16 24 6 14 11 6 15 17 23 11 5 17 9 2 10 19 30 13 22 16
16 11 3 10 5 3 14 14 14 16 13 17 10 4 12 9 15 6 12 9
36 44 13 23 17 8 32 26 42 32 16 25 20 14 33 37 42 27 41 31
13 14 1 7 3 6 6 9 15 8 7 9 7 1 13 10 14 10 7 1
20 41 9 7 16 4 11 40 37 27 21 28 9 11 31 23 26 14 24 25
14 19 1 11 9 1 2 9 20 5 4 3 4 1 9 16 13 8 14 7
44 55 14 26 20 9 37 36 55 38 28 37 29 27 49 43 45 23 38 42
28 40 13 15 3 9 22 26 33 18 15 25 7 18 43 33 21 22 29 23
21 12 7 12 4 6 18 11 21 17 18 17 18 10 28 17 15 11 5 13
56 62 26 39 30 11 43 54 71 70 47 62 47 37 61 59 63 28 50 60
32 40 7 22 17 10 14 22 42 14 13 13 16 9 32 34 30 22 27 24
56 68 24 45 30 15 35 43 58 39 46 39 27 25 52 52 45 33 52 56
1 8 1 1 1 2 1 5 10 3 2 6 1 3 8 10 9 9 3 1
19 36 13 12 16 8 25 40 33 31 9 36 14 17 32 26 35 14 35 23
35 45 9 24 14 8 5 23 46 17 8 12 10 1 31 31 26 25 30 26
7 14 2 11 7 3 4 12 14 5 7 10 1 4 9 15 12 6 10 5
19 25 9 6 3 10 18 20 27 18 19 16 15 6 21 11 20 18 16 8
29 41 21 19 8 1 22 38 34 35 18 34 8 10 28 27 32 15 40 26
8 15 4 1 1 1 8 11 17 14 15 12 6 3 8 8 10 9 8 4
6 20 4 4 4 1 7 22 17 15 12 12 1 1 9 8 7 7 13 11
42 39 18 28 14 13 29 36 45 36 22 39 24 12 41 27 40 18 33 29
16 25 3 4 5 7 9 21 27 16 6 18 7 7 24 18 20 17 20 8
2 17 2 1 8 1 8 21 14 13 11 17 7 12 12 13 13 1 9 11
29 35 11 8 6 15 14 16 36 14 15 11 18 7 27 17 21 21 13 15
16 26 2 1 6 5 9 25 28 28 22 17 9 4 21 15 18 18 13 14
31 25 9 22 6 3 14 21 28 28 10 20 8 5 33 25 19 14 26 19
