1000 20 10 2903
7 20 20 20 7 0 4 6 6 2
1 4 2 5 5 2 2 5 3 1
7 1 3 2 0 8 8 3 3 4
0 7 5 0 3 1 3 0 2 5
6 8 14 11 18 9 9 7 18 17
15 2 3 5 12 3 1 12 4 3
1 11 17 10 0 12 8 7 1 15
1 6 27 4 1 22 0 10 5 12
5 11 1 4 5 0 1 5 4 2
2 2 3 8 4 4 3 6 2 2
1 4 5 5 5 6 2 4 2 1
3 15 24 9 9 6 5 6 1 8
10 1 5 1 15 5 7 8 8 5
3 14 3 3 10 13 14 21 6 2
20 1 3 14 8 5 0 8 9 2
1 2 7 5 2 2 2 2 2 2
5 3 4 2 8 2 6 5 12 1
6 11 13 10 2 6 1 4 2 5
6 20 20 7 5 14 9 15 9 2
11 3 5 7 3 10 0 1 0 6
6 4 1 0 2 6 4 2 2 2
1 7 2 7 4 3 5 1 2 4
9 10 14 6 9 2 6 7 8 11
11 1 8 3 13 30 4 14 3 5
17 8 8 6 4 8 11 19 14 1
11 9 2 3 9 11 13 9 13 1
18 8 4 21 4 6 5 9 7 17
8 7 2 1 5 3 10 14 15 5
6 12 6 22 1 6 14 2 8 2
20 11 8 3 17 1 3 15 0 8
4 18 7 1 14 12 18 17 1 5
3 2 1 2 3 9 0 7 5 4
14 9 10 8 11 11 5 10 3 16
11 6 4 21 6 13 11 13 5 17
1 5 3 2 3 0 7 3 3 7
2 5 1 4 1 4 4 4 4 10
1 2 5 2 1 0 3 6 4 4
6 1 9 4 7 21 5 6 6 4
10 3 1 6 3 4 6 13 4 11
7 6 17 11 27 4 12 10 1 2
10 2 1 10 11 2 7 5 8 15
11 5 3 5 9 3 7 12 11 2
2 10 16 22 14 2 10 1 5 3
9 5 1 6 2 4 6 6 15 3
7 12 8 7 21 7 8 6 19 10
7 7 5 6 0 13 4 11 3 5
5 24 15 12 2 7 7 7 9 17
4 1 5 4 4 1 7 4 2 1
9 1 13 3 6 15 23 12 1 7
3 7 4 2 12 1 2 0 13 4
8 12 4 8 10 0 6 12 7 7
5 11 1 13 9 0 5 4 0 25
5 6 0 7 1 4 2 5 8 3
2 1 5 16 22 13 19 1 3 13
7 0 3 4 0 1 7 1 1 7
2 0 9 2 5 6 2 4 6 6
5 6 3 7 9 1 2 4 11 4
13 13 10 1 3 9 3 4 10 11
3 2 18 13 15 4 5 2 16 4
7 0 9 7 6 17 5 11 7 1
9 3 3 6 7 3 8 2 1 5
8 5 6 3 5 2 0 14 5 6
6 5 12 1 4 0 0 8 8 9
1 11 8 9 1 3 1 5 4 6
4 4 14 4 6 10 17 7 1 11
10 4 4 8 12 10 4 2 19 5
4 7 3 0 11 7 5 2 4 6
9 26 4 0 7 8 8 4 22 3
8 5 1 1 2 2 0 1 1 8
11 1 9 6 1 0 4 3 0 6
4 5 3 5 4 7 11 9 1 7
6 11 6 15 5 15 5 14 13 9
5 4 0 13 10 2 11 10 1 0
1 5 9 6 1 3 7 5 7 12
9 6 16 32 9 6 3 2 5 7
8 5 1 1 4 16 1 2 8 17
7 0 2 14 6 9 15 12 8 7
2 2 3 3 2 3 5 1 5 4
6 14 11 9 5 1 8 14 5 10
3 2 3 5 3 3 3 0 3 6
5 19 4 8 21 13 10 3 3 13
8 4 1 3 2 8 3 6 4 8
1 14 12 0 2 10 12 5 14 3
6 10 4 2 7 6 1 3 1 5
14 8 14 8 11 19 6 1 8 11
0 1 8 4 10 7 16 23 10 2
7 4 0 6 6 0 0 10 1 1
4 1 5 4 6 0 1 8 1 4
0 3 8 3 10 8 2 5 1 8
10 2 3 18 3 1 9 11 16 4
7 4 8 16 22 7 6 13 2 3
1 13 5 15 28 3 4 7 8 1
10 5 6 6 21 15 13 5 9 10
16 2 9 13 3 18 10 2 8 21
2 11 2 3 2 12 6 20 11 2
7 5 4 5 10 2 3 9 6 5
2 15 0 15 5 9 10 14 2 9
6 13 2 3 5 2 8 4 15 22
6 8 3 10 8 1 7 7 6 7
2 6 3 0 12 2 4 7 4 9
21 15 20 3 1 2 8 17 9 6
1 2 1 3 1 4 1 4 5 6
19 4 4 4 2 12 2 0 1 9
4 3 5 2 3 3 3 6 9 5
7 5 1 2 1 3 5 4 1 2
1 4 16 8 5 3 10 3 2 4
1 9 3 12 3 2 6 3 1 2
3 3 0 2 13 2 1 3 8 17
5 14 3 6 3 0 12 6 0 7
2 4 19 3 11 8 11 3 5 1
10 10 3 6 1 1 2 27 4 19
1 4 1 2 2 1 6 2 6 1
6 1 1 1 7 2 3 1 3 5
3 11 14 12 4 0 7 4 14 3
16 19 1 11 4 8 10 11 18 8
14 7 3 4 2 4 1 5 20 1
2 3 3 1 10 1 2 2 6 3
8 3 11 5 0 6 2 2 2 13
4 5 0 9 5 2 3 4 1 9
6 14 0 2 10 3 4 5 3 5
8 2 19 10 7 3 7 5 18 13
8 8 0 5 3 5 4 1 3 1
8 4 10 8 8 7 7 0 7 2
18 5 6 2 1 2 6 6 4 2
2 1 0 4 5 4 8 13 4 7
6 9 3 3 2 10 6 3 6 9
9 15 9 6 11 13 2 12 18 11
10 16 9 0 6 24 6 2 11 2
20 9 5 12 2 4 7 11 6 2
4 1 7 10 11 6 6 2 5 4
5 6 19 20 8 9 1 13 5 5
6 2 2 7 0 11 4 3 12 5
8 6 9 11 12 1 5 2 12 2
11 3 13 3 2 9 3 0 4 2
7 5 6 8 17 3 2 5 1 2
8 3 0 2 4 4 2 1 8 6
3 13 9 8 14 5 8 8 2 4
9 7 6 8 3 7 7 26 0 6
12 10 12 15 9 13 8 1 5 4
5 1 1 10 2 3 17 8 6 7
5 7 2 5 8 4 1 2 8 6
3 7 5 1 0 7 2 4 10 4
11 20 1 6 0 19 4 17 5 14
8 2 10 1 13 3 3 0 2 1
0 2 10 1 0 5 6 3 3 3
2 16 4 8 2 2 3 6 11 3
7 11 4 2 4 6 1 2 2 19
15 15 3 3 5 12 13 21 1 5
3 9 10 8 0 3 15 10 9 8
12 24 11 8 0 5 2 1 11 14
7 16 16 22 3 16 8 2 10 0
12 0 10 5 6 3 14 0 12 2
3 7 3 4 1 5 6 9 4 9
15 1 6 1 10 4 18 5 10 6
6 8 8 6 6 8 4 7 3 3
7 4 2 3 5 7 9 4 7 1
6 3 3 5 1 11 4 1 0 3
7 6 20 12 5 11 2 2 7 4
4 25 7 1 13 1 12 8 4 7
1 6 6 1 0 3 4 1 2 2
5 12 2 16 1 3 0 15 6 10
10 2 8 3 1 3 1 15 4 4
13 2 3 22 3 14 8 1 2 1
11 6 2 3 10 16 15 13 1 9
4 1 2 11 3 3 12 7 8 12
6 18 22 4 7 5 7 6 3 4
2 9 2 13 15 2 5 4 16 10
14 13 23 1 8 12 5 2 3 6
5 10 8 5 5 2 6 1 4 6
13 3 3 13 20 21 1 10 0 8
4 5 2 8 4 1 9 3 3 6
4 6 1 2 8 4 5 16 20 25
11 18 9 2 5 0 1 0 3 13
9 3 8 9 2 1 0 4 4 4
9 9 13 7 29 4 11 6 12 4
1 20 6 3 2 0 18 1 16 6
3 1 4 2 5 8 4 6 9 5
3 7 13 1 1 0 6 1 2 3
30 6 8 6 0 16 1 11 7 10
5 12 10 5 2 7 5 16 9 13
1 3 6 2 4 3 0 7 2 1
6 3 18 0 6 19 16 4 17 5
6 1 7 6 5 10 2 17 9 6
7 3 8 16 1 10 5 2 13 11
7 17 8 4 3 11 7 4 3 4
4 11 15 2 11 9 1 13 10 5
4 2 2 9 2 2 10 4 1 0
1 15 11 11 22 5 14 13 8 1
4 5 12 11 7 3 4 7 18 3
6 1 10 3 6 9 5 3 4 1
6 4 4 3 1 3 4 5 5 2
10 14 10 20 1 5 5 5 2 9
2 5 15 9 6 7 15 14 7 10
12 1 1 1 1 12 8 7 14 2
13 17 12 3 11 9 13 14 8 16
3 8 9 5 9 10 1 4 1 9
9 3 9 2 4 1 7 9 3 1
6 4 1 5 0 7 0 3 6 2
6 14 5 15 0 17 1 10 14 3
0 5 4 3 3 2 2 2 1 6
1 3 2 2 2 5 0 7 2 6
5 9 9 2 10 14 4 2 7 10
2 6 11 6 3 6 3 6 17 3
13 8 6 8 0 0 0 1 13 5
1 7 5 3 3 11 6 2 1 2
18 13 6 18 2 15 10 15 10 7
3 3 2 4 0 0 6 5 3 1
1 11 13 3 22 7 1 23 3 8
4 2 3 0 1 5 1 3 5 4
2 8 11 4 8 3 2 6 26 8
3 20 0 6 21 9 4 5 13 2
0 1 6 2 1 0 3 3 9 6
10 1 7 5 2 1 20 0 7 4
1 4 4 1 8 10 2 1 0 2
4 1 1 4 5 12 1 1 2 1
22 9 8 15 1 11 19 8 9 1
16 0 12 13 14 6 2 1 3 2
11 8 5 13 12 4 2 13 4 0
7 3 13 5 6 10 11 10 13 4
2 6 9 3 7 9 1 5 9 14
7 5 6 1 2 1 1 4 3 0
11 8 5 10 4 1 2 3 20 3
3 8 7 3 29 11 8 4 18 7
8 0 10 10 1 10 8 7 4 0
7 5 6 2 9 9 3 7 0 4
3 7 3 2 3 0 1 8 3 16
12 13 21 8 15 8 20 3 1 3
1 26 8 12 10 4 4 15 19 4
7 11 5 3 14 1 5 7 15 11
12 6 3 1 6 16 9 5 4 8
13 9 5 7 2 5 5 2 0 13
9 7 3 7 5 11 0 26 15 2
5 0 1 1 2 8 10 1 5 1
3 5 2 7 2 4 2 2 1 1
7 10 3 0 1 6 5 2 1 4
9 8 0 10 5 6 4 1 5 7
1 4 10 3 2 3 7 5 6 0
1 2 1 0 5 3 5 4 5 3
5 8 2 0 3 4 4 2 10 9
11 2 3 10 5 14 8 1 20 19
2 10 3 3 3 7 5 5 6 0
2 3 16 10 0 4 12 27 8 6
1 1 8 17 12 9 0 12 20 21
3 7 10 6 6 4 2 4 12 21
6 4 11 17 5 27 4 17 6 6
13 2 9 15 1 1 15 11 1 9
12 1 15 5 17 0 2 5 1 1
1 6 8 23 9 2 24 3 8 8
15 15 4 4 13 3 4 10 4 4
3 3 14 6 3 7 6 9 2 3
4 4 8 1 0 9 5 0 15 1
5 5 0 5 5 0 5 5 7 8
1 1 1 7 3 3 2 6 7 3
9 1 15 0 6 8 4 9 9 7
3 1 7 3 13 3 7 15 2 5
1 1 1 6 1 1 4 7 10 4
0 18 10 18 8 10 5 18 12 1
19 6 4 5 14 24 11 3 14 0
7 2 15 1 0 4 9 1 10 1
2 4 4 10 3 0 6 6 12 7
22 0 2 2 3 9 6 8 2 4
2 6 25 8 8 7 8 16 7 16
1 2 2 10 6 5 6 6 6 3
9 5 13 9 1 4 2 5 2 1
3 3 3 3 6 6 18 6 10 12
3 8 13 7 18 6 16 16 5 1
15 3 18 13 15 11 16 8 5 9
0 15 16 1 6 10 10 9 5 0
3 9 3 1 1 3 5 7 6 2
4 26 6 20 1 2 11 8 5 7
2 2 4 4 1 4 4 0 0 10
1 9 4 6 12 9 1 2 6 8
6 7 21 2 9 1 2 1 15 11
7 17 6 3 2 1 8 6 9 2
7 8 16 1 9 5 7 15 26 8
7 7 10 9 1 8 8 0 6 4
0 12 5 7 5 12 6 24 16 2
3 7 2 10 9 2 34 6 0 9
1 2 1 4 26 8 7 13 11 20
15 0 13 9 14 17 11 2 9 6
4 9 12 1 2 8 5 3 1 2
3 0 8 12 17 18 1 1 8 3
4 7 5 4 1 5 0 6 2 1
8 6 4 2 5 23 1 2 12 4
11 9 1 17 4 3 5 4 11 2
3 4 10 2 1 5 1 4 6 8
14 1 0 2 4 7 3 18 8 7
13 6 5 7 5 1 3 14 3 9
0 9 8 3 4 3 6 12 0 6
4 0 8 2 0 1 1 4 2 10
3 6 6 2 4 11 4 3 9 6
4 1 1 5 2 6 2 0 3 1
0 16 1 9 0 2 17 21 14 5
7 14 4 6 9 9 1 4 6 3
9 10 7 2 2 7 3 1 4 2
5 4 0 1 3 2 3 7 0 2
9 4 3 3 4 6 7 15 30 15
13 7 7 4 6 4 0 0 12 15
11 16 15 4 2 6 16 13 1 6
12 10 16 9 5 11 19 10 7 10
15 9 3 8 18 1 6 1 6 11
12 11 13 22 8 4 18 9 8 3
5 5 12 8 11 7 7 6 19 14
6 12 11 15 12 16 0 8 10 1
2 2 13 2 4 9 2 4 5 3
5 6 3 3 2 8 2 5 8 10
2 1 1 4 4 6 1 0 4 7
26 7 0 1 1 10 8 9 2 6
11 12 6 0 2 9 5 17 1 3
6 5 3 4 3 5 6 2 9 5
16 16 5 11 12 9 8 3 5 10
12 1 6 15 0 10 4 11 9 3
3 4 9 4 1 9 1 14 5 8
12 7 8 12 15 3 10 2 11 7
3 4 5 2 2 1 5 1 4 9
1 9 7 20 14 16 1 5 2 12
14 4 6 6 11 13 13 17 8 7
12 10 1 6 8 16 17 21 8 6
3 6 9 2 2 8 5 3 3 8
9 2 0 2 4 2 6 1 3 7
1 8 9 0 6 2 5 2 8 1
4 3 4 3 1 2 5 1 6 3
2 4 5 2 1 7 14 1 22 3
15 7 2 14 3 0 5 2 4 24
3 5 18 3 8 6 3 5 1 3
4 3 7 2 1 2 5 5 1 6
10 1 2 15 1 19 10 12 11 8
5 3 7 2 1 0 26 6 3 10
1 1 12 6 21 14 16 15 1 8
6 2 2 4 8 2 3 1 5 5
4 7 2 2 17 11 4 8 5 1
6 27 0 12 1 5 1 9 19 8
6 4 1 13 6 6 4 4 5 7
1 9 2 1 0 5 3 0 5 2
9 4 3 10 2 5 3 8 3 19
0 9 1 2 4 7 8 4 13 2
6 9 11 18 6 7 3 1 13 5
0 1 3 2 3 9 1 11 3 2
10 7 4 13 11 14 3 11 12 6
3 2 6 5 5 2 4 3 4 1
9 13 20 7 6 18 4 0 12 1
2 2 17 15 23 18 2 11 1 2
6 0 2 1 3 5 15 9 19 29
6 5 3 2 7 1 6 3 6 6
4 1 3 3 9 4 27 7 17 4
16 1 14 1 4 17 10 2 2 0
3 1 4 3 5 7 3 5 3 4
24 9 9 10 17 13 5 6 1 6
4 4 1 3 18 14 4 8 3 0
2 5 0 4 15 13 1 6 6 3
5 0 2 0 1 1 1 8 0 2
19 9 7 4 5 4 3 22 6 0
16 13 15 3 12 7 11 14 19 0
4 7 14 9 3 1 8 11 5 7
11 2 10 3 6 12 15 16 8 8
5 5 2 4 5 8 2 8 1 16
3 3 9 6 2 2 3 10 1 4
6 12 11 7 5 4 6 5 16 7
2 2 5 6 8 4 10 6 4 5
2 2 2 6 4 5 7 2 2 1
7 4 1 3 6 8 5 5 4 2
11 4 8 1 12 5 4 4 1 5
2 23 3 6 5 10 9 1 18 2
10 8 2 6 8 13 2 4 3 14
3 2 5 1 12 10 4 4 8 9
10 15 2 1 7 3 32 0 2 3
3 12 8 0 5 12 2 5 0 1
9 15 0 6 5 11 1 16 1 6
4 10 6 6 6 11 1 15 1 4
7 3 6 0 0 5 4 1 5 0
8 12 8 11 10 6 1 3 6 4
2 5 0 12 6 2 14 1 4 12
1 3 12 10 2 3 6 2 4 1
18 1 9 7 8 11 7 2 11 19
3 10 5 7 4 4 7 7 9 8
0 2 2 2 8 4 6 9 4 0
1 2 6 3 3 3 3 0 2 6
11 10 5 0 4 11 14 8 4 0
2 6 8 18 7 4 1 7 7 1
10 0 1 6 1 1 6 3 0 11
1 4 22 17 6 1 13 7 15 10
3 7 5 2 3 10 8 14 2 13
6 4 15 13 9 2 20 10 7 4
7 12 1 5 12 3 4 20 16 7
9 4 4 3 20 9 18 7 20 11
4 18 14 20 6 3 4 4 2 14
1 2 6 7 4 7 6 4 2 10
7 3 12 16 21 1 0 8 3 8
4 5 1 11 6 9 1 19 0 15
12 12 16 2 18 0 7 11 7 8
5 16 11 4 7 6 5 5 5 3
12 5 13 7 2 9 6 18 14 3
5 15 6 7 5 21 9 11 4 5
2 4 2 1 1 5 5 4 11 8
1 4 4 3 5 8 1 1 3 2
17 3 4 1 12 8 8 9 10 17
1 9 32 3 12 3 12 5 11 1
0 0 4 0 7 2 3 5 0 24
6 4 5 23 9 11 0 7 10 2
3 10 10 4 3 3 8 6 9 11
5 3 5 17 18 2 2 11 20 9
8 0 8 11 11 20 4 2 4 1
4 6 7 5 5 0 2 4 7 8
6 3 4 11 12 13 25 2 15 0
1 11 5 4 5 12 3 4 6 2
13 0 1 1 1 2 1 2 1 4
16 2 3 4 13 24 8 10 4 9
15 0 3 4 8 4 3 8 0 6
4 8 2 4 3 4 3 3 3 1
12 4 2 18 17 15 15 7 16 1
7 3 3 3 0 4 2 4 0 3
3 5 2 5 7 2 11 6 6 2
5 9 7 13 2 11 29 12 0 4
7 5 1 10 3 11 2 7 3 2
1 23 8 10 8 8 6 17 6 3
10 10 8 5 18 10 4 20 13 4
2 11 7 0 7 0 6 4 7 12
2 6 1 1 5 6 11 10 2 6
7 2 4 7 3 3 3 4 11 1
13 5 2 10 2 6 3 0 2 16
5 9 8 2 9 4 1 0 7 3
4 4 8 5 0 3 2 4 10 0
7 3 2 4 0 14 19 21 19 6
10 7 8 6 5 10 4 7 1 10
7 10 4 0 3 13 7 2 6 8
3 15 6 1 21 9 7 17 12 16
2 10 3 4 7 10 11 28 3 1
4 26 10 6 2 5 2 10 2 15
2 18 9 1 13 11 9 6 11 10
7 4 13 8 6 2 22 15 9 7
11 10 7 9 7 5 8 1 4 7
2 0 13 13 8 6 7 5 5 5
1 4 12 11 3 15 17 19 1 10
8 10 7 6 11 6 5 11 9 1
5 1 2 14 1 7 3 11 6 8
3 1 3 3 6 1 6 10 1 7
4 1 9 1 2 4 2 3 4 3
13 7 16 15 3 4 9 0 4 4
9 10 19 5 13 5 2 1 14 4
1 4 2 1 8 3 1 1 4 6
14 2 6 5 5 2 1 1 3 2
2 0 18 12 7 4 7 5 8 5
10 11 11 8 2 5 7 17 6 8
6 3 8 7 19 4 13 27 4 4
11 3 8 4 1 14 8 4 7 2
3 12 5 19 11 8 6 13 17 4
5 6 6 9 12 4 6 2 7 10
2 1 3 1 9 13 9 9 1 1
1 17 24 16 7 9 13 8 6 6
3 0 4 4 10 2 3 8 1 0
10 3 5 14 5 13 6 13 9 0
4 5 13 5 15 5 23 19 4 10
16 12 4 2 3 1 4 2 12 6
1 15 7 2 7 1 2 1 0 2
6 1 1 13 8 11 14 1 1 6
3 3 4 3 4 10 12 3 0 5
9 2 1 6 1 0 4 5 3 6
1 0 2 3 11 7 0 20 7 3
1 18 1 6 3 4 18 5 7 12
2 8 2 2 1 3 4 10 3 3
5 10 7 8 4 7 2 4 3 1
9 8 15 11 16 18 8 4 12 0
4 3 6 10 2 9 1 6 3 2
6 10 1 0 6 2 8 8 2 4
11 4 14 7 18 7 12 3 0 13
0 11 11 15 11 4 2 3 6 11
21 7 11 2 16 3 0 22 3 5
10 10 2 4 9 15 5 7 8 5
12 8 4 3 9 1 4 1 13 8
0 2 2 3 6 13 1 2 5 8
14 12 11 13 12 5 6 2 6 2
4 5 13 2 14 2 2 15 2 4
3 7 7 0 24 15 19 1 6 6
7 5 4 8 6 13 3 4 0 3
7 3 2 3 11 5 1 5 4 2
5 2 1 11 0 0 6 10 3 8
12 20 12 2 13 21 11 9 5 1
0 3 8 8 5 2 2 3 0 0
11 5 3 14 22 5 23 6 9 6
2 5 12 4 8 8 1 0 1 4
3 2 1 0 4 5 10 3 2 5
7 15 10 5 21 7 2 9 5 4
2 5 11 1 1 7 4 7 14 5
2 8 4 3 2 15 6 11 25 9
1 7 10 5 8 3 7 9 0 13
9 8 8 12 1 17 7 12 4 5
0 4 2 4 4 10 1 6 10 5
9 1 4 6 3 19 1 4 10 9
5 4 0 8 4 4 12 6 12 16
10 4 10 12 10 4 4 18 7 4
1 3 2 5 5 4 4 5 5 7
5 3 5 1 5 2 25 5 12 24
17 1 3 0 4 4 7 3 4 7
1 19 6 3 1 7 3 15 20 1
0 4 13 3 4 9 4 6 2 10
8 5 1 5 2 6 6 3 11 7
2 3 2 1 1 0 1 9 1 5
0 5 5 2 9 9 5 19 30 10
3 6 10 17 14 3 13 5 1 1
1 7 4 16 0 4 2 0 12 9
4 9 7 8 13 4 6 8 1 3
7 11 5 0 4 1 7 11 6 13
14 13 11 5 5 14 5 7 11 17
8 4 7 6 1 22 7 12 10 6
6 4 6 1 14 3 7 1 7 5
11 8 8 16 11 6 7 7 16 20
8 14 10 6 10 5 17 13 1 12
14 2 6 0 4 8 3 10 2 7
2 9 5 7 7 4 0 4 2 1
8 9 3 10 18 8 7 0 12 26
0 8 21 12 5 6 22 1 10 14
22 9 6 17 8 5 2 10 10 4
3 6 9 20 10 8 3 11 16 6
0 3 1 1 14 1 15 4 3 12
0 8 13 4 23 3 22 9 11 10
0 1 5 5 3 13 9 2 7 8
2 1 1 5 0 4 3 7 2 3
8 1 7 7 10 7 11 5 3 16
6 3 0 2 16 3 1 3 9 24
2 13 6 3 3 7 18 18 12 9
17 13 16 0 7 11 2 4 18 5
4 14 0 17 5 16 15 0 18 3
9 11 7 11 12 15 5 12 1 6
9 19 3 3 5 2 4 13 5 6
3 12 6 6 5 2 4 1 5 1
8 4 8 13 4 27 19 10 2 3
1 2 10 4 3 5 2 0 2 4
5 4 0 9 1 9 0 3 2 2
4 6 4 5 6 9 1 12 2 4
1 4 1 4 2 0 0 1 8 1
8 13 15 12 15 7 13 4 15 6
11 19 20 1 16 2 7 8 13 10
11 7 12 4 3 5 0 6 5 0
1 5 1 3 3 3 1 5 5 2
15 8 7 0 1 7 13 6 12 6
0 3 7 16 10 2 9 17 9 7
3 5 4 3 1 1 1 3 8 2
4 9 19 9 10 4 11 4 16 8
5 6 1 1 2 11 5 8 8 2
6 24 9 9 5 15 5 4 15 13
6 2 1 1 2 11 1 4 4 14
1 2 1 4 5 5 1 2 2 5
15 8 1 4 15 8 1 12 0 1
13 3 11 10 2 10 1 1 11 7
12 1 16 12 12 2 1 7 2 19
8 8 15 11 6 5 10 1 2 13
1 11 14 5 3 6 2 11 16 14
5 15 13 12 2 2 12 10 19 20
5 4 3 2 1 4 5 6 1 3
1 2 7 5 1 1 1 5 4 4
18 14 8 7 21 7 4 10 3 7
6 4 3 3 12 8 5 4 4 0
0 10 1 0 5 1 1 5 12 1
7 1 6 0 1 6 8 4 3 5
0 0 2 5 2 4 4 5 2 5
0 3 3 3 2 2 1 4 1 9
7 0 6 6 1 4 2 13 4 0
8 10 7 8 22 9 3 11 12 9
3 0 14 25 3 9 8 23 3 1
6 4 7 0 1 3 11 5 3 6
10 7 0 4 0 10 13 7 6 1
17 6 1 1 10 14 15 6 15 1
2 7 6 8 2 7 2 0 1 2
5 4 1 6 12 3 5 8 3 12
21 24 9 4 2 6 8 3 8 9
1 0 8 3 8 2 6 4 0 7
3 5 8 10 3 11 2 5 0 0
0 7 4 2 5 7 7 2 6 13
2 10 3 10 0 1 8 14 1 8
0 3 6 5 2 7 5 12 2 1
9 9 6 0 12 23 5 1 5 4
4 4 4 4 14 3 4 20 7 12
7 10 10 20 1 13 5 19 9 12
1 1 2 7 0 7 5 9 3 3
2 5 2 0 4 8 0 1 7 2
3 12 0 0 8 11 1 6 5 13
11 14 8 3 2 3 3 2 1 8
4 3 9 4 18 15 3 12 16 3
5 3 2 7 7 4 1 11 1 2
8 8 3 4 7 7 4 12 0 1
1 3 3 2 6 10 0 6 2 1
17 4 3 10 8 5 1 6 23 2
6 7 22 18 9 9 1 15 0 17
6 5 3 4 5 5 6 9 8 7
5 4 12 2 9 0 2 7 2 0
11 13 2 12 8 16 10 2 0 1
10 24 11 2 8 2 2 13 15 18
4 1 8 16 7 2 9 25 13 6
4 15 18 3 12 13 4 11 13 4
1 5 1 4 0 5 4 3 1 6
2 13 1 4 20 4 5 3 7 11
18 12 8 9 15 4 3 2 6 12
5 2 7 15 19 13 2 6 6 3
1 4 2 15 10 4 2 9 9 1
8 13 26 10 9 9 3 4 3 5
13 2 12 12 21 8 3 8 10 17
15 23 15 5 5 1 19 7 4 1
6 9 1 13 4 22 14 5 10 7
7 6 1 9 4 14 4 4 6 2
1 3 6 3 11 12 24 11 4 9
0 23 2 3 11 4 8 2 12 5
2 8 5 2 7 5 1 5 3 7
2 9 0 11 7 25 10 6 4 8
8 8 7 3 6 3 7 9 3 10
3 16 4 7 10 5 17 2 14 6
12 3 10 2 6 12 5 19 7 7
10 11 18 10 23 1 3 12 0 3
1 2 8 9 7 13 7 3 2 12
14 10 3 6 6 5 5 0 2 7
5 23 10 2 4 2 11 9 4 1
10 1 1 1 6 10 11 2 14 2
8 4 4 11 3 5 7 1 0 3
3 18 7 15 5 20 2 12 0 15
4 4 6 0 5 5 3 7 6 20
5 3 3 4 0 2 4 8 1 10
4 10 11 17 2 7 13 7 8 4
13 14 16 13 11 2 7 1 10 5
14 10 17 6 4 7 1 5 1 6
4 9 5 3 2 3 1 3 2 1
4 4 6 5 11 3 5 5 7 3
22 9 2 16 2 10 3 3 7 3
28 6 2 2 5 5 13 13 9 7
14 1 0 14 2 7 5 14 9 5
10 1 1 12 6 14 7 6 3 10
2 1 1 1 12 1 5 7 2 7
4 18 4 2 6 1 16 6 2 8
3 5 1 0 7 2 6 1 2 1
1 10 17 6 10 6 3 4 7 6
14 17 14 7 16 0 4 5 7 4
3 1 1 5 5 0 3 1 7 5
1 5 1 4 4 4 10 3 4 5
2 3 2 2 4 3 9 1 3 10
3 2 2 2 1 5 12 16 18 20
5 8 2 10 3 4 18 4 9 6
5 1 1 7 0 3 1 0 3 1
4 5 4 1 3 6 2 3 2 6
8 8 9 4 1 2 9 6 8 5
2 3 5 0 5 2 5 3 5 2
8 10 2 13 2 11 9 1 4 2
10 11 2 12 6 14 4 2 11 1
8 0 6 6 5 9 5 8 2 4
6 0 5 5 0 17 18 14 23 5
3 1 6 6 5 1 4 3 2 3
5 1 4 5 0 1 7 1 4 5
12 2 0 1 4 5 10 7 10 6
4 17 8 7 15 3 6 4 19 14
9 13 0 3 5 7 1 21 6 1
3 4 4 6 1 2 4 4 9 7
2 4 7 1 0 2 9 5 8 5
1 0 4 2 0 3 10 2 1 6
2 0 3 19 3 15 1 6 1 13
3 3 2 1 7 6 3 12 2 6
6 5 14 11 12 1 2 2 0 20
2 4 2 1 3 3 4 1 4 7
3 2 8 10 4 3 1 2 1 9
1 17 0 9 7 11 6 10 5 4
2 3 3 7 5 2 15 8 8 6
3 3 8 13 6 10 2 6 1 5
9 13 8 23 14 6 15 12 6 9
3 2 3 5 1 0 4 5 0 4
16 8 12 8 21 6 1 6 11 16
20 6 3 19 5 21 8 2 8 14
7 12 11 4 4 5 0 3 0 10
9 2 3 3 17 7 14 1 9 14
8 1 15 8 14 25 6 15 13 3
9 20 18 16 4 0 14 16 0 2
2 4 1 10 6 3 4 4 9 15
7 3 14 11 8 5 1 12 12 16
1 3 3 7 0 7 3 7 1 1
1 5 17 21 9 2 3 4 5 10
6 1 2 10 12 1 14 12 8 5
3 4 4 1 4 7 1 1 7 6
2 1 5 1 10 10 6 12 10 10
5 6 11 1 8 3 7 2 15 14
5 5 2 0 3 0 3 6 4 3
5 3 11 0 1 0 2 4 3 1
7 2 0 3 2 10 4 1 2 2
11 3 4 3 4 6 3 5 2 2
3 1 4 0 1 6 5 5 8 0
5 15 3 18 1 8 6 23 1 13
6 18 13 3 1 20 4 7 10 4
2 11 3 0 3 4 13 1 1 3
7 1 13 10 15 2 6 16 9 1
16 16 12 10 11 2 12 3 12 6
3 12 11 13 8 1 10 9 5 7
1 3 3 3 5 5 2 1 1 4
13 4 0 2 8 11 3 5 2 11
6 10 16 13 3 10 5 6 1 13
8 0 9 3 6 0 3 5 6 4
9 7 10 10 7 13 12 3 12 15
9 1 0 0 5 1 2 0 4 0
2 2 2 5 7 3 6 1 0 5
3 5 6 4 5 6 7 6 6 5
5 3 2 2 1 1 2 1 9 2
5 4 4 2 4 0 3 9 1 1
6 4 2 2 7 2 1 2 3 0
6 6 1 4 4 9 2 2 9 10
19 2 10 7 13 7 13 0 9 12
10 5 8 4 9 3 14 0 7 2
4 6 3 5 2 5 4 2 6 3
6 9 5 11 1 1 17 8 0 1
4 0 1 4 4 4 0 8 8 4
1 9 9 7 5 3 0 1 12 9
1 2 8 0 8 13 13 6 0 10
9 3 7 9 1 7 1 8 11 3
1 6 1 8 13 6 1 1 3 8
1 10 12 13 13 18 4 7 6 22
8 3 5 10 4 12 8 19 12 6
1 2 10 2 4 5 2 5 1 0
3 3 8 2 14 7 5 1 10 17
1 5 2 4 1 8 6 5 2 10
12 4 7 1 12 21 1 1 15 6
7 4 18 5 9 10 4 11 3 10
4 1 5 6 2 3 8 2 1 2
3 0 5 5 12 1 2 3 2 5
3 4 5 1 4 6 3 10 13 5
16 14 12 9 11 6 2 18 13 16
4 7 3 6 0 5 2 5 8 2
4 8 2 9 11 0 15 10 2 8
0 16 5 6 8 2 0 10 3 2
8 4 25 12 14 13 3 13 3 9
2 1 11 5 2 11 3 12 24 7
1 7 3 7 7 8 16 2 1 10
3 2 3 4 5 3 3 6 2 3
6 2 4 20 10 9 5 2 6 16
1 4 14 6 12 2 8 1 6 2
7 3 6 10 7 4 1 4 11 7
3 1 4 4 8 0 1 2 4 12
5 6 4 5 4 2 9 14 4 4
3 3 3 1 7 4 8 2 0 2
7 4 12 0 3 3 3 1 12 1
4 18 6 11 10 2 5 2 11 0
3 0 5 2 3 3 1 1 7 8
5 5 2 7 2 0 1 2 9 0
1 14 4 15 23 2 8 7 8 11
1 2 3 4 12 7 1 6 12 0
1 3 3 8 1 7 4 1 3 2
3 15 8 8 3 6 5 8 11 1
8 2 14 10 4 4 1 4 7 8
6 2 7 5 4 4 1 13 1 6
3 7 13 6 6 3 15 3 3 7
7 7 10 9 25 14 5 4 15 10
7 2 0 1 7 6 8 1 5 8
4 5 2 9 22 3 12 12 7 5
11 3 6 4 4 8 5 13 7 23
14 5 3 3 13 10 19 2 2 13
9 11 0 1 9 11 4 1 2 15
3 18 11 16 20 7 5 9 6 10
2 4 1 5 1 4 1 5 1 6
1 3 5 0 7 6 6 1 2 4
5 3 5 3 7 12 4 4 8 4
11 3 2 15 10 6 6 3 10 11
10 15 5 9 17 6 4 4 8 3
1 0 9 7 11 4 4 1 5 6
7 3 9 0 21 12 14 0 2 8
2 13 3 8 2 10 4 7 12 2
0 10 2 12 9 15 21 6 5 2
5 8 3 7 15 13 6 17 10 4
21 3 12 4 14 11 3 4 17 14
4 5 9 7 6 4 7 2 15 7
11 26 3 5 6 4 6 1 25 4
7 4 4 3 4 5 5 5 4 2
13 10 14 4 15 2 3 7 12 15
5 6 0 11 2 10 6 0 8 2
1 8 1 1 5 3 2 3 4 0
0 0 9 2 12 8 9 7 5 12
1 4 12 0 6 0 0 16 2 6
17 16 4 2 20 3 20 2 3 1
4 4 5 8 4 6 4 4 1 6
8 13 7 2 14 0 10 18 13 11
18 20 12 4 1 14 6 10 16 7
12 10 12 9 10 1 5 9 11 3
3 10 14 5 1 10 4 14 2 0
2 1 14 9 15 2 26 1 10 2
18 4 6 6 10 0 19 5 1 9
11 5 4 7 8 11 7 4 6 4
4 12 3 1 4 6 25 9 9 22
6 0 9 12 7 3 0 5 8 4
0 5 2 13 5 1 9 3 8 13
10 5 11 4 27 1 1 8 20 1
3 9 9 0 17 2 9 15 9 3
0 0 1 2 3 6 0 7 16 17
8 2 22 6 4 2 7 8 11 6
12 15 6 1 10 6 2 1 25 8
10 10 9 15 12 3 2 10 19 5
15 0 9 10 10 3 5 1 19 1
16 0 11 2 5 1 1 1 6 2
4 8 4 3 1 10 9 1 5 4
10 2 7 2 5 0 5 6 4 3
8 21 13 19 4 1 9 10 9 10
8 4 2 6 7 5 4 1 0 6
4 1 7 11 1 1 2 3 6 9
2 14 5 18 1 13 16 14 12 4
4 5 4 3 3 0 4 4 1 11
1 1 6 4 3 7 1 0 11 2
15 2 9 1 24 1 11 1 5 0
2 17 13 0 4 6 9 7 6 2
15 5 11 10 6 5 11 6 2 13
0 13 11 8 12 11 2 2 14 6
3 1 21 1 0 1 24 10 16 0
3 3 1 4 5 1 1 5 1 4
3 1 22 18 4 6 9 18 11 10
2 9 3 5 3 2 3 1 9 1
6 8 1 0 1 4 7 6 0 5
12 20 4 1 7 22 12 10 11 10
14 0 0 4 1 15 7 3 5 17
2 3 4 3 8 4 9 6 1 2
3 5 1 7 1 3 14 0 4 5
17 17 16 2 4 9 16 1 4 1
3 2 23 3 3 16 15 3 1 12
10 9 4 7 25 4 7 4 14 8
22 3 17 2 14 0 9 9 4 2
1 1 0 17 0 4 7 21 10 8
6 1 1 7 6 2 4 5 4 4
2 4 10 8 5 14 2 12 8 6
4 5 3 7 1 14 14 26 5 0
2 3 5 2 2 5 1 0 1 10
4 13 7 4 9 13 4 10 22 4
6 2 0 4 9 8 3 2 3 13
6 13 13 12 2 19 7 4 9 7
2 7 2 9 21 3 15 4 4 3
6 13 6 3 1 7 6 3 7 13
5 10 1 9 1 1 10 1 1 12
19 7 9 6 10 7 11 1 7 11
8 2 6 3 3 1 6 4 9 6
3 5 0 7 9 10 10 16 4 10
22 5 1 18 8 11 5 11 3 16
7 3 0 3 3 11 3 8 1 2
6 3 3 4 1 7 6 1 5 2
0 5 3 10 12 3 6 9 3 4
6 5 10 14 18 12 11 6 6 2
3 11 5 14 4 9 14 5 14 12
18 1 3 3 3 3 21 1 5 13
4 2 4 6 6 4 7 19 13 7
4 5 7 8 4 2 7 9 4 1
11 0 4 6 5 10 5 9 14 1
1 3 7 3 0 6 2 2 3 1
3 5 14 9 10 10 0 12 1 4
4 7 12 28 2 12 3 6 2 7
3 7 2 13 9 20 2 21 5 4
4 0 3 1 1 0 5 1 3 6
5 9 2 3 1 1 1 0 1 6
8 5 7 6 12 4 4 0 4 3
20 18 6 6 7 2 0 2 4 5
12 11 1 14 0 6 13 20 2 12
8 4 2 5 1 0 3 2 4 5
16 8 3 11 22 14 6 5 6 5
7 0 4 5 5 5 0 2 6 1
10 12 10 25 6 7 7 7 12 0
8 7 10 6 7 4 2 0 8 19
6 11 14 13 11 5 5 5 3 16
1 2 0 2 17 5 2 15 4 26
3 2 9 15 23 5 1 6 11 7
4 2 6 17 0 5 13 6 0 14
6 4 6 3 6 18 6 9 6 12
16 3 3 17 11 6 9 18 18 5
6 6 3 2 0 2 0 0 4 4
5 0 2 9 12 9 27 1 0 2
3 8 1 3 0 2 1 1 2 5
5 2 0 4 2 7 7 13 5 7
6 0 2 8 1 7 13 10 20 8
5 5 1 4 11 8 10 1 7 2
2 2 11 6 10 6 2 6 4 10
6 19 16 9 15 3 3 8 6 15
0 3 7 9 16 0 15 4 5 3
10 8 2 9 3 9 5 4 5 6
4 2 10 9 1 1 3 2 6 6
11 8 8 10 13 6 4 4 16 9
6 5 3 4 8 0 2 0 4 8
5 13 8 5 6 2 1 14 2 7
29 0 13 1 5 5 12 2 4 6
5 5 5 6 1 5 6 6 6 5
4 0 20 12 5 6 3 1 23 0
6 16 16 3 7 20 0 5 2 9
5 6 22 5 1 10 0 3 12 20
7 6 0 5 1 7 9 0 2 0
6 1 9 5 3 8 5 3 13 1
0 7 2 4 20 3 1 14 2 14
3 3 7 5 4 6 10 8 4 1
11 6 7 12 7 0 2 2 12 1
0 1 5 2 7 5 2 8 1 2
3 29 1 8 4 1 4 11 9 3
4 6 0 12 8 5 11 19 1 3
5 5 10 0 1 4 5 2 6 3
2 4 1 3 10 0 2 6 2 5
16 1 1 15 11 12 11 5 1 8
4 8 6 9 4 8 2 5 0 4
11 6 2 2 13 26 6 13 3 11
3 0 5 14 23 10 0 5 11 16
5 6 7 5 9 1 11 1 3 9
3 7 2 9 15 6 0 4 5 14
6 6 8 14 5 3 4 1 1 16
2 6 5 8 4 9 9 2 12 6
7 0 5 3 13 6 1 0 11 0
4 14 14 5 9 2 5 14 3 6
7 10 5 7 8 5 2 2 6 3
0 12 5 4 9 2 3 23 10 0
1 10 10 2 4 8 5 3 7 0
2 15 5 1 19 6 1 11 18 20
3 6 3 2 11 6 6 6 1 1
6 5 15 7 14 9 8 23 15 5
6 17 0 10 10 10 12 13 1 5
3 4 0 6 4 3 10 1 5 5
17 6 0 2 7 3 8 2 2 11
2 8 2 3 0 2 5 7 10 1
1 6 7 9 10 7 24 2 4 16
7 3 2 1 7 14 3 9 6 10
3 3 6 5 1 2 3 2 2 3
16 4 21 1 1 6 3 5 11 10
18 22 8 1 3 5 3 1 15 14
9 1 2 5 6 2 6 18 3 2
8 8 0 1 3 15 8 16 7 5
5 2 5 4 18 1 8 1 6 9
12 1 8 13 7 12 2 6 8 18
14 1 6 8 1 3 6 7 10 11
0 5 4 3 6 7 4 3 7 1
1 2 6 1 1 8 8 6 4 3
1 4 8 8 3 1 10 1 3 1
11 1 15 19 9 15 20 3 9 5
13 13 1 19 6 9 2 4 8 1
8 10 1 5 2 5 4 2 1 1
8 2 9 0 7 5 2 4 7 1
2 6 18 12 5 1 8 5 18 22
4 10 3 7 11 3 3 9 9 15
4 4 12 12 0 1 12 9 7 16
14 20 8 8 6 0 5 4 3 7
1 3 5 6 6 1 16 4 3 0
2 5 2 6 2 4 18 3 10 6
4 8 24 9 2 3 4 13 9 6
5 10 22 7 2 2 1 3 25 13
5 2 4 3 13 8 3 11 5 3
6 11 2 10 8 6 1 2 4 8
4 4 2 1 1 5 12 6 19 1
8 4 7 10 5 8 11 1 4 0
5 2 3 10 14 6 6 0 3 10
12 1 13 11 6 4 6 8 10 1
6 2 14 12 10 6 4 10 5 5
4 1 2 2 2 3 1 9 0 9
9 21 11 1 5 12 5 12 10 0
1 3 6 4 10 1 0 7 14 12
24 7 0 8 13 11 11 15 14 6
3 9 3 1 4 6 1 10 3 13
2 6 14 10 2 12 11 8 15 5
3 5 4 6 0 3 3 1 2 3
2 3 17 16 4 14 16 9 13 13
9 0 4 13 1 3 8 4 3 4
0 22 3 4 14 2 6 11 15 11
1 3 1 5 0 2 3 7 3 4
1 3 6 8 6 8 17 20 3 3
2 7 2 5 7 5 0 3 0 7
18 8 9 6 9 2 9 21 5 1
5 11 6 16 8 20 15 2 15 11
21 6 6 10 15 0 5 10 1 16
24 1 3 8 1 3 14 5 3 17
4 10 8 11 2 11 8 1 5 0
5 8 17 4 1 7 15 1 9 15
1 2 4 5 3 7 5 1 2 1
8 21 3 12 0 14 7 14 9 20
9 0 15 12 10 3 3 1 2 3
11 1 2 0 18 9 6 6 13 8
5 3 7 10 8 14 10 5 16 11
7 5 4 4 7 4 4 2 3 11
18 9 3 16 14 6 4 9 13 13
5 14 7 5 4 5 7 2 5 11
9 9 5 2 7 4 0 2 2 8
4 14 5 10 20 1 4 5 4 8
5 4 0 8 6 4 2 6 5 5
19 22 8 0 10 3 13 11 10 10
15 8 4 9 12 14 1 11 21 1
5 1 1 1 12 7 3 9 1 3
6 2 6 5 0 2 9 6 2 3
8 14 7 5 5 8 6 2 10 18
1 14 3 1 6 8 5 13 4 4
12 5 8 1 25 2 1 4 3 3
3 2 4 2 4 8 1 3 1 2
3 6 9 7 11 7 14 10 17 10
8 1 6 4 0 15 12 17 13 4
6 1 4 5 6 9 13 5 18 8
0 6 8 6 4 4 4 7 8 4
8 20 1 6 14 4 11 6 16 4
5 1 2 1 2 6 2 5 3 1
8 1 1 11 1 6 19 14 12 6
3 13 9 27 16 10 10 1 2 9
11 3 20 22 14 13 10 6 0 4
1 3 2 6 14 3 6 1 2 3
8 2 3 7 5 5 13 14 14 2
7 0 5 3 23 4 6 6 5 9
7 1 2 15 2 2 1 13 3 8
3 1 9 4 3 4 3 2 0 3
2 4 26 3 2 4 20 16 7 2
0 16 6 3 5 24 8 4 13 5
12 5 12 12 6 6 1 13 5 8
9 3 3 3 1 1 2 5 6 5
16 3 8 13 11 10 20 1 8 8
5 12 2 7 9 10 10 9 15 1
1 4 12 2 2 17 8 12 11 15
2 3 3 5 4 1 0 11 7 1
13 1 22 13 12 3 13 2 4 3
10 9 16 12 0 14 14 6 4 17
1 3 4 6 1 3 5 2 1 6
1 6
1 25
1 60
2 27
2 31
2 80
3 13
3 19
4 78
5 21
5 66
6 78
6 97
7 32
8 23
8 27
8 30
8 48
8 50
9 101
9 105
10 16
10 36
10 44
10 49
10 77
10 81
11 17
12 19
12 20
12 25
12 43
12 79
13 29
13 56
13 64
13 82
13 97
14 110
15 69
15 75
15 79
15 100
15 105
16 44
16 97
16 105
17 23
18 98
19 81
20 43
20 52
20 93
20 117
21 80
21 83
21 103
22 106
23 63
23 96
24 31
24 66
24 73
24 83
25 48
25 49
25 62
25 115
26 78
26 96
26 115
26 119
26 126
28 36
28 65
28 105
29 54
30 116
31 40
32 77
33 63
33 106
34 56
34 90
34 128
34 133
35 43
35 57
35 64
36 92
36 129
37 66
37 70
37 113
38 85
38 95
38 116
38 124
39 71
39 82
39 98
40 70
40 78
40 98
41 55
41 75
41 85
41 92
41 112
41 122
43 46
43 80
43 86
43 113
44 57
44 92
44 105
45 125
45 132
46 71
46 118
46 135
47 51
47 124
48 64
48 76
49 66
49 74
49 77
50 57
50 119
51 92
51 97
52 54
52 59
52 61
52 63
52 70
52 72
52 86
52 95
52 133
53 128
54 122
54 138
55 69
55 112
55 117
55 119
57 88
57 127
58 80
58 89
58 108
58 131
58 137
58 152
59 89
59 101
59 128
59 139
60 65
60 68
60 89
60 105
60 146
61 73
61 126
61 136
61 141
62 117
62 136
62 144
63 91
63 118
64 116
64 157
65 101
66 90
66 139
67 96
67 97
67 112
67 140
68 79
68 139
68 154
68 165
70 89
70 169
71 105
71 156
72 93
72 104
73 117
73 124
73 148
74 94
74 120
75 113
75 121
75 160
76 99
76 130
76 143
76 176
77 130
77 166
78 86
78 124
78 136
78 177
79 86
79 126
79 131
79 138
79 176
80 110
80 112
80 170
80 175
81 84
81 112
81 115
81 177
82 153
82 164
83 150
83 169
84 86
85 120
85 156
86 131
87 104
87 118
87 158
87 185
88 109
88 162
89 102
89 127
89 172
89 183
90 97
90 135
90 186
91 99
91 141
91 148
91 164
91 172
91 175
92 110
93 111
93 168
93 183
94 115
94 132
94 164
95 121
95 166
96 98
96 99
96 100
96 115
96 118
97 124
97 126
97 196
98 143
98 164
98 184
99 128
99 161
99 173
100 112
100 137
100 187
101 108
101 128
101 142
102 163
102 190
103 141
103 175
104 157
104 158
104 202
105 159
106 127
106 132
107 172
107 181
108 114
108 167
109 198
110 174
110 178
110 205
111 114
111 123
112 210
113 120
113 147
113 211
114 156
115 129
115 151
116 140
116 179
116 185
117 129
117 132
117 142
117 215
118 176
118 203
119 157
119 165
119 182
119 194
119 198
119 211
119 212
120 158
120 165
120 193
121 124
121 132
121 140
121 141
121 167
121 192
121 212
121 214
122 161
122 187
122 189
122 197
123 167
123 197
123 216
124 145
125 223
126 129
126 139
127 210
128 139
128 190
129 153
129 195
129 198
129 228
130 135
130 140
130 192
130 204
130 222
131 150
131 204
132 202
134 157
134 171
134 173
134 200
134 219
134 227
135 146
135 184
135 190
135 223
135 225
136 149
136 163
136 174
136 177
136 234
137 189
138 160
138 202
138 209
139 148
139 162
139 170
139 202
141 155
141 174
141 191
141 224
142 176
143 173
143 190
143 226
143 238
144 217
144 234
144 240
145 153
145 159
146 221
146 229
146 237
147 173
148 149
148 191
148 194
148 234
149 155
149 169
149 203
149 206
149 208
149 243
149 248
151 212
151 220
151 229
151 250
152 161
152 167
152 247
153 165
153 207
153 222
154 178
154 183
154 189
154 231
154 250
155 188
155 212
155 237
156 162
157 176
157 180
157 195
157 244
158 171
158 177
158 200
158 251
159 168
159 223
159 230
160 178
160 192
160 243
161 185
161 189
161 253
162 186
162 187
162 192
162 258
163 168
163 197
165 214
165 226
165 240
165 264
166 214
166 258
167 209
167 226
167 258
168 191
168 211
168 235
168 259
169 171
169 204
169 223
169 250
169 266
170 175
170 222
170 262
170 270
171 211
171 219
171 240
171 246
171 250
171 262
172 187
172 214
172 252
172 266
172 267
173 191
174 180
174 203
175 187
175 191
175 208
175 215
175 228
176 186
176 275
177 226
177 266
178 240
178 264
180 184
180 186
180 249
181 239
181 250
181 252
181 255
181 274
182 233
182 242
182 246
182 262
183 228
183 230
183 269
184 227
184 234
184 246
185 210
185 239
185 281
186 190
186 205
186 206
186 208
187 233
187 256
188 189
188 213
188 260
188 280
189 288
190 278
190 282
191 207
191 255
192 193
192 195
192 233
192 254
192 279
192 280
192 283
192 287
193 240
193 241
193 246
194 203
194 222
195 223
195 284
195 287
196 199
196 214
196 279
196 280
197 244
197 260
198 278
199 251
199 257
200 236
201 264
201 271
203 207
203 290
204 220
204 231
204 244
204 261
204 287
204 293
204 295
205 208
205 256
206 210
206 277
206 304
207 260
207 283
207 301
207 304
208 212
208 214
208 224
208 246
208 274
208 281
208 297
209 220
209 233
209 285
210 224
210 226
210 247
210 270
211 219
211 277
211 301
212 218
212 251
212 252
212 254
212 262
212 292
212 295
213 245
213 262
213 277
214 263
214 287
215 252
216 220
216 225
216 280
216 301
216 302
217 253
217 254
217 275
218 235
218 246
218 272
218 299
218 301
219 241
219 293
219 294
219 297
219 317
220 224
220 234
220 261
220 300
221 248
221 255
221 258
221 266
221 282
221 286
221 298
222 244
222 252
223 266
223 269
223 317
224 238
224 250
224 315
224 318
225 282
226 228
226 246
226 248
226 265
227 249
227 260
227 273
227 315
227 319
227 323
228 239
228 252
228 323
229 264
229 324
230 288
230 306
230 315
230 329
231 239
232 272
232 291
232 318
233 264
233 295
234 260
234 312
234 325
235 241
235 271
235 272
235 273
235 275
235 285
236 298
236 315
236 322
236 324
236 332
237 267
237 275
238 307
239 271
239 319
239 335
240 297
241 250
241 340
242 301
242 304
242 311
243 284
243 337
244 299
244 335
245 279
245 304
245 314
245 323
245 337
246 322
246 340
247 255
247 281
247 285
247 321
247 324
247 340
247 344
248 252
248 253
248 299
248 307
248 327
248 338
248 339
249 250
249 274
249 318
249 349
250 344
251 269
251 311
252 259
252 267
252 270
252 331
253 341
254 280
254 333
255 273
255 301
255 333
256 276
256 298
256 308
256 325
256 338
256 350
257 351
258 267
258 271
259 297
259 356
259 359
260 330
260 348
261 270
261 283
261 313
263 274
263 303
263 336
263 348
263 350
264 269
264 277
264 284
264 290
264 304
264 309
264 324
264 330
264 362
265 280
265 341
265 345
266 302
266 335
267 336
268 271
268 319
268 350
269 328
269 343
269 360
269 362
270 305
272 308
272 358
272 362
273 302
273 314
273 330
273 333
273 344
274 283
274 312
274 335
275 279
275 305
275 341
276 344
276 360
276 364
277 298
277 312
277 325
277 345
277 356
277 362
277 365
278 321
278 322
278 336
279 301
279 308
279 337
279 365
279 370
279 373
280 334
280 352
280 380
281 307
281 315
281 334
282 290
282 312
282 332
282 350
282 357
283 310
283 336
284 328
284 348
285 297
285 306
285 329
285 339
285 341
286 291
287 296
287 345
287 352
288 308
288 340
288 349
289 293
289 314
289 347
290 297
290 302
290 317
290 319
290 375
291 296
292 384
293 348
293 354
293 355
294 345
295 307
295 352
295 358
295 364
295 372
296 310
296 342
296 349
296 354
297 307
297 326
297 361
297 395
298 355
298 356
299 313
299 320
299 333
300 310
300 349
300 370
300 386
301 314
301 354
301 363
301 370
301 391
301 398
302 368
302 380
302 394
303 329
303 332
303 378
303 391
304 331
305 320
305 351
305 396
306 382
306 393
307 369
307 373
307 403
308 312
308 319
308 320
308 360
308 364
308 405
309 343
309 363
309 381
309 386
309 391
310 389
310 398
311 315
311 325
311 326
311 391
312 331
314 320
314 386
315 350
315 385
315 387
315 399
316 356
316 384
316 416
317 346
317 368
317 389
317 394
319 409
319 415
320 338
320 404
321 324
321 353
322 346
322 353
322 361
322 410
323 341
323 348
323 360
323 368
324 418
325 358
325 378
325 390
326 365
326 426
327 368
327 419
328 330
328 367
329 363
329 379
329 414
330 341
330 378
330 422
332 344
332 372
333 334
333 340
333 349
333 386
333 417
333 420
333 433
334 366
334 417
335 396
336 391
336 426
337 360
337 366
337 380
337 403
337 417
338 357
338 365
338 366
338 396
338 402
339 387
339 391
340 364
340 403
340 437
341 357
341 382
341 383
341 389
341 401
341 402
341 409
341 417
341 421
341 424
341 427
342 346
342 367
342 393
342 409
342 441
343 370
343 404
344 371
344 420
344 430
345 354
345 399
345 401
345 412
346 352
346 360
346 368
346 375
346 385
346 409
347 438
347 442
347 447
348 371
349 409
350 380
350 434
350 441
351 358
351 393
352 375
352 402
352 431
353 377
353 386
353 406
354 372
355 362
355 381
355 414
356 414
356 445
357 363
357 386
357 419
357 432
357 450
358 365
358 376
358 406
358 428
358 439
358 440
358 447
360 363
360 364
360 420
360 455
361 398
362 399
362 400
362 402
362 406
362 446
363 407
363 416
363 447
363 453
364 420
365 434
365 444
365 455
365 457
366 370
366 401
366 402
366 404
366 421
366 430
366 442
366 465
367 378
367 385
367 386
367 390
367 404
367 442
368 369
368 433
368 436
368 441
368 449
368 453
368 454
368 462
369 382
369 393
369 396
369 412
369 430
369 453
370 389
370 458
371 373
371 375
371 378
371 389
372 382
372 416
373 384
373 436
373 439
374 421
374 454
375 446
376 422
376 454
376 471
377 439
377 446
377 469
378 402
378 422
378 451
378 455
379 399
379 415
379 419
379 477
380 442
380 448
380 454
381 404
381 446
381 451
381 453
382 399
382 402
382 417
382 423
384 385
384 407
384 471
385 386
385 397
385 425
385 428
385 441
385 455
385 456
385 466
385 475
385 484
386 391
386 402
386 480
387 410
387 442
388 392
388 462
389 429
389 439
389 485
390 420
390 447
391 415
391 452
391 456
391 469
392 401
392 426
392 428
392 450
393 436
393 447
394 415
394 432
395 433
395 452
395 454
395 466
395 468
395 488
396 419
396 472
397 439
397 441
397 482
398 401
398 438
398 470
398 491
399 479
400 434
401 474
402 460
402 474
403 405
403 425
403 432
403 471
404 424
404 454
404 494
405 408
405 441
405 487
405 488
405 491
406 437
406 441
406 498
407 422
407 434
408 457
408 458
408 463
408 480
408 481
410 427
410 453
410 506
411 426
411 431
411 460
411 472
412 427
412 472
413 417
413 453
413 454
413 475
413 507
413 509
414 454
414 458
414 514
415 444
415 506
415 514
416 422
416 441
416 486
416 493
417 451
418 432
418 446
418 449
418 459
418 472
418 505
419 465
419 495
419 501
420 435
420 439
421 516
422 427
422 431
422 449
422 481
423 434
423 472
423 486
423 489
423 517
423 520
424 428
424 442
424 453
424 457
425 477
425 481
425 491
425 507
427 429
427 451
427 509
427 517
428 434
428 437
428 472
428 485
428 517
429 487
430 463
430 496
430 516
431 442
431 454
431 503
432 466
432 475
432 512
433 436
433 453
433 467
433 501
433 509
433 523
434 515
434 516
435 448
436 441
436 481
436 536
437 446
437 463
437 484
437 497
438 440
438 481
438 501
438 525
439 448
439 461
439 472
439 484
439 505
439 511
439 526
439 535
440 444
440 470
440 504
440 507
440 512
440 522
441 455
441 538
442 468
442 476
442 493
442 497
442 527
442 532
443 465
443 504
443 510
444 448
444 450
444 502
445 471
446 468
446 469
446 473
446 544
447 452
447 468
447 529
447 538
447 541
448 456
448 462
448 464
448 489
448 492
449 504
449 516
449 539
450 515
451 499
451 500
451 512
452 462
452 530
452 552
453 463
453 490
453 491
453 506
453 524
453 551
453 552
454 459
454 498
454 528
454 538
455 488
456 526
456 534
457 463
457 478
457 498
457 556
458 461
458 468
458 540
459 473
459 489
460 499
461 546
462 532
462 543
462 551
463 498
463 517
463 557
463 559
464 485
464 505
464 519
464 551
464 552
464 559
465 516
465 543
466 476
466 493
466 509
466 518
466 532
466 558
467 470
467 486
467 496
467 514
467 558
468 544
468 568
469 502
469 521
470 532
470 557
471 484
471 485
471 546
471 549
471 563
472 480
473 504
473 515
473 527
474 482
474 490
474 541
475 518
475 545
475 556
476 502
476 524
476 537
477 481
477 556
478 488
478 545
479 483
479 492
479 541
480 488
480 505
480 524
480 531
480 564
481 482
481 496
481 567
482 520
482 531
482 538
482 547
482 553
482 555
482 559
483 533
484 491
484 560
484 574
485 507
485 559
485 570
485 582
486 496
486 511
486 579
487 517
487 531
487 550
488 528
488 535
488 560
488 585
489 492
489 499
489 576
490 540
490 587
491 532
491 574
492 494
492 536
493 553
493 576
493 588
493 591
494 526
494 528
494 545
494 571
494 576
495 506
495 545
495 583
496 507
496 583
496 594
497 577
497 597
498 510
498 537
498 546
499 534
499 580
499 581
499 598
500 519
500 550
500 554
500 565
501 535
501 560
501 567
501 569
501 571
501 584
501 596
502 546
502 566
503 535
504 523
504 557
504 560
504 567
505 512
506 511
506 519
506 541
507 575
507 577
508 524
508 536
508 537
508 546
508 582
509 598
509 604
510 567
510 570
510 578
511 552
512 518
512 557
512 589
512 591
512 610
513 533
513 547
514 529
514 537
514 548
514 559
514 583
514 605
515 581
515 602
516 532
516 540
516 615
517 566
517 595
518 538
518 586
518 604
518 607
519 526
519 576
519 602
520 544
520 597
521 525
521 543
521 547
521 588
521 602
522 531
522 545
522 564
522 586
522 603
522 610
522 612
522 616
523 545
523 611
524 548
524 591
524 605
525 537
525 569
525 577
525 606
526 532
526 600
527 533
528 545
528 570
528 571
528 576
528 598
528 602
529 579
529 580
529 596
529 603
530 537
530 613
531 548
531 557
531 569
532 543
532 552
532 591
533 574
533 587
533 602
534 546
534 550
534 554
534 591
534 595
534 596
535 561
535 596
535 627
536 543
536 568
536 573
536 586
536 601
536 621
536 631
537 540
537 549
538 566
538 590
539 584
539 596
539 619
539 631
540 547
540 554
540 593
540 610
541 592
541 610
541 613
542 619
543 544
543 587
544 554
544 555
544 566
544 606
545 547
545 580
545 599
545 611
545 617
546 589
546 598
546 623
546 632
547 557
547 570
547 616
548 566
548 567
549 556
549 559
549 574
549 584
550 601
551 561
551 567
551 629
552 617
552 647
553 557
553 563
553 606
553 629
553 632
553 645
553 649
554 562
554 605
554 620
554 631
554 635
555 594
555 602
556 655
557 577
557 611
557 632
558 602
558 654
559 567
559 579
560 584
560 638
561 562
561 566
562 577
562 594
562 597
562 615
562 625
562 661
563 568
563 605
563 619
563 662
564 581
564 582
564 591
565 640
565 644
566 621
566 641
566 657
567 571
567 599
567 605
567 621
567 660
568 587
568 591
568 622
568 634
568 639
569 606
569 625
570 620
571 575
571 576
571 615
571 629
571 671
572 587
572 590
572 663
572 664
573 610
573 654
573 668
574 586
575 593
575 637
575 675
576 638
576 676
577 591
577 641
577 661
578 597
578 651
579 606
579 614
579 676
580 654
581 636
582 622
582 630
582 643
582 649
582 650
582 670
582 672
582 673
582 682
583 589
583 590
583 618
583 647
583 665
584 627
585 616
585 683
586 618
586 665
588 604
588 610
588 657
588 661
588 668
589 617
589 622
589 632
589 677
590 592
590 603
590 624
590 626
590 641
591 642
591 690
592 642
592 660
592 669
592 670
593 686
594 609
594 660
594 691
595 598
595 628
595 637
595 681
596 626
596 656
596 665
596 680
597 628
597 646
597 666
597 674
598 662
598 683
598 687
599 617
599 643
600 606
600 631
600 636
600 648
600 657
600 677
601 671
601 673
602 606
602 625
602 630
602 671
602 697
603 686
604 613
604 660
604 697
604 703
605 624
605 648
605 653
605 684
605 685
606 612
606 652
606 670
607 641
607 687
608 615
608 677
608 681
608 691
608 694
609 642
609 650
609 671
609 678
611 702
612 646
612 700
612 705
613 629
614 619
614 657
614 694
615 619
616 700
617 630
617 631
617 656
617 665
617 684
617 688
617 707
617 717
618 632
618 639
618 640
618 692
619 620
619 622
619 656
621 712
622 658
622 714
623 675
623 678
623 708
624 627
624 683
625 641
626 662
627 686
627 721
628 650
628 652
628 728
629 655
629 674
630 639
630 655
631 648
631 661
631 712
632 694
633 658
633 699
634 649
634 662
634 693
634 701
634 729
635 648
635 661
635 663
635 664
635 707
635 710
635 731
636 640
636 660
636 726
637 697
638 685
638 728
638 734
639 654
639 690
639 693
640 649
640 730
640 736
641 661
641 677
641 686
641 708
641 717
642 709
642 723
642 727
642 740
643 659
644 647
644 654
644 692
644 700
644 724
645 666
645 705
645 722
646 697
647 656
647 665
647 672
647 695
647 712
648 671
648 674
648 677
648 683
649 702
649 714
649 726
649 727
650 718
650 725
650 746
652 666
653 681
654 676
654 699
655 660
655 664
655 685
655 688
655 699
655 723
656 717
656 738
656 740
657 729
658 699
658 758
659 687
659 711
660 668
660 716
660 725
661 739
662 687
662 715
662 748
662 751
663 693
663 703
663 748
663 757
663 759
664 703
665 724
665 751
665 761
666 672
666 705
666 758
667 690
668 670
668 701
668 704
668 716
668 730
668 756
669 717
669 718
669 755
669 756
670 687
670 718
670 724
670 760
671 754
672 705
672 746
673 688
673 689
673 703
673 736
673 765
674 684
674 693
674 722
674 732
674 755
674 769
675 684
675 696
675 767
675 769
676 696
676 723
676 740
676 745
676 759
677 707
680 744
681 723
681 743
681 775
682 690
682 706
682 731
682 736
682 774
683 749
683 755
683 773
684 688
684 709
684 739
684 764
684 784
685 686
685 772
686 740
686 744
686 750
686 757
686 758
688 699
688 761
688 776
688 785
689 736
689 742
690 730
690 742
690 748
691 704
692 699
692 712
692 725
692 747
692 764
692 771
692 792
693 695
693 699
693 717
694 714
694 721
694 755
695 701
695 713
695 753
695 754
695 771
696 706
696 728
696 730
696 769
697 724
697 788
697 790
698 705
698 725
698 782
699 782
700 705
700 708
700 735
701 761
701 784
701 799
702 703
702 729
702 756
702 758
702 769
702 779
702 795
703 704
703 764
705 789
706 743
706 762
706 764
706 799
706 800
707 759
707 768
708 774
708 788
709 739
709 765
710 717
710 744
710 748
710 764
710 768
711 712
711 739
711 773
711 811
712 752
712 765
712 783
712 785
713 729
713 743
713 749
713 752
713 762
713 786
713 805
714 774
715 723
715 730
716 762
716 765
716 785
717 732
717 783
717 795
717 808
719 733
719 744
719 770
719 799
720 730
720 747
721 736
721 742
721 784
722 765
722 779
722 786
722 811
723 727
723 731
723 777
724 752
724 767
724 820
725 740
725 747
725 755
725 762
725 775
725 813
725 819
726 749
726 756
726 801
726 804
727 775
728 732
728 738
728 747
728 759
728 765
728 797
728 798
728 813
729 797
729 810
729 811
730 761
730 798
730 812
730 829
731 752
731 790
731 829
732 743
732 777
732 806
733 745
733 784
733 788
734 750
734 784
734 807
734 809
736 787
736 811
736 830
736 834
737 739
737 812
737 832
738 799
738 815
738 836
739 798
739 802
739 814
740 768
740 800
741 818
742 798
742 807
742 830
743 746
743 785
743 792
743 815
744 789
744 827
744 837
745 808
745 809
745 817
745 831
745 835
746 747
746 791
747 761
747 828
748 801
749 769
749 790
749 812
749 825
750 786
750 798
751 849
752 755
752 830
753 757
753 784
753 805
753 831
753 844
754 756
754 771
754 780
754 804
755 758
755 767
755 797
755 852
756 768
757 768
757 806
757 811
757 854
758 804
758 827
758 857
759 782
759 811
759 832
760 806
760 813
760 837
761 818
761 823
761 834
761 838
762 801
762 831
762 843
763 764
763 782
763 804
763 840
764 769
764 833
764 846
764 848
764 853
764 862
766 838
766 849
767 802
767 819
768 834
768 858
768 865
769 790
769 800
769 808
770 821
771 781
771 860
772 780
772 783
772 792
772 807
772 815
772 826
772 828
772 839
773 784
773 807
773 848
773 855
775 776
775 798
775 803
775 818
777 794
777 807
777 810
777 863
778 807
778 831
778 836
778 838
779 781
779 783
779 801
779 807
779 849
780 789
780 819
781 802
781 817
781 836
781 856
782 790
782 873
783 791
783 796
783 816
783 824
783 842
783 853
783 858
784 787
784 790
784 816
784 848
785 824
785 829
786 804
786 817
786 836
788 825
788 827
788 837
788 874
788 875
789 798
789 804
789 841
789 857
789 876
789 882
790 822
790 862
790 867
791 797
791 798
792 833
792 840
792 872
793 841
794 839
795 798
795 826
796 819
796 828
796 844
796 851
797 823
797 828
797 886
797 889
798 817
798 829
799 855
799 869
800 818
800 827
800 836
800 847
800 865
800 886
801 847
801 855
801 871
802 805
802 810
802 832
802 855
802 869
803 805
803 844
803 887
803 889
804 832
805 890
806 846
806 892
806 895
806 902
807 893
808 843
808 882
808 892
809 814
809 833
809 835
809 856
809 909
810 824
810 894
810 910
811 840
811 881
811 890
811 904
812 884
812 901
813 825
813 852
813 861
813 866
813 902
813 907
814 851
814 878
814 885
815 843
815 884
816 852
816 901
817 840
817 894
818 826
818 828
818 835
818 848
818 853
818 865
818 900
818 908
819 902
819 905
820 821
820 865
820 868
820 882
820 900
820 908
821 879
821 920
822 838
822 845
823 850
823 854
823 912
825 855
825 882
825 893
825 911
826 881
826 895
826 920
827 836
827 871
827 913
828 836
828 844
829 881
829 890
830 904
830 929
831 832
831 834
831 858
831 862
831 916
831 924
832 851
832 904
832 909
832 919
832 927
833 857
833 868
833 910
834 836
834 919
835 856
835 880
835 930
835 934
836 869
837 920
837 937
838 883
838 894
839 917
840 883
840 886
840 914
841 849
841 867
841 939
842 854
842 879
842 894
842 929
843 861
844 887
845 851
845 876
845 884
846 850
846 905
846 907
846 942
847 868
847 874
847 892
847 933
847 941
848 851
848 931
848 945
849 872
849 874
849 889
849 942
851 862
852 889
852 901
852 923
853 866
853 905
854 869
854 899
854 924
854 937
855 912
855 923
855 942
856 871
856 923
857 928
857 933
857 934
858 885
858 902
858 919
859 869
859 928
860 861
860 897
860 917
860 957
860 960
861 890
861 901
861 925
861 927
861 950
862 903
862 916
862 941
863 895
863 937
863 949
864 871
864 921
865 868
865 882
866 872
866 887
866 934
866 949
866 960
867 868
867 884
867 899
867 940
868 870
868 894
868 898
869 876
869 915
869 923
870 970
871 905
872 897
872 903
872 935
873 894
874 895
874 902
874 935
875 881
875 904
875 940
876 893
876 906
876 954
876 971
877 880
877 942
878 890
878 893
878 896
878 930
879 883
879 949
879 961
880 881
880 887
880 915
880 918
880 922
880 945
880 960
880 969
881 886
881 914
881 930
881 942
881 960
882 895
882 957
882 964
883 888
883 898
883 903
883 927
883 940
883 954
884 915
884 925
884 945
884 953
885 893
885 906
885 920
885 958
886 890
886 899
886 918
886 968
887 897
887 907
887 923
887 946
888 981
889 920
889 932
889 950
890 898
890 956
891 893
891 928
892 910
893 930
893 934
893 946
893 987
893 989
894 915
894 919
894 925
895 928
895 951
896 917
896 918
896 959
896 969
897 904
897 936
897 941
897 962
897 992
898 941
898 944
898 954
899 971
900 949
900 963
900 975
900 985
900 990
901 902
901 909
901 920
902 920
903 911
903 927
903 952
904 917
904 974
904 979
905 923
905 927
905 980
905 988
906 945
906 946
907 912
907 941
907 963
908 912
908 955
908 959
909 924
909 967
910 938
910 942
910 950
910 989
910 996
911 929
911 947
911 972
911 984
911 986
911 993
912 914
912 920
912 931
912 948
912 969
912 989
912 991
913 963
913 968
913 992
914 933
914 951
914 965
914 982
915 937
915 972
915 988
916 931
916 955
916 981
916 984
917 931
917 944
919 949
919 952
920 952
920 989
920 999
921 925
921 926
921 964
921 967
923 944
923 947
923 965
923 994
924 940
924 950
924 975
925 942
925 965
925 971
925 995
926 931
926 946
926 983
926 987
928 974
928 997
932 949
932 978
932 987
932 992
934 975
935 974
936 945
937 950
937 952
937 992
938 955
938 976
939 957
939 960
939 964
940 947
941 973
942 944
942 945
942 959
942 966
942 984
942 985
942 987
943 974
943 975
944 985
945 999
946 974
948 969
948 973
949 964
950 991
951 995
953 957
953 959
954 988
954 993
955 989
956 968
956 994
957 960
959 968
959 999
960 975
960 999
961 988
962 972
962 994
964 975
964 998
965 968
965 978
966 980
966 1000
967 969
967 980
972 977
972 991
973 974
976 980
976 990
977 980
978 989
979 990
979 998
982 1000
984 989
986 996
990 997
991 996
995 999
0 3 16 5 14 16 28 37 10 2
10 13 11 8 9 6 3 0 8 6
13 21 20 15 23 16 3 6 7 22
6 22 6 29 5 7 33 11 3 5
1 8 7 18 7 11 13 0 1 4
4 11 6 22 26 4 1 22 9 11
9 17 16 23 12 15 35 6 10 2
34 5 10 8 2 23 28 24 4 11
8 11 9 5 10 24 22 5 2 8
4 1 10 11 7 2 12 24 28 9
5 11 27 31 21 11 8 1 17 9
3 14 17 3 17 10 5 16 5 5
2 11 8 4 0 3 1 12 5 3
33 2 30 9 5 25 20 4 19 3
7 8 4 1 17 1 10 15 11 14
1 22 2 4 32 19 27 17 5 6
4 12 2 15 28 11 15 13 10 36
16 9 11 4 10 9 16 24 16 30
8 8 0 2 12 7 2 0 6 9
12 13 16 13 3 8 0 6 11 4
45 37 8 22 46 31 9 46 42 43 18 33 55 35 49 43 36 38 60 28
1 2 1 1 4 1 1 1 1 1 1 1 4 1 2 1 1 1 7 1
7 8 3 1 9 12 1 1 1 7 2 5 16 1 6 5 2 1 11 6
8 1 1 1 3 3 4 4 1 7 1 1 8 8 2 4 4 1 7 5
47 55 21 53 63 41 33 49 49 42 20 44 79 41 42 51 25 23 68 49
13 17 5 15 31 8 10 7 15 15 18 11 23 12 11 13 9 1 22 16
27 34 5 25 31 29 14 18 21 32 12 21 42 24 36 29 15 16 51 24
30 47 16 44 52 39 31 19 29 44 22 29 47 18 46 33 35 28 56 36
10 2 1 1 12 1 1 6 1 8 1 1 5 7 3 1 1 1 8 1
8 9 1 1 11 5 1 5 7 6 8 8 14 5 13 9 4 7 19 7
3 5 1 1 6 4 1 4 1 8 4 3 11 3 11 5 4 2 13 5
30 23 3 22 35 25 11 29 21 31 6 14 44 21 37 28 22 21 44 22
11 15 4 16 30 10 6 14 13 14 9 9 33 13 5 12 6 2 22 19
14 41 26 24 40 25 15 19 23 29 31 18 47 34 30 8 13 9 49 42
26 22 8 20 33 14 10 14 28 20 19 29 39 9 27 31 14 11 35 13
2 3 1 2 4 3 1 1 1 2 2 3 5 1 9 7 6 2 13 3
6 11 7 11 20 8 1 13 9 3 3 9 22 4 2 12 4 1 18 11
22 8 1 7 20 11 3 11 9 19 4 10 22 12 26 22 13 10 28 2
30 47 18 32 57 44 17 34 40 44 29 29 60 30 48 31 34 29 70 38
19 8 1 11 15 15 8 3 7 19 8 15 27 6 22 18 12 6 19 6
8 4 2 1 9 8 1 1 1 10 3 4 13 3 6 6 3 1 6 5
10 4 3 1 3 5 3 5 3 8 1 5 13 7 9 4 1 4 12 7
25 17 4 25 39 17 9 19 17 21 11 18 39 22 19 29 16 5 35 19
29 45 24 42 54 39 30 19 23 42 39 29 57 26 40 28 34 25 53 46
25 40 30 31 47 32 23 13 34 24 31 33 50 19 32 33 27 1 56 31
19 29 18 22 33 29 7 19 17 26 18 24 45 15 21 17 9 1 37 26
55 44 17 29 49 27 28 28 45 44 30 48 61 38 40 50 23 20 55 37
22 30 25 19 38 21 18 18 24 13 20 22 36 19 9 19 12 1 35 27
35 30 22 8 26 21 1 28 27 33 12 37 46 26 39 33 16 24 49 26
38 36 17 36 53 21 32 22 30 37 30 21 46 38 23 28 25 14 46 39
23 49 27 22 45 34 18 26 24 41 35 22 57 41 35 9 20 19 58 51
3 8 1 2 11 3 1 1 3 6 4 1 9 2 7 1 1 1 8 1
38 34 8 34 46 31 24 19 26 39 26 29 55 33 34 36 19 8 48 35
43 51 19 26 43 30 22 23 37 39 29 45 65 38 38 38 15 19 60 45
9 9 5 3 9 7 6 2 2 5 3 5 14 8 2 3 2 1 12 11
12 9 1 6 14 3 8 1 4 7 4 6 12 10 6 5 1 1 10 10
3 6 1 1 9 2 2 1 3 1 5 1 4 3 2 3 3 1 12 3
14 24 8 23 29 27 9 8 6 22 17 17 37 6 29 16 20 13 35 23
20 21 10 13 32 11 17 1 16 12 19 17 28 18 11 16 6 2 26 20
32 48 19 36 48 28 22 38 38 39 23 31 62 36 40 30 20 32 63 43
27 21 4 24 35 15 13 18 20 16 14 28 45 19 13 26 5 6 28 25
16 22 16 20 36 17 11 16 21 16 19 20 33 17 12 20 11 3 33 21
24 29 11 18 25 16 1 35 28 30 1 21 46 27 33 30 18 25 46 27
18 16 11 15 28 16 6 11 16 11 9 20 27 5 14 20 10 2 25 10
43 40 18 41 56 27 27 42 35 35 12 35 63 36 33 34 19 21 53 41
18 22 9 10 25 18 11 5 11 23 17 13 25 17 21 14 11 9 31 18
45 40 7 26 53 35 20 36 41 40 24 36 58 39 44 39 23 24 61 29
3 7 3 1 7 5 1 1 1 1 2 3 11 1 3 5 2 1 15 7
11 41 23 19 40 42 8 4 10 29 31 28 53 13 37 17 25 12 53 39
14 10 8 19 21 7 7 23 15 13 1 10 25 15 5 14 7 4 13 15
28 20 12 17 38 13 14 21 19 21 18 18 35 30 15 19 9 10 34 25
43 29 4 23 33 18 22 31 24 30 18 31 46 38 25 31 1 10 37 31
14 8 4 8 19 5 4 8 11 11 7 12 15 8 12 13 4 6 15 5
31 51 16 30 35 28 20 29 28 41 17 42 71 33 41 22 9 30 56 54
14 8 6 5 12 11 7 1 1 5 4 11 17 6 5 10 6 1 13 12
9 7 1 10 17 9 7 8 7 7 6 5 17 6 14 12 10 1 16 9
11 5 2 10 18 2 1 13 9 6 1 10 21 7 4 12 1 1 15 6
32 17 3 26 40 23 13 15 19 30 15 21 39 19 25 30 18 4 33 12
24 32 13 37 40 25 15 40 38 23 3 24 54 17 36 40 24 23 49 26
11 25 9 20 32 24 8 8 14 19 19 18 36 9 28 19 17 12 40 23
14 8 6 6 12 13 4 6 3 9 6 13 26 6 10 12 7 3 17 14
11 11 5 5 24 1 9 1 9 5 13 3 13 13 3 8 6 1 18 9
18 15 6 18 33 11 12 11 16 11 11 13 24 16 11 24 15 4 25 11
19 8 1 6 16 4 6 9 8 13 6 9 11 15 19 13 8 9 25 5
13 32 14 17 27 29 9 7 9 21 16 19 44 13 28 19 13 4 42 29
28 23 15 32 37 27 15 27 26 24 10 28 52 13 29 31 19 12 34 26
14 9 4 10 16 9 6 13 5 17 3 4 26 16 8 6 3 3 10 17
42 35 22 26 48 41 19 41 33 33 24 35 55 26 35 28 30 20 47 33
17 4 1 6 13 5 7 1 1 9 4 9 14 9 3 10 5 1 3 5
14 3 1 7 15 11 4 1 2 5 6 10 17 1 12 17 12 1 19 4
10 18 10 1 14 12 7 1 3 8 10 10 24 11 10 5 1 1 23 17
36 42 18 27 45 23 20 27 33 31 20 34 54 33 37 33 16 21 56 33
12 22 10 3 15 9 2 11 11 7 10 16 30 15 12 11 1 7 28 20
17 18 7 17 24 13 13 7 13 11 10 17 24 16 15 20 10 5 30 18
45 33 18 25 43 30 15 40 39 44 7 38 62 36 51 52 37 34 51 32
22 20 1 25 31 19 13 9 12 27 14 23 37 14 16 18 6 4 19 20
19 32 17 10 28 20 9 12 20 14 18 28 46 16 24 18 1 8 41 27
3 2 1 1 5 3 1 1 2 1 1 1 6 1 3 1 1 1 7 4
30 26 14 16 40 18 17 16 24 18 19 18 37 30 22 24 15 11 46 26
6 1 1 1 5 1 3 1 1 1 1 2 9 2 5 3 1 1 6 4
45 45 10 33 48 32 25 38 31 51 21 35 68 46 37 20 15 32 54 51
15 10 1 7 20 10 6 1 3 13 8 8 20 9 10 9 4 1 10 7
16 25 15 19 28 30 4 20 17 22 10 15 35 12 27 18 15 6 43 17
17 4 1 3 12 5 4 11 1 16 4 4 17 13 9 8 5 2 10 7
32 29 6 43 45 36 16 18 22 42 17 33 63 18 40 35 28 16 45 32
1 37 30 23 36 19 14 11 23 9 27 21 42 21 24 14 14 1 48 37
11 12 6 4 18 5 6 6 8 8 13 9 15 11 7 10 5 4 16 9
3 5 1 1 8 1 1 1 1 1 4 1 6 3 1 3 1 1 12 3
3 7 1 8 10 4 3 5 1 8 1 1 18 9 10 5 3 1 12 10
28 32 20 14 32 18 11 20 32 11 13 34 42 14 22 32 13 11 46 21
26 36 9 20 34 11 16 26 29 29 13 21 47 33 28 22 8 22 47 33
34 33 7 27 39 6 16 44 37 37 14 25 46 42 32 16 3 32 49 31
25 38 9 36 43 26 15 21 20 36 16 33 63 24 28 20 11 16 46 41
47 49 15 47 52 50 31 22 37 45 35 57 74 24 52 51 28 20 65 43
13 34 23 24 37 17 17 15 26 22 22 15 32 27 23 12 11 7 42 26
13 11 4 10 25 6 7 11 9 11 11 8 22 16 6 11 6 2 18 15
32 37 16 10 29 19 16 21 25 26 20 23 44 36 30 16 5 18 45 31
44 35 16 32 49 31 28 36 32 30 22 36 50 33 23 34 11 7 43 35
22 15 6 9 22 9 7 14 12 11 8 16 30 18 10 15 4 7 24 17
10 12 1 10 19 1 6 9 5 8 4 2 19 18 1 3 1 1 10 17
43 47 28 44 69 44 33 27 49 43 38 33 57 31 44 44 44 22 69 38
6 5 1 4 11 1 5 2 4 4 4 2 6 4 6 1 1 1 7 4
28 19 7 23 25 25 18 1 13 29 16 24 36 9 27 24 19 7 23 19
9 9 4 8 20 4 5 8 10 5 7 7 15 7 6 12 5 1 17 6
6 3 1 1 7 4 1 1 1 5 2 1 7 1 1 3 1 1 5 2
7 15 7 10 13 19 2 9 10 10 4 10 27 3 21 18 14 9 33 12
17 13 6 1 7 8 1 12 10 12 5 13 19 13 16 12 4 11 24 9
15 15 1 22 28 3 13 18 15 13 7 12 28 20 2 13 1 1 11 21
24 19 11 4 21 17 7 12 7 16 14 16 28 20 15 10 6 9 31 18
9 26 11 25 27 30 6 22 17 25 8 11 40 11 28 21 20 12 36 25
36 41 22 36 57 21 40 17 39 29 42 36 44 48 28 36 22 7 49 39
1 4 2 2 6 4 1 1 3 2 1 1 7 1 1 1 1 1 6 5
12 4 1 5 12 7 6 8 4 5 4 6 18 7 4 8 5 1 6 11
20 18 8 16 26 16 2 23 21 12 1 17 31 9 24 28 13 10 41 8
52 47 26 29 58 42 28 33 44 36 32 47 65 31 44 37 27 19 61 37
31 24 17 28 40 24 18 21 27 21 19 30 33 10 25 32 24 7 33 15
6 6 1 11 14 4 4 13 7 8 4 4 15 9 1 6 4 1 8 12
21 11 1 17 25 16 13 5 9 17 10 17 26 13 19 26 15 3 22 13
18 9 1 5 13 3 8 5 6 5 4 12 21 10 10 12 1 6 13 11
21 9 2 6 23 9 4 18 5 20 9 4 23 21 10 6 5 6 14 14
37 38 17 42 52 36 24 34 38 21 14 39 61 16 36 52 31 18 55 32
15 4 3 4 12 10 1 6 3 16 5 9 17 8 11 10 6 3 8 6
15 8 7 16 20 20 1 12 12 16 6 17 35 8 23 24 15 7 25 15
23 20 11 16 29 22 12 1 16 21 21 19 25 8 18 24 21 5 29 15
6 18 11 4 19 6 11 2 9 1 11 5 17 12 5 1 1 1 20 19
17 11 1 8 17 11 5 4 3 16 1 7 23 11 10 8 1 1 13 11
41 40 19 42 61 33 25 35 35 38 26 34 59 37 40 37 27 17 55 39
34 31 17 35 46 43 13 25 18 45 26 32 54 17 41 29 33 24 49 30
30 26 13 14 33 19 13 7 26 24 22 26 33 14 26 28 16 9 41 17
14 12 6 12 16 11 5 15 12 11 4 12 31 11 20 17 8 10 24 17
28 35 11 21 36 18 12 28 35 31 11 20 46 28 41 36 22 23 51 24
12 12 5 12 19 14 4 7 11 11 2 14 26 1 16 14 3 4 21 8
21 16 9 23 29 16 4 24 20 16 6 22 39 15 19 30 15 11 31 17
12 7 1 16 20 22 3 4 10 20 7 9 25 2 24 22 19 3 21 5
12 10 1 10 18 1 2 12 7 15 3 6 24 13 8 11 4 8 19 13
10 1 1 6 15 3 2 4 4 6 1 7 16 2 3 8 2 1 1 3
19 19 8 13 26 14 7 21 13 23 10 9 33 26 22 14 9 13 37 22
18 29 22 17 34 16 22 3 23 16 27 22 39 28 26 23 20 4 42 27
31 23 5 24 27 30 5 22 20 36 9 27 52 19 41 32 20 17 44 21
12 22 13 2 21 14 4 1 9 4 13 21 29 6 15 9 1 4 29 19
11 1 1 7 14 1 2 10 4 8 1 6 17 9 5 6 1 1 7 6
8 6 2 6 14 4 1 7 7 10 2 4 11 5 6 9 2 1 12 1
46 49 17 36 63 39 34 21 36 50 46 38 57 44 43 22 29 25 58 45
10 6 1 16 19 12 3 13 6 14 5 7 25 10 11 17 14 5 14 15
1 5 2 3 7 9 1 1 1 3 1 1 8 1 9 7 7 1 16 5
21 13 5 9 26 10 3 19 19 16 11 14 20 17 17 14 8 12 31 7
32 15 1 15 27 13 17 16 11 27 13 18 28 25 14 21 5 2 19 17
31 45 28 25 45 36 25 14 28 37 41 29 55 33 38 20 25 10 56 41
16 23 16 11 28 16 8 7 14 10 14 20 28 16 19 18 6 2 41 21
48 24 6 29 51 32 22 29 36 39 24 38 49 32 38 39 29 18 47 22
34 38 12 24 40 35 1 35 34 46 10 36 61 24 53 40 30 34 62 25
13 16 15 19 25 27 4 11 14 10 12 26 38 1 21 26 17 1 34 17
15 16 7 6 20 7 11 3 8 10 9 7 16 17 8 7 2 1 19 15
20 29 21 23 39 30 11 15 16 23 25 32 50 10 22 24 19 3 39 31
12 9 1 3 14 10 1 6 3 14 6 5 19 9 15 12 7 1 21 7
9 12 7 6 17 15 1 7 6 12 7 11 25 3 9 9 4 1 16 12
8 8 2 5 7 13 2 1 1 14 2 7 18 2 15 8 4 4 14 8
24 21 1 24 28 26 7 22 24 29 4 20 43 9 38 35 22 20 38 12
31 34 15 15 40 26 16 31 22 30 25 21 44 39 22 12 18 19 43 39
6 4 3 1 4 5 1 3 1 8 1 1 5 6 6 6 6 1 11 6
35 29 12 14 36 4 19 19 30 21 18 23 30 37 23 23 6 17 38 20
14 17 11 13 30 10 14 1 16 10 21 9 15 14 13 17 16 1 28 12
32 33 14 16 23 28 6 17 24 35 13 38 52 15 42 33 22 25 44 26
18 37 16 22 35 30 14 6 9 29 27 25 50 21 23 10 9 4 38 39
22 27 13 14 27 14 13 11 20 6 15 28 37 16 16 21 1 9 35 23
32 29 9 21 41 35 12 33 25 37 16 18 44 24 38 28 31 23 48 25
28 26 8 25 32 8 14 31 26 16 1 23 43 25 16 22 3 11 32 25
38 29 9 37 45 44 19 30 26 49 16 23 56 20 45 37 36 22 47 28
15 3 2 3 12 7 3 7 1 9 1 5 16 10 10 10 6 1 17 9
38 46 9 39 49 26 28 23 28 45 27 37 63 31 41 26 20 31 51 40
11 7 4 1 8 6 2 1 2 2 1 9 19 4 5 5 1 2 16 10
38 47 26 43 58 27 41 35 44 22 32 34 54 40 23 35 11 2 48 48
35 11 1 14 31 17 12 16 14 26 15 18 30 24 18 22 18 7 24 15
13 3 1 4 14 5 1 1 5 5 5 10 13 1 12 17 9 3 18 1
39 43 22 46 57 31 24 45 40 43 23 38 66 37 38 32 22 27 61 41
26 29 22 12 33 31 11 25 21 23 17 29 40 19 27 13 19 11 44 30
7 11 4 8 18 8 4 9 9 7 6 5 21 5 9 9 3 1 17 8
6 4 1 5 8 10 1 3 2 7 1 1 10 3 7 11 9 1 16 4
42 45 22 44 58 40 35 4 36 46 41 43 52 18 47 43 37 23 56 38
24 26 13 22 43 14 20 13 24 20 19 15 34 31 20 23 11 3 42 23
2 8 2 1 9 1 2 3 3 4 7 1 5 5 6 5 5 1 14 3
18 43 23 36 45 49 13 22 21 30 17 33 62 1 41 30 31 15 56 36
8 19 10 14 29 7 12 5 17 7 14 9 28 13 16 13 8 1 31 16
31 27 10 23 29 20 13 18 26 21 6 32 46 17 31 38 14 14 40 20
23 17 4 7 22 24 2 13 7 28 11 11 29 16 26 12 14 10 32 14
13 22 8 24 39 13 8 24 21 24 10 4 32 24 21 19 11 5 35 16
11 15 10 1 10 12 1 4 7 4 8 15 21 1 12 11 1 8 24 13
29 44 21 31 49 25 19 40 40 37 25 28 57 43 39 21 14 27 66 44
20 21 12 22 31 17 9 23 26 6 6 21 35 9 26 32 17 9 41 15
3 5 1 5 11 12 1 1 1 6 1 1 19 1 13 10 7 1 16 6
6 5 1 1 13 4 1 1 2 5 4 2 7 2 3 6 3 1 11 3
40 20 4 9 28 15 5 18 19 28 9 25 39 27 35 33 18 18 41 15
14 34 18 20 35 24 14 11 24 16 19 21 45 19 28 23 12 7 49 30
15 25 12 21 31 27 7 9 17 17 13 22 35 2 18 19 12 2 30 15
39 45 17 38 61 41 24 30 36 44 37 33 66 42 36 33 23 8 61 45
14 10 1 13 14 8 6 9 1 16 2 5 24 15 17 12 6 1 18 13
7 11 5 4 19 12 1 1 4 5 10 6 16 4 6 13 10 1 22 9
6 3 1 2 12 4 1 1 3 9 2 5 9 1 9 6 1 1 6 1
34 36 13 22 41 24 12 27 31 35 20 32 42 25 41 29 18 25 53 21
5 1 1 1 3 1 3 1 1 3 1 1 6 5 2 1 1 1 6 3
8 10 4 4 13 4 8 1 5 8 9 4 10 10 8 1 1 1 12 6
20 17 2 25 28 18 9 16 8 26 6 14 38 20 21 18 12 6 24 24
16 17 12 21 29 19 10 18 21 12 7 17 27 8 25 26 18 5 35 11
26 8 5 16 25 12 9 11 18 15 7 22 24 7 16 27 15 3 24 3
5 10 3 4 2 12 1 3 1 15 1 2 16 5 13 3 3 2 16 9
43 49 24 30 50 34 20 21 40 43 32 44 64 32 46 38 25 23 69 37
3 8 3 1 9 5 1 1 1 2 4 2 6 2 3 2 1 1 13 6
21 39 15 37 51 9 31 27 33 31 21 13 45 48 31 17 19 14 48 39
3 1 1 1 7 1 1 1 1 1 1 1 3 1 1 1 1 1 3 1
30 27 20 35 42 24 23 33 28 11 15 26 39 24 28 34 26 11 40 27
28 30 4 25 42 18 12 40 29 37 10 18 47 32 28 9 8 21 38 29
7 7 5 10 16 5 7 8 10 1 5 8 13 6 6 11 7 1 16 8
11 16 16 8 21 25 2 2 6 13 16 25 32 1 19 16 15 4 30 19
5 8 1 9 5 10 1 9 1 15 1 1 19 8 12 5 5 4 11 12
3 6 1 4 5 7 1 2 1 9 1 3 15 1 13 2 1 2 8 6
35 46 26 25 42 42 12 13 31 43 32 47 59 14 50 39 25 19 65 33
23 17 2 24 29 20 8 18 23 26 10 22 44 12 33 33 21 13 33 16
22 20 5 13 29 6 7 16 21 21 16 16 31 24 18 20 8 9 30 16
15 32 21 25 37 33 12 19 23 19 17 23 46 12 28 29 20 7 48 25
16 16 1 21 25 10 11 13 12 16 8 12 28 17 14 19 6 1 24 15
7 2 1 1 10 1 1 1 1 5 3 2 5 1 1 8 5 1 8 1
30 16 11 20 30 17 11 21 24 12 9 28 33 6 21 32 18 8 31 10
34 43 20 44 46 25 28 42 33 36 10 29 60 32 32 19 12 21 49 45
11 16 4 8 18 19 1 1 8 10 7 13 27 2 23 19 10 5 32 9
10 9 1 6 14 9 2 6 1 15 7 3 22 10 10 9 6 1 15 10
21 18 2 11 24 5 16 8 12 13 14 11 17 22 3 13 1 1 18 15
29 37 15 29 45 45 9 29 23 50 20 30 65 18 48 31 30 24 58 34
45 48 30 34 58 33 32 51 52 34 34 38 58 47 47 35 34 31 69 44
31 28 13 30 46 15 19 31 24 24 12 22 43 31 12 26 13 8 34 30
18 22 3 17 25 25 7 2 3 24 14 19 39 8 17 11 11 4 25 21
32 14 2 15 24 16 15 6 12 24 13 22 32 17 18 25 12 3 25 15
17 35 25 31 45 19 22 15 34 19 26 28 44 24 30 28 21 4 45 26
3 8 5 1 7 12 1 1 1 5 1 5 17 1 5 2 1 1 9 8
8 3 1 1 5 2 1 1 3 7 2 5 9 4 10 6 1 4 10 3
19 7 5 4 13 12 5 8 1 19 6 7 17 12 10 10 7 4 13 8
26 7 3 9 18 12 7 11 11 18 6 17 30 13 18 17 7 8 14 11
3 10 5 8 14 11 1 3 6 5 5 4 12 4 11 10 9 1 22 8
5 9 5 5 11 7 4 7 6 5 6 1 12 1 5 1 1 1 11 10
14 5 1 8 17 2 4 7 6 7 1 8 18 9 1 9 1 1 7 6
46 45 21 46 51 46 32 32 40 33 25 54 72 21 43 48 24 18 55 43
7 6 1 1 11 5 1 6 2 12 2 1 10 7 8 1 1 1 12 3
12 44 32 33 47 27 26 16 41 14 31 30 48 29 39 35 29 15 64 36
40 52 19 43 52 26 33 43 50 28 24 43 62 40 42 47 16 17 61 44
27 21 3 28 35 16 19 22 23 18 13 24 36 22 20 32 8 1 34 21
37 51 28 38 52 36 30 22 36 40 36 40 64 31 54 39 36 34 68 45
31 37 18 15 33 27 17 8 23 18 26 37 45 20 31 34 17 12 52 29
17 21 1 29 36 20 10 22 19 25 13 13 38 15 22 27 23 14 34 18
29 42 31 15 34 27 7 28 27 32 19 46 60 32 42 31 24 28 57 45
32 25 10 21 43 21 16 24 24 35 26 17 37 31 23 19 19 12 36 26
2 13 3 5 16 13 1 2 7 8 5 1 18 3 18 13 9 2 28 6
10 12 10 16 18 17 5 11 13 10 1 11 22 2 16 19 11 1 22 10
11 7 1 5 17 3 4 4 3 3 2 7 18 7 2 7 1 1 10 9
3 5 1 3 11 1 1 3 7 1 4 5 8 1 7 4 1 2 12 1
12 16 4 20 34 19 6 12 16 14 10 10 34 8 18 24 16 2 29 11
5 22 12 12 24 6 12 10 12 6 13 1 24 20 6 6 6 2 28 26
5 11 6 8 17 5 4 7 12 1 7 9 13 5 6 8 1 3 19 6
31 44 23 27 44 25 16 38 45 34 25 29 56 43 47 31 25 25 67 36
32 47 27 48 52 48 23 22 25 47 30 45 70 11 41 33 32 21 55 46
4 10 6 14 21 18 1 8 11 8 1 10 23 1 11 21 13 1 24 6
18 19 11 14 24 11 10 14 19 6 8 20 28 12 13 20 7 9 31 13
26 28 16 20 32 30 19 3 19 27 26 22 37 7 26 23 20 8 32 21
32 47 21 43 55 35 34 31 44 34 23 30 60 33 38 41 27 19 62 45
9 13 5 6 13 8 3 10 12 6 7 11 22 6 15 9 1 8 22 11
18 11 1 13 23 16 1 7 12 17 11 15 23 7 25 27 19 10 29 5
11 27 16 13 28 19 8 9 11 13 16 23 39 11 13 12 2 1 31 27
17 43 26 30 45 27 19 26 31 32 26 19 52 34 31 19 18 16 57 44
33 52 17 41 53 45 20 27 36 44 25 39 76 25 50 42 28 23 65 43
14 29 12 18 31 31 5 23 20 30 16 8 36 21 30 16 19 14 45 22
9 9 3 3 15 4 1 6 6 9 6 1 7 10 3 4 1 1 14 6
49 44 22 10 40 27 18 36 38 36 27 40 50 45 43 30 25 35 61 38
8 3 1 3 5 1 6 1 1 2 1 4 10 5 4 5 1 1 7 8
14 10 1 15 17 5 6 16 7 20 1 7 26 19 14 7 2 4 13 15
26 20 6 34 40 21 16 28 25 20 1 20 42 14 19 36 23 7 30 21
22 17 8 8 30 17 1 18 15 20 14 15 25 18 14 15 13 9 32 13
36 46 34 47 63 39 33 40 43 23 27 32 61 35 33 45 37 17 58 43
19 10 7 11 16 20 4 7 11 17 4 16 29 8 23 22 13 7 26 10
18 42 31 32 45 24 25 23 37 22 26 27 47 31 37 25 22 10 58 36
28 45 34 12 39 36 10 20 22 33 34 43 58 35 37 21 22 27 51 48
34 55 20 49 60 23 42 42 47 39 30 35 63 49 27 22 3 18 54 55
25 36 14 43 46 42 15 22 27 37 21 37 69 13 43 35 29 20 54 37
12 10 4 9 14 16 1 8 5 18 4 3 19 9 18 15 12 3 22 7
18 27 5 32 30 18 11 25 22 29 9 22 46 17 34 21 15 26 39 27
9 7 1 1 11 2 1 3 2 10 6 3 6 8 9 7 4 1 14 1
25 26 15 30 35 29 15 15 13 33 19 28 42 8 28 23 23 17 31 22
31 20 9 14 26 14 4 23 25 23 10 29 37 16 24 30 11 14 33 11
10 6 1 10 18 5 6 2 5 6 3 4 12 7 11 13 8 1 14 5
18 23 13 21 40 14 21 5 24 14 25 17 34 17 16 17 14 1 26 20
22 17 5 11 30 8 16 1 15 11 18 15 26 17 10 18 10 1 27 16
13 18 12 7 19 10 13 9 10 12 14 5 15 21 12 9 9 1 29 18
11 7 1 6 14 1 7 1 1 1 3 5 8 6 4 12 5 1 12 6
12 12 5 13 17 12 6 10 9 16 4 8 25 9 15 12 6 4 20 12
2 1 1 1 3 1 1 1 1 2 1 1 7 1 7 2 1 1 2 1
25 46 37 22 48 27 23 23 38 21 35 35 47 34 34 19 19 14 61 40
21 9 1 11 24 12 2 19 9 26 9 9 27 17 20 12 8 8 21 10
15 1 1 4 13 10 1 4 2 18 3 5 14 7 13 12 9 1 11 2
5 6 1 1 10 2 1 1 1 3 5 1 7 4 1 3 1 1 7 3
42 49 35 43 62 37 41 31 45 19 36 42 59 35 28 42 27 13 54 46
34 18 7 30 36 19 21 20 24 25 16 30 39 20 19 35 18 1 28 18
25 31 17 14 41 35 10 13 19 32 28 20 42 23 34 20 22 8 52 25
30 42 19 28 49 42 14 17 26 39 27 36 62 20 45 35 25 15 61 33
35 21 3 29 37 14 19 20 23 30 10 24 47 26 15 23 10 10 28 29
38 42 26 21 46 32 7 33 35 41 25 44 62 30 49 43 29 24 67 35
33 35 18 39 49 31 23 31 33 23 14 34 59 24 31 42 22 11 49 35
27 32 7 30 42 23 5 33 28 39 16 28 51 29 42 32 18 25 51 23
1 7 1 9 13 11 1 4 5 9 1 1 14 1 16 10 9 1 17 2
15 10 1 10 21 5 7 4 7 12 4 9 20 11 8 11 1 1 12 7
4 1 1 1 4 1 2 1 1 1 1 1 8 1 5 1 1 1 1 2
35 35 22 25 38 36 25 3 23 37 30 28 43 14 29 26 23 12 37 30
18 20 10 10 28 14 11 4 13 22 20 6 24 20 17 11 12 1 32 14
14 9 8 9 19 11 6 9 10 12 5 12 23 8 10 13 6 1 17 10
46 33 11 29 44 32 18 28 29 43 22 34 61 33 39 32 22 19 45 34
21 24 6 13 28 15 7 10 25 18 15 23 33 11 28 28 10 10 40 11
13 22 11 16 29 11 17 4 15 13 16 7 19 20 19 14 11 1 30 17
27 22 8 25 32 18 9 23 22 21 7 28 49 19 19 29 12 10 37 22
11 6 2 5 11 4 7 1 3 3 1 4 13 8 2 8 3 1 9 10
29 35 2 23 26 11 10 26 20 38 9 27 49 34 35 24 12 24 42 32
20 40 22 32 45 30 20 12 25 28 31 30 58 24 30 22 19 6 51 41
24 47 30 34 53 36 23 15 27 37 41 39 64 31 40 20 23 11 58 47
11 8 1 6 12 10 5 1 1 10 1 2 17 8 12 10 6 1 15 8
11 2 1 2 11 7 2 1 1 3 1 6 17 1 1 6 2 1 3 7
9 7 6 12 14 10 1 14 9 10 4 6 17 10 9 13 10 1 19 11
2 1 1 1 6 1 1 1 1 1 1 1 5 1 1 3 1 1 6 2
15 26 25 18 23 28 12 17 19 9 10 25 34 4 22 20 14 5 33 24
50 33 6 29 39 28 28 22 34 35 26 42 51 31 31 42 11 10 41 29
9 13 1 16 20 17 4 15 10 18 5 2 25 8 22 19 17 8 26 11
5 4 1 1 7 2 1 1 1 1 1 1 7 2 2 5 2 1 12 4
31 45 21 29 44 33 19 15 29 28 27 43 57 20 36 29 16 22 55 34
11 31 21 4 29 25 6 1 6 16 22 26 34 14 18 11 15 8 36 30
13 49 20 34 42 29 22 19 23 30 23 23 59 30 34 12 14 17 59 51
10 2 1 6 13 5 4 8 4 5 2 5 17 6 5 6 3 1 7 10
8 19 1 15 22 7 4 15 10 22 4 1 27 18 8 1 1 6 18 20
52 40 21 24 55 29 28 41 44 32 27 42 50 38 42 34 26 29 51 30
19 10 1 4 15 6 4 9 10 10 3 14 28 10 16 14 1 8 17 9
10 1 1 5 8 6 1 8 6 14 1 1 7 10 8 1 1 1 7 6
34 25 4 19 35 18 21 12 23 23 23 29 37 25 22 30 8 8 33 22
6 12 8 7 14 11 1 12 8 10 1 8 20 4 7 5 1 1 16 8
32 18 10 17 25 17 7 29 27 24 2 27 44 20 34 37 18 15 38 15
1 13 4 1 12 4 4 1 6 6 9 1 8 6 8 1 1 1 15 6
29 31 11 28 41 22 13 25 28 31 19 30 52 26 30 28 14 16 43 26
4 5 2 2 9 4 1 4 3 2 3 3 11 1 8 8 5 2 15 7
32 29 11 41 47 44 12 33 29 46 16 31 58 15 50 39 36 28 53 25
25 51 8 41 46 27 21 36 38 45 20 27 60 32 51 28 23 40 64 41
39 52 31 37 56 42 36 31 39 25 35 48 60 28 29 39 8 1 54 48
12 6 3 6 15 7 4 7 4 6 3 6 20 8 1 7 3 1 10 12
10 37 32 15 39 31 7 17 19 16 22 32 48 12 25 13 17 9 44 37
19 31 13 30 33 44 11 8 15 33 22 27 49 1 37 29 32 13 44 26
4 5 1 1 8 4 1 2 1 4 3 1 12 1 7 3 1 1 10 4
43 40 14 41 47 37 25 22 30 50 27 33 64 26 45 37 30 26 55 39
9 26 3 20 27 13 8 16 12 26 10 6 34 19 16 3 3 13 25 27
7 20 1 20 23 10 5 16 11 24 8 6 27 16 16 3 3 10 18 19
4 7 1 1 11 1 1 1 2 1 6 1 3 3 1 3 1 1 9 2
28 34 25 31 49 21 29 12 35 28 38 27 39 28 32 32 32 6 47 31
37 49 33 47 67 48 26 40 46 41 33 35 67 30 44 44 38 15 67 42
20 24 13 15 31 18 13 12 21 13 13 15 30 19 21 24 15 11 41 19
16 36 22 27 42 32 17 7 20 20 28 25 51 17 28 22 18 2 49 35
21 20 2 12 24 11 16 8 11 18 14 14 27 20 12 14 1 1 20 18
6 10 4 3 14 5 6 1 6 2 9 3 9 8 11 11 7 2 24 7
31 20 15 23 39 23 14 26 22 19 9 24 40 18 28 32 20 9 42 19
9 16 10 7 15 12 6 9 7 7 10 11 25 10 12 9 6 5 26 19
1 4 2 1 2 5 1 1 1 2 1 3 12 1 7 1 1 1 11 6
5 6 1 1 11 8 1 1 1 9 3 1 17 1 6 3 1 1 8 5
17 11 3 16 23 15 7 12 7 20 11 10 30 13 14 18 15 4 19 16
31 31 19 19 34 35 14 35 29 30 14 29 47 21 36 18 20 19 45 30
30 21 1 24 30 21 15 14 12 32 17 24 42 22 22 21 10 8 25 24
7 12 1 16 20 6 4 11 6 11 1 4 29 10 7 8 1 1 13 17
28 32 30 7 37 42 3 20 17 42 34 36 51 28 35 15 27 23 42 39
11 10 1 6 12 11 1 9 1 20 5 1 16 10 18 7 6 5 21 7
27 24 11 14 34 17 15 14 18 29 24 13 34 29 26 11 12 11 33 21
11 17 6 6 17 4 8 6 8 15 11 2 19 18 16 6 3 2 28 13
10 5 4 6 14 10 1 4 6 11 5 7 13 4 9 13 10 1 12 7
25 7 1 12 23 9 2 20 11 22 6 14 29 18 24 21 10 10 24 8
22 23 12 10 15 15 11 10 14 11 10 26 37 17 17 16 1 9 27 26
7 9 4 8 11 12 1 5 11 6 2 9 18 3 20 17 11 8 27 7
38 35 13 44 47 40 27 21 32 34 24 42 64 19 37 46 22 7 50 36
15 11 4 6 20 3 4 9 8 8 3 10 21 13 9 11 1 1 24 10
1 11 5 3 12 4 2 5 5 3 7 1 13 7 3 1 1 1 14 13
6 1 1 2 4 3 5 2 1 3 1 2 9 4 7 5 5 1 9 6
17 24 12 9 23 26 3 6 7 26 18 17 33 11 20 12 9 2 33 19
20 19 6 10 17 4 3 21 22 16 8 19 26 20 26 25 11 16 34 13
23 14 6 13 22 14 13 1 9 11 12 20 27 11 11 19 9 5 19 16
34 49 24 35 43 35 21 37 43 24 13 43 63 22 42 48 28 25 66 38
16 28 11 12 24 13 17 3 12 16 15 9 28 23 9 10 2 1 30 25
17 36 21 17 38 30 6 20 24 22 22 30 51 17 34 29 20 17 55 30
28 34 25 33 54 15 26 30 33 21 23 24 46 38 21 23 17 7 41 36
38 56 32 46 62 41 31 37 37 39 28 46 76 32 35 33 23 19 58 56
47 34 7 19 38 22 14 37 34 37 16 32 52 40 42 40 24 29 54 30
9 10 1 3 9 6 6 1 2 5 2 8 21 5 12 9 2 1 18 11
31 31 3 26 39 9 17 29 29 26 9 24 47 33 27 30 14 24 43 27
27 36 15 23 35 11 28 13 29 19 26 24 42 35 25 23 8 9 39 31
28 30 6 33 53 22 17 29 28 33 15 14 47 32 20 26 19 13 44 28
20 11 3 10 26 18 2 19 11 22 10 6 26 18 24 14 15 8 30 13
19 32 20 31 46 28 18 11 33 20 22 23 44 15 32 33 26 3 52 20
30 37 19 18 39 33 17 16 17 37 28 25 46 25 38 16 21 24 53 35
10 11 6 11 19 7 7 7 9 6 3 9 18 7 4 9 1 1 14 9
4 5 1 3 5 6 1 5 3 11 1 1 12 4 11 4 4 1 9 5
32 39 15 38 52 31 26 22 32 34 28 34 58 27 20 34 15 3 41 38
23 40 24 40 45 38 16 42 33 35 12 27 52 16 34 35 30 22 53 36
25 26 5 24 28 18 25 21 19 18 22 22 33 27 14 23 5 1 28 30
24 28 11 14 27 10 1 27 27 27 6 28 44 22 32 31 12 20 40 19
21 19 9 18 30 13 11 13 14 14 9 16 27 20 15 21 10 3 33 17
36 42 18 32 48 11 26 39 43 18 11 34 54 34 26 36 14 23 49 38
16 20 3 22 24 23 3 10 7 24 11 21 42 6 32 19 17 17 32 22
14 7 1 9 18 3 7 8 6 6 4 9 17 10 8 14 6 2 16 9
14 41 27 22 37 38 2 21 21 30 18 41 64 12 38 21 18 19 50 40
8 9 1 7 12 9 1 10 3 19 3 3 16 8 17 3 3 4 19 8
13 3 1 5 12 7 4 1 3 7 7 8 11 1 5 10 7 1 6 1
32 47 21 41 53 40 29 13 20 42 34 36 62 21 36 25 27 19 48 48
20 14 5 14 26 14 13 7 11 15 18 15 28 11 15 16 13 1 22 16
11 5 1 1 10 4 1 6 3 11 4 4 10 8 8 5 1 1 10 5
35 56 25 39 49 40 15 37 40 44 24 50 78 26 46 36 21 27 65 47
7 3 1 1 9 3 1 1 1 6 4 3 6 1 4 6 3 1 7 1
8 17 11 8 16 13 1 10 8 7 11 12 23 10 9 7 1 4 23 18
21 47 31 5 32 36 7 9 21 36 31 36 50 28 44 19 19 23 61 37
16 16 3 7 17 13 3 5 10 18 10 14 25 9 21 14 5 10 22 8
26 33 15 15 38 22 17 27 32 28 27 18 41 37 36 13 20 19 52 31
27 40 22 42 56 22 27 31 37 35 25 23 55 39 31 28 23 12 54 38
17 10 1 11 19 4 7 12 6 10 3 7 20 17 3 11 2 1 19 15
10 19 13 2 15 13 9 5 6 10 13 8 22 14 7 2 1 1 21 20
9 6 3 8 19 6 1 7 10 4 4 13 18 1 7 16 5 2 18 2
34 15 1 18 25 18 18 7 18 24 15 28 37 17 22 28 9 6 23 16
14 1 1 12 16 5 3 16 7 15 1 6 17 13 11 14 9 1 12 9
2 3 1 6 14 1 1 3 5 1 1 5 6 1 7 12 3 1 16 1
19 55 42 34 55 40 27 14 32 23 37 42 59 20 38 23 26 10 61 49
24 17 3 15 24 18 11 6 8 22 13 16 33 16 22 22 13 4 28 16
22 17 6 15 23 20 8 10 6 25 7 15 32 15 16 13 9 7 21 18
38 52 20 44 63 23 36 42 45 42 27 26 63 55 26 23 13 17 59 52
9 40 30 22 33 22 22 14 24 21 30 19 40 34 28 13 16 6 47 39
41 32 9 18 46 25 26 25 29 34 30 26 38 42 34 26 22 19 48 30
25 32 9 27 40 26 10 30 21 32 13 19 49 32 24 17 13 13 42 32
19 41 33 24 50 34 17 15 27 22 33 35 55 23 32 29 26 15 60 40
30 12 8 14 22 19 10 14 12 22 9 22 37 17 24 24 15 9 29 18
14 17 5 13 19 16 4 16 16 11 5 13 34 11 27 22 12 12 35 14
18 52 29 29 40 35 23 8 27 26 34 35 58 28 45 25 24 17 66 45
16 16 9 15 32 11 5 19 15 21 13 12 30 21 16 18 9 4 30 18
21 21 6 7 25 7 12 9 20 10 11 18 27 18 20 18 2 11 27 14
10 16 9 5 17 7 11 6 7 1 11 5 18 13 4 6 3 1 20 18
8 6 1 7 14 7 4 1 5 5 5 4 10 1 11 13 10 1 15 5
27 19 4 16 22 25 4 14 22 25 7 24 41 10 33 35 21 14 39 10
28 22 10 38 45 28 13 38 29 35 7 22 48 20 33 38 29 16 38 21
9 4 1 8 10 1 7 9 5 8 1 4 14 11 5 1 1 1 6 11
11 2 1 5 13 7 2 1 4 8 6 10 15 1 11 15 11 1 13 2
17 23 8 22 28 21 8 24 25 14 7 18 40 11 31 31 19 18 43 17
30 26 18 24 45 21 21 12 26 23 24 22 39 30 29 28 22 9 47 25
14 46 30 32 47 20 29 19 34 21 31 27 54 38 29 23 21 14 57 49
12 19 6 19 25 27 3 4 9 22 13 19 31 2 25 19 17 6 32 15
36 41 25 24 41 19 17 41 40 30 14 30 53 37 37 33 15 21 56 34
17 10 1 13 20 3 5 12 10 11 1 13 32 15 10 16 2 4 18 18
3 23 10 11 15 18 4 8 5 14 12 8 28 10 13 3 4 5 26 24
38 46 17 26 41 41 14 41 39 43 18 33 63 31 55 35 28 33 68 37
4 10 3 6 14 3 3 9 4 4 8 2 14 10 5 5 3 1 16 13
21 32 14 20 34 22 10 16 28 24 21 28 45 17 31 28 13 16 47 23
15 51 33 31 55 30 24 16 28 30 34 29 61 38 34 21 25 15 60 54
30 12 8 19 33 18 12 15 18 22 12 20 30 12 14 23 15 2 25 10
13 3 1 3 8 6 1 15 4 14 4 1 12 15 11 5 8 6 15 8
18 22 11 8 10 22 4 11 8 16 7 24 45 10 26 14 2 11 29 24
8 18 11 5 8 19 5 4 1 12 8 9 27 5 15 6 4 3 23 18
14 6 1 4 17 8 4 1 3 6 8 10 16 4 7 10 5 2 13 6
5 26 17 22 33 6 18 15 24 12 22 9 28 25 16 8 10 4 27 25
27 31 15 11 34 25 11 18 17 28 24 29 41 26 26 10 9 13 40 31
5 8 2 1 10 1 2 1 3 5 6 1 1 9 1 1 1 1 11 5
16 6 1 2 13 7 1 8 5 16 4 8 17 9 19 14 7 6 20 4
28 41 14 45 49 40 11 35 31 44 16 34 68 21 43 37 29 28 58 34
6 8 1 1 8 2 1 1 4 6 2 5 13 1 16 10 1 3 19 1
18 16 10 4 19 12 7 12 6 14 11 9 21 17 6 8 5 4 20 16
32 36 12 37 43 34 22 25 26 37 19 31 64 28 32 35 22 17 48 39
30 20 1 23 29 9 12 28 23 26 7 22 39 32 30 29 12 17 35 22
28 38 22 40 56 20 33 15 37 32 35 22 48 34 29 32 33 9 48 37
19 17 3 20 31 20 4 15 9 29 14 15 37 16 21 11 9 6 27 19
26 11 7 23 30 15 12 19 15 17 7 20 35 15 9 23 13 1 19 16
6 11 1 12 12 9 6 5 3 12 3 6 21 6 14 2 2 4 11 13
29 15 2 21 31 20 3 23 21 30 9 21 43 19 32 30 17 12 36 15
8 22 9 20 32 8 13 15 18 14 14 1 26 24 11 14 13 6 30 22
19 39 15 30 35 28 14 24 16 41 16 26 57 25 31 6 11 21 43 47
14 12 1 9 13 15 2 5 4 19 8 13 28 5 20 13 8 9 22 12
9 9 1 10 20 6 1 11 5 14 8 6 20 10 8 8 5 3 10 11
16 17 6 2 19 5 9 2 11 1 8 13 19 12 9 12 1 6 23 13
37 49 19 39 60 53 19 32 29 57 40 35 67 34 50 26 39 30 64 47
6 6 1 5 7 6 1 6 6 5 5 8 13 4 15 13 9 7 20 7
37 50 25 32 54 33 19 34 36 46 30 50 75 36 42 28 19 32 61 48
6 3 1 10 7 10 2 8 3 13 1 1 18 7 18 11 10 1 15 6
6 10 7 1 7 10 3 2 1 4 4 5 18 2 4 2 1 1 12 12
31 27 6 26 46 18 17 33 26 39 17 14 42 38 30 18 17 21 41 28
12 16 10 17 27 17 9 12 17 11 7 10 23 9 17 20 14 1 29 10
27 41 24 32 43 30 25 22 28 18 20 28 43 23 28 24 19 13 45 35
18 22 9 17 24 14 16 12 12 14 14 14 29 25 14 18 10 3 33 26
23 29 9 15 29 24 9 5 15 26 19 22 36 17 31 20 15 14 44 21
2 10 1 8 14 5 1 6 7 9 3 4 16 4 10 3 1 1 15 3
19 21 5 25 33 20 10 6 10 21 14 26 38 5 24 19 14 11 28 16
26 30 15 21 34 21 17 16 23 14 17 33 44 18 16 26 4 5 36 27
23 27 16 27 42 16 18 18 31 18 25 23 44 28 29 31 22 11 46 26
4 5 1 2 10 1 3 2 1 2 2 2 12 4 5 1 1 1 10 7
31 51 31 30 54 43 26 26 31 33 38 50 62 30 30 34 18 11 56 50
23 16 9 15 26 20 14 3 12 16 15 19 31 5 14 19 15 2 21 17
27 34 22 21 45 24 21 30 36 23 25 20 33 29 30 19 23 14 48 27
9 16 1 14 19 15 8 5 7 14 6 5 25 11 19 15 11 2 25 12
19 13 10 15 26 16 9 10 12 15 8 19 30 10 13 18 8 4 19 12
4 8 2 1 10 1 5 1 3 1 7 1 2 7 1 1 1 1 10 4
27 47 35 43 53 27 38 30 41 13 29 30 55 37 30 31 26 11 51 47
15 26 9 10 14 13 1 19 14 17 6 19 39 19 24 20 7 14 40 25
23 13 4 11 14 2 7 16 20 11 1 22 25 16 17 22 3 10 22 9
16 17 7 11 20 8 6 17 11 18 9 9 27 21 16 14 7 9 29 20
24 20 7 10 32 9 14 10 13 15 14 13 24 24 2 15 4 1 26 20
40 35 8 40 55 39 22 25 30 43 28 35 58 28 39 40 24 10 55 29
20 34 19 27 41 30 17 6 16 27 25 28 42 13 30 22 20 15 47 29
13 13 7 16 23 11 8 18 12 16 4 10 31 16 7 14 9 7 18 22
49 42 13 39 51 31 25 39 41 36 21 47 67 37 37 51 18 11 56 38
27 32 18 17 41 26 14 15 14 28 27 24 48 32 26 20 13 5 48 37
19 17 5 11 27 16 14 2 11 17 18 13 27 10 16 18 14 1 24 13
8 2 1 1 5 1 1 7 1 8 1 2 9 7 9 5 1 1 13 2
50 42 14 47 53 33 33 46 42 47 21 44 72 45 33 42 8 15 48 46
28 43 22 30 42 41 16 29 32 37 18 43 65 21 44 39 25 23 60 38
42 33 18 26 42 21 19 25 39 36 26 38 50 25 38 43 24 19 50 25
28 31 16 20 34 13 12 30 32 20 7 26 46 27 33 33 15 13 47 26
11 28 13 17 24 16 13 14 10 16 14 18 38 20 6 7 1 5 24 35
26 54 29 41 59 33 26 37 35 41 28 38 65 41 35 24 22 24 64 54
5 16 5 12 13 16 5 3 4 10 3 13 28 4 16 7 4 4 23 17
1 4 1 1 6 1 1 1 1 1 3 1 1 1 4 1 1 1 9 1
21 22 5 16 26 20 11 10 8 16 14 23 43 16 16 22 6 1 30 27
31 30 5 37 46 16 27 33 30 30 19 27 46 34 14 28 3 7 26 35
20 40 31 19 44 24 20 16 25 22 28 25 44 30 26 15 14 5 51 35
35 28 12 39 49 39 16 30 31 37 15 25 53 12 41 40 33 11 47 19
33 39 22 21 30 35 7 32 28 33 13 41 60 17 46 26 14 24 52 34
24 26 5 18 31 18 7 16 13 30 16 17 42 26 29 17 11 14 40 26
29 20 8 8 38 16 13 18 20 23 24 12 27 29 16 9 13 10 31 21
13 2 1 2 11 4 1 11 5 11 1 3 12 10 12 8 4 5 17 6
26 49 28 21 38 44 14 8 13 38 36 43 58 11 49 27 27 27 63 40
6 1 1 7 7 9 5 4 4 7 1 4 12 4 16 11 11 1 15 5
10 7 1 2 8 6 1 1 4 11 2 8 15 2 16 9 1 5 12 1
8 14 5 3 15 4 7 4 6 11 10 2 15 13 11 5 1 1 20 10
1 1 1 3 6 1 1 2 4 1 1 2 3 1 1 1 1 1 4 1
38 39 21 37 51 39 15 44 36 39 16 36 70 30 44 41 26 24 60 34
47 47 15 48 72 42 28 50 47 48 25 34 69 42 37 43 38 28 62 43
14 7 1 12 24 13 1 5 9 17 10 8 17 6 18 19 16 1 22 1
4 6 1 3 10 1 1 3 4 6 5 1 4 5 5 1 1 1 8 2
24 24 15 18 31 28 10 9 16 22 18 26 38 9 19 24 16 1 35 17
18 36 22 22 33 11 18 23 32 12 19 26 45 32 23 24 12 14 50 35
4 2 1 4 11 1 1 3 5 3 1 2 4 2 1 6 1 1 9 1
26 29 14 31 39 27 12 31 25 19 3 26 52 14 30 35 20 10 47 27
8 15 5 9 19 12 2 5 9 15 7 6 20 8 10 7 1 2 18 10
46 40 12 32 53 40 22 35 34 41 24 41 63 31 46 35 29 25 59 37
21 20 1 17 25 15 15 6 11 20 12 16 28 14 13 16 5 5 17 17
6 4 1 1 6 3 5 5 1 6 3 3 11 4 9 1 1 1 7 6
23 27 10 23 36 17 17 18 21 34 23 15 35 26 20 16 13 7 28 24
23 13 3 24 29 21 9 9 20 19 7 24 38 5 30 33 18 6 32 6
34 32 1 35 46 24 19 26 31 28 21 30 52 27 32 44 20 13 45 24
30 22 7 20 26 25 11 17 17 23 9 26 47 19 26 34 17 11 37 22
27 30 14 30 46 21 23 26 31 23 15 22 36 27 27 32 18 6 46 22
48 49 22 35 58 39 28 38 46 27 27 45 61 36 41 48 21 16 71 39
9 10 4 1 12 7 3 1 3 8 7 4 11 6 6 7 4 1 14 7
6 8 1 5 11 4 5 1 5 4 7 5 6 5 10 9 8 4 18 4
41 32 8 30 51 23 25 26 30 44 23 23 52 36 35 25 20 19 48 34
7 11 2 9 17 10 1 10 4 16 4 3 25 9 9 6 3 2 12 14
10 10 6 10 19 4 3 17 11 10 5 8 13 10 4 8 3 2 15 5
8 7 3 1 11 10 1 1 1 5 3 5 16 1 5 8 5 1 14 7
4 7 2 1 8 4 4 1 1 3 5 3 10 4 8 2 1 2 13 6
5 5 1 2 7 1 5 1 1 1 1 2 6 5 1 2 1 1 6 4
9 14 8 5 23 5 8 1 12 6 15 8 12 10 11 13 8 3 24 10
37 36 12 37 53 17 26 35 34 37 16 28 55 40 29 28 13 19 47 36
23 51 32 22 41 24 19 22 44 25 22 32 55 35 50 41 32 24 68 38
14 16 11 5 17 16 7 1 4 9 11 13 21 9 9 13 10 1 24 16
16 23 13 12 23 26 4 6 10 23 18 19 30 10 20 12 8 3 27 18
28 44 27 38 47 46 16 23 26 39 30 41 63 14 35 29 24 9 48 40
8 1 1 1 1 3 1 1 2 10 1 4 10 4 14 8 3 3 11 1
17 19 4 14 27 6 12 11 11 13 10 12 30 22 7 12 1 4 19 24
52 36 20 32 56 45 29 26 36 47 34 42 57 31 46 38 39 23 54 36
5 7 2 6 8 6 4 5 1 1 2 2 16 6 6 6 5 1 16 13
10 12 1 6 8 10 1 3 5 13 4 8 19 5 23 14 6 8 25 5
18 17 7 14 19 14 14 12 12 18 8 14 29 18 10 13 5 1 18 21
17 20 10 3 18 4 11 4 11 6 10 10 17 21 8 7 1 4 30 17
1 18 11 4 16 10 9 1 10 10 14 5 14 12 15 8 7 4 27 14
27 26 12 31 34 31 13 18 9 42 19 22 47 18 30 19 24 19 31 32
13 30 13 27 42 2 24 14 26 12 20 13 36 34 8 14 7 2 32 35
41 49 24 34 52 23 25 25 43 37 27 40 60 45 45 44 26 23 66 40
7 15 8 1 14 10 7 1 10 8 11 7 14 8 15 6 1 6 22 11
1 1 1 2 5 1 1 2 2 7 1 1 8 1 4 1 1 1 2 1
20 15 1 14 23 7 8 13 7 22 7 6 25 22 11 6 1 2 15 15
27 5 1 9 22 13 7 8 5 20 9 10 20 16 17 17 14 4 20 7
14 37 14 37 46 22 18 27 28 25 14 18 45 21 27 20 16 13 47 35
8 12 6 3 16 2 6 6 9 6 11 7 15 11 10 8 2 4 19 11
14 15 8 6 20 11 7 9 8 17 15 7 21 17 11 9 6 1 20 15
3 12 1 6 9 8 1 6 3 12 7 1 15 6 12 3 3 3 14 7
34 28 18 32 43 26 19 25 34 18 21 37 47 10 33 39 25 12 41 21
41 47 11 35 47 26 27 34 42 41 20 32 61 40 43 47 24 22 60 38
15 15 9 9 26 10 10 9 12 11 11 12 25 14 9 12 5 1 22 16
9 11 4 13 22 11 4 12 8 11 9 5 20 12 12 17 14 4 22 12
30 26 9 19 25 32 5 20 14 37 18 30 51 19 37 20 15 21 41 25
49 40 15 38 68 35 33 41 45 37 36 37 56 46 33 39 29 12 57 40
23 45 33 30 44 18 27 24 43 7 26 37 54 34 33 38 23 14 62 40
22 35 11 34 50 31 11 36 31 37 15 13 49 27 36 26 23 18 51 28
6 3 1 1 4 3 3 1 1 6 1 1 7 5 6 1 1 1 7 5
28 22 3 26 36 7 18 30 21 30 7 13 38 35 15 9 2 15 26 30
44 25 7 36 47 22 24 26 30 40 20 31 52 31 32 37 22 17 40 31
20 29 1 23 28 11 7 25 23 28 6 19 44 21 30 20 7 23 38 24
15 21 8 14 23 4 6 23 24 15 11 19 30 21 20 18 1 14 30 17
37 25 7 29 41 34 14 34 26 42 9 22 52 19 46 38 30 26 47 22
44 45 7 51 63 30 32 39 48 43 25 42 72 39 41 48 21 22 60 39
32 39 18 17 50 47 10 23 26 42 36 34 53 21 44 26 36 19 61 32
31 40 20 24 35 34 12 17 16 34 22 41 58 16 38 23 13 22 49 32
11 11 1 8 15 13 1 3 5 17 5 12 26 1 18 9 3 7 18 8
6 41 24 14 33 29 10 7 10 26 25 23 47 22 27 5 12 10 43 44
26 24 13 17 34 23 12 36 24 29 14 20 41 30 22 9 14 16 33 29
11 5 1 3 10 1 4 7 1 9 3 1 12 12 5 4 2 1 9 7
31 39 18 26 31 32 18 16 12 33 23 33 52 20 37 18 16 25 44 37
22 18 8 10 25 12 12 8 8 14 13 13 26 20 9 17 10 1 24 20
29 29 24 20 37 30 11 32 22 29 18 31 52 25 31 19 15 14 45 35
20 33 18 33 46 27 24 10 27 23 29 21 47 24 30 27 26 6 45 31
36 36 7 36 52 21 22 38 37 41 19 22 50 37 36 32 23 29 56 32
18 24 7 20 18 21 13 10 11 18 10 21 40 14 27 20 11 12 35 27
27 7 3 11 19 15 10 9 7 22 9 16 30 13 18 17 11 3 18 13
23 25 11 4 32 25 7 18 17 21 21 15 29 24 22 11 18 12 41 23
16 22 17 21 26 29 7 16 16 16 11 24 42 3 18 20 12 3 27 21
16 8 4 2 8 11 1 4 6 10 3 15 24 4 15 16 6 7 19 7
47 49 12 27 46 31 27 29 33 47 35 38 56 44 49 30 22 33 63 42
21 19 1 16 29 10 17 12 16 15 15 15 27 20 10 20 2 1 23 20
13 13 3 5 18 4 10 1 5 4 8 8 13 12 4 9 2 1 16 12
27 29 16 12 25 22 5 21 24 24 13 28 42 22 36 30 13 16 50 20
32 20 4 27 39 26 4 32 29 31 8 24 52 21 34 37 22 17 45 15
26 15 1 19 31 23 9 13 14 30 12 14 33 11 32 29 24 8 33 6
8 1 1 1 6 1 1 2 1 7 1 1 2 5 4 4 1 1 8 1
8 11 4 12 20 6 3 14 8 10 6 7 22 11 10 12 6 4 20 15
38 25 8 21 29 24 12 13 28 37 17 32 43 12 38 33 17 17 37 16
38 45 36 34 53 39 33 11 37 35 42 41 56 19 31 34 26 14 51 43
26 28 13 17 36 17 16 11 31 18 22 26 40 17 26 27 11 10 38 17
23 24 2 15 24 20 7 6 11 18 12 25 44 11 25 19 7 11 30 20
7 13 3 9 17 4 6 10 4 5 6 2 20 14 1 2 1 2 11 18
22 23 10 1 24 19 4 14 5 18 17 16 32 21 14 4 6 6 31 25
6 5 4 3 5 6 1 6 1 5 1 2 14 6 2 3 1 1 7 11
15 12 1 22 28 16 6 24 15 24 4 7 32 17 26 20 16 10 30 14
34 24 2 31 49 27 11 33 30 39 19 20 49 28 32 30 27 20 46 23
8 3 1 6 12 4 5 8 7 1 1 6 15 4 6 7 1 3 9 8
3 7 4 1 4 6 1 1 1 3 1 3 13 2 3 1 1 1 11 9
7 8 3 2 7 5 5 1 1 1 1 6 16 5 1 2 1 1 8 13
26 46 27 32 48 27 33 20 36 12 28 32 46 26 18 26 8 1 48 42
16 19 14 4 20 15 1 8 9 13 10 24 34 7 17 11 1 5 30 17
4 1 1 1 3 1 1 1 1 1 1 3 3 1 5 4 1 1 3 1
7 1 1 1 6 1 1 1 1 5 1 1 9 3 2 2 1 1 4 1
16 12 7 10 23 15 3 7 7 11 9 13 21 10 10 17 11 1 26 10
5 8 5 5 11 7 1 7 6 5 5 1 12 4 5 7 6 1 14 10
23 17 6 7 13 19 1 10 10 24 4 20 33 12 25 16 4 12 27 12
29 21 8 23 30 24 5 24 21 32 12 29 45 16 33 26 13 18 36 16
14 16 7 7 19 16 7 6 7 14 13 11 27 8 19 16 11 5 26 13
24 56 41 34 54 47 27 20 31 24 37 44 59 17 42 28 29 19 66 49
3 2 1 1 4 1 1 1 1 1 1 1 9 1 5 6 2 1 13 4
8 5 4 1 9 7 3 1 2 1 1 6 12 2 4 7 3 1 13 8
17 19 12 15 30 20 9 9 15 13 16 21 34 7 10 17 9 1 24 15
39 33 12 34 50 23 21 40 33 27 13 29 53 33 26 31 17 16 48 37
17 20 13 14 37 8 13 11 21 20 24 10 26 26 19 11 12 2 26 16
7 4 1 5 14 1 2 2 5 1 1 6 12 3 3 8 1 1 14 4
7 12 8 7 15 10 4 5 7 4 6 8 14 6 5 10 6 1 22 11
3 7 5 1 2 7 2 1 1 1 1 4 10 1 1 1 1 1 12 10
25 31 2 14 19 11 9 12 18 23 11 27 38 20 30 22 7 19 36 21
10 15 9 7 20 7 13 8 10 9 14 4 19 17 8 5 1 1 18 18
34 27 1 32 37 22 20 28 27 28 15 28 49 31 28 40 16 14 38 29
5 1 1 1 5 1 2 1 1 1 1 1 7 3 1 1 1 1 2 4
13 5 1 4 8 1 5 2 4 1 1 9 15 5 13 15 4 4 16 5
19 21 5 6 21 16 4 17 16 23 13 9 30 22 25 3 3 13 32 19
6 18 13 4 18 12 4 5 9 3 12 16 26 6 10 6 1 1 29 19
17 18 1 9 13 12 6 12 12 15 8 13 29 13 28 20 9 13 31 11
47 50 29 25 53 29 18 40 40 46 27 44 69 51 46 40 23 30 65 50
8 9 4 1 10 6 5 1 1 4 7 5 10 5 7 7 4 4 16 7
46 38 7 51 62 27 31 36 43 46 23 39 65 37 35 45 23 16 53 35
55 52 23 43 50 44 30 23 39 54 32 60 78 26 52 49 32 32 62 48
26 9 1 13 25 12 10 12 7 21 8 12 24 19 20 21 14 5 23 9
25 31 14 31 39 25 18 24 22 29 16 29 57 24 15 22 7 8 32 39
24 51 27 52 63 43 25 28 35 39 31 34 69 20 45 38 36 28 67 45
37 47 20 18 46 37 13 31 39 37 32 33 57 35 46 34 31 28 71 35
20 16 2 16 23 6 12 14 18 9 8 20 30 15 11 19 1 5 23 17
30 33 12 34 50 21 23 27 37 21 21 31 49 28 28 43 18 11 49 26
2 7 1 1 6 4 1 1 3 6 5 3 8 3 11 3 1 2 15 3
29 28 7 23 30 14 10 29 30 25 5 24 45 27 35 37 22 24 43 25
15 29 19 14 32 16 10 17 21 10 19 23 41 19 14 15 3 9 37 31
11 5 1 8 14 6 7 8 8 11 1 6 17 8 9 9 5 1 9 7
7 23 9 18 28 9 11 11 14 9 9 8 31 17 7 10 1 1 26 24
27 23 14 31 37 23 19 24 23 16 8 25 43 20 15 33 17 1 34 28
9 7 1 2 14 4 2 2 4 6 6 3 9 6 1 5 2 1 10 4
2 1 1 2 11 4 1 1 1 1 1 1 5 1 4 10 7 1 12 1
4 3 1 1 5 9 1 1 1 9 1 1 14 1 8 3 1 1 4 3
13 8 1 7 18 13 4 4 5 15 12 10 20 4 13 14 11 1 16 6
5 9 5 7 16 8 1 6 8 6 6 5 14 3 7 9 4 1 16 7
38 44 20 18 40 14 25 19 37 29 27 31 50 48 36 29 15 17 55 36
26 30 8 26 45 35 8 21 20 39 22 21 42 19 39 21 27 21 49 21
11 11 10 1 5 12 1 7 1 13 5 8 16 9 9 2 1 2 18 13
14 31 16 30 45 16 14 24 33 15 18 17 45 24 21 28 18 14 48 29
39 29 16 31 47 36 12 31 31 32 21 36 60 23 37 37 27 14 54 29
24 21 9 11 26 14 7 19 17 14 10 16 34 25 22 20 8 11 42 20
3 1 1 1 1 2 2 3 1 5 1 1 9 2 6 1 1 1 5 4
26 21 1 23 29 21 16 9 11 27 17 20 40 17 20 20 12 5 20 22
30 27 1 19 29 22 9 17 19 29 8 19 43 22 33 33 14 14 43 14
11 6 1 10 20 10 3 7 5 5 8 7 18 4 9 16 12 1 17 7
36 37 17 37 41 39 18 24 27 31 21 43 65 23 36 41 20 13 53 36
8 1 1 3 10 5 1 2 2 4 3 5 12 1 1 7 4 1 1 3
5 4 3 2 3 5 3 5 1 2 1 3 15 4 6 2 1 1 10 11
5 7 1 1 11 5 1 2 2 5 2 1 15 4 7 4 1 1 16 7
7 4 4 8 15 4 1 7 9 5 1 8 11 3 3 10 3 1 8 4
9 12 6 1 16 6 6 5 7 7 11 5 12 10 4 9 6 1 17 10
5 1 1 1 7 1 1 3 1 3 1 1 9 2 1 3 1 1 2 3
14 7 1 10 18 5 5 5 6 12 1 10 23 8 8 10 1 1 8 7
30 30 17 37 42 34 20 16 27 30 21 38 63 16 32 38 22 8 43 37
9 8 8 11 16 18 1 7 4 12 8 16 29 4 13 14 9 1 22 17
6 1 1 1 8 2 1 1 2 6 1 2 9 2 6 4 1 1 8 2
15 22 13 1 15 15 1 4 6 12 14 20 25 10 16 12 4 5 35 16
3 5 1 2 15 1 1 3 6 1 4 2 8 2 3 3 1 1 10 1
18 8 5 16 20 6 9 15 13 9 1 15 22 13 15 20 9 3 22 8
11 29 12 18 18 25 10 8 5 17 15 18 39 14 21 12 10 6 34 31
15 13 6 12 26 11 4 8 17 12 11 18 23 5 19 24 11 5 28 3
16 10 1 14 16 5 10 15 10 18 1 11 28 20 15 9 1 10 12 18
39 47 5 46 51 35 26 37 35 49 27 37 65 43 48 37 18 24 60 44
17 34 21 23 38 20 17 10 27 14 20 26 47 18 25 23 14 7 47 27
4 8 1 7 11 9 1 5 4 7 7 1 12 4 14 11 11 1 18 6
16 20 3 28 31 14 15 22 19 20 6 15 40 22 12 22 4 2 24 27
10 13 2 5 11 8 7 1 1 10 4 6 17 10 9 3 1 1 14 11
24 25 10 38 40 29 15 18 16 32 14 28 50 9 29 25 25 11 32 26
17 26 5 24 37 23 14 14 17 24 12 11 41 19 26 26 18 8 37 24
7 9 7 1 7 9 1 1 3 3 3 9 15 1 10 10 5 4 19 10
4 4 1 5 10 1 1 8 1 3 1 1 15 7 3 4 1 1 9 10
10 15 10 10 25 8 10 11 16 7 9 8 20 10 8 13 6 1 23 11
45 41 18 47 69 30 33 32 48 39 35 37 65 42 40 46 29 9 62 38
6 2 1 2 12 1 1 3 4 6 1 4 7 3 6 6 1 1 11 1
19 27 16 9 24 14 10 13 10 14 16 20 37 23 13 10 1 6 32 31
14 13 4 3 21 5 4 17 12 16 14 5 15 23 15 5 7 9 27 12
29 43 9 39 51 31 22 28 34 38 14 26 61 26 42 38 26 27 54 37
21 34 23 33 43 29 25 21 31 10 18 24 39 17 34 31 23 11 49 28
18 24 16 11 14 22 11 10 7 20 13 23 40 17 22 11 5 6 29 29
4 6 1 1 9 2 1 3 1 2 5 1 8 2 5 3 1 1 12 5
32 27 4 18 26 13 11 24 24 26 6 29 51 26 26 31 6 13 33 29
5 14 7 20 20 17 1 18 14 14 1 9 30 11 18 17 14 9 27 19
17 9 3 12 22 4 5 13 13 6 4 18 28 7 13 22 7 5 22 7
13 8 1 11 16 1 10 7 6 4 4 8 18 12 3 10 2 1 11 14
7 17 11 1 18 6 7 1 8 3 11 5 16 12 2 4 1 1 25 15
1 4 2 1 1 4 1 2 1 1 1 1 13 1 1 1 1 1 8 9
13 9 8 19 26 17 5 14 16 12 5 14 24 5 14 26 18 4 23 7
23 13 3 10 25 10 1 28 19 17 5 16 33 20 20 17 8 13 32 14
12 6 1 10 16 1 9 7 8 4 1 8 14 8 7 12 6 1 10 8
6 1 1 3 11 1 1 2 6 2 1 7 9 1 3 8 1 1 9 1
42 41 9 31 45 12 23 43 39 37 15 32 57 49 29 23 6 31 53 41
3 14 5 16 22 6 2 18 13 11 5 8 23 9 10 8 3 2 17 11
7 6 4 1 6 9 1 1 7 10 1 8 15 4 16 8 4 7 15 7
17 13 6 8 26 12 1 16 17 16 9 10 23 15 21 16 8 8 35 7
17 9 1 15 26 10 4 9 13 9 4 15 28 4 21 27 14 7 25 4
12 15 9 6 22 5 13 4 10 7 15 8 16 14 12 13 9 3 25 13
15 20 14 12 20 23 7 11 8 15 11 17 34 12 23 18 13 6 35 23
37 40 10 47 52 25 24 35 33 38 11 35 67 30 37 31 17 23 52 41
14 9 6 9 16 13 7 7 4 9 3 11 28 8 6 9 4 1 8 17
20 34 14 21 36 10 18 23 27 19 15 20 43 29 16 9 1 16 41 37
32 35 10 30 48 27 30 17 31 29 32 29 45 30 25 33 11 1 43 32
25 35 15 25 35 34 15 11 12 37 23 31 58 19 25 19 13 5 35 40
30 16 1 21 26 19 13 17 8 32 10 17 39 25 16 17 5 4 17 24
46 43 9 31 52 22 23 45 43 45 19 29 62 53 44 31 19 34 59 42
6 4 1 1 7 1 3 1 1 4 3 2 5 5 6 1 1 1 8 2
5 6 5 4 4 9 4 7 1 8 1 3 18 6 8 5 5 1 12 12
7 11 2 12 16 12 2 9 6 13 4 7 26 4 14 10 5 3 19 12
27 19 3 20 29 12 8 18 21 19 7 29 48 17 20 28 4 8 28 19
33 19 5 24 40 18 10 33 26 37 15 20 46 28 27 23 15 21 37 23
10 7 4 15 16 9 7 13 9 9 1 8 25 12 17 13 10 7 20 17
23 34 14 31 32 30 18 22 14 34 12 25 57 25 27 18 14 17 38 43
19 18 9 14 26 16 5 18 19 22 10 14 27 16 24 15 6 11 34 10
16 39 20 16 28 33 1 19 13 36 24 32 51 20 40 10 12 22 49 36
15 35 17 29 40 16 16 22 27 27 18 16 47 30 20 13 8 12 42 34
38 41 16 55 60 41 31 28 39 40 22 39 68 19 39 48 32 11 52 40
17 13 11 17 23 14 9 14 14 5 1 18 32 7 17 23 11 2 29 16
53 37 28 34 55 45 30 48 43 36 31 45 60 34 45 38 39 29 53 38
8 7 2 2 14 8 1 2 2 9 6 4 15 3 6 8 5 1 13 6
33 29 3 41 55 23 20 31 31 33 17 25 50 30 21 37 20 6 43 26
14 10 4 8 11 12 1 8 12 14 1 14 27 6 19 14 1 8 18 8
7 4 1 2 7 2 1 7 3 9 3 1 7 7 3 1 1 1 5 5
10 24 7 20 26 16 11 12 11 14 10 11 35 19 13 13 7 2 27 27
4 15 8 11 22 4 12 4 12 3 13 1 15 16 7 8 11 1 26 13
39 43 24 29 51 40 19 32 28 53 33 37 62 32 37 21 27 25 52 48
15 8 4 4 12 8 7 5 6 10 6 10 22 8 16 13 6 7 20 10
32 42 27 37 58 22 28 31 35 27 28 28 55 44 17 28 20 10 51 44
49 49 24 43 68 54 30 32 44 50 37 43 64 31 55 42 44 22 70 40
28 22 12 28 43 23 11 26 27 25 18 24 42 21 26 35 22 10 45 18
9 21 8 13 25 16 7 8 13 20 12 1 20 17 24 14 12 5 37 13
9 38 28 27 41 36 5 26 28 28 20 34 58 18 37 25 25 25 55 40
29 35 23 23 38 34 18 10 14 29 30 38 54 16 29 28 24 9 44 39
16 13 3 14 19 19 3 7 8 20 8 15 35 6 19 15 8 4 24 14
35 50 29 25 56 40 25 27 31 43 41 44 59 41 34 26 13 14 57 49
17 11 3 12 21 7 4 15 15 6 7 17 26 9 20 25 11 10 28 6
19 19 5 11 17 8 9 12 17 8 5 23 33 15 10 17 1 7 27 18
38 41 22 51 63 26 31 45 45 34 24 36 56 33 35 36 28 24 55 39
16 33 20 28 41 14 18 27 27 21 18 11 37 33 10 16 12 10 43 35
21 26 10 25 35 15 22 19 25 12 14 23 31 17 14 22 6 1 26 19
20 26 12 27 42 28 13 21 26 17 10 22 41 7 25 35 25 13 44 18
44 24 17 35 49 30 23 38 30 28 18 32 52 28 32 36 29 14 36 28
40 32 17 31 48 21 18 38 37 26 17 34 50 30 35 42 23 18 50 27
29 22 16 33 38 28 15 25 29 15 12 33 48 6 32 41 27 9 41 23
17 8 4 19 26 18 8 7 15 14 12 15 24 1 18 26 22 1 21 8
8 8 3 2 5 11 1 1 1 12 1 2 16 4 8 2 1 1 13 8
14 11 5 9 21 14 5 6 8 10 13 10 20 5 10 17 14 1 21 10
46 40 14 18 49 27 14 35 40 34 22 39 57 40 39 39 26 27 62 32
15 3 2 6 11 9 5 6 2 11 4 10 24 8 11 10 5 3 10 11
16 8 1 7 15 1 6 4 10 1 1 13 17 7 12 18 4 6 18 6
33 52 32 21 40 33 15 30 38 38 29 39 56 35 46 28 17 26 70 39
12 7 1 3 11 1 6 1 1 3 2 4 13 8 1 7 1 1 10 8
2 4 4 8 10 5 1 8 9 5 1 7 13 1 11 10 5 1 13 1
28 32 14 36 41 27 21 26 27 32 19 28 51 22 24 24 21 17 41 38
13 16 4 7 25 20 1 16 13 20 10 5 24 15 20 10 13 7 33 12
35 30 12 25 36 31 19 11 22 25 24 35 52 19 31 38 22 8 47 28
21 16 7 28 31 20 8 29 21 27 3 16 42 21 32 22 14 12 36 19
13 48 34 27 51 44 14 22 32 22 24 33 47 9 35 31 33 17 62 37
7 7 1 1 9 1 4 5 1 4 6 3 9 5 5 4 1 1 10 5
33 54 29 38 53 30 29 33 52 26 21 39 65 32 45 49 31 27 71 41
9 3 3 7 12 3 1 11 8 9 1 7 11 8 7 8 2 2 13 4
13 9 3 1 11 7 2 2 1 10 5 4 13 9 2 4 1 1 11 7
41 48 20 33 57 45 23 24 26 45 38 42 66 30 37 23 27 21 58 44
32 34 8 33 40 36 23 10 21 34 26 34 48 17 30 27 17 9 35 32
4 14 8 5 10 10 1 8 3 7 8 6 19 8 7 5 4 1 20 16
10 11 11 1 7 13 3 1 4 7 6 13 20 5 12 5 1 3 18 15
31 33 17 24 41 49 8 20 24 46 26 28 54 15 46 30 33 14 51 27
18 41 13 31 34 42 16 13 16 32 15 27 53 7 39 27 24 17 50 36
38 31 12 37 48 16 23 36 30 33 11 32 56 31 23 24 11 17 41 35
25 40 20 39 52 39 21 21 34 36 28 25 53 17 31 38 35 18 51 36
22 41 27 23 37 10 24 18 39 11 23 32 42 33 28 27 13 16 48 33
9 5 1 1 12 4 1 3 3 1 4 6 16 2 6 7 1 2 12 6
10 20 7 18 28 15 10 7 17 15 14 13 29 13 26 16 11 9 37 18
8 45 31 24 37 27 20 3 26 20 34 28 44 25 34 16 17 10 53 40
12 6 1 7 9 3 10 1 4 8 3 7 13 10 8 10 5 1 8 9
25 29 17 27 40 25 15 30 24 22 15 19 41 22 31 22 17 11 45 27
14 8 1 10 17 7 8 6 3 12 3 9 27 11 7 9 1 1 7 15
31 29 9 27 39 32 9 20 20 35 14 29 51 18 43 29 22 24 52 21
21 32 15 20 27 17 13 25 20 27 13 23 43 24 22 9 1 19 38 36
24 11 1 9 25 11 8 10 9 20 6 11 25 18 12 15 4 1 21 12
29 18 10 10 18 14 13 10 11 16 8 23 30 20 13 18 4 9 25 21
34 26 15 32 38 32 20 14 21 32 20 34 55 19 30 35 23 6 38 33
12 8 5 9 21 9 4 6 7 5 6 11 21 3 5 15 8 1 18 8
12 28 14 15 26 12 15 4 14 12 15 11 37 23 13 6 1 1 30 31
54 53 22 37 50 37 35 24 45 49 37 49 70 38 47 48 24 25 59 48
10 16 5 8 17 15 5 4 6 17 12 8 21 8 15 9 6 5 17 11
5 4 2 1 9 9 1 1 2 8 1 4 13 1 8 5 2 1 9 5
9 17 6 7 16 5 5 12 12 10 8 8 24 17 11 7 1 8 24 18
24 38 11 28 34 27 9 27 26 33 13 27 57 26 35 27 14 24 51 34
34 37 18 20 32 24 14 25 25 25 13 36 52 24 32 30 7 12 50 28
28 33 22 21 38 35 19 3 17 27 29 38 48 10 25 24 20 6 37 35
13 29 23 21 37 10 21 13 26 3 18 19 36 20 14 18 11 2 39 28
11 15 9 4 17 9 5 4 11 6 10 10 18 10 13 14 7 6 29 13
16 22 12 19 32 22 9 13 20 15 14 20 36 5 21 23 13 3 34 15
1 1 1 1 3 3 1 1 1 5 1 1 3 1 9 4 4 1 9 1
10 20 5 16 23 13 7 12 15 18 10 5 29 16 26 18 11 8 35 14
33 31 10 10 26 19 7 21 24 32 3 27 44 27 43 35 21 25 47 22
23 42 21 31 40 19 24 17 29 30 31 27 49 33 39 18 19 22 49 37
9 4 3 2 9 5 5 1 2 1 1 3 11 4 1 5 2 1 8 8
13 1 1 1 5 1 2 2 1 7 1 1 5 8 1 2 1 1 2 1
12 4 1 11 15 8 1 10 5 15 3 8 24 10 12 14 9 4 13 13
39 17 7 17 35 23 15 18 22 33 23 24 36 20 31 25 26 15 34 18
41 46 26 24 45 25 29 15 34 31 36 41 54 41 36 32 17 14 56 38
10 1 1 1 11 4 1 1 1 5 2 5 10 2 3 6 2 1 6 2
38 38 6 37 44 27 20 28 30 46 19 32 62 28 37 24 16 24 46 36
9 4 1 6 15 6 1 7 6 8 5 9 16 1 10 12 7 3 11 4
42 34 21 19 42 27 7 37 37 37 13 39 56 31 45 46 27 25 58 25
31 14 2 28 33 18 18 20 20 23 14 26 39 24 21 34 13 3 27 22
37 28 3 26 39 21 15 30 24 33 13 25 50 34 32 37 15 16 44 26
27 42 12 37 49 16 37 29 36 30 30 20 45 45 16 19 1 6 36 46
28 31 4 31 39 6 17 35 33 24 7 26 48 30 29 27 8 24 44 26
28 33 12 9 19 16 12 12 19 16 15 32 40 21 25 28 6 13 43 27
20 31 9 23 35 23 17 8 13 25 20 21 41 18 22 17 14 10 35 31
40 52 35 39 56 32 31 33 51 29 31 47 71 32 41 44 29 17 64 46
13 1 1 3 10 4 4 3 4 9 3 5 7 7 4 8 5 1 5 1
9 32 24 9 24 32 1 11 11 28 19 30 52 14 33 9 13 18 37 37
11 1 1 1 5 1 3 3 1 7 1 1 3 8 3 2 1 1 3 2
8 17 9 4 22 8 10 1 9 5 10 5 18 11 7 3 1 1 18 15
27 37 29 22 40 30 22 18 28 10 20 36 47 14 27 28 14 10 45 32
7 12 7 11 15 14 1 12 6 15 2 10 30 9 10 6 1 1 14 18
11 11 1 16 23 8 8 9 8 10 6 8 26 14 17 16 9 2 22 15
38 33 1 31 55 24 18 38 36 39 20 23 53 41 32 32 21 23 50 32
10 27 15 17 22 18 8 19 16 17 13 19 38 15 19 13 8 14 38 31
24 11 3 10 20 16 6 7 10 21 9 15 30 10 20 15 7 6 21 9
11 2 1 7 14 5 3 2 8 1 1 8 15 2 13 16 7 4 19 4
31 20 7 29 38 18 13 25 23 21 6 27 48 18 24 33 16 6 33 21
15 3 1 8 14 4 7 7 3 8 2 8 19 12 4 9 4 1 6 12
19 14 7 7 27 4 12 11 10 12 14 5 17 25 13 11 8 4 29 14
31 30 23 30 39 42 22 4 25 29 27 32 51 1 35 37 34 13 44 31
12 10 4 4 17 8 4 3 7 9 6 8 17 8 11 11 5 3 20 8
28 29 16 34 39 32 17 36 39 15 6 31 50 7 44 47 31 24 49 21
28 28 2 27 40 31 10 20 11 39 17 17 45 21 39 21 27 21 41 22
36 38 9 45 51 37 28 32 37 39 15 33 52 23 40 48 25 15 50 27
10 7 6 1 7 14 1 1 1 13 3 10 19 4 10 7 3 1 10 9
9 12 8 14 22 17 3 10 11 8 3 13 26 1 18 21 12 1 26 7
24 35 10 29 40 5 30 25 27 27 20 15 35 43 10 10 3 12 33 38
1 13 7 1 11 10 1 1 3 4 7 5 16 3 10 6 3 1 24 11
21 9 3 15 21 10 2 16 18 11 5 22 30 7 17 28 12 6 26 5
1 6 1 1 6 1 1 3 1 1 5 1 8 4 4 1 1 1 11 6
34 30 17 14 43 22 19 32 35 29 29 25 35 35 29 18 18 25 45 27
15 31 21 11 23 11 14 11 21 10 21 19 37 25 20 13 6 8 38 29
8 4 2 7 14 9 1 2 5 7 1 3 12 3 9 13 9 1 15 5
9 10 1 8 15 4 6 11 4 9 8 1 16 14 5 4 1 1 11 13
31 35 10 23 28 29 12 15 18 29 18 35 59 17 34 27 12 14 40 32
13 6 1 1 6 3 1 4 2 11 2 5 16 6 15 10 2 3 17 1
30 43 17 37 50 31 27 12 17 41 32 28 56 27 27 19 19 17 41 45
33 39 1 37 42 10 23 36 36 31 10 31 57 34 28 28 1 21 45 32
18 15 11 12 17 15 10 11 5 11 6 17 32 17 11 16 9 4 23 25
26 21 1 23 30 7 17 22 20 25 10 17 37 28 15 17 1 12 23 24
31 17 1 12 18 11 13 14 16 17 7 24 34 21 20 30 7 9 29 18
12 13 9 10 14 14 4 9 11 10 1 15 30 5 15 13 3 2 26 12
11 10 7 20 25 10 5 21 15 16 5 13 30 11 11 18 10 6 15 14
22 23 13 19 39 18 15 23 21 22 19 7 33 32 24 19 18 12 43 25
19 4 1 9 18 7 3 15 8 18 5 11 22 13 15 15 8 6 16 9
11 27 22 25 40 7 19 22 29 15 25 15 30 35 19 16 15 5 41 28
8 7 2 9 14 12 1 10 6 15 2 2 17 8 16 10 8 1 20 6
47 49 18 46 66 26 40 52 49 43 28 33 58 53 30 33 16 19 55 49
8 13 5 8 14 9 1 12 4 15 7 3 22 14 8 5 3 3 15 16
21 50 33 47 61 33 30 31 46 28 26 30 67 36 40 40 33 14 65 45
30 35 18 12 33 27 12 24 21 31 25 22 49 34 31 13 9 17 45 35
6 6 5 1 6 7 1 1 2 2 1 6 16 2 5 2 1 1 11 10
32 22 12 22 29 23 20 9 15 24 18 26 40 17 16 24 16 4 22 27
5 9 4 5 15 3 1 7 8 5 4 3 7 7 1 4 1 1 15 4
20 34 19 16 29 30 12 13 14 30 22 34 53 24 31 18 12 11 43 41
13 19 1 16 27 13 9 5 8 16 12 12 31 13 11 9 4 3 18 20
7 5 1 1 8 5 4 1 1 5 4 5 8 4 10 10 7 4 15 6
32 29 9 39 51 34 22 19 32 32 17 29 47 11 32 45 33 11 42 19
54 33 14 35 57 39 31 32 40 43 29 42 55 31 37 41 35 15 48 32
12 24 18 14 31 13 15 7 18 8 24 14 28 18 13 13 13 4 31 24
14 28 13 17 32 20 11 5 14 22 20 13 34 18 14 7 9 4 29 24
18 20 7 22 28 10 15 20 15 15 1 14 37 21 7 13 6 10 22 30
35 30 1 32 39 25 18 20 28 28 21 36 53 22 35 40 14 11 44 23
29 24 11 24 39 19 18 9 25 16 20 31 38 14 21 34 17 7 38 19
2 5 1 5 9 6 1 7 5 9 2 2 15 4 8 4 2 1 11 7
1 11 3 1 7 9 1 1 1 5 3 1 11 1 7 2 2 1 17 6
5 8 7 2 4 11 1 1 4 3 2 10 16 2 11 10 6 4 23 10
26 44 21 30 42 44 3 26 28 41 22 46 75 14 55 40 31 27 65 38
40 24 8 18 32 20 7 30 30 39 16 32 47 25 40 33 17 22 39 16
18 6 4 5 14 11 1 8 1 19 7 10 17 11 14 11 7 5 13 7
8 4 1 11 19 9 1 8 5 8 6 7 19 2 10 16 11 1 14 6
39 44 13 41 49 36 27 38 43 24 15 40 59 24 37 51 21 14 61 34
28 23 7 24 39 8 18 25 23 22 16 21 36 33 13 22 3 7 31 27
28 35 14 23 37 24 19 16 29 15 21 32 42 25 25 35 12 11 51 29
41 20 5 15 37 27 15 21 21 31 23 26 41 25 32 26 26 17 41 22
4 19 15 3 11 17 1 6 4 8 13 16 25 4 14 7 6 4 29 21
12 23 21 11 23 21 7 9 12 15 15 25 33 9 19 11 6 7 32 23
28 32 17 30 46 24 22 26 37 25 15 22 39 21 33 37 25 21 52 24
43 35 17 43 54 32 29 37 40 23 11 36 49 21 38 51 33 21 52 27
4 15 3 9 23 5 5 10 10 12 8 1 21 13 7 4 1 1 17 16
24 5 1 6 17 3 5 13 6 16 1 12 25 17 16 12 1 7 14 9
16 28 23 18 29 24 11 17 20 8 13 24 32 6 16 19 11 5 33 22
12 11 6 3 9 17 1 3 5 11 4 16 30 1 19 16 7 4 24 11
17 13 2 13 18 7 9 13 11 13 1 14 37 16 13 14 1 9 17 22
18 20 8 21 34 21 5 16 25 13 14 23 39 7 27 34 19 9 42 11
18 21 7 17 32 17 9 19 22 17 12 14 38 18 28 27 16 13 38 18
14 15 6 7 20 1 13 1 8 4 11 8 13 14 6 9 1 1 14 12
27 30 11 21 47 33 10 26 28 36 26 20 43 27 33 22 24 15 49 25
13 18 6 21 29 4 13 17 16 6 7 15 26 16 6 17 6 1 24 17
37 50 33 44 57 40 31 21 42 39 34 41 70 25 36 34 24 15 57 48
22 19 6 10 26 6 17 10 13 18 15 10 20 25 8 12 3 1 20 17
20 36 20 27 34 34 12 20 28 21 13 27 47 13 37 31 20 14 55 24
7 1 1 1 4 2 1 1 1 5 1 3 5 3 7 6 2 2 10 3
31 59 26 39 50 45 21 31 42 37 26 47 72 26 52 46 26 26 75 44
19 14 5 3 14 12 2 5 10 8 7 19 25 5 16 19 7 9 26 8
36 43 20 30 56 25 29 43 40 33 26 29 51 47 25 19 19 20 50 45
5 9 3 1 11 4 5 1 5 4 8 4 6 7 7 3 1 3 14 6
4 35 27 10 25 19 14 3 18 12 27 20 38 17 27 10 12 4 47 33
12 5 1 5 8 2 6 8 1 10 3 5 15 12 9 4 1 2 9 8
21 32 23 28 43 22 21 8 27 20 31 24 42 24 25 27 26 1 48 33
44 50 27 36 44 39 21 33 29 42 21 53 74 29 50 38 22 27 64 48
41 38 11 33 47 23 30 18 33 34 29 33 54 31 24 37 18 13 47 39
42 41 22 30 44 39 30 6 29 31 37 47 54 15 33 39 21 12 50 39
18 15 6 9 12 17 1 10 10 19 1 14 27 11 27 17 7 11 31 12
27 33 17 30 39 36 17 22 25 32 16 30 50 21 31 35 19 9 45 30
4 7 5 1 5 10 1 4 1 9 1 5 15 1 13 6 5 4 14 8
54 56 17 36 64 42 33 37 48 51 43 49 67 52 47 37 21 28 69 48
14 7 1 14 18 13 1 14 11 12 1 12 31 5 23 26 15 9 25 7
26 31 11 35 45 23 19 27 25 27 13 23 53 22 17 22 12 10 32 30
25 35 16 30 35 28 15 20 22 18 11 35 56 14 30 31 15 11 47 33
18 8 1 9 17 6 9 5 4 11 5 11 24 13 6 13 5 1 12 15
47 41 14 37 53 23 26 33 43 40 23 42 64 36 32 43 17 16 50 36
23 10 2 7 21 10 7 10 7 17 4 10 25 18 15 13 6 4 23 14
24 7 1 11 19 8 9 12 4 18 8 12 23 17 11 16 11 1 12 11
31 21 1 18 33 5 13 28 19 25 6 13 38 33 18 13 4 20 33 25
15 9 1 6 18 5 6 8 10 9 8 10 20 10 13 11 4 7 15 9
47 47 26 33 63 42 29 32 39 43 42 43 63 40 36 34 32 17 61 48
38 44 24 44 56 36 25 34 41 38 30 41 60 25 42 40 30 20 54 37
8 15 5 9 20 8 6 12 8 13 10 4 23 14 8 6 3 4 13 17
5 10 4 1 10 8 1 1 1 1 5 7 11 1 5 8 4 1 20 7
36 23 7 25 39 26 17 26 22 33 17 27 46 28 26 31 12 7 37 24
15 19 10 6 23 12 10 14 14 20 16 1 21 24 14 2 4 6 27 17
25 21 1 27 35 9 16 22 19 29 13 16 34 22 17 16 13 14 28 22
4 6 1 2 6 5 1 3 1 8 3 1 11 1 9 5 3 1 9 3
23 37 25 28 41 27 19 23 25 17 16 30 52 23 27 28 14 5 48 38
14 41 27 27 41 31 17 10 24 18 28 28 44 15 27 20 20 7 51 33
20 30 21 21 31 28 14 18 16 10 11 29 47 7 22 23 12 3 37 28
5 7 2 6 14 4 2 6 8 6 5 5 13 7 11 10 5 1 22 5
35 35 18 25 48 31 14 40 30 33 21 32 55 31 28 21 19 18 45 35
6 6 1 1 12 5 1 1 2 6 5 3 10 2 6 5 2 1 8 3
22 39 31 17 42 29 16 13 27 17 29 37 49 17 28 23 13 12 49 32
45 42 20 22 35 26 16 42 32 46 5 34 66 47 46 36 21 35 56 45
35 50 15 35 43 40 11 37 37 49 16 39 74 27 54 47 35 36 66 40
5 11 5 11 11 7 5 14 7 12 1 6 23 12 9 4 1 8 15 19
15 31 26 17 35 23 13 14 24 10 22 27 40 11 18 21 11 4 42 27
21 24 1 23 35 6 16 20 16 19 7 13 38 24 10 10 4 11 25 29
21 20 5 4 23 1 11 5 17 5 12 17 22 18 13 17 1 9 26 12
5 3 1 4 7 6 2 2 1 3 2 2 9 1 12 10 8 1 15 4
11 46 31 27 47 37 18 17 31 27 25 24 44 12 36 25 30 17 60 38
26 34 18 26 37 35 14 23 15 36 20 26 47 15 36 16 23 21 48 31
27 22 7 20 37 16 16 11 25 19 19 21 37 21 29 31 18 9 39 15
14 7 1 8 21 8 5 4 7 9 10 9 14 6 6 12 8 1 12 5
29 36 20 28 38 38 12 17 22 35 22 43 67 15 43 34 22 14 50 37
23 29 20 21 35 25 10 27 22 24 13 23 44 21 25 19 8 9 42 27
18 42 17 36 45 33 23 14 27 27 24 27 46 23 27 26 18 10 52 35
1 9 3 2 16 1 3 3 9 1 8 2 5 6 2 3 1 1 16 4
29 35 13 32 38 38 12 28 31 31 15 34 59 12 42 42 30 23 52 30
40 47 13 36 47 47 18 22 30 45 29 43 64 28 49 44 25 20 64 35
8 6 4 3 6 6 6 1 3 5 3 6 12 6 9 6 4 4 15 9
