1000 20 14 1791
2 9 1 12 2 4 5 5 9 7 7 1 3 3
1 8 3 9 9 5 7 4 2 7 2 0 2 1
2 5 1 3 1 7 1 1 5 3 5 1 1 3
4 9 2 20 3 17 2 5 16 2 2 9 9 1
3 2 5 2 6 1 1 2 5 3 2 0 1 3
3 14 2 8 1 9 1 0 4 2 3 1 7 2
18 15 2 4 8 14 0 8 7 2 22 12 0 2
9 3 18 19 8 15 2 6 7 1 7 13 5 2
3 1 20 7 7 15 17 4 5 10 0 8 7 9
6 5 6 7 6 5 1 2 2 6 1 7 3 2
8 10 11 7 2 15 11 17 3 7 5 9 8 16
5 0 2 2 3 1 6 2 5 5 7 1 1 5
4 1 7 2 2 1 7 3 4 2 1 1 1 8
1 2 3 1 1 1 2 4 5 8 2 1 0 5
4 17 2 1 4 1 3 1 9 1 7 10 5 4
4 20 20 9 11 7 1 5 11 8 0 0 7 12
2 1 3 2 6 7 0 4 2 3 6 3 6 1
3 8 7 5 6 11 12 2 9 12 3 5 4 17
1 3 7 1 2 4 9 1 2 4 3 1 3 6
10 0 6 1 1 2 9 2 3 8 5 4 6 3
4 12 32 6 5 2 12 1 9 5 4 4 1 1
10 0 0 3 11 2 14 5 9 5 6 2 4 5
18 3 13 4 6 10 8 12 4 11 6 0 3 18
8 0 1 7 11 15 9 21 3 11 10 8 3 9
2 1 8 1 10 8 1 2 4 4 6 15 3 13
3 5 5 3 10 7 4 3 2 4 14 3 10 4
6 6 10 7 7 5 3 18 0 12 12 8 16 2
2 0 6 2 8 4 1 10 1 1 11 8 10 13
8 7 5 1 13 0 5 0 3 4 8 14 5 7
5 5 1 5 1 2 0 9 0 2 6 2 1 3
2 4 4 3 3 8 8 1 5 1 4 2 0 14
14 3 9 20 6 2 11 3 10 5 6 19 13 5
1 1 4 9 3 0 9 1 8 2 1 0 4 1
2 16 2 3 2 10 14 2 3 2 4 2 5 3
5 1 2 6 7 6 4 1 0 15 5 3 2 16
4 5 1 6 0 3 4 4 3 0 1 2 2 3
7 7 7 2 11 5 3 4 0 3 5 3 1 13
6 8 4 4 19 12 4 4 4 23 4 2 8 16
14 5 6 12 7 6 1 3 13 6 16 8 20 3
9 6 2 4 1 12 3 3 2 11 1 8 3 17
7 4 6 5 12 3 17 4 2 1 7 3 2 2
11 3 0 8 5 2 7 14 2 13 9 2 8 20
20 13 2 6 11 4 4 1 0 3 5 3 5 14
6 6 2 10 1 0 3 2 3 2 10 6 1 0
4 2 1 1 2 1 1 3 0 2 7 1 4 0
2 1 5 1 2 1 8 1 6 1 5 3 2 3
6 2 1 3 18 8 0 0 1 6 1 4 1 13
1 6 6 1 7 9 2 16 1 4 14 0 3 8
0 6 11 7 1 1 9 4 6 2 3 8 8 8
14 20 4 8 8 4 0 7 12 2 16 3 2 3
2 3 2 4 2 6 0 5 2 7 1 3 1 2
1 2 14 0 1 3 2 11 7 3 2 6 1 0
1 5 3 0 1 8 5 1 4 1 1 1 3 1
6 1 9 2 3 3 4 3 20 2 6 5 10 2
12 7 3 4 2 4 7 1 9 0 15 11 4 4
8 6 1 3 1 1 0 2 2 0 3 1 9 8
6 5 6 2 7 5 3 5 4 7 1 2 1 4
8 10 10 11 3 16 7 12 3 8 16 11 5 10
3 7 11 11 1 2 8 0 7 0 2 2 4 4
2 8 0 1 14 1 18 0 2 11 13 6 6 1
8 9 2 4 9 7 4 6 1 12 14 4 3 1
2 17 0 8 5 7 7 6 4 6 2 4 7 0
9 3 0 3 0 3 3 10 4 11 7 20 4 15
0 2 5 9 5 3 1 6 6 12 3 4 11 0
2 1 29 4 1 1 5 5 5 8 4 8 5 2
5 0 1 2 13 5 2 11 2 20 5 3 17 5
5 4 4 5 2 9 10 11 18 4 8 9 8 17
10 2 3 18 4 8 2 6 11 1 3 1 11 6
2 3 10 5 0 16 8 13 13 1 2 8 8 17
3 8 6 6 4 1 1 5 4 3 4 2 2 5
5 11 1 1 5 3 5 8 9 9 11 2 3 4
1 5 1 1 3 0 8 1 5 1 2 6 4 6
11 5 1 10 4 4 3 1 1 6 10 12 3 3
10 4 1 3 5 0 17 7 5 4 4 14 4 2
1 2 4 4 7 1 1 2 1 3 2 6 1 3
5 18 5 11 2 5 1 3 13 7 16 5 8 9
5 10 3 11 3 13 8 0 10 3 3 3 8 2
12 7 7 5 8 10 1 13 11 1 6 7 6 0
1 1 3 1 1 3 2 1 2 3 3 2 10 1
1 8 6 3 2 2 6 9 11 16 0 14 4 26
10 13 1 3 1 6 1 14 0 3 13 3 6 5
0 11 14 5 6 12 8 11 9 1 11 8 5 3
4 1 7 2 5 3 0 2 2 6 2 9 2 0
10 7 1 11 14 13 10 1 7 7 10 13 13 7
3 3 2 1 1 3 1 2 8 10 4 4 1 11
17 3 2 1 6 2 1 2 1 3 4 2 6 8
1 6 5 12 2 1 10 3 13 11 6 10 3 5
5 2 15 6 27 7 13 14 6 8 6 2 4 6
11 10 23 7 10 6 17 9 3 2 0 6 1 2
2 6 1 4 3 0 2 3 1 1 4 1 3 6
17 10 3 20 0 16 2 11 7 1 0 6 11 2
1 1 12 3 4 0 3 9 6 10 6 0 3 12
16 2 3 16 11 5 12 10 17 6 5 10 9 9
11 3 6 7 16 10 7 1 7 2 13 1 12 6
4 4 18 4 5 7 2 3 4 5 6 2 3 3
1 7 9 0 5 4 10 5 2 13 7 4 4 9
6 5 3 3 2 6 2 4 0 7 7 6 4 1
6 5 3 9 4 6 3 1 3 4 0 1 9 1
4 12 14 5 3 10 2 17 2 1 23 7 1 14
5 6 4 4 7 2 4 5 1 1 2 0 5 2
11 10 9 3 2 2 2 17 4 7 4 5 15 4
3 8 0 3 2 3 3 0 2 1 2 3 1 1
3 6 4 3 3 3 1 4 9 1 3 5 18 2
9 4 4 7 3 9 6 3 3 12 4 12 2 6
1 1 1 1 1 1 1 7 1 1 7 6 3 2
2 15 3 2 3 2 6 6 3 8 5 9 3 2
6 7 3 12 2 4 8 5 4 0 6 12 0 4
3 3 0 4 2 3 1 6 2 8 9 7 2 4
4 5 7 3 13 0 12 0 2 3 1 8 2 7
1 7 14 10 2 5 3 9 0 1 6 3 9 1
3 17 11 11 10 1 0 4 7 9 9 6 3 2
11 5 0 12 9 10 3 8 15 4 8 2 4 2
4 8 0 10 5 8 11 5 12 5 5 8 6 6
13 1 6 2 3 0 2 10 8 3 8 4 3 6
9 5 6 4 5 3 6 3 7 9 3 8 5 16
1 1 1 4 5 4 3 8 2 6 2 1 0 1
2 4 3 8 1 10 3 9 1 13 4 6 9 5
6 2 3 0 4 4 5 3 2 9 6 2 1 2
1 0 0 0 10 4 3 4 6 5 6 2 5 6
1 1 0 0 2 1 8 0 6 5 9 6 4 6
7 5 9 7 2 3 6 1 6 8 6 2 1 22
2 11 5 2 5 1 4 3 2 5 1 4 1 7
7 1 2 2 1 1 0 3 0 8 3 3 4 2
1 11 26 12 1 0 10 4 10 1 2 4 2 14
2 8 1 2 1 1 0 8 2 1 4 1 9 4
1 3 8 3 17 5 7 1 5 2 6 4 7 6
7 7 9 6 14 4 5 4 9 2 1 6 3 0
2 11 7 0 9 3 14 10 9 16 14 7 2 12
4 12 2 3 5 2 6 7 0 1 16 19 7 3
1 2 4 8 10 4 4 9 5 4 4 1 7 6
15 14 11 10 12 16 2 18 9 1 1 2 2 5
8 1 4 1 0 0 4 3 1 7 5 5 0 4
19 2 2 9 0 6 16 5 7 16 9 7 17 4
16 6 0 14 13 12 2 1 4 10 2 9 5 9
1 2 3 6 4 6 3 0 1 4 0 0 1 1
2 4 5 4 1 11 1 5 5 4 1 1 0 1
5 4 2 0 5 3 3 0 4 1 6 1 1 5
6 3 2 0 3 5 0 8 2 1 6 2 2 0
1 2 2 6 1 4 2 2 0 0 0 3 7 3
5 4 0 3 3 3 6 0 2 2 11 7 2 12
0 5 4 2 2 1 1 0 5 0 3 4 1 2
0 1 2 5 4 5 5 4 1 4 4 2 6 4
0 3 11 1 3 6 9 3 1 1 2 6 4 9
7 1 9 15 3 9 4 8 3 4 8 8 12 12
5 7 1 4 1 0 3 4 3 4 1 3 8 2
2 1 16 4 1 3 0 9 6 4 2 6 2 4
0 1 6 2 4 3 3 1 4 4 2 3 3 6
3 4 1 2 13 1 7 4 2 3 8 12 1 10
24 0 5 2 3 11 12 4 21 1 10 5 5 5
5 12 12 4 16 4 5 0 8 7 8 9 10 12
7 2 13 4 5 2 0 4 4 7 9 4 5 11
2 1 2 2 2 4 6 5 1 2 3 1 2 2
0 25 4 3 2 6 10 1 7 1 0 4 27 2
2 3 1 9 1 5 6 1 4 7 9 1 1 7
4 4 20 8 9 3 5 6 3 12 1 3 3 7
6 9 6 8 4 3 2 3 6 0 12 4 1 3
27 8 3 12 6 11 7 2 12 2 2 5 1 2
2 3 1 1 7 2 1 2 4 11 1 4 1 1
2 3 3 3 2 6 1 2 0 6 3 1 2 6
7 12 4 8 11 7 2 8 11 10 4 2 3 2
15 7 1 6 7 10 7 1 4 11 10 0 11 11
18 5 6 8 11 8 6 3 7 8 3 5 10 3
3 1 1 1 1 5 5 3 1 5 6 5 1 2
7 2 5 6 2 4 9 3 4 4 2 2 0 5
7 2 1 3 2 1 6 0 8 12 3 4 2 1
7 3 4 3 6 5 0 13 6 0 0 7 2 6
9 13 2 4 14 7 0 2 8 1 12 6 5 6
2 3 8 4 1 1 1 5 0 7 2 3 6 3
1 2 2 5 2 1 5 2 6 2 1 3 1 4
8 2 9 2 0 15 4 14 9 15 10 17 1 4
9 9 4 18 1 2 8 14 7 8 5 15 16 3
25 3 7 4 14 2 4 2 3 4 6 9 7 14
3 3 4 8 1 7 3 8 6 3 1 15 10 4
3 7 0 4 4 1 3 3 0 1 2 3 1 3
7 3 12 5 4 0 1 3 2 2 0 4 8 3
1 1 3 5 1 4 4 1 0 4 3 1 1 2
14 8 11 3 7 19 2 11 7 4 9 14 4 2
5 3 13 14 5 4 1 7 17 2 17 15 1 5
9 8 17 12 2 5 3 1 11 9 6 5 14 0
13 4 10 5 10 1 11 14 4 4 11 4 1 1
3 1 9 6 6 1 3 7 4 2 9 0 7 4
10 1 9 4 13 5 2 1 1 3 4 6 1 4
4 6 4 10 18 2 9 7 0 6 13 21 9 3
0 0 7 1 0 5 3 2 5 10 1 7 3 10
2 6 1 5 7 1 0 0 7 1 0 1 1 1
14 12 28 2 2 0 4 7 7 3 2 1 12 8
4 3 5 3 20 1 3 2 5 8 2 2 1 5
6 3 5 1 8 6 1 8 5 6 1 4 2 4
14 1 1 12 4 3 12 10 8 7 1 13 6 8
9 12 1 6 9 9 1 4 4 11 7 2 14 2
16 0 2 5 5 4 5 9 1 10 1 4 11 1
2 3 5 6 3 6 2 4 1 4 4 4 4 1
8 6 1 3 4 3 5 1 1 6 0 4 2 4
15 4 5 2 4 3 4 2 8 1 6 9 2 9
5 4 10 3 9 3 7 4 2 7 10 3 0 2
10 3 8 1 2 2 0 4 1 5 2 1 3 7
1 7 1 4 4 8 1 1 1 5 5 4 0 1
20 22 11 10 5 6 0 5 13 5 2 6 14 2
4 2 4 10 1 2 2 4 9 4 6 7 2 2
9 12 4 7 7 9 9 2 13 0 2 2 1 9
11 11 1 13 11 18 4 9 2 2 1 9 5 20
9 16 9 11 3 0 18 7 8 3 4 7 7 5
2 6 1 3 1 1 5 5 0 2 3 3 1 1
14 11 7 11 4 2 13 3 4 9 8 7 2 4
6 3 4 14 9 12 1 14 5 11 2 9 2 10
3 4 3 2 4 6 3 4 2 0 1 6 1 1
10 4 2 3 16 0 18 7 16 3 10 12 4 4
6 5 7 1 6 10 10 4 4 7 1 13 12 4
0 4 2 4 5 5 3 8 3 3 0 2 0 2
7 4 8 11 7 11 5 23 9 4 4 7 4 19
10 1 1 1 5 8 13 1 4 3 4 4 13 2
1 3 0 5 4 1 2 1 3 4 2 2 4 3
3 6 14 9 2 4 5 9 7 1 6 1 8 3
4 1 0 3 1 4 2 1 4 1 5 2 5 2
2 0 2 3 3 0 3 6 1 5 3 2 3 4
5 4 6 4 14 1 6 4 13 2 8 9 7 4
9 6 14 2 8 6 0 2 1 2 8 1 11 7
2 1 7 8 9 8 6 1 4 5 4 4 7 3
7 14 1 8 1 0 1 8 6 5 3 8 16 1
1 8 1 14 18 1 2 7 5 1 7 4 3 3
3 1 7 5 17 14 8 5 6 10 4 9 8 13
4 4 6 3 12 10 18 9 3 3 9 8 1 2
9 20 4 7 13 6 15 11 8 3 8 6 11 7
10 5 13 12 4 5 0 2 10 8 4 6 3 6
3 1 3 6 3 0 3 5 1 3 0 0 5 0
1 15 7 11 16 7 7 2 13 1 8 6 3 8
7 3 5 6 2 4 6 4 2 2 0 0 4 0
11 16 1 5 2 9 3 2 5 1 4 0 8 2
3 2 7 1 0 0 12 4 7 1 1 5 0 2
1 3 2 2 1 0 6 0 8 3 7 5 0 5
6 4 10 5 11 20 15 5 12 0 11 8 5 7
8 1 6 3 1 4 11 0 2 1 7 9 6 2
2 21 8 5 8 8 2 8 2 2 8 3 2 28
5 2 1 1 2 0 0 1 1 1 4 3 4 5
15 1 10 7 5 2 3 8 6 10 21 22 6 4
2 3 5 6 0 1 2 1 0 1 10 5 6 2
6 5 1 0 1 9 8 5 10 3 3 2 2 9
5 4 1 4 6 4 7 5 3 0 1 2 2 3
2 4 2 0 1 9 9 3 1 2 5 9 6 4
1 19 1 1 14 0 10 4 7 10 8 3 5 0
2 3 2 1 4 1 6 1 0 0 8 4 2 5
8 3 4 1 5 15 7 4 3 17 8 2 7 5
6 3 1 2 9 9 10 6 3 3 0 13 2 3
2 1 11 5 1 6 2 6 6 4 8 11 1 1
2 3 1 1 1 1 5 2 2 1 1 5 4 4
6 4 12 4 5 2 11 12 11 10 1 8 1 11
4 3 11 10 6 1 2 10 3 1 6 4 13 5
1 2 7 5 6 5 1 0 8 3 1 8 10 10
16 5 6 9 6 4 0 7 10 1 12 19 4 10
2 12 1 5 6 3 0 5 0 4 7 4 3 8
6 14 5 1 2 5 9 14 6 1 6 0 4 9
15 0 15 1 5 2 5 6 6 7 5 2 2 15
7 1 7 0 6 4 3 6 0 3 1 0 2 4
5 3 8 1 3 3 7 9 1 4 7 12 10 2
6 1 12 4 7 10 1 2 4 15 6 5 2 4
10 8 2 4 4 2 5 9 6 5 7 1 3 3
6 12 4 2 4 21 2 4 4 8 1 4 0 12
1 3 6 4 16 2 7 13 8 1 4 8 6 9
3 1 2 1 5 1 1 1 0 1 6 12 3 10
1 1 6 2 4 4 0 1 2 2 2 10 4 2
3 5 1 14 3 11 5 5 6 19 5 10 1 0
0 0 1 3 3 3 0 2 2 1 3 4 5 0
1 7 7 17 14 6 3 6 8 10 19 14 2 14
7 16 5 2 18 12 3 6 1 4 12 15 15 5
1 3 22 15 7 7 2 3 7 6 16 2 9 14
7 0 22 7 6 0 9 1 3 5 0 1 9 3
2 1 1 1 4 4 3 3 2 10 4 4 4 6
1 4 3 2 3 1 0 11 13 1 10 3 7 0
5 6 5 10 11 11 2 15 1 20 8 1 5 6
1 0 2 3 2 4 7 1 6 1 3 2 0 1
2 6 3 5 6 7 18 10 6 1 8 23 1 4
4 9 0 0 3 7 4 20 5 5 7 0 11 5
1 6 0 5 3 4 7 8 3 12 5 10 2 3
6 6 8 3 4 5 1 1 3 0 2 3 5 1
5 1 3 0 0 3 8 7 15 4 2 11 7 4
1 4 1 9 7 7 4 6 3 1 1 7 9 5
7 10 6 5 9 8 3 16 0 7 7 0 1 1
2 3 21 5 11 5 2 3 8 1 8 9 2 4
8 7 8 9 6 16 5 2 18 11 1 4 6 8
1 10 9 4 9 3 6 5 1 7 8 23 0 5
5 15 15 9 8 5 10 5 0 6 8 2 4 13
16 16 13 7 3 7 10 18 5 3 5 4 2 13
1 6 7 6 3 3 2 1 6 1 2 0 5 5
1 13 6 1 3 16 6 4 6 8 5 3 0 2
10 0 3 1 2 4 4 7 4 2 13 7 1 3
10 5 13 5 4 2 1 5 6 1 7 8 3 24
7 2 4 3 3 3 0 1 3 1 4 11 2 3
12 18 3 9 2 12 8 11 9 9 4 17 1 8
1 7 14 4 15 4 5 12 8 6 12 0 3 3
0 7 6 9 4 8 1 6 5 1 2 3 0 7
6 0 0 17 1 19 12 2 1 6 6 5 10 8
2 13 5 3 7 5 9 4 2 10 5 1 9 9
1 6 0 5 6 3 6 3 3 8 1 1 8 0
2 4 0 0 7 1 5 3 0 5 1 1 2 3
0 3 2 3 5 6 0 0 2 3 4 4 3 6
11 3 1 12 5 1 3 8 8 6 4 2 4 2
6 8 2 1 2 6 1 6 4 2 1 2 0 8
0 2 5 1 0 1 6 8 3 8 6 3 2 0
2 4 9 6 1 2 3 4 3 5 9 5 12 4
6 6 10 7 10 9 0 8 0 7 3 10 9 9
27 3 8 3 12 13 3 8 4 8 9 4 8 0
3 3 5 6 2 13 5 7 7 1 2 15 0 6
7 11 1 10 11 2 14 4 5 1 6 14 6 19
4 3 8 5 3 3 2 5 13 3 5 10 8 20
6 5 7 2 5 8 8 8 13 15 0 17 2 3
3 10 1 4 9 1 2 17 3 0 3 3 13 4
3 0 4 7 4 4 2 6 0 9 5 4 1 12
6 4 3 11 4 3 0 10 13 8 2 0 7 4
8 8 6 16 1 7 9 16 12 7 7 3 3 12
3 5 2 3 8 13 1 5 14 6 6 8 7 3
1 0 4 7 4 4 1 1 3 3 1 5 2 3
0 16 3 8 0 3 17 0 10 14 1 5 4 17
9 0 5 1 1 12 1 5 7 3 16 15 12 1
1 3 3 10 0 2 0 6 7 10 3 2 5 3
1 0 18 10 6 2 9 3 0 18 6 4 4 1
2 11 2 2 15 0 3 1 4 2 11 1 4 4
11 0 5 9 18 6 6 6 2 17 21 10 5 3
4 2 3 2 2 4 5 10 2 4 3 2 4 5
5 5 12 1 10 11 5 1 1 5 22 6 14 20
5 6 7 14 11 2 3 3 10 6 3 12 11 12
1 0 2 3 2 5 0 1 1 2 1 4 5 4
2 3 13 0 15 1 7 9 7 5 13 8 9 4
7 8 4 1 9 4 4 5 10 14 2 1 0 0
14 1 9 3 1 6 9 13 3 9 13 2 8 3
3 2 2 18 0 4 6 15 12 12 13 8 3 15
5 4 4 2 7 6 4 6 1 2 9 6 3 1
9 8 1 13 9 3 5 4 10 9 0 3 3 3
5 9 10 6 12 9 3 6 4 9 14 0 3 1
1 21 1 6 5 4 21 6 4 2 3 13 1 1
4 2 1 2 3 7 3 6 13 1 5 6 0 2
7 9 8 0 5 0 5 18 5 12 3 3 1 3
3 7 12 6 7 6 2 4 8 0 4 5 0 7
9 5 8 13 8 10 14 4 12 12 0 7 1 4
4 1 1 11 1 2 6 12 3 1 0 6 1 3
5 2 8 7 7 0 1 2 1 5 0 3 1 2
14 3 15 13 4 5 6 0 5 9 8 9 5 8
18 2 13 14 16 11 2 5 3 6 12 10 9 3
7 9 3 11 2 11 12 3 8 4 0 3 6 4
21 14 10 4 1 4 3 21 3 3 3 4 13 10
3 10 0 3 8 2 2 1 3 0 0 8 6 1
3 4 1 2 5 2 2 1 1 0 6 0 6 0
2 9 5 3 3 5 7 13 2 4 1 2 14 10
2 1 6 5 8 1 0 1 2 3 1 3 3 8
3 4 0 2 6 6 2 2 5 1 2 4 1 3
2 16 6 7 15 8 5 4 5 17 5 8 7 7
1 7 3 3 12 6 4 11 25 4 12 1 11 2
17 0 12 4 13 5 8 16 1 6 15 2 7 13
8 1 13 3 8 7 5 5 11 8 3 21 11 1
4 0 5 5 7 8 3 14 1 2 9 14 8 4
2 10 1 10 9 2 14 4 4 13 3 9 5 17
2 3 11 7 5 15 4 8 0 5 1 2 0 10
3 0 6 11 11 4 7 6 6 13 6 4 9 9
14 1 3 13 8 3 17 4 12 15 6 6 4 0
2 4 8 6 3 8 9 2 1 3 2 6 0 6
0 4 7 2 4 2 0 2 0 12 1 6 5 3
2 1 1 0 1 3 4 2 3 1 5 6 2 2
4 3 3 5 2 8 1 3 2 0 2 2 1 0
1 5 14 9 13 19 8 2 0 17 2 4 5 8
3 7 10 12 15 8 8 5 2 1 8 8 0 7
19 1 1 13 12 6 13 3 12 15 4 3 1 5
1 5 6 3 2 5 1 0 3 17 8 5 6 9
4 4 5 2 2 7 5 2 5 3 3 2 3 5
1 4 17 4 9 4 4 4 15 5 4 3 1 2
3 4 0 15 1 1 10 2 2 4 10 6 1 14
6 4 2 2 10 1 1 9 9 5 11 1 8 13
3 6 4 1 10 10 12 8 2 5 5 8 15 12
15 11 8 4 14 19 6 5 8 16 4 9 12 7
2 2 6 1 3 2 4 1 0 0 10 9 8 1
3 4 2 8 3 1 4 7 5 3 6 0 4 1
4 4 2 3 4 1 5 1 2 3 5 4 2 3
7 8 13 4 16 8 12 4 2 14 0 11 15 3
11 10 4 5 0 9 0 0 9 6 3 11 2 7
2 8 6 7 5 16 9 12 4 4 18 4 4 6
9 12 15 7 12 10 3 8 7 14 15 0 2 5
1 12 17 3 5 4 7 12 12 16 6 7 10 3
1 7 2 1 5 5 1 2 10 0 1 15 4 6
7 2 0 5 1 1 3 5 11 3 17 16 22 10
7 1 9 13 2 8 14 8 3 3 3 2 8 5
3 4 4 10 1 0 4 15 17 7 19 6 9 13
5 5 4 2 0 4 2 6 0 6 4 8 0 2
3 10 9 7 4 4 9 2 7 1 6 20 4 9
2 1 3 10 1 7 15 12 10 3 12 9 13 11
3 3 3 8 1 4 14 7 1 10 8 7 2 1
0 0 1 5 0 0 1 2 3 4 5 4 3 1
3 11 5 2 3 3 6 1 2 1 13 8 8 3
3 11 2 0 3 5 12 5 7 9 0 12 2 8
0 11 5 2 13 2 8 4 9 8 4 1 4 4
3 7 0 5 4 6 13 9 6 1 3 6 6 13
12 3 12 0 10 7 11 8 9 0 10 19 8 8
2 3 1 0 6 2 7 0 4 1 7 12 1 7
21 6 2 0 2 13 2 6 12 7 8 7 6 7
0 0 0 1 1 3 2 1 4 1 4 1 1 9
14 9 14 2 5 2 5 7 9 3 5 5 3 5
5 2 0 6 8 4 1 5 1 0 1 3 1 1
6 1 7 8 3 1 12 3 12 5 13 9 4 6
2 3 0 1 2 2 10 4 5 10 4 7 2 0
14 3 1 4 19 9 14 1 11 18 0 4 4 11
13 4 11 5 12 3 10 4 5 4 4 1 7 3
3 4 3 0 7 3 2 3 5 2 1 0 0 0
2 1 1 7 1 2 3 0 7 6 2 0 3 5
12 11 2 5 3 9 1 14 9 4 6 8 11 7
3 5 7 10 10 14 6 5 8 17 10 7 16 8
4 3 0 2 2 1 6 2 6 1 3 3 1 4
2 0 3 7 1 4 8 1 8 1 11 1 6 6
4 19 10 3 12 0 4 7 1 3 15 7 14 10
0 1 6 7 4 10 10 15 10 8 4 7 4 1
19 3 4 9 0 7 12 2 9 5 16 9 4 12
9 1 7 3 0 9 5 5 3 17 5 18 13 7
1 2 4 1 0 4 8 8 11 12 10 3 7 7
1 2 7 2 2 1 2 12 4 6 12 7 3 10
12 4 8 3 1 9 19 5 12 5 6 1 1 15
1 1 23 7 4 11 6 2 15 4 10 0 1 5
5 5 1 5 4 1 1 15 11 8 7 4 2 6
2 10 1 3 6 2 4 5 7 2 3 5 8 4
6 3 11 1 8 22 2 9 1 3 9 6 14 3
5 2 1 3 1 0 2 2 0 3 8 1 3 9
6 5 8 2 17 14 17 15 15 6 7 4 4 4
13 1 2 4 3 25 4 3 0 2 17 5 2 7
6 7 5 0 7 29 2 4 11 7 8 3 3 5
2 0 1 19 17 4 2 3 2 2 7 12 10 23
3 2 0 11 5 17 11 7 7 2 9 4 9 13
4 8 11 4 6 4 11 5 2 3 1 13 7 5
0 3 2 3 0 1 3 1 3 1 2 3 1 7
3 3 9 2 3 6 5 3 5 3 5 4 0 8
1 2 1 2 2 3 0 1 1 8 1 3 2 2
3 6 5 6 0 3 6 10 0 3 4 2 2 4
2 11 1 1 7 0 3 4 3 4 3 1 13 4
14 6 18 10 9 4 10 3 14 6 8 14 6 9
10 3 16 6 3 2 8 2 11 4 6 6 24 6
4 10 1 2 1 0 1 3 1 4 0 7 0 4
4 9 4 3 0 13 8 5 4 14 9 1 7 3
10 2 2 13 6 3 4 7 12 10 2 13 2 7
2 2 0 3 0 5 2 5 3 6 2 5 1 1
2 0 2 4 4 3 5 1 1 4 6 1 0 5
6 1 1 3 0 1 3 6 2 3 1 4 1 4
0 9 5 5 2 6 7 1 5 5 0 2 1 1
1 4 10 4 9 1 6 9 12 16 4 1 1 3
1 2 3 0 2 1 3 3 7 1 0 4 5 1
4 3 9 5 1 6 0 2 2 7 3 1 2 1
8 1 0 11 3 14 8 0 6 11 17 5 18 13
4 13 4 8 7 9 7 1 9 9 5 1 4 2
8 0 8 4 2 15 1 9 2 1 4 5 2 13
5 5 3 2 18 14 12 18 4 1 9 5 13 11
2 4 1 10 7 14 2 2 12 2 0 7 10 9
7 3 10 1 6 7 16 9 1 20 1 12 10 2
7 3 6 2 1 2 1 2 2 1 5 1 4 2
10 1 10 7 1 2 5 6 6 4 7 1 6 6
3 3 6 10 2 3 1 1 3 2 8 0 1 6
2 5 1 7 1 0 3 1 3 3 1 2 7 1
2 9 1 8 2 9 3 0 3 2 1 0 12 2
2 10 5 1 10 7 7 11 10 6 2 8 1 7
3 5 9 0 12 4 4 11 6 8 8 5 10 0
17 17 13 3 14 9 14 2 6 1 16 6 2 5
4 8 10 2 12 4 4 9 8 2 7 1 3 9
5 3 6 8 7 8 1 4 2 6 4 3 4 9
2 4 18 4 4 1 9 13 1 1 2 7 11 4
5 5 5 11 3 5 7 2 1 2 4 9 4 13
2 7 2 2 1 3 5 3 2 2 1 4 1 1
9 0 10 0 2 7 7 7 4 5 2 5 23 16
6 1 2 7 5 7 5 2 13 4 3 1 4 12
5 3 12 17 2 8 14 4 6 1 3 5 9 2
11 7 7 1 7 3 4 8 1 3 2 0 3 7
0 5 2 15 8 4 7 11 5 1 6 1 4 8
12 12 12 12 5 17 3 6 2 7 13 13 9 3
13 3 7 1 8 4 8 8 7 7 4 4 7 16
3 4 10 0 2 5 4 3 4 5 7 7 3 8
8 18 10 5 0 8 5 5 1 4 2 2 9 24
5 7 7 0 9 1 5 9 4 6 10 4 6 1
9 1 1 1 8 2 6 0 1 9 2 3 6 13
1 6 1 6 4 3 9 5 4 11 7 1 8 7
6 3 6 0 3 5 6 0 2 4 2 1 0 3
17 5 3 8 10 4 8 4 13 7 6 1 14 1
11 8 0 13 2 4 3 10 0 1 12 1 5 4
3 2 2 0 1 0 7 1 2 0 3 4 1 8
4 3 1 7 2 1 2 2 1 2 4 5 1 3
5 0 2 6 5 1 10 10 0 0 2 13 3 10
5 2 6 0 6 5 11 4 1 5 2 3 1 1
13 6 3 11 7 9 13 8 5 8 2 11 6 2
4 2 5 5 5 12 5 1 6 10 6 1 2 0
1 1 4 0 3 6 4 3 4 1 4 6 10 4
8 7 7 1 2 5 1 3 18 9 13 12 4 0
11 3 14 15 2 3 16 3 7 4 6 10 3 6
3 4 5 1 4 2 2 6 1 7 1 7 0 7
4 3 12 7 1 7 2 8 4 2 6 2 0 1
2 7 1 8 3 0 3 9 3 0 13 3 6 1
1 23 7 6 10 5 2 2 18 1 8 0 12 2
14 6 6 4 13 4 14 9 22 4 8 6 4 11
3 5 5 0 2 4 2 2 0 1 0 4 3 2
1 3 5 1 0 0 5 0 9 1 4 1 1 3
8 11 4 10 1 7 0 12 6 7 14 0 11 0
1 2 9 8 4 4 5 14 7 2 11 6 5 15
1 6 3 0 0 3 0 1 3 2 6 1 3 2
1 3 1 1 0 10 8 4 5 3 4 6 5 7
2 10 10 0 0 7 2 2 1 10 7 0 3 10
1 7 8 2 4 3 8 0 7 8 1 9 3 5
6 3 1 3 14 5 9 1 12 9 10 5 15 7
7 1 7 1 2 0 4 3 4 4 3 6 0 5
3 8 9 0 3 2 4 0 9 5 6 0 13 2
6 2 3 5 1 1 14 1 7 4 5 2 3 4
2 8 6 3 2 10 1 1 2 4 4 7 6 2
24 7 7 0 1 8 7 8 7 2 2 5 7 16
2 8 0 0 5 9 1 3 2 1 3 3 1 2
3 1 1 3 0 3 5 8 0 9 4 4 5 8
2 6 2 2 4 5 6 3 0 6 2 5 1 7
9 11 3 8 7 9 1 2 16 14 5 12 2 16
1 7 12 7 6 6 8 6 2 14 8 3 6 6
1 7 1 11 7 2 10 5 7 18 3 7 4 10
1 0 0 3 4 3 5 2 9 3 8 1 3 4
5 2 3 6 1 2 4 0 3 0 5 10 1 5
2 3 2 13 3 11 1 11 4 1 1 6 4 10
2 9 5 11 5 1 8 1 2 1 3 6 4 4
8 17 4 7 9 9 2 1 12 4 9 14 12 1
13 4 16 2 13 22 14 14 8 0 3 1 2 6
1 2 1 1 2 2 4 2 0 3 7 5 1 4
6 8 1 2 4 8 1 4 1 6 4 1 11 1
1 4 3 9 8 5 9 10 2 8 5 2 10 1
7 1 15 12 11 4 5 2 8 0 6 9 10 5
0 1 7 2 1 5 1 2 1 21 14 6 17 3
2 2 4 8 4 8 5 5 6 5 3 7 0 2
0 1 7 6 2 7 1 4 3 7 10 3 2 5
5 5 1 2 1 4 11 1 11 2 2 2 2 9
3 9 12 14 1 1 9 9 16 3 11 1 11 14
4 14 15 2 0 5 3 2 10 5 2 6 6 27
5 6 9 3 5 1 11 5 9 4 8 4 7 6
3 2 2 6 2 2 2 7 1 5 6 3 7 8
0 0 0 3 9 1 1 2 1 3 1 2 1 1
4 1 5 8 2 2 0 0 1 6 11 4 1 3
1 1 3 12 2 2 6 10 3 4 3 1 5 2
10 5 2 1 2 13 14 8 7 1 3 11 6 7
3 7 11 14 7 6 1 13 3 7 2 5 7 12
4 1 3 3 4 6 3 3 9 3 5 15 8 4
1 11 6 8 0 2 6 0 10 5 2 8 1 3
11 0 11 6 5 11 10 3 10 1 1 3 2 1
16 1 7 1 9 4 5 12 16 5 5 9 2 16
4 19 10 12 7 9 1 12 11 1 11 3 3 9
1 2 4 7 1 6 3 6 0 7 2 7 5 3
10 8 8 7 0 3 6 4 1 5 1 1 8 8
6 20 7 5 1 1 7 5 8 14 4 0 4 2
0 5 4 1 8 5 16 3 15 0 16 7 9 2
9 2 3 9 12 2 9 1 4 8 8 7 15 18
6 4 4 5 5 4 11 13 4 1 5 7 5 3
8 4 7 7 5 4 0 2 6 0 3 4 5 5
6 10 3 6 5 4 5 8 9 17 1 1 2 1
4 2 1 4 1 0 3 1 1 10 5 2 5 7
2 3 0 12 7 8 1 5 3 7 12 3 1 7
3 2 0 3 4 5 6 1 1 1 0 1 0 0
20 10 5 10 8 15 8 5 1 0 6 17 11 9
3 1 10 5 8 16 10 5 5 11 3 16 4 2
6 4 3 15 6 4 4 9 8 6 13 3 3 10
2 2 6 2 2 0 6 0 7 1 2 2 1 3
1 3 8 0 1 0 1 4 4 1 3 13 6 2
7 2 13 1 8 6 6 5 26 8 1 4 7 10
3 1 5 1 0 8 2 3 6 1 2 0 12 0
2 0 4 5 9 4 7 0 6 12 0 3 5 6
3 3 1 5 6 1 4 2 8 1 5 5 1 0
4 4 6 3 6 2 3 5 0 3 0 1 3 5
8 5 8 15 10 9 2 1 14 3 21 4 5 11
3 8 4 4 2 0 4 8 13 8 3 6 11 28
6 4 2 6 5 1 5 1 3 10 0 16 6 2
2 3 3 5 2 1 5 2 2 4 3 1 1 0
7 1 3 4 6 14 7 9 9 5 13 3 4 3
7 6 10 8 2 0 8 3 2 4 6 6 0 1
7 2 9 3 2 6 3 3 3 12 4 6 9 6
9 7 1 2 6 2 1 2 3 3 7 1 7 5
4 2 8 5 2 3 1 6 10 0 8 1 5 7
2 5 10 4 1 4 4 9 2 9 8 2 0 5
10 9 8 10 12 6 11 14 11 6 9 2 0 2
4 6 9 7 2 1 2 6 5 2 2 4 1 2
5 6 12 2 10 14 8 15 9 2 15 1 11 4
2 3 3 5 1 0 2 3 2 1 1 5 5 8
3 6 9 8 9 1 6 4 8 5 1 5 2 1
11 9 18 12 6 5 8 4 3 6 12 8 3 1
3 12 4 9 7 6 9 10 5 8 4 6 8 8
6 7 8 5 2 8 3 6 5 5 9 0 5 5
13 17 16 9 5 1 6 5 11 3 9 3 17 14
4 1 8 8 13 12 1 2 8 1 10 9 6 10
3 17 3 7 5 3 10 1 0 8 6 11 5 6
9 1 9 12 10 1 14 7 9 2 2 1 5 5
4 2 5 1 9 1 12 8 7 11 11 6 0 1
2 1 14 2 9 11 9 3 8 1 8 5 10 4
4 1 10 8 7 19 8 13 5 0 2 4 3 13
6 3 2 2 9 6 2 3 6 6 11 8 6 7
16 6 8 5 7 14 12 7 5 5 15 3 10 1
6 4 7 1 7 3 3 4 16 7 14 1 3 13
9 11 3 5 2 0 7 2 3 6 2 4 5 2
0 1 10 1 10 14 6 2 9 4 3 2 0 6
7 2 2 9 2 4 1 13 8 8 7 1 3 4
3 13 12 4 4 7 5 1 4 6 5 7 9 8
7 1 13 11 5 13 8 7 5 3 4 3 18 5
7 0 4 0 1 2 3 9 3 0 1 3 7 3
14 8 1 4 4 11 10 0 1 5 13 2 11 13
7 4 10 15 9 16 1 0 16 0 4 1 21 5
0 8 7 6 4 4 8 1 0 11 12 3 3 14
6 4 3 3 2 0 3 3 1 3 4 5 5 4
8 19 0 11 9 9 7 12 10 2 10 0 5 9
3 0 10 10 1 0 2 3 9 5 8 1 8 3
11 11 0 9 3 6 9 6 8 5 4 1 8 9
8 6 7 5 3 2 21 10 9 7 4 2 16 12
1 1 7 3 1 1 2 2 0 4 1 3 2 4
11 6 1 3 3 5 2 8 10 9 2 4 7 7
17 11 10 10 4 18 6 11 8 5 6 10 9 3
5 4 0 1 2 5 1 5 3 1 1 4 1 6
4 3 1 2 3 2 3 10 4 7 7 2 0 2
2 4 1 3 2 2 2 0 6 1 0 4 5 5
1 5 0 4 0 6 3 1 2 2 3 4 2 3
0 10 0 14 16 2 5 1 3 3 0 0 10 4
2 1 3 11 1 1 5 4 1 4 2 7 3 7
2 2 1 3 7 9 0 3 4 4 3 4 3 7
5 9 5 1 6 2 11 2 10 3 6 9 2 5
3 4 3 5 1 1 1 2 7 2 6 3 3 1
11 6 3 11 14 6 0 8 13 16 14 2 5 5
9 2 7 13 1 11 2 16 6 14 1 4 6 14
0 5 8 3 4 1 5 3 5 5 4 0 4 2
6 1 2 4 4 21 6 13 21 7 14 3 0 2
2 2 2 2 5 2 9 1 1 1 2 2 0 3
10 18 2 16 13 2 6 13 11 1 5 13 10 2
7 5 18 4 0 13 2 7 15 1 14 3 9 14
2 6 2 4 0 2 1 5 2 0 4 4 7 3
0 1 9 9 14 4 1 2 6 5 0 5 1 5
0 6 1 4 3 5 4 12 1 5 3 0 5 2
7 1 4 3 2 2 6 7 0 1 4 6 1 9
22 5 7 8 11 5 12 2 7 2 2 11 4 9
1 1 2 1 1 3 6 5 3 4 1 2 1 3
0 3 9 6 1 1 0 1 3 4 3 1 2 1
12 5 10 11 1 1 0 8 5 8 6 9 5 8
4 13 2 5 11 10 6 5 7 6 4 2 8 2
13 9 12 1 20 14 12 10 3 1 7 2 10 6
19 6 8 2 12 8 3 2 14 1 13 8 9 0
7 0 2 3 7 15 8 9 1 6 4 1 3 10
1 1 6 3 13 3 12 3 20 6 10 9 0 8
3 2 14 15 10 3 1 4 2 9 4 5 9 1
8 1 11 19 2 4 4 15 11 12 2 12 13 6
8 5 5 13 6 2 9 3 4 5 5 3 3 2
4 6 0 6 3 3 0 1 1 5 0 3 1 3
2 5 2 6 3 4 6 4 3 0 1 6 3 9
7 2 2 3 15 1 3 3 5 3 3 9 1 12
4 2 3 3 4 5 5 6 3 3 6 4 4 9
4 2 11 2 6 2 1 0 6 2 4 16 9 2
4 5 7 2 7 6 3 2 4 6 2 4 3 1
2 5 11 4 4 15 7 2 13 10 8 5 22 1
3 0 4 3 3 10 4 3 4 5 4 4 3 1
2 3 10 8 4 3 6 7 8 9 11 1 10 7
0 5 4 10 2 1 2 12 1 3 8 10 14 1
3 5 2 6 3 5 1 1 6 1 2 1 2 0
3 3 2 21 7 5 11 4 1 16 9 5 5 11
3 9 10 6 2 5 2 12 2 3 6 9 4 3
9 13 2 9 13 9 3 13 2 3 1 7 10 17
10 13 4 0 2 5 19 2 4 5 7 1 4 10
5 4 17 12 10 12 9 12 6 13 2 8 11 2
2 10 6 22 10 1 1 1 9 11 12 3 3 11
1 2 7 10 4 2 5 6 12 0 6 5 6 6
0 4 5 1 0 4 5 1 6 2 4 2 1 2
2 4 1 4 0 2 3 2 4 8 1 2 4 0
1 3 15 4 3 22 14 2 3 11 2 8 4 0
6 1 7 14 2 3 12 4 1 8 9 5 20 6
4 3 1 1 9 8 12 10 0 13 14 6 20 17
6 1 8 4 0 7 2 5 17 9 2 0 5 0
4 8 12 3 2 1 4 4 11 0 2 2 8 8
0 0 1 4 2 1 14 4 5 5 3 7 1 6
13 6 6 2 3 2 12 3 11 5 1 1 5 7
10 5 6 12 5 6 19 20 6 8 6 3 4 0
0 6 7 4 19 9 8 3 0 11 24 0 4 9
13 4 4 4 5 3 6 2 16 14 5 6 13 13
9 8 17 10 8 21 13 11 8 3 10 3 3 6
8 10 1 10 1 18 0 8 7 6 7 4 6 5
2 2 3 4 20 15 17 5 3 1 6 8 9 15
4 5 1 11 10 2 8 10 9 22 8 2 2 13
6 2 2 5 6 1 4 1 4 2 1 7 2 6
7 10 7 4 2 5 2 6 4 16 4 3 6 1
8 2 5 2 7 10 7 5 6 7 2 3 1 4
3 0 15 4 9 10 8 4 11 7 2 2 2 9
10 5 2 8 12 1 0 2 5 4 2 4 4 10
17 3 10 1 7 2 17 6 6 7 6 8 2 4
6 6 2 3 4 2 6 10 12 3 1 4 4 11
2 9 1 12 7 2 11 9 5 20 14 5 18 9
2 1 2 6 4 2 0 6 0 3 8 2 1 0
4 3 13 1 6 3 4 6 1 4 1 3 15 1
9 1 3 5 7 2 2 0 0 3 2 4 2 3
1 3 2 3 0 1 1 9 1 2 7 2 2 1
14 3 5 2 2 1 1 7 0 4 17 7 7 1
0 4 3 1 8 4 3 1 1 3 3 7 5 9
3 3 0 2 3 1 4 4 0 3 14 0 3 3
1 4 2 3 2 4 0 0 7 0 4 1 8 4
1 5 26 8 9 5 4 17 8 16 5 1 4 0
10 13 2 5 5 9 5 8 19 3 10 2 16 12
10 15 9 3 15 3 7 2 5 5 7 15 4 11
0 1 11 4 1 1 1 12 9 6 3 2 2 4
1 1 5 4 3 1 8 11 0 2 1 1 0 4
3 12 2 0 2 2 0 3 1 5 1 4 4 8
3 2 1 8 4 12 7 0 2 4 9 4 1 1
10 15 6 10 4 13 5 19 1 8 11 14 9 7
5 3 6 2 1 3 8 0 2 18 4 20 6 9
0 8 9 3 4 3 3 0 2 1 9 1 10 5
19 5 5 20 3 12 2 12 3 0 4 5 10 17
1 3 4 1 1 1 1 2 2 1 2 7 2 10
6 6 4 3 11 1 1 2 10 4 25 2 1 3
8 12 8 5 8 18 2 14 3 19 15 6 9 0
8 5 3 4 13 9 0 6 21 6 7 4 2 7
3 4 6 1 4 4 2 9 13 12 2 9 1 14
7 2 13 17 10 13 2 4 3 6 6 11 0 3
6 8 7 3 13 1 0 9 14 7 6 1 1 5
4 1 11 1 1 3 4 3 6 3 6 3 3 8
4 8 4 9 1 1 4 0 3 3 3 14 4 5
7 6 14 3 18 4 2 13 4 2 8 3 10 23
2 17 4 3 1 13 7 10 0 6 9 2 11 3
5 1 2 4 3 7 1 4 6 2 1 1 1 1
8 12 9 5 7 5 1 21 10 11 18 10 2 10
3 11 6 2 1 5 14 10 4 3 4 6 0 4
2 3 17 9 14 3 5 9 6 3 2 8 11 12
1 2 4 2 2 3 2 5 7 8 2 5 5 4
3 0 8 3 0 4 4 3 1 1 3 4 3 1
13 15 1 13 3 12 12 9 2 4 3 5 2 4
6 4 2 3 7 1 2 7 9 2 8 9 17 12
3 3 4 3 8 5 6 5 1 2 2 3 7 5
2 3 5 4 9 2 5 3 9 9 4 15 2 1
1 6 0 1 2 7 9 14 12 1 7 9 4 8
3 7 5 6 5 12 3 1 8 6 4 12 5 8
18 11 5 7 1 3 17 7 16 11 2 0 6 3
5 3 5 1 3 6 0 1 4 8 3 0 2 1
3 1 8 6 5 2 6 4 2 1 2 1 6 7
2 2 3 1 7 4 3 4 2 23 12 5 12 5
6 1 4 2 2 1 2 1 2 7 3 3 5 4
2 7 3 9 11 0 13 5 8 3 1 16 7 3
1 3 2 1 6 5 1 0 3 0 1 1 4 4
10 6 5 8 8 6 5 7 2 9 9 4 13 1
3 0 0 3 7 3 8 3 3 3 2 2 7 3
2 4 3 1 0 2 5 0 0 5 2 3 3 4
7 12 3 3 5 3 11 0 5 8 4 4 3 4
17 1 2 3 12 14 2 3 7 4 15 5 20 0
13 2 9 3 5 1 4 7 3 6 10 10 11 5
0 2 8 3 7 6 3 3 2 6 9 2 1 12
5 11 11 13 2 14 0 4 2 9 12 12 12 5
7 4 5 4 8 3 6 14 6 2 1 1 6 1
8 7 6 8 9 7 21 1 0 2 20 3 6 7
6 9 4 5 0 2 1 6 18 0 10 2 10 2
2 12 4 7 5 18 4 1 1 11 4 5 5 2
12 17 10 2 3 0 9 19 13 1 5 3 9 9
0 10 8 8 3 9 13 18 5 11 6 14 12 1
7 7 2 1 6 7 4 2 17 2 7 3 1 19
17 18 14 7 8 8 8 7 5 3 11 13 0 4
1 1 8 2 9 10 1 7 8 1 8 22 0 1
2 0 3 7 13 2 0 1 3 4 1 5 4 5
1 1 11 9 5 6 2 8 9 15 4 4 11 12
10 2 6 2 0 11 12 6 12 8 2 2 5 0
6 5 1 2 7 3 3 8 6 5 14 7 10 5
6 1 1 10 1 2 3 3 6 10 10 1 6 5
5 1 19 8 10 6 6 0 5 4 18 11 6 9
9 20 2 7 10 11 10 1 4 11 5 9 9 12
1 0 11 5 6 6 2 3 7 7 5 8 0 0
5 1 5 4 0 1 4 5 2 3 1 1 5 2
1 5 5 14 2 4 5 3 1 2 4 8 14 1
1 19 10 9 0 11 3 16 1 11 13 3 4 4
4 0 6 4 2 2 3 5 2 0 1 10 11 3
9 4 3 0 8 1 3 13 16 1 2 16 2 10
3 2 1 0 3 4 1 2 1 3 8 7 1 3
5 0 0 16 3 11 8 3 6 10 8 6 1 1
0 4 13 1 3 1 5 13 7 7 4 1 1 3
9 6 5 18 5 1 18 13 3 2 11 10 14 10
13 4 5 13 12 4 1 20 2 2 5 12 3 9
2 3 9 2 2 3 1 2 4 1 2 6 6 6
9 4 2 5 1 2 2 0 1 1 3 3 4 4
2 2 14 3 12 4 6 5 2 10 1 1 1 10
3 1 2 1 1 9 1 3 3 1 4 4 1 1
1 6 2 11 11 8 4 3 3 3 4 1 4 6
4 6 2 7 7 4 5 0 4 5 15 19 1 4
4 11 1 9 1 11 1 2 12 11 7 5 7 2
12 0 3 3 20 7 4 3 16 2 11 3 15 7
0 7 2 5 6 3 5 2 0 1 1 4 7 1
7 8 6 5 14 10 9 9 14 5 0 17 10 1
4 4 3 6 6 2 16 2 7 3 1 6 4 4
1 5 7 2 0 4 1 5 1 5 6 0 4 2
2 6 5 6 13 14 20 6 1 10 2 10 21 1
3 4 5 6 1 7 6 3 1 5 15 4 1 3
6 1 3 4 2 2 4 1 1 10 5 6 3 0
16 5 3 13 3 13 5 1 5 2 21 20 3 3
10 9 7 9 4 4 8 21 11 2 1 10 9 1
7 1 2 1 1 5 3 5 2 7 8 3 2 1
8 5 4 3 3 3 2 5 5 2 6 6 4 8
6 0 1 0 1 5 4 3 5 4 9 11 2 3
6 4 6 6 8 9 2 4 8 7 6 2 6 4
1 2 3 0 6 5 1 1 5 3 2 0 2 3
0 4 4 1 4 11 10 1 3 6 2 1 1 6
2 3 0 1 1 1 2 0 1 3 7 3 5 1
18 15 4 2 21 2 6 4 12 4 1 18 3 3
2 3 0 0 4 2 0 3 5 1 3 5 2 1
1 2 1 0 6 3 0 4 7 5 3 2 8 10
7 3 1 2 12 5 5 4 4 12 11 8 5 9
7 12 9 5 14 20 4 8 10 4 8 12 12 8
13 1 0 14 11 8 4 1 8 0 4 4 5 7
3 7 10 1 0 7 1 19 1 15 16 11 8 8
3 4 2 7 2 0 3 2 0 2 2 2 2 3
5 4 1 6 3 0 6 4 8 3 5 12 5 5
1 4 1 7 1 8 2 5 6 2 1 5 9 1
18 15 4 6 4 15 8 5 13 8 9 17 7 0
1 8 2 4 13 13 4 2 4 6 13 14 2 16
4 3 2 4 8 2 7 15 2 4 2 2 7 3
3 1 6 3 4 5 2 1 5 2 1 2 1 3
5 3 2 2 8 3 2 4 4 7 9 4 7 3
6 1 0 8 6 6 0 3 3 2 11 3 3 9
14 9 2 1 1 13 3 8 5 11 7 3 9 8
6 9 1 9 1 5 3 3 4 2 1 14 0 5
6 9 4 8 6 11 13 1 5 1 10 1 5 8
11 15 3 3 2 3 5 4 4 6 7 19 2 5
2 1 4 0 4 14 9 9 1 5 1 11 14 3
2 1 0 7 4 5 1 6 0 0 7 3 3 6
3 8 20 1 7 1 4 6 5 7 7 3 3 4
4 5 2 4 3 2 1 1 1 2 3 0 7 1
18 3 1 5 7 3 2 4 5 8 8 2 7 7
3 7 15 0 0 15 4 5 15 8 17 11 13 2
10 12 17 4 4 3 13 16 4 2 5 13 1 15
1 15 9 4 4 4 4 4 1 7 2 5 29 5
9 0 5 0 2 1 6 3 5 3 6 2 2 7
21 10 16 4 1 6 7 3 14 10 3 1 9 1
6 3 2 0 8 3 3 2 0 13 6 0 1 5
9 7 1 7 4 14 5 2 18 5 1 2 1 21
5 16 21 1 1 2 4 3 19 5 8 5 2 15
3 6 2 1 2 0 6 3 0 4 2 1 3 2
6 12 8 3 10 15 2 1 9 6 10 16 15 8
4 4 9 4 3 1 7 3 11 6 7 1 9 0
13 5 4 13 10 1 7 8 1 2 10 10 7 13
5 3 3 3 1 3 2 1 4 5 3 0 1 0
7 10 11 9 3 8 5 10 3 20 6 8 4 0
5 1 1 0 4 1 7 2 2 2 7 3 1 1
4 3 3 11 3 2 0 2 1 2 3 4 6 6
7 1 12 6 3 12 15 7 0 3 5 3 4 14
8 5 5 11 6 21 0 20 2 2 10 10 14 8
4 1 2 1 1 1 0 7 1 9 4 5 0 0
14 13 9 11 1 6 19 4 3 3 4 0 2 11
0 1 0 0 5 3 7 4 6 4 4 1 0 4
4 6 2 3 1 1 2 0 2 6 3 3 2 2
2 2 13 12 9 10 0 4 2 5 6 3 8 21
1 12 2 9 7 4 7 3 9 8 2 8 2 3
2 18 14 9 15 5 7 8 14 3 3 5 15 7
14 25 5 1 1 15 6 19 2 2 3 2 2 0
7 2 0 4 0 4 5 1 4 4 2 2 7 11
3 1 1 4 2 1 5 1 7 5 4 6 10 5
15 21 6 6 11 4 8 3 2 1 8 2 8 0
2 5 6 0 2 11 2 10 0 7 6 3 6 3
2 5 4 2 1 0 7 0 5 5 0 1 4 6
7 4 8 8 13 6 2 2 4 5 3 4 2 7
1 13 10 4 15 0 2 4 9 1 7 3 1 1
5 0 2 1 4 3 1 1 4 6 1 1 3 2
24 3 0 0 17 3 1 9 5 8 2 14 4 11
1 10 3 2 1 8 1 0 2 3 4 7 8 4
2 7 12 8 15 6 22 6 15 7 4 1 13 9
10 10 0 14 24 1 8 6 1 2 9 7 13 13
1 9 7 3 6 3 6 11 7 6 1 2 11 2
8 10 6 14 2 3 1 16 20 8 3 12 2 5
15 5 7 12 17 8 3 16 8 15 1 2 10 1
8 6 1 15 8 15 0 3 17 18 3 0 8 9
7 3 1 4 2 4 2 3 4 3 4 5 2 4
1 12 8 0 4 10 9 7 3 5 1 1 12 1
17 4 1 2 2 4 2 5 4 14 13 9 5 20
6 1 1 5 2 9 8 2 13 3 3 4 2 10
3 10 13 8 4 8 9 8 5 4 25 14 6 2
4 11 5 9 4 1 2 2 4 2 4 7 2 4
20 5 3 7 5 11 6 3 4 6 12 8 5 12
10 2 5 14 10 4 4 19 12 2 14 3 2 1
6 4 4 12 6 2 5 27 8 2 6 4 2 9
3 1 1 1 2 2 6 2 5 3 0 0 1 9
7 2 10 2 4 3 2 10 10 3 4 2 8 7
3 4 3 9 6 2 2 2 4 3 2 8 5 2
2 1 19 3 9 16 4 10 14 0 1 1 0 9
5 6 7 4 6 4 4 0 10 9 1 7 11 2
7 5 22 6 7 9 2 8 5 13 1 4 3 1
5 1 2 2 8 2 7 3 2 6 1 1 0 5
1 2 3 3 10 1 6 6 4 1 3 1 2 3
11 2 0 2 6 2 5 7 13 7 3 5 8 12
5 7 4 4 2 3 0 4 0 1 8 9 7 7
1 1 2 2 10 4 9 2 11 8 4 10 11 2
10 9 5 1 11 7 2 5 6 1 4 6 3 8
7 16 0 7 6 4 14 4 6 12 2 2 9 21
3 7 8 13 8 4 16 19 3 2 3 11 6 10
10 4 2 4 1 3 1 2 6 7 5 15 2 2
1 3 2 6 2 10 11 7 5 5 10 3 1 1
0 5 11 2 7 8 2 19 6 3 1 10 7 0
2 0 9 4 3 10 6 1 2 1 2 4 0 6
10 1 7 1 3 9 4 5 2 6 2 1 4 0
7 8 8 1 2 16 8 1 1 8 14 2 18 1
20 7 1 1 1 12 2 12 18 4 12 4 14 9
11 5 11 1 6 2 4 4 0 16 3 3 13 3
3 3 3 1 3 4 2 0 2 8 3 2 5 3
2 3 3 4 0 15 8 15 7 4 2 2 5 1
2 2 8 1 1 4 4 2 7 2 3 3 1 7
3 7 4 0 6 5 5 10 6 6 1 2 5 3
14 10 3 10 3 2 8 13 9 17 6 10 6 12
3 1 4 3 3 5 13 9 3 6 9 5 3 3
2 7 4 3 3 7 5 1 0 3 1 5 0 2
6 0 7 11 10 20 16 6 7 11 1 7 0 15
4 8 7 6 0 2 4 2 2 2 1 6 3 12
1 3 4 3 2 5 6 3 2 2 3 0 2 2
1 3 3 2 2 1 1 4 3 6 5 2 2 3
6 3 1 2 1 6 1 3 0 4 3 2 3 2
1 9 3 4 7 0 2 13 9 1 8 4 7 3
7 13 14 9 1 2 2 10 13 9 2 0 7 19
4 3 1 3 2 2 6 8 0 8 0 4 12 9
0 2 6 1 4 4 7 5 1 7 2 4 9 4
0 7 1 3 0 1 0 4 6 3 5 0 3 1
5 13 4 5 4 3 5 2 6 8 6 4 7 6
5 1 7 2 3 1 2 3 2 7 5 2 12 2
5 13 3 6 1 2 9 11 5 13 2 2 5 12
1 1 2 2 3 3 1 8 4 5 2 0 5 1
1 8 0 2 2 6 1 4 2 2 4 5 2 2
8 2 9 15 7 7 13 6 13 0 0 4 10 1
7 3 9 5 4 3 5 7 9 1 2 1 4 4
5 11 4 1 0 0 0 1 6 3 15 6 10 4
14 12 11 2 5 5 7 2 5 7 10 0 5 13
4 6 0 6 2 6 3 6 2 1 8 1 4 3
7 2 3 1 1 9 1 9 5 1 0 6 12 2
2 1 7 7 1 6 0 9 7 3 9 1 11 2
5 3 3 8 5 7 6 5 1 7 3 9 2 13
14 3 1 7 13 1 10 3 3 1 1 5 3 0
3 9 1 6 5 12 11 1 8 8 10 6 16 18
4 5 0 1 2 5 1 3 12 3 3 4 5 4
7 2 7 13 0 3 13 0 0 3 8 3 1 2
0 13 16 1 5 7 2 8 5 10 11 13 21 6
7 5 6 6 14 5 13 5 1 15 11 6 11 4
3 1 5 20 2 11 15 4 3 16 8 5 13 10
5 10 3 15 1 10 10 9 11 6 2 7 5 11
2 1 4 5 6 2 5 3 6 1 1 0 2 4
5 3 6 1 7 2 1 6 5 5 7 1 4 11
7 1 0 1 7 2 6 2 1 5 7 7 1 1
4 8 9 3 4 4 1 2 8 2 6 3 3 7
0 5 2 14 8 8 3 5 23 15 0 4 13 0
4 1 6 3 0 1 5 4 2 1 4 0 5 4
6 10 14 7 5 12 15 11 14 10 1 9 8 14
6 19 4 3 11 0 6 6 16 14 2 6 8 12
7 12 1 4 2 1 5 2 15 12 6 3 14 1
2 7 3 8 10 3 2 5 4 1 2 9 3 2
16 12 1 8 16 6 3 2 15 16 1 6 13 6
0 4 11 6 6 0 1 7 9 3 4 6 6 6
5 8 0 11 11 6 6 9 4 7 0 0 3 1
3 9 6 1 10 11 2 5 6 0 0 10 9 9
11 2 3 14 16 13 0 6 7 6 14 6 5 5
1 1 0 1 7 6 1 1 4 0 2 4 3 6
9 12 3 4 3 8 5 3 11 2 3 7 5 1
6 5 1 3 6 1 1 6 3 2 4 1 7 8
10 7 10 1 4 19 6 11 9 1 3 7 5 7
12 11 7 0 3 12 0 2 15 19 2 4 10 6
4 6 2 6 4 3 8 0 4 2 8 0 7 1
5 3 2 1 5 1 1 5 2 3 3 2 1 4
11 9 14 21 4 7 8 4 0 11 8 5 7 2
0 1 5 4 4 0 2 5 4 2 3 9 6 1
0 5 1 2 5 1 1 2 0 2 3 4 3 3
9 7 2 9 10 3 7 2 5 5 8 2 9 2
4 1 0 4 6 1 4 4 2 5 3 6 3 2
1 5 3 6 1 2 8 4 2 0 3 0 3 0
4 6 8 10 0 1 5 10 9 3 3 0 4 5
3 5 8 3 1 19 3 15 14 1 11 2 4 5
5 5 4 0 3 0 2 2 2 4 2 5 1 6
8 6 9 9 5 12 1 5 8 2 0 4 4 10
1 2 3 4 1 1 11 0 7 9 1 14 5 5
8 6 1 11 5 2 14 6 9 2 2 17 5 2
10 7 1 0 1 14 15 5 11 12 9 5 1 6
6 14 9 3 6 0 9 17 24 9 11 4 4 6
12 12 2 0 1 2 8 3 5 8 3 0 6 3
6 0 2 4 7 6 3 6 3 1 5 1 6 8
2 3 7 7 1 0 3 1 7 3 2 1 1 1
14 6 4 5 3 15 11 4 5 4 5 5 6 3
9 1 3 7 16 5 4 4 0 7 11 10 8 3
5 5 2 8 7 1 2 0 5 1 5 0 8 2
17 3 5 3 6 10 16 7 10 2 4 1 9 10
12 0 2 0 4 8 8 5 10 2 1 6 8 5
12 18 12 7 6 6 1 3 3 6 4 1 13 19
0 4 4 1 1 0 3 5 3 3 4 8 4 1
1 1 2 1 1 3 7 8 1 2 8 0 1 0
5 5 2 6 0 0 23 5 2 6 10 18 7 20
12 10 1 4 6 2 11 10 3 2 14 6 4 8
1 0 2 1 7 4 7 1 6 1 0 3 11 1
7 3 9 6 10 3 4 2 18 4 2 3 3 8
2 5 1 5 8 1 8 12 4 4 7 16 10 8
11 5 1 9 3 1 18 4 2 8 4 2 20 13
3 7 5 3 0 7 8 3 2 2 7 4 6 9
8 3 9 4 2 9 0 1 9 4 1 3 18 9
0 7 3 1 3 2 1 2 1 6 1 4 0 2
17 7 3 4 7 13 18 2 5 15 0 11 16 7
8 13 3 7 14 8 4 1 20 7 15 3 9 13
0 4 3 8 4 1 8 0 3 2 5 3 3 2
5 1 3 7 1 16 6 3 9 5 10 17 12 6
5 2 10 8 2 4 8 1 1 2 3 12 6 3
10 1 7 4 1 1 6 1 9 3 13 13 5 2
5 4 0 2 1 2 3 10 0 3 8 5 2 0
6 2 4 5 2 2 7 11 5 3 7 7 3 13
8 4 17 3 10 9 3 12 4 2 5 9 19 1
4 16 5 11 0 7 8 8 6 6 7 8 6 4
9 9 11 0 3 4 8 5 6 12 5 10 11 3
2 1 2 3 5 4 3 1 2 8 3 4 7 2
9 6 20 12 6 19 8 2 6 3 9 2 4 5
2 7 5 15 2 4 2 1 1 2 5 9 1 11
0 6 7 0 8 2 7 11 7 7 6 0 6 6
4 1 2 6 6 0 5 7 8 1 5 4 2 16
5 7 2 3 0 0 5 3 1 6 0 1 1 12
11 1 13 9 9 1 9 7 1 4 6 7 9 11
7 2 15 0 8 7 1 8 8 2 6 7 3 1
1 2 2 2 1 6 3 1 3 6 1 1 11 3
12 7 1 2 13 2 19 17 2 3 16 0 2 4
6 2 1 3 12 11 6 1 2 6 0 10 13 4
6 12 1 13 18 14 10 7 8 1 8 19 4 3
16 2 4 9 9 9 2 6 2 12 2 1 5 1
1 0 3 3 0 4 4 2 6 4 4 3 5 7
1 7
1 15
1 60
3 19
3 50
3 73
4 6
4 27
4 30
4 46
4 64
4 68
5 53
5 76
6 35
6 46
7 70
7 98
8 80
9 28
10 67
10 77
11 29
11 57
13 83
13 110
14 31
14 86
15 38
15 100
16 94
17 25
17 38
17 44
17 65
17 78
17 93
18 54
18 61
18 106
19 59
19 95
20 35
20 83
21 40
21 52
21 106
22 26
22 46
22 48
22 111
23 48
23 77
23 101
25 30
25 95
25 114
25 124
26 54
26 69
26 71
26 87
27 77
27 82
27 102
28 37
28 58
28 94
29 44
30 49
31 67
35 85
35 114
35 133
36 88
36 110
37 132
40 60
41 86
41 130
42 118
43 117
44 59
44 80
44 126
45 66
45 91
46 96
47 86
48 49
49 57
49 62
49 99
50 58
50 84
50 146
51 82
51 106
52 74
52 99
52 116
52 140
52 143
53 96
53 147
54 132
54 139
55 61
55 83
55 126
55 154
56 70
56 96
56 129
56 131
57 63
57 83
57 110
58 102
58 153
59 130
60 65
60 84
60 102
61 97
61 104
62 115
63 139
64 86
64 138
64 142
65 73
66 69
66 112
66 134
66 165
66 166
67 95
67 121
68 82
68 90
69 106
69 122
69 136
69 149
70 71
70 72
70 108
70 157
71 106
72 109
72 150
74 130
74 147
74 162
75 79
75 99
75 106
75 146
76 85
77 87
77 171
78 114
78 122
78 157
81 131
82 113
82 136
83 116
83 163
83 173
84 130
84 142
84 144
84 160
85 123
86 122
86 169
86 183
88 112
89 161
90 91
90 109
90 131
90 177
91 148
92 100
92 141
92 142
92 149
93 117
93 154
95 125
96 98
96 119
97 147
97 148
97 175
98 162
99 107
99 108
99 123
100 141
101 111
101 139
101 157
101 158
101 161
104 112
104 148
104 178
105 128
106 183
107 136
107 177
108 121
108 197
108 205
109 144
109 146
110 122
110 174
110 175
111 141
112 123
112 152
112 160
113 181
114 119
114 158
114 212
115 129
116 133
116 138
117 131
117 140
117 203
119 146
120 151
120 152
120 191
120 199
121 175
121 216
122 125
124 142
124 150
126 128
126 191
128 143
128 191
129 147
129 225
131 147
131 227
131 229
134 166
134 176
134 197
134 220
135 141
135 145
135 154
135 186
135 208
136 168
136 171
136 229
137 157
137 177
138 177
138 178
138 224
139 147
139 170
139 197
139 231
141 144
141 158
142 158
142 177
143 162
143 224
144 180
144 202
144 237
145 226
145 237
147 182
147 214
148 157
148 166
149 231
149 235
150 182
150 196
150 211
151 154
151 196
152 198
154 240
154 249
155 194
155 224
156 198
156 228
156 241
158 220
158 224
158 233
159 216
159 218
159 243
159 244
159 245
161 207
162 189
162 193
162 209
163 197
164 186
164 207
164 229
164 243
165 197
165 210
165 253
166 179
166 236
166 254
167 219
167 244
168 247
169 182
170 188
170 210
171 213
171 217
171 219
171 269
172 177
172 200
173 176
173 188
173 265
174 200
174 271
174 273
175 270
176 241
177 199
177 232
177 239
177 256
177 264
177 274
178 226
179 192
179 230
180 181
181 199
183 198
183 238
184 204
184 212
184 241
184 281
185 220
185 233
185 248
187 236
187 261
187 265
189 204
189 234
189 269
190 199
190 278
191 202
191 285
191 291
192 256
192 281
193 247
193 286
194 219
194 241
194 275
195 212
195 232
195 279
196 259
197 202
197 234
198 221
199 208
200 206
200 278
200 283
201 229
201 250
203 217
203 264
204 229
204 276
205 276
206 225
206 259
207 233
208 241
209 233
210 292
212 220
212 289
213 219
213 244
213 263
214 253
215 281
216 220
217 254
218 292
220 223
220 231
220 255
220 272
221 270
221 314
222 284
223 310
224 244
224 254
224 269
224 298
225 254
225 278
225 302
226 248
226 249
226 258
226 282
228 231
228 250
228 252
228 279
228 322
230 262
230 325
231 244
231 304
233 298
234 235
235 265
235 320
235 323
236 258
236 272
236 300
237 253
237 279
237 289
237 310
238 319
239 273
239 314
240 295
240 299
241 284
241 305
242 258
242 282
242 301
244 260
244 311
244 323
244 331
245 267
245 326
247 248
247 287
247 289
247 305
247 325
248 296
249 253
249 286
249 298
250 334
251 278
251 305
252 271
253 344
253 351
254 269
254 325
255 260
257 301
257 306
257 324
258 278
258 281
258 356
259 272
259 303
259 320
260 302
260 320
260 341
261 271
261 290
261 344
262 292
263 335
264 281
265 324
266 347
267 355
268 279
268 301
268 343
268 358
269 295
269 333
269 342
269 359
270 285
270 326
273 310
275 318
275 330
275 333
275 337
275 364
275 368
276 343
277 295
278 324
278 325
278 342
280 290
280 320
280 378
281 337
282 310
282 353
282 367
283 323
283 358
284 306
284 371
286 361
286 368
286 384
288 348
289 305
290 322
290 348
291 337
291 360
292 318
292 330
292 334
292 389
293 308
293 320
293 326
293 360
295 301
296 319
296 328
296 331
296 349
296 350
297 313
297 349
298 365
298 392
300 355
300 357
300 359
300 369
301 337
301 356
304 329
306 312
306 357
306 372
307 373
307 374
308 314
308 403
309 354
310 371
311 331
312 313
312 339
314 335
314 345
315 345
316 389
318 366
319 414
320 382
321 415
322 331
322 378
323 329
323 340
323 365
324 342
324 345
324 360
324 368
325 369
326 327
326 379
327 342
328 417
328 420
329 381
329 420
330 363
330 379
330 390
331 412
333 392
333 399
334 348
334 357
334 376
334 389
335 346
336 410
337 350
337 391
338 343
338 378
340 363
340 403
341 358
341 360
342 347
343 344
344 345
344 386
344 404
345 354
346 395
347 398
347 405
348 360
348 363
348 408
348 436
348 444
349 352
349 356
349 367
349 389
349 403
349 449
350 352
350 412
353 354
353 384
354 391
354 396
354 404
354 436
355 359
355 408
356 413
357 370
359 402
359 443
360 390
360 442
361 374
361 376
362 424
362 435
363 376
363 443
364 403
364 461
365 373
366 457
367 401
367 431
367 439
368 396
368 419
368 423
369 374
369 442
369 460
370 453
370 460
371 391
372 454
372 461
373 416
373 418
373 436
373 450
374 385
374 413
374 422
374 436
374 455
374 463
375 413
375 474
376 408
376 471
377 424
377 477
378 432
379 449
379 450
379 452
380 431
380 480
381 423
381 445
382 404
382 457
382 467
383 386
383 449
384 450
385 393
386 432
386 477
387 478
389 450
389 451
390 457
391 411
391 451
394 396
395 424
395 452
396 397
396 398
396 404
396 456
396 484
396 489
397 407
397 439
397 482
399 400
400 408
400 491
401 417
401 424
401 446
402 427
403 442
403 465
403 467
403 495
404 472
405 496
407 436
407 452
408 425
408 493
408 501
409 444
409 450
409 464
409 465
409 466
410 470
410 509
411 460
411 500
412 456
412 512
413 420
413 452
413 493
414 424
414 471
414 475
414 514
415 488
416 417
416 419
416 424
416 500
417 468
417 504
417 506
418 424
419 464
419 503
420 470
420 497
420 513
420 517
421 422
421 465
421 498
422 440
422 469
422 474
422 496
423 445
423 519
424 426
424 479
426 445
426 520
427 467
427 523
428 431
428 483
429 490
429 512
430 517
431 454
431 525
432 444
433 474
434 437
434 459
436 473
436 495
436 535
437 441
437 477
438 487
438 497
438 506
438 538
439 449
439 465
441 444
441 461
441 493
442 523
442 538
443 473
443 512
443 527
444 448
444 480
444 509
445 468
445 475
445 488
445 501
446 486
446 502
446 509
446 517
447 547
448 456
450 485
450 522
451 505
452 500
453 466
453 488
453 512
454 485
455 506
455 525
455 547
457 463
457 518
458 495
458 500
458 520
459 494
459 539
460 488
460 537
461 466
461 476
461 518
461 548
462 480
462 502
463 478
463 555
464 469
464 528
464 535
465 492
466 511
466 551
467 561
468 545
469 503
470 511
471 492
471 508
471 562
471 567
472 513
472 570
473 500
474 524
474 550
474 552
475 504
475 531
475 574
476 488
476 570
477 519
477 538
478 496
479 483
479 546
479 573
480 482
480 504
480 576
481 539
483 562
484 541
484 572
486 555
487 553
487 561
489 573
490 520
491 492
491 508
491 534
491 557
492 522
492 525
492 529
492 540
493 542
493 572
493 574
494 513
494 521
495 530
495 567
496 574
497 499
497 514
497 572
498 537
499 581
502 530
502 562
503 582
504 578
505 529
505 536
505 562
506 512
506 529
506 534
506 584
506 593
509 582
510 523
511 524
511 596
512 547
512 579
512 580
514 519
515 580
516 595
516 610
517 534
517 605
518 554
518 568
519 528
519 541
519 556
519 557
520 531
520 536
521 531
521 555
522 583
522 586
523 535
523 562
524 556
525 541
525 612
526 534
526 552
526 626
527 551
528 584
528 588
528 605
530 534
532 536
532 621
532 627
533 550
534 559
534 589
534 597
534 634
536 540
536 555
536 572
536 582
538 576
538 634
542 569
542 571
543 614
544 551
544 598
545 562
545 626
545 627
546 569
547 548
547 571
547 573
547 592
548 560
548 619
550 586
550 627
551 573
551 577
551 585
551 590
552 609
552 619
552 648
553 592
553 611
553 632
553 633
553 649
554 600
554 620
555 576
555 635
556 574
556 577
557 614
558 593
558 600
558 655
559 562
559 613
559 621
559 645
560 611
560 627
561 582
561 659
562 598
563 579
563 652
564 610
564 628
567 582
567 588
569 651
571 644
572 591
572 608
572 616
573 606
573 607
573 619
573 624
574 638
574 655
576 589
576 617
576 624
577 590
577 602
577 665
578 656
579 619
579 664
580 583
580 588
580 623
581 599
581 651
581 680
582 636
582 649
584 633
584 666
584 684
587 665
588 649
589 598
589 642
589 644
590 650
590 674
591 641
592 606
592 625
593 635
593 668
594 596
594 615
594 654
594 688
595 596
595 645
595 652
596 652
598 600
598 606
598 613
598 664
598 684
601 618
602 663
603 648
603 692
607 643
607 698
608 637
608 647
608 696
609 680
609 688
609 700
610 673
610 692
610 703
611 614
611 618
611 652
611 686
612 686
612 691
612 696
612 707
613 654
614 622
614 684
615 628
615 677
616 633
616 659
617 665
619 644
619 704
619 705
619 707
620 676
620 693
621 703
622 646
623 706
624 641
625 640
625 683
625 717
627 633
627 655
627 700
627 713
628 644
628 658
629 632
629 639
629 728
630 647
630 670
630 694
630 703
630 727
631 671
631 698
631 711
632 641
632 675
632 704
632 706
632 718
633 651
633 703
635 647
635 655
636 653
636 716
637 666
637 691
637 718
637 731
638 724
639 667
640 729
641 725
642 671
642 723
643 711
645 655
646 686
646 696
646 736
647 650
647 739
649 680
649 745
650 688
650 698
651 658
651 665
651 699
652 709
653 713
655 736
655 738
657 752
658 741
659 668
659 673
660 680
660 727
661 735
661 745
661 747
661 750
661 756
662 706
662 718
663 753
664 672
665 745
666 698
666 754
667 686
667 739
667 751
667 766
668 734
669 688
669 689
669 707
669 711
669 735
669 759
671 755
672 674
672 675
672 741
673 714
673 756
673 757
676 720
676 733
676 753
678 741
679 725
679 767
680 682
680 708
681 682
681 706
682 705
682 778
683 751
685 691
686 737
686 755
687 736
688 714
688 729
689 712
690 746
691 731
692 734
692 743
693 721
693 780
694 697
694 747
695 721
695 740
695 791
696 721
696 729
696 783
697 722
697 777
698 729
698 761
700 747
702 711
702 746
702 767
703 748
703 789
704 728
704 745
705 709
705 731
705 753
705 795
708 755
708 781
708 794
709 725
709 732
710 768
711 746
712 770
714 736
714 752
714 764
715 716
716 754
716 782
716 799
717 719
717 727
717 776
717 779
717 803
720 767
720 793
720 796
721 776
721 777
721 814
722 798
722 815
722 821
723 735
723 800
723 809
724 755
724 764
724 765
724 786
724 807
725 799
725 821
726 746
726 747
726 771
726 826
727 772
727 786
728 740
728 781
728 785
729 736
730 771
730 819
732 738
732 760
732 799
733 745
734 761
734 784
735 757
735 782
735 784
735 813
736 737
736 799
737 795
738 748
739 788
739 825
740 747
740 765
740 835
740 840
741 763
741 775
741 782
741 818
742 770
744 833
745 786
746 769
747 752
747 769
747 837
748 773
748 808
748 810
749 833
750 800
750 840
751 761
752 778
752 812
753 852
755 818
756 802
757 808
757 814
758 790
758 817
758 838
759 820
760 796
760 829
760 851
761 769
761 784
761 824
761 828
762 833
763 811
764 794
764 840
764 850
765 849
766 785
767 825
767 843
767 859
768 801
768 817
769 822
770 787
770 812
771 844
772 775
772 791
772 863
772 870
774 806
774 814
774 859
774 873
775 791
775 803
775 844
777 796
778 811
779 869
780 811
780 832
781 848
783 785
783 789
783 848
783 858
784 786
784 795
784 823
784 826
785 869
786 841
786 864
786 876
787 806
787 832
788 837
789 793
789 795
789 827
789 852
790 793
791 857
792 835
792 874
793 892
794 830
795 816
795 824
796 859
797 818
798 803
798 811
798 884
799 863
799 877
800 804
801 805
801 848
801 864
802 805
802 828
802 838
803 839
803 846
805 815
805 817
805 823
806 814
807 844
807 866
807 882
807 897
808 820
808 853
809 878
810 811
810 848
810 893
811 839
811 871
811 904
812 821
812 860
812 861
812 885
812 890
813 818
813 887
813 903
815 883
815 889
815 911
817 818
817 829
817 856
817 865
818 827
818 853
818 880
818 915
819 839
819 856
819 881
820 832
820 833
820 840
820 847
820 851
822 825
822 830
822 881
823 847
825 895
825 914
826 870
826 922
827 860
827 883
827 905
828 914
829 841
829 868
829 922
829 928
830 884
830 915
831 851
832 907
833 858
833 878
833 882
833 883
833 889
833 912
833 915
834 870
835 868
836 863
836 886
836 908
837 900
838 880
838 919
839 885
839 908
840 841
840 922
840 937
841 896
842 904
842 906
842 934
847 883
847 931
848 852
849 932
850 907
850 926
851 860
851 922
853 865
853 930
853 951
854 877
854 894
854 913
854 918
854 922
854 941
855 865
856 874
856 878
856 885
856 936
857 950
858 908
859 952
860 898
860 908
860 942
861 898
861 899
862 873
862 898
862 944
864 918
865 892
865 900
865 916
865 918
865 938
866 891
866 907
866 939
866 949
867 959
867 960
868 877
870 946
871 911
871 921
871 942
872 873
872 951
873 906
873 930
874 879
874 932
875 887
875 926
877 879
877 881
877 972
879 898
879 971
880 899
880 906
880 921
881 904
881 934
881 973
882 942
883 959
884 947
884 976
885 980
886 909
886 913
887 921
887 939
887 954
888 891
888 920
888 936
888 953
889 916
889 959
890 955
892 950
892 961
893 952
894 982
895 982
896 917
896 943
897 961
900 982
900 994
901 983
902 913
902 914
902 922
902 955
903 918
904 942
904 975
904 985
905 985
906 907
907 947
907 977
907 984
907 997
909 935
910 917
911 920
911 943
911 975
912 992
913 960
913 964
913 974
914 971
916 944
917 925
917 933
918 925
918 948
918 972
919 947
919 951
919 980
919 996
920 995
921 934
921 981
922 937
922 958
922 987
924 955
924 980
924 992
925 928
926 927
927 975
928 943
928 957
928 984
929 942
929 961
929 978
930 998
931 942
931 949
932 986
932 992
933 983
935 997
936 973
937 967
938 987
939 940
939 990
940 990
941 945
941 968
941 987
942 989
943 996
944 947
946 954
946 985
946 988
947 973
947 974
947 982
947 991
948 986
948 992
951 963
951 990
951 996
953 992
953 1000
954 967
955 985
957 966
957 970
957 973
957 992
960 964
960 971
963 971
963 992
966 976
966 997
967 984
967 998
969 983
969 988
971 977
974 980
974 998
978 980
978 983
981 987
982 984
984 994
988 992
26 11 38 11 21 3 18 1 10 13 3 2 10 2
1 17 1 1 8 5 6 1 11 7 8 6 6 7
19 12 6 7 31 12 11 33 3 17 6 10 3 3
21 13 12 10 5 1 12 10 3 4 3 18 2 21
14 15 14 6 9 15 7 4 0 4 14 2 2 9
1 6 11 7 0 12 40 6 12 3 21 21 7 2
13 18 11 5 19 19 19 3 8 1 11 9 32 16
2 0 9 12 12 9 16 15 22 4 3 19 9 4
3 5 9 7 0 9 5 6 8 8 8 9 4 7
11 1 12 2 2 3 14 9 8 0 1 4 2 7
8 2 18 18 14 6 3 2 10 2 1 13 3 25
10 2 6 16 14 18 8 8 6 16 1 22 17 3
10 19 12 11 19 17 17 16 4 7 2 13 9 2
6 2 4 12 13 5 13 13 11 13 5 11 15 9
35 9 12 1 10 17 7 6 15 4 8 28 13 10
1 6 4 3 2 16 2 14 1 2 3 22 12 4
11 2 4 20 4 17 4 12 16 16 2 0 8 15
4 6 1 9 4 2 7 1 4 1 17 8 16 10
4 2 5 9 0 9 5 11 13 8 6 3 15 20
14 21 22 13 8 10 5 8 9 0 23 6 15 7
9 14 10 17 18 14 14 14 10 32 21 14 10 7 12 31 12 21 11 5
3 13 1 9 6 15 9 9 14 29 16 5 1 4 9 24 12 19 15 8
6 4 1 9 4 2 1 6 1 15 8 6 4 4 1 7 6 7 3 2
43 53 40 49 50 36 29 30 45 67 39 25 24 35 23 43 20 51 41 29
5 11 5 6 8 12 5 6 9 12 5 4 5 4 4 15 6 13 9 6
8 14 7 14 10 11 3 14 13 33 20 13 1 15 11 17 13 16 12 1
49 55 25 39 31 37 23 53 55 69 56 41 29 50 23 56 54 58 63 14
39 64 36 42 39 37 27 35 45 61 23 22 21 38 23 53 36 61 53 18
28 59 35 42 39 35 21 31 43 54 39 29 19 30 30 59 40 58 47 31
5 15 1 5 8 11 4 8 6 22 4 1 1 2 5 17 11 15 13 4
53 70 28 34 46 48 24 45 52 67 56 44 20 40 33 57 42 66 46 41
10 9 7 9 8 14 6 11 8 14 14 10 11 4 4 23 10 10 8 8
9 15 8 2 5 12 2 8 7 4 6 7 7 4 2 19 8 10 7 6
8 8 6 8 11 11 10 9 3 12 11 5 7 1 6 13 3 15 3 10
19 7 14 16 21 19 1 22 19 34 22 24 11 16 7 28 29 18 26 4
29 50 46 45 41 55 28 46 52 69 36 47 28 40 35 73 42 66 45 19
10 8 2 13 6 6 2 3 7 19 11 4 3 2 1 9 8 13 5 2
24 37 20 24 32 31 10 29 30 47 30 27 23 20 21 51 24 45 26 27
5 9 4 4 5 7 3 5 6 10 11 8 5 4 2 15 11 13 9 8
6 19 3 11 15 16 7 14 14 16 21 5 5 6 6 28 14 21 13 12
5 46 34 30 36 38 28 40 45 48 40 47 28 39 35 66 54 53 51 23
13 29 15 24 25 28 10 16 31 26 28 19 15 9 14 48 26 36 29 20
40 68 26 28 37 58 31 51 52 57 47 43 36 40 29 69 33 69 40 36
55 62 16 49 42 54 33 40 51 68 55 32 27 28 36 60 40 59 50 43
32 28 17 16 22 22 8 12 21 39 10 16 16 15 2 29 28 32 24 20
19 23 15 29 11 17 5 17 21 41 27 16 14 14 7 26 26 19 20 5
42 60 25 47 45 44 31 40 46 69 56 31 26 25 35 50 47 47 43 27
37 33 24 24 27 29 9 20 29 39 27 24 23 14 13 28 27 25 21 13
23 25 13 17 23 28 9 23 27 42 20 17 13 15 4 36 37 28 36 18
14 18 1 6 7 11 9 13 8 16 17 11 7 6 9 11 11 12 7 5
16 16 11 8 9 14 1 13 11 19 10 14 13 8 5 21 8 13 6 9
38 68 45 36 58 44 33 33 58 66 43 27 37 32 25 66 47 59 55 33
1 11 5 4 12 2 2 1 6 9 4 1 1 1 7 18 2 7 4 3
12 15 6 15 11 11 1 15 21 28 31 20 1 17 13 23 25 25 23 8
24 30 15 22 21 39 17 31 27 42 20 19 27 12 24 43 12 31 17 26
1 8 1 1 1 1 1 4 1 5 3 1 1 1 2 7 2 1 1 1
18 24 10 11 6 28 2 22 22 29 11 19 13 12 4 31 20 27 20 11
37 59 25 52 46 61 23 54 56 76 49 34 32 36 37 64 33 63 45 45
39 58 42 52 47 43 23 43 52 73 49 32 40 32 28 66 45 45 44 17
29 34 11 16 21 29 8 33 21 39 18 15 16 19 14 30 11 32 18 22
11 36 10 21 19 21 4 17 31 29 27 20 8 14 19 43 36 33 34 20
39 55 28 28 42 55 32 45 49 58 46 35 34 24 37 59 23 45 28 36
18 35 15 14 17 49 10 43 44 52 31 36 25 30 14 53 33 39 38 19
9 15 4 4 8 6 3 14 7 23 10 10 5 6 8 19 15 3 12 1
7 6 3 7 3 6 2 9 4 12 9 7 6 3 1 8 7 4 4 3
4 7 3 5 8 4 1 3 5 5 9 4 6 1 1 15 11 7 5 4
18 26 10 22 18 37 5 23 27 35 10 14 11 12 15 34 18 30 21 22
41 34 16 31 17 27 22 25 28 45 39 33 21 25 19 29 28 36 28 16
13 25 16 7 19 6 2 10 11 23 17 15 7 9 6 25 23 16 18 7
36 44 31 38 28 41 23 48 51 59 49 46 31 41 30 65 45 51 49 8
10 12 1 10 9 9 10 8 4 16 11 3 1 4 8 10 6 17 5 9
13 22 11 8 17 8 12 6 10 10 10 12 4 9 6 16 15 28 12 5
2 2 1 6 2 1 1 2 1 8 4 1 1 3 1 3 2 5 1 1
20 31 29 32 33 21 15 11 26 31 26 24 23 17 8 37 22 32 20 15
26 31 20 25 23 18 9 31 27 36 30 27 24 23 12 40 35 23 36 9
7 14 11 7 9 16 1 16 13 16 12 11 7 6 2 12 7 5 9 1
5 12 1 7 5 15 5 9 7 15 8 1 1 2 1 18 7 20 10 4
55 67 33 39 37 42 30 48 48 72 56 39 24 40 30 59 43 55 51 29
1 23 14 7 14 9 5 9 11 17 11 12 4 11 10 29 17 16 16 2
16 30 19 38 35 27 14 31 42 54 47 30 18 22 29 53 49 35 48 32
25 33 11 33 17 31 20 37 31 50 39 23 20 23 20 44 31 37 36 16
16 16 10 17 18 20 10 18 22 40 32 15 1 16 16 31 22 26 22 7
43 44 24 17 42 32 27 32 31 46 32 20 28 20 17 35 25 41 26 34
11 30 16 25 33 23 21 15 21 37 27 5 13 4 19 28 13 27 13 15
11 39 27 27 34 25 27 26 22 37 27 26 21 25 24 41 36 40 30 17
30 42 17 44 43 50 25 29 43 52 43 11 25 7 27 40 26 41 26 28
49 49 34 33 47 32 20 23 36 54 41 38 33 22 20 49 25 47 21 32
22 40 29 31 33 31 18 19 31 38 18 11 20 12 16 37 4 34 18 7
52 58 40 37 47 32 19 27 40 52 39 35 27 31 22 43 25 55 26 34
8 16 3 2 5 11 5 11 7 19 13 11 5 8 5 17 12 13 11 3
19 18 14 24 21 26 16 29 22 36 36 25 20 17 14 40 24 30 23 11
8 2 6 4 12 7 1 7 6 11 10 7 5 3 1 13 13 2 12 4
18 26 8 12 17 20 12 22 19 38 18 12 9 13 12 30 22 18 27 11
21 38 15 12 34 18 14 16 32 31 32 16 6 15 15 36 34 35 38 26
9 10 1 5 8 11 5 5 10 17 5 4 4 1 6 10 12 12 13 6
39 37 43 44 37 37 24 44 42 66 47 46 32 32 32 62 38 41 35 15
12 29 18 27 24 18 11 18 28 43 29 15 8 17 13 34 17 30 22 11
27 38 11 29 28 26 12 20 31 42 32 22 12 19 10 35 24 45 29 8
1 7 8 11 11 5 3 3 8 14 11 3 3 1 1 3 6 6 2 4
45 48 33 25 56 41 36 39 41 55 31 32 38 28 30 51 32 56 32 44
35 33 16 26 18 31 18 35 34 43 44 34 17 28 22 31 30 35 31 12
34 41 21 32 26 20 12 27 33 49 41 33 17 32 17 43 42 46 40 11
10 16 3 6 13 13 7 7 8 17 7 4 1 5 5 16 15 17 15 11
33 50 27 44 42 41 13 35 48 70 42 18 17 22 19 57 44 44 47 25
15 13 15 16 20 21 11 20 9 21 14 16 20 5 9 27 9 19 7 16
5 16 5 4 5 25 3 20 20 20 14 13 12 9 1 23 10 16 17 4
22 33 19 25 40 21 25 19 24 45 31 22 23 10 23 45 27 35 26 26
30 65 18 48 47 52 31 35 51 57 48 41 22 29 43 70 51 71 49 41
13 58 21 24 31 37 19 32 50 41 35 34 10 35 29 60 50 60 56 16
6 5 2 1 1 7 1 8 3 12 7 9 5 3 2 5 6 1 6 1
37 63 29 39 45 46 27 42 51 60 46 23 21 38 25 43 23 57 42 20
20 28 17 12 20 24 15 20 16 23 19 20 18 11 12 34 11 31 12 15
43 68 39 44 62 59 39 32 64 69 49 36 37 23 32 77 38 68 51 40
24 47 24 45 26 36 6 33 41 53 36 21 23 25 18 54 35 37 36 13
13 30 16 21 13 21 14 22 18 32 15 22 14 22 13 33 26 32 23 8
19 25 12 19 20 24 15 26 20 34 34 23 19 13 13 39 27 32 27 21
17 16 5 17 12 14 10 19 8 28 20 12 8 9 8 17 17 20 14 10
5 21 10 14 15 16 9 11 16 29 13 5 1 6 10 20 7 13 11 6
59 62 34 36 32 38 27 50 48 63 49 58 34 50 37 54 51 51 48 16
3 13 1 5 4 10 1 8 10 16 10 4 1 3 2 11 6 10 11 1
29 47 19 28 38 43 22 33 39 44 48 27 14 24 21 36 34 43 31 18
2 5 1 3 4 7 1 10 6 11 8 8 1 7 3 7 10 4 9 2
16 24 23 26 30 18 4 18 21 30 25 12 17 9 9 19 22 16 14 6
24 35 6 18 23 25 17 23 18 39 24 9 12 11 15 33 19 33 25 20
12 4 1 3 7 1 2 3 1 8 9 4 3 1 1 2 9 4 3 1
19 14 4 11 18 19 11 22 15 34 31 18 5 14 12 26 28 25 24 13
21 30 9 9 22 15 12 14 18 30 18 11 7 7 12 27 25 19 24 9
18 13 4 12 13 11 10 14 3 23 19 10 10 5 8 16 15 13 10 9
9 22 4 6 15 19 1 9 19 21 11 10 3 4 8 30 29 20 28 15
15 34 18 17 18 15 15 16 21 32 24 20 7 17 15 23 24 27 18 3
18 29 20 25 24 32 14 30 29 52 31 28 11 25 23 54 40 42 39 10
23 36 18 32 25 28 20 18 30 46 29 18 17 18 11 46 14 42 25 9
25 29 20 25 34 21 17 17 26 46 33 24 17 12 16 44 27 32 25 18
22 29 12 13 19 25 11 21 19 17 23 19 19 14 7 32 16 31 18 7
25 34 22 17 31 36 11 32 26 39 22 22 23 18 17 46 21 34 24 24
6 8 1 3 6 8 8 1 5 11 9 1 1 1 5 8 1 13 3 4
21 30 7 24 26 19 19 14 14 39 31 6 9 5 17 18 9 28 10 12
4 9 1 9 5 13 6 12 6 16 13 3 4 1 3 19 5 14 5 7
8 2 5 15 8 13 2 3 8 19 9 5 7 1 1 19 9 14 7 4
13 2 9 11 13 7 3 9 5 16 16 10 12 3 2 21 16 6 10 7
22 35 24 12 23 32 14 34 21 36 16 29 26 22 21 50 22 32 14 23
8 7 3 1 4 17 3 14 10 17 13 12 4 9 3 18 14 15 14 4
5 13 3 8 9 14 9 12 7 14 12 4 4 3 7 14 6 15 6 10
17 49 42 22 37 37 24 37 42 44 26 46 32 35 33 62 40 48 39 17
12 14 9 10 15 12 7 11 13 20 23 12 6 8 5 7 12 11 9 3
13 22 13 28 22 23 3 15 24 34 19 16 11 12 11 35 31 27 26 15
7 27 8 18 18 20 3 13 20 28 8 10 4 11 8 37 26 32 28 7
39 47 28 38 43 43 27 43 49 57 56 44 37 29 34 70 47 56 50 35
35 31 20 17 24 13 16 24 33 48 40 22 18 26 11 26 43 22 39 12
17 24 13 19 21 22 15 8 20 31 20 10 10 1 13 27 12 26 13 10
33 62 19 34 29 53 20 37 55 56 42 34 12 41 25 56 36 71 53 19
11 14 3 7 9 15 8 14 7 14 13 7 7 4 5 18 10 17 8 9
31 65 30 47 58 46 28 46 52 64 64 28 39 27 35 70 44 53 44 36
29 51 19 36 37 52 24 40 45 66 32 20 22 26 25 56 30 49 48 28
5 10 1 7 3 7 6 4 6 16 4 1 1 3 7 10 1 11 6 6
13 19 3 13 7 4 6 7 4 18 13 3 2 10 4 10 5 22 6 6
3 2 1 3 1 9 1 8 4 9 4 6 4 1 1 12 5 1 5 1
15 16 1 10 9 13 8 13 11 14 15 9 7 5 5 13 10 16 9 4
5 9 5 9 7 3 2 3 5 12 5 1 2 1 6 4 4 5 2 1
21 13 12 8 8 15 1 21 12 23 13 19 17 9 5 24 18 3 14 7
1 3 1 1 6 1 1 4 1 5 4 4 1 2 1 3 7 3 5 1
9 9 5 10 6 8 5 3 7 19 13 5 5 1 5 11 6 11 5 5
14 16 10 5 7 8 1 8 9 12 8 12 5 7 1 18 17 16 15 5
38 50 29 26 33 33 16 23 28 48 26 17 21 17 16 41 21 34 21 11
2 10 3 4 8 6 2 8 7 16 12 3 1 3 1 9 6 6 5 2
14 27 14 9 17 13 14 8 11 13 10 13 8 12 10 21 18 29 15 5
8 9 7 7 9 12 6 6 7 11 6 7 7 5 4 15 8 12 8 7
23 18 8 10 14 20 3 14 18 32 13 13 11 4 1 28 29 15 25 16
32 52 29 38 39 35 22 29 46 46 51 41 39 37 11 60 37 55 43 28
26 40 31 37 38 46 9 41 41 62 35 38 23 29 19 63 50 47 44 25
20 29 21 15 14 26 9 27 19 29 17 23 17 16 9 40 21 26 20 11
4 6 1 2 1 2 2 1 2 4 7 1 1 1 1 4 3 7 2 2
39 42 44 49 50 44 10 46 53 57 57 39 30 39 38 51 55 46 46 25
13 10 10 14 10 13 10 15 5 26 17 13 12 5 12 28 11 9 6 8
12 41 20 24 24 37 27 29 27 38 21 21 19 19 24 50 28 42 31 14
16 25 12 16 12 16 6 24 18 29 21 20 15 18 13 33 25 17 23 1
16 48 22 28 34 39 26 35 46 53 37 30 26 34 11 57 32 51 44 21
5 8 3 13 15 18 12 12 12 20 12 3 6 3 9 20 10 16 14 13
8 7 3 7 2 10 5 7 2 14 7 6 5 2 4 7 3 12 3 6
16 33 11 30 28 35 22 26 32 49 31 20 14 15 21 47 23 49 28 17
24 40 21 35 23 43 13 44 40 59 46 27 28 26 15 54 26 34 33 18
8 39 9 26 27 35 12 23 31 47 31 11 12 17 9 46 26 41 29 13
10 4 1 8 5 5 4 6 1 13 11 5 4 1 1 11 10 9 3 5
6 20 3 4 6 12 4 8 10 11 10 4 3 2 7 23 8 16 9 8
4 15 7 15 20 19 13 17 13 18 17 6 12 3 12 29 9 20 13 15
21 22 4 9 18 21 8 8 15 14 10 7 4 1 7 15 9 23 14 4
24 25 17 32 20 33 1 33 33 47 26 27 18 24 15 46 37 33 39 7
9 18 8 10 12 10 11 9 6 19 16 7 4 8 9 14 11 20 8 10
2 4 2 1 5 2 1 1 1 4 1 1 2 1 2 8 2 3 1 1
48 57 21 39 42 29 31 29 34 53 45 19 24 28 19 39 29 63 39 34
41 62 32 36 60 45 36 34 50 65 49 19 23 21 32 49 38 50 40 31
20 48 19 19 33 48 12 38 43 53 27 30 28 27 8 56 38 43 41 28
24 32 15 15 31 9 14 3 14 32 16 1 5 5 7 12 16 24 12 10
1 4 1 1 1 5 1 5 3 9 4 3 1 2 1 4 5 1 6 1
6 26 12 7 11 14 3 12 16 16 8 8 2 11 5 20 14 18 17 3
1 4 1 1 1 1 1 1 1 8 3 1 1 1 2 4 1 5 1 2
44 58 24 33 32 35 17 38 44 58 46 28 17 42 10 44 42 64 53 24
46 58 45 35 43 26 36 26 42 56 30 36 36 33 25 57 41 47 46 19
17 48 38 42 43 39 27 39 41 57 34 30 27 26 25 58 37 47 34 14
23 48 10 18 21 31 14 24 38 35 39 28 12 22 19 50 38 44 41 18
15 24 13 14 13 12 7 9 12 24 18 13 10 10 8 25 15 18 14 3
11 27 6 15 11 26 4 13 22 25 8 9 6 11 8 30 24 30 28 10
38 59 29 38 48 33 30 30 52 73 51 23 22 29 29 49 58 46 54 37
19 17 13 16 21 18 12 15 8 22 11 11 15 7 9 25 13 23 11 17
1 7 6 8 9 10 1 8 10 16 6 7 5 6 6 16 10 8 13 3
16 55 41 31 35 51 25 51 50 46 44 44 33 43 22 57 43 55 46 11
5 24 5 22 21 32 9 19 22 31 15 11 7 10 17 35 21 30 22 21
17 20 6 15 16 23 13 12 16 20 14 5 6 6 7 23 13 30 15 9
24 44 19 13 40 33 22 17 35 34 28 14 12 7 20 47 21 40 31 21
15 30 10 33 20 35 9 32 32 54 39 13 11 16 13 39 25 33 25 9
14 38 10 20 27 36 20 24 32 33 35 9 13 12 15 33 16 35 22 15
8 13 1 7 4 4 4 3 2 18 8 3 1 2 4 8 7 13 4 3
5 10 2 5 6 17 6 15 11 15 11 6 3 7 5 17 10 11 14 7
15 22 8 7 13 22 1 22 15 19 12 17 17 10 1 31 17 19 20 4
11 22 8 16 6 17 7 18 16 27 22 15 8 13 7 35 27 25 23 10
10 21 8 5 5 20 7 17 11 11 11 10 7 11 3 21 8 22 14 7
10 7 1 11 5 8 5 11 7 25 15 10 4 9 5 10 13 12 11 6
30 59 41 38 49 54 28 49 60 70 54 44 28 45 25 70 50 66 52 17
12 20 10 11 19 9 11 8 7 23 10 9 10 2 10 24 12 16 7 6
16 27 14 18 14 27 5 22 29 33 22 23 14 17 9 45 18 34 24 8
50 62 31 29 40 59 19 46 57 68 34 28 22 39 29 55 31 59 46 30
22 48 31 23 40 31 14 29 43 45 45 36 12 29 31 60 44 50 47 19
7 9 1 1 4 4 5 8 4 12 13 8 3 6 4 6 11 7 7 4
16 43 13 16 27 36 17 35 36 45 42 29 16 25 25 59 39 41 44 20
43 55 19 35 41 48 33 28 39 58 32 18 19 15 31 45 20 53 35 30
10 9 1 5 6 6 1 5 4 10 4 2 1 3 1 6 8 9 9 1
32 52 29 40 50 33 18 26 51 53 44 35 24 26 24 63 49 55 54 38
24 35 14 23 30 21 10 15 26 40 29 6 4 12 5 27 30 34 28 18
7 9 1 2 5 5 5 2 5 11 7 1 1 1 3 6 3 12 5 1
56 67 32 38 53 55 36 38 50 67 39 44 34 36 39 64 37 66 38 36
10 25 12 20 22 19 1 13 28 24 27 7 5 6 5 28 20 20 19 10
1 3 1 1 4 5 2 2 3 13 4 1 1 1 3 7 2 2 4 3
13 33 19 18 21 14 13 15 17 27 23 19 10 15 13 30 20 26 15 2
4 6 4 10 8 5 1 6 4 11 7 5 4 1 3 9 6 3 2 2
9 11 3 4 7 10 9 3 5 12 11 5 5 1 5 8 5 12 5 7
19 26 16 28 29 20 6 13 24 40 20 16 16 9 6 39 30 29 26 15
12 26 19 21 7 25 1 25 24 31 17 20 12 18 1 29 25 25 25 1
10 20 8 20 15 15 8 4 15 32 16 5 4 7 9 28 17 22 14 8
19 29 16 16 30 26 9 24 26 41 33 11 7 11 15 28 26 21 19 5
13 26 7 21 25 26 10 17 26 40 18 13 7 12 19 34 26 25 28 9
35 51 22 42 40 41 12 29 38 60 36 18 19 21 22 52 32 52 36 36
24 39 7 25 25 15 5 12 28 37 34 18 5 15 16 37 38 39 34 20
38 51 32 44 47 50 15 39 57 63 57 42 19 28 34 67 54 60 52 22
11 32 20 18 23 27 16 22 20 33 12 18 13 14 14 45 18 36 25 7
6 15 4 5 7 7 7 4 6 13 8 1 1 1 7 10 1 10 5 5
24 28 22 33 27 33 8 25 35 55 27 32 18 23 19 57 40 41 37 13
2 16 1 3 2 6 1 6 5 9 5 1 1 1 3 13 2 11 5 1
13 21 11 20 12 23 1 26 25 34 28 18 4 23 11 28 16 26 23 1
6 17 6 4 15 2 1 3 7 3 11 6 3 3 5 21 16 17 11 8
13 5 11 12 14 7 5 11 5 15 14 14 15 6 4 20 16 10 9 7
39 52 33 45 34 26 4 28 41 51 42 32 22 29 16 58 43 53 48 25
9 19 1 8 14 5 1 8 11 15 14 6 2 3 3 20 20 13 16 7
54 47 38 30 32 52 21 50 47 64 37 53 34 48 36 58 49 58 40 23
8 7 6 6 7 12 1 10 7 10 7 8 8 1 1 9 8 4 6 4
48 69 39 37 50 32 42 43 51 65 54 31 41 43 28 60 53 58 58 28
12 14 9 13 9 3 3 12 6 23 15 12 10 9 9 14 17 6 9 3
17 17 13 15 12 13 6 14 11 19 17 15 14 7 1 26 10 22 9 9
3 9 1 1 1 8 1 4 7 7 6 1 1 1 1 13 6 6 8 1
21 16 6 16 16 6 3 8 9 26 21 10 7 8 4 12 21 16 15 11
18 19 16 34 30 35 12 33 37 51 44 28 13 22 24 53 43 42 41 22
8 1 2 3 1 6 1 7 3 9 9 8 7 2 1 11 11 1 7 1
24 32 8 34 18 29 14 31 27 43 39 8 16 17 10 35 11 37 26 21
23 27 3 12 19 15 9 7 21 27 16 3 1 7 4 23 25 29 27 16
22 26 11 13 17 3 8 8 5 24 13 12 8 11 4 22 24 27 17 9
4 1 1 1 5 2 1 1 1 4 2 1 1 1 1 3 5 1 2 1
28 45 23 18 38 34 23 25 33 33 30 29 20 13 21 52 27 47 31 29
20 38 20 15 26 25 12 15 25 32 24 15 11 9 13 28 23 22 15 3
15 18 19 17 22 16 1 8 14 27 7 9 12 3 3 22 14 16 12 7
41 54 32 23 38 32 24 34 41 55 34 31 36 31 13 51 41 44 44 20
15 8 4 6 2 18 3 18 12 28 19 19 9 10 5 21 19 14 16 3
25 24 9 14 17 27 8 23 25 27 33 27 10 12 12 31 21 31 20 10
21 42 25 13 20 41 16 36 32 30 23 31 27 27 12 55 23 45 27 17
6 15 1 2 1 12 3 4 8 6 3 1 1 2 1 13 3 18 9 1
19 27 9 11 21 11 9 8 16 26 24 7 3 5 1 17 24 21 17 10
15 30 5 23 15 24 12 20 18 32 19 9 11 13 11 35 17 36 23 12
13 21 4 10 13 21 10 21 17 23 26 13 8 12 7 29 13 23 17 6
33 33 18 24 18 38 9 39 30 43 32 21 14 28 13 34 17 41 28 23
28 35 16 27 36 32 12 15 31 38 26 21 15 8 18 37 31 35 29 22
22 13 10 5 13 16 4 12 12 22 6 13 13 4 1 15 18 7 15 11
6 7 1 2 9 1 1 1 2 11 1 1 1 1 1 2 9 7 9 3
34 44 15 37 41 31 33 30 27 57 37 13 23 20 31 44 23 43 34 28
1 1 1 2 4 1 1 1 1 5 1 1 1 1 1 1 2 1 1 1
57 66 47 51 57 47 40 49 54 84 39 41 46 40 44 75 52 62 58 38
48 54 28 48 38 45 12 45 56 78 54 30 20 38 21 48 60 55 55 24
38 60 58 52 43 46 34 47 51 72 35 47 46 43 41 71 42 52 44 18
1 37 20 17 20 26 15 17 30 29 17 15 9 17 17 42 25 30 28 7
7 3 1 9 9 13 6 7 3 15 10 3 6 1 3 13 3 10 4 7
22 19 19 24 27 10 14 12 19 27 28 22 18 10 9 21 14 22 10 9
38 53 13 45 37 48 36 34 41 66 49 25 23 23 35 47 26 55 37 31
1 1 1 3 3 1 1 1 1 2 3 1 1 1 1 7 3 2 1 1
41 47 26 26 44 15 21 17 38 48 45 25 21 26 19 34 49 46 45 33
30 28 12 31 30 31 20 23 28 43 43 26 14 17 14 26 22 31 19 16
16 18 1 10 20 12 14 13 10 29 25 5 6 1 11 19 17 19 17 15
3 14 4 7 7 9 1 10 9 14 7 7 1 8 2 13 11 12 13 1
21 23 17 18 32 10 15 3 17 23 21 10 12 3 1 25 14 27 13 17
17 19 10 15 20 14 7 5 14 30 14 4 3 4 8 16 13 13 13 2
24 34 1 24 15 33 19 23 28 44 35 22 5 19 18 33 24 44 27 16
16 31 21 27 22 22 8 18 21 36 10 24 19 19 12 39 38 35 34 5
28 44 29 40 33 38 22 29 36 54 35 22 22 27 16 53 16 51 32 25
34 34 21 20 27 23 23 24 30 52 37 22 20 29 8 34 50 44 45 27
28 42 29 23 18 43 17 42 41 55 37 43 22 33 27 64 44 48 41 19
40 61 22 21 31 52 23 47 53 52 50 52 23 43 31 66 46 64 49 25
1 8 5 5 6 3 1 4 2 12 4 5 2 4 2 10 4 6 6 1
21 20 8 24 12 19 8 26 19 38 36 15 6 24 8 27 21 38 23 15
20 20 5 11 9 10 4 15 12 15 17 9 9 9 3 21 15 14 16 1
33 45 29 10 26 34 9 38 29 36 11 34 27 30 16 48 31 35 28 17
14 19 4 6 15 13 5 11 12 17 6 6 6 4 5 13 16 13 17 9
48 55 26 29 43 44 29 41 48 63 54 32 21 35 28 55 40 65 47 29
23 39 20 35 26 30 19 27 33 46 34 32 18 25 23 49 38 48 37 18
15 20 7 8 10 11 6 9 7 21 11 9 5 9 7 17 9 17 9 1
34 46 29 37 33 34 16 28 37 51 37 15 18 19 24 42 20 37 29 26
14 19 11 19 15 29 8 24 26 41 35 20 11 10 12 35 23 29 22 14
3 10 6 14 14 13 8 11 13 27 20 5 2 5 9 19 10 13 12 10
1 1 1 1 1 9 2 3 5 11 6 1 1 1 1 10 5 7 7 3
10 4 3 7 5 9 2 6 5 16 5 7 6 2 2 8 8 8 7 3
6 25 8 9 19 22 14 12 17 23 15 4 5 3 12 32 3 24 13 3
11 10 3 3 3 12 1 13 6 10 7 8 3 4 1 11 5 12 7 1
10 11 1 6 11 6 11 8 2 13 19 4 4 1 5 15 9 17 1 8
15 23 15 17 16 10 5 13 9 30 23 13 11 10 6 20 22 14 11 4
28 42 16 23 24 30 14 19 25 48 26 16 8 14 11 33 28 39 28 15
28 60 22 44 38 49 28 44 49 63 54 30 27 40 13 58 42 65 49 30
32 33 12 15 22 9 10 9 12 28 17 5 8 13 5 16 17 30 18 12
32 46 28 15 41 39 11 31 49 56 28 33 20 22 25 58 45 39 41 30
38 42 37 23 42 29 17 26 30 46 20 34 33 21 17 44 26 38 17 27
30 42 15 25 41 23 29 17 30 42 33 8 19 16 12 39 25 52 33 30
21 28 10 21 27 33 13 16 33 38 34 19 7 11 14 19 26 24 22 9
19 22 8 9 12 21 12 15 9 25 14 12 14 2 12 24 6 19 5 13
12 28 17 20 31 23 23 10 21 32 22 11 10 2 16 31 1 30 8 12
38 50 25 32 41 40 31 31 38 52 37 33 25 22 29 58 22 53 26 27
30 25 18 38 30 19 15 17 23 49 32 18 17 17 6 30 21 37 23 18
2 6 1 1 4 2 1 1 1 9 1 1 1 1 3 6 2 4 3 1
27 40 36 32 49 40 22 43 45 56 44 44 31 30 44 67 37 52 37 40
42 47 29 39 34 15 16 27 33 49 38 17 23 27 9 30 35 36 32 15
7 20 10 15 23 12 18 10 7 26 18 5 9 2 16 22 5 21 5 11
11 41 16 26 27 30 28 25 31 42 28 19 20 19 30 50 30 40 34 21
10 13 8 21 12 23 1 22 24 37 21 21 11 17 11 31 30 18 29 9
39 65 19 52 47 45 34 46 53 72 51 26 31 32 42 71 47 56 57 32
12 14 2 4 9 12 9 4 6 10 14 5 3 1 4 9 3 15 1 5
56 61 53 50 41 46 23 57 57 76 48 50 46 48 29 66 58 49 45 24
27 45 35 30 45 40 20 24 39 59 20 21 23 14 19 50 31 39 33 23
8 5 5 9 8 6 3 1 5 10 4 3 4 1 4 1 6 7 5 4
27 40 26 34 33 28 15 22 35 45 35 25 18 21 16 48 45 39 39 18
5 20 6 23 20 27 16 22 23 31 22 10 12 7 9 37 11 37 23 15
23 45 12 26 22 26 18 25 30 35 44 22 15 19 18 41 24 41 26 15
51 53 37 42 54 42 40 36 40 63 38 37 42 21 42 62 22 48 28 36
17 14 2 13 7 10 3 12 9 23 14 9 6 6 1 16 17 16 15 1
10 29 16 25 27 35 22 24 30 40 21 13 14 13 20 49 18 37 28 14
25 42 16 36 18 28 18 32 29 54 37 27 17 29 21 51 36 44 37 16
28 34 21 19 35 18 12 24 39 46 41 32 5 27 29 41 49 41 48 23
20 15 12 20 21 9 10 8 11 20 14 13 14 6 3 21 11 21 8 7
18 34 3 17 27 35 25 24 28 33 36 20 9 16 19 36 22 42 28 21
18 25 18 16 14 19 6 18 15 25 13 23 14 17 8 33 26 29 24 1
18 47 18 31 36 30 21 19 35 44 30 15 14 15 24 58 25 54 38 22
15 23 3 3 19 14 14 2 12 14 12 3 1 1 15 16 7 12 7 5
3 19 3 4 5 14 7 7 10 17 4 3 1 5 8 21 11 17 12 6
22 45 26 25 28 39 21 36 31 48 26 26 24 24 20 60 32 41 39 14
32 70 25 43 39 47 24 40 53 72 40 27 22 38 25 65 48 62 57 23
11 30 12 18 21 16 7 14 23 31 25 12 4 12 13 34 16 31 21 10
38 63 26 27 42 59 29 51 57 58 58 50 30 43 24 54 48 59 47 27
8 8 5 10 15 16 1 13 17 26 13 10 1 10 5 16 22 10 23 4
5 5 5 10 7 9 1 10 9 17 12 9 6 5 3 10 9 3 9 1
28 33 20 21 26 32 15 22 31 37 37 21 15 11 12 24 22 27 16 16
9 13 7 6 6 17 4 7 11 16 3 7 8 4 6 19 11 13 11 6
9 7 4 10 9 11 1 7 8 14 5 5 4 5 3 12 10 10 11 3
27 35 11 39 34 42 16 34 35 65 41 21 16 22 28 54 37 49 41 23
40 44 38 55 46 38 31 23 49 65 53 40 35 29 25 50 38 51 37 29
43 69 32 40 36 57 30 46 62 62 53 48 34 39 32 72 49 63 53 34
31 50 36 36 46 28 28 21 41 53 33 16 22 25 9 43 41 58 40 27
37 37 12 24 28 20 16 7 25 43 27 14 9 11 12 17 26 32 23 15
23 39 21 18 40 40 17 30 40 55 34 28 20 15 31 56 33 38 36 34
27 37 15 15 7 21 11 18 18 30 20 13 8 19 9 26 11 35 18 13
21 40 22 35 36 39 24 21 32 49 33 14 22 6 23 53 24 38 25 23
19 53 25 41 49 42 31 32 51 54 46 27 29 20 36 74 33 59 47 33
17 23 8 10 10 11 6 9 10 22 15 12 7 12 10 22 20 21 18 10
4 11 1 10 13 12 9 10 7 20 12 1 4 3 7 13 9 16 13 10
6 1 1 3 6 1 1 2 1 6 4 3 2 1 1 6 8 1 3 1
7 14 1 7 2 5 1 5 3 11 5 2 1 4 4 6 3 10 3 1
30 55 25 45 31 46 24 39 45 63 40 20 21 32 30 56 34 58 49 36
29 43 18 27 25 31 12 23 29 49 26 24 15 22 20 49 43 38 41 16
13 50 16 34 42 48 29 29 50 51 37 22 29 15 28 72 27 58 43 32
24 22 14 29 26 26 19 31 18 41 31 20 26 15 18 32 20 27 22 22
5 8 1 6 3 5 1 4 1 10 5 3 2 2 1 10 4 10 1 1
12 28 24 27 21 21 19 15 25 34 17 26 19 20 10 42 26 42 26 13
27 29 22 11 22 23 12 24 22 37 19 23 23 14 22 41 21 16 20 17
26 27 25 25 25 31 10 25 29 38 26 25 24 11 10 40 17 28 18 13
38 42 23 31 36 35 10 26 38 52 43 22 20 13 13 38 37 36 28 22
41 69 30 58 51 66 22 58 62 81 64 29 33 43 26 71 49 77 65 39
14 13 9 14 13 5 1 9 9 22 15 9 8 7 2 13 19 6 14 3
12 19 7 10 15 10 12 11 8 23 18 10 8 6 11 21 9 13 8 6
2 3 1 1 1 5 1 5 2 10 6 3 1 1 1 9 7 1 4 1
24 62 21 42 46 46 18 37 53 63 45 19 15 23 27 58 53 59 54 34
20 26 11 16 20 22 8 24 16 34 20 18 12 17 7 31 20 34 23 11
42 44 18 32 21 20 18 29 32 51 49 28 17 29 21 38 31 36 34 15
34 61 27 48 30 49 31 52 50 67 50 39 32 43 36 74 45 67 56 21
28 46 28 43 49 41 35 37 47 61 53 37 29 29 29 56 41 60 43 27
18 9 14 11 23 8 6 7 13 24 6 10 10 7 1 13 19 18 20 8
52 51 50 41 49 29 19 39 44 60 42 32 45 25 21 49 44 29 34 24
17 46 19 18 27 20 15 8 27 27 27 13 6 11 21 37 18 37 22 12
54 56 48 47 57 39 42 35 46 68 54 50 43 30 39 60 32 44 30 30
12 14 1 5 9 6 7 10 1 17 13 5 1 2 2 8 12 15 8 7
32 38 26 16 32 19 15 22 28 45 29 26 23 25 11 40 44 34 39 23
40 49 35 35 47 23 16 18 36 49 42 31 26 10 25 45 32 34 22 22
20 32 9 19 27 15 19 18 17 32 35 17 12 8 24 35 27 29 22 23
7 7 1 5 8 3 5 4 1 14 8 6 5 1 6 10 9 6 3 6
19 18 14 20 16 14 4 24 21 36 31 23 14 20 10 26 33 12 27 6
21 21 11 12 27 21 12 20 20 30 27 18 10 9 11 34 28 32 28 22
5 15 7 21 19 24 8 16 22 34 25 15 9 9 10 37 25 33 24 15
25 27 17 12 28 20 5 16 24 28 26 22 13 9 15 31 20 23 19 15
39 54 33 29 39 29 15 25 46 45 38 27 25 28 6 53 48 55 50 20
19 8 8 7 14 12 3 10 11 21 11 11 10 4 1 20 23 6 19 9
31 35 20 32 32 31 20 39 30 49 44 31 29 30 2 43 26 47 32 20
6 1 5 2 2 6 1 4 1 4 1 7 7 1 1 7 1 1 1 1
16 35 18 14 18 30 13 31 29 28 27 30 19 27 6 46 32 42 35 5
5 12 1 5 2 11 2 4 9 11 2 1 1 1 4 12 6 10 8 1
25 35 23 22 29 15 13 18 23 35 28 26 23 12 18 50 31 28 27 18
9 12 2 10 19 10 10 10 9 18 21 6 6 1 9 22 16 16 14 16
21 52 19 46 46 54 19 41 54 55 42 29 29 25 32 74 33 62 48 42
8 41 14 20 19 29 7 21 35 33 28 18 10 19 12 49 31 41 37 16
2 6 2 6 5 9 1 5 7 10 3 2 1 2 1 11 5 10 9 2
2 6 5 7 10 7 6 3 1 12 4 3 5 1 7 16 1 7 1 5
35 41 19 31 35 38 16 30 35 50 44 30 19 22 15 36 28 43 29 13
43 56 33 57 46 46 23 42 43 75 54 21 35 25 27 61 38 49 40 27
1 2 1 1 4 4 1 2 1 2 3 1 2 1 1 9 4 1 1 1
15 16 18 22 16 8 4 12 11 23 20 17 19 8 12 30 16 11 11 6
46 48 41 40 33 47 14 48 52 67 52 45 29 37 26 58 60 41 50 14
29 38 10 30 38 20 25 9 23 40 36 18 11 11 24 35 22 45 21 24
36 55 30 29 38 33 21 43 40 55 42 42 39 31 25 67 41 42 40 26
37 50 20 31 41 30 24 27 30 50 40 7 24 18 12 34 28 45 28 26
22 20 20 31 30 16 19 20 17 31 35 18 25 5 13 36 15 31 11 17
31 24 13 13 19 17 13 17 13 26 23 21 16 9 11 23 18 20 13 12
28 49 30 27 31 26 9 31 35 37 37 39 28 29 19 59 26 54 27 29
22 39 33 38 23 21 22 23 28 44 27 35 31 32 17 51 27 44 29 11
26 24 13 22 29 27 23 19 19 33 30 25 18 8 18 32 16 30 15 18
8 8 9 11 16 13 2 9 14 24 18 11 5 7 2 16 15 13 15 1
40 47 27 40 27 32 9 31 38 50 42 17 16 27 8 31 34 44 34 14
11 7 6 4 1 10 1 13 3 13 6 11 11 1 1 13 5 2 2 3
41 63 28 58 53 44 27 29 56 63 60 43 21 35 32 65 48 77 53 47
45 46 27 37 15 32 12 44 37 45 41 29 30 38 19 41 29 35 40 16
42 39 32 50 33 40 23 43 38 58 46 33 31 36 18 49 33 56 39 31
46 56 42 38 55 54 25 36 54 73 18 32 35 28 38 56 40 45 40 39
42 48 35 37 37 33 14 29 39 53 41 25 24 23 22 47 23 38 28 24
18 32 13 8 22 13 7 12 24 30 21 15 2 14 6 28 34 30 33 15
5 2 3 1 3 4 1 5 1 4 1 5 4 1 1 5 3 1 1 1
18 18 13 12 10 14 5 13 7 17 12 16 13 10 4 25 17 20 12 7
4 5 1 9 9 10 10 9 5 12 9 1 4 1 8 9 6 11 5 11
11 19 1 2 5 7 9 7 5 15 18 9 3 4 8 11 10 15 4 5
9 12 12 14 15 23 5 16 23 33 26 13 8 10 3 18 20 15 17 5
32 60 42 36 44 45 30 40 54 66 38 44 35 36 21 77 53 62 57 28
25 48 40 36 38 37 10 36 41 45 35 29 32 25 19 58 41 39 34 16
10 8 2 1 7 12 4 13 8 17 12 10 3 9 3 10 16 10 14 6
19 28 6 31 18 16 12 28 19 43 43 12 12 17 11 30 16 32 20 17
24 37 20 19 37 32 27 18 28 38 17 9 16 6 17 45 13 40 26 18
12 10 1 9 12 7 10 7 1 15 11 4 1 1 7 10 8 15 5 9
4 3 1 3 1 7 1 2 2 11 7 5 5 1 1 11 4 3 2 2
12 15 4 1 9 10 8 8 6 7 8 4 5 1 5 11 7 12 6 6
3 10 2 8 6 7 4 10 8 19 14 7 1 9 5 18 13 16 11 7
13 29 11 24 27 24 23 16 24 33 29 14 18 10 16 42 16 43 23 20
7 7 9 10 15 5 1 5 6 8 6 4 6 1 1 10 7 10 6 4
1 14 1 5 2 5 3 5 1 14 5 3 1 4 4 13 5 16 3 4
46 58 44 53 44 45 21 50 51 70 52 26 40 29 34 64 33 35 35 26
11 21 10 26 19 25 13 23 22 46 31 19 11 16 17 43 22 34 22 12
37 43 17 17 16 28 8 24 24 27 21 18 15 22 11 25 13 37 19 15
47 59 23 50 46 49 13 37 56 63 56 35 20 26 26 49 46 50 44 34
28 30 29 34 31 25 12 17 29 48 21 16 18 14 11 31 16 28 21 14
27 56 19 33 47 33 26 24 44 46 45 16 12 19 26 46 37 57 45 36
4 14 2 6 5 8 1 11 6 10 7 6 4 5 2 12 8 10 7 2
13 29 14 12 13 15 8 16 11 19 19 13 11 12 6 35 13 25 13 4
8 15 7 6 6 10 5 10 4 18 7 10 9 5 8 19 8 7 6 1
1 10 6 7 11 4 6 7 6 19 10 5 1 5 8 11 7 4 6 5
9 19 11 19 16 13 5 13 16 33 20 8 4 12 8 13 12 12 10 3
27 24 13 23 28 30 17 17 26 38 29 22 13 13 10 37 28 42 27 18
21 31 17 33 33 29 17 18 25 43 35 18 12 13 13 37 31 39 25 17
36 60 33 43 32 49 14 55 64 63 56 55 30 55 33 82 73 66 75 22
22 29 18 22 19 29 9 22 24 31 22 27 18 16 8 41 28 36 26 11
20 27 11 17 12 25 12 17 15 34 16 13 12 9 12 30 14 26 13 11
23 45 24 21 33 28 20 18 34 34 31 25 13 19 21 28 35 34 32 14
19 26 12 5 16 19 4 15 14 31 8 13 10 5 10 26 15 13 14 10
3 4 1 1 3 2 1 6 2 7 7 4 1 4 1 5 9 5 6 1
39 51 37 28 38 42 7 34 39 40 34 23 27 25 17 47 29 41 23 23
20 24 22 20 21 24 12 15 20 32 13 20 22 9 10 39 6 26 9 15
14 45 25 23 31 16 11 11 28 30 21 13 6 15 20 40 23 35 27 11
10 21 3 3 4 23 5 17 17 14 15 10 4 11 1 23 9 25 19 1
25 28 17 20 24 28 19 16 25 36 23 17 16 8 20 35 16 25 20 10
42 64 31 37 32 39 22 45 50 73 51 29 14 45 21 54 44 59 57 20
22 34 19 16 26 37 8 27 32 32 26 19 19 15 9 48 18 41 21 16
20 16 12 12 12 13 5 16 5 22 14 18 12 11 2 25 21 19 15 8
36 46 35 20 25 42 11 43 39 52 30 40 20 40 25 50 33 50 27 19
14 18 6 15 14 17 8 16 17 29 27 13 5 10 4 29 23 23 19 5
15 19 16 16 18 36 11 25 27 29 18 14 16 10 11 37 12 23 18 19
12 17 10 19 19 17 12 19 15 33 32 14 13 5 13 30 14 16 15 14
5 12 1 6 4 12 5 9 9 12 9 4 3 5 1 17 8 15 10 7
17 45 25 39 38 42 22 34 46 57 46 25 28 20 15 60 33 45 32 22
26 38 18 21 19 29 19 30 31 38 33 24 18 22 23 35 20 27 28 6
5 2 2 1 1 6 1 4 1 1 3 4 4 1 1 9 5 1 1 1
6 10 1 1 5 6 3 6 3 13 4 4 3 1 6 8 8 2 5 2
28 33 10 1 22 21 12 9 23 22 16 12 8 3 12 24 20 20 21 17
7 18 1 7 8 13 6 7 15 14 15 5 1 3 6 23 15 23 15 12
21 47 11 21 36 29 19 20 35 46 37 12 4 14 21 45 28 46 37 20
13 22 4 24 13 16 10 17 12 32 22 6 10 10 11 29 9 27 11 13
15 13 12 18 19 11 1 6 12 21 15 7 8 4 1 10 13 12 9 4
35 38 29 39 38 25 26 31 31 52 37 33 30 29 16 48 36 45 38 27
20 52 27 20 33 27 16 24 34 34 24 26 17 22 24 58 36 45 42 20
18 15 7 7 14 18 12 14 7 18 14 9 8 6 6 16 13 18 13 11
14 29 7 10 9 7 9 11 7 18 13 12 4 12 8 21 15 24 9 2
18 20 10 13 14 8 10 16 15 28 26 17 10 12 14 20 18 8 14 1
32 35 40 51 39 40 18 33 48 66 47 43 29 36 24 55 44 49 42 16
36 54 30 36 43 46 21 28 52 52 47 43 34 28 21 71 43 60 48 33
2 5 1 2 1 2 1 4 1 5 1 1 1 2 1 1 6 5 4 1
1 2 4 5 7 1 1 2 1 5 4 5 6 1 1 11 4 7 1 1
28 44 23 35 31 31 24 34 35 55 47 27 17 23 27 41 25 38 25 12
36 36 24 19 29 23 12 18 22 37 23 29 22 15 20 37 20 29 16 13
5 4 1 8 6 1 3 11 3 15 11 11 6 7 1 7 11 6 6 4
18 8 6 13 11 3 1 6 3 18 16 6 6 4 1 13 11 13 6 4
14 16 9 14 6 17 6 24 8 30 20 22 13 16 4 26 16 25 13 10
11 15 9 12 21 14 8 13 10 23 17 11 8 10 7 27 23 22 22 15
22 28 27 45 38 36 10 28 37 51 35 19 27 6 15 53 34 31 26 20
7 12 2 1 6 10 1 5 4 6 4 3 2 2 1 15 8 12 8 2
5 16 18 21 20 14 4 16 15 29 24 16 12 11 1 26 19 18 12 4
1 16 5 6 12 6 1 5 10 10 14 9 5 1 8 26 12 14 9 10
10 11 1 11 8 3 1 7 5 26 15 6 1 10 1 6 14 15 11 2
26 47 24 16 33 38 14 38 37 39 35 32 28 33 5 47 27 47 29 20
9 7 1 8 3 8 1 8 8 19 12 8 1 10 1 7 11 12 11 1
14 12 5 9 12 14 11 10 3 15 18 6 8 1 7 15 5 14 1 8
14 7 6 8 7 15 7 13 8 19 15 11 7 6 5 16 13 13 13 9
40 49 29 35 45 50 27 42 46 70 35 36 36 30 26 64 28 58 39 36
20 33 15 26 22 24 20 28 23 44 37 22 18 19 18 44 29 38 30 18
25 36 20 27 41 38 28 30 34 51 37 22 26 14 30 53 27 36 36 30
5 1 6 11 7 3 1 2 2 12 7 8 10 1 1 16 5 6 3 1
12 14 1 2 10 7 1 7 3 14 4 5 5 1 4 13 12 4 8 3
29 30 12 14 22 20 13 9 16 29 13 8 7 6 14 18 4 21 10 5
5 16 5 2 13 14 5 8 15 26 14 9 2 7 10 22 19 10 19 3
35 38 31 42 38 34 15 33 45 71 41 30 20 30 16 49 46 48 43 17
38 73 33 46 40 54 21 40 62 48 50 40 23 42 30 64 46 79 62 34
7 1 1 2 1 1 1 3 1 8 5 4 4 1 1 4 7 1 2 1
7 14 5 16 9 15 3 14 14 29 22 6 1 6 1 11 9 15 9 3
12 26 8 20 24 21 17 10 23 38 32 8 4 1 17 27 17 26 13 13
13 39 25 27 29 29 8 14 29 38 11 15 13 10 12 46 31 32 30 3
35 40 28 48 38 31 24 38 34 54 47 20 36 23 29 39 36 32 30 24
16 21 6 13 17 10 11 5 7 26 14 4 5 5 10 21 11 21 10 8
21 21 10 19 10 12 11 15 7 27 20 15 14 13 13 24 17 23 11 10
8 11 13 10 14 11 3 12 13 12 12 17 13 2 4 27 11 14 10 11
37 56 49 33 44 36 25 34 46 56 44 45 37 32 25 64 32 46 31 22
33 37 43 24 36 40 19 44 38 50 19 48 32 39 25 56 39 51 30 24
17 26 20 18 23 16 8 18 20 28 30 25 17 14 8 40 29 28 25 12
19 19 12 13 14 16 12 14 10 24 20 13 13 4 10 18 10 14 5 9
4 7 1 7 4 12 5 1 12 14 4 1 1 1 5 11 10 11 12 7
11 17 6 11 7 10 8 13 7 22 14 10 10 7 12 21 14 9 8 6
9 21 6 5 17 11 16 1 12 19 16 3 1 1 14 16 3 16 5 6
31 38 16 22 31 19 7 20 28 28 34 16 9 16 9 30 25 38 32 18
31 44 25 22 34 38 25 23 33 49 26 25 13 18 25 41 21 43 27 18
25 24 20 22 31 13 12 8 19 34 16 11 15 8 5 20 21 25 19 15
6 13 7 8 18 8 8 11 9 27 15 13 6 10 9 27 20 19 15 8
12 38 13 18 15 16 4 14 25 19 17 13 8 19 9 41 18 39 26 9
38 47 24 22 38 47 21 27 42 44 30 35 32 22 11 57 24 56 30 28
43 45 35 37 31 41 20 35 42 59 41 46 24 33 30 59 38 53 38 9
17 19 5 14 17 9 14 8 5 26 15 4 4 4 12 13 10 21 8 11
12 31 15 12 12 23 10 24 19 27 24 16 9 17 10 33 16 26 19 10
14 29 14 24 25 30 16 34 26 40 40 23 13 21 24 48 25 42 30 15
27 31 33 43 38 13 12 18 39 46 43 35 25 21 17 47 41 32 38 18
32 48 33 32 44 52 14 39 47 61 33 24 30 16 27 63 37 33 28 29
19 28 1 10 23 16 8 8 20 23 25 12 2 1 13 22 19 22 19 11
6 19 7 8 11 14 1 10 10 16 5 6 5 6 5 22 10 15 13 1
13 30 7 23 27 31 24 28 26 36 32 13 16 13 22 42 13 40 25 18
8 10 7 12 11 17 10 16 6 21 15 9 12 1 10 19 6 10 4 11
27 25 17 25 16 24 18 20 18 42 24 18 18 13 20 36 19 24 19 9
4 6 1 6 3 8 1 5 7 9 5 1 1 1 4 10 5 5 7 4
42 66 28 29 37 48 22 44 59 73 54 29 27 40 11 51 50 56 56 27
33 50 19 31 35 24 21 19 33 51 37 10 11 24 16 39 35 55 43 34
29 34 24 24 24 30 20 26 25 40 23 21 24 11 21 47 15 28 20 9
2 8 5 5 8 5 1 3 4 4 5 3 5 3 2 14 7 9 5 3
11 14 6 2 16 1 2 1 4 15 5 2 1 4 1 4 16 12 12 5
32 42 40 40 38 42 28 24 40 44 31 33 31 26 15 61 28 55 33 28
9 17 12 20 16 7 1 5 8 17 13 1 5 4 1 8 5 14 1 1
9 18 11 24 21 26 14 13 19 29 19 6 14 1 15 35 14 26 18 18
3 4 2 5 8 5 1 3 3 12 3 4 4 1 1 16 8 4 6 1
4 11 1 1 1 9 1 4 4 9 3 1 1 1 1 9 4 10 6 1
41 52 44 48 36 34 26 37 45 65 31 39 40 35 26 68 34 45 41 14
40 43 42 29 52 43 28 38 39 55 34 39 38 26 26 48 28 45 18 32
16 26 11 12 29 19 19 16 21 38 20 4 8 9 13 26 22 23 26 22
2 9 1 1 3 5 4 4 3 12 8 4 2 2 5 10 5 7 4 5
31 34 16 33 18 20 13 22 26 37 35 16 17 18 12 37 19 36 23 12
11 28 7 5 11 12 8 17 14 24 19 15 6 14 10 31 26 20 22 9
17 30 15 24 25 26 14 21 18 32 23 12 14 10 13 30 17 31 19 15
8 11 7 11 8 18 2 19 17 24 17 13 8 10 1 21 13 11 17 3
17 21 19 19 17 12 7 14 8 18 15 19 19 9 6 28 13 21 9 3
16 22 7 12 11 13 13 16 5 22 24 16 10 11 10 23 16 26 11 9
24 50 17 33 35 39 25 26 45 52 43 32 15 22 27 63 38 59 42 25
5 20 3 1 8 3 4 6 2 11 7 6 1 7 4 14 11 13 9 1
39 54 31 49 31 31 18 30 47 55 51 34 21 32 17 46 41 50 42 17
14 13 10 6 11 11 1 10 6 14 7 9 9 4 7 11 9 7 7 5
3 18 6 7 11 11 5 5 9 21 9 6 1 6 5 30 18 21 17 4
19 47 21 23 21 32 19 36 37 50 30 29 16 31 22 59 43 42 48 9
25 31 15 21 31 34 19 23 30 48 39 22 11 12 22 42 27 36 25 16
20 26 12 20 12 14 8 20 10 31 25 18 12 17 7 28 17 27 16 6
38 59 54 38 41 58 17 60 62 69 51 53 42 46 30 81 52 55 47 16
34 40 24 37 28 27 5 22 27 50 20 22 22 19 14 45 32 34 31 16
20 18 9 14 20 25 9 25 23 45 33 23 7 14 19 37 35 26 31 16
9 42 20 17 28 26 12 8 32 24 19 14 8 8 18 50 21 40 30 12
18 27 9 22 26 21 14 18 24 30 33 14 15 6 16 43 28 33 26 18
20 31 23 34 21 18 3 14 26 34 26 19 15 19 5 37 33 35 28 7
43 55 26 28 30 38 15 25 38 41 32 23 16 26 22 43 22 48 30 25
23 15 14 25 17 21 4 19 16 35 18 14 15 7 5 31 22 20 21 8
30 58 23 38 26 30 15 39 47 56 58 30 21 37 18 55 42 50 47 18
28 28 29 29 21 28 15 28 27 40 25 33 32 20 10 51 18 33 21 17
6 19 5 8 13 21 8 23 20 26 24 13 1 15 11 29 19 21 22 11
14 19 13 22 8 15 2 7 16 24 13 10 8 13 1 28 15 34 19 9
16 25 6 17 22 21 18 12 12 25 20 11 9 1 16 26 4 26 5 10
17 21 17 16 16 23 4 23 19 39 26 24 7 19 7 34 29 26 24 6
28 55 30 32 30 32 13 24 38 44 35 12 15 20 17 44 28 40 27 11
11 19 5 7 15 12 7 6 12 6 12 2 2 2 4 10 4 15 5 2
27 39 22 27 15 33 4 41 40 51 44 31 25 29 12 45 28 28 31 14
40 63 51 59 47 50 20 36 56 68 41 27 35 36 25 59 31 56 43 24
23 28 18 20 15 26 12 34 24 44 31 29 26 21 21 44 26 25 24 21
9 12 4 5 8 10 3 10 7 15 10 7 5 3 3 9 10 9 9 4
39 40 30 38 30 46 19 37 47 61 45 40 21 28 28 61 33 49 39 12
7 23 19 17 19 9 9 7 9 26 15 13 11 8 9 30 12 20 8 4
14 29 16 16 20 28 9 25 27 35 31 20 12 13 11 43 15 29 21 9
28 55 38 33 48 36 15 35 46 46 50 34 27 20 29 57 35 45 29 30
6 11 4 1 3 6 5 3 3 7 4 4 4 5 4 7 8 12 5 6
16 22 15 21 26 26 15 23 20 26 25 14 14 9 9 30 8 31 16 10
40 67 27 37 44 47 25 43 52 69 59 33 20 43 21 58 42 67 52 27
13 9 4 5 7 11 3 10 5 7 6 6 5 3 1 9 7 9 7 2
13 13 2 9 13 14 13 12 8 17 20 9 5 3 8 17 8 15 5 9
5 3 7 7 11 6 1 5 3 8 4 4 5 2 2 7 6 2 5 1
9 7 1 8 7 4 4 8 1 16 8 8 5 7 6 6 11 8 7 5
7 27 17 26 28 34 13 19 36 48 22 13 8 15 22 37 25 25 31 14
10 14 5 1 9 9 7 1 2 15 4 2 2 1 7 14 5 7 4 2
14 8 4 11 6 13 2 4 6 19 7 5 5 3 1 13 7 14 7 3
15 18 10 13 22 17 5 17 21 28 22 22 14 10 5 36 31 25 27 14
3 7 2 6 7 1 1 6 1 12 5 6 5 1 2 11 7 5 1 1
28 51 24 49 40 45 32 39 47 64 43 25 32 23 32 66 26 54 41 24
42 63 26 38 48 50 36 35 42 54 37 22 25 24 38 52 13 60 28 32
6 14 8 9 11 9 7 10 7 20 16 11 6 10 6 20 13 17 13 8
51 51 33 53 38 36 32 29 44 57 56 34 31 33 27 51 25 55 35 34
4 9 1 4 6 10 1 5 12 9 10 5 4 1 6 14 11 7 12 8
40 56 35 43 58 55 30 36 65 73 46 32 18 28 36 63 48 61 57 26
44 59 49 47 34 31 20 43 42 56 38 47 40 43 19 55 32 51 32 16
11 13 7 10 13 5 5 10 7 18 17 10 6 7 6 7 13 8 8 1
10 25 12 18 20 23 10 7 18 28 5 7 7 8 15 34 22 29 22 13
12 13 1 9 12 10 12 6 10 22 21 9 1 3 9 6 4 17 7 8
15 16 3 1 4 13 1 9 7 6 8 6 6 1 1 13 7 9 6 1
19 51 18 17 35 40 15 30 42 46 28 28 22 22 13 59 43 47 49 27
5 5 1 2 4 3 5 1 2 4 8 1 1 1 1 8 4 9 2 5
1 13 3 1 3 2 4 3 1 12 5 6 1 6 5 12 8 11 6 4
24 43 18 14 29 30 19 28 20 37 27 20 15 17 17 43 24 36 26 13
15 23 11 29 19 26 8 20 27 47 34 16 6 17 12 37 25 36 25 11
25 60 17 37 30 46 6 40 56 52 53 34 11 37 16 56 47 62 53 23
29 50 29 45 38 37 17 36 48 61 42 38 33 38 11 59 47 50 50 20
27 30 8 18 9 28 9 18 24 29 26 9 8 10 6 26 8 32 17 16
34 37 29 38 40 32 19 17 37 47 35 34 32 18 21 59 42 46 40 35
14 42 25 30 30 34 25 20 32 47 21 14 13 16 24 44 27 40 31 16
41 67 40 44 64 49 43 30 49 59 37 24 28 19 35 56 27 62 39 33
6 27 6 9 15 20 11 14 20 28 16 7 4 6 14 36 16 21 20 8
3 9 1 4 4 10 6 10 6 16 8 5 2 5 7 11 8 6 8 6
16 13 7 5 9 12 3 11 7 16 9 10 8 4 6 17 12 7 11 4
19 26 11 12 21 31 2 18 24 30 5 12 12 6 9 33 21 23 24 18
17 12 5 7 7 12 3 10 5 16 11 9 9 1 1 17 7 10 3 3
15 27 20 13 27 11 8 7 21 29 12 8 7 12 1 20 28 23 25 12
6 12 2 11 9 13 5 9 8 20 8 5 1 7 3 19 13 19 13 6
35 46 38 54 41 30 13 36 38 62 52 26 30 31 17 50 37 47 33 27
15 17 4 16 11 10 7 7 7 21 15 6 5 8 6 15 9 20 8 8
16 29 23 25 23 18 12 18 15 34 30 18 18 10 13 40 18 25 14 7
29 36 17 20 34 19 18 16 23 44 33 15 12 7 17 16 26 20 17 12
1 5 1 4 3 2 1 3 1 10 1 1 1 1 2 8 1 3 3 1
34 43 25 36 38 43 30 36 39 58 36 23 33 17 36 59 22 40 37 32
27 33 8 14 22 17 15 17 16 35 27 23 8 17 14 22 29 32 24 13
42 55 26 29 41 57 19 37 54 66 36 32 18 28 31 50 34 52 37 26
16 27 17 17 18 26 2 33 32 33 37 33 13 22 15 47 30 34 32 20
31 70 30 49 53 48 37 32 53 68 47 22 19 25 36 60 40 66 49 30
29 40 34 39 36 46 28 42 41 64 31 35 38 28 33 66 30 43 40 25
16 20 18 16 24 10 11 6 12 24 15 14 15 4 8 30 12 19 8 2
2 4 3 7 6 1 1 5 1 9 7 5 4 3 1 10 8 9 2 2
1 3 1 5 7 3 4 5 1 12 6 1 1 1 4 9 1 5 1 5
29 52 26 38 36 28 20 32 37 48 42 24 15 33 28 45 38 55 47 37
27 47 30 32 37 34 15 28 34 45 40 17 24 12 28 49 33 31 26 19
57 61 43 52 53 57 26 52 61 74 64 40 47 29 41 66 49 51 41 41
17 31 20 30 28 18 21 12 16 30 23 16 17 14 12 35 7 41 12 19
9 21 23 13 16 14 4 16 16 18 15 22 12 13 1 28 15 22 14 2
15 18 11 8 21 11 8 6 14 15 21 14 9 4 14 25 21 18 18 18
10 28 17 15 22 24 9 23 27 21 27 22 17 15 9 43 19 34 26 16
26 57 15 34 45 36 29 26 43 49 49 29 12 22 39 58 34 57 39 32
34 48 24 50 28 35 21 44 42 66 49 37 31 34 34 60 46 46 47 26
30 46 35 40 47 51 23 42 47 57 44 31 42 21 19 61 23 45 31 30
37 65 34 40 33 42 20 41 52 56 48 39 22 40 28 66 44 66 53 22
31 36 19 31 26 29 15 32 27 48 39 17 12 25 15 35 18 40 25 14
39 57 28 45 45 40 4 32 52 62 44 33 19 29 29 52 43 51 44 41
37 50 30 39 47 54 38 42 46 61 46 34 40 22 39 70 30 50 37 38
10 12 5 3 10 16 2 9 10 14 2 4 5 1 5 19 10 7 13 4
12 29 5 22 23 25 18 28 21 36 32 12 11 15 16 32 16 36 23 16
15 23 5 18 12 21 9 13 16 22 18 3 5 9 5 29 11 32 15 10
18 32 23 27 16 26 14 16 24 32 18 21 17 16 10 47 22 44 23 15
10 24 10 10 14 30 5 18 22 29 8 10 8 7 8 35 14 19 21 10
16 43 14 17 30 29 13 26 34 32 38 27 15 23 13 55 41 48 43 24
24 24 20 14 26 24 15 19 23 24 21 22 19 9 9 32 12 25 14 15
46 59 40 51 56 55 36 51 60 76 69 36 44 27 46 72 49 44 49 33
10 12 2 6 2 5 6 6 4 16 12 7 6 3 5 12 8 8 6 3
13 31 21 19 19 22 10 17 24 26 22 10 9 12 5 25 24 25 17 6
3 14 1 3 2 16 2 8 13 12 3 1 1 3 4 16 7 12 13 3
13 12 2 5 7 4 8 8 4 12 15 9 6 4 6 5 9 11 3 4
28 38 18 22 19 20 17 32 29 36 37 24 22 25 14 33 30 26 31 8
15 7 10 11 11 17 4 11 13 25 9 12 10 4 1 15 16 12 16 8
18 15 11 15 4 9 9 18 12 23 21 17 16 13 10 20 16 8 15 6
4 5 10 14 13 5 1 5 6 14 10 7 7 2 2 7 5 6 4 1
24 59 28 51 50 50 48 39 47 64 47 39 32 33 45 63 40 69 48 31
46 49 42 44 39 48 17 42 51 65 55 41 39 35 20 61 33 47 32 18
29 39 21 21 27 42 8 36 42 54 30 29 15 30 13 57 50 47 51 25
12 23 11 9 18 11 14 4 9 13 15 14 7 6 10 19 9 30 7 9
12 19 1 1 8 10 9 1 11 7 14 4 2 1 9 9 6 16 6 8
14 9 9 7 9 21 7 21 13 22 18 18 9 13 7 18 17 16 16 9
20 21 7 20 9 11 9 15 14 33 23 11 10 14 11 26 17 16 16 11
58 65 27 43 44 52 34 47 55 80 65 39 20 43 36 55 48 64 54 31
28 36 17 20 36 24 25 24 28 42 32 9 24 14 13 32 28 34 31 34
9 15 15 16 10 12 1 16 14 27 21 19 11 15 3 18 21 11 17 1
48 73 34 32 49 58 31 48 57 65 42 37 36 40 32 53 23 58 38 28
15 9 8 1 9 10 1 10 5 11 3 10 9 3 1 8 9 5 7 6
21 28 23 32 20 19 16 29 31 42 27 29 27 21 17 44 33 27 33 7
52 67 26 59 44 54 34 55 61 83 72 36 27 47 39 59 45 69 61 34
33 36 23 40 31 37 21 21 31 48 31 28 27 21 14 50 26 49 30 23
30 31 20 20 37 30 21 22 22 35 22 21 25 10 14 37 12 39 16 26
32 52 19 30 26 33 22 25 34 53 18 13 12 24 19 46 30 51 41 20
20 31 16 27 28 34 20 22 30 39 29 25 19 15 13 45 25 45 26 20
12 16 13 9 8 10 2 12 5 10 8 15 12 8 1 25 14 17 7 4
12 19 6 1 17 8 8 8 9 28 9 7 2 6 5 14 18 10 15 8
42 65 40 39 47 60 23 49 59 64 35 50 32 39 34 61 50 60 43 35
36 33 20 36 22 29 15 34 34 54 57 28 13 30 20 30 33 42 28 16
8 14 4 10 7 8 3 5 6 10 4 1 3 3 4 12 2 14 5 3
55 61 30 47 48 52 39 53 54 73 56 55 40 40 40 72 54 64 58 33
21 28 8 11 24 17 12 16 23 24 35 24 7 15 17 29 32 34 26 17
28 54 36 31 43 43 21 26 42 51 23 26 22 21 25 52 39 44 35 20
10 10 8 14 19 10 10 7 4 15 13 4 7 1 6 13 6 19 5 9
7 15 4 6 6 4 1 3 1 8 6 6 3 6 4 10 11 13 6 3
25 42 8 13 19 33 14 27 39 41 41 21 5 25 23 42 26 45 38 11
37 35 33 30 39 35 8 31 32 46 30 23 31 12 11 38 31 24 23 14
10 12 6 12 8 13 3 5 12 19 12 4 3 1 2 13 10 15 10 3
18 24 13 19 29 18 17 11 19 37 18 9 13 8 10 31 27 33 25 21
37 24 17 26 34 17 16 15 21 34 33 29 20 11 11 27 26 30 21 19
24 23 12 20 21 15 7 16 13 41 18 13 10 12 5 25 19 27 20 13
12 52 21 30 44 36 28 34 47 48 56 36 24 30 26 65 29 61 41 33
3 10 1 10 8 12 7 10 5 16 9 3 2 3 4 15 3 16 5 8
11 20 12 8 9 15 5 8 11 16 12 10 8 7 8 23 11 14 12 5
33 34 25 45 36 38 26 36 36 54 45 22 34 19 25 41 31 34 32 25
5 11 5 8 11 15 8 10 8 14 11 5 5 1 6 13 6 13 6 9
22 39 22 20 42 19 18 10 36 45 29 15 11 13 18 39 40 37 40 27
3 1 1 6 4 7 1 2 5 9 1 1 1 1 1 5 3 5 6 1
23 40 17 33 28 34 18 32 32 51 41 15 16 17 17 42 29 35 26 12
1 6 1 6 6 7 1 1 10 12 9 1 1 1 1 13 6 6 7 3
3 3 1 3 3 5 4 5 1 10 8 4 2 2 1 7 6 6 2 5
6 16 3 10 16 24 7 22 22 27 27 17 6 11 13 35 24 25 25 14
36 53 30 52 33 42 9 42 52 63 49 23 32 33 16 52 42 44 44 18
26 40 18 19 26 29 11 26 27 38 33 18 17 18 8 37 30 32 30 11
19 16 12 13 5 18 3 16 11 27 11 17 15 10 5 27 14 21 11 9
37 53 29 37 31 30 18 37 36 67 43 24 17 31 20 41 39 44 40 16
16 29 9 19 23 25 15 12 26 25 23 11 5 8 14 26 15 31 20 12
32 51 34 42 29 25 17 40 49 57 48 43 29 36 35 63 52 40 51 21
17 27 23 28 25 14 10 18 22 35 32 25 20 16 6 31 18 24 15 6
18 25 6 26 16 24 10 27 23 50 35 11 5 21 15 26 17 34 27 17
34 46 28 29 37 45 18 36 51 44 52 47 21 32 21 57 38 54 40 19
38 58 18 37 54 31 31 24 43 65 59 28 13 23 31 43 47 56 41 35
33 27 30 24 27 34 12 30 32 42 19 37 34 25 10 47 19 35 18 21
38 56 24 26 26 41 18 45 50 62 47 41 20 47 21 66 61 62 63 15
40 38 23 29 33 13 19 12 26 42 27 13 21 25 4 25 39 46 36 20
6 14 3 11 13 18 5 2 13 23 3 2 3 1 9 21 14 14 15 9
29 47 33 35 44 38 27 28 34 49 33 23 30 16 26 49 20 46 22 23
16 35 13 27 27 15 15 17 22 26 32 12 10 14 11 39 13 46 17 20
25 23 19 26 23 21 11 22 23 37 31 17 17 11 9 30 26 18 23 5
9 18 12 18 17 16 11 16 10 28 18 8 13 2 14 31 6 13 7 7
37 52 41 41 33 34 26 37 43 61 29 39 34 32 27 65 53 40 49 17
34 43 22 37 36 50 12 44 49 70 48 31 16 28 27 62 41 49 47 25
14 20 10 16 17 11 7 8 9 26 11 11 7 9 8 27 21 28 18 10
5 16 3 4 7 5 5 5 4 9 8 1 1 2 4 11 3 12 2 4
18 30 19 21 28 17 11 14 20 39 21 7 11 7 15 19 22 15 16 6
46 51 24 43 32 37 32 42 39 67 60 44 19 42 42 49 43 58 41 22
15 25 9 11 21 11 4 5 12 18 12 1 4 3 4 9 16 12 11 5
41 41 27 20 41 36 26 18 40 39 25 26 24 17 9 37 24 44 34 27
13 4 2 8 6 6 2 8 3 16 8 7 7 3 1 9 13 5 9 4
26 34 16 32 29 25 22 22 23 44 28 9 18 15 24 44 18 33 25 19
16 26 13 14 21 19 20 14 16 21 25 20 9 13 13 27 18 35 17 14
47 71 41 37 56 46 25 40 60 65 52 38 30 26 39 61 46 45 50 32
42 60 15 27 40 52 30 29 48 56 30 28 20 20 29 48 37 52 46 27
10 12 11 8 13 8 1 6 5 11 6 9 5 7 2 12 13 11 11 2
4 14 3 4 5 12 1 12 8 12 7 6 4 6 5 11 7 7 9 2
12 29 14 17 12 30 13 18 22 27 13 14 12 10 11 39 20 35 23 17
12 10 1 10 6 4 1 4 2 11 8 4 3 5 1 6 7 11 3 2
15 22 11 20 15 22 11 12 19 39 16 13 9 10 14 28 17 23 20 9
29 27 17 17 21 11 17 18 23 47 26 16 18 19 11 30 37 18 33 15
21 27 19 38 33 22 21 29 25 55 38 24 20 21 20 41 22 36 21 18
34 51 37 58 44 51 13 38 54 60 44 35 38 29 21 63 39 49 39 24
2 6 3 7 6 6 1 6 10 18 10 4 1 4 3 9 11 5 11 1
35 56 26 39 51 33 25 19 50 62 42 17 16 25 15 48 43 62 45 33
8 22 12 13 23 12 4 7 19 21 18 13 6 6 15 32 23 20 23 15
10 13 4 11 7 4 8 11 1 19 17 11 6 9 4 11 12 18 7 7
37 65 29 54 53 37 15 34 54 73 60 21 18 27 35 51 53 59 52 44
23 24 11 21 7 8 11 20 11 32 26 18 16 17 15 27 24 17 16 8
6 13 1 10 12 14 9 13 7 19 13 4 6 1 9 18 9 13 9 10
47 62 32 36 38 24 31 41 48 68 45 27 34 45 23 49 46 45 56 19
27 49 14 26 44 32 24 20 41 45 37 23 9 19 21 43 31 45 36 21
13 12 3 13 8 12 9 15 6 17 16 8 7 5 4 19 10 18 7 8
18 18 9 10 13 17 4 19 10 19 13 14 12 7 3 20 14 15 14 4
23 16 9 15 17 11 8 13 10 24 15 11 12 7 4 22 21 17 17 12
15 23 10 27 16 20 9 15 14 36 21 11 11 10 9 32 15 32 14 8
6 5 5 10 8 10 5 5 9 14 5 4 5 1 1 12 5 13 9 6
11 12 2 11 7 10 4 9 10 19 18 7 3 7 4 17 8 19 12 11
4 1 2 6 4 1 1 6 1 13 9 6 4 2 1 5 8 1 2 2
26 50 20 29 45 49 24 40 60 63 44 34 24 41 18 62 57 67 64 37
7 5 4 5 10 7 1 5 6 10 6 5 4 3 1 9 9 5 9 3
12 9 17 15 16 18 6 10 14 22 13 11 13 2 2 20 6 14 7 9
28 28 16 33 26 36 14 31 28 47 29 19 23 10 16 47 29 30 32 22
47 58 35 49 43 47 13 41 51 74 48 30 23 35 15 56 49 64 52 27
18 33 20 28 25 37 11 20 31 36 15 14 19 14 16 47 17 33 28 6
50 53 23 43 42 33 35 39 36 62 54 38 29 30 30 42 41 48 41 30
4 12 1 1 3 7 5 7 4 13 5 5 3 4 8 9 6 5 6 4
20 20 13 12 23 12 9 12 12 28 16 12 12 5 7 25 21 16 18 12
13 17 10 18 19 4 6 5 7 24 14 3 3 6 7 10 9 14 6 3
41 54 27 38 40 36 25 44 52 75 62 33 26 44 14 58 45 66 54 32
45 38 24 31 27 31 10 35 37 65 29 29 24 30 17 43 39 39 39 29
13 21 2 12 16 20 13 3 21 24 23 7 1 1 10 17 11 20 13 11
5 11 4 8 7 9 3 4 6 9 1 1 4 4 4 12 6 12 7 4
15 14 11 23 17 20 10 18 17 31 23 12 11 8 8 27 19 19 17 10
19 18 10 13 5 17 2 16 13 26 9 14 14 5 8 27 12 9 11 2
26 35 13 30 22 34 14 38 29 44 45 20 18 23 7 36 17 41 24 13
16 20 6 2 16 11 7 11 12 26 6 6 1 7 5 16 18 14 18 7
22 32 17 25 17 22 4 27 29 41 34 27 16 19 16 44 28 27 30 12
29 28 14 10 21 25 14 29 28 40 34 20 13 26 8 32 36 36 37 17
34 38 15 27 31 21 13 13 29 38 36 3 7 10 8 16 23 33 22 20
17 13 5 10 6 10 6 8 5 17 11 10 10 3 7 14 9 9 6 1
15 29 21 23 21 29 21 30 24 37 27 30 19 27 14 43 36 39 32 10
1 8 4 6 6 6 1 7 7 16 9 5 1 3 3 5 4 2 6 2
12 25 11 19 17 33 12 30 24 36 29 19 20 15 7 41 18 28 23 11
45 54 44 56 42 22 26 40 39 68 53 37 32 40 14 49 45 51 40 22
45 68 32 20 45 51 27 45 59 53 43 53 24 41 35 63 55 64 58 36
33 37 34 35 34 42 7 39 39 55 48 31 23 32 28 42 44 41 37 21
12 16 8 7 7 17 4 15 11 10 13 11 12 7 1 26 11 16 10 6
7 49 27 31 34 39 26 40 44 51 44 37 27 37 12 61 34 59 40 22
6 12 1 16 8 25 11 19 15 25 16 7 12 1 8 26 8 20 15 12
41 47 37 31 34 44 23 39 43 55 29 37 35 38 23 57 18 50 27 34
36 41 48 34 36 46 24 47 44 55 37 60 42 47 25 69 44 56 41 22
1 3 1 1 1 3 1 5 2 9 9 3 1 2 1 6 5 4 5 3
47 50 40 49 41 43 15 43 50 76 49 31 30 36 13 51 53 54 50 26
6 19 17 20 19 10 7 11 13 27 23 15 11 8 4 32 16 21 11 9
33 48 22 18 28 39 13 31 40 51 29 23 22 18 17 49 30 33 37 14
1 8 1 4 5 7 4 7 3 10 6 3 1 1 3 10 2 8 3 5
28 49 9 26 34 34 28 34 30 52 42 22 15 25 27 48 30 49 35 22
8 8 3 6 5 10 3 10 10 12 12 8 7 4 1 18 13 5 10 6
10 19 13 9 15 17 10 10 13 23 9 9 8 4 13 17 9 9 10 5
32 53 24 20 21 25 10 26 33 33 31 30 17 25 20 46 27 46 28 24
59 68 30 48 46 50 24 41 52 73 53 29 24 31 28 42 39 50 44 27
13 15 1 9 15 14 15 12 7 16 18 6 7 1 9 14 10 18 7 12
16 49 21 11 19 31 7 33 39 39 36 37 14 30 24 58 33 46 39 18
8 6 6 8 8 10 6 4 9 12 13 6 8 1 1 18 9 12 9 8
1 6 1 2 5 7 5 10 3 14 10 6 1 4 4 8 8 6 5 6
34 49 35 26 28 39 19 28 37 56 19 30 25 27 24 50 27 46 22 20
12 16 9 16 23 22 13 17 20 39 23 15 8 11 16 37 25 27 25 13
32 49 42 44 45 49 19 34 55 65 45 38 23 30 27 66 52 57 44 16
44 53 16 35 27 49 25 47 52 53 60 40 14 48 29 43 39 65 49 23
11 15 14 10 12 17 4 15 12 19 10 10 10 4 5 23 4 10 4 9
5 6 10 11 17 9 1 3 5 17 12 3 6 1 1 14 8 4 2 2
20 39 18 30 20 43 8 41 48 54 46 33 15 35 21 57 46 45 49 10
22 21 3 20 14 12 13 13 10 29 29 10 5 12 7 11 12 29 8 10
3 5 5 4 7 7 3 7 2 10 10 5 4 2 1 14 6 7 5 6
10 26 7 14 12 26 6 13 17 29 6 9 5 7 10 34 19 27 21 9
8 20 10 18 14 20 1 19 23 33 18 23 8 19 10 37 34 33 30 6
1 3 1 4 5 9 3 3 4 7 2 1 1 1 1 11 1 6 3 4
31 55 22 27 50 59 31 43 52 57 38 30 28 30 17 57 43 59 51 42
12 8 5 13 12 7 1 10 9 28 18 11 3 10 1 6 16 13 12 3
30 63 48 54 56 41 25 34 58 68 54 46 31 31 32 76 52 66 48 41
37 61 31 41 48 62 19 52 63 74 48 37 31 34 34 69 52 46 54 30
10 22 12 18 24 20 12 12 22 29 30 11 4 9 8 23 18 29 15 9
40 55 27 32 53 45 43 23 43 57 39 33 23 26 32 51 30 60 40 33
21 68 16 49 52 59 34 34 55 66 47 20 17 25 37 62 29 70 46 31
38 55 38 57 47 55 37 41 54 74 45 26 37 31 31 63 13 60 43 36
9 11 2 5 7 10 2 9 6 12 6 5 4 2 3 12 8 9 8 3
13 24 8 17 16 15 5 14 22 32 34 10 1 16 4 21 21 30 19 6
39 47 25 25 37 45 23 53 39 55 38 36 41 31 24 55 31 41 34 31
18 19 15 16 15 14 5 9 14 20 12 14 16 5 3 30 7 20 6 11
48 61 38 38 42 22 34 39 46 67 54 42 28 45 32 59 61 51 56 20
7 15 2 1 10 14 3 12 11 25 10 11 2 8 8 19 17 9 15 1
32 43 16 22 22 34 12 41 32 55 38 30 27 30 11 51 30 34 35 18
37 54 25 42 38 40 34 28 48 52 36 31 27 24 33 59 30 51 38 20
41 49 18 31 41 46 34 30 39 46 36 36 29 19 34 51 30 43 32 25
7 4 7 2 4 10 1 6 4 4 3 5 7 1 1 15 1 3 2 5
18 30 23 19 25 23 14 15 22 21 20 20 16 10 8 31 13 33 15 9
10 18 8 9 19 13 9 8 12 28 9 6 1 5 11 19 15 10 16 8
36 50 37 40 29 38 24 26 41 40 27 32 27 32 16 46 24 59 34 19
10 24 19 28 32 23 13 19 22 38 23 12 13 10 11 33 22 28 21 14
14 48 17 31 28 35 28 31 30 42 26 18 16 25 25 46 27 53 35 12
5 9 2 6 4 18 5 7 12 12 9 2 3 1 3 21 8 13 11 8
4 9 1 4 5 9 1 1 9 11 7 1 1 1 1 13 8 11 9 2
24 28 26 23 33 35 17 24 31 33 27 21 23 12 9 44 11 34 17 18
23 20 13 15 15 15 4 21 12 29 21 19 14 11 6 17 23 13 19 7
15 20 18 32 37 21 13 10 27 40 26 11 14 1 9 34 28 30 23 22
17 21 6 15 12 27 1 20 21 27 14 13 8 12 1 30 21 29 25 3
29 46 35 28 43 53 20 47 54 60 45 40 27 29 40 69 36 52 38 36
40 59 26 28 50 40 29 21 49 56 42 37 16 22 36 52 46 51 49 34
14 21 6 8 20 12 10 15 12 25 13 4 5 8 4 20 18 22 19 14
21 24 6 19 14 5 9 12 12 27 30 13 9 11 13 26 19 24 14 11
31 37 12 26 34 20 19 11 26 38 27 19 5 19 14 23 30 43 31 18
14 18 7 10 5 9 1 4 6 13 9 8 5 11 4 16 12 17 11 3
13 26 5 15 10 18 10 14 13 19 18 5 1 14 5 23 7 31 14 9
31 44 28 45 22 29 9 43 38 56 54 21 21 33 15 40 37 35 34 19
52 60 41 51 48 50 32 49 57 68 67 50 48 42 16 57 38 57 40 29
11 39 15 25 24 36 16 32 33 37 35 11 16 18 12 38 21 37 30 16
4 7 4 12 11 13 9 10 6 19 13 5 5 3 6 12 6 13 6 10
25 31 8 25 21 13 14 8 18 29 32 9 2 12 12 16 9 35 13 18
8 9 10 7 8 7 1 5 1 6 3 9 9 4 1 16 8 14 4 2
13 15 6 14 18 18 13 11 14 23 22 8 4 6 7 20 11 26 12 9
35 55 19 28 49 52 32 44 48 61 51 33 31 22 31 63 29 53 41 32
17 20 2 11 17 9 8 7 12 17 26 11 5 1 11 23 18 22 13 12
4 5 1 3 1 2 1 4 2 13 6 2 1 4 1 4 8 8 7 1
39 65 33 39 46 47 19 32 49 57 39 23 22 26 33 67 30 65 44 42
15 20 10 2 10 15 2 18 9 21 7 16 10 12 7 22 15 12 11 7
3 6 1 3 1 1 1 2 2 8 6 2 1 1 1 4 3 8 3 2
3 3 1 1 2 3 3 4 1 9 8 2 1 1 1 5 3 7 1 3
8 12 1 9 4 10 6 10 7 15 9 6 4 5 4 10 7 14 7 7
18 16 10 19 23 16 9 12 20 31 27 20 10 8 8 20 19 23 17 4
33 55 43 25 44 49 32 45 47 56 36 47 32 36 34 65 27 60 27 29
19 22 16 16 21 25 13 18 17 24 26 8 12 2 9 19 12 15 6 12
6 10 4 10 11 9 5 2 8 16 16 1 1 1 1 11 7 14 5 6
8 8 6 9 10 4 6 12 5 18 15 12 8 8 5 12 11 11 8 6
9 11 8 14 14 21 4 22 14 32 25 16 8 9 9 31 17 19 14 5
9 22 13 18 18 19 9 15 16 25 22 8 9 6 7 19 15 18 9 10
21 34 13 15 28 36 20 32 30 39 39 24 16 13 26 43 17 36 21 24
10 12 6 10 15 10 12 5 9 13 15 4 1 1 7 10 1 16 6 8
12 7 1 8 7 6 4 11 7 18 13 11 4 9 3 6 15 12 12 4
20 51 32 34 42 28 20 14 41 38 27 17 16 16 22 54 25 48 32 16
10 26 13 12 16 15 7 10 12 14 12 11 9 9 7 28 10 25 14 3
21 21 23 26 22 17 9 30 24 40 34 27 21 22 12 30 33 16 25 6
22 34 23 19 15 39 7 45 36 44 36 38 24 34 12 59 32 41 37 15
13 13 2 11 5 5 3 12 3 21 15 10 6 7 4 12 10 8 7 1
23 29 14 23 27 18 9 13 19 23 22 4 7 8 6 13 13 24 10 5
16 26 14 22 20 7 8 7 10 26 22 9 10 6 8 19 12 21 4 2
23 25 8 6 15 22 8 15 12 32 12 10 9 4 10 27 11 20 11 14
4 29 1 8 14 25 2 15 28 23 14 6 3 8 11 37 23 23 30 10
41 42 36 40 42 39 9 44 42 67 48 35 35 28 25 57 39 36 28 27
10 6 12 16 17 7 6 7 8 18 11 12 11 4 1 15 8 15 6 6
6 29 9 9 12 10 8 11 16 20 16 11 6 6 16 34 19 20 17 9
50 55 45 48 50 47 26 51 51 74 57 41 36 42 30 56 62 58 53 26
25 51 18 44 39 40 19 35 45 60 49 21 23 17 31 57 44 47 46 31
43 63 37 52 53 45 32 40 48 66 53 26 37 25 40 62 29 51 38 38
33 41 25 26 39 31 23 25 32 48 33 24 19 17 23 48 20 44 25 20
1 7 1 2 3 6 1 1 3 5 1 1 1 1 1 12 1 6 3 1
16 16 10 10 10 20 5 16 11 22 13 13 13 5 1 27 10 18 9 7
10 8 1 8 7 15 4 11 12 19 12 6 5 3 1 22 17 11 16 7
12 15 13 13 11 15 2 17 9 20 12 21 14 13 3 26 19 19 15 3
30 46 35 54 54 42 38 21 44 66 42 18 32 20 30 52 21 51 32 28
8 15 5 6 7 7 3 6 4 10 11 6 6 4 4 12 7 10 3 3
41 67 38 39 53 43 27 37 54 64 51 44 26 34 31 69 38 71 45 39
31 36 31 38 44 52 22 38 49 61 45 34 26 23 23 63 29 54 40 27
18 30 26 38 39 36 21 36 37 52 46 27 28 19 18 48 27 35 24 21
12 20 3 10 17 14 6 8 14 29 10 7 1 6 8 19 21 16 22 7
22 50 24 49 51 62 26 46 59 73 47 28 32 29 26 70 36 59 49 30
16 22 18 13 21 12 9 10 13 25 15 17 12 10 7 27 20 26 18 4
9 24 3 15 18 26 16 12 22 34 19 5 1 5 15 33 13 28 19 10
25 26 13 23 21 22 1 15 22 37 19 11 7 13 1 23 24 29 25 7
39 55 27 50 36 43 23 38 45 64 38 22 25 30 30 60 33 53 46 21
6 1 1 6 4 8 1 1 4 7 1 1 1 1 1 7 4 4 5 1
11 16 7 15 16 14 1 16 17 29 18 14 5 13 3 26 16 26 19 2
12 14 9 7 10 17 4 14 13 20 14 11 8 3 2 16 8 10 11 3
36 43 23 28 28 31 9 29 32 36 36 22 13 29 7 36 23 48 35 15
28 46 26 47 41 46 26 43 46 57 50 29 31 36 18 54 23 60 40 28
4 11 6 12 9 6 1 12 11 24 19 10 5 6 5 21 13 3 12 4
8 11 3 1 5 13 6 8 9 12 9 6 5 3 1 11 7 11 9 5
28 58 31 39 34 45 33 47 47 62 44 31 26 39 33 66 36 57 52 25
8 11 1 2 13 1 1 1 3 14 5 1 1 1 1 4 8 7 7 2
7 5 1 4 6 9 4 8 8 15 8 8 5 6 4 6 12 6 12 5
8 26 14 24 19 27 10 22 29 42 28 14 9 13 11 42 25 22 26 11
6 8 1 2 7 10 4 3 6 15 7 1 1 1 3 13 8 8 8 4
5 14 1 4 6 3 4 7 6 13 14 7 3 5 8 12 10 8 9 5
9 25 11 5 18 10 12 6 7 19 15 12 6 5 10 24 7 21 5 2
48 48 31 47 34 27 21 28 32 49 47 36 27 35 19 36 26 51 30 25
8 8 3 1 5 12 3 10 5 11 6 7 4 3 1 10 8 8 9 4
25 39 20 20 19 24 9 23 21 33 16 18 14 21 10 36 16 34 23 9
15 20 12 12 31 10 13 8 14 25 18 6 9 3 12 24 21 23 19 23
22 43 24 15 43 18 21 14 36 39 28 16 11 15 19 40 34 36 40 24
26 34 17 35 28 23 13 33 30 39 46 25 20 21 14 48 25 46 33 25
50 55 38 48 51 55 41 40 56 66 68 59 39 43 40 75 53 69 55 40
7 20 8 14 17 27 10 29 25 29 34 17 9 19 11 36 19 29 25 14
19 19 11 16 12 21 6 13 16 23 14 12 12 4 6 23 10 18 12 5
1 14 6 5 9 3 5 4 2 12 4 5 4 5 7 17 6 12 5 4
18 35 5 19 13 18 2 23 26 34 35 12 6 19 5 30 19 34 28 12
20 34 8 30 23 28 8 21 28 48 24 10 8 10 16 39 29 31 31 17
3 15 9 13 14 14 4 11 15 27 13 8 5 4 8 21 10 7 12 2
23 50 26 30 34 34 12 27 44 40 42 31 24 23 13 52 27 50 33 21
13 20 11 17 19 16 2 8 19 17 16 5 8 6 1 26 8 24 15 3
36 54 41 28 33 59 14 56 55 65 41 46 28 44 29 65 42 56 40 21
8 6 1 1 9 1 1 2 1 12 7 2 1 1 1 2 9 6 5 2
9 6 1 4 2 1 3 3 2 6 14 4 3 1 1 7 6 7 2 1
53 62 48 28 56 28 28 43 50 67 51 47 40 39 38 59 56 50 44 52
29 34 13 14 18 30 10 34 36 36 41 32 19 22 17 45 35 27 38 10
1 5 9 15 14 9 1 1 14 14 10 1 2 1 1 13 10 6 7 1
17 31 24 24 22 30 15 13 26 32 14 23 21 15 9 48 18 37 24 17
33 31 18 16 33 23 17 12 29 45 34 16 13 8 9 26 32 25 27 20
24 53 35 28 41 43 11 40 47 50 48 29 26 21 32 57 32 34 30 31
18 15 9 13 8 9 1 16 8 24 20 16 11 9 2 19 18 13 9 6
20 34 28 28 24 26 2 21 22 31 19 12 19 13 6 32 17 27 12 7
6 6 1 6 8 10 8 12 8 16 12 8 1 8 5 9 12 12 12 9
34 66 29 48 54 52 21 50 62 70 63 27 30 33 29 64 48 61 59 41
39 47 41 53 40 51 22 43 55 78 47 47 38 38 30 75 40 52 43 28
4 12 2 4 9 6 5 7 9 19 12 7 4 3 9 18 13 5 10 6
42 43 32 38 36 19 14 23 29 55 38 14 23 21 8 31 30 36 27 22
14 30 12 9 20 10 9 8 16 26 12 8 4 9 10 23 25 20 22 13
19 28 17 17 21 8 7 17 18 28 18 14 14 15 6 34 27 22 25 9
19 16 4 8 11 11 11 14 9 17 20 13 8 7 7 13 15 14 10 7
28 28 11 7 20 21 8 17 16 23 18 17 15 4 10 28 13 19 9 13
34 57 27 39 39 40 15 29 43 53 34 22 17 24 18 40 43 48 38 14
30 32 18 25 31 26 18 26 25 50 41 23 11 21 24 43 34 38 27 13
15 36 14 23 31 26 12 28 28 39 36 14 11 15 7 40 32 38 33 17
1 4 2 10 11 9 5 3 6 18 10 1 1 1 4 10 4 9 4 6
26 55 34 39 24 37 17 40 42 55 34 28 22 40 22 58 36 51 48 14
21 24 14 8 17 19 9 17 14 33 7 15 14 9 13 22 16 14 17 9
14 14 8 16 18 18 11 11 15 26 27 14 8 5 5 27 15 26 13 9
25 25 19 9 21 25 6 18 18 23 12 20 22 8 13 35 12 20 8 11
13 15 10 3 7 19 6 21 10 19 13 15 11 9 7 21 8 13 7 12
26 51 26 18 26 39 16 27 40 41 30 25 18 20 16 54 34 39 35 17
19 30 14 21 19 20 10 16 20 25 12 16 11 15 5 33 26 38 25 3
6 9 9 17 15 10 6 7 9 20 13 1 4 2 4 8 5 11 2 7
31 53 18 35 32 37 20 35 56 48 55 42 20 31 34 57 48 47 55 30
21 28 11 30 26 28 6 14 28 43 22 1 6 6 6 25 25 26 24 16
41 57 23 40 47 37 20 31 53 72 46 23 17 34 25 55 53 60 60 31
14 44 7 26 23 38 24 27 32 45 31 10 14 17 19 42 14 46 28 18
12 8 12 13 13 9 6 7 4 15 11 10 12 1 5 16 8 13 1 7
