1000 20 15 1251
1 7 12 1 2 3 3 4 10 1 12 5 7 15 6
6 4 2 1 0 3 8 5 2 4 3 1 13 0 1
4 4 3 8 1 4 3 2 4 2 10 5 4 1 4
8 2 3 5 1 3 4 4 2 5 6 2 1 7 3
2 1 0 1 1 3 9 1 1 3 1 2 3 4 0
4 20 10 1 4 3 6 2 1 22 15 5 3 4 7
10 5 1 5 5 6 3 5 4 7 1 0 0 0 4
2 7 4 3 4 1 2 3 5 5 2 2 0 3 5
6 6 22 3 2 6 4 11 12 1 13 9 2 1 5
6 11 23 5 1 7 4 5 2 10 12 9 8 13 6
1 2 7 5 3 10 2 12 3 2 15 9 21 12 16
5 2 6 7 4 0 3 8 2 10 2 4 1 7 1
1 12 7 3 4 1 1 4 3 10 1 0 6 4 11
1 1 1 1 1 13 6 11 9 22 4 9 2 3 7
4 1 3 2 3 5 4 1 1 2 1 1 0 4 0
5 3 6 1 4 2 0 2 3 1 2 2 3 4 4
2 5 2 3 3 0 3 4 8 4 1 1 3 1 2
5 3 3 3 3 11 11 5 0 8 7 9 7 4 3
15 6 1 5 19 3 15 1 4 10 2 4 1 10 10
6 14 4 6 10 5 2 1 5 8 4 3 8 11 8
5 5 2 15 1 4 1 0 5 6 16 7 12 2 2
3 3 5 0 9 12 8 5 5 7 19 2 7 3 1
16 7 7 19 17 2 12 7 4 10 8 9 5 0 3
5 8 6 19 3 6 4 8 16 2 3 2 3 10 3
4 1 1 4 4 0 2 2 1 4 7 2 5 0 4
6 4 8 5 20 11 7 0 8 6 13 3 1 1 3
16 3 1 11 9 3 5 14 0 6 6 5 8 3 7
16 10 2 12 2 3 6 8 4 7 1 5 3 2 3
2 1 7 10 0 9 5 7 4 7 7 4 5 2 1
13 7 3 1 1 3 3 5 8 5 6 7 5 2 8
2 5 12 17 10 6 1 5 10 1 11 6 5 1 6
3 5 4 1 5 5 9 7 0 8 1 7 7 12 10
7 3 3 2 8 2 7 3 0 3 1 6 1 4 3
1 1 4 19 2 18 7 3 8 3 4 3 2 11 15
5 14 15 5 4 6 3 11 11 3 14 20 1 8 4
6 7 5 12 5 9 2 1 2 9 3 1 7 2 1
1 8 11 6 15 1 1 24 8 4 4 4 3 13 9
3 0 6 7 3 10 1 8 1 9 4 5 2 3 7
3 12 5 2 0 3 6 10 5 7 11 7 12 12 2
2 3 7 4 2 1 3 2 0 3 2 4 12 4 1
1 1 1 0 4 5 1 5 7 1 1 0 2 5 1
12 9 5 6 6 7 6 7 11 3 11 4 3 3 1
4 1 11 5 10 4 1 26 2 1 8 16 6 9 11
8 5 3 3 6 2 2 2 7 3 2 4 2 2 0
2 1 3 2 7 1 2 6 4 0 10 6 7 4 3
6 1 2 0 5 9 10 9 12 4 8 7 6 10 16
2 1 2 10 0 3 0 4 2 9 5 2 11 0 3
4 1 4 3 1 9 2 19 8 4 8 4 1 9 2
1 9 3 5 9 1 6 9 5 1 0 7 5 0 4
3 7 1 10 15 9 5 1 4 0 2 13 3 1 5
10 2 5 4 4 2 7 7 1 5 1 3 1 7 3
9 9 1 8 6 12 8 2 3 7 8 8 2 1 16
17 15 1 1 11 8 11 7 2 3 8 10 8 4 9
9 5 5 1 1 5 8 6 3 5 2 8 13 6 2
3 1 6 6 0 2 6 0 4 9 2 7 9 3 1
8 14 9 8 5 1 10 1 1 3 7 16 16 4 9
14 6 8 2 20 16 2 8 4 0 3 12 2 6 14
0 4 4 5 3 3 1 3 1 9 3 3 5 5 8
6 9 3 6 1 1 19 8 17 2 3 4 10 5 16
1 0 0 2 1 14 8 19 1 4 2 7 0 7 4
1 4 2 1 6 2 4 2 4 4 2 1 1 4 4
5 4 10 1 17 4 16 2 4 10 4 6 5 12 8
11 9 2 0 9 4 14 1 3 11 2 11 2 3 6
0 7 1 4 8 6 7 1 7 16 3 3 8 9 1
7 1 1 1 10 0 4 1 2 0 6 8 5 5 8
11 0 13 1 1 1 13 0 3 3 9 12 5 0 10
7 7 2 8 1 7 2 5 2 20 8 7 1 3 13
2 1 6 4 4 6 0 0 1 0 4 2 5 1 2
2 0 1 0 1 2 3 4 5 4 4 5 1 1 3
20 17 3 6 2 5 19 6 6 7 11 2 1 3 12
2 5 4 1 4 3 2 15 13 8 11 10 0 11 8
6 6 14 11 1 11 20 5 6 8 7 15 3 11 6
6 7 1 3 1 7 4 1 9 1 1 1 1 4 2
4 1 4 1 1 6 4 2 4 4 3 0 3 1 2
19 0 2 13 10 12 7 0 1 1 11 6 5 1 1
4 1 2 2 5 9 0 3 1 25 10 6 1 3 5
7 6 3 14 2 8 14 10 8 4 2 14 0 2 2
19 3 11 5 15 2 8 8 2 10 2 2 1 8 5
4 3 4 7 3 4 5 7 4 7 6 4 2 2 8
4 10 3 3 10 1 3 10 9 6 14 4 8 0 6
3 2 7 3 12 2 2 7 4 2 5 14 2 14 7
3 2 4 2 4 3 1 0 1 3 1 0 5 4 8
7 1 11 5 6 7 3 3 9 7 6 14 5 3 3
0 8 9 5 0 2 0 9 6 2 3 1 1 8 2
4 15 5 7 5 12 0 3 5 10 10 10 1 14 7
12 1 3 4 1 14 1 1 5 0 1 0 6 14 3
2 3 3 8 8 3 19 13 8 5 3 17 11 3 18
5 2 5 3 1 1 0 2 3 4 1 4 4 3 5
0 8 3 11 9 14 8 13 17 11 14 2 0 4 10
0 2 6 11 1 3 1 0 2 2 1 1 0 10 5
6 15 3 14 1 7 9 1 1 0 5 11 5 7 1
7 13 3 1 4 4 0 8 3 2 13 4 6 5 3
1 0 1 3 5 3 2 1 9 6 5 7 0 2 3
1 0 1 12 1 2 11 0 0 7 22 7 2 1 5
7 9 4 2 8 2 1 3 7 1 7 2 3 3 5
1 4 15 13 0 2 13 6 12 5 12 3 1 5 12
1 4 0 2 0 8 1 5 7 1 4 7 1 10 9
2 3 6 3 4 1 10 5 6 0 11 7 2 1 1
4 11 9 9 7 6 2 2 12 10 8 3 8 3 2
24 5 12 6 0 2 10 4 7 1 1 4 2 14 1
4 5 1 3 5 2 2 1 3 1 9 3 1 4 4
9 1 13 1 14 6 4 9 4 14 13 0 3 8 1
3 5 10 1 3 2 2 7 8 4 2 5 7 7 2
21 6 12 10 4 4 16 5 10 10 1 9 9 9 7
8 3 13 0 6 8 3 6 1 6 9 6 10 6 12
3 0 2 1 5 2 0 1 2 3 4 4 3 4 1
2 5 8 1 3 3 8 3 4 1 9 6 2 4 3
3 2 0 6 13 2 6 6 3 5 5 6 1 1 7
2 3 2 0 4 2 4 7 4 9 5 3 2 0 4
2 4 2 2 1 7 4 0 2 1 6 3 1 6 1
3 7 5 4 1 10 3 7 0 2 2 0 2 6 7
3 7 5 1 1 0 8 4 3 3 6 3 7 3 2
12 10 6 8 7 9 4 3 3 17 6 3 6 1 13
2 2 4 5 20 6 9 1 11 3 7 2 0 4 4
20 10 9 4 4 8 0 11 4 1 3 3 15 5 1
8 3 1 4 3 11 3 6 3 10 8 8 5 4 7
12 3 8 10 10 3 2 2 5 1 17 9 3 4 16
2 4 3 4 1 22 1 0 4 7 2 7 9 1 0
0 3 6 7 10 2 7 3 6 6 2 3 6 10 1
11 9 2 9 9 1 9 17 7 6 4 6 10 19 10
5 7 2 0 3 2 3 4 6 7 5 7 0 11 6
7 5 6 0 8 9 19 12 6 3 1 9 3 3 7
0 2 5 2 3 0 2 5 4 3 1 5 3 2 3
5 4 4 1 1 5 3 7 6 2 7 0 5 2 3
13 6 8 6 1 3 3 12 4 9 5 9 8 3 8
3 4 1 7 11 0 3 7 2 1 1 6 3 3 5
4 0 21 2 1 7 7 0 10 14 10 7 14 14 4
5 10 1 3 0 3 8 4 3 3 2 4 2 7 3
2 0 7 1 2 3 1 3 4 2 2 1 1 4 0
3 5 8 5 3 11 9 2 7 3 13 10 1 8 1
4 13 3 7 5 9 6 0 6 9 4 1 13 6 1
1 2 5 6 5 1 6 6 3 2 5 4 3 2 2
2 0 1 6 4 3 2 3 6 1 8 4 1 3 7
7 7 6 1 2 7 3 3 15 0 8 4 6 2 6
8 1 1 8 2 3 3 2 3 11 4 3 8 13 3
8 7 7 7 1 3 12 12 6 0 10 5 10 4 12
3 13 12 8 8 5 12 8 13 6 15 12 7 2 2
5 7 2 0 3 3 7 1 4 11 6 8 1 1 11
5 4 6 1 13 0 1 4 2 2 4 4 8 6 1
4 1 1 0 3 3 2 5 3 1 0 7 1 2 3
14 7 15 5 8 1 2 13 9 3 5 10 11 3 5
1 1 6 13 7 6 5 8 25 6 1 3 15 1 13
10 23 2 2 3 7 2 9 0 10 9 14 8 10 10
7 4 4 4 6 2 2 4 0 1 4 3 2 1 2
10 6 4 8 1 6 2 0 9 8 2 14 11 12 4
9 11 5 0 16 8 13 9 3 13 4 7 10 1 17
1 3 0 1 6 3 6 2 0 8 5 8 5 3 3
2 6 1 5 3 0 3 2 7 9 1 4 6 2 6
3 1 13 19 1 0 20 15 4 3 8 5 6 6 7
14 8 4 2 10 7 6 5 1 4 7 6 6 6 3
8 7 2 4 8 4 13 9 11 10 5 13 11 1 9
7 13 8 5 2 1 6 4 4 2 10 6 4 18 6
1 2 4 2 5 2 3 2 6 3 4 1 1 3 4
2 3 6 5 8 3 6 3 2 4 2 8 3 0 1
7 11 1 7 12 7 9 4 6 4 16 5 12 7 6
1 11 2 9 4 4 9 3 8 2 8 3 7 8 1
6 6 3 9 8 9 10 4 4 17 10 7 5 1 0
10 4 4 4 3 10 14 13 13 0 3 6 5 20 1
8 16 4 6 4 10 6 7 2 3 4 12 0 10 11
9 3 17 2 2 8 1 11 8 15 11 2 2 1 3
14 0 6 1 0 17 2 3 7 7 6 9 4 5 11
3 2 3 0 0 0 5 4 7 2 1 3 3 5 3
6 3 2 2 3 7 4 0 8 6 2 5 8 5 2
0 8 4 6 2 5 1 1 1 5 3 4 4 4 3
11 1 13 4 8 0 1 12 6 7 10 5 3 7 5
2 10 3 11 1 1 4 11 2 3 4 3 3 3 16
9 2 0 2 5 1 1 4 4 20 1 9 0 18 4
4 6 7 3 8 5 7 5 5 5 2 5 7 4 2
5 6 1 3 5 1 1 5 1 1 12 8 2 10 1
15 17 4 0 16 9 3 7 11 5 11 5 1 5 6
1 12 2 8 4 17 3 18 7 11 0 4 19 9 2
9 6 2 4 3 0 2 2 2 11 10 10 3 5 3
2 0 2 3 3 0 1 4 5 3 4 1 6 2 0
1 6 7 8 4 4 4 8 2 11 5 14 1 4 6
2 5 5 1 1 5 6 5 0 6 14 5 14 8 10
6 5 6 1 2 2 2 3 1 7 2 0 5 4 5
8 2 7 9 8 1 5 3 1 5 4 7 2 2 2
4 7 6 8 3 9 4 13 11 5 2 1 2 3 3
6 7 5 1 8 1 11 11 2 3 2 17 11 3 2
12 6 3 19 2 3 7 2 3 6 2 8 4 3 1
1 9 5 7 6 3 7 2 7 2 7 1 5 5 12
7 3 2 2 2 8 3 3 2 1 5 4 5 7 1
10 5 18 11 2 24 6 4 1 9 7 10 6 8 3
14 0 9 5 0 5 4 11 2 1 3 2 4 5 2
3 3 22 8 10 1 15 3 1 11 3 7 8 20 0
3 5 3 4 1 1 2 2 3 1 1 5 4 3 7
6 4 4 5 7 8 9 7 11 9 6 7 11 2 0
1 5 1 2 8 9 1 11 0 5 5 9 7 1 4
2 1 4 3 0 1 6 1 1 5 4 7 1 2 1
15 6 1 10 7 2 3 4 1 3 10 0 18 4 12
4 9 2 12 4 9 13 9 6 18 2 3 18 10 1
1 4 0 7 0 0 3 0 2 1 2 1 5 1 3
5 3 3 8 2 6 2 10 6 7 10 0 0 1 2
3 0 2 3 3 8 0 4 3 1 7 2 1 4 2
2 0 2 1 6 4 5 1 1 1 6 3 2 3 2
2 6 1 2 3 3 8 1 3 8 2 5 1 2 2
8 5 2 2 15 6 1 5 11 3 4 3 5 2 6
4 1 4 3 0 5 4 6 2 2 8 13 4 6 5
2 5 1 4 7 1 6 8 6 0 3 1 6 6 10
4 3 3 1 1 1 0 2 0 3 1 3 5 4 3
14 7 3 5 1 8 6 1 7 0 8 7 6 0 4
1 3 1 5 1 3 0 3 1 3 4 3 2 1 10
12 12 3 5 5 4 2 9 9 7 1 5 11 10 1
7 6 0 8 14 6 3 1 16 2 6 2 11 9 8
5 4 21 10 1 3 1 9 7 11 2 14 4 1 11
18 8 7 5 13 2 13 17 3 3 11 1 13 2 2
1 4 7 10 0 7 1 2 4 1 7 8 2 10 10
3 8 2 0 3 3 1 1 2 5 1 6 3 2 1
4 18 4 17 5 11 6 0 3 6 3 8 6 15 3
14 6 9 6 2 2 5 3 10 6 7 12 9 19 17
11 17 14 1 1 5 6 3 5 9 1 2 3 4 2
1 6 3 3 9 6 0 0 5 7 8 11 5 10 6
10 5 5 11 2 9 15 10 4 9 2 8 4 9 5
7 2 9 5 0 4 6 5 1 8 0 3 2 8 1
13 1 1 6 5 1 8 9 10 14 7 4 9 0 1
4 4 4 2 5 6 6 6 2 3 5 3 3 9 4
2 0 1 0 7 11 6 18 1 10 14 4 4 4 0
3 1 7 12 3 1 6 3 6 9 5 1 8 12 3
0 2 9 3 3 15 1 10 4 4 0 5 1 4 6
3 1 4 4 0 7 9 4 2 10 2 12 16 5 1
9 8 1 9 3 7 7 9 4 8 10 4 0 9 0
3 2 3 13 3 1 5 6 9 7 6 5 5 2 9
2 13 5 9 4 5 0 11 11 10 13 14 4 16 6
4 1 2 0 5 1 1 1 2 1 6 3 3 4 1
8 2 5 2 4 7 5 7 4 8 5 1 2 7 3
0 5 3 6 1 7 5 0 1 5 2 4 8 0 0
1 0 1 8 2 1 3 1 6 2 2 3 8 2 6
1 3 4 2 6 3 1 0 4 2 0 1 2 6 2
2 3 0 7 4 1 4 9 4 6 3 4 5 1 0
1 1 3 6 6 4 4 4 9 7 6 4 7 1 2
11 4 26 10 5 2 3 9 7 2 0 10 11 4 7
3 5 4 4 3 2 2 7 2 0 3 1 3 3 3
2 7 6 1 4 4 2 6 4 2 5 1 10 6 6
8 4 16 4 14 9 6 3 10 8 10 2 10 12 18
9 7 3 2 3 4 2 1 1 5 4 2 4 2 1
0 5 2 3 2 5 2 1 2 3 1 0 2 1 10
10 7 1 14 2 15 2 7 12 12 5 9 5 4 13
8 6 2 0 3 12 8 3 20 0 8 2 2 11 17
3 17 1 10 7 2 9 5 2 3 7 12 3 4 7
16 20 5 10 3 8 5 0 4 2 0 7 0 10 6
3 0 3 3 1 2 4 4 3 6 4 3 4 1 1
8 6 2 4 5 1 0 2 2 3 1 2 6 1 2
4 3 9 5 2 11 9 2 2 13 5 0 15 5 10
13 1 7 12 10 11 1 0 4 0 0 15 3 20 12
1 4 1 3 2 1 4 0 8 8 14 8 1 22 1
3 15 5 4 0 0 0 6 3 2 11 3 10 1 14
11 3 6 9 1 3 6 1 6 5 6 3 2 4 3
7 6 2 8 2 12 29 7 3 1 2 11 3 9 9
2 6 12 11 7 4 2 0 14 1 6 1 4 11 1
3 9 2 12 1 5 10 1 2 6 12 14 4 1 4
8 2 1 1 5 3 2 2 5 4 3 5 7 4 21
3 8 3 2 0 4 0 1 2 4 2 6 2 2 3
4 14 7 1 4 6 1 3 10 2 7 7 15 2 13
7 0 6 11 7 1 7 3 7 1 0 3 4 2 6
20 8 3 19 5 1 19 0 9 5 4 13 2 5 4
1 2 0 2 3 3 3 4 5 4 0 1 0 0 2
25 3 2 8 8 5 7 2 2 0 20 0 12 6 1
8 7 12 4 7 13 0 2 8 2 11 0 1 11 3
17 21 11 16 6 10 4 9 0 4 5 11 1 7 1
2 6 2 1 0 10 2 0 2 1 1 3 1 6 0
8 18 15 4 8 6 10 13 11 5 1 4 14 3 7
2 1 12 11 7 7 2 8 11 7 13 2 0 2 5
3 2 6 9 5 11 11 8 7 5 7 20 2 12 6
16 5 6 14 16 16 5 2 10 5 15 1 3 4 8
0 1 1 1 2 1 1 1 4 4 3 3 1 3 6
4 5 6 2 10 9 1 0 7 8 16 10 1 7 8
3 1 4 1 9 3 0 4 6 0 2 2 3 3 1
5 2 4 9 8 4 4 5 20 1 5 13 2 12 2
1 4 1 4 2 2 1 0 3 4 3 7 5 4 3
6 3 6 10 8 11 1 8 4 6 26 9 2 16 2
5 5 1 4 4 3 1 10 7 10 11 2 5 1 7
2 3 3 3 4 5 2 3 2 0 3 13 4 10 2
4 4 4 0 8 3 0 5 17 4 5 5 3 6 11
4 0 9 7 3 4 6 1 2 7 6 0 2 2 2
2 6 2 4 3 1 1 19 13 3 10 15 16 10 4
3 12 10 4 3 3 1 5 2 0 0 7 8 2 6
1 4 2 1 1 3 2 0 1 6 6 10 5 6 10
4 1 2 1 1 3 2 1 2 2 2 7 6 4 1
2 0 2 6 1 0 7 5 5 6 1 2 4 10 13
2 1 3 3 5 2 5 2 0 3 1 1 3 0 4
8 8 10 2 1 9 0 7 6 2 9 3 0 2 4
1 3 9 3 9 6 2 6 5 2 10 3 1 6 5
2 9 4 12 4 2 4 1 11 8 3 4 3 9 0
4 4 3 1 1 2 1 4 4 0 3 3 1 4 3
1 5 4 2 1 4 0 1 4 2 1 0 2 6 2
1 12 3 1 4 0 4 2 2 7 7 5 12 13 0
2 2 2 1 1 6 1 2 4 0 5 1 2 5 2
10 8 1 6 4 4 1 14 1 11 1 8 8 2 14
11 10 0 5 14 8 4 7 21 1 10 4 2 0 12
4 1 19 3 7 10 7 2 13 0 7 21 9 8 12
5 3 12 0 4 4 5 5 4 4 3 2 2 2 6
6 3 0 4 0 3 2 7 0 6 0 5 7 1 4
6 11 10 3 0 5 4 14 8 6 12 9 10 9 0
6 14 2 5 2 7 13 5 14 2 3 6 5 11 1
5 2 2 11 10 0 2 5 2 9 1 11 10 1 0
0 2 9 1 7 2 2 7 1 0 3 4 3 4 10
1 26 5 7 5 1 1 2 10 5 7 3 7 0 10
16 6 4 12 2 5 5 12 9 8 10 7 3 10 3
6 15 4 3 5 18 8 8 1 6 14 3 8 3 0
5 3 14 9 1 0 0 10 1 7 6 8 2 11 6
1 15 1 9 2 4 10 0 5 6 2 10 15 4 5
5 7 1 11 3 5 9 4 2 11 4 8 4 8 6
5 0 1 3 1 4 6 1 1 2 2 0 0 0 6
0 3 6 3 2 1 1 2 7 1 7 9 3 4 10
0 2 8 4 6 2 9 11 10 9 1 2 2 7 6
1 13 4 4 1 15 5 8 4 4 9 5 15 13 1
3 1 1 10 2 1 2 5 3 2 1 3 1 6 3
7 2 2 5 14 2 14 2 5 7 1 2 4 7 6
1 2 5 0 4 5 6 7 2 8 6 1 5 4 5
12 2 6 5 17 5 1 1 14 2 6 3 6 0 10
5 4 2 6 6 6 16 2 9 0 5 6 8 2 0
1 1 1 2 5 2 5 4 1 3 3 0 0 1 1
0 0 1 7 2 3 9 1 4 2 4 7 2 2 0
4 13 3 10 3 4 4 10 2 12 2 9 13 7 17
2 14 2 5 2 6 7 10 0 2 3 15 0 0 2
8 4 8 10 0 2 1 7 4 5 9 3 9 2 2
18 9 4 10 3 4 9 2 5 3 6 15 9 14 9
10 2 2 15 8 15 9 15 19 11 1 2 3 2 3
4 1 4 6 3 2 0 2 2 3 5 0 0 4 5
1 10 0 1 4 3 8 0 5 7 5 4 0 11 5
9 2 17 14 3 4 8 2 14 6 14 11 4 14 1
6 10 6 18 5 8 9 9 6 17 4 11 1 1 12
0 1 5 2 5 1 3 3 5 3 1 5 5 4 6
5 1 18 5 1 9 5 7 4 18 0 13 0 12 6
3 1 3 4 7 7 2 2 2 4 4 2 2 1 0
9 10 8 1 5 5 5 17 5 2 10 2 15 9 6
5 2 2 0 6 2 1 1 2 4 4 0 8 2 6
0 6 3 1 1 4 0 0 6 6 11 4 1 1 1
4 4 4 3 5 1 2 6 2 8 3 6 5 3 1
4 4 2 3 1 5 7 10 7 5 2 5 6 9 3
2 7 0 3 6 2 4 6 5 3 6 6 0 2 7
5 8 5 4 0 2 2 1 2 3 6 5 8 1 1
0 3 2 4 2 1 2 3 0 3 3 3 2 3 6
28 9 8 2 4 5 5 2 2 12 0 18 7 8 2
3 2 14 6 3 17 0 5 2 10 12 12 9 7 7
6 7 4 4 2 2 4 0 9 0 13 1 2 3 3
1 8 4 13 11 9 2 13 8 4 6 12 7 8 1
6 1 3 1 6 7 8 18 1 1 3 6 4 1 14
10 16 19 6 1 4 12 0 1 4 5 18 6 12 3
2 1 4 1 4 10 7 1 5 1 4 11 11 14 10
2 3 8 3 0 3 2 7 4 5 2 3 6 2 3
2 0 1 2 1 7 1 8 5 0 0 5 1 4 2
4 1 5 2 3 6 1 3 1 1 3 6 0 0 8
5 5 4 5 1 0 1 2 6 5 3 6 1 1 7
17 14 1 1 12 6 14 10 1 3 16 0 2 14 3
7 16 4 2 7 2 3 3 11 0 1 6 8 1 3
2 0 4 2 4 12 5 5 3 6 10 7 1 8 2
4 8 3 2 0 1 2 1 7 7 10 10 12 0 16
5 8 0 1 6 3 6 3 3 5 10 4 12 6 6
5 4 3 0 4 4 0 0 3 5 1 7 7 2 4
2 0 4 6 5 7 2 5 12 1 9 8 8 9 0
7 5 7 8 5 6 2 9 7 2 0 5 4 1 1
9 6 1 3 2 10 2 13 7 0 6 6 13 17 15
3 1 17 5 9 2 14 14 4 1 5 8 11 3 8
0 8 3 1 9 1 1 0 6 2 5 1 0 6 2
5 1 4 2 2 4 2 1 3 2 1 2 3 2 0
8 7 13 15 5 14 16 6 9 3 1 9 9 4 0
0 9 9 24 5 2 16 9 3 4 5 7 8 8 12
2 9 7 13 3 1 0 2 2 8 1 27 6 1 8
1 3 2 3 9 1 1 3 0 2 2 0 1 2 1
0 4 4 5 10 3 7 1 7 1 11 0 1 4 8
8 12 3 8 3 13 0 3 11 9 11 1 5 8 13
0 12 6 1 3 9 1 9 4 2 10 3 15 3 5
0 2 5 6 1 2 3 3 2 0 2 4 4 3 3
10 7 2 2 0 6 12 1 2 2 8 1 10 2 4
1 5 11 9 0 2 6 1 8 3 10 2 4 3 9
5 7 17 7 2 13 5 8 14 7 4 3 11 7 15
1 1 10 0 1 5 8 0 1 2 12 4 2 3 5
3 15 4 1 11 10 16 6 2 13 10 3 10 11 5
9 1 4 1 5 6 4 4 6 2 7 4 3 10 1
9 1 3 2 7 2 11 10 9 1 13 8 12 2 3
8 7 5 7 7 12 3 13 6 4 3 10 5 5 3
7 13 2 15 7 4 7 10 1 9 8 1 3 9 10
5 3 1 16 2 3 1 1 11 11 6 14 5 6 5
11 0 13 2 3 0 12 6 9 15 18 1 7 8 1
8 1 1 5 12 3 5 2 5 1 5 4 3 5 6
10 5 4 7 5 3 2 1 1 12 7 5 7 8 5
9 6 1 5 1 5 4 10 10 4 2 3 2 4 7
1 3 1 3 4 1 3 2 2 6 0 0 2 3 0
11 2 1 12 9 4 18 12 13 5 7 10 4 14 6
4 0 4 1 2 12 3 5 1 9 0 6 4 2 13
10 2 9 6 0 15 0 1 14 12 4 5 13 8 18
6 9 9 6 5 2 3 4 2 4 4 3 5 11 2
2 0 2 3 3 1 2 6 3 2 4 7 6 1 0
2 4 9 6 6 15 4 2 3 10 6 13 2 0 11
4 0 1 5 4 1 1 1 1 3 0 2 3 2 9
24 1 5 12 1 7 13 5 8 1 5 2 6 0 7
12 3 6 7 12 4 4 7 0 4 5 1 4 3 4
6 8 8 7 3 9 8 5 1 6 4 3 6 2 5
4 5 7 3 6 3 3 1 3 3 1 5 3 6 2
2 9 2 4 4 12 7 1 5 6 4 1 4 6 7
6 1 8 0 9 5 0 13 6 2 3 3 4 9 4
4 11 6 9 12 3 15 0 9 10 3 5 1 4 12
9 9 3 0 7 10 20 12 4 8 2 3 4 5 1
2 0 8 3 4 1 7 1 1 7 4 4 2 1 2
3 2 2 2 8 0 7 5 1 5 1 6 5 2 1
6 5 3 3 4 4 1 11 13 4 3 3 6 7 2
2 0 3 5 10 3 6 3 7 0 9 4 4 6 0
8 8 1 6 2 4 7 7 1 0 5 1 4 4 6
0 6 1 5 6 8 2 2 7 11 4 0 1 0 1
6 3 4 3 5 18 12 1 1 14 0 8 1 8 20
6 6 2 9 4 3 7 9 1 10 1 12 0 7 7
5 9 0 3 5 9 8 2 3 4 6 6 3 4 5
4 1 2 1 2 4 3 3 8 6 6 1 1 6 0
12 8 4 7 6 16 3 7 8 15 17 7 3 4 10
7 23 5 1 11 13 3 4 8 10 10 6 16 5 9
12 2 9 0 21 0 5 10 2 18 0 1 12 3 9
8 10 6 4 9 1 4 1 1 3 14 19 3 2 9
3 2 1 1 1 4 2 1 1 2 5 6 1 3 8
1 2 3 2 12 8 16 14 11 7 5 10 5 4 3
5 6 7 1 2 13 0 2 6 6 11 2 4 6 6
2 10 3 4 3 3 1 15 9 4 3 2 9 2 6
5 3 7 6 18 10 3 11 1 5 1 1 2 5 10
2 17 6 6 10 5 13 6 5 5 0 5 2 4 17
8 6 17 7 2 7 24 16 6 6 3 12 2 6 2
1 4 2 11 6 15 6 6 10 10 16 1 1 1 3
2 2 5 12 8 19 5 5 9 5 5 11 2 17 10
5 6 5 4 7 0 0 1 5 9 5 8 2 1 2
2 1 8 5 8 9 12 5 12 15 3 3 0 4 3
4 0 3 3 1 6 8 7 7 3 4 3 9 2 1
21 2 0 1 7 4 6 1 8 6 5 6 6 7 10
3 1 4 3 2 5 7 10 1 6 5 6 0 13 0
0 8 11 6 2 2 7 0 3 11 3 0 3 10 4
5 4 9 2 5 5 7 4 6 6 12 4 10 6 6
5 26 8 2 5 1 17 8 3 1 7 6 5 4 9
0 1 3 1 8 1 9 0 3 2 2 1 2 12 2
2 10 0 5 4 2 6 1 8 5 3 5 6 8 8
6 2 1 2 2 1 5 0 2 3 0 1 4 2 1
12 6 1 14 5 10 9 6 5 4 4 11 14 20 5
3 0 2 6 4 3 1 3 1 5 8 1 1 6 6
2 3 0 2 4 4 3 5 1 0 1 1 0 6 0
5 1 6 2 2 3 3 13 2 4 1 2 1 7 6
4 8 5 3 5 15 22 8 8 7 5 14 15 6 4
14 4 19 6 8 11 17 0 1 2 2 4 7 12 16
12 13 3 4 21 14 3 3 9 14 3 5 1 11 2
1 3 0 6 0 5 12 2 2 9 0 3 3 7 6
16 8 10 1 7 13 1 3 2 4 5 17 1 1 1
4 1 1 5 1 1 2 1 6 4 0 1 0 1 3
1 1 6 3 3 1 5 1 2 2 4 0 0 4 1
1 5 20 2 10 5 6 4 7 2 10 10 4 2 1
5 2 1 0 3 3 0 3 1 1 0 3 3 6 5
2 1 5 1 1 1 4 0 5 5 7 11 7 4 5
1 1 4 1 1 3 1 2 7 5 2 1 5 1 1
7 4 0 0 2 7 4 0 4 5 5 8 0 4 4
3 2 13 1 10 9 3 7 1 12 6 6 4 5 13
4 1 1 8 4 2 2 5 12 12 9 0 5 2 4
1 8 5 3 1 3 7 3 7 5 5 2 2 5 5
12 11 13 7 10 5 8 8 3 6 1 8 1 4 6
1 1 14 3 6 9 3 2 16 9 2 4 1 8 6
0 14 6 9 8 12 2 0 4 22 15 2 1 7 11
8 9 4 6 7 10 0 4 6 8 1 5 1 4 1
5 4 4 3 1 9 4 2 1 4 2 6 1 2 7
13 6 2 3 13 0 17 17 11 2 4 7 2 2 3
3 3 7 0 1 5 4 4 1 0 2 0 0 5 4
0 3 3 0 3 1 4 3 1 0 1 5 1 1 5
10 6 2 4 13 4 1 10 3 15 0 1 3 2 10
3 3 3 3 4 3 3 6 2 0 6 0 2 3 5
1 1 1 4 2 0 5 1 2 1 1 5 4 1 2
1 24 4 8 15 3 3 3 10 5 2 4 3 2 5
2 20 4 9 12 2 4 14 2 4 7 3 14 5 9
1 10 9 0 13 1 1 8 4 2 4 15 1 8 2
8 17 16 1 4 0 1 2 10 14 0 6 2 7 3
3 1 1 5 3 1 4 1 0 10 0 4 1 3 4
10 7 3 11 9 8 7 8 6 11 8 5 9 10 4
4 9 6 7 2 5 0 15 10 4 3 12 4 5 5
1 6 3 2 7 7 3 3 6 1 2 4 2 11 2
3 2 4 6 10 10 3 13 10 1 1 11 11 5 10
13 8 6 1 7 8 8 8 18 15 2 6 20 1 8
3 1 4 1 5 3 2 2 4 8 3 4 3 5 0
4 1 13 6 9 14 6 9 13 4 9 12 8 20 2
0 3 8 0 9 0 2 2 8 6 19 11 12 4 4
2 4 12 9 1 5 1 1 5 8 9 6 1 8 10
7 7 17 9 7 7 3 8 2 10 10 5 12 2 4
2 1 18 3 14 2 3 17 7 10 9 3 9 6 4
22 6 4 1 0 3 2 5 1 6 15 0 1 10 8
8 4 8 6 7 3 5 5 6 1 6 5 1 6 6
8 9 5 4 0 1 3 9 2 1 2 1 1 1 2
19 2 5 10 20 12 10 9 1 14 0 8 2 5 1
2 6 5 9 4 1 2 1 6 6 8 2 10 4 3
10 12 4 7 6 13 19 4 3 5 9 3 17 11 10
1 12 6 1 1 5 11 0 1 3 0 7 7 1 2
3 5 0 5 0 2 3 5 1 1 4 3 4 0 1
6 4 6 5 2 1 2 3 0 4 7 2 2 1 2
8 3 5 0 4 8 2 7 6 6 5 7 17 10 5
5 9 4 3 7 11 11 2 2 5 11 2 3 1 2
2 10 7 3 12 12 5 4 0 7 4 11 6 6 1
4 5 2 0 10 9 5 6 1 5 2 9 2 3 4
8 3 1 8 3 3 2 10 10 6 7 3 7 24 3
4 2 2 10 15 4 6 22 3 7 7 6 3 8 19
9 4 3 5 1 2 1 5 6 7 5 5 3 0 1
1 0 1 3 2 2 4 5 3 10 2 2 0 0 2
2 8 6 0 7 7 6 11 5 4 2 6 3 12 14
5 5 0 3 4 3 3 5 2 6 9 6 4 0 4
5 4 11 1 3 1 2 5 6 1 2 2 1 2 2
11 10 8 9 0 5 10 4 7 0 1 10 9 7 22
10 6 1 1 5 3 7 6 6 1 4 4 1 7 2
3 12 8 10 14 12 3 3 7 5 4 2 4 8 10
0 4 1 5 4 2 9 0 5 4 1 1 6 3 2
6 2 2 0 5 10 1 16 5 1 2 3 3 11 7
1 2 5 4 11 18 0 4 8 11 5 7 4 10 3
2 8 11 3 1 12 6 7 6 12 4 6 4 9 1
2 0 1 4 1 3 5 4 6 3 0 1 3 3 2
7 3 6 10 2 3 18 11 4 4 2 5 8 7 10
5 4 7 5 2 5 9 3 5 6 7 3 4 6 3
3 0 2 3 1 5 3 2 2 2 2 3 1 5 0
10 2 3 0 6 5 7 12 9 4 2 6 8 4 10
10 10 3 3 4 5 9 3 2 4 3 2 17 2 10
9 8 4 13 0 4 3 7 9 0 5 3 7 0 5
13 0 8 5 5 4 11 2 6 1 13 12 2 11 5
20 3 14 6 6 4 6 4 4 21 11 8 2 6 3
16 1 1 0 4 3 7 2 4 21 9 3 7 3 3
5 3 12 0 4 3 2 8 1 0 3 1 4 3 4
2 3 5 12 8 5 1 1 3 3 7 1 7 7 5
1 9 0 1 1 1 2 1 4 1 0 1 7 1 4
3 2 16 10 6 2 5 0 7 6 1 11 9 8 1
0 1 2 1 8 6 7 1 1 1 3 0 6 4 4
3 7 9 9 2 12 7 7 1 11 7 10 14 10 8
4 4 6 0 2 5 1 2 1 7 4 1 1 7 0
0 9 6 7 7 1 13 8 1 0 2 11 5 3 0
3 8 4 2 1 13 27 2 6 6 8 0 9 5 5
3 1 12 13 7 11 3 13 4 22 7 7 14 6 3
8 1 3 2 5 7 6 4 3 9 4 6 4 6 2
4 3 2 0 5 5 2 7 1 1 5 7 2 0 2
5 1 11 5 4 2 11 3 9 6 2 1 0 1 12
3 3 0 10 2 6 3 4 2 4 2 4 2 1 2
3 4 8 6 0 0 3 10 1 2 6 5 16 5 9
1 5 4 3 4 8 9 2 0 2 7 8 5 2 5
5 5 2 3 5 2 9 5 0 4 4 1 4 2 3
3 10 9 7 14 2 0 1 4 4 3 7 4 6 1
1 6 3 1 5 1 1 1 6 4 0 3 0 3 2
7 7 3 4 2 1 2 1 0 0 4 0 8 1 1
3 11 2 5 1 2 2 3 11 3 2 1 4 3 3
9 2 1 0 1 1 5 4 2 0 2 0 2 4 3
4 13 2 9 12 15 7 8 1 9 5 10 3 4 10
3 11 2 8 2 10 2 4 6 6 4 9 1 1 2
3 8 2 10 2 3 4 8 9 9 10 6 12 7 0
3 1 1 2 4 3 9 3 2 6 1 3 3 1 0
2 1 1 4 9 4 2 10 2 11 2 3 1 15 2
9 2 0 5 1 7 5 0 3 10 6 1 6 3 7
5 5 3 5 7 4 9 2 2 7 1 10 6 6 3
9 3 5 1 1 3 1 4 14 6 2 7 3 5 6
4 5 2 2 5 23 14 7 2 2 6 2 7 10 5
6 4 4 8 1 9 1 1 12 9 5 18 6 8 7
1 3 1 5 1 5 1 10 3 1 4 6 2 6 2
6 3 1 2 4 1 5 5 0 5 2 7 3 1 4
2 15 0 2 1 7 16 9 11 3 5 2 9 14 4
8 1 2 4 9 2 13 1 7 8 1 1 7 1 8
12 3 10 2 15 2 8 2 8 14 5 10 4 11 1
15 4 13 6 2 1 7 3 0 7 4 6 12 2 4
5 4 2 7 1 2 1 3 4 4 3 1 3 3 4
1 0 10 2 7 2 12 12 13 2 2 4 10 3 1
0 3 0 6 6 6 3 3 7 4 0 2 4 10 1
14 2 3 11 1 0 1 1 3 2 8 1 13 2 10
3 3 13 1 13 16 1 2 8 7 7 3 9 9 4
6 5 5 13 3 6 3 13 5 6 3 8 30 8 1
2 1 6 3 2 2 4 4 1 5 4 1 1 1 3
6 7 8 4 9 8 6 1 14 10 3 22 8 6 5
12 0 3 6 1 10 3 2 9 8 18 22 6 4 5
1 19 10 6 7 6 12 4 3 5 3 6 1 7 2
8 5 2 0 6 0 0 3 2 2 1 3 6 4 2
4 5 11 2 4 9 8 25 5 12 9 1 5 3 14
16 9 2 9 19 6 0 5 2 5 3 2 11 20 5
3 2 3 8 1 3 2 2 3 3 3 1 0 5 3
0 0 2 3 3 1 3 1 4 0 7 2 2 3 4
5 7 1 7 14 9 5 3 1 14 20 12 4 4 5
9 7 6 5 1 6 17 2 7 1 1 4 2 5 0
4 0 1 1 0 0 2 3 2 6 0 2 6 2 4
2 0 2 5 1 6 5 5 4 1 0 1 5 4 5
2 0 1 1 3 6 0 2 1 8 1 2 4 3 0
5 15 3 13 7 3 4 9 19 4 6 3 11 5 6
2 8 3 7 2 4 9 7 12 2 2 2 13 3 11
10 5 2 2 1 1 5 8 6 2 10 6 0 5 13
7 6 4 10 13 17 6 0 3 3 8 1 3 6 3
4 6 13 5 1 3 3 9 1 8 6 10 6 5 7
10 17 16 13 2 9 8 3 9 4 15 5 1 3 4
1 4 5 0 2 6 0 1 0 5 3 1 3 0 5
16 10 1 7 5 4 3 1 18 11 2 4 23 8 6
6 6 9 1 13 2 9 4 8 4 10 4 3 2 3
19 2 9 3 15 5 2 12 17 4 5 11 11 3 2
18 7 9 4 0 3 18 1 2 12 12 4 11 2 14
3 6 4 8 7 5 5 0 11 7 20 11 21 6 0
9 1 6 4 10 2 6 7 8 18 10 6 7 1 11
14 5 17 1 17 1 6 2 6 1 10 2 10 9 11
6 19 6 1 8 21 0 4 6 2 7 0 14 0 2
8 0 11 12 3 5 12 2 7 14 13 1 2 6 7
1 1 4 4 1 1 4 3 1 2 2 2 5 2 3
3 2 2 2 3 6 4 3 2 0 5 1 6 3 2
2 5 3 6 1 8 3 0 0 0 0 2 8 3 1
3 0 5 0 10 6 4 12 2 12 0 8 0 6 1
8 11 2 4 3 2 3 4 2 1 3 1 5 8 5
1 3 2 4 1 1 5 7 3 2 1 3 1 11 2
4 3 0 2 4 6 4 6 3 1 17 5 8 3 1
15 7 14 2 5 5 6 9 4 10 15 16 2 8 7
0 6 3 2 2 2 2 3 7 2 5 7 6 6 0
3 3 2 4 10 4 20 15 6 6 0 23 6 9 8
3 8 0 0 1 1 3 7 2 3 0 2 0 12 2
1 3 3 11 14 10 10 2 1 2 6 6 6 1 3
6 7 1 7 9 6 6 12 6 11 5 6 5 3 11
4 5 5 10 2 3 9 18 9 4 1 5 2 6 6
4 5 2 3 0 1 4 0 5 1 5 2 1 2 2
1 3 0 5 5 2 7 0 0 1 5 1 3 3 3
9 0 3 6 8 1 1 6 2 4 0 5 2 4 7
2 4 3 12 6 13 1 4 10 12 4 2 1 2 4
4 0 2 1 2 5 2 1 4 2 4 5 1 0 8
3 3 2 2 4 3 1 2 1 7 4 2 0 3 1
3 8 2 10 6 4 7 10 5 1 11 3 6 3 0
4 1 8 0 18 3 10 12 13 2 10 2 3 2 4
0 3 3 7 2 12 3 7 4 2 12 2 4 11 9
1 1 7 8 3 1 1 3 3 2 5 2 7 4 0
5 4 4 1 2 3 2 3 3 1 3 6 4 4 7
6 5 11 7 13 4 4 8 23 0 7 3 14 12 10
6 3 7 2 0 1 6 3 7 6 3 5 2 6 0
2 7 7 8 4 8 3 19 8 9 12 13 1 11 6
3 12 1 8 8 11 11 0 3 8 1 3 3 0 7
1 3 10 4 6 4 2 9 4 6 12 7 0 7 7
8 8 1 4 1 0 3 1 6 5 4 1 4 1 3
2 1 8 4 0 1 0 2 4 5 8 3 0 12 0
6 1 2 14 7 2 7 1 9 7 3 0 1 1 3
9 4 10 2 3 8 3 11 8 17 7 1 3 6 3
3 3 0 2 4 0 4 1 7 6 6 5 1 1 7
2 3 0 6 1 10 2 4 1 8 0 1 5 8 1
2 12 5 4 17 10 18 4 5 6 1 6 15 15 0
6 12 5 3 8 7 6 10 11 1 1 9 3 8 1
3 3 4 4 4 5 6 3 0 2 2 1 7 0 10
4 5 4 6 1 6 0 3 6 0 1 1 2 4 3
10 3 8 3 12 2 0 11 9 9 4 10 10 6 7
12 4 18 19 4 10 5 7 2 2 1 17 12 2 4
10 5 4 23 1 6 1 14 2 3 6 5 3 4 2
3 1 9 2 11 15 4 7 11 11 1 5 5 2 3
6 2 6 9 1 7 11 3 8 14 4 0 1 3 6
5 2 1 10 8 2 4 2 2 11 7 2 2 3 3
7 14 2 7 2 9 17 11 17 6 14 6 4 2 15
2 5 3 4 6 4 11 5 2 3 1 12 4 3 1
16 11 3 13 7 8 6 0 7 5 17 9 4 10 6
15 12 13 7 2 12 11 0 0 5 1 5 10 5 5
5 9 0 5 12 5 9 4 1 9 0 1 1 4 3
3 10 18 13 6 1 6 3 10 2 4 4 9 11 15
2 4 3 4 2 2 0 1 4 6 2 3 6 2 2
17 0 8 0 0 6 5 9 17 5 11 0 1 15 5
5 7 3 1 1 10 4 7 5 7 3 6 4 2 2
11 3 8 6 14 4 6 1 0 9 9 4 3 13 8
12 6 12 2 6 8 9 16 4 3 0 1 1 8 10
3 9 36 2 3 4 5 4 1 2 7 6 5 1 2
2 2 4 2 3 0 8 1 3 5 1 7 4 3 7
1 8 2 2 4 12 4 17 9 14 0 2 14 11 8
6 5 8 2 13 8 8 2 1 6 6 4 10 8 5
3 5 12 6 17 4 2 4 16 6 8 8 12 8 5
3 9 7 3 5 11 6 3 2 1 7 2 3 8 0
2 1 3 11 10 6 8 4 2 2 4 11 2 3 10
2 5 2 9 1 8 0 5 6 3 1 10 15 8 8
16 4 8 13 2 6 9 15 15 3 9 9 5 2 15
0 2 7 0 2 3 1 2 1 2 3 1 0 0 6
5 2 4 3 4 1 3 1 2 1 0 6 5 0 1
3 5 10 4 0 4 3 5 1 1 9 3 0 3 7
2 21 12 9 10 6 7 1 13 2 8 4 3 3 13
13 1 0 7 7 4 17 3 6 3 9 0 13 2 2
3 4 7 4 5 8 3 2 4 6 3 7 4 2 3
4 1 4 2 2 2 0 8 4 0 0 2 7 0 4
5 12 13 2 14 4 4 13 21 1 5 7 11 6 6
1 3 3 1 0 1 5 2 1 3 5 2 2 2 3
4 8 7 7 2 14 3 1 11 8 15 1 1 14 9
3 1 2 5 0 1 2 4 0 2 1 5 7 8 4
8 9 1 8 9 4 18 14 1 9 10 4 6 12 11
5 4 1 1 3 8 12 4 6 2 11 1 7 5 8
6 4 12 0 4 2 8 3 7 0 0 1 6 5 2
14 6 2 5 4 14 5 4 1 1 7 12 7 16 10
4 14 8 4 4 5 1 1 7 13 5 3 4 1 0
11 1 3 4 1 3 5 16 12 11 3 2 4 14 16
4 5 1 5 2 6 3 5 4 4 9 1 9 1 1
5 11 3 13 1 5 2 5 0 5 0 6 5 5 8
3 3 9 1 0 13 1 4 2 10 4 13 9 6 8
4 1 3 1 2 5 0 1 2 3 6 1 2 1 2
5 1 1 3 7 9 2 1 2 4 3 4 8 7 11
3 0 1 5 4 6 5 1 6 2 0 3 3 4 1
5 2 13 3 4 4 2 7 4 11 1 5 3 3 1
3 4 5 1 8 3 0 6 3 1 5 0 2 2 4
1 3 2 12 1 13 1 19 11 8 0 7 4 3 0
12 7 4 7 6 11 3 7 3 6 2 0 5 7 12
1 1 7 1 7 7 3 2 2 0 5 2 2 3 14
3 1 9 3 3 5 6 3 9 3 5 4 1 4 7
6 4 3 10 11 7 3 3 2 2 5 4 1 5 1
6 6 1 1 5 2 6 5 12 13 1 4 1 1 6
3 7 3 4 4 6 10 7 3 3 2 4 5 6 5
1 16 5 9 5 1 20 2 4 4 14 15 3 10 1
12 6 8 0 5 8 6 2 4 7 19 19 16 1 1
9 9 7 6 0 0 4 15 1 0 4 6 4 2 2
5 1 11 3 4 7 0 13 1 4 6 7 2 5 3
1 4 0 3 3 1 0 4 8 4 1 0 2 2 0
7 9 16 2 3 8 19 7 5 14 16 13 8 1 4
1 0 4 0 2 1 1 5 5 2 3 2 6 4 1
7 9 8 7 2 0 1 16 19 18 2 9 8 2 8
5 2 2 7 7 8 4 1 1 2 12 3 2 1 7
7 5 1 13 10 2 7 8 3 15 10 7 3 19 7
4 16 7 5 1 10 1 0 8 17 0 13 6 3 3
7 3 3 0 17 1 5 8 12 11 1 3 2 2 8
12 1 20 4 2 3 5 6 8 6 13 10 3 12 5
5 4 0 2 8 4 5 0 0 5 4 6 3 3 5
4 10 8 3 3 7 4 16 12 6 4 6 3 7 3
6 3 1 1 3 4 1 1 8 3 1 7 2 6 8
5 2 0 8 10 6 0 3 5 3 11 1 3 1 4
4 1 9 6 2 1 8 5 11 13 3 7 9 3 3
4 0 2 2 7 2 18 9 3 4 7 5 4 15 19
9 7 7 1 18 8 7 5 9 0 5 12 9 9 10
2 17 5 3 18 16 7 1 2 5 3 6 1 8 4
3 14 9 0 5 4 12 13 4 6 7 15 3 12 2
7 8 11 3 7 16 4 7 5 6 6 5 16 10 6
0 5 6 8 12 2 6 18 6 2 15 7 1 3 11
2 4 1 2 1 2 1 8 1 4 3 1 1 3 4
2 6 6 7 4 4 2 9 4 6 5 12 1 5 2
5 6 5 0 12 3 0 13 6 3 6 1 1 12 5
4 3 0 0 2 9 7 5 3 0 4 3 0 11 7
4 5 3 1 4 9 2 1 6 4 3 1 7 5 5
2 3 2 1 3 0 4 3 1 5 4 1 9 1 7
3 10 2 1 0 2 8 4 4 2 10 2 2 4 2
2 3 10 1 5 2 4 6 6 8 5 4 4 1 1
23 1 3 2 4 8 4 3 2 8 8 3 5 15 4
4 3 2 21 12 2 4 10 1 4 2 3 9 2 16
8 11 9 2 10 6 0 6 9 1 5 8 1 0 4
3 6 1 11 4 5 14 2 1 14 13 3 6 10 1
1 1 20 15 1 1 1 2 6 10 4 10 5 7 6
3 8 3 15 1 0 8 2 10 3 11 3 18 6 1
4 0 0 7 3 6 3 1 2 13 8 6 2 3 3
5 7 7 4 2 1 2 10 4 4 7 13 5 13 15
1 2 7 2 4 5 5 5 1 2 1 2 0 5 4
6 1 3 1 6 1 2 4 0 5 2 1 7 2 1
18 15 2 15 3 17 1 0 4 7 2 13 9 0 13
10 13 7 3 8 11 0 10 0 2 3 2 4 5 8
2 1 0 11 9 7 15 7 7 0 16 11 10 3 7
8 2 6 2 0 2 2 3 2 1 1 1 3 2 5
1 4 1 8 5 3 4 7 7 2 2 6 4 5 8
2 11 4 9 7 7 3 8 6 8 12 5 3 0 7
3 1 5 10 18 11 2 7 8 3 7 2 4 6 1
3 3 5 16 8 15 0 2 1 2 1 6 2 1 1
2 6 11 3 11 6 6 2 8 6 1 10 12 4 9
5 10 9 6 16 12 13 18 0 3 5 8 2 9 8
1 2 3 17 8 15 17 14 10 1 2 7 7 5 14
2 3 5 4 12 0 4 8 3 11 12 6 1 18 1
4 2 11 1 8 7 4 3 3 8 3 9 6 3 4
7 9 3 8 9 1 6 11 1 2 18 8 7 1 9
9 6 2 2 17 9 6 4 1 1 1 26 14 9 4
4 3 6 6 6 0 1 8 2 5 4 8 5 9 1
5 17 2 5 9 7 12 0 4 12 2 13 5 17 12
3 0 6 0 0 0 1 4 6 5 4 1 4 7 7
5 0 12 10 2 1 10 9 6 2 3 1 17 7 3
20 2 8 3 12 9 4 2 7 11 1 13 5 11 13
1 9 7 6 3 5 11 4 12 10 2 14 13 9 4
8 2 4 5 15 7 3 1 7 7 2 1 5 3 7
13 7 2 2 1 23 3 14 16 6 3 2 11 5 12
0 0 10 4 2 3 3 4 0 6 1 5 0 3 3
9 22 6 2 11 14 3 0 20 2 7 2 3 10 1
0 10 0 0 2 3 4 1 0 3 10 1 4 4 7
2 1 1 3 2 3 4 0 3 4 0 7 1 6 1
4 7 3 7 3 12 4 12 3 6 21 1 4 3 1
4 2 1 1 2 0 6 6 1 4 2 3 1 5 1
12 3 3 3 5 11 0 8 0 6 4 7 7 5 5
0 12 0 10 3 4 3 3 2 9 3 6 3 5 0
1 5 7 3 6 1 4 2 5 12 20 14 5 18 1
4 2 4 15 3 4 11 13 9 16 5 12 3 4 9
2 2 2 9 4 2 28 1 3 3 4 0 5 15 5
13 2 11 3 7 10 3 4 23 6 13 3 7 5 11
8 2 2 1 6 11 11 10 0 1 5 9 9 1 5
3 7 4 3 4 4 3 11 8 11 10 1 5 1 2
1 22 1 4 17 5 15 2 11 2 1 13 1 8 11
4 2 7 5 7 4 2 0 7 2 2 2 4 0 6
4 4 5 2 1 9 9 3 8 4 2 2 5 6 6
4 4 0 14 25 7 16 1 3 2 3 1 8 3 17
1 1 3 2 4 0 4 2 1 1 3 1 1 9 4
6 1 2 0 7 4 1 0 1 2 3 1 2 1 2
3 4 3 5 2 1 5 5 0 2 0 1 2 2 2
9 7 8 8 3 3 5 6 0 9 5 1 4 5 13
1 10 0 4 8 3 2 1 4 0 4 3 10 2 3
1 3 2 2 8 2 1 2 0 2 2 6 1 1 4
5 0 6 9 4 9 2 11 6 10 3 6 12 18 3
3 3 2 7 1 3 5 0 8 5 2 2 4 5 2
1 10 10 3 4 13 2 9 14 6 17 6 1 15 6
3 2 9 3 7 10 4 18 1 3 12 9 11 0 10
0 5 3 2 3 7 5 7 1 5 2 0 2 1 1
2 2 2 5 2 2 2 0 3 6 9 5 4 0 12
3 3 2 3 4 1 4 3 6 4 2 5 4 1 1
6 3 1 7 2 1 7 3 5 9 4 9 5 5 3
0 3 3 2 4 0 3 1 7 2 10 3 3 2 2
10 11 21 6 5 8 13 4 5 6 12 2 4 2 7
4 5 3 0 3 3 0 5 6 6 0 4 6 6 2
5 7 2 5 1 1 2 2 2 2 3 1 13 3 14
2 1 9 5 5 0 1 4 2 3 1 1 0 4 0
1 4 0 3 6 2 0 5 2 3 0 0 3 6 2
4 3 9 2 2 2 1 0 4 6 1 8 4 6 2
4 11 10 14 3 3 10 3 3 6 6 9 2 14 7
1 0 1 3 2 8 2 5 7 1 2 4 2 1 0
2 7 2 0 2 5 2 3 1 1 0 2 1 4 1
1 12 1 15 5 5 11 1 3 0 8 9 6 2 2
9 5 10 7 7 16 7 9 7 2 1 6 4 10 6
2 3 6 2 1 8 9 15 12 14 12 0 4 2 3
0 7 8 2 1 1 6 3 13 8 6 2 8 2 17
2 12 1 13 2 0 10 13 2 3 6 9 0 13 1
11 7 1 9 2 2 1 11 11 11 8 3 8 10 3
1 0 18 6 11 4 1 3 4 11 1 6 0 8 5
9 2 0 1 1 3 3 1 3 0 1 0 4 2 0
7 3 7 1 1 3 4 3 2 3 1 5 1 1 5
7 2 11 6 4 8 3 3 6 7 12 5 6 5 7
3 0 0 4 3 4 5 3 2 3 1 1 2 3 3
2 1 8 7 8 8 2 3 2 9 9 0 7 10 7
10 4 5 5 17 3 15 7 16 4 7 6 3 10 5
10 3 5 9 9 3 13 11 3 6 1 5 4 1 3
4 2 2 0 3 4 6 0 0 1 1 2 3 7 5
23 7 15 0 3 1 11 15 4 7 4 3 9 2 10
5 5 4 3 5 4 1 1 7 5 5 7 5 2 5
8 3 7 8 0 5 4 1 3 6 5 6 3 1 0
2 0 4 2 1 0 3 2 0 2 7 1 1 3 9
3 1 1 2 8 2 3 12 4 12 1 3 0 4 2
3 1 1 6 1 9 12 21 2 10 5 1 4 5 8
5 0 0 0 1 2 2 9 3 2 8 4 0 6 2
1 1 1 5 13 2 2 2 7 7 1 4 2 7 2
8 2 1 2 12 20 8 5 2 5 6 11 7 10 14
3 10 1 2 10 2 1 5 11 10 1 0 5 0 3
1 4 0 5 5 4 9 6 3 2 10 6 7 11 12
5 3 12 9 2 2 13 7 3 6 28 0 3 9 14
4 3 3 3 3 4 4 3 2 1 4 4 7 6 3
6 3 6 3 4 4 18 6 2 0 12 8 13 17 5
3 3 2 2 0 3 3 10 1 2 0 3 3 2 1
4 16 7 1 2 3 16 4 9 5 1 4 7 7 0
1 7 10 6 5 4 1 7 9 1 6 8 7 7 2
1 2 0 5 2 1 2 0 2 4 6 3 2 4 2
6 8 0 10 6 1 1 4 7 12 3 3 9 1 8
2 6 9 2 8 0 5 7 2 8 2 4 5 4 3
12 15 7 6 11 10 12 1 4 10 4 11 15 2 2
12 2 5 5 1 3 12 0 12 0 0 13 4 14 12
3 1 8 5 3 14 4 4 15 0 10 2 2 4 1
9 13 1 7 1 0 14 4 21 14 3 1 3 13 13
2 12 2 10 3 2 3 11 10 3 11 3 4 13 4
7 16 0 9 4 5 19 4 7 6 0 5 13 12 9
6 13 19 3 9 8 7 21 1 2 1 0 4 14 10
3 8 2 1 6 2 3 2 2 5 6 1 0 2 1
3 1 3 7 2 0 1 1 2 2 5 2 6 2 2
4 5 10 8 7 9 9 3 3 12 14 3 2 15 15
1 2 1 3 1 2 2 1 1 2 3 2 2 0 9
3 6 1 5 12 1 7 7 6 3 3 3 6 20 1
1 3 1 2 2 1 7 4 0 2 6 2 3 1 2
2 9 3 6 7 9 7 9 9 9 3 11 5 3 9
2 5 3 1 17 4 4 13 9 0 11 0 7 14 8
7 11 0 2 4 2 5 10 18 5 11 7 15 5 1
0 6 4 5 4 10 8 13 22 12 8 16 5 2 2
7 8 17 2 5 13 20 9 0 2 15 3 9 10 1
8 3 1 7 1 0 4 5 1 5 8 1 3 1 6
7 7 5 0 6 12 1 12 7 0 4 2 2 2 11
4 6 1 2 5 2 1 7 1 5 9 3 1 4 1
4 17 16 10 4 3 1 12 5 0 0 6 22 6 5
11 12 13 3 2 2 3 1 6 1 11 5 8 7 8
4 1 0 2 0 1 6 3 5 7 17 5 5 4 7
3 3 0 5 4 1 9 5 12 4 2 2 1 6 2
0 1 1 0 0 2 3 4 3 0 2 2 4 2 5
0 4 8 7 4 7 3 3 9 2 0 12 2 21 0
6 2 3 6 1 11 11 6 3 1 6 3 5 2 9
16 4 3 0 1 1 4 0 5 8 13 6 3 1 4
2 6 11 2 6 3 3 10 25 7 11 3 16 3 13
4 1 14 8 3 1 6 10 3 6 1 6 10 3 0
0 12 5 9 1 1 8 3 5 9 6 6 11 8 12
3 3 0 1 2 4 4 2 4 1 1 1 2 2 4
0 1 3 4 1 0 4 2 1 10 7 1 2 6 1
6 1 8 0 5 1 1 0 0 3 4 4 0 15 11
1 1 1 5 3 4 4 5 0 4 3 4 8 7 6
2 1 0 1 2 4 3 1 6 5 8 1 3 1 9
4 11 17 5 3 2 4 5 6 5 4 16 6 21 13
0 13 8 4 7 6 0 8 7 5 1 2 17 6 2
3 6 11 4 14 13 4 12 14 7 0 4 3 4 23
9 10 8 1 9 7 3 2 15 6 5 3 2 1 7
2 17 13 5 2 11 18 4 5 4 3 3 11 2 4
2 3 4 1 13 8 2 0 3 1 15 3 7 5 2
9 2 7 4 3 7 3 1 3 1 3 3 0 9 4
6 13 10 7 8 9 8 2 2 8 10 4 6 11 0
3 6 1 5 1 6 5 3 7 13 2 4 4 4 1
1 8 4 4 1 4 1 0 10 20 3 6 3 4 2
7 8 11 0 2 12 6 11 15 14 10 1 0 8 5
3 4 4 3 15 12 5 5 1 4 9 3 8 11 4
5 4 2 6 0 4 12 10 5 0 2 4 4 5 1
5 4 3 17 5 0 1 5 2 5 4 6 6 6 1
3 3 5 10 1 5 11 5 3 12 11 6 0 10 9
3 1 1 3 2 1 0 1 4 4 4 2 9 4 1
1 0 0 3 0 4 10 12 2 11 1 1 4 7 0
6 1 5 1 6 1 4 6 5 4 1 1 6 1 4
2 10 3 1 2 5 7 1 3 1 6 0 2 2 3
1 5 11 5 8 11 7 1 12 25 3 3 14 2 12
4 11 5 10 2 13 2 1 13 11 8 0 2 17 5
0 13 18 8 11 9 5 1 10 8 8 12 7 7 1
6 6 0 6 2 3 0 5 1 3 1 3 3 3 1
4 4 6 0 7 14 7 4 11 10 6 24 1 12 0
1 8 16 9 2 14 5 3 15 13 4 3 9 17 12
2 6 2 2 2 9 8 5 1 1 0 8 1 5 4
10 9 4 2 2 4 10 3 14 5 16 7 6 10 10
3 11 0 7 2 1 5 9 11 7 8 26 10 4 5
3 0 2 2 1 7 5 3 6 2 3 1 1 3 3
1 6 7 4 6 2 1 4 12 15 1 5 6 3 6
4 1 7 8 9 13 0 4 1 2 2 12 12 7 4
5 1 4 2 6 5 3 3 5 3 4 4 2 4 2
6 5 4 2 0 4 4 3 5 6 6 6 4 5 1
7 4 16 2 1 10 15 10 4 6 10 1 2 3 4
0 2 10 3 3 1 13 0 2 4 9 7 7 7 12
2 5 8 10 9 9 2 1 5 7 4 3 2 10 0
1 2 6 3 4 3 4 3 5 3 5 1 0 7 5
11 7 8 5 4 2 8 18 10 6 20 4 2 13 7
3 4 2 3 3 3 6 6 4 17 4 2 2 4 4
4 5 1 6 10 7 12 4 9 17 13 8 12 4 13
5 2 0 10 4 8 2 12 6 1 1 10 9 15 11
8 6 5 1 4 13 5 5 7 1 13 3 4 4 0
8 1 4 3 2 7 0 9 4 11 2 0 3 0 5
4 1 3 1 3 1 0 3 3 2 3 2 5 1 2
8 1 2 5 3 11 0 3 1 2 4 3 9 1 8
2 2 7 2 3 5 7 3 8 6 5 5 2 2 0
2 2 3 4 4 0 13 0 3 4 4 1 2 4 1
6 14 9 10 1 3 6 24 4 3 3 13 2 2 7
1 0 1 15 5 5 10 6 2 10 3 10 8 20 6
4 3 2 1 2 2 3 5 1 0 0 0 4 6 3
5 8 5 3 1 3 9 0 4 2 6 3 3 5 5
12 6 8 9 8 2 13 6 7 6 2 11 6 9 2
5 4 6 1 6 0 4 5 1 2 1 4 4 10 1
3 3 2 4 0 2 8 2 4 5 4 6 1 4 3
0 5 0 5 4 0 4 0 3 4 23 1 3 11 7
2 1 1 2 6 7 1 1 7 2 1 1 2 5 5
6 1 1 3 4 3 0 1 3 8 2 5 10 5 14
3 5 7 8 1 0 1 5 0 1 2 3 8 2 5
4 3 2 7 3 0 1 0 7 3 8 6 2 8 2
0 8 2 8 3 11 10 1 4 10 15 18 10 11 2
2 5 3 7 2 2 1 2 5 3 1 2 0 1 2
13 11 10 6 6 7 3 7 10 16 17 1 1 1 4
6 7 2 0 7 3 8 20 12 5 10 10 13 1 10
2 1 0 6 4 3 2 0 5 10 7 1 2 6 11
22 3 5 1 13 5 14 1 6 8 1 12 2 5 14
11 0 3 2 4 4 8 5 14 5 4 12 5 5 0
1 3 6 4 7 1 6 3 3 2 4 4 8 7 3
5 1 7 3 4 11 10 2 8 4 3 3 10 16 3
2 1 7 16 14 2 5 13 15 4 11 12 7 6 16
21 0 5 7 0 1 10 5 4 6 3 7 23 10 5
3 6 8 9 4 3 5 9 6 16 7 1 17 3 2
1 6 2 1 0 6 3 2 8 3 4 0 3 4 4
1 10 1 2 7 5 10 11 2 10 4 2 6 12 12
2 2 1 3 1 6 1 1 7 4 3 1 3 4 7
1 1 0 2 1 2 3 2 0 10 8 1 0 3 3
3 1 6 4 0 1 1 17 1 9 10 10 14 0 12
2 2 4 2 7 6 5 10 8 10 4 2 12 4 3
7 15 11 7 10 2 8 1 6 5 1 15 8 3 1
5 4 18 9 7 3 4 3 6 18 5 4 13 1 10
3 8 2 0 2 2 1 2 0 4 2 2 3 1 5
14 13 0 9 6 12 8 5 4 0 13 4 17 5 15
2 6 0 1 2 2 8 3 1 2 3 0 2 5 3
14 0 10 14 7 10 2 4 5 2 12 13 11 4 5
5 1 8 3 10 2 0 3 1 4 7 0 4 4 4
2 3 5 1 1 1 0 3 5 1 0 3 2 5 1
2 1 3 3 0 1 2 6 1 3 2 1 3 4 4
6 0 13 3 8 3 1 6 3 6 9 0 8 6 5
8 11 0 16 7 5 2 8 5 5 1 5 6 2 1
1 5 2 4 1 3 1 7 5 1 4 8 0 7 3
1 0 7 2 6 1 1 8 9 2 3 10 0 5 8
12 7 11 16 11 2 2 1 6 13 11 0 6 2 12
3 6 9 10 12 10 1 6 1 8 10 6 3 3 8
11 1 7 5 11 5 0 4 1 9 7 2 15 14 2
8 2 2 1 7 1 2 8 1 1 1 3 3 5 0
13 2 3 3 6 6 6 5 5 1 1 1 1 0 2
1 4 4 1 5 2 0 2 0 4 3 0 3 1 5
6 7 13 7 6 2 16 10 12 10 2 1 3 6 0
1 13 4 5 13 2 5 7 1 6 16 6 1 4 2
7 3 5 7 7 6 3 4 7 1 10 12 2 1 3
13 1 11 3 7 2 2 17 6 5 2 8 11 8 3
6 1 3 6 9 2 5 17 16 1 3 6 7 18 7
5 1 3 2 1 3 3 4 2 1 5 5 2 2 6
3 5 8 2 2 5 6 4 8 9 9 9 2 2 5
19 3 12 0 0 5 1 2 5 8 5 9 8 4 0
8 3 4 5 7 2 1 4 2 3 0 1 3 1 9
8 3 2 4 5 9 10 11 8 0 1 0 2 12 1
4 6 3 2 11 3 9 6 5 0 5 2 1 4 2
3 2 3 1 1 1 2 4 7 5 4 4 3 0 5
3 3 0 1 3 2 5 5 4 2 5 1 1 5 2
2 2 4 2 7 4 3 1 5 2 5 3 1 3 4
10 2 5 2 0 4 3 1 2 5 3 7 14 1 8
7 15 4 8 14 5 0 2 12 6 1 9 2 6 2
4 7 7 2 6 6 7 1 2 1 8 7 14 4 2
10 4 1 14 9 0 4 10 5 8 7 12 8 9 1
7 0 0 1 4 4 4 6 3 3 11 7 2 2 3
15 18 8 0 1 0 14 10 5 1 4 14 0 3 18
1 6 10 5 10 4 2 8 3 3 3 2 6 2 9
7 1 1 6 2 6 4 3 4 2 6 4 0 4 4
1 2 2 4 2 4 6 1 5 2 5 3 13 4 0
4 0 6 6 4 2 3 1 5 6 1 1 8 1 6
4 6 10 13 7 9 1 4 5 22 11 16 4 11 5
1 2 8 3 10 0 0 7 6 15 1 4 5 4 0
1 15 1 8 4 0 30 1 10 3 13 4 0 7 8
10 12 14 8 7 17 13 8 4 10 5 10 5 7 7
3 10 2 5 10 9 14 6 4 8 1 3 2 10 12
1 3 3 3 2 4 5 4 3 1 6 3 2 3 0
3 4 10 3 7 9 1 3 23 16 4 0 11 5 18
1 2 3 2 0 3 3 2 7 1 8 2 3 3 2
4 5 4 3 6 0 1 0 3 3 0 7 10 9 6
6 0 3 5 2 1 10 2 2 4 2 9 1 1 1
3 4 0 0 5 2 12 1 5 2 3 3 7 7 3
12 14 6 10 5 2 3 6 8 6 0 2 0 0 14
17 9 14 5 1 1 2 12 8 7 1 14 4 1 10
12 5 16 7 1 8 4 10 2 8 3 10 3 13 7
0 16 0 2 1 1 6 11 0 9 11 11 3 2 11
16 14 8 17 3 18 5 1 2 9 4 14 4 5 6
1 6 12 2 2 7 6 0 2 8 3 1 4 6 2
16 6 5 13 11 2 15 7 2 7 6 5 14 7 17
3 44
3 81
4 29
6 105
9 69
9 71
9 74
10 61
10 64
10 81
11 46
12 64
12 86
15 26
16 20
16 28
17 88
19 49
19 69
20 23
21 114
22 81
23 58
23 110
24 45
24 85
25 49
26 61
26 68
26 91
26 93
30 101
30 107
31 47
32 35
32 40
32 83
33 41
33 44
33 72
35 98
36 56
36 62
36 65
37 78
37 115
38 64
39 52
41 104
43 67
43 91
43 118
43 124
44 64
45 77
45 90
45 118
46 88
47 67
48 86
49 107
49 135
51 64
51 80
51 122
51 133
52 96
52 134
53 97
53 151
54 82
54 101
55 131
55 154
57 123
57 141
58 125
60 124
61 83
61 154
63 67
63 135
64 72
64 154
65 116
65 118
66 82
66 111
66 117
70 102
72 113
72 127
73 125
74 84
76 170
78 85
78 140
79 101
79 118
81 85
82 159
82 171
83 94
83 181
84 165
87 145
88 125
89 145
90 180
91 172
91 187
92 97
92 175
92 190
93 154
93 170
94 98
95 161
95 193
99 117
99 126
99 162
99 190
100 128
100 129
100 143
100 158
102 120
104 171
104 174
105 141
105 195
106 126
107 142
107 149
108 165
110 143
111 115
112 171
112 175
112 205
113 117
113 120
114 142
115 177
115 192
116 154
116 166
117 124
117 205
118 148
118 166
118 216
120 137
120 153
120 181
122 222
123 176
123 188
123 206
124 173
125 157
127 150
128 145
129 191
130 204
130 215
131 152
132 196
133 158
134 232
136 168
136 170
139 147
139 186
139 217
140 197
140 234
142 179
142 185
144 212
145 173
147 148
147 198
152 231
153 163
157 161
157 179
158 191
158 248
160 205
161 190
161 192
161 203
161 258
162 205
163 164
165 176
165 216
166 258
167 175
167 204
169 252
170 193
170 253
171 252
172 206
172 260
174 202
174 221
175 258
177 219
177 243
178 275
179 217
180 237
181 238
182 218
182 232
182 250
182 251
182 265
184 193
185 266
185 269
186 276
186 283
188 274
188 277
189 241
189 254
189 264
190 205
191 249
192 233
192 237
194 228
194 265
197 289
197 297
198 279
200 239
203 274
204 263
204 292
205 242
207 257
208 250
208 270
208 302
212 228
212 260
214 312
215 254
215 292
215 296
217 219
217 308
218 220
218 310
219 220
219 248
219 250
219 263
219 293
220 221
220 251
221 226
221 252
221 295
221 310
222 271
224 252
224 281
224 320
225 248
225 314
226 292
227 239
227 274
229 290
230 244
230 294
230 295
231 311
234 237
234 242
235 244
235 253
236 277
237 273
237 304
238 303
239 291
243 246
249 250
249 270
249 295
249 346
250 253
250 254
250 261
251 283
252 289
252 311
252 349
253 300
253 309
254 269
254 334
255 309
258 273
258 283
258 297
259 344
259 351
260 334
260 344
262 355
264 283
264 333
264 341
266 364
267 277
267 307
269 364
270 309
270 320
271 294
274 321
274 356
275 299
279 294
280 304
280 377
281 285
282 302
284 287
284 322
284 340
285 326
286 328
286 350
288 297
289 355
290 381
291 303
291 317
291 346
291 365
292 331
293 317
293 329
293 332
293 380
294 298
295 312
295 340
296 325
296 338
296 355
299 324
299 369
299 395
302 328
302 399
303 332
303 388
305 336
306 353
306 383
307 327
308 319
309 395
310 324
310 388
312 329
313 333
313 404
314 335
314 406
315 347
316 363
318 379
318 412
318 418
319 410
320 336
320 357
320 373
321 410
323 411
326 425
327 355
328 413
329 360
329 363
329 408
329 426
330 362
333 372
334 336
336 347
336 371
336 383
338 390
338 427
339 340
340 382
340 386
342 372
342 426
342 434
344 425
345 378
345 399
348 418
349 390
350 361
350 412
351 353
351 391
351 396
352 354
352 368
352 421
353 403
353 416
353 429
353 431
354 398
354 452
355 408
356 357
356 372
357 375
357 393
357 435
357 440
358 416
360 416
360 446
361 418
361 457
362 369
362 448
363 368
365 461
366 423
366 434
367 399
368 398
368 463
369 439
369 450
370 467
371 424
373 426
375 387
375 412
375 427
375 470
376 471
377 380
377 389
377 455
377 458
377 460
378 380
379 405
379 416
379 429
380 396
381 387
383 447
384 387
385 444
386 408
386 485
389 395
389 403
389 426
389 467
390 469
392 438
393 401
394 431
394 452
394 471
395 433
395 445
397 411
397 434
397 476
398 409
399 442
399 487
401 481
402 485
404 405
404 486
404 500
405 502
406 431
407 507
409 421
409 509
410 501
410 508
412 496
412 502
413 480
415 453
415 486
416 455
419 491
422 425
423 431
423 443
423 482
423 509
423 523
424 468
425 471
426 491
426 505
427 519
428 449
428 452
428 519
430 443
430 467
431 517
431 527
431 529
435 479
435 520
436 451
436 467
437 448
437 458
437 508
438 461
438 465
438 519
439 533
440 501
440 502
441 479
442 448
442 508
443 509
444 502
444 530
445 491
445 521
446 469
446 484
446 515
446 540
446 546
447 459
447 511
447 512
448 449
449 467
449 511
449 523
449 549
450 488
450 547
451 478
451 484
452 460
452 490
452 507
452 533
454 551
456 504
457 472
457 546
459 553
460 510
461 540
462 508
464 472
464 509
464 540
467 545
467 553
469 542
470 515
471 488
472 477
472 516
474 545
475 499
476 495
477 558
478 540
478 554
478 564
479 548
480 498
480 544
481 527
481 559
482 535
484 575
485 519
486 504
486 560
486 572
488 493
488 525
488 543
489 544
491 497
491 589
493 558
493 577
494 578
495 501
495 522
495 556
495 593
496 596
497 532
497 548
497 573
498 509
498 538
499 550
499 561
500 525
501 594
502 562
502 590
503 586
504 526
506 516
506 522
506 581
508 516
508 552
511 597
513 541
513 589
514 554
514 557
514 575
515 548
515 582
517 549
518 528
519 580
519 595
521 618
522 543
524 590
525 529
527 553
527 576
529 561
529 571
529 596
531 558
531 609
531 621
532 549
532 584
532 601
533 571
533 584
534 550
535 543
535 573
535 613
535 616
536 572
536 621
537 612
539 574
540 605
541 568
543 563
544 582
544 602
545 600
545 643
546 548
546 567
547 559
550 608
550 641
550 643
551 623
551 628
552 649
553 583
554 614
555 560
558 565
558 599
558 617
558 619
558 649
561 574
562 581
562 601
562 636
563 565
564 589
565 645
566 621
567 594
567 618
567 638
568 628
568 646
570 629
570 632
571 645
572 636
572 665
573 645
574 592
574 619
575 578
575 640
575 655
575 666
576 652
576 669
577 600
578 644
578 650
579 585
579 594
580 581
580 621
580 626
583 598
583 672
583 681
584 630
584 637
585 666
586 635
586 679
586 680
587 597
589 626
589 635
590 608
590 663
590 667
590 670
591 650
591 663
594 630
594 632
595 676
596 614
596 655
596 687
597 621
599 663
600 661
602 672
603 664
603 687
604 642
604 678
604 692
606 674
609 638
611 616
611 627
611 672
612 673
612 687
614 668
614 702
615 664
615 688
616 672
616 684
616 691
617 677
617 685
618 645
618 660
618 679
618 681
620 623
620 635
620 665
620 719
622 695
623 624
623 641
623 699
626 660
626 668
627 708
629 653
629 681
631 718
633 674
634 703
634 705
635 706
635 712
636 715
637 678
637 706
638 664
638 687
639 646
639 676
639 727
639 728
642 660
643 687
643 695
643 720
644 646
647 665
647 703
647 724
648 674
648 696
649 654
649 658
649 691
649 730
650 671
652 665
652 741
654 657
656 698
657 677
658 665
660 671
661 732
663 752
664 679
664 695
665 714
666 752
667 747
668 676
669 749
671 729
671 752
672 679
672 752
673 699
673 714
673 725
674 695
674 714
676 721
677 724
678 708
679 736
679 768
680 718
680 777
682 696
683 723
683 735
683 759
685 774
686 720
686 733
686 738
686 765
687 719
688 714
688 783
688 787
689 731
690 720
691 725
692 718
692 790
693 762
693 771
695 703
695 721
695 741
695 765
696 713
697 768
697 795
698 746
699 715
699 751
699 775
700 767
700 768
700 770
702 763
702 791
703 745
704 791
706 707
706 735
708 752
709 808
710 723
710 737
710 753
711 713
711 762
711 798
712 806
715 786
715 815
717 726
717 768
718 744
719 725
719 817
719 818
720 745
720 793
721 764
722 746
722 781
723 796
723 813
724 735
724 800
724 802
725 752
725 785
726 734
726 818
728 759
728 807
729 774
729 810
730 733
731 747
731 753
731 769
731 795
732 754
732 766
732 787
732 796
733 792
736 748
737 815
738 779
740 791
740 814
740 823
741 819
741 826
742 779
743 816
745 762
745 795
747 792
747 847
749 846
750 757
750 801
750 826
752 753
752 763
753 761
753 780
753 804
753 822
754 791
755 775
756 795
756 798
758 797
758 847
759 773
760 767
761 830
762 783
762 827
766 774
766 818
766 821
767 778
767 791
768 828
768 838
769 835
770 777
772 777
772 795
775 800
777 830
779 798
779 811
779 820
779 860
780 837
780 870
780 875
781 825
781 830
784 819
785 837
785 846
785 848
785 854
786 868
786 877
788 837
789 877
790 876
792 822
792 847
794 889
795 839
795 871
798 891
799 846
799 856
800 831
800 898
801 803
801 875
802 839
802 893
803 837
804 822
804 845
806 843
806 862
806 898
807 808
807 835
807 869
808 879
809 817
809 892
810 814
810 821
811 865
813 833
813 847
814 911
816 851
816 870
816 899
816 901
817 842
818 828
818 847
818 857
818 884
818 910
819 889
820 882
820 889
820 903
822 919
823 878
824 829
824 851
825 901
825 903
826 861
826 881
826 887
827 893
827 921
828 836
828 856
828 894
828 903
828 922
829 918
830 908
830 927
831 905
832 839
832 909
833 900
838 916
839 881
839 938
840 911
841 872
841 913
841 928
842 851
842 940
843 845
843 883
843 910
844 907
844 909
845 934
846 919
847 879
847 936
847 939
848 873
848 877
850 908
850 934
850 945
851 896
852 893
852 913
852 918
853 906
853 919
854 856
854 861
856 889
857 892
858 922
859 886
860 888
860 917
861 895
861 946
861 961
862 882
862 930
863 891
864 890
864 894
864 903
865 920
865 922
865 927
866 943
866 965
867 901
869 917
869 952
870 903
870 909
870 951
870 967
871 895
872 897
873 953
876 947
876 967
876 975
877 935
879 942
880 979
881 941
882 953
883 911
883 963
883 983
884 970
884 974
885 972
887 927
887 981
888 893
888 978
889 919
889 973
890 915
890 928
890 968
891 976
893 941
893 983
895 966
895 983
896 913
897 984
897 995
900 954
901 929
901 994
901 995
902 978
903 905
903 919
904 910
904 946
906 909
906 946
906 957
906 991
908 929
908 977
909 917
909 967
910 983
912 976
915 971
915 976
917 922
917 977
918 984
920 969
920 974
922 927
922 937
922 938
922 941
922 968
925 950
925 968
925 999
927 949
928 987
929 940
930 955
931 952
931 973
932 972
935 951
935 984
935 992
938 968
941 970
942 946
942 1000
943 997
944 988
945 952
947 957
947 988
948 970
948 997
949 965
950 952
958 961
958 1000
959 993
968 970
970 971
975 996
976 1000
986 1000
987 995
988 992
5 2 9 4 0 14 11 12 6 4 4 3 11 6 3
7 12 2 10 9 9 11 7 1 4 12 5 7 3 4
0 7 8 2 11 7 2 7 2 11 15 16 19 6 11
1 4 7 36 18 5 17 11 22 2 5 0 3 5 24
6 5 14 6 1 1 3 2 7 5 1 4 2 7 9
13 3 3 1 6 5 10 7 7 15 10 2 9 4 4
10 9 26 5 2 6 0 2 11 10 0 9 5 5 1
10 13 1 2 31 9 14 4 7 11 19 4 22 3 2
7 5 2 9 4 14 4 2 0 13 0 1 9 5 1
2 2 1 10 7 0 11 7 2 9 1 1 1 3 5
20 4 14 1 8 18 18 31 4 1 3 2 2 13 11
9 4 5 4 7 16 4 6 7 11 2 8 8 4 0
5 20 1 22 14 17 11 8 9 19 1 26 4 9 12
8 18 4 7 2 17 6 5 6 32 9 1 20 2 12
9 12 1 21 5 3 11 29 18 4 14 7 1 3 2
11 1 12 7 10 7 30 5 5 12 9 16 5 2 24
3 0 6 11 16 12 14 37 2 6 16 3 6 6 8
15 2 14 8 16 10 22 7 17 15 7 1 10 13 2
0 0 13 11 7 7 1 20 16 8 6 12 6 8 1
3 15 9 10 1 2 3 1 3 4 18 9 12 8 14
39 36 26 37 38 37 37 34 58 64 31 43 35 35 36 32 36 23 32 25
8 10 15 21 26 8 25 5 19 27 17 14 16 5 16 14 17 8 27 17
14 2 11 12 15 9 17 9 20 26 18 14 9 4 6 3 7 9 15 3
6 5 11 12 9 4 13 7 14 18 8 8 7 3 5 3 5 1 12 8
1 1 8 3 8 1 9 1 7 6 2 4 1 5 2 1 1 1 10 6
60 43 36 59 58 44 54 36 62 70 55 56 28 24 46 39 45 44 60 35
16 7 14 14 16 5 11 4 13 17 9 5 3 3 7 2 13 3 18 21
15 11 9 12 10 11 14 10 20 17 13 11 7 7 10 10 13 12 17 11
46 44 40 43 50 48 34 45 70 73 40 49 43 45 33 35 44 36 38 44
53 42 34 64 55 51 35 42 62 77 48 49 39 38 52 35 47 32 47 35
49 54 25 49 70 61 69 45 74 83 47 59 47 39 58 42 38 45 49 35
12 13 10 15 13 12 14 15 16 15 14 7 3 12 12 6 7 1 8 15
30 23 10 21 25 24 22 19 30 33 25 23 10 9 29 16 23 21 27 14
35 44 36 40 54 34 47 37 50 54 37 33 12 21 39 30 34 30 36 51
2 1 5 3 6 1 5 2 2 9 1 1 1 2 4 1 1 1 7 6
4 5 4 4 4 1 5 6 11 15 1 3 4 5 8 2 4 2 9 4
7 6 9 4 5 4 7 2 11 11 10 3 1 2 2 6 10 2 9 9
17 12 19 31 42 16 31 13 28 38 25 16 11 16 24 10 14 11 26 29
59 47 48 37 55 44 56 27 61 58 31 51 24 47 48 29 38 21 63 55
36 23 22 32 35 30 33 19 38 50 30 29 10 16 34 22 26 17 33 21
37 25 25 39 44 33 38 20 40 54 52 35 27 24 20 29 27 30 34 16
28 20 21 34 52 21 45 8 40 48 29 24 25 22 31 20 11 16 34 33
68 48 54 43 79 52 65 41 77 72 57 59 32 57 42 35 45 31 61 63
41 39 47 19 48 46 43 46 53 59 39 44 18 40 21 44 39 23 31 43
10 1 8 13 14 5 16 6 14 15 15 11 9 5 8 1 4 5 12 7
39 31 35 31 49 37 47 16 52 59 38 37 28 33 35 26 21 18 44 44
40 23 35 33 52 29 51 31 45 46 28 36 26 33 25 24 20 21 33 40
35 19 37 32 38 26 30 24 37 38 28 29 13 21 15 23 30 20 35 32
14 12 18 19 31 20 26 18 27 31 25 17 14 12 20 8 7 6 11 20
26 19 18 26 24 12 20 14 37 43 20 18 14 11 15 9 25 15 27 19
46 30 29 22 46 42 40 36 58 58 40 42 23 37 27 21 28 25 26 34
27 21 14 25 34 20 34 24 34 36 16 23 7 22 30 16 18 15 28 25
14 3 12 13 16 7 17 6 17 17 7 7 4 14 7 4 10 7 19 17
39 45 48 22 49 51 57 50 53 59 29 44 11 29 39 34 32 33 43 40
58 51 42 56 61 62 50 52 81 85 53 62 32 54 39 43 53 45 42 44
21 8 15 21 28 18 17 11 11 29 24 10 7 6 18 12 12 6 16 18
55 56 45 37 52 63 59 54 78 72 29 61 36 57 41 47 30 35 36 51
15 12 10 17 24 19 22 19 23 25 16 13 6 9 21 5 3 8 11 20
29 27 22 42 48 30 41 20 51 58 37 35 25 22 25 33 30 23 34 20
3 9 3 13 10 10 10 7 11 22 15 5 13 6 16 9 9 4 11 1
3 6 4 1 8 1 5 1 9 11 1 1 1 4 3 3 4 1 1 12
33 16 29 27 42 20 28 15 44 50 28 25 21 20 12 18 26 12 29 34
57 56 34 50 65 63 65 64 80 79 31 62 39 60 47 31 28 46 33 49
14 8 14 13 9 6 8 3 16 23 10 1 6 8 4 6 16 6 14 15
18 8 6 18 28 8 27 10 31 28 19 13 16 16 14 8 9 11 13 14
37 34 37 29 55 34 53 35 60 62 30 42 20 35 33 22 30 23 37 42
10 8 8 16 23 9 18 8 13 17 26 13 10 2 15 7 7 3 9 7
17 26 27 27 34 26 34 25 42 47 15 26 20 25 14 25 11 15 11 31
19 6 12 11 25 17 20 12 30 24 16 14 1 14 9 9 13 14 17 18
40 20 24 24 43 40 38 22 39 42 33 30 4 30 29 18 21 24 31 30
11 11 18 17 17 9 19 14 22 20 8 11 9 15 11 8 10 3 20 21
48 27 36 38 52 40 46 29 47 55 36 37 17 21 31 16 32 33 49 34
54 29 36 50 71 39 61 27 67 69 36 49 24 37 41 30 40 33 60 46
13 17 13 28 29 13 21 10 28 40 19 11 15 13 20 14 21 10 26 18
12 17 14 23 20 14 14 13 19 26 26 8 12 10 19 6 14 7 14 10
49 34 28 49 54 48 52 33 60 66 49 52 27 28 40 25 44 38 52 25
54 54 37 41 63 57 59 44 69 80 27 45 25 47 60 33 43 37 55 54
17 14 4 13 15 13 14 15 17 22 17 12 7 7 21 7 8 11 13 11
47 46 53 26 56 50 58 44 68 68 43 57 34 40 38 34 48 28 56 45
17 26 30 31 42 33 43 32 38 40 12 27 15 30 20 29 10 27 21 38
6 1 2 1 5 1 10 1 8 6 1 1 1 3 2 2 3 1 8 5
48 47 38 33 53 44 52 31 63 63 29 48 27 49 55 23 31 17 50 49
43 24 26 35 45 24 32 13 43 42 25 28 11 29 27 9 31 21 43 38
28 24 19 29 38 16 28 12 27 40 30 18 5 16 30 21 26 7 24 31
27 14 12 20 26 18 28 15 31 32 17 19 11 21 21 6 13 16 24 17
36 34 30 37 37 31 37 31 58 55 23 42 31 32 35 3 29 23 37 27
45 27 23 38 42 31 38 30 39 49 40 34 11 8 31 15 33 27 40 28
6 6 6 8 16 9 9 9 13 21 9 7 11 7 14 1 3 3 6 9
4 5 7 9 8 4 12 3 18 13 9 6 4 5 2 1 6 6 7 6
61 43 56 47 66 44 64 37 74 70 36 62 35 30 41 30 48 35 71 50
47 45 28 36 49 39 46 42 63 60 35 44 28 41 26 35 32 32 25 38
52 51 50 50 59 60 56 52 70 75 39 57 29 49 54 23 44 24 46 53
10 9 16 11 11 10 7 4 13 24 10 7 1 5 5 12 17 5 17 15
1 3 6 4 7 1 6 1 8 15 2 1 3 1 6 1 2 1 7 6
40 17 37 36 56 31 46 23 39 52 26 32 23 30 26 18 18 17 37 39
37 23 20 41 44 20 36 20 34 42 36 27 16 10 31 17 24 21 32 35
37 30 44 30 52 42 44 34 52 52 37 38 13 38 20 24 33 29 36 48
44 42 39 36 47 34 46 35 55 48 21 41 27 44 45 25 31 11 44 51
18 12 14 13 20 13 26 17 28 24 17 17 8 6 14 4 8 10 18 17
34 17 16 28 41 23 39 12 48 47 36 30 18 21 17 23 18 22 31 24
36 34 15 25 38 37 42 36 55 47 22 34 15 40 37 17 24 19 25 29
9 7 3 5 8 6 11 10 11 15 6 8 4 4 14 3 2 6 12 4
30 29 21 34 35 28 22 26 42 51 33 22 18 28 30 5 29 14 14 32
8 18 12 9 13 20 13 20 29 28 10 18 10 14 12 17 16 7 8 10
53 39 34 54 55 49 45 37 55 67 44 42 19 27 42 33 39 34 43 33
16 26 32 32 30 22 24 23 23 45 9 16 16 16 33 21 23 6 28 29
53 52 44 32 71 55 72 51 76 67 46 58 29 52 49 21 42 39 50 53
5 7 8 12 3 8 6 9 15 16 10 6 5 6 11 3 7 7 12 4
58 45 44 35 75 53 70 44 67 68 49 56 28 40 33 45 32 35 45 59
16 16 15 8 12 22 19 26 20 18 13 21 8 16 17 15 8 8 10 6
38 21 37 36 47 42 37 30 42 55 41 39 11 28 24 29 33 32 35 23
26 7 14 29 36 16 27 8 35 45 25 25 17 14 11 22 18 21 28 15
12 9 6 8 13 6 9 4 20 17 16 5 1 9 1 1 8 4 1 10
35 17 26 28 40 29 43 18 41 31 40 39 20 28 14 17 11 27 31 16
20 6 11 12 18 8 16 3 27 29 11 13 8 6 8 8 15 8 19 14
45 42 43 23 44 47 51 46 69 57 38 58 32 41 31 28 31 27 40 36
20 23 14 18 22 24 26 21 36 38 13 20 7 18 22 17 21 18 19 19
18 13 17 16 28 13 28 12 38 30 19 19 17 18 8 7 13 13 21 19
40 28 29 35 46 33 29 23 42 55 47 32 25 24 29 26 34 16 26 30
39 46 55 44 37 41 39 42 57 60 18 44 37 46 40 33 48 18 46 46
15 4 7 12 14 6 18 5 19 20 11 13 9 8 4 7 8 10 17 6
46 42 31 41 55 31 46 28 54 63 33 40 32 39 44 24 29 11 36 50
14 21 14 21 18 18 17 20 32 38 18 15 15 22 21 18 21 9 13 16
58 56 55 51 61 50 49 49 67 73 38 53 35 52 53 31 53 22 51 54
32 28 15 37 39 27 38 28 45 58 23 30 28 22 41 13 25 17 31 26
7 3 4 8 10 3 8 3 11 14 7 4 5 9 5 3 2 4 4 5
11 8 7 10 17 8 18 8 28 27 8 15 12 11 7 3 9 8 16 8
27 14 17 14 29 22 36 16 37 24 23 23 7 20 17 8 9 13 25 24
10 6 4 9 16 1 17 4 17 11 9 6 3 4 7 2 6 3 10 14
7 6 6 10 14 9 14 6 13 22 7 9 8 8 10 9 6 6 11 8
11 11 10 12 18 20 22 19 20 28 8 14 6 8 21 16 8 11 22 15
11 8 13 17 22 10 22 7 26 27 17 16 15 9 13 12 12 10 22 11
52 34 35 44 55 35 46 31 46 62 40 38 21 16 46 20 37 24 49 39
27 21 27 6 37 21 34 10 42 36 26 29 14 26 21 16 12 4 26 34
30 36 32 44 52 37 36 28 48 67 22 35 38 29 39 37 40 23 39 39
29 21 19 37 40 21 30 19 32 44 29 16 14 14 28 12 21 18 30 30
54 36 28 31 48 42 47 35 61 63 37 45 32 39 35 14 30 33 43 22
21 27 24 39 37 29 26 23 24 46 28 10 16 14 35 25 27 23 27 27
19 18 17 14 24 19 25 16 28 29 19 16 8 20 23 11 10 2 13 21
58 48 55 52 68 53 68 48 73 73 41 59 35 50 42 46 44 37 54 55
26 22 17 27 22 20 24 18 34 36 20 21 9 18 18 18 25 17 24 18
34 32 38 27 51 38 48 31 57 55 17 35 22 40 34 18 27 24 42 51
8 9 5 9 10 9 12 10 20 15 10 6 7 9 10 4 9 8 8 10
3 4 7 5 15 1 14 4 19 24 7 6 7 1 7 3 7 1 11 11
34 36 27 39 41 31 34 35 49 56 32 31 29 27 33 20 33 25 33 30
20 4 8 7 18 16 23 12 23 13 13 12 1 16 10 6 6 9 16 15
50 59 42 64 61 45 44 43 67 82 53 54 46 42 61 39 53 24 46 48
9 5 16 16 14 13 16 5 22 23 11 15 1 9 5 13 14 11 23 10
1 6 1 1 2 1 1 4 9 10 1 1 4 2 4 1 1 1 1 2
25 24 23 31 36 31 31 22 42 52 27 27 18 27 22 19 20 18 26 22
26 21 25 35 42 26 31 10 27 46 37 24 14 7 29 27 28 14 32 24
6 2 7 1 13 6 17 7 19 12 8 6 5 5 3 1 1 1 6 9
16 9 11 9 14 11 21 10 25 20 15 16 8 7 6 3 6 10 12 10
26 20 21 21 30 21 23 17 38 51 25 24 22 14 18 17 25 13 23 24
24 22 24 33 29 18 25 18 21 35 26 19 15 15 26 16 22 4 24 21
28 27 31 26 45 31 48 29 56 58 28 42 27 21 25 20 25 25 43 27
55 36 40 45 69 51 53 34 75 72 56 55 32 47 31 31 39 30 38 43
27 17 9 22 24 14 22 11 29 31 19 18 3 6 15 3 21 18 28 14
17 14 8 15 24 16 23 9 26 33 16 13 13 21 24 14 10 6 18 18
9 6 7 12 12 7 10 7 16 14 7 5 1 9 3 1 9 9 10 10
42 43 36 44 49 41 38 40 65 68 33 41 38 43 37 30 45 24 33 42
52 52 42 24 63 53 62 50 65 63 55 52 34 39 45 40 41 33 39 50
64 47 34 68 72 51 58 43 66 82 55 54 25 35 54 39 55 48 56 45
9 1 8 8 11 5 12 4 12 17 4 3 7 5 4 2 7 3 12 11
38 38 28 46 41 35 27 31 41 60 41 29 18 28 38 25 43 19 30 29
56 43 39 41 76 45 64 27 67 74 45 49 25 36 53 25 40 30 65 55
15 5 3 14 22 4 15 3 16 17 16 6 3 10 9 1 8 7 9 12
20 15 13 19 13 13 13 9 19 20 25 11 4 7 16 10 17 13 18 14
42 46 53 28 55 54 63 55 73 62 34 63 37 53 34 28 26 29 39 45
29 12 17 31 42 18 31 12 37 48 20 22 18 21 24 13 20 10 31 30
46 38 32 39 62 36 49 28 61 61 44 40 20 34 36 22 41 27 44 50
42 30 36 43 41 41 42 33 57 61 34 45 29 28 32 31 38 30 46 24
8 9 8 4 10 4 15 7 18 14 8 8 8 6 7 5 8 4 10 10
12 5 6 8 16 12 12 9 19 17 11 3 3 12 8 1 5 5 8 10
42 20 27 41 56 36 53 11 54 62 45 44 22 26 29 29 25 25 49 29
28 14 29 22 38 24 33 16 35 42 33 31 13 19 15 25 22 15 25 20
40 18 30 39 54 23 41 17 37 48 40 27 12 18 27 14 25 15 36 40
35 42 55 36 60 43 47 37 59 68 23 39 31 46 32 37 36 17 39 59
46 32 34 44 51 49 49 40 55 62 32 42 12 25 37 30 39 36 46 33
38 42 36 45 47 27 33 32 53 63 33 37 36 28 37 25 38 17 34 50
33 42 30 42 42 32 35 34 47 64 22 25 20 21 44 19 32 25 36 36
2 10 12 6 6 3 11 6 17 15 7 6 3 7 8 7 8 4 12 10
12 13 15 22 20 9 13 6 16 34 20 5 8 11 17 12 17 6 16 19
14 6 7 14 14 15 9 11 16 25 19 12 7 7 13 11 11 12 12 7
31 32 27 33 34 26 33 30 54 49 21 32 30 34 28 14 23 14 20 35
31 21 27 13 33 36 41 34 42 36 28 38 14 19 20 22 20 33 32 16
41 37 29 45 37 24 30 28 38 41 29 25 11 25 32 22 39 17 33 37
12 8 10 14 23 11 18 7 25 30 14 7 7 13 16 6 11 5 16 19
24 8 8 24 24 17 22 11 28 32 17 17 10 19 7 14 15 14 17 10
60 38 43 46 65 43 55 27 71 76 44 50 28 38 39 42 41 28 56 52
50 53 45 63 72 59 61 38 54 76 50 46 29 30 49 61 47 43 46 57
33 19 13 36 30 17 19 14 28 38 33 18 16 17 18 11 26 19 27 19
6 7 9 9 14 5 12 5 14 15 13 5 9 4 9 4 6 1 5 10
33 25 9 24 35 28 30 30 36 35 32 24 9 23 25 10 22 21 19 24
32 27 10 36 41 28 46 21 45 54 34 37 29 18 36 26 21 28 39 16
9 7 4 11 7 4 7 7 10 18 8 5 6 2 14 4 7 4 14 7
21 9 18 17 21 19 21 16 24 24 18 13 12 17 11 3 12 7 16 17
19 21 29 16 31 28 26 25 32 38 21 22 13 18 14 24 17 12 18 32
28 24 20 34 49 30 43 24 48 46 29 30 16 35 27 20 29 26 35 36
32 19 32 23 32 24 22 22 29 37 30 21 7 22 8 16 26 19 29 24
29 19 19 10 28 23 31 21 37 38 23 29 11 10 21 13 18 17 28 15
11 8 13 20 20 12 16 8 16 33 11 10 11 11 17 11 12 7 16 16
51 48 50 63 61 56 44 51 55 76 43 44 35 40 56 36 46 32 44 50
9 20 23 17 25 15 20 23 29 36 5 18 21 20 19 11 13 4 17 24
55 50 48 51 60 54 47 46 61 63 43 50 40 58 59 32 43 20 47 53
7 3 3 6 1 8 6 7 12 14 6 5 1 2 7 2 5 9 12 1
26 22 25 30 48 20 32 15 39 46 35 17 17 20 24 17 27 8 24 39
21 10 8 22 39 21 30 15 30 36 21 16 11 21 21 15 13 18 14 26
5 5 7 11 9 8 10 7 15 13 12 5 6 6 4 1 5 6 8 4
48 27 24 36 50 31 53 23 45 52 36 43 32 17 35 27 33 26 49 26
45 42 45 50 70 44 59 29 51 64 51 48 19 27 46 46 42 25 51 55
3 1 5 1 3 5 7 4 4 5 7 4 1 1 3 1 2 1 7 1
16 12 18 15 27 11 24 14 26 28 22 18 13 7 8 10 10 7 14 22
8 5 8 11 19 7 15 5 16 21 8 9 9 6 9 5 3 3 8 13
9 1 6 6 16 2 17 2 14 14 5 8 7 8 5 2 1 3 8 10
15 8 11 16 17 9 14 3 17 15 15 10 3 9 6 7 13 10 18 14
31 21 23 17 36 22 28 12 39 45 25 23 13 22 24 17 21 11 28 37
14 13 5 19 25 15 23 19 31 33 19 16 8 15 18 3 10 14 13 12
18 16 14 8 23 16 32 18 31 25 11 19 5 13 19 14 12 13 22 20
4 4 6 11 5 3 5 6 8 15 8 5 5 6 10 6 6 6 11 4
25 15 26 31 33 16 23 13 35 49 23 20 19 12 18 12 26 13 31 23
11 7 5 5 8 12 15 12 18 16 9 14 4 3 10 3 6 12 14 4
34 29 32 41 43 27 28 21 41 55 34 26 17 25 25 33 39 16 31 33
46 36 36 26 49 41 48 29 49 63 42 44 23 33 36 36 34 14 37 37
48 50 33 42 41 49 31 52 59 60 43 42 22 38 46 21 45 35 32 39
51 42 48 47 76 45 69 32 73 73 36 60 51 47 39 41 34 28 59 56
24 21 12 14 21 31 25 30 35 40 16 26 10 18 24 11 15 16 14 6
15 5 6 17 12 11 5 5 13 20 15 7 3 8 6 9 13 13 13 6
47 33 45 45 57 52 48 39 48 63 44 41 10 30 35 42 37 33 43 33
59 60 46 52 56 53 52 55 72 84 48 56 41 45 56 31 59 33 52 39
33 32 35 40 31 26 19 20 40 50 24 29 20 17 31 21 40 17 37 31
38 26 12 32 39 29 30 24 43 49 32 28 14 28 34 16 25 22 21 24
38 34 44 36 53 40 44 35 50 53 29 36 18 37 35 24 28 21 39 46
10 17 18 21 15 16 13 18 19 26 13 13 11 14 20 8 14 3 15 18
33 29 36 36 48 12 37 18 39 44 37 26 21 21 22 17 31 5 31 44
12 9 11 12 23 10 25 13 25 27 7 14 7 13 16 11 8 6 17 18
32 24 23 38 57 26 48 19 41 45 26 28 25 30 22 26 7 24 23 43
22 26 26 21 30 22 31 25 30 33 28 25 16 18 27 18 17 4 18 20
8 21 14 18 24 25 23 26 28 33 7 13 9 16 24 15 11 15 14 24
19 26 11 36 41 23 27 14 30 40 35 18 15 16 34 13 23 16 23 26
33 18 30 34 43 25 35 19 37 43 29 29 15 21 15 22 23 16 29 32
25 17 21 12 25 19 29 22 34 28 29 22 5 12 13 9 12 13 16 18
66 51 40 54 71 59 55 51 75 78 62 60 30 49 42 46 49 44 41 45
5 1 2 5 8 1 8 1 9 12 3 3 4 5 2 1 1 1 3 3
10 12 11 15 22 5 19 9 20 25 7 8 8 7 15 5 9 1 13 23
11 6 10 18 18 14 15 9 11 26 21 7 10 6 17 10 11 9 14 11
8 7 11 7 9 9 15 9 14 15 16 9 4 2 10 4 5 5 9 3
7 8 3 2 7 4 7 6 10 13 2 4 3 8 8 6 5 1 5 7
12 8 14 12 19 11 19 11 18 16 17 8 5 10 7 7 7 7 9 16
16 11 13 13 24 8 19 7 23 26 25 9 9 9 12 5 10 2 6 19
47 48 44 46 47 47 31 50 60 66 41 43 38 46 45 33 48 32 40 41
8 5 7 6 13 8 15 11 16 15 7 8 7 6 8 9 7 6 13 10
12 14 3 12 23 11 23 13 25 32 13 16 14 8 21 15 12 8 18 10
62 60 49 48 67 56 62 46 75 89 47 60 44 47 69 35 50 25 59 57
15 6 11 19 17 7 9 4 13 27 13 8 11 5 9 8 15 8 19 13
12 7 1 2 6 10 12 10 12 15 5 11 1 1 12 4 7 11 15 4
53 45 42 42 61 47 44 43 52 69 48 37 13 27 38 31 46 34 44 47
44 41 45 24 51 40 52 37 55 67 26 46 26 29 33 31 40 23 48 44
46 19 30 32 49 39 48 29 52 42 41 42 8 26 22 23 28 35 37 23
51 36 49 48 48 49 42 41 51 62 33 44 18 31 37 38 45 33 50 33
2 4 6 9 9 2 9 2 11 13 10 2 4 1 6 1 1 1 5 5
13 3 11 16 12 7 7 4 9 19 12 5 7 5 7 7 12 6 16 11
22 32 18 31 40 26 38 22 31 48 28 30 20 8 46 17 22 12 39 27
64 57 47 51 63 65 59 62 67 78 38 55 28 56 63 32 48 39 51 52
38 32 23 37 35 29 32 22 43 45 36 29 23 31 21 28 30 22 27 22
28 18 14 26 34 27 36 19 44 46 32 33 19 5 25 19 23 28 37 2
19 18 29 20 21 15 22 18 29 34 21 20 19 14 14 10 18 8 24 19
45 38 47 40 56 53 57 46 56 62 28 47 20 41 45 18 36 28 53 48
33 29 29 14 30 34 25 32 39 45 24 32 20 31 22 24 26 4 9 23
37 13 22 32 44 30 36 22 42 42 43 38 11 24 16 15 20 30 32 18
30 25 23 20 30 22 32 23 36 43 24 24 19 20 28 7 28 25 34 22
6 1 1 11 6 7 1 2 12 17 9 4 1 2 2 4 8 9 10 1
39 33 19 33 45 37 36 22 54 66 39 38 23 14 34 26 40 32 38 18
22 15 28 12 21 19 26 20 29 25 18 19 9 17 16 8 11 11 20 23
61 47 59 38 61 50 54 46 68 66 41 56 25 55 30 32 52 33 55 54
4 5 6 4 7 2 8 1 9 7 6 3 1 2 1 2 6 1 7 9
53 38 44 52 68 39 62 29 54 67 42 52 51 43 45 42 38 29 58 42
30 28 29 33 35 32 29 25 41 57 17 28 24 24 30 24 28 11 29 32
64 50 59 60 73 67 61 59 71 83 49 59 31 54 46 50 57 44 52 55
7 8 8 15 13 14 11 8 10 23 6 7 4 9 14 15 9 9 15 11
49 48 52 51 63 54 53 40 75 77 44 56 35 39 46 45 51 36 53 56
34 25 23 21 39 29 35 29 48 40 31 34 23 28 21 15 15 12 13 31
40 39 38 39 57 46 58 46 62 58 36 45 13 44 40 25 29 25 36 47
63 49 53 41 68 54 66 40 65 79 45 53 33 43 47 44 33 30 62 57
8 8 5 8 6 6 12 7 17 11 7 10 5 6 7 4 6 9 9 5
42 31 12 36 40 34 37 20 50 57 34 31 19 31 34 19 20 26 30 25
12 10 10 7 17 7 14 6 21 20 7 6 7 12 12 5 8 4 9 18
45 39 39 25 49 44 44 43 55 56 38 38 22 45 26 29 39 17 22 42
7 4 3 10 9 8 5 6 13 17 13 3 2 7 5 4 8 8 6 1
54 41 40 54 65 54 59 42 63 70 45 47 36 51 44 41 32 33 41 43
27 20 17 25 33 14 30 15 35 37 29 23 15 13 17 15 18 18 25 27
21 19 9 22 26 21 20 21 27 34 17 16 7 24 22 12 19 15 12 16
31 27 18 10 29 25 30 26 45 44 21 26 14 24 19 18 24 14 19 26
8 8 11 8 13 9 13 10 15 17 12 12 10 3 10 1 2 1 7 8
47 48 29 48 61 48 54 42 68 72 48 52 36 43 31 45 41 39 28 40
21 14 12 25 23 26 16 19 31 37 22 19 13 13 20 14 22 20 22 8
24 19 4 21 21 20 22 21 29 35 22 21 10 16 24 10 16 22 18 7
2 1 1 10 7 2 2 2 7 16 7 1 1 5 4 1 3 3 3 1
21 24 22 15 19 22 31 26 32 25 17 26 5 13 26 10 14 14 24 16
5 1 5 2 7 1 11 4 6 5 4 4 1 2 5 1 1 1 9 6
19 16 19 27 28 20 22 16 39 46 17 23 22 12 19 14 23 14 26 24
21 18 9 15 29 19 31 20 41 37 16 24 20 23 24 11 12 12 18 22
30 22 26 18 25 27 18 21 28 34 31 21 5 20 13 24 23 12 14 17
2 4 5 5 4 1 7 3 13 14 1 3 3 3 3 4 6 4 9 4
5 9 4 3 4 7 4 7 10 17 4 6 4 5 9 9 8 4 8 4
32 22 17 39 38 26 33 15 34 45 33 28 22 19 28 31 30 18 30 15
1 2 1 1 6 1 4 1 7 13 1 3 2 1 4 1 1 1 2 3
44 33 27 40 48 35 36 32 42 52 36 31 19 24 31 21 35 34 38 34
61 38 44 29 63 47 57 32 70 72 44 52 28 37 31 34 43 29 53 53
58 63 45 54 66 63 57 60 79 89 49 60 35 56 66 35 55 37 46 54
10 14 13 12 12 10 17 15 26 25 2 14 12 10 16 1 12 5 16 16
5 1 6 16 12 4 10 6 10 16 14 3 2 4 8 4 7 5 12 10
34 37 31 49 51 40 39 32 59 74 42 39 33 35 30 37 37 29 31 29
32 24 42 29 45 36 32 21 47 55 30 34 12 27 19 29 35 15 33 35
32 19 16 31 38 26 29 20 27 29 39 17 9 24 26 12 21 15 18 25
16 15 2 7 17 16 25 21 32 24 4 17 11 18 22 6 9 12 13 13
50 36 36 37 44 44 44 36 56 59 51 46 23 21 36 35 40 37 41 27
45 38 44 40 54 35 44 39 57 63 37 42 27 37 25 34 36 23 34 43
34 19 32 49 61 33 51 18 43 60 35 30 21 16 29 36 25 30 48 36
28 29 24 29 24 35 27 40 43 40 21 33 20 31 28 18 22 14 15 20
33 22 25 35 43 33 35 17 40 43 44 34 10 15 25 26 32 29 36 16
33 20 24 29 38 27 32 23 33 36 33 28 4 22 23 17 22 20 29 25
4 2 10 4 7 4 13 5 10 9 3 8 1 1 5 1 2 4 15 7
21 22 7 12 15 19 18 21 36 35 18 18 12 14 19 7 17 18 14 7
22 33 25 15 31 23 33 30 44 31 20 28 14 30 25 20 19 12 19 36
31 31 30 50 58 43 51 26 49 68 37 36 26 18 40 44 36 28 43 31
10 7 14 8 10 14 16 15 15 10 13 13 1 11 6 9 4 7 9 7
28 22 30 17 31 22 35 13 35 31 20 28 7 27 28 11 12 6 35 35
11 9 4 9 25 2 22 10 21 18 12 11 9 6 17 4 3 2 11 18
40 34 31 16 41 30 35 23 51 57 30 34 25 29 33 17 24 9 31 37
19 12 27 13 34 16 26 8 30 37 19 16 11 19 14 7 17 4 23 28
8 1 7 4 14 4 16 1 11 7 6 6 5 6 1 1 4 1 9 12
9 5 14 7 16 11 15 8 19 15 13 10 3 9 1 1 6 6 8 9
50 40 30 42 57 48 51 40 51 61 52 45 18 26 44 32 42 41 46 26
26 14 19 26 39 31 29 21 37 37 27 27 4 19 13 17 25 28 25 23
20 16 21 27 30 19 28 21 32 40 30 23 26 14 19 15 19 11 22 16
57 45 46 54 61 49 56 48 65 75 41 56 31 43 47 34 51 34 55 40
51 50 66 37 75 49 62 47 58 63 43 45 26 46 31 44 41 27 44 78
11 8 11 7 10 10 14 14 16 15 12 13 10 6 10 5 5 6 12 7
23 15 17 20 24 16 25 10 31 28 16 24 5 15 13 17 19 13 24 16
59 53 54 50 59 55 44 51 71 78 52 57 41 57 35 37 48 25 37 47
60 48 48 42 68 53 61 51 68 69 54 54 12 35 39 33 49 44 54 55
12 12 6 10 11 10 15 12 22 20 12 8 7 12 15 4 8 10 10 10
45 53 39 56 47 48 38 53 56 63 37 43 21 39 57 27 46 24 38 50
8 3 6 9 16 7 13 5 12 16 8 3 6 7 10 1 2 2 6 13
39 39 32 45 58 36 54 31 62 72 29 48 41 30 34 40 34 32 43 38
9 4 5 11 15 2 17 5 13 17 10 8 8 4 13 4 6 4 14 7
17 10 6 18 17 8 13 4 24 29 21 14 14 7 7 10 13 13 13 9
15 9 6 18 19 9 13 9 18 20 17 3 7 11 12 6 11 8 10 15
9 15 20 17 23 13 23 15 29 33 15 14 5 17 15 17 14 9 16 22
20 8 8 12 20 13 24 10 30 22 15 14 5 10 6 7 13 15 18 13
13 8 11 23 19 16 14 10 21 34 24 12 16 8 14 13 17 13 19 5
3 1 1 1 1 3 8 4 8 6 3 4 1 1 3 1 1 4 6 1
62 57 41 71 65 50 45 48 58 79 49 48 36 52 61 38 63 40 56 54
44 46 27 59 55 49 46 46 54 71 43 40 32 33 58 28 35 31 36 38
17 8 14 14 16 10 16 5 25 31 18 16 13 5 2 12 14 9 22 8
44 34 31 34 61 50 49 39 57 66 46 40 18 44 33 37 30 30 21 42
28 24 27 22 44 28 46 31 46 44 10 32 18 27 23 14 14 29 28 36
52 44 49 60 56 57 41 46 68 77 44 58 30 47 48 32 54 34 52 39
28 35 22 35 44 34 44 31 45 56 22 32 19 26 44 22 28 21 33 26
5 13 8 14 15 11 15 15 24 24 14 10 13 11 17 8 10 7 11 12
6 9 9 11 16 10 12 9 19 19 8 7 1 12 8 8 8 8 6 17
9 6 2 8 10 10 11 10 18 20 3 7 4 5 11 1 3 9 10 7
15 14 14 16 6 16 12 15 24 24 17 12 7 7 11 7 16 15 18 9
60 37 50 49 78 46 72 27 74 72 31 65 38 52 39 46 37 29 68 56
28 15 23 26 29 21 19 10 33 42 27 16 8 12 14 21 31 17 26 18
20 18 15 29 35 20 32 17 31 38 20 17 14 17 21 14 9 13 18 23
35 30 13 34 35 27 33 20 46 54 42 32 21 13 31 15 34 32 36 9
25 14 12 31 34 15 35 8 34 41 28 27 18 13 21 20 19 19 34 15
13 7 7 19 15 7 9 8 15 25 15 5 6 9 13 6 13 11 14 9
28 25 21 26 40 26 29 25 40 50 33 21 20 25 23 19 22 11 11 25
18 14 21 15 23 20 16 19 25 35 18 12 10 17 13 12 18 10 14 25
45 50 42 49 62 51 60 43 65 81 36 49 37 36 49 44 48 38 52 45
32 37 34 29 50 42 49 37 65 55 23 45 34 43 38 19 22 22 33 39
18 11 7 8 17 12 17 7 24 24 12 15 8 13 11 14 14 8 13 13
1 3 5 5 4 1 2 2 6 13 2 1 2 1 5 1 3 1 6 4
44 44 56 43 63 54 48 44 57 73 40 40 27 46 41 35 45 26 46 56
54 47 46 25 65 61 68 56 75 69 46 64 25 52 39 39 41 42 51 40
53 40 27 43 44 52 37 47 50 52 54 44 10 37 42 27 39 45 36 29
12 1 4 1 12 7 13 4 10 8 6 5 4 9 7 4 5 3 8 12
23 11 10 3 22 12 30 10 33 27 14 21 10 11 12 6 6 9 22 15
50 36 39 43 53 43 42 33 48 68 44 43 20 17 38 33 38 29 45 34
28 21 14 35 49 29 42 16 47 56 33 35 29 14 31 32 26 28 34 24
2 2 3 3 3 7 7 7 11 11 7 3 3 3 6 1 1 2 4 1
16 8 20 24 35 9 28 3 27 37 18 24 20 8 17 11 18 8 37 20
23 20 20 13 18 23 27 24 37 37 23 31 18 13 19 10 16 14 22 9
40 53 44 41 52 55 47 51 60 77 41 49 32 32 54 38 45 26 43 44
11 7 7 12 18 10 22 10 30 27 10 22 18 13 13 2 4 9 17 7
51 35 35 50 75 39 67 23 60 68 42 51 25 32 53 35 33 21 60 48
15 14 17 18 23 8 19 8 26 36 8 10 12 13 13 7 14 1 14 21
28 22 27 32 53 19 45 14 54 50 31 30 27 29 16 19 24 18 34 34
24 23 27 31 42 33 31 28 38 52 23 18 13 24 23 21 21 21 22 35
47 23 34 27 51 36 52 31 47 46 34 45 9 23 23 29 26 27 40 33
42 36 28 31 41 34 29 34 42 49 50 33 8 31 24 21 35 25 22 30
44 46 42 50 55 27 46 26 59 63 40 45 39 38 41 26 36 11 42 45
19 10 16 9 20 13 23 7 26 27 12 15 5 14 13 3 8 5 21 20
36 22 21 37 34 20 28 21 28 44 33 23 20 18 29 15 26 13 29 23
16 16 23 13 19 15 18 16 29 32 14 15 6 12 7 15 18 12 22 24
7 3 3 4 4 2 5 1 2 3 7 1 1 3 3 3 3 1 6 6
60 50 62 38 75 54 68 51 80 71 41 62 33 63 37 34 42 24 46 65
19 19 11 23 26 20 23 19 22 32 15 12 3 5 30 4 11 17 23 20
45 62 45 49 57 53 47 48 57 83 48 44 36 31 62 32 54 28 48 44
19 15 18 24 20 24 19 19 28 37 17 21 14 18 19 16 19 8 20 12
4 1 1 8 13 4 9 4 14 14 10 1 3 5 3 1 2 3 1 4
39 38 20 37 43 42 40 38 43 53 30 28 15 23 45 13 30 30 32 32
11 5 7 6 4 9 11 10 10 10 7 10 1 3 9 1 2 8 12 4
40 37 54 33 55 36 53 38 58 58 28 46 34 35 38 25 32 22 47 50
22 9 17 12 30 12 28 14 27 29 14 17 13 16 18 5 9 1 23 26
16 8 19 23 29 21 25 15 26 35 20 20 12 8 22 9 12 10 26 22
10 9 6 10 8 12 9 10 16 23 8 6 5 14 11 7 9 6 11 6
15 13 17 18 26 19 24 12 21 32 15 17 2 5 21 15 10 12 26 19
15 23 19 16 29 20 28 24 40 41 7 22 15 28 24 16 13 10 13 30
53 37 40 26 50 46 48 30 59 53 40 47 14 35 36 23 33 27 50 40
34 30 42 35 58 32 44 22 47 53 20 32 23 35 32 24 28 17 43 56
5 6 5 8 9 6 11 5 15 12 8 7 7 7 8 1 1 1 6 7
15 5 11 16 22 10 20 7 20 15 15 8 5 15 12 4 8 8 15 19
16 21 23 16 27 18 21 20 31 41 20 18 14 22 12 24 20 9 12 28
20 13 16 13 27 14 27 10 32 32 21 17 12 18 15 8 8 7 15 21
19 6 20 15 26 14 25 14 25 27 15 21 9 7 11 13 15 12 29 20
17 11 7 12 20 8 11 1 12 20 18 4 1 3 11 6 14 2 9 21
46 46 42 41 55 44 53 43 46 59 30 37 14 31 53 21 39 34 56 48
36 24 23 31 35 31 34 32 34 34 31 29 5 27 23 18 25 25 28 30
21 7 19 24 31 19 26 9 29 35 20 20 7 14 14 14 17 17 29 21
9 13 12 11 13 4 12 6 17 22 13 8 7 7 8 8 9 1 8 14
64 49 43 61 70 45 60 40 64 80 51 44 29 31 48 38 46 39 61 53
59 47 33 62 71 50 61 27 65 86 57 47 27 23 58 44 49 42 63 48
52 55 39 45 62 38 60 33 59 62 43 49 35 37 62 35 41 23 59 57
49 23 15 39 42 39 41 26 53 56 38 38 18 29 27 14 29 37 43 21
9 4 2 7 8 7 13 7 17 16 6 10 3 5 6 1 4 10 12 1
32 32 30 20 59 32 45 23 57 51 28 34 17 42 28 18 18 14 23 52
18 21 15 28 27 20 24 17 30 48 19 21 16 10 28 18 14 16 27 20
22 23 24 23 35 24 30 23 39 42 26 27 18 17 16 29 22 23 22 25
32 31 27 16 39 40 46 31 42 46 22 34 16 31 41 25 13 18 36 41
45 30 35 21 47 44 49 31 59 50 33 44 11 28 36 18 30 33 49 34
51 58 60 53 63 63 52 57 76 79 37 59 45 60 47 29 48 32 45 66
39 27 32 31 55 31 48 23 40 44 39 30 18 21 24 29 20 21 33 41
54 52 47 43 62 61 64 58 66 69 38 46 20 44 53 39 40 37 42 52
23 16 11 22 20 16 12 11 26 27 23 8 9 14 14 6 20 12 14 16
28 31 32 23 45 24 36 23 43 40 28 27 14 27 31 15 23 4 27 48
2 9 16 14 25 4 21 6 23 28 16 9 10 7 13 8 9 2 14 20
42 37 35 38 43 26 42 29 51 55 23 34 25 33 37 23 35 22 40 39
13 16 17 18 28 17 26 20 30 29 11 17 11 20 15 14 9 6 13 22
22 23 16 20 19 22 18 21 27 30 18 24 11 14 26 13 21 6 20 14
19 20 13 27 32 15 33 13 39 47 25 25 23 17 26 14 16 12 28 19
49 38 43 39 58 48 60 39 72 65 36 56 28 38 41 32 40 39 58 40
15 13 15 9 20 11 26 12 24 17 2 17 7 20 16 11 9 1 16 18
24 16 19 20 20 22 22 15 31 34 24 22 3 13 16 18 19 17 23 11
2 1 8 7 4 1 4 1 2 7 4 1 1 1 2 1 4 1 11 5
55 47 53 59 75 54 67 46 66 76 50 54 33 48 49 46 53 36 58 56
12 4 5 8 11 7 17 10 14 14 12 14 6 4 7 2 1 3 8 5
2 1 1 1 6 1 7 1 3 5 1 1 1 3 1 3 1 1 4 6
4 14 10 9 11 12 19 19 23 20 1 14 7 13 10 10 1 8 10 13
45 51 41 54 76 53 64 39 68 79 47 47 30 42 56 35 47 32 55 60
54 50 56 43 59 57 56 51 66 77 20 56 41 52 66 26 44 22 62 54
59 50 53 55 66 49 51 25 56 77 46 41 20 39 51 46 51 24 58 62
10 10 13 9 15 10 17 9 16 13 12 16 1 10 15 4 4 4 18 15
41 35 27 50 50 40 34 33 48 63 25 30 25 36 39 20 41 27 36 42
2 5 11 6 1 4 4 4 8 7 9 4 1 1 1 1 6 1 8 4
1 3 2 1 4 2 7 4 8 7 1 2 5 2 3 1 1 1 3 1
41 33 25 33 44 35 30 28 57 59 34 35 31 38 35 18 34 24 28 37
7 6 7 10 8 6 9 8 11 15 4 9 1 9 10 7 6 7 13 9
16 17 8 22 20 13 20 16 30 32 24 14 14 14 20 5 14 14 13 7
2 8 5 5 5 1 2 2 10 15 9 1 4 1 7 1 5 1 1 6
14 8 11 19 17 9 13 7 19 28 12 7 6 9 9 5 15 11 17 13
39 34 16 32 44 34 41 33 48 53 26 33 20 30 49 11 25 18 30 36
28 19 21 19 32 12 25 15 27 29 35 21 12 9 14 8 18 4 16 25
12 13 13 9 14 11 17 10 27 26 15 16 8 7 11 12 13 10 19 12
45 30 36 38 44 39 36 34 56 52 28 38 21 37 32 19 35 23 40 41
32 39 27 25 28 34 25 32 43 46 24 28 21 33 34 21 29 7 13 36
66 47 36 54 66 56 65 43 61 73 54 58 25 25 54 44 39 43 57 39
23 12 19 26 25 19 11 8 21 33 20 6 4 9 15 12 20 9 18 27
11 7 11 17 13 16 16 12 17 26 10 8 5 6 15 6 10 13 21 12
44 37 49 26 58 37 51 28 66 56 22 44 28 49 20 27 31 20 42 59
5 9 7 4 10 7 13 12 15 18 1 9 9 8 14 7 6 5 14 9
5 1 1 2 2 1 8 3 9 5 1 2 1 2 2 1 2 5 7 2
38 27 20 23 38 20 32 19 33 38 23 25 6 16 30 14 23 13 36 39
6 1 2 1 11 1 16 5 14 10 2 6 4 1 3 1 1 1 9 6
2 1 4 4 4 4 5 1 7 5 6 1 1 2 1 1 1 2 5 1
49 31 37 27 43 44 41 26 52 50 47 40 10 27 31 34 33 28 39 34
48 34 31 37 60 50 64 35 60 61 47 54 24 27 39 43 28 38 46 31
35 30 12 26 38 38 33 28 53 48 26 33 11 39 29 21 29 23 21 26
45 42 36 47 31 35 17 30 45 57 36 34 17 26 34 30 50 21 34 33
9 3 5 11 5 3 5 2 3 3 12 2 1 2 5 1 3 2 9 6
41 24 31 40 57 27 46 22 45 56 38 32 17 26 33 24 29 13 36 42
32 33 29 29 40 40 27 39 51 55 34 34 17 32 22 28 29 31 19 31
14 11 8 11 16 13 16 7 21 27 4 8 2 14 14 12 13 4 10 16
29 34 22 25 46 39 42 34 48 55 28 29 13 30 36 23 22 22 24 35
64 60 46 58 79 46 63 38 74 84 57 53 42 37 55 47 63 32 62 71
9 10 4 11 11 3 7 4 12 17 9 1 4 8 10 2 5 2 4 10
47 52 48 53 69 58 59 54 71 83 44 49 37 53 53 38 44 23 34 58
39 34 10 39 45 30 40 18 54 56 45 34 33 35 36 24 28 27 28 19
32 30 18 25 22 32 26 33 41 44 26 33 19 21 30 11 22 18 18 12
46 31 28 51 55 39 42 33 51 62 46 41 38 31 44 27 37 24 38 39
44 51 35 43 56 41 50 39 66 66 41 48 42 48 48 35 28 23 31 51
43 33 26 42 40 28 44 29 49 54 21 42 35 28 32 30 29 25 47 28
24 20 22 18 24 22 29 23 39 38 16 21 18 20 19 11 20 13 24 24
8 5 13 11 12 11 11 9 18 19 6 8 7 3 2 10 12 7 18 11
58 49 57 50 77 50 62 41 57 66 43 46 28 54 55 39 38 24 57 73
20 15 14 20 24 15 24 14 23 32 31 19 18 9 18 16 15 9 18 9
53 41 46 54 72 52 70 30 65 79 38 57 36 27 53 35 41 29 69 48
13 4 13 18 25 16 15 6 24 30 18 16 6 11 11 11 15 14 23 9
1 1 4 4 6 4 7 1 7 11 6 2 1 1 1 1 2 2 7 1
10 5 10 12 9 9 12 9 15 21 12 10 13 4 7 4 8 4 14 7
24 28 14 37 40 22 34 17 40 53 26 21 22 16 34 23 28 14 27 29
21 5 20 25 38 17 32 5 30 36 19 22 12 12 15 13 10 12 33 26
30 22 14 33 46 36 31 19 35 51 31 21 10 26 36 20 19 19 25 30
20 5 8 19 28 16 24 9 24 27 13 9 1 17 17 7 11 12 20 24
36 34 41 37 46 32 42 35 47 54 37 37 28 33 28 35 33 16 30 40
61 50 49 33 69 59 75 54 73 66 42 63 32 54 42 35 24 42 43 52
13 10 15 17 14 7 8 6 20 26 17 4 9 4 6 3 16 5 12 15
10 10 7 12 14 4 12 4 12 8 13 4 3 3 8 1 7 3 9 14
32 31 22 21 40 36 42 34 52 50 15 33 13 29 33 22 25 26 31 29
20 6 9 22 23 10 22 8 24 27 22 14 10 9 9 6 12 14 20 14
9 16 14 12 8 11 11 13 24 24 4 10 13 11 12 6 17 5 13 15
44 42 43 32 49 46 44 42 60 69 40 47 25 35 43 19 47 35 51 31
19 15 23 20 25 11 24 9 31 32 10 16 11 18 8 15 22 10 26 27
42 33 33 28 44 49 47 32 50 60 34 41 11 28 43 32 24 24 39 31
10 7 16 9 17 8 17 6 15 15 15 11 5 9 8 8 10 5 16 14
16 22 23 21 30 22 33 24 33 39 1 21 10 22 20 21 10 13 17 32
34 38 25 36 49 36 37 28 43 55 30 20 11 28 44 25 28 16 26 44
25 34 26 39 40 33 29 28 40 54 28 24 15 23 38 24 31 15 27 35
2 6 12 4 8 4 9 3 11 10 9 4 1 2 3 3 5 1 8 10
26 27 36 19 39 34 46 35 47 46 19 37 20 30 29 17 18 17 36 30
11 15 19 16 22 13 21 14 29 34 18 19 13 13 18 8 11 6 21 19
2 4 6 6 6 5 6 5 7 13 5 2 3 6 6 4 1 3 6 5
21 23 24 20 36 14 32 20 41 43 15 19 13 21 19 14 20 15 26 33
28 19 19 31 39 21 35 9 36 45 24 30 20 6 27 19 28 22 46 24
24 15 28 18 31 21 26 21 35 41 28 23 13 13 12 20 23 15 25 22
37 32 32 37 44 29 41 30 58 56 24 40 27 39 27 14 28 18 35 32
57 50 45 59 56 37 47 44 63 70 38 47 39 38 48 27 49 23 48 52
39 31 35 47 50 12 41 19 39 49 34 32 26 16 33 19 34 14 44 42
11 13 12 13 17 12 18 19 25 26 4 16 15 16 18 8 13 6 14 18
22 11 13 10 27 18 28 20 25 29 21 21 12 16 21 13 6 7 12 11
7 1 3 8 7 4 5 1 9 14 8 7 1 1 6 8 10 7 13 1
31 34 28 34 29 34 23 34 38 45 34 26 19 35 34 19 29 13 14 21
8 1 4 3 21 2 19 3 13 15 3 8 4 8 14 2 1 1 10 14
43 42 27 53 61 50 54 42 53 68 47 45 27 29 55 34 36 29 44 35
9 12 6 12 11 8 8 10 12 22 8 7 9 8 15 9 8 3 9 10
27 13 19 18 38 29 30 21 39 31 23 23 9 28 17 12 17 18 21 25
33 36 41 39 56 36 52 27 48 62 35 42 33 26 46 23 31 20 54 43
47 53 41 55 71 52 62 50 61 74 53 49 34 36 55 40 38 29 36 53
18 15 15 26 30 11 20 9 23 32 18 10 10 14 19 6 15 7 18 27
13 4 6 12 22 7 18 9 21 22 9 8 7 13 6 6 10 9 11 16
18 24 25 10 17 20 24 22 36 27 12 25 8 14 19 1 16 7 24 22
8 1 10 7 11 10 11 6 9 11 12 6 1 4 2 3 2 4 7 6
22 28 14 25 31 33 40 30 43 46 29 34 29 19 34 25 22 25 30 16
18 7 11 17 30 16 25 12 26 32 18 17 11 13 17 6 11 14 21 17
5 1 10 6 16 1 18 1 12 12 6 8 1 3 2 1 4 1 17 13
26 17 14 18 24 31 16 16 33 39 25 21 7 24 20 14 16 11 17 11
9 6 5 7 5 4 5 2 12 13 8 4 2 6 2 7 10 6 8 7
11 4 11 16 15 9 11 6 9 25 15 8 13 1 11 11 15 7 19 7
16 10 19 12 15 16 9 9 22 26 22 15 4 6 5 17 20 10 17 10
4 3 11 7 7 1 10 1 10 10 1 3 4 2 2 2 7 1 16 10
46 25 29 36 59 46 52 30 47 53 37 36 2 24 37 26 26 32 43 39
21 10 18 25 27 25 16 11 25 34 27 14 2 7 10 13 19 15 17 15
32 23 22 34 43 26 33 20 38 47 46 28 17 19 20 29 27 18 24 20
9 6 13 12 17 5 16 1 14 11 11 8 1 10 7 1 4 5 15 17
26 24 17 24 35 22 32 21 31 27 18 20 10 28 25 19 16 8 18 34
16 11 14 21 23 7 17 6 16 26 18 11 9 1 18 1 11 3 21 17
19 11 13 22 25 15 18 13 22 27 21 12 2 19 18 7 13 11 18 19
25 28 23 21 22 19 15 22 36 41 23 16 16 21 16 16 27 13 19 25
31 29 39 37 58 35 59 31 46 54 19 37 22 31 43 35 25 23 48 48
44 42 31 43 45 44 35 41 48 64 48 36 16 33 43 25 40 27 28 36
6 9 8 7 17 13 15 14 22 22 9 11 5 14 6 11 7 9 5 12
15 6 12 18 16 9 18 9 18 18 14 8 5 11 8 5 13 12 19 16
32 31 41 30 56 35 49 24 56 58 29 46 20 30 31 38 35 17 42 38
27 20 29 21 32 16 33 12 33 30 22 22 12 18 26 7 17 9 34 34
52 52 41 46 55 36 42 32 60 68 40 40 26 48 49 25 45 13 42 52
25 25 26 37 29 22 25 22 35 44 23 26 30 19 31 12 30 8 31 23
9 5 14 9 8 9 12 10 13 16 12 10 5 3 7 6 10 6 14 7
14 26 26 12 38 22 33 20 45 38 18 25 22 32 18 18 17 5 13 34
11 10 11 8 13 9 11 8 13 20 10 6 1 11 11 9 9 1 4 14
32 25 26 29 34 23 38 25 36 42 29 35 29 12 29 18 25 17 36 15
35 43 31 42 48 38 43 31 49 67 30 33 26 34 55 32 30 14 32 43
44 48 39 50 60 53 53 40 56 71 52 44 37 38 43 48 43 40 38 45
5 7 7 7 10 7 14 9 15 12 9 8 10 4 9 1 3 3 10 8
49 46 30 47 57 47 41 39 57 71 51 38 18 43 49 28 48 28 38 49
52 44 36 60 59 41 46 33 58 73 56 42 28 39 44 26 39 35 43 41
31 22 29 28 38 37 34 23 47 43 26 34 10 26 25 21 26 20 30 26
13 4 9 15 13 4 9 3 11 19 8 4 7 9 9 8 11 6 15 13
44 47 38 41 60 41 58 42 61 67 24 50 36 32 38 25 24 33 41 50
62 46 50 53 70 53 61 38 61 73 47 57 40 49 59 51 47 27 61 55
2 2 7 1 3 5 7 8 6 8 6 6 1 1 2 2 1 1 5 1
10 6 7 7 11 5 17 7 18 15 9 12 10 6 7 4 5 6 9 6
56 29 23 48 62 40 51 18 48 60 54 41 16 33 40 24 27 29 46 38
18 19 31 15 23 21 17 12 31 39 11 18 14 20 16 10 21 7 31 28
1 1 1 9 3 1 4 1 4 5 6 1 1 1 6 1 1 1 5 2
1 2 7 2 10 3 9 6 9 11 4 4 1 1 9 1 1 1 7 8
4 1 1 8 9 1 1 1 1 7 6 1 1 1 7 1 1 1 1 8
50 38 48 32 62 48 58 41 62 66 57 52 28 36 27 50 44 32 41 40
26 24 24 16 37 26 36 23 42 41 29 33 14 12 23 24 27 18 34 24
26 19 18 19 25 16 31 18 41 40 16 25 14 13 13 10 22 21 33 17
33 20 33 27 46 35 45 24 33 49 25 29 13 19 32 26 17 16 39 35
29 29 17 33 30 33 26 35 43 48 30 30 22 27 33 16 25 22 20 21
52 33 51 49 54 50 43 32 66 72 47 54 31 33 27 36 42 33 50 37
9 7 3 7 11 7 9 9 12 18 7 8 8 3 15 5 6 7 11 8
66 58 49 59 65 51 53 34 62 78 61 54 42 37 48 53 66 32 57 54
26 17 21 19 32 18 33 9 46 43 23 28 17 24 18 11 18 10 31 28
50 57 46 43 72 50 55 44 76 83 46 50 47 59 45 41 50 21 38 61
54 49 42 53 64 43 60 36 67 76 41 59 49 36 55 23 48 30 71 40
55 44 26 52 64 47 50 22 59 72 65 45 39 35 41 41 41 36 40 33
44 33 25 36 50 22 46 26 54 55 39 31 18 18 36 11 29 17 40 40
54 51 40 42 51 41 54 35 69 77 30 56 43 43 57 33 42 20 57 43
38 34 35 48 60 41 49 22 49 70 36 34 25 12 45 41 42 31 49 40
39 34 37 31 42 27 42 29 47 50 35 43 24 26 30 15 22 13 37 36
4 5 8 7 9 7 12 9 12 13 10 6 8 4 11 1 4 5 10 6
3 1 4 6 16 1 12 1 8 16 6 4 6 1 8 2 1 1 8 8
5 1 7 11 12 9 8 5 1 20 11 3 5 1 13 8 6 3 11 5
23 24 11 23 36 20 25 20 29 32 19 13 8 27 24 11 11 12 13 33
16 5 14 17 16 13 15 8 18 26 10 14 4 4 10 13 15 9 22 7
6 9 11 8 10 10 17 13 18 13 4 10 2 12 8 12 8 2 11 10
21 9 10 27 37 13 31 4 29 38 25 17 21 17 14 16 11 16 24 15
63 55 33 63 63 48 54 47 77 80 41 57 40 53 50 30 50 37 51 51
15 15 8 16 18 14 13 11 25 34 21 10 11 14 13 15 18 13 10 10
56 56 48 46 71 58 70 54 77 70 42 59 22 64 54 31 39 40 50 65
16 13 14 19 16 16 19 15 22 21 9 18 6 16 12 22 17 10 21 13
25 7 22 13 43 25 39 13 31 34 26 25 7 23 22 12 4 8 23 28
37 25 24 27 46 30 41 24 45 47 31 30 10 20 27 15 25 24 33 39
25 27 37 19 32 33 37 36 45 39 21 34 14 31 12 28 15 24 22 32
2 2 8 4 3 2 8 1 10 13 4 4 3 1 1 2 7 2 11 2
6 1 7 1 12 2 15 2 9 7 5 8 2 3 1 1 1 1 10 6
22 10 15 17 17 15 20 17 25 21 13 12 8 16 14 5 10 11 18 20
27 22 25 19 36 21 28 20 24 32 27 16 4 12 21 17 18 10 18 34
10 8 7 9 10 8 14 9 20 21 6 11 5 5 10 1 6 11 13 7
10 5 5 11 12 3 9 3 8 12 10 5 6 6 6 5 6 4 8 10
26 8 24 19 42 20 37 16 36 36 28 27 16 19 9 20 12 18 23 23
31 31 34 11 51 27 50 22 62 50 27 43 27 39 23 23 16 12 31 46
26 21 19 24 36 28 43 29 38 45 19 31 16 16 30 22 12 17 28 22
11 11 11 9 17 14 16 16 18 23 18 12 16 11 16 8 7 4 6 7
10 8 5 10 9 8 11 10 19 24 5 7 4 6 11 4 9 11 15 5
60 60 48 36 65 62 69 54 79 86 50 65 46 52 56 49 52 26 51 55
8 17 16 16 9 11 12 11 24 28 13 8 10 13 13 9 15 6 15 15
51 45 31 46 58 51 52 47 65 67 40 49 28 44 32 35 30 36 26 42
31 12 29 26 39 30 36 14 31 31 25 28 1 15 23 17 16 19 37 29
28 25 11 24 31 26 34 29 48 42 23 29 22 29 23 15 15 20 18 20
10 6 15 15 9 7 8 2 15 21 15 8 5 1 4 7 16 6 19 8
14 22 15 21 15 20 18 21 30 31 16 20 20 19 20 13 14 6 12 10
27 18 33 13 28 19 29 19 28 23 27 22 7 19 10 14 18 10 21 29
30 39 31 35 43 23 34 29 43 57 28 29 24 22 35 24 33 11 30 45
15 10 9 11 10 6 17 5 22 17 14 10 4 6 6 3 9 9 14 9
11 11 12 19 19 15 13 11 7 21 16 8 2 7 21 12 8 2 10 16
51 45 45 46 72 58 62 24 65 74 44 49 30 45 57 43 40 22 59 55
31 24 29 26 41 34 27 24 46 52 24 24 8 30 19 27 31 20 23 34
10 6 7 5 16 8 20 11 14 20 7 10 5 1 17 2 4 7 19 9
6 8 12 6 6 9 5 9 12 20 8 6 3 2 9 7 10 4 11 10
35 41 21 33 46 31 34 29 54 58 34 29 22 36 38 21 31 17 27 38
51 47 44 51 63 55 49 53 60 73 46 48 30 48 48 33 51 35 48 52
32 25 36 19 43 34 36 34 42 50 30 33 18 31 10 29 24 27 26 35
27 33 24 31 45 30 32 24 39 48 28 17 12 26 39 18 24 11 25 46
22 23 31 19 31 17 30 20 30 31 26 25 9 12 23 9 19 5 29 33
22 6 13 15 23 9 23 7 15 14 21 13 4 9 10 3 7 2 15 16
60 41 56 37 74 58 67 39 78 80 52 65 33 38 30 35 43 38 59 50
21 12 16 19 32 19 25 16 30 26 21 16 5 24 15 8 17 17 20 25
61 35 44 52 62 46 53 32 64 73 46 50 27 41 33 37 39 34 50 35
31 26 41 47 43 38 34 28 40 59 26 37 25 25 39 26 34 16 47 33
23 7 16 15 29 14 21 3 20 19 19 17 1 13 14 10 12 6 28 28
52 47 46 33 46 55 46 50 65 68 41 56 29 41 45 37 46 31 43 31
6 6 6 11 8 5 4 4 10 16 13 2 5 2 9 4 6 4 7 4
45 51 49 40 56 38 53 47 69 70 30 53 47 46 37 40 43 16 41 53
13 11 14 25 26 14 18 9 23 34 17 8 5 8 16 12 17 11 20 23
44 32 27 32 41 31 42 26 47 52 26 38 23 31 40 15 22 10 40 34
32 37 36 30 40 34 42 37 52 53 4 40 25 35 32 23 26 20 35 44
44 36 37 47 47 45 27 38 56 63 41 45 43 39 41 33 43 35 42 37
15 13 12 15 15 13 19 14 25 18 15 14 6 13 15 5 10 14 20 11
38 47 31 45 57 38 50 33 44 63 32 38 19 24 44 45 33 26 38 48
25 20 16 28 38 25 38 14 36 49 24 28 18 25 38 18 16 8 32 28
48 46 30 32 50 47 44 33 63 70 50 45 33 43 43 32 36 14 28 36
19 15 18 22 32 24 27 16 28 41 14 20 14 15 23 20 14 11 24 20
30 14 15 11 35 28 37 24 38 29 21 27 3 23 21 3 9 19 20 22
27 27 16 31 33 35 31 26 35 47 34 27 12 17 34 24 27 24 24 17
61 57 61 39 74 58 65 63 85 85 47 66 45 53 38 36 49 41 49 56
4 6 1 1 4 5 8 9 13 11 1 8 7 2 9 1 2 3 6 2
9 6 9 14 10 9 7 8 11 18 11 3 6 9 9 3 9 7 11 7
10 8 5 10 11 13 18 14 26 26 8 17 14 6 12 2 6 9 16 4
59 41 45 31 55 57 53 43 71 70 47 60 24 34 41 31 44 35 46 36
34 26 40 30 54 21 49 14 46 48 30 37 34 24 28 14 28 8 44 41
13 12 9 17 19 16 13 12 21 30 15 6 8 12 17 4 11 9 12 14
3 6 7 9 13 3 11 9 16 17 6 6 6 4 11 5 5 4 9 10
50 51 43 34 63 57 55 43 77 83 46 56 38 52 40 48 47 29 40 50
1 1 2 1 4 1 10 1 9 8 2 5 4 1 2 1 1 1 8 1
44 42 34 41 45 47 44 37 50 65 36 44 26 25 39 37 31 25 43 31
8 7 10 16 11 13 15 14 15 20 15 11 6 12 16 10 8 8 11 5
56 34 43 40 68 46 66 36 65 63 32 58 28 41 38 28 29 27 53 50
17 11 19 17 34 11 36 7 33 38 15 25 13 11 19 11 10 11 33 24
10 17 20 13 13 10 12 12 22 30 6 13 13 15 17 8 17 1 17 19
49 40 39 55 60 47 55 44 52 74 30 42 28 35 51 33 43 32 52 44
28 24 21 30 31 21 17 13 30 45 34 19 12 10 24 17 30 15 24 21
46 56 49 37 53 40 50 48 61 64 30 46 31 38 40 31 41 26 41 51
14 8 13 21 27 10 22 7 19 32 24 14 16 1 14 11 14 8 20 14
30 14 22 24 27 31 24 26 28 38 32 27 5 16 19 21 20 27 28 15
23 36 11 41 39 32 31 31 36 54 29 23 17 22 48 17 25 23 26 25
2 1 2 4 8 1 5 1 8 13 3 4 5 1 3 1 1 1 4 3
18 14 10 22 25 20 29 15 24 35 14 16 7 14 29 11 11 13 22 16
2 3 10 3 8 3 4 1 6 13 6 1 1 3 3 1 1 1 4 9
14 18 10 21 16 12 8 14 22 26 13 7 9 15 19 2 17 1 8 22
12 5 4 2 17 5 18 8 22 17 2 8 8 8 10 4 5 4 11 13
28 32 36 28 45 38 30 35 35 45 30 23 12 29 16 32 18 24 9 41
31 23 23 26 35 26 34 27 32 44 16 23 10 13 33 16 20 14 34 29
17 14 3 2 19 15 25 16 27 26 3 17 10 10 23 1 6 11 15 10
9 16 13 6 13 12 16 14 30 28 10 15 9 11 13 3 9 5 12 13
25 9 18 14 28 23 27 15 23 31 20 18 10 21 17 13 11 10 19 23
26 19 19 19 22 9 19 9 25 25 21 14 1 9 10 10 24 8 24 29
14 9 16 16 28 15 26 15 29 28 15 19 6 17 17 14 11 13 25 22
57 36 39 44 61 54 57 36 66 64 48 57 25 45 32 28 38 34 47 30
52 44 23 65 67 41 50 21 60 79 52 44 41 36 47 28 46 37 51 39
16 13 22 21 25 24 20 20 32 36 14 19 17 16 6 15 16 17 19 18
14 20 16 23 29 25 23 27 36 41 14 22 21 27 19 12 13 14 9 25
5 5 6 1 3 2 2 1 9 8 7 1 1 1 1 4 8 1 3 8
57 46 39 63 73 46 54 34 72 82 50 55 41 44 52 24 48 29 57 54
1 6 3 4 9 1 7 4 13 15 5 1 6 2 8 2 2 1 1 6
53 53 44 44 55 49 42 51 62 70 53 46 29 33 34 39 49 32 35 47
19 1 10 14 23 13 28 8 21 25 14 17 9 7 11 2 1 9 20 12
65 42 45 49 66 45 67 46 63 62 51 55 24 45 42 37 41 32 54 52
42 39 32 52 47 41 27 31 43 64 52 31 9 19 43 29 46 30 36 33
38 32 27 18 36 22 36 17 43 38 28 26 10 26 28 19 23 11 34 45
49 49 42 54 48 42 37 45 70 71 38 47 42 47 42 28 44 25 40 42
19 6 11 16 21 12 22 8 21 23 14 12 6 15 13 7 12 13 21 17
30 36 33 32 43 40 33 35 53 60 30 35 24 35 23 35 30 26 22 38
13 13 9 11 6 9 8 10 20 25 8 8 1 10 8 6 13 10 13 9
24 7 16 15 30 15 28 10 28 29 23 22 12 13 14 6 9 8 20 21
19 27 23 26 30 17 21 20 33 37 33 18 14 16 23 9 25 4 19 25
41 35 37 21 53 38 62 37 63 51 20 49 25 42 39 14 25 22 44 39
47 42 29 33 57 43 50 28 64 75 34 41 20 39 48 27 37 23 44 44
44 34 38 39 55 51 52 27 52 60 35 38 12 31 45 41 30 32 50 40
39 37 32 41 57 43 49 35 66 62 30 48 20 43 30 28 34 29 34 37
39 42 32 55 57 47 53 35 56 74 34 37 32 28 55 39 42 28 46 45
50 37 28 27 54 48 62 39 69 58 34 51 31 41 24 30 18 39 36 36
7 4 6 7 12 6 16 9 16 10 7 10 5 7 5 10 7 8 12 10
23 20 11 19 28 25 22 25 33 34 25 19 10 22 15 12 17 17 10 19
25 25 20 16 33 24 36 23 44 41 11 29 15 27 21 24 16 11 22 31
15 16 20 19 26 18 32 17 30 31 5 22 8 15 22 16 13 11 27 23
8 8 9 14 17 7 15 6 13 29 10 7 6 4 18 11 10 5 16 13
10 7 5 12 15 4 21 7 13 16 13 11 10 2 16 7 7 7 18 7
11 1 11 12 19 4 19 1 24 23 11 17 7 3 1 9 9 9 22 6
13 17 10 15 19 9 16 11 27 26 15 9 13 13 16 4 14 4 8 18
41 35 36 50 51 27 44 30 44 57 23 36 35 33 44 27 33 16 41 44
44 32 35 15 52 43 60 41 49 48 41 44 14 36 31 28 26 34 44 36
30 18 18 23 34 26 20 16 46 48 21 21 13 22 17 13 29 16 23 27
38 19 28 32 49 24 42 16 32 42 37 37 15 25 24 21 15 12 34 28
40 45 31 35 32 44 23 46 50 51 43 39 23 38 40 22 35 26 20 27
39 32 34 35 49 38 46 24 50 57 54 47 30 25 25 42 35 30 42 27
24 13 14 26 27 13 21 12 19 27 29 16 9 9 16 4 13 9 17 18
38 39 22 33 40 44 42 45 59 61 30 42 21 33 38 21 35 32 33 22
3 5 2 1 10 4 12 9 13 12 1 6 4 7 10 2 1 1 8 10
6 1 4 11 11 1 10 1 5 12 7 1 5 2 8 1 3 1 7 10
64 50 51 62 70 61 57 50 58 81 49 49 19 30 53 41 58 51 61 43
32 23 27 30 44 35 36 26 42 54 17 30 18 23 33 27 24 25 38 35
46 28 31 33 67 40 64 26 64 56 45 48 26 42 33 22 20 28 40 39
6 8 9 9 6 6 9 9 14 16 3 7 9 3 11 2 8 4 16 8
20 13 14 7 19 17 24 19 27 24 17 14 1 15 11 11 12 13 15 16
41 17 21 30 45 31 41 22 47 45 39 33 16 19 22 21 21 27 29 27
28 23 27 14 44 31 40 20 39 45 30 26 13 28 30 23 8 5 20 36
27 18 27 20 35 35 29 28 24 36 22 16 6 23 22 21 16 21 22 29
38 39 19 34 40 39 35 29 51 58 37 33 21 32 46 21 34 25 34 31
48 43 48 39 67 64 67 45 72 74 29 58 26 53 44 40 23 34 49 55
52 53 60 27 78 64 76 59 73 73 38 56 24 54 46 41 36 42 51 64
45 34 23 38 50 34 48 29 52 47 37 34 26 40 35 28 26 19 34 38
19 17 8 25 27 17 17 15 29 34 16 11 12 20 28 1 15 8 11 20
45 17 24 34 51 37 51 24 53 53 38 41 25 28 22 24 20 34 42 23
54 43 33 54 68 52 59 30 58 74 47 46 17 47 58 39 46 35 57 54
20 18 14 22 25 22 22 25 31 31 21 15 11 25 20 14 14 11 10 17
66 49 45 58 70 59 61 44 68 74 50 57 14 42 59 33 54 43 62 50
3 14 5 6 4 6 12 11 21 19 6 10 5 4 15 3 2 2 6 4
15 28 29 23 33 28 38 26 42 40 24 35 24 21 29 22 21 9 24 26
61 61 39 55 61 52 52 47 66 79 36 45 27 50 68 26 52 29 52 56
40 42 28 40 53 41 37 32 55 60 49 40 18 34 40 29 44 24 34 37
26 20 20 16 27 18 24 10 28 35 22 15 8 14 28 8 12 4 25 30
46 58 52 50 67 50 60 49 62 83 36 48 37 34 49 53 51 37 54 59
7 10 5 12 7 13 8 13 17 16 11 8 9 11 12 1 6 5 4 8
57 50 55 45 67 57 55 40 64 85 45 49 30 40 44 53 53 29 52 55
18 2 3 12 18 8 19 4 19 24 15 19 7 1 7 10 8 14 21 1
8 9 8 13 9 11 7 9 12 15 12 5 1 12 5 6 8 8 8 5
30 22 28 36 50 33 44 20 37 50 34 32 26 21 23 31 14 26 34 30
3 3 9 9 10 3 13 5 12 8 5 5 2 7 3 6 4 3 12 11
24 19 21 35 41 19 29 22 30 45 21 16 18 22 29 18 20 15 27 34
28 10 15 22 27 24 17 13 20 26 31 17 3 13 11 18 19 18 16 12
59 52 28 58 59 47 51 37 61 70 55 46 38 50 50 34 45 37 42 37
48 48 46 33 61 42 57 50 64 58 49 50 14 40 33 29 36 34 38 53
37 32 45 25 46 38 52 37 45 40 26 47 28 39 37 16 26 12 42 35
56 53 45 44 63 47 57 45 71 83 45 52 50 46 50 36 45 26 48 54
15 10 21 25 46 15 38 14 32 38 13 18 12 19 20 11 13 12 28 33
23 19 14 21 35 11 25 11 31 37 28 18 15 10 14 15 17 11 19 26
63 49 45 31 62 61 58 36 75 68 46 60 8 48 45 37 45 39 55 48
13 14 13 7 13 12 15 14 24 24 11 10 8 11 17 4 10 6 13 14
10 17 21 16 22 15 23 14 28 35 13 16 8 13 23 14 13 9 25 23
55 40 50 17 66 53 70 28 59 59 42 57 26 45 50 28 30 31 61 49
5 4 3 2 5 3 13 7 9 7 1 7 1 6 7 4 1 1 6 3
11 1 9 9 14 4 13 4 11 15 4 6 7 8 8 1 7 1 11 14
8 4 12 6 9 8 12 9 9 10 8 7 5 1 6 6 7 5 15 10
34 26 22 23 33 28 32 30 34 41 26 30 18 14 30 13 25 18 35 23
14 4 6 14 23 12 18 1 20 26 17 12 7 6 11 12 14 9 17 7
13 1 1 6 11 7 12 5 14 11 6 5 2 11 6 2 6 8 8 8
29 38 32 42 51 38 43 35 43 57 36 31 25 31 42 32 29 16 26 39
10 12 19 10 11 10 12 11 15 21 18 10 4 8 9 10 11 4 13 11
52 50 39 50 62 58 55 45 72 79 44 54 38 47 41 50 41 35 42 44
32 31 19 39 56 40 54 35 56 62 27 38 34 32 35 24 16 31 29 30
7 2 3 6 16 5 14 5 10 14 6 4 3 3 8 6 5 3 9 16
18 9 4 12 14 12 19 12 24 23 18 17 6 1 13 1 6 13 16 1
4 2 7 7 6 2 6 1 10 13 9 1 1 3 1 1 6 2 6 6
17 14 18 22 21 13 15 12 22 25 25 12 4 11 13 4 17 9 17 16
9 4 3 5 10 1 13 1 18 18 11 7 8 3 1 2 5 3 7 4
50 34 47 48 55 43 42 30 65 68 37 53 39 34 39 24 37 28 55 47
6 8 5 13 9 3 4 3 12 22 11 2 1 5 9 7 8 3 7 10
19 16 10 17 19 21 25 15 23 32 21 23 13 2 24 14 21 19 32 3
4 7 4 3 4 8 5 10 11 7 4 3 6 8 7 1 2 1 1 5
11 7 5 5 13 8 12 8 12 12 8 7 1 11 9 10 7 5 9 12
10 18 7 19 9 15 4 15 21 28 14 8 8 16 17 6 14 8 8 5
47 36 41 38 46 50 46 44 60 57 38 52 21 40 32 31 36 31 41 28
4 6 8 7 12 7 9 2 15 18 7 1 1 4 6 3 6 3 3 15
6 1 1 5 7 3 2 1 4 12 2 3 1 2 3 7 6 5 9 5
39 14 32 26 51 34 40 21 44 44 41 38 12 27 12 23 26 29 33 23
31 35 41 35 43 41 42 39 48 58 17 27 15 31 38 27 31 20 36 45
29 33 31 28 53 22 43 25 49 51 33 36 26 24 24 25 21 15 28 45
36 39 24 21 37 32 37 31 50 52 38 38 28 20 36 20 36 24 33 25
35 22 37 28 47 41 44 33 50 40 30 43 12 35 10 34 25 27 28 26
35 30 32 35 44 24 31 24 40 51 37 31 20 23 21 28 32 11 26 33
35 34 18 28 26 33 20 30 40 38 25 27 16 33 38 12 23 11 16 30
3 2 9 7 5 1 2 1 4 12 1 1 2 1 1 1 7 1 11 5
6 5 7 10 4 6 8 8 15 17 3 5 6 5 7 1 8 6 15 6
27 22 20 33 30 25 28 22 38 51 29 26 25 19 30 10 18 14 24 23
6 4 11 7 11 6 13 6 10 9 8 7 1 5 6 4 1 4 12 11
32 25 15 28 39 28 38 27 36 42 28 30 22 21 41 14 14 10 22 25
50 41 49 23 59 42 55 31 71 64 36 48 29 51 32 30 33 10 44 56
25 15 32 18 39 22 35 19 38 31 18 24 13 28 16 9 12 10 28 37
5 4 8 6 8 3 13 7 9 13 1 9 1 6 10 5 3 3 14 7
46 52 50 52 57 43 56 47 71 70 23 57 48 45 48 36 45 33 55 55
19 14 13 19 19 13 15 12 27 34 22 11 10 12 14 8 18 14 16 15
15 12 18 18 18 16 13 15 20 31 20 10 14 10 13 4 14 7 15 12
11 8 4 5 7 8 19 11 18 14 7 15 10 2 11 2 2 8 14 2
16 17 12 16 25 9 23 10 22 17 13 10 4 17 12 9 9 7 12 27
26 29 34 27 48 31 48 30 42 39 19 38 19 26 25 22 6 21 28 43
5 6 7 11 14 5 18 7 22 20 7 12 7 10 2 7 3 5 8 9
22 19 14 13 17 18 19 9 25 23 22 14 1 22 18 12 11 5 12 22
46 39 34 45 64 46 62 37 57 67 30 39 16 34 53 25 33 31 50 47
32 20 18 21 33 19 19 9 31 31 31 19 6 16 19 18 26 12 23 30
29 17 16 19 38 22 43 23 43 40 20 31 12 20 23 14 16 18 30 18
52 47 46 39 55 52 66 47 71 63 41 66 41 46 48 31 32 34 55 34
6 6 8 13 16 7 16 8 15 25 11 8 9 9 14 9 7 6 14 9
38 33 31 40 58 36 57 30 60 62 29 45 38 39 40 26 30 20 49 35
1 1 5 3 9 3 9 5 9 11 2 3 1 5 1 5 1 4 6 8
27 27 35 28 36 30 30 17 45 50 28 31 14 24 26 26 30 17 36 27
23 22 14 20 29 26 20 25 40 46 26 21 16 25 20 18 24 11 9 18
6 3 5 7 7 6 10 5 12 11 12 8 6 5 3 4 3 3 6 2
32 19 20 27 29 18 27 14 26 33 34 20 7 9 22 15 24 15 27 22
20 16 9 20 25 17 23 16 30 25 18 15 13 21 24 12 15 11 18 22
50 38 37 56 70 46 49 20 58 72 49 42 26 30 48 27 46 26 55 46
45 49 46 36 45 44 41 46 62 63 29 46 22 43 40 23 45 25 45 40
22 29 31 22 38 29 32 27 37 50 25 24 25 21 23 23 21 11 21 33
66 57 65 40 63 54 61 45 69 69 50 64 28 38 42 43 60 28 65 55
35 20 32 25 41 33 40 28 48 47 33 41 16 26 13 35 24 21 26 21
54 42 53 48 60 52 59 34 60 68 45 56 24 34 46 39 48 31 62 43
53 47 50 47 59 62 56 53 70 74 19 61 35 49 48 46 37 37 48 55
17 4 7 13 16 7 15 3 15 17 13 11 8 6 5 9 10 8 15 9
8 4 10 9 12 8 12 9 12 15 15 10 10 3 9 3 3 3 7 3
56 45 38 45 59 50 63 43 62 67 39 56 33 40 53 27 35 29 54 41
4 2 1 1 1 4 10 5 10 7 1 7 1 1 5 1 1 5 9 1
28 22 27 23 37 27 38 20 40 38 23 27 12 30 26 26 21 10 29 33
4 1 5 2 12 1 15 1 12 9 5 8 4 1 1 1 2 1 10 7
37 26 23 29 46 33 35 26 47 46 34 27 5 23 29 18 27 25 27 37
45 39 32 24 56 37 60 31 62 63 30 48 29 41 39 40 23 22 40 44
43 33 33 41 58 36 45 22 56 67 52 41 34 30 17 43 44 28 38 37
52 50 40 41 74 49 55 45 65 73 58 47 30 44 36 34 46 32 34 63
46 43 48 56 72 53 62 39 65 83 32 57 49 51 52 41 38 25 59 55
13 1 12 11 12 5 19 7 15 14 13 12 7 1 4 1 5 3 18 8
19 21 19 16 31 22 32 21 36 44 4 19 10 11 21 17 16 19 26 31
13 1 2 13 17 3 16 2 17 17 12 9 6 7 1 7 5 6 11 10
47 47 40 51 54 60 47 42 64 71 48 56 36 34 46 50 49 43 43 36
35 27 26 40 29 30 28 23 50 63 27 36 30 21 29 21 34 22 37 14
25 19 16 30 29 17 33 10 38 36 31 27 20 17 19 13 12 22 30 14
10 12 21 5 16 9 17 10 23 16 13 13 2 14 1 11 11 1 13 20
5 6 5 6 9 4 14 6 15 11 5 8 4 4 9 1 5 7 10 6
33 36 25 28 32 40 25 37 40 50 27 26 16 36 32 23 34 18 16 29
12 10 24 17 30 18 35 17 31 33 12 22 9 8 21 6 7 10 30 25
33 22 23 37 31 13 28 14 38 43 25 24 27 19 19 14 27 18 35 22
58 59 36 39 66 53 65 47 79 80 57 62 53 43 49 46 52 40 48 48
17 23 24 27 26 26 24 27 32 34 24 21 21 23 24 14 18 8 15 22
37 30 24 33 40 37 42 28 47 50 42 40 16 16 34 25 32 27 36 14
3 2 6 2 4 1 7 1 7 8 1 3 1 1 3 1 4 2 11 5
10 10 4 12 12 5 12 7 10 13 16 8 8 4 12 4 5 1 7 8
22 23 13 19 15 23 26 26 32 34 5 25 15 21 26 11 17 12 22 12
10 8 8 14 18 12 22 13 17 22 16 12 7 10 17 9 6 8 13 10
11 9 5 6 10 3 17 5 20 19 10 13 5 1 9 1 4 6 13 5
59 58 42 57 52 65 49 60 76 81 48 59 33 48 59 35 59 45 50 39
24 26 12 29 38 29 28 14 40 48 32 25 18 16 31 31 29 18 23 25
53 60 49 27 62 64 59 54 70 77 43 52 31 51 57 34 42 37 48 62
34 24 23 21 32 26 24 17 43 50 23 26 18 20 20 16 28 12 26 31
32 35 45 42 53 47 47 29 56 64 33 46 30 25 46 29 38 23 50 38
22 10 3 18 35 15 30 2 29 40 20 19 17 19 22 14 2 8 21 15
11 15 16 17 15 15 15 16 22 31 4 12 12 14 18 8 13 4 17 14
41 23 33 46 50 39 41 23 46 60 36 38 24 28 37 26 29 18 37 32
15 14 14 19 18 8 9 4 13 26 23 5 1 4 14 8 17 5 16 19
30 29 21 28 29 21 15 20 31 42 37 19 7 11 23 22 33 16 22 25
38 43 39 39 52 34 43 36 53 66 32 42 27 26 34 34 37 15 36 49
31 23 24 32 51 31 51 21 41 54 28 30 21 27 42 28 14 13 38 36
8 12 27 11 25 16 25 15 28 28 12 18 7 19 10 13 12 10 22 26
25 15 21 18 28 24 26 24 26 31 30 19 8 23 12 19 16 17 16 19
37 27 27 30 42 29 46 31 47 42 33 39 16 25 29 16 19 20 36 26
1 3 3 9 8 1 5 1 6 14 10 1 5 1 6 3 3 1 4 1
7 16 15 13 27 9 23 12 20 17 13 14 3 15 14 11 5 4 12 26
6 5 9 9 12 1 15 6 16 15 6 2 5 4 10 1 5 1 11 14
14 5 13 10 21 9 18 5 22 24 11 18 9 3 8 11 13 11 22 10
50 55 38 45 60 48 54 41 58 72 48 47 28 19 62 34 48 27 50 51
50 43 46 44 54 49 45 41 49 65 46 45 25 28 41 44 42 24 42 41
57 43 36 51 60 57 39 38 63 77 56 48 28 44 49 34 46 27 31 42
8 1 9 10 7 8 4 4 7 14 10 4 1 2 1 5 8 5 11 8
46 50 36 49 61 45 47 40 56 67 38 33 12 43 47 31 44 26 36 56
61 69 57 57 67 68 59 64 66 89 54 62 40 43 70 53 61 32 54 57
15 8 13 18 25 18 20 13 22 26 12 14 4 15 15 13 14 16 23 20
47 35 34 40 50 35 42 25 63 69 39 46 28 32 25 30 35 27 46 30
49 39 34 48 58 44 48 38 61 62 61 47 14 34 33 35 46 38 40 37
1 3 8 3 9 1 10 1 11 13 2 3 1 1 4 1 2 1 7 10
33 30 18 24 30 21 21 23 35 39 35 20 12 19 28 18 29 13 20 29
24 24 16 33 42 37 35 29 33 49 28 22 14 26 41 18 19 17 21 25
8 8 10 10 14 5 14 5 19 23 8 5 7 10 9 3 8 4 10 15
11 11 11 18 15 9 11 7 19 32 17 7 9 8 11 7 14 8 14 12
24 26 35 29 41 27 39 24 49 50 14 37 31 27 30 16 20 11 37 42
26 26 17 23 32 29 39 28 48 44 23 37 23 26 32 9 17 19 30 14
26 21 20 21 29 31 27 23 29 38 21 21 12 25 29 18 16 8 15 23
10 15 10 6 13 11 20 15 23 21 9 14 11 11 14 8 8 5 12 11
55 52 50 51 60 50 60 43 78 76 36 61 46 52 32 45 36 36 49 48
21 19 18 21 28 7 27 15 24 25 21 16 6 7 20 13 19 9 26 27
59 44 35 48 72 42 65 30 66 72 59 52 24 33 49 28 42 33 59 48
37 39 35 37 50 46 50 46 50 58 31 40 18 37 40 33 33 30 32 36
21 16 22 29 37 17 30 10 31 50 18 14 19 12 18 19 17 15 31 29
14 16 13 18 24 8 15 12 20 25 13 8 8 4 19 4 13 5 16 27
6 6 8 10 11 1 9 5 13 16 7 6 8 5 9 1 6 4 9 8
14 11 17 24 27 17 24 14 18 36 16 14 14 5 25 10 11 11 25 20
11 15 14 11 19 10 15 9 27 27 16 10 11 12 12 5 12 5 11 19
7 7 17 5 17 7 20 6 18 11 8 13 8 12 7 4 4 1 17 14
44 38 43 42 49 55 49 49 64 61 30 51 25 37 20 33 30 46 34 33
49 40 39 41 63 43 57 45 54 50 47 45 20 46 42 33 34 30 38 46
5 5 7 7 9 4 11 8 9 14 4 7 3 6 10 8 6 4 13 8
8 6 13 9 14 9 16 7 24 26 9 16 6 6 8 7 9 8 22 7
38 31 36 34 45 33 37 29 51 51 29 31 17 40 30 17 31 13 31 38
11 9 9 12 12 10 15 11 17 21 3 6 4 15 14 9 9 3 12 12
3 4 11 9 9 5 12 5 17 14 10 7 2 7 2 2 6 5 13 6
38 26 21 30 33 31 43 22 40 40 31 39 26 27 26 29 20 26 36 14
12 12 10 7 14 8 14 8 17 18 8 9 1 11 14 8 9 6 10 17
25 24 14 26 26 20 25 19 26 36 26 20 13 14 30 11 22 19 27 14
9 6 8 10 11 14 15 15 15 19 14 11 10 5 15 7 7 7 13 3
14 9 13 13 10 11 13 10 21 24 17 12 5 10 4 7 11 4 7 4
48 36 26 57 67 45 53 29 51 67 54 46 21 36 42 32 36 30 44 35
8 5 10 5 3 8 5 7 9 11 10 6 2 1 2 4 8 4 8 4
57 41 40 52 60 34 46 30 61 68 48 47 35 30 36 32 45 23 49 47
48 40 33 43 63 39 58 34 69 69 39 49 33 36 25 35 34 39 38 44
21 18 7 11 16 12 21 14 21 21 17 18 4 4 17 2 9 7 15 10
59 54 44 40 60 44 55 39 69 67 30 49 27 51 55 21 44 32 58 56
30 30 31 29 42 21 26 23 43 49 31 22 19 31 19 14 31 13 20 39
8 9 7 9 17 10 21 10 22 23 11 9 10 13 17 8 6 3 11 9
14 28 32 31 38 25 36 22 36 50 19 25 19 25 35 24 22 5 31 33
68 61 49 31 78 69 78 65 90 84 66 71 37 65 46 42 41 46 43 53
41 46 42 54 54 40 54 33 60 61 36 46 40 33 48 34 43 26 51 43
31 32 21 33 47 24 41 21 37 47 43 32 24 10 32 26 30 12 31 31
8 9 9 5 12 6 11 6 17 24 11 10 5 5 10 11 13 7 13 11
35 27 22 25 50 28 47 25 47 42 21 38 10 25 33 25 23 22 36 35
4 8 6 3 6 4 8 5 14 16 7 6 1 1 9 3 5 3 8 6
11 6 2 12 13 1 13 1 10 10 15 9 7 1 7 1 5 2 10 7
34 38 15 40 48 36 46 35 54 54 38 39 32 23 35 21 22 35 27 23
18 26 16 23 42 13 33 14 34 37 27 17 18 17 29 20 20 9 20 34
44 31 34 45 45 44 35 29 51 59 45 36 17 33 35 20 43 28 38 31
46 45 33 43 44 38 42 37 50 60 44 41 28 22 51 24 42 22 41 37
9 1 3 9 6 5 6 3 9 13 7 8 1 1 5 6 7 9 14 1
60 39 45 56 77 52 73 31 67 81 49 60 38 28 48 42 46 44 72 43
5 1 7 2 10 3 13 2 11 10 2 10 1 4 3 7 5 4 16 7
46 37 33 48 61 42 51 38 59 71 43 42 35 40 42 23 35 26 36 38
17 11 9 13 22 14 22 14 27 28 16 18 16 17 21 5 8 5 16 16
4 11 7 6 3 6 3 8 13 16 4 4 6 8 9 7 8 5 7 6
2 3 4 4 7 3 12 9 12 8 6 5 4 4 8 4 2 3 8 6
19 17 10 22 25 14 25 18 33 36 16 20 22 17 27 6 10 2 13 19
36 15 32 27 41 30 30 21 35 41 36 24 7 23 12 25 28 24 27 32
11 12 8 12 15 15 15 16 26 25 13 11 5 15 8 12 15 12 9 10
21 25 9 10 21 21 22 26 41 31 15 18 8 25 18 10 15 16 8 19
60 42 34 36 52 39 48 36 56 65 46 49 27 29 41 20 39 25 48 37
37 17 13 25 41 34 38 24 41 44 31 30 14 23 31 13 11 17 25 25
37 34 21 41 50 28 38 20 42 55 32 32 33 27 45 22 29 6 33 37
7 1 6 7 12 1 11 4 11 12 1 1 1 10 4 4 4 1 8 15
12 9 19 12 21 1 16 5 19 20 1 6 8 7 8 1 13 1 19 26
12 6 4 5 11 6 13 9 13 14 7 9 8 6 11 6 7 8 12 8
36 39 43 24 42 36 34 33 50 48 27 37 24 38 29 23 33 8 30 49
45 18 19 33 49 35 45 15 51 46 43 37 21 30 20 29 19 28 38 25
29 16 18 24 32 20 27 18 38 42 26 18 15 19 16 5 21 16 18 24
32 45 35 46 46 35 40 39 57 62 25 33 37 44 36 29 34 21 24 40
44 43 47 32 53 46 55 48 63 62 30 45 31 48 30 39 32 23 28 50
6 3 5 8 8 5 14 6 18 17 5 8 5 3 6 1 4 7 12 5
26 24 14 25 29 18 22 17 40 40 28 21 16 15 21 8 23 17 22 21
29 36 26 43 35 22 18 26 40 57 23 21 33 29 37 15 38 13 24 29
20 11 13 11 14 13 18 15 20 20 9 12 8 7 16 4 11 10 21 16
16 20 35 17 35 19 32 19 32 36 6 20 9 24 16 22 19 4 25 41
17 9 15 8 28 10 29 6 31 25 10 17 7 17 10 10 11 6 24 26
7 10 9 10 7 4 13 6 22 18 12 8 6 5 9 4 9 7 11 9
6 6 9 4 13 2 16 4 15 13 4 8 5 5 3 6 6 2 12 10
10 7 7 5 14 5 17 6 21 17 7 8 8 9 9 3 6 5 10 11
18 21 11 30 24 17 22 13 29 40 22 16 21 9 26 10 21 16 29 12
46 29 33 30 40 41 24 23 44 54 43 31 7 30 24 29 34 20 29 31
22 16 9 28 38 20 29 10 34 46 26 22 23 16 24 17 21 16 28 16
42 29 30 35 51 32 42 29 45 49 39 29 14 36 24 22 30 19 23 36
16 3 9 19 24 5 22 5 25 26 14 11 11 10 2 2 8 10 16 14
59 56 54 46 66 58 65 52 87 77 38 66 34 47 48 30 59 51 68 49
24 19 10 13 27 26 30 25 38 36 16 25 15 20 29 11 14 15 21 21
10 4 15 12 14 8 15 7 17 22 11 10 7 5 6 2 8 5 14 13
4 10 9 12 21 7 18 3 17 26 18 9 13 3 14 10 11 4 14 8
10 12 11 12 10 9 14 12 14 19 16 8 8 3 17 2 5 3 12 7
68 55 40 63 71 59 61 56 70 81 62 58 26 45 60 36 52 40 46 53
25 27 13 23 30 16 22 19 32 31 28 14 11 22 31 12 21 6 16 32
58 38 50 37 55 52 61 35 69 60 48 64 30 41 30 27 39 34 57 35
57 49 54 60 71 60 57 48 71 79 39 51 27 44 56 34 48 34 55 60
42 29 33 29 49 41 50 26 51 47 24 41 8 30 40 23 25 23 47 42
8 6 9 7 16 6 16 6 18 19 9 8 10 6 7 6 7 6 11 11
56 64 43 34 65 51 57 51 63 79 55 52 41 39 64 38 56 28 48 54
6 8 8 6 11 2 13 3 19 21 11 9 10 4 5 5 8 3 9 7
16 14 6 20 15 15 16 14 20 28 15 11 6 14 20 13 15 10 16 4
13 9 20 19 17 14 15 13 22 19 17 12 7 15 7 1 12 11 18 15
11 11 19 13 23 9 26 7 25 25 10 17 8 18 14 12 11 7 23 17
46 31 38 28 36 35 36 32 47 46 32 36 15 19 25 22 36 28 42 26
49 52 39 49 41 49 34 50 67 68 33 46 29 41 42 26 51 35 39 43
44 46 39 49 44 48 37 50 56 65 26 42 31 42 48 27 41 23 36 43
44 27 18 37 48 36 46 27 54 48 40 43 14 19 25 24 31 42 38 22
63 53 53 62 71 64 56 55 62 81 50 52 23 41 53 43 56 48 60 51
13 18 9 18 18 17 12 14 20 30 12 16 13 12 25 9 14 4 13 16
62 47 45 39 72 52 74 43 73 71 45 62 37 47 54 31 41 31 64 50
