1000 20 10 1387
4 1 4 8 7 12 2 0 10 2
6 4 3 12 1 3 11 7 14 4
1 4 3 2 7 7 2 6 2 0
6 1 1 1 1 6 3 2 4 4
6 10 0 3 2 5 1 3 4 6
5 13 2 13 7 4 6 4 12 0
4 1 0 3 3 14 4 2 4 3
1 1 2 0 7 3 2 3 7 2
1 10 4 12 26 1 5 6 8 11
3 5 2 17 11 0 1 23 5 11
0 0 8 7 4 2 6 11 1 11
5 4 5 3 9 4 1 1 2 1
11 5 2 1 3 4 3 5 1 3
6 3 7 9 5 4 31 15 2 9
4 4 5 13 2 1 5 7 3 11
11 2 5 6 4 0 1 8 4 4
11 0 12 10 6 2 14 17 7 9
14 11 2 10 14 8 1 23 6 7
4 3 2 5 12 4 10 3 2 1
10 0 14 9 7 23 9 4 20 2
3 8 4 5 6 5 5 2 8 10
1 9 1 13 3 0 3 17 2 10
5 1 7 6 3 5 1 3 9 13
2 6 16 2 14 2 28 5 5 10
6 10 6 8 1 5 7 5 20 5
2 15 7 14 5 8 4 4 6 9
6 11 21 16 4 2 9 2 2 24
14 19 1 10 18 2 1 10 12 15
11 12 5 6 2 4 5 7 2 2
2 5 0 3 1 7 4 3 2 0
17 0 7 1 3 11 11 7 10 7
9 1 2 12 7 0 0 10 9 0
3 6 8 2 4 7 10 5 6 1
10 8 18 9 10 5 1 1 9 4
5 9 0 19 11 6 8 11 8 5
6 3 6 2 2 2 1 5 2 1
5 2 7 14 3 0 5 2 3 4
1 12 2 3 8 4 5 0 17 18
4 2 9 4 1 21 27 10 5 3
6 1 11 1 1 3 7 2 5 2
10 3 15 14 0 6 27 11 13 6
6 2 9 2 3 0 9 6 17 10
6 1 3 0 1 2 1 7 2 3
10 26 3 5 6 8 9 15 4 14
1 6 4 7 1 0 2 0 5 3
13 12 7 0 2 14 5 2 7 6
4 2 3 6 1 1 1 2 5 4
2 5 6 4 4 1 0 2 17 1
12 10 1 10 2 4 8 21 3 6
11 20 8 4 10 12 20 11 7 4
2 9 2 1 10 3 23 2 18 2
2 10 2 0 2 4 5 13 4 4
2 4 3 1 1 6 3 5 6 1
4 6 0 8 4 2 6 6 1 2
5 6 6 1 2 5 2 7 2 0
5 16 17 9 4 13 13 5 17 4
3 9 5 15 5 6 9 6 20 0
13 2 4 5 10 3 0 10 3 10
7 1 1 19 9 5 14 2 9 11
1 10 2 6 13 1 9 13 5 9
21 8 19 15 15 2 4 6 13 1
9 1 8 2 1 3 5 16 2 3
12 2 2 1 8 3 3 0 1 4
3 15 3 2 8 7 23 3 23 2
7 26 2 15 14 4 7 8 3 2
9 2 8 3 0 7 10 13 2 1
33 5 12 3 7 1 15 7 1 1
7 10 1 4 7 8 2 6 9 4
2 3 6 7 2 2 5 2 2 2
3 3 8 1 1 12 7 7 14 1
2 10 9 30 4 14 4 1 10 12
6 3 13 23 5 3 5 17 11 14
9 9 7 2 5 6 14 8 1 2
12 3 2 5 10 9 7 5 2 2
1 10 5 12 6 1 28 13 0 0
6 11 15 6 8 17 10 1 13 6
5 13 4 3 5 14 1 22 9 3
1 3 7 2 3 3 8 4 4 6
3 10 2 2 2 4 3 6 6 10
4 27 14 17 1 6 0 6 7 11
4 23 7 17 12 1 1 11 5 20
5 3 10 7 1 8 3 2 6 10
5 13 13 8 4 13 21 9 3 12
8 12 2 5 3 12 6 12 3 13
10 7 15 15 1 2 14 8 12 0
9 7 2 1 4 2 1 3 0 7
10 10 9 14 5 8 9 20 0 9
10 8 1 4 5 5 9 3 11 5
4 7 10 2 4 8 7 2 17 7
1 16 1 4 1 1 6 12 3 2
13 5 11 2 7 21 5 10 1 11
1 12 0 1 3 6 1 4 2 1
2 1 5 6 7 14 3 8 32 7
2 6 0 13 11 7 24 5 11 4
10 3 15 3 8 13 0 8 17 16
7 2 9 15 8 19 15 12 15 7
11 13 6 8 24 1 13 9 9 16
20 3 11 7 15 9 12 8 15 16
2 8 7 4 0 1 4 10 4 8
5 3 9 1 0 6 2 9 2 6
11 5 4 2 6 2 3 11 11 0
6 5 4 10 8 5 4 1 24 7
2 0 8 1 3 1 3 1 1 5
8 13 3 6 6 7 10 1 1 8
1 12 3 16 7 22 7 9 10 14
1 7 4 4 5 5 9 6 2 7
12 14 1 10 7 17 0 20 8 2
10 5 7 22 6 2 6 0 2 3
12 11 5 3 14 2 5 9 15 13
10 22 20 13 9 8 13 8 2 1
7 14 2 3 10 0 8 13 11 1
10 8 23 7 10 5 7 16 3 2
1 14 1 19 15 13 5 3 7 13
17 5 0 5 8 32 3 9 0 8
2 3 1 3 2 6 3 5 2 5
7 12 2 2 1 4 3 1 10 5
15 4 1 13 6 7 5 5 5 3
12 2 6 19 10 8 6 18 7 3
2 3 9 4 4 1 1 4 4 7
2 4 14 14 13 12 8 8 0 9
3 6 1 5 5 4 4 5 10 3
0 18 3 5 0 11 4 4 9 0
2 1 4 10 8 10 2 10 4 5
6 1 6 18 1 11 17 12 6 16
1 1 21 6 21 8 4 1 4 2
1 1 5 8 2 1 7 5 11 7
3 4 4 18 5 1 2 8 2 5
1 2 2 4 9 0 1 8 3 4
4 6 4 1 1 4 3 0 3 1
9 5 10 10 6 3 3 12 3 2
14 2 0 11 0 3 18 19 10 11
5 4 9 12 1 5 2 13 8 11
15 3 19 18 1 10 6 5 1 1
10 16 5 1 0 1 6 3 3 3
5 23 0 6 12 4 11 16 7 13
6 3 13 1 6 7 4 5 1 9
1 0 8 7 5 2 5 2 3 1
11 9 2 3 8 5 9 7 0 6
6 7 12 7 2 1 2 0 10 13
22 5 10 4 15 7 14 9 11 6
2 1 9 1 5 4 8 9 6 3
2 2 3 4 6 2 4 1 0 3
2 10 8 11 24 1 6 8 1 9
2 8 6 0 2 0 8 2 4 7
0 3 2 8 1 0 8 0 7 1
4 10 7 3 0 15 1 14 5 0
5 10 0 6 9 4 3 16 14 20
1 4 14 11 8 2 3 2 13 5
6 15 3 1 5 1 10 4 4 2
2 4 1 3 3 2 5 1 6 3
25 4 4 7 6 2 5 14 1 3
2 3 17 1 5 8 12 1 7 1
25 9 4 14 1 3 7 3 8 4
4 3 5 6 3 3 3 2 0 1
8 7 3 2 0 11 11 3 20 6
9 12 9 16 7 4 12 2 6 12
12 2 12 5 6 5 12 4 5 2
9 8 8 5 6 8 0 3 3 6
7 3 18 6 3 15 3 7 4 2
9 4 18 4 2 5 5 16 18 5
6 8 5 2 6 1 6 5 3 15
2 3 10 17 2 5 16 2 9 11
7 8 3 6 4 9 8 3 2 4
1 20 8 15 1 7 1 16 1 5
5 5 5 1 1 8 5 1 1 2
12 6 22 0 7 7 22 1 16 3
10 3 11 9 8 3 4 2 2 11
2 12 11 9 1 3 10 5 9 12
3 3 9 5 5 7 1 9 5 15
12 1 18 7 0 4 10 7 19 3
6 17 1 4 5 3 9 9 7 14
3 13 7 10 4 3 14 8 6 11
11 1 4 4 12 2 8 3 6 2
4 14 3 3 4 6 4 2 3 11
3 7 1 8 6 1 14 2 6 13
6 2 10 2 1 3 1 3 5 0
2 10 6 4 5 10 1 7 1 1
22 1 5 21 6 0 1 1 1 21
8 1 18 3 14 0 11 13 16 1
3 0 1 6 4 0 5 2 3 1
2 12 14 8 12 13 9 8 11 6
2 2 3 1 3 3 3 6 4 2
22 7 9 0 8 4 6 7 4 5
2 10 2 5 4 4 3 12 13 11
1 4 6 2 1 3 4 4 4 4
21 9 6 10 6 7 1 14 3 3
2 6 1 1 4 2 3 3 7 5
0 4 2 4 8 8 4 6 6 16
18 1 16 3 2 6 2 3 19 11
4 0 12 8 1 6 4 8 3 7
3 17 12 3 10 11 16 5 19 10
8 19 0 10 3 16 2 6 10 7
8 24 8 4 2 3 16 1 2 0
7 9 13 4 12 17 6 19 4 10
13 16 7 10 7 0 11 10 10 0
12 14 5 6 2 12 16 7 9 4
5 3 0 5 9 12 10 0 9 9
0 5 8 5 6 4 11 7 3 1
1 6 11 7 15 1 10 3 2 5
5 1 12 8 5 5 6 1 2 1
5 5 5 4 5 1 8 3 4 3
10 5 5 6 14 10 4 2 7 2
7 0 1 2 5 7 8 13 2 0
9 3 3 5 13 13 6 14 1 14
2 2 1 2 19 5 4 9 11 0
3 3 6 3 9 0 12 2 8 14
2 6 2 0 9 4 6 10 18 5
13 18 12 16 16 3 4 2 6 2
5 0 5 0 2 5 8 7 2 2
0 14 4 8 3 17 5 2 5 16
4 19 5 11 4 11 7 11 12 8
13 4 4 4 20 11 12 8 18 6
2 9 7 3 0 0 1 2 4 5
2 3 6 3 3 16 6 10 8 6
1 15 4 15 9 10 5 8 2 3
8 2 13 5 6 6 9 1 9 2
2 23 12 1 11 4 5 7 23 6
2 22 13 6 6 13 6 12 10 8
8 2 18 3 2 3 16 2 6 3
8 4 4 8 17 14 10 0 10 7
5 1 1 3 1 4 5 8 2 5
4 4 7 10 0 5 2 8 14 12
2 8 5 0 2 3 9 0 2 5
7 3 10 6 26 0 17 11 4 6
5 13 1 17 0 7 5 3 6 10
2 9 4 5 9 6 13 6 5 4
1 25 13 2 13 5 1 9 1 3
19 8 1 7 2 16 7 5 15 5
8 3 4 5 13 3 11 2 0 5
7 12 9 3 14 13 13 20 9 10
3 8 1 17 4 18 9 5 2 7
13 4 9 3 2 11 7 2 3 5
6 8 4 3 7 3 1 3 9 8
0 14 5 2 5 0 4 3 16 7
21 1 6 2 6 17 8 3 18 3
6 13 2 3 13 5 2 22 8 11
13 7 3 1 0 7 5 2 9 8
2 8 12 6 1 14 4 3 9 5
1 3 21 3 11 7 1 15 17 8
6 6 0 6 2 0 7 6 5 2
1 2 1 3 10 15 6 1 1 2
3 2 3 1 6 8 1 6 9 1
4 24 7 1 12 18 3 1 1 7
1 3 5 0 8 3 4 4 2 6
10 2 9 4 9 5 8 12 8 1
27 3 8 4 4 14 9 5 4 13
1 7 8 0 4 1 6 8 12 4
3 0 0 15 2 7 5 7 3 3
10 20 4 2 5 12 4 7 3 5
2 6 3 1 3 5 2 7 3 7
3 12 4 12 3 4 3 12 6 8
18 9 19 10 12 3 13 8 12 12
7 5 1 1 3 0 3 0 3 7
16 10 21 0 13 1 11 6 6 19
0 7 1 1 7 9 6 9 2 2
0 10 10 1 0 18 7 9 12 9
1 5 0 7 3 6 3 7 5 1
1 17 6 6 3 9 3 6 9 1
2 2 0 6 3 5 4 2 4 1
0 5 4 7 2 10 2 12 7 2
2 7 11 9 4 4 7 9 3 11
9 10 22 2 2 2 8 3 4 25
4 3 3 2 8 5 1 8 4 13
11 7 15 12 11 14 10 13 3 18
8 1 6 1 1 4 7 4 1 6
0 0 5 5 3 0 4 6 1 9
12 9 14 3 2 13 6 4 7 6
4 9 5 9 3 9 4 5 7 5
4 1 7 2 2 4 5 2 5 1
11 6 0 11 24 7 1 3 5 2
1 14 10 9 9 4 11 11 19 20
2 1 3 8 1 4 1 2 8 5
2 5 4 12 16 18 6 3 19 5
8 8 4 8 1 18 27 9 1 1
9 2 7 1 1 3 3 5 0 5
0 5 4 8 7 19 2 19 9 17
4 4 2 2 3 1 8 0 3 6
11 5 3 11 6 13 0 9 10 2
0 4 4 8 3 0 1 9 3 0
0 3 4 0 4 1 5 2 7 0
12 2 16 7 7 13 3 3 8 1
6 4 13 10 6 6 2 4 0 1
8 8 5 13 4 21 4 6 1 11
1 1 7 9 2 8 3 13 10 5
0 14 5 4 23 19 0 7 7 2
0 0 2 1 2 4 1 7 5 1
9 8 2 4 14 22 3 11 24 3
2 13 2 3 0 6 3 4 1 1
4 3 1 9 4 1 1 4 12 4
6 10 7 8 6 5 4 0 11 8
6 4 2 12 3 9 12 3 4 1
4 12 3 6 16 0 13 15 5 4
6 6 12 1 12 12 5 2 1 16
6 3 4 1 2 4 2 1 3 4
1 9 6 0 3 1 3 8 13 1
5 2 4 19 2 1 14 6 1 5
3 9 4 2 6 2 3 5 2 4
7 0 2 6 2 3 4 9 4 2
0 3 1 1 6 12 10 10 13 3
6 5 1 7 1 1 1 6 7 4
2 0 18 4 3 13 4 11 12 3
2 4 7 2 2 13 8 2 2 13
6 4 17 14 5 0 0 0 9 6
3 6 2 10 4 0 8 3 2 16
14 2 2 2 3 7 1 1 3 7
9 2 2 3 5 6 4 6 2 2
9 2 1 2 4 2 4 3 4 1
1 5 1 4 1 4 5 0 4 4
4 5 4 6 4 2 3 3 1 9
0 2 9 9 8 1 11 1 9 14
8 5 3 13 4 0 4 8 1 0
0 2 9 4 1 1 19 1 0 5
7 10 1 1 1 16 5 3 7 17
3 1 3 2 1 6 9 1 1 2
2 1 0 6 3 1 7 5 9 1
4 3 3 4 1 3 9 6 5 2
19 14 1 2 2 22 4 2 4 4
4 14 17 2 5 15 9 7 5 16
21 4 6 1 10 12 2 2 2 8
5 6 6 4 6 2 4 3 1 9
10 9 5 2 1 16 5 2 10 2
0 2 10 9 8 4 4 11 16 1
4 3 11 14 3 8 4 4 3 16
4 6 9 4 5 14 12 7 17 23
2 0 4 1 6 9 14 4 1 0
5 8 11 11 19 15 11 2 1 0
10 2 22 7 16 24 2 2 7 2
1 3 6 4 3 6 11 5 0 4
5 3 7 6 8 3 0 3 5 2
5 15 16 12 1 6 7 0 4 18
0 9 5 2 8 17 12 6 3 7
2 6 5 3 3 7 5 2 2 3
8 11 1 19 1 19 1 12 4 8
15 2 5 12 9 17 3 1 2 4
5 1 2 6 2 3 3 3 8 1
3 2 3 0 6 7 3 5 2 4
1 4 2 5 6 5 2 0 1 1
0 4 0 2 5 3 8 3 5 3
2 20 9 12 7 17 10 13 11 1
3 8 1 4 9 4 11 11 5 3
9 23 5 3 1 8 15 12 3 15
2 18 6 10 19 7 17 15 1 1
15 1 4 22 13 10 6 6 1 8
15 3 2 4 1 5 1 9 4 8
1 1 6 2 7 6 5 5 2 0
3 7 3 13 20 12 10 15 1 7
3 5 4 5 11 1 4 2 3 1
10 2 2 0 0 3 12 2 15 17
16 7 9 1 7 18 7 0 10 1
2 14 20 10 2 20 1 2 14 5
4 14 24 2 16 6 20 5 7 2
14 2 3 16 8 6 1 6 2 8
12 5 2 9 6 3 19 6 0 2
1 2 1 1 1 7 1 7 5 1
8 8 9 5 15 5 1 6 8 2
1 12 3 1 4 0 8 1 7 2
2 10 10 11 0 5 5 5 3 1
2 4 1 2 4 0 7 2 1 12
2 15 16 1 7 2 11 4 12 3
11 2 14 2 7 7 3 5 2 7
9 0 12 8 9 8 4 1 15 7
3 3 2 7 3 4 2 5 5 8
2 20 6 6 3 14 20 0 0 4
0 3 3 2 2 3 4 0 7 7
3 6 2 14 0 19 9 12 0 3
2 0 1 10 4 1 2 1 1 1
2 7 4 3 8 6 5 4 13 3
7 7 1 0 5 6 2 3 4 4
3 0 2 6 3 0 2 4 0 7
4 5 1 4 17 8 8 12 4 7
11 7 10 0 3 15 5 3 5 15
18 11 3 14 2 10 19 12 2 4
1 3 4 6 2 1 1 1 2 7
12 2 3 12 2 0 2 4 3 1
1 5 4 14 4 3 12 0 1 0
3 5 0 7 1 2 1 3 1 2
7 14 3 18 23 8 17 0 2 7
2 9 3 4 12 2 7 14 0 5
9 3 8 3 4 1 5 12 13 3
5 5 16 5 12 11 2 3 4 8
11 5 1 8 6 3 8 12 12 1
8 3 14 2 1 4 8 6 3 10
15 0 2 13 16 14 13 4 6 18
9 0 18 8 2 11 25 3 7 10
6 6 3 3 3 2 8 4 8 14
0 11 1 2 6 3 3 8 2 2
5 4 12 0 8 2 3 4 5 6
12 5 1 0 5 4 2 4 11 7
9 20 16 11 4 2 9 13 3 1
4 4 8 12 17 9 2 1 1 7
10 5 11 11 10 0 3 7 4 7
1 1 6 8 1 10 12 15 14 11
6 16 11 10 4 0 7 7 3 4
10 4 3 0 7 0 2 10 2 7
4 2 0 6 5 7 6 8 7 8
1 3 2 3 0 10 2 5 2 1
6 0 1 3 23 26 12 7 2 2
17 4 4 9 3 13 15 5 11 19
3 14 2 16 4 11 1 20 4 3
7 3 8 7 5 13 4 15 15 8
3 2 2 1 3 9 6 1 0 8
5 7 8 2 0 2 6 1 5 2
11 4 5 6 8 5 4 2 11 0
1 1 7 1 13 4 5 11 6 3
3 11 5 13 3 8 10 9 5 5
11 3 9 8 4 11 5 3 8 4
19 12 1 6 0 12 5 12 6 6
4 4 32 6 2 4 2 8 9 17
4 2 3 8 0 8 4 2 10 2
2 6 2 10 17 6 0 1 15 2
7 18 14 13 10 13 5 3 14 11
1 9 1 2 1 1 1 4 2 2
6 17 1 4 7 2 8 1 1 3
7 5 0 2 7 7 10 8 17 2
1 7 4 4 10 4 10 5 12 7
4 8 4 2 2 2 6 4 2 1
8 9 2 3 2 16 20 2 14 16
16 3 1 12 19 19 3 7 5 10
4 13 4 8 8 1 3 6 13 3
0 21 14 4 11 10 8 12 10 14
9 8 6 15 11 15 15 3 12 9
6 2 10 0 3 6 2 4 2 1
10 8 27 1 5 4 1 8 16 17
4 11 4 10 11 3 1 3 11 4
12 1 7 2 6 3 14 3 6 3
4 1 1 3 3 3 6 4 2 1
4 7 6 25 1 0 1 2 2 7
12 7 10 4 9 1 2 7 2 7
22 0 15 18 5 3 1 6 8 7
5 11 0 1 1 4 2 2 6 7
17 6 15 8 7 3 3 8 7 6
3 3 19 20 7 10 3 1 21 5
1 12 1 9 9 1 8 13 19 5
4 3 4 2 3 8 5 2 1 9
1 11 0 4 4 5 7 6 1 2
3 8 1 3 8 1 2 1 1 10
4 1 7 1 3 4 2 2 7 10
3 0 4 3 1 4 0 0 1 12
7 4 8 1 14 5 15 11 1 15
2 3 1 1 3 0 8 1 2 3
7 1 10 9 1 2 4 4 10 8
2 14 0 6 9 16 13 2 2 1
4 5 11 1 8 25 24 3 7 4
2 7 7 5 6 15 8 9 7 3
11 4 2 11 18 3 10 20 7 19
13 12 6 2 5 6 10 3 13 3
12 10 3 12 12 9 6 12 23 10
17 15 1 0 2 5 1 18 14 8
20 21 13 6 8 8 2 9 1 2
11 1 7 12 15 6 3 15 19 0
4 9 9 5 8 22 9 15 7 4
1 9 3 1 6 6 10 3 4 4
7 10 6 3 5 8 4 2 2 5
9 2 12 11 1 1 7 1 10 4
5 4 2 7 1 0 3 7 4 1
1 25 4 9 4 11 7 17 5 12
4 13 7 1 6 20 6 17 10 4
9 2 1 10 10 2 5 3 9 1
0 14 14 11 5 1 4 26 10 6
17 5 6 6 1 2 10 0 3 8
6 1 3 2 0 10 1 4 0 0
4 3 2 1 2 2 3 2 5 7
13 19 6 5 2 9 17 9 0 8
17 10 16 1 18 18 9 5 9 4
12 3 10 4 6 11 16 7 7 18
4 1 2 6 2 9 3 3 0 12
10 12 7 8 14 2 8 8 3 1
11 5 1 13 16 4 20 2 1 3
0 1 16 2 2 3 12 6 7 3
6 1 9 3 5 2 1 4 1 0
5 1 1 1 8 5 0 2 0 3
1 25 6 6 5 5 11 14 5 11
1 3 22 2 11 7 13 3 1 25
20 1 1 17 2 5 1 5 16 9
3 7 4 2 4 9 8 1 2 3
1 2 10 5 2 2 2 1 4 4
0 3 17 19 17 7 3 21 7 9
10 5 1 1 17 4 9 16 5 14
5 3 4 4 1 2 3 4 2 8
16 3 2 15 1 1 11 5 3 6
0 4 5 4 2 1 6 5 6 2
2 0 1 6 17 17 18 9 3 7
0 17 2 5 8 11 0 0 4 10
13 20 9 5 4 7 2 1 6 15
3 3 1 2 4 3 14 3 11 8
0 1 19 9 1 4 21 1 7 6
1 1 6 7 3 6 1 7 6 7
5 15 15 4 18 10 7 4 1 20
9 1 5 1 5 12 17 11 12 4
11 2 9 3 5 2 4 0 12 1
8 15 8 5 19 23 11 4 2 4
1 7 2 4 2 9 4 7 5 7
9 2 7 6 0 1 0 6 1 4
4 2 9 6 8 6 12 3 2 0
5 4 15 4 10 5 3 6 2 6
2 7 3 8 8 4 12 4 8 8
7 2 13 0 3 1 9 7 8 2
9 2 4 1 4 3 7 10 0 0
13 11 11 6 6 1 3 12 20 23
3 2 1 0 3 4 0 6 5 2
17 4 7 10 13 4 5 3 6 2
10 3 9 11 6 1 7 2 12 3
8 2 8 11 11 5 9 1 14 12
3 14 13 10 10 8 14 12 5 4
3 0 3 1 4 3 8 2 1 2
5 17 10 2 6 5 1 0 9 0
3 3 6 6 11 0 14 7 11 15
2 1 5 6 1 1 14 0 6 5
8 10 3 7 5 12 3 2 5 2
8 8 10 13 7 2 4 4 4 10
9 13 6 9 4 14 8 12 7 8
4 18 2 16 11 3 3 9 3 3
8 0 19 4 12 18 0 2 12 13
5 2 1 6 7 8 11 27 9 3
1 18 2 3 2 8 2 13 7 6
1 3 1 4 3 2 3 4 4 5
17 3 6 5 0 24 14 13 7 4
8 3 12 0 3 5 1 2 6 7
3 18 2 8 16 4 22 17 1 12
4 4 5 2 3 16 1 5 6 17
8 5 5 2 8 4 6 1 5 9
0 4 0 8 1 5 3 4 10 1
2 25 6 3 3 1 3 12 3 17
2 7 9 2 1 5 11 0 5 12
7 6 2 3 6 10 4 11 1 4
4 1 3 1 7 3 1 1 1 3
9 7 5 4 2 2 1 2 1 0
10 13 21 2 3 18 5 2 4 14
5 4 1 1 4 6 4 1 4 2
10 4 20 10 18 5 13 17 1 4
12 17 13 18 15 9 1 1 8 12
2 9 12 19 10 4 11 3 12 13
4 2 22 2 4 0 4 0 1 0
13 11 5 5 2 1 9 7 7 13
9 6 1 7 16 15 1 2 9 7
9 0 4 16 9 9 3 5 3 1
25 7 7 2 5 6 2 10 12 6
4 17 4 9 5 11 8 7 8 1
5 10 2 3 3 4 2 7 6 0
7 5 5 23 6 14 11 1 13 5
1 15 19 2 11 5 13 1 11 3
5 3 2 5 5 1 4 5 2 7
2 8 2 2 2 5 2 3 4 3
7 6 13 5 13 9 4 20 6 4
5 0 14 4 0 2 3 1 2 4
9 9 10 0 19 16 12 16 6 8
15 10 1 7 11 3 1 20 14 2
5 22 2 0 0 6 1 14 11 1
8 19 14 1 7 3 4 6 16 7
2 1 0 7 3 9 4 2 4 1
2 4 1 5 2 9 11 7 1 10
11 17 9 8 14 13 5 2 6 10
2 15 16 6 7 8 3 10 7 8
7 3 3 0 7 5 2 11 8 14
6 2 2 6 6 2 2 0 3 8
9 2 4 10 2 21 5 6 7 5
13 0 15 16 6 21 1 6 5 1
0 13 6 9 1 6 8 5 8 3
4 1 1 5 5 5 2 5 3 4
6 4 6 10 0 9 1 5 4 4
6 0 1 5 1 11 18 7 4 2
18 4 6 8 0 5 17 4 20 8
5 10 4 2 2 1 1 5 6 5
2 5 0 5 7 7 4 1 3 6
16 31 12 7 6 6 7 2 4 4
2 6 11 2 15 7 3 2 17 7
10 12 8 1 12 1 1 15 17 1
6 2 4 3 4 7 5 5 5 13
3 12 12 5 5 1 8 9 1 0
8 5 3 17 2 1 3 3 5 4
0 5 5 4 2 2 3 5 9 2
12 0 4 4 13 10 10 15 2 11
18 1 12 0 13 12 25 8 10 6
0 2 2 3 6 2 6 4 1 1
14 8 1 15 7 14 2 3 5 14
20 9 18 5 11 4 13 6 2 16
6 0 1 3 4 2 7 2 7 6
4 14 12 1 10 1 4 1 12 6
17 0 4 20 13 9 3 10 13 11
5 1 2 4 7 18 6 1 5 2
17 1 5 12 15 14 3 6 6 1
2 4 4 4 4 0 1 2 5 4
9 1 5 2 4 4 5 14 3 0
1 3 3 33 10 9 6 5 0 5
2 2 0 8 3 2 1 1 5 1
11 3 7 7 11 7 5 15 17 2
3 5 8 10 3 16 9 19 12 0
7 7 5 2 0 7 4 2 0 3
4 10 1 10 4 1 4 1 1 14
5 11 5 3 1 6 1 6 9 4
8 10 4 4 4 2 5 15 6 2
4 5 2 2 11 3 3 2 3 3
14 5 5 1 6 0 9 14 5 11
3 6 10 2 8 6 21 8 10 20
14 20 15 0 1 5 2 21 1 3
21 6 1 14 12 6 11 12 11 0
1 5 6 2 21 11 0 3 18 17
0 7 10 0 6 1 13 10 10 14
14 2 9 7 13 10 10 1 13 11
6 4 5 2 1 5 5 0 1 6
1 5 1 7 1 4 6 8 13 4
1 5 6 5 7 8 3 2 2 1
2 13 10 1 3 7 14 3 5 11
4 8 6 5 9 15 16 13 2 7
6 3 1 5 1 6 8 6 5 2
11 4 5 9 7 4 1 1 12 5
5 0 4 7 0 0 0 1 3 5
8 8 5 10 6 3 7 6 4 14
25 7 8 3 13 4 0 1 7 6
5 3 3 0 2 0 1 2 18 2
3 15 5 2 11 12 3 6 1 5
2 8 6 2 19 3 15 3 10 3
15 9 6 14 13 13 1 9 18 7
2 4 1 0 4 1 2 5 9 0
0 9 1 3 1 12 10 7 6 2
4 13 16 12 3 22 8 5 3 13
13 21 15 5 8 20 6 0 10 7
13 17 10 5 15 3 12 3 9 12
6 14 11 18 11 12 3 9 4 20
14 14 1 12 12 0 21 9 3 10
4 6 8 0 1 5 3 2 5 1
3 15 6 3 7 8 1 4 8 10
8 7 6 7 3 16 6 7 10 1
3 6 21 2 15 10 2 20 9 14
4 1 9 2 12 6 5 4 3 4
1 0 3 6 1 0 2 1 9 14
2 7 20 0 4 14 1 7 8 6
2 4 12 0 6 5 2 15 8 9
11 17 4 9 7 2 1 3 10 13
10 1 4 19 10 4 6 12 4 5
11 1 17 19 10 1 15 12 7 9
7 5 5 8 1 6 4 8 18 0
3 15 17 1 8 10 14 12 3 8
5 7 4 11 4 6 3 4 8 6
20 1 3 0 5 8 7 14 3 8
0 8 7 7 10 7 7 0 8 16
4 9 10 2 2 11 4 7 4 4
10 17 15 0 21 6 1 3 0 8
4 1 8 0 21 5 2 13 20 8
3 5 1 2 13 4 5 4 4 6
4 8 4 10 8 1 4 0 3 0
2 4 5 4 1 0 10 2 0 2
1 14 10 9 2 18 15 9 11 16
2 11 2 12 8 11 15 1 21 16
14 2 7 2 3 1 9 5 7 3
19 3 7 12 12 4 6 8 26 0
5 0 3 1 3 4 9 4 6 14
4 4 5 0 9 5 10 1 4 2
17 28 7 3 7 5 6 3 9 10
7 4 7 5 8 3 19 3 4 27
12 3 11 5 9 18 3 9 0 22
4 6 2 4 5 5 6 1 2 1
8 1 1 16 3 10 14 6 5 11
5 2 3 6 2 3 4 3 1 3
7 2 15 17 3 6 4 1 11 13
21 6 4 3 4 12 17 0 12 18
2 7 8 19 3 16 3 3 4 3
0 2 6 14 3 7 1 7 1 6
9 4 2 4 2 10 4 0 5 6
11 9 2 3 16 13 5 13 4 10
9 13 1 4 6 2 7 5 1 5
3 5 12 5 0 4 8 3 6 9
20 13 8 5 17 12 8 15 5 0
2 7 4 1 2 1 1 12 7 19
10 2 12 7 5 8 5 1 0 2
9 7 13 6 9 8 10 10 26 15
3 4 7 9 7 9 5 2 13 8
4 19 13 0 4 1 8 17 9 13
5 13 3 26 1 6 10 1 17 16
1 3 3 4 13 1 4 6 1 2
10 14 0 27 7 10 6 6 9 2
0 3 5 3 3 4 3 2 6 1
9 4 14 6 25 5 2 3 1 4
8 11 6 2 17 0 9 6 7 8
21 1 5 6 6 9 17 15 3 14
6 5 2 20 24 7 4 3 9 11
3 5 1 2 2 1 7 6 1 9
6 7 7 0 7 10 4 0 8 6
3 1 11 10 15 8 1 8 5 2
9 4 0 3 6 3 11 2 3 2
10 4 5 21 7 6 18 16 11 7
3 2 21 9 18 18 1 9 12 6
3 14 3 5 10 13 22 3 8 7
9 3 0 5 1 6 9 1 9 9
2 12 15 11 12 0 4 11 27 6
8 1 0 5 12 1 9 3 12 2
16 1 3 8 17 1 13 7 23 1
3 5 1 5 4 1 4 8 1 6
3 12 9 6 3 18 6 3 9 15
5 6 1 2 2 2 0 1 5 3
9 2 1 11 4 16 1 4 6 19
13 2 6 10 2 8 4 5 3 2
3 1 8 5 3 4 5 5 7 5
0 8 10 6 1 7 20 10 15 4
12 4 3 1 12 7 2 4 7 1
4 11 4 6 9 3 13 1 3 3
3 17 2 1 11 13 18 9 21 4
8 5 32 8 4 13 8 0 2 2
6 20 8 5 18 6 19 1 11 1
8 12 1 5 11 3 1 4 15 0
3 27 8 13 1 3 6 13 13 4
1 8 19 11 4 6 7 4 1 11
0 3 5 8 5 2 6 6 1 7
9 0 9 0 2 2 7 2 4 9
2 4 8 5 8 2 5 0 0 6
9 11 1 11 7 8 18 4 13 4
7 7 9 4 6 2 13 0 4 1
9 3 12 2 15 0 2 2 6 3
8 13 5 16 6 3 0 19 18 9
8 3 2 14 5 4 3 10 1 3
7 1 1 0 13 9 6 5 6 9
7 14 1 10 11 4 6 17 9 7
7 2 1 0 1 17 10 5 15 26
5 13 1 11 18 9 2 15 0 2
12 5 5 6 4 4 5 14 3 9
16 6 16 14 13 1 1 9 3 3
5 10 4 3 4 5 1 3 3 5
3 2 7 2 3 3 7 2 6 4
3 2 1 7 1 6 1 6 0 2
1 3 14 5 9 5 2 1 5 1
3 2 8 5 12 2 13 5 3 15
11 9 14 2 3 3 11 6 15 16
8 9 9 20 2 16 11 11 7 1
14 13 8 13 7 10 18 12 10 2
2 2 1 15 7 9 19 10 2 0
9 10 9 0 6 3 11 7 7 3
5 17 3 3 5 20 19 9 10 9
8 3 0 4 2 1 3 7 0 2
1 7 8 17 4 16 8 5 8 8
9 7 11 10 6 11 2 1 3 13
2 7 6 2 4 0 4 0 6 4
2 4 4 10 16 4 4 18 6 9
2 12 3 5 4 1 3 10 9 2
2 7 1 1 0 1 2 3 7 8
21 10 8 0 2 12 7 13 9 17
14 11 2 22 5 1 7 5 15 10
2 18 3 2 11 14 8 3 21 2
0 4 2 6 1 2 1 0 9 10
5 6 10 9 8 7 13 12 17 8
4 5 8 9 0 0 5 0 6 8
15 17 8 6 13 12 10 7 1 0
2 8 1 7 10 1 0 7 7 6
15 17 2 1 12 9 11 0 17 3
0 9 5 1 2 2 4 1 2 1
1 2 10 0 2 6 10 15 1 8
3 4 4 9 3 12 13 5 3 5
14 9 7 6 9 15 7 9 3 0
11 26 4 5 1 10 10 1 3 0
8 16 7 6 2 8 9 11 0 0
10 5 8 10 1 2 7 11 1 1
8 9 6 22 13 7 8 5 5 4
3 1 19 3 18 8 0 3 5 18
6 2 4 0 7 31 5 13 4 9
12 18 8 2 14 2 5 15 1 7
9 11 16 15 4 12 0 0 6 5
5 2 5 3 7 3 1 3 7 5
13 9 11 12 4 14 2 5 3 4
3 9 3 2 6 1 0 8 1 2
1 1 4 2 6 5 0 6 3 0
8 4 0 3 10 7 3 1 8 4
12 9 15 0 16 2 3 15 6 7
1 8 5 11 6 19 16 6 13 18
19 4 4 10 4 2 7 17 21 12
21 2 10 2 7 1 0 1 10 7
3 12 21 3 4 22 3 19 2 7
6 13 8 1 7 0 17 2 1 5
1 6 0 5 5 10 2 8 7 16
4 5 1 4 1 7 9 0 4 2
3 3 3 6 3 21 1 8 15 1
13 4 8 8 9 6 0 6 10 5
3 4 4 2 1 2 1 6 3 0
1 5 7 2 4 1 6 1 6 4
13 4 12 5 11 11 7 3 12 8
8 2 6 6 11 16 10 13 6 12
13 8 7 3 4 7 2 1 13 6
3 3 5 4 7 3 7 9 0 2
9 31 3 3 10 7 6 5 0 15
13 5 0 12 11 8 7 8 7 17
6 8 3 4 20 9 25 2 9 5
6 5 7 2 17 7 13 18 1 14
14 5 3 1 1 4 7 3 23 10
2 6 3 1 8 13 1 9 0 2
7 1 7 0 6 5 3 5 2 0
2 2 0 3 2 3 5 1 6 2
12 14 9 9 1 11 17 9 10 1
9 2 15 1 9 6 15 9 3 10
3 15 1 3 19 5 12 18 3 4
9 11 19 18 22 2 4 6 7 9
6 4 10 4 6 5 0 7 1 1
12 0 0 5 11 3 16 3 6 6
4 14 17 3 12 10 2 2 0 7
13 1 0 3 28 1 2 12 12 5
16 7 2 15 6 3 5 20 2 12
0 7 3 6 10 4 3 8 21 8
5 5 3 2 2 15 12 3 4 0
3 9 1 3 2 1 2 11 6 15
6 19 3 4 16 11 21 9 1 12
4 2 13 8 13 8 5 5 4 8
2 8 3 8 2 7 2 8 1 10
1 4 6 4 3 1 5 3 1 3
0 6 5 8 9 7 1 0 9 2
2 7 5 9 2 8 17 17 13 18
5 0 5 9 2 2 7 1 2 7
9 9 5 1 3 16 5 8 2 9
5 2 3 2 3 4 5 8 4 5
5 15 1 7 24 4 13 9 1 11
1 8 2 2 2 8 8 3 4 11
17 13 2 2 0 1 21 11 3 11
9 8 0 7 8 3 3 9 8 6
5 20 9 3 5 7 13 6 6 5
4 8 7 0 1 4 0 5 4 12
15 13 8 3 10 1 1 9 4 3
11 7 22 10 23 4 0 13 1 3
6 11 11 1 7 5 11 9 11 3
12 18 11 3 6 1 6 8 1 20
3 4 1 8 4 4 9 7 10 2
1 12 11 9 6 0 13 7 0 6
14 8 10 6 4 8 2 3 23 3
4 1 1 4 7 2 0 1 5 2
4 3 1 10 1 8 7 10 10 4
9 15 11 1 11 2 3 7 7 5
7 3 4 4 7 1 9 2 11 1
13 18 0 8 15 1 12 1 15 16
3 2 5 2 4 5 1 0 3 6
1 9 4 19 1 8 11 2 5 4
1 10 15 4 4 0 0 8 24 2
6 5 5 2 18 7 11 6 6 8
14 0 4 3 3 7 5 2 23 3
3 9 18 1 3 0 12 0 9 5
2 6 10 10 2 12 1 3 12 5
3 5 9 5 18 17 2 3 6 2
1 4 4 2 3 4 3 10 9 0
11 20 0 15 3 7 15 14 17 6
0 11 0 3 5 15 1 12 15 8
4 2 2 7 7 10 3 8 3 4
5 2 1 2 4 0 6 5 0 0
8 3 0 18 1 5 9 5 0 8
7 11 3 3 9 12 17 9 4 12
3 9 14 2 4 8 1 1 5 2
13 3 2 4 3 20 4 6 4 1
12 2 17 15 20 0 6 14 6 2
11 10 9 18 5 1 8 1 11 5
0 8 11 6 10 8 3 7 7 17
13 16 2 15 2 0 21 4 3 5
4 3 3 6 4 8 6 15 8 0
6 3 9 16 8 7 15 9 26 5
4 10 3 6 0 4 4 3 5 1
2 11 5 13 10 7 23 9 1 17
4 10 1 2 5 7 8 10 10 12
6 21 7 7 17 3 1 1 4 5
11 17 4 1 9 3 22 1 0 6
6 9 7 4 1 3 2 4 5 7
8 13 4 10 13 14 2 8 0 0
6 4 1 11 1 2 11 11 8 21
8 3 7 6 7 11 4 9 7 2
3 8 4 3 3 2 1 6 8 0
11 4 29 7 10 0 5 12 8 15
5 14 5 1 3 0 4 22 23 16
3 18 7 12 8 14 19 6 10 5
2 4 2 5 0 3 1 9 9 1
6 4 1 1 12 5 8 1 2 6
17 4 5 4 5 3 23 7 9 11
11 1 8 15 7 6 11 19 4 3
22 9 5 5 19 6 23 2 2 2
1 5 3 0 8 4 5 5 2 1
3 7 11 2 8 5 5 3 0 3
10 10 1 6 12 5 10 1 17 6
15 3 6 1 2 14 25 0 7 8
9 1 7 2 10 4 1 2 6 6
10 8 0 3 7 13 1 15 16 12
4 7 22 5 7 12 2 8 10 1
6 8 5 10 5 0 5 0 4 6
3 5 12 9 10 3 8 2 14 7
10 1 2 7 11 3 18 5 15 7
7 19 8 10 1 11 11 3 14 2
2 15 3 5 25 2 13 5 8 4
6 4 1 5 1 3 6 8 2 2
1 1 3 1 7 2 2 4 7 1
8 27 3 7 11 11 1 15 12 4
19 4 1 8 16 9 13 16 11 5
1 14 20 12 8 2 4 9 7 4
1 12 4 18 4 11 9 8 7 5
11 17 8 14 4 6 9 4 7 24
4 19 9 0 3 1 13 21 3 10
19 8 12 11 6 7 11 15 5 4
7 5 6 3 1 2 4 4 0 1
7 2 21 20 7 1 13 1 4 10
6 14 12 1 4 18 3 9 6 3
5 3 3 7 2 1 0 1 0 4
18 8 14 15 1 6 2 2 0 8
12 4 4 17 2 12 7 9 6 9
6 6 12 8 7 9 2 11 7 8
2 10 13 8 8 5 14 7 10 2
7 0 1 12 17 18 7 22 1 9
12 5 9 1 12 7 1 5 8 9
2 7 10 12 6 1 12 7 0 13
1 1 2 5 15 5 14 4 7 15
1 0 7 6 1 7 1 1 11 7
9 5 12 7 6 19 3 9 3 11
2 12 2 4 2 5 0 4 7 5
12 9 10 20 7 10 1 4 1 3
4 2 9 5 17 12 13 1 7 6
9 2 1 9 12 1 12 6 11 11
16 4 1 0 0 10 2 4 7 5
1 2 5 0 3 3 4 6 3 7
11 11 11 8 2 13 12 4 2 7
14 14 0 3 2 2 3 2 3 4
15 18 11 6 3 17 9 14 4 12
2 11 14 20 2 18 7 6 13 4
14 23 2 16 8 4 8 5 13 12
3 1 2 12 18 0 1 3 4 15
1 17 0 0 0 14 6 4 0 5
4 5 7 1 10 5 2 6 0 1
1 1 9 4 4 5 4 5 8 2
1 12 3 4 8 3 1 0 15 5
4 0 13 11 11 5 5 1 8 9
4 3 5 4 3 4 5 12 6 6
11 5 8 7 1 10 7 16 6 9
7 9 4 11 3 0 1 4 6 17
13 4 8 8 1 4 14 1 3 5
9 15 4 6 5 2 0 9 4 0
0 0 1 10 1 5 5 0 0 5
17 6 3 11 6 3 0 9 7 3
16 12 3 5 20 3 5 15 11 2
5 0 9 3 4 3 6 10 6 4
4 2 3 5 2 2 4 1 6 1
20 7 8 11 5 1 5 2 4 4
8 9 5 7 3 5 6 4 4 17
3 1 6 2 4 9 9 2 1 5
2 1 2 7 7 1 0 0 3 2
3 11 2 2 2 5 3 1 7 4
2 2 9 4 4 1 3 0 2 2
11 2 2 0 6 12 3 2 3 2
3 2 6 8 0 1 3 8 1 10
18 8 0 6 6 4 13 7 2 14
3 17 10 9 10 0 10 3 7 1
22 10 8 10 1 2 14 4 14 11
7 8 0 4 4 8 1 0 6 5
11 12 6 7 4 1 25 17 5 7
6 3 4 12 5 8 2 15 7 5
3 21 10 3 3 12 3 5 20 7
9 9 11 8 4 2 4 2 11 16
11 3 1 7 4 8 2 6 2 8
2 1 2 4 1 8 5 3 2 4
2 13 4 7 5 9 3 7 0 5
12 3 14 5 25 10 3 21 6 3
2 3 1 4 2 2 2 1 3 7
17 1 5 17 2 5 6 18 9 18
5 7 11 7 18 6 2 3 17 5
21 2 13 2 1 1 15 10 1 22
6 6 16 8 5 14 7 23 1 17
8 1 11 8 6 8 8 14 3 18
5 9 12 9 5 2 8 11 3 4
9 14 12 0 2 2 1 2 3 5
3 2 10 9 8 5 8 1 15 14
6 22 12 0 21 2 8 7 17 2
7 9 1 17 2 5 16 3 4 3
16 5 11 11 13 5 2 3 5 26
2 1 4 2 9 5 2 4 6 4
11 3 3 11 6 4 1 7 4 11
6 5 9 4 13 18 17 12 10 6
3 9 6 12 12 6 1 3 10 13
14 1 3 9 5 1 9 8 1 11
2 3 1 1 3 4 3 3 3 6
4 3 9 0 3 9 5 14 0 2
3 9 2 2 15 2 1 14 6 9
11 4 0 1 8 3 3 7 1 11
4 3 1 1 1 4 5 5 2 0
15 14 1 22 1 18 5 2 11 3
1 3 5 7 10 13 9 9 2 11
1 1 18 0 6 3 1 7 11 0
5 7 3 3 1 4 1 1 5 6
13 5 17 3 3 8 20 5 15 7
6 9 6 19 4 8 6 5 19 11
11 2 4 7 1 10 10 1 2 0
4 5 0 19 6 3 3 1 1 23
2 3 2 1 0 6 2 6 2 1
4 3 0 3 2 4 0 3 10 6
0 1 3 7 3 5 3 1 5 1
1 0 3 1 3 5 3 5 0 9
15 7 6 8 7 6 0 3 26 17
6 2 8 14 4 1 5 6 3 8
3 0 18 14 2 14 3 3 15 2
1 14 2 16 6 3 10 5 0 7
0 3 1 2 1 8 9 3 1 7
2 11 10 1 3 19 4 1 8 6
10 4 14 6 7 5 20 1 7 7
0 8 6 7 2 3 3 15 7 10
7 10 15 5 7 7 7 6 4 13
9 8 4 4 7 6 8 8 9 1
6 2 11 5 5 4 4 0 8 13
0 11 0 4 3 7 27 9 5 0
7 3 6 20 11 7 0 3 2 9
7 9 6 13 23 4 11 2 24 7
21 5 6 8 3 15 7 4 1 6
4 10 13 7 2 11 3 2 1 14
4 12 5 11 5 12 10 21 7 12
6 3 12 6 1 5 2 16 0 2
3 8 1 8 2 6 5 6 7 9
3 3 19 5 19 13 10 3 14 5
1 27
1 36
1 39
2 12
2 13
2 73
2 83
3 5
5 40
5 100
5 103
6 42
7 30
7 42
7 65
7 76
9 70
10 91
11 33
11 50
12 69
12 101
13 63
13 74
13 88
15 20
15 21
15 25
16 99
16 103
18 27
18 102
19 42
19 93
19 116
20 95
20 112
21 24
21 39
21 103
22 111
23 32
23 58
24 107
25 92
26 69
27 73
28 68
28 93
29 106
29 129
31 92
31 96
31 109
32 63
32 83
33 87
36 97
37 77
37 137
38 89
38 122
39 41
39 52
39 137
41 82
42 53
43 67
43 103
43 115
44 134
45 114
46 83
47 52
47 94
47 110
48 85
48 142
50 55
50 72
50 83
52 104
52 120
55 74
55 80
57 69
57 130
61 110
62 113
62 138
62 162
63 69
64 66
64 148
64 161
65 130
65 132
67 83
67 105
71 147
72 160
73 128
74 87
74 88
75 131
75 133
75 151
75 161
76 81
76 90
77 87
77 177
78 96
79 113
79 142
81 97
82 98
82 128
83 165
86 112
86 155
86 183
87 89
87 113
87 146
87 156
89 95
89 120
89 159
90 94
91 129
92 128
93 107
93 160
93 180
94 102
94 179
95 124
95 133
95 165
96 120
96 150
96 157
96 191
97 111
97 157
101 123
101 151
102 126
102 135
102 196
103 144
103 166
104 183
104 188
105 126
105 146
105 168
106 155
106 183
107 144
107 152
108 115
108 188
108 192
109 200
110 157
111 117
111 140
112 132
112 168
112 188
113 171
114 183
114 185
117 118
119 120
119 159
119 175
120 135
120 170
120 188
121 142
121 178
122 126
122 152
124 206
125 208
127 164
127 173
128 135
128 215
128 218
129 177
130 175
130 178
130 204
131 136
131 154
131 172
131 183
131 215
133 146
133 155
134 174
134 197
134 227
135 160
135 220
137 228
138 195
138 222
139 145
139 160
140 157
141 192
141 241
142 178
142 182
143 171
144 193
144 229
144 231
144 241
144 243
145 200
147 162
147 226
148 153
148 244
149 218
149 242
151 189
152 229
153 170
153 188
153 190
153 206
153 239
154 207
154 234
155 166
155 172
155 253
156 246
157 193
157 211
157 213
157 257
159 182
159 197
160 178
162 260
163 210
164 174
165 187
165 203
168 204
171 264
172 223
173 183
173 268
174 233
175 261
175 264
176 199
176 225
176 249
177 206
177 207
178 179
179 187
179 189
179 267
180 239
180 252
181 194
181 243
182 236
184 201
184 241
185 250
188 208
188 232
188 243
188 244
188 273
189 208
189 251
190 257
191 260
193 201
193 207
193 282
194 207
194 221
194 256
195 252
196 284
197 284
198 282
200 224
200 243
201 206
201 237
201 249
201 285
202 246
203 216
203 225
203 256
204 213
204 214
204 228
204 252
205 231
206 224
206 274
206 289
207 268
207 294
208 282
209 280
210 289
211 306
212 297
213 245
213 250
213 274
214 249
214 258
214 310
215 263
216 259
217 270
220 240
220 291
221 297
223 249
223 311
223 319
224 257
225 297
225 309
226 271
226 309
227 232
227 246
227 280
227 296
228 250
228 261
228 308
228 313
229 289
229 297
229 298
231 247
231 260
233 243
233 250
233 254
238 243
238 307
238 323
239 319
240 285
240 298
242 306
242 316
243 271
244 257
244 292
245 281
246 273
246 287
246 341
248 273
248 334
250 315
251 261
251 312
252 328
255 299
256 305
256 340
258 283
259 294
259 318
259 350
260 303
261 297
261 340
262 343
263 284
263 324
264 339
265 337
266 333
266 351
267 299
268 300
269 323
269 358
270 361
271 331
271 346
272 361
273 295
273 363
274 279
274 344
274 365
276 307
276 358
277 339
277 353
278 315
278 360
279 292
279 296
279 320
279 348
280 303
280 355
280 371
281 299
281 360
283 308
285 324
285 353
285 361
285 376
286 378
289 330
289 341
289 345
290 302
290 354
290 364
291 307
291 340
292 337
293 299
293 370
293 392
294 350
296 396
297 327
298 368
298 387
299 327
300 332
300 346
300 377
301 328
301 378
302 390
303 307
303 311
303 344
303 368
303 383
303 403
304 351
304 354
305 324
305 347
305 405
306 336
307 362
308 369
309 409
310 327
311 343
313 370
313 387
314 319
314 342
314 357
314 390
315 371
315 401
316 317
316 334
316 357
317 363
317 407
317 414
318 382
318 399
319 363
320 398
321 356
322 329
322 366
323 349
323 384
324 384
324 422
325 361
326 412
327 344
327 401
328 375
328 401
329 336
329 417
331 346
331 358
332 349
332 392
335 384
337 350
337 422
340 364
341 375
341 386
341 412
341 428
341 440
344 421
345 375
345 404
347 389
347 407
347 417
349 376
349 390
351 366
351 439
351 450
352 362
354 363
354 420
357 393
357 428
357 434
357 437
357 441
359 455
361 454
361 460
362 378
363 383
363 387
363 453
364 395
365 376
366 376
367 467
368 421
368 457
370 433
370 454
370 470
372 410
372 412
372 463
373 423
374 434
375 429
375 438
376 460
379 458
380 383
380 456
381 397
383 438
384 430
384 476
386 393
386 438
386 468
387 435
388 390
388 458
388 464
388 477
388 482
390 413
391 489
392 437
392 475
392 479
393 482
394 396
394 453
394 482
397 463
398 414
399 445
400 490
401 433
401 486
402 441
403 438
405 408
405 496
406 420
408 413
408 464
408 478
410 422
410 423
410 443
410 470
410 474
411 469
411 471
412 445
413 487
414 485
415 491
416 497
417 425
417 430
417 488
418 516
419 508
420 450
420 500
420 508
421 431
423 443
424 445
425 446
427 438
427 453
427 466
427 492
428 462
430 461
430 504
432 462
432 476
433 457
433 458
436 473
436 519
439 489
439 501
440 517
441 473
442 538
443 475
443 515
445 454
445 468
445 483
445 503
447 466
447 488
447 515
450 535
451 484
452 502
453 505
453 516
454 489
455 456
456 502
456 523
457 505
457 537
458 543
460 516
462 542
463 518
464 468
464 553
465 532
465 544
465 564
466 506
466 518
466 532
467 530
468 552
469 474
469 475
469 529
470 551
471 521
471 556
472 526
473 556
473 562
474 478
475 521
475 539
476 516
477 556
477 573
479 554
480 508
480 520
480 543
480 570
481 526
481 559
483 517
483 575
484 505
484 507
485 506
485 514
485 530
486 514
487 504
487 522
487 536
488 528
488 571
489 524
492 563
492 569
493 544
493 559
494 521
494 533
495 583
496 578
496 586
497 585
497 587
498 584
499 558
499 563
499 596
500 554
500 597
502 590
503 511
503 517
503 595
505 520
505 561
507 576
508 543
509 587
509 596
510 600
511 592
514 579
515 540
515 579
516 554
516 572
517 561
517 593
521 557
521 586
521 621
523 573
523 617
526 528
527 551
528 550
528 570
529 582
529 605
530 578
530 625
531 573
531 600
532 566
532 614
533 591
535 576
536 537
538 623
540 563
540 565
541 588
543 592
544 553
545 626
546 559
547 573
548 552
548 642
549 581
549 600
551 554
551 563
552 553
552 632
553 607
554 625
558 595
558 619
558 620
558 640
562 602
563 567
563 622
564 597
564 638
565 656
566 641
568 583
569 607
569 647
571 613
571 660
572 660
573 655
573 669
574 650
575 612
575 625
575 632
576 580
576 598
576 609
576 654
577 588
578 662
578 667
580 586
580 624
580 662
580 678
582 642
582 660
583 638
585 643
585 684
586 667
586 678
587 634
588 685
589 644
589 681
589 689
590 656
593 640
596 654
596 682
597 616
597 630
598 663
599 622
599 660
601 618
601 633
607 613
607 673
608 614
608 680
609 616
609 680
610 640
610 689
611 629
611 652
611 688
612 655
612 668
612 679
612 692
612 699
612 711
613 701
614 686
614 704
614 705
614 706
614 714
616 626
616 697
617 623
617 632
617 638
618 631
618 695
618 712
619 709
620 668
621 641
621 645
621 664
622 673
624 632
624 695
625 659
626 640
626 642
626 650
627 632
627 676
629 665
631 715
632 659
633 645
633 700
633 702
633 713
634 675
634 701
636 677
637 684
637 689
637 695
637 700
637 707
637 719
639 687
639 709
640 647
640 689
642 685
642 742
644 668
644 735
646 685
648 690
648 735
648 738
648 745
649 653
649 659
649 693
649 739
650 679
650 696
650 721
650 744
651 749
652 699
652 736
653 697
653 741
653 744
655 728
655 737
656 734
657 686
657 721
658 668
658 690
658 698
658 721
659 721
660 706
660 720
661 676
661 705
661 758
662 696
662 747
663 678
665 730
666 714
668 672
668 673
669 714
671 699
671 748
673 684
674 716
674 745
676 690
676 729
676 732
677 710
677 752
678 724
679 732
679 750
680 681
680 738
682 697
683 714
683 742
684 739
684 740
684 773
685 750
686 738
686 759
688 699
689 702
690 712
690 746
694 717
695 726
695 758
695 777
696 745
697 708
697 710
698 767
699 709
699 760
699 766
699 797
700 702
700 714
700 739
701 716
701 797
702 771
702 796
704 761
705 722
705 739
705 778
707 755
708 785
709 779
709 809
710 716
710 802
712 751
713 783
714 784
715 793
716 801
717 788
718 748
718 766
718 769
718 793
721 742
721 781
722 766
722 787
723 761
723 814
724 761
724 775
725 770
727 827
728 801
729 731
729 817
730 765
733 747
734 743
735 816
735 829
736 801
737 738
737 758
738 810
739 741
739 801
740 822
740 826
740 840
741 797
742 792
742 809
742 825
744 762
744 784
744 808
744 827
745 760
745 781
746 784
747 779
748 754
748 806
748 844
752 761
752 766
752 768
752 803
752 810
753 815
753 819
754 757
754 780
754 789
755 805
755 827
756 796
756 809
757 783
758 811
758 814
758 843
758 854
759 797
759 806
759 828
760 761
760 813
762 769
762 813
764 767
764 827
764 848
765 800
765 818
767 847
768 820
768 843
769 792
769 846
771 783
772 862
773 838
774 815
774 817
775 784
775 807
776 802
776 809
776 832
776 866
777 865
778 834
778 838
778 860
780 782
780 783
780 822
780 850
781 825
782 814
782 853
783 798
783 805
783 866
787 800
787 882
789 851
790 822
790 856
790 871
791 797
792 878
793 824
793 881
794 871
795 823
796 857
797 845
798 838
798 864
799 815
799 859
799 895
799 896
800 810
801 846
801 876
802 847
803 846
803 870
805 806
805 813
805 876
805 901
808 877
809 852
810 894
811 831
812 850
813 842
814 853
814 893
815 885
816 869
816 887
817 871
817 891
818 855
818 864
819 907
820 831
820 919
821 843
821 896
822 842
822 845
822 865
822 883
823 868
823 915
823 921
824 835
824 898
825 874
826 861
826 894
826 903
827 847
827 878
827 896
827 910
830 843
830 877
831 869
832 839
832 912
833 864
834 848
834 856
834 888
835 879
835 882
835 922
836 853
836 876
836 929
838 921
839 857
840 874
841 845
841 876
841 917
842 857
842 865
843 851
844 867
845 935
845 940
846 866
846 905
847 874
848 875
849 850
849 857
849 868
850 942
850 946
851 924
852 888
852 918
852 920
852 929
853 863
853 907
854 913
855 891
855 907
855 927
855 939
856 916
857 888
857 913
858 901
858 915
858 921
858 940
860 872
860 878
860 886
860 906
861 893
861 908
861 931
861 939
862 880
862 890
862 897
863 882
863 951
864 869
865 890
865 935
866 938
868 953
869 966
870 882
870 928
870 942
872 908
872 915
872 953
872 963
873 886
873 921
876 888
876 919
876 924
877 939
878 903
878 941
879 898
880 899
881 933
883 923
883 981
885 985
887 945
887 949
887 978
888 943
888 985
889 900
890 950
891 905
891 924
891 931
891 974
892 953
893 988
894 928
894 962
894 974
896 957
897 905
898 913
898 936
898 940
899 974
900 912
900 927
900 969
901 917
901 973
902 912
902 917
902 950
902 952
904 985
905 920
905 931
905 944
905 946
905 979
907 954
908 932
909 922
910 956
910 960
911 931
911 969
912 986
913 917
914 917
915 933
917 961
918 937
918 948
919 933
919 945
920 986
921 971
921 977
922 1000
924 943
924 994
925 999
927 942
927 969
928 974
928 980
929 985
931 932
932 936
932 978
936 971
936 997
937 940
937 979
938 963
939 948
940 965
942 968
946 966
946 987
946 993
946 996
947 948
949 966
949 973
953 968
955 977
956 995
957 962
958 963
964 979
965 986
966 982
969 1000
971 996
972 987
972 988
973 997
991 995
10 9 12 13 13 24 16 7 14 12
2 8 2 4 2 9 3 21 11 7
12 6 7 0 2 19 1 5 1 4
10 7 7 16 5 3 13 25 17 18
1 2 3 20 9 1 11 6 13 3
19 25 9 4 10 1 19 3 16 15
36 22 7 19 1 21 24 16 7 4
7 6 4 9 6 1 1 7 5 12
11 9 0 1 19 33 13 1 17 6
7 20 30 15 0 31 9 11 10 3
18 7 11 4 16 45 16 14 3 10
2 2 9 12 10 3 13 11 4 22
0 20 3 3 4 35 5 16 6 2
11 24 14 3 18 2 28 20 2 4
9 25 9 1 16 20 14 7 30 3
9 9 8 5 4 14 24 2 10 1
12 28 6 11 3 26 15 22 3 1
16 10 12 17 15 6 4 16 19 0
4 5 16 13 1 2 6 6 8 13
21 34 29 9 3 9 7 1 4 20
1 18 25 13 17 17 11 20 13 9 13 19 19 25 9 9 14 10 20 15
1 24 37 1 12 14 7 24 20 8 19 16 31 22 12 19 15 11 15 23
1 5 9 5 7 8 5 7 8 6 1 5 3 4 1 6 3 1 10 8
1 7 9 6 14 8 1 10 5 5 4 10 11 9 4 6 7 7 9 4
2 7 13 6 21 5 4 9 6 6 5 15 11 8 6 8 7 7 12 3
1 23 38 6 15 10 8 24 18 6 21 21 22 19 9 16 12 2 18 16
1 6 7 8 13 10 1 13 1 1 1 10 2 11 1 1 1 8 11 3
1 8 15 5 5 5 9 9 7 10 7 6 8 9 1 8 12 5 10 12
16 44 61 26 36 29 35 36 35 36 29 30 46 32 31 46 41 25 32 37
19 28 54 6 31 33 23 28 44 32 24 22 39 26 39 49 26 17 30 38
1 15 25 1 16 9 8 11 26 9 1 1 16 8 15 18 10 10 5 8
1 12 10 4 10 2 7 6 6 8 1 5 11 1 1 4 5 1 10 5
4 13 7 5 19 8 5 12 9 10 1 16 15 5 5 10 5 6 14 7
20 44 55 16 45 29 13 41 47 34 18 25 47 13 36 30 24 33 39 37
1 22 30 1 18 15 10 11 30 12 12 7 27 20 22 25 14 14 4 12
1 13 11 1 12 4 1 3 14 6 1 6 15 2 6 9 2 1 9 5
11 42 55 8 40 24 16 39 41 27 14 22 47 17 30 36 21 20 31 30
20 32 52 19 52 34 20 42 36 34 19 41 40 23 31 46 20 14 49 33
1 19 24 7 9 5 10 17 7 12 1 5 18 3 3 8 8 6 16 13
7 58 51 31 48 36 27 58 27 19 24 48 47 44 16 35 29 26 47 38
1 11 26 2 18 3 10 11 11 11 5 11 16 15 9 9 15 9 9 6
11 15 39 3 26 24 10 20 34 17 15 15 21 17 30 33 12 12 18 21
3 19 26 4 24 8 15 14 23 15 13 12 28 24 17 16 21 15 9 9
17 54 60 33 48 23 32 48 40 40 19 31 56 11 29 34 45 38 36 37
9 29 40 10 31 16 16 33 23 15 26 32 35 29 11 23 23 11 25 22
9 30 41 15 33 20 11 30 34 13 23 24 27 28 21 28 19 18 23 14
23 60 63 21 51 31 34 47 54 23 37 28 60 37 45 46 41 36 30 12
25 54 68 29 56 22 33 47 41 39 34 45 54 31 31 58 40 27 51 33
6 22 21 9 28 11 3 20 21 8 9 22 18 7 9 14 3 7 20 8
1 1 7 4 10 6 1 9 4 1 1 7 2 5 2 1 1 1 5 2
4 28 28 12 32 11 5 35 17 16 4 26 33 23 9 16 16 17 29 15
5 22 32 4 14 17 10 15 24 11 16 14 26 18 16 20 13 1 18 23
1 19 22 8 20 11 7 23 16 8 6 14 16 12 4 6 9 11 16 13
6 37 38 19 36 18 22 31 26 14 19 30 42 20 19 24 28 10 24 12
10 33 52 14 25 29 12 37 28 17 22 25 36 27 24 34 25 11 32 33
1 5 1 1 7 1 1 1 8 1 1 2 6 1 1 1 1 1 1 1
1 18 18 1 6 7 1 9 18 1 7 2 19 9 11 9 4 2 1 3
15 32 52 12 35 10 34 36 22 33 30 27 35 34 20 34 39 24 33 21
15 46 44 35 50 36 6 55 36 20 14 36 35 24 21 22 20 42 45 43
1 16 14 3 14 3 3 14 11 1 1 6 15 3 1 3 7 4 3 1
21 59 70 27 53 39 21 64 54 29 37 45 68 31 42 39 41 34 44 46
5 29 38 4 24 6 22 27 21 19 16 19 37 23 10 23 28 17 18 22
1 6 4 1 8 6 1 2 10 2 1 5 8 1 1 8 3 4 4 7
24 42 57 22 57 18 16 45 43 27 23 38 33 19 22 43 14 34 48 16
1 4 11 1 4 2 1 1 9 1 4 4 6 6 5 3 3 2 1 1
3 24 16 16 39 10 1 31 10 8 6 32 19 18 4 9 8 14 26 6
1 3 8 1 2 1 1 1 7 1 2 1 7 4 4 2 3 2 1 1
6 15 25 1 14 4 16 17 13 14 17 19 20 19 6 10 18 4 15 18
15 21 39 4 38 25 6 32 30 18 14 27 29 12 27 31 3 13 31 20
20 55 58 36 60 20 10 62 39 26 21 46 41 16 16 31 21 36 60 36
8 33 48 15 25 5 17 41 11 29 21 28 35 14 6 12 28 18 38 35
6 3 18 3 19 12 1 16 14 4 3 10 3 3 6 14 3 4 14 11
1 1 8 3 8 7 1 8 7 1 3 7 2 8 1 3 3 1 4 6
1 12 17 1 9 9 4 7 13 5 5 7 11 6 8 9 3 5 5 7
1 9 7 4 18 10 3 9 14 4 1 11 10 5 1 7 1 1 9 8
14 52 58 28 50 27 22 58 35 15 33 47 45 34 16 32 28 30 42 27
7 33 48 7 22 22 16 37 26 14 29 29 35 33 13 24 22 5 28 30
5 24 26 7 26 9 14 14 22 22 1 10 29 11 17 26 16 9 22 15
6 42 54 10 21 19 17 34 26 26 22 20 49 33 26 29 30 23 29 29
8 24 47 12 26 16 18 26 24 22 8 15 25 12 18 31 21 15 28 26
21 62 66 33 48 31 31 57 47 31 32 51 66 37 35 50 47 12 43 31
8 14 18 1 24 14 1 20 23 7 1 11 14 1 9 15 3 3 15 14
5 19 12 8 17 5 10 14 6 17 1 13 21 5 7 13 11 7 19 8
19 44 58 28 40 14 20 54 25 32 32 44 39 23 7 22 31 28 51 39
19 48 56 27 38 22 15 42 38 18 28 35 35 15 14 42 14 19 42 22
4 18 20 3 24 14 1 25 20 3 1 11 17 3 6 9 1 6 19 13
21 56 48 30 47 19 9 47 42 37 14 37 53 20 28 34 29 27 43 28
3 14 25 12 24 12 10 19 12 10 11 25 18 16 6 13 15 8 23 16
1 12 15 1 9 7 4 10 16 5 6 4 12 7 9 6 4 6 4 4
1 14 20 7 18 12 5 27 11 2 8 18 15 19 1 6 10 7 15 16
15 45 55 27 44 36 24 48 42 25 35 40 46 52 35 35 38 30 36 30
23 46 68 13 43 39 29 47 59 31 36 33 55 40 47 53 42 23 32 39
2 28 25 7 30 11 5 28 17 13 3 19 24 5 3 9 5 13 28 17
1 20 17 10 18 8 6 20 8 12 1 14 19 7 4 10 5 5 22 8
22 45 58 22 37 30 12 44 47 30 26 28 40 12 34 28 20 27 42 42
5 45 48 29 45 24 23 51 22 15 20 42 41 32 14 25 29 27 39 25
17 17 36 15 43 30 10 37 29 14 18 39 15 19 15 25 8 18 40 31
1 14 18 1 13 6 7 15 14 9 4 4 15 8 7 10 10 13 8 7
3 8 22 6 22 8 9 12 15 11 8 14 13 14 10 16 14 12 10 9
24 50 59 31 52 28 19 46 58 18 41 43 46 33 31 50 28 30 30 16
32 60 72 28 55 30 30 48 63 36 43 33 53 35 39 64 39 35 47 30
1 14 20 5 23 8 6 13 18 5 3 9 21 17 11 10 13 9 4 1
11 51 56 29 58 27 16 49 45 24 18 35 45 24 28 29 24 39 40 26
9 24 35 14 44 21 11 29 27 15 9 26 22 22 19 25 12 23 29 14
8 46 53 11 34 25 15 45 39 13 26 33 51 25 24 28 24 15 26 30
1 9 7 1 18 1 6 4 5 10 1 12 14 3 4 7 7 7 10 3
18 41 54 13 53 37 18 48 48 26 22 35 46 25 36 42 19 23 42 31
1 14 25 1 18 1 6 20 3 8 6 20 21 11 3 5 11 7 19 10
6 25 36 11 33 12 22 35 16 18 17 29 32 27 9 18 28 15 24 18
10 9 26 7 18 7 1 18 20 1 7 13 1 1 6 16 1 8 15 9
4 41 28 25 53 27 15 39 26 19 1 32 31 26 17 33 18 25 36 23
4 6 10 9 16 7 3 12 7 4 6 14 2 5 1 6 1 4 14 4
17 34 48 26 39 34 32 43 31 31 29 37 39 46 10 36 37 26 42 42
11 42 58 24 30 26 17 47 30 31 28 31 48 27 26 25 33 28 40 43
9 44 46 19 51 23 35 43 32 29 22 36 49 37 21 38 41 24 36 27
10 57 63 25 48 40 22 62 39 26 25 40 55 47 26 43 32 33 53 53
21 62 72 25 56 24 36 52 39 44 29 38 63 29 31 50 41 36 51 39
19 66 73 31 61 26 39 64 44 50 24 44 74 46 34 54 53 32 56 36
2 6 20 1 19 6 3 10 20 4 1 5 12 6 10 14 8 7 6 8
1 8 9 3 20 9 2 11 15 1 1 5 13 4 3 11 6 4 6 6
6 16 25 3 21 10 10 18 16 12 9 20 20 10 8 15 12 1 21 21
13 35 48 15 31 21 30 32 24 29 30 32 44 38 16 32 35 15 31 29
1 4 3 1 5 1 1 3 5 2 1 1 7 1 1 1 3 2 1 1
2 24 28 9 27 6 7 21 12 11 6 19 22 10 8 12 8 16 24 4
13 49 62 29 48 42 23 53 40 22 31 42 38 54 33 48 32 38 46 41
1 8 18 1 11 4 4 10 10 6 1 4 10 4 4 8 5 9 9 6
20 35 45 25 53 39 11 47 35 21 24 49 28 29 25 38 10 21 52 36
12 41 35 10 22 22 11 28 31 19 21 24 40 22 25 25 20 13 23 19
7 38 49 13 41 9 28 35 23 32 17 32 42 21 15 37 33 13 35 28
25 69 68 40 60 35 24 65 55 21 36 48 55 25 28 48 25 35 53 26
12 25 45 13 27 11 14 32 22 14 16 27 22 10 9 24 16 10 34 28
23 47 55 27 53 37 28 50 47 21 21 38 45 20 33 42 28 19 42 25
17 49 62 33 43 35 26 49 36 32 32 40 43 44 31 46 39 30 43 34
17 46 39 39 58 38 22 47 20 24 1 47 29 42 31 44 23 35 53 36
1 1 4 1 6 4 1 4 4 1 1 1 2 2 1 4 1 2 2 1
5 11 22 8 23 5 6 18 8 5 14 24 16 13 5 9 13 9 16 8
4 27 27 9 21 16 4 21 20 13 10 20 27 21 17 20 11 4 20 11
17 38 49 13 32 35 9 44 40 24 21 30 40 26 30 39 19 9 39 35
1 11 16 4 14 3 10 7 18 10 3 3 16 8 9 11 13 9 5 6
6 45 49 26 39 36 26 43 39 21 15 23 45 28 27 40 31 23 29 28
1 5 19 1 8 5 6 10 8 4 7 11 10 11 3 5 10 2 8 11
7 13 26 17 24 10 1 27 17 1 16 27 3 16 2 9 4 11 21 8
4 16 27 11 18 23 9 17 23 11 8 8 18 19 15 22 11 10 20 17
13 45 56 12 41 32 10 45 46 24 22 23 48 38 36 36 25 33 34 32
17 41 45 35 37 32 34 42 28 21 18 28 39 21 22 32 35 19 31 18
1 10 26 1 5 5 7 12 16 6 11 6 19 16 10 12 13 9 4 10
9 23 30 5 12 22 8 14 31 13 17 12 26 19 23 27 16 9 14 21
2 8 17 5 4 6 9 5 13 11 1 1 10 3 6 15 10 5 11 14
1 7 8 4 14 6 1 8 7 4 1 10 8 6 1 1 1 4 6 1
8 28 31 7 29 21 11 21 33 12 9 15 28 12 18 23 11 5 20 18
21 41 63 12 46 28 16 48 44 35 25 34 54 30 42 41 25 31 41 40
8 24 39 6 33 24 12 24 39 13 16 15 33 27 27 31 21 13 13 21
18 49 39 27 41 36 13 47 45 13 23 38 48 33 34 34 24 16 28 15
7 22 18 9 25 1 1 19 14 3 9 22 14 1 1 11 2 11 17 2
23 43 68 23 50 19 20 47 40 31 26 34 36 18 23 48 24 32 46 30
1 22 19 11 28 12 16 18 20 12 2 13 25 10 10 18 18 11 12 7
1 15 18 2 7 5 6 10 16 6 4 1 12 6 7 4 5 3 5 4
1 20 22 6 23 6 7 19 8 13 1 16 21 3 5 14 8 9 23 11
4 26 35 8 32 9 21 19 28 15 17 21 37 24 22 21 28 16 10 9
15 51 58 29 51 20 22 56 32 38 11 40 58 27 21 38 38 22 50 34
1 12 19 1 10 6 3 15 14 2 1 1 10 3 1 8 7 4 8 10
1 5 10 1 1 1 4 3 5 5 1 1 5 1 2 3 4 2 4 2
16 45 54 26 40 29 32 37 37 33 21 25 46 22 28 44 34 23 33 33
1 8 14 1 13 1 3 10 7 5 1 5 12 4 3 5 6 10 5 1
1 12 24 1 4 7 1 12 12 4 11 7 12 13 10 6 7 8 5 7
6 13 18 13 35 23 1 26 21 1 3 24 6 14 7 12 1 7 24 18
17 29 58 9 42 22 30 37 34 34 27 26 38 32 30 43 35 19 38 30
2 27 39 10 16 13 21 25 25 13 20 16 34 20 17 23 27 7 12 17
5 21 24 7 17 1 3 17 11 5 8 16 11 1 1 9 3 12 19 7
1 3 13 1 4 1 2 6 3 3 3 4 3 4 2 2 5 4 2 2
21 33 36 15 35 20 4 29 36 26 9 27 32 17 28 33 17 12 33 19
5 27 31 15 24 15 14 33 17 8 10 17 25 14 8 10 17 16 17 10
19 43 46 20 38 21 4 40 36 23 27 39 46 35 33 32 27 19 31 18
1 9 10 1 9 5 3 6 12 4 3 4 10 5 6 2 1 2 4 2
9 29 37 14 35 17 18 40 12 19 20 38 35 32 7 19 25 22 35 27
3 46 50 7 34 12 13 33 31 19 19 21 45 24 21 26 23 19 26 16
5 37 32 13 28 12 13 31 23 17 7 19 35 12 13 15 15 13 25 15
1 19 17 9 30 9 9 16 15 12 3 19 23 12 8 9 11 9 20 6
5 29 24 22 36 28 12 29 28 2 9 26 24 21 13 17 13 16 20 11
17 30 46 12 44 26 22 44 35 17 22 37 38 23 21 34 29 10 29 27
1 19 23 1 22 1 13 8 16 15 3 7 21 9 10 16 14 14 9 4
2 36 48 7 24 16 11 35 33 17 18 15 44 29 25 22 25 21 17 21
1 18 21 10 24 13 6 20 13 8 6 20 18 13 9 8 7 14 21 7
20 27 40 16 39 28 1 37 46 6 24 28 19 16 23 37 8 14 30 19
1 7 4 4 15 6 1 11 4 1 1 10 6 5 1 1 1 4 6 1
18 57 54 30 52 20 28 60 30 29 28 50 60 26 22 26 40 30 48 29
1 34 31 8 29 10 19 18 26 20 7 12 38 15 20 23 21 12 15 7
3 30 44 9 30 11 14 28 32 11 18 17 34 22 19 24 22 20 13 12
8 23 32 9 33 16 20 19 33 20 11 10 28 24 21 26 24 19 17 14
14 45 48 17 37 23 24 46 34 16 27 36 51 29 19 32 31 16 29 25
11 28 45 9 35 7 13 26 27 15 17 21 24 16 15 28 18 25 25 14
6 35 48 8 33 14 11 29 34 18 17 16 33 20 19 26 16 25 23 19
2 27 27 9 16 4 12 20 10 17 4 14 25 6 6 13 14 7 21 15
6 17 26 11 29 6 11 17 17 13 9 18 14 13 11 16 12 16 17 3
4 29 43 5 23 7 17 19 20 24 13 12 33 21 20 20 21 26 18 16
1 14 11 5 16 5 5 10 15 3 4 8 15 6 4 5 8 1 5 5
4 13 16 13 25 16 7 18 19 8 6 18 10 12 6 10 5 8 21 12
28 57 51 20 41 25 23 36 50 44 31 28 62 45 50 50 42 30 38 16
17 49 61 22 39 25 35 52 34 27 22 35 51 20 19 39 38 16 41 41
1 10 17 1 5 5 6 7 10 7 5 4 9 7 8 4 4 5 6 5
9 43 57 32 45 31 27 52 34 19 23 37 42 30 19 35 33 25 40 32
1 1 7 1 2 4 1 3 7 2 1 1 1 2 1 4 1 1 2 4
10 34 28 16 36 8 8 29 24 23 3 24 34 14 13 25 21 11 28 10
6 11 39 4 26 13 16 22 23 16 15 19 20 22 17 24 21 11 21 21
1 2 5 1 5 1 1 4 7 1 1 1 3 1 1 2 1 1 1 1
20 36 39 20 46 27 7 35 40 25 13 35 36 25 30 35 16 11 41 19
1 1 10 1 6 1 2 3 1 4 2 5 4 4 1 3 7 3 2 4
2 14 29 6 20 9 17 15 18 19 7 7 17 21 14 21 21 16 14 10
14 39 41 19 46 12 26 40 31 27 19 38 50 34 23 34 39 14 27 14
1 16 23 7 22 16 7 16 26 4 4 7 22 12 14 18 11 6 5 6
15 56 68 35 57 20 34 64 37 35 29 47 52 34 16 41 41 36 53 39
8 29 36 23 41 22 6 34 23 6 23 40 22 30 11 25 11 24 34 17
18 44 42 24 44 5 7 43 32 17 20 34 32 5 8 18 6 29 38 12
12 40 50 28 61 37 25 50 37 26 9 39 37 23 25 41 25 26 45 34
10 40 47 11 31 10 6 36 31 12 19 28 34 14 13 24 10 10 34 21
7 37 39 21 43 17 3 44 25 15 15 39 33 21 11 17 10 26 40 23
1 26 37 16 25 15 18 30 10 19 10 21 30 27 13 16 23 24 27 20
1 22 27 6 15 11 9 20 21 11 4 7 18 8 7 10 8 11 16 16
3 33 36 15 21 11 20 26 20 19 4 12 33 6 11 22 22 12 20 18
1 24 23 8 18 12 10 18 20 6 6 9 22 9 11 9 9 4 9 3
1 14 17 1 9 1 4 8 10 5 1 6 13 3 3 4 5 7 7 5
1 25 25 14 26 13 11 24 9 15 4 23 24 14 4 11 14 4 25 14
4 11 19 2 17 14 2 17 12 5 1 9 9 3 5 10 1 3 19 13
8 33 39 17 43 26 21 34 27 28 4 23 32 22 21 33 22 22 36 26
9 19 37 17 19 20 23 29 11 21 12 19 23 14 7 24 25 5 28 32
5 31 41 7 21 1 22 24 20 26 12 9 35 19 16 21 27 25 18 19
8 18 36 7 20 13 21 28 13 20 16 20 24 20 6 26 26 8 26 30
21 61 59 33 49 26 23 52 42 26 30 45 50 23 25 44 32 14 44 26
1 9 8 1 9 6 1 10 9 1 1 3 8 1 1 4 1 4 6 5
6 29 34 18 39 18 11 29 24 13 16 24 17 32 17 23 14 29 26 7
15 34 54 21 43 26 13 44 38 12 29 36 29 32 20 35 18 26 37 24
16 50 57 28 48 28 33 56 19 41 20 46 55 33 16 40 39 25 56 46
1 5 9 1 13 1 1 5 9 1 2 6 8 2 3 3 5 4 3 1
1 12 20 10 24 19 2 25 14 3 2 15 9 19 5 12 7 15 17 17
8 29 38 18 24 24 7 31 30 8 18 22 19 19 14 28 11 12 29 19
3 30 33 12 24 12 15 29 19 9 11 20 31 15 10 10 19 10 19 12
24 49 63 35 51 19 35 56 39 31 38 46 43 26 7 49 40 25 47 34
16 36 54 29 51 24 15 49 41 11 23 38 27 23 16 35 21 27 38 21
6 35 34 14 29 11 12 33 24 10 10 20 35 9 13 12 18 21 18 12
3 38 43 22 34 23 21 38 11 22 11 31 40 27 11 21 26 22 37 27
1 2 9 1 8 5 1 5 7 1 1 1 5 1 2 7 1 3 2 4
3 23 37 4 27 17 17 21 31 15 21 18 35 32 21 28 25 14 13 20
1 8 11 1 12 1 1 12 4 3 1 5 10 1 1 3 3 9 7 1
17 52 59 27 44 26 29 45 35 36 13 26 54 14 25 38 34 29 43 42
9 27 40 12 29 20 7 27 28 10 23 26 28 30 24 27 19 16 19 13
1 19 30 7 15 7 6 21 11 12 3 9 18 7 3 10 9 11 21 16
20 40 43 35 45 18 22 42 39 19 21 33 27 5 8 40 20 20 39 19
11 36 38 24 44 21 11 46 20 22 18 48 38 41 19 27 24 22 42 23
1 31 30 11 20 9 16 23 12 21 4 13 32 7 9 16 17 15 25 18
19 47 66 28 64 35 29 62 39 36 19 45 48 26 24 43 31 34 58 47
5 32 34 18 30 33 7 36 23 11 15 28 27 34 21 26 14 25 30 25
1 22 13 11 30 8 2 25 12 8 1 19 22 11 6 7 6 11 18 1
1 15 25 6 22 5 15 12 13 15 10 18 22 15 10 14 20 11 16 14
10 21 37 10 24 1 19 26 17 18 23 27 21 20 8 22 24 14 24 19
18 50 42 30 47 23 19 55 23 31 21 50 45 44 16 31 32 26 52 31
22 28 56 19 51 29 29 40 37 35 23 38 35 21 28 46 28 23 44 38
5 17 21 9 30 8 8 23 10 13 8 27 24 20 11 13 16 12 19 8
1 17 24 16 30 17 7 29 18 2 9 24 19 22 9 9 15 12 15 11
21 36 57 25 46 33 39 49 40 28 26 36 44 32 28 48 45 19 39 36
1 9 16 1 8 4 1 5 9 1 3 8 10 5 4 5 2 4 4 5
1 14 13 14 12 11 6 20 1 7 1 9 5 10 1 5 5 10 19 10
1 4 12 4 7 8 5 9 6 4 4 9 6 11 1 4 7 1 10 11
15 42 34 39 53 19 16 46 23 20 17 41 25 19 4 33 16 33 46 18
1 7 9 1 5 1 6 5 5 8 1 1 8 1 1 8 7 3 5 5
8 30 37 11 28 16 14 33 26 16 8 18 30 13 12 20 17 8 28 25
18 50 42 29 55 23 13 46 38 34 13 37 48 40 31 33 31 37 41 18
1 11 22 1 12 4 8 17 14 6 8 12 14 9 1 10 14 5 10 15
4 16 25 6 11 23 3 18 22 4 13 10 18 20 16 19 8 7 11 14
14 32 30 25 45 18 8 34 25 13 16 38 18 15 7 25 9 24 39 14
1 4 12 4 16 10 7 7 12 9 1 8 9 9 6 13 8 9 9 8
11 20 40 9 30 23 9 23 34 12 19 18 22 22 24 30 14 13 20 19
15 65 74 28 57 24 35 57 47 37 26 42 72 37 37 51 47 29 45 30
1 4 7 1 11 1 3 1 1 5 1 6 10 2 2 4 4 5 3 1
21 64 62 30 59 20 39 53 43 38 23 37 64 29 33 50 48 33 43 19
2 8 17 8 16 14 6 17 9 7 1 11 4 7 2 11 5 7 18 12
5 28 36 23 43 26 15 44 24 10 14 34 24 33 11 26 23 26 31 27
1 7 19 6 12 15 5 10 15 6 8 10 8 14 9 10 5 4 10 10
7 15 28 15 25 12 3 26 23 2 17 25 9 16 4 12 5 10 21 9
1 5 14 3 6 7 3 8 7 4 4 3 6 9 6 2 2 2 6 2
6 7 22 8 20 22 2 18 22 4 8 15 7 18 12 14 6 7 16 16
3 25 36 6 29 17 15 20 33 13 7 9 28 17 21 25 17 15 12 10
27 55 55 28 61 27 40 48 48 29 33 34 57 34 39 43 44 42 34 11
4 17 25 7 22 11 18 10 20 20 6 7 21 16 14 24 20 15 14 14
13 59 60 23 61 38 29 55 47 30 17 31 57 34 37 48 32 32 44 28
1 17 12 4 19 7 5 15 12 8 1 10 20 7 6 10 8 12 10 6
1 8 15 1 8 4 7 4 17 9 1 1 11 7 10 12 8 9 2 5
5 31 27 22 45 19 11 38 21 11 10 36 30 20 14 17 18 18 25 11
1 15 25 10 24 17 5 19 19 7 13 20 18 21 12 13 10 10 15 9
1 8 9 1 9 2 1 9 8 1 1 3 7 4 1 1 2 1 2 1
14 40 39 26 37 29 25 32 19 30 19 34 41 24 22 32 26 14 38 28
21 54 76 18 49 24 38 55 48 36 37 28 55 40 29 52 44 30 46 34
1 2 13 1 3 4 1 3 8 1 6 2 9 11 6 4 6 2 1 2
7 43 49 27 36 33 27 48 18 26 23 38 40 42 12 36 33 19 41 41
12 44 39 29 49 34 2 47 32 19 15 40 35 20 21 16 11 35 46 36
1 10 2 1 14 2 1 7 9 3 1 5 14 1 1 5 3 3 4 2
20 34 52 21 52 43 27 44 43 32 25 35 33 45 36 47 29 36 44 40
1 9 15 1 9 1 5 8 4 7 1 5 12 4 5 6 6 11 5 2
5 27 30 14 30 27 10 27 23 12 16 30 27 29 16 20 13 11 30 25
3 8 16 1 7 11 3 3 20 4 5 3 7 7 10 11 1 1 6 9
1 3 9 1 1 1 1 3 2 1 1 1 1 2 1 1 2 1 1 2
9 39 33 26 39 25 19 38 28 15 16 34 37 27 19 20 22 15 28 17
2 26 22 11 23 17 12 17 26 7 9 14 26 12 14 15 11 3 12 8
1 37 30 19 43 32 10 31 27 13 11 31 29 36 21 29 13 26 29 22
6 10 29 5 20 22 5 23 27 6 12 13 18 21 16 19 12 7 16 18
16 41 42 42 48 36 23 47 24 24 19 45 24 29 11 36 26 28 50 40
1 1 5 1 2 5 1 1 6 1 1 1 1 3 1 3 1 1 2 5
16 46 53 37 57 42 32 59 23 31 23 57 40 44 10 44 35 25 63 55
3 4 11 8 16 5 1 13 10 1 5 13 1 3 1 5 1 3 11 2
1 12 24 1 7 8 10 9 14 9 16 13 20 18 11 13 15 6 9 14
2 22 34 7 27 9 14 21 18 13 16 22 29 22 13 15 20 9 19 11
1 20 25 4 14 14 1 20 13 4 7 10 20 16 9 6 1 10 15 8
11 30 49 13 29 17 12 33 22 22 7 20 26 3 11 29 15 13 35 31
2 36 30 19 43 15 26 31 21 23 5 20 35 20 14 25 28 21 25 11
1 9 7 4 14 6 4 7 7 6 1 9 12 6 4 6 6 7 8 1
1 8 21 2 12 5 8 16 13 6 12 16 11 11 1 9 10 1 13 16
6 31 34 4 10 18 2 23 28 13 15 11 34 17 20 22 12 17 16 22
1 11 15 6 15 6 8 9 12 10 5 11 11 1 5 11 9 7 12 10
1 5 13 1 8 7 1 4 12 1 1 2 7 3 4 6 1 1 5 5
2 15 30 9 15 17 10 30 9 9 9 18 14 20 2 14 14 14 27 26
1 9 16 1 11 8 1 4 14 4 9 12 15 11 9 11 9 6 4 10
9 22 35 20 32 28 17 39 30 4 15 26 24 25 15 22 22 15 23 21
1 17 16 7 26 9 7 20 13 9 1 9 17 17 8 9 10 21 11 3
3 29 34 7 21 15 15 19 27 5 19 18 36 20 21 21 24 8 6 9
4 23 32 1 19 7 15 12 23 17 12 5 27 19 22 21 16 20 9 5
7 16 13 11 26 9 8 16 10 17 1 19 22 15 13 14 11 11 20 1
1 10 10 2 12 7 3 9 8 6 1 9 9 3 1 5 2 1 12 6
1 13 13 1 12 4 6 9 7 9 4 10 12 5 4 4 5 4 11 6
1 4 13 3 9 5 1 9 6 4 3 6 6 7 6 5 6 7 4 1
1 11 16 1 15 4 9 4 15 11 3 6 16 9 12 11 10 10 4 4
1 31 43 3 15 3 19 21 23 19 13 3 35 21 17 20 25 19 12 12
1 18 20 1 11 13 2 8 21 4 8 9 17 9 12 13 2 1 8 11
5 25 27 10 18 1 5 25 20 15 5 8 26 4 12 7 13 22 15 14
4 24 26 14 41 15 11 28 13 13 12 27 21 30 12 18 18 26 24 10
1 6 8 1 5 3 1 11 2 1 1 2 5 2 1 1 1 5 5 1
1 5 19 1 1 2 2 8 7 1 6 3 8 8 3 2 4 2 2 7
1 10 18 1 7 6 1 11 12 2 3 5 10 6 4 6 4 8 5 9
11 34 23 32 49 18 1 41 13 12 6 45 18 27 11 23 8 24 42 11
13 46 48 28 56 26 25 46 38 17 20 34 36 30 21 35 29 38 33 16
12 36 25 26 43 14 14 33 20 30 4 31 37 25 18 26 24 20 37 12
1 13 15 1 17 1 9 5 13 11 1 6 17 5 8 10 10 8 6 4
1 18 15 12 30 12 1 28 4 1 6 31 13 19 1 1 5 10 23 11
6 25 42 7 18 17 19 29 28 14 18 14 27 22 13 25 22 1 22 27
4 31 35 8 31 20 17 25 36 15 15 11 36 29 27 28 22 17 11 7
11 45 54 15 49 23 32 49 32 32 24 28 48 44 20 33 38 36 40 31
1 15 16 6 11 7 3 19 6 9 1 5 12 5 1 2 1 11 18 11
5 49 43 30 41 31 21 47 21 20 10 31 41 21 14 24 20 19 39 28
12 59 47 46 57 44 32 56 28 18 17 50 45 38 23 39 33 30 48 31
1 12 14 2 9 6 1 16 12 5 1 3 12 4 3 5 2 10 10 7
1 17 17 4 12 5 8 8 15 9 5 6 17 8 6 8 10 3 10 9
19 50 56 23 53 26 26 44 48 19 33 29 48 34 36 41 32 33 24 6
1 26 27 18 29 18 9 32 11 14 1 20 17 18 4 16 10 25 31 22
1 4 7 2 11 4 1 9 6 1 1 6 3 3 1 1 1 3 6 1
16 38 41 26 48 45 7 42 37 15 23 42 33 42 31 41 19 27 42 34
8 42 28 26 36 27 11 36 23 21 11 30 36 31 21 27 16 18 37 20
1 8 18 1 9 7 5 10 12 5 10 10 13 13 8 5 8 4 6 9
1 4 5 3 7 6 3 6 5 5 1 3 5 3 1 6 4 3 8 5
1 7 12 5 8 7 7 7 8 8 3 6 7 7 6 4 5 3 10 5
1 11 19 1 7 5 7 12 6 8 5 6 8 7 4 7 9 10 10 9
14 44 57 28 45 31 9 57 40 8 26 38 27 30 14 34 13 25 47 34
3 15 32 5 15 10 7 21 13 10 2 8 15 5 6 15 9 9 22 20
25 48 57 26 63 19 15 52 46 28 24 39 40 21 23 41 17 44 49 22
23 50 64 32 50 32 17 57 41 30 21 36 38 12 22 41 17 26 55 40
15 50 47 27 36 34 20 43 37 34 19 34 52 36 33 44 32 20 41 30
6 13 17 6 26 9 3 13 18 13 1 15 21 13 15 19 10 7 16 7
1 13 14 7 10 9 8 14 13 9 1 5 9 6 3 8 6 3 12 10
16 40 55 25 43 43 23 48 32 30 15 31 40 26 29 44 26 25 45 42
1 15 20 7 9 3 11 9 10 12 2 6 14 4 5 8 9 2 11 10
7 32 39 1 29 5 22 32 15 26 20 20 42 28 16 23 29 26 25 18
5 38 27 24 42 16 10 43 13 15 6 39 30 28 6 14 17 15 38 18
14 45 47 38 53 37 23 54 36 9 34 51 38 45 23 37 30 32 39 24
24 61 66 45 57 29 32 64 41 27 28 48 53 19 22 37 41 35 50 33
8 33 31 11 24 21 12 22 29 22 13 20 38 25 26 32 20 9 25 18
2 32 29 6 21 7 2 22 19 18 5 16 31 5 13 11 5 14 24 17
1 1 8 5 8 11 1 7 8 2 3 6 2 9 1 6 3 3 7 8
5 30 33 18 32 16 20 27 21 19 10 26 32 14 7 20 24 5 27 24
3 12 22 5 10 1 3 15 6 4 9 13 5 5 1 4 6 8 12 5
3 21 26 10 22 16 5 22 27 1 12 13 19 14 13 14 6 4 10 8
1 13 20 1 14 1 13 8 11 15 4 4 16 10 12 13 14 17 6 4
9 34 44 18 27 8 19 39 24 10 21 27 30 11 6 22 24 18 24 18
1 24 18 12 29 11 14 21 18 13 1 16 28 6 10 18 16 8 16 6
2 34 41 15 31 15 25 34 21 21 18 27 43 28 15 24 31 10 27 18
1 6 17 1 11 8 6 4 14 8 5 4 13 13 11 12 9 8 4 5
18 44 43 34 48 19 5 51 32 18 22 39 28 18 15 18 11 41 46 21
1 1 13 1 6 1 3 6 4 5 3 3 5 8 4 5 9 6 1 2
5 26 28 15 29 36 1 35 25 1 9 23 18 27 17 25 4 20 27 27
1 10 15 1 3 8 5 4 12 6 8 1 11 9 11 7 3 3 5 4
1 12 26 6 12 6 13 20 9 11 10 17 15 15 2 11 17 4 18 17
1 5 5 1 14 2 1 4 1 3 1 10 7 3 1 2 3 1 10 1
1 5 12 1 7 4 6 2 12 8 3 2 12 7 10 10 7 8 3 4
10 23 40 18 32 24 20 31 17 23 3 19 27 13 14 30 22 16 31 27
6 36 26 18 50 17 18 34 23 21 9 30 33 29 17 22 22 27 28 11
16 44 48 22 47 25 1 50 39 22 14 38 42 23 30 30 13 23 46 26
1 5 11 1 7 3 5 1 11 7 3 2 11 7 10 8 7 8 2 1
1 17 13 1 9 7 1 7 16 5 6 8 19 9 12 10 1 1 7 4
1 22 26 1 6 11 2 17 16 6 9 4 19 11 12 8 3 7 10 10
1 6 9 1 8 6 1 3 10 3 5 6 9 6 8 6 3 4 1 4
20 60 66 35 48 33 24 56 33 37 28 44 57 28 30 42 34 34 55 38
9 18 35 11 24 16 14 25 21 19 4 14 18 4 14 26 15 10 26 24
5 19 29 1 20 9 10 23 21 10 10 18 22 11 7 15 15 4 19 21
2 29 30 22 36 18 22 27 22 15 5 21 32 17 14 22 25 15 19 11
5 22 36 1 20 14 9 24 18 12 12 20 26 15 13 18 11 4 24 22
3 27 26 9 30 12 14 22 25 10 4 14 31 10 14 20 18 17 9 7
12 60 59 25 49 30 27 52 31 41 18 31 59 42 31 43 36 34 48 31
13 52 53 29 52 27 17 50 41 25 22 37 56 27 32 22 33 40 34 23
1 16 26 1 19 1 11 11 14 12 7 10 21 14 11 13 16 16 6 6
6 10 20 8 16 10 8 13 14 9 7 12 5 4 5 14 7 6 17 13
1 16 16 5 16 2 11 10 12 8 1 6 19 2 3 12 15 3 5 6
2 13 17 3 21 4 11 15 6 15 8 21 23 15 7 13 16 7 17 12
23 50 56 24 49 27 14 47 51 10 27 36 36 13 25 38 13 22 35 19
6 33 34 21 32 25 22 29 22 23 11 19 38 21 18 28 25 14 25 19
1 29 30 6 23 10 13 15 25 14 5 10 34 10 14 24 16 4 13 12
10 27 51 9 33 27 16 41 34 22 19 23 35 34 25 32 23 25 31 32
9 35 38 15 31 14 9 26 35 7 17 22 27 10 14 25 11 15 20 10
5 16 17 4 21 9 11 10 15 16 1 12 20 5 10 20 12 9 18 15
3 13 29 6 18 15 10 16 16 12 8 11 18 19 13 17 15 13 13 14
1 1 2 4 7 8 1 7 5 1 1 5 1 5 1 1 1 2 5 2
13 52 46 42 47 43 28 54 14 27 8 41 33 30 16 38 22 39 56 49
17 54 57 23 54 26 24 52 40 39 25 39 59 50 36 37 34 41 47 26
24 26 47 18 41 42 10 41 44 17 29 37 24 27 31 39 12 19 41 32
10 28 43 12 41 28 18 38 31 20 17 32 33 33 20 29 24 16 35 32
1 3 8 3 12 5 3 10 1 5 1 4 7 8 2 4 4 10 6 1
1 9 10 1 12 1 1 8 6 1 1 6 8 1 1 1 2 1 1 1
1 19 23 4 16 4 9 18 9 11 8 18 23 13 5 6 11 1 18 11
7 21 30 12 19 17 15 25 20 16 6 9 18 9 7 23 19 7 22 25
3 23 36 8 24 21 2 27 26 5 14 16 22 19 15 20 7 13 20 15
1 23 20 8 25 11 3 23 15 6 6 19 23 17 7 7 9 7 16 6
14 25 34 20 45 19 1 36 25 13 8 36 23 24 20 26 12 15 35 13
27 45 57 27 54 36 42 43 56 19 37 34 55 44 44 48 49 38 27 16
1 11 23 8 13 14 6 18 14 1 14 16 16 22 10 7 11 7 11 10
5 25 39 15 20 18 24 27 11 22 19 25 31 24 10 24 27 4 28 26
11 57 64 33 55 26 30 55 42 22 35 47 51 40 25 44 38 29 42 27
1 1 6 2 7 1 1 3 5 1 2 7 1 1 1 3 1 2 4 3
10 25 29 14 23 3 8 22 14 9 12 21 16 3 5 15 8 16 24 7
6 25 37 8 23 14 18 31 10 17 16 27 28 22 4 19 21 11 31 29
1 18 36 6 14 5 17 24 12 17 9 14 25 16 7 17 22 13 21 22
1 7 10 1 11 2 1 8 8 2 1 8 6 1 1 2 1 3 4 3
10 45 52 24 54 19 22 53 24 33 25 45 47 40 23 23 33 44 48 33
13 53 48 37 53 40 25 46 28 36 14 42 49 42 29 49 33 28 49 37
7 24 39 12 18 10 16 22 23 14 23 25 25 19 10 23 20 9 23 22
19 45 66 32 56 22 28 56 46 22 26 37 37 25 22 46 34 33 43 25
2 52 56 21 43 26 20 52 27 27 21 39 54 40 21 29 29 29 46 38
1 15 8 8 19 9 7 14 15 5 1 10 15 6 3 6 6 3 10 5
25 53 59 24 63 30 48 50 47 30 39 47 62 44 36 51 54 34 42 23
2 22 34 10 18 9 14 19 17 13 18 19 26 17 10 19 19 5 20 18
3 31 25 5 21 3 6 25 13 17 4 14 29 7 5 9 10 14 23 15
1 9 13 1 8 6 5 10 9 6 1 5 8 4 5 5 1 6 6 6
11 26 29 8 19 20 8 18 31 14 20 19 33 24 27 25 19 14 13 16
1 23 20 7 26 3 12 14 19 16 1 14 28 3 9 19 14 5 17 10
23 53 53 25 42 31 19 43 52 30 30 39 60 40 43 47 42 20 31 24
3 7 16 6 21 4 4 11 5 6 8 16 11 10 5 9 10 9 10 4
11 37 39 17 39 17 16 29 35 20 12 28 42 20 25 32 27 10 23 14
20 49 59 28 37 39 33 53 41 24 41 43 56 49 30 43 47 20 36 32
13 28 55 10 24 17 20 35 25 21 25 26 30 23 15 35 25 10 34 33
1 7 10 3 16 5 5 9 7 7 1 6 10 9 5 6 6 10 6 1
4 11 20 8 15 9 5 17 12 6 6 13 6 6 5 9 4 8 15 8
1 13 21 7 18 1 16 8 10 18 4 10 18 9 12 16 17 13 13 8
1 11 15 1 17 3 8 9 12 10 4 6 17 13 7 9 14 10 4 4
1 6 9 1 13 1 6 1 10 8 1 1 12 8 9 9 9 10 1 1
10 45 47 16 45 18 27 39 31 34 7 17 47 16 19 35 29 28 37 31
1 6 10 1 2 1 2 7 1 3 1 1 6 1 1 2 2 7 4 1
1 19 27 2 18 7 9 14 22 5 11 11 29 17 13 14 17 7 4 8
6 33 35 25 31 18 9 39 12 14 10 26 19 18 6 14 7 25 39 21
9 54 46 40 52 31 15 58 24 24 12 43 38 28 18 22 26 43 48 43
5 24 30 16 30 24 8 32 22 9 8 23 18 23 9 15 13 19 28 24
26 51 72 15 53 38 36 51 44 48 28 31 60 29 43 58 37 32 49 42
8 33 35 13 32 7 12 38 16 17 17 35 32 19 7 16 17 13 35 18
20 52 69 27 56 37 36 57 40 41 34 49 58 47 29 54 42 22 55 45
25 27 45 18 52 20 15 44 33 29 24 48 34 26 25 42 24 17 46 28
23 48 44 36 56 18 11 47 45 20 18 44 36 16 20 39 19 18 46 11
16 43 55 16 40 33 26 48 34 32 25 36 48 30 21 42 30 1 45 44
6 34 41 24 45 32 8 47 25 11 6 33 21 25 13 27 13 23 41 35
1 11 18 4 11 3 3 15 3 6 1 8 8 4 1 4 5 8 15 6
3 17 17 10 28 9 7 18 12 9 5 20 16 9 6 8 8 9 20 5
1 25 28 2 15 7 5 20 19 1 12 13 31 13 11 10 13 4 5 5
1 3 11 1 4 4 1 1 11 1 1 2 6 3 3 4 1 1 1 3
28 39 62 28 56 31 17 47 52 26 32 40 28 29 29 48 16 38 46 22
16 32 41 26 51 35 11 51 29 15 18 44 20 28 13 32 16 26 46 38
1 22 29 4 9 6 10 15 11 11 11 11 24 13 8 11 12 1 14 14
28 36 66 17 48 37 28 49 56 25 38 40 40 26 39 49 28 24 37 37
5 27 24 5 26 1 2 20 17 15 1 16 32 12 16 14 10 13 15 1
1 6 2 7 14 10 1 9 7 1 1 11 6 8 1 2 1 4 10 4
1 1 9 1 8 1 3 2 3 5 1 3 8 5 3 5 7 6 1 1
19 45 46 28 57 18 8 50 39 24 17 41 39 18 21 31 13 36 48 21
20 65 54 50 67 37 31 70 30 32 19 61 56 34 21 44 42 32 58 38
8 48 48 17 50 18 22 44 35 33 12 26 50 30 24 29 29 35 38 23
1 12 19 9 23 13 12 13 18 14 7 11 20 21 17 16 14 18 11 5
4 37 37 13 30 13 12 28 23 16 8 21 31 5 8 22 11 6 29 18
5 46 43 17 29 16 12 37 18 28 10 24 46 9 17 21 19 17 35 28
1 20 26 6 13 9 7 24 19 2 6 7 19 5 5 11 13 12 5 10
1 11 5 1 9 1 3 3 11 2 1 1 10 1 1 1 2 1 3 2
1 6 4 2 5 1 4 3 1 5 1 2 7 1 1 3 4 1 8 3
23 38 58 20 46 17 14 42 45 23 23 29 28 17 20 40 14 33 40 20
26 60 62 35 55 33 49 57 47 40 29 25 61 37 39 49 51 48 43 24
14 36 43 11 30 18 13 34 31 27 26 35 49 43 31 38 33 11 30 22
1 9 12 5 15 7 2 15 4 3 1 11 7 6 1 1 2 9 13 1
1 6 9 1 6 1 1 5 11 1 1 1 9 1 3 2 5 1 1 1
28 46 72 28 49 53 35 57 57 36 32 39 55 34 46 62 44 23 42 46
15 36 49 13 44 23 26 36 24 36 9 25 39 15 22 41 29 21 38 32
1 8 13 1 14 4 6 5 14 8 1 6 15 7 10 11 9 10 3 5
6 31 31 4 17 11 1 23 23 13 9 16 36 18 22 23 11 11 17 12
1 8 16 1 6 4 3 9 14 4 5 6 6 7 5 6 6 6 3 8
5 37 44 28 36 28 16 43 17 27 2 23 33 19 13 27 20 31 43 38
6 19 29 19 30 9 11 21 16 13 10 21 12 17 9 19 13 20 26 5
14 38 38 19 51 4 13 33 32 19 19 32 31 21 17 27 19 23 31 1
1 13 29 1 11 1 9 19 5 13 6 8 21 12 4 7 14 16 13 15
11 39 48 20 31 19 13 39 34 15 21 21 42 19 27 19 27 29 19 16
1 9 19 4 14 13 6 9 20 8 7 6 14 16 11 14 10 8 8 9
19 54 56 35 61 26 38 52 38 32 21 34 49 23 25 45 40 35 41 16
4 30 36 12 32 18 8 40 18 17 9 27 31 19 7 14 15 22 38 32
3 23 24 5 19 3 13 22 13 13 11 19 26 12 6 8 16 3 17 12
11 58 46 42 57 32 20 58 20 22 11 47 37 23 10 34 20 36 57 36
1 4 20 9 21 15 7 15 15 9 5 15 10 17 10 14 11 13 14 10
1 15 8 1 14 6 1 6 18 4 3 8 19 4 7 9 5 5 6 6
1 23 23 5 12 4 6 20 13 8 1 2 21 4 2 4 5 5 14 9
2 23 25 14 25 12 18 20 22 12 3 12 27 6 11 21 20 8 12 11
1 18 34 1 12 5 9 17 12 13 6 7 23 14 9 13 14 13 14 14
4 26 27 9 20 11 12 23 22 6 10 16 26 9 7 14 16 11 12 15
4 16 15 1 16 10 4 14 14 7 1 8 13 2 4 9 2 4 15 11
26 53 66 19 61 24 40 50 50 42 35 39 60 41 35 53 47 24 47 32
1 1 3 1 2 3 1 1 3 1 1 1 1 2 1 2 1 1 1 3
5 37 33 14 27 10 10 27 22 21 7 21 35 17 15 22 18 2 25 13
1 29 32 1 14 5 10 21 18 9 14 15 33 16 9 12 15 4 14 12
1 40 48 7 26 10 24 31 22 23 18 17 48 29 17 26 30 15 24 20
11 43 56 24 42 26 15 47 39 17 17 25 37 16 19 34 19 21 38 27
1 11 12 1 6 4 5 11 6 6 1 3 8 3 1 3 4 8 8 5
5 21 25 13 27 2 7 22 16 3 13 23 14 7 1 9 10 4 19 5
6 38 54 10 27 10 28 32 30 32 18 14 46 26 20 31 33 28 27 31
1 19 28 4 11 5 4 18 14 11 8 6 22 11 10 8 10 18 11 12
1 17 19 11 25 13 3 17 10 5 7 23 12 16 5 4 4 7 22 6
1 30 33 4 26 10 13 16 27 13 9 12 34 16 18 22 18 8 11 9
7 32 40 15 44 25 5 36 29 10 13 31 26 25 16 23 10 21 34 19
14 33 45 17 26 21 10 30 34 12 23 23 25 15 17 36 15 11 30 23
8 49 46 34 53 29 37 47 30 25 20 41 50 41 23 37 43 32 38 27
23 27 54 12 35 36 22 45 35 28 24 32 35 26 28 34 20 26 43 42
13 8 30 14 31 15 1 26 23 5 13 24 4 11 9 23 7 14 25 13
1 2 12 1 5 3 4 4 8 6 2 2 6 5 6 7 6 6 3 4
10 43 39 26 51 31 1 53 26 15 2 40 31 32 20 29 9 30 47 34
1 17 14 7 25 7 10 14 14 8 4 14 22 10 7 10 15 7 9 3
29 54 76 33 60 31 25 57 50 45 27 40 49 16 35 51 32 41 58 45
6 24 22 14 37 20 16 23 22 18 11 20 22 32 16 22 20 28 21 14
1 20 22 4 21 3 12 12 9 15 2 11 22 10 7 12 15 11 13 6
1 1 16 1 3 6 1 8 7 1 8 7 6 13 4 2 4 1 2 6
26 32 47 18 47 11 18 33 46 23 25 24 25 15 21 42 16 32 32 11
1 19 26 3 24 3 9 19 15 11 3 7 23 13 9 11 15 18 9 4
6 13 18 10 27 19 7 18 16 9 1 18 13 10 9 16 8 10 24 16
1 7 5 1 4 1 5 2 2 6 1 1 7 1 1 4 5 2 6 3
1 13 8 1 19 4 4 8 12 7 1 15 15 4 6 1 1 1 11 4
18 54 44 38 69 32 29 53 38 20 24 49 43 38 28 38 32 42 41 13
1 4 7 1 9 3 1 6 1 2 1 6 3 4 1 1 1 1 6 1
25 60 65 30 57 45 33 60 47 34 22 39 61 18 36 52 34 27 50 40
21 65 66 39 62 34 32 57 48 35 36 53 63 40 36 54 45 27 49 28
8 50 66 17 32 22 29 47 40 29 31 27 57 38 32 40 43 23 31 32
9 24 21 14 21 12 17 20 22 3 10 14 22 7 13 13 16 9 8 1
4 28 34 5 32 3 8 21 24 16 10 21 31 16 16 21 15 17 18 9
1 28 30 21 35 21 18 28 7 20 7 32 31 25 8 19 23 15 33 23
4 29 28 11 18 23 9 23 24 13 13 18 29 22 16 20 12 5 24 18
20 34 40 20 47 20 13 40 33 30 18 41 42 32 25 34 32 17 41 25
9 29 40 19 31 20 6 32 27 6 21 30 18 22 9 19 8 18 29 16
1 4 14 2 14 5 1 7 9 1 4 12 3 4 1 4 1 1 9 6
11 47 51 20 30 33 17 47 28 22 30 40 48 45 25 28 30 27 41 36
13 43 54 28 37 15 26 51 26 16 24 33 38 17 11 27 31 24 36 21
1 11 18 1 12 6 10 6 14 12 4 7 16 8 11 13 11 10 8 9
1 1 10 5 13 6 3 9 7 4 4 10 5 7 3 5 5 5 9 4
14 29 45 20 47 33 22 41 36 23 12 33 34 13 22 35 23 12 37 31
3 16 15 8 18 7 8 14 18 2 4 9 20 2 10 10 12 7 2 1
15 50 54 32 63 38 25 60 27 34 10 44 44 23 18 40 30 30 57 45
22 33 54 17 44 26 24 44 34 35 26 44 41 24 28 42 26 9 50 40
18 15 33 16 35 14 2 32 26 4 21 34 10 11 5 24 6 11 31 18
11 37 45 18 41 7 22 38 27 15 25 37 34 15 6 32 28 15 30 18
1 6 15 7 10 12 3 12 8 4 5 7 7 14 7 3 2 5 10 2
1 11 22 5 18 12 6 17 14 10 1 7 17 14 10 13 8 19 13 9
11 51 49 33 56 21 22 46 30 26 18 41 41 27 17 34 27 26 44 19
16 32 49 27 46 26 22 39 41 15 22 31 31 23 23 36 28 22 29 19
4 16 27 2 25 10 15 13 19 16 7 10 22 17 13 23 20 12 16 16
1 10 16 1 10 2 8 1 8 10 1 3 16 7 9 9 9 7 6 2
1 30 25 19 32 30 3 30 19 7 11 29 22 33 13 21 9 22 26 22
7 50 34 28 42 39 11 42 35 11 16 38 38 36 24 33 18 17 34 26
7 22 33 12 22 15 4 27 25 4 19 21 18 19 11 16 10 13 17 12
1 7 12 3 9 8 5 6 10 7 2 5 10 7 6 8 6 5 8 7
1 16 15 8 21 18 1 13 21 3 9 14 20 18 12 13 6 9 11 7
2 22 27 13 23 15 1 27 16 10 4 17 21 13 8 6 5 21 24 19
13 46 51 15 42 11 15 46 30 32 20 38 56 35 22 29 30 22 38 27
1 5 10 1 13 1 1 3 8 2 4 11 7 3 1 6 5 3 5 4
1 4 14 3 10 4 5 7 1 7 1 4 8 7 4 5 6 4 8 1
29 59 55 40 60 18 20 54 47 28 30 50 47 23 24 41 21 29 49 5
8 31 43 21 36 17 34 39 17 29 17 31 40 26 10 30 40 11 32 29
12 32 42 11 38 13 20 37 23 24 18 35 32 13 7 30 23 1 40 34
1 15 21 3 21 7 11 10 16 13 4 8 17 16 11 14 14 14 9 5
5 24 30 10 24 10 9 23 27 5 7 14 18 2 9 15 8 6 16 11
5 21 24 2 12 14 2 12 22 7 16 16 25 18 18 17 12 5 10 12
1 6 17 1 9 6 6 11 15 5 9 11 9 11 6 7 10 5 5 12
11 36 43 18 43 25 20 39 28 32 3 25 38 18 23 36 21 22 42 29
19 63 61 43 61 29 24 68 39 44 18 50 65 28 28 35 45 36 60 45
1 6 11 1 1 1 4 5 6 5 1 1 2 1 1 3 2 2 4 5
11 43 42 21 46 27 19 35 31 28 21 36 44 43 33 35 28 25 37 21
20 64 62 30 61 19 33 54 46 41 18 36 66 29 37 47 43 35 44 19
1 11 20 1 10 2 6 10 5 8 5 8 14 8 6 6 11 10 7 6
3 26 36 15 26 1 19 28 15 13 15 23 27 10 4 20 25 8 20 13
17 50 62 25 41 34 26 49 43 39 27 41 60 48 38 53 44 18 48 39
1 23 21 20 24 20 9 26 8 10 5 22 13 23 6 11 10 19 26 17
11 46 40 30 39 31 16 41 29 27 13 35 41 33 21 32 23 12 41 29
1 3 9 1 4 1 2 1 7 4 1 2 5 3 3 2 5 3 2 2
5 12 17 1 19 12 1 15 17 7 1 9 9 1 6 10 1 1 16 12
22 43 49 30 27 41 26 43 41 32 31 30 43 40 36 43 35 28 38 37
1 2 10 1 1 2 1 1 4 1 3 1 4 5 4 1 1 1 1 1
9 31 43 8 33 20 17 39 24 23 15 29 34 21 13 29 21 1 37 32
14 30 47 16 40 39 13 49 37 15 22 35 30 33 23 28 13 20 38 38
1 9 6 4 19 6 1 11 7 1 1 14 10 5 1 2 2 4 10 1
1 17 26 1 19 3 10 7 16 12 10 7 20 14 17 16 11 11 6 1
1 7 15 5 19 6 1 13 12 1 8 18 10 9 1 7 7 3 10 8
12 17 32 6 29 16 6 22 25 12 10 23 13 8 14 18 8 6 24 20
1 14 18 9 13 6 13 12 7 14 1 9 15 5 4 12 13 6 14 12
9 27 33 3 32 9 10 21 24 22 1 17 29 11 18 27 15 14 24 17
12 44 57 17 45 16 27 45 38 35 20 21 50 26 25 29 39 35 36 30
29 34 38 24 59 25 10 48 46 15 21 45 29 5 22 41 10 18 40 17
17 47 60 21 38 28 15 51 35 30 21 38 51 34 30 40 29 12 48 36
17 42 51 25 47 25 44 45 23 43 27 36 48 41 20 42 49 28 43 36
5 29 44 4 29 8 21 29 27 21 11 12 33 18 15 25 27 23 21 24
6 49 52 23 42 17 29 47 25 34 16 33 56 35 21 32 37 23 41 25
1 6 5 1 13 1 1 6 3 1 1 5 9 2 1 2 2 4 2 1
1 6 25 1 7 9 4 15 12 3 11 11 13 15 6 12 11 4 7 14
1 11 14 8 14 9 7 13 12 8 2 9 10 9 5 4 5 4 13 6
3 28 35 13 35 6 11 31 21 15 8 17 26 14 8 16 15 24 22 9
6 33 41 20 42 25 11 42 26 22 2 25 30 18 16 23 13 28 41 33
1 10 17 3 11 9 1 12 10 1 3 9 11 9 4 5 3 6 8 7
2 24 27 5 20 9 13 17 14 16 15 21 32 20 13 16 18 6 20 13
1 10 12 1 9 5 3 1 12 4 5 5 15 8 10 8 6 7 3 1
2 30 36 2 28 11 15 15 27 18 12 12 33 20 20 24 17 17 15 9
12 37 34 22 41 9 12 32 21 31 8 32 41 20 18 27 31 12 34 14
2 9 15 1 8 1 10 11 3 8 13 16 15 14 1 7 14 1 10 13
9 26 27 26 35 18 14 31 20 16 11 27 18 14 6 24 15 19 33 19
3 30 41 14 23 8 18 35 8 22 8 20 32 7 2 15 22 15 30 29
11 49 54 25 51 32 25 51 32 32 26 48 54 44 24 44 36 13 51 40
1 5 14 1 6 5 8 8 8 7 9 10 8 10 1 6 10 1 7 13
1 13 24 13 21 17 1 26 11 4 7 20 7 16 4 8 6 16 21 16
9 54 50 34 58 38 21 51 42 13 22 39 40 41 30 42 23 40 32 21
15 55 50 42 63 23 18 60 31 16 23 56 39 31 15 36 25 34 49 19
11 54 58 24 50 7 25 47 30 31 17 35 51 18 16 35 32 25 41 22
22 60 66 32 60 41 32 54 57 33 34 36 56 45 40 56 42 33 48 30
16 57 64 26 48 18 17 46 40 38 20 34 55 19 32 41 27 31 48 34
1 5 4 1 13 1 1 7 6 1 1 6 6 3 1 1 1 1 1 1
8 22 32 17 34 10 15 24 23 16 15 25 21 20 11 22 20 19 24 13
1 27 28 16 34 25 8 32 21 7 13 33 23 29 9 12 10 16 28 22
24 39 61 29 62 41 42 53 47 33 24 41 49 30 35 53 44 29 42 35
1 18 17 9 15 5 10 17 10 10 1 4 17 2 1 11 12 2 12 9
1 8 23 1 9 1 10 5 14 10 10 3 17 18 14 12 17 12 1 3
10 27 29 26 42 30 21 35 28 9 16 33 27 28 16 24 27 24 24 18
9 17 33 9 32 20 17 25 30 17 8 16 23 15 18 28 23 10 18 22
10 36 43 13 37 6 18 23 29 21 25 30 36 23 20 30 23 20 27 12
9 34 41 7 20 25 8 28 31 18 14 15 35 19 24 33 18 7 27 26
18 62 70 22 42 33 25 53 52 32 26 31 66 30 41 50 39 28 39 40
8 23 34 7 26 19 14 26 23 12 22 28 29 28 11 20 18 1 22 24
15 41 51 28 51 25 20 50 36 18 13 30 35 15 17 35 22 31 39 23
1 14 25 3 18 13 6 13 17 7 12 15 20 20 13 13 11 6 10 10
15 25 30 13 37 17 6 31 25 24 1 24 27 18 21 29 15 15 33 13
2 27 40 8 28 8 20 26 21 21 13 12 30 25 17 21 26 18 19 9
1 17 19 16 32 18 7 25 20 6 6 21 16 14 6 13 11 12 18 11
18 49 41 36 57 21 31 44 28 28 18 42 44 11 16 40 33 23 41 19
21 38 53 23 44 30 39 46 28 39 23 34 47 29 17 46 45 16 43 47
1 16 24 11 17 9 16 16 7 18 3 10 18 8 6 18 18 9 16 15
1 17 23 4 10 6 7 8 13 8 7 8 16 8 9 9 5 1 10 6
1 12 15 1 7 1 1 12 11 4 1 4 12 3 5 3 3 10 6 6
14 52 63 30 59 33 23 60 46 25 29 40 46 46 28 41 30 46 47 35
14 51 70 22 46 25 34 55 32 39 37 37 55 50 26 40 40 36 48 36
4 24 19 4 17 2 2 20 15 10 4 15 24 8 6 10 9 8 15 9
20 56 60 24 42 26 28 52 40 38 30 41 59 41 20 45 39 10 46 39
5 21 28 4 21 7 15 17 17 17 10 9 24 19 14 18 19 22 12 10
1 18 18 5 10 3 7 16 4 9 1 5 15 4 1 5 7 7 14 8
27 52 55 33 58 8 21 50 41 33 28 49 45 27 21 41 26 32 47 12
19 54 56 19 47 16 31 41 41 43 23 19 57 29 34 32 38 43 39 27
14 51 40 29 59 33 30 46 40 33 13 28 47 37 30 43 32 34 44 25
1 9 14 3 12 5 5 10 6 6 1 9 8 5 4 2 3 4 9 3
1 32 39 5 24 21 6 27 24 15 12 16 36 28 20 22 14 22 22 18
1 5 7 1 4 2 1 3 8 1 1 1 7 2 3 2 1 1 1 1
6 37 46 10 31 22 21 32 36 14 26 24 47 35 30 30 33 14 14 13
18 52 55 24 57 16 22 54 32 43 21 44 56 44 32 31 38 42 51 22
4 27 25 15 24 28 1 30 26 5 14 23 22 30 16 17 11 13 22 17
3 17 21 6 15 22 6 15 27 8 12 8 20 20 18 21 10 9 11 13
1 8 12 6 21 8 2 13 4 6 1 16 13 13 5 4 6 9 13 1
10 33 41 24 50 28 21 39 20 29 3 34 31 19 17 34 23 19 44 29
3 19 21 6 21 2 5 15 11 9 5 17 16 1 4 12 6 10 18 6
1 21 29 8 25 9 12 21 23 8 7 12 26 15 15 15 19 15 6 7
29 56 60 41 66 35 20 64 42 37 16 53 46 27 27 44 29 22 64 36
13 15 31 2 30 14 17 16 29 20 14 10 22 21 22 29 23 20 16 15
1 27 20 11 26 14 10 23 19 9 5 17 25 11 11 10 10 6 17 3
21 59 72 26 61 32 46 60 47 42 34 45 67 46 26 51 52 33 51 42
1 24 37 11 24 16 19 27 21 18 18 21 32 31 16 20 25 15 21 17
25 40 60 21 54 21 24 47 49 23 29 37 35 19 27 45 29 31 34 26
23 52 69 18 42 28 28 53 41 32 47 43 57 53 37 46 43 33 41 32
1 14 20 9 6 7 13 11 12 14 1 5 12 2 4 15 12 3 13 16
20 47 55 28 38 36 17 49 37 23 37 48 42 40 28 37 28 23 45 34
1 2 9 1 4 1 1 5 6 1 1 2 1 4 1 1 1 1 2 1
15 45 38 30 43 27 32 37 28 29 15 32 47 14 21 33 34 17 33 25
8 37 43 18 34 12 22 31 18 25 11 27 37 11 9 28 27 18 31 26
20 47 55 20 54 22 13 47 44 41 9 31 50 29 37 39 25 33 48 25
15 44 57 24 34 33 30 39 30 34 28 35 52 39 32 43 43 21 35 36
1 9 16 1 13 5 8 8 12 10 1 6 14 7 9 14 10 14 4 7
1 13 15 6 23 6 6 17 4 7 2 17 16 13 1 5 12 7 15 6
1 26 31 16 22 22 15 22 24 12 5 11 26 13 9 23 17 1 19 18
1 16 16 1 9 1 2 11 1 7 1 6 14 1 1 1 1 6 13 5
19 48 67 15 40 35 15 54 46 35 29 39 56 34 38 41 31 25 49 49
18 53 58 44 54 50 40 57 39 25 28 46 53 43 29 51 46 32 47 42
9 38 50 29 40 14 11 46 22 25 17 34 33 20 14 16 23 34 43 30
1 16 26 3 20 6 7 19 7 9 7 16 25 18 10 8 14 14 13 7
25 53 74 32 50 36 43 56 50 34 42 43 57 38 25 57 49 21 44 46
1 23 33 6 9 2 15 21 5 14 9 15 27 11 3 11 18 6 21 20
17 54 61 22 34 20 30 48 25 41 23 38 57 29 13 39 36 14 49 43
1 2 12 1 7 3 2 1 9 4 1 1 6 1 5 8 3 3 2 5
3 32 36 19 44 16 14 37 25 12 15 28 26 34 14 21 20 28 25 13
1 6 9 1 12 4 4 4 5 5 5 11 9 6 4 5 7 6 6 4
4 32 30 11 36 24 15 24 24 19 16 19 31 38 23 25 19 26 25 12
2 21 15 7 21 14 1 18 20 7 5 15 22 15 12 12 1 3 15 4
1 10 17 1 11 5 3 12 15 4 4 4 13 9 5 6 9 5 3 6
10 33 51 17 37 19 13 48 33 20 21 31 38 23 18 21 26 23 35 35
1 20 17 12 21 8 10 19 6 16 3 20 20 10 2 12 12 1 23 14
3 27 33 9 18 5 9 23 12 14 7 12 23 6 6 11 9 14 23 13
20 49 63 36 51 25 25 64 28 33 31 50 41 31 8 37 33 35 62 49
20 51 43 35 51 39 28 48 39 7 25 42 45 34 30 28 28 33 36 9
22 58 67 39 53 17 25 62 32 32 30 49 49 18 14 29 32 32 57 37
4 24 34 11 23 5 18 24 11 17 18 28 26 16 4 17 20 2 29 22
21 37 57 18 39 20 9 47 47 11 36 35 32 22 18 40 14 20 32 22
6 33 39 15 34 22 21 29 36 11 16 18 35 23 27 28 23 20 13 5
1 13 20 1 8 8 7 7 18 9 4 1 14 8 11 14 8 9 4 7
1 19 15 1 20 1 7 13 12 9 1 6 23 6 5 8 11 11 6 1
1 17 20 6 14 4 12 13 14 13 3 4 19 6 9 11 14 9 9 7
4 39 50 16 32 15 12 42 21 22 23 35 42 25 15 19 20 21 40 29
1 23 23 1 17 1 4 16 9 7 1 7 21 1 1 1 4 7 14 6
2 30 26 15 24 8 19 21 14 17 4 18 30 4 4 17 23 3 19 15
25 41 65 10 48 34 26 45 48 32 40 45 49 37 35 52 33 17 46 44
6 21 26 3 17 22 6 16 26 8 12 12 23 15 18 22 9 5 17 18
1 18 23 11 21 10 14 18 5 16 1 13 21 13 3 17 18 11 19 13
18 32 58 17 41 27 19 39 35 24 25 33 34 22 26 41 23 17 39 33
16 44 46 23 48 30 31 50 26 31 29 35 46 51 24 37 38 44 43 33
20 34 48 28 44 38 20 41 32 25 19 35 30 18 23 41 19 14 45 34
11 23 30 5 35 18 10 22 29 20 4 19 26 14 23 26 11 12 23 16
16 52 47 26 42 29 24 38 45 25 18 33 53 22 32 45 32 10 32 26
2 10 13 6 20 5 5 9 10 7 4 14 10 6 5 7 6 6 13 4
1 12 15 1 10 3 3 13 10 5 4 4 12 6 3 4 8 8 5 4
1 1 5 1 4 8 1 2 9 1 1 1 4 5 3 4 1 1 1 2
3 21 25 14 17 11 16 19 19 10 7 10 20 9 10 12 17 4 12 8
3 36 41 8 25 6 23 26 25 28 6 3 39 14 16 25 25 24 20 19
7 43 49 9 44 10 28 42 29 26 22 31 50 25 20 31 34 24 28 19
10 44 46 20 39 38 3 50 37 9 21 36 37 35 22 26 15 20 39 34
15 53 61 25 51 27 10 59 43 24 24 43 49 29 26 31 21 23 52 37
11 35 47 17 24 29 9 39 33 20 17 18 34 22 25 24 15 21 35 34
2 29 29 7 26 7 8 26 17 11 8 19 26 7 1 12 13 11 23 17
11 43 52 31 53 23 10 53 28 19 18 45 29 29 13 28 19 43 51 37
1 5 7 1 8 3 1 2 8 2 1 6 8 1 2 5 1 1 5 5
7 37 42 18 33 33 12 41 33 14 21 30 34 41 24 27 24 25 28 28
2 35 32 14 42 19 19 24 28 19 10 23 38 27 22 23 21 19 22 7
1 7 13 1 10 1 3 7 7 5 3 7 7 4 2 3 7 4 5 3
13 24 49 11 31 29 21 28 32 28 12 17 30 17 25 40 23 11 28 32
6 8 28 5 15 8 5 15 19 4 12 15 7 9 7 12 8 4 15 15
1 2 14 1 12 1 5 5 6 6 5 9 10 10 6 9 12 9 3 6
26 47 52 27 68 28 20 57 45 35 22 46 49 43 35 43 36 34 49 23
19 50 61 17 36 23 24 44 39 34 37 45 56 44 36 45 39 22 40 33
19 43 53 35 43 22 27 56 22 25 32 48 30 34 4 32 30 27 53 36
1 8 23 1 13 6 11 8 14 11 11 10 17 19 15 13 18 13 4 8
5 36 54 7 35 19 21 40 28 22 16 23 44 27 16 31 27 15 33 32
1 16 23 1 16 5 5 9 18 5 8 7 21 14 13 11 12 9 1 2
12 50 42 32 49 19 12 49 30 21 11 39 36 16 10 28 14 18 49 21
1 10 26 5 11 6 10 7 12 12 7 8 16 10 8 17 15 5 12 15
14 44 49 26 42 9 19 53 12 27 22 47 39 24 4 29 26 18 53 24
1 5 8 2 10 1 1 8 5 2 2 7 2 1 1 1 1 1 5 1
7 15 25 5 25 17 7 27 25 11 1 7 18 7 13 21 10 13 17 16
1 23 26 10 21 19 4 24 17 10 6 13 22 19 11 12 5 21 20 14
4 35 28 20 39 20 6 36 21 14 2 29 26 18 10 17 7 10 37 18
16 36 34 25 42 9 2 40 23 10 18 38 23 11 5 17 1 24 38 2
8 24 27 11 34 14 1 30 26 1 8 22 16 6 6 14 1 10 27 9
2 22 21 1 21 13 1 17 25 2 4 9 22 5 12 13 1 2 10 9
7 43 45 18 28 27 13 37 29 20 20 29 42 25 20 30 24 12 34 27
17 44 48 29 48 27 42 39 34 32 19 24 48 27 28 42 46 29 30 17
10 34 34 27 46 37 18 38 16 12 1 31 14 33 20 36 15 32 41 35
21 41 45 24 52 18 18 43 35 28 13 35 33 5 17 42 20 17 44 26
9 41 38 23 44 30 14 38 33 9 24 38 38 30 24 25 23 17 27 13
1 13 17 4 12 4 9 8 11 11 6 8 16 9 6 10 14 7 10 11
6 39 28 23 44 28 10 36 31 14 13 34 35 27 21 23 14 15 31 16
1 5 10 1 9 3 3 2 9 4 1 6 3 1 1 7 2 1 9 8
1 7 10 4 6 8 6 5 11 7 1 3 5 5 2 7 4 1 9 9
1 15 21 10 18 7 11 17 3 13 6 17 19 12 4 10 16 6 19 12
17 39 46 24 52 26 27 42 32 30 11 36 42 10 22 42 32 12 37 30
7 51 60 22 47 32 26 53 36 32 27 35 48 51 28 38 32 44 46 39
27 47 66 14 51 27 27 47 48 43 31 43 56 43 39 53 38 22 44 36
14 35 34 19 34 6 18 29 25 28 13 29 43 24 21 26 33 15 28 13
22 37 46 36 66 47 22 56 43 14 18 48 27 28 30 45 20 35 46 30
6 35 32 14 30 1 9 29 18 18 8 20 30 2 6 12 13 22 28 16
7 16 32 9 30 18 18 19 23 20 13 16 21 29 20 24 23 22 20 15
1 8 15 4 12 6 1 14 4 1 1 9 9 8 3 1 2 8 8 2
1 19 24 16 25 25 8 29 13 6 12 29 13 33 5 17 10 14 28 28
1 26 26 9 24 10 11 21 20 15 9 20 33 18 11 18 18 3 21 15
1 3 5 1 6 4 1 1 10 1 1 3 4 1 1 4 1 1 1 5
1 11 15 1 9 1 4 10 9 6 4 6 9 5 3 4 9 7 4 4
2 38 40 21 39 14 23 41 21 23 10 32 44 26 15 24 30 15 32 19
7 41 46 20 44 29 19 40 30 25 8 25 37 30 21 33 23 29 40 33
2 19 22 7 30 5 10 25 10 15 10 29 27 19 8 11 17 6 24 9
2 13 19 2 10 8 6 12 16 7 1 2 11 2 5 11 5 5 11 12
27 52 54 35 58 16 31 47 42 37 31 42 42 25 22 47 26 41 49 13
8 41 49 13 39 22 22 34 30 30 18 22 46 34 29 39 29 21 31 20
16 45 57 34 46 24 23 52 20 38 20 43 49 18 20 21 37 34 51 41
15 39 50 14 49 26 26 43 31 37 7 23 43 13 22 40 26 26 41 35
14 33 38 12 37 11 23 35 19 29 21 36 42 33 13 29 32 18 29 22
3 12 12 14 21 19 8 17 12 9 1 15 7 12 3 13 7 10 23 18
1 12 5 1 12 4 3 7 9 4 1 5 11 1 1 3 2 1 9 5
1 2 12 1 3 2 1 7 2 2 3 2 2 5 2 1 4 3 2 2
9 43 47 22 47 20 4 50 34 13 19 39 39 23 15 19 11 22 41 25
3 40 40 15 37 15 20 35 27 22 2 16 42 10 14 26 22 22 27 20
21 32 53 22 41 26 18 46 24 28 13 30 27 3 15 38 17 21 47 36
26 67 73 38 56 43 41 56 52 36 39 50 69 37 42 59 54 28 43 39
1 17 14 7 20 10 9 11 20 7 1 10 17 5 5 10 8 2 12 10
2 33 36 11 23 4 12 28 10 26 4 16 36 10 12 16 17 18 29 21
8 32 33 29 43 17 22 35 24 14 11 29 29 12 12 26 24 18 27 9
23 38 50 26 39 27 33 41 24 39 21 38 46 23 25 44 39 18 46 44
21 36 52 7 45 30 17 35 46 33 19 31 44 26 43 48 22 17 36 28
9 23 45 11 25 16 28 28 22 27 21 24 31 29 12 32 33 11 29 32
1 20 17 13 23 15 2 26 7 6 2 19 13 16 2 3 2 18 22 14
8 11 30 3 27 9 13 13 23 15 11 11 17 16 19 24 18 16 13 13
17 52 60 36 58 21 20 52 35 34 16 40 42 15 18 37 27 41 55 34
1 29 34 17 27 18 20 25 24 16 5 12 32 15 14 25 23 10 16 12
1 6 18 3 20 13 5 8 19 7 3 8 13 14 13 16 7 9 9 5
1 9 11 1 7 1 4 8 13 5 1 4 8 3 5 5 4 6 4 4
1 17 26 11 15 13 13 17 15 12 13 16 18 20 10 12 16 6 18 14
18 36 65 10 48 30 23 50 46 35 28 30 47 38 37 40 30 35 42 36
1 13 17 1 9 4 2 6 12 4 3 1 18 7 10 8 4 8 1 1
2 24 19 16 41 21 8 27 16 12 3 28 19 20 8 17 9 21 28 15
3 9 16 3 13 10 5 10 13 7 3 6 10 7 6 12 7 8 9 9
19 49 61 28 48 26 30 44 31 36 20 31 46 19 24 45 31 34 46 35
1 6 18 3 18 4 5 13 7 7 1 8 10 12 6 8 8 14 9 1
21 43 50 22 51 11 8 42 37 31 13 35 43 15 29 32 22 33 42 25
1 15 29 3 21 10 9 14 13 12 8 16 22 12 10 17 14 5 18 16
14 38 44 22 41 12 10 41 30 14 19 30 26 13 7 24 15 28 35 18
1 9 10 1 22 2 5 5 14 7 1 6 15 9 6 11 10 9 2 1
12 33 30 18 35 7 11 26 27 19 8 25 28 7 11 26 16 7 32 16
27 56 55 35 58 45 37 50 47 29 24 43 57 22 37 53 38 21 46 33
2 27 37 10 27 10 12 33 19 8 10 22 27 10 2 16 17 9 26 21
23 52 50 23 57 15 28 41 47 31 24 31 44 20 28 45 30 33 38 13
1 11 27 1 6 9 4 14 12 2 9 8 14 13 5 7 7 5 9 13
1 29 36 7 21 8 8 22 25 10 7 9 26 5 10 19 10 14 17 12
13 36 38 19 43 17 22 41 26 24 23 43 42 33 11 24 29 9 37 22
1 6 12 1 3 1 5 1 3 6 1 2 7 3 2 3 6 1 5 4
5 14 32 7 18 22 5 24 21 4 15 16 21 23 15 18 12 11 15 18
6 32 34 18 35 8 15 28 23 15 12 26 28 6 4 25 21 10 26 17
1 18 27 2 8 1 10 15 8 8 8 13 21 10 3 4 12 6 15 14
22 63 74 27 53 13 37 55 31 45 36 46 62 35 27 50 43 35 55 31
1 7 9 3 12 5 6 6 7 8 1 4 10 7 5 6 7 7 7 2
7 27 37 11 17 23 1 31 24 9 20 21 27 26 20 18 14 16 22 17
15 30 44 18 33 19 28 35 33 18 28 34 32 24 10 29 32 10 26 28
7 34 40 19 32 19 23 32 15 27 7 23 36 15 10 27 27 21 31 28
13 29 32 14 30 13 18 35 16 23 20 35 33 29 7 20 24 9 32 20
6 28 36 13 27 9 16 32 18 8 15 22 31 12 11 14 22 19 15 10
1 20 27 14 27 20 12 27 23 8 17 24 27 30 14 16 19 13 18 16
6 34 30 30 37 26 20 36 16 19 7 29 26 22 7 21 23 17 33 28
1 1 16 1 8 8 2 10 12 1 4 6 3 7 2 6 4 1 7 12
27 54 74 23 56 32 17 66 43 29 41 55 51 37 30 50 26 31 60 43
5 14 33 13 33 20 13 31 14 13 13 30 13 27 9 23 18 15 33 27
1 8 16 6 12 14 3 10 12 5 1 6 10 10 5 11 4 5 13 9
1 8 9 1 4 2 3 5 6 4 1 3 6 1 1 3 1 2 4 5
5 27 30 4 17 20 4 22 23 10 14 15 33 22 22 23 14 14 15 15
7 40 48 23 46 19 18 39 27 28 10 29 36 22 18 27 22 34 43 29
1 13 15 11 24 9 7 17 12 1 4 16 11 6 3 4 9 3 10 1
4 25 15 21 33 23 3 29 13 10 2 30 15 24 8 15 3 16 30 17
23 57 62 27 44 40 29 51 46 28 24 36 55 22 36 51 36 14 38 38
4 37 42 5 23 11 8 32 24 12 22 27 41 22 18 20 21 7 23 16
3 27 41 13 35 15 24 27 31 22 12 14 31 25 19 29 30 17 21 14
20 51 52 23 41 17 5 45 39 25 28 39 47 19 30 30 18 31 41 26
7 9 29 4 19 20 3 22 21 7 7 15 9 14 12 13 5 3 17 18
20 59 71 23 43 37 32 60 46 36 38 40 65 46 23 46 43 27 50 53
1 8 17 4 14 5 1 10 11 1 7 12 7 8 5 3 2 1 7 3
16 53 65 23 48 27 22 49 48 38 27 24 53 28 37 39 33 38 44 35
4 17 38 7 30 13 15 25 18 14 12 20 22 21 13 21 20 17 22 18
13 37 38 23 37 9 14 28 22 17 16 27 28 5 6 28 17 15 32 11
14 45 41 23 41 4 9 40 20 28 15 32 37 2 12 19 17 30 43 20
1 8 13 1 20 1 1 7 12 3 2 10 14 6 5 6 7 5 5 2
2 32 29 22 35 24 9 28 21 11 9 28 22 16 7 21 7 8 35 20
10 30 48 1 28 19 15 26 33 18 20 7 38 28 29 32 22 25 17 18
1 20 23 9 24 17 5 21 19 7 5 17 18 16 6 11 9 6 21 16
1 4 14 1 10 4 3 6 11 3 6 11 6 6 2 4 5 1 5 9
26 57 66 28 57 32 43 48 55 27 31 36 62 36 45 55 49 33 37 22
34 37 65 14 58 28 37 50 48 41 42 46 45 36 29 54 36 31 47 41
9 48 56 28 42 21 8 53 35 17 26 37 38 27 15 25 19 33 44 33
1 1 14 1 5 6 1 5 11 1 4 4 4 7 3 4 3 1 2 10
1 20 22 10 18 7 14 18 2 16 1 11 22 6 4 14 15 11 19 11
17 48 54 20 46 13 16 42 38 40 17 35 54 25 31 27 34 34 40 32
17 41 50 9 35 34 12 44 42 23 19 25 43 20 30 36 15 15 39 34
24 61 57 40 56 21 17 58 30 47 16 48 58 17 28 28 34 30 60 33
1 8 10 3 5 4 6 8 6 7 1 3 4 1 1 6 4 1 8 8
1 20 19 11 21 8 13 20 16 10 1 12 18 5 5 12 14 6 14 9
3 34 46 11 30 8 22 37 6 25 18 32 40 22 8 22 27 11 37 24
16 47 40 30 52 21 8 51 26 33 15 42 47 27 24 16 26 39 45 28
1 22 19 8 21 5 13 15 11 17 5 12 25 10 6 13 18 8 18 12
13 30 46 16 51 27 26 40 25 32 20 43 36 36 23 37 31 22 46 37
9 29 37 24 38 28 22 36 31 5 17 33 30 26 16 21 25 15 26 18
1 21 27 4 19 9 9 11 17 11 11 13 23 14 15 14 11 10 12 6
1 30 43 8 20 8 22 28 20 16 15 15 38 20 13 22 28 9 16 17
5 41 52 13 28 10 23 39 20 34 19 27 50 23 17 26 31 23 38 36
13 44 50 24 42 19 11 50 32 10 32 43 36 31 12 24 17 26 40 22
21 45 59 31 37 22 28 47 26 33 26 35 40 18 17 36 33 31 44 39
4 11 17 1 14 11 1 11 15 4 4 9 12 6 8 10 4 7 8 10
1 9 16 5 4 5 9 8 9 10 7 6 8 8 1 8 11 4 9 13
27 42 59 35 55 29 21 53 42 27 34 53 35 27 18 46 21 27 59 33
19 43 61 24 47 29 18 55 29 38 13 41 50 28 26 42 30 19 55 39
14 38 51 22 33 25 19 36 43 8 27 25 33 19 24 37 26 15 22 18
10 31 45 16 26 30 5 37 32 10 24 28 26 31 21 27 17 19 30 25
21 58 61 20 55 24 23 50 49 28 37 33 53 39 35 43 32 35 40 17
27 37 55 17 53 21 18 47 46 27 22 32 34 11 24 42 15 36 41 29
20 49 56 23 52 31 13 51 47 28 16 38 49 27 35 41 24 18 45 27
1 11 7 1 14 3 1 7 12 2 1 9 11 1 3 3 1 2 4 4
15 57 59 19 32 27 26 40 43 22 26 24 60 31 37 39 37 30 27 20
5 29 25 25 44 24 6 36 23 2 9 34 14 18 3 20 10 17 31 18
1 8 8 1 7 4 2 1 10 4 4 5 12 5 8 6 4 5 3 1
10 38 33 17 42 19 9 33 36 15 13 31 45 25 31 30 23 10 21 5
7 33 36 11 33 29 5 32 31 14 15 27 35 33 26 29 16 17 26 20
2 22 33 11 34 21 13 22 29 10 7 18 28 19 17 24 19 9 19 15
3 35 49 16 28 17 17 38 29 14 17 22 35 17 12 20 21 14 27 25
16 41 52 24 50 48 24 49 33 31 14 35 41 29 30 49 20 29 49 44
1 27 23 13 33 8 17 23 15 21 3 21 33 15 7 21 23 8 22 15
2 36 43 5 26 14 18 23 35 20 12 7 39 19 23 29 21 22 15 18
6 34 49 14 26 12 26 32 20 33 11 12 38 22 17 28 31 26 28 26
1 7 19 4 14 8 7 15 13 6 10 11 18 20 9 8 15 8 8 7
3 39 32 23 50 31 18 33 32 17 6 30 34 30 20 31 20 25 31 22
2 3 16 6 16 4 1 11 10 3 8 14 6 9 4 8 7 6 10 5
8 40 30 19 33 26 9 34 32 16 17 32 39 25 22 26 18 9 32 18
5 39 43 24 34 20 21 42 14 25 7 22 39 20 9 20 27 24 34 27
1 35 48 7 20 10 22 25 19 26 14 16 44 22 16 27 27 19 25 26
8 17 14 15 30 12 3 23 11 13 6 28 22 21 11 15 14 11 22 9
1 5 10 1 8 5 5 6 11 7 1 1 8 5 4 10 6 7 3 5
3 38 32 19 44 19 8 39 24 13 8 30 36 19 15 18 11 23 31 12
12 21 20 14 30 4 4 21 14 13 10 27 19 7 11 16 8 11 23 4
20 53 53 33 70 30 13 57 47 22 15 47 39 31 28 44 19 35 51 22
14 49 54 33 42 44 18 60 43 14 36 49 44 47 28 40 33 28 39 37
24 60 71 27 49 20 25 54 47 34 43 50 57 40 32 54 36 32 50 29
5 30 39 10 20 13 25 15 21 27 13 6 36 19 22 33 28 15 16 17
7 16 16 20 29 13 1 28 10 1 9 25 4 12 1 13 3 21 23 7
1 17 13 9 17 9 11 14 14 12 1 9 16 5 1 12 10 3 14 14
1 10 18 4 10 6 6 15 16 4 5 6 10 10 3 5 10 2 6 9
5 16 32 9 17 3 17 21 10 16 18 22 19 17 6 17 22 8 23 17
1 30 39 11 22 13 19 24 23 14 11 10 35 19 17 23 25 8 10 11
3 6 21 1 16 10 2 12 17 5 1 5 9 7 9 13 6 5 8 11
10 25 35 9 43 25 6 33 32 16 8 26 29 21 23 26 13 16 26 18
7 28 35 4 30 12 17 13 30 19 21 16 33 27 26 26 21 19 15 9
4 33 27 7 28 8 3 27 19 15 5 16 36 12 14 12 8 16 20 8
11 24 28 11 29 12 7 17 26 10 14 23 17 8 10 18 6 8 25 13
1 9 16 3 7 11 2 10 11 4 7 3 11 12 12 10 5 7 4 2
6 24 27 5 22 12 2 15 24 13 8 19 26 17 17 22 11 1 20 13
23 39 56 25 46 24 22 48 29 33 18 44 38 18 22 40 29 9 50 37
5 17 24 4 19 11 7 18 22 7 5 7 16 7 8 14 12 8 11 14
1 6 14 1 5 3 2 6 8 3 5 5 7 7 5 1 4 2 2 3
8 34 29 9 28 6 3 22 26 17 8 21 34 17 20 19 14 7 20 3
3 25 30 2 32 8 13 17 23 16 11 13 28 20 18 18 15 17 15 1
1 12 12 5 14 7 3 17 7 5 1 6 12 7 2 3 4 12 12 3
1 8 14 2 1 3 6 1 8 7 3 1 9 5 6 6 5 2 6 4
4 6 17 8 18 6 3 15 7 5 10 17 8 10 4 7 9 7 12 5
1 12 14 5 10 1 8 10 15 7 1 1 12 4 6 5 8 5 6 4
1 13 5 8 18 8 2 14 1 7 1 15 10 8 1 2 1 5 19 4
1 9 16 1 11 6 3 2 21 4 1 1 16 8 12 15 6 7 1 4
13 42 46 14 43 12 18 33 29 35 10 26 46 25 28 33 25 28 36 18
5 35 43 15 22 3 9 29 25 8 16 17 25 8 6 18 12 11 22 12
11 50 56 15 45 9 13 45 36 31 23 37 58 35 28 33 31 25 35 20
1 4 11 3 18 4 1 7 1 3 1 15 8 9 2 1 5 4 12 1
24 45 59 19 53 24 9 47 45 35 23 39 45 11 34 30 20 32 48 37
8 17 33 5 25 27 5 21 29 11 13 17 21 21 21 25 11 7 21 22
15 32 43 26 47 15 18 46 29 15 28 43 27 28 4 30 24 22 37 20
5 34 43 7 38 9 24 27 30 21 21 24 42 27 23 23 30 17 19 10
1 15 16 6 23 13 7 12 14 13 3 15 21 14 13 15 8 10 16 6
1 5 12 8 12 10 1 14 10 5 1 8 8 10 7 7 6 10 9 5
6 15 24 14 26 17 7 19 22 9 11 19 13 14 10 18 8 13 22 10
32 49 60 38 65 50 38 62 47 42 25 52 54 25 37 53 37 26 57 47
1 1 11 1 8 2 5 3 6 7 1 2 9 6 8 7 7 8 2 1
30 47 64 12 51 37 21 51 58 38 33 36 57 46 52 55 36 25 41 32
11 40 49 23 40 22 35 41 22 30 22 37 48 27 15 34 41 11 36 33
25 57 54 23 57 20 24 50 51 40 17 25 61 28 40 46 37 39 39 19
24 45 56 19 65 45 32 51 55 30 24 37 48 34 43 48 28 38 40 28
16 42 51 13 48 30 26 38 46 28 15 19 45 29 34 40 28 27 33 20
2 25 33 5 25 15 7 21 28 4 6 11 24 5 14 19 9 6 14 11
6 24 17 13 33 5 8 20 19 7 9 23 22 3 6 14 11 10 16 2
6 39 52 11 29 13 31 34 29 27 24 18 47 35 23 31 37 21 23 20
26 60 67 38 54 22 37 61 35 32 37 53 50 20 10 49 41 26 53 40
2 30 36 6 20 15 1 28 20 9 14 20 31 17 16 13 8 13 23 17
22 62 59 30 59 29 40 46 50 47 27 31 67 43 44 53 48 28 42 23
1 9 15 6 7 5 8 9 8 10 3 4 10 7 2 10 12 4 11 11
1 25 27 3 23 14 12 9 24 18 9 11 30 19 20 25 14 11 15 11
6 45 51 29 50 29 19 55 27 25 8 36 42 27 14 29 27 31 49 46
4 33 46 15 33 18 26 28 29 25 23 22 41 33 24 31 32 16 24 23
2 28 29 1 20 7 8 13 23 17 3 9 31 13 19 23 11 13 16 8
1 2 9 2 9 4 5 6 4 7 1 3 7 6 4 7 6 7 5 3
6 11 15 7 25 18 3 23 21 5 1 11 9 6 6 13 3 5 16 12
11 19 39 14 32 19 21 23 21 26 7 20 23 11 16 33 25 11 28 29
1 16 15 1 20 3 11 7 8 17 1 8 21 5 7 18 12 8 13 8
1 2 4 1 5 3 1 5 3 1 1 2 2 1 1 1 1 1 1 2
22 51 50 36 48 38 10 59 35 20 36 60 43 51 30 38 27 28 51 33
3 29 36 16 28 22 17 28 25 19 5 12 27 23 17 26 18 24 27 22
5 19 26 11 17 14 19 21 23 6 14 15 22 13 8 17 22 5 11 15
1 4 10 1 15 3 2 4 5 4 2 10 9 7 5 5 7 6 5 1
13 48 51 25 51 18 23 55 33 29 22 45 56 27 24 27 35 30 39 28
11 41 54 12 36 27 22 41 35 25 34 38 48 46 26 36 35 17 32 30
1 19 14 5 17 9 1 19 7 3 1 13 18 9 5 1 1 7 16 1
16 36 43 8 27 24 23 24 34 29 27 12 42 35 37 37 32 24 21 15
1 1 6 5 9 10 1 8 9 1 1 6 4 6 1 6 1 3 6 7
1 2 14 1 10 3 6 8 4 5 7 10 12 12 5 6 12 6 5 8
1 7 16 4 6 9 4 8 11 5 7 5 6 12 8 4 4 3 7 3
1 4 9 2 10 6 7 6 10 9 1 2 8 8 6 11 8 9 5 4
25 54 58 22 57 24 41 46 42 48 37 46 64 53 30 48 49 27 48 31
2 26 29 2 16 14 9 14 29 10 11 7 29 17 19 21 14 10 7 12
8 36 41 22 32 32 20 44 33 7 29 34 38 40 22 26 28 16 23 23
5 26 37 5 15 13 5 23 24 9 16 13 23 14 16 24 11 14 19 14
1 5 12 4 11 6 2 14 4 4 1 5 8 8 4 6 5 13 8 3
2 23 22 23 38 19 8 35 12 6 9 30 15 25 4 14 14 20 25 14
5 43 45 17 38 11 15 38 26 24 12 26 47 13 20 16 26 24 28 19
9 11 34 2 28 18 8 19 31 14 10 14 17 17 22 25 14 11 15 18
8 39 44 20 45 19 26 32 35 20 15 26 40 22 23 30 29 23 23 12
3 21 31 8 24 12 10 24 16 11 9 23 22 14 6 11 12 7 25 19
3 26 33 7 28 8 20 19 24 17 11 13 32 21 18 18 26 15 10 8
15 28 44 22 34 20 5 39 27 21 17 28 23 9 18 12 14 25 37 29
10 39 38 17 27 26 19 27 33 25 19 22 44 30 28 34 28 16 28 24
17 58 70 25 45 30 39 55 28 40 36 44 65 39 20 44 46 24 49 46
9 36 24 21 41 19 2 34 24 18 5 32 33 28 20 21 12 21 31 7
7 30 32 20 45 20 20 30 32 16 15 25 33 26 24 24 23 23 19 6
16 33 58 13 49 35 16 44 43 24 24 33 35 31 32 39 16 30 39 32
8 15 22 6 28 21 4 21 31 5 4 14 17 5 16 19 6 1 14 14
1 6 23 1 16 9 3 10 13 5 6 10 13 16 10 12 9 7 5 5
14 51 58 37 45 33 39 59 26 27 24 42 53 33 20 36 45 30 43 36
