1000 20 10 1928
3 20 5 7 13 7 5 11 6 6
1 0 9 3 0 8 14 16 29 6
2 4 2 13 7 16 12 8 10 2
4 1 11 15 0 16 14 13 20 7
7 10 4 23 3 6 9 16 4 8
8 3 7 5 3 11 13 10 1 5
2 0 4 5 4 6 4 2 1 2
2 3 2 1 3 9 4 1 5 5
0 7 11 6 2 5 5 5 3 13
14 6 4 11 19 19 7 8 9 4
4 6 8 10 18 0 22 4 1 6
11 4 14 1 1 2 13 4 9 3
7 1 0 9 10 0 11 13 0 7
17 0 5 1 1 8 7 0 6 6
1 10 3 10 1 2 33 2 5 1
1 3 8 14 16 3 5 1 13 1
5 18 9 13 0 3 6 16 5 3
6 7 11 2 21 8 6 4 7 10
12 0 12 9 24 4 15 3 8 5
12 6 4 20 3 2 4 28 3 12
8 15 13 4 12 7 4 3 2 20
2 5 5 4 7 8 1 6 12 1
10 11 4 4 6 1 1 2 4 10
5 2 2 3 11 1 10 3 8 1
4 4 8 9 11 18 4 15 18 13
1 12 8 3 2 12 3 7 6 1
2 9 0 13 5 8 3 4 5 1
1 1 4 3 4 1 2 6 6 4
3 3 6 9 0 10 4 7 9 6
3 4 3 3 4 0 1 2 9 5
3 1 9 1 3 5 8 8 11 9
0 5 4 0 3 4 3 13 14 1
1 4 5 5 13 10 4 12 7 9
9 12 0 18 15 19 3 6 10 4
7 2 1 7 4 1 3 17 2 4
11 3 5 6 14 7 11 12 9 8
3 4 4 7 7 12 2 20 9 20
18 0 16 6 13 3 5 9 8 1
4 2 14 13 4 3 8 8 26 18
5 11 2 1 6 7 13 13 17 2
17 1 7 5 0 10 1 15 20 7
6 6 4 17 5 13 14 0 10 3
5 1 2 1 8 2 3 4 6 2
1 13 2 0 2 7 10 3 6 5
2 7 3 4 4 2 6 9 6 5
5 11 22 6 6 1 15 2 3 12
3 4 1 20 8 3 8 7 0 11
5 2 8 6 5 1 1 6 1 2
1 2 11 4 14 11 1 4 11 2
3 11 4 0 1 4 0 2 2 5
4 0 12 2 1 1 5 7 2 2
19 0 18 7 11 1 2 13 22 1
13 16 16 4 12 3 15 7 8 7
10 8 13 0 9 7 14 3 10 2
11 6 0 15 4 10 9 3 16 16
3 2 5 2 4 4 6 1 5 1
14 0 18 3 15 2 7 5 2 2
7 2 12 2 9 6 4 1 10 3
8 0 10 21 1 7 3 5 9 14
11 3 7 2 11 4 12 7 23 11
4 6 10 1 1 2 9 0 2 2
4 14 3 3 7 3 7 7 2 2
3 3 10 4 6 6 2 1 5 3
1 5 2 1 3 7 4 5 4 1
5 2 3 0 1 2 8 1 7 1
3 13 0 18 20 5 5 14 2 8
2 1 1 13 1 1 5 5 4 12
2 5 12 6 4 6 6 18 5 7
1 9 23 9 7 9 6 16 1 4
6 4 11 4 3 10 20 5 6 1
16 5 4 16 12 18 4 1 3 7
14 5 2 11 22 7 18 3 5 4
7 11 7 30 4 5 6 1 3 6
7 7 5 8 19 2 12 8 1 4
8 16 8 17 9 14 2 3 1 8
8 10 2 2 4 4 7 6 11 9
0 10 2 2 2 3 4 4 3 2
5 2 3 4 8 6 7 2 3 1
5 2 3 2 2 7 1 2 0 5
1 4 12 12 10 15 4 4 7 8
16 0 9 4 3 4 8 8 5 8
7 9 3 4 3 4 6 4 3 7
11 10 6 12 1 8 4 3 5 3
1 8 0 12 8 12 10 6 14 1
7 2 1 5 0 5 4 3 2 6
26 10 3 5 11 9 7 10 16 12
2 7 13 12 5 9 10 5 14 9
2 9 2 7 3 5 1 6 0 1
5 6 8 5 1 7 11 8 6 15
0 0 9 16 12 2 2 6 12 10
2 2 21 17 11 1 3 2 0 2
6 9 2 2 1 4 2 1 7 3
5 9 1 3 3 9 8 5 11 7
4 1 5 14 7 3 3 5 6 6
11 19 2 8 3 2 3 1 1 4
5 9 4 6 6 3 8 2 14 5
8 3 6 12 4 11 6 2 6 0
3 1 9 9 4 1 2 5 3 7
5 2 0 17 20 9 7 11 4 10
14 8 11 11 2 10 1 8 1 2
3 2 4 1 21 1 5 2 4 11
7 5 17 11 4 1 4 2 1 9
5 4 1 3 4 8 7 5 2 9
1 1 8 5 3 1 1 3 3 3
0 1 2 5 7 1 6 4 0 1
9 12 10 23 12 5 1 19 7 7
10 0 1 18 8 11 8 4 10 9
12 4 3 8 3 13 7 5 1 16
5 11 2 4 0 8 6 4 1 0
1 10 24 12 1 3 15 2 9 10
5 5 7 8 3 7 8 4 1 3
5 4 4 0 2 11 8 6 4 1
6 2 1 8 2 9 7 4 1 4
1 5 1 2 5 10 2 6 2 8
8 0 11 8 10 21 4 2 12 3
9 6 0 14 14 4 1 4 5 10
17 7 10 5 18 16 18 4 5 13
11 17 1 3 6 7 16 3 1 8
4 16 4 9 4 29 4 12 4 1
9 5 7 1 9 4 0 1 10 4
13 0 9 1 15 3 5 21 11 1
7 5 9 6 4 0 6 1 4 10
12 8 3 14 2 8 17 7 8 1
3 8 8 2 10 14 16 9 5 9
6 6 6 8 7 14 1 0 1 3
5 11 13 6 1 14 19 3 9 22
12 15 2 4 6 6 5 6 7 2
2 5 1 1 19 4 7 0 10 4
10 0 8 8 8 8 16 4 6 8
8 8 2 6 11 5 1 16 5 0
3 8 3 11 11 12 2 4 8 6
19 3 4 2 3 0 11 0 3 2
3 8 11 15 5 4 1 10 4 13
5 7 6 7 6 14 14 13 1 19
4 11 0 6 6 5 6 2 2 2
3 7 1 7 3 1 4 9 3 0
6 2 8 0 0 8 1 1 8 7
6 1 2 0 4 6 17 1 0 4
5 2 9 0 2 6 4 2 11 11
4 5 11 0 9 3 9 3 9 1
0 8 2 4 5 4 7 15 9 3
19 11 10 11 7 12 4 15 12 4
7 4 8 2 1 2 9 2 3 1
3 4 3 2 2 2 4 2 10 6
2 2 7 24 1 8 6 1 7 8
4 3 1 1 0 7 5 2 1 1
3 2 4 12 10 1 3 2 4 8
6 6 12 3 2 4 5 3 8 3
2 5 10 3 7 11 8 18 6 12
3 0 11 5 2 1 2 3 3 3
5 2 12 14 0 7 9 16 15 5
10 6 15 12 16 18 8 3 10 6
11 7 5 2 2 2 3 2 9 1
16 14 4 17 3 0 4 2 3 11
3 4 8 6 16 19 7 12 9 14
2 7 10 7 14 3 8 14 0 6
3 2 5 19 6 7 9 0 12 20
6 6 2 4 1 1 2 1 1 4
0 0 0 3 1 4 7 1 3 7
11 26 8 1 12 11 16 10 3 3
2 12 5 5 5 10 6 5 8 4
1 5 6 4 10 10 6 3 2 3
3 5 1 4 3 3 3 7 9 2
27 4 10 4 12 4 6 2 1 13
2 6 7 7 8 4 12 2 8 5
0 1 0 2 5 5 2 0 5 13
0 5 3 15 7 10 5 6 8 1
11 6 6 3 1 7 15 10 3 10
19 10 7 19 5 6 10 8 16 3
18 4 4 5 13 18 20 4 5 15
0 11 16 10 4 2 8 0 1 12
11 19 2 14 3 5 5 16 8 5
8 12 9 9 0 12 8 10 7 6
5 3 9 1 0 7 7 19 20 11
8 3 14 15 17 3 5 4 19 6
2 1 1 1 0 10 3 20 1 6
1 6 1 4 3 6 2 2 5 1
7 1 3 8 5 1 11 1 3 4
11 5 7 2 14 4 3 17 10 8
1 7 6 3 3 18 12 24 3 2
7 9 17 3 12 1 6 3 10 22
7 3 3 6 7 4 3 4 1 2
6 10 4 5 14 2 12 28 2 4
13 2 1 13 2 15 9 1 11 3
0 1 18 4 2 0 1 23 18 16
7 6 3 3 2 4 5 10 22 9
1 11 8 12 4 10 3 21 1 14
3 1 5 5 6 9 3 2 0 2
4 2 7 5 4 8 0 2 4 1
5 1 17 12 22 19 5 9 6 8
7 9 8 9 4 12 2 26 9 4
10 10 0 16 2 16 3 9 10 5
1 3 18 1 3 1 8 19 4 20
3 6 3 5 2 7 7 0 3 3
19 3 8 1 7 1 3 11 4 0
5 12 30 10 3 7 6 4 6 8
9 3 11 3 6 1 17 4 5 12
5 5 1 13 10 16 9 3 5 8
25 5 5 7 2 3 5 1 19 3
6 0 1 6 3 4 1 8 5 1
0 0 6 6 4 1 3 1 1 2
4 9 1 3 3 4 9 9 3 1
4 0 4 4 2 4 1 0 1 7
1 8 17 16 19 11 11 4 13 3
3 7 4 12 8 4 5 3 12 2
1 2 13 10 20 2 22 13 11 5
3 8 12 9 9 6 1 9 0 8
9 8 2 2 4 1 3 18 6 1
10 8 11 10 6 12 16 4 7 5
5 1 1 5 4 2 2 5 3 7
7 3 2 10 14 1 15 5 21 2
12 3 8 17 7 15 13 22 10 0
12 2 2 7 3 3 13 4 3 4
3 2 2 6 0 4 32 7 2 15
1 2 4 3 5 7 10 3 7 1
3 4 7 0 2 4 6 3 6 6
1 1 3 6 3 2 2 7 1 0
3 17 5 6 2 8 2 1 10 17
0 2 9 0 1 1 6 3 3 4
1 7 7 2 8 1 14 2 6 32
2 4 5 11 1 24 13 6 9 15
19 1 1 8 18 1 1 17 10 13
0 3 8 1 14 4 2 3 11 8
7 1 1 1 4 1 3 4 3 9
2 1 1 4 10 2 1 5 7 2
12 1 12 0 8 13 5 12 1 5
6 25 8 10 14 10 3 9 1 6
6 12 15 11 1 0 10 19 3 14
11 13 10 12 2 2 13 12 7 17
4 1 6 10 2 2 3 3 7 1
2 2 4 12 9 3 10 8 3 1
2 11 2 5 4 11 5 5 6 2
11 18 6 11 6 5 8 25 4 8
5 6 8 7 5 12 7 2 7 4
11 6 7 11 5 7 2 24 5 10
2 15 12 2 5 5 14 3 6 8
4 3 7 18 10 8 6 13 17 16
15 6 7 5 8 11 5 11 6 4
6 1 2 5 6 6 4 2 6 0
9 14 6 5 0 16 8 17 24 4
2 6 3 4 13 14 16 7 3 2
0 7 2 9 3 2 10 19 4 14
2 3 7 4 3 8 3 5 0 1
1 17 8 4 13 16 11 18 1 2
7 3 7 5 8 6 2 7 7 1
19 10 0 1 2 17 6 14 13 9
7 5 5 4 4 5 4 1 8 2
5 5 14 5 17 14 6 18 3 1
7 2 1 1 4 8 10 0 10 6
4 9 4 1 0 2 1 2 5 7
1 1 4 9 6 7 14 5 4 4
4 4 4 1 7 2 3 5 8 3
2 9 15 4 5 7 8 5 0 4
6 4 1 7 3 6 6 4 15 2
5 5 2 4 2 3 7 2 0 0
12 8 1 8 4 16 22 15 0 3
14 2 3 11 1 13 7 3 16 1
3 7 5 9 11 5 11 1 9 3
1 3 14 17 18 3 9 3 14 1
12 5 2 14 8 2 9 9 4 15
4 1 9 1 1 0 8 2 11 1
3 10 27 1 5 10 8 1 6 17
15 5 2 2 0 12 6 10 0 14
10 6 2 9 8 14 7 9 6 21
8 7 2 4 1 8 16 9 12 1
1 6 29 13 0 11 5 8 5 2
4 3 11 1 4 3 1 8 2 2
1 9 15 8 7 8 3 8 18 14
2 1 12 9 24 8 19 1 16 2
6 1 9 9 7 5 4 12 3 1
22 16 7 0 4 4 7 2 11 19
4 3 3 1 2 4 5 0 3 5
10 13 3 3 10 8 16 9 7 14
13 19 15 9 12 3 8 6 7 10
3 16 2 5 4 11 6 0 3 9
18 20 1 1 2 13 2 16 11 2
19 5 9 16 2 4 3 2 10 3
4 7 13 5 1 4 5 3 2 5
3 9 13 12 1 4 6 4 0 2
10 0 13 8 16 13 4 12 11 21
7 5 9 12 5 7 12 3 1 21
4 19 18 3 15 8 6 0 13 5
4 14 7 7 15 7 4 11 2 11
26 2 13 0 5 7 11 1 1 4
9 4 13 3 0 6 12 6 4 1
0 1 1 4 8 4 2 1 4 2
9 7 11 8 1 1 6 9 2 2
2 5 3 6 6 11 8 3 4 0
2 3 1 7 3 5 4 3 4 1
13 1 12 16 8 14 13 2 1 4
11 4 0 8 1 9 20 6 1 4
3 16 10 2 2 0 2 4 14 1
5 3 10 6 1 4 4 4 4 10
13 4 15 3 1 6 3 8 15 16
0 11 4 3 13 7 0 1 5 0
13 0 7 18 17 19 1 10 16 2
6 3 4 3 9 13 9 10 5 3
2 2 2 16 9 8 10 15 1 12
7 5 6 1 2 1 8 2 1 1
3 0 3 9 8 6 2 5 1 2
9 8 8 6 7 7 8 6 4 5
3 1 15 4 5 2 9 5 4 4
4 17 3 3 10 11 1 3 11 2
19 7 5 18 6 11 9 5 10 17
15 17 14 17 7 4 15 14 8 6
2 6 2 3 7 3 9 5 1 2
7 7 16 2 3 8 7 0 6 9
1 1 2 5 0 0 2 4 8 6
4 5 6 7 4 9 20 0 3 11
5 5 5 6 6 6 4 1 2 6
1 4 1 0 1 1 2 0 13 4
1 5 11 4 4 1 8 3 9 5
1 2 5 8 6 5 6 1 15 16
4 3 9 4 6 10 9 3 9 0
8 0 1 5 3 2 0 12 1 8
1 2 5 15 4 5 2 12 9 2
3 4 11 8 9 8 1 2 4 3
11 10 6 5 14 9 21 3 4 22
6 16 8 2 12 1 19 16 9 3
5 11 13 3 0 9 0 3 20 6
4 4 4 5 2 4 0 9 3 2
12 3 15 10 3 3 20 5 6 11
4 23 4 4 5 2 0 0 6 5
4 16 12 12 17 17 14 1 5 2
10 1 19 3 5 12 5 1 5 12
5 12 9 11 8 6 7 0 5 11
10 12 3 3 3 4 2 6 2 5
0 1 2 1 7 11 1 3 9 6
12 3 8 4 7 12 6 6 3 11
3 15 6 1 1 2 1 1 1 4
4 4 18 5 5 2 4 0 20 7
7 7 0 0 8 12 1 11 19 11
3 9 11 8 3 1 6 3 8 5
6 11 12 1 15 2 10 15 3 20
12 2 8 5 3 11 5 8 10 7
10 0 4 12 4 2 3 5 5 8
12 4 5 1 4 2 4 12 11 6
13 7 12 4 24 16 5 7 2 3
5 3 3 3 8 4 3 1 6 4
6 3 1 3 1 2 5 7 5 6
8 2 4 16 3 8 18 9 5 8
11 1 4 6 0 1 3 3 1 1
7 5 10 7 7 3 7 2 13 9
6 3 0 4 6 1 4 0 8 1
5 4 2 1 1 2 3 4 2 6
5 11 2 2 6 1 4 0 5 2
6 9 10 6 6 16 2 1 24 5
0 5 11 6 13 9 4 13 2 7
7 11 1 9 12 1 9 9 29 4
2 1 9 16 5 6 17 8 11 7
11 6 0 9 1 0 2 1 8 7
3 7 3 4 7 4 3 12 7 3
7 17 13 6 11 4 0 2 5 11
4 1 1 4 1 1 6 1 3 7
6 16 3 15 15 9 0 9 20 16
4 2 1 7 1 2 7 6 11 3
11 17 3 8 7 6 8 5 18 3
10 4 8 9 4 3 0 7 10 2
8 6 8 6 12 0 10 16 3 7
18 9 1 15 4 3 6 11 7 7
5 4 12 9 9 1 1 3 8 6
13 3 1 1 7 14 10 8 5 15
22 6 2 13 7 3 11 7 6 10
3 3 3 7 0 11 0 5 2 5
7 6 6 7 2 2 9 3 9 10
1 0 2 5 4 3 4 3 5 9
4 15 15 12 7 1 8 8 5 15
3 11 7 16 1 5 15 8 7 11
3 9 3 17 4 11 13 7 11 18
16 0 3 25 10 19 2 1 4 1
14 19 3 7 10 9 13 1 11 17
1 9 3 12 2 11 2 11 7 7
15 9 0 4 2 2 14 17 10 11
6 8 6 5 12 2 1 5 4 2
3 1 11 10 4 2 8 0 10 2
3 3 1 5 7 3 10 0 3 3
6 4 6 8 13 13 3 4 19 4
8 0 0 3 6 0 1 3 2 0
14 8 16 17 20 7 14 2 2 0
7 1 0 2 17 3 8 5 6 7
2 7 0 0 6 5 11 10 6 4
6 5 3 1 7 4 10 3 1 2
4 3 1 4 12 30 2 15 15 8
4 12 8 16 3 0 9 4 9 17
2 2 8 6 4 1 5 8 3 5
6 8 13 4 5 5 15 7 6 9
11 3 0 3 13 1 10 5 7 8
4 2 8 4 0 1 1 4 0 2
6 5 1 3 3 1 2 9 0 10
12 1 12 1 14 16 1 9 4 24
16 0 14 6 5 7 16 1 3 9
5 4 13 0 6 12 0 7 21 8
9 1 6 5 4 11 3 4 5 20
1 10 3 13 3 9 13 4 4 9
18 19 7 17 12 6 7 3 3 9
3 4 8 3 8 4 3 3 3 8
3 2 8 5 1 2 3 2 3 2
9 18 10 2 0 2 13 2 5 5
1 5 2 11 12 2 3 2 2 1
2 1 10 1 1 3 0 7 3 1
10 14 10 12 8 5 6 1 10 6
23 13 16 3 1 6 11 5 7 17
3 20 2 3 7 23 5 14 19 4
3 11 1 15 5 2 8 6 4 15
9 12 7 17 8 3 13 0 5 4
21 4 7 7 4 14 8 2 6 12
0 10 13 2 0 8 4 18 23 3
3 4 3 11 5 25 10 5 8 15
2 10 2 4 24 20 5 7 10 4
5 15 1 10 4 4 2 3 6 5
8 12 7 20 5 10 3 17 4 7
11 6 6 11 9 15 8 5 3 10
0 4 3 3 0 1 6 17 0 2
13 23 9 7 5 7 8 2 2 1
9 1 9 1 8 12 11 11 1 7
5 3 17 2 7 2 6 5 13 5
9 12 1 15 8 4 13 2 1 26
9 5 11 2 14 7 3 12 3 3
2 7 2 15 12 5 6 6 15 2
16 8 16 15 7 13 4 6 16 10
7 1 11 9 9 8 5 6 8 27
13 14 5 8 7 6 3 4 11 4
5 1 7 6 6 8 3 4 1 0
4 5 4 0 3 11 6 7 2 10
17 6 4 5 0 3 14 29 2 11
10 4 2 7 19 2 3 10 17 14
4 11 2 1 20 3 6 23 6 0
18 5 6 11 7 9 6 2 3 14
1 5 16 10 5 5 10 6 5 11
8 10 6 5 23 4 2 0 6 5
10 1 7 7 7 21 13 8 13 8
10 6 11 7 8 1 19 3 1 21
5 0 1 3 6 1 6 6 3 0
4 1 17 15 21 0 6 19 1 14
7 13 10 4 1 1 1 7 13 7
7 8 14 4 18 14 0 2 8 5
18 1 15 13 6 1 8 20 4 9
9 2 0 5 13 3 5 13 7 1
4 3 11 15 1 8 5 13 6 5
9 8 1 7 6 13 7 4 8 11
3 17 3 13 8 29 0 10 3 2
7 2 2 6 6 4 5 1 4 9
6 10 5 8 9 14 9 1 21 4
13 16 9 6 22 2 9 11 3 3
10 2 5 1 5 1 0 4 6 1
10 1 1 0 6 3 6 8 4 7
5 11 2 12 13 5 19 5 18 2
10 3 4 14 10 8 7 7 6 4
11 12 11 1 8 5 11 6 4 11
5 8 3 0 9 3 2 3 7 12
2 0 8 17 19 0 13 17 0 0
2 2 1 6 3 11 5 7 6 1
2 5 6 1 7 4 5 13 3 10
1 2 2 1 2 9 6 0 1 0
2 6 12 10 0 5 12 6 2 7
1 3 10 8 4 4 2 12 9 1
13 3 7 7 1 8 6 0 3 4
9 1 5 4 9 13 1 23 9 0
5 3 11 8 11 8 6 8 8 10
7 3 1 10 3 9 8 5 9 0
4 1 1 8 3 9 1 9 4 4
2 1 1 9 9 4 2 19 17 5
5 11 9 10 9 1 2 4 5 7
6 4 4 0 0 4 2 2 0 4
2 2 0 4 7 5 4 4 1 5
7 18 18 9 3 5 15 6 12 15
0 12 5 18 6 15 5 5 2 1
19 5 5 16 1 5 12 6 5 2
7 9 5 8 2 6 0 4 7 3
5 5 1 1 2 1 8 6 9 2
1 2 0 0 2 6 5 7 0 2
9 3 4 9 6 7 2 0 3 1
1 5 1 5 10 0 10 2 3 1
3 2 12 15 9 5 2 6 9 8
1 15 1 21 24 6 9 10 1 9
5 2 9 3 5 6 6 1 6 3
6 0 1 4 0 1 4 2 6 1
13 7 4 3 1 4 2 8 3 1
13 10 2 8 5 12 3 4 4 25
2 7 2 23 11 11 18 6 0 10
7 1 5 3 5 6 9 12 16 2
1 13 12 10 7 8 3 6 9 16
1 1 5 4 5 1 16 12 1 19
0 15 12 8 7 20 0 1 17 3
5 4 4 9 10 9 2 8 11 4
5 1 1 1 4 5 2 1 4 4
1 0 8 10 2 4 7 8 13 9
7 3 1 8 5 2 1 3 2 1
8 9 7 2 3 6 5 1 9 13
7 15 5 10 10 7 1 7 15 4
6 0 8 2 2 3 2 0 2 2
0 14 9 13 8 10 3 2 11 4
7 4 1 14 5 4 8 3 7 11
7 13 1 11 8 4 9 10 8 4
3 7 8 8 3 3 6 1 3 4
4 6 2 2 6 2 3 0 1 4
6 5 1 5 3 7 0 5 3 5
3 18 0 1 7 6 7 2 8 4
3 9 7 0 8 4 8 2 11 7
3 3 16 26 9 4 0 4 2 5
0 8 0 3 9 30 3 2 5 11
5 1 2 10 6 0 6 4 4 8
2 7 1 6 13 0 1 3 6 7
1 10 4 8 5 1 4 17 22 4
12 6 13 9 6 3 8 14 7 6
4 5 3 8 3 14 24 9 5 18
1 6 1 5 5 3 2 7 1 0
12 2 5 3 1 5 3 1 8 11
12 18 3 12 2 12 6 14 10 2
5 2 1 20 16 25 8 13 5 2
11 2 14 14 22 2 3 1 3 4
8 10 4 11 3 8 13 1 17 14
1 13 2 18 8 5 2 9 5 10
6 10 8 5 7 4 2 2 7 7
13 7 5 0 1 4 1 2 4 5
7 3 1 10 2 7 6 15 3 6
13 13 10 5 5 10 22 4 4 1
13 2 1 10 10 1 0 2 16 10
3 12 6 3 2 11 1 6 20 27
5 2 5 13 13 4 7 6 0 0
8 2 5 5 10 4 7 4 3 1
12 5 9 15 2 1 6 19 1 7
10 19 4 5 11 1 3 5 3 13
1 26 18 5 2 14 2 2 13 12
4 9 6 16 19 15 7 15 12 7
4 3 0 8 5 1 12 0 5 4
5 1 0 3 1 6 6 0 8 6
5 3 1 6 2 6 1 1 3 1
4 19 3 16 2 9 1 4 3 2
5 3 1 2 2 1 3 5 6 0
6 11 6 2 17 6 16 1 13 2
10 17 2 6 7 10 4 11 14 11
1 7 11 0 0 4 7 1 13 3
8 10 10 12 3 1 4 5 15 7
6 10 8 17 2 19 4 14 13 13
2 2 6 7 1 3 7 4 1 5
4 1 5 7 4 2 4 11 5 0
12 6 5 10 12 23 14 13 6 14
6 11 13 6 20 3 4 11 9 12
8 14 3 10 7 10 4 29 5 12
5 6 3 5 4 1 9 4 2 10
8 1 1 2 5 0 3 5 7 1
10 7 7 5 14 1 3 0 13 21
4 2 18 2 7 3 8 1 4 3
9 19 18 14 6 1 5 5 3 13
20 7 8 1 1 4 2 12 22 12
5 2 4 0 3 2 4 10 6 0
3 4 14 2 6 2 3 3 16 4
2 1 3 6 6 0 2 7 9 3
4 9 6 12 5 6 1 5 12 4
12 2 28 1 4 1 24 1 4 5
14 7 10 12 14 3 10 5 19 1
9 1 10 4 17 0 2 8 3 14
20 6 0 11 19 11 4 0 4 9
3 4 2 1 8 3 1 1 4 1
7 12 2 1 6 13 5 7 0 3
5 8 1 12 11 2 0 11 7 3
6 1 7 2 0 1 3 6 6 4
10 1 5 0 1 14 0 4 9 11
5 1 0 8 0 2 2 3 7 1
4 6 3 8 6 8 14 17 13 3
11 11 11 11 1 3 5 14 10 9
1 1 4 2 6 15 8 13 13 1
5 16 6 5 5 6 1 14 8 5
13 4 7 16 15 12 3 10 2 13
9 1 1 0 1 7 3 3 13 1
0 5 1 1 2 4 2 1 2 7
6 1 2 4 8 9 1 3 2 2
8 2 2 13 27 19 0 10 8 9
3 4 18 0 6 5 0 2 6 6
6 5 10 5 2 7 0 9 0 10
15 6 4 4 3 4 9 2 5 4
0 3 1 0 2 2 1 10 9 3
6 2 7 6 2 4 8 5 4 5
15 1 5 12 0 2 0 1 18 13
10 4 6 18 5 14 16 10 11 5
13 9 11 1 17 12 0 2 19 17
7 4 3 9 6 9 0 3 5 7
4 2 6 4 4 3 5 4 7 0
9 5 2 27 10 3 8 14 11 2
13 3 0 1 4 6 3 0 5 5
2 3 6 1 1 2 8 1 1 0
16 2 8 9 3 5 13 5 13 1
3 0 0 6 3 8 0 0 1 1
9 6 6 15 0 2 7 6 5 1
7 8 1 9 7 3 5 9 5 2
7 2 5 13 19 5 10 0 11 3
2 12 5 6 1 4 2 1 6 10
4 1 2 10 2 13 4 4 1 3
8 2 9 4 11 3 12 12 11 0
6 20 0 15 2 5 4 7 6 8
2 6 10 1 6 1 3 9 4 6
9 10 5 0 10 12 8 2 7 1
4 17 17 2 13 6 5 24 2 9
9 3 6 5 7 11 19 2 10 25
6 7 9 8 8 6 2 1 15 13
11 2 7 8 0 6 9 2 2 7
3 1 13 2 3 8 6 8 2 7
7 5 1 10 0 6 1 1 1 3
3 4 1 8 2 5 0 0 1 3
2 7 0 8 9 2 4 10 3 0
8 8 0 2 1 1 10 1 1 2
3 12 2 8 1 11 9 6 16 3
6 8 12 7 18 16 4 8 16 10
2 3 3 10 2 2 0 5 1 2
8 2 1 7 8 3 6 5 7 4
9 0 12 5 5 2 9 4 2 3
4 7 4 1 5 5 1 5 2 9
2 9 2 1 11 10 22 4 8 4
2 5 1 0 25 13 2 16 9 14
2 8 9 24 5 9 9 10 18 13
4 9 4 6 10 6 15 5 7 14
22 2 7 5 3 13 6 14 23 3
0 4 2 1 2 2 8 5 4 11
3 1 6 8 1 8 3 9 2 5
15 8 5 21 6 12 15 2 8 15
1 8 4 6 2 4 12 5 9 7
4 4 4 5 2 4 3 4 7 2
3 2 16 3 4 1 2 3 8 2
9 23 8 14 9 1 2 13 5 4
4 2 2 5 11 3 8 2 4 2
3 4 6 7 1 10 4 9 1 1
6 2 3 2 1 6 1 1 4 6
1 5 2 7 4 15 5 11 0 23
1 5 15 2 2 7 5 17 1 3
13 3 8 1 11 9 6 11 4 6
10 3 12 1 20 11 1 7 0 2
17 13 7 8 8 4 7 6 5 7
2 1 5 0 6 1 1 2 7 5
5 10 11 8 6 8 6 7 7 1
15 5 12 10 9 3 14 12 1 6
2 15 18 1 7 2 8 13 12 8
11 1 9 3 13 2 5 3 4 12
6 1 29 17 0 9 16 1 0 2
1 3 0 1 5 3 7 2 2 4
13 10 1 8 10 4 21 4 12 13
1 3 12 4 5 7 8 8 2 12
13 9 4 5 2 0 7 3 5 12
1 3 1 11 1 3 10 6 2 9
10 1 6 3 6 2 7 12 11 5
6 1 6 7 6 2 9 5 1 1
5 17 5 22 1 2 4 2 2 12
5 9 18 2 7 12 21 11 14 10
0 3 13 2 13 4 8 12 8 1
0 0 6 5 2 8 12 3 7 2
8 5 1 14 13 9 4 13 2 18
1 7 4 5 0 4 1 7 3 1
1 12 19 2 3 4 2 2 8 1
23 4 13 11 11 6 9 14 14 12
6 1 3 1 0 0 15 5 12 2
3 3 7 2 2 9 5 1 7 5
7 4 4 1 6 0 4 4 0 2
6 7 6 0 1 16 3 0 8 3
8 16 12 13 6 11 5 8 0 1
5 11 5 3 0 0 5 8 1 3
0 5 4 7 2 1 8 10 4 2
1 3 1 2 6 0 8 4 2 0
1 6 3 4 3 5 4 1 1 3
17 6 20 8 8 14 3 5 0 15
5 7 10 3 10 11 9 17 3 24
2 0 3 2 6 2 7 4 2 4
7 2 1 7 9 12 20 2 0 14
6 15 1 3 17 7 13 2 7 13
1 12 28 5 11 3 4 0 9 14
9 18 2 9 8 3 1 13 3 7
0 1 3 8 1 3 6 1 2 7
17 2 7 5 5 1 5 9 13 7
11 14 10 10 1 2 12 8 26 13
5 5 12 4 25 12 1 0 4 4
0 12 4 3 3 3 9 9 4 4
13 12 5 4 12 3 1 2 4 0
0 2 7 2 1 2 2 10 6 7
2 3 1 8 1 9 8 8 5 9
2 10 16 9 2 6 7 20 5 3
6 7 11 11 9 4 2 4 8 8
4 5 3 0 9 6 10 14 1 8
0 0 1 5 1 5 1 6 1 7
9 4 1 7 6 18 0 11 1 8
9 0 9 1 2 12 5 1 4 4
10 6 13 11 6 3 14 5 13 6
2 6 6 2 1 1 5 4 0 3
7 3 1 3 1 11 2 4 6 5
17 13 2 21 1 21 1 11 1 9
2 3 5 9 7 3 6 10 13 4
14 5 5 14 5 11 1 0 9 1
3 0 4 8 10 11 24 4 0 21
2 3 9 4 4 1 3 10 4 0
6 19 2 1 18 4 14 2 6 13
16 2 5 6 3 2 3 11 14 11
1 1 8 29 3 8 6 10 2 0
9 17 3 4 4 11 0 3 3 11
24 6 0 6 14 2 7 4 19 10
14 5 5 3 3 6 0 3 5 15
8 3 4 1 4 2 2 1 3 2
2 3 0 1 0 1 1 10 0 3
7 0 12 9 6 0 3 4 9 10
1 6 11 3 8 3 6 13 12 16
12 4 6 3 9 0 0 3 8 4
8 4 3 5 6 4 2 1 6 5
13 4 8 6 0 3 2 22 4 7
3 3 8 13 3 9 5 5 9 1
14 3 11 4 15 11 7 19 5 14
5 15 7 7 10 4 1 2 5 10
1 8 2 0 3 4 0 3 6 4
0 1 0 14 11 5 6 4 6 3
12 1 8 8 6 7 3 5 6 1
7 4 26 3 2 5 5 5 3 11
5 17 1 11 3 5 3 7 10 1
5 1 6 5 1 8 2 5 6 3
5 7 11 8 7 6 9 12 9 18
3 14 0 12 12 7 18 3 3 2
7 1 3 3 8 4 8 1 9 2
6 4 6 1 2 3 0 22 6 6
4 3 9 2 2 8 2 10 1 5
10 14 6 14 3 5 5 14 9 8
11 2 5 3 3 5 6 3 3 1
20 15 9 14 13 19 2 2 0 0
7 1 5 1 4 5 5 5 6 3
2 19 4 7 7 2 11 28 5 2
11 18 20 10 5 1 3 6 15 2
7 23 3 12 6 9 4 5 5 4
3 10 4 12 5 6 0 22 9 5
6 3 1 5 2 1 0 1 0 6
19 3 21 6 25 0 7 5 0 3
12 0 16 7 20 3 13 3 3 12
4 14 5 2 6 1 5 7 11 6
9 11 0 0 2 3 3 2 2 8
13 9 9 8 12 7 13 4 5 6
14 1 5 22 3 1 14 10 13 12
0 5 13 2 9 1 5 14 12 8
5 8 2 7 1 10 3 3 2 7
7 4 3 10 13 9 9 3 27 8
1 4 3 5 10 4 3 2 19 6
7 6 1 8 1 2 5 3 5 1
3 12 5 4 1 2 4 5 6 4
9 1 8 3 11 8 10 4 0 4
5 1 3 9 11 9 1 3 2 11
16 4 3 2 2 10 16 14 1 4
2 5 5 13 0 1 4 11 3 6
1 1 18 13 13 5 0 4 6 14
7 8 4 12 3 1 5 1 3 4
0 9 7 0 2 1 3 3 10 0
4 1 2 3 5 1 5 2 9 1
1 7 0 2 2 5 3 5 8 1
3 0 1 5 1 2 1 8 5 2
3 3 1 2 26 6 3 11 7 1
7 13 2 10 11 4 10 15 12 5
20 15 7 19 8 8 3 2 6 8
1 10 5 16 3 7 5 12 1 16
6 2 2 7 2 8 3 10 15 5
11 2 0 1 10 1 3 9 4 5
14 17 6 2 6 12 10 11 1 1
4 9 8 1 2 7 8 6 1 0
7 20 18 16 7 4 0 9 13 11
9 9 1 5 2 11 7 0 3 11
2 14 2 15 5 16 11 20 11 14
14 7 5 0 5 3 4 3 4 2
1 10 15 11 1 16 4 9 10 7
6 17 14 4 8 3 8 20 6 3
6 4 13 1 4 5 10 13 11 1
1 3 2 12 7 12 9 2 3 10
5 3 5 9 4 8 6 2 5 5
6 12 8 6 6 12 6 10 8 3
6 6 19 9 8 6 5 2 10 10
9 18 14 11 10 14 1 2 22 5
6 4 10 2 3 19 7 23 8 1
4 1 1 3 3 8 2 6 4 0
2 1 6 1 19 3 1 3 5 14
9 17 6 14 11 3 2 7 4 4
20 8 5 11 11 17 3 5 5 1
5 3 5 7 2 4 5 12 4 5
20 6 12 10 5 2 10 16 12 13
12 1 7 12 10 15 4 4 15 1
7 9 4 6 1 2 3 2 10 4
1 15 5 7 8 2 3 15 0 8
3 1 5 2 4 2 2 6 6 4
7 3 0 5 8 1 1 3 10 9
1 6 0 10 4 8 2 3 3 6
8 16 4 3 7 11 2 21 15 8
6 11 13 1 6 0 3 3 4 0
2 2 7 6 1 3 1 4 4 1
25 12 9 4 20 5 6 4 7 7
9 2 0 1 5 0 11 8 6 0
12 6 1 1 10 4 4 4 3 4
4 5 4 7 10 0 1 5 2 10
3 8 8 7 2 7 13 11 2 2
6 1 2 6 3 1 4 6 13 5
3 4 9 2 6 16 4 11 13 5
16 7 6 13 6 5 2 18 14 20
1 4 4 7 1 1 4 1 6 3
3 7 3 5 2 0 3 4 6 0
13 1 0 9 2 15 13 16 0 7
13 6 1 19 8 4 13 7 6 6
1 15 1 7 7 0 7 16 5 15
1 18 1 17 15 8 2 22 5 13
4 9 0 17 10 2 5 6 14 24
1 6 5 1 6 7 2 4 2 0
5 7 3 10 1 2 7 12 4 16
0 6 3 1 1 8 2 6 5 6
8 2 4 0 3 0 3 4 5 1
6 7 6 3 6 3 11 0 4 5
7 3 7 5 12 3 13 3 6 0
20 4 4 2 8 7 6 1 22 14
13 23 10 1 15 13 8 15 9 0
21 5 19 3 4 6 6 15 6 6
10 4 12 16 6 4 0 2 3 12
15 3 6 1 5 2 5 21 10 8
6 5 5 4 7 10 5 4 1 3
6 1 6 8 10 10 8 22 15 6
0 6 1 10 3 0 2 5 3 1
4 15 4 7 12 8 8 13 10 5
11 5 14 1 5 9 7 6 28 6
1 8 6 5 26 7 7 2 3 8
11 1 4 3 10 1 4 5 2 4
7 3 3 19 4 5 8 11 6 10
21 15 0 4 7 6 2 6 4 20
4 6 4 0 2 3 1 3 8 2
2 1 11 7 3 8 11 11 14 5
6 3 4 1 12 4 4 5 1 1
6 3 6 12 15 6 1 10 12 14
1 1 7 3 3 5 4 0 8 2
5 1 9 12 2 0 2 16 5 6
3 8 7 4 1 4 1 6 1 7
4 2 2 5 4 6 1 2 5 1
6 7 3 2 4 3 11 12 20 12
8 1 2 7 3 1 1 0 1 0
4 1 2 1 8 4 1 1 13 1
11 4 5 9 15 5 12 10 28 6
3 1 2 0 9 14 15 3 11 8
1 11 14 6 5 14 12 20 7 8
4 10 8 1 8 4 4 0 2 1
10 16 7 1 15 17 2 7 9 16
2 11 3 6 15 1 5 15 9 3
3 1 4 3 1 5 2 2 0 6
11 2 8 5 2 5 5 2 11 1
3 4 5 7 4 0 13 1 11 9
10 1 5 3 1 2 3 4 5 2
6 7 7 6 4 3 8 2 1 4
14 7 2 7 0 5 0 3 4 4
9 6 1 3 7 4 4 5 2 1
1 6 4 4 6 5 5 4 1 0
3 3 1 4 5 9 2 3 18 3
4 2 29 6 10 9 5 1 16 6
3 5 2 1 3 6 7 1 5 17
8 5 11 10 4 1 4 4 9 4
6 5 3 2 2 1 1 5 10 1
11 4 3 4 5 8 7 17 4 7
4 7 8 4 4 2 6 3 4 11
0 12 8 1 0 15 3 3 7 3
0 11 12 1 5 9 23 7 11 2
8 8 5 7 1 2 1 4 3 5
10 4 3 3 8 1 8 9 9 5
1 3 7 18 16 22 5 2 5 14
1 7 11 17 6 1 3 6 15 21
4 2 0 1 9 6 9 0 3 4
3 2 17 3 3 18 1 3 7 2
5 3 1 4 1 10 3 5 12 2
1 1 1 15 2 18 3 1 16 13
7 3 25 1 9 6 9 3 4 3
1 9 8 4 12 18 9 1 4 6
0 2 0 6 16 19 15 10 17 11
5 8 4 5 2 4 4 3 5 6
2 0 7 5 4 2 1 7 2 3
10 5 3 16 16 5 13 14 1 11
1 9 12 5 4 1 1 12 2 0
9 0 5 16 3 4 7 1 10 3
2 2 0 7 9 4 1 4 4 5
2 6 7 2 3 3 3 4 8 5
4 6 3 4 4 3 2 9 6 9
2 7 2 6 3 2 2 1 0 3
7 2 2 3 2 9 8 3 11 8
8 2 7 1 5 10 19 9 3 4
4 6 23 1 17 8 9 10 5 19
19 5 4 7 5 4 16 6 9 6
0 17 23 12 11 4 4 4 9 7
3 4 2 6 16 3 4 13 13 29
2 11 3 4 0 1 4 8 9 11
3 10 9 3 1 8 9 1 8 2
2 5 6 13 12 5 2 14 4 1
10 8 3 4 4 7 4 7 6 9
12 17 5 11 4 5 0 11 15 17
0 0 0 1 1 5 0 7 4 4
10 10 14 11 11 1 3 2 5 13
3 6 1 1 4 5 6 1 7 8
1 4 3 5 5 2 2 5 1 1
6 5 3 5 0 7 6 0 0 4
2 1 8 14 2 7 10 5 10 3
6 2 2 2 13 9 8 9 11 7
3 5 4 3 2 3 6 4 0 4
13 1 5 21 18 9 2 6 2 10
5 18 4 0 1 8 17 2 17 3
27 14 4 11 2 1 6 16 4 5
4 2 8 3 5 1 3 6 4 13
13 7 16 5 2 9 13 6 5 2
8 2 3 3 3 6 6 1 0 0
10 1 3 3 4 10 2 4 11 4
6 3 5 8 8 8 9 12 3 13
6 5 5 6 6 9 2 1 1 6
7 6 2 4 3 5 11 11 10 6
3 11 2 2 1 18 6 11 6 13
1 3 1 4 0 1 15 4 8 4
14 15 7 5 8 6 3 1 1 9
9 7 8 1 1 7 3 2 6 10
3 7 3 3 3 22 0 14 21 14
1 0 8 6 2 8 5 7 0 4
1 3 8 6 18 3 7 0 21 7
3 3 19 11 20 8 13 7 16 4
1 6 10 2 1 3 6 7 1 6
0 3 2 2 7 17 7 13 17 10
12 3 7 0 6 0 2 1 3 9
9 2 1 7 15 6 11 2 1 6
8 1 18 14 0 4 16 6 17 16
11 6 4 4 11 7 9 9 11 1
2 3 3 6 3 2 7 6 9 3
11 5 6 9 10 7 3 9 17 5
23 10 7 9 7 6 11 2 1 12
7 1 10 20 2 10 2 1 11 11
10 5 21 7 6 1 14 9 8 5
8 5 15 3 3 5 18 16 6 6
1 0 4 2 6 3 5 8 0 6
8 2 22 4 6 4 10 6 5 10
7 7 6 6 1 11 4 14 18 4
1 5 16 13 2 11 1 13 5 14
5 2 3 9 4 0 18 2 14 8
11 4 0 3 3 5 1 2 18 7
18 1 6 7 10 10 1 13 0 0
7 1 3 0 1 7 6 4 0 3
1 5 2 5 1 1 10 0 8 6
15 7 7 6 15 1 2 21 8 4
4 11 9 3 7 5 3 5 17 3
0 1 5 4 3 8 3 6 11 4
4 6 5 1 3 9 0 4 20 1
8 1 2 6 1 5 5 0 1 7
6 16 4 10 14 9 2 22 13 0
5 3 2 0 2 3 0 1 4 6
11 4 3 13 5 17 18 4 6 8
3 6 7 7 18 25 17 2 1 2
7 1 8 10 3 3 5 3 7 1
6 5 11 9 7 11 5 8 3 3
4 3 3 0 6 1 2 6 4 1
7 10 6 13 4 18 11 12 15 5
1 7 3 17 3 12 11 1 11 21
9 1 11 4 6 0 1 7 0 1
1 0 5 5 4 3 4 3 12 9
10 7 8 6 2 14 17 10 8 6
14 4 2 15 5 21 5 14 0 5
6 5 7 5 1 5 7 2 6 0
2 6 10 3 2 5 4 1 1 16
17 2 1 16 6 8 1 6 6 3
6 7 2 1 1 9 6 1 8 13
1 6 3 19 15 4 4 21 7 0
6 6 4 5 1 0 1 11 1 6
4 3 8 1 3 1 4 3 9 8
12 10 11 2 3 14 3 1 22 16
7 5 1 1 4 3 9 0 6 5
0 8 7 6 7 4 7 1 7 8
2 21 13 22 10 6 12 1 8 5
12 6 9 7 11 1 9 5 10 0
3 10 10 7 9 1 8 17 20 20
1 4 11 13 7 0 9 6 3 4
13 7 2 15 10 15 9 22 6 7
7 8 12 17 5 1 19 14 6 12
21 4 4 6 7 3 4 12 18 1
4 0 18 14 2 0 13 15 15 21
1 0 3 2 9 3 10 8 3 4
1 6 0 3 6 11 4 3 1 0
3 1 2 8 5 4 4 3 3 7
2 5 1 0 0 2 2 5 5 6
2 16 9 9 1 10 10 3 10 5
16 14 1 12 5 1 1 11 14 5
2 2 1 2 0 3 9 11 2 6
0 4 1 0 3 1 3 4 1 9
5 4 6 8 3 8 5 2 5 7
0 13 0 21 8 7 6 13 19 8
3 1 6 2 1 3 2 3 3 6
13 0 8 3 17 11 5 7 20 1
13 2 10 10 3 10 5 3 0 1
14 4 4 6 10 5 7 7 6 10
7 6 5 2 1 4 1 2 0 3
3 1 12 0 1 11 9 13 7 4
4 7 2 4 2 3 3 2 3 3
18 0 9 7 8 3 4 15 2 13
4 11 5 10 4 3 10 12 11 10
9 9 13 2 3 4 3 0 6 20
2 1 1 8 1 6 1 2 6 4
12 6 0 5 9 3 2 22 4 27
6 3 5 2 8 3 1 9 7 2
20 1 6 8 9 1 19 1 12 7
4 16 7 12 7 2 7 6 1 7
3 4 16 17 13 7 1 10 2 1
2 4 2 6 1 3 3 3 5 6
5 3 2 2 5 8 0 16 1 4
20 1 7 2 9 9 1 12 2 6
3 3 11 10 6 4 9 4 6 6
2 2 6 9 5 1 6 5 4 2
2 10 1 2 2 5 12 7 11 11
3 12 6 5 10 10 6 1 6 1
3 6 1 1 1 0 3 10 5 5
2 6 5 3 6 2 5 6 3 6
9 12 9 4 15 12 5 10 22 11
1 31
1 81
2 20
2 22
3 30
3 41
3 84
4 51
6 49
7 40
7 44
7 94
8 51
8 93
8 97
9 73
9 91
10 28
10 42
11 51
11 78
11 94
12 20
12 83
12 97
13 59
13 109
14 28
14 43
14 85
14 96
16 49
16 68
16 75
17 77
17 95
19 102
20 53
20 54
21 52
21 58
21 75
21 82
22 39
22 61
22 80
22 88
23 26
23 97
23 101
23 111
23 120
24 37
24 40
24 50
24 79
24 97
24 109
24 118
25 42
25 88
25 125
26 39
26 51
26 74
27 47
27 68
27 71
27 88
27 101
27 125
27 127
28 48
28 83
29 117
29 122
30 85
30 120
30 121
30 129
31 63
32 42
32 77
32 78
33 55
33 66
34 62
34 110
35 88
36 71
36 72
36 96
36 97
36 136
37 70
37 77
37 85
38 56
38 64
38 97
38 125
39 68
39 108
39 134
40 61
40 133
41 42
41 54
41 134
42 78
42 97
42 99
42 105
42 127
43 94
43 132
44 97
44 106
44 138
45 62
45 70
45 94
46 58
46 89
47 117
47 147
48 73
48 138
49 143
50 63
50 144
51 106
52 61
52 66
52 99
52 123
53 108
53 123
54 79
54 84
55 93
56 75
58 100
58 112
59 144
60 84
61 111
62 71
62 74
62 93
63 75
64 121
64 145
65 78
66 76
66 110
67 82
68 87
69 79
69 169
70 90
71 84
71 139
72 97
72 157
73 162
74 118
74 167
75 114
75 123
75 161
76 80
76 108
76 158
76 174
79 86
79 101
79 163
82 181
83 148
83 165
84 98
85 104
85 132
85 137
85 167
86 148
87 134
87 137
89 133
89 142
89 152
90 143
91 143
91 176
94 107
94 151
94 160
94 188
95 104
95 177
96 103
96 104
96 138
96 188
97 160
97 183
98 165
98 184
98 189
100 174
101 125
102 111
102 121
102 135
102 176
103 177
103 186
104 146
105 133
105 138
105 186
106 112
106 141
106 164
106 189
107 144
107 207
108 173
108 197
109 138
109 173
110 166
110 175
111 130
111 131
111 134
111 157
111 166
111 187
112 122
112 126
113 130
114 162
114 182
114 210
115 169
116 142
116 191
117 127
117 148
118 127
118 145
118 168
118 177
118 183
118 218
119 179
119 200
119 205
119 212
120 141
120 196
120 215
122 172
122 180
122 221
123 139
123 162
124 156
125 136
126 185
127 152
127 161
127 172
128 164
128 167
128 221
129 133
129 136
129 194
132 213
132 232
133 180
133 209
134 217
134 223
134 224
135 183
135 223
135 230
136 219
137 148
137 177
138 139
138 173
138 212
139 216
140 182
140 189
140 222
140 224
141 153
141 209
141 218
142 176
143 156
143 219
144 184
144 195
145 159
145 172
145 219
145 235
146 219
146 242
147 155
147 179
147 222
148 152
149 151
149 162
149 176
149 183
150 156
150 158
150 162
150 167
150 178
150 226
151 201
152 243
153 200
154 183
154 184
154 189
155 207
155 224
156 158
156 213
157 168
158 166
158 198
158 216
159 223
159 254
159 255
159 257
160 181
160 186
160 193
160 216
160 241
160 250
161 169
161 184
161 239
162 175
163 198
163 237
163 263
164 225
164 240
164 241
165 191
165 198
165 213
165 236
166 206
167 177
168 184
168 263
169 230
169 239
169 247
169 259
170 225
170 241
170 270
171 212
171 215
171 227
172 199
172 247
172 250
172 262
173 176
173 231
173 242
173 243
173 258
174 184
174 207
175 181
175 201
176 177
176 179
176 243
176 261
176 268
178 216
178 235
178 241
179 250
180 250
180 259
181 227
181 228
181 235
182 235
182 237
183 253
184 217
184 238
184 252
184 271
184 279
185 253
186 208
186 247
187 261
187 270
189 216
189 246
190 219
190 276
190 279
191 203
191 229
191 231
191 284
192 259
192 278
192 279
193 205
193 236
193 250
193 256
193 260
194 230
194 241
194 277
194 293
197 249
198 204
198 280
199 225
199 248
199 275
199 279
200 217
200 251
200 269
200 282
201 241
202 205
202 208
202 238
202 249
202 271
202 287
203 233
203 288
204 212
204 275
204 294
205 260
206 259
207 289
208 215
208 230
208 242
208 266
208 292
209 244
209 249
209 260
209 261
210 229
210 230
210 266
211 217
211 287
213 249
214 245
214 249
214 254
214 257
214 268
214 270
214 297
215 218
215 259
215 283
216 217
217 225
217 227
218 293
218 297
219 284
221 238
221 275
222 231
222 240
222 251
223 282
224 283
224 284
225 244
226 242
226 243
227 274
228 230
228 280
228 281
229 241
229 262
229 268
230 284
230 313
230 322
231 239
231 292
231 306
232 307
233 238
234 262
234 300
236 239
236 282
237 287
237 337
239 314
240 279
240 317
240 325
241 244
241 308
241 332
242 339
245 260
245 263
245 289
245 328
247 291
247 334
248 261
248 275
248 311
249 298
249 310
252 269
252 279
252 314
252 319
252 351
254 315
254 332
256 273
256 328
257 278
257 285
257 295
258 296
259 322
260 312
263 281
263 294
263 303
263 308
263 334
263 361
264 307
264 309
264 344
264 354
265 273
265 317
265 332
265 354
267 302
267 358
268 322
268 332
269 294
270 274
270 361
271 323
271 341
271 348
272 332
273 312
273 346
274 286
274 361
274 374
275 292
275 344
275 366
276 343
279 367
280 298
280 358
281 318
282 364
283 300
283 327
283 333
284 353
285 312
285 339
285 366
286 330
287 300
287 304
288 331
288 347
288 357
290 360
291 382
292 327
292 335
292 349
293 359
293 362
293 375
294 323
295 359
295 395
296 372
296 387
297 387
298 327
298 357
298 383
300 366
300 374
301 324
301 334
301 360
301 383
302 314
302 338
303 399
304 341
304 349
305 347
305 351
305 359
306 362
306 365
306 383
306 400
307 358
308 338
309 330
309 407
310 331
310 334
310 361
311 358
313 365
313 402
314 407
315 375
315 415
316 329
317 357
317 376
317 378
317 379
317 383
317 385
317 402
318 328
318 375
318 412
318 418
319 360
319 388
320 328
320 335
320 363
320 365
320 419
321 335
321 359
321 372
322 343
322 352
322 378
322 391
323 324
323 350
323 352
323 375
323 420
324 401
325 331
325 388
325 409
325 425
326 409
327 346
328 332
328 408
329 342
329 363
329 416
330 377
330 379
331 339
331 364
331 370
331 404
331 409
332 349
332 378
333 349
334 386
335 358
336 362
336 368
336 432
337 338
337 401
339 360
339 378
339 420
341 371
341 388
341 392
341 401
342 386
343 352
343 392
343 403
343 415
344 381
344 408
344 409
344 423
344 442
345 352
345 402
346 349
346 399
346 407
347 384
347 410
347 413
348 360
348 367
348 397
348 429
348 442
349 401
350 369
350 426
351 387
352 354
352 367
352 399
352 427
353 381
353 414
353 426
353 438
353 453
354 409
355 446
357 428
358 452
360 369
360 431
362 394
362 429
363 414
363 460
364 399
364 417
365 366
365 426
365 427
366 443
367 383
367 414
367 417
368 394
368 448
369 418
370 433
373 375
373 394
373 458
374 423
374 435
375 400
375 408
376 460
376 465
377 398
377 432
377 473
378 438
379 468
380 426
380 456
380 465
381 462
383 431
383 446
384 394
384 444
384 475
385 409
386 405
386 421
387 466
388 390
388 456
388 479
389 420
389 460
390 444
390 469
391 445
391 460
391 486
392 467
393 428
393 463
393 475
394 412
394 478
394 492
395 476
396 464
396 467
397 474
398 410
398 424
398 457
398 485
399 403
399 499
400 404
401 455
404 449
404 472
405 443
405 467
405 489
406 421
406 438
406 452
408 416
408 439
408 501
409 449
409 482
410 412
410 506
410 508
411 482
411 487
412 465
412 485
412 490
413 452
413 460
413 491
414 470
415 472
416 426
416 508
418 450
421 439
422 496
422 519
423 437
423 479
424 428
424 434
424 439
424 444
424 475
424 504
425 463
426 431
426 482
426 509
427 448
427 512
427 514
428 492
429 440
429 501
430 432
431 484
432 464
432 485
432 487
432 493
432 520
433 437
433 471
435 437
435 440
435 464
435 507
436 450
436 516
437 448
437 475
437 497
438 480
438 523
438 529
438 534
440 451
440 459
440 496
440 521
441 449
441 451
441 466
441 541
442 537
444 489
444 503
444 535
446 453
447 467
447 479
447 546
448 456
448 489
448 514
449 540
451 455
452 453
452 520
453 461
453 462
454 458
455 496
455 520
456 504
457 480
459 505
460 492
461 523
461 524
461 528
461 556
462 505
462 556
463 477
463 487
463 528
463 536
463 548
463 559
464 468
464 491
465 469
465 518
466 495
468 469
468 502
468 553
469 536
470 524
471 555
471 563
473 499
473 540
473 547
473 565
474 485
474 494
474 568
475 506
475 545
476 495
476 556
477 536
477 558
478 485
478 527
479 496
479 527
479 560
481 508
482 558
483 568
484 540
484 543
485 494
485 570
485 579
486 585
488 500
489 571
489 587
490 503
490 541
491 502
491 532
491 567
492 563
492 583
494 504
494 510
494 568
495 543
495 595
496 539
497 560
498 534
498 597
499 540
500 573
500 588
500 599
501 523
502 539
503 562
503 582
503 588
504 551
504 573
505 555
505 556
507 524
507 534
507 570
507 571
507 575
508 509
508 520
508 554
508 590
509 512
509 558
509 577
509 585
510 516
510 569
511 567
512 559
513 549
513 557
513 610
514 539
514 566
515 563
515 573
515 596
516 594
516 607
517 571
517 579
518 558
518 574
518 586
519 566
519 589
520 537
520 549
521 612
521 618
522 531
522 540
522 546
522 592
522 602
523 561
523 568
523 574
524 566
524 574
524 609
524 619
525 586
526 611
527 580
529 550
529 555
529 594
529 604
530 628
531 583
532 539
532 554
532 566
533 616
533 631
534 537
534 557
534 581
534 590
534 591
534 600
535 553
536 562
536 568
536 634
537 561
537 571
537 578
538 574
538 616
539 550
539 600
539 635
540 635
541 600
542 571
543 563
544 617
544 629
545 586
545 613
546 604
546 646
547 643
548 589
548 608
549 604
549 630
549 635
551 589
551 610
551 621
551 634
552 557
552 560
552 612
553 588
553 591
554 649
556 585
556 614
556 642
557 596
558 627
558 642
559 653
560 632
561 612
562 631
562 637
562 640
562 660
563 648
564 602
564 623
565 579
565 581
565 594
566 574
567 591
567 599
567 639
567 641
568 626
568 644
569 650
569 658
570 644
571 583
571 585
571 600
572 613
572 622
572 635
573 666
574 650
575 582
575 598
575 647
575 653
576 616
576 643
577 660
578 638
579 593
579 598
579 645
579 651
580 613
580 620
581 633
581 634
582 617
582 624
582 669
582 670
583 600
583 629
584 639
584 643
585 623
585 665
585 671
586 636
586 658
587 613
587 635
587 672
588 665
589 615
589 616
590 596
591 615
591 663
592 627
592 643
592 644
592 659
593 659
594 648
595 641
595 685
596 671
597 610
597 628
598 606
600 696
601 625
601 630
601 676
602 680
603 604
603 659
604 611
604 629
604 634
604 666
604 693
605 663
607 646
608 681
609 647
609 669
610 662
610 684
610 704
611 667
612 664
612 711
613 614
613 652
614 674
615 649
615 669
616 665
616 689
616 699
617 638
617 644
617 702
619 627
619 646
619 664
619 668
621 656
623 669
623 709
624 656
624 690
626 632
626 678
627 649
629 720
630 724
631 649
631 706
631 721
632 634
632 729
632 732
633 664
634 667
634 698
636 648
636 664
636 668
637 645
637 652
637 699
637 735
638 648
638 650
638 729
639 645
639 720
639 722
640 688
640 716
640 727
641 644
641 665
641 715
641 725
642 648
642 706
642 710
643 681
644 670
644 739
645 679
645 717
645 720
645 731
646 696
646 723
647 662
648 662
648 685
648 706
648 735
650 688
650 738
651 679
651 690
653 695
654 683
654 686
654 740
655 671
655 673
655 687
658 661
658 747
658 753
659 686
660 681
661 671
661 672
661 742
662 742
663 697
663 700
663 726
663 747
664 735
664 757
665 754
667 704
667 732
667 740
668 712
668 725
668 743
669 721
669 738
669 741
670 673
670 767
671 690
671 745
672 719
673 684
673 686
673 730
674 678
674 689
674 691
674 695
674 715
676 714
677 713
677 724
678 751
679 683
679 686
679 702
679 713
679 717
679 738
680 759
680 776
681 693
681 738
681 767
683 691
684 718
684 783
685 733
685 745
686 780
687 707
687 720
687 773
687 774
688 776
688 780
688 787
689 758
689 760
690 693
690 790
691 780
691 785
693 710
693 766
694 704
694 758
694 768
694 770
694 782
695 752
696 697
696 744
697 732
697 755
698 745
699 738
699 787
700 727
703 716
703 772
704 720
704 771
704 782
704 801
705 719
705 736
705 774
706 773
707 787
707 794
707 796
707 801
708 765
708 805
709 712
709 739
709 740
709 765
710 737
711 730
711 747
711 799
712 718
712 807
713 802
714 718
714 783
715 739
715 784
715 809
716 752
716 782
716 785
716 806
717 724
717 771
717 773
717 799
718 796
719 771
719 807
719 808
720 756
720 782
721 738
721 798
722 779
722 803
723 730
724 754
724 773
724 780
725 759
726 741
726 775
726 804
728 742
728 744
728 760
728 792
728 802
729 730
729 764
729 804
729 805
729 815
730 736
730 762
730 794
731 743
732 754
732 791
732 802
732 818
733 745
734 828
735 761
736 786
736 795
737 773
737 792
738 779
738 787
738 831
739 766
739 767
740 779
740 798
740 813
740 821
741 756
741 784
741 803
741 831
742 751
742 761
742 802
742 805
743 749
743 773
743 822
745 773
746 776
746 802
748 814
748 835
749 764
749 813
749 830
750 769
750 795
750 830
751 772
751 819
752 755
752 762
754 760
754 827
756 766
756 849
757 764
757 796
757 811
758 792
759 847
760 789
761 810
761 829
762 790
762 843
763 773
763 781
763 813
764 777
764 802
764 811
765 835
765 838
766 819
766 844
766 861
767 790
767 799
767 829
767 859
768 818
769 866
770 788
770 822
772 848
773 825
774 787
774 844
776 783
776 854
776 867
777 810
777 826
777 855
778 832
780 790
780 812
780 825
780 856
781 861
782 856
783 805
783 811
783 877
784 807
784 813
784 824
784 831
785 839
785 879
786 883
787 791
789 798
789 815
789 822
789 837
792 856
792 873
793 818
793 825
793 845
793 856
794 828
794 838
794 844
794 873
795 818
795 862
796 810
796 882
797 836
797 896
798 817
798 820
798 830
798 849
799 864
800 821
800 836
801 840
802 810
802 874
803 843
803 852
803 862
804 849
805 855
805 859
806 897
807 839
808 855
808 859
808 880
808 894
810 832
810 849
811 844
811 861
811 892
811 895
811 900
812 889
815 816
815 828
815 881
815 904
816 892
817 831
818 837
818 886
819 853
819 881
819 893
820 844
820 863
820 900
820 905
821 875
822 878
822 896
823 853
823 871
823 921
824 868
824 869
825 855
826 828
826 918
827 837
827 852
827 923
828 874
829 882
830 852
830 896
830 918
831 844
831 929
833 847
833 869
833 917
834 891
834 908
835 846
835 860
835 867
835 895
835 906
835 920
836 848
836 928
838 884
838 888
839 912
841 873
841 924
842 879
843 901
844 851
844 886
844 906
844 940
845 846
845 863
846 884
846 906
846 920
848 871
849 919
850 874
850 876
850 882
851 877
852 915
852 941
852 951
853 855
853 937
854 859
854 900
855 862
855 885
855 924
855 951
856 864
856 890
856 927
857 861
857 893
857 944
857 950
858 871
858 915
859 904
859 926
860 864
860 866
860 912
861 892
862 875
862 929
862 941
863 942
864 922
865 914
865 921
865 932
865 946
865 949
865 950
865 965
866 937
866 954
867 953
867 956
868 902
868 929
870 900
870 964
871 971
872 905
872 917
873 882
873 964
874 882
874 919
874 928
874 956
875 903
877 913
877 929
877 959
878 908
878 920
878 934
878 936
879 911
879 927
880 883
880 906
880 973
881 911
882 928
883 887
883 917
883 919
883 937
883 943
884 887
884 958
885 927
886 890
886 917
886 925
886 964
887 957
888 920
888 985
889 930
889 934
889 937
889 958
890 978
892 894
892 951
894 945
894 955
894 979
895 922
895 946
895 977
895 979
896 920
896 986
899 901
899 922
899 948
900 907
900 918
900 928
900 944
901 909
901 953
902 941
902 958
902 959
902 970
903 953
903 958
904 938
904 943
904 957
904 976
904 978
906 912
907 934
908 955
908 999
909 992
910 967
911 927
912 965
913 991
913 998
913 1000
914 932
914 965
915 968
916 973
917 920
918 919
918 923
918 949
919 944
919 982
919 997
921 934
922 959
922 992
923 994
924 977
925 968
926 938
926 950
927 943
927 973
928 945
928 955
928 956
930 941
931 949
931 954
932 940
932 999
933 967
933 998
934 945
934 979
934 993
935 992
936 994
937 985
940 986
943 971
943 996
944 946
944 978
945 960
945 968
946 984
947 963
947 966
947 969
947 991
948 980
950 988
950 992
951 953
953 975
953 988
954 994
956 973
956 985
958 976
958 980
958 984
959 994
961 975
961 994
966 993
967 972
967 990
969 1000
970 973
970 976
972 992
979 1000
986 991
3 7 7 11 2 4 2 2 5 11
12 11 2 5 5 6 5 3 1 13
25 12 20 3 14 1 21 14 1 7
18 3 14 14 6 11 11 16 25 38
2 7 4 5 14 1 11 12 10 1
7 10 9 11 3 4 2 1 10 4
5 19 17 8 9 2 18 7 7 12
9 9 12 18 14 15 11 3 15 2
9 3 6 4 6 15 9 7 15 3
24 3 14 9 16 7 27 17 16 22
14 1 10 12 1 31 10 2 18 8
6 11 6 10 3 13 2 0 3 3
5 8 4 10 2 8 3 10 7 18
4 7 22 15 9 18 2 45 2 13
30 11 3 2 15 35 19 9 8 3
10 27 12 6 32 14 8 11 15 13
16 10 0 32 13 5 10 20 11 1
8 30 0 8 12 6 12 18 13 3
5 2 9 14 14 7 0 6 9 4
18 20 14 2 0 9 10 6 4 21
40 36 23 24 28 38 14 23 34 17 40 39 27 24 21 1 22 10 30 25
53 56 34 4 40 49 34 31 31 11 26 57 41 36 35 22 36 29 44 37
43 44 37 11 28 38 26 10 19 17 21 38 31 21 16 16 19 20 29 38
62 70 49 12 57 58 43 27 40 22 24 62 50 33 44 27 44 44 50 50
40 37 28 13 39 37 27 22 37 18 33 40 27 20 31 20 9 21 39 31
33 26 13 3 26 30 16 13 12 5 16 27 21 16 11 6 21 16 27 16
7 3 8 1 7 7 5 1 2 1 4 6 4 3 5 1 7 5 5 8
6 5 10 1 10 6 5 1 1 1 2 5 1 3 1 1 8 5 6 2
14 15 16 5 25 20 5 14 22 5 17 24 10 5 23 1 24 22 22 7
59 53 40 25 45 51 43 22 35 21 30 52 45 34 17 15 28 35 40 46
42 44 14 28 33 42 17 22 41 8 38 46 41 31 24 20 32 31 34 40
29 26 6 1 21 20 5 5 12 1 9 31 25 22 9 5 16 15 23 6
32 25 6 4 16 31 10 15 21 1 21 34 21 13 15 8 7 5 23 25
23 16 11 1 27 20 17 11 10 1 2 21 16 21 4 6 13 18 21 2
37 41 27 32 34 35 20 26 40 17 35 38 35 40 25 32 29 29 44 36
26 35 24 7 17 19 17 1 19 2 16 30 27 18 20 5 10 15 9 34
34 39 23 14 34 28 14 22 35 18 31 34 26 18 30 11 18 13 31 21
40 37 25 21 36 39 21 18 33 12 33 44 32 25 23 1 33 31 30 26
50 47 23 19 40 42 23 17 37 5 28 53 47 39 24 9 29 31 33 37
50 46 41 23 55 53 42 42 54 27 47 57 39 18 49 35 25 41 53 45
41 28 21 15 45 39 16 22 39 9 38 41 29 21 30 5 36 28 37 11
23 24 22 6 13 18 14 6 6 6 17 22 14 13 11 1 12 10 11 20
15 6 7 8 21 14 5 11 16 8 17 17 12 12 10 1 14 13 21 8
21 16 5 3 1 16 1 1 4 1 10 22 15 15 1 1 1 1 8 14
53 55 45 11 48 53 37 27 35 12 29 55 38 18 36 12 38 34 42 48
19 20 14 8 18 15 8 5 9 12 15 12 10 8 5 1 15 12 17 7
17 18 24 9 20 15 14 4 18 14 18 15 10 9 14 10 6 10 14 20
5 8 3 1 1 4 1 3 1 1 5 9 1 2 1 1 5 3 1 5
15 22 21 1 19 14 9 6 6 1 5 16 5 7 12 1 14 12 9 12
4 7 6 1 3 1 1 1 1 1 4 9 2 5 2 1 5 3 2 8
24 27 18 1 21 22 10 14 12 1 11 33 17 17 17 1 19 17 19 14
25 28 19 5 11 20 18 13 11 5 20 28 14 16 14 5 10 8 21 23
28 27 16 5 15 31 14 13 17 1 23 31 14 8 11 1 15 13 17 23
59 52 46 33 50 47 43 16 40 33 38 48 46 32 23 20 24 31 38 50
22 17 8 1 15 18 12 16 14 1 19 21 11 4 14 7 4 2 16 20
43 34 15 5 21 39 20 14 21 1 23 45 28 25 12 2 13 13 25 27
41 41 39 4 38 44 30 32 32 6 36 44 20 11 32 14 27 26 36 31
46 40 10 7 29 37 19 17 28 1 27 47 37 25 15 10 16 25 26 24
55 61 51 4 58 54 35 37 47 17 36 67 42 38 58 28 49 50 49 42
44 33 19 7 21 34 18 13 17 6 26 38 27 28 10 6 12 5 34 26
49 46 32 1 47 44 42 31 28 8 19 49 36 32 30 17 29 32 40 30
36 37 33 9 31 27 22 2 19 15 16 26 28 22 16 15 16 20 27 32
13 10 7 3 6 10 1 2 3 1 10 14 7 7 1 1 4 3 4 11
21 15 14 12 18 19 7 9 15 12 16 20 14 20 6 4 13 7 24 6
16 15 9 6 7 16 4 11 10 6 18 21 7 10 6 1 9 7 17 13
36 31 9 17 38 36 2 23 38 13 33 40 34 16 29 14 36 31 42 20
26 25 23 9 28 33 13 15 27 12 26 36 21 11 26 14 11 21 24 27
12 12 5 1 11 9 1 5 6 1 11 12 9 3 11 1 11 10 3 11
32 35 22 9 20 25 19 2 14 5 18 29 27 15 14 1 20 19 10 26
7 6 7 11 15 6 5 8 13 11 13 7 6 7 6 1 12 9 13 4
14 15 1 1 11 12 1 4 6 1 7 16 10 3 9 1 13 12 9 2
67 65 28 13 49 56 41 36 46 13 41 68 58 40 41 28 35 41 48 49
60 49 15 26 45 51 14 29 44 16 43 61 52 41 25 15 34 29 49 27
43 35 16 12 29 31 14 6 22 6 24 40 36 28 13 8 21 19 31 20
45 37 46 5 50 43 35 18 31 13 21 48 31 32 35 16 26 31 43 31
4 6 5 1 3 3 1 1 1 1 2 6 4 5 1 1 3 3 4 3
43 33 3 13 29 37 16 14 26 4 25 42 40 21 16 10 21 27 26 20
24 22 13 2 19 12 8 1 8 1 10 22 20 12 10 1 14 11 9 14
29 33 36 4 44 27 22 14 29 9 15 37 19 16 35 13 22 32 21 22
47 41 26 3 36 45 23 21 24 4 24 56 40 37 24 10 28 25 38 30
8 10 1 1 7 5 1 1 4 1 2 8 9 4 4 1 8 7 11 1
23 13 5 12 12 19 1 9 12 11 24 19 15 12 4 1 8 3 20 9
6 10 7 1 11 3 1 1 1 1 4 7 7 1 6 1 10 7 1 6
11 8 11 4 8 11 7 4 4 4 11 10 4 6 1 1 6 5 9 5
10 10 7 1 4 6 1 1 1 1 1 11 5 12 1 1 3 3 8 4
46 41 27 27 38 47 30 26 49 22 48 48 36 22 32 14 16 22 37 43
6 10 15 1 16 14 2 9 15 1 5 18 2 2 17 4 9 12 10 9
28 30 15 3 25 29 14 19 24 2 24 34 20 6 25 6 18 15 26 20
43 41 16 13 37 39 20 23 36 14 38 39 32 4 32 16 27 25 36 30
39 38 18 13 32 33 14 14 20 7 22 34 31 27 14 15 29 26 31 21
41 35 29 14 45 39 35 12 31 17 18 34 35 16 16 17 20 33 31 32
51 43 26 25 42 47 30 22 40 10 34 50 45 42 17 19 24 29 38 40
37 36 36 27 49 31 30 21 41 32 34 34 36 30 38 27 16 35 38 35
34 29 8 15 16 30 10 10 23 4 29 33 26 20 10 3 13 10 23 26
40 36 33 23 52 36 25 14 37 29 30 32 36 16 31 12 31 31 34 30
22 12 12 4 18 15 6 8 10 4 14 25 12 18 6 1 7 5 22 8
9 5 6 9 8 7 3 4 9 9 14 8 5 8 1 1 5 4 14 4
14 7 7 1 7 12 3 1 1 1 7 11 9 6 1 1 3 2 6 9
8 5 9 1 16 8 8 6 5 1 5 7 1 4 5 1 12 9 5 5
31 38 30 9 36 31 18 7 24 12 16 32 26 8 24 7 29 30 21 29
28 23 9 1 29 26 14 18 16 1 10 34 22 21 13 6 16 22 25 8
11 3 4 4 14 8 2 4 8 4 10 11 5 8 4 1 7 5 16 3
20 18 21 8 31 14 17 5 18 12 11 15 14 16 14 8 12 16 20 13
38 38 34 9 24 32 22 4 17 14 19 33 27 22 17 9 11 12 27 32
10 3 9 1 16 9 7 6 6 1 4 11 5 7 8 1 8 6 10 5
64 47 30 19 51 59 41 35 42 10 42 64 45 45 20 16 32 35 56 37
37 43 34 6 38 35 20 12 28 11 19 43 31 22 34 11 30 29 33 27
10 7 10 8 10 8 5 5 11 8 16 8 4 4 7 3 4 4 10 10
24 23 19 1 25 28 7 16 19 1 17 32 10 14 18 3 23 19 26 7
25 36 25 5 25 24 13 8 25 4 18 37 23 11 28 7 16 21 10 31
28 35 13 13 28 26 13 7 31 13 25 31 31 3 31 18 20 28 16 31
9 8 11 8 13 1 5 3 8 8 10 7 4 11 1 1 6 4 12 6
28 21 21 9 23 22 14 10 13 11 16 26 15 21 11 1 14 11 25 14
15 22 19 2 20 15 8 7 15 6 12 21 11 6 18 9 11 15 6 22
24 13 15 18 30 16 8 16 25 18 22 18 20 22 17 5 16 8 28 11
22 19 17 5 15 14 7 2 9 5 12 23 16 20 12 1 10 6 20 19
17 19 21 1 22 12 13 1 5 4 2 11 12 9 10 3 9 12 11 15
10 18 11 1 19 11 4 10 15 1 9 16 10 4 20 6 18 17 8 14
44 42 33 16 37 48 30 21 37 13 35 47 30 20 28 10 19 26 28 39
28 26 17 5 36 22 21 10 23 10 15 22 19 11 17 9 17 24 23 14
24 23 16 17 20 31 14 18 25 7 26 34 23 19 17 1 24 23 21 23
15 18 7 2 29 14 2 9 23 4 12 21 16 2 26 7 22 23 19 13
14 5 8 1 16 17 4 7 5 1 8 15 4 4 5 1 10 7 13 3
6 11 7 1 9 5 1 4 6 1 6 8 8 4 11 1 13 11 4 9
12 5 3 2 1 12 1 2 3 1 9 13 9 5 4 1 3 3 7 11
57 57 36 28 54 49 38 30 55 26 51 58 47 27 44 26 19 32 42 50
43 37 39 9 42 39 30 12 26 16 19 43 33 26 27 15 18 27 30 35
30 16 24 1 38 33 20 17 19 5 14 27 15 14 17 5 24 25 32 11
15 3 7 7 13 11 5 2 7 8 11 7 5 8 1 1 5 3 15 1
41 50 29 24 48 39 17 28 49 23 33 51 41 28 42 28 41 41 47 34
14 13 11 2 17 12 5 2 7 2 8 11 9 7 10 2 11 8 11 9
21 18 15 3 15 20 11 5 3 7 10 15 10 11 3 1 12 11 16 6
18 12 16 1 21 16 11 6 8 5 7 13 9 10 10 5 11 8 13 11
14 9 12 3 17 18 9 10 8 6 13 14 6 1 6 1 14 11 13 7
40 40 33 11 37 29 25 4 16 11 7 32 34 17 15 6 27 23 23 33
22 22 20 10 27 24 16 8 27 7 23 30 19 12 18 7 9 15 14 26
67 56 33 30 61 68 38 34 51 17 43 67 59 43 25 21 49 53 60 39
38 17 10 17 35 35 9 19 26 12 26 34 30 29 10 7 21 12 39 11
50 47 42 32 44 46 34 31 38 36 29 38 35 25 17 20 35 29 47 38
19 19 13 6 17 9 10 3 8 3 13 20 18 14 8 1 11 10 9 16
51 44 18 12 27 40 31 21 28 2 31 52 41 25 19 11 10 18 29 35
12 12 9 2 20 11 2 8 14 2 9 18 12 9 17 1 18 16 17 8
38 33 23 9 31 31 18 11 24 9 20 35 24 28 10 17 11 18 30 24
38 37 16 14 29 41 12 15 23 9 27 38 28 16 8 5 28 23 34 22
18 17 18 7 24 14 13 1 8 10 11 5 14 2 9 2 17 14 13 18
53 49 37 17 57 50 23 29 44 13 35 51 38 36 32 19 51 45 55 23
33 15 16 13 25 24 12 13 16 13 24 27 21 25 7 3 10 7 26 12
30 28 20 18 14 24 18 10 19 8 25 32 27 26 10 1 13 12 19 28
37 33 20 9 36 35 13 15 23 3 17 39 30 26 18 12 26 23 28 24
31 25 14 11 17 26 18 14 22 6 32 29 19 11 12 6 3 3 21 27
21 25 24 9 22 19 14 3 18 10 17 19 13 7 10 3 13 13 13 25
27 18 3 2 19 22 15 11 13 1 11 23 24 26 2 13 10 16 27 6
21 28 23 5 33 25 12 17 33 10 27 32 14 2 31 8 22 27 22 21
45 38 27 8 40 50 23 28 32 9 35 43 25 17 26 13 35 30 46 25
11 1 5 5 9 7 1 1 7 5 12 6 7 5 1 1 1 1 12 7
13 13 9 7 6 13 5 9 12 7 18 14 5 6 8 4 4 4 15 14
14 18 17 1 24 10 11 8 9 4 4 15 9 11 12 1 20 17 9 7
21 11 4 5 17 17 4 7 8 1 9 17 16 16 1 8 12 7 17 10
17 20 22 1 27 16 11 12 14 1 8 26 13 15 20 1 23 20 16 12
22 23 8 3 9 15 1 1 8 1 12 25 20 12 7 1 9 9 12 12
29 25 16 8 12 24 15 16 16 8 27 31 17 16 12 7 7 5 25 24
55 49 28 8 49 41 37 23 36 12 31 46 41 28 24 15 22 28 42 34
11 11 2 1 9 7 1 1 2 1 2 11 11 10 4 1 7 7 12 1
9 12 12 3 9 7 5 6 6 3 6 16 6 12 7 1 10 8 11 10
22 32 34 9 35 24 21 11 25 15 12 28 19 17 30 17 16 29 20 25
4 1 3 1 5 4 2 1 1 1 1 2 1 1 1 1 1 1 3 1
13 20 16 7 18 17 8 9 20 6 13 21 13 7 19 9 14 16 10 23
14 16 9 2 16 7 3 1 8 2 8 16 11 10 9 1 13 11 12 6
39 38 24 5 33 43 20 25 27 7 30 44 27 10 26 7 27 24 36 24
6 12 5 1 11 5 1 2 7 1 4 9 8 2 12 1 14 12 5 6
44 51 33 1 39 37 28 16 27 5 19 47 32 21 37 14 22 23 29 33
53 52 34 18 47 44 32 10 34 15 23 49 47 24 25 10 33 37 36 39
13 11 9 4 11 6 8 2 6 4 7 14 9 15 3 1 5 8 14 7
29 23 22 14 43 29 20 21 39 19 25 32 26 24 27 17 18 29 37 18
52 51 38 19 39 54 33 27 35 13 34 55 37 21 25 7 38 36 39 41
31 31 4 10 15 31 11 13 27 2 29 36 25 9 18 2 14 13 22 25
35 38 43 2 40 36 26 16 29 7 22 42 24 25 37 18 24 31 30 28
1 1 1 1 5 1 1 1 2 1 3 1 1 1 1 1 3 1 5 1
4 3 4 1 8 7 1 4 3 1 1 9 3 5 4 1 5 3 9 1
65 51 24 32 47 57 26 30 41 25 48 53 52 42 19 7 36 18 52 28
22 16 16 7 16 16 7 5 9 10 16 16 12 13 5 1 13 8 17 11
17 13 9 4 11 17 7 1 4 3 12 12 13 3 3 1 11 8 10 11
13 14 13 4 6 9 5 6 4 4 13 16 5 10 5 1 4 3 9 13
42 30 11 15 45 43 27 28 38 3 31 49 40 29 18 16 32 38 39 22
18 23 13 5 12 16 2 3 13 2 13 24 18 15 10 4 12 8 16 18
7 5 15 1 17 13 5 12 11 1 10 15 4 4 11 1 13 11 12 7
26 28 29 5 20 23 17 4 15 12 18 24 16 10 14 10 9 15 13 26
35 27 14 10 33 38 17 24 24 6 23 38 23 24 15 11 25 23 38 14
56 50 35 12 49 44 38 18 35 16 30 53 46 43 28 24 17 31 45 36
62 48 29 22 54 65 36 33 42 10 36 61 49 39 15 24 41 45 55 34
21 21 12 9 32 22 1 15 32 10 22 25 21 9 29 7 27 26 31 13
45 37 31 16 42 36 25 28 39 21 36 43 31 28 29 14 15 13 39 29
39 37 26 13 39 31 20 17 26 17 22 32 24 23 21 6 26 22 35 20
45 46 35 4 42 44 31 31 29 7 25 53 32 25 37 14 31 27 40 30
48 51 33 10 43 39 29 12 35 8 26 53 45 30 38 13 29 33 28 43
22 18 12 1 19 25 18 18 13 3 15 21 9 1 11 6 8 7 19 12
5 6 12 5 7 5 6 1 5 5 9 6 3 5 4 1 4 3 8 8
18 14 9 1 13 13 4 4 9 1 7 16 15 15 9 7 9 6 15 14
44 40 19 14 30 39 29 25 31 5 35 50 34 24 22 10 18 20 31 34
46 45 28 19 32 46 32 24 26 21 31 38 35 10 18 20 25 23 45 32
44 38 21 12 38 38 15 22 39 6 38 51 33 26 33 11 35 33 39 20
9 2 3 1 7 5 1 1 1 1 7 7 4 1 1 1 1 1 3 8
53 43 17 27 27 47 26 28 40 17 49 49 41 19 23 20 17 16 42 40
38 34 36 6 38 29 32 7 15 14 5 30 30 27 16 14 15 22 29 28
50 56 36 11 48 51 32 43 44 12 38 63 38 19 54 24 43 41 48 39
29 26 23 1 25 26 19 18 16 6 16 36 16 23 19 4 19 15 30 22
36 35 31 12 45 39 27 31 42 17 37 37 23 5 37 16 27 29 39 29
9 6 9 1 10 9 6 1 1 1 4 5 5 1 4 1 9 7 4 8
7 10 12 1 12 6 6 1 2 1 4 5 5 2 7 1 10 9 1 7
59 63 41 27 56 58 36 29 46 24 35 58 48 22 36 16 47 49 40 50
46 48 38 18 44 35 35 26 34 21 36 38 32 13 32 19 25 25 37 40
42 38 39 16 43 32 34 14 27 25 23 34 26 21 20 14 17 24 34 34
44 45 21 7 40 49 21 40 41 6 41 55 31 15 42 21 37 36 47 20
10 8 12 5 11 10 7 3 6 5 8 7 6 8 5 1 9 6 13 7
34 28 5 4 23 29 20 20 19 1 24 34 26 20 9 11 13 21 25 15
40 41 28 24 51 36 19 27 43 25 34 40 33 21 40 21 40 37 40 28
33 28 10 7 32 34 5 18 23 1 22 42 30 24 19 10 30 27 33 16
29 28 27 8 30 31 17 4 18 12 12 27 22 9 13 7 16 18 22 26
39 36 24 9 39 30 33 21 25 6 17 39 35 41 18 20 24 28 38 29
12 12 12 1 10 9 6 7 5 1 10 12 4 7 6 1 3 3 6 12
2 4 2 1 3 1 1 1 1 1 2 2 3 1 6 1 6 5 2 7
16 10 3 4 5 13 2 4 6 4 15 14 6 8 1 1 1 1 17 5
3 4 6 1 13 5 4 7 6 1 3 6 1 1 9 1 12 10 6 6
61 66 42 25 47 53 35 14 45 24 41 58 55 34 39 20 36 39 42 50
21 26 26 9 17 16 14 1 17 10 17 25 18 16 18 9 9 11 16 29
64 71 28 28 41 58 30 34 51 8 49 70 56 43 38 24 39 38 45 57
22 24 12 8 26 23 7 12 26 5 24 26 15 1 21 3 20 18 17 19
29 22 11 9 16 23 17 17 18 8 28 28 16 13 11 9 4 5 27 20
45 42 27 14 44 37 20 13 29 14 24 39 36 29 21 15 31 30 38 29
4 1 2 1 7 5 1 4 2 1 3 7 1 1 4 1 4 2 2 4
46 44 25 10 24 37 21 10 24 4 24 46 38 38 19 15 17 15 28 42
70 67 47 18 54 60 49 26 40 23 38 63 57 31 37 32 25 37 51 55
22 12 7 1 18 18 7 7 10 1 7 21 17 19 5 7 7 7 19 10
38 34 25 20 39 46 18 37 36 4 34 48 28 31 28 25 37 33 43 26
14 11 9 1 3 12 2 1 1 1 3 14 7 10 1 1 3 2 7 6
7 12 9 2 13 9 3 5 6 2 6 15 7 9 8 1 13 11 11 5
5 5 3 1 1 5 1 3 1 1 6 6 1 1 3 1 2 2 2 7
28 28 37 17 39 27 17 26 33 18 29 31 16 25 31 7 34 24 35 15
9 12 4 1 10 8 1 4 6 1 4 13 10 7 9 1 14 12 8 3
42 43 32 11 39 48 22 35 43 16 43 54 36 37 35 27 44 40 49 27
43 48 47 16 46 47 30 27 33 20 17 47 30 26 24 22 41 39 43 33
57 49 30 17 44 55 40 42 49 5 45 65 43 35 32 20 24 31 43 45
22 27 16 10 17 20 13 8 17 1 18 31 22 16 15 1 18 17 11 23
6 1 1 1 10 7 1 5 3 1 3 10 1 2 3 1 6 4 7 1
15 15 10 6 4 13 3 4 6 1 14 18 10 8 4 1 4 3 3 17
44 31 14 6 36 39 25 17 20 8 21 36 32 13 16 5 26 27 30 20
47 43 28 29 44 42 23 25 42 25 43 39 35 25 29 3 33 18 34 30
44 44 22 13 46 44 18 34 49 14 39 49 33 17 43 19 30 30 50 24
45 42 25 10 45 42 18 30 45 11 33 52 29 31 34 15 30 30 48 22
2 12 11 1 7 1 1 1 3 1 1 5 1 3 8 1 3 5 1 10
21 24 12 2 8 21 5 4 12 2 14 23 15 8 10 7 3 7 11 20
21 13 18 9 16 17 10 5 10 13 17 13 11 12 4 1 11 8 19 12
54 47 34 25 53 51 31 40 48 26 46 54 44 27 41 21 27 25 54 35
18 19 18 1 20 13 7 1 6 5 6 13 12 8 8 1 15 12 13 13
35 36 30 10 44 37 30 30 36 11 32 41 26 9 34 18 21 26 35 32
34 31 16 18 33 32 6 18 31 15 28 38 32 27 21 9 31 22 37 14
54 57 49 10 50 55 39 28 42 13 38 62 37 28 48 21 33 38 41 48
41 32 20 8 32 36 26 19 21 10 25 36 28 21 13 8 19 23 31 23
13 7 13 1 10 9 6 1 2 1 6 11 7 9 4 1 4 3 6 12
65 57 45 17 53 54 45 31 33 28 34 54 49 40 34 17 37 29 59 41
40 34 16 18 19 40 16 9 17 10 28 32 30 19 2 8 19 16 28 27
27 27 20 5 23 34 13 26 31 4 29 37 15 9 26 12 13 13 36 21
9 9 8 1 10 9 6 2 1 1 7 7 4 1 6 1 10 9 5 5
56 48 22 25 33 52 26 21 34 21 42 45 45 20 19 9 25 16 44 32
16 15 10 1 10 10 3 1 1 1 11 15 8 5 4 1 5 4 3 12
54 40 28 12 47 48 40 29 30 15 26 49 36 31 14 13 23 26 53 26
12 10 12 2 11 4 6 1 2 2 7 10 7 11 4 1 6 5 9 10
56 52 26 20 37 52 33 22 35 13 42 47 44 16 27 11 29 29 38 39
23 16 16 1 17 15 11 4 4 1 4 20 14 19 5 2 9 6 16 10
2 5 4 5 10 3 1 4 9 5 7 7 1 4 4 1 9 7 10 1
19 19 12 1 13 19 3 4 8 1 9 19 12 11 6 6 10 6 11 14
15 15 10 4 7 11 3 5 4 3 14 17 8 9 3 1 8 6 7 13
28 22 10 10 25 24 8 10 19 10 23 26 23 11 18 6 23 20 24 11
19 15 20 1 14 11 10 1 1 1 4 17 10 16 9 1 4 1 12 16
7 2 3 2 5 6 1 1 2 2 5 7 4 6 2 1 2 2 10 4
57 42 22 21 45 52 33 28 34 14 35 45 41 29 15 24 26 25 53 38
38 34 36 3 37 30 33 7 14 9 3 31 29 30 18 11 17 23 30 27
22 26 17 8 11 17 7 1 15 3 16 23 19 17 9 5 7 5 15 23
49 57 36 18 35 42 29 9 36 13 32 54 49 33 38 17 25 33 30 46
38 29 25 6 36 41 20 24 33 9 29 46 25 21 26 15 18 26 35 25
18 23 13 1 11 11 7 1 6 1 1 22 17 18 12 1 12 12 13 11
45 41 31 20 52 45 23 31 42 23 39 47 35 22 38 19 48 45 50 21
35 18 18 3 37 39 25 25 22 7 19 34 17 16 12 6 22 26 38 7
47 37 39 9 46 49 30 27 32 11 33 46 25 24 26 12 32 32 44 26
35 28 17 7 18 27 14 9 11 3 17 32 19 26 4 6 10 6 29 18
42 51 35 20 46 41 29 24 38 28 33 41 35 15 39 26 38 41 37 33
10 12 1 1 9 7 1 2 3 1 9 11 6 1 5 1 9 8 3 3
45 46 39 11 47 43 23 26 38 13 34 51 31 23 42 12 41 36 41 33
62 67 41 29 47 54 35 22 43 12 37 61 58 49 36 18 44 40 43 55
25 26 14 3 19 20 12 11 16 1 18 23 16 7 18 6 11 12 13 22
50 39 30 18 55 45 31 38 44 14 38 55 40 48 29 19 38 38 56 16
3 2 4 1 8 3 1 2 1 1 2 4 1 3 1 1 6 4 6 1
51 34 21 19 39 49 16 28 35 11 40 51 31 33 14 9 28 22 46 23
52 45 24 23 49 47 13 28 47 17 40 56 45 35 34 9 33 28 45 23
23 14 21 14 29 24 10 15 21 18 20 17 17 15 15 1 23 14 30 10
54 42 29 16 44 43 35 30 32 20 35 42 37 33 16 10 19 15 48 20
26 31 22 2 35 16 24 8 24 6 11 29 25 22 19 16 11 25 20 20
9 10 4 2 16 8 1 2 12 2 8 13 9 1 13 1 15 13 13 2
14 19 11 5 22 11 5 1 20 8 12 16 14 5 19 6 13 16 16 10
64 59 43 12 55 60 41 32 45 6 41 64 43 32 41 12 44 44 46 39
37 33 32 6 47 38 23 23 37 8 27 42 27 24 37 21 36 35 37 20
54 50 28 30 44 43 20 21 40 22 41 49 48 34 32 7 39 26 40 30
37 32 20 22 33 40 17 25 38 13 41 39 26 17 24 3 27 21 31 27
45 33 8 9 43 38 27 21 28 3 22 41 42 32 12 21 30 34 37 15
31 27 11 5 25 26 11 8 14 4 15 30 25 20 14 8 19 17 25 6
9 9 10 5 7 8 5 1 5 1 10 10 9 5 5 1 5 4 5 13
24 23 9 7 21 19 9 9 18 7 17 24 17 12 17 5 15 15 23 13
19 15 17 3 12 19 10 1 5 7 11 14 13 9 5 1 10 9 16 13
4 4 10 1 5 4 2 1 2 1 4 5 1 3 4 1 1 1 4 7
45 39 24 7 46 39 26 6 27 12 14 37 42 19 22 16 25 33 31 28
38 27 16 13 35 35 18 19 22 6 20 33 27 28 11 18 20 18 33 20
20 24 14 10 17 11 4 5 14 10 15 21 18 18 15 1 16 8 19 9
10 14 13 1 23 13 3 10 14 1 7 19 8 6 19 1 20 18 13 6
39 33 25 1 44 36 22 23 25 1 19 47 24 23 30 6 32 32 36 13
20 17 12 17 12 16 11 4 17 10 24 15 16 13 4 1 9 8 11 17
65 65 50 22 54 56 54 18 37 21 29 58 53 34 30 20 30 42 38 58
35 29 17 6 19 32 16 9 7 7 19 26 20 13 4 2 15 12 22 20
39 35 27 6 33 46 23 23 34 9 31 45 26 10 30 17 17 22 31 33
7 4 1 1 4 4 1 1 1 1 2 6 6 6 1 1 3 3 10 1
10 9 10 1 10 10 4 1 6 1 9 9 5 1 6 2 4 3 1 14
28 21 14 8 25 23 11 8 14 7 19 26 20 16 13 1 16 14 21 13
24 25 8 4 19 22 1 10 13 4 15 28 23 12 18 7 21 19 18 11
31 25 23 16 22 22 12 6 16 16 24 22 22 18 8 1 15 6 20 18
58 51 47 12 60 56 44 30 45 20 37 60 42 40 37 29 33 48 53 34
71 66 32 25 62 61 32 38 61 25 52 72 61 45 43 31 34 39 61 42
18 11 5 7 6 18 4 5 7 6 17 19 14 10 4 4 6 5 16 11
25 24 15 7 33 22 9 12 21 8 16 26 20 13 20 5 28 25 28 8
8 11 12 1 8 8 4 8 7 1 5 15 4 9 9 1 10 8 7 10
29 29 21 14 36 34 12 21 27 7 23 30 25 22 20 16 33 28 35 22
12 8 11 4 17 11 6 6 9 4 11 11 8 5 11 1 13 10 11 12
5 9 9 1 3 1 3 1 1 1 1 8 3 8 3 1 3 1 5 7
20 23 12 5 14 15 5 6 12 5 12 26 19 16 16 1 18 16 17 14
25 26 33 1 29 26 16 15 18 1 15 34 17 21 29 6 25 21 25 24
25 24 18 1 16 18 10 1 3 3 8 22 19 14 9 1 14 13 13 14
14 7 2 1 12 14 6 13 9 1 10 17 4 2 9 1 6 4 11 10
23 32 26 3 18 19 19 11 18 8 19 26 14 9 21 12 8 14 11 30
12 18 12 1 17 10 3 1 10 1 9 11 11 1 11 1 13 10 3 12
58 43 27 24 52 58 30 32 48 8 47 57 44 44 26 22 42 41 54 28
59 54 15 28 32 48 17 30 41 14 50 56 48 39 19 17 26 16 45 37
31 31 25 6 37 22 18 10 21 12 14 28 24 21 24 4 30 24 26 15
8 10 7 1 6 8 4 6 4 1 11 9 1 1 4 1 5 4 5 8
40 40 18 10 47 40 12 26 37 2 25 49 36 30 29 21 35 37 41 24
23 21 20 22 25 18 6 19 24 22 28 21 20 22 19 1 23 8 24 14
53 55 33 30 46 46 24 12 42 24 34 43 50 29 23 12 36 31 41 37
31 24 17 3 42 31 14 15 20 7 14 31 26 9 23 4 34 33 30 12
25 26 24 14 37 24 10 15 32 14 24 28 23 17 27 8 25 23 27 21
19 8 6 11 22 13 9 12 14 11 19 15 12 13 6 1 11 9 20 6
20 18 21 4 18 18 14 7 7 7 10 19 13 10 7 1 16 13 10 17
34 23 21 5 38 36 20 18 17 8 18 33 26 16 18 5 28 29 29 15
8 8 4 12 15 5 1 8 13 12 14 6 9 8 8 1 14 7 14 1
30 33 20 3 31 24 12 14 21 7 15 35 29 18 32 9 31 27 27 26
43 37 35 9 37 41 30 23 24 14 28 43 27 22 23 6 27 22 37 33
12 17 9 3 14 6 1 1 14 3 9 16 10 9 13 1 12 10 13 10
52 43 15 14 37 51 20 30 46 5 48 55 36 25 29 10 31 29 46 21
29 22 18 1 27 22 17 10 8 1 6 27 17 16 11 1 17 18 19 13
15 16 16 1 24 15 10 10 15 4 7 21 10 11 17 7 12 16 13 16
26 19 8 1 15 19 13 13 9 1 13 29 14 16 8 1 7 9 20 14
59 47 29 29 48 53 39 22 35 23 38 49 50 29 22 7 38 41 43 36
13 12 11 5 12 9 5 5 6 1 12 14 9 9 5 1 9 7 7 14
14 11 8 1 13 14 4 11 6 1 10 18 6 11 7 1 9 7 13 7
36 36 23 7 36 36 17 17 26 6 20 38 23 22 18 18 20 23 29 27
12 5 5 1 12 9 8 4 6 1 3 11 8 10 7 3 6 9 11 6
28 29 23 6 29 22 12 10 19 5 14 35 26 22 26 4 23 19 25 24
14 10 10 1 6 7 4 1 1 1 9 12 9 12 4 1 1 1 8 14
5 2 2 1 9 6 1 5 4 1 5 8 1 2 3 1 7 5 7 1
12 5 4 8 8 6 1 2 8 8 15 7 8 10 1 1 4 2 13 7
44 44 42 12 47 32 33 14 25 24 20 35 38 27 30 12 39 34 37 38
34 33 13 10 24 35 18 16 27 5 29 35 24 7 21 3 22 20 22 25
55 48 33 17 34 43 29 23 35 20 38 52 42 43 28 17 22 18 42 46
39 45 28 8 34 35 17 16 28 7 21 46 32 25 27 19 23 26 26 35
12 12 14 4 20 8 9 8 15 4 6 16 8 14 12 5 7 9 16 13
15 15 7 2 3 13 4 7 7 1 19 18 4 3 2 1 2 1 11 15
29 28 19 19 38 27 6 18 36 14 32 34 29 18 28 1 30 21 28 16
7 5 5 1 10 9 1 7 6 1 1 11 5 7 8 1 9 7 11 5
62 58 54 24 58 58 41 34 54 26 50 62 42 39 44 18 40 37 46 48
19 20 18 1 11 14 7 7 6 1 8 22 11 17 11 4 6 4 12 16
49 36 34 17 39 37 23 18 26 18 27 43 38 41 24 8 22 13 40 29
23 26 20 4 22 13 13 8 12 4 14 24 17 17 17 6 12 14 12 21
39 35 8 10 22 37 16 19 28 4 31 42 31 17 21 8 15 13 31 27
40 33 22 9 38 35 27 24 36 14 29 43 27 27 21 19 11 24 37 27
21 28 16 7 23 16 5 7 21 4 17 26 19 10 22 6 20 19 11 23
45 29 27 6 40 48 26 24 21 9 23 44 28 24 14 9 26 28 41 17
38 32 17 5 36 39 20 22 32 4 25 46 30 28 15 19 15 25 36 23
13 14 18 1 20 15 12 8 8 7 8 10 6 1 10 4 16 13 9 10
17 19 17 4 20 16 5 9 14 4 10 25 13 18 17 3 16 14 22 13
5 4 10 1 10 10 1 7 7 1 5 14 3 5 9 1 10 8 9 8
37 38 22 12 40 38 6 25 41 14 36 45 28 17 36 9 32 29 38 19
28 34 24 11 34 31 9 17 33 12 25 37 21 20 23 14 20 23 32 22
45 44 44 10 44 45 27 21 37 17 33 48 26 28 32 20 28 32 43 31
48 44 41 21 50 43 44 16 34 26 22 38 43 24 21 28 15 39 34 41
62 46 42 25 56 56 29 35 49 21 42 60 46 50 33 17 38 30 59 28
20 26 24 5 24 20 16 12 21 12 17 20 6 6 15 5 14 15 20 21
47 36 19 11 35 44 24 33 36 7 33 54 33 34 21 18 15 18 51 26
18 17 7 12 10 14 5 3 13 6 22 16 14 9 7 1 8 7 9 16
17 26 17 1 15 9 5 1 11 1 4 19 17 14 18 4 12 13 11 18
10 6 3 1 2 9 1 1 1 1 5 9 9 6 1 1 1 1 8 7
39 40 34 9 32 31 27 6 16 9 17 31 30 23 20 5 24 20 21 37
11 3 2 1 7 7 4 1 1 1 7 9 8 5 2 1 1 1 5 8
63 57 30 30 55 56 37 21 55 22 44 59 60 39 36 28 32 45 48 44
27 20 8 9 14 25 9 8 13 1 17 31 20 19 4 1 8 7 14 17
24 20 10 5 8 23 7 10 11 5 21 27 13 14 3 4 5 2 21 14
17 8 3 3 8 14 3 1 4 2 11 15 13 10 1 2 4 3 14 7
59 56 45 24 45 57 46 32 33 22 25 57 44 27 19 19 36 31 44 54
34 37 33 13 40 32 17 21 39 18 30 42 25 26 37 17 28 32 36 24
13 15 6 1 10 13 2 9 8 1 11 17 9 5 12 1 13 11 9 11
32 29 11 8 29 30 3 15 23 4 24 37 24 19 17 7 25 21 31 14
30 19 5 5 14 28 8 8 13 1 15 35 22 22 4 1 5 7 19 15
2 5 1 1 5 1 1 1 1 1 1 4 2 1 5 1 7 6 1 1
9 4 1 1 11 12 1 12 9 1 13 14 1 1 6 1 8 6 13 5
56 47 33 11 54 57 38 30 39 9 36 55 39 24 28 13 45 47 41 25
42 33 15 7 46 40 18 23 32 1 19 43 39 29 23 18 32 35 39 17
40 41 31 1 40 35 23 16 18 10 18 39 30 19 27 6 36 31 27 26
25 19 27 1 36 28 19 17 16 2 15 26 11 14 21 5 29 27 25 8
23 23 22 8 28 25 11 10 25 12 17 24 16 15 16 11 17 17 27 16
53 44 32 27 58 51 31 28 53 26 42 53 50 39 35 21 29 34 47 29
7 9 4 1 13 10 1 4 8 1 9 14 8 1 9 1 13 11 7 7
1 6 3 1 5 1 1 1 1 1 1 3 2 1 6 1 7 6 1 2
32 28 12 18 32 25 5 15 26 16 21 32 31 31 17 6 26 15 36 5
14 17 13 11 10 14 9 1 18 7 18 16 14 7 12 8 5 8 9 24
10 16 6 1 10 9 3 6 6 1 7 13 8 3 9 1 12 12 4 4
37 34 27 16 40 24 18 13 32 17 23 36 34 28 28 9 22 22 30 27
60 48 25 20 63 57 30 42 53 15 43 64 46 46 33 27 47 48 63 16
69 60 51 33 53 61 44 39 41 39 41 60 53 41 30 19 44 29 60 48
27 23 26 11 32 31 12 20 33 16 30 34 18 16 27 13 18 22 31 20
35 34 21 17 35 27 15 8 31 18 27 32 35 27 22 17 16 20 31 28
38 32 27 7 48 40 28 22 26 8 17 38 32 27 18 12 32 37 41 19
49 50 33 9 40 40 33 26 33 16 33 47 36 26 34 16 30 25 43 31
44 44 49 17 47 48 32 27 33 23 19 47 31 25 23 22 39 39 43 36
51 43 36 31 32 43 33 19 28 25 34 43 38 28 11 3 28 26 35 41
14 14 18 12 23 9 4 9 20 13 18 13 9 13 14 4 10 5 16 14
47 45 35 19 52 43 36 27 43 26 41 42 35 20 38 23 23 30 42 38
38 33 30 13 43 40 25 15 25 16 21 35 31 17 22 10 28 31 35 27
20 17 4 3 7 21 11 15 12 2 19 22 11 5 10 7 5 4 20 13
42 29 24 22 42 33 19 20 32 22 28 34 38 33 25 6 26 17 39 15
39 29 10 2 28 36 17 12 14 4 16 34 27 13 11 2 22 19 27 16
34 34 15 6 26 26 8 12 16 5 20 38 29 18 23 7 25 21 22 21
50 38 37 17 55 50 30 32 52 22 45 53 40 37 40 30 34 36 53 32
39 33 11 13 25 33 22 13 23 5 31 35 28 15 14 4 19 18 21 23
30 32 27 8 17 25 18 1 18 7 21 33 23 17 17 6 4 8 15 33
58 55 42 11 64 52 38 23 42 19 30 57 48 29 41 20 38 48 48 38
42 40 37 1 46 40 22 25 34 3 29 47 25 23 36 14 37 35 30 23
35 25 24 14 33 23 18 14 23 13 23 30 26 28 17 7 15 13 27 22
13 10 10 1 14 11 6 1 3 1 7 9 7 2 8 1 10 9 4 10
21 16 17 5 24 26 12 15 12 9 16 21 10 7 11 1 22 19 23 9
56 46 27 22 50 60 38 49 50 18 45 63 45 28 35 34 31 37 63 33
51 43 36 17 39 49 33 30 37 8 38 59 35 36 33 7 30 29 40 44
51 43 24 31 27 46 30 30 40 20 52 49 39 25 21 14 15 17 40 41
30 23 23 1 43 33 23 19 28 4 18 32 23 18 21 12 23 31 32 14
27 33 21 6 33 32 7 18 29 7 23 38 24 13 31 12 28 28 29 18
31 28 20 25 28 23 20 14 28 15 32 28 29 26 17 1 21 20 24 29
51 46 34 10 42 46 28 17 19 11 12 48 39 28 16 10 32 27 39 35
45 36 18 13 45 46 15 28 42 3 36 52 37 31 31 20 40 38 47 22
17 10 5 1 6 15 1 6 1 1 12 16 10 9 4 1 4 4 9 10
56 57 29 20 50 60 31 38 58 14 51 66 47 15 52 21 36 43 43 48
25 25 13 9 25 15 7 12 17 9 16 27 18 19 19 1 20 13 22 12
40 39 24 19 36 31 23 8 26 13 27 33 34 18 17 1 31 29 24 28
51 49 19 3 49 50 29 34 44 6 32 58 44 20 38 25 23 36 44 30
30 21 7 4 7 24 12 7 11 1 21 30 17 14 4 1 1 1 13 23
28 36 24 1 31 26 19 13 24 7 17 31 17 7 27 11 18 22 18 23
29 19 26 6 31 28 15 9 15 10 16 27 17 16 12 1 18 16 29 18
49 48 43 32 46 46 33 27 40 38 30 38 37 20 16 20 33 29 39 41
8 2 8 1 14 8 1 4 5 1 4 12 5 5 7 1 7 5 9 7
48 44 40 15 40 36 29 11 23 21 22 36 39 33 24 11 29 24 39 39
60 48 21 32 40 51 28 31 45 22 48 55 51 42 27 7 29 27 47 34
11 7 3 1 7 6 3 1 1 1 5 11 7 8 1 1 3 5 3 5
24 13 8 1 19 23 10 14 9 1 14 27 15 15 7 1 10 10 19 11
49 45 27 20 32 39 20 12 33 10 31 46 40 39 17 17 17 16 34 43
30 26 20 1 24 25 15 4 13 3 15 28 18 13 11 5 7 12 12 22
36 24 10 10 34 34 8 16 27 8 26 39 30 22 16 3 23 21 35 8
13 10 12 7 16 15 1 9 16 4 19 21 6 6 8 1 13 11 15 11
51 55 23 20 29 50 30 22 43 12 42 54 46 24 33 23 18 26 33 49
17 15 18 1 11 16 9 4 2 4 8 13 6 7 4 1 7 6 10 12
19 18 8 3 15 25 8 18 16 2 23 27 12 4 14 2 15 13 21 14
9 4 8 1 8 9 7 1 1 2 2 4 4 4 1 1 6 5 8 2
19 25 11 3 23 21 4 8 21 3 12 25 16 9 20 7 19 17 21 9
17 26 14 1 10 11 7 7 11 1 13 21 10 5 15 1 8 8 8 19
19 14 14 1 27 15 15 7 10 2 3 14 15 15 11 5 14 16 17 7
48 43 31 13 32 40 34 21 20 13 30 39 33 13 20 13 17 19 29 38
29 30 19 2 26 28 7 10 19 1 18 34 17 10 18 1 20 17 15 20
26 24 26 1 21 18 16 5 9 6 10 21 14 19 12 7 8 9 16 19
16 17 18 1 18 15 11 10 9 4 11 13 4 4 9 4 10 7 8 14
37 41 31 7 26 33 26 22 25 4 26 42 27 16 29 14 12 10 25 43
16 20 10 10 22 12 1 7 23 8 19 18 14 7 17 3 15 14 13 17
6 5 6 4 13 4 6 5 5 4 6 6 4 5 5 1 10 8 8 1
7 1 2 1 5 8 1 1 1 1 6 9 3 1 1 1 1 1 2 6
58 55 37 25 60 51 17 37 52 21 45 62 46 41 47 20 48 36 58 29
35 32 32 19 35 32 25 7 25 28 27 24 28 13 21 15 19 26 29 30
34 33 19 4 33 31 23 12 25 7 17 35 28 27 14 21 9 22 29 17
13 14 17 7 19 6 7 3 11 7 12 10 5 11 9 3 9 6 10 12
16 14 8 2 4 11 2 3 2 2 9 18 7 14 1 1 2 1 11 7
9 3 4 1 5 10 3 3 1 1 6 9 1 2 1 1 1 1 5 2
15 12 16 1 19 10 12 1 7 1 9 8 10 8 10 5 8 9 9 15
16 12 4 6 1 16 1 1 8 2 13 17 15 10 3 2 1 1 13 13
27 37 27 6 32 25 14 11 27 8 20 36 24 9 30 11 21 26 12 29
59 52 40 39 49 61 37 35 58 34 57 61 48 38 41 18 28 34 50 49
13 12 9 1 14 7 3 1 2 1 4 12 10 8 6 1 11 8 5 7
5 4 5 1 3 2 1 1 1 1 1 6 1 7 1 1 1 1 4 3
15 9 4 3 13 12 10 8 8 3 11 14 7 9 1 2 3 8 16 3
42 27 38 9 53 42 32 30 38 16 33 38 25 28 29 18 34 36 46 19
50 47 35 27 46 56 28 25 46 24 43 52 42 28 30 29 27 37 44 44
37 31 20 1 18 28 20 10 6 1 14 35 23 24 14 3 12 8 24 24
33 34 31 10 40 31 13 20 35 11 31 37 19 16 32 6 32 28 29 19
38 32 16 8 27 45 15 34 31 1 34 47 23 23 26 18 32 28 40 22
49 52 46 25 50 38 31 17 33 29 25 39 45 28 31 13 43 33 40 40
24 26 21 2 16 17 11 4 9 1 15 21 10 8 9 1 8 6 7 23
8 6 10 1 13 5 6 5 4 1 6 7 5 6 4 1 7 5 5 7
18 28 22 1 21 18 9 10 13 1 6 29 12 14 22 2 16 14 16 19
11 7 10 1 12 7 5 1 7 1 10 9 8 6 9 5 4 4 7 14
18 12 18 5 27 14 9 10 16 5 14 22 11 15 14 1 19 16 23 7
35 33 27 13 30 23 15 9 20 10 25 29 23 22 19 1 16 8 20 27
7 10 6 1 14 1 5 1 5 1 4 5 8 5 8 1 12 11 6 5
30 35 31 13 33 20 17 7 26 18 21 26 26 17 24 7 21 19 20 27
17 16 22 1 25 18 8 7 17 4 11 26 12 12 18 6 9 13 17 18
31 26 16 9 20 21 8 10 20 9 24 29 18 19 10 3 4 2 23 22
6 12 9 4 13 4 1 2 11 4 8 8 8 5 12 2 11 9 11 9
4 1 1 1 4 2 1 1 2 1 8 3 2 1 1 1 3 1 5 4
8 3 8 1 12 6 4 3 3 1 7 5 1 1 3 1 5 2 3 4
28 20 20 18 22 22 7 13 19 17 25 26 22 24 10 1 14 3 25 13
23 24 16 11 19 19 9 8 16 9 18 29 22 20 14 1 16 14 23 18
31 39 25 15 39 30 18 14 35 17 30 36 33 9 37 22 18 34 19 33
36 33 38 28 41 42 29 25 32 29 19 37 30 18 10 17 36 33 40 33
9 8 8 1 12 11 1 4 8 1 4 14 4 4 10 1 6 6 7 11
16 17 11 14 10 18 7 8 20 7 22 23 14 11 11 1 10 9 12 22
43 43 32 11 29 35 28 27 32 16 35 44 31 28 33 18 21 17 39 43
38 35 13 2 31 32 15 18 27 2 24 42 28 18 24 8 17 20 32 23
51 49 39 21 51 57 29 38 41 12 40 52 31 33 29 26 46 41 54 35
10 6 6 5 4 10 3 6 6 5 16 11 5 1 5 1 3 3 9 11
15 11 16 1 26 15 12 13 12 1 5 22 10 16 12 3 16 18 18 7
52 44 37 18 44 41 33 25 35 25 32 42 35 33 26 13 21 19 45 31
60 59 44 27 43 58 45 21 39 26 32 53 46 26 20 24 22 33 38 55
42 43 25 19 43 35 28 17 40 14 31 42 43 25 34 14 29 37 25 37
41 37 40 11 46 35 26 19 33 13 22 42 29 36 32 15 31 27 45 30
27 28 27 16 32 30 15 18 35 19 34 33 19 12 25 12 14 19 26 28
12 12 9 6 18 6 1 4 13 5 13 14 10 8 10 1 12 10 12 11
10 7 6 4 19 8 10 7 10 4 6 12 9 11 4 3 9 12 15 1
25 22 17 1 25 24 18 17 18 2 17 24 11 9 18 9 9 8 21 20
49 35 15 20 42 40 19 19 31 12 29 39 42 36 14 16 29 28 44 20
31 28 27 6 33 28 22 15 24 3 14 38 27 26 25 10 17 20 23 32
45 44 47 7 52 45 35 34 36 20 35 46 29 35 39 17 47 40 47 25
27 27 16 10 18 25 14 6 19 7 21 27 22 13 16 10 8 14 10 27
20 13 7 4 10 16 6 1 5 1 12 18 16 11 5 1 5 5 10 13
34 32 15 4 36 32 24 22 33 8 23 39 27 10 31 17 13 23 31 26
35 21 18 22 33 35 9 25 34 17 37 37 26 23 23 1 26 17 35 15
50 52 47 31 61 48 27 34 46 35 39 50 45 31 48 7 57 36 55 30
58 60 41 22 44 53 41 19 40 21 40 54 44 25 32 12 26 31 41 53
12 12 7 1 7 10 1 1 6 1 6 13 10 11 5 4 3 1 11 12
12 9 13 1 14 9 6 5 4 1 1 13 5 12 5 1 7 4 9 7
1 1 7 1 6 1 1 1 1 1 1 1 1 1 1 1 1 1 1 3
24 25 29 17 33 21 14 10 27 24 24 17 17 13 21 9 16 13 21 15
5 5 3 1 1 3 1 1 1 1 4 7 1 4 1 1 1 1 2 2
48 41 22 26 29 36 21 12 28 11 34 41 42 41 12 10 23 17 35 34
49 35 35 16 43 44 25 27 31 18 35 47 31 31 27 1 28 18 45 28
20 26 18 7 18 13 11 4 12 7 10 24 20 19 16 1 18 14 21 12
25 28 20 4 30 14 12 5 20 7 11 28 20 19 25 3 17 17 22 21
51 53 49 17 57 47 40 26 42 26 31 50 35 20 39 18 35 39 48 43
5 7 4 1 8 7 1 2 3 1 1 9 4 3 8 1 8 6 6 4
13 16 8 1 5 12 3 7 6 1 11 15 4 4 8 1 4 4 8 14
65 57 41 24 55 67 41 36 48 20 37 64 47 33 25 24 40 41 58 47
48 44 25 23 38 43 20 28 45 13 46 53 36 27 32 2 33 31 38 35
51 43 40 23 53 51 33 39 47 25 48 49 34 14 38 20 30 27 51 38
11 5 4 1 10 15 1 7 9 1 10 17 6 6 8 1 10 8 17 5
15 9 7 1 7 9 4 3 1 1 8 15 7 11 1 1 2 2 7 9
35 31 25 9 31 32 22 17 30 1 29 42 26 28 27 5 27 26 31 23
25 26 7 7 22 21 4 9 15 6 17 26 26 10 17 8 22 20 19 13
46 40 28 22 56 44 14 31 50 27 43 50 41 23 47 16 41 37 46 24
46 44 29 6 48 44 37 37 38 10 30 56 36 36 31 18 34 38 49 27
15 15 7 1 5 12 4 8 4 1 12 16 3 8 3 1 5 5 9 10
26 30 18 3 23 19 11 7 13 3 15 31 25 17 22 5 24 20 19 20
12 14 10 1 2 8 1 4 1 1 9 15 5 6 4 1 4 2 2 15
22 27 28 9 26 14 16 7 18 12 18 22 16 15 21 9 14 14 14 26
54 48 14 27 51 48 24 35 42 14 36 55 54 38 32 34 46 46 51 32
55 54 32 15 39 44 34 14 37 13 26 57 51 43 31 19 22 31 38 42
30 25 10 8 26 31 12 17 24 1 25 37 22 12 19 1 24 24 19 18
46 39 31 21 50 46 40 26 43 15 33 43 40 33 22 18 27 36 40 35
5 5 4 2 2 4 1 1 2 1 9 6 5 1 1 1 1 1 2 7
31 14 13 12 25 24 14 9 10 16 22 16 18 12 2 1 15 10 25 12
25 28 17 11 15 20 11 10 23 9 27 26 13 10 13 7 4 6 12 30
8 12 4 1 9 5 1 4 1 1 3 11 3 6 4 1 9 7 3 1
24 21 26 4 33 24 20 12 10 8 6 24 15 14 12 1 25 24 20 12
4 8 11 1 6 1 1 1 3 1 1 6 1 5 5 1 1 1 1 8
41 39 24 4 22 35 19 15 19 1 26 39 25 20 16 11 11 4 31 33
36 35 21 8 38 28 20 22 35 10 24 41 26 22 30 9 20 23 36 24
43 40 29 7 21 38 28 13 9 11 19 37 28 20 13 6 19 16 30 31
31 27 18 13 25 24 12 21 23 13 31 28 18 16 18 3 17 8 24 20
49 43 34 15 51 52 38 25 42 15 36 49 36 19 31 15 30 41 36 38
20 14 19 1 17 12 16 1 1 1 2 18 11 18 6 1 6 4 12 11
1 1 4 2 9 3 2 5 6 2 5 5 1 1 4 1 7 5 8 2
13 5 8 1 11 10 6 1 1 1 6 6 6 1 1 1 5 3 2 8
61 60 53 32 56 59 50 34 46 30 40 59 46 32 33 15 41 44 40 59
20 25 12 8 27 19 7 13 19 8 19 26 21 7 21 9 26 24 16 15
14 13 9 1 23 16 6 12 14 1 12 18 5 1 15 1 19 16 12 6
19 12 7 2 18 15 11 7 9 2 7 20 16 20 3 5 6 11 22 5
12 15 9 1 3 9 5 8 3 1 11 16 2 7 2 1 3 1 6 11
9 11 6 1 12 8 1 2 2 1 2 12 6 7 7 1 8 6 7 3
26 28 31 1 40 24 24 18 25 3 4 35 22 25 30 12 22 29 26 22
56 54 39 14 47 48 35 17 29 18 28 50 42 33 26 21 26 33 42 44
60 51 43 19 60 54 44 27 45 16 36 59 48 41 36 12 47 48 49 36
13 12 17 1 22 12 9 4 9 2 8 12 6 5 10 2 12 10 8 13
12 13 11 1 8 9 3 3 1 1 8 14 8 10 7 1 8 8 7 11
53 50 35 18 34 44 35 19 35 19 39 54 41 32 32 23 2 21 37 49
14 4 8 1 19 10 11 6 5 1 4 12 9 12 1 2 4 6 12 4
4 5 1 1 1 4 1 1 1 1 1 5 5 4 1 1 4 4 7 1
39 37 23 3 32 29 22 12 19 1 12 39 33 35 18 15 14 19 29 23
7 5 12 1 11 6 8 1 4 3 4 1 3 1 6 1 5 4 3 9
17 21 15 2 18 14 9 1 12 7 10 19 13 11 14 7 4 12 14 12
19 15 11 5 12 14 5 5 12 4 19 18 8 9 6 2 1 1 15 17
37 39 28 12 25 27 23 5 22 6 19 35 33 29 19 8 12 16 18 36
5 9 13 8 18 7 1 10 17 8 12 11 4 8 13 1 15 11 17 6
17 16 22 5 24 17 16 5 9 10 6 9 9 5 11 7 15 14 13 17
45 42 16 9 18 34 18 13 19 1 26 46 35 28 17 8 14 12 26 31
30 29 31 19 39 28 13 22 34 24 29 32 20 22 28 10 18 13 30 19
13 16 1 1 9 13 1 8 10 1 15 19 8 1 8 1 13 11 11 7
30 20 14 9 19 21 12 1 8 9 15 19 21 17 1 1 9 9 22 13
58 50 22 31 49 57 24 40 54 23 57 59 48 16 40 17 36 29 50 33
51 43 36 6 48 49 27 28 31 4 31 52 37 39 27 20 42 38 47 28
27 29 32 8 36 23 16 13 25 6 20 33 22 17 31 4 28 23 25 27
16 12 10 1 25 16 9 6 10 1 1 18 14 13 13 3 13 13 17 5
18 17 5 1 20 19 4 8 9 1 8 20 10 1 11 1 19 16 13 2
5 4 11 1 16 1 7 1 7 2 3 1 1 2 7 3 3 2 5 7
1 1 7 1 8 1 1 1 3 1 2 1 1 1 4 1 1 1 1 6
18 17 9 8 5 18 4 8 15 5 23 19 9 4 8 3 1 1 14 20
17 8 1 8 11 12 6 1 9 8 10 14 13 16 1 5 4 1 22 4
31 28 27 6 24 24 15 5 11 10 12 24 19 23 12 1 14 7 27 18
54 53 39 20 47 49 32 17 34 14 32 52 41 26 30 2 40 36 40 42
4 9 9 1 8 5 3 3 7 2 7 6 1 1 9 5 5 6 2 11
20 14 12 2 13 14 4 4 6 1 11 21 12 13 6 1 4 2 9 16
25 18 6 1 20 19 6 4 9 1 10 24 23 14 14 3 16 15 18 10
9 6 8 5 15 13 4 10 11 5 15 14 4 1 8 1 13 11 12 6
39 32 14 19 22 34 12 11 22 6 29 35 29 27 1 11 19 14 29 25
53 49 40 23 40 56 40 36 41 17 48 55 36 24 29 6 34 32 42 44
54 57 52 15 53 53 38 27 44 24 36 61 40 33 49 22 32 43 49 45
33 26 20 13 26 35 6 17 28 5 30 39 20 21 15 7 22 17 31 21
61 54 34 4 50 52 49 31 28 11 26 53 47 41 25 21 33 36 49 39
11 10 10 3 13 19 1 13 11 3 12 22 7 10 10 1 14 12 19 4
14 18 15 1 19 16 10 11 10 3 9 14 4 3 13 4 15 12 10 12
58 51 47 20 63 57 40 29 49 25 37 58 46 42 36 32 34 49 57 40
19 21 15 7 13 18 5 9 15 6 14 26 12 19 11 5 13 9 22 14
5 8 10 1 5 3 1 1 1 1 5 8 1 5 3 1 4 3 4 7
14 20 6 1 13 9 1 3 9 1 10 18 14 5 13 3 16 15 8 10
41 42 23 20 37 33 17 23 39 22 40 40 34 21 31 7 21 13 31 29
18 14 9 7 7 17 5 1 8 1 13 19 16 12 5 1 5 4 10 16
12 13 10 1 11 13 7 3 3 1 7 8 2 1 5 1 8 7 9 7
5 4 8 1 14 4 5 4 3 1 1 5 1 4 3 1 9 6 4 1
37 29 34 6 38 44 28 29 29 11 31 37 17 13 27 12 34 31 40 22
28 27 8 3 23 27 14 17 20 2 24 28 19 2 19 8 18 15 24 13
35 25 8 2 25 32 18 13 15 1 18 33 23 14 7 1 14 16 21 13
44 36 18 16 35 38 27 13 23 10 30 36 36 19 16 1 28 29 23 25
38 30 16 15 39 34 17 23 32 13 29 39 33 30 19 12 20 23 36 18
6 10 6 1 5 5 1 3 2 1 5 11 5 5 4 1 9 7 2 9
28 26 18 7 23 19 6 5 16 8 20 23 16 13 14 2 14 13 18 16
45 39 8 7 35 41 17 21 35 2 28 47 37 22 22 15 20 25 37 26
50 48 18 19 35 44 14 30 38 18 41 55 41 26 34 10 33 25 46 28
25 17 8 6 25 26 9 11 20 1 16 33 23 15 15 1 19 21 18 13
48 51 29 21 53 43 27 20 41 23 28 43 45 23 39 34 38 43 40 34
9 4 4 1 6 9 2 3 2 1 7 11 8 6 2 1 4 2 9 6
48 34 22 18 41 43 17 24 38 4 33 53 38 39 19 15 22 22 46 32
24 20 13 1 25 29 6 15 16 1 18 31 16 6 20 1 25 22 22 9
20 10 12 7 25 22 9 15 21 7 15 27 14 20 14 4 16 19 31 7
11 14 12 1 15 17 3 9 13 1 6 20 7 7 14 6 8 9 15 9
29 23 8 1 13 21 11 10 5 1 12 31 18 17 9 1 7 7 18 17
17 13 5 1 9 14 1 2 3 1 8 15 13 9 8 2 6 6 10 11
27 28 32 23 44 30 15 23 42 28 31 32 24 21 38 17 24 29 36 22
68 64 30 25 56 63 28 35 45 18 47 67 53 37 35 22 51 44 61 43
34 36 8 5 10 29 10 8 17 1 25 38 26 14 11 1 11 12 17 21
19 21 17 3 13 18 8 3 6 3 6 19 13 17 8 6 14 10 15 12
47 39 34 12 44 50 35 29 43 12 42 49 26 18 34 18 25 29 36 35
4 7 6 3 2 5 1 3 4 3 10 6 1 1 3 1 3 3 6 3
19 23 8 12 21 11 3 8 20 12 20 19 19 9 15 5 19 17 20 10
65 61 30 10 57 61 40 35 49 2 40 73 53 39 38 22 34 40 53 42
25 23 10 3 10 18 5 5 5 1 7 26 17 24 3 6 9 5 18 12
8 12 12 1 14 7 5 1 1 1 1 9 4 6 4 1 13 10 7 3
12 4 1 1 6 8 2 1 1 1 10 10 7 5 1 1 5 4 8 6
17 19 20 7 21 11 14 1 3 11 4 7 10 7 1 1 17 14 16 10
38 31 21 10 38 29 15 9 26 18 26 27 28 13 22 4 21 19 28 18
14 7 1 7 9 10 1 7 8 7 15 10 5 7 2 1 7 4 15 2
17 20 10 5 6 18 6 10 11 5 16 20 8 11 10 4 8 7 18 14
12 6 1 1 1 12 1 1 1 1 9 13 9 6 1 1 1 1 9 6
4 1 5 3 6 3 3 1 3 3 7 3 2 2 2 1 5 3 8 5
54 44 29 17 64 55 33 34 46 19 38 52 43 19 38 22 47 52 51 28
55 49 32 9 47 58 32 36 43 10 46 56 36 21 37 18 39 36 50 27
13 8 4 1 6 13 1 5 3 1 9 15 10 7 3 1 8 6 9 8
43 31 25 16 43 46 19 24 31 8 28 41 33 25 20 17 34 29 40 30
44 31 24 25 35 43 15 22 37 13 38 45 33 34 17 5 27 18 39 24
41 39 24 25 41 38 15 28 45 20 42 47 37 20 38 14 40 36 40 30
34 26 16 17 31 30 12 24 32 15 35 32 23 17 22 5 16 8 31 22
6 8 10 1 13 9 3 7 10 1 1 11 5 6 12 4 11 9 11 9
36 29 15 1 28 30 21 20 17 1 16 41 27 28 17 8 17 21 28 21
55 51 39 11 55 49 27 33 46 20 32 61 44 46 44 18 41 36 57 33
39 40 27 23 37 34 27 14 29 17 31 31 36 20 23 1 35 33 24 31
17 13 2 6 7 14 1 8 9 6 17 16 8 11 1 1 6 2 19 4
24 14 5 14 18 17 11 6 18 8 21 19 22 18 4 2 6 9 18 13
11 19 8 1 12 14 5 14 10 1 11 20 5 6 11 1 15 13 11 9
20 21 22 1 22 26 11 15 14 5 12 25 9 12 15 5 16 13 21 13
39 43 23 15 36 35 20 25 37 14 36 39 30 13 33 18 21 21 38 28
19 27 19 7 27 15 7 7 24 6 17 26 17 8 22 5 18 19 14 22
31 22 7 6 17 34 12 18 19 3 25 34 19 9 11 6 12 9 26 18
2 1 3 1 7 6 1 5 2 1 1 7 1 1 4 1 4 2 1 1
31 21 20 6 31 31 22 15 14 10 15 25 17 3 10 3 19 17 24 23
16 13 11 1 23 10 11 1 1 2 1 9 12 7 4 1 16 14 11 2
43 44 25 9 39 34 18 14 29 8 23 48 39 32 30 15 27 26 36 31
6 6 1 4 5 7 1 3 4 4 8 8 5 4 4 1 9 7 10 2
17 14 18 1 22 14 14 7 5 7 7 13 8 10 6 1 14 11 13 9
56 46 41 27 65 55 48 36 51 36 34 49 42 28 29 29 30 45 55 37
27 31 22 3 15 22 13 11 12 1 18 31 17 17 18 5 12 9 17 29
27 26 28 1 31 18 25 4 16 10 9 19 21 16 14 11 10 21 16 23
48 42 31 16 46 55 24 32 40 3 37 50 34 30 29 25 43 38 44 31
14 18 5 1 6 12 4 8 7 1 14 17 8 4 10 1 10 10 9 11
43 32 22 28 35 43 10 25 40 15 41 47 36 36 18 3 29 17 42 21
36 32 24 1 34 34 25 27 24 1 20 44 24 28 25 9 21 25 34 25
35 40 33 14 34 34 29 17 29 20 26 34 26 17 32 22 10 30 25 33
29 17 25 17 40 29 16 20 25 21 26 24 21 19 19 1 29 20 33 11
51 40 22 14 39 48 33 25 36 3 30 58 44 44 19 15 23 28 43 36
19 11 17 2 32 22 16 18 19 2 14 25 11 15 15 6 20 23 23 5
6 3 2 1 7 1 2 1 1 1 4 3 4 4 1 1 4 3 5 3
8 7 1 1 2 9 3 8 3 1 10 10 1 1 1 1 2 1 6 4
23 27 20 1 29 19 8 12 21 1 14 31 19 14 27 6 24 23 17 21
34 34 19 2 24 34 13 21 26 1 29 46 21 14 27 2 24 21 31 21
20 15 7 4 15 13 8 5 8 1 12 21 17 14 5 2 9 11 9 14
7 4 7 1 10 2 2 1 1 1 5 8 4 5 2 1 4 2 5 8
28 27 13 4 31 27 21 25 25 3 20 33 21 8 23 11 13 18 28 17
18 26 25 1 20 13 13 1 10 5 7 18 12 9 16 6 11 15 7 18
60 49 28 12 50 61 38 34 42 6 40 62 45 25 31 13 32 37 47 33
16 18 15 14 26 17 1 12 25 10 23 21 16 11 18 1 19 12 18 14
4 5 8 5 7 2 2 2 6 5 10 7 1 5 1 1 5 3 6 5
21 23 21 6 16 20 12 3 16 6 15 24 17 11 13 9 3 7 7 26
21 17 15 1 22 15 11 4 8 1 7 19 14 12 10 3 9 12 9 13
28 26 14 11 39 30 12 23 27 11 24 35 24 9 30 12 34 32 31 13
24 24 25 13 22 14 8 11 20 15 22 21 13 19 16 4 7 3 19 18
13 16 17 1 17 11 9 6 4 4 6 11 5 8 9 1 14 11 6 9
42 41 30 6 36 41 18 26 35 5 34 50 23 21 34 10 30 27 37 25
41 36 22 27 32 38 15 15 37 17 36 36 36 30 16 19 18 14 33 33
18 13 9 1 7 9 4 1 1 1 5 17 13 14 1 1 2 1 8 12
24 28 15 7 23 23 17 23 19 6 24 28 15 6 19 11 13 13 21 20
16 17 8 1 19 15 10 11 9 2 12 16 6 1 10 1 17 14 10 7
35 32 23 8 36 28 20 20 31 13 26 36 23 20 26 8 14 16 31 25
13 4 4 1 12 9 7 1 1 1 2 10 9 10 1 1 3 6 10 2
53 46 29 26 55 44 39 18 44 26 31 40 50 26 19 20 29 38 39 34
11 7 6 1 9 6 2 1 1 1 3 10 4 7 1 1 4 2 4 3
49 46 27 26 29 46 18 32 40 24 48 48 39 21 30 18 20 11 47 33
53 50 30 24 50 39 22 25 40 25 38 50 46 35 42 16 36 30 45 33
33 28 30 18 37 26 15 16 27 23 28 26 23 22 21 4 21 9 27 18
31 34 28 11 28 25 23 21 30 13 31 32 19 8 25 15 9 12 23 34
3 1 2 1 9 2 1 4 4 1 3 4 1 2 6 1 6 4 4 5
60 50 14 26 47 54 33 32 45 15 44 59 57 35 31 17 37 44 44 36
47 39 17 16 43 48 17 23 41 4 31 54 45 29 30 10 35 36 39 28
28 23 14 13 18 21 6 15 16 13 25 29 19 21 13 1 16 10 24 16
14 4 7 11 23 12 8 11 16 11 14 14 10 13 8 1 11 9 23 5
38 30 13 12 32 32 14 9 28 4 22 37 32 26 13 8 17 17 28 20
49 47 33 8 44 47 29 26 37 10 25 58 37 37 34 23 19 33 44 37
32 34 9 2 17 29 9 15 21 1 24 41 24 10 21 1 18 15 24 22
11 7 14 5 21 12 8 5 12 8 8 8 2 3 9 1 13 10 15 7
51 48 43 11 43 46 36 19 32 16 26 51 41 40 33 18 31 29 38 45
26 27 26 8 20 23 18 11 16 7 16 32 23 22 20 7 19 15 20 31
5 4 7 1 6 2 1 1 4 1 3 6 1 6 3 1 1 1 8 5
9 9 5 7 9 6 1 5 8 7 12 10 4 9 4 1 8 4 12 3
29 19 6 4 20 24 11 2 8 1 11 25 23 14 6 1 13 11 14 11
19 17 21 7 27 24 12 11 20 4 16 21 12 5 17 5 19 17 12 20
44 30 8 5 32 41 25 24 22 3 23 38 29 25 5 16 16 19 39 16
10 18 9 1 11 13 6 9 15 3 11 16 3 1 15 4 7 10 11 13
28 36 23 8 36 32 12 16 36 5 26 40 25 6 34 11 28 32 16 27
9 10 10 4 15 3 5 1 13 7 8 7 6 7 11 5 6 8 12 12
10 15 10 7 6 4 4 1 8 7 11 13 8 12 7 1 8 8 12 9
9 6 6 1 1 4 1 1 1 1 2 11 5 8 1 1 1 1 3 9
10 11 13 6 6 8 6 4 6 6 12 13 3 9 1 1 1 1 10 8
8 11 9 1 5 9 3 7 4 1 8 12 1 5 5 1 4 3 5 9
36 33 21 18 16 34 23 18 22 8 34 37 23 21 11 1 13 13 19 32
48 42 24 16 29 37 22 20 33 12 36 46 34 30 23 11 11 7 37 37
45 41 32 21 57 41 32 24 46 23 34 44 40 33 30 23 26 37 41 29
31 28 29 10 37 35 23 25 38 15 34 35 15 11 33 15 23 28 34 24
24 23 23 1 20 18 16 8 6 1 8 23 7 14 13 1 11 6 14 20
23 13 2 3 12 20 8 10 9 1 16 24 13 10 1 1 3 4 12 12
52 34 18 17 37 45 25 23 26 21 32 38 38 30 13 8 22 20 46 16
17 13 6 6 14 14 5 3 8 6 13 14 10 8 5 1 10 9 15 2
54 57 41 25 60 47 23 33 53 29 48 60 46 29 52 17 41 35 46 38
17 6 15 3 26 18 10 6 12 7 9 13 9 10 8 1 14 12 26 4
61 56 51 20 53 60 39 34 48 28 44 60 43 25 40 23 30 31 58 46
16 7 4 3 15 12 9 4 8 3 10 15 13 13 1 3 5 10 17 4
35 42 30 11 39 29 20 14 28 17 19 33 24 11 25 8 30 30 32 25
50 45 18 19 35 41 14 27 36 16 44 47 40 21 29 10 22 15 42 25
36 35 13 1 18 26 13 10 14 1 19 36 25 18 16 4 12 12 25 17
18 18 22 1 24 24 11 5 13 5 7 19 14 5 14 4 15 16 18 17
12 14 17 1 19 11 7 3 7 1 5 11 6 8 11 3 12 10 9 12
38 32 23 12 29 28 17 13 18 16 26 27 23 19 13 1 21 16 28 23
33 35 25 12 39 29 13 17 32 10 25 39 29 15 34 12 31 29 29 28
62 62 51 25 66 49 38 24 46 33 37 53 57 40 46 17 49 40 50 45
52 51 35 17 40 44 36 25 26 20 27 44 38 15 22 18 28 29 41 35
8 6 8 1 7 7 4 1 1 1 4 5 1 1 1 1 2 1 1 2
24 26 21 16 25 31 16 20 27 6 28 35 22 17 21 4 28 27 19 23
36 35 24 22 36 29 16 17 33 22 36 33 31 22 25 11 19 17 25 27
44 40 28 18 42 39 35 15 30 17 26 35 35 23 11 18 21 31 34 31
16 18 11 1 14 16 8 13 11 1 14 19 6 7 13 3 10 8 14 14
55 51 26 4 49 51 31 34 45 3 35 64 43 33 37 20 28 35 53 32
45 43 39 10 41 36 35 6 18 13 13 38 38 26 23 11 23 28 27 39
11 11 12 5 11 1 4 1 8 5 7 11 5 13 7 1 6 4 12 10
29 25 11 15 23 30 9 25 31 13 35 31 20 10 23 6 18 11 30 23
10 14 9 1 9 9 1 8 4 1 10 14 6 7 6 1 11 9 5 9
17 13 14 3 14 13 6 8 10 1 12 23 12 12 12 1 9 7 11 18
4 6 13 1 14 6 5 1 9 2 6 4 1 1 8 1 5 4 6 9
57 48 38 21 48 49 36 33 35 23 42 51 40 28 33 12 30 21 50 38
16 12 1 5 14 8 1 1 12 5 16 12 14 6 7 1 11 10 14 3
2 10 8 1 6 3 1 1 3 1 3 6 3 2 8 1 7 7 1 5
56 44 17 30 49 48 34 31 46 14 43 56 50 46 18 15 33 38 45 32
27 18 7 1 9 22 7 7 5 1 14 27 17 20 1 5 3 3 19 12
20 7 4 6 15 16 9 5 10 2 15 19 15 11 1 1 3 5 14 9
13 13 9 7 14 18 2 11 17 3 19 20 9 2 14 2 14 12 11 16
27 28 13 9 19 26 11 12 20 7 22 26 17 14 14 8 16 12 26 17
18 16 15 1 12 11 7 6 4 1 6 20 9 15 11 1 8 4 10 16
36 37 26 5 27 30 23 11 10 9 16 33 24 12 14 1 25 20 24 26
56 54 46 8 59 54 47 42 50 11 44 64 39 33 48 29 30 39 53 41
6 12 12 4 7 5 1 4 7 4 6 9 4 9 9 4 9 7 9 11
2 5 5 2 1 2 1 1 3 2 7 6 1 3 1 1 1 1 6 5
46 35 22 6 41 46 31 24 26 8 18 40 31 20 18 17 19 20 42 28
38 32 21 9 32 35 18 12 28 10 24 42 30 25 17 18 6 18 30 28
35 28 20 12 27 39 11 31 36 11 40 42 21 17 27 7 19 12 40 22
57 55 47 34 54 61 38 41 63 30 62 61 43 23 46 23 29 30 49 48
43 41 42 10 41 42 26 22 41 13 39 52 28 28 39 19 23 28 37 35
11 9 9 5 9 11 7 3 5 5 14 9 7 1 4 1 9 8 8 8
21 22 19 3 23 27 10 22 27 4 23 30 5 10 23 7 17 17 29 14
8 10 11 3 12 11 6 7 6 4 9 11 1 3 3 1 11 8 9 2
8 6 3 1 5 4 2 1 1 1 4 8 3 7 1 1 3 3 5 3
15 13 4 3 11 12 1 2 7 3 11 14 14 12 5 2 10 7 17 7
25 23 7 6 10 20 4 1 10 1 15 26 23 19 5 3 8 6 14 18
51 38 35 6 50 48 38 31 33 8 27 55 40 42 27 19 35 38 47 29
72 59 31 29 47 59 37 29 43 24 47 60 57 42 24 5 31 23 52 34
55 47 14 13 50 50 33 38 41 10 39 57 44 28 29 25 33 38 49 27
22 24 23 3 41 23 15 11 29 8 18 30 23 8 32 10 23 31 20 20
42 34 18 5 32 37 27 30 25 4 26 47 31 22 22 15 14 21 36 26
21 12 12 5 18 18 11 4 5 7 14 13 13 7 6 1 14 11 14 12
55 54 38 12 40 49 35 25 28 10 31 52 40 24 34 15 24 21 38 46
3 8 8 2 4 3 1 1 8 3 9 4 1 1 7 3 1 2 5 10
43 37 21 16 22 35 16 17 27 11 34 39 26 23 16 1 14 6 29 28
53 45 33 3 48 44 32 22 26 14 24 52 43 36 32 14 38 36 42 27
35 32 25 27 30 38 24 20 33 17 34 37 32 26 24 1 30 28 31 31
21 10 1 4 12 17 7 6 7 1 12 20 15 10 3 1 7 8 10 11
30 30 27 4 31 31 19 16 25 9 22 37 18 16 25 12 11 20 26 27
47 29 26 17 52 47 29 40 43 13 44 48 31 35 24 19 31 31 48 13
4 8 8 2 4 1 1 1 2 2 6 7 1 5 1 1 4 3 4 5
34 38 22 1 22 28 15 9 14 1 11 36 22 19 21 2 20 14 23 22
19 12 4 7 8 16 7 3 7 1 17 17 13 8 2 1 5 5 7 13
40 43 36 12 37 39 28 23 34 6 33 47 26 22 32 10 26 27 24 40
4 9 8 1 5 1 1 1 1 1 1 5 3 5 2 1 5 4 1 5
20 32 16 1 25 19 14 18 24 4 16 27 14 5 27 12 15 17 15 24
6 9 5 6 15 9 3 9 11 6 12 12 4 2 11 1 14 12 11 4
6 5 12 1 8 5 5 1 2 1 5 6 3 4 4 1 4 3 2 9
38 33 24 2 25 37 18 22 23 6 24 46 24 27 22 7 22 17 40 25
4 1 2 1 6 1 1 1 1 1 1 1 2 2 3 1 1 1 2 6
14 14 14 1 7 7 7 1 1 1 6 15 11 10 4 1 3 1 4 16
60 55 35 11 40 53 37 25 36 10 34 62 47 46 30 18 28 27 43 49
40 35 27 13 29 39 19 13 17 10 17 39 32 25 11 10 26 21 31 29
57 54 32 19 47 54 28 31 42 21 41 53 44 22 34 18 36 32 54 36
10 7 1 6 9 4 1 1 8 4 13 6 10 2 2 1 5 5 9 5
54 44 36 26 50 50 30 27 37 21 40 50 38 29 21 4 40 34 43 27
39 34 15 19 13 32 18 18 29 10 39 38 27 22 13 6 10 8 26 35
4 5 7 1 13 7 6 7 6 1 1 8 1 1 8 1 12 10 7 5
18 15 15 1 17 9 12 1 4 1 1 19 15 18 10 1 7 10 12 11
20 24 17 4 16 19 5 10 15 2 11 28 18 21 17 7 17 13 23 20
9 7 4 1 10 6 4 1 1 1 1 10 5 9 2 1 5 6 7 2
14 12 8 7 16 11 5 5 11 7 12 14 14 11 12 1 13 11 17 11
11 5 9 2 19 8 10 5 11 2 5 11 7 10 4 3 3 7 12 3
13 2 1 1 7 9 3 1 1 1 11 11 7 4 1 1 1 1 9 5
9 3 4 2 3 9 2 1 2 2 11 9 5 2 2 1 3 3 8 7
19 17 23 1 16 14 15 1 1 1 4 17 12 13 9 1 11 6 11 18
48 49 33 17 45 41 27 20 31 15 27 48 43 23 39 16 41 36 34 39
11 7 16 1 19 17 6 12 13 1 12 19 2 9 11 1 16 13 20 1
19 23 15 2 21 9 7 3 14 3 10 21 15 13 18 4 14 14 12 17
10 11 8 1 3 3 3 1 1 1 7 11 3 9 1 1 2 2 5 7
35 22 14 2 27 34 22 21 17 2 22 34 20 14 14 7 12 12 30 18
10 11 10 5 18 15 1 10 15 5 14 20 10 7 16 1 19 17 19 7
18 19 17 10 22 13 10 1 8 14 9 10 12 8 3 1 19 14 18 6
51 47 22 22 36 41 18 20 30 12 36 46 41 36 18 17 33 28 42 28
5 5 4 2 12 2 1 1 7 2 6 5 1 3 6 1 6 4 8 3
29 20 7 2 11 22 8 9 7 1 16 31 17 18 3 1 6 6 18 16
47 52 51 27 54 54 41 23 45 26 31 51 43 23 34 23 42 50 39 48
36 44 39 4 41 36 23 19 37 9 31 49 26 21 45 16 32 37 33 29
16 9 6 2 9 14 3 1 3 1 8 13 12 7 1 1 3 1 8 8
28 33 23 10 32 24 16 8 14 14 11 23 24 5 15 9 31 29 20 19
18 16 20 1 14 12 12 1 1 2 4 14 6 11 5 1 7 4 9 11
30 35 48 6 43 32 31 13 23 15 7 33 22 13 29 12 29 31 29 34
38 33 12 13 32 32 13 13 21 10 25 36 35 14 21 13 27 24 27 19
33 31 20 18 27 31 18 6 19 16 18 27 30 13 9 4 25 22 28 22
63 59 44 23 43 65 38 29 36 14 33 65 48 37 24 15 39 33 49 53
5 5 8 4 11 5 1 3 8 4 8 9 1 6 6 1 8 6 11 5
5 8 2 1 4 5 1 3 1 1 6 7 3 1 5 1 7 5 1 6
52 44 25 18 41 55 32 27 46 11 43 58 41 27 30 20 21 28 42 43
22 23 6 9 13 18 8 12 21 9 26 22 16 5 18 4 15 15 20 16
24 27 27 4 26 14 19 3 14 9 8 24 21 21 20 12 9 16 16 25
8 9 9 2 8 9 1 3 7 1 10 12 6 1 6 1 3 1 1 13
8 14 10 4 10 6 3 5 7 4 10 14 6 8 7 1 12 10 9 8
12 13 11 4 13 15 4 14 12 4 17 20 3 5 9 1 12 10 15 12
4 4 7 7 7 1 1 4 9 7 11 4 4 1 7 1 7 5 10 10
24 18 21 1 23 20 15 8 7 4 5 25 14 20 11 1 15 12 20 12
39 32 12 9 30 35 15 17 15 4 22 33 28 23 6 12 25 20 29 19
60 57 30 24 50 64 31 39 51 15 54 67 42 26 40 19 49 47 51 32
44 36 18 11 35 38 21 25 28 5 26 47 35 39 13 21 21 25 38 25
44 49 28 28 45 38 16 25 48 26 41 49 42 22 41 17 36 31 36 35
52 49 40 10 37 54 36 38 44 7 49 63 34 35 39 17 34 31 43 43
13 11 10 5 11 14 1 13 14 5 16 21 3 10 8 1 11 8 19 6
22 23 17 10 20 14 10 4 13 11 12 19 17 19 10 4 16 14 21 9
26 34 18 9 17 26 19 12 25 7 29 28 20 6 20 11 7 12 14 32
18 8 11 2 20 17 7 9 9 2 13 20 5 10 5 1 10 9 18 6
47 41 41 14 52 42 30 34 42 16 37 51 29 35 40 11 32 28 46 29
9 10 10 1 10 10 6 9 4 1 8 12 1 5 4 1 6 4 4 5
26 25 15 9 36 24 8 12 35 6 25 33 24 12 27 4 23 26 27 18
8 6 10 2 11 9 2 5 7 2 7 14 4 8 4 1 7 5 13 6
5 2 2 1 1 5 1 1 1 1 9 6 2 1 2 1 2 2 3 7
12 5 10 4 15 9 8 4 6 4 6 7 6 8 6 1 10 7 12 5
22 31 25 1 20 17 13 2 12 4 5 25 17 15 18 9 11 14 10 19
36 28 16 5 17 31 16 9 11 1 18 35 20 19 5 1 10 8 17 21
6 4 2 2 6 7 1 3 3 2 7 9 3 4 3 1 7 5 9 3
43 38 32 17 47 45 35 20 38 14 30 44 35 22 29 16 21 37 27 35
45 40 30 22 37 36 17 19 26 18 25 39 35 43 18 12 31 16 43 22
49 43 17 20 46 44 34 39 47 16 41 48 38 36 22 27 23 28 51 30
9 9 6 1 15 14 1 11 9 1 11 19 4 1 13 1 17 15 9 3
40 34 15 9 35 35 16 14 24 9 21 37 32 24 17 13 25 26 36 12
11 1 4 1 10 6 6 1 1 1 2 6 6 7 1 1 3 2 8 3
24 17 20 1 22 15 18 5 3 4 6 19 14 16 6 1 12 11 13 14
35 29 23 5 30 39 16 23 24 4 27 37 19 13 24 7 23 20 30 23
15 11 14 5 22 13 11 7 10 7 12 10 10 5 12 1 17 14 13 13
29 23 14 3 14 22 12 12 12 3 17 31 15 20 9 3 8 5 25 17
35 27 29 16 35 39 22 25 26 20 25 34 18 13 13 5 29 25 41 18
21 21 11 7 10 19 4 10 10 1 12 26 16 22 6 10 12 8 19 14
31 17 15 17 39 28 16 21 30 15 25 29 28 22 20 7 24 22 33 14
12 12 14 4 26 13 9 8 13 4 8 18 8 10 12 1 19 17 18 3
49 48 47 14 47 51 42 35 34 23 28 51 32 23 29 17 42 37 49 41
12 12 9 1 14 12 5 5 4 1 5 12 5 2 9 1 13 10 6 6
35 39 26 9 25 31 21 12 23 4 19 41 35 30 26 3 26 23 24 36
61 67 36 21 46 54 31 22 40 12 38 63 53 36 39 18 40 37 39 50
14 15 4 5 15 15 3 10 12 5 12 20 11 6 12 1 17 15 16 4
43 38 32 4 30 44 28 19 15 8 18 44 28 17 17 4 26 21 36 32
14 9 5 1 22 14 8 11 11 1 9 18 15 10 11 3 16 18 16 7
29 17 9 8 19 27 13 4 16 1 15 28 24 19 7 3 9 7 17 20
55 59 40 10 60 52 27 31 45 11 29 66 45 37 50 28 46 46 49 36
38 27 15 6 14 29 17 6 10 1 20 35 23 23 4 1 4 6 22 21
14 15 12 1 4 10 2 4 2 1 8 17 7 12 5 1 5 3 8 12
40 37 29 7 33 32 26 14 20 4 21 39 27 25 22 7 19 18 25 34
40 28 16 13 47 40 23 25 39 7 29 42 36 31 20 19 27 32 45 20
27 36 39 5 45 23 25 10 27 13 11 31 23 16 35 13 24 33 22 27
44 41 9 9 31 36 9 19 27 6 28 47 35 21 22 13 26 24 35 26
47 45 12 11 38 42 16 28 33 4 34 50 37 25 24 19 29 25 43 26
15 10 4 1 9 17 4 11 6 1 13 19 8 5 6 1 11 9 11 10
39 36 16 11 39 39 13 24 27 11 27 47 35 18 31 15 34 32 35 20
40 40 32 6 33 32 31 18 19 12 20 35 25 23 25 8 24 19 34 31
31 41 30 3 43 37 21 25 37 11 28 38 20 3 38 13 34 36 31 24
32 34 23 10 28 29 11 16 22 1 15 38 27 32 21 16 24 19 30 32
23 17 21 1 27 17 20 10 10 3 5 26 18 23 15 4 13 12 21 18
43 34 16 7 33 39 31 22 25 6 27 35 31 18 15 14 16 23 27 26
15 6 8 1 15 12 9 4 1 1 4 11 7 9 1 1 9 6 10 3
8 9 6 1 2 7 1 1 4 1 1 13 5 11 3 1 4 2 12 5
45 42 16 16 28 38 29 25 35 6 38 47 36 21 19 13 11 19 31 36
29 27 20 9 24 18 13 7 14 9 19 27 23 20 16 2 18 13 20 21
13 15 15 1 9 8 7 2 1 1 3 13 3 7 5 1 8 5 3 9
24 26 27 3 21 18 20 6 8 9 11 21 16 18 14 5 18 15 17 19
6 1 4 1 14 5 3 2 3 1 1 6 2 4 5 1 5 3 8 2
58 56 40 28 40 47 37 27 43 22 49 49 41 28 33 16 20 16 40 48
2 3 5 1 10 2 1 4 3 1 3 5 1 3 3 1 7 5 3 2
48 42 35 17 50 47 29 21 31 18 21 45 39 30 19 24 33 36 43 37
53 52 33 36 42 53 33 21 38 24 30 46 51 32 13 22 41 38 44 47
10 15 13 1 14 3 3 1 6 1 1 11 7 9 11 2 6 8 5 12
28 27 18 3 27 23 12 6 14 6 17 20 18 6 15 3 19 17 17 18
7 6 1 1 1 6 1 1 1 1 9 8 2 1 1 1 1 1 1 4
56 55 43 16 46 45 38 18 30 24 26 47 41 30 28 17 30 29 47 44
40 43 49 8 44 41 32 19 37 17 27 43 27 28 36 22 31 36 43 29
21 16 3 1 16 15 6 6 7 1 13 20 17 7 12 1 13 14 10 11
14 16 19 1 15 14 8 9 9 1 7 23 11 14 17 1 16 13 14 17
41 38 20 10 34 36 18 15 20 8 19 37 27 24 10 6 26 23 37 23
48 36 30 10 46 45 40 23 30 19 20 40 34 14 18 21 20 30 38 36
11 13 12 3 12 8 5 1 5 3 5 12 9 12 8 1 8 8 12 7
13 13 15 5 27 18 9 16 22 5 16 22 9 7 23 5 27 25 23 5
31 26 24 1 34 26 25 11 19 7 16 28 21 17 13 16 6 19 15 21
18 12 22 5 25 19 11 12 15 7 12 21 7 13 11 1 19 16 24 6
47 52 36 25 30 45 36 23 44 20 48 51 37 20 32 26 9 23 32 53
9 7 1 1 6 9 2 9 8 1 11 11 1 1 6 1 6 4 10 6
11 15 10 1 14 9 3 7 8 1 6 19 9 10 12 1 16 14 10 9
53 44 46 13 63 45 41 28 38 23 27 49 41 38 38 15 49 48 55 29
12 7 5 1 9 7 1 1 2 1 5 12 8 12 1 1 3 1 13 4
16 19 16 9 18 16 5 9 17 8 16 23 15 14 16 1 17 15 20 17
55 58 41 32 51 47 23 22 53 32 45 55 53 39 43 22 32 30 45 38
33 28 11 6 15 22 10 3 15 1 16 34 28 23 11 2 7 11 19 20
56 55 37 9 44 53 29 36 47 9 44 65 40 32 47 17 36 32 53 39
19 25 9 1 15 17 2 2 14 2 12 23 18 5 17 5 11 14 10 15
63 55 41 21 53 61 46 30 44 25 40 59 48 23 32 27 22 33 52 49
52 54 26 18 49 51 21 31 52 15 45 61 42 29 40 27 34 39 51 41
45 37 19 2 27 36 30 21 21 1 23 45 32 32 15 12 13 19 34 31
57 65 38 4 53 57 30 37 50 7 38 70 42 30 56 29 43 43 52 39
21 17 4 3 5 21 2 7 6 1 14 23 14 9 1 2 6 4 12 11
12 4 8 1 8 12 7 1 1 5 9 6 6 1 1 1 4 3 10 7
5 4 9 1 12 8 1 4 7 1 4 10 3 2 9 1 7 5 6 10
4 7 6 3 7 7 1 7 6 3 8 11 1 4 4 1 7 5 8 2
29 32 26 11 29 21 10 8 22 14 14 26 23 23 20 3 22 14 27 13
43 36 25 12 37 32 27 24 33 15 29 42 31 32 24 13 13 17 36 31
18 15 5 1 9 21 7 14 9 1 12 23 9 9 7 3 8 6 18 7
3 1 1 1 7 8 1 7 6 1 7 10 1 1 5 1 8 6 9 2
10 13 16 1 21 11 6 5 9 2 5 11 5 7 13 2 15 12 11 10
52 49 42 17 43 48 34 25 42 23 38 54 38 31 39 19 18 23 43 47
4 9 7 1 13 7 4 7 6 1 4 9 5 4 9 1 14 12 7 4
55 46 31 10 37 45 37 15 21 8 22 49 44 37 19 7 26 29 31 36
21 15 13 1 28 15 15 1 11 1 1 14 16 9 12 4 12 18 14 9
34 24 18 8 29 35 16 20 22 4 22 40 24 23 15 7 16 20 28 20
6 5 5 5 13 3 6 3 5 5 7 5 5 5 4 1 9 7 9 3
33 36 17 1 24 30 16 13 14 5 14 32 21 13 15 4 22 19 24 14
1 1 4 3 5 1 1 1 3 3 6 2 1 1 1 1 3 1 7 3
42 33 16 4 42 43 25 34 37 1 31 49 32 18 29 15 25 31 37 24
34 35 25 11 27 31 15 22 30 12 28 39 22 24 26 10 18 17 36 28
23 20 18 3 37 20 11 16 27 3 22 28 14 16 24 5 29 28 31 2
6 11 18 1 14 6 7 5 8 1 1 9 1 7 10 5 8 5 4 12
55 43 38 15 51 58 41 50 52 16 55 62 38 27 43 30 31 35 55 37
21 21 11 5 11 16 7 9 7 1 19 21 11 10 5 1 9 8 9 17
50 46 18 15 41 43 23 26 34 1 25 53 47 45 19 25 28 31 42 36
27 26 16 16 30 26 6 17 29 18 27 29 24 16 25 8 21 17 26 19
34 40 18 10 28 32 18 8 31 8 31 34 27 3 26 12 15 24 14 31
1 2 6 1 5 2 1 1 3 1 1 6 1 1 4 1 4 2 4 3
23 15 9 1 17 21 15 15 10 1 20 19 9 1 8 5 8 5 12 15
39 30 9 5 34 37 27 24 23 2 24 36 28 16 10 11 20 25 26 17
18 25 15 1 21 17 4 5 14 1 10 25 17 11 19 5 16 16 14 16
12 16 11 1 9 12 3 4 7 1 10 14 10 8 12 5 9 9 8 14
25 21 18 8 19 25 7 15 18 7 20 33 15 22 11 4 13 9 30 12
23 19 15 12 16 18 8 2 13 11 19 15 18 13 6 1 12 9 18 15
6 8 1 1 2 8 1 7 5 1 10 12 1 1 1 1 2 1 9 3
9 7 1 1 5 11 1 5 4 1 12 13 5 2 4 1 8 6 9 5
64 54 40 21 53 57 40 29 41 22 42 61 49 41 34 9 43 38 51 44
