1000 20 10 2414
3 2 7 8 6 6 2 2 5 5
3 3 1 6 1 1 4 6 4 1
13 3 7 4 15 14 11 6 15 9
9 10 6 10 1 7 5 10 6 11
7 3 19 15 2 13 7 13 12 9
7 3 10 16 7 6 10 4 1 1
5 2 12 1 4 14 12 7 15 14
10 1 9 4 10 3 6 3 5 2
6 9 1 7 1 7 10 12 11 4
2 9 1 0 2 2 2 5 1 1
2 10 0 8 11 0 0 0 7 12
1 9 11 7 1 9 8 9 1 2
9 0 15 2 22 6 8 1 6 6
10 8 7 4 7 6 0 8 3 4
16 5 0 6 0 3 4 6 8 4
15 8 5 3 12 15 0 25 4 8
0 5 3 0 2 2 5 7 7 8
8 6 6 0 2 7 13 5 9 15
4 3 6 12 25 10 4 19 2 7
14 1 4 8 3 17 1 16 3 11
19 8 5 6 4 10 16 22 2 9
8 4 1 5 9 11 8 18 1 0
3 5 8 1 0 3 2 7 2 3
8 0 0 5 4 4 1 3 0 12
4 1 5 4 7 14 5 8 5 4
3 2 1 5 5 1 1 6 1 6
16 1 8 6 0 8 3 3 11 5
5 15 5 8 20 19 0 6 1 10
1 4 3 4 1 7 6 2 10 0
1 8 3 6 3 4 9 2 2 3
4 14 0 11 7 4 6 22 0 9
2 0 5 1 2 8 6 4 0 4
3 7 5 1 3 1 10 8 1 1
11 5 11 9 5 5 5 16 14 3
2 1 1 2 5 2 3 1 11 1
7 12 10 10 1 7 6 3 8 18
5 2 2 12 9 8 1 8 3 8
0 0 9 0 2 3 8 1 0 1
2 3 1 1 7 4 1 6 6 2
2 1 4 8 1 10 7 6 3 19
3 2 3 1 2 2 0 1 11 2
25 5 7 0 18 1 2 5 12 5
1 8 5 2 6 2 1 3 3 0
4 8 1 2 16 20 2 15 16 7
3 0 5 6 5 5 2 8 1 2
1 6 8 9 11 16 5 6 6 11
0 13 7 1 0 1 13 5 2 9
8 7 1 1 2 13 7 2 6 4
13 8 9 9 1 7 6 7 5 18
12 1 13 7 17 2 10 6 4 6
3 2 3 10 2 4 0 1 2 5
5 9 11 2 11 23 11 20 5 11
5 3 8 5 5 7 3 9 5 9
1 5 5 5 1 13 7 3 1 2
1 10 2 5 0 10 7 2 8 5
3 1 10 5 1 7 1 1 1 7
7 2 2 1 0 4 2 5 6 2
6 11 4 3 4 11 3 7 1 17
4 5 15 16 14 15 10 0 18 5
3 4 4 5 1 2 1 6 6 4
2 3 1 3 0 6 3 6 5 6
5 10 15 2 7 13 1 2 11 5
4 3 4 1 8 7 9 2 5 9
2 5 1 4 5 7 5 1 3 1
1 4 5 0 8 2 7 9 9 7
5 0 2 2 6 0 8 2 10 6
21 7 4 5 6 2 10 22 3 5
9 26 12 0 3 1 17 16 6 2
12 5 11 3 0 13 7 12 7 14
9 13 4 10 8 2 11 11 14 2
9 14 10 7 13 19 10 8 14 3
11 12 18 8 10 10 13 16 6 4
7 3 9 0 5 8 6 1 3 3
0 9 1 0 3 4 4 3 2 2
9 4 1 3 5 7 10 8 15 8
7 2 1 1 3 7 9 6 23 27
15 1 22 10 1 4 10 20 4 3
3 1 5 11 12 1 3 0 4 2
5 12 1 10 11 5 5 11 12 11
6 1 2 2 6 3 5 1 8 5
2 20 10 8 22 5 7 14 9 9
0 1 3 3 3 7 9 3 5 3
1 1 5 3 0 12 3 7 4 4
3 3 5 2 3 4 9 0 5 2
5 1 20 10 2 10 5 7 6 18
7 2 5 2 6 9 10 18 3 3
7 1 16 12 0 7 9 3 6 2
3 18 6 7 11 4 11 8 11 9
2 0 9 7 5 3 7 10 11 6
1 1 5 5 2 0 1 2 2 7
10 17 14 5 3 6 0 7 1 22
3 1 4 0 9 4 6 16 8 1
7 5 1 3 10 13 15 18 2 8
1 7 3 6 9 11 6 19 1 11
3 9 2 8 3 28 12 0 5 1
6 4 1 8 4 2 3 0 5 11
10 9 1 0 1 1 4 3 5 0
0 17 1 4 2 10 3 3 5 17
4 4 2 2 2 6 4 2 0 2
7 3 6 1 1 1 8 4 1 3
12 2 8 14 14 16 1 12 13 8
5 7 2 10 15 3 9 11 1 15
8 4 4 3 3 6 6 4 6 8
2 18 7 7 4 13 13 8 1 6
11 9 10 20 9 1 7 7 16 7
13 1 2 3 3 1 3 5 3 8
1 0 1 4 14 18 3 6 7 1
2 18 6 3 16 0 7 6 11 18
10 5 2 27 8 3 3 5 15 3
14 12 1 10 1 3 2 11 4 0
2 10 2 16 2 6 1 7 3 11
5 8 7 7 3 10 3 10 10 1
26 15 11 7 4 3 6 3 2 2
19 1 12 5 0 5 18 11 3 5
6 7 0 11 5 6 9 8 2 3
0 7 2 2 8 8 8 2 7 4
2 2 2 2 1 4 2 5 4 7
11 9 15 16 3 0 16 14 12 5
0 3 2 4 6 1 3 3 4 2
1 6 5 4 2 4 0 3 1 1
14 4 26 18 12 5 5 9 2 10
15 1 4 2 5 2 6 10 9 16
1 1 9 3 1 4 6 15 2 1
3 3 2 4 5 1 3 0 7 1
9 5 5 1 12 4 2 5 6 4
0 2 0 9 8 1 1 10 3 13
1 7 6 7 8 4 6 9 3 19
6 10 14 3 15 8 7 2 16 3
2 9 13 3 5 6 11 2 23 1
2 8 8 5 3 6 5 13 1 9
15 5 20 14 0 13 1 5 6 1
11 7 8 6 4 1 4 3 13 2
1 7 1 6 8 5 6 5 6 1
10 3 6 1 10 4 0 12 12 9
3 7 2 7 13 2 5 1 7 2
2 1 3 1 3 7 2 1 2 13
3 0 7 0 1 7 2 2 3 2
1 8 3 4 5 12 7 2 0 2
3 5 2 2 5 6 10 1 6 5
3 10 2 8 3 14 9 2 5 7
3 0 2 1 0 4 0 3 8 10
1 6 7 0 3 3 2 5 0 6
3 5 3 3 7 8 3 13 14 10
12 9 7 11 4 27 21 0 0 4
10 6 15 13 2 11 18 6 13 11
21 15 8 7 6 6 0 4 11 14
1 4 17 15 16 9 17 4 11 4
10 10 22 3 3 4 0 1 4 17
1 6 1 2 0 2 5 5 5 2
15 6 5 8 8 9 8 5 12 6
4 11 13 3 5 11 16 2 1 11
10 16 5 4 20 7 7 4 4 24
7 1 1 3 3 1 15 1 5 4
28 16 17 1 0 2 4 12 3 1
11 4 17 15 2 0 7 7 3 23
10 14 2 19 13 9 4 8 4 11
4 15 17 11 12 6 5 25 9 0
7 0 6 2 12 6 12 8 5 21
4 5 13 3 14 6 17 11 5 5
16 8 16 3 6 2 11 6 5 10
6 4 8 8 14 0 12 0 5 2
11 7 6 3 3 25 13 9 8 1
3 3 2 5 2 12 7 12 6 4
1 8 5 3 4 5 15 10 4 3
13 8 7 3 1 4 3 3 4 7
4 0 0 2 9 6 5 3 4 1
7 22 5 8 1 6 5 14 5 0
8 4 3 20 9 2 3 4 6 12
7 3 7 0 1 10 2 1 7 1
6 11 23 1 4 10 6 6 0 11
4 5 28 0 4 19 4 6 1 7
12 7 7 3 20 13 14 10 12 4
4 1 9 7 6 6 10 4 3 2
7 8 2 13 10 7 4 5 12 3
20 14 2 2 4 8 11 6 1 1
6 1 6 9 14 19 6 4 3 12
12 11 0 0 3 3 6 4 0 11
8 3 11 7 1 11 4 9 18 6
3 2 1 4 8 0 1 0 5 2
4 6 5 14 7 9 4 19 10 11
1 1 2 5 5 3 6 6 6 0
10 7 5 14 8 3 1 3 0 10
8 2 9 7 6 4 3 3 2 4
3 2 13 15 5 7 11 14 7 9
9 11 12 14 10 16 0 8 7 11
6 6 4 2 20 5 7 12 2 3
4 0 1 1 4 4 3 2 5 4
2 6 13 6 2 23 1 21 15 4
17 3 18 12 16 7 13 7 1 4
8 4 1 10 3 4 3 1 10 0
5 3 8 22 2 15 6 5 1 2
3 6 3 1 6 7 5 3 0 9
2 12 0 1 3 1 4 1 7 2
8 12 5 16 5 2 1 21 3 0
0 3 4 1 3 10 2 13 6 2
2 11 3 3 9 15 6 5 1 12
1 6 0 5 5 1 10 9 7 0
4 5 4 0 14 8 14 15 9 5
0 5 0 4 8 1 2 4 3 6
8 2 11 13 1 3 1 2 12 7
3 3 7 7 6 19 15 5 5 14
18 6 12 3 16 4 5 1 11 6
12 3 1 14 20 3 1 11 5 2
4 2 11 11 1 10 13 11 5 12
11 7 1 0 9 0 21 18 3 3
4 0 8 13 6 4 7 3 9 1
11 11 0 1 10 16 6 10 5 5
5 11 16 3 18 7 17 10 4 13
7 3 14 13 10 15 1 14 7 8
1 5 1 7 6 5 1 5 1 1
3 7 6 10 10 13 12 5 3 1
18 11 17 6 2 5 4 2 8 4
7 7 0 1 14 1 7 6 16 9
6 13 5 0 0 7 1 1 1 10
4 3 4 5 0 1 6 0 4 1
2 19 0 5 3 12 4 4 3 5
3 4 27 1 12 13 6 3 11 14
7 3 2 3 0 8 0 1 1 3
0 3 20 6 3 12 19 7 4 2
9 4 2 10 4 9 4 4 0 1
3 0 1 1 8 3 6 14 8 1
9 7 0 14 20 7 7 19 13 15
2 0 6 1 3 0 4 7 5 4
1 4 5 7 4 3 1 1 4 9
13 3 14 6 6 3 4 3 5 8
3 12 11 0 5 3 0 24 11 7
1 7 1 4 2 2 3 1 3 3
5 1 5 11 0 12 14 6 3 7
9 0 7 1 2 2 6 7 0 3
10 12 4 3 5 18 17 6 20 1
5 2 6 0 8 2 2 3 2 0
1 1 6 9 6 2 4 4 2 5
3 11 6 2 0 6 10 6 0 4
7 18 8 3 7 2 1 13 1 13
13 8 18 6 17 13 11 6 9 8
14 10 8 8 2 2 8 16 22 8
2 7 6 8 2 12 20 3 19 7
2 1 2 1 1 4 9 2 4 3
3 3 5 6 14 3 0 10 5 1
15 13 0 4 15 11 27 0 10 3
6 8 2 1 6 15 6 10 4 12
17 1 3 7 2 6 4 4 0 20
2 20 21 8 10 8 8 5 16 7
17 8 7 8 3 18 15 1 20 7
6 5 10 13 23 3 5 2 1 3
3 3 7 0 0 14 7 5 6 5
6 1 9 6 7 3 7 2 5 16
2 2 1 5 6 4 3 4 2 6
6 7 6 13 3 8 17 19 7 5
2 0 0 3 1 1 3 1 4 8
12 19 13 10 8 7 18 14 10 7
6 7 1 4 6 1 0 7 5 1
6 1 4 7 2 1 10 7 4 3
13 2 8 5 1 5 6 1 1 9
0 8 4 4 1 10 11 3 2 5
3 1 8 1 3 3 6 11 3 11
4 8 2 5 2 9 3 3 5 3
12 1 6 11 6 0 12 3 2 2
9 1 7 4 5 3 2 1 5 7
10 3 4 11 2 19 4 0 19 9
26 8 1 9 16 2 3 9 15 4
6 2 20 11 3 14 5 6 17 21
2 9 7 8 10 5 1 11 13 2
6 4 1 8 2 13 19 26 5 3
6 0 4 8 8 2 2 4 9 10
3 5 5 2 0 3 2 0 4 10
5 6 9 10 1 7 4 6 14 9
2 3 9 2 4 2 10 4 10 1
4 4 10 4 3 10 10 11 17 3
6 24 6 2 9 2 16 2 15 8
11 19 5 6 7 4 5 9 14 0
2 5 3 3 7 4 6 10 12 3
22 10 10 0 0 1 14 4 17 2
5 7 1 1 8 7 16 1 1 1
3 14 2 12 6 13 4 11 16 13
3 1 7 3 5 1 3 1 2 3
3 3 5 12 5 2 9 25 11 14
6 9 10 13 7 1 5 3 2 4
7 1 4 2 7 6 2 0 0 4
6 2 5 3 4 4 6 1 3 6
2 17 11 17 6 5 1 21 5 2
6 9 7 3 0 9 5 7 11 11
29 2 3 6 2 15 7 2 9 4
5 1 6 2 13 3 13 18 8 1
6 4 4 5 1 5 3 5 3 4
4 26 9 19 2 0 8 6 8 15
1 6 10 2 10 15 4 2 22 4
9 24 2 5 1 7 11 2 11 14
9 21 2 7 6 2 5 0 4 12
3 3 7 1 4 5 3 0 4 6
5 8 9 8 2 5 4 14 1 0
2 7 2 1 3 4 10 1 8 9
2 10 8 0 5 5 14 2 14 10
3 3 6 5 5 5 5 1 1 2
13 9 2 6 4 2 10 5 1 0
5 4 18 3 11 2 7 7 11 5
10 14 3 16 4 3 2 6 0 10
1 2 14 1 0 8 5 4 5 9
4 2 8 6 2 9 24 4 11 5
5 3 11 6 11 5 3 3 3 2
4 2 7 4 6 8 0 4 15 2
7 14 1 14 6 9 9 1 7 10
3 4 3 4 3 3 5 3 3 8
9 1 1 12 19 11 11 10 13 16
0 7 10 2 1 1 4 1 1 2
10 16 8 11 18 1 13 8 2 18
0 4 4 8 4 0 1 8 1 2
3 15 18 3 6 8 0 6 11 4
12 9 9 5 7 13 2 9 2 10
12 0 12 11 2 20 5 2 9 4
12 18 2 10 1 7 4 10 6 1
6 4 13 2 2 11 6 1 4 5
1 6 8 3 2 0 4 2 2 2
6 6 2 6 5 15 5 27 20 4
20 12 7 3 2 1 20 10 10 14
12 11 13 5 27 8 2 7 9 3
9 3 2 3 5 7 9 9 1 4
1 11 7 4 1 1 2 1 6 5
6 3 5 5 17 19 4 15 18 12
13 11 7 0 2 15 3 14 3 25
11 16 4 18 5 16 14 4 3 8
6 7 2 9 7 1 0 1 2 11
16 10 14 13 16 10 7 6 7 4
11 1 17 21 10 8 2 9 8 3
1 1 5 1 1 1 8 0 3 2
11 6 6 8 1 10 4 6 1 5
1 1 2 6 2 4 0 4 4 2
2 0 3 6 2 1 7 1 3 6
4 2 5 2 4 7 3 10 3 11
2 10 8 5 30 4 3 12 6 2
1 2 14 3 5 8 0 9 6 4
7 4 2 14 3 1 7 18 6 1
7 5 2 20 21 6 3 2 3 3
11 1 2 5 28 6 8 2 9 0
20 1 2 16 4 1 9 0 20 9
2 6 8 13 5 1 1 0 4 6
1 4 10 7 2 13 5 21 2 12
7 9 0 2 3 7 4 7 2 18
7 4 3 8 2 1 2 6 0 12
12 10 12 15 10 15 2 8 10 4
2 4 3 11 1 17 10 13 8 2
11 9 1 5 3 6 9 7 4 2
1 3 4 5 12 1 4 7 3 8
22 0 1 7 3 8 14 16 0 11
1 2 9 7 18 2 9 14 16 4
11 3 3 2 9 4 0 4 7 2
5 0 0 1 0 2 0 3 4 8
8 1 7 2 0 1 1 3 1 1
4 9 5 5 13 21 1 22 12 8
4 5 16 4 8 28 8 1 9 13
5 15 12 6 10 8 1 10 5 2
7 9 8 2 0 18 10 22 13 5
22 4 3 10 10 9 4 8 11 15
13 2 23 1 12 1 1 11 8 0
3 6 8 1 9 4 2 5 7 1
8 5 13 2 2 7 3 3 6 3
0 10 10 3 23 8 7 20 15 7
12 6 17 10 13 7 5 11 1 7
0 3 4 8 11 23 4 0 8 1
16 5 0 18 12 5 15 7 2 7
11 2 23 16 7 6 5 18 6 3
7 3 7 4 22 14 0 0 18 18
9 9 21 17 5 14 6 1 18 4
2 19 21 9 20 4 11 7 6 5
15 16 1 2 1 11 11 6 1 2
0 10 3 5 5 2 10 7 6 10
0 3 2 0 2 0 1 6 7 2
1 24 1 12 9 0 3 8 5 13
5 1 1 2 1 6 8 1 8 0
3 0 10 15 8 0 4 11 7 2
9 2 7 3 10 14 4 3 1 12
11 8 15 10 14 2 3 0 1 0
1 6 3 12 2 4 3 1 1 2
1 9 13 3 8 1 10 7 7 4
3 1 2 7 0 3 9 1 1 6
1 2 4 3 2 9 5 3 3 5
5 9 5 2 17 1 2 7 10 17
8 8 1 8 6 6 1 11 2 1
9 15 8 11 4 0 8 0 5 19
7 1 1 1 13 7 13 9 5 3
7 5 4 22 5 15 2 19 7 1
10 5 3 29 12 3 3 3 14 2
2 6 3 0 2 0 5 2 4 2
5 13 4 7 1 5 4 1 7 3
5 1 7 3 6 12 4 2 0 8
5 5 19 11 10 7 1 19 13 1
2 2 8 3 21 9 1 24 12 1
7 8 2 15 5 25 1 1 7 12
0 5 7 3 1 3 0 6 3 9
12 1 6 10 5 3 17 6 15 12
6 8 20 2 6 2 0 8 3 9
7 3 8 6 3 4 0 6 1 3
3 10 15 1 15 4 4 7 5 7
14 7 14 5 3 16 0 2 5 4
19 17 5 7 7 4 2 8 12 1
15 2 5 3 3 0 3 4 1 2
7 2 23 1 20 2 15 10 6 3
8 10 5 2 4 2 16 4 4 7
12 11 11 1 7 1 5 17 5 6
2 5 23 4 0 4 2 6 2 2
9 3 9 7 1 0 2 0 4 4
4 0 8 0 1 4 8 1 5 1
17 17 3 18 5 12 4 3 1 11
2 5 13 1 21 3 7 6 0 8
21 9 3 2 6 1 12 9 9 12
10 5 15 14 9 7 5 14 11 0
1 5 4 9 12 4 1 3 15 14
11 4 8 1 24 1 7 5 4 5
16 14 3 0 13 23 2 13 7 6
1 4 1 5 6 7 0 9 1 3
6 3 15 8 7 7 7 8 10 20
9 8 2 8 11 15 15 11 1 5
7 8 1 4 4 7 8 1 3 3
9 1 0 3 2 4 7 0 5 3
25 5 10 4 11 17 11 8 5 6
6 2 5 11 5 8 3 2 10 9
0 5 1 4 6 2 5 11 5 6
10 7 1 5 0 2 7 3 4 3
8 3 10 12 4 0 10 11 1 3
7 5 7 12 15 6 8 5 7 12
3 1 3 1 4 10 11 23 3 6
11 3 6 9 11 15 12 0 14 12
3 2 2 4 2 4 8 9 9 7
9 16 1 1 4 3 12 6 27 9
5 10 23 6 12 4 8 1 16 7
7 1 14 8 1 4 4 1 6 4
8 4 9 9 3 13 1 8 1 7
21 2 15 15 5 2 4 14 19 5
5 10 8 9 5 0 0 1 1 1
0 10 5 11 7 12 2 4 8 2
4 10 3 4 0 3 4 18 2 1
1 7 10 19 4 9 15 1 7 8
6 1 3 2 6 3 3 4 4 2
3 3 4 8 13 18 9 2 6 0
5 7 5 12 7 6 9 14 5 1
1 6 9 13 6 1 11 6 6 1
1 1 17 1 1 1 3 9 5 6
3 10 7 4 1 6 3 5 2 1
5 6 4 3 0 4 4 5 11 11
7 3 10 7 4 1 6 8 6 5
4 2 5 1 8 2 6 1 2 2
5 5 20 6 3 11 5 2 7 8
9 4 0 3 6 0 4 8 8 6
9 9 2 21 4 14 5 0 9 16
9 4 15 13 5 1 2 9 3 11
7 10 10 7 6 1 4 7 15 6
3 1 8 17 1 15 12 12 0 5
1 12 0 1 12 16 9 10 3 5
3 4 0 0 3 7 0 2 7 1
6 18 3 10 5 2 11 10 1 7
3 2 13 4 7 4 2 4 5 0
7 8 6 7 5 4 15 5 12 4
3 22 9 10 1 7 11 13 5 4
5 9 10 11 5 12 14 9 1 5
4 10 2 0 3 3 6 3 14 2
0 3 10 4 9 14 9 1 14 7
23 3 14 2 1 15 3 9 18 2
4 2 2 3 0 8 1 2 3 1
8 25 4 5 3 1 2 11 3 6
1 6 8 2 5 6 8 5 2 2
12 6 7 4 5 11 4 1 7 5
2 12 9 14 19 3 4 7 2 8
3 15 0 10 7 1 1 7 2 2
1 7 11 1 0 3 5 3 12 4
1 1 3 10 1 9 2 18 13 3
4 12 9 0 1 8 0 2 12 8
15 5 20 1 8 1 15 7 3 4
10 10 1 11 18 12 8 0 1 1
22 6 22 14 3 1 14 0 2 4
8 5 2 5 4 6 10 0 1 8
2 8 1 6 4 4 5 3 2 2
27 2 7 1 4 6 1 11 7 14
6 3 9 0 2 3 6 1 13 0
6 4 2 7 4 1 1 3 1 2
0 6 0 10 16 2 0 5 3 2
9 3 12 4 5 0 26 1 8 10
11 10 1 13 7 19 0 12 2 2
12 25 3 7 0 2 8 9 12 9
0 3 3 4 1 0 2 6 5 1
3 15 1 11 6 8 12 4 14 2
14 7 4 4 11 16 7 11 1 0
4 1 10 13 3 8 1 16 8 22
9 1 6 1 9 8 0 12 10 13
6 0 10 3 1 6 9 3 2 0
10 19 2 10 21 7 16 5 6 12
5 0 2 13 7 1 15 7 3 17
1 7 1 2 6 1 5 1 5 7
3 8 19 4 24 19 5 8 9 4
14 2 10 9 18 5 15 3 3 12
8 11 19 3 5 6 6 8 13 5
13 2 22 6 20 4 10 7 3 15
2 2 7 20 15 1 1 3 2 1
9 0 13 9 9 10 5 1 4 7
3 7 13 7 14 13 8 8 0 1
4 1 3 3 3 2 8 3 1 2
5 24 11 5 4 12 1 10 1 4
6 0 4 16 0 14 9 9 0 11
9 4 5 7 2 3 7 6 9 10
7 14 1 5 8 5 0 2 1 10
16 10 11 3 2 21 12 5 0 12
16 11 26 6 12 4 15 4 1 8
3 29 9 5 1 7 0 2 10 1
7 7 2 5 11 2 6 0 6 1
3 4 2 31 4 11 3 8 16 1
18 12 3 17 3 7 7 23 9 9
8 9 1 7 3 20 2 7 18 7
22 3 16 2 7 5 17 3 7 12
4 5 1 1 2 5 6 3 4 4
13 15 2 9 1 7 4 25 6 8
13 16 3 12 6 14 7 5 11 7
7 6 9 6 8 16 7 10 1 6
8 4 4 5 4 3 3 3 1 4
13 0 0 0 6 5 10 4 4 15
6 4 4 11 6 5 1 3 17 8
3 10 23 0 3 14 4 5 6 5
1 9 1 17 0 0 4 6 6 10
10 2 2 3 2 4 6 4 2 6
15 1 23 5 14 3 1 4 9 3
12 0 0 7 0 4 4 4 4 8
8 4 2 3 1 10 11 2 1 17
26 4 11 16 6 1 6 5 7 1
13 16 12 7 2 10 10 4 2 4
22 2 11 10 11 23 7 2 11 4
14 5 29 6 10 2 3 3 6 10
2 2 3 4 6 8 8 4 1 16
5 12 4 20 5 3 2 15 2 1
1 2 10 4 0 0 27 17 1 5
23 5 2 12 8 1 6 13 8 14
10 3 5 9 21 11 14 8 2 9
2 8 3 3 9 2 3 0 3 4
12 7 10 7 13 2 7 6 1 2
10 6 3 14 7 1 11 1 6 15
15 15 16 15 3 15 7 4 2 4
24 21 10 11 2 2 1 16 9 0
12 12 3 3 15 6 2 7 13 7
4 1 7 10 5 2 10 22 7 4
0 13 14 5 5 5 20 3 24 4
18 1 9 9 14 3 3 9 14 17
7 7 7 7 6 1 2 5 14 4
20 10 1 11 17 5 6 16 9 11
0 2 2 7 6 3 8 11 5 3
16 1 15 7 2 11 3 1 6 5
4 4 4 4 12 2 9 11 4 3
1 1 5 0 5 5 0 4 6 1
9 10 13 8 14 11 3 5 10 15
15 2 9 7 4 2 4 5 2 13
2 0 2 9 2 5 0 0 6 7
5 3 2 5 1 8 0 9 6 2
6 7 14 4 12 13 3 13 23 4
10 11 11 10 9 5 13 1 2 10
8 9 1 9 20 3 18 0 13 3
3 9 2 4 3 1 27 4 13 9
6 3 10 4 8 8 24 1 3 11
3 0 7 4 8 8 4 0 7 6
6 5 23 10 2 11 9 8 5 12
0 12 2 4 5 3 10 2 5 7
4 9 9 1 20 7 18 3 6 3
7 1 3 1 17 1 7 4 5 1
3 5 2 0 3 5 11 7 5 17
4 6 16 7 6 12 11 9 14 2
8 1 13 15 2 1 7 1 9 10
18 9 13 11 13 18 13 1 6 1
13 10 12 17 4 8 13 7 3 13
15 11 13 8 6 12 17 1 3 2
4 6 3 7 9 9 4 7 2 19
12 2 13 13 6 13 14 2 8 7
5 7 6 5 7 10 1 5 2 3
5 11 11 10 24 7 3 1 9 0
6 7 3 7 8 8 8 0 11 9
4 7 6 5 8 3 3 9 7 4
8 10 2 8 7 7 6 6 7 2
10 5 12 2 22 5 5 4 2 5
4 7 5 0 10 9 3 7 7 8
1 5 1 11 3 13 5 7 1 5
3 4 4 2 6 1 2 10 2 1
2 11 10 0 8 1 6 5 5 4
2 2 10 1 3 5 3 1 3 10
2 5 0 5 5 2 6 11 0 6
6 6 2 2 3 5 5 3 12 10
2 7 8 1 4 12 6 4 5 8
7 2 9 5 7 6 5 3 5 1
3 17 21 2 2 14 17 12 3 7
2 1 11 6 3 0 5 1 7 2
4 5 2 0 6 1 4 0 11 3
6 2 6 17 7 1 2 18 3 6
4 4 5 14 7 13 9 1 5 0
10 12 13 4 2 9 2 20 5 8
2 5 0 5 0 3 1 2 9 4
2 1 3 3 2 3 1 2 9 2
0 20 9 2 2 3 5 1 14 10
3 2 3 4 3 0 4 1 3 9
10 6 5 4 6 3 10 6 7 12
0 4 5 2 2 10 1 8 7 7
0 4 4 11 1 0 0 9 2 5
14 4 6 5 19 5 9 12 15 13
3 9 23 15 2 8 10 5 1 22
10 11 1 24 4 2 13 9 10 15
4 19 19 16 2 7 2 18 1 8
7 10 15 5 2 16 5 14 9 0
0 6 1 0 5 3 3 3 6 0
2 18 1 20 0 1 16 6 11 1
5 2 10 6 5 2 9 1 1 3
14 14 6 3 4 7 11 13 8 12
20 6 6 7 2 2 5 1 3 5
5 3 5 0 10 5 1 5 5 23
22 5 5 9 4 2 6 14 12 1
1 7 14 19 1 9 4 0 7 14
3 1 2 11 0 6 4 3 4 8
5 2 22 1 2 14 11 18 13 12
12 3 6 8 4 8 1 10 1 0
9 2 15 1 18 15 13 12 8 17
3 2 2 1 3 0 7 1 1 6
11 3 2 1 8 17 7 11 18 3
4 1 13 3 4 13 14 2 2 0
0 2 10 2 1 6 2 3 2 5
6 5 1 0 10 14 7 11 15 2
5 19 8 14 5 7 4 8 17 0
3 3 0 2 4 0 4 7 6 6
5 4 4 9 4 11 2 6 4 0
9 21 6 11 8 8 2 20 0 7
6 16 0 5 10 1 5 5 6 2
11 15 4 4 3 1 14 18 16 3
3 4 10 9 6 5 2 7 5 7
2 7 5 10 1 14 1 0 2 12
1 4 9 6 0 1 0 0 7 1
13 27 3 2 8 13 1 3 10 12
11 1 10 1 0 11 3 19 6 9
6 4 5 1 0 7 4 5 6 0
1 13 2 11 10 11 8 0 10 7
5 15 3 10 4 12 3 7 0 14
1 5 4 1 9 5 10 4 11 5
11 18 7 21 9 5 10 6 10 2
0 2 3 5 2 2 8 1 10 3
13 21 5 10 2 9 24 2 7 3
4 5 6 1 3 8 6 2 8 2
1 6 1 0 5 4 0 9 3 2
6 17 20 11 0 0 7 16 7 11
2 4 2 3 2 7 2 4 1 3
4 1 11 6 5 2 1 13 12 1
9 7 3 2 1 19 12 24 16 3
1 5 4 3 4 2 3 1 1 4
2 3 7 3 2 2 1 7 1 3
2 3 8 3 16 8 9 11 23 11
14 10 12 6 17 5 4 14 15 16
4 7 5 13 17 5 2 8 4 7
17 7 2 10 1 24 4 5 1 4
3 3 2 2 6 4 1 2 0 8
5 8 5 2 4 5 3 4 1 4
6 3 2 1 1 5 6 1 1 4
14 5 3 4 3 4 5 3 21 1
1 21 20 23 8 3 7 9 3 0
3 3 4 1 8 2 6 0 6 4
8 0 11 2 1 1 6 10 6 10
2 7 3 6 10 7 17 11 13 8
8 10 15 13 7 3 7 4 7 8
4 9 4 7 8 5 2 3 14 21
0 3 5 4 7 7 3 4 0 1
16 2 4 17 17 7 17 2 3 0
3 0 5 0 11 5 9 0 1 3
12 9 6 7 15 4 7 22 6 12
10 6 6 4 1 16 7 6 8 24
13 1 6 3 5 9 1 0 1 2
12 5 13 12 10 15 1 7 3 6
10 9 6 8 0 10 10 4 2 4
1 2 8 29 10 7 1 4 5 6
6 0 3 5 1 11 1 8 4 3
24 4 9 7 2 11 6 8 1 24
16 10 10 11 6 15 0 9 13 17
10 3 12 1 3 2 9 5 3 3
16 17 8 20 6 7 21 6 2 3
10 14 14 15 7 0 21 3 7 1
0 0 5 9 3 2 5 2 8 5
2 13 9 1 3 3 7 3 5 1
4 3 2 5 1 8 1 1 3 2
2 14 9 5 5 9 7 9 4 3
6 2 14 1 8 7 4 3 6 3
12 10 14 6 5 1 3 1 2 7
1 17 4 24 13 0 18 1 1 3
11 5 17 12 17 5 3 20 10 5
3 12 2 12 5 5 2 3 16 1
7 1 3 0 3 0 6 4 4 2
2 5 1 6 1 9 1 10 6 6
8 9 11 2 11 13 3 8 1 20
12 13 4 7 2 8 5 22 4 10
4 6 9 6 12 16 17 6 3 11
2 6 4 10 1 17 16 0 7 13
4 9 1 8 5 7 19 16 6 13
22 4 13 1 7 9 7 7 13 15
1 6 4 3 18 4 1 15 9 18
4 6 4 1 5 6 5 1 10 2
12 4 8 9 2 5 6 7 0 6
4 1 6 5 7 9 0 7 2 15
6 3 11 8 0 3 2 11 17 0
20 6 5 26 1 0 3 1 1 0
11 2 3 5 1 3 11 6 7 0
8 10 6 10 4 12 3 16 2 12
1 17 5 13 0 2 8 10 12 1
11 9 3 9 3 3 6 5 9 2
14 8 18 0 1 11 12 2 6 2
21 14 3 4 8 3 5 5 3 5
7 4 5 8 4 7 11 3 2 3
3 3 4 3 9 4 2 8 5 8
8 3 12 9 4 3 2 3 8 2
1 6 4 2 2 4 1 4 0 5
0 3 5 9 4 4 2 2 4 4
10 1 20 7 18 2 15 3 13 6
6 2 4 7 6 10 4 1 6 0
14 11 11 7 9 17 15 3 7 4
7 4 4 5 1 12 7 4 7 8
0 5 12 10 2 8 3 20 4 1
10 9 16 2 1 8 20 5 13 16
2 2 8 15 24 11 13 2 11 7
1 17 6 6 2 0 14 3 7 6
5 1 8 0 3 0 14 4 4 1
6 6 2 4 7 3 4 2 2 2
0 3 20 18 13 13 5 6 1 6
4 11 4 1 7 12 12 8 3 7
7 8 5 6 3 10 9 2 8 4
3 8 3 1 1 1 8 4 6 5
4 4 5 8 3 1 12 12 7 12
8 7 6 6 11 15 3 17 7 0
4 3 3 13 8 4 9 22 14 13
5 0 1 1 4 3 10 1 2 4
3 1 5 1 3 4 8 1 4 0
8 5 5 4 0 6 1 9 6 9
2 7 0 5 0 1 6 3 6 7
17 10 18 15 1 2 17 7 9 12
9 14 3 12 8 17 15 10 7 18
9 4 1 9 5 3 3 2 12 5
8 15 22 19 4 7 6 6 10 3
0 7 0 6 1 0 7 6 5 7
15 12 9 3 3 11 3 5 9 5
11 5 3 22 3 5 6 7 1 15
7 7 0 4 12 0 9 7 1 6
7 0 15 16 3 5 21 13 9 12
6 5 13 0 9 8 3 9 20 10
4 2 12 4 11 9 8 4 7 15
10 4 5 1 1 6 9 2 2 2
7 3 15 4 7 13 1 1 2 6
7 4 3 1 2 7 2 0 0 5
9 16 14 5 5 12 21 6 2 9
16 10 8 8 7 0 2 11 10 1
1 7 6 3 6 5 2 2 3 2
5 5 15 6 0 8 4 2 0 0
6 1 7 0 8 3 7 8 5 10
3 5 1 0 12 19 15 3 2 1
7 7 3 9 10 6 0 3 2 6
26 17 11 2 3 16 1 10 2 7
7 6 5 2 4 17 5 12 19 10
12 7 2 4 5 13 12 10 10 9
3 7 7 9 7 2 7 10 10 12
3 4 5 1 11 7 1 0 11 6
2 2 7 23 6 8 4 8 17 15
11 14 1 5 3 8 19 16 15 1
4 3 8 0 1 3 4 14 14 4
0 2 5 10 5 4 6 1 4 4
1 5 11 13 2 4 13 11 5 2
11 14 2 1 6 2 10 18 1 26
7 3 1 4 2 23 19 10 13 16
2 5 0 4 11 4 5 3 2 3
17 0 16 3 5 6 21 17 2 15
17 8 5 9 11 3 15 7 7 2
8 10 3 5 14 6 7 9 6 4
9 4 11 4 8 7 6 1 1 7
6 14 1 9 9 2 4 9 8 17
13 9 7 1 6 0 2 19 2 6
3 5 1 8 5 12 4 0 5 8
8 2 1 8 14 17 3 5 14 20
1 0 1 7 1 5 3 3 5 6
1 3 10 5 7 9 6 1 6 10
21 2 1 5 6 7 5 3 17 4
7 18 3 4 0 18 8 3 14 5
7 3 16 9 13 18 7 14 13 5
3 5 4 6 1 4 16 29 7 5
4 4 11 4 1 3 12 0 5 7
4 1 2 4 10 6 16 8 7 1
5 4 2 2 5 5 8 0 1 3
0 5 8 22 9 16 9 10 1 5
2 5 0 1 2 9 0 0 0 0
7 7 4 8 2 2 2 1 0 3
3 5 14 16 1 7 10 0 6 4
1 10 8 1 5 10 8 6 10 6
4 5 1 2 6 16 3 5 3 9
5 16 5 0 2 9 9 9 12 10
10 4 3 2 11 0 1 12 2 4
3 3 0 0 2 16 6 3 1 1
13 11 7 11 3 16 9 8 5 0
3 6 11 1 9 1 5 9 3 9
14 12 7 3 1 0 4 15 0 7
12 8 4 3 14 4 1 6 1 9
6 1 10 5 16 3 4 6 4 13
3 9 6 13 4 10 2 10 7 4
2 3 2 5 2 1 3 6 1 4
1 0 9 8 5 3 2 4 14 4
8 8 13 4 10 17 5 11 9 4
2 6 4 8 7 8 2 7 2 0
9 15 12 5 20 2 4 9 2 8
12 0 1 7 16 4 12 4 15 26
6 6 5 5 6 2 3 5 5 8
5 1 1 1 3 0 2 1 11 1
2 1 2 4 2 10 1 4 1 1
20 8 9 16 11 8 15 0 15 6
8 0 6 4 1 7 3 0 3 0
2 9 7 13 3 7 11 2 3 9
6 10 2 2 8 1 15 1 2 5
2 5 17 9 8 15 20 6 1 15
13 3 14 1 8 3 18 2 4 21
10 7 13 2 5 16 7 20 18 15
2 11 27 11 11 5 3 9 4 18
8 2 17 2 4 10 7 9 4 9
10 10 1 21 4 9 3 2 8 3
5 16 3 12 7 17 1 12 5 7
7 18 8 3 9 4 3 9 15 2
2 8 7 4 6 7 4 1 2 2
4 6 0 1 7 13 1 2 6 6
1 12 5 19 2 2 20 1 17 10
20 3 1 23 0 9 6 4 2 1
4 8 2 5 15 6 9 10 7 4
9 0 1 3 4 0 9 5 6 2
3 11 3 10 3 13 1 0 16 13
5 26 2 12 7 5 9 3 11 10
4 4 2 6 12 3 2 0 0 1
4 2 3 6 7 4 13 3 1 1
6 4 1 1 0 4 4 4 6 5
6 2 11 1 12 2 13 0 2 8
4 2 17 2 7 5 3 8 12 17
15 6 4 1 4 6 12 7 4 4
1 13 3 10 24 19 2 10 3 1
5 1 8 12 0 14 6 0 1 2
9 1 11 10 1 1 11 9 7 15
11 6 25 10 15 3 11 2 4 16
4 8 30 5 6 0 5 9 1 2
19 1 4 13 4 4 12 5 1 4
1 4 1 17 2 4 8 8 17 4
0 3 7 6 5 2 5 1 1 7
1 11 3 5 6 11 1 6 3 4
5 0 19 7 3 3 4 10 3 3
7 2 8 8 5 3 9 28 7 8
3 18 3 1 21 3 10 13 14 5
13 2 3 5 1 14 5 8 12 4
5 14 7 4 10 7 11 21 17 5
4 4 4 7 11 10 2 3 11 2
2 4 5 1 3 0 1 10 3 3
19 15 1 7 0 3 8 19 1 1
2 22 7 2 11 16 15 3 5 2
3 4 1 1 5 4 5 5 4 8
10 18 4 10 15 8 0 22 4 3
5 3 6 1 1 0 10 5 3 3
19 0 10 1 5 19 4 17 0 7
10 6 15 4 10 12 13 8 10 4
8 9 1 4 13 16 3 5 2 1
2 3 10 1 3 1 1 8 4 1
9 7 23 17 3 17 5 11 9 6
8 0 0 13 4 3 3 8 2 6
1 3 2 3 14 2 7 2 5 13
1 7 7 5 4 3 14 4 9 1
3 1 3 10 3 14 0 2 9 3
1 0 5 3 2 5 7 1 0 2
7 9 8 5 1 14 6 4 2 9
2 3 5 7 1 4 2 1 1 0
2 5 11 16 1 12 13 1 7 6
3 2 3 5 11 3 5 3 3 12
2 14 1 1 4 20 3 17 10 11
0 8 9 2 5 8 9 9 1 11
3 10 8 0 4 3 4 5 7 19
1 2 1 4 5 2 3 8 3 7
8 9 1 0 13 19 5 14 22 8
6 0 1 3 0 1 19 2 8 3
4 5 2 1 2 6 10 0 9 5
13 6 6 0 5 13 4 10 6 4
9 6 5 7 10 1 1 13 0 2
9 5 5 2 10 2 3 1 5 5
2 3 9 8 10 2 23 15 1 14
14 6 1 3 13 7 10 13 16 6
2 1 12 7 8 3 2 2 14 19
0 1 7 1 7 3 2 3 4 2
17 11 13 13 6 1 9 6 19 7
14 4 6 4 19 8 16 18 7 4
1 11 6 18 5 2 15 3 5 10
7 4 26 4 6 12 14 12 7 4
4 3 3 2 1 8 6 2 1 2
1 1 10 2 8 7 15 10 9 9
5 9 0 8 0 12 1 0 4 4
5 0 15 2 11 2 5 1 5 4
3 3 3 7 2 7 0 1 0 1
14 20 13 17 1 19 1 0 10 1
7 8 2 22 19 10 1 4 9 3
6 16 3 17 7 11 7 14 5 5
5 4 20 5 3 5 7 2 2 6
3 6 0 6 16 1 1 16 1 13
14 11 6 3 8 22 11 17 3 5
12 3 12 14 6 11 5 4 8 7
8 11 23 6 8 13 4 13 3 2
4 10 18 10 7 10 1 6 3 10
5 1 21 5 1 13 5 8 4 3
11 10 3 23 3 13 7 18 2 3
18 11 12 2 0 8 9 5 17 16
2 28 0 8 11 13 11 11 2 5
17 3 11 3 8 14 12 18 6 8
6 6 9 0 3 8 2 29 6 14
3 4 5 1 4 7 7 5 6 0
8 8 1 2 7 1 3 4 2 0
6 5 9 3 12 7 2 16 6 0
14 3 4 9 2 4 3 0 5 10
3 16 12 4 17 7 8 0 22 1
27 3 1 1 9 6 14 10 3 19
13 8 9 5 1 6 6 11 11 2
8 1 7 7 4 8 1 2 11 2
7 2 17 3 8 7 4 22 21 11
2 8 1 2 5 4 3 5 3 2
3 2 9 2 2 0 2 2 1 1
5 9 3 11 7 11 6 10 5 8
5 2 2 7 2 12 18 4 10 0
1 4 2 2 2 3 7 3 6 1
13 4 4 2 5 12 1 0 7 4
3 11 6 0 7 13 1 2 7 8
14 13 3 1 9 16 2 8 10 7
3 2 5 2 3 0 5 3 4 4
1 2 2 6 2 2 2 4 1 10
21 18 20 4 4 9 9 8 2 2
5 1 3 2 4 4 1 3 5 2
4 3 7 4 2 0 2 2 7 3
4 6 1 20 2 4 6 13 5 8
8 3 6 20 1 1 0 1 5 2
2 3 3 5 1 6 4 4 11 2
8 8 7 2 6 2 2 5 8 3
5 14 1 3 9 4 24 8 11 16
8 3 0 8 14 1 22 1 2 6
8 13 10 19 9 13 2 5 19 5
16 2 5 3 20 15 3 1 13 0
1 2 2 3 6 2 18 9 1 19
2 4 26 7 4 13 7 16 6 3
6 2 2 1 0 4 1 0 11 8
7 4 11 23 11 13 13 7 3 5
0 5 4 10 1 7 5 0 6 5
22 19 3 6 2 16 8 11 15 1
10 7 5 16 2 9 15 5 7 10
5 2 10 9 8 1 12 12 1 6
4 5 7 1 2 1 5 7 6 3
4 1 2 16 1 17 10 7 6 13
3 2 10 0 6 30 13 4 1 10
10 1 8 4 13 10 0 8 6 1
1 2 10 4 4 3 7 1 18 20
0 3 1 1 1 11 4 1 2 1
8 5 26 2 3 7 10 6 2 1
8 1 4 1 2 1 1 6 2 3
2 8 6 1 7 10 7 5 1 1
16 7 3 2 2 7 7 12 7 2
2 4 3 12 9 1 4 2 11 0
4 1 5 2 3 11 8 0 2 3
7 1 2 3 2 6 4 4 1 3
2 8 18 7 9 8 1 11 4 1
8 0 1 6 4 6 1 2 7 17
19 19 11 10 20 2 7 7 10 8
1 4 1 14 7 7 2 11 5 17
3 2 3 12 0 1 3 3 5 8
3 3 13 4 14 21 2 14 17 11
1 2 2 7 2 6 5 6 3 4
2 5 4 7 7 1 4 3 2 6
14 2 8 2 4 1 4 6 1 1
2 16 2 1 9 13 7 12 1 1
1 4 1 2 5 2 10 5 6 6
2 9 3 3 2 10 5 6 11 0
2 13 4 13 12 5 4 5 2 4
2 7 10 8 8 5 4 12 14 16
18 12 11 1 8 12 1 18 3 6
2 6 3 14 11 0 13 8 0 5
2 1 7 2 3 7 3 0 4 5
2 2 5 4 6 2 1 2 1 1
13 12 2 0 3 2 6 15 19 13
2 2 4 4 1 5 3 3 3 6
0 11 4 9 22 8 19 1 19 1
2 15 3 4 6 15 3 0 2 7
4 9 15 6 1 1 2 7 1 2
11 7 4 0 25 8 10 16 4 1
22 9 14 8 18 2 6 0 10 10
11 0 11 9 6 13 8 8 14 3
15 7 1 3 11 2 24 15 12 11
3 9 12 2 10 14 1 4 9 3
5 16 11 9 15 6 8 22 15 0
9 4 8 1 4 6 2 10 2 3
2 4 4 5 3 9 8 6 9 1
1 0 5 4 3 14 3 4 3 14
6 4 14 4 0 1 11 7 3 6
7 5 6 6 8 0 4 3 5 1
3 0 2 5 4 1 4 1 8 6
9 1 12 5 9 14 2 2 5 13
3 8 0 8 1 0 4 1 4 3
13 5 15 7 5 0 2 13 13 16
3 6 9 15 8 13 11 16 8 0
7 7 10 9 1 3 8 3 8 1
14 18 11 23 4 13 9 4 4 2
5 2 8 9 7 1 1 5 6 4
3 4 6 12 2 11 9 9 1 3
1 4 21 9 14 4 5 3 1 9
6 8 10 3 6 6 14 4 16 7
0 9 7 7 0 5 5 1 1 3
2 2 1 0 11 4 6 5 4 4
16 14 13 14 3 10 9 5 8 12
0 5 1 1 3 2 6 8 5 2
1 19
1 37
1 68
1 91
3 9
3 31
4 22
4 31
4 60
4 62
6 91
7 54
7 57
7 105
8 21
8 39
8 78
8 92
8 108
9 27
9 29
10 33
10 38
10 65
10 101
11 53
11 66
12 34
12 54
12 97
13 14
13 19
13 65
13 85
14 28
15 51
15 57
15 77
15 93
15 108
15 113
16 35
16 57
16 113
17 29
17 47
17 69
18 57
18 111
19 27
19 51
19 91
20 67
20 106
20 109
21 110
21 119
22 29
22 67
22 102
22 112
22 116
22 121
23 119
24 25
24 36
24 97
24 111
24 123
25 109
26 80
27 42
27 85
27 118
28 58
28 107
28 116
29 46
29 109
30 37
30 72
30 130
31 38
31 66
31 80
32 50
32 59
32 112
33 67
33 72
33 128
34 50
34 63
34 105
34 106
35 63
35 87
35 113
36 47
36 70
36 82
36 83
36 118
37 42
37 93
37 111
37 136
38 39
38 56
38 81
39 48
39 130
39 134
40 130
41 141
42 104
43 114
43 118
43 134
44 49
44 92
45 74
45 76
46 123
47 84
47 95
47 134
48 50
48 67
48 118
49 95
50 74
50 83
50 97
50 113
51 71
51 84
52 65
52 119
52 126
52 133
52 149
53 63
53 139
53 149
53 151
54 60
54 71
55 107
55 124
55 142
56 89
56 102
56 122
56 129
58 66
58 98
58 148
58 158
59 142
61 65
61 76
64 67
64 125
64 143
65 87
65 128
66 79
66 89
66 139
66 142
67 117
68 70
68 78
68 121
68 124
70 105
70 149
71 118
71 133
71 134
72 117
72 139
72 172
73 103
73 171
75 104
75 137
76 106
76 146
77 87
77 94
77 111
77 160
77 169
78 86
78 134
78 155
79 82
79 145
80 152
81 135
81 145
81 149
81 176
82 85
82 95
82 126
83 110
83 134
83 158
84 96
84 116
84 132
84 159
84 177
85 108
86 120
86 143
86 151
87 113
88 92
89 142
91 127
91 150
92 98
92 116
92 182
94 151
94 177
95 124
95 125
95 173
95 177
95 179
96 132
96 158
97 110
98 146
99 105
99 155
99 159
99 160
99 194
100 125
101 138
101 169
101 177
101 181
102 163
103 108
103 124
103 125
103 135
103 152
103 184
104 124
104 134
104 150
104 184
104 190
104 197
105 144
105 173
105 201
106 124
106 156
106 173
106 206
107 129
107 130
107 140
107 155
107 188
108 113
108 176
108 178
108 203
109 158
109 206
110 121
110 165
111 137
111 199
111 206
112 133
113 160
113 161
113 186
115 142
115 148
115 192
116 130
116 140
116 201
117 162
117 166
118 130
118 180
119 151
120 207
120 214
121 156
121 201
121 204
122 196
122 209
123 134
123 189
123 204
123 219
124 128
124 146
125 207
125 212
126 157
126 181
127 225
127 227
128 179
128 197
129 134
129 174
129 183
131 135
131 142
131 177
131 217
132 143
132 167
133 145
133 159
133 160
133 161
133 171
133 202
133 221
133 224
134 154
134 212
135 228
135 229
136 144
136 215
136 219
136 232
137 199
137 214
137 231
138 184
139 144
139 182
139 188
140 152
140 153
140 180
140 192
140 220
141 142
144 147
144 152
144 159
144 164
144 168
144 235
145 196
145 197
146 156
146 161
146 171
146 212
146 243
147 208
147 234
147 239
147 246
148 161
149 176
149 232
150 191
150 205
151 166
151 177
151 209
151 211
151 220
151 225
151 232
151 237
152 173
152 191
152 206
152 239
152 246
153 242
154 202
155 190
156 229
157 174
157 190
157 197
157 217
158 177
158 210
159 190
159 217
159 255
160 205
161 220
161 237
162 165
163 213
164 248
165 174
165 186
165 217
166 180
166 199
167 265
167 267
168 170
168 222
169 209
171 251
171 270
172 193
172 215
172 253
172 272
174 175
174 188
174 245
175 217
175 244
175 254
176 258
176 263
176 269
177 195
177 209
177 211
177 245
177 256
177 275
178 221
179 249
179 251
179 269
180 195
180 215
180 218
180 238
180 249
180 251
180 257
181 222
181 258
181 264
182 184
182 278
183 267
184 222
184 249
184 263
184 265
185 188
185 192
185 220
185 227
185 261
185 269
186 271
187 194
187 216
187 242
187 247
187 277
188 221
188 232
189 197
189 209
189 226
189 283
190 197
190 232
190 282
191 233
191 256
191 265
191 289
192 214
192 216
192 246
192 251
192 291
193 196
193 219
193 220
193 222
193 239
193 247
196 290
197 229
197 279
198 205
198 258
199 273
201 257
201 278
202 265
202 285
203 207
203 260
203 274
203 286
204 215
204 234
204 295
205 216
205 224
205 226
205 295
206 238
206 256
209 278
209 290
209 299
210 218
210 236
210 252
211 251
211 257
211 272
212 289
213 218
213 237
213 261
214 227
215 263
215 267
215 275
216 280
216 297
217 294
217 296
217 310
218 245
218 286
218 294
218 301
219 305
220 269
220 288
220 295
220 301
221 248
221 276
221 300
221 307
222 225
222 239
222 251
222 275
222 287
222 302
223 245
224 273
224 294
224 301
225 235
225 252
225 274
226 278
227 270
227 285
227 320
228 238
228 261
228 268
228 302
228 312
230 275
230 295
231 274
231 279
231 283
231 288
231 301
232 272
232 276
232 279
232 292
233 288
234 301
234 303
235 290
235 305
237 252
237 273
237 317
238 244
238 264
238 267
238 275
238 331
239 271
239 286
239 297
239 311
240 278
241 306
242 317
243 255
243 288
243 306
243 324
244 264
245 338
246 247
246 287
247 277
247 280
247 296
247 343
248 294
248 334
248 341
250 298
250 314
251 350
252 257
252 261
252 270
252 303
252 348
253 303
253 315
253 340
254 305
254 307
255 262
255 297
255 298
255 343
257 284
257 287
257 290
257 317
257 330
257 340
257 349
257 351
257 356
258 291
258 319
258 332
259 264
259 265
260 267
260 278
260 279
260 280
260 285
262 362
263 271
263 286
263 288
263 294
264 296
264 324
264 326
264 340
264 344
264 358
265 293
265 328
266 349
267 271
267 280
268 354
269 289
269 319
269 357
270 314
270 319
270 323
271 311
272 323
272 369
273 369
274 284
274 309
275 280
275 284
276 325
277 302
277 313
277 334
277 358
278 289
278 292
278 317
278 326
278 334
279 337
279 348
280 311
280 324
280 370
281 325
281 338
282 297
282 354
282 360
282 375
283 321
283 350
284 291
284 380
285 291
285 325
286 289
287 289
287 311
287 378
288 299
288 377
289 318
289 351
289 358
289 374
290 298
291 309
292 306
292 338
292 356
292 371
293 333
293 345
293 384
294 341
294 358
294 361
295 331
295 352
296 308
296 342
298 319
298 333
298 347
298 389
299 355
299 388
299 398
300 377
300 378
301 310
302 322
302 357
303 305
303 335
303 351
303 358
304 362
304 377
305 391
305 403
306 352
306 354
308 310
308 318
308 338
308 395
309 338
309 355
310 312
310 325
310 394
311 363
312 315
312 329
312 339
312 343
313 326
313 331
313 334
313 361
313 384
314 328
314 366
315 357
315 388
316 357
316 359
316 403
317 331
317 338
317 365
317 389
318 358
318 368
319 329
319 376
319 403
320 325
320 333
320 390
320 397
321 399
322 360
323 359
324 363
324 419
325 350
325 353
325 355
325 358
325 412
326 350
326 378
326 394
326 419
327 349
327 378
327 385
327 397
327 398
328 357
328 360
328 410
328 414
328 417
328 422
329 341
329 383
329 390
330 411
330 420
331 348
331 349
331 354
331 424
332 368
333 342
333 348
334 355
334 372
334 400
334 422
336 348
336 349
336 377
336 381
336 386
337 342
337 352
337 418
338 350
338 394
338 426
339 376
339 418
340 354
340 371
340 372
340 440
341 358
341 393
341 398
341 411
341 424
343 416
343 425
343 432
345 397
346 366
346 424
346 430
347 393
348 379
348 427
349 394
349 409
349 439
349 446
350 409
350 417
350 428
350 450
351 394
352 363
352 366
352 396
353 366
353 418
353 439
354 380
354 443
355 382
355 451
356 357
356 365
357 421
358 370
358 398
358 406
358 419
359 453
359 458
360 364
360 386
360 446
361 415
361 419
362 425
363 400
363 418
363 425
363 444
365 401
365 413
365 432
365 442
365 461
366 378
366 449
367 420
367 438
367 464
368 427
368 461
370 383
370 410
370 434
371 421
371 465
372 440
373 392
373 411
374 386
374 439
374 441
375 422
375 427
375 430
376 423
376 443
376 456
376 458
377 385
377 422
377 443
378 452
379 397
379 449
379 467
380 444
381 454
382 422
382 437
383 436
384 408
384 432
384 435
385 441
385 480
386 442
387 396
387 441
387 466
388 435
388 443
388 455
388 462
389 404
389 460
390 423
392 404
392 419
393 424
393 442
393 447
393 458
394 436
395 483
395 489
396 445
396 453
396 457
397 442
397 455
397 471
398 417
398 419
398 432
399 444
400 460
401 417
401 471
402 471
402 482
404 429
404 486
405 409
405 424
405 475
405 502
406 420
406 426
406 438
406 500
408 436
408 441
408 444
408 463
409 424
409 467
409 491
410 429
410 483
410 495
411 458
411 499
412 460
412 484
413 509
414 478
415 472
415 477
416 417
416 418
416 419
416 429
416 469
417 470
417 484
418 437
418 441
418 483
418 509
419 462
419 475
419 478
420 464
421 479
421 514
422 455
422 499
422 515
422 518
423 485
424 458
424 475
424 512
425 453
425 455
425 474
425 489
425 493
425 506
426 438
427 480
427 508
427 525
428 493
429 441
429 450
429 514
430 463
430 501
430 513
431 435
432 448
432 472
433 439
433 442
434 458
434 500
435 439
435 458
435 477
435 493
435 496
436 465
436 491
436 530
437 445
437 531
437 533
438 453
438 506
438 518
438 528
439 494
440 451
440 500
440 513
441 457
441 476
441 489
442 489
442 510
442 528
443 463
443 522
444 461
444 514
444 532
445 447
445 456
445 464
445 511
445 520
446 483
446 516
446 528
447 472
448 511
448 542
449 489
449 528
449 535
450 504
450 521
450 522
451 463
451 467
451 498
451 550
452 488
452 520
452 543
453 488
453 524
453 533
454 476
454 480
454 485
454 537
454 552
455 474
456 468
456 550
458 475
458 539
458 540
458 542
459 470
459 536
460 471
460 477
460 523
460 540
461 475
461 481
461 530
461 531
461 547
461 550
462 493
462 520
462 553
463 525
464 524
465 468
465 519
465 525
465 542
465 556
466 471
466 533
467 500
467 510
467 550
467 563
468 498
468 500
468 515
468 537
468 541
468 549
469 471
469 509
469 531
469 535
469 547
469 560
470 502
470 511
471 570
472 475
472 556
473 496
473 506
473 510
473 512
473 556
473 568
474 488
474 502
474 539
474 564
474 567
475 546
476 519
476 548
476 561
477 484
477 518
477 556
478 482
478 551
479 532
479 537
479 574
480 486
480 574
481 535
482 501
482 503
482 516
483 511
483 521
483 556
483 559
484 517
484 574
485 510
485 520
485 533
485 534
485 563
486 566
487 515
487 541
487 584
488 494
488 530
488 545
488 567
488 588
489 523
489 541
489 579
489 585
490 528
490 578
491 517
491 578
491 587
492 579
493 522
493 553
493 561
493 574
493 582
494 512
494 570
495 505
495 537
495 584
495 592
496 505
496 509
496 520
496 525
496 536
498 506
498 556
498 574
499 504
499 549
499 574
500 511
500 550
500 558
500 590
501 585
502 527
503 532
503 537
503 559
503 582
504 524
504 540
504 550
504 561
504 573
504 584
505 531
505 579
505 581
505 592
506 589
506 601
507 514
507 523
508 516
508 517
509 522
509 607
510 525
510 544
510 575
511 517
512 565
513 587
513 613
514 607
515 576
516 544
516 554
516 569
516 573
516 612
518 549
518 594
518 599
519 549
519 591
520 595
520 619
521 536
521 571
521 590
521 592
522 534
522 566
522 574
522 616
522 621
523 547
523 591
523 606
524 584
525 548
525 585
525 599
526 571
526 617
527 568
527 610
527 624
528 542
529 531
530 614
530 615
530 616
531 545
531 578
532 543
532 566
532 593
533 540
533 547
533 574
533 598
533 630
534 535
534 565
535 551
535 597
535 599
536 581
536 598
536 607
536 619
537 569
537 590
537 592
537 609
537 621
538 623
539 583
539 633
540 580
540 622
540 625
541 547
541 616
542 550
542 604
542 618
543 546
543 600
543 634
544 639
545 549
545 595
545 612
545 621
546 566
546 624
546 627
547 560
547 569
547 613
548 576
548 606
549 559
549 584
549 586
550 637
552 585
552 633
553 580
553 607
553 639
554 624
554 629
554 635
555 564
555 570
555 598
555 608
555 650
556 612
556 637
556 640
557 648
558 574
558 575
558 583
558 614
558 635
559 600
559 626
561 589
561 593
561 620
562 626
563 596
563 631
564 621
564 638
564 661
565 593
565 628
565 652
566 600
566 618
566 642
567 628
567 658
569 584
569 591
570 592
571 620
571 634
571 658
573 589
573 593
573 619
573 622
573 642
573 648
574 578
574 651
576 607
576 628
576 667
577 630
577 643
578 579
578 591
578 610
578 627
579 613
579 625
580 616
580 642
580 649
580 658
580 663
581 653
582 595
582 658
583 641
584 599
585 626
585 628
585 660
586 593
586 615
586 632
586 649
587 630
587 656
588 672
588 682
589 639
589 664
590 631
590 638
591 595
591 636
591 648
592 644
592 659
593 615
593 628
593 686
594 643
594 691
595 669
595 679
595 682
596 612
596 659
596 675
596 682
597 619
597 633
598 605
598 629
598 671
599 622
599 698
600 623
600 690
601 661
601 688
602 604
602 624
602 661
602 676
602 690
603 604
603 626
603 665
603 679
604 621
604 629
604 650
604 698
605 628
605 672
606 634
606 645
606 648
606 658
606 679
607 626
607 702
608 642
608 655
608 694
609 703
610 700
611 704
612 630
612 674
613 625
614 671
614 672
614 679
615 660
615 667
616 640
616 669
617 659
618 627
618 637
618 640
618 677
618 692
618 694
619 705
620 636
620 643
620 693
620 706
621 634
621 655
621 686
621 691
621 696
622 638
623 656
623 682
623 697
624 672
624 707
624 709
624 714
625 635
625 672
627 727
628 650
628 679
628 682
628 684
628 698
628 712
629 681
629 710
629 723
630 643
630 654
630 680
630 720
632 658
632 709
633 636
633 643
633 686
634 654
634 659
634 661
634 709
634 723
635 642
635 698
636 659
636 734
637 644
637 648
637 650
637 670
637 729
638 645
638 667
639 644
639 649
639 656
639 738
641 678
641 684
642 667
642 692
642 704
642 738
642 741
643 689
643 703
644 679
644 699
645 652
645 653
645 682
646 665
646 666
646 680
646 720
646 735
647 711
648 701
648 727
649 658
649 719
650 735
651 695
651 717
651 730
652 659
652 689
652 702
652 746
653 744
654 657
654 689
655 683
655 724
655 741
656 671
656 700
656 739
658 663
658 667
659 692
659 700
660 711
660 719
661 753
662 680
662 694
662 720
662 761
663 679
663 710
664 699
664 752
665 694
666 671
666 681
666 751
667 672
668 681
669 680
669 691
669 764
670 680
670 701
670 722
670 723
671 693
671 732
672 695
673 705
673 714
674 687
674 745
675 710
676 705
676 763
677 752
678 686
679 731
679 738
680 745
680 774
681 739
682 732
682 733
682 751
683 687
683 691
683 710
683 776
685 702
685 719
685 756
685 780
686 696
686 717
686 739
686 749
688 713
688 721
689 708
689 764
690 697
690 715
690 754
690 786
691 727
691 731
692 726
693 710
693 715
693 743
693 788
694 732
694 738
694 758
694 761
695 711
695 746
695 781
696 718
696 763
696 781
696 791
696 796
697 796
698 717
698 725
698 785
698 792
699 703
699 728
699 735
699 769
700 715
702 725
702 751
702 755
702 779
703 769
704 743
704 785
705 777
706 757
706 805
707 731
707 739
707 747
707 776
708 709
709 731
709 737
709 781
709 787
710 749
710 783
710 791
711 729
711 773
711 775
711 804
712 745
712 770
713 737
713 749
713 808
714 717
714 735
714 760
715 783
716 749
716 793
716 807
717 752
717 788
718 728
719 720
719 735
719 748
719 812
719 814
720 746
720 784
720 791
720 812
721 765
721 816
722 745
722 812
723 728
723 732
724 770
724 795
724 804
725 726
725 733
725 741
725 746
725 792
725 799
725 824
726 737
726 750
726 808
726 815
727 826
728 800
728 823
729 734
730 775
730 800
730 803
730 828
731 737
731 789
731 790
732 743
732 747
732 831
733 774
734 741
734 742
734 747
734 795
734 825
735 801
735 820
736 750
737 801
737 803
738 741
738 759
739 750
739 794
739 820
740 777
740 789
740 816
741 798
741 805
743 783
743 804
744 787
744 807
745 759
745 768
745 838
746 800
747 757
748 760
748 781
749 771
749 818
750 763
750 804
752 803
752 847
753 763
753 778
753 840
754 763
754 781
755 832
756 778
756 798
756 804
756 807
756 813
756 816
757 826
757 855
758 789
758 845
758 851
759 812
760 783
760 834
761 813
762 768
764 788
764 792
764 806
764 852
765 784
765 813
765 822
765 846
765 857
766 769
766 799
766 830
767 792
767 852
768 773
768 776
768 798
769 826
770 772
770 837
770 865
771 788
771 789
771 813
771 858
772 793
773 815
774 790
774 820
774 826
775 794
775 805
775 842
776 789
776 795
778 805
779 798
779 807
779 816
779 829
779 850
779 864
780 796
781 800
781 813
781 817
781 825
781 832
781 833
782 785
783 784
783 827
783 838
783 849
783 861
784 823
784 866
785 797
785 880
786 823
788 818
788 871
788 880
789 793
789 844
789 872
790 804
791 839
791 866
791 877
792 818
792 838
792 848
793 812
793 885
794 828
794 836
794 850
794 851
794 866
795 819
797 809
797 833
797 841
797 858
797 884
798 807
798 841
798 845
798 848
798 852
798 898
799 812
799 873
799 881
800 874
800 894
801 808
801 830
801 840
801 846
801 886
802 830
802 851
802 886
802 890
802 895
802 896
802 902
803 805
803 824
803 856
803 860
804 869
804 878
804 883
804 896
805 840
805 877
805 903
806 807
806 816
807 835
808 852
808 867
808 874
809 877
809 903
810 854
810 873
810 884
810 901
811 866
812 837
812 851
812 860
812 866
812 908
813 839
813 874
813 882
814 829
814 838
814 880
814 888
816 830
816 915
817 835
817 837
817 860
817 900
818 857
818 870
818 890
818 891
818 904
819 878
819 879
819 905
819 909
821 855
822 868
822 875
823 882
824 862
824 886
824 911
824 912
824 915
825 882
826 868
826 892
826 913
827 860
827 900
828 838
828 919
829 837
829 871
829 916
830 843
830 845
830 879
831 836
831 877
831 896
832 873
832 897
833 842
833 868
833 906
833 925
834 854
835 878
835 889
835 893
836 877
836 898
836 902
837 841
837 853
837 894
837 897
837 903
839 875
840 854
840 930
840 938
841 863
842 872
842 920
842 931
842 942
843 917
844 904
844 919
845 892
845 927
846 864
846 934
847 861
847 888
847 906
847 934
848 865
848 909
849 853
849 863
849 892
849 914
850 863
850 864
850 869
850 887
850 944
851 899
851 950
852 866
852 891
852 913
853 859
853 890
853 919
853 932
854 859
854 902
854 904
854 942
854 945
855 953
856 857
856 865
856 882
856 904
856 933
857 869
857 870
857 922
857 925
857 955
858 878
858 914
859 873
859 917
859 937
860 920
861 896
861 949
862 877
862 881
862 882
863 946
863 952
864 874
864 902
864 935
865 908
866 877
866 940
867 920
867 950
867 960
868 920
868 928
869 880
869 959
870 883
870 894
870 930
870 960
871 918
872 888
872 951
873 894
873 917
873 942
874 961
875 890
875 959
875 965
876 881
876 891
876 921
877 909
877 916
877 926
877 931
878 935
878 956
878 961
880 886
880 897
880 956
880 977
881 905
881 909
881 914
881 930
881 933
881 967
882 885
882 922
883 964
884 975
885 948
886 904
887 932
887 943
888 927
888 976
888 980
889 900
889 930
889 989
890 951
891 909
891 924
891 940
892 953
893 956
893 983
893 990
894 921
894 947
894 985
895 938
895 941
895 966
896 909
896 936
896 992
897 972
897 973
898 900
898 925
898 950
898 974
898 989
898 995
899 942
899 946
899 947
899 959
900 904
900 913
900 993
901 945
901 952
901 978
901 980
902 934
903 917
903 921
903 923
903 961
903 997
904 932
905 947
906 917
906 922
906 934
906 968
906 984
906 994
907 978
908 921
908 987
908 988
909 970
910 947
910 964
910 985
911 969
911 988
911 991
912 914
912 932
913 926
913 947
913 987
913 988
913 999
914 948
914 956
914 971
915 941
915 946
915 971
916 923
916 956
916 963
917 953
917 956
917 961
917 966
917 984
918 973
918 986
919 949
919 963
919 998
920 962
920 963
921 934
921 973
921 989
922 932
923 948
925 942
925 952
926 928
926 996
927 957
928 941
928 961
928 963
929 954
929 978
930 952
930 966
930 982
931 938
931 943
931 958
931 962
931 994
933 936
933 972
934 962
934 987
934 992
935 980
937 941
937 956
939 992
940 961
940 999
941 967
941 969
941 982
941 984
942 957
942 979
942 980
943 962
943 984
943 985
944 956
944 969
945 951
945 980
945 988
946 976
947 955
947 996
948 964
948 968
948 981
950 960
951 981
954 956
957 986
960 979
960 982
960 993
960 995
962 970
962 996
963 986
964 975
967 971
967 981
967 982
968 995
968 999
969 983
970 988
971 990
973 1000
976 992
977 991
978 980
978 983
979 999
983 994
992 993
7 6 8 5 2 7 1 17 0 2
9 6 3 8 23 13 13 5 33 3
5 41 5 18 13 11 5 7 2 16
20 2 16 19 23 21 8 10 1 12
3 26 5 3 10 5 2 18 3 11
32 18 29 1 8 16 8 14 6 1
1 8 0 3 12 13 10 18 13 16
7 8 8 4 4 11 6 11 3 1
7 14 15 6 14 4 7 10 7 2
13 9 15 10 2 1 2 21 10 11
9 18 4 6 3 13 13 3 4 17
8 8 2 8 9 16 5 5 4 6
14 9 0 0 10 14 6 6 9 14
19 4 4 2 11 10 10 13 16 14
1 2 8 0 3 14 5 6 20 9
6 36 4 33 18 3 6 6 15 22
8 5 3 5 22 15 25 3 3 16
1 5 10 13 11 19 5 29 16 38
4 31 8 43 9 6 15 6 2 13
3 3 12 4 3 24 15 11 11 6
18 8 7 6 12 13 16 14 9 11 11 8 17 11 15 8 11 4 5 9
8 1 2 4 6 5 6 3 1 2 3 1 7 4 9 1 5 2 2 2
61 19 37 21 51 33 30 48 39 43 37 40 30 17 38 29 27 25 39 32
29 21 11 12 21 18 22 22 17 9 14 20 20 15 31 12 23 12 13 23
52 37 36 18 52 28 37 44 37 28 42 45 45 31 42 34 45 19 38 28
28 15 12 3 31 17 29 21 15 24 21 21 30 20 34 14 19 14 5 20
54 26 33 23 46 29 24 41 38 36 28 41 29 17 26 29 28 16 31 18
25 10 16 7 21 9 22 16 6 17 17 15 16 10 25 12 13 13 14 17
28 12 21 22 26 17 12 21 16 16 18 21 21 11 31 15 24 15 19 14
3 1 1 5 1 1 1 1 1 1 1 1 1 3 6 1 4 3 1 4
30 10 2 11 8 19 5 25 9 8 10 10 7 9 25 1 9 3 4 22
19 16 12 8 21 8 17 11 8 15 15 18 24 18 24 19 21 9 10 10
48 17 32 7 40 22 35 39 19 33 34 34 33 24 41 25 18 29 31 30
13 9 7 6 9 4 15 7 5 8 11 8 11 7 23 10 12 10 7 14
24 10 18 11 24 11 19 20 13 8 15 14 9 6 25 11 18 16 19 18
47 38 35 25 33 25 29 43 41 31 41 36 32 25 53 42 36 19 45 43
19 9 7 11 9 10 5 13 8 6 9 10 6 3 6 3 10 1 8 6
34 14 18 19 28 21 15 27 24 20 8 25 13 7 24 14 11 15 13 16
44 26 24 12 33 38 31 42 36 35 45 38 45 31 50 28 28 16 32 39
35 31 27 10 30 22 28 34 39 20 26 27 27 18 38 34 27 15 34 27
51 42 42 29 44 31 38 45 48 34 36 47 44 26 60 49 38 34 38 41
23 15 19 12 21 11 12 18 19 25 23 18 22 11 37 26 17 12 23 22
6 9 5 6 5 4 12 4 3 4 10 10 12 7 9 7 11 4 3 4
12 8 2 1 7 14 8 12 10 5 1 5 4 2 15 2 1 6 3 12
20 4 4 1 13 3 7 8 9 18 9 4 8 4 10 11 6 1 10 2
5 1 1 1 1 6 2 4 1 1 2 1 3 1 6 1 1 1 1 1
24 11 20 7 28 11 23 20 17 9 15 18 15 5 18 16 19 12 20 12
50 24 14 12 30 30 34 43 31 41 28 28 33 35 47 18 21 22 24 38
12 1 6 8 11 4 1 4 3 7 3 5 5 1 4 1 4 1 6 1
18 5 7 11 13 11 9 10 6 14 1 8 15 11 19 7 7 10 1 10
34 32 14 22 15 24 19 33 22 17 26 28 30 26 45 15 32 11 14 35
6 1 1 1 5 1 4 1 4 9 1 2 4 1 1 4 1 1 1 1
13 7 7 8 9 3 8 5 4 10 7 12 13 5 16 8 10 10 3 5
34 23 34 23 35 21 29 32 23 15 38 35 36 19 38 25 40 12 33 26
19 1 12 13 12 9 5 12 7 9 12 10 8 1 8 1 11 4 12 5
40 28 14 21 32 26 27 32 22 18 13 29 25 24 36 9 24 12 15 29
22 10 1 1 12 17 13 18 14 14 15 7 14 8 22 5 10 2 4 16
11 9 10 1 13 1 12 6 4 11 8 13 14 8 7 10 9 6 4 1
14 4 7 9 6 4 5 10 1 11 12 6 5 1 10 4 9 4 7 7
29 15 3 6 20 22 10 20 22 19 4 15 15 8 18 5 7 1 8 14
9 1 7 8 6 4 3 7 2 1 5 6 4 1 1 1 6 1 7 1
52 24 39 21 43 22 39 47 32 32 46 41 31 19 44 24 34 33 42 42
9 4 1 8 1 1 5 2 1 5 4 3 7 5 11 1 5 3 1 8
52 24 35 27 36 31 19 45 38 40 45 35 32 22 40 28 34 13 45 30
5 4 1 1 2 5 9 3 1 6 7 5 12 4 11 4 7 1 1 3
42 19 13 10 28 22 18 31 25 28 24 18 21 20 26 18 18 2 17 22
26 15 8 15 11 11 13 18 11 13 3 19 17 13 18 8 12 14 1 11
25 5 14 13 24 6 11 13 15 20 5 7 6 9 18 16 8 14 18 12
42 33 21 19 38 28 32 34 31 20 21 32 26 23 42 20 29 19 23 35
43 16 25 4 36 21 32 35 15 23 29 28 30 19 41 18 19 24 22 26
10 4 1 1 7 13 12 10 7 3 4 3 13 8 12 1 5 2 1 6
55 41 37 23 37 27 26 46 39 37 40 43 39 30 52 43 36 16 37 27
19 17 10 7 14 14 16 14 12 12 15 16 18 9 17 13 15 6 10 10
15 4 6 5 17 7 9 7 11 19 3 7 13 10 12 14 4 4 9 5
23 5 7 14 16 9 5 12 9 14 3 7 8 8 14 7 9 6 9 7
5 8 2 1 6 7 11 6 5 3 3 6 12 6 6 7 4 1 1 1
4 1 3 2 4 1 5 1 1 1 1 1 1 1 4 1 2 3 4 1
31 24 4 16 18 20 15 21 24 23 7 20 15 14 29 11 14 13 14 25
70 26 38 24 63 41 42 58 40 50 50 47 51 38 48 32 40 23 39 38
6 1 2 5 3 5 6 5 1 1 3 3 7 1 7 1 5 1 2 1
14 7 6 8 7 10 5 10 9 9 7 5 7 4 8 6 8 4 6 1
38 20 23 20 30 12 23 28 18 21 24 24 22 22 27 23 27 16 26 18
23 4 4 3 9 6 4 14 9 16 3 7 5 1 11 4 1 4 1 6
12 1 3 7 8 5 5 3 5 14 4 1 7 5 12 6 1 3 4 6
27 11 12 11 12 10 6 18 8 13 18 16 10 2 13 6 15 3 11 8
28 6 14 12 18 13 9 19 11 13 12 12 10 1 15 5 10 10 12 8
39 33 37 22 32 18 30 36 32 22 34 37 36 17 54 35 35 27 34 37
46 41 33 41 28 17 42 41 27 30 32 51 47 37 55 29 44 40 22 33
38 28 26 12 34 15 21 28 27 19 21 32 20 11 32 29 24 13 29 19
45 17 27 29 34 22 27 35 19 25 28 33 34 19 46 14 35 23 23 31
61 24 35 27 51 26 36 47 29 46 38 40 41 32 51 31 39 24 38 33
51 32 37 25 42 16 37 43 26 31 37 42 43 31 60 40 41 30 33 36
13 5 7 2 14 1 14 3 4 13 6 7 8 4 10 10 5 6 6 5
9 3 1 8 2 1 2 2 1 6 1 1 1 5 7 1 4 4 1 6
33 6 21 16 26 18 9 24 20 20 16 20 14 1 20 11 16 11 19 13
57 25 38 38 49 44 28 49 46 43 32 45 32 20 32 21 34 17 39 37
46 44 49 23 49 21 47 46 35 22 47 51 53 35 59 48 51 33 43 39
21 4 1 2 11 14 14 16 4 11 14 8 17 10 21 1 8 2 4 15
48 25 17 25 25 31 19 39 23 24 31 30 26 19 42 10 32 14 21 34
19 2 7 7 11 7 7 11 4 9 7 4 4 1 10 1 5 5 8 6
64 39 33 33 36 37 41 57 33 43 48 55 53 43 61 24 45 32 33 49
17 1 9 7 13 7 5 9 8 16 3 8 11 3 9 9 4 6 6 1
13 5 3 3 9 5 5 5 10 12 5 5 9 4 4 11 7 1 9 1
14 2 7 6 9 3 7 6 2 11 2 8 10 1 9 5 4 6 3 1
45 35 20 14 41 25 32 37 30 23 26 35 34 27 35 23 30 13 26 27
20 15 19 12 16 9 11 15 17 20 19 21 23 6 28 24 17 11 19 14
30 18 22 7 37 14 32 24 13 17 21 25 32 23 31 21 24 17 17 17
49 22 15 27 21 23 21 39 18 29 21 33 30 20 39 8 29 19 11 27
24 11 15 7 18 13 11 16 6 8 19 18 20 7 14 7 20 1 11 2
9 8 1 3 4 12 9 9 7 1 3 6 12 6 7 3 4 1 1 4
43 45 21 26 31 26 41 41 29 26 21 42 37 35 50 19 36 26 23 41
21 13 17 14 10 6 7 16 8 15 24 19 15 4 20 12 20 4 17 12
34 17 22 16 22 19 9 28 28 30 21 23 22 12 38 29 12 13 20 19
28 21 11 12 12 19 5 23 23 19 20 19 20 12 31 19 17 1 16 23
47 21 30 25 43 26 30 33 34 41 21 24 33 34 41 34 25 25 28 17
23 10 6 8 13 19 13 18 13 6 6 8 11 8 20 1 7 7 7 16
12 2 6 9 9 1 9 4 1 1 1 2 1 3 14 2 6 11 7 11
39 28 7 27 18 22 15 30 27 27 4 24 19 21 30 10 18 15 14 28
1 1 1 1 2 1 3 1 1 5 1 1 2 1 5 1 1 1 1 1
9 3 6 1 11 2 12 4 2 6 3 7 9 2 11 5 4 9 3 4
52 27 30 12 46 31 33 46 37 32 45 37 36 23 42 27 36 13 38 33
43 23 12 12 27 33 18 36 23 28 26 29 28 18 48 10 17 16 16 35
18 5 7 6 12 8 10 10 8 9 2 6 6 1 12 4 4 7 7 7
36 19 10 18 22 13 22 24 21 31 7 23 29 25 32 19 21 19 6 16
56 28 27 21 46 34 39 46 30 26 42 39 37 27 46 12 44 21 22 40
16 7 7 1 9 7 12 11 10 1 4 5 3 1 13 5 5 10 8 10
30 4 11 4 21 10 7 19 12 28 20 9 11 11 17 13 8 1 20 9
59 31 17 32 27 32 23 48 26 36 26 43 31 26 44 3 29 21 21 40
51 22 29 27 46 39 39 46 35 33 42 34 37 28 46 6 40 25 21 43
21 17 13 12 17 7 23 16 10 4 15 16 17 14 36 11 25 18 15 24
26 21 1 9 13 24 17 23 20 11 13 16 19 19 27 3 19 8 1 23
20 11 13 15 21 10 15 10 10 11 17 16 19 12 21 14 23 7 17 10
41 33 27 19 36 6 46 32 20 26 25 34 35 29 49 26 37 36 24 38
42 35 42 16 44 21 43 36 31 29 34 43 42 22 48 43 31 36 31 23
21 7 6 7 19 13 13 13 10 16 12 10 16 12 29 8 13 11 4 16
24 2 8 11 13 5 2 13 7 19 8 6 6 3 15 7 6 5 7 9
13 7 5 6 4 10 6 10 8 6 5 4 7 1 6 4 6 4 5 4
54 37 42 28 52 31 43 48 33 21 43 51 50 35 57 32 48 31 31 32
7 1 1 1 1 1 1 1 1 2 1 1 3 1 5 1 1 1 1 1
1 2 1 4 1 3 6 1 1 3 1 3 9 5 8 2 3 1 1 3
60 47 30 11 50 28 52 54 37 35 52 49 47 37 62 33 46 33 32 51
36 22 18 9 24 16 15 27 21 12 17 27 10 1 27 10 18 12 22 21
5 13 10 3 5 1 6 2 2 4 14 15 18 5 11 12 15 1 7 1
11 1 4 6 5 3 4 4 1 3 4 2 5 1 8 1 3 1 4 1
23 5 10 10 13 9 15 18 6 15 16 11 10 5 23 7 10 11 14 19
26 18 6 5 10 22 8 23 16 10 17 15 15 9 24 6 13 1 7 19
33 23 7 13 16 23 12 24 17 20 15 21 20 14 30 5 15 2 9 24
49 17 30 25 40 23 29 37 17 34 36 36 33 23 38 19 31 22 32 31
46 15 37 34 40 24 28 34 24 32 32 39 37 25 29 27 36 23 28 23
14 20 8 8 8 11 10 10 11 8 13 16 19 10 18 13 17 3 6 10
39 27 29 10 47 11 43 33 28 21 32 31 33 30 41 33 36 23 32 30
21 5 17 14 23 10 18 14 7 4 13 15 15 8 19 6 18 9 15 14
16 1 2 7 7 2 1 6 1 11 6 1 4 4 14 1 5 1 1 8
30 17 21 14 17 16 15 27 17 13 27 25 16 2 24 13 23 9 23 19
27 3 7 13 16 15 11 19 3 17 16 9 14 12 26 1 10 8 11 19
18 13 1 5 7 15 7 15 17 12 1 11 7 1 9 7 1 4 4 10
5 5 4 3 5 2 10 2 4 7 4 6 8 4 3 8 5 3 3 1
14 1 1 4 11 2 2 2 6 17 1 1 6 6 12 8 1 3 4 5
20 1 8 9 11 6 3 11 7 15 3 6 7 1 13 6 2 6 3 3
35 11 12 15 25 16 14 22 21 24 6 10 16 18 24 16 12 13 13 14
15 6 5 6 4 10 3 13 8 2 3 7 2 1 3 1 4 1 5 3
9 10 5 7 5 8 10 8 7 6 8 8 10 8 7 6 10 4 1 6
29 14 17 18 14 18 5 24 21 16 23 22 17 1 19 11 20 1 20 14
60 38 43 28 62 39 54 49 51 50 36 42 48 47 61 50 32 41 37 34
62 33 40 27 60 40 43 52 44 33 37 49 45 34 49 36 37 29 33 33
52 37 28 26 37 24 39 47 34 27 28 41 30 22 48 22 39 30 27 44
61 23 33 19 54 36 37 51 31 42 44 45 48 35 48 27 30 23 27 29
43 40 27 24 33 20 36 38 27 20 21 37 31 30 44 25 30 28 28 37
11 1 5 10 7 4 3 5 1 6 5 3 5 4 8 1 7 3 5 5
43 12 24 16 37 19 25 33 26 25 25 22 20 10 35 19 25 19 25 26
41 25 18 16 28 19 24 28 24 28 13 29 27 23 34 26 15 22 10 17
62 33 23 28 38 37 38 51 35 48 26 43 36 33 60 13 24 30 30 54
22 3 15 11 19 12 12 14 10 14 3 11 13 6 19 10 2 16 6 4
45 49 40 26 38 1 51 38 26 26 40 49 44 33 56 40 53 44 39 43
56 48 31 19 52 39 49 50 39 27 37 49 46 38 56 24 41 24 31 45
51 28 6 12 30 30 31 41 27 32 26 28 28 26 51 9 28 23 14 45
55 46 37 37 40 28 42 51 27 31 54 53 55 46 64 35 58 21 38 48
43 22 17 15 28 27 17 34 24 33 19 31 23 10 36 12 13 12 17 26
40 21 27 16 30 20 24 31 15 31 32 34 35 20 41 27 19 20 19 16
44 28 29 11 33 12 30 33 20 16 24 32 24 16 40 25 27 28 21 27
34 8 18 13 30 21 25 26 10 25 21 22 29 18 36 13 13 18 13 22
44 22 37 21 45 18 31 30 32 36 26 32 30 24 40 39 29 26 35 13
17 6 10 6 15 5 4 8 10 14 9 9 12 3 14 14 10 2 14 1
25 13 17 18 16 13 12 14 12 21 13 20 23 13 26 18 15 15 8 8
18 13 11 8 13 7 18 12 10 3 6 10 9 7 20 10 12 14 10 15
14 1 1 2 5 1 2 5 1 14 5 1 1 1 10 2 1 2 1 6
30 29 14 30 17 13 32 25 18 23 21 29 36 28 44 15 37 25 16 32
40 20 8 7 26 30 26 35 24 19 22 20 22 17 37 1 18 13 7 33
13 6 11 9 17 3 15 6 8 11 8 10 9 5 9 13 10 8 14 6
39 34 20 16 30 10 31 28 23 25 23 31 26 26 34 26 29 25 21 28
46 39 34 18 43 12 40 37 36 38 37 34 36 37 35 43 35 24 36 24
55 13 38 20 48 27 28 41 32 42 37 40 33 21 47 31 24 29 38 29
21 8 12 6 20 11 18 13 8 19 12 14 22 12 21 14 11 10 4 9
31 4 9 14 24 19 15 23 13 18 21 11 15 12 29 2 19 6 12 23
36 21 22 16 30 5 29 25 22 31 16 26 21 13 41 25 25 35 19 30
43 16 10 1 30 25 22 31 25 32 20 17 21 18 31 15 9 6 18 22
28 19 11 12 16 13 17 21 17 12 7 16 5 10 26 9 14 21 11 25
35 15 27 18 38 23 27 27 24 20 28 27 30 15 21 23 31 10 31 15
14 1 6 7 6 7 7 10 1 9 9 4 8 5 14 1 5 5 6 8
43 33 23 25 29 35 23 41 37 22 38 37 36 24 43 23 38 8 27 34
13 1 4 4 8 3 3 4 1 8 6 3 6 2 7 1 5 1 3 2
26 16 4 4 17 21 24 25 18 11 14 14 18 15 33 4 14 11 5 29
15 8 8 2 15 10 21 11 5 9 10 8 17 11 19 9 9 8 6 12
45 35 29 16 38 29 31 40 30 26 37 42 44 27 41 29 38 16 22 23
53 34 22 15 39 26 37 44 31 29 34 32 32 33 48 26 35 17 27 36
27 8 15 7 18 15 17 20 10 27 26 22 23 11 36 11 11 17 19 24
9 1 1 2 2 1 2 3 1 4 1 1 1 1 3 1 1 1 1 1
43 37 47 31 44 31 32 44 40 27 48 45 49 36 40 44 50 9 50 20
54 28 34 6 53 25 48 48 30 38 43 44 45 30 59 35 33 35 30 39
21 4 13 13 22 15 17 16 10 7 12 10 14 10 21 5 14 9 14 14
32 22 13 5 39 23 34 24 28 31 25 22 32 30 30 17 25 15 11 21
15 6 1 4 5 8 5 10 10 13 3 4 4 2 10 4 1 3 1 9
16 5 4 15 5 1 4 8 1 5 2 6 3 7 11 1 10 7 4 8
26 30 16 21 19 20 30 26 20 11 29 29 37 29 48 16 36 15 18 36
9 7 8 7 6 1 2 4 7 8 10 10 10 1 7 12 12 1 13 1
35 15 4 8 14 13 8 22 20 27 9 10 8 12 23 11 7 7 8 19
20 5 13 13 15 8 3 11 4 12 12 13 13 6 20 8 12 7 9 7
36 12 23 20 24 18 11 30 19 29 27 29 23 8 33 20 17 13 21 16
14 3 1 5 1 8 1 9 4 6 6 1 4 3 12 1 1 1 1 7
31 19 21 13 32 26 30 30 20 9 24 25 29 20 25 11 27 10 19 18
46 20 20 11 35 26 21 34 33 35 15 24 25 19 30 25 11 9 14 11
45 18 29 11 36 17 30 37 18 23 34 31 24 13 38 18 25 22 31 28
38 16 22 7 33 27 32 35 21 25 38 29 31 22 49 14 24 22 28 37
38 25 20 9 33 25 24 29 27 21 20 32 33 18 32 25 23 11 14 13
37 24 34 28 27 20 22 33 27 26 31 32 28 19 49 32 20 28 26 31
28 11 13 9 26 16 22 19 10 16 20 19 23 16 22 7 20 6 8 14
41 19 20 15 27 8 18 26 21 31 22 16 11 15 36 24 21 19 27 25
60 37 33 22 41 33 36 49 29 42 38 50 44 34 59 31 27 35 27 38
43 32 27 11 37 22 32 39 28 25 40 32 36 27 42 31 34 10 32 27
8 1 1 4 5 7 6 6 3 9 7 1 9 7 14 3 5 1 1 9
37 9 14 14 29 18 20 23 21 33 18 17 25 21 34 21 15 14 12 20
41 31 33 19 39 12 42 35 19 17 28 34 31 26 43 29 38 32 31 32
44 10 21 22 28 26 13 34 18 25 28 25 15 8 27 5 20 15 24 29
19 19 4 14 8 12 18 17 14 13 4 15 12 13 20 8 13 16 6 20
11 3 5 6 10 6 11 4 1 6 1 5 11 5 12 1 4 6 4 4
26 13 1 17 9 7 12 15 14 22 1 9 13 18 21 7 13 13 5 15
66 38 37 28 50 25 32 53 40 45 42 47 35 30 42 36 35 24 42 36
3 1 2 1 7 4 8 2 5 7 1 1 5 1 10 6 1 6 5 4
40 24 31 18 42 16 31 29 24 33 25 33 39 30 33 38 22 23 24 13
16 4 6 4 21 11 19 10 13 14 8 5 14 10 23 11 9 10 10 16
22 12 17 14 12 5 6 15 8 15 23 17 13 4 20 11 19 6 17 11
67 36 39 32 52 54 31 64 50 43 53 55 46 34 68 26 41 25 46 59
8 3 1 1 2 1 4 2 1 1 4 4 5 1 1 1 6 1 1 1
13 6 1 3 3 12 7 10 6 2 1 4 10 4 8 1 3 1 1 6
31 20 20 5 26 12 29 25 12 8 18 20 20 14 28 17 19 16 18 19
34 36 31 33 19 20 22 34 22 11 36 39 33 25 34 24 43 9 29 24
7 1 1 7 2 5 2 2 1 2 1 1 5 5 9 1 2 2 1 4
33 12 12 9 30 23 22 23 26 25 11 18 25 17 25 19 12 14 9 11
9 7 8 1 13 3 16 5 4 6 8 10 10 4 12 8 10 10 7 7
58 17 41 37 51 26 35 42 39 47 30 38 35 27 39 34 32 31 37 28
8 2 1 1 2 1 9 3 1 6 6 3 5 1 8 1 2 3 1 6
16 6 1 1 9 12 12 11 6 7 9 5 15 9 12 2 8 1 1 8
17 11 7 12 11 7 12 11 8 16 6 14 15 10 19 10 13 14 1 9
27 33 9 18 7 12 22 25 16 15 16 29 25 17 38 10 26 17 8 30
68 30 43 22 59 30 42 54 36 42 43 46 39 35 57 39 36 38 44 42
48 29 43 34 43 31 36 45 36 20 41 47 41 24 43 30 50 26 39 39
52 15 34 35 47 38 28 41 40 38 26 35 38 26 29 29 24 21 28 22
15 1 8 6 10 5 5 8 5 12 1 6 8 1 8 6 3 7 4 1
16 5 5 3 7 9 10 12 1 12 18 12 17 6 22 3 10 3 10 11
71 29 44 41 58 37 42 56 42 56 40 48 38 35 65 40 26 50 44 48
35 20 13 11 21 13 11 20 23 25 14 14 10 11 26 18 13 11 19 19
33 25 16 8 30 25 27 32 31 20 13 24 19 11 34 14 16 16 20 31
68 37 34 39 44 28 43 57 34 45 43 49 50 40 51 26 52 31 31 44
66 25 49 32 64 36 45 53 52 45 36 43 42 30 44 43 39 33 43 33
35 10 14 1 32 27 34 30 15 27 31 25 34 28 41 9 14 15 16 32
19 4 8 3 16 1 7 8 10 15 5 6 5 4 2 12 6 1 9 1
29 16 7 5 19 17 14 21 11 14 7 17 15 8 22 3 6 4 6 16
15 6 1 4 6 12 7 11 7 11 7 1 9 6 12 4 4 4 1 7
38 28 30 28 36 30 28 35 32 25 31 37 42 28 47 30 32 18 23 25
13 6 3 4 3 10 2 9 7 2 1 3 4 2 5 1 2 2 3 3
67 47 44 41 50 31 51 60 41 39 45 58 55 42 70 40 52 42 34 45
9 2 3 8 5 2 6 3 1 3 7 2 5 4 17 1 7 6 5 9
13 1 5 2 13 7 10 7 2 5 2 6 13 2 15 2 5 7 2 3
19 15 12 1 19 12 22 15 14 8 8 15 13 7 18 13 10 13 9 14
19 4 5 9 14 9 5 8 12 17 1 7 12 6 15 11 3 8 3 4
20 21 11 5 9 12 12 12 12 9 14 20 16 6 13 11 15 5 8 7
9 1 1 7 7 3 4 2 3 6 1 1 4 4 11 3 2 3 3 4
31 12 18 8 31 18 30 24 18 18 16 21 26 16 35 17 16 21 11 22
15 7 8 3 10 8 15 10 6 4 5 7 10 4 13 5 6 7 7 8
51 18 31 20 48 35 34 43 43 31 28 29 31 22 27 25 30 13 37 26
55 22 36 23 45 25 35 48 31 31 47 38 34 20 53 20 40 30 42 47
69 43 42 32 65 44 46 59 52 43 45 53 49 40 43 32 48 19 48 42
26 12 16 19 16 16 13 21 9 14 28 21 23 13 27 9 28 4 16 18
43 28 40 34 44 33 29 39 41 35 33 37 43 32 50 44 29 20 37 28
24 5 5 5 11 16 11 20 9 4 10 8 9 3 16 1 8 2 6 13
12 8 1 5 1 9 6 9 7 1 1 6 6 1 7 1 2 1 1 5
33 18 19 20 31 28 24 29 24 15 25 26 27 18 22 12 29 8 18 20
21 5 16 11 18 6 9 11 5 10 12 17 15 4 10 8 13 5 8 1
35 15 31 23 36 20 20 24 23 27 29 34 33 11 23 26 31 11 28 10
62 30 27 45 31 33 36 51 34 43 29 45 40 29 47 13 35 36 17 38
44 24 23 33 28 17 33 34 19 28 27 34 32 23 43 13 40 27 25 36
25 7 16 16 15 12 6 16 8 16 21 17 15 4 18 7 18 4 16 9
52 26 47 33 51 19 42 43 33 30 35 47 36 21 41 33 42 37 36 33
22 3 10 12 17 7 10 13 11 25 7 10 11 8 25 13 1 16 2 11
56 29 21 30 35 34 23 44 37 34 30 36 32 24 39 17 38 12 27 35
9 5 3 2 4 5 10 4 2 5 6 6 11 5 8 4 5 3 1 3
48 36 30 28 33 40 22 46 38 20 37 45 40 22 44 22 38 5 28 31
28 18 8 10 23 17 28 20 11 13 19 16 25 24 33 8 21 11 6 24
8 2 2 1 5 4 10 6 4 10 4 2 6 1 12 4 1 6 3 8
14 5 3 2 7 7 10 5 4 9 2 4 8 2 10 2 2 6 3 4
41 46 25 32 27 26 40 42 28 25 42 46 53 45 56 26 54 20 23 42
32 20 15 20 23 20 16 22 21 15 17 23 16 12 21 13 23 12 18 17
49 24 38 18 51 12 37 39 38 36 28 30 27 20 38 37 29 31 42 29
29 13 23 17 19 14 11 25 12 21 28 30 27 9 33 18 20 11 20 16
5 1 1 2 4 5 9 2 1 3 1 1 7 1 10 1 1 3 1 3
64 51 15 35 37 43 47 56 41 37 34 54 49 46 57 8 50 34 10 49
43 8 27 23 34 20 19 32 26 34 31 25 24 17 16 23 25 5 30 19
51 27 17 35 28 29 27 43 33 32 11 36 27 22 44 10 26 31 14 34
41 24 6 22 15 20 27 32 20 21 7 20 21 22 40 3 20 24 7 36
15 10 7 7 7 8 12 9 8 10 7 8 11 6 8 8 8 5 5 4
9 16 10 9 12 6 17 7 6 5 17 15 24 15 26 14 22 6 9 13
23 4 8 11 10 9 1 14 8 9 1 9 4 1 9 2 4 5 3 4
39 14 21 24 23 20 13 28 20 21 14 28 19 11 18 11 18 12 9 13
9 4 2 2 7 6 11 4 2 11 5 5 12 6 11 5 4 3 1 4
21 6 12 8 20 6 17 12 8 10 6 10 11 8 30 10 11 20 8 18
42 22 27 17 32 17 25 33 13 22 36 32 29 18 33 19 30 17 26 20
35 27 7 14 22 26 33 32 23 17 17 24 26 26 41 6 27 23 8 37
26 20 15 7 20 11 17 19 14 13 15 19 18 13 10 18 17 7 14 8
42 20 33 28 43 32 30 34 31 33 25 34 36 24 30 30 17 24 23 14
20 10 9 5 15 11 20 15 3 16 17 13 20 13 24 11 11 7 9 14
21 5 16 15 20 14 14 16 13 17 19 17 18 6 11 9 18 4 16 9
44 19 9 17 28 22 22 32 21 26 12 21 21 20 38 8 20 18 9 30
15 6 2 5 5 11 7 8 7 7 1 4 8 3 9 1 1 3 2 4
67 22 30 19 54 47 26 55 44 46 38 45 37 22 53 21 25 22 38 42
6 7 4 4 6 1 9 2 1 1 5 7 11 8 8 5 8 1 1 3
68 40 27 29 47 45 47 59 39 45 34 54 50 42 71 20 34 38 25 57
3 1 1 1 2 5 6 2 1 1 5 2 11 3 10 1 6 1 1 3
36 25 21 24 23 9 26 29 13 20 26 30 28 25 30 18 35 19 20 20
34 26 18 11 26 16 26 25 25 20 21 23 20 19 35 27 23 18 22 27
40 20 27 5 45 17 35 31 27 20 25 23 26 24 29 28 27 11 30 13
34 25 17 24 26 12 33 27 19 20 19 26 28 25 44 17 35 27 20 33
20 11 11 4 21 4 17 9 9 13 8 11 14 9 14 16 10 8 13 4
6 6 4 6 6 4 9 2 1 3 5 7 12 8 8 5 7 2 1 4
48 25 43 40 45 35 28 43 43 36 44 38 41 29 39 38 43 10 50 35
63 47 46 36 50 34 43 54 44 34 37 58 41 26 59 38 40 44 37 42
54 26 38 23 47 30 46 47 27 36 47 45 40 37 57 32 37 38 43 45
14 3 8 1 13 4 8 7 7 14 6 7 9 1 19 11 5 10 7 6
13 9 4 12 4 5 9 8 1 1 3 8 11 10 11 1 11 4 2 6
59 28 38 24 45 41 29 53 45 45 48 45 41 24 43 30 34 14 49 36
48 47 32 29 38 25 34 41 45 32 29 42 30 28 47 34 36 19 40 41
64 35 24 25 49 33 47 50 46 48 24 37 42 41 58 29 33 38 21 42
21 10 1 6 9 18 13 18 12 5 7 6 11 10 25 1 6 7 2 21
58 28 29 13 51 23 44 45 25 34 42 39 36 31 56 27 38 30 33 43
50 35 31 12 48 28 47 45 29 30 49 42 43 34 52 28 46 27 30 39
9 1 3 1 5 1 4 2 1 5 1 5 7 1 3 2 1 2 1 1
17 8 7 4 21 11 21 12 15 11 9 8 14 10 22 14 13 11 11 15
2 1 1 1 1 3 2 1 1 1 1 1 5 1 3 1 1 1 1 1
12 1 1 1 6 8 5 6 2 3 1 1 8 2 7 1 1 1 1 1
13 12 1 1 1 8 5 7 9 6 6 10 8 1 9 6 6 1 3 4
38 21 27 20 27 25 29 32 16 31 40 36 38 30 45 21 28 23 29 34
17 15 14 4 14 4 13 12 5 9 19 17 19 10 13 17 19 3 14 3
20 16 16 12 20 14 16 18 13 7 22 20 26 14 33 11 24 6 16 19
40 12 13 6 34 34 34 35 24 35 32 24 33 29 47 7 15 23 16 40
48 9 33 15 43 29 32 39 25 39 34 32 29 22 45 22 17 32 35 36
61 25 37 20 54 38 41 53 45 32 38 43 38 19 40 22 40 30 34 42
17 11 3 5 12 15 17 14 9 4 11 9 19 15 18 2 13 1 1 12
29 31 20 13 23 23 16 27 30 15 24 29 31 21 28 30 26 1 23 19
24 19 3 13 14 17 8 17 18 15 4 14 6 8 24 5 9 9 9 21
12 8 1 1 8 16 12 13 10 1 3 6 9 4 17 1 4 4 1 13
53 30 28 18 46 24 40 43 31 29 41 34 33 33 49 29 41 21 33 35
33 15 23 14 33 16 16 25 25 25 23 22 28 16 29 25 23 6 24 10
22 9 14 13 21 8 16 13 10 15 8 12 12 10 29 14 14 20 12 17
25 11 4 6 9 18 9 19 9 15 16 12 15 7 19 4 8 4 8 15
40 32 34 13 37 23 29 40 41 28 27 38 33 14 48 38 28 29 29 31
46 17 35 21 37 31 23 41 23 31 45 42 43 19 36 18 33 12 33 27
18 2 11 7 12 4 13 14 4 10 12 7 5 1 19 6 8 10 12 14
12 7 4 5 5 9 6 10 8 3 1 4 3 1 7 1 3 6 5 6
3 5 6 1 8 2 15 2 2 1 4 6 10 4 10 6 5 8 5 6
54 38 38 33 38 38 27 51 43 37 49 43 42 34 51 38 43 14 48 35
62 38 38 19 50 30 35 49 39 42 37 41 36 33 44 39 32 21 37 23
30 25 15 19 19 10 28 24 7 23 25 26 30 25 40 19 31 18 17 25
45 33 44 34 43 25 25 38 39 30 38 41 39 27 41 41 42 16 43 24
56 29 26 16 43 29 30 48 40 31 35 36 25 11 47 23 31 20 34 41
39 30 36 15 35 6 35 34 16 18 44 39 31 20 42 31 38 26 38 30
18 8 11 13 10 5 13 12 1 13 18 12 12 9 16 8 15 6 8 12
12 7 12 5 16 1 17 8 2 4 8 10 12 7 14 12 10 7 11 5
57 30 43 32 40 38 27 51 36 39 54 53 48 32 49 31 42 19 45 41
40 29 23 6 36 20 36 35 20 22 38 32 35 25 49 28 32 21 27 34
38 10 17 9 30 18 18 27 21 32 23 14 21 18 25 19 16 3 24 11
54 26 22 12 44 35 36 47 36 39 35 35 33 24 57 23 26 32 17 40
48 44 40 21 47 22 47 47 34 28 53 48 52 39 58 40 53 27 39 43
64 23 37 27 53 49 35 56 48 51 41 47 39 29 42 25 24 22 48 45
66 33 41 30 65 32 51 52 43 42 46 46 48 44 49 35 51 31 43 44
68 37 34 31 45 29 49 58 28 47 45 53 57 50 65 27 44 42 30 48
30 14 13 14 24 2 21 19 18 25 6 19 13 11 33 19 18 28 13 22
33 16 12 18 16 18 10 23 14 16 11 19 17 12 25 8 15 13 8 17
5 1 3 5 2 1 1 3 1 1 4 2 1 1 1 1 5 1 3 1
51 36 5 28 15 31 27 44 28 28 25 32 31 31 47 3 34 20 6 43
14 1 8 6 13 2 4 6 3 10 3 6 4 1 8 4 4 6 6 1
25 17 11 4 20 13 21 19 7 10 28 21 27 16 26 8 26 1 9 13
28 11 6 1 17 12 13 19 19 21 8 10 7 5 18 14 2 5 11 16
33 18 17 6 30 15 34 27 8 14 28 23 29 26 44 16 23 21 19 33
10 4 1 4 10 12 12 9 6 6 6 5 15 12 16 1 8 1 1 11
35 19 21 18 23 11 17 24 8 17 24 25 24 18 29 17 25 15 14 15
14 2 3 1 10 11 7 10 6 8 1 3 11 4 12 2 1 5 1 2
10 1 1 1 5 4 2 2 6 9 1 1 5 1 1 4 1 1 2 1
45 22 14 22 23 31 17 38 22 22 26 32 20 16 37 3 19 15 23 34
14 10 9 10 13 9 15 9 8 11 15 8 16 12 31 12 16 12 11 19
51 36 19 27 36 31 37 41 29 26 16 37 35 32 49 12 30 24 17 42
30 5 16 10 23 13 12 21 11 29 18 18 16 6 29 16 9 17 15 15
38 31 27 21 38 27 32 35 36 29 39 33 40 32 47 26 38 15 30 34
51 20 26 24 45 39 37 46 31 34 41 35 37 27 48 2 35 24 19 44
8 1 2 7 4 1 4 2 1 3 1 1 3 2 5 1 2 2 2 3
20 8 5 17 12 9 17 14 3 10 4 10 15 14 22 2 15 12 6 15
20 11 5 1 15 11 13 12 16 19 8 9 12 8 12 14 6 6 9 9
38 31 35 25 35 22 30 40 25 20 50 42 45 29 47 30 46 11 36 33
40 24 38 25 33 31 24 39 31 32 51 45 43 26 40 31 35 11 43 32
51 31 22 17 42 36 33 42 41 34 27 26 29 33 44 24 28 18 28 30
9 10 2 4 1 9 6 7 6 1 5 8 9 4 5 2 6 1 1 4
52 20 31 21 43 36 31 44 35 24 27 38 31 15 36 17 25 21 21 27
27 27 17 11 17 8 24 21 11 9 23 23 23 19 29 17 24 17 16 21
3 5 4 1 9 6 16 3 1 3 6 6 13 7 12 5 8 5 2 5
39 24 17 14 21 15 24 30 8 21 30 27 25 23 33 15 25 18 19 25
34 24 29 12 38 10 35 27 24 20 22 22 24 25 34 34 25 22 32 21
45 28 27 28 31 14 38 38 23 26 31 36 32 21 48 19 43 32 29 40
11 7 9 1 12 2 18 8 7 3 7 9 8 1 16 9 9 13 10 11
57 30 47 22 51 24 45 48 26 43 50 52 50 36 56 38 33 41 40 35
30 12 15 18 19 14 19 19 14 17 5 16 17 12 28 12 8 22 6 14
34 34 29 23 23 11 28 30 19 13 32 32 28 21 42 27 37 21 28 30
17 20 17 10 18 3 24 15 7 10 21 21 26 21 22 19 22 13 14 12
12 7 10 4 15 9 21 10 5 1 6 8 16 10 17 8 10 8 8 9
13 6 10 5 13 1 12 5 2 10 6 11 11 5 7 8 8 7 4 2
54 36 12 14 37 26 42 44 41 35 21 33 31 30 52 19 33 32 18 48
39 19 21 6 27 23 26 33 16 29 33 31 29 23 33 16 16 19 20 26
50 27 31 19 34 18 25 39 30 22 25 36 20 8 44 23 28 30 26 32
40 27 30 16 40 18 34 35 21 20 43 36 38 24 46 26 41 14 30 30
39 11 11 17 21 32 10 36 21 19 21 23 19 7 24 1 15 1 15 26
37 8 22 4 29 18 28 28 15 25 27 24 22 15 34 14 11 23 22 28
59 39 37 26 41 21 38 50 38 44 43 40 32 28 56 40 42 33 48 39
6 4 2 2 4 6 3 5 4 10 9 4 9 3 13 7 6 1 4 5
51 34 28 20 43 32 31 43 28 27 33 40 35 25 42 20 33 14 29 30
43 15 23 15 36 22 23 31 28 37 23 20 27 21 47 30 16 22 22 24
17 4 8 10 15 7 10 6 7 16 3 5 9 8 22 9 5 14 7 12
13 1 8 3 12 3 7 6 2 7 1 3 3 1 12 4 2 9 7 5
58 33 41 15 52 15 40 45 39 46 40 38 36 23 52 46 33 30 41 32
29 11 9 9 22 22 18 23 19 12 14 15 17 10 18 6 15 5 12 15
18 10 8 9 7 9 3 10 6 9 13 8 11 4 16 6 11 1 9 6
13 1 7 6 13 4 10 6 2 4 1 2 5 4 19 3 3 11 6 10
21 15 15 2 25 13 24 15 10 10 19 21 29 14 31 15 20 10 9 12
47 20 17 12 35 33 28 39 23 30 29 30 29 21 42 12 20 16 17 35
29 22 24 19 20 18 12 23 28 23 22 26 27 12 28 30 21 9 23 14
63 20 33 21 51 37 30 51 43 41 30 36 31 19 42 28 24 20 33 33
23 10 14 10 15 14 7 16 10 11 13 15 13 4 14 8 14 7 12 3
60 18 37 45 41 34 34 49 37 39 28 44 34 26 39 22 40 38 31 40
58 28 35 30 44 25 35 48 23 34 40 42 41 30 45 23 39 26 33 37
23 15 18 8 26 13 28 19 7 8 17 17 25 19 23 15 20 13 16 13
17 12 8 1 21 12 20 13 16 11 11 10 18 13 19 17 13 5 12 10
57 40 48 21 56 29 51 54 40 26 58 55 53 28 50 36 60 28 47 43
9 7 1 5 8 5 17 5 1 1 6 6 15 14 20 1 11 6 1 13
29 9 7 15 20 13 15 19 14 18 15 12 17 18 23 10 19 5 12 18
12 19 13 19 6 9 11 11 10 7 17 18 22 15 29 14 22 10 14 17
49 27 22 19 43 34 32 38 33 33 26 35 39 32 38 22 28 19 11 23
12 1 5 5 7 4 10 6 1 9 6 3 7 1 12 1 4 7 6 8
37 4 13 5 29 13 15 24 16 33 17 12 20 14 27 16 8 6 18 12
28 18 16 16 23 14 20 21 16 21 25 23 30 17 39 17 26 12 14 23
29 12 14 12 26 15 20 20 11 16 20 21 27 19 27 10 21 7 5 15
17 18 14 2 12 2 14 13 3 1 17 17 18 10 10 13 19 4 12 2
11 11 5 12 8 6 15 5 5 10 8 10 15 14 17 9 14 10 1 10
24 10 10 15 13 18 9 19 14 7 10 15 10 4 14 2 13 6 11 11
21 13 14 7 21 11 21 13 5 7 16 15 20 12 21 10 18 8 12 9
13 2 1 1 5 1 8 5 1 11 6 4 6 1 10 1 2 4 1 6
38 25 23 16 36 16 30 28 21 22 22 26 29 25 28 27 25 17 26 19
23 8 13 11 15 11 10 16 9 8 14 10 7 3 20 7 13 10 15 12
59 32 19 23 49 40 32 46 45 36 24 32 27 32 46 16 29 22 25 42
36 32 20 7 29 25 36 32 21 9 29 31 34 25 40 20 30 16 19 29
37 19 23 25 30 23 27 29 16 15 28 26 28 20 30 11 33 14 22 24
37 28 22 9 40 27 31 31 35 34 29 32 41 29 36 31 29 16 18 17
41 18 15 15 22 11 9 26 19 37 21 18 17 17 32 22 17 14 20 20
5 1 2 5 3 1 1 1 1 4 1 1 1 1 1 1 1 1 3 1
38 25 12 21 21 20 28 30 19 24 15 27 33 25 45 11 27 26 8 29
15 9 10 3 10 2 15 9 1 7 14 11 16 10 14 9 12 4 7 4
38 11 26 27 34 25 24 28 19 24 20 25 28 19 34 16 22 22 16 18
42 36 22 33 27 22 36 36 27 31 27 41 47 35 49 24 43 28 15 30
39 23 20 16 37 23 30 27 26 30 23 28 35 29 41 29 26 20 15 20
25 5 14 22 17 10 9 15 8 13 11 14 9 7 13 1 17 10 13 12
46 15 27 18 36 22 16 33 27 34 26 26 25 15 20 23 21 7 25 13
53 34 52 24 58 17 46 45 41 36 49 48 41 24 38 48 50 31 56 32
6 1 3 4 6 4 7 1 6 9 1 1 7 3 8 7 1 5 5 3
30 30 9 27 8 17 31 25 18 18 16 26 31 25 41 8 30 28 11 29
9 2 3 2 7 1 5 1 1 11 5 6 9 3 8 6 5 1 1 2
27 11 16 12 26 10 21 16 17 17 13 14 13 10 23 19 15 14 20 16
45 26 11 12 27 32 33 38 20 29 34 32 37 34 44 8 27 18 13 38
18 10 1 11 4 7 13 14 2 8 9 8 14 16 27 1 16 9 1 19
19 7 13 13 15 6 8 12 4 4 12 14 12 7 6 4 16 1 10 2
24 16 23 21 22 23 11 26 25 12 29 26 30 14 23 19 31 1 27 16
29 20 17 24 20 16 19 24 18 15 16 24 18 16 17 13 25 13 16 16
46 29 37 17 41 11 40 37 24 27 34 38 33 23 47 36 29 35 26 28
40 6 12 6 34 18 24 27 19 33 19 17 21 22 44 13 11 22 19 34
58 42 45 21 61 24 60 52 41 35 42 51 54 41 64 44 45 46 34 44
21 7 10 7 18 15 13 15 14 17 3 9 13 6 23 11 1 14 6 13
14 5 1 10 9 9 8 6 1 11 4 1 10 11 17 4 7 7 1 11
38 36 30 13 31 11 30 34 32 21 30 38 23 8 35 29 32 23 31 30
21 8 19 15 23 9 16 13 8 11 16 19 15 7 10 7 18 8 16 7
7 1 3 4 9 9 13 6 3 4 4 1 11 7 17 1 4 7 4 10
24 4 6 8 15 20 13 21 8 17 21 11 18 17 29 1 10 8 10 24
47 26 35 23 40 29 34 38 27 24 24 37 33 23 38 28 13 28 23 20
32 21 16 8 29 13 26 25 25 24 25 17 23 23 43 24 26 12 23 26
54 34 24 36 30 29 37 46 32 27 27 42 36 28 49 13 43 36 23 40
4 1 1 3 1 1 2 1 1 1 2 1 5 1 3 1 3 1 1 1
42 9 16 27 29 20 18 31 19 29 16 24 26 19 33 8 25 16 11 22
32 15 19 5 28 5 20 19 19 29 23 17 16 10 38 26 17 16 26 22
41 43 27 24 36 38 30 43 39 23 36 45 42 29 42 22 40 4 30 32
33 22 20 14 21 19 16 29 24 18 25 27 16 4 27 18 22 10 23 22
15 10 13 5 19 6 18 8 7 15 9 15 19 10 17 15 10 12 7 6
72 29 29 31 46 43 45 62 42 51 32 47 44 40 69 22 27 45 25 55
43 21 10 12 29 33 20 35 28 25 15 26 26 17 38 8 11 12 5 24
21 7 5 11 7 9 3 12 7 9 6 4 5 5 12 1 6 4 5 10
62 29 41 18 52 28 40 48 33 47 52 43 44 43 51 39 36 27 48 33
58 26 32 11 46 38 42 50 35 37 33 42 38 27 54 27 19 32 24 39
38 23 27 21 31 10 26 27 13 18 28 30 27 20 32 19 34 20 25 21
61 34 35 10 49 30 42 53 32 37 40 49 41 29 58 30 26 35 35 45
33 19 9 5 27 29 31 30 18 26 32 26 35 28 36 6 22 15 9 31
35 16 15 4 30 16 28 25 17 20 19 15 23 17 29 20 17 12 17 20
32 13 14 4 29 11 20 21 10 29 25 21 27 22 34 22 18 12 18 18
8 1 2 1 6 2 5 2 1 7 1 3 7 1 8 1 1 5 1 1
31 32 10 22 17 13 33 24 20 28 21 30 35 32 39 20 34 24 14 25
36 23 11 2 33 27 24 29 32 27 18 24 27 19 31 18 19 13 14 21
26 9 12 9 20 17 16 20 12 6 9 15 12 5 19 4 13 9 11 13
24 16 3 13 7 14 16 21 10 16 6 11 12 14 30 4 10 16 4 26
54 39 37 15 49 25 41 44 44 38 27 40 33 30 49 44 32 33 33 29
65 43 43 27 53 24 53 57 35 43 42 51 48 40 68 43 40 49 34 49
36 31 14 38 20 21 36 32 23 28 24 36 37 35 37 11 39 28 12 29
22 2 8 11 15 8 11 12 1 15 11 6 9 7 26 2 6 10 10 18
53 29 31 32 51 43 38 43 44 43 46 41 45 33 41 14 47 23 24 37
56 46 36 29 45 34 41 53 45 27 43 50 43 31 61 32 53 28 37 50
41 13 25 21 36 25 22 32 31 25 23 19 21 19 25 20 27 11 32 19
59 37 43 16 48 20 42 50 35 33 34 47 35 20 49 39 29 37 31 33
8 1 1 3 3 1 1 1 1 5 1 1 1 1 5 1 1 1 1 1
45 42 33 36 33 29 37 45 37 21 34 40 39 33 56 33 47 25 36 46
54 21 20 22 39 20 31 40 31 30 21 26 23 24 41 17 31 23 24 33
27 16 15 3 26 9 20 17 15 25 19 13 21 16 29 23 15 8 17 13
11 5 6 5 11 10 16 8 6 8 4 5 12 6 18 5 4 10 7 11
35 15 14 7 22 15 11 26 22 19 7 18 4 1 25 12 6 16 12 21
35 11 18 20 27 30 23 32 24 18 23 22 25 12 23 6 23 8 19 24
36 24 22 17 29 1 25 24 18 22 21 22 21 26 22 27 27 17 24 15
31 19 3 11 18 24 15 25 18 8 15 16 17 19 24 1 21 7 3 22
14 4 6 1 11 7 11 8 7 7 2 3 5 1 13 5 3 10 6 7
43 24 34 13 40 13 39 40 17 22 40 36 31 23 43 26 32 28 36 33
17 5 6 1 13 10 12 13 9 2 2 3 4 2 15 4 5 8 7 11
31 15 11 11 26 22 12 23 27 25 1 18 14 6 27 15 2 14 13 18
47 31 31 12 48 14 47 38 27 25 40 37 37 26 48 25 41 28 28 37
36 22 18 15 32 9 34 26 18 22 12 26 28 23 40 24 26 28 15 24
64 31 43 11 61 24 46 52 41 43 46 40 39 28 50 41 40 25 46 30
50 35 34 18 39 13 42 45 26 22 36 37 32 27 48 30 33 29 33 40
27 13 3 4 15 18 5 19 19 22 4 14 11 4 18 7 1 4 5 13
27 29 10 17 19 20 29 25 19 18 28 28 36 28 45 9 35 18 10 33
35 38 40 29 34 32 31 36 33 28 37 45 49 32 42 41 26 25 28 21
53 36 30 17 40 25 32 47 37 24 38 39 29 14 54 23 36 22 32 44
53 15 24 9 43 36 34 42 35 42 30 34 36 24 49 27 14 29 26 34
17 4 2 9 2 7 5 9 3 10 7 2 7 6 17 1 4 5 2 12
28 12 14 5 26 12 26 21 6 17 23 19 21 16 37 13 18 17 14 26
46 19 15 15 34 30 24 38 28 22 15 26 23 16 43 9 15 17 12 33
53 37 26 13 49 16 50 41 31 33 29 36 39 40 52 33 40 33 27 38
52 54 43 40 43 21 57 53 40 28 50 59 56 43 68 37 67 42 42 54
45 17 22 24 27 24 23 38 21 26 30 29 21 15 39 12 27 24 28 35
28 21 24 17 23 20 18 26 18 10 28 29 34 17 33 20 29 5 18 17
61 26 46 46 50 37 42 51 33 43 39 52 52 40 43 35 40 35 33 33
56 31 30 15 44 35 33 51 33 27 41 45 34 15 46 17 35 17 36 42
24 6 16 18 21 17 18 19 10 8 19 15 19 11 21 4 21 8 15 17
63 39 38 24 44 36 37 58 41 34 50 49 38 27 67 28 44 33 43 57
17 4 8 3 10 6 4 9 2 10 11 8 14 3 16 5 10 1 6 4
31 19 23 3 35 8 32 24 18 12 19 21 22 15 27 27 23 18 26 17
23 7 10 7 12 10 8 14 4 18 17 15 18 3 27 8 10 8 10 11
11 4 6 7 5 1 7 6 3 9 8 7 7 3 4 5 8 1 6 4
54 25 20 19 40 30 29 43 26 27 29 33 27 25 45 19 27 18 29 37
26 19 11 1 21 15 24 21 17 6 12 18 14 7 24 11 14 11 9 20
17 7 6 7 11 16 11 16 11 6 7 6 13 9 12 4 9 3 6 8
6 3 5 5 9 4 7 4 3 6 7 5 9 2 12 7 8 3 9 2
50 21 39 30 44 27 30 41 30 36 48 42 41 26 39 35 43 19 46 32
48 26 22 18 34 27 36 39 25 27 21 31 33 28 49 23 24 27 12 34
57 9 34 29 47 39 31 47 28 39 34 35 36 29 53 16 18 33 29 38
49 22 32 37 35 36 22 39 32 28 23 34 30 23 34 20 16 27 22 22
44 26 26 19 34 29 30 34 30 35 22 32 32 22 38 29 7 24 16 22
22 8 8 7 13 10 11 14 9 16 12 9 12 6 12 9 9 3 8 6
49 36 29 17 46 23 37 39 33 28 31 39 40 31 44 34 34 24 29 30
25 7 5 13 8 8 4 14 5 13 1 8 10 7 18 1 6 9 1 9
43 11 25 19 33 21 26 32 18 37 26 31 29 24 39 20 10 26 17 24
27 1 12 5 19 10 15 17 4 21 17 13 13 7 24 3 4 15 15 19
33 18 12 17 19 21 8 25 22 22 7 22 13 7 22 10 9 10 10 15
43 17 32 20 43 18 25 31 21 29 32 34 36 22 34 29 33 16 29 17
36 21 17 5 33 23 29 30 17 7 20 26 26 19 27 9 23 11 13 18
64 29 39 16 60 21 47 49 35 44 39 40 41 35 61 42 35 33 38 38
52 35 21 13 44 30 40 41 35 27 25 40 35 29 52 25 32 28 14 35
48 24 31 19 46 16 41 34 27 33 23 32 34 30 50 37 25 34 24 29
30 15 1 9 16 22 10 23 20 22 10 13 13 9 28 4 7 1 7 23
55 24 33 14 53 27 39 43 35 32 28 35 35 28 42 34 28 24 27 24
13 5 2 7 11 7 13 7 8 15 9 5 12 9 19 10 8 7 6 12
49 19 27 21 41 31 40 41 22 34 40 37 40 38 50 20 30 27 30 40
35 7 13 15 24 19 12 25 17 20 13 14 14 8 25 7 12 10 13 18
18 9 8 11 9 8 11 12 2 9 16 11 14 8 21 5 15 5 8 11
22 2 6 11 17 6 13 12 3 13 9 4 8 9 25 3 12 10 7 17
38 14 23 6 31 21 33 31 17 29 31 27 28 22 39 20 14 24 25 30
29 13 8 14 13 13 11 20 14 20 18 14 9 7 19 11 15 8 13 17
19 5 1 1 17 12 7 11 15 15 7 3 11 11 13 9 8 1 6 7
10 9 6 6 1 4 9 5 1 7 13 10 13 1 16 7 11 5 7 7
27 15 11 15 13 5 16 16 4 14 16 15 14 15 20 8 19 10 7 15
19 17 9 5 9 12 14 14 12 9 9 15 14 9 8 11 10 4 6 7
10 7 3 2 4 7 1 5 3 6 8 5 8 2 15 3 6 1 3 3
24 6 10 14 14 15 6 17 13 9 7 11 6 1 11 1 9 5 11 10
26 13 10 11 18 9 11 12 16 19 9 12 11 11 11 15 12 6 11 9
14 5 8 3 15 3 16 6 1 12 9 7 13 7 15 8 7 5 6 8
54 44 36 32 39 15 39 42 35 41 30 47 47 40 49 44 38 36 29 26
16 8 11 6 16 7 15 10 1 4 10 12 17 11 10 7 13 2 8 2
17 1 7 11 9 5 3 10 3 5 8 5 2 1 7 1 6 1 7 4
25 27 13 9 17 24 24 27 22 11 31 25 34 21 37 13 29 8 14 26
30 5 6 4 26 11 16 17 16 25 11 11 19 13 24 11 10 5 7 13
31 37 29 24 24 16 29 30 24 11 28 35 34 26 42 33 38 19 31 28
11 1 7 11 8 10 3 10 4 2 5 5 5 4 9 1 6 1 7 3
8 1 6 7 5 5 3 6 1 1 4 5 5 1 3 1 5 1 6 1
42 28 17 32 19 21 23 34 22 21 18 34 28 22 23 6 33 16 14 25
12 4 1 1 1 9 4 6 5 1 1 2 5 1 4 1 1 1 1 1
32 12 14 11 20 16 14 23 15 14 10 19 12 4 27 8 11 14 10 18
15 9 6 8 9 8 5 10 11 9 9 10 9 1 6 10 11 1 11 2
13 12 4 5 10 16 14 13 10 3 13 11 20 11 18 5 15 1 5 10
56 23 36 18 42 35 28 49 34 34 41 47 33 11 48 20 28 23 37 39
62 52 32 29 55 40 47 55 47 42 38 53 53 48 60 31 45 29 29 47
67 41 32 34 53 49 40 57 46 37 35 51 42 36 63 17 43 37 22 48
46 57 27 30 32 29 48 50 38 28 43 53 59 51 61 33 58 31 26 47
33 28 31 20 36 7 28 24 18 19 30 29 31 27 36 33 35 16 35 18
13 1 6 11 6 1 3 6 1 8 6 4 3 4 8 1 6 3 6 7
55 30 24 37 41 34 37 46 33 36 29 43 44 40 50 12 41 34 12 34
18 9 11 3 19 10 19 12 5 13 10 14 21 12 20 11 10 10 5 8
47 35 30 27 31 20 28 38 30 26 24 42 28 16 47 28 35 30 26 33
28 19 20 9 28 13 32 23 20 14 17 19 22 13 33 19 21 23 20 26
32 20 8 14 14 22 14 28 20 22 15 20 12 8 24 2 11 2 13 24
38 25 35 20 38 14 32 32 27 18 37 36 33 13 43 25 40 22 36 31
47 36 17 15 40 34 32 40 32 24 28 36 35 32 37 18 33 14 17 31
21 10 4 5 14 19 14 17 15 10 7 7 15 11 15 5 9 4 4 11
54 41 47 28 47 24 27 49 44 32 42 53 43 27 39 45 43 21 45 26
12 11 11 1 18 7 22 9 11 9 15 13 18 8 25 17 17 11 14 14
71 38 46 22 59 36 38 59 44 50 44 56 44 32 57 42 31 31 49 39
13 4 3 1 6 6 5 7 5 7 1 3 5 1 6 2 1 5 1 1
45 12 34 19 40 15 21 32 30 35 33 26 21 9 27 28 28 14 39 20
28 11 19 7 29 8 20 15 16 26 11 20 24 17 21 27 10 15 12 3
7 8 4 1 5 4 9 5 4 4 5 7 11 5 3 8 6 1 1 1
39 10 26 21 32 15 12 26 22 34 30 23 16 8 25 20 23 10 32 19
45 27 19 33 34 25 38 36 26 32 33 39 42 32 39 12 47 20 19 36
18 8 7 9 8 9 5 11 7 7 10 7 6 1 10 4 10 5 8 4
16 4 3 6 16 9 15 7 11 13 8 5 14 9 17 9 10 5 9 10
36 37 15 26 17 22 34 38 30 23 29 34 40 32 54 21 40 21 18 43
29 11 6 20 12 8 16 20 3 19 12 12 13 16 32 1 17 17 8 25
42 23 37 39 31 22 26 38 27 22 27 43 38 19 45 23 39 26 30 29
18 11 5 3 10 11 15 14 6 5 14 10 17 10 16 6 14 1 3 7
22 12 1 3 14 17 11 17 21 11 3 8 12 13 16 9 6 1 5 13
8 5 8 7 10 5 11 6 1 1 7 9 14 8 8 4 10 1 5 2
57 32 16 32 25 23 32 47 39 35 22 35 22 24 45 15 32 32 22 43
25 27 25 12 22 11 19 23 25 9 24 28 22 11 24 30 27 8 29 17
9 2 5 7 10 1 10 3 3 8 5 5 6 1 8 5 7 5 7 4
48 15 12 21 28 23 16 34 22 30 19 20 21 20 33 11 22 12 15 26
38 27 4 18 23 25 24 30 28 26 12 23 23 24 37 13 22 17 12 32
29 2 13 14 15 11 3 20 10 19 13 13 10 1 14 5 9 4 8 7
60 34 26 31 45 30 47 50 32 41 37 45 44 38 60 16 48 38 17 48
20 1 13 11 17 12 7 14 7 9 8 12 13 5 10 4 9 5 10 3
57 32 30 39 45 29 49 47 38 40 24 43 43 38 58 30 30 45 24 41
17 5 10 12 16 5 11 8 7 14 8 11 9 5 10 9 10 6 10 5
3 1 1 3 1 1 1 1 1 3 5 1 1 1 6 1 4 1 1 2
52 51 33 32 36 24 43 49 29 20 38 52 51 42 58 28 53 30 30 43
1 1 1 1 1 1 1 1 1 3 1 1 2 1 3 1 1 1 1 1
21 18 24 16 21 13 19 19 10 8 29 27 29 13 23 16 30 6 22 10
53 29 53 41 52 33 31 47 49 40 42 46 44 28 48 47 44 20 53 31
7 2 1 3 1 5 4 3 2 4 1 2 7 2 7 1 1 1 1 3
2 6 2 1 2 4 8 2 1 1 7 7 11 4 6 4 8 1 1 1
58 22 38 28 42 41 26 48 37 44 47 50 42 20 35 28 36 20 38 33
60 37 37 27 44 35 34 55 34 30 46 53 39 24 57 23 41 23 43 48
36 17 9 10 21 29 25 31 18 24 29 22 29 23 39 7 20 13 14 31
42 26 28 11 45 23 39 35 39 32 28 22 28 28 44 35 30 26 34 27
7 2 1 1 1 5 1 6 3 4 1 1 1 1 5 1 1 1 1 2
6 2 1 3 1 1 6 1 1 4 1 1 4 2 10 1 3 4 1 5
8 1 2 1 7 3 7 3 3 8 1 1 3 1 8 2 1 6 2 3
33 5 28 23 33 18 25 25 21 19 22 24 19 8 21 15 24 18 29 23
59 50 24 28 39 24 52 48 28 42 46 51 58 53 63 19 56 37 15 49
16 1 2 3 4 1 3 7 1 8 4 2 2 1 7 1 1 1 1 2
22 19 16 4 17 9 17 15 8 3 15 20 16 6 17 12 17 8 14 8
48 19 30 30 33 33 17 39 29 35 31 34 32 17 39 23 24 18 23 22
45 27 21 15 35 21 35 35 15 17 27 28 31 29 42 15 31 20 17 31
45 22 17 29 26 34 18 39 28 24 20 28 23 17 34 2 23 7 20 33
6 1 1 1 3 2 5 2 2 11 5 2 8 2 8 4 2 1 1 3
56 22 29 12 52 35 46 47 37 47 37 40 42 29 59 26 22 38 25 43
22 5 7 4 11 9 10 15 7 23 12 12 12 4 17 9 5 9 5 11
49 34 30 23 31 31 28 45 28 22 38 41 34 24 57 25 34 20 33 46
51 32 30 26 46 31 30 40 41 36 23 34 26 25 39 25 26 15 36 31
11 6 8 1 14 2 17 7 10 10 7 8 8 2 16 14 7 11 11 11
39 23 19 4 35 17 34 32 25 23 30 21 26 24 39 27 24 13 24 26
27 10 13 12 28 14 23 17 18 19 8 14 20 15 31 19 15 20 12 19
41 29 17 14 33 35 34 38 30 33 36 29 37 31 36 8 32 16 5 32
12 6 7 6 15 9 13 7 11 13 8 7 13 7 15 13 9 8 14 7
51 44 32 17 51 28 43 43 46 37 32 44 37 25 50 34 36 23 38 42
62 42 35 26 53 34 39 53 47 33 39 46 36 30 52 32 44 21 42 44
22 12 19 6 23 5 23 14 8 11 13 18 18 10 21 17 15 17 13 9
63 45 33 31 55 35 61 54 45 51 40 53 54 47 70 34 44 51 20 53
58 34 34 30 50 27 51 47 25 33 34 45 48 43 61 28 35 39 22 40
19 4 5 6 13 13 10 13 6 4 7 7 13 7 8 1 10 1 5 4
23 16 12 18 14 1 18 12 1 15 9 18 18 17 19 9 19 14 7 13
5 1 2 4 7 6 8 3 5 8 1 1 8 4 10 6 1 4 4 3
24 17 9 14 15 5 17 12 5 20 12 18 22 17 25 14 21 11 8 13
19 8 11 2 16 1 16 12 1 11 14 11 12 7 14 11 11 6 10 7
25 19 13 6 19 8 27 19 7 2 12 16 18 17 30 13 18 17 11 20
58 31 17 28 38 38 41 50 31 47 31 42 49 43 60 10 30 36 5 45
52 36 42 22 45 33 42 53 31 23 57 50 50 36 61 33 47 22 45 45
36 13 17 28 25 24 23 29 19 21 23 23 27 21 29 6 30 12 17 27
13 1 8 6 12 4 12 5 1 8 4 5 6 1 10 4 5 10 8 7
13 8 7 8 10 10 5 10 9 8 9 7 11 5 14 10 11 1 11 4
45 33 18 17 32 25 25 35 30 33 25 31 24 23 42 23 23 14 27 35
33 32 21 23 21 20 25 31 27 12 20 29 28 20 43 24 32 16 25 34
50 23 23 16 37 29 26 38 32 41 25 29 31 26 40 30 13 18 18 23
46 18 20 17 37 29 20 36 35 30 12 24 25 21 31 22 11 11 15 15
42 28 25 28 28 30 17 37 32 26 23 33 30 21 46 25 21 19 17 27
60 38 39 20 51 22 35 49 40 35 40 48 30 14 43 34 39 27 41 37
44 29 25 26 24 36 15 44 30 29 36 41 31 19 43 13 25 11 33 37
14 1 5 10 9 2 4 6 2 8 5 5 3 1 7 1 6 1 5 3
19 15 12 3 23 14 26 16 14 9 15 15 19 12 25 14 18 13 10 16
19 14 1 1 9 15 8 15 15 14 7 12 10 3 16 6 4 1 3 12
25 15 27 19 29 19 26 22 14 10 31 29 33 15 23 15 34 8 26 14
35 29 21 9 39 23 45 33 31 22 30 31 35 26 47 13 34 31 14 40
20 2 16 8 22 7 15 13 7 10 7 13 12 3 20 9 9 15 11 8
34 32 17 18 25 25 25 29 32 19 23 28 30 24 42 26 29 15 23 33
35 20 13 23 22 15 21 26 13 17 20 30 32 22 32 4 35 12 11 21
24 4 12 13 22 10 18 15 7 5 10 10 10 10 25 3 17 13 12 17
37 19 30 14 40 2 30 24 19 21 18 28 21 18 33 33 24 28 26 19
40 24 19 17 24 9 32 30 19 26 21 22 21 16 43 17 26 31 20 36
18 2 8 6 20 12 17 11 10 17 4 9 18 8 23 11 5 12 4 10
22 12 7 8 5 13 9 17 9 13 15 11 12 4 17 6 11 5 8 11
23 13 19 11 26 14 28 19 8 7 19 18 24 18 25 13 21 12 17 14
4 4 1 5 1 6 5 5 4 4 2 3 7 3 7 2 4 2 1 4
16 7 5 7 10 14 14 12 8 8 8 7 17 11 14 5 10 1 5 9
67 26 49 26 60 38 47 59 34 41 47 51 51 36 56 32 34 39 41 38
16 1 3 3 15 4 11 6 5 13 4 2 9 3 13 5 4 3 8 7
54 22 33 19 47 16 37 40 28 36 25 29 29 28 48 35 25 27 26 25
27 9 13 11 25 15 15 17 17 19 7 12 13 8 18 14 9 11 17 11
19 26 22 16 21 15 21 20 18 8 29 27 36 24 31 27 32 2 22 17
61 37 42 35 54 35 36 51 41 34 31 51 38 29 48 35 31 34 35 34
66 19 33 18 56 48 38 54 43 51 43 46 48 36 47 27 27 26 31 35
39 21 18 30 23 20 25 31 17 23 9 28 31 26 33 13 23 24 8 19
19 7 15 10 19 7 17 10 8 14 7 16 17 9 14 13 8 14 4 3
13 1 4 8 9 7 11 7 1 12 7 1 9 7 20 1 4 9 5 13
53 33 19 7 46 29 38 44 32 41 43 35 43 39 43 28 35 19 25 34
33 12 9 14 17 9 11 18 17 27 8 15 14 10 25 16 11 15 8 13
22 2 9 11 21 8 11 10 8 14 2 8 11 6 19 9 8 10 10 8
17 3 6 10 8 3 4 8 3 5 2 5 5 3 11 1 6 7 3 4
31 17 16 13 20 22 14 25 18 11 14 25 24 8 28 12 17 9 10 12
30 19 24 19 26 13 19 25 20 25 30 22 26 19 39 28 25 10 32 26
51 31 30 27 34 40 20 49 38 25 40 43 39 19 45 19 37 6 27 35
16 2 6 4 11 6 6 8 6 13 2 6 7 1 12 5 1 10 2 4
14 4 7 5 9 1 9 5 3 12 3 8 10 3 8 6 5 7 4 1
17 15 12 11 13 14 16 15 13 8 12 15 15 7 20 12 14 10 14 13
17 5 5 10 9 10 3 10 5 4 2 4 5 6 12 1 5 4 4 6
69 49 44 27 61 37 55 61 44 30 44 59 49 40 65 37 49 43 33 46
71 39 31 32 52 38 38 57 46 50 29 44 41 37 64 31 33 28 31 43
28 5 16 15 24 20 17 23 15 10 15 12 15 9 23 5 16 10 17 17
59 43 33 31 54 27 55 49 32 37 44 49 51 49 58 27 56 39 30 46
20 8 7 11 12 13 5 13 7 7 6 7 9 9 15 3 10 6 5 9
37 23 24 21 32 12 30 26 23 20 21 26 19 18 31 25 31 24 27 24
39 28 9 7 33 33 30 34 32 23 20 28 25 20 41 6 22 18 8 35
26 8 8 8 16 15 9 18 8 19 15 11 12 8 31 7 8 15 9 19
56 43 39 22 51 40 43 51 38 29 42 54 51 34 53 34 37 28 28 31
41 19 27 20 30 22 23 34 23 23 35 33 25 12 21 20 31 10 28 23
40 19 13 7 26 19 14 29 17 25 18 25 18 9 26 14 12 6 14 16
12 2 8 3 14 1 13 6 6 11 1 8 8 1 15 10 3 12 5 7
23 14 13 1 22 7 21 16 12 16 14 12 18 15 21 21 11 10 16 10
4 2 2 2 6 4 9 4 6 6 1 1 4 1 9 5 1 6 4 5
52 33 27 25 40 22 40 39 30 37 20 38 38 35 48 34 23 36 20 30
34 24 28 20 30 13 32 27 17 11 33 30 27 18 42 21 38 22 27 30
12 7 5 10 4 6 9 6 4 11 8 7 12 9 14 7 8 5 4 10
12 12 10 3 20 5 22 9 4 9 11 13 21 16 20 16 13 9 10 9
22 11 6 1 9 6 9 13 5 10 11 12 7 1 12 3 8 4 4 9
35 5 15 8 26 11 11 22 20 38 14 13 14 13 26 22 1 10 13 8
17 3 1 4 9 13 13 14 7 11 8 1 10 8 25 2 4 6 2 18
51 49 36 23 41 8 49 43 40 38 35 43 40 34 52 45 47 39 40 39
44 21 31 25 36 25 22 33 36 31 31 31 27 14 24 27 31 11 38 22
44 16 28 19 36 20 17 30 30 26 19 26 18 11 34 27 21 21 28 19
35 19 14 13 20 22 14 26 15 11 22 24 21 12 28 7 23 5 11 18
27 8 12 15 14 16 10 23 14 19 19 15 12 4 16 8 13 5 15 12
58 36 25 25 47 49 34 51 46 39 43 47 43 28 37 14 43 14 23 39
47 27 42 43 42 26 30 41 34 35 32 45 40 25 51 33 37 33 36 33
17 13 20 16 15 9 10 15 11 6 23 23 19 3 10 10 25 1 18 5
19 5 3 3 12 12 12 11 6 10 7 6 15 9 13 2 8 1 2 8
28 19 21 13 29 18 24 22 14 17 23 29 36 22 32 20 26 9 11 11
54 49 35 39 34 34 31 51 42 36 32 50 39 30 63 28 40 27 35 52
58 31 39 27 52 40 24 47 48 44 29 42 34 23 42 35 22 21 39 17
16 1 1 4 5 8 2 9 1 15 8 2 5 3 16 1 1 1 2 10
54 51 47 22 47 30 41 52 45 34 42 58 47 27 60 50 34 36 38 39
44 15 25 17 36 18 30 34 19 26 27 28 26 15 48 20 24 27 19 30
33 11 14 15 22 15 18 23 7 25 21 18 19 14 38 11 16 19 18 26
23 13 12 3 20 10 21 16 11 17 13 13 16 10 24 15 10 11 10 14
44 26 9 23 21 26 18 36 18 20 18 25 20 19 42 2 24 13 14 35
20 26 20 15 11 8 19 20 17 2 24 23 19 12 34 21 27 14 20 25
24 4 3 6 15 13 7 14 15 15 4 2 8 8 14 8 4 1 8 9
58 19 24 19 45 39 22 49 39 40 30 28 25 20 38 14 20 8 37 35
14 4 4 5 8 12 6 11 7 6 3 2 9 6 8 3 5 1 4 4
29 15 11 7 19 14 13 19 14 18 13 16 16 10 15 13 11 2 10 10
41 13 31 17 39 18 27 34 29 28 28 26 21 6 28 21 27 21 33 28
50 22 27 32 38 20 29 37 32 39 18 29 30 27 36 21 30 25 30 25
55 29 39 16 51 25 33 46 30 36 49 40 44 29 47 36 40 15 45 27
35 27 35 33 29 30 23 35 28 22 29 37 40 24 42 31 29 10 26 20
27 15 19 13 23 16 20 20 13 15 11 21 24 14 22 16 13 14 9 6
29 5 16 13 20 13 11 19 10 26 17 17 17 7 26 14 8 13 8 8
13 1 4 3 9 4 7 6 4 14 3 4 7 1 14 5 1 8 2 6
47 31 21 9 42 29 32 37 35 43 38 31 41 33 43 26 32 15 16 28
3 1 1 4 5 1 2 1 6 9 1 1 2 2 6 7 1 2 4 3
7 3 3 6 10 10 16 7 4 2 3 3 13 10 20 2 7 9 4 13
36 22 20 12 37 22 31 30 20 22 24 29 36 27 34 20 27 16 13 18
30 12 13 16 20 8 9 16 13 18 14 17 12 9 13 12 19 7 11 8
26 10 7 6 14 10 8 16 20 21 9 4 6 8 14 14 4 4 12 10
41 24 17 27 23 17 18 30 23 25 16 32 22 14 27 14 29 20 18 21
14 7 8 3 6 5 10 12 5 7 16 10 10 1 25 8 9 7 12 15
12 1 3 1 12 1 2 2 9 16 1 1 1 3 3 10 1 1 7 1
41 23 24 15 41 12 34 27 26 27 22 25 28 26 41 29 30 23 25 26
25 19 10 7 10 10 14 17 8 11 20 17 16 10 20 11 16 5 8 13
18 26 16 12 12 6 21 18 14 3 17 23 19 11 32 17 26 17 16 22
27 13 8 6 13 16 17 23 12 15 17 15 11 8 31 7 11 17 13 28
32 16 9 2 19 22 19 26 11 18 20 21 19 12 27 4 9 8 11 22
28 19 11 15 22 18 21 19 17 16 22 20 25 20 29 15 28 8 15 18
5 2 1 1 3 7 5 4 2 1 3 1 7 3 7 1 3 1 1 1
23 6 15 12 19 17 14 19 10 8 19 16 21 10 10 4 20 1 12 8
44 26 31 18 38 15 28 30 22 30 36 27 28 25 40 33 32 16 36 21
12 3 1 5 8 7 10 7 6 12 10 4 13 8 18 6 9 2 3 11
43 26 19 13 26 22 36 36 14 26 30 34 35 30 49 15 25 28 22 37
74 29 43 35 59 55 37 66 48 50 41 52 41 27 58 20 32 26 44 52
20 10 7 11 11 14 15 15 9 9 10 9 13 9 20 4 10 9 8 15
16 1 12 13 13 8 8 11 7 5 10 10 7 1 8 1 11 7 13 5
5 1 1 1 7 4 5 1 7 10 2 1 7 3 6 8 2 2 5 1
67 29 39 24 60 36 45 56 44 44 44 47 44 26 57 30 41 32 31 43
7 4 6 3 11 4 15 2 5 8 3 5 11 5 12 9 4 8 7 6
30 16 7 10 21 21 18 21 19 17 8 18 23 18 25 10 14 9 1 16
26 5 8 13 13 9 11 16 8 17 4 9 11 8 27 6 2 17 1 12
61 38 32 20 51 35 37 51 43 45 34 42 43 38 50 40 22 24 26 32
57 37 36 22 45 29 38 48 35 33 27 44 33 24 49 28 21 28 27 34
58 39 46 32 49 30 29 50 46 32 43 50 39 25 44 41 44 15 50 36
64 54 31 32 43 33 44 57 37 39 46 52 51 46 63 31 48 27 34 53
32 24 21 4 28 9 24 20 16 18 20 24 23 13 24 26 21 16 22 14
38 18 14 17 35 24 30 29 25 23 21 21 23 25 39 10 28 22 15 32
44 31 16 22 27 20 30 36 30 32 26 25 33 31 45 22 33 17 23 31
38 23 22 32 22 15 28 30 14 27 29 33 31 21 36 11 38 21 21 31
12 7 3 8 8 5 10 4 4 13 7 6 12 10 15 8 8 5 2 9
21 3 6 9 12 5 3 13 13 17 6 2 1 5 12 10 4 4 11 8
66 35 33 40 50 52 41 58 46 40 36 52 51 39 47 19 39 31 22 41
43 29 24 9 48 25 43 35 38 35 32 31 33 25 47 23 34 33 22 39
30 6 12 11 18 14 8 20 5 23 20 16 17 9 32 8 12 12 13 17
15 1 9 3 13 1 6 6 1 6 2 4 4 1 13 3 3 9 6 4
46 19 18 27 32 33 20 38 35 25 18 27 24 20 27 13 26 10 23 28
60 32 14 36 27 35 34 50 34 37 26 38 37 33 50 6 37 30 11 42
13 1 1 3 7 10 9 11 1 13 10 4 11 6 21 1 2 5 4 14
16 1 5 2 12 7 9 9 3 16 1 6 13 4 18 5 1 8 1 4
12 2 5 7 8 4 6 7 3 5 3 2 2 1 8 1 4 5 6 4
33 13 15 6 22 16 19 25 12 22 16 22 21 11 26 14 8 15 8 14
43 31 24 17 29 23 21 37 23 20 30 37 27 16 28 17 29 10 25 22
30 13 22 14 27 10 23 21 20 22 14 21 16 7 31 22 17 25 17 19
49 20 22 13 34 27 32 38 28 43 37 30 39 38 50 25 25 20 32 36
23 13 10 1 30 15 25 15 19 22 14 14 23 21 20 18 15 8 12 13
39 25 22 11 35 26 26 33 22 12 19 33 29 16 35 17 23 14 17 20
69 41 38 25 57 36 48 61 39 41 41 52 49 40 68 33 34 38 37 54
31 31 25 18 29 4 33 24 13 20 33 30 36 31 40 27 34 24 23 26
34 15 19 2 34 17 32 28 24 22 18 23 26 11 37 18 20 23 13 24
35 10 16 15 31 27 16 29 21 20 26 25 27 13 21 4 28 5 14 17
13 7 1 1 7 10 9 8 4 6 4 5 12 6 8 2 4 1 1 4
20 9 3 13 10 9 10 11 11 18 8 7 12 13 19 10 11 8 8 14
22 22 19 6 23 9 28 17 7 10 24 23 31 21 27 20 26 14 18 13
39 34 36 26 34 31 30 37 29 20 37 39 42 26 43 31 38 11 31 30
60 25 34 37 33 30 28 51 30 45 41 49 43 27 52 17 37 33 34 41
30 8 21 10 32 12 17 21 22 17 17 16 12 6 18 19 18 11 28 11
50 30 37 42 33 30 26 45 31 35 41 47 44 25 48 29 45 20 33 36
24 1 7 10 17 13 9 17 9 17 14 9 12 3 18 5 9 1 13 11
3 5 2 2 1 1 4 1 1 1 6 6 8 1 6 3 7 1 3 1
32 32 28 21 26 10 30 31 23 19 26 34 33 21 53 27 38 30 27 38
52 24 19 30 28 15 29 37 27 49 20 31 33 31 42 24 23 27 14 26
19 7 4 7 6 9 5 11 8 11 6 4 4 1 9 3 5 4 4 7
41 30 21 28 24 23 34 41 26 27 33 36 41 32 60 22 38 23 29 48
15 5 9 7 13 6 12 8 6 10 6 11 13 4 13 8 7 11 4 4
37 39 37 7 37 12 34 35 39 29 38 35 32 19 39 46 36 18 41 25
45 15 31 16 41 15 26 32 20 28 28 31 27 18 39 31 25 21 28 18
27 5 7 7 20 7 13 15 12 26 14 4 9 14 29 14 6 12 17 20
9 12 10 6 8 1 13 5 1 3 13 13 15 8 9 10 15 3 8 1
60 45 41 23 61 27 51 49 43 37 49 45 50 46 55 43 53 29 45 36
21 13 6 3 18 19 19 17 14 10 15 10 17 13 25 6 15 9 8 17
37 13 9 9 16 23 7 28 14 23 15 18 13 7 24 4 5 8 11 21
26 7 19 20 23 14 14 16 10 17 12 20 21 14 21 12 14 12 8 7
24 4 11 9 23 15 14 18 18 15 11 9 14 13 13 12 12 3 16 7
6 2 2 1 5 3 5 2 1 9 1 5 9 2 5 4 2 2 1 1
23 14 8 7 21 11 17 12 16 16 5 10 12 15 18 15 9 10 10 13
6 4 1 3 6 8 12 5 3 5 4 5 14 8 11 4 6 3 1 5
44 21 22 16 43 28 30 34 30 30 22 30 36 29 33 25 25 15 16 16
24 7 1 1 5 16 5 17 8 13 6 7 7 1 16 1 1 1 1 13
41 32 24 25 20 18 12 35 32 24 25 30 22 21 31 25 32 8 30 20
22 17 7 4 11 9 6 12 12 14 10 17 14 6 17 13 12 4 3 9
35 27 13 23 19 21 17 26 19 17 14 26 16 17 23 6 21 9 13 23
12 6 1 1 1 8 1 6 4 4 6 3 6 1 7 1 4 1 2 2
59 23 38 32 44 31 25 48 41 44 45 37 30 23 39 33 38 19 49 37
28 7 22 19 26 18 16 21 15 18 11 19 18 11 23 14 6 20 13 8
18 1 9 10 13 6 2 11 7 10 2 7 4 1 9 4 3 5 4 1
23 10 15 6 21 1 15 12 14 14 14 13 7 4 19 20 16 10 21 12
9 7 7 4 7 6 14 11 3 5 16 10 16 5 30 8 13 6 10 18
17 1 4 4 6 4 10 11 2 7 6 3 4 1 17 1 2 5 6 12
44 34 27 20 30 35 25 42 32 30 33 41 40 23 47 28 18 16 17 28
48 17 35 25 38 25 19 41 30 33 38 36 26 6 43 25 31 22 37 32
46 27 24 22 32 34 23 42 27 22 28 35 31 20 29 10 27 5 24 26
8 2 2 1 1 1 5 3 1 5 5 3 6 1 3 1 3 1 1 2
65 34 42 29 56 33 49 55 37 30 46 50 45 31 51 28 53 33 36 45
53 28 46 27 46 33 36 49 38 42 47 50 44 26 61 41 31 35 43 39
47 26 13 19 30 32 28 37 27 26 18 31 34 29 39 10 23 20 2 27
47 30 41 24 47 11 35 35 28 36 36 41 42 28 46 44 34 29 36 21
4 1 1 1 5 1 3 1 1 8 1 1 2 1 4 2 1 1 1 1
40 22 27 17 28 21 17 31 22 27 27 33 27 13 25 25 22 12 16 10
16 3 2 9 14 9 9 9 11 10 1 1 7 12 18 8 7 7 8 11
28 14 14 5 19 8 20 20 3 14 21 17 19 12 22 12 15 10 14 14
5 1 1 4 9 9 12 6 7 9 4 4 13 8 13 7 5 5 4 6
58 42 31 25 52 23 56 50 40 35 37 45 45 47 56 31 52 33 34 40
51 18 21 19 45 39 36 43 32 40 40 31 35 34 52 11 29 28 26 45
48 33 16 25 33 23 33 37 30 37 30 33 39 32 53 20 39 25 21 39
25 20 17 7 24 9 26 19 10 15 16 20 26 19 25 19 17 16 13 12
28 22 13 12 12 28 10 32 20 17 27 26 23 15 40 11 16 9 18 31
48 35 37 21 37 17 31 39 38 38 34 36 34 26 54 44 35 27 37 29
43 22 20 8 41 21 34 32 26 21 27 25 26 21 33 22 28 14 23 23
39 32 29 20 35 5 35 29 20 29 33 31 37 32 48 37 36 25 33 32
38 29 14 12 26 18 30 30 21 18 25 25 29 28 36 21 28 16 15 28
31 24 24 11 35 9 30 22 19 24 25 25 31 26 27 32 27 18 28 15
43 34 26 21 41 28 35 37 39 32 34 36 40 35 55 28 41 27 26 41
58 34 37 28 49 26 34 48 39 31 30 48 31 16 41 28 39 28 36 37
58 33 15 34 28 30 30 45 36 52 31 37 41 37 57 23 37 33 17 40
51 36 44 19 43 18 31 44 40 34 39 43 36 20 48 48 36 25 41 29
34 41 31 30 27 28 25 35 35 19 33 41 32 23 38 33 36 6 33 32
14 2 6 7 10 1 7 4 3 13 6 7 7 1 8 6 7 4 5 2
13 3 4 8 7 2 9 5 2 7 6 1 4 5 20 3 5 11 5 15
21 20 21 17 17 11 17 20 12 19 32 26 27 14 34 22 25 9 24 22
29 17 15 8 23 20 26 26 21 8 12 17 16 10 27 12 16 16 16 23
61 22 37 38 45 31 40 49 27 49 43 50 48 37 46 24 42 33 36 41
60 40 38 23 45 25 34 51 46 46 34 46 32 17 57 36 29 35 34 43
24 17 25 16 28 9 22 16 12 9 23 25 20 11 29 19 29 15 23 15
20 7 17 13 25 15 21 16 13 13 15 15 19 11 18 13 17 10 18 12
51 37 46 31 40 33 33 50 38 26 52 52 46 26 40 38 49 16 46 38
8 1 1 6 1 1 1 1 1 5 2 1 1 2 9 1 3 2 1 5
4 7 5 1 5 2 12 2 1 1 6 8 12 6 6 6 7 3 2 1
35 17 8 12 23 18 17 21 19 21 18 15 19 16 32 13 20 10 14 22
33 4 21 18 35 19 17 22 22 26 12 18 21 14 23 20 9 16 17 7
14 1 8 9 10 3 4 6 1 9 4 6 7 1 8 3 5 4 6 3
24 7 15 9 22 6 17 16 17 15 10 11 7 3 19 17 11 13 21 14
26 10 5 12 10 5 8 16 12 16 6 9 5 9 12 9 10 5 9 11
49 25 26 23 32 14 27 38 30 30 28 25 16 18 38 26 30 24 33 31
9 1 1 1 2 2 5 2 1 2 1 1 5 1 2 1 1 1 1 1
12 8 1 1 4 15 6 12 9 2 2 5 9 5 8 1 3 1 1 7
50 42 34 21 43 3 49 38 28 37 32 46 43 32 57 40 46 45 32 40
10 1 6 7 7 5 10 6 1 8 5 5 8 1 10 4 5 7 7 6
11 6 9 9 10 8 13 8 3 1 8 10 13 7 10 5 10 5 7 3
34 28 15 15 27 29 24 30 26 20 28 27 31 23 38 11 31 15 13 27
22 16 10 7 26 21 31 21 16 11 18 18 27 21 29 5 21 15 8 22
16 1 11 13 15 12 8 12 8 10 10 10 12 5 9 5 11 3 11 3
18 7 12 14 13 6 15 11 4 6 13 10 10 8 19 6 15 11 11 14
64 36 30 43 38 40 26 53 36 44 30 46 34 28 54 22 23 33 25 39
44 13 22 17 35 33 27 37 23 33 23 23 29 22 45 19 4 28 17 28
62 29 30 31 52 38 46 52 40 43 44 41 45 40 47 24 49 26 32 46
49 10 32 11 43 20 29 38 31 38 35 30 24 15 35 24 19 23 42 31
36 22 15 14 21 27 10 29 25 26 13 27 22 11 29 12 6 10 9 16
41 34 38 23 41 10 31 34 28 30 39 39 44 33 41 43 41 19 39 24
15 3 8 8 9 10 5 13 8 2 5 7 3 1 4 1 6 3 9 3
53 26 23 12 49 33 39 41 34 44 35 35 42 33 50 25 29 24 16 31
16 3 2 6 13 11 9 11 8 7 4 4 12 7 11 2 7 1 3 6
63 38 45 37 54 18 46 50 45 48 39 49 45 31 57 39 53 41 49 44
48 23 22 20 43 34 34 39 36 29 21 32 32 25 43 22 25 26 16 29
25 15 14 3 20 14 19 20 11 13 20 20 28 12 30 15 17 8 6 10
11 6 6 8 9 2 10 5 1 3 9 9 9 4 8 4 11 3 5 3
48 25 16 9 40 31 23 38 38 33 21 26 27 22 33 20 21 12 17 21
51 32 33 15 42 29 33 40 41 45 28 35 34 30 33 41 24 22 27 14
23 9 13 5 22 8 19 15 9 20 22 17 17 8 25 17 15 11 20 17
44 22 25 23 33 32 18 35 27 24 22 36 28 14 18 8 24 2 23 20
10 1 1 3 9 1 2 1 8 13 1 1 3 2 3 9 1 1 6 1
29 22 27 14 34 1 31 21 16 24 23 28 30 21 33 30 24 26 21 19
3 1 2 1 4 1 10 2 1 1 2 2 4 1 7 1 3 6 3 4
19 7 5 8 13 1 9 6 8 21 10 8 10 8 16 12 10 8 6 11
21 13 21 11 22 1 16 14 12 12 17 19 12 1 28 19 21 17 22 16
31 7 12 15 22 20 16 24 13 15 22 15 20 13 24 1 18 4 12 18
15 2 3 1 13 3 8 4 9 17 1 6 9 2 8 11 2 6 5 1
8 1 5 1 10 7 11 5 6 10 4 1 8 4 12 7 4 9 6 7
26 23 19 12 21 7 23 19 9 17 29 22 30 23 35 24 29 12 19 20
29 17 12 14 22 25 15 26 21 16 7 17 13 10 25 8 9 10 16 22
70 37 34 23 48 30 52 60 33 37 46 53 46 36 65 21 46 41 35 54
34 25 7 11 20 28 12 30 26 20 20 23 22 14 32 8 19 1 12 25
17 6 1 1 9 15 11 14 9 1 4 5 12 7 11 1 6 1 1 7
56 33 39 19 41 33 28 50 38 37 50 46 42 25 38 35 39 9 46 24
11 2 1 2 8 9 6 6 5 8 4 1 9 5 7 3 5 1 1 3
17 5 1 5 7 12 10 12 6 8 6 3 12 7 16 1 4 2 1 10
16 14 15 1 19 4 24 10 10 8 16 16 13 7 19 15 17 16 13 15
32 19 11 18 15 3 13 19 15 33 17 19 19 17 32 19 22 16 15 22
22 3 9 9 11 8 1 13 7 12 6 7 7 1 11 4 5 5 4 3
23 6 11 19 18 9 7 11 12 15 12 12 10 8 13 9 17 7 15 8
31 13 1 11 13 18 19 24 9 22 17 14 22 20 33 1 18 9 2 27
42 27 21 23 27 29 16 36 25 20 31 34 30 16 33 13 31 2 22 26
41 41 34 22 30 11 34 37 33 27 38 38 33 24 50 42 42 27 38 38
34 12 10 10 24 26 19 29 18 25 22 21 28 18 38 10 16 12 5 22
9 5 3 2 5 4 7 4 5 7 2 4 8 2 2 6 4 1 2 1
8 5 1 1 4 6 10 5 1 8 7 6 12 6 11 4 5 4 1 6
50 32 36 36 34 28 26 44 36 22 33 44 26 15 38 22 42 25 37 40
10 5 2 3 3 9 7 6 6 6 1 3 9 3 6 3 2 2 2 1
64 10 37 35 51 43 35 52 36 52 40 45 47 34 48 23 24 31 33 41
30 15 4 14 12 9 14 19 17 25 5 9 14 18 22 12 10 11 9 16
10 14 7 4 11 3 19 8 1 1 12 13 19 17 21 9 18 9 5 9
39 14 31 15 32 18 24 32 25 35 34 34 30 17 49 28 20 28 34 36
64 32 38 16 50 28 45 54 30 28 44 45 37 29 57 24 37 35 39 48
40 11 27 10 42 15 25 28 22 23 27 26 26 14 27 23 28 11 28 16
60 34 45 35 42 36 27 54 42 34 43 49 34 18 58 34 28 33 39 41
32 13 17 15 22 8 16 22 13 21 22 17 14 17 22 19 20 8 20 13
58 37 40 41 43 33 39 53 30 38 53 56 57 40 62 29 55 24 40 48
11 13 13 6 13 5 19 7 8 10 15 15 16 7 19 17 16 11 12 11
18 1 9 9 17 6 6 8 7 14 7 10 10 2 10 7 9 3 9 1
22 11 1 1 11 13 4 13 19 15 1 8 6 4 6 9 1 1 7 5
26 19 20 10 25 14 24 19 11 12 17 23 27 16 27 19 18 18 13 9
17 5 8 9 14 7 17 10 1 10 10 7 14 9 22 5 8 8 8 15
15 1 4 5 7 9 4 9 3 2 3 2 5 1 6 1 3 1 4 1
38 21 18 6 29 18 24 30 24 23 17 20 18 16 28 23 13 11 21 21
16 5 5 12 11 12 10 10 6 5 5 1 11 13 19 1 10 8 5 12
45 36 34 21 38 27 30 43 29 10 36 44 34 18 44 24 38 16 36 33
42 25 28 21 39 22 25 34 30 33 37 36 40 28 44 31 36 12 25 25
19 6 13 9 23 7 19 11 2 5 10 13 18 13 22 6 15 8 8 10
63 43 31 27 56 27 57 49 42 47 34 47 49 48 63 31 50 44 25 49
19 9 9 7 16 13 20 16 7 7 17 11 19 13 19 6 16 6 7 13
24 14 10 6 26 17 20 16 19 22 17 19 27 16 26 19 19 9 11 12
43 27 19 9 31 24 31 38 18 26 33 30 36 29 37 20 24 16 20 31
43 15 30 28 35 25 23 32 24 28 24 31 29 16 29 19 25 18 19 18
10 6 1 6 8 7 11 5 2 6 3 5 13 12 13 4 9 3 1 8
21 2 4 4 7 7 3 12 3 17 11 4 3 1 11 2 4 3 5 9
64 43 32 23 53 30 48 52 39 33 33 48 40 34 56 32 46 35 30 44
10 2 4 6 5 1 1 2 1 5 5 4 3 1 6 1 6 1 4 1
