1000 20 10 1872
5 1 19 18 4 7 6 21 5 4
6 2 15 7 5 18 3 9 2 2
12 7 8 4 12 19 12 14 10 16
7 9 1 7 10 4 2 4 14 11
2 4 7 5 3 12 9 3 7 12
14 9 1 8 11 4 11 8 18 14
4 13 10 3 9 4 8 5 4 6
13 5 4 9 2 2 2 16 3 1
0 4 10 4 15 21 1 9 6 2
6 4 11 10 5 1 1 4 6 4
13 7 4 0 4 7 2 4 18 5
1 5 4 0 13 4 3 2 4 6
14 1 10 3 7 7 3 14 14 4
8 11 1 10 10 4 12 15 14 15
5 11 4 5 12 8 12 6 19 6
0 7 8 4 8 11 3 10 2 3
1 2 6 2 4 5 9 0 1 9
12 7 5 1 9 2 3 2 2 1
5 1 15 13 10 9 12 4 3 8
0 4 2 8 2 0 2 5 3 4
4 11 3 13 21 1 18 19 7 9
12 14 17 7 2 10 15 2 2 2
1 5 5 9 1 5 0 7 2 6
15 1 3 2 9 0 7 4 13 2
7 5 1 4 6 9 5 8 4 5
16 14 5 3 1 15 14 1 3 1
7 5 6 2 0 10 1 11 1 3
3 2 2 4 9 9 1 1 3 4
9 2 20 2 7 4 0 14 10 26
8 6 8 4 5 7 3 3 2 3
22 6 5 7 3 0 10 2 1 7
6 10 17 11 2 10 17 2 0 0
5 10 2 5 14 8 17 17 5 8
28 3 6 9 9 12 12 4 1 6
6 14 2 14 8 1 16 5 1 3
14 7 5 3 9 2 0 1 6 7
12 5 13 13 11 17 1 3 13 1
2 8 7 3 5 8 11 10 2 13
2 6 3 8 4 4 19 12 11 9
1 2 3 2 10 3 3 5 5 5
5 0 6 8 16 4 3 3 5 14
4 3 6 2 5 3 0 1 1 3
5 4 8 1 4 8 3 3 4 3
10 2 2 17 9 1 9 5 4 2
5 1 3 3 5 22 5 3 24 5
13 1 5 10 18 7 7 5 1 19
8 7 22 15 6 5 19 1 5 11
5 1 16 20 0 2 5 2 21 16
16 7 9 16 25 14 1 2 1 1
5 3 2 5 2 4 3 1 4 2
15 9 22 10 11 2 18 12 5 1
5 0 3 6 1 9 3 10 3 8
5 12 5 17 11 1 6 6 8 1
10 8 1 8 1 12 4 2 17 6
11 0 9 7 18 14 8 12 8 3
3 14 7 12 3 3 1 3 2 8
3 16 2 4 15 15 1 4 10 11
2 4 25 9 22 1 3 6 10 10
4 14 3 10 5 4 6 1 1 18
13 10 3 12 5 11 6 2 8 11
4 5 5 8 5 8 2 1 15 22
2 20 13 8 6 9 1 5 8 6
1 1 1 3 5 5 4 4 8 1
14 7 1 7 16 7 2 13 13 8
7 1 0 2 2 2 2 1 3 9
0 1 1 0 7 7 2 1 4 4
14 3 14 10 7 9 10 7 6 2
9 1 10 8 3 3 6 7 6 10
7 11 17 11 10 7 4 14 12 10
3 4 5 0 11 0 4 4 4 1
0 4 2 2 5 8 5 7 2 3
3 2 4 2 3 5 1 11 1 5
13 3 14 5 20 5 9 7 10 4
14 16 18 7 0 8 3 0 0 11
6 6 5 0 2 5 2 6 6 14
5 14 7 19 5 4 5 2 18 4
14 2 13 9 12 6 4 9 24 10
11 8 2 4 4 3 7 8 10 4
4 2 1 4 8 9 6 7 23 4
14 1 6 11 8 0 6 3 10 9
3 3 3 5 1 2 11 6 7 8
5 2 2 7 2 13 15 0 6 5
2 2 2 3 0 2 10 6 4 6
5 9 3 13 15 8 10 16 11 12
0 8 9 15 6 15 3 4 7 11
1 3 1 2 6 5 3 0 7 2
14 0 6 2 14 1 1 17 6 12
6 5 3 4 5 1 5 7 3 12
13 23 17 5 13 7 0 2 6 1
9 3 10 9 1 8 17 12 13 0
8 3 8 4 1 3 11 4 8 5
2 3 11 8 1 4 3 7 2 0
11 12 11 0 18 1 11 11 17 14
15 7 20 7 8 3 1 11 9 7
7 4 2 4 6 6 0 8 5 12
5 6 21 3 7 24 9 4 3 3
0 3 6 8 1 5 2 7 1 5
3 2 9 2 1 2 4 2 0 5
12 3 9 6 6 10 10 6 6 10
5 9 19 4 13 7 2 16 4 7
22 2 2 0 14 7 7 8 15 13
1 11 1 13 17 20 7 4 3 6
5 8 1 1 4 3 4 14 12 5
17 7 5 3 4 10 0 1 5 7
3 17 7 6 5 2 20 19 4 3
5 2 11 10 0 6 5 8 1 2
15 4 7 15 9 1 11 18 1 1
7 3 7 11 12 9 6 1 5 13
4 0 2 5 5 2 10 4 5 2
1 0 3 8 7 3 4 11 11 17
4 18 4 0 0 1 1 10 1 3
2 2 5 2 4 1 3 0 5 5
9 20 6 1 2 3 1 7 1 3
9 5 7 13 12 13 28 2 10 9
9 5 10 2 8 14 10 7 5 16
1 18 19 4 6 12 3 17 6 4
2 2 0 9 3 8 9 8 7 12
2 5 9 5 14 9 16 16 13 5
0 6 3 2 8 2 3 10 5 2
4 1 5 6 5 8 1 7 2 4
12 8 2 16 3 16 7 9 27 3
1 9 2 11 10 6 12 8 6 1
18 12 6 17 9 2 3 2 4 3
5 6 1 18 21 2 6 5 18 13
17 1 8 3 17 1 5 10 3 2
19 16 7 7 7 3 3 5 0 2
2 1 1 4 2 9 0 5 7 0
7 2 7 3 2 7 2 6 1 1
4 1 10 11 2 5 0 4 5 5
10 10 23 6 0 7 7 4 13 6
7 5 10 2 14 6 4 2 10 14
9 6 6 13 8 6 10 9 8 11
1 0 5 14 0 2 2 3 2 3
5 1 1 2 3 4 0 0 11 5
11 4 12 13 5 5 15 22 2 16
0 17 0 10 2 7 4 2 10 7
17 8 3 7 5 3 13 13 0 13
6 3 6 7 5 16 16 7 8 8
1 4 6 5 9 2 11 1 8 9
5 1 1 3 11 4 4 9 3 1
1 2 2 3 4 4 2 9 5 1
3 5 0 10 4 11 7 3 7 3
4 7 10 11 1 3 1 0 1 1
8 12 6 12 16 14 2 9 6 18
17 3 14 13 5 0 6 1 12 6
4 4 3 3 1 1 7 1 3 2
8 17 9 18 2 2 4 22 9 13
5 6 0 16 6 10 3 13 3 14
6 7 6 15 8 14 17 16 11 3
1 20 7 0 7 2 10 1 4 14
1 1 12 7 6 11 2 0 1 13
2 4 4 5 7 8 12 2 3 3
5 6 25 2 24 4 1 0 1 12
6 3 10 4 6 2 0 3 12 3
13 6 13 25 11 14 9 3 9 3
9 12 3 15 6 10 4 8 2 10
4 7 14 1 5 23 15 4 3 12
10 8 2 2 7 14 1 6 5 7
2 8 14 2 14 2 8 3 4 1
6 1 8 2 5 2 15 4 5 3
6 3 10 25 6 10 8 20 0 3
1 8 5 4 1 3 0 11 3 3
8 14 4 7 1 3 6 2 0 10
15 5 6 14 23 10 8 14 7 5
7 17 9 17 8 6 3 12 8 1
3 3 3 2 6 1 2 2 0 10
13 1 2 16 5 2 4 1 7 16
3 18 6 2 8 2 4 4 10 7
1 6 4 1 6 6 3 1 4 1
5 13 5 5 12 11 2 8 7 9
6 1 9 8 4 1 3 1 12 6
12 2 12 8 12 20 14 10 7 9
16 0 16 5 10 8 20 3 6 16
2 7 2 6 2 5 7 15 3 19
8 17 7 4 2 11 8 7 3 13
15 15 2 9 12 10 7 17 17 1
3 3 2 2 8 10 16 19 23 5
12 1 5 7 3 2 2 1 3 15
3 15 8 3 5 5 12 9 0 5
9 6 3 6 6 16 5 5 16 16
9 9 8 5 7 10 13 18 21 1
10 25 9 2 8 15 5 14 13 10
10 1 1 7 3 4 0 9 18 12
4 5 1 0 4 4 5 3 6 10
14 24 1 3 14 9 9 15 1 12
3 12 6 8 3 17 3 14 2 15
13 8 1 7 10 10 3 5 13 3
8 1 2 18 6 22 15 1 11 7
1 9 4 5 2 3 10 0 6 3
10 6 12 7 5 7 5 5 4 0
9 14 1 7 4 16 19 7 4 0
3 17 11 1 22 2 4 4 19 6
0 19 3 24 9 11 4 1 7 1
6 11 8 6 2 4 4 8 17 7
1 14 8 25 9 5 7 6 9 4
1 2 1 7 4 3 8 3 6 0
25 1 9 17 4 7 7 1 11 13
19 4 2 7 8 5 5 9 5 0
4 2 7 6 8 2 0 7 8 3
1 0 6 2 9 5 6 23 4 3
6 1 8 0 6 9 1 2 2 1
11 3 2 0 11 4 5 4 3 0
4 3 11 0 2 1 6 1 3 7
3 5 0 14 0 1 5 6 3 7
6 11 1 8 22 6 21 13 9 3
2 14 9 2 11 2 5 18 3 1
9 4 1 22 14 5 17 15 8 3
3 5 6 8 13 17 8 5 3 16
1 3 9 3 12 11 16 2 16 3
14 6 9 5 11 21 1 4 9 1
1 13 2 3 5 6 10 3 1 3
0 7 5 5 3 2 6 3 4 1
8 16 2 6 6 6 1 4 1 22
8 9 17 6 1 2 6 0 4 19
4 13 5 1 14 12 12 22 1 10
4 4 4 3 6 3 2 1 7 9
7 4 1 8 0 2 2 1 1 4
1 6 7 2 4 0 20 12 5 3
2 3 3 8 12 2 6 4 2 12
4 4 3 8 3 11 1 5 3 6
3 6 10 3 4 8 15 5 7 7
11 7 17 7 7 3 12 3 14 7
3 12 5 3 10 1 1 4 2 23
0 6 5 17 8 1 0 12 12 9
11 1 14 2 4 8 3 28 5 2
14 2 4 2 13 9 3 5 3 3
6 2 10 7 14 10 6 1 12 8
3 11 2 5 15 1 2 17 14 8
7 2 4 7 12 19 3 16 0 8
3 11 23 6 14 1 19 12 2 3
6 1 0 1 0 0 7 3 4 1
6 4 5 2 0 1 1 2 4 1
3 3 4 2 0 6 5 4 9 1
2 24 11 4 6 13 5 1 18 2
3 10 16 1 7 4 6 1 2 28
3 7 15 12 10 18 9 18 2 5
24 3 10 5 6 11 10 11 2 5
8 4 2 8 2 3 2 4 1 10
5 2 3 2 4 4 2 8 5 7
8 7 11 9 10 12 20 2 19 15
4 13 8 5 11 6 9 7 14 3
4 6 1 4 7 4 1 6 8 10
16 19 8 1 2 1 11 7 24 3
19 6 13 19 19 1 11 0 3 3
5 2 2 11 8 4 1 1 4 9
20 14 2 1 6 7 0 2 2 4
16 9 5 1 19 9 7 4 3 7
7 7 2 6 10 14 14 2 1 10
5 0 6 2 4 10 8 10 2 3
5 7 4 6 6 0 2 12 6 23
3 20 4 6 4 1 11 5 4 0
3 1 2 7 2 2 6 2 2 1
6 1 0 9 3 9 6 3 3 10
3 25 8 4 10 1 17 0 2 19
6 15 11 8 7 3 2 12 5 8
7 7 7 1 4 13 19 11 2 2
11 8 11 9 27 3 15 10 5 0
2 6 4 0 4 3 2 3 2 2
4 8 7 11 14 0 7 0 1 11
4 1 2 8 4 4 7 5 5 6
7 4 10 6 2 6 1 1 5 9
1 1 4 12 1 4 9 13 11 4
7 16 3 13 13 8 3 1 8 16
2 4 3 4 0 2 8 2 2 11
0 3 0 3 3 9 2 0 4 15
23 2 6 8 16 20 7 16 1 4
6 2 3 12 6 1 7 1 7 8
2 6 2 5 2 6 4 3 2 1
10 9 0 10 13 19 3 7 12 1
2 5 5 0 1 6 3 0 6 6
2 4 2 1 2 4 1 3 7 1
4 0 7 1 9 0 14 8 3 13
0 3 0 0 3 11 3 3 17 1
2 8 1 4 2 3 4 2 2 3
8 4 1 7 11 1 12 6 1 3
1 9 6 2 3 0 0 7 5 3
6 2 18 8 6 8 5 2 21 7
10 16 0 7 11 14 28 5 4 7
3 3 7 3 4 4 0 1 4 2
9 6 4 2 12 10 16 19 7 7
0 0 4 4 2 1 0 1 2 8
1 0 9 4 0 8 5 2 1 4
3 0 1 4 2 6 1 1 4 4
1 3 5 1 2 2 6 0 4 4
4 5 1 4 4 6 3 4 1 8
19 2 4 17 18 3 7 2 19 12
3 3 4 3 5 10 0 0 1 2
2 6 9 0 12 8 16 6 2 13
13 22 1 3 6 3 18 7 0 1
6 10 16 2 6 2 8 5 18 9
4 9 3 4 3 5 0 1 0 2
8 3 8 1 5 11 4 9 2 12
2 4 0 2 1 4 9 1 1 1
16 6 15 17 9 4 1 2 22 7
3 0 3 5 0 9 3 1 1 3
11 0 1 7 1 10 2 5 1 3
2 3 3 1 1 4 2 3 10 7
9 4 1 2 1 3 3 6 5 4
1 4 7 8 6 3 3 1 11 3
6 11 1 2 9 5 4 1 9 2
2 2 4 3 11 4 6 3 5 1
17 9 7 13 10 4 21 2 1 9
2 2 6 3 6 9 12 2 8 0
4 1 6 15 6 10 4 9 7 4
4 25 11 12 3 8 5 17 6 8
2 2 5 3 7 5 3 0 1 6
8 4 16 4 6 20 13 2 3 1
12 2 14 10 15 9 8 5 3 3
6 2 24 7 3 20 12 5 8 5
1 26 10 3 7 2 14 14 4 2
2 6 1 2 5 3 7 6 3 0
6 4 4 0 3 2 6 4 3 7
15 5 0 0 7 9 10 7 12 5
6 0 17 2 7 11 5 8 8 10
20 4 11 0 3 2 26 8 6 13
10 9 10 12 8 1 5 11 7 6
3 4 2 1 3 3 9 5 6 6
5 9 2 7 11 9 3 3 4 6
18 6 11 5 9 5 2 9 5 9
5 5 0 6 9 10 0 1 4 3
9 19 6 11 6 18 9 0 10 8
1 0 8 8 7 11 9 14 15 7
4 8 3 2 12 3 1 8 1 1
0 14 6 9 9 9 2 7 11 3
6 4 1 1 2 6 1 2 2 2
14 5 24 15 6 5 5 15 9 3
5 4 2 5 3 0 1 3 1 6
18 11 2 10 2 5 23 7 2 0
8 9 2 7 1 13 11 5 10 2
7 11 6 1 3 2 5 7 8 6
6 7 15 7 4 12 17 6 1 2
4 12 1 6 7 3 2 0 3 4
2 11 1 13 8 4 12 18 3 16
3 8 3 2 2 10 0 1 2 6
22 3 10 0 18 4 23 3 6 2
7 7 1 2 16 6 6 12 0 3
0 4 5 4 6 3 5 1 2 1
6 0 2 9 3 5 7 3 1 7
10 0 0 3 5 1 5 1 2 0
1 6 20 5 17 9 9 4 8 2
3 3 4 1 4 3 3 7 1 3
6 7 3 1 27 1 3 4 8 19
3 10 4 3 3 8 7 12 9 0
0 3 4 1 7 0 2 5 0 3
11 4 2 6 8 1 3 3 6 1
4 4 16 4 8 4 11 8 14 11
8 7 17 7 15 1 8 4 3 8
7 6 8 19 17 16 8 5 11 10
1 0 5 6 4 2 8 6 2 5
1 4 6 0 2 3 5 3 4 7
8 13 1 5 6 3 3 1 3 3
11 11 12 9 4 11 5 6 17 4
0 2 11 17 12 10 13 6 26 8
1 3 1 0 8 11 9 2 4 0
15 22 8 14 7 15 3 4 15 8
24 4 24 6 12 3 10 2 0 7
2 0 8 4 11 1 9 1 11 6
8 5 1 1 9 4 5 5 2 11
13 15 1 4 3 9 5 4 8 6
6 5 4 2 10 4 20 11 5 10
11 6 4 11 10 2 11 18 14 13
1 3 3 2 4 1 4 1 6 4
10 17 7 2 14 19 9 1 20 3
5 1 24 6 4 6 2 12 5 2
9 9 1 1 6 1 9 4 7 6
1 6 9 1 3 5 9 8 4 2
4 10 3 7 0 6 6 2 3 2
2 1 9 0 12 8 0 3 18 7
10 5 2 0 12 3 0 5 1 7
13 4 3 5 1 1 3 12 7 0
6 0 27 0 12 3 9 2 4 4
3 2 6 6 3 7 13 7 13 2
0 10 17 1 13 5 10 3 25 8
2 6 3 6 4 0 5 1 5 3
2 2 6 1 7 4 5 6 6 2
4 1 4 7 5 0 0 4 0 6
1 10 6 7 3 6 6 7 2 8
8 19 12 4 18 13 4 7 6 2
15 16 25 8 4 2 2 12 6 10
1 7 4 10 1 1 1 1 0 2
1 3 1 6 4 4 0 5 1 5
6 8 10 15 6 0 1 15 19 0
1 4 7 9 7 4 6 2 0 2
3 2 7 4 9 5 7 5 4 6
2 4 4 6 10 2 1 6 8 2
2 0 2 1 6 8 2 2 1 8
1 6 4 0 0 1 2 7 5 3
8 13 5 15 6 19 11 4 14 13
4 1 6 2 1 0 4 2 5 2
10 12 16 10 10 5 7 9 10 9
12 7 4 2 5 10 7 2 1 1
6 6 5 9 12 7 20 3 13 7
11 0 6 1 12 13 8 4 11 10
3 3 4 7 2 7 8 5 6 23
6 15 13 1 8 1 2 6 24 9
10 2 1 21 2 1 23 14 11 7
6 11 15 3 6 11 5 2 20 8
11 3 2 2 3 10 6 1 13 3
6 8 8 7 13 22 16 2 18 4
5 6 0 9 4 10 14 8 5 14
5 1 4 3 2 3 7 8 5 4
3 17 22 12 5 6 7 1 4 10
3 5 3 4 1 1 20 2 10 18
9 21 19 2 0 5 4 7 14 4
12 6 10 17 3 8 26 1 7 4
9 5 13 6 25 12 7 3 9 18
8 8 1 2 3 10 2 12 7 0
2 2 7 4 2 1 1 5 3 6
0 1 2 8 0 5 3 1 2 2
5 6 16 2 10 15 2 19 6 7
9 3 3 6 3 2 10 17 1 12
1 1 7 3 1 5 2 2 3 4
12 18 7 5 12 16 1 6 0 18
2 2 2 2 4 1 5 3 5 6
2 7 9 2 11 25 5 1 1 6
7 1 2 10 4 3 6 6 7 7
20 2 18 2 6 21 11 9 0 7
8 0 5 5 1 4 7 0 2 5
2 5 5 2 3 8 2 7 2 3
7 17 5 18 9 15 9 4 6 0
0 7 4 8 11 7 11 8 1 14
4 4 1 2 3 1 6 1 6 1
1 8 5 3 0 4 5 16 1 6
3 2 3 2 0 0 0 1 11 2
6 2 11 8 2 5 2 1 8 4
2 6 14 4 14 7 11 17 7 1
0 1 1 8 1 3 4 1 4 0
9 2 1 20 6 8 0 6 4 4
1 1 0 12 2 0 9 20 2 10
15 4 13 1 11 3 6 21 19 2
3 0 5 2 10 6 10 3 5 0
7 1 1 1 5 10 16 8 11 3
2 3 1 2 6 2 2 7 0 2
9 15 6 1 6 3 3 6 19 9
1 0 6 2 1 3 0 5 5 4
0 0 2 5 6 2 3 1 1 11
3 10 8 4 7 9 14 15 13 10
2 3 15 1 6 9 4 11 1 13
7 3 5 8 2 0 5 3 2 2
14 5 12 2 0 16 7 4 5 2
2 15 9 7 6 8 4 9 7 7
0 9 17 12 8 7 2 11 3 3
6 4 5 6 2 10 2 5 11 0
7 12 0 1 5 20 4 8 15 3
0 5 19 5 16 1 11 8 8 19
8 4 7 7 3 2 16 2 7 18
8 10 13 20 0 2 16 3 4 16
6 0 24 1 3 19 9 10 3 12
5 7 1 10 6 4 5 10 0 0
2 8 6 5 1 1 6 1 2 2
5 1 5 9 18 6 6 6 25 1
6 2 6 2 1 4 1 2 2 2
10 5 6 5 0 2 1 10 6 0
4 1 3 5 1 3 5 2 3 1
10 2 6 7 11 4 10 4 3 1
18 1 2 7 14 5 0 14 22 7
6 12 1 5 5 8 4 5 23 15
4 14 10 6 16 15 6 14 10 3
0 11 6 0 2 3 2 10 13 4
15 7 10 2 4 12 10 5 6 0
3 9 7 9 7 1 2 7 17 11
3 10 1 4 4 6 10 5 3 4
7 7 7 2 3 2 6 4 1 1
8 11 1 11 8 2 6 11 2 2
12 8 7 4 4 4 11 15 6 12
7 2 2 3 15 4 6 0 15 1
14 16 2 2 9 0 13 0 19 13
9 4 2 3 7 1 3 8 2 6
9 10 6 7 6 0 10 4 3 8
2 2 21 3 9 2 0 12 1 11
9 12 1 7 6 13 8 9 4 6
5 0 0 2 7 2 3 5 0 1
8 0 5 5 2 8 8 8 0 2
9 5 2 3 6 6 0 1 4 8
6 2 1 5 1 2 2 2 3 7
1 4 0 4 5 8 10 15 8 7
6 7 10 1 10 10 1 1 7 4
0 3 3 5 6 0 3 1 3 4
4 9 1 4 14 7 12 14 4 3
5 10 7 2 4 9 1 2 0 17
2 4 0 6 2 4 1 2 6 7
1 7 20 11 0 5 1 19 17 12
15 16 25 8 7 6 9 7 7 8
7 5 6 17 24 13 12 6 4 4
5 20 7 5 2 16 1 8 7 4
11 5 5 9 0 16 6 22 20 6
3 2 9 0 2 7 4 2 2 9
2 15 2 1 16 5 1 12 13 8
3 2 1 6 13 15 15 4 10 2
7 10 7 4 4 1 1 4 2 7
10 6 12 8 4 4 1 12 4 6
8 6 1 3 8 1 1 1 6 1
1 1 1 2 3 6 6 1 5 5
9 1 7 5 7 13 6 11 11 2
16 1 7 4 15 11 5 2 24 12
3 14 7 4 2 3 5 4 7 0
4 11 2 4 4 1 13 9 3 2
9 2 16 0 1 4 3 1 13 10
3 4 1 10 3 1 5 1 24 6
0 4 5 1 6 12 15 9 18 18
5 4 0 11 3 1 12 2 3 5
9 4 2 10 3 9 5 4 0 10
8 10 12 9 1 3 5 3 5 6
19 16 15 8 4 12 3 12 6 13
11 4 0 4 8 4 14 10 4 6
2 8 16 3 3 18 10 4 10 11
0 6 3 5 2 1 6 2 4 7
0 4 2 5 3 1 9 2 3 0
7 16 12 20 2 2 13 3 8 15
2 13 16 4 1 7 6 4 6 12
8 3 12 5 1 4 9 6 3 7
0 6 6 19 5 12 17 11 5 12
1 1 1 2 0 3 1 8 4 5
4 11 8 0 3 5 7 11 6 2
0 3 5 4 4 1 3 4 4 7
6 1 23 3 2 10 18 3 19 6
3 8 5 22 12 1 5 13 10 2
1 7 4 6 2 6 2 0 10 8
1 1 4 5 12 6 4 2 6 12
6 11 10 4 4 0 6 2 5 6
13 0 4 0 2 10 17 1 26 6
3 6 17 2 7 5 20 15 15 12
3 2 11 10 2 9 6 4 3 23
4 4 6 0 9 1 8 13 6 0
9 7 1 1 12 2 5 17 2 14
13 5 7 14 3 2 2 4 12 5
6 4 0 7 3 20 3 0 1 6
7 0 2 1 3 3 10 1 1 3
11 2 4 4 9 1 2 3 4 6
10 11 8 3 2 0 2 5 8 8
4 11 18 7 3 0 16 8 19 11
8 17 12 6 8 14 8 19 16 7
0 10 5 0 5 1 4 2 1 4
0 16 21 6 3 13 14 1 20 6
8 14 8 13 3 14 10 0 2 12
9 7 6 6 6 1 17 4 2 9
6 1 8 4 14 9 10 7 1 12
12 21 6 1 7 2 29 1 4 7
2 2 0 3 4 1 1 2 4 8
10 2 6 2 12 6 3 11 5 4
20 6 7 8 6 1 16 9 22 8
0 4 0 10 9 3 4 0 2 8
12 2 8 3 2 10 1 4 3 1
0 9 5 0 2 12 2 1 4 3
2 3 6 2 1 1 0 2 7 9
3 8 6 5 7 7 6 6 6 3
3 4 4 4 2 4 4 3 3 10
3 9 4 1 4 7 5 3 7 1
3 5 23 6 9 7 1 3 3 5
10 1 1 6 0 6 6 1 18 20
11 11 3 1 10 17 17 13 8 13
13 3 0 2 5 2 6 2 13 26
2 1 5 11 9 10 16 24 5 16
2 12 3 10 2 3 8 1 10 2
20 4 17 8 2 4 2 9 16 1
22 9 12 4 3 1 7 1 4 5
18 14 0 2 2 13 21 6 13 7
5 3 7 5 14 1 10 21 10 23
11 9 12 7 4 8 2 11 11 19
4 6 3 5 8 2 1 2 5 1
16 2 7 3 7 10 9 4 7 16
0 2 1 4 10 4 13 4 3 17
7 2 1 2 6 5 8 3 2 2
1 3 3 6 4 1 1 3 9 0
7 13 15 12 21 7 0 4 7 14
3 1 19 5 2 2 3 2 3 4
6 8 2 0 2 5 5 1 4 5
16 3 18 12 14 15 6 4 10 8
6 0 9 15 4 15 6 0 18 2
2 6 6 4 3 3 3 4 0 1
3 2 14 4 8 7 14 6 1 17
3 5 1 4 10 8 0 9 3 0
5 15 8 5 1 5 2 2 10 0
3 8 5 22 2 23 3 10 1 18
3 5 2 1 2 2 1 1 16 1
3 6 3 1 4 3 1 2 4 3
2 2 0 4 1 17 8 10 23 6
8 1 5 12 8 11 14 3 8 3
15 7 0 1 1 1 9 4 2 4
0 1 27 10 14 4 7 1 2 11
3 5 6 3 3 1 1 4 4 3
2 5 4 2 2 6 5 4 1 2
1 2 6 3 3 7 2 6 6 2
2 9 2 9 2 0 1 2 10 13
4 13 10 4 5 11 5 2 10 1
13 6 9 18 19 12 16 0 6 9
1 15 11 19 2 2 1 2 5 4
3 5 3 1 5 6 0 1 4 5
6 4 3 4 4 2 11 6 6 6
0 10 1 24 8 22 1 3 5 12
5 0 13 3 11 15 6 15 10 3
12 12 10 3 15 11 6 11 6 7
8 3 7 3 1 6 11 3 3 2
6 1 2 1 0 2 7 4 7 5
10 2 13 17 5 5 3 2 2 10
2 2 1 3 4 5 3 2 4 6
6 0 3 5 4 5 1 0 1 1
3 7 6 15 2 4 4 6 3 5
6 11 1 5 1 2 1 2 1 2
21 7 3 5 6 5 5 3 2 22
9 8 6 3 1 2 3 2 3 15
0 12 3 7 1 11 6 6 4 1
2 11 4 12 6 3 6 5 6 16
3 8 10 7 11 4 7 21 11 4
8 4 1 4 3 4 2 4 0 3
9 2 5 5 18 24 0 8 12 3
8 2 1 4 5 2 4 2 7 0
10 16 4 7 7 23 1 3 2 7
19 11 1 3 17 4 11 7 5 8
4 2 2 1 3 1 10 3 9 14
0 0 2 7 2 1 1 2 2 7
1 3 5 0 3 3 3 3 5 5
4 4 30 4 15 2 8 10 15 5
16 6 26 10 13 0 6 2 1 17
1 2 12 3 1 10 7 3 4 4
5 2 0 3 16 7 14 1 2 4
4 3 4 4 3 8 9 6 2 4
9 2 3 5 2 3 3 11 0 1
2 8 2 5 14 8 9 4 6 0
2 11 4 5 1 11 5 2 4 1
5 9 10 0 0 3 2 8 0 6
9 15 4 1 7 10 6 4 12 17
3 8 10 5 11 8 3 3 3 15
3 5 3 0 8 8 4 0 9 5
3 3 6 2 15 3 1 1 4 4
1 5 1 7 2 9 2 8 7 3
4 7 12 6 7 4 12 9 28 16
2 12 7 13 3 8 6 6 1 12
6 0 2 19 8 0 5 8 7 1
4 4 6 8 22 0 15 1 12 6
6 4 8 7 2 10 15 2 2 1
2 17 0 5 6 31 12 3 4 9
4 13 13 26 16 9 5 12 2 4
7 19 8 2 17 3 6 7 21 0
12 6 4 0 13 6 2 15 5 11
4 4 12 11 8 15 17 11 19 0
14 6 12 1 4 11 3 8 7 2
15 3 8 11 18 13 8 12 7 1
5 1 7 9 26 4 10 1 25 6
4 7 1 9 5 3 5 2 8 2
1 14 20 3 6 18 4 6 2 20
2 2 6 5 9 5 1 0 5 5
6 18 5 15 10 17 7 15 3 4
5 3 1 5 13 2 14 2 20 3
0 13 4 7 1 5 5 9 0 5
15 24 12 5 7 14 6 3 5 9
7 1 5 0 4 3 6 3 5 5
5 4 13 21 9 1 1 24 2 8
3 12 9 14 4 3 17 7 9 7
15 13 18 6 20 1 3 6 4 9
4 10 15 19 4 19 3 5 14 6
2 4 4 15 12 12 1 6 10 4
3 11 6 13 12 9 9 20 2 8
9 10 16 1 0 2 6 9 1 2
8 10 3 11 5 9 0 3 2 3
6 12 24 12 13 1 9 5 2 8
3 2 4 18 9 9 2 6 18 2
12 10 7 11 10 8 6 4 7 22
2 15 5 1 4 7 2 5 0 9
3 16 1 5 0 7 5 3 14 4
6 16 0 0 13 15 3 12 11 20
12 1 0 13 8 10 10 19 5 21
0 10 2 5 1 1 4 0 7 21
3 1 7 5 3 4 2 2 3 2
16 13 2 0 1 22 2 6 5 7
3 3 7 16 5 1 2 19 3 13
5 7 5 3 2 7 7 7 10 4
1 7 4 8 14 8 20 3 5 15
4 5 1 3 23 0 6 1 19 7
3 8 5 6 7 18 5 9 7 14
9 4 4 4 12 3 10 2 9 5
13 3 12 3 6 9 2 0 3 0
12 15 16 9 18 15 8 6 6 15
3 0 3 1 9 1 0 2 9 6
2 8 3 6 2 13 8 11 1 1
4 2 5 4 11 1 4 2 11 2
4 6 4 5 13 3 6 2 3 3
7 4 6 8 4 1 4 1 2 0
1 13 4 6 18 11 1 1 13 20
3 1 14 5 0 19 22 11 6 10
5 1 4 8 2 2 4 2 4 1
3 10 15 6 2 7 0 3 2 0
13 2 4 17 5 0 3 19 5 2
6 10 2 4 4 6 1 5 5 3
3 1 6 24 4 8 3 5 7 2
6 8 13 1 13 22 4 11 10 16
3 7 1 3 4 2 1 0 9 1
2 11 1 12 1 3 6 2 6 5
15 13 6 2 11 18 11 12 1 16
3 13 17 16 27 6 8 2 7 1
11 3 1 2 4 15 18 11 4 3
22 7 1 2 12 17 1 4 9 8
3 2 1 3 6 4 0 2 0 4
2 7 2 7 0 1 1 2 4 1
14 25 10 4 15 13 1 4 12 5
8 3 5 7 2 9 2 4 8 5
0 5 4 9 16 4 0 11 24 20
5 0 1 9 4 4 4 1 11 1
1 1 6 6 1 8 3 1 6 3
1 2 7 2 4 11 3 1 0 2
15 4 9 2 3 4 13 5 0 12
1 14 21 1 5 13 13 7 0 4
7 10 13 5 5 4 6 10 15 15
3 9 6 9 21 2 3 18 0 5
4 7 3 2 4 3 5 5 1 5
3 10 3 23 4 3 24 12 12 1
5 4 14 8 0 10 20 5 1 8
18 7 19 1 0 16 5 6 4 5
1 29 2 11 3 5 6 11 11 0
4 7 2 4 5 4 4 12 12 5
16 15 7 15 1 11 1 22 3 5
4 2 2 6 8 7 3 3 4 3
3 7 2 1 6 1 2 1 1 5
14 5 10 6 4 10 6 8 4 5
11 1 2 4 6 8 5 6 7 3
0 10 2 1 4 0 10 4 5 2
1 2 6 3 4 2 2 2 3 6
3 6 2 6 3 6 5 7 8 0
3 11 10 14 2 5 0 1 1 3
6 3 17 23 2 4 17 8 10 8
5 12 11 10 11 4 11 11 2 18
11 1 2 3 8 2 5 1 1 0
9 14 8 1 7 1 19 7 6 5
0 7 11 6 2 12 2 1 5 8
12 11 0 11 10 2 3 11 24 8
4 22 1 7 6 7 15 8 3 3
1 10 1 1 8 19 7 2 6 10
8 2 2 11 1 5 5 2 1 1
3 3 1 5 0 6 6 4 2 9
0 5 3 1 3 1 5 0 0 6
6 1 0 0 6 3 3 3 7 13
5 5 3 10 0 3 4 2 2 5
2 12 3 11 1 8 2 14 1 6
5 12 0 14 4 8 12 8 7 14
1 12 11 7 3 7 1 9 5 6
1 4 7 13 11 5 21 15 0 15
13 13 7 1 21 8 3 9 10 17
6 18 3 7 2 5 10 3 2 11
0 26 8 11 2 14 14 9 3 2
11 4 2 7 25 7 13 14 2 15
0 0 0 10 4 7 0 6 13 5
5 5 6 8 6 4 2 10 4 1
1 6 3 8 2 4 3 0 3 10
7 1 2 6 1 1 0 0 7 9
4 12 4 8 2 18 1 7 2 1
3 5 5 5 3 2 7 17 11 7
26 3 12 1 9 5 13 15 10 12
5 8 4 8 12 15 9 8 0 7
12 13 3 1 9 5 19 21 7 18
7 2 4 8 3 5 12 5 10 5
15 1 0 3 5 13 27 2 6 6
10 10 15 7 1 3 15 4 7 2
3 2 10 2 11 4 3 2 5 4
9 5 5 2 4 11 0 5 1 4
8 4 11 0 3 0 4 5 6 3
5 2 3 1 1 6 3 7 3 2
3 2 17 9 2 13 16 12 4 5
10 3 18 4 5 0 23 9 2 23
8 5 1 5 4 9 1 4 4 6
19 23 12 10 8 15 5 6 2 1
16 4 12 8 9 2 2 0 11 9
6 0 4 1 2 1 7 3 2 8
8 3 8 12 1 1 9 2 4 7
2 2 8 9 1 7 0 2 11 6
5 8 1 26 5 7 3 3 9 10
0 4 8 9 7 1 0 1 1 0
5 5 3 5 3 7 7 22 1 2
6 10 10 4 1 8 8 3 1 1
13 12 13 7 0 12 6 10 12 7
1 0 7 4 4 0 4 1 4 4
0 3 5 1 2 5 2 8 2 3
14 15 10 2 12 5 1 22 9 10
5 9 2 1 1 1 10 1 8 4
2 1 2 4 7 2 1 1 9 2
2 7 0 0 2 4 10 3 3 5
6 3 16 13 2 10 12 15 19 8
2 1 1 2 9 6 5 0 4 7
1 2 2 10 8 0 17 5 5 6
5 9 1 2 1 3 15 4 8 2
1 16 6 22 1 7 4 11 4 1
5 4 2 2 2 1 1 1 3 6
11 5 17 0 5 9 8 3 4 16
11 10 5 10 4 4 22 2 1 6
0 23 21 2 7 6 6 4 0 2
3 8 7 2 6 12 7 9 24 4
14 1 2 5 18 7 8 5 3 21
2 3 2 3 1 11 7 1 26 10
5 19 4 4 15 13 8 7 6 10
2 6 5 5 2 8 4 6 1 2
11 13 6 5 9 23 12 12 4 3
1 2 9 0 6 10 3 7 3 7
6 1 4 4 5 4 6 6 4 4
25 8 12 6 0 7 10 12 16 6
1 8 1 5 16 2 5 4 6 7
15 19 1 7 4 15 8 13 7 2
12 7 11 5 4 1 7 3 7 4
0 15 5 6 12 6 14 13 4 6
7 6 5 10 8 4 2 12 7 1
1 5 11 3 4 4 6 0 1 9
10 9 13 0 12 6 9 1 6 5
23 6 9 14 7 6 12 1 0 11
3 8 4 16 4 6 11 16 13 10
7 1 7 11 8 5 1 1 1 3
1 1 17 2 4 1 1 7 6 3
4 1 2 4 6 7 3 1 2 4
7 9 9 9 3 10 11 5 10 16
7 7 3 14 3 8 5 16 4 7
10 2 10 1 1 5 7 3 2 2
3 7 7 3 2 11 7 16 10 3
19 8 15 17 8 9 4 6 8 11
0 2 3 3 7 9 1 0 0 3
2 2 2 4 0 4 2 5 9 9
3 4 4 2 1 0 10 9 3 6
5 6 11 2 1 4 1 3 1 8
2 3 5 2 8 3 9 4 1 1
6 2 10 0 8 8 8 2 5 12
8 1 4 12 0 4 1 6 4 4
11 7 4 5 6 5 3 9 2 6
11 2 11 4 2 6 0 6 1 12
2 4 2 2 3 0 7 14 9 5
4 4 5 6 1 10 3 1 0 6
11 2 1 7 6 2 1 3 11 7
8 13 4 5 0 5 2 4 11 2
4 15 10 10 16 7 23 9 3 4
1 10 3 2 4 0 8 12 17 3
7 5 10 21 4 11 6 11 7 2
8 6 2 2 1 0 2 4 1 1
11 2 12 13 8 9 20 6 8 3
0 8 1 4 6 0 8 4 12 1
13 7 2 1 13 10 7 16 15 1
21 21 3 10 7 9 19 2 4 4
14 1 0 7 1 5 3 15 14 1
2 10 4 3 9 17 10 8 4 3
2 9 7 7 6 4 2 12 1 6
7 1 7 5 5 6 13 3 3 8
2 5 8 3 2 1 2 6 4 3
4 8 4 4 1 4 3 9 1 1
7 6 5 3 2 4 25 12 5 15
4 1 11 12 11 3 4 3 5 1
8 6 5 1 0 3 1 2 10 1
5 6 9 10 6 5 5 22 2 1
6 3 4 3 4 3 6 4 4 4
15 4 6 7 19 17 8 3 22 4
1 5 15 7 1 6 12 4 18 17
7 7 4 11 2 9 9 2 0 1
10 4 5 8 19 7 14 2 0 12
17 5 12 10 9 17 2 2 1 11
16 9 3 18 13 11 3 15 4 10
4 11 6 8 8 6 6 8 5 11
2 3 16 4 2 1 2 12 7 13
12 17 10 5 14 13 5 14 14 5
2 0 10 5 1 2 8 4 6 0
5 13 1 5 3 2 10 3 5 11
7 12 17 11 3 13 12 7 7 8
3 17 13 6 12 10 16 10 16 4
2 10 10 9 2 11 8 4 13 3
4 2 2 6 11 16 3 2 6 6
10 7 21 3 6 10 2 2 0 8
20 13 9 4 1 2 5 11 15 2
10 2 1 0 1 10 2 8 2 3
11 4 9 12 0 15 8 6 12 5
2 2 9 31 16 1 4 4 10 6
16 6 6 10 11 3 10 6 4 7
12 6 8 5 9 1 20 10 2 2
1 1 3 7 26 7 13 2 3 5
3 5 13 15 1 16 5 20 2 3
3 30 1 6 18 11 13 2 5 1
1 1 14 9 6 6 1 2 3 8
4 3 1 6 1 10 1 2 3 1
4 6 1 7 2 7 0 7 9 4
1 5 2 8 4 2 2 2 10 3
5 15 6 1 0 6 5 2 1 22
1 1 1 1 3 3 4 6 6 5
0 1 3 4 4 8 1 7 1 6
12 3 2 4 0 2 11 6 1 4
9 5 10 1 1 11 11 13 0 7
7 2 4 8 14 7 5 12 7 18
9 4 7 3 4 2 0 19 5 6
2 20 13 7 17 0 6 5 4 12
4 5 1 3 10 6 4 1 11 1
13 6 6 9 25 5 9 9 16 5
8 3 7 1 1 1 9 3 8 1
2 9 18 8 4 13 0 5 7 13
12 5 3 10 0 8 13 9 6 6
3 22 4 9 10 17 11 5 14 16
11 4 2 9 15 5 21 14 6 21
17 5 4 3 8 0 10 1 8 3
13 8 13 1 9 22 2 9 3 5
14 8 4 8 14 16 2 1 10 2
9 17 1 11 24 3 1 5 4 9
8 2 2 7 9 8 16 4 1 1
5 10 6 3 6 5 0 10 11 4
2 2 1 5 9 1 15 12 5 1
13 6 4 6 1 3 15 6 7 25
2 5 2 2 4 8 5 4 3 9
13 2 15 7 9 1 6 11 6 12
7 11 2 2 2 14 4 0 2 7
4 12 17 11 5 8 12 0 7 9
1 11 12 11 12 11 8 9 21 1
2 2 16 15 4 7 8 8 1 4
2 22 13 3 15 15 6 8 4 0
4 6 11 1 12 14 23 9 2 2
3 14 3 6 5 0 0 1 10 4
3 1 6 4 2 12 1 7 13 2
4 11 4 2 21 15 5 9 13 3
3 3 17 9 5 3 4 6 16 3
4 6 2 1 3 11 3 5 3 4
3 2 13 17 5 0 4 15 7 2
12 2 2 5 14 3 1 2 15 9
13 2 0 3 3 16 0 10 8 4
2 7 21 3 11 10 10 12 12 8
0 4 1 23 2 13 6 4 7 15
14 5 8 12 10 2 1 10 0 13
5 3 8 8 7 8 3 2 2 1
0 3 7 9 2 0 9 5 10 3
23 0 3 14 17 10 6 1 18 7
1 10 1 2 2 4 7 6 6 1
10 0 4 20 5 2 5 4 8 7
0 14 12 0 3 1 19 2 5 14
3 8 0 21 0 19 15 14 10 12
9 2 9 0 3 10 8 2 2 3
8 2 0 2 3 0 5 6 2 2
6 15 6 7 16 13 13 16 5 10
0 7 14 9 0 15 4 2 18 4
3 12 3 4 7 2 8 20 2 5
11 12 15 6 4 9 0 9 5 7
1 8 11 3 4 5 10 5 6 15
5 11 14 7 8 9 8 16 11 5
7 3 0 4 8 1 2 7 3 2
2 8 1 4 5 10 4 1 3 2
9 14 4 7 16 2 1 3 13 13
6 5 4 1 6 3 3 7 2 4
3 3 4 1 2 6 2 2 5 5
2 13 13 9 5 12 14 3 3 10
3 10 5 10 0 6 6 6 4 2
20 8 4 4 14 14 3 5 17 4
3 1 8 5 1 4 3 7 4 0
9 1 1 1 4 1 0 7 2 1
17 2 21 21 10 5 7 2 5 1
9 20 21 2 2 9 2 4 3 6
5 7 13 11 3 2 4 3 3 1
4 12 4 1 7 2 6 2 10 5
16 2 3 6 16 2 5 10 11 4
6 2 5 9 19 5 4 1 2 5
9 20 9 2 10 8 14 1 19 5
4 4 6 4 5 9 6 9 14 3
3 7 6 2 3 5 3 1 4 9
11 4 1 10 1 14 6 10 9 2
5 6 10 3 12 13 8 8 24 5
9 4 3 2 4 2 7 11 6 2
9 3 7 0 11 6 5 11 8 8
0 25 9 3 1 2 3 5 8 4
5 12 8 2 1 0 16 3 8 1
3 0 4 8 1 4 4 7 4 1
16 1 15 7 10 3 6 9 10 9
5 19 1 8 17 6 4 13 6 11
2 6 6 4 3 5 4 0 3 2
3 10 4 3 4 2 1 4 3 2
3 25 2 12 10 13 7 4 9 4
0 12 4 5 24 13 20 12 12 2
13 10 9 1 10 11 12 7 4 8
3 3 3 3 5 1 6 4 3 7
2 3 5 3 1 1 1 8 5 1
1 10 3 5 14 4 13 3 26 0
1 13 10 7 6 12 28 2 9 10
11 6 1 6 5 6 4 8 4 21
3 5 3 6 0 6 1 9 7 8
10 11 5 3 13 2 6 2 3 8
18 3 12 7 4 8 0 5 2 5
11 2 2 6 2 11 2 2 8 14
9 1 12 7 4 14 16 1 14 5
7 6 13 2 2 16 1 3 4 3
27 12 3 8 10 7 4 4 19 7
1 9 4 12 2 13 6 17 4 4
1 10 5 1 2 11 6 24 5 1
3 2 7 4 4 2 3 1 0 1
13 1 12 1 2 2 6 22 5 9
2 6 7 3 3 8 22 1 6 4
9 3 4 3 5 0 4 1 6 5
3 1 10 4 2 8 5 6 6 20
1 4 2 15 10 11 13 0 6 1
2 5 5 7 2 3 2 3 1 1
0 3 3 8 8 0 5 3 9 6
22 16 0 5 3 14 13 13 3 4
8 7 1 5 7 5 2 2 2 4
2 3 6 8 7 19 2 5 7 3
4 12 2 1 13 4 6 2 15 8
1 3 2 8 2 1 5 5 8 8
5 2 4 15 0 20 6 9 2 14
19 5 21 18 5 8 3 13 3 1
8 7 1 8 4 8 2 6 7 4
10 7 0 6 28 19 3 6 9 4
5 0 10 7 5 3 5 5 9 1
1 2 0 12 4 1 8 1 2 12
12 5 9 9 7 5 7 10 7 5
1 7 9 3 13 19 10 3 13 9
2 6 0 6 4 1 6 5 6 4
8 18 14 15 15 3 8 1 1 13
2 6 3 12 3 0 2 3 1 0
1 5 3 18 10 0 7 18 5 11
1 35
2 47
3 17
3 34
4 70
5 53
5 76
6 33
6 35
6 81
8 11
8 38
8 39
8 47
8 48
8 57
9 39
9 54
9 80
9 95
9 100
9 104
10 94
10 100
11 49
11 80
11 105
12 35
12 107
13 98
14 74
14 82
16 40
16 78
16 100
16 103
17 61
17 102
18 90
19 60
20 63
20 114
21 27
21 43
22 23
22 71
22 79
23 26
23 87
23 104
24 71
24 105
25 99
27 42
27 67
28 75
28 86
29 129
30 95
30 111
34 126
35 81
35 86
35 92
36 81
37 88
38 129
39 43
40 107
40 120
41 63
42 91
42 120
42 127
42 132
43 71
45 115
46 89
46 107
46 121
47 66
47 67
47 132
47 136
47 144
48 68
48 132
50 118
51 52
51 95
51 114
51 145
53 74
53 133
54 100
54 136
54 142
55 81
55 89
56 84
56 101
56 112
56 152
56 153
57 69
57 115
58 61
58 80
58 108
58 118
59 128
59 157
61 151
62 119
62 139
62 142
63 71
63 94
63 117
63 119
63 151
64 68
64 113
64 132
64 143
65 96
65 108
65 153
66 165
67 115
68 84
68 128
69 84
70 90
70 100
70 115
70 150
71 92
71 107
71 143
72 86
72 95
73 106
73 107
74 83
74 137
75 125
75 148
78 80
79 132
79 147
79 179
80 97
80 145
81 101
81 112
82 96
82 133
82 151
83 85
83 161
84 98
84 167
84 170
85 95
85 113
85 124
85 152
86 151
87 89
87 120
87 127
87 134
88 140
88 158
88 174
89 177
90 148
90 183
91 148
93 133
93 134
95 190
96 105
96 114
96 189
97 123
97 148
97 196
98 135
98 146
99 135
100 160
102 155
103 147
103 158
104 114
104 135
105 148
105 199
106 112
106 128
106 159
107 168
108 109
108 120
108 169
109 176
109 197
110 119
110 151
110 181
111 135
111 143
111 146
111 190
111 196
111 208
112 126
112 201
113 117
113 200
114 138
114 174
115 131
115 204
115 212
115 215
116 117
118 134
118 135
118 173
119 149
119 167
119 173
121 139
121 199
123 172
123 184
123 200
126 171
126 204
127 164
128 130
128 143
128 188
128 228
129 139
129 146
129 176
130 141
131 145
132 148
132 158
132 165
132 180
133 192
134 162
134 206
135 165
135 198
136 154
136 231
137 174
137 217
137 218
137 222
138 194
140 190
141 180
142 193
143 176
144 203
145 183
145 184
145 186
145 200
145 221
146 148
146 161
146 177
146 227
147 238
148 165
148 214
149 184
150 200
151 175
151 204
152 192
153 196
153 198
153 205
153 237
153 252
154 192
154 228
154 231
154 241
155 157
155 191
156 178
156 214
156 223
157 257
159 230
160 176
160 246
162 164
162 184
163 189
163 196
163 219
164 244
164 264
165 166
165 185
166 175
166 179
166 229
167 221
167 257
168 196
168 225
168 229
168 240
168 246
169 197
170 189
170 201
171 226
172 185
172 186
173 202
173 213
174 176
174 193
174 207
174 226
174 255
175 268
176 209
176 224
176 270
177 190
177 211
177 276
178 196
178 225
178 255
179 181
179 244
180 185
180 200
180 223
180 234
181 237
182 226
182 243
183 256
185 205
186 264
187 195
187 217
187 273
188 223
188 240
188 250
188 259
189 226
189 278
190 200
191 213
191 248
192 273
192 275
192 282
194 254
195 243
195 246
195 267
195 284
197 237
197 293
198 230
198 259
199 255
199 278
199 292
201 203
201 232
201 270
201 290
201 292
202 282
203 233
203 288
203 300
204 236
204 289
205 259
208 246
208 296
208 306
209 241
209 254
211 237
211 294
212 230
214 221
214 273
215 297
216 309
217 229
218 257
218 317
218 318
219 228
219 268
220 272
220 276
220 300
221 229
221 302
223 286
225 229
225 236
226 230
226 242
226 290
226 324
227 237
227 247
228 312
229 290
230 259
230 268
230 280
230 281
231 266
231 274
232 277
233 236
234 309
234 329
235 247
235 253
235 270
235 299
235 334
236 263
236 277
236 280
237 266
237 271
238 243
238 296
239 249
239 270
240 256
240 282
241 254
241 275
241 333
241 334
243 244
243 246
243 321
244 254
244 256
244 288
244 334
246 288
246 333
247 293
247 326
247 336
248 282
249 266
249 282
250 312
250 325
250 334
250 346
251 259
251 312
252 253
252 261
252 327
253 286
254 288
254 346
255 304
255 352
256 261
256 283
257 283
257 303
258 273
259 283
259 329
260 280
260 328
261 304
261 311
261 322
263 289
264 305
264 309
265 313
265 316
265 346
265 355
266 342
266 346
267 294
268 326
268 366
269 313
270 322
270 326
271 359
273 283
273 290
273 300
273 319
273 365
273 370
274 311
275 294
276 296
276 307
276 352
278 288
278 345
279 319
280 317
280 324
280 362
281 301
281 308
281 348
281 357
282 289
282 346
283 334
285 308
286 362
287 302
287 310
287 315
287 368
288 301
288 329
288 375
290 338
291 317
291 384
292 340
292 380
294 296
294 332
294 357
295 355
296 379
297 317
297 322
298 304
298 310
299 335
299 336
299 395
300 317
300 326
300 344
301 373
301 394
301 400
303 358
304 345
305 319
305 324
305 325
305 339
305 351
306 353
306 405
307 381
307 386
308 373
309 325
309 363
311 319
312 390
313 315
314 393
315 328
315 341
316 322
317 386
317 389
318 350
318 389
318 393
319 417
320 365
320 370
320 390
321 322
321 337
321 355
321 361
321 403
322 346
322 382
322 416
323 342
323 412
323 416
324 340
325 343
326 336
326 410
326 423
327 334
327 352
328 371
329 386
329 410
331 363
331 392
331 411
331 423
331 426
332 417
333 375
333 399
334 407
335 410
336 358
336 429
337 361
337 366
337 384
337 389
337 416
337 419
339 407
341 380
341 424
342 396
342 440
343 348
343 367
343 423
343 442
344 360
344 361
344 432
345 380
345 386
345 391
346 425
347 412
347 415
347 416
347 436
347 438
348 399
348 424
348 425
348 430
348 448
349 360
349 398
350 383
350 402
350 415
351 430
352 378
352 441
354 389
354 406
355 396
356 381
356 410
357 364
357 396
358 396
358 425
358 434
358 447
358 456
362 371
362 427
365 441
366 451
367 430
367 458
368 369
369 384
369 405
369 441
370 413
370 447
370 450
372 384
372 439
373 409
373 414
373 450
375 465
376 396
376 433
376 458
377 378
377 381
377 390
377 392
377 452
378 388
378 466
379 395
379 429
380 433
382 412
382 437
382 478
383 458
384 394
384 484
385 426
387 459
387 481
388 408
388 420
388 434
388 439
389 476
390 422
390 446
391 467
392 393
392 395
392 426
393 456
393 470
394 396
394 404
394 476
395 491
396 402
396 453
396 465
397 435
397 438
399 434
399 448
399 496
400 452
400 475
400 488
401 481
401 498
402 420
402 446
402 474
403 450
403 482
405 421
405 475
406 412
406 449
406 451
406 495
406 497
407 436
407 467
408 417
408 435
408 459
409 435
409 488
410 460
410 463
411 454
411 499
412 422
412 474
413 428
415 419
415 487
415 515
416 433
416 443
417 502
417 505
418 452
418 505
418 511
418 516
419 444
419 455
419 470
420 443
420 451
421 449
421 458
421 466
421 498
422 423
422 479
422 486
424 489
424 524
425 428
425 483
425 516
426 472
426 514
426 518
427 431
427 468
428 458
428 473
429 492
429 527
431 446
431 456
431 494
432 516
432 523
433 455
433 501
433 508
434 448
434 463
434 472
435 444
435 450
435 475
435 505
435 516
436 475
436 536
437 474
437 513
437 529
438 496
438 513
438 536
439 516
439 520
440 451
440 494
440 511
441 453
441 492
441 494
441 509
442 450
442 455
442 489
443 476
443 477
443 519
444 458
444 460
445 446
445 487
445 532
446 449
447 494
447 507
447 509
448 479
448 494
448 497
448 504
448 531
448 540
450 474
450 516
451 496
453 533
454 455
454 537
455 493
455 545
456 468
457 500
457 503
458 463
458 466
458 492
458 554
458 556
461 467
461 491
461 509
462 482
462 551
463 480
464 479
464 562
465 553
466 512
466 559
467 507
467 542
468 476
468 478
468 501
468 537
468 554
469 526
470 496
470 542
472 533
473 537
473 542
473 570
474 527
474 552
476 571
477 480
477 543
477 550
478 506
478 556
479 578
480 496
480 574
481 501
481 554
482 488
483 526
483 528
483 568
484 514
484 546
485 490
485 504
486 487
486 492
486 499
487 513
487 564
487 565
488 571
488 582
489 505
489 509
489 554
490 506
490 578
491 569
492 567
492 579
493 496
493 498
493 522
494 501
494 552
494 578
495 548
495 563
496 541
497 564
497 597
498 555
499 596
500 540
500 567
501 509
501 513
501 546
502 553
502 558
502 575
502 596
503 531
503 537
503 554
503 566
503 575
504 542
504 564
504 580
505 520
505 534
506 507
506 530
507 520
507 529
507 544
507 557
507 593
509 559
509 601
510 517
510 527
510 558
511 596
512 562
513 584
513 591
514 610
515 531
515 536
515 593
516 577
516 595
516 604
517 593
517 615
517 617
519 520
520 542
520 575
521 573
521 592
522 537
522 554
523 567
523 574
523 576
523 590
523 616
524 560
524 572
524 585
525 564
525 590
525 612
525 615
526 555
526 605
527 577
527 585
527 591
528 581
528 604
529 590
530 581
531 534
531 598
531 600
531 615
532 630
533 604
535 545
536 560
536 587
537 603
537 630
538 559
539 558
541 620
543 639
544 604
545 547
545 575
545 589
546 549
546 623
547 635
548 571
548 587
548 603
548 641
549 553
549 596
549 617
549 618
549 625
551 582
551 603
551 620
552 576
552 582
552 590
553 591
553 603
553 612
553 627
553 634
554 640
555 594
555 636
556 577
556 593
557 562
557 572
558 568
558 579
558 601
559 590
559 603
561 630
562 590
563 566
563 618
563 644
564 590
564 611
564 645
565 576
565 655
568 590
568 615
569 612
569 634
569 645
570 573
570 609
571 624
572 585
572 624
572 655
573 579
573 624
573 670
574 613
574 630
574 659
575 614
576 615
576 664
577 603
577 632
578 603
578 661
579 581
579 616
579 663
580 658
581 596
581 623
581 651
581 671
582 608
583 586
583 598
583 625
583 654
583 656
583 663
583 682
584 625
584 649
584 652
584 662
585 614
586 612
586 669
588 592
588 627
590 633
590 674
591 592
591 599
592 603
592 604
592 630
592 683
594 645
595 639
595 651
597 633
597 687
600 652
600 683
601 637
601 696
601 697
602 700
604 631
605 616
605 632
605 639
605 678
605 679
606 609
606 610
606 702
607 635
607 655
607 677
608 651
609 624
610 612
610 621
610 624
610 640
610 656
611 625
612 613
612 633
612 664
612 674
613 616
613 657
613 662
613 690
613 701
614 670
616 644
616 677
616 694
617 642
617 669
618 633
619 640
619 694
619 712
620 632
620 714
622 645
623 647
623 707
625 666
625 718
626 668
626 676
627 645
629 670
629 694
629 724
630 662
630 678
630 694
632 633
632 715
633 665
633 671
633 677
633 718
634 677
635 649
635 670
636 660
636 689
637 691
637 717
639 643
640 661
640 687
642 653
642 716
642 727
643 667
643 688
644 663
644 734
645 734
646 725
647 718
648 651
648 674
648 685
648 688
648 719
648 734
648 748
649 658
649 684
649 694
649 716
650 664
650 722
651 688
652 663
652 722
652 730
652 749
653 675
653 685
653 693
653 707
653 713
653 718
654 657
654 724
655 662
655 695
656 709
656 723
656 732
656 736
656 747
657 664
657 695
657 696
657 709
657 753
658 678
658 688
658 695
658 755
659 664
659 666
659 751
660 685
661 755
662 710
662 743
663 710
663 751
664 707
664 754
664 758
665 726
665 756
667 688
667 691
667 692
667 760
668 686
668 737
669 704
669 711
669 728
669 759
670 695
670 756
671 705
671 721
671 734
671 762
672 689
672 770
673 691
673 735
673 740
673 745
674 761
674 769
675 676
676 731
677 740
677 776
678 753
679 753
681 698
682 719
682 721
683 694
683 723
683 738
683 739
683 755
686 701
687 714
687 740
687 746
687 772
688 748
688 758
689 695
689 724
689 731
689 780
691 717
692 747
692 749
693 722
693 766
695 734
695 753
696 739
696 761
696 776
696 786
696 790
697 723
697 748
698 700
698 715
698 720
698 792
699 707
700 721
700 752
701 764
702 732
703 745
703 750
706 779
707 716
707 753
707 778
707 779
708 728
708 774
709 760
710 711
710 730
710 736
710 740
710 744
710 784
711 805
712 720
713 786
713 793
715 753
717 739
717 803
718 752
718 800
719 784
720 754
720 764
721 730
721 749
721 763
721 795
722 740
722 807
723 823
724 784
725 777
726 776
726 787
727 751
728 758
729 774
730 741
730 758
730 798
731 780
731 797
731 828
732 758
732 791
732 817
732 828
735 752
735 776
735 809
735 818
737 800
737 811
738 773
738 783
738 788
738 832
740 747
740 783
740 785
741 742
741 823
741 824
743 751
743 818
743 840
745 749
745 797
745 818
745 842
746 791
746 822
747 808
747 816
748 752
748 769
748 817
749 769
749 808
750 768
750 778
750 838
751 781
751 818
752 840
753 795
754 809
755 764
756 798
756 816
756 839
757 793
757 823
757 830
757 843
758 772
758 812
758 843
760 807
760 808
760 856
761 844
761 848
762 776
762 780
762 816
762 836
763 791
763 803
764 816
764 820
766 825
766 830
767 864
768 822
768 867
769 854
770 774
770 801
770 827
770 853
772 777
772 780
772 834
773 784
773 786
773 819
773 835
774 798
775 789
777 786
777 807
778 815
778 822
778 844
778 858
779 836
780 803
780 836
782 839
783 803
783 830
783 835
783 851
783 878
784 865
784 871
785 806
786 824
787 833
787 844
788 791
788 857
788 876
789 827
789 853
790 872
791 833
793 804
794 838
794 845
795 839
795 885
796 820
796 824
796 858
797 855
798 801
798 808
798 812
799 852
800 856
801 830
802 813
802 846
803 820
803 867
804 809
804 848
804 866
804 873
805 821
805 866
805 873
806 895
807 809
807 831
807 843
808 823
808 851
808 869
809 817
809 838
810 852
810 860
810 867
811 880
812 824
812 826
812 840
813 825
813 882
814 883
815 820
815 832
816 839
816 878
816 899
818 830
818 897
819 828
819 888
819 894
820 831
820 853
821 896
822 865
822 892
822 902
823 831
823 832
823 872
823 897
824 885
825 853
825 862
825 895
826 847
826 911
827 862
828 852
828 862
828 901
829 885
829 900
830 841
830 842
830 847
830 914
831 844
832 847
833 856
833 868
833 896
834 864
834 902
835 885
835 903
836 852
836 873
836 877
836 925
836 932
837 869
837 872
837 913
838 871
839 878
839 906
839 928
840 843
840 922
840 938
840 940
841 889
841 891
842 849
842 889
843 937
844 860
844 868
844 902
844 913
845 868
845 871
846 859
846 876
846 917
847 859
848 939
849 861
849 889
849 920
849 922
850 903
851 922
853 858
853 946
854 888
855 886
855 915
855 948
856 864
856 877
856 883
856 902
857 927
857 941
858 860
858 949
859 861
860 886
860 888
863 878
863 919
863 953
865 883
865 919
865 935
866 891
867 871
867 925
868 896
868 965
869 892
869 958
869 960
870 924
870 926
870 962
872 901
874 879
874 931
874 941
875 886
875 965
875 968
876 943
876 953
876 963
877 878
877 882
877 907
877 935
878 891
878 910
879 920
879 941
879 971
880 897
883 943
883 975
883 976
884 927
885 893
885 939
885 965
886 936
886 986
888 929
889 909
889 910
889 918
889 954
889 978
890 900
890 959
891 917
891 951
893 895
894 922
894 943
894 994
895 907
897 918
897 938
897 950
899 925
900 923
901 980
902 922
902 926
902 962
903 944
905 914
905 930
905 937
905 971
907 911
907 937
909 922
909 928
909 974
910 961
910 993
911 935
911 994
912 917
912 977
912 1000
913 961
914 965
915 989
916 960
917 980
918 971
918 990
919 925
919 939
919 945
919 948
919 960
920 968
920 976
921 972
922 972
922 992
923 960
923 998
923 1000
924 929
924 930
924 950
924 954
924 998
926 936
927 956
928 980
929 960
929 968
929 985
930 943
930 964
931 981
932 938
932 949
932 956
932 998
934 984
935 1000
936 959
936 967
936 995
936 1000
937 942
937 952
937 970
940 962
941 980
941 989
942 962
942 970
942 978
942 996
943 960
943 972
943 983
945 949
945 959
948 961
948 975
948 980
949 998
950 970
954 962
954 993
956 977
957 965
957 969
957 979
957 993
958 999
964 975
964 986
965 979
966 969
966 970
967 983
970 973
970 995
971 978
972 996
974 976
974 986
977 998
979 980
979 999
981 987
982 995
992 995
992 997
7 13 13 12 7 6 2 16 8 7
9 6 11 13 8 1 4 15 1 11
15 8 0 6 5 7 3 2 4 2
20 17 5 3 3 9 1 16 7 22
17 13 19 25 5 11 16 5 5 5
10 3 6 5 0 14 9 8 5 12
4 3 22 24 22 9 4 4 1 18
3 8 7 3 3 1 14 6 13 2
19 7 2 18 31 10 11 22 11 3
15 9 4 12 1 7 38 11 13 1
4 11 6 7 12 2 11 11 11 10
4 1 21 9 18 3 9 9 15 5
10 7 28 7 25 10 8 9 17 9
1 6 12 12 11 3 3 6 8 13
5 3 10 5 5 1 18 16 2 2
31 4 19 20 21 19 1 5 4 23
2 9 8 19 8 17 7 9 21 0
12 1 7 1 14 11 4 5 1 1
9 8 32 6 3 28 14 4 24 13
9 2 7 10 5 7 1 9 5 10
21 30 55 39 15 42 23 52 17 36 39 25 22 38 37 21 29 53 29 36
13 20 32 25 9 19 15 35 19 25 25 16 6 24 23 4 12 26 6 19
45 49 69 38 41 44 50 61 30 46 38 50 28 52 59 30 43 60 26 56
12 20 28 18 19 26 21 28 12 19 8 17 3 15 38 15 17 36 8 22
17 22 31 14 9 6 14 22 15 20 12 18 5 15 26 10 13 29 1 18
40 44 53 37 34 44 47 50 23 31 27 36 19 41 58 35 36 60 24 48
10 20 33 20 7 25 20 24 19 25 10 16 8 18 25 18 18 31 14 27
5 7 20 6 10 18 24 26 1 5 15 19 11 21 15 12 18 25 18 14
24 33 44 31 26 30 24 40 20 36 27 22 12 26 36 9 16 31 18 31
1 5 21 15 1 17 8 18 10 14 10 6 3 5 14 2 11 24 6 7
18 29 24 14 14 25 31 26 12 13 22 23 5 28 38 19 17 29 6 24
7 11 16 12 9 15 5 17 5 17 3 6 1 3 19 3 11 12 10 13
12 21 33 15 17 27 30 32 9 16 22 16 6 28 28 18 20 29 16 23
26 33 56 30 32 43 42 46 18 28 20 33 21 37 47 36 34 62 25 43
28 42 47 34 23 37 37 33 18 25 16 24 10 35 43 34 20 46 14 42
4 9 21 10 5 13 10 19 4 14 8 12 1 10 15 7 1 15 8 13
8 8 18 9 3 3 4 11 9 12 2 6 1 7 10 7 10 14 1 7
7 6 8 7 3 14 12 15 2 8 7 13 1 11 15 4 11 6 8 13
18 22 44 36 6 28 9 39 17 28 22 15 8 21 31 9 23 35 12 27
1 3 10 7 1 7 5 8 2 5 2 4 2 1 8 2 5 16 4 4
34 40 69 46 36 57 41 54 16 37 28 38 28 45 45 39 45 69 45 55
30 41 42 34 4 37 35 42 29 26 37 37 19 46 39 27 37 45 14 45
1 7 19 8 5 9 8 17 8 8 7 9 4 5 16 5 8 22 8 5
17 19 19 15 9 19 23 15 1 6 10 8 2 20 22 12 13 17 9 21
9 15 18 11 7 11 16 24 5 14 13 16 1 19 21 11 13 21 10 13
32 42 32 20 6 25 42 34 19 16 32 43 25 47 38 24 28 36 14 41
5 10 20 3 7 6 14 20 5 8 12 17 3 19 15 8 11 14 8 9
2 8 7 4 1 6 1 14 1 10 4 4 1 5 12 1 3 6 3 3
33 39 67 29 41 49 35 61 44 53 43 36 25 43 54 22 53 61 30 44
1 4 7 5 1 7 5 13 3 7 8 10 1 8 10 1 6 9 1 4
25 21 27 17 9 23 29 30 12 18 20 28 16 30 29 13 32 35 16 28
22 31 40 36 1 33 22 34 23 17 30 27 15 34 29 21 23 41 9 37
27 37 51 31 26 39 39 45 15 29 22 35 21 42 34 36 37 50 30 43
36 36 43 32 14 31 32 49 16 30 34 36 23 42 43 8 35 37 25 37
16 19 34 29 2 33 24 26 10 14 15 25 20 26 23 23 19 38 20 32
6 10 13 3 4 15 16 20 4 12 7 15 1 11 24 2 17 18 8 12
25 35 45 39 19 40 29 48 19 29 37 29 14 31 52 9 18 39 17 38
17 19 35 14 13 16 19 24 16 20 10 23 9 20 23 19 18 34 8 21
19 25 42 25 17 27 33 24 12 9 9 20 12 24 23 31 21 49 13 28
4 8 15 9 5 10 5 12 3 13 1 1 1 1 13 3 7 10 8 7
16 17 32 20 19 20 4 34 14 29 11 10 5 10 31 2 24 25 15 16
1 4 9 5 1 7 1 8 6 10 3 4 1 5 5 1 7 7 4 3
1 7 8 3 1 4 2 9 3 7 6 6 1 6 8 1 3 6 1 3
18 15 27 29 5 22 16 28 1 15 17 16 12 21 24 9 14 27 20 21
34 44 43 35 29 31 37 38 27 33 33 28 18 40 45 26 15 40 1 37
33 29 44 26 25 31 12 53 17 34 30 26 14 31 47 4 38 33 28 30
32 35 56 48 11 44 25 51 34 34 38 33 19 37 45 23 41 62 15 43
34 37 61 44 25 43 20 49 37 41 38 27 22 32 53 19 26 62 15 43
37 39 45 42 21 47 22 61 9 39 47 41 17 43 57 5 31 39 37 45
1 6 2 4 1 2 4 7 1 2 3 4 1 5 5 2 5 10 1 3
36 41 58 48 17 55 42 53 28 28 37 32 22 47 42 32 44 59 30 53
3 8 17 3 6 2 7 21 4 7 6 9 1 12 14 5 10 17 4 3
16 25 40 31 13 38 24 31 11 22 15 23 18 21 36 21 13 40 28 34
18 28 24 19 12 19 28 29 10 12 21 23 2 28 41 18 12 34 1 25
26 33 47 33 23 28 28 46 8 29 26 18 5 36 38 15 24 32 23 34
3 12 27 12 5 23 13 24 18 18 11 20 13 11 27 11 15 33 13 15
25 39 44 21 27 33 27 43 21 38 21 32 15 29 53 17 25 41 19 37
34 38 64 51 35 52 16 52 31 52 32 17 4 28 54 17 42 57 25 45
15 19 31 13 13 26 12 34 22 25 15 27 18 19 34 14 24 40 16 24
17 25 29 17 7 23 25 40 11 17 22 33 12 25 45 13 21 38 12 25
23 31 38 15 26 29 19 36 25 28 22 25 13 23 44 12 23 45 12 26
12 33 43 22 14 38 27 40 29 34 26 28 16 24 44 22 24 46 20 32
1 10 7 5 2 7 6 5 1 3 2 1 1 2 9 6 1 8 1 5
24 33 40 25 31 40 36 48 8 25 24 28 9 36 50 22 33 44 29 35
2 3 7 1 4 2 5 12 6 9 3 7 1 6 11 1 14 11 1 1
2 10 6 6 3 8 4 13 2 10 6 5 1 5 13 2 5 7 5 4
21 29 38 31 7 28 26 40 14 21 30 22 11 31 34 15 25 36 18 29
10 10 31 16 9 12 16 26 16 18 12 11 3 13 22 10 20 29 6 10
16 29 58 34 25 47 31 53 26 35 26 28 13 32 51 26 32 58 24 39
7 7 15 12 7 13 5 9 4 12 1 4 1 4 10 4 6 7 9 12
4 8 10 5 1 5 5 10 1 6 5 7 1 7 8 5 2 9 4 6
1 4 16 1 6 6 7 12 4 6 3 5 2 9 7 6 8 12 7 2
29 37 48 39 22 36 26 43 13 32 28 15 4 34 41 16 35 39 24 40
25 32 40 22 12 34 26 53 36 35 37 39 18 37 51 17 43 47 17 37
7 12 23 1 11 8 12 19 14 15 9 18 5 8 24 6 18 24 3 10
23 37 46 37 16 46 32 38 23 29 28 30 22 34 48 30 14 54 23 40
34 40 60 44 36 48 39 60 32 41 37 29 15 39 59 28 35 54 23 41
12 19 21 12 9 16 29 17 3 7 9 15 3 21 24 20 14 29 8 20
21 30 33 25 21 24 25 26 11 20 17 13 4 26 32 24 6 31 6 26
17 17 32 23 13 24 22 32 11 18 15 17 9 19 34 12 22 32 16 20
7 11 21 9 3 2 12 6 3 4 1 4 1 7 9 11 10 24 1 10
23 31 29 25 6 14 24 25 12 14 19 21 13 29 24 19 19 32 5 24
11 13 20 12 5 4 14 8 6 8 1 6 5 11 10 13 12 21 5 12
28 36 61 36 35 45 36 53 13 33 24 34 21 38 51 33 33 60 33 46
20 27 44 30 16 30 20 43 24 34 28 34 19 20 47 12 15 46 15 30
1 8 3 3 1 6 4 5 1 4 1 2 1 1 8 3 1 8 1 4
19 18 41 12 28 27 27 42 12 31 19 24 14 26 32 13 37 30 28 24
11 7 23 10 12 10 13 20 13 18 7 16 6 11 17 10 19 26 8 12
26 42 41 29 18 47 33 52 30 38 37 34 18 39 52 20 39 41 28 43
22 30 45 31 14 27 36 29 14 6 24 21 12 36 24 30 20 43 12 30
12 18 27 17 5 10 20 14 10 10 9 10 5 17 16 16 17 26 1 17
2 5 19 14 3 10 5 14 10 8 9 4 2 4 8 5 4 17 6 8
39 43 69 40 39 51 45 51 30 43 28 32 15 45 55 36 44 60 28 56
14 23 40 23 13 37 27 43 19 26 23 18 4 26 40 12 31 45 16 30
2 7 17 1 8 4 9 22 6 13 6 13 1 8 19 1 14 21 4 2
31 38 47 41 15 33 24 42 31 40 36 25 13 38 39 15 26 41 2 43
1 7 19 10 5 7 6 16 9 9 7 7 4 6 13 6 8 18 8 5
1 1 11 5 1 2 1 4 7 7 1 1 1 1 2 1 5 6 1 3
23 26 37 23 11 17 25 37 17 25 22 26 8 28 33 15 27 33 11 23
12 25 46 25 20 39 21 46 22 37 24 21 8 29 35 16 32 42 22 34
44 47 53 30 38 40 42 54 20 37 35 34 19 44 59 23 42 46 31 44
29 37 45 40 21 38 23 49 16 36 28 31 19 32 51 13 19 43 23 42
8 17 27 11 18 24 29 18 6 12 8 15 8 21 22 26 15 33 13 23
11 19 13 1 1 12 19 26 4 12 18 25 4 21 30 1 19 20 6 13
28 38 54 32 25 46 51 38 27 28 27 40 35 46 27 49 38 59 35 47
2 5 22 16 2 9 5 19 8 7 12 5 2 10 10 6 7 18 7 7
26 21 46 34 19 40 35 44 7 23 29 33 27 39 29 25 30 42 37 38
20 22 38 26 17 22 11 42 17 30 20 23 10 18 39 8 24 32 16 21
9 12 13 14 1 7 11 7 1 6 1 2 3 11 5 11 8 16 3 10
15 18 39 16 26 24 17 31 15 22 9 14 11 13 31 16 19 39 17 20
4 11 22 1 9 16 20 15 12 10 6 17 11 18 15 18 14 23 15 16
1 1 6 1 1 1 1 1 2 5 1 1 1 1 3 1 2 7 1 1
6 13 21 1 6 16 22 19 14 13 12 21 10 20 21 15 18 20 12 15
48 52 68 58 33 50 47 61 34 32 43 49 32 50 61 37 44 62 33 54
26 26 45 22 17 17 23 40 23 33 25 30 11 28 37 11 26 36 9 29
16 35 51 22 17 41 33 47 28 40 33 31 18 36 40 27 29 50 23 42
16 21 31 16 14 11 17 27 11 16 12 15 8 16 28 16 16 36 9 15
31 41 61 40 30 44 40 40 18 31 26 26 17 40 35 38 30 51 27 48
3 6 16 8 9 14 14 11 2 9 1 7 2 5 11 11 4 17 12 11
1 5 10 2 1 3 1 13 1 6 3 2 1 6 7 1 3 8 2 1
41 50 54 44 29 44 52 53 21 29 45 45 26 54 62 35 17 60 19 50
15 25 32 28 11 28 25 25 5 11 11 18 12 19 28 23 10 36 19 27
20 25 30 24 6 39 27 42 10 24 26 34 24 29 43 11 24 39 31 33
42 42 62 51 39 53 26 54 19 45 33 31 18 35 62 23 31 62 33 51
23 20 32 21 17 28 22 33 6 23 20 14 8 28 25 9 27 20 28 26
17 23 26 13 8 33 30 35 15 22 23 31 19 29 34 15 27 30 25 29
1 12 7 1 1 2 5 7 1 1 5 4 1 5 11 1 1 7 1 2
3 8 13 5 3 5 7 12 7 6 11 10 1 12 10 4 8 6 4 3
1 9 22 14 1 13 5 20 11 12 12 5 5 6 17 2 10 22 6 5
21 35 41 30 10 30 26 35 26 22 27 19 1 34 44 22 27 47 1 36
20 25 40 24 25 29 16 37 21 34 19 21 7 18 40 12 29 32 14 29
17 19 44 27 17 25 27 39 13 21 17 25 11 23 39 20 22 45 18 24
3 4 16 13 1 10 2 14 4 6 8 6 8 3 12 2 4 17 9 6
1 10 8 1 3 6 8 5 1 3 1 1 1 5 12 4 5 12 1 3
32 30 64 38 27 44 37 59 26 38 42 45 33 43 40 30 49 63 32 44
7 24 23 11 9 24 21 25 12 13 12 21 11 16 36 20 13 38 11 21
27 23 38 18 16 29 36 40 14 20 21 36 21 35 32 24 38 47 20 33
25 34 44 30 13 19 31 33 20 22 21 27 14 32 30 21 21 41 8 28
10 13 26 17 8 12 12 13 7 15 1 6 1 5 16 11 11 26 3 16
8 10 17 13 12 14 10 18 1 12 5 4 1 11 12 9 9 10 15 11
1 7 10 2 4 5 9 7 1 3 2 2 1 4 6 6 1 11 6 1
12 21 19 18 4 15 15 21 3 11 14 15 6 16 25 12 6 26 7 17
1 1 12 10 1 12 1 11 5 3 6 5 1 1 9 1 2 16 2 6
27 37 57 27 30 38 26 61 26 42 32 40 21 35 61 13 33 51 31 38
23 27 41 34 11 38 29 40 19 25 31 23 16 29 41 16 30 47 20 34
3 3 5 4 1 1 4 1 1 1 1 1 1 5 1 4 2 9 1 6
23 31 64 27 30 48 41 56 24 40 35 47 35 39 52 35 38 69 36 45
19 20 40 22 21 30 19 49 14 30 27 36 21 26 40 15 24 46 26 27
29 39 60 42 23 43 45 46 13 25 32 39 27 46 40 36 23 58 28 48
23 28 41 19 19 29 27 30 30 34 15 30 21 23 35 26 29 42 18 34
8 10 26 14 6 12 1 30 18 26 15 13 2 5 23 1 14 20 1 11
13 18 18 18 3 12 12 15 4 10 8 12 5 16 13 12 9 20 5 17
33 33 53 40 31 45 8 53 31 54 35 23 2 30 49 10 47 44 20 42
3 11 20 13 7 16 12 11 8 12 6 3 1 8 13 7 8 20 2 11
40 48 59 54 14 49 32 61 23 42 47 42 27 45 62 21 31 55 32 55
16 20 37 21 11 27 22 46 15 25 24 36 16 29 43 16 22 40 22 24
39 43 57 42 22 35 34 46 41 44 38 42 26 41 44 24 37 52 6 47
14 23 24 12 11 15 25 32 12 22 21 29 8 25 36 9 18 25 10 19
14 19 29 27 9 27 12 19 13 23 10 7 1 13 21 11 14 22 11 29
15 18 26 21 1 15 19 11 12 12 10 10 9 19 8 17 17 21 5 17
25 28 55 40 14 40 22 53 13 36 39 36 27 42 34 25 25 48 36 39
1 8 17 3 8 11 16 11 6 5 3 11 5 9 11 12 7 22 9 10
12 15 25 12 9 17 20 28 19 17 11 25 11 21 29 18 24 33 10 20
39 44 61 43 32 50 38 66 9 39 43 40 20 51 59 25 42 55 47 51
9 25 44 24 15 42 30 43 15 24 25 31 21 29 40 24 16 46 31 33
3 1 12 4 6 6 1 11 8 14 1 7 1 2 9 1 11 12 3 3
19 17 28 16 11 23 13 38 11 21 22 25 17 18 37 4 25 35 17 19
11 23 34 14 16 29 25 22 20 25 8 20 12 18 33 24 18 34 16 28
1 5 2 2 1 6 3 5 1 2 1 5 1 1 8 1 1 5 1 4
9 24 34 11 13 21 20 34 13 25 9 22 4 19 36 13 17 30 15 22
3 9 21 15 6 15 11 13 9 11 5 1 1 7 16 8 9 23 1 9
40 45 65 47 29 40 43 60 31 42 38 38 22 46 52 24 40 53 22 46
47 50 60 42 24 45 36 61 39 41 46 42 28 47 52 24 56 56 26 51
20 21 39 12 27 24 24 36 19 26 19 31 19 26 30 22 28 47 20 29
24 31 43 14 16 20 31 39 28 30 25 38 17 34 41 24 30 41 14 31
33 48 53 32 32 53 55 57 13 29 36 41 22 54 57 41 31 55 37 54
38 48 61 41 36 45 51 43 20 33 34 35 25 51 40 49 28 56 23 51
11 8 17 3 8 8 8 25 13 15 11 16 6 11 22 1 23 20 4 7
9 18 31 13 3 20 22 17 14 15 7 16 9 22 16 23 14 30 11 22
29 33 41 23 25 24 29 41 22 29 27 32 10 31 49 15 20 43 4 32
30 42 55 36 29 43 53 41 18 26 32 37 18 51 40 45 21 53 17 48
33 44 65 30 38 45 54 58 36 45 38 49 26 52 60 40 37 59 30 51
20 24 35 17 26 21 30 34 18 20 19 19 6 25 38 20 22 40 9 18
4 7 12 3 4 5 6 11 5 10 1 8 1 4 15 5 10 17 1 6
37 40 54 23 34 43 44 62 23 42 35 49 28 52 54 35 50 50 40 51
21 28 48 17 26 28 29 47 29 35 26 41 25 33 42 20 25 49 19 33
16 26 20 17 10 25 25 28 1 11 16 20 1 23 38 12 13 25 10 25
42 50 57 52 23 42 41 53 23 35 42 43 33 50 55 27 29 58 19 47
11 19 18 14 4 13 20 9 7 6 4 12 7 13 16 19 9 28 4 20
10 15 21 20 1 19 17 27 13 15 20 18 1 18 23 9 15 23 8 17
27 38 35 27 8 26 41 35 18 14 27 38 21 43 32 27 21 41 13 36
33 45 60 41 37 56 33 44 31 48 30 26 13 37 55 33 33 52 29 54
24 38 41 31 9 43 21 45 17 31 31 38 27 31 51 22 14 44 32 41
8 21 33 16 14 22 27 21 17 14 9 14 1 20 30 23 10 38 4 22
23 37 53 40 11 47 26 42 22 34 27 32 26 29 49 28 17 54 34 43
6 11 10 12 1 7 9 7 1 3 1 1 1 5 8 9 1 16 2 8
38 41 52 34 22 41 34 56 23 35 42 41 29 40 58 13 37 56 28 40
13 16 17 10 6 18 23 29 1 8 15 17 6 22 24 6 14 22 18 16
3 10 22 13 10 15 12 14 7 14 3 3 1 6 14 8 7 19 10 8
14 19 36 20 23 25 25 29 6 25 16 17 15 23 19 24 19 27 26 24
6 12 14 9 4 11 6 18 9 14 14 11 1 14 13 1 8 5 6 7
14 14 15 15 9 15 13 22 1 13 12 13 4 16 19 7 15 8 13 16
4 4 19 11 2 7 4 10 13 14 5 4 1 6 7 5 12 16 1 10
2 1 16 12 1 8 4 13 1 5 4 8 4 3 14 3 5 24 7 8
36 50 59 47 35 55 45 51 15 28 30 36 23 51 46 42 42 61 41 55
13 21 42 21 23 38 31 32 17 30 16 25 19 26 24 30 22 35 31 36
32 37 56 45 21 48 35 51 8 27 33 35 28 44 40 30 33 54 39 46
32 32 48 31 25 25 17 45 24 39 23 29 15 26 44 8 23 38 16 34
32 41 46 39 18 33 29 27 18 25 22 18 9 30 32 27 17 35 11 40
24 33 33 25 17 29 30 40 15 26 29 30 12 29 42 6 18 28 10 32
10 20 18 13 1 18 18 15 8 12 8 18 10 19 18 20 12 24 9 22
4 7 9 7 1 7 9 3 3 3 1 6 1 4 7 8 1 15 1 10
20 27 34 7 22 31 22 45 29 34 26 40 23 30 44 13 36 42 21 28
18 20 35 17 11 23 13 34 30 28 21 23 9 21 34 7 31 43 4 28
30 37 59 29 30 39 37 50 17 41 24 40 24 45 42 35 38 45 32 47
1 6 13 2 5 7 5 11 6 11 1 5 1 1 14 2 9 17 1 4
1 2 6 7 1 5 5 13 2 4 5 7 2 7 10 2 10 14 3 4
17 19 35 21 10 22 30 13 13 8 10 18 14 22 8 28 18 34 14 25
17 12 30 22 17 18 6 28 13 25 6 12 7 8 24 8 19 26 14 18
4 11 15 6 1 6 5 19 4 10 9 11 1 10 18 1 7 16 2 5
12 21 31 17 1 16 18 14 13 13 11 15 4 16 17 16 15 30 1 21
27 35 48 41 16 40 35 37 26 29 26 21 8 34 43 27 33 52 10 42
16 18 34 5 20 27 12 29 25 32 11 26 16 15 32 5 26 33 18 25
15 18 47 27 24 37 25 35 13 25 15 23 16 18 38 20 15 50 27 27
21 30 43 25 24 34 36 46 19 33 39 32 21 40 33 27 37 37 28 32
20 23 21 15 11 20 16 33 5 19 21 20 7 24 30 5 23 11 19 20
22 30 42 33 21 29 18 38 16 31 19 15 1 24 39 15 22 32 14 29
15 26 45 22 33 40 33 34 11 29 11 20 11 27 36 29 25 46 27 36
20 23 44 25 29 27 25 51 16 35 25 30 16 33 35 13 26 33 22 28
35 40 63 51 24 55 34 46 34 38 29 26 19 44 34 37 43 57 28 56
6 7 6 7 1 1 9 4 1 1 3 3 1 10 4 7 6 7 1 7
1 1 2 1 1 1 3 1 1 1 1 2 1 2 1 1 2 4 1 1
1 11 10 3 1 1 6 2 1 1 1 2 1 5 9 6 1 9 1 6
28 45 47 33 24 42 40 38 33 36 33 33 18 38 48 35 17 48 16 47
31 35 52 29 28 43 23 47 45 49 33 36 25 32 47 19 41 51 24 45
26 33 62 45 25 44 33 56 23 42 37 33 23 39 43 24 27 55 27 48
32 34 45 27 16 30 38 49 18 30 35 35 21 45 35 17 36 40 27 37
3 1 13 5 4 5 4 19 6 9 5 11 1 6 16 1 15 18 1 2
1 10 18 5 8 7 12 16 8 12 6 8 1 10 14 8 13 18 8 4
49 54 71 55 36 53 47 60 42 43 45 46 26 49 62 39 41 69 20 59
14 30 38 25 14 29 28 22 12 18 8 12 4 23 31 26 11 36 13 32
6 13 22 9 14 16 15 20 10 18 5 14 4 7 25 10 15 28 9 12
38 48 52 30 25 45 59 36 29 27 33 39 26 51 48 45 32 55 19 52
43 41 56 53 19 57 30 58 15 43 44 36 27 45 53 15 43 55 42 56
1 4 15 11 5 12 2 23 4 13 5 7 2 3 19 1 10 20 8 2
13 24 14 1 3 25 26 32 7 16 22 31 15 29 33 8 25 23 18 22
32 37 37 25 19 34 26 46 12 31 29 32 11 39 48 14 35 31 27 39
26 26 33 28 13 20 22 35 14 25 18 30 11 29 33 16 24 33 7 30
9 13 22 9 4 5 12 16 3 9 8 8 1 19 9 11 7 12 6 10
17 19 39 9 28 28 24 36 23 29 16 29 18 22 32 14 30 46 22 25
16 24 27 17 7 24 28 16 15 14 9 21 16 24 20 26 16 34 14 28
5 5 7 10 1 5 4 6 1 2 1 1 1 6 4 6 3 10 2 6
9 11 16 10 4 6 5 24 6 12 10 12 2 13 21 4 13 20 2 6
45 46 64 38 35 52 40 49 49 50 34 49 40 44 47 40 51 63 36 57
1 13 37 14 12 29 24 35 20 25 12 20 10 18 28 18 22 41 19 21
21 26 35 22 8 19 31 24 13 10 20 28 13 35 16 24 18 28 10 28
39 42 59 52 29 52 40 51 16 35 36 32 16 46 45 32 42 54 38 51
1 5 7 4 1 9 6 5 4 6 3 7 1 3 7 5 4 9 3 7
17 12 35 28 16 27 9 30 15 27 9 16 8 13 30 11 20 31 17 24
2 7 13 9 1 4 5 11 1 5 1 1 1 5 10 4 5 16 1 3
3 10 19 9 5 9 9 23 15 16 12 14 1 10 20 2 17 24 1 6
9 17 35 20 13 18 23 20 2 4 8 7 9 16 20 22 9 36 14 19
23 35 46 24 26 42 24 54 24 37 28 39 23 28 59 19 34 50 29 38
8 4 15 6 4 1 4 9 7 8 1 7 1 4 9 5 10 19 1 8
13 17 17 3 12 8 5 23 14 20 14 20 8 10 25 3 17 23 4 11
47 48 63 42 40 49 48 72 22 49 50 47 34 61 56 21 46 50 44 54
4 7 21 16 4 13 9 19 4 10 5 7 3 7 18 7 10 26 7 9
2 6 4 5 1 5 4 7 1 1 4 8 1 5 8 5 1 10 1 7
24 35 35 31 22 33 33 41 9 21 25 28 11 32 49 14 13 35 16 34
1 9 10 1 1 3 6 8 5 5 3 7 1 3 14 4 5 13 1 5
1 10 7 1 3 6 8 4 1 2 3 5 1 3 10 4 2 10 1 5
18 13 37 19 13 14 14 18 16 21 5 11 8 14 14 14 21 25 8 18
18 29 21 17 15 18 21 17 10 13 18 15 4 20 28 18 4 21 1 22
1 3 1 2 1 5 4 2 1 1 1 5 1 2 6 5 1 11 1 7
15 11 22 23 7 17 15 18 1 12 5 10 4 16 13 12 17 20 11 19
1 6 13 1 1 8 12 2 5 5 1 7 1 3 9 7 2 16 3 6
21 33 44 37 17 35 21 40 28 32 29 14 3 29 42 19 19 44 3 31
47 57 58 47 29 48 55 62 37 33 43 56 36 58 59 42 49 60 36 58
1 7 8 4 1 6 4 5 6 8 4 4 1 4 6 1 4 9 2 2
31 38 55 31 28 38 45 47 14 31 29 39 21 45 39 37 40 47 29 44
3 3 12 3 5 4 3 9 9 10 1 5 1 1 8 1 10 13 1 1
7 10 16 11 1 5 3 14 10 11 11 7 1 9 11 6 7 11 1 9
1 9 4 2 1 3 4 9 2 5 5 4 1 6 10 1 6 10 1 1
1 3 7 2 1 1 2 1 1 2 1 1 1 1 2 2 1 7 1 3
2 5 9 4 3 6 2 14 5 10 4 10 1 6 13 3 10 14 1 5
51 50 63 49 38 55 38 65 21 45 44 37 26 47 70 23 41 62 38 54
1 6 4 1 1 2 1 8 1 5 5 6 1 6 6 1 1 2 1 1
26 25 44 27 15 25 17 30 21 28 16 24 11 19 27 17 26 32 12 31
33 38 38 27 16 39 47 36 24 20 30 41 30 46 32 39 38 42 30 44
24 34 51 35 21 39 34 33 33 34 22 21 7 31 42 30 26 51 9 41
1 7 4 1 1 9 6 7 3 3 3 10 2 8 10 5 4 12 1 7
12 11 29 9 10 7 11 30 15 22 16 20 3 18 22 6 17 18 6 10
7 8 6 8 1 2 6 3 1 1 2 4 1 8 4 8 3 9 1 10
32 40 54 45 23 56 36 58 28 40 44 35 21 38 63 20 30 60 24 47
6 10 8 6 1 1 1 13 3 6 9 8 1 10 11 4 6 8 1 6
6 9 7 4 1 2 7 20 1 3 13 12 1 15 16 1 10 6 2 4
3 13 16 5 8 7 10 9 6 7 3 6 1 5 17 8 8 18 1 8
4 7 9 3 2 3 13 11 2 4 7 9 1 9 13 5 12 13 3 5
2 10 16 14 5 15 9 9 3 8 1 1 1 1 15 7 1 20 3 9
8 21 17 14 11 24 21 19 7 14 8 17 7 17 27 18 12 23 12 23
10 14 17 15 8 13 8 13 4 12 4 4 1 7 14 8 6 11 10 13
35 33 47 39 14 44 36 49 23 23 32 42 28 39 44 25 40 50 30 43
13 23 22 16 4 12 15 11 5 9 8 10 4 16 15 15 5 18 3 17
9 17 32 20 7 19 12 30 5 16 16 13 8 17 27 10 6 27 17 14
17 32 58 26 26 45 39 53 30 37 34 41 29 38 46 37 35 62 34 41
3 6 13 8 5 9 1 14 8 14 5 6 1 5 12 4 8 10 6 6
31 37 42 40 12 29 29 39 28 32 36 30 17 40 33 15 26 37 5 39
21 25 37 33 8 28 13 42 10 26 27 14 3 26 34 5 25 24 18 27
33 45 55 44 15 33 29 44 33 37 37 24 12 41 43 19 31 50 1 42
22 31 50 28 21 42 43 31 27 30 22 32 27 36 25 41 30 50 29 44
7 9 11 10 3 10 12 6 1 6 3 7 1 7 8 11 1 14 6 12
1 2 11 2 1 1 4 6 3 5 1 4 1 5 6 2 8 10 1 4
20 28 24 15 8 19 30 25 1 9 16 19 4 29 32 17 18 27 10 26
12 21 40 20 10 18 13 34 20 29 19 12 1 19 31 8 20 28 5 20
41 39 56 29 23 36 46 45 33 24 37 42 30 42 39 28 51 55 25 44
5 9 36 21 10 28 24 32 11 16 13 18 7 17 28 16 16 38 18 22
9 14 19 10 4 7 14 8 5 9 3 6 3 10 13 12 11 20 3 13
6 15 15 12 5 17 8 25 3 15 6 14 1 11 26 5 10 20 8 15
13 16 31 13 11 24 24 39 13 24 20 23 6 20 33 6 27 33 18 20
6 13 8 10 4 12 7 21 1 13 9 12 1 11 19 1 7 14 6 10
28 42 50 32 20 35 42 49 27 33 31 41 23 42 56 27 26 54 17 41
18 28 49 29 22 27 30 34 14 24 18 14 7 28 32 27 13 41 15 29
4 7 15 8 9 16 8 13 1 10 1 6 1 7 13 6 6 10 12 12
9 27 34 18 13 30 24 28 11 19 12 19 9 18 37 20 9 35 18 25
1 7 2 1 1 4 5 9 1 3 7 9 1 9 8 1 7 6 1 3
23 31 53 38 18 49 32 55 20 32 41 29 16 40 46 23 35 56 26 43
1 1 7 2 1 4 2 8 3 7 1 5 1 4 5 1 9 12 1 2
30 36 35 27 8 35 43 37 14 4 30 39 28 43 33 29 32 45 26 38
19 31 27 21 7 16 31 22 5 7 15 24 8 30 31 21 12 33 3 28
5 16 26 8 8 16 24 15 13 13 5 16 6 16 23 19 15 27 8 18
23 29 39 34 3 27 24 30 21 20 27 25 11 32 23 20 23 36 7 34
1 8 7 6 1 15 9 14 4 10 1 9 3 7 15 7 7 19 6 11
22 25 52 27 26 40 31 46 17 31 21 37 29 31 38 30 31 59 31 40
3 11 9 1 1 6 6 12 4 8 7 14 1 10 17 3 6 13 1 8
45 48 51 42 24 47 40 47 21 29 40 33 25 47 40 22 48 42 35 51
10 13 23 15 15 21 14 26 1 15 9 12 1 21 20 12 16 17 18 21
6 7 11 11 4 10 6 9 6 9 4 6 1 5 7 7 4 11 6 10
2 4 12 9 1 4 2 15 1 5 4 3 1 8 11 3 8 14 1 3
5 2 1 5 1 4 7 8 1 3 5 5 1 10 4 3 7 3 2 4
28 39 47 41 17 38 16 38 19 36 27 12 2 27 40 16 26 39 15 43
4 5 13 6 5 7 6 8 5 8 4 5 1 6 6 7 7 9 7 6
33 35 48 27 39 41 19 44 17 44 26 31 12 28 50 15 42 44 30 41
7 21 25 7 10 17 25 14 4 4 6 16 5 21 20 23 4 28 9 21
1 1 7 2 1 4 1 2 1 5 1 1 1 1 1 1 1 1 2 1
4 5 6 8 2 10 11 14 1 5 5 8 1 8 13 2 8 11 5 8
20 25 49 31 18 27 22 28 22 27 13 9 2 21 31 20 22 45 6 31
19 19 40 34 12 31 13 36 19 33 17 12 1 21 32 9 30 35 12 31
38 43 64 50 27 43 27 57 19 44 35 35 18 39 62 15 24 54 27 47
6 6 17 11 1 5 7 8 5 8 1 1 1 5 5 8 6 15 3 7
5 8 16 7 4 5 7 9 10 11 3 7 1 4 12 6 9 15 1 8
4 13 10 9 3 18 18 20 8 13 9 18 8 16 20 13 15 22 10 16
22 36 44 31 14 36 37 40 23 25 31 28 9 35 48 26 20 45 12 37
45 52 75 62 33 55 38 56 32 47 41 35 25 42 60 36 27 64 25 55
10 15 11 12 1 5 7 12 1 8 6 7 1 11 12 5 1 7 2 13
37 51 59 39 28 53 50 64 35 42 48 52 32 51 73 31 34 63 32 53
43 42 54 46 23 49 31 59 33 48 41 31 18 45 51 16 54 51 26 52
11 15 28 21 10 16 12 11 6 16 1 1 1 7 16 12 8 21 5 18
7 3 16 7 7 8 6 20 5 15 4 12 1 7 18 2 15 13 4 9
15 30 23 7 7 22 30 31 12 16 21 31 12 30 39 20 24 32 12 27
27 28 47 29 23 29 34 35 21 21 16 28 18 31 27 30 34 43 23 32
32 32 61 36 37 44 46 50 17 31 26 35 23 38 48 37 39 62 30 45
1 3 6 2 1 3 3 1 1 4 1 1 1 1 4 3 2 9 1 3
47 61 61 45 37 50 55 54 34 46 42 44 24 58 66 38 30 52 22 61
11 22 35 24 12 27 15 34 22 25 24 10 3 25 23 14 24 34 9 21
8 13 17 10 3 13 21 13 4 9 4 13 2 16 19 15 14 23 3 17
7 12 21 12 3 9 15 8 7 8 6 7 1 10 9 13 5 19 4 14
7 16 12 12 1 12 14 15 7 5 7 15 6 16 18 14 8 23 6 16
17 28 37 24 22 28 17 28 18 28 16 10 1 17 35 14 12 25 9 23
5 4 14 6 6 11 6 20 1 14 4 9 1 7 18 1 16 7 8 8
4 7 13 1 6 8 21 15 1 1 7 12 3 15 11 9 11 18 9 10
23 27 39 36 12 30 12 33 23 34 21 5 1 24 28 13 30 28 6 32
17 27 30 22 10 16 24 10 8 5 9 9 5 22 18 23 9 30 3 20
34 47 60 47 29 50 35 42 35 43 27 23 11 35 53 34 28 54 11 53
1 2 4 5 1 5 5 2 1 2 1 2 1 1 5 4 1 14 1 5
1 6 13 6 1 5 5 4 1 6 1 1 1 1 6 4 1 6 3 4
1 1 13 8 3 9 1 13 7 11 1 3 1 5 8 1 10 13 5 1
4 11 22 9 4 11 12 17 11 11 3 14 2 10 19 12 8 26 5 12
27 41 50 32 24 41 32 50 25 42 35 32 15 39 50 22 32 40 29 45
26 36 55 27 22 49 40 59 39 41 37 38 19 43 54 28 50 64 25 43
1 2 9 8 1 11 5 8 3 2 4 8 4 2 10 4 3 17 5 6
1 5 9 6 1 7 3 12 4 9 4 5 1 3 9 1 7 13 4 3
17 25 51 35 28 49 39 39 20 27 29 28 20 33 37 32 15 55 26 38
5 6 16 18 3 14 4 14 6 11 6 5 3 5 11 6 3 15 8 10
4 8 19 12 2 7 4 12 5 13 1 1 1 5 11 3 5 12 4 7
1 8 15 9 7 13 8 9 1 8 1 1 1 1 12 3 2 15 7 8
4 8 11 5 5 7 1 17 6 14 7 9 1 7 15 2 9 8 4 4
1 5 12 2 3 4 11 3 3 3 1 6 1 2 8 7 4 14 4 6
35 46 60 39 23 40 41 52 28 35 34 45 27 44 62 26 26 63 14 48
3 5 9 5 1 2 5 2 5 4 1 1 1 5 4 5 5 7 1 4
18 30 53 34 18 40 32 48 25 32 23 24 8 30 49 24 30 53 21 36
13 15 10 8 1 10 15 19 1 6 15 20 1 22 19 8 10 9 4 16
32 41 50 43 24 41 36 38 21 21 23 27 17 35 42 33 31 50 21 41
29 33 42 26 21 20 26 38 15 29 19 23 6 30 43 15 25 26 12 29
26 30 39 15 22 19 18 34 25 26 21 27 17 24 36 12 28 42 15 25
24 37 57 34 32 49 42 42 41 44 29 32 18 34 51 36 30 55 17 45
35 37 59 43 23 43 44 46 18 18 34 39 33 48 39 38 37 64 34 44
21 37 45 30 17 36 30 38 30 34 27 26 6 33 47 25 19 45 4 39
20 28 21 15 11 15 25 21 5 10 20 19 4 28 30 17 15 22 5 22
46 57 61 56 32 50 49 48 32 39 37 38 22 51 55 36 27 57 13 58
25 28 38 23 14 20 25 34 16 21 20 29 15 27 33 21 26 45 11 26
4 8 16 5 2 1 11 7 2 3 1 1 1 9 6 9 6 14 3 5
20 32 48 33 11 41 19 47 36 38 30 27 15 29 47 21 32 56 16 37
34 35 45 26 25 28 30 26 28 20 20 31 24 29 31 29 35 52 14 38
25 41 51 29 20 41 40 40 36 32 35 28 15 41 50 33 35 52 17 44
39 45 53 47 15 46 42 50 27 20 46 46 33 47 47 33 38 58 29 48
40 45 61 41 35 42 21 61 25 52 40 35 8 39 61 13 44 52 24 49
8 20 20 5 12 17 27 23 4 9 16 24 7 25 25 18 12 24 11 18
1 1 11 1 1 1 1 2 5 6 1 1 1 1 2 1 3 8 1 1
1 5 4 7 1 3 1 9 1 1 4 2 1 2 7 2 2 9 2 2
17 29 52 27 25 35 29 49 22 42 31 29 14 32 39 18 29 43 21 37
19 13 38 16 22 17 27 34 13 22 16 26 16 29 20 24 33 39 16 23
1 4 7 1 1 1 1 4 4 4 2 1 1 1 5 1 2 5 1 1
37 42 54 22 32 39 33 62 38 50 39 52 29 43 61 16 42 45 30 44
5 7 12 7 3 6 7 7 5 10 1 4 1 5 9 7 8 14 3 6
25 28 38 31 20 28 20 37 24 37 25 28 14 25 37 12 17 28 7 34
7 13 24 16 8 14 16 22 7 12 10 9 6 12 22 12 15 27 10 10
39 42 55 35 17 35 37 56 29 41 44 36 21 51 46 13 40 45 16 44
8 9 14 10 1 3 10 15 7 7 8 7 1 14 11 8 13 14 1 8
1 6 10 1 1 3 4 7 1 4 4 7 1 5 8 2 1 8 1 3
26 39 46 33 11 36 31 46 16 29 31 38 25 39 49 21 14 45 25 42
23 22 40 25 20 24 17 35 15 25 12 23 11 18 33 18 23 38 17 27
7 10 9 8 4 8 11 4 1 5 1 6 1 9 8 10 6 14 1 11
3 7 25 4 12 13 18 17 7 11 7 16 8 15 12 19 13 26 12 17
6 13 13 7 9 9 13 1 4 4 1 4 1 8 12 10 6 16 1 9
1 12 20 14 4 14 10 19 11 12 12 6 2 8 18 6 12 23 3 9
20 31 50 33 24 39 30 37 13 30 22 20 12 30 29 28 26 41 25 41
1 2 1 5 1 1 1 4 1 1 1 1 1 1 4 1 1 7 1 1
14 19 25 22 4 23 12 37 5 19 26 24 15 23 33 3 14 29 21 14
12 9 36 19 18 19 20 29 5 17 12 17 16 18 17 21 21 39 20 19
35 42 59 41 39 54 52 52 22 39 40 33 22 47 47 39 38 52 34 54
10 16 18 15 4 10 9 11 2 9 3 3 1 11 12 9 5 10 6 13
24 34 34 25 12 21 33 23 8 12 19 20 11 34 24 28 20 30 11 27
1 2 8 5 4 7 4 6 1 7 1 3 1 3 3 4 3 7 7 4
15 26 37 15 19 29 34 28 23 24 15 24 7 25 40 26 19 38 9 27
1 3 9 1 1 1 2 1 2 2 1 1 1 1 4 1 1 5 1 1
7 3 14 9 9 8 1 17 10 17 3 8 4 1 13 4 13 16 5 6
26 37 58 30 28 39 43 36 24 29 21 34 19 40 39 41 28 57 20 43
10 11 36 13 12 16 4 32 20 27 16 15 3 13 22 6 19 25 7 17
1 1 7 6 1 2 2 6 1 1 1 2 1 5 2 1 4 9 1 2
21 27 27 19 4 13 25 30 15 17 29 26 9 29 30 7 17 24 4 27
6 22 35 14 11 26 23 31 19 23 13 21 8 19 32 21 14 38 16 22
5 16 36 26 8 34 14 36 16 21 20 16 8 16 30 11 13 38 18 24
6 18 17 8 5 9 14 14 2 4 9 11 1 14 20 7 3 17 1 11
20 36 33 21 19 27 38 31 16 21 23 28 12 36 41 23 11 36 7 33
34 36 63 38 29 41 19 44 31 46 24 18 11 26 43 16 40 55 21 46
23 23 37 18 12 19 20 25 22 19 15 24 14 22 25 15 30 41 5 24
33 35 58 41 12 41 27 48 35 34 36 43 32 37 46 22 39 65 22 46
36 39 60 37 25 28 27 52 40 45 39 29 14 43 44 18 37 48 6 40
6 8 19 17 9 20 15 22 1 8 9 13 7 15 16 15 7 24 16 14
2 3 7 6 1 4 6 1 3 1 1 5 1 4 3 7 1 13 1 9
31 40 48 43 33 41 28 39 16 29 26 13 9 33 44 26 17 38 20 37
1 4 6 1 1 1 3 6 4 3 4 4 1 6 4 1 6 4 1 1
1 5 14 1 4 3 17 12 2 1 4 9 1 11 10 6 7 16 5 4
1 2 2 3 1 1 1 2 1 1 1 1 1 2 1 1 1 4 1 1
17 17 24 24 8 16 16 24 6 14 10 11 4 19 19 11 17 17 12 18
29 37 47 27 35 44 42 53 12 31 30 27 15 41 50 24 32 45 28 37
28 40 43 24 29 36 35 42 30 33 27 37 18 35 52 31 25 52 10 38
26 42 58 36 31 45 39 50 21 40 28 31 18 42 47 31 26 50 30 50
6 20 29 9 14 21 27 12 12 9 4 12 6 15 24 23 8 31 10 20
23 30 28 19 3 20 31 28 11 15 26 28 10 32 30 15 19 26 9 30
15 21 42 25 24 32 27 27 23 25 12 18 8 17 38 23 14 46 13 25
10 19 17 13 1 14 18 13 6 9 6 15 7 18 17 17 11 25 6 19
7 7 15 10 1 11 12 8 8 8 7 12 1 13 10 11 9 12 1 13
4 7 22 16 7 23 20 25 2 8 6 16 8 18 19 16 10 28 18 18
18 20 39 13 17 21 35 32 14 20 16 30 14 30 28 25 31 42 14 27
21 28 28 27 22 27 21 23 6 18 14 7 1 23 30 18 15 22 14 27
37 42 47 27 26 42 47 39 26 30 25 38 21 41 51 36 36 54 16 49
1 1 11 3 3 5 8 13 1 8 2 6 1 7 8 2 10 11 5 3
11 12 25 17 4 16 20 21 12 15 5 18 5 19 21 15 19 30 6 18
14 12 44 22 19 28 8 36 27 36 17 10 5 16 25 9 28 34 14 22
17 27 31 20 10 20 32 38 13 21 19 29 10 34 36 21 19 37 15 26
2 2 6 7 3 8 3 8 1 7 2 2 1 5 4 3 5 2 6 5
11 13 19 11 5 4 14 18 5 6 12 11 1 21 12 12 11 14 6 10
5 10 11 5 6 10 12 22 7 14 11 17 1 13 22 3 17 18 5 6
1 3 6 3 2 1 4 11 4 6 2 5 1 5 8 1 11 13 1 1
10 20 30 13 15 17 25 24 4 15 10 17 8 21 19 23 16 35 13 21
6 17 22 12 6 19 12 23 8 20 13 14 1 12 25 5 11 17 6 17
1 1 3 4 1 3 1 4 1 5 1 1 1 1 1 1 1 8 1 1
19 27 34 24 19 30 28 30 4 19 12 21 12 31 25 26 22 34 23 33
12 17 25 2 11 16 7 27 21 24 15 27 10 17 29 5 20 25 6 16
1 5 4 1 1 2 3 8 1 4 1 3 1 1 11 1 4 16 1 1
26 37 67 38 36 49 37 54 35 41 39 31 19 35 54 33 36 72 22 45
34 49 60 40 21 52 44 62 40 44 43 39 19 50 62 34 50 66 26 53
36 40 54 48 19 38 21 50 6 36 34 31 14 40 48 13 27 44 31 43
20 38 42 17 20 27 38 38 28 30 28 36 22 36 42 25 21 43 19 32
35 44 59 36 37 37 54 55 20 32 42 42 24 53 54 38 27 59 22 46
8 10 20 10 7 8 4 18 16 17 11 12 1 10 16 6 14 15 1 8
18 34 46 20 32 41 33 37 16 30 15 23 12 29 45 28 26 43 29 36
30 39 37 36 17 26 26 28 9 21 18 19 12 30 31 20 16 31 11 35
1 6 17 5 3 13 12 14 13 14 5 15 4 11 15 7 14 20 4 9
3 8 28 13 8 20 20 31 13 17 16 16 4 16 22 9 21 32 12 13
4 7 8 7 6 14 14 12 1 9 6 11 1 9 15 6 9 14 7 10
6 13 10 7 1 5 8 10 4 8 6 5 1 8 13 8 7 13 1 7
14 22 32 19 14 15 26 27 6 14 15 15 3 27 25 16 9 23 9 19
47 50 55 39 37 42 39 58 29 45 41 37 18 46 64 25 37 44 20 47
1 14 17 4 1 13 15 6 9 6 2 10 4 9 15 14 3 20 3 15
12 17 23 15 5 18 25 10 7 7 3 15 10 22 10 24 13 30 10 22
16 22 35 21 15 21 19 28 25 23 21 14 3 20 34 13 27 33 1 21
17 22 29 26 18 26 23 20 14 16 14 12 8 18 30 22 8 39 2 23
38 44 58 29 30 31 35 37 29 31 27 32 17 37 43 30 24 51 12 41
10 10 17 19 1 13 12 13 3 6 6 9 8 13 11 11 13 27 5 14
14 12 23 14 8 12 10 32 10 16 18 23 7 19 29 7 20 25 7 11
3 11 24 16 1 17 15 23 15 13 12 13 4 12 24 10 16 31 4 16
28 40 55 19 20 42 42 64 32 41 42 48 26 44 59 21 45 60 27 44
14 15 23 16 6 14 24 22 3 9 9 15 5 23 16 15 20 26 10 18
30 40 52 33 19 29 30 36 32 36 28 30 14 32 46 20 24 51 1 42
7 8 14 10 5 8 11 10 8 10 1 10 1 6 13 10 10 23 1 12
4 4 5 7 1 1 5 1 1 1 1 1 1 3 1 5 1 11 1 7
30 39 62 37 16 46 32 48 35 38 34 43 33 36 52 28 38 69 24 49
12 25 37 16 7 21 16 30 28 26 18 22 8 18 35 15 23 41 4 27
6 9 25 15 1 5 11 18 12 12 10 7 1 12 12 7 17 23 1 12
36 38 61 41 18 36 33 50 25 32 33 44 31 38 44 28 27 61 28 41
1 5 10 1 3 1 7 7 2 4 1 1 1 2 7 3 5 11 4 1
6 18 27 10 8 18 24 15 11 10 6 15 7 20 17 22 9 27 11 20
1 2 11 3 1 3 2 6 6 9 1 3 1 1 6 1 6 13 1 2
39 51 59 46 19 40 34 40 37 32 40 23 10 47 42 34 34 53 2 48
21 26 48 36 21 45 25 36 9 26 18 25 21 27 38 25 15 48 35 39
6 18 19 10 11 15 16 17 10 11 7 15 1 9 27 13 11 30 1 14
9 12 21 11 12 10 2 23 8 19 3 7 1 2 23 2 13 17 6 10
3 10 20 11 1 15 15 14 14 15 5 12 3 12 15 12 13 26 3 16
45 53 49 38 25 36 50 41 28 24 40 38 23 53 47 40 34 46 11 46
32 39 68 41 31 47 42 43 35 34 31 29 19 40 39 40 39 65 19 51
26 27 46 22 21 26 12 43 32 35 31 29 20 24 39 8 30 43 17 27
10 12 30 16 15 18 21 16 6 14 4 9 6 17 11 19 10 22 17 20
18 13 37 14 28 27 24 39 11 30 15 28 13 24 29 19 33 33 23 28
13 18 29 20 8 26 23 26 9 12 19 19 11 19 34 11 17 34 13 20
16 20 19 18 11 13 15 31 14 21 21 24 11 23 28 4 14 24 2 18
5 5 7 6 1 1 6 4 1 1 1 1 1 10 2 6 8 5 1 6
8 8 15 10 7 12 12 21 7 15 9 11 3 12 18 3 18 14 10 9
5 14 25 6 7 16 23 18 16 15 9 20 5 15 26 13 19 28 6 16
32 40 63 42 21 44 40 36 39 32 24 25 14 38 42 38 32 68 8 48
29 46 68 37 35 49 55 59 31 45 39 42 22 53 56 44 34 66 27 56
2 4 10 5 1 12 7 6 7 9 1 9 3 5 9 9 5 12 4 11
42 61 66 49 23 52 46 48 46 44 43 36 21 52 59 43 33 70 8 62
24 29 45 27 11 25 27 45 26 30 29 40 22 34 45 19 26 47 13 34
17 13 28 21 4 17 21 20 14 13 9 21 7 21 15 17 24 31 4 20
22 20 40 23 17 16 10 34 14 29 14 15 4 21 27 10 24 22 13 22
38 45 50 35 23 45 52 45 38 24 34 48 35 50 44 43 49 52 33 50
1 1 4 1 1 2 1 5 3 8 1 2 1 1 6 1 6 11 1 1
12 17 28 15 16 18 20 31 8 19 13 15 5 21 25 12 21 18 20 15
43 45 60 41 29 49 58 46 28 30 35 39 25 50 49 40 37 65 24 49
7 6 17 18 9 17 4 23 7 17 6 9 5 3 20 5 11 22 12 11
10 15 14 5 1 7 12 20 7 9 19 17 3 19 18 1 12 7 4 8
5 16 11 3 1 7 11 12 6 8 9 16 3 11 19 5 2 13 1 12
3 7 17 2 7 4 7 8 11 11 1 7 1 2 13 4 10 18 1 4
7 17 20 14 6 15 16 15 7 12 7 13 3 13 20 14 6 23 8 16
7 7 16 6 7 5 5 14 11 12 4 11 3 6 15 5 13 19 1 7
4 16 11 5 2 12 13 8 4 3 5 12 2 11 17 12 2 15 2 13
13 21 31 27 8 29 5 34 23 31 22 10 1 17 30 5 22 31 6 23
29 33 35 18 27 21 26 37 23 23 26 26 11 31 44 18 27 42 7 28
37 45 59 30 29 37 50 53 26 33 31 49 27 48 50 33 38 54 22 50
31 31 33 14 26 27 28 34 22 26 24 29 17 30 41 14 34 40 16 31
35 38 65 36 32 40 35 55 21 38 34 40 32 40 42 33 39 58 34 42
7 20 21 16 4 20 21 12 5 4 4 11 7 13 23 20 5 33 7 21
22 32 40 24 15 36 34 38 18 19 32 18 8 33 40 14 25 44 15 32
17 20 24 13 2 24 27 26 14 18 21 23 11 25 27 8 26 33 11 28
42 57 50 29 19 40 59 44 25 20 39 50 30 57 54 39 41 57 23 54
35 36 66 30 45 42 35 48 22 45 24 31 25 38 40 28 44 56 35 46
18 28 45 14 23 32 28 45 25 27 25 33 12 29 46 16 31 50 15 30
2 6 8 8 4 12 8 10 2 8 1 6 1 4 11 4 4 14 6 8
27 30 36 13 13 18 22 38 16 26 25 29 12 29 39 9 30 31 12 26
22 20 31 18 15 17 9 24 14 23 9 16 11 13 22 10 23 29 9 22
7 10 9 11 2 7 9 12 1 7 7 7 1 14 8 8 9 9 4 9
4 11 12 9 7 12 11 7 4 6 1 5 1 4 11 8 1 18 4 8
27 42 62 40 30 54 22 65 33 51 40 37 19 34 66 15 46 60 33 46
9 13 23 20 1 17 4 19 20 21 15 1 1 11 15 4 18 23 1 16
1 8 5 2 1 5 9 8 1 3 3 9 1 9 13 6 7 13 1 8
40 48 62 50 24 48 32 67 29 46 47 35 19 44 66 14 41 53 27 51
23 32 40 36 14 28 24 34 16 22 30 20 11 30 38 16 4 37 7 30
3 4 10 6 1 8 5 5 6 6 3 7 1 3 7 6 3 10 1 8
26 26 48 29 17 27 13 35 30 34 24 23 15 24 29 15 32 39 12 31
8 14 17 11 12 16 12 21 1 13 9 12 1 13 18 8 6 16 15 12
4 22 21 9 7 20 22 16 14 10 10 17 8 17 24 18 9 28 7 20
38 39 60 34 29 40 24 60 35 44 43 53 38 42 59 16 28 61 26 44
5 13 11 6 8 12 14 1 2 1 2 2 1 7 14 10 1 16 1 11
1 8 7 4 1 10 9 7 4 8 4 8 1 5 11 5 7 13 4 7
30 40 44 30 28 22 38 33 20 23 25 23 12 37 39 29 8 44 4 34
22 30 38 33 9 26 26 33 10 17 24 23 15 29 33 20 19 33 14 28
18 16 13 11 1 13 24 17 4 6 14 20 9 24 19 14 22 21 9 22
32 31 55 48 25 42 11 52 35 48 31 16 7 25 45 16 38 45 17 38
1 6 12 4 1 8 8 4 7 9 1 7 1 5 8 4 7 14 1 6
3 6 8 4 1 4 3 5 2 2 4 7 1 6 7 5 2 7 1 7
1 11 12 2 2 4 7 6 4 5 5 5 1 4 10 4 2 10 2 2
7 13 22 8 12 17 14 17 11 12 4 15 7 5 28 10 12 36 3 14
7 24 24 14 2 21 19 19 12 15 12 17 4 19 25 16 6 25 4 24
44 46 60 51 18 47 30 61 18 40 43 42 22 46 58 17 39 54 32 51
8 19 33 21 1 32 15 29 18 23 20 23 19 15 32 11 12 42 19 25
1 11 9 5 1 10 8 13 6 11 7 10 1 8 15 4 9 14 5 6
9 13 21 12 3 8 17 10 4 8 2 8 3 13 11 13 14 24 3 13
36 43 53 41 23 44 26 61 32 48 41 52 37 37 65 16 25 60 27 44
20 31 51 31 26 32 30 41 17 34 26 20 12 32 33 22 21 36 20 37
21 32 46 23 18 33 32 47 17 32 24 30 9 36 44 20 30 35 25 37
12 16 18 14 1 6 15 12 7 6 11 13 5 20 11 12 14 16 1 13
5 10 14 6 2 2 11 7 2 4 2 2 1 9 10 9 9 13 1 8
13 13 33 27 6 25 8 42 19 28 27 23 12 18 33 3 24 34 15 17
1 6 4 2 1 3 2 8 2 7 2 3 1 2 9 1 5 10 1 1
1 4 3 3 1 4 2 10 1 3 5 4 1 7 5 1 5 4 1 1
2 5 20 13 1 13 5 15 3 7 7 10 5 5 18 4 3 24 8 10
1 7 5 3 1 10 11 10 5 4 3 13 5 11 11 8 9 16 4 10
35 33 36 13 25 34 30 50 25 35 35 45 27 37 48 10 44 45 27 37
9 7 17 1 8 7 10 18 15 14 8 20 5 10 22 4 20 23 1 11
7 19 17 9 1 10 16 16 5 5 8 17 4 15 21 12 2 21 5 17
11 17 34 15 11 24 14 29 17 20 10 22 14 10 34 12 16 41 14 22
17 27 49 32 28 41 35 35 10 29 16 20 13 27 32 33 22 48 26 39
1 3 4 2 1 4 5 10 1 4 6 8 1 8 8 1 9 8 1 3
37 46 52 39 38 37 37 51 20 39 36 29 16 44 53 18 29 40 21 39
3 7 5 6 2 7 10 9 1 4 4 5 1 8 9 6 6 10 2 5
26 37 40 25 22 34 37 53 31 38 35 46 25 42 52 19 31 43 17 36
33 39 41 25 20 37 38 44 10 30 23 32 17 40 47 21 41 43 31 42
15 16 26 10 12 9 13 12 10 14 3 10 6 11 18 13 18 27 1 16
1 3 10 6 4 6 3 11 6 9 1 4 1 1 9 1 9 15 3 1
1 5 9 1 1 2 3 4 4 6 1 1 1 1 7 2 4 9 1 2
39 46 68 54 37 53 34 48 35 47 32 14 4 42 49 35 39 58 19 54
41 34 56 42 26 51 20 63 37 50 42 34 16 37 57 13 53 54 24 49
6 13 19 11 1 4 4 13 8 11 11 5 1 8 12 3 5 14 1 11
24 27 26 28 13 23 14 25 6 20 15 13 8 26 21 15 24 21 15 26
8 12 16 8 1 2 7 10 2 5 5 6 1 13 8 8 7 14 1 9
5 4 14 6 8 7 14 17 3 3 8 10 4 15 8 10 12 13 9 6
16 25 22 21 10 20 15 20 1 14 8 12 2 17 25 14 8 21 11 25
5 16 10 5 1 6 11 12 4 3 6 15 2 13 17 8 1 15 1 14
1 3 19 4 2 8 9 12 11 9 4 8 1 7 10 7 9 17 3 9
23 34 41 12 20 28 28 38 22 28 22 35 13 32 49 21 27 40 12 34
12 15 28 14 13 20 4 30 18 28 12 19 4 8 29 3 18 27 7 20
4 13 14 8 5 12 8 13 1 10 4 7 1 7 20 7 4 14 3 12
9 13 19 14 11 16 4 17 6 20 5 3 1 7 17 1 13 11 13 12
5 16 16 7 7 10 14 17 1 7 9 12 1 10 20 10 5 23 7 10
36 42 65 43 37 46 41 45 38 41 29 31 19 37 49 39 31 67 13 49
9 13 33 14 5 18 10 28 16 18 13 24 11 13 31 11 12 34 10 18
12 14 30 26 9 25 14 27 2 15 15 13 13 17 24 11 6 29 23 19
29 33 46 41 22 36 20 27 9 25 13 11 5 27 32 20 27 42 19 37
17 21 24 22 1 13 16 18 10 8 16 18 7 24 13 14 13 22 2 20
38 49 48 35 26 37 44 48 35 42 33 48 32 46 51 33 33 56 12 48
32 43 68 51 22 61 25 67 29 51 43 41 31 47 58 29 36 60 49 56
35 48 58 40 38 53 46 43 30 40 31 29 18 44 53 41 26 49 30 53
12 14 32 8 21 22 23 39 7 23 15 25 7 22 32 11 29 26 21 20
34 44 64 52 26 45 43 45 27 27 35 29 20 43 41 35 16 57 18 49
15 24 27 14 7 21 27 31 13 18 27 25 7 25 31 12 20 24 12 24
35 41 53 40 27 40 36 57 12 31 38 31 18 45 49 20 31 42 37 43
41 48 60 55 39 49 32 47 19 42 31 19 10 41 52 32 31 52 24 47
4 12 11 14 4 17 13 12 1 6 4 7 3 7 17 12 5 24 6 13
37 46 63 32 28 45 27 59 52 58 45 45 28 41 59 17 40 58 20 52
1 6 11 6 1 6 1 12 3 11 1 1 1 1 11 1 3 10 3 1
29 39 60 36 28 47 43 61 24 41 38 47 34 49 52 32 27 57 39 50
33 38 40 41 26 36 33 26 15 24 17 16 12 32 31 32 21 40 13 40
2 11 21 7 3 13 15 18 9 7 4 13 5 13 18 16 8 26 10 14
32 43 48 29 19 38 42 58 36 43 41 48 25 45 57 25 40 51 25 46
6 10 15 8 1 6 11 12 7 10 6 5 1 11 12 8 12 12 3 7
18 19 58 38 24 47 21 54 19 44 33 32 27 30 36 18 32 54 39 36
19 31 51 35 10 38 34 30 23 20 19 27 22 27 33 32 23 56 20 37
28 34 48 34 19 47 25 54 27 44 32 28 10 35 52 11 47 48 29 44
26 42 56 43 15 45 28 48 29 37 38 33 21 36 57 15 15 58 14 45
14 24 35 25 12 26 13 32 3 20 16 16 8 14 37 5 6 29 18 22
22 29 56 33 26 41 31 51 14 35 23 35 23 36 42 31 29 51 36 41
12 15 31 19 7 21 22 24 20 17 18 17 6 25 21 18 21 28 10 25
4 13 14 10 1 18 12 26 4 9 15 21 7 17 25 6 10 22 9 11
22 27 54 43 13 44 17 46 29 39 24 19 8 28 42 18 35 49 18 42
19 29 38 31 16 33 17 32 7 20 23 17 10 22 39 14 2 35 18 26
26 32 45 19 21 35 24 50 24 32 28 38 19 29 54 11 32 45 23 34
3 13 20 1 4 14 11 19 15 16 7 20 6 12 23 10 13 20 7 12
11 28 22 11 10 20 25 17 11 9 11 17 7 22 31 24 10 34 6 25
35 48 59 22 43 45 41 59 31 47 32 47 28 45 63 28 39 55 33 51
34 34 55 26 31 37 35 63 16 37 39 44 30 45 50 22 42 54 36 40
19 23 30 8 21 22 19 26 24 24 14 28 18 16 34 15 25 42 13 27
1 7 9 7 1 6 4 7 7 8 5 3 1 5 6 3 5 9 1 3
26 40 34 15 15 26 42 45 23 27 35 46 25 42 51 16 31 39 15 35
12 10 44 20 21 28 16 38 14 30 20 26 22 18 25 14 23 44 26 20
10 21 24 11 9 13 22 13 6 7 8 13 1 18 22 19 9 27 5 18
33 36 46 33 21 33 22 40 21 26 21 30 17 26 39 21 32 45 19 37
32 36 43 38 35 40 24 33 13 35 20 16 3 30 43 24 25 42 21 41
25 32 45 23 27 25 29 42 26 34 23 34 17 28 45 18 19 46 13 32
15 19 25 20 10 17 19 20 3 14 5 8 1 16 23 13 18 23 8 21
7 13 13 9 1 13 9 24 8 13 20 15 1 16 18 1 13 10 5 12
42 52 69 43 29 49 35 71 37 55 46 42 21 48 71 19 48 61 30 57
2 8 15 7 8 12 7 9 3 12 1 1 1 2 14 4 7 12 5 7
15 20 25 16 10 13 22 22 7 9 13 21 8 25 20 19 6 26 9 23
11 15 21 18 14 19 12 12 5 14 1 3 1 9 17 12 9 17 10 17
12 13 18 19 10 18 9 18 4 16 4 7 1 10 17 9 12 17 12 19
3 2 10 11 1 9 6 11 5 6 5 7 2 8 7 4 6 12 4 6
36 50 55 28 38 47 28 53 30 46 31 37 20 36 65 20 36 54 29 48
34 41 61 39 23 27 37 45 36 28 33 33 23 41 35 26 33 54 12 40
5 7 10 11 1 8 7 11 5 4 5 4 4 8 9 6 7 13 5 6
1 12 15 10 1 16 5 16 13 10 11 10 1 10 16 3 6 20 1 13
13 14 31 19 12 29 26 37 1 16 25 26 21 28 24 15 21 35 30 21
1 11 7 1 1 9 12 11 1 4 4 12 1 10 15 5 6 16 2 6
12 21 28 22 1 22 4 26 7 16 20 17 14 16 28 6 5 27 17 16
34 43 65 36 40 44 35 58 36 50 35 40 21 39 59 21 36 53 19 50
1 7 3 1 1 9 9 1 1 1 1 3 1 1 9 5 1 13 1 6
2 12 16 12 1 15 13 15 4 4 4 11 7 7 22 12 5 30 7 15
39 42 57 25 28 37 42 59 28 40 33 51 29 50 54 23 41 49 27 50
32 48 60 54 22 59 23 55 19 45 39 29 15 40 58 23 33 58 37 56
28 32 33 23 11 17 36 32 11 12 26 31 17 41 22 22 24 31 13 29
34 43 39 22 26 36 39 51 16 36 34 42 20 39 58 9 33 39 23 40
1 5 6 5 3 8 1 10 3 10 4 4 1 5 8 1 7 8 5 3
1 6 5 6 1 8 9 6 1 1 1 8 1 4 10 5 3 17 3 7
39 55 57 36 32 53 48 60 33 47 44 45 26 51 67 30 43 51 35 55
7 18 20 9 6 10 14 23 8 11 14 15 1 16 25 8 14 22 4 10
40 45 67 38 53 54 36 58 34 47 33 33 24 36 62 29 35 64 32 47
7 15 14 16 8 16 13 14 1 5 7 4 4 11 18 12 6 20 6 11
5 14 12 8 3 5 7 13 6 7 8 7 1 7 15 6 5 14 1 6
8 12 13 9 1 7 4 13 8 13 12 11 3 10 12 4 4 5 3 8
22 17 30 14 5 14 20 25 16 16 18 24 11 23 22 10 30 27 5 22
30 42 53 37 10 38 30 40 35 38 34 30 18 41 39 29 31 46 14 47
16 26 47 22 22 31 29 35 27 27 18 21 7 25 38 24 24 51 9 32
15 18 43 27 27 39 18 39 6 31 16 18 11 25 30 18 26 38 34 32
4 5 12 6 1 9 7 8 4 8 2 7 1 7 10 8 8 13 3 10
39 49 63 51 24 57 48 43 25 18 34 43 40 50 45 49 29 71 40 56
24 28 45 34 7 23 20 35 26 20 27 25 13 30 25 19 30 40 9 31
29 36 39 24 6 26 30 44 24 30 40 32 13 39 45 7 31 37 10 38
24 40 48 30 29 45 46 39 23 23 26 35 29 37 46 44 23 57 34 42
7 16 25 12 15 21 24 17 4 10 5 11 4 17 21 22 11 32 11 19
24 36 50 21 18 43 45 60 15 31 44 52 35 50 52 27 37 54 40 41
5 11 9 12 5 11 5 18 1 11 7 7 1 9 15 4 7 13 7 7
1 1 6 4 1 10 4 6 2 9 1 6 1 3 8 4 6 10 3 7
17 21 27 17 5 17 24 34 12 18 24 23 6 27 28 11 21 28 12 21
11 18 16 10 6 11 18 22 1 10 15 14 3 19 22 10 14 15 9 12
7 13 13 9 1 11 16 2 2 4 1 9 4 10 9 15 5 19 2 16
1 6 13 6 4 7 5 9 10 13 1 5 1 1 9 4 9 13 4 4
5 15 15 10 7 12 16 11 1 4 6 10 1 10 17 14 3 22 5 13
2 10 22 16 1 23 8 22 12 13 14 17 11 11 22 7 8 28 11 16
36 44 69 54 15 47 31 50 34 35 40 33 28 43 46 31 38 69 27 48
22 25 56 29 23 39 23 47 27 35 18 29 20 27 38 22 34 53 26 38
9 5 8 10 4 10 9 15 1 8 8 8 2 13 11 5 10 4 8 10
20 28 42 25 9 31 39 26 23 19 18 28 18 33 25 32 29 40 18 34
7 16 23 13 4 12 11 24 16 20 15 18 2 10 26 5 11 27 1 15
27 35 49 35 34 49 47 51 23 30 26 35 20 38 56 36 28 57 26 42
24 36 37 27 14 34 37 33 20 21 21 32 23 38 31 36 27 46 24 36
25 33 35 24 20 24 28 36 22 32 20 33 16 27 43 17 16 37 10 33
2 3 7 10 1 5 3 15 1 1 9 7 2 9 11 2 5 10 3 3
7 9 14 8 5 1 4 15 7 9 5 10 1 9 13 6 11 18 1 7
5 3 11 6 3 7 5 6 6 9 1 7 1 4 8 7 8 12 1 9
6 9 15 4 10 8 7 18 9 16 5 9 3 4 19 4 16 17 2 7
2 3 11 10 1 7 4 14 3 4 5 6 3 5 12 4 8 18 4 6
2 13 29 9 10 22 19 31 9 12 14 24 14 20 26 18 14 35 19 18
19 29 41 21 12 27 26 37 15 20 18 32 19 27 40 23 23 52 16 30
1 15 27 9 4 19 17 24 16 16 10 15 4 12 24 12 11 33 9 13
30 26 62 38 29 41 27 49 25 30 27 35 29 30 33 28 36 54 33 40
33 44 55 23 35 44 31 56 23 42 32 39 15 41 62 19 43 47 34 44
18 24 32 15 12 21 25 31 21 21 14 29 16 27 32 24 28 41 12 27
33 45 56 38 20 39 45 43 32 30 36 43 33 45 43 39 26 56 28 46
39 36 55 35 36 39 28 58 11 38 32 37 14 45 45 22 49 50 34 43
9 21 23 17 12 20 17 20 7 10 13 8 6 12 28 13 8 29 10 11
1 8 19 12 8 15 14 19 6 9 6 9 4 11 13 9 7 21 13 8
5 6 14 8 6 9 6 17 9 11 4 12 3 2 19 5 11 24 3 7
1 3 9 1 3 1 6 11 3 5 1 4 1 3 12 1 11 16 1 1
9 21 23 11 6 15 19 25 12 12 15 23 11 22 26 7 4 25 6 18
7 14 34 11 18 18 26 17 5 13 4 12 6 18 16 24 14 37 11 21
40 43 67 35 36 48 52 58 29 43 40 44 31 49 50 29 54 61 35 53
20 24 37 27 15 20 20 36 11 24 14 21 7 26 33 14 15 31 14 28
40 49 66 29 38 52 56 60 30 39 39 57 40 56 52 46 57 66 41 58
15 24 30 22 8 17 24 19 8 9 11 12 8 22 23 20 18 32 6 19
37 43 33 29 12 26 40 40 19 12 35 37 24 45 36 25 36 37 18 36
17 27 34 27 1 26 29 23 19 12 19 20 9 27 25 22 25 40 4 32
7 12 21 17 8 17 6 18 11 21 8 4 1 5 16 5 12 14 10 13
10 13 17 6 1 9 13 22 8 14 17 20 4 19 21 4 14 11 5 10
1 2 15 6 1 7 8 7 6 8 6 4 1 5 7 2 9 11 1 7
1 5 6 1 1 1 4 6 1 1 3 3 1 6 4 2 3 4 1 1
22 30 49 34 6 25 24 36 22 22 27 18 13 33 25 19 24 44 10 31
48 43 69 42 32 46 39 57 51 43 46 43 32 51 42 29 60 65 30 51
3 10 8 2 1 5 8 19 2 9 10 14 1 12 18 1 11 15 1 4
32 41 49 32 17 46 42 59 28 38 46 47 30 46 55 21 33 47 33 48
14 18 31 21 12 29 21 35 14 23 17 17 5 16 36 6 26 35 13 23
8 6 17 8 5 4 8 11 9 10 4 7 1 11 9 8 14 13 1 8
9 9 26 21 3 11 13 21 11 11 12 12 7 14 18 9 16 29 7 13
4 16 22 13 7 13 10 17 9 9 9 6 2 8 23 7 6 25 3 7
17 26 32 26 7 32 13 38 13 24 22 31 18 22 44 14 17 46 19 25
1 1 14 14 3 15 2 12 7 11 5 4 3 1 8 1 1 13 8 6
15 19 30 17 20 22 27 29 4 17 20 25 16 31 17 27 21 32 21 25
10 17 21 15 1 14 15 18 13 10 14 18 5 21 17 15 11 21 4 21
17 33 44 22 12 27 37 41 20 20 25 29 8 36 45 23 24 46 12 35
1 1 8 5 1 3 1 2 4 7 1 1 1 1 2 1 2 7 1 1
1 7 14 3 5 4 7 9 5 6 5 6 1 6 7 6 5 10 6 4
22 35 55 20 33 48 46 56 21 41 30 42 24 40 51 31 45 52 37 43
5 13 13 7 1 8 17 2 1 1 1 7 1 11 11 15 7 21 1 16
1 7 7 5 4 9 6 4 1 5 1 1 1 1 8 3 1 10 2 4
8 12 11 9 1 7 12 6 2 5 2 8 2 10 11 12 8 18 1 14
27 37 66 42 24 41 37 49 25 31 36 28 15 43 44 33 28 63 15 44
5 10 12 10 6 9 4 16 4 14 4 5 1 6 16 4 8 11 6 8
14 15 29 26 3 19 16 17 7 10 7 9 10 12 13 15 14 30 11 17
11 21 18 13 1 14 23 4 4 1 4 13 7 17 12 21 11 26 1 22
17 29 41 24 10 35 24 39 18 20 26 35 27 31 39 24 14 46 32 32
1 2 6 1 1 3 4 6 3 6 1 5 1 4 6 1 9 11 1 2
27 29 40 22 12 24 17 43 29 35 32 29 9 30 40 9 36 37 8 31
24 27 34 29 7 30 32 33 20 10 23 32 21 34 29 27 31 41 17 31
25 37 46 34 17 45 25 41 38 41 34 28 19 35 41 29 32 43 22 45
26 38 45 30 24 31 38 29 21 26 23 24 9 35 40 33 7 41 7 36
39 37 42 24 29 31 20 53 18 37 32 30 16 37 48 7 44 36 29 36
31 38 40 27 26 22 30 31 23 26 24 26 11 31 42 28 15 41 2 32
27 38 48 23 23 29 30 44 21 36 20 31 13 34 47 23 28 41 23 38
3 6 10 4 1 4 4 8 2 3 5 9 1 6 9 5 1 10 1 7
35 45 53 36 25 38 52 52 26 35 34 47 29 54 47 33 33 50 23 49
4 10 22 9 4 8 5 19 10 18 10 9 1 7 15 3 7 12 5 7
5 9 14 9 2 6 10 12 4 8 5 4 1 10 9 7 9 13 5 6
37 48 57 35 29 45 57 51 27 29 40 40 23 53 54 34 41 65 26 52
13 18 24 20 15 23 12 22 6 22 5 10 2 10 27 11 16 26 14 23
29 43 40 20 20 35 52 49 17 24 34 45 26 51 47 33 30 50 28 44
10 13 21 15 2 17 21 18 10 13 13 14 2 16 19 12 17 26 4 20
17 29 43 23 16 33 32 33 15 23 11 25 16 29 29 30 25 43 23 35
1 7 23 11 10 20 18 23 1 7 7 11 4 11 19 11 7 25 15 11
4 3 19 10 2 9 2 13 13 16 5 7 1 2 11 4 10 18 1 10
13 23 30 23 6 24 20 29 13 22 15 15 1 21 31 13 22 26 9 28
32 28 45 33 14 38 30 51 20 31 35 41 26 36 46 13 38 49 26 38
20 29 52 29 23 37 35 36 11 20 19 30 20 33 39 33 21 60 22 36
4 7 19 18 6 18 6 25 8 15 14 10 7 11 19 1 11 15 13 7
6 13 27 15 5 18 10 15 17 20 13 1 1 8 14 6 14 22 6 13
2 7 5 6 1 6 1 13 1 8 5 4 1 7 9 2 6 7 3 3
23 32 46 23 15 26 26 35 21 24 21 30 13 28 42 20 25 48 7 32
8 15 34 16 14 25 24 38 6 17 22 29 15 27 30 19 20 41 21 22
8 9 15 11 1 5 10 14 8 7 13 9 1 15 9 6 12 9 1 10
15 27 39 16 19 23 33 24 9 18 18 24 11 30 26 29 14 36 15 30
29 35 53 33 15 46 29 60 22 39 42 42 22 35 62 12 35 56 28 43
2 7 7 3 1 6 1 12 1 9 6 6 1 5 10 1 2 4 3 3
5 13 19 6 10 6 11 13 8 10 4 8 1 5 19 8 11 22 3 7
10 10 24 11 7 6 16 9 7 7 1 7 4 14 8 15 12 23 7 13
1 1 15 3 1 6 1 12 11 11 5 7 1 2 10 1 11 14 1 5
8 7 16 13 3 8 5 7 3 8 1 2 1 7 5 8 3 8 5 12
14 16 30 17 10 12 10 28 17 25 14 15 3 15 24 8 19 23 5 16
1 6 16 9 1 7 9 19 3 3 11 8 5 8 17 1 10 18 8 2
4 7 15 6 5 11 16 23 4 9 9 15 1 15 18 8 14 19 9 9
7 6 23 5 6 6 7 26 16 17 16 16 2 11 20 1 22 18 2 6
7 12 27 9 14 15 23 12 3 10 4 9 6 15 12 21 11 29 11 18
4 8 11 5 1 2 1 16 5 8 7 10 1 9 14 1 7 12 1 6
7 13 16 11 9 15 17 21 4 11 7 10 1 13 24 7 16 23 6 9
1 18 15 4 3 13 21 13 5 2 6 15 3 16 23 14 9 24 2 15
32 43 60 46 23 51 37 50 28 29 31 32 25 43 41 36 37 55 37 48
17 26 36 20 21 29 37 16 12 13 9 16 8 26 25 35 10 41 13 32
19 27 45 32 9 32 23 42 13 24 31 30 18 32 36 17 14 43 24 31
1 1 3 1 1 3 6 4 1 1 3 8 1 6 5 2 6 5 1 4
30 37 53 45 14 40 35 46 22 23 38 32 22 37 39 27 32 47 25 40
11 18 18 17 9 19 21 5 3 6 2 8 2 12 17 20 3 26 4 22
28 37 42 25 29 38 43 41 4 22 27 29 10 43 42 31 24 35 26 43
41 52 47 33 16 50 52 56 25 28 44 53 38 56 53 34 46 58 37 52
13 21 23 12 18 22 33 28 2 4 19 17 9 29 26 21 18 30 16 21
18 27 31 20 10 17 25 24 9 18 12 21 9 25 27 15 5 28 9 28
1 6 24 10 9 19 14 21 10 14 4 13 5 11 16 13 9 26 13 12
11 15 23 17 2 9 13 18 11 13 9 12 4 18 13 11 18 21 1 11
1 6 16 7 4 9 10 5 9 10 5 7 1 4 8 6 6 16 5 8
1 4 10 2 3 6 9 7 2 1 1 7 1 8 7 9 2 13 4 7
29 30 49 22 24 26 37 35 27 15 23 36 24 35 29 32 39 51 19 34
4 7 24 24 4 21 2 22 7 15 9 1 3 2 17 2 7 17 12 13
1 8 8 1 2 5 13 4 1 1 2 6 1 6 13 5 4 11 1 6
12 16 39 27 21 34 27 37 10 24 24 25 19 27 22 26 21 38 28 27
1 4 8 3 1 1 4 5 1 3 1 1 1 5 4 2 5 9 1 3
52 59 58 52 38 48 46 60 24 43 45 37 18 56 66 26 31 52 24 57
32 40 56 36 25 35 27 37 35 32 28 25 13 29 45 26 29 59 5 42
13 17 20 19 1 15 15 23 5 6 17 20 8 22 23 14 11 24 8 19
34 30 43 35 22 29 18 45 16 31 25 27 11 33 40 14 39 37 20 33
30 29 44 32 19 35 26 60 28 41 41 41 22 33 53 5 34 42 21 35
31 34 51 30 24 46 35 67 12 37 38 49 28 44 59 18 36 52 42 43
9 16 33 16 12 19 18 30 16 21 6 19 7 16 31 16 15 36 14 18
12 16 43 16 20 22 17 30 27 29 17 16 10 14 25 14 27 42 11 22
35 49 64 36 36 52 53 61 29 44 40 42 23 54 60 39 39 55 36 57
9 13 22 17 4 9 12 9 11 9 7 1 1 9 8 12 6 19 1 14
13 19 25 12 7 15 22 20 15 17 5 21 11 19 24 20 22 37 6 22
21 37 54 34 8 33 32 44 28 30 30 31 15 36 46 23 29 55 11 39
34 52 66 44 26 53 47 46 31 36 30 31 18 46 49 44 31 61 25 57
13 27 33 23 5 22 22 19 11 11 14 14 3 20 30 19 4 35 2 27
16 24 24 21 14 16 13 32 10 25 15 16 7 17 31 5 12 22 9 19
17 22 32 22 7 26 12 40 25 33 30 23 1 27 37 7 30 30 5 26
20 31 38 14 16 34 45 30 15 14 22 27 15 37 36 27 24 44 20 37
5 9 9 1 1 1 10 17 1 3 12 12 1 16 13 2 9 5 3 3
20 28 40 28 9 17 28 33 12 14 26 22 8 28 38 13 13 37 7 27
29 32 55 48 20 47 13 44 20 41 28 21 21 25 46 17 24 46 35 39
24 24 36 28 12 29 29 38 11 22 19 24 14 25 37 15 30 37 24 29
23 19 35 28 11 27 32 26 13 11 17 23 13 30 14 24 25 31 19 30
34 38 41 42 24 35 18 39 8 32 24 19 9 32 36 20 32 36 27 36
21 27 53 36 21 35 28 49 18 33 39 35 26 36 36 21 21 49 26 39
44 57 51 45 30 50 42 50 26 42 36 41 29 51 54 39 39 51 37 57
1 7 21 15 1 15 1 24 14 19 11 3 1 2 18 1 11 21 3 5
3 10 3 3 1 1 2 12 1 2 7 8 1 9 10 1 2 8 1 3
1 11 11 3 3 8 11 11 1 1 2 6 1 6 17 6 3 21 1 5
5 13 14 13 8 17 14 11 1 8 4 7 4 5 18 11 6 25 6 12
20 26 35 5 19 22 18 34 31 29 21 35 21 27 37 15 31 36 16 29
1 4 8 1 1 1 4 2 1 3 1 1 1 1 6 3 2 7 1 1
1 4 10 1 1 1 1 11 1 6 3 3 1 3 8 1 3 7 1 1
15 12 17 12 2 5 18 14 2 4 9 13 6 20 11 12 19 17 6 15
18 19 40 19 12 16 27 33 15 20 22 27 10 33 23 21 26 30 11 26
21 25 45 19 30 28 17 47 16 30 19 23 12 25 40 13 31 38 25 25
2 6 26 3 12 14 22 22 5 16 11 16 7 18 13 12 20 25 13 9
24 29 52 32 24 41 21 44 31 45 21 24 14 23 44 19 35 48 26 41
7 16 13 13 10 17 11 12 1 8 3 6 1 9 20 10 4 15 6 16
39 45 57 46 35 47 40 51 11 33 32 24 6 45 56 30 35 53 34 47
10 14 20 13 5 7 18 7 7 5 7 8 3 15 11 14 11 16 1 14
19 31 45 24 13 29 18 42 32 36 28 27 11 21 46 9 24 47 6 30
21 27 34 22 9 18 32 33 9 9 22 26 13 32 32 22 25 39 15 23
45 57 69 41 38 49 46 56 38 46 35 46 32 47 68 36 34 68 26 58
43 43 64 36 39 47 41 62 26 35 37 43 31 48 49 29 54 61 40 49
22 24 24 18 9 24 31 23 5 14 16 21 12 26 27 17 24 29 16 29
25 33 43 29 20 34 35 50 27 37 37 36 17 38 46 13 28 36 16 37
29 40 33 30 22 36 34 45 12 26 30 33 15 36 52 14 23 34 21 38
24 31 43 28 26 43 24 52 15 38 27 32 13 31 53 15 39 46 35 34
22 23 26 28 7 21 19 27 8 12 18 20 11 28 19 18 20 22 12 23
3 18 26 8 12 21 24 17 8 11 4 13 4 17 23 18 9 29 11 16
17 18 30 24 13 21 25 17 6 11 7 12 12 21 9 24 15 29 17 23
40 40 49 23 26 32 41 42 31 27 32 43 29 39 45 25 47 56 22 42
6 9 13 4 3 5 4 14 5 11 5 12 1 7 16 4 8 15 1 7
17 15 42 23 16 25 21 41 20 28 18 17 6 21 31 11 31 38 16 24
9 18 17 7 4 9 16 24 11 15 14 25 7 22 27 9 13 20 2 18
18 33 46 33 6 36 23 39 27 29 23 25 13 28 41 22 28 53 11 35
30 45 61 48 28 50 40 47 26 34 30 27 14 36 53 36 13 54 23 50
12 16 37 30 2 23 7 31 14 20 22 10 7 18 23 9 12 33 13 20
32 46 56 38 28 44 36 50 33 46 36 35 22 41 50 28 27 44 32 51
37 40 55 45 24 38 36 42 28 29 32 33 22 41 32 31 30 40 26 47
1 14 14 5 3 19 17 10 6 9 1 10 4 9 19 13 7 27 5 14
8 20 22 8 8 7 15 10 5 6 9 6 1 14 19 8 1 16 1 10
29 43 48 32 30 37 30 38 11 30 22 23 7 38 48 22 18 39 24 43
12 21 36 30 10 29 15 22 18 20 17 1 1 14 26 14 11 36 5 23
4 10 9 2 1 4 6 11 1 7 7 11 1 9 14 2 4 8 1 8
7 12 41 27 12 33 17 31 11 23 21 15 16 18 20 16 14 40 24 24
18 22 26 18 20 23 19 30 7 20 12 10 1 18 35 8 22 24 11 19
15 25 22 7 12 12 28 30 6 13 22 23 9 28 30 8 15 23 9 16
26 37 58 36 22 39 27 40 22 35 22 17 2 32 43 26 27 50 13 44
31 35 46 30 15 27 14 46 21 33 33 38 26 27 50 12 20 50 20 34
14 8 36 17 16 26 16 42 14 23 18 24 12 15 33 4 26 33 22 18
6 11 16 17 5 15 5 22 9 14 13 11 4 12 15 5 7 14 9 10
11 16 28 21 7 14 17 9 7 8 5 4 5 10 15 16 7 28 6 16
46 52 56 45 33 52 39 64 16 40 46 36 21 50 69 19 37 52 36 51
3 13 11 4 1 8 15 3 1 1 1 8 1 7 12 13 1 17 2 13
15 18 32 25 6 24 15 33 9 19 20 20 14 20 33 9 17 34 18 19
27 33 49 27 15 34 32 30 38 30 23 34 25 27 31 31 37 52 14 41
44 51 69 47 31 45 47 57 28 37 42 55 41 53 59 36 32 77 28 57
15 17 21 15 1 9 14 21 10 15 19 16 1 23 17 10 15 13 1 15
3 1 5 3 1 2 7 4 1 2 3 4 1 8 2 4 7 5 1 3
30 41 62 32 29 40 41 55 22 41 26 40 22 47 47 33 39 55 31 47
24 37 44 37 19 32 29 36 27 28 32 23 10 28 46 22 12 47 5 38
7 14 32 13 14 25 27 24 5 19 7 19 13 24 16 27 18 35 21 27
8 23 33 13 5 24 24 39 21 24 23 25 5 27 36 12 25 37 11 21
16 21 36 16 11 19 17 22 22 24 13 20 9 13 27 15 21 38 4 25
17 34 55 32 23 43 38 45 21 33 24 27 14 38 40 35 27 55 24 44
2 3 9 8 6 9 9 12 1 9 4 6 1 8 7 4 8 11 9 6
5 12 4 6 1 9 7 11 1 7 7 13 1 10 14 6 1 12 1 11
25 33 45 25 30 40 30 43 23 34 19 28 13 28 53 21 35 47 22 36
4 6 15 8 6 11 11 14 6 11 6 9 1 9 11 8 11 13 9 9
1 8 7 1 1 1 3 7 3 4 3 4 1 4 10 1 5 9 1 1
20 31 45 31 5 30 24 37 28 30 23 30 16 28 36 21 25 47 9 34
4 14 18 12 1 12 14 14 6 3 7 13 6 12 19 12 4 25 8 13
36 46 41 27 25 39 41 46 13 30 34 34 13 42 57 17 26 38 21 45
1 3 10 4 1 1 3 4 3 1 1 1 1 1 2 1 1 7 1 1
1 1 5 1 1 3 8 7 1 2 4 4 1 8 3 1 7 2 3 1
33 37 46 45 5 46 18 55 20 35 43 26 19 38 49 8 31 45 28 42
19 33 40 19 9 33 23 43 34 35 35 30 12 36 44 18 36 40 11 34
1 3 17 16 1 17 4 14 8 8 9 6 1 4 12 3 6 21 2 12
3 15 19 9 4 18 17 10 6 10 1 8 2 11 20 16 7 23 5 19
25 28 35 25 23 32 30 37 3 20 17 15 8 30 36 17 28 32 27 30
14 16 26 25 14 23 3 32 5 23 14 6 2 16 26 3 20 19 19 17
38 52 57 40 27 50 51 44 34 37 35 39 22 50 54 45 34 55 20 54
14 24 30 17 14 17 22 18 8 12 11 10 1 22 23 20 6 28 8 19
6 11 16 6 7 10 10 14 13 15 6 15 1 8 20 8 13 21 1 10
14 22 25 16 9 11 26 29 1 5 19 20 6 26 29 12 9 28 9 18
35 44 58 43 32 39 40 43 27 39 30 26 11 39 48 33 19 47 14 47
10 12 21 10 10 12 24 16 4 7 8 13 5 20 13 17 14 22 11 14
8 14 32 13 16 16 18 28 8 18 8 13 1 16 25 12 18 21 13 14
15 29 37 17 17 31 32 24 28 26 19 26 20 21 33 29 23 40 20 32
11 22 27 16 1 19 26 6 13 4 6 16 10 20 12 24 13 29 3 26
1 3 9 5 1 1 3 6 1 1 1 1 1 2 5 2 1 9 2 1
21 25 44 28 17 32 27 43 18 28 21 15 5 25 39 14 31 40 19 29
20 30 47 22 31 40 29 51 18 36 20 30 17 32 47 26 35 49 34 36
3 7 8 6 1 7 6 6 5 6 4 8 1 5 9 6 3 12 1 8
1 7 8 1 1 11 9 4 5 5 1 9 3 6 9 6 4 14 3 8
29 45 50 37 24 44 38 48 23 35 31 38 27 37 56 33 24 52 31 47
49 64 71 54 42 58 53 54 23 37 38 44 26 59 55 48 40 65 42 67
23 29 38 22 8 24 30 36 15 24 20 30 9 32 36 17 26 30 14 32
1 1 10 4 1 2 1 4 2 7 1 1 1 2 3 2 5 11 1 3
1 4 12 1 3 1 8 2 3 1 1 2 1 3 3 4 1 11 4 1
35 46 46 43 29 45 40 30 20 26 20 24 16 35 42 39 17 46 14 49
36 50 60 44 23 45 45 48 40 29 33 45 29 42 49 41 37 63 23 51
23 23 30 11 22 22 23 42 21 27 25 34 16 27 39 11 33 39 19 23
3 13 21 5 11 8 15 19 8 9 6 12 1 10 21 10 11 28 7 7
12 14 23 13 9 19 16 25 10 20 5 17 2 17 27 10 21 21 12 21
11 16 21 10 1 18 14 33 10 17 24 19 6 20 25 1 23 22 10 14
16 22 22 7 12 9 16 33 12 18 20 25 7 19 35 5 23 26 3 14
28 37 44 37 10 26 33 33 22 21 29 21 10 36 34 23 23 41 2 34
10 20 24 15 5 14 16 26 17 21 24 21 6 20 26 2 13 22 1 19
40 53 52 37 34 56 53 60 29 39 41 47 28 51 70 29 40 60 34 53
10 20 35 17 12 22 26 33 6 14 20 27 16 25 28 20 10 39 18 26
18 30 38 16 20 26 36 31 10 21 23 33 20 34 29 32 18 35 23 33
4 4 10 9 1 8 1 6 8 9 4 4 1 5 4 5 5 7 4 5
19 20 44 19 22 26 34 40 17 29 27 27 17 32 28 24 38 38 23 28
21 29 30 22 6 20 25 16 16 8 17 22 13 24 19 24 18 32 7 26
7 8 13 8 4 9 13 14 7 11 8 10 1 12 14 8 15 16 5 8
17 21 36 9 16 14 9 28 24 26 19 19 10 15 28 6 22 31 8 18
25 31 35 36 9 29 20 32 6 19 22 24 17 24 33 17 12 34 19 32
1 4 9 7 1 8 4 8 5 4 3 6 1 3 8 4 3 12 3 6
6 10 21 17 9 16 10 15 5 13 2 4 2 4 18 10 7 24 8 13
37 47 45 21 19 37 56 51 19 28 39 52 34 59 46 32 41 54 30 50
4 9 8 10 5 14 12 20 4 12 10 15 1 13 18 7 13 17 7 11
13 24 29 21 12 17 17 28 13 22 18 18 10 17 29 4 5 25 7 18
15 27 31 20 18 29 22 23 11 21 5 12 2 19 36 21 15 31 11 30
1 5 16 7 3 5 6 8 2 5 1 2 1 1 12 5 5 21 1 5
27 26 47 27 21 18 19 47 22 28 30 33 22 30 40 9 19 43 14 26
29 34 49 35 12 49 28 61 19 34 49 37 24 45 48 13 35 52 33 42
1 11 10 4 1 10 13 17 1 4 8 12 1 10 21 5 7 20 2 6
42 51 49 45 39 45 39 58 13 45 42 41 15 47 63 21 37 48 31 50
5 12 22 18 5 16 12 14 9 11 7 2 1 8 12 10 7 19 5 12
10 5 20 16 6 10 4 19 8 13 6 10 7 4 16 6 12 27 6 10
13 19 35 23 12 25 28 35 12 18 19 18 8 24 30 18 20 35 19 22
32 40 51 37 26 32 30 35 22 35 21 25 9 29 46 19 18 42 8 42
2 5 8 7 1 7 9 4 1 4 1 3 1 2 8 7 2 18 1 8
31 33 60 42 24 50 24 60 34 49 35 36 24 34 56 22 43 56 32 49
1 1 10 10 1 13 3 9 1 2 5 8 5 1 10 3 1 16 6 7
17 14 47 27 21 32 20 40 6 29 16 25 19 19 31 18 19 48 30 29
