1000 20 10 1121
0 7 13 11 21 9 4 14 13 5
8 6 4 2 8 1 9 1 1 12
8 3 8 12 6 7 9 8 1 9
3 1 6 11 5 6 1 6 1 1
18 11 12 1 10 6 3 8 1 8
5 1 3 1 6 7 2 3 1 0
14 12 10 6 18 5 14 4 13 13
2 6 7 4 0 24 3 1 6 3
2 15 19 7 4 4 11 5 16 13
3 1 0 1 9 11 4 0 6 0
2 0 2 9 2 3 11 10 3 3
10 15 2 8 7 18 15 12 4 1
7 12 4 2 1 7 6 7 23 8
5 11 7 1 6 6 12 5 15 0
4 1 2 2 6 2 22 11 0 8
6 1 1 3 3 1 2 10 1 3
10 26 3 15 7 4 10 6 6 6
1 2 2 2 3 5 4 4 6 2
7 7 4 3 3 7 3 1 4 9
4 3 1 6 6 4 6 5 15 8
10 2 7 6 1 2 0 1 6 11
4 16 25 13 5 6 5 11 4 4
1 3 5 1 6 2 2 0 5 1
5 5 3 10 4 0 1 7 2 13
7 0 7 3 0 5 6 1 3 7
8 2 2 9 3 4 7 2 4 6
5 4 3 6 2 1 24 10 13 4
1 0 0 20 0 15 6 12 10 0
2 0 8 0 13 20 8 11 1 8
2 14 3 2 0 6 1 4 2 1
6 4 11 2 8 6 15 13 3 2
4 1 6 2 0 5 3 15 10 4
6 4 10 27 11 1 18 7 2 3
2 4 1 12 1 1 0 3 7 2
3 12 10 4 4 6 9 1 3 2
8 4 9 13 3 9 23 4 1 8
3 1 7 8 8 8 1 6 2 2
1 4 7 4 6 6 12 8 11 3
2 8 3 5 6 4 11 8 7 1
1 4 9 10 28 4 1 10 8 7
4 6 9 11 0 20 4 9 5 21
13 10 7 3 7 6 14 5 7 3
1 2 3 4 1 2 4 2 9 4
4 5 8 5 1 8 1 5 2 1
2 9 3 1 9 8 7 12 29 11
1 12 2 12 2 3 10 14 9 5
5 6 13 1 2 2 3 6 3 6
3 4 8 19 15 6 18 4 11 8
7 4 11 8 11 21 3 0 4 2
5 7 3 4 2 5 8 8 5 2
4 12 1 17 23 10 8 6 7 9
0 18 15 2 5 13 9 3 2 20
4 18 2 8 3 8 2 17 3 4
1 7 5 3 7 2 9 1 6 8
4 10 2 17 3 6 8 9 5 4
9 1 1 1 5 5 4 0 4 2
3 1 8 2 0 4 5 12 2 1
5 2 8 9 13 7 8 6 3 18
15 8 18 6 16 11 4 5 9 2
4 2 3 5 0 2 7 1 1 4
24 8 3 11 7 4 4 10 9 1
25 9 6 2 6 4 1 20 4 2
2 5 12 4 10 5 1 15 1 4
12 8 2 1 11 0 4 4 9 10
4 3 8 1 3 5 1 4 6 5
13 5 3 13 7 16 2 4 10 14
1 1 14 3 4 1 10 2 0 3
4 2 1 4 11 5 5 5 4 6
7 6 3 6 11 3 11 5 8 12
13 3 3 8 6 2 6 2 5 0
1 10 5 3 4 2 14 3 0 8
12 2 6 16 1 13 15 5 11 5
0 2 6 0 6 1 4 2 0 7
8 3 8 3 14 3 0 9 7 12
6 7 5 6 10 9 14 5 8 4
30 14 3 0 3 3 4 10 11 3
1 6 5 2 0 11 7 5 5 8
6 8 3 3 1 12 7 5 4 7
8 1 12 4 12 5 2 15 8 5
16 2 5 19 5 2 4 7 5 10
4 4 3 3 5 6 11 15 3 18
0 3 9 2 3 3 12 14 3 0
4 0 4 3 6 0 8 4 5 2
1 4 3 3 11 4 5 0 3 5
1 6 5 6 1 7 9 3 7 3
16 9 6 4 4 1 2 9 10 6
3 12 10 10 15 2 10 5 4 17
2 1 2 6 3 2 2 2 8 1
13 14 2 5 11 10 7 6 1 7
3 11 0 0 2 9 1 5 6 3
0 2 13 5 8 1 1 6 5 11
8 11 7 9 9 3 13 0 6 11
12 1 5 11 12 3 12 8 20 9
10 18 1 3 7 11 3 11 4 2
8 8 2 4 3 9 6 7 7 1
14 27 3 3 3 9 9 1 6 21
0 0 11 2 13 16 22 16 13 7
1 7 2 6 10 3 21 7 18 4
1 10 1 3 9 0 8 1 18 1
17 3 1 18 6 4 2 4 4 8
7 6 4 5 2 0 2 1 0 6
4 2 10 1 9 0 6 5 1 2
22 4 14 1 8 13 5 11 15 3
2 5 0 2 12 9 2 7 1 0
3 1 3 4 1 7 2 4 6 0
11 21 9 4 8 5 6 22 6 8
2 4 5 4 2 16 10 9 3 8
8 9 1 2 6 4 3 4 8 4
4 21 2 3 6 20 6 12 10 3
6 0 2 13 0 0 9 10 1 2
5 8 7 1 3 17 8 19 10 11
0 14 2 0 5 7 13 8 1 10
3 0 2 7 8 6 2 4 3 6
1 10 13 5 4 4 0 7 2 2
2 5 12 3 4 9 2 3 8 6
7 19 16 9 7 12 3 10 3 1
0 7 7 4 1 1 3 2 0 0
8 4 10 2 9 3 4 20 15 15
6 1 1 4 7 2 5 1 8 2
12 6 9 2 3 5 12 10 13 4
6 2 3 1 2 2 10 1 0 11
20 11 5 21 10 2 1 21 0 3
3 5 2 1 1 7 0 12 2 6
7 2 2 5 1 1 0 3 3 7
11 4 2 9 8 12 9 2 6 1
2 13 8 3 8 4 7 8 4 22
9 6 3 5 10 5 4 6 13 5
0 17 4 2 7 16 9 8 4 10
0 12 1 4 9 21 12 15 17 3
8 1 5 3 1 4 1 4 11 4
7 10 10 1 7 7 13 5 12 4
12 2 4 17 17 15 10 5 9 2
6 10 1 2 1 2 3 4 5 0
8 2 17 10 6 7 3 2 9 5
13 3 2 14 8 13 2 14 6 21
0 3 3 9 9 1 4 0 2 3
13 5 6 7 3 11 21 1 14 11
4 3 4 18 4 5 2 0 8 6
7 3 3 6 4 3 2 1 3 1
0 2 4 3 6 3 8 5 3 0
10 11 14 10 10 3 25 3 0 6
5 0 6 26 9 1 7 11 7 5
6 3 6 8 1 3 0 16 1 9
3 13 1 7 5 10 2 3 4 1
1 0 7 3 11 3 8 6 3 7
15 3 9 3 10 7 10 16 8 4
9 3 2 5 3 1 6 0 4 7
5 1 17 3 7 8 6 3 4 6
1 1 8 14 15 5 23 12 5 15
2 10 1 12 18 2 7 8 24 12
9 3 3 3 5 4 0 2 8 0
12 3 4 2 5 4 6 9 11 3
18 7 10 4 6 2 1 9 1 2
1 3 4 5 4 2 3 1 4 0
3 9 1 4 7 4 3 17 4 5
2 11 8 1 12 11 6 2 15 6
8 10 7 1 17 15 8 4 0 8
10 22 0 8 4 1 9 9 7 17
7 2 2 5 5 4 1 1 0 4
4 8 0 7 10 13 18 18 12 12
3 4 4 1 2 3 8 8 5 2
3 1 14 7 11 9 7 12 13 2
11 9 4 3 4 12 9 2 12 1
2 4 3 3 25 5 5 2 5 3
5 7 4 2 1 6 3 1 1 3
1 24 1 3 3 4 12 2 19 12
9 5 2 5 12 2 3 10 17 13
6 23 4 13 11 11 12 9 6 9
2 4 5 0 13 3 5 5 4 4
10 2 11 3 1 8 8 8 14 7
7 8 12 2 7 2 19 13 5 6
0 5 1 3 9 5 5 2 4 4
7 5 12 5 1 2 0 0 2 3
24 7 5 7 14 15 16 4 1 11
3 6 7 9 2 5 7 2 3 20
2 16 11 3 5 1 4 1 4 0
4 7 7 7 27 9 4 5 4 15
6 5 7 4 2 1 8 0 14 12
14 19 8 11 18 2 4 7 2 3
12 11 19 13 5 8 13 1 10 14
4 13 15 16 3 2 2 9 4 1
8 7 5 4 3 14 11 4 6 15
14 7 6 7 4 8 8 3 4 15
13 6 1 4 10 19 24 14 9 6
1 13 0 17 7 5 1 4 6 28
15 1 7 7 14 2 7 3 7 2
2 13 25 2 7 3 7 2 5 22
2 3 16 21 8 4 2 6 15 15
18 13 0 12 3 14 11 3 9 2
0 8 12 5 0 1 10 4 3 3
5 23 7 3 5 1 4 4 9 4
5 0 4 5 3 3 5 1 4 4
3 1 9 2 12 11 0 13 7 9
8 1 2 4 0 4 0 2 2 3
6 4 2 16 14 7 5 2 5 18
7 10 18 12 5 19 7 13 5 3
6 4 9 11 8 19 13 12 16 6
5 15 9 2 1 2 14 5 10 2
9 8 18 5 7 1 3 8 20 12
2 17 4 3 16 4 15 19 8 3
20 8 5 3 27 11 11 2 7 1
11 16 15 9 9 4 8 14 8 9
8 1 2 5 6 0 6 10 11 10
6 1 2 3 3 3 8 5 3 3
13 4 4 17 7 2 23 3 7 1
13 9 14 13 7 2 10 22 8 4
8 5 10 15 1 18 15 0 22 10
10 4 4 4 7 3 9 9 3 0
4 2 4 0 2 10 4 0 3 1
2 6 16 5 14 5 0 1 10 26
3 1 21 15 15 16 1 9 5 4
2 11 8 20 10 10 4 13 12 7
13 10 1 1 7 7 1 2 14 14
7 6 5 1 1 3 4 2 2 2
2 0 8 6 8 0 1 2 4 21
1 7 4 0 4 7 5 1 3 9
2 2 10 2 4 13 2 1 3 1
3 6 3 6 6 3 6 6 6 12
5 18 16 7 15 9 13 5 1 2
11 7 10 5 1 1 6 8 4 2
4 1 2 0 2 7 1 2 2 6
1 3 8 3 3 2 0 6 2 5
9 1 12 0 1 1 5 11 13 4
6 1 3 6 12 5 1 3 2 6
12 14 9 6 4 7 3 22 3 13
3 9 4 10 6 0 1 5 5 7
4 2 1 1 16 5 2 6 3 10
2 7 8 20 9 7 10 9 8 5
14 3 4 1 11 8 6 6 2 10
1 3 2 0 6 7 4 1 6 12
0 10 1 8 2 4 2 6 10 3
17 14 3 4 7 13 4 1 20 5
5 0 0 1 14 2 5 4 1 4
1 8 0 5 6 1 5 4 8 1
6 12 0 0 9 6 7 10 20 6
1 8 8 15 10 16 16 16 11 2
12 4 14 1 10 1 8 11 1 2
6 7 9 2 1 2 4 6 7 3
1 3 16 2 3 2 0 4 2 0
1 1 9 12 12 1 1 6 2 6
3 1 1 2 8 2 5 4 4 1
12 6 10 2 4 4 3 6 13 7
6 8 2 11 12 1 22 19 6 5
8 5 7 3 9 9 7 5 2 3
2 5 0 3 6 5 4 1 7 1
7 2 13 2 6 3 6 4 17 6
8 1 3 2 1 2 3 9 7 0
8 4 4 0 4 1 3 1 12 2
3 2 2 1 3 2 4 6 5 4
18 8 14 7 2 7 7 9 5 13
9 11 7 1 16 3 12 8 9 7
6 9 18 17 10 3 16 10 1 6
3 6 0 7 1 5 5 3 0 8
1 8 4 12 1 1 14 8 17 2
12 3 7 8 1 21 1 3 8 1
10 12 11 22 1 2 18 8 8 10
2 1 3 6 2 2 3 2 3 4
3 5 7 5 7 8 0 3 2 6
0 7 0 3 6 2 0 2 2 0
10 8 13 5 6 10 1 5 16 1
5 3 2 2 4 5 3 1 5 1
19 5 2 1 0 18 3 5 12 24
3 5 1 4 1 1 10 3 2 5
1 12 3 7 14 8 2 18 22 10
14 8 16 5 9 10 12 3 0 4
19 14 18 6 6 2 19 1 2 10
9 12 6 20 11 0 9 16 1 5
10 5 6 5 1 7 1 15 3 1
12 16 2 18 9 0 19 17 1 10
9 6 0 1 2 2 10 2 15 3
5 7 3 3 1 12 14 8 10 9
12 6 14 7 7 18 7 0 10 1
9 0 4 10 6 2 13 14 10 5
9 3 5 14 14 7 15 14 13 17
4 3 13 7 5 2 11 8 11 0
3 11 4 13 7 1 11 1 3 11
5 2 22 12 13 1 3 1 10 4
4 3 5 5 10 6 5 14 7 0
9 3 9 1 3 1 2 0 7 7
4 6 1 7 7 1 0 0 1 5
2 2 3 1 1 8 6 4 7 1
5 7 12 14 11 9 9 3 4 5
6 1 5 7 12 3 12 3 22 11
14 3 5 10 2 12 6 14 8 11
4 13 1 5 8 6 1 6 7 14
4 2 12 24 1 15 6 14 11 2
1 2 8 8 4 2 6 2 8 5
6 13 1 5 0 6 20 10 3 15
4 9 0 2 2 0 2 4 3 1
2 0 0 5 0 2 7 3 4 2
14 18 5 0 12 16 23 5 3 0
6 4 1 5 6 14 13 8 7 5
0 0 15 11 3 18 5 3 1 0
3 8 9 4 6 12 5 19 6 10
10 19 6 7 0 23 3 1 7 17
2 5 13 2 3 4 1 1 0 4
1 2 2 6 4 5 2 4 0 5
1 7 8 7 0 6 7 7 7 0
1 1 11 4 9 10 5 17 3 2
12 7 2 3 3 15 0 5 3 4
11 4 1 0 14 2 4 16 4 3
8 6 21 13 6 11 16 14 7 7
7 10 3 2 12 10 6 5 4 0
8 1 8 3 4 13 4 7 13 15
9 19 13 8 12 13 13 5 4 8
2 5 1 3 3 2 8 2 3 9
2 7 12 7 5 0 2 3 1 10
7 6 0 4 2 0 3 8 6 2
2 5 7 8 3 5 9 3 7 2
3 0 4 10 7 13 5 1 1 3
8 6 4 32 8 18 0 4 2 1
17 8 3 5 22 20 0 4 7 1
12 1 2 6 2 7 3 13 4 2
6 7 2 8 0 7 0 1 6 11
1 2 18 2 8 2 5 8 0 1
8 10 0 10 6 1 8 4 10 7
3 3 5 4 5 2 3 2 3 0
4 0 3 24 2 7 8 1 27 4
3 1 5 4 2 7 1 4 2 1
3 2 4 8 3 6 4 0 4 3
4 2 3 9 2 8 2 17 17 0
5 2 7 6 7 7 4 6 5 1
18 13 3 13 19 4 5 10 5 6
6 7 4 11 9 7 12 7 13 26
6 9 4 11 4 4 17 2 2 1
6 1 11 10 3 5 11 6 1 5
3 2 3 6 3 4 4 4 12 5
18 5 14 3 9 7 2 8 4 10
1 3 8 12 4 2 9 0 18 10
4 2 14 3 4 2 1 5 3 3
25 7 1 6 13 4 8 3 10 19
8 3 3 11 5 5 3 4 16 3
5 3 0 0 14 5 8 7 2 7
5 5 7 9 0 3 3 11 3 6
13 11 5 6 16 8 3 1 9 4
9 7 12 18 5 1 0 5 4 14
11 6 9 1 1 14 7 8 0 4
6 2 5 4 3 3 2 2 0 3
22 7 5 17 5 15 9 7 15 9
4 13 13 2 6 11 2 7 0 13
13 12 6 4 16 4 11 6 11 5
17 11 4 12 5 4 14 8 1 5
1 1 2 2 4 7 7 5 1 4
6 10 8 4 1 8 2 13 14 6
2 3 5 1 3 6 7 1 6 1
3 13 14 6 7 7 21 17 1 2
1 0 6 6 4 0 5 1 4 0
13 5 7 4 9 1 1 5 3 1
4 2 4 8 5 10 8 1 3 7
2 3 4 3 3 4 2 4 7 1
3 1 11 2 17 0 2 6 8 9
0 0 2 5 14 6 6 5 6 9
0 15 3 3 5 10 11 4 0 18
4 5 5 2 8 1 4 5 16 5
1 5 4 9 11 5 5 3 7 13
4 1 7 1 11 5 19 13 20 11
12 2 1 6 13 4 2 20 3 1
2 15 3 2 8 4 18 6 2 12
13 15 3 15 9 4 2 7 5 5
11 5 7 20 17 4 3 17 10 3
21 4 8 8 5 6 1 3 6 28
2 12 2 5 1 4 6 7 3 3
8 17 2 12 15 8 17 6 5 5
3 7 1 1 5 1 4 6 4 4
9 6 3 1 1 7 7 1 4 4
17 4 7 15 0 19 2 1 4 4
3 11 10 9 3 3 9 3 4 13
3 4 6 7 4 7 8 7 10 2
2 2 2 27 4 1 7 4 0 13
5 23 1 1 12 2 16 3 5 4
10 4 4 5 5 2 6 9 4 8
7 3 7 9 3 4 10 3 2 1
10 1 4 2 23 5 3 6 8 4
3 10 8 10 0 0 5 2 4 9
8 16 1 5 13 7 12 13 17 10
16 5 8 15 8 16 3 1 0 18
10 10 17 18 14 8 1 8 5 4
10 1 5 1 1 2 6 2 2 6
6 19 11 7 5 4 21 6 1 16
3 2 1 7 2 7 5 4 1 2
6 11 13 11 1 4 9 1 3 6
5 9 6 9 10 15 6 7 1 18
5 5 7 11 16 11 13 4 3 7
2 4 0 5 1 2 6 1 2 6
2 5 2 4 4 4 6 0 2 2
1 9 4 7 2 4 0 4 6 3
10 2 18 12 9 9 8 6 19 5
4 4 0 1 7 4 2 6 5 6
10 18 11 2 4 21 3 2 0 9
5 5 0 5 7 5 3 1 0 13
1 4 3 0 7 4 7 1 13 4
13 8 10 5 14 13 3 13 7 5
5 15 10 12 1 5 1 10 9 13
6 0 4 8 7 0 3 9 3 3
1 1 10 6 12 15 7 7 22 6
1 5 4 3 7 4 11 5 0 4
13 5 1 2 3 9 2 4 13 1
9 0 4 6 0 1 9 4 2 6
3 13 3 2 10 9 11 1 1 9
13 7 4 1 0 7 6 17 11 3
5 15 18 12 12 12 12 8 10 3
1 2 9 1 11 2 5 2 9 1
6 13 5 2 11 1 12 10 25 6
2 2 8 10 3 5 9 1 4 1
9 9 1 0 12 13 1 1 3 9
7 4 8 5 2 8 3 2 3 3
1 5 9 11 2 5 0 1 7 3
3 4 3 8 6 2 2 2 10 2
6 0 12 8 23 10 3 0 24 10
12 10 10 11 7 9 1 6 3 3
4 11 24 1 8 2 19 1 13 1
11 1 1 7 12 2 2 2 14 13
0 6 6 1 7 9 4 3 5 4
5 6 1 2 7 2 2 8 6 8
10 21 3 9 13 0 0 1 1 4
6 11 2 5 1 4 7 13 3 15
15 2 6 21 1 8 5 5 1 16
16 14 12 12 18 7 19 4 5 0
7 22 15 10 0 20 2 6 4 2
11 15 4 0 13 10 10 13 19 3
9 1 3 5 7 10 0 2 3 6
3 2 5 9 0 1 0 4 6 3
4 7 2 5 0 3 6 3 0 2
4 5 1 0 4 9 12 6 2 3
0 3 1 4 8 9 9 3 11 14
4 8 6 20 9 11 5 5 0 6
1 3 13 5 3 6 3 12 1 19
1 19 7 13 13 7 9 14 8 8
2 3 0 2 5 4 9 6 5 9
0 7 3 11 10 8 15 3 3 13
3 0 5 3 7 6 2 8 4 2
7 13 2 13 17 17 9 18 4 8
1 2 6 0 1 5 7 3 7 10
2 2 5 4 2 1 12 3 1 9
3 3 4 4 3 0 9 14 2 2
5 6 3 2 5 3 2 1 2 4
5 3 1 5 1 5 2 0 3 6
3 1 12 3 7 8 1 19 5 20
13 0 8 1 1 6 2 10 10 6
26 3 2 18 13 3 17 1 3 6
19 18 10 5 7 7 3 17 4 14
2 6 7 4 2 2 13 9 4 3
16 1 7 8 9 5 3 1 2 3
8 4 5 4 4 4 6 4 0 2
11 14 1 12 5 15 1 21 4 2
9 8 6 10 3 1 0 8 3 7
7 6 13 8 3 3 7 8 2 4
9 5 2 9 1 4 2 1 5 2
10 8 24 8 10 1 1 23 0 7
18 4 0 7 3 6 16 1 10 10
5 3 13 7 8 8 7 8 1 5
5 3 10 8 13 5 2 0 9 1
6 16 3 0 12 16 2 11 15 0
19 7 3 26 14 10 5 1 8 4
1 0 7 31 6 9 13 2 10 2
2 10 5 0 1 2 9 4 7 2
13 9 13 10 7 4 0 3 0 2
12 12 2 7 16 16 21 10 4 5
0 0 0 8 3 0 2 4 1 5
0 6 21 12 9 7 4 14 8 15
4 0 3 13 6 0 10 8 6 10
5 7 5 4 2 4 6 2 1 2
4 4 1 4 2 10 3 2 0 0
3 5 11 3 1 5 5 1 8 4
2 10 7 1 1 4 4 16 14 4
10 1 6 2 0 1 2 1 1 1
5 5 4 16 5 5 11 12 13 8
12 9 2 25 11 3 11 12 6 12
4 9 2 13 6 8 2 0 5 6
4 4 0 1 5 1 4 7 4 13
3 5 4 1 6 10 2 0 0 10
4 12 3 1 1 7 2 0 8 10
6 1 3 17 1 2 3 4 1 6
16 7 10 4 6 7 13 3 0 20
4 11 7 5 2 17 19 14 6 5
14 16 10 15 22 4 10 6 9 2
12 3 5 7 20 1 7 5 19 5
7 7 4 11 18 1 5 9 1 1
1 1 1 4 4 2 1 4 7 9
5 6 13 4 5 6 9 5 2 10
16 8 7 9 24 1 13 13 2 8
3 5 11 3 1 1 0 8 3 5
10 17 0 4 7 6 9 2 6 22
4 8 16 12 10 0 18 3 2 15
3 7 4 17 9 4 6 2 5 3
19 4 3 13 4 11 14 2 4 11
5 7 8 12 7 18 11 8 6 10
2 1 17 20 5 2 6 4 8 2
1 4 5 4 2 15 3 2 8 9
4 4 5 3 2 8 6 5 2 6
0 7 2 9 8 17 4 8 21 14
21 2 5 2 0 6 14 3 0 11
0 6 7 13 6 2 1 8 1 8
1 6 6 1 6 0 2 9 5 1
0 5 9 5 13 2 6 7 7 16
15 1 5 3 2 8 6 1 9 4
4 11 6 1 3 0 1 2 8 1
4 2 1 9 4 9 4 13 11 13
6 2 12 10 11 2 7 4 18 4
3 5 3 8 4 1 2 4 1 4
9 6 15 1 10 15 6 18 18 2
3 2 1 8 4 4 13 7 1 3
5 8 8 3 2 8 11 20 7 9
13 2 11 10 2 0 11 1 7 2
10 11 5 9 16 4 2 0 13 9
4 8 10 6 3 1 0 13 6 5
4 6 4 3 2 3 1 15 8 23
9 16 10 6 15 7 7 21 9 13
12 5 8 2 2 11 6 6 2 7
4 8 6 3 2 8 3 9 3 7
11 1 3 10 7 19 4 1 1 10
7 6 7 8 9 6 8 2 5 4
6 1 3 1 6 10 2 6 4 4
2 4 15 9 20 5 1 19 1 16
13 11 11 3 6 2 3 1 19 10
2 1 2 3 2 1 6 3 6 5
18 13 8 10 5 14 6 8 12 2
3 8 1 6 1 10 6 6 11 2
17 3 9 5 3 13 6 1 11 5
1 2 8 4 3 3 11 13 7 8
10 3 0 7 2 0 10 9 12 2
1 4 3 5 2 6 2 2 4 5
2 5 0 10 2 2 2 14 1 4
6 8 7 2 0 3 7 4 31 14
8 3 4 3 15 12 6 2 1 17
6 15 3 0 6 8 2 6 1 6
7 5 4 1 5 1 3 2 1 5
4 8 1 10 1 4 3 1 9 1
8 3 2 2 15 12 11 2 12 6
4 17 9 6 10 4 2 8 24 15
4 1 5 6 2 8 3 0 5 5
8 10 3 8 2 11 15 2 4 2
1 9 2 1 1 14 19 1 5 8
3 12 0 0 4 1 3 2 1 6
10 1 3 4 3 6 3 2 1 6
9 8 1 3 0 8 1 2 10 3
12 23 4 7 9 8 2 14 6 9
4 5 2 5 1 2 2 8 5 1
5 13 1 3 4 6 4 15 9 2
6 6 18 4 14 2 2 6 10 2
0 7 9 12 1 2 11 6 12 8
8 0 6 22 3 5 3 3 1 3
14 8 9 11 10 2 3 0 12 1
10 22 2 11 10 3 2 5 12 12
10 5 5 0 1 4 11 13 11 19
2 3 0 8 1 2 3 3 7 5
14 13 4 15 3 19 19 6 5 8
7 1 12 11 3 5 2 0 9 3
3 5 2 0 0 6 2 4 2 4
4 1 9 1 7 11 20 22 2 15
15 10 7 13 14 5 7 3 5 10
1 6 1 11 5 1 7 6 1 3
1 7 2 5 3 4 2 6 8 24
3 1 4 4 3 5 1 3 5 12
1 2 1 0 1 4 0 3 6 12
6 11 20 5 22 1 1 2 4 6
5 1 18 8 2 1 3 30 4 8
7 10 7 8 14 3 1 3 8 9
4 3 3 8 2 1 3 1 0 3
7 14 1 10 12 11 10 14 2 3
16 9 18 1 11 9 19 13 4 4
8 2 2 3 7 3 1 2 0 0
12 5 11 28 3 0 16 10 2 9
4 24 7 4 7 3 17 7 4 21
8 2 4 7 15 3 4 6 0 0
2 4 6 2 7 2 5 1 2 5
6 6 14 17 10 7 6 5 25 6
1 7 0 7 4 5 0 2 8 9
8 7 2 1 3 9 8 8 6 5
7 7 0 1 6 7 11 10 22 26
12 16 4 11 10 10 4 14 13 7
6 3 3 14 10 17 2 5 9 4
8 27 11 5 4 8 9 3 7 9
8 5 0 4 1 6 11 1 11 5
3 3 3 5 15 2 1 1 12 10
8 5 9 4 5 5 4 0 4 4
6 6 5 7 5 3 3 1 1 4
4 2 2 8 1 6 2 7 4 3
1 4 0 1 5 2 0 3 1 8
2 6 5 4 0 4 0 6 2 6
1 12 8 25 16 7 6 1 13 4
19 10 3 23 4 2 9 6 7 19
5 9 1 2 10 17 5 21 6 3
8 4 1 6 4 5 3 5 3 3
16 8 3 14 4 2 11 22 5 5
8 0 0 3 12 7 20 14 10 3
3 5 4 0 9 3 1 2 1 4
12 2 5 1 1 3 13 5 7 1
2 2 9 0 0 1 7 3 3 2
13 8 8 12 13 2 4 23 9 7
4 15 13 8 13 11 5 1 7 19
7 2 2 4 5 10 5 4 12 6
15 8 4 4 9 5 2 4 6 13
6 22 7 3 1 7 5 0 11 5
5 7 1 3 2 7 9 3 0 11
6 2 3 4 6 4 6 5 6 2
2 4 1 2 6 6 2 3 2 12
8 13 6 5 9 6 9 18 11 16
1 3 5 5 4 3 9 2 4 11
2 5 8 12 6 5 7 1 15 24
8 9 5 15 10 10 17 1 1 2
7 7 6 3 3 11 5 0 3 2
0 1 4 2 2 7 4 1 5 9
8 3 5 0 8 12 12 4 3 5
12 13 11 4 2 17 2 29 3 3
10 10 0 8 4 5 12 25 0 13
9 2 1 1 10 5 14 11 0 11
5 4 2 9 13 5 11 13 10 4
5 5 5 1 3 2 4 6 4 1
8 7 24 9 14 7 13 13 2 1
3 13 1 5 3 10 11 11 5 9
9 19 7 5 6 10 4 7 1 3
4 9 9 2 8 3 6 4 9 0
9 1 18 8 2 11 0 4 3 2
18 3 14 4 8 4 2 18 7 3
9 3 2 9 9 5 12 10 21 1
11 12 11 1 2 12 3 5 3 2
3 8 31 1 7 4 2 3 10 5
1 3 1 4 2 3 10 2 4 2
0 5 1 2 4 4 0 6 7 0
5 9 0 2 8 5 14 15 12 9
1 8 4 9 9 2 6 5 4 6
5 3 3 2 1 5 3 6 3 1
4 1 6 4 7 16 3 6 8 5
15 24 5 1 7 0 4 9 10 0
2 2 4 16 1 5 9 3 6 5
7 3 1 0 4 4 2 2 9 9
4 0 10 4 1 13 8 7 1 9
13 1 2 6 3 2 5 3 6 1
0 2 12 4 1 13 9 0 5 2
6 0 13 0 8 4 3 3 3 4
1 3 14 2 8 2 3 19 7 21
22 1 15 8 7 13 14 11 6 2
8 7 0 3 3 3 16 8 11 14
2 4 0 2 6 2 3 4 0 2
2 17 3 20 8 0 14 6 18 9
12 2 8 10 1 0 0 0 1 3
3 5 2 6 2 3 5 1 2 4
7 1 15 8 21 2 2 17 7 13
6 2 2 12 16 6 7 2 3 14
1 0 0 3 3 4 2 5 7 7
1 3 0 8 9 26 4 19 8 0
8 2 2 6 11 6 15 8 6 10
16 13 6 9 9 15 6 5 11 22
4 8 2 4 8 2 3 7 1 1
7 0 20 4 17 6 2 2 6 6
8 2 2 3 4 5 5 9 1 2
22 11 10 0 4 0 1 21 7 0
7 3 13 14 5 1 12 8 8 6
5 4 4 9 10 11 6 5 2 5
22 9 6 10 7 13 3 0 7 9
12 3 24 22 10 0 4 3 11 12
9 10 4 4 12 3 2 0 2 10
6 4 5 6 3 2 13 2 5 0
0 1 1 1 4 3 6 4 0 4
17 9 3 19 5 15 1 11 1 15
5 13 2 4 3 7 2 6 9 0
4 2 3 3 5 5 2 0 3 1
9 3 13 0 6 4 0 7 1 3
1 3 3 3 3 4 11 2 2 2
2 12 22 9 8 20 5 8 3 13
10 6 8 10 3 1 1 3 2 7
14 3 13 0 8 4 10 16 14 23
4 2 10 15 8 24 3 9 16 6
2 3 2 6 7 7 9 6 7 2
15 6 6 5 1 6 2 3 11 6
5 0 4 9 10 6 16 3 2 15
0 1 4 12 3 7 2 16 18 2
1 4 3 1 1 4 5 18 7 18
1 0 9 0 5 5 5 0 1 10
1 0 5 6 8 12 3 21 4 4
1 6 0 0 4 2 6 5 0 1
16 8 2 6 7 6 6 12 2 1
2 0 3 5 10 3 1 1 8 6
10 12 16 3 5 8 11 19 5 6
3 5 4 0 2 3 5 8 0 5
1 14 0 2 4 2 5 0 0 0
0 5 7 8 2 5 2 8 7 7
7 8 7 6 6 29 0 3 15 4
4 4 2 0 1 3 5 6 0 3
9 12 10 4 5 5 7 13 13 3
4 7 3 2 4 1 1 3 4 2
0 1 16 7 8 1 3 2 0 9
1 7 0 1 4 5 2 2 5 3
0 3 5 2 1 1 4 4 7 0
4 12 4 0 3 3 0 7 10 2
6 3 20 3 24 5 15 10 3 11
9 7 10 1 11 14 9 25 4 8
0 13 0 19 10 12 0 5 8 1
2 24 9 17 6 5 4 14 2 17
14 9 5 8 14 1 9 11 4 7
13 9 5 3 9 6 16 1 14 12
9 1 6 2 5 3 1 3 5 1
9 3 5 10 3 16 7 11 15 3
2 3 12 9 6 6 2 3 3 3
2 2 2 4 0 0 1 2 9 1
4 4 6 5 2 2 2 4 2 2
6 7 4 11 5 13 1 5 8 6
2 7 7 19 2 16 8 7 15 12
11 2 4 13 9 2 12 15 7 5
11 3 11 17 23 11 10 8 2 0
4 8 13 5 1 15 7 13 7 11
6 2 13 4 1 3 7 3 3 8
1 2 11 4 1 14 4 3 8 4
24 3 7 6 14 15 5 7 6 14
18 9 4 3 17 12 6 11 9 17
7 2 8 23 8 4 11 18 5 9
5 5 8 2 4 2 6 6 3 0
6 13 8 3 4 3 3 19 4 7
4 1 10 6 15 14 13 14 6 6
2 7 6 14 1 8 7 13 3 27
1 7 1 6 11 4 1 4 6 17
3 6 2 0 6 5 3 2 4 2
2 2 6 4 5 3 2 1 2 4
3 0 1 11 1 6 5 4 12 3
0 2 8 6 8 1 6 7 2 3
5 3 10 1 3 3 2 3 0 1
1 0 7 4 0 10 3 8 1 4
7 5 8 6 0 3 8 6 1 1
4 3 0 2 2 2 0 3 7 3
14 15 13 5 7 14 14 1 6 0
4 4 3 5 25 10 12 7 21 5
7 7 19 1 4 15 17 10 3 2
8 4 5 7 7 1 5 3 11 12
2 12 2 7 14 12 16 17 12 18
10 23 15 0 9 13 4 5 7 10
3 2 3 6 8 3 2 3 1 1
7 10 3 5 11 12 1 0 17 26
2 4 3 3 1 21 7 19 6 20
5 4 8 8 8 1 17 8 16 16
13 2 6 0 4 3 2 7 6 1
0 12 2 2 2 4 10 4 7 15
3 3 6 3 7 6 8 2 0 1
3 3 6 7 1 3 4 3 3 0
3 2 5 12 13 5 3 3 5 8
9 5 11 1 7 2 1 12 11 3
6 9 5 1 11 8 13 1 1 6
7 3 7 32 18 3 3 6 0 1
3 8 4 1 24 3 8 7 2 13
9 3 3 6 9 5 6 4 16 4
4 8 2 10 3 7 25 1 10 9
1 2 6 0 10 5 8 19 17 2
4 7 14 8 19 9 7 1 7 15
2 8 0 1 1 10 3 1 4 4
1 1 14 10 7 5 9 4 24 2
3 5 4 3 5 5 2 2 2 5
4 1 1 13 9 1 18 1 17 21
8 2 5 2 7 3 3 6 1 2
2 3 20 1 1 19 1 0 1 2
1 6 20 7 1 16 17 13 14 14
1 2 1 4 6 1 11 10 6 9
11 8 5 5 13 9 11 6 13 1
2 6 0 7 1 5 9 6 6 17
6 13 1 3 15 17 12 12 15 2
5 2 14 7 4 8 0 7 4 2
5 1 15 9 8 16 2 20 6 13
8 16 1 2 6 4 4 23 7 15
14 3 17 5 6 16 2 9 1 23
9 8 12 3 10 5 0 5 0 2
1 2 4 1 6 6 0 5 5 1
23 2 3 4 18 1 3 5 8 10
2 13 4 6 9 4 11 5 3 3
11 1 5 5 30 6 9 4 0 13
5 10 22 1 1 8 11 1 7 20
0 4 4 4 1 9 4 1 1 4
0 5 3 14 16 10 22 8 11 12
1 8 4 15 1 2 16 0 1 13
6 4 12 1 0 1 4 8 0 6
9 22 8 5 11 2 13 4 7 8
11 2 0 11 10 19 2 1 1 11
3 4 2 5 3 10 2 9 6 10
4 10 1 17 7 19 1 2 5 2
22 13 6 5 9 2 3 19 3 2
6 5 6 10 15 5 8 3 12 11
7 5 5 21 4 5 21 5 9 11
4 2 4 3 10 2 25 1 12 5
13 12 2 10 12 6 8 11 6 6
6 6 2 3 5 8 9 3 5 5
6 3 5 16 1 5 13 6 1 2
9 14 2 8 4 3 15 6 8 7
4 6 4 15 0 3 3 10 4 5
8 16 14 5 6 5 14 5 4 23
0 12 3 14 3 9 7 5 10 2
5 11 21 13 4 5 3 3 14 9
20 10 6 8 9 11 14 4 3 12
10 1 18 14 4 12 7 7 3 5
12 3 8 3 5 4 5 4 6 4
12 3 6 0 1 4 0 3 5 0
4 8 8 1 1 1 6 4 6 7
14 11 11 8 4 1 1 10 5 9
7 8 4 2 7 2 3 0 5 5
2 3 3 5 8 4 5 2 2 8
10 2 16 11 7 5 1 4 4 8
2 1 21 12 9 2 19 21 10 5
5 3 3 1 1 0 2 1 1 11
11 21 1 15 2 5 13 8 10 5
13 11 6 28 15 5 3 8 9 7
6 1 11 7 3 12 14 1 7 9
1 13 5 6 2 3 4 4 4 4
2 2 1 0 9 20 15 11 18 13
7 8 3 2 7 10 0 1 3 2
4 2 12 1 4 8 0 5 15 10
3 11 0 7 5 10 0 0 1 3
14 0 25 10 8 2 9 1 6 15
11 1 3 1 3 4 8 2 8 6
0 1 3 2 5 1 7 4 22 5
1 2 2 5 6 2 3 1 5 1
6 4 0 1 3 3 7 3 1 2
3 12 22 14 18 6 8 9 0 2
1 2 9 1 6 0 3 2 15 6
7 7 3 5 4 8 11 0 6 11
7 28 2 14 8 9 1 5 13 9
12 7 5 5 3 3 1 11 10 6
10 13 5 1 0 1 1 8 1 1
24 8 12 1 6 11 10 2 5 15
5 2 0 5 5 2 6 12 4 9
6 6 5 7 0 7 2 2 3 4
2 10 4 0 1 0 7 5 1 0
14 13 15 13 1 12 4 18 11 4
0 2 5 6 1 5 5 6 8 1
9 22 3 12 4 2 10 5 11 5
4 3 7 6 3 24 17 1 6 16
20 5 20 15 3 13 6 0 1 0
2 17 5 2 3 5 4 1 5 5
3 18 7 4 4 4 2 4 7 3
2 4 5 6 21 4 19 1 15 4
5 7 8 12 1 9 5 12 5 3
1 4 1 4 0 1 5 3 5 3
14 8 12 9 13 9 8 20 4 9
6 7 2 6 2 8 3 3 2 13
13 2 3 3 2 1 12 4 9 14
6 1 5 2 9 4 4 4 5 4
1 2 13 3 10 4 4 4 1 3
5 7 21 2 10 4 13 3 2 6
6 7 3 8 6 2 3 5 5 2
15 10 9 22 2 5 5 3 5 11
4 2 1 3 0 1 8 2 8 3
11 19 9 9 13 4 9 0 4 1
5 8 4 6 13 11 15 3 10 4
3 6 20 4 5 6 5 6 2 9
0 9 6 5 2 6 1 7 4 10
3 6 15 7 7 9 7 14 6 16
9 12 2 6 9 9 7 3 1 5
6 7 3 1 4 1 6 11 10 3
16 4 2 7 3 2 6 5 0 7
6 6 9 7 2 11 0 15 6 9
3 4 12 16 12 5 7 15 7 9
3 5 9 6 6 11 4 3 7 6
6 4 4 1 3 3 8 2 1 5
14 1 7 6 15 27 4 2 8 2
10 9 2 8 3 21 7 6 3 0
0 7 0 3 1 3 6 6 2 2
4 9 9 7 0 2 2 1 5 14
3 2 12 4 3 17 7 7 13 4
4 4 4 2 7 3 2 2 1 3
2 3 4 1 12 4 4 4 0 1
3 2 2 1 4 4 7 2 3 1
3 6 7 31 8 5 9 5 13 10
24 0 3 13 5 3 4 3 0 4
1 4 4 2 5 3 1 0 4 6
3 21 9 8 2 1 6 11 5 5
10 6 6 3 3 8 3 1 5 3
4 2 6 2 3 4 2 2 1 2
2 6 10 12 3 7 6 6 15 15
6 2 2 7 0 9 4 10 11 5
5 4 3 1 7 5 9 1 1 2
4 0 4 3 3 1 0 2 0 7
1 12 17 18 10 11 5 14 3 4
1 7 14 2 7 7 8 1 2 3
15 0 4 7 10 19 15 7 9 6
16 5 0 8 17 8 8 12 21 3
12 10 0 1 2 3 2 3 0 3
2 7 17 9 1 6 8 0 8 4
5 10 1 6 2 7 18 1 7 1
2 16 12 2 0 7 1 6 7 12
1 2 4 4 7 3 0 0 4 1
6 14 14 9 6 3 3 0 0 1
6 16 4 9 4 1 15 1 14 11
10 10 2 7 15 5 18 7 12 1
10 5 7 18 14 7 6 10 3 10
6 5 2 8 1 2 15 7 28 8
3 8 6 7 4 5 4 13 2 18
6 0 2 15 2 3 1 11 19 14
4 2 10 17 11 1 24 2 5 2
3 14 5 16 1 5 15 14 12 8
10 2 27 20 2 1 13 1 10 8
4 10 2 5 3 9 4 10 6 4
7 6 13 5 13 18 17 16 10 9
1 0 10 2 8 8 8 5 7 0
5 26 1 11 7 23 3 4 0 6
2 19 3 2 1 18 3 8 0 2
5 1 0 4 5 5 2 13 4 10
8 1 8 7 6 7 1 9 10 5
0 6 0 1 2 3 6 3 2 5
5 3 7 1 3 1 2 5 5 1
8 14 4 2 7 0 16 3 4 9
2 3 9 2 6 7 4 1 0 3
8 3 6 9 1 7 5 2 1 5
6 5 1 3 8 2 1 3 7 5
6 2 11 3 3 2 19 8 16 1
0 28 12 0 10 11 10 0 1 0
11 17 3 5 6 0 2 1 12 7
5 6 8 12 12 13 11 12 19 4
17 11 11 8 3 13 3 0 13 13
1 2 3 1 9 2 3 0 6 7
2 1 1 1 3 8 0 2 10 1
3 0 12 14 17 3 12 4 22 1
6 2 18 15 7 10 6 4 4 3
0 6 1 1 0 2 3 4 6 0
7 5 4 8 4 8 11 0 12 3
8 5 6 6 1 2 6 6 8 3
7 14 10 6 12 9 1 5 5 13
2 1 1 6 16 10 6 5 6 7
9 3 6 10 16 11 7 3 4 12
6 4 1 6 4 10 2 5 3 17
8 5 2 6 16 10 6 5 11 3
6 3 2 6 5 8 16 5 1 1
8 6 4 4 8 4 14 10 17 8
5 0 6 1 7 3 4 8 3 12
5 2 13 8 5 8 13 17 13 3
4 2 3 12 1 2 3 1 6 3
0 24 4 12 3 2 17 5 9 12
1 4 1 1 1 9 1 1 2 4
15 5 4 5 1 10 5 4 3 18
23 8 0 2 1 6 13 0 13 22
2 1 4 5 1 6 9 10 5 1
12 4 2 7 4 6 13 4 7 5
1 6 1 7 2 0 2 4 4 6
3 5 2 6 8 3 20 7 3 7
9 9 1 3 3 5 1 6 6 8
3 5 1 16 3 13 2 3 1 14
3 10 1 2 0 6 5 4 7 2
1 2 12 6 13 1 5 3 5 7
8 6 1 14 10 5 5 17 15 5
4 14 5 10 6 1 4 17 3 7
1 6 0 12 1 7 8 9 9 3
7 6 8 8 2 10 5 1 6 1
8 3 4 8 12 3 11 9 11 15
19 24 4 9 9 8 13 6 10 9
5 7 4 6 11 7 8 4 8 7
17 17 0 7 3 12 14 1 6 2
8 7 14 23 12 2 7 3 10 10
7 19 1 9 3 16 3 19 2 12
2 10 10 2 7 9 3 4 8 3
6 14 12 10 3 23 19 6 9 7
5 4 1 7 15 3 5 15 7 18
3 5 4 4 4 2 8 0 5 6
1 5 5 4 3 17 4 3 23 14
2 9 6 2 21 14 15 8 1 5
1 7 16 2 1 4 8 8 8 4
10 21 8 2 4 10 8 12 11 1
0 4 5 8 1 5 2 4 4 2
1 6 3 1 8 1 2 0 3 1
8 6 7 13 7 11 5 16 1 19
5 11 2 1 14 4 5 8 5 8
7 18 13 8 5 3 6 5 9 15
0 11 1 2 0 3 20 8 1 9
1 3 5 10 12 6 9 2 2 1
7 10 5 0 10 5 13 7 13 13
5 5 4 4 4 4 0 2 0 4
2 10 1 4 2 16 6 21 9 17
15 16 14 0 11 8 5 1 15 11
9 6 4 19 1 5 11 13 5 14
5 1 5 2 0 14 2 4 0 6
6 8 3 17 8 8 17 15 9 9
9 2 2 13 8 5 3 10 3 7
3 0 4 5 1 2 5 5 8 1
6 1 3 1 2 6 4 5 3 0
2 1 5 5 0 13 2 1 1 4
6 16 7 12 1 10 14 8 3 3
6 11 3 10 0 1 5 20 12 2
3 8 2 19 2 17 2 4 8 5
13 12 18 5 13 14 1 4 16 4
4 13 15 22 11 3 13 10 7 11
5 5 2 9 22 19 5 13 6 9
1 14 3 9 11 6 4 6 16 9
0 0 3 6 2 2 6 4 2 0
5 2 6 1 1 6 7 8 6 7
2 3 1 4 9 0 4 6 9 3
5 1 1 1 6 2 3 13 18 8
1 4 3 1 5 0 9 2 7 0
3 9 3 2 1 1 10 4 7 6
5 3 4 0 4 4 5 0 12 12
27 0 1 1 2 7 3 0 10 9
7 4 13 4 8 7 8 6 3 1
18 2 3 7 3 1 4 0 7 3
1 10 3 2 5 2 9 2 3 5
16 4 2 2 1 14 4 4 4 19
13 13 3 0 9 16 3 0 0 6
5 22 8 6 2 14 5 1 5 25
12 10 4 2 5 13 10 9 3 2
10 14 3 8 4 7 15 6 4 3
7 8 0 5 13 19 11 7 17 21
7 2 1 4 2 0 2 3 1 4
4 9 2 4 7 1 24 10 5 15
11 29 15 1 14 1 1 4 1 3
18 4 6 7 6 12 0 29 7 11
7 1 5 3 3 2 7 2 1 4
1 3 17 11 5 11 2 2 9 8
3 3 1 3 0 5 7 0 8 11
1 15
1 40
2 90
5 13
5 24
5 29
5 60
5 102
6 41
8 84
9 46
10 33
10 94
11 66
11 95
12 46
12 54
12 69
12 104
15 115
16 114
17 50
18 114
22 40
22 46
22 85
24 75
24 115
25 99
26 88
29 68
30 43
31 40
32 91
34 64
34 82
35 85
36 103
36 113
37 39
37 47
37 65
37 68
38 41
38 50
39 72
42 81
42 92
44 74
44 115
45 60
46 115
47 119
47 137
48 58
49 83
49 134
51 102
51 144
52 84
52 118
52 142
53 97
55 140
58 105
58 128
59 125
62 101
64 91
64 128
65 123
66 70
66 92
70 103
71 110
71 135
73 94
74 79
74 93
74 106
75 81
75 87
75 156
76 77
76 143
76 157
78 131
78 136
79 91
80 92
80 119
81 95
82 84
82 105
82 166
83 137
83 158
83 169
84 101
86 143
86 176
87 153
88 142
91 165
92 166
93 120
94 121
94 156
98 118
98 197
100 104
100 166
101 112
101 196
102 169
103 180
103 200
105 195
107 171
109 129
110 133
112 180
112 203
113 165
113 178
113 205
114 142
114 148
114 149
114 201
116 133
117 168
118 167
120 187
120 203
121 132
121 171
122 134
122 146
122 186
123 160
123 182
124 160
124 187
125 171
125 173
126 145
126 222
129 192
131 193
135 165
136 143
136 178
136 188
136 233
137 183
139 233
140 165
141 207
143 209
143 211
144 179
144 205
144 211
145 150
145 237
146 167
146 183
147 210
148 222
149 184
149 227
150 196
151 166
154 199
155 170
157 182
157 235
158 173
158 200
158 226
159 209
161 249
161 261
163 253
164 172
165 227
167 168
167 194
167 207
168 193
169 222
170 209
170 228
170 245
171 218
172 174
173 233
174 232
174 245
175 268
177 200
178 218
178 271
180 182
180 188
181 271
182 261
183 263
184 264
185 208
186 193
187 285
188 269
189 222
190 261
192 211
193 203
195 228
197 232
198 202
198 256
198 277
198 286
199 269
200 213
200 228
200 299
202 223
203 232
207 230
207 302
208 224
209 258
210 248
211 252
211 277
213 299
214 225
215 247
215 298
217 293
218 238
219 263
219 269
221 293
222 287
223 297
224 256
225 312
226 312
226 326
227 298
228 248
228 282
228 288
229 267
229 315
229 322
231 312
232 234
233 266
234 294
234 306
235 270
235 313
237 310
237 326
237 333
238 262
238 276
239 299
239 329
240 304
240 321
241 279
242 282
243 254
245 315
247 325
250 321
250 349
251 263
251 292
252 322
253 295
254 255
254 302
255 274
255 280
257 281
257 284
257 334
259 317
259 331
260 266
260 277
261 285
262 307
263 286
263 296
265 307
265 314
266 287
266 329
266 362
268 324
268 328
269 279
270 329
270 353
271 369
272 353
274 293
274 335
276 316
276 342
276 371
276 375
278 298
279 285
279 364
281 287
282 324
282 327
282 336
282 341
283 335
284 367
285 355
285 377
286 317
286 349
289 348
290 344
293 305
293 308
293 381
294 300
294 357
294 363
294 385
294 386
295 304
295 373
296 320
296 359
297 397
298 387
299 369
299 398
301 344
302 321
303 377
304 381
307 372
310 328
315 345
316 335
316 379
317 408
318 359
320 352
322 372
322 421
323 332
323 357
323 368
324 367
324 393
325 401
326 384
327 393
327 397
328 416
329 370
329 381
330 351
330 429
331 394
333 429
333 433
335 374
336 411
337 375
337 433
338 390
339 341
340 405
340 435
341 405
341 435
344 349
344 378
346 405
346 421
346 430
347 413
347 429
348 390
351 414
356 425
357 454
361 416
362 413
365 454
366 368
366 405
366 423
367 385
367 403
369 379
369 435
369 460
371 448
371 467
372 375
372 427
372 431
377 391
378 463
380 430
380 478
383 453
384 406
385 485
386 398
386 439
387 414
387 448
387 454
387 466
389 463
390 398
390 465
391 480
392 393
392 492
394 417
394 484
395 425
395 449
396 456
397 473
398 435
402 439
403 405
403 412
403 438
403 451
403 474
403 475
404 437
404 499
405 423
405 431
406 417
406 423
407 431
407 434
408 499
408 507
412 463
414 431
415 453
417 452
418 452
420 449
421 430
421 476
422 509
424 454
424 493
425 498
426 493
428 432
428 443
428 499
429 476
431 438
431 494
431 508
431 513
434 512
435 442
435 449
435 455
436 464
438 442
438 467
438 497
438 536
440 467
440 519
441 492
442 521
443 512
444 523
445 461
445 535
446 462
446 529
448 449
448 470
448 528
449 505
449 530
449 533
450 468
451 496
451 535
451 541
452 471
452 508
454 509
454 525
457 459
457 517
460 515
460 526
461 485
461 488
462 473
464 493
465 488
465 499
465 534
467 535
468 526
468 544
469 518
469 539
469 548
470 521
470 527
473 523
473 553
473 562
473 573
474 487
474 535
475 543
476 482
477 529
477 560
478 542
479 539
480 489
480 511
481 520
481 581
484 534
484 550
484 581
485 576
486 529
486 567
487 550
488 515
488 543
491 590
492 495
492 581
493 578
494 566
496 541
496 552
497 499
498 503
499 546
500 519
500 550
501 502
501 540
502 584
503 509
504 525
504 604
506 592
507 550
507 576
507 600
508 534
509 512
509 542
510 548
510 572
511 572
515 530
515 535
516 524
516 536
516 541
517 547
518 584
520 544
521 538
521 571
522 571
522 584
524 567
524 602
524 620
525 542
525 594
526 543
527 590
528 588
529 574
529 587
530 542
531 533
532 574
532 608
532 614
532 618
532 626
535 543
536 576
538 596
540 628
541 589
542 562
542 572
543 639
545 644
547 626
548 614
551 572
552 557
552 570
552 580
553 612
553 627
555 619
556 650
557 648
559 562
559 573
559 644
560 569
560 615
560 629
560 639
561 636
564 596
566 626
568 585
568 652
569 666
571 619
572 598
572 645
573 619
573 669
574 595
574 639
575 615
576 612
577 594
577 648
579 642
579 668
580 669
582 646
583 636
583 665
583 680
586 628
589 635
590 623
590 635
590 658
591 685
592 602
592 612
592 644
593 656
593 678
593 687
594 686
595 616
595 640
596 646
596 681
598 689
600 665
600 699
601 612
601 676
601 679
602 609
602 626
602 641
602 676
602 692
603 637
603 661
604 665
605 689
609 625
609 648
609 677
609 694
610 684
610 696
610 706
611 646
611 693
611 695
614 633
614 684
615 667
616 706
617 629
617 663
620 669
621 671
621 720
622 662
622 689
622 709
622 717
625 633
625 673
625 689
628 703
628 707
628 717
628 721
628 725
629 655
629 682
631 633
631 646
632 696
633 724
634 651
634 722
636 697
637 671
637 679
639 660
639 721
640 643
641 703
641 706
641 721
643 693
645 691
646 660
647 741
647 744
649 663
649 675
650 729
651 677
651 705
652 678
652 733
656 661
656 729
658 679
658 725
659 683
659 690
659 750
660 705
661 662
661 731
663 705
664 672
664 688
665 736
667 672
667 753
667 760
670 704
670 710
670 756
670 758
673 697
673 703
673 713
675 691
677 757
677 771
678 745
680 689
680 773
681 685
681 755
682 760
683 762
684 711
684 725
685 754
685 756
686 695
686 750
687 749
688 716
688 722
690 711
691 725
691 730
691 740
694 766
695 732
697 709
697 772
699 769
701 746
701 753
703 742
703 751
703 758
703 775
704 793
705 778
706 788
706 801
707 719
707 799
709 761
711 762
711 785
712 729
714 769
715 780
716 745
717 771
717 785
718 815
719 757
719 762
719 787
719 806
721 796
724 757
724 768
725 756
727 733
727 757
727 769
728 810
729 737
730 762
730 765
732 754
732 777
733 824
734 757
735 736
735 785
735 833
736 772
738 783
738 807
738 826
738 832
738 835
739 839
741 754
741 767
743 749
743 798
744 811
745 762
745 778
746 823
746 825
748 813
749 762
749 792
749 827
750 826
750 844
751 847
752 775
753 790
754 807
754 816
754 850
756 833
758 786
758 828
761 856
763 826
764 780
765 828
766 779
767 778
767 785
768 787
768 801
769 773
769 778
769 830
769 858
770 796
770 808
771 841
771 865
773 809
774 784
774 854
776 872
777 868
778 862
779 854
780 803
780 813
780 855
782 783
782 808
782 839
783 791
783 822
784 805
784 839
784 857
785 868
785 885
786 818
788 816
788 883
789 887
790 863
791 797
791 877
792 824
792 836
794 796
797 868
797 881
798 854
799 833
799 844
799 852
800 814
802 856
802 872
804 816
805 887
805 891
807 856
808 890
809 837
810 869
812 835
812 911
813 834
814 871
815 824
816 844
817 842
817 899
818 862
819 873
820 896
820 919
821 839
821 886
822 865
823 883
824 862
824 878
827 867
827 886
827 919
829 874
831 834
832 856
833 930
834 847
835 848
835 853
836 906
837 873
838 903
839 854
839 910
840 883
840 938
841 858
844 854
846 882
846 923
848 927
849 886
849 903
849 908
850 859
850 911
851 921
852 894
852 911
852 914
853 893
854 865
855 865
855 942
856 868
856 886
857 883
857 890
857 909
858 897
858 903
858 925
859 947
860 884
860 923
862 925
862 927
864 946
864 950
865 964
867 885
867 964
868 927
871 928
871 935
872 892
872 950
872 961
873 893
873 922
873 935
873 946
875 882
876 904
878 916
880 931
881 917
881 971
882 894
882 935
882 966
883 893
883 900
883 930
886 902
886 959
887 929
887 934
887 939
887 951
888 902
889 984
889 989
891 933
894 959
894 969
895 929
896 897
896 929
897 903
897 942
897 965
898 966
898 995
901 943
901 947
901 952
901 987
902 915
903 984
905 971
906 944
907 973
908 932
909 926
909 977
910 956
911 998
913 928
913 965
914 979
914 984
914 988
915 937
916 998
919 979
921 998
923 931
926 956
927 980
927 991
928 939
928 990
929 980
932 972
933 934
934 961
934 962
934 968
937 942
937 955
938 957
939 985
942 955
942 986
943 957
945 962
946 950
950 998
952 987
953 984
954 961
955 959
960 961
960 994
964 967
964 972
964 986
965 986
972 999
973 999
984 990
2 10 18 5 23 15 15 6 5 20
2 2 8 0 14 13 6 10 9 2
34 4 14 4 3 18 21 13 6 16
11 11 7 18 13 15 13 12 24 10
5 3 10 8 5 43 7 8 6 29
11 24 15 26 6 14 4 19 26 8
11 5 2 13 9 8 18 11 5 35
7 0 5 18 9 0 6 13 8 0
2 4 4 8 4 5 7 7 15 9
4 5 4 18 20 7 3 35 7 20
4 16 3 7 0 13 25 20 23 19
4 9 23 5 15 3 20 42 17 1
5 5 2 3 5 13 16 20 25 2
14 2 1 1 20 15 2 42 10 7
2 9 15 2 13 7 10 6 7 9
8 27 20 3 27 5 7 21 22 16
11 0 16 19 11 16 14 1 20 12
19 19 7 12 6 6 14 3 7 8
3 2 4 5 8 8 6 6 17 5
13 5 5 4 9 1 12 19 39 32
19 36 33 13 36 12 34 44 40 18 32 19 37 30 30 9 27 38 39 34
3 22 4 1 8 8 1 20 14 8 10 12 16 17 6 1 3 3 16 1
17 31 13 3 12 8 8 28 23 16 22 25 28 30 20 15 12 10 28 19
9 14 11 1 5 1 6 11 10 4 14 11 14 17 12 11 8 5 10 15
21 38 16 14 30 13 26 46 41 30 35 28 42 28 22 13 27 16 41 26
5 6 5 1 3 1 3 10 9 3 9 7 4 4 5 4 5 3 4 8
25 59 34 18 47 32 37 66 53 42 37 33 53 47 40 18 28 29 56 32
7 17 5 6 1 7 20 32 21 18 12 20 16 20 16 17 11 15 20 23
21 56 32 21 37 18 40 61 37 44 22 23 44 60 31 10 25 30 45 32
2 2 6 1 4 3 4 12 12 5 9 8 4 2 5 6 1 8 4 10
6 13 3 1 5 5 1 9 6 6 2 4 5 16 10 8 7 5 11 5
26 46 20 10 32 17 22 47 49 40 20 31 28 38 43 29 30 24 49 35
24 35 23 1 26 1 25 40 21 27 3 21 15 30 23 1 19 19 22 11
17 28 22 1 26 11 24 35 24 30 14 9 15 33 18 9 18 13 23 16
14 27 4 9 19 18 4 27 23 19 6 9 13 23 19 15 19 16 25 11
9 9 1 1 4 1 1 6 8 3 6 5 3 3 10 1 11 8 8 1
34 54 36 14 39 8 24 42 42 33 30 38 44 47 37 16 30 13 45 34
1 1 1 1 1 1 1 6 1 1 1 1 1 1 1 1 2 1 1 1
3 18 1 1 4 1 2 21 8 3 5 13 11 11 4 1 5 1 11 6
13 21 14 1 10 2 10 22 4 11 6 9 10 16 14 3 7 10 6 5
8 21 1 1 3 1 4 18 11 7 9 15 20 13 12 3 1 1 15 3
27 48 33 22 35 10 33 45 45 33 32 22 45 52 34 15 34 26 48 44
1 1 2 1 1 1 2 5 2 1 7 1 3 4 1 1 2 1 1 1
8 26 7 2 3 4 1 17 9 1 7 17 18 19 15 6 11 8 18 5
8 16 1 1 5 5 8 17 11 12 10 14 15 15 9 1 1 1 12 9
8 18 3 1 2 1 1 12 5 6 7 12 11 12 11 4 1 1 9 6
24 34 11 10 26 19 14 31 22 27 2 8 13 33 30 19 22 22 26 13
24 23 18 1 18 1 18 17 25 14 13 25 17 21 33 25 10 27 26 28
11 17 13 7 13 18 23 38 34 23 26 25 28 20 19 17 17 31 32 27
6 16 12 5 13 1 12 23 13 11 1 10 12 17 7 3 19 3 14 16
11 23 5 7 19 13 11 27 30 21 18 6 13 26 16 9 17 17 28 14
19 15 9 6 14 1 16 18 15 8 6 8 9 10 17 1 18 18 15 8
32 50 33 19 40 22 26 38 49 34 42 28 44 55 40 37 24 33 51 38
8 13 8 1 5 1 1 6 3 1 5 7 8 12 9 8 5 1 8 7
1 18 7 2 9 3 13 26 16 17 9 5 14 27 4 2 10 1 17 15
22 45 11 12 25 19 13 43 36 31 19 28 33 44 32 30 16 16 41 32
2 7 7 1 1 1 3 11 9 2 11 7 11 11 6 6 4 5 4 11
11 18 11 1 15 11 14 27 15 19 13 8 11 25 13 10 14 12 16 10
1 13 6 1 8 4 3 15 8 8 3 1 4 18 3 3 12 2 10 4
20 35 36 20 33 25 32 41 37 17 40 28 45 30 31 11 33 35 41 35
19 46 18 20 9 21 22 53 43 23 21 45 44 45 41 30 29 37 49 33
13 31 11 3 25 13 14 35 31 28 20 15 21 28 17 13 16 3 29 14
3 5 2 1 2 1 4 8 1 2 1 2 3 6 3 1 2 1 1 1
1 7 1 1 1 1 3 14 7 2 3 2 5 11 3 2 6 2 5 8
30 40 34 6 37 12 30 50 34 31 15 27 22 37 31 10 29 39 33 11
21 33 20 3 25 6 14 26 22 16 7 14 19 30 23 12 25 13 29 17
3 17 2 6 6 1 12 22 14 11 13 6 16 17 3 1 11 9 16 10
26 45 34 11 40 25 26 45 41 26 34 26 42 47 34 30 17 28 44 37
12 24 13 8 8 10 22 33 33 22 29 23 28 24 23 19 7 22 30 30
5 14 3 1 5 4 3 16 8 8 3 4 4 16 7 2 14 5 11 6
20 49 44 13 40 24 31 49 46 20 35 40 48 39 35 22 31 32 48 45
8 46 21 25 22 17 31 64 47 36 20 38 44 51 26 14 28 27 50 35
21 32 19 9 21 1 16 31 26 11 3 17 17 21 26 5 31 13 28 21
1 17 7 1 8 6 6 20 9 9 9 7 13 19 1 2 7 1 12 3
18 32 20 1 19 5 10 23 22 11 14 20 22 32 22 17 19 12 27 24
7 8 2 1 4 1 1 10 8 6 10 8 4 2 7 1 1 1 6 4
7 5 1 1 4 1 7 9 10 6 5 1 6 11 7 1 12 10 10 6
8 31 18 10 11 22 11 37 30 11 22 27 37 33 20 12 16 23 31 19
18 37 26 18 37 17 37 50 49 35 42 22 43 31 29 16 23 30 44 37
1 7 1 1 1 1 1 6 1 1 1 1 2 8 2 1 1 1 1 1
33 36 15 10 31 11 18 28 32 23 28 24 30 27 34 21 27 12 34 21
38 43 16 23 40 16 32 42 46 28 31 24 30 25 38 18 43 24 46 22
7 16 8 6 14 2 13 22 21 6 17 3 16 15 9 1 17 19 20 10
13 24 14 1 20 7 9 25 21 13 18 16 23 11 12 3 11 9 22 4
1 4 1 1 1 1 4 13 3 1 5 3 6 5 1 1 3 1 3 4
27 45 20 9 23 13 18 45 38 23 27 45 38 27 41 28 14 24 40 26
1 15 2 8 8 7 13 19 14 18 16 3 14 24 2 4 3 8 15 10
1 9 7 1 5 5 1 14 8 1 10 6 10 5 3 1 5 6 4 5
10 31 15 3 18 17 8 29 22 14 15 16 24 26 15 8 11 13 25 8
11 17 4 1 6 1 1 8 10 9 13 9 12 11 14 7 3 1 11 2
1 26 8 2 15 11 9 29 15 18 7 9 15 28 7 8 13 1 21 9
27 40 17 3 28 12 19 38 36 32 21 33 27 34 39 33 8 18 36 28
1 4 2 1 1 1 3 10 3 2 8 5 9 6 1 1 2 1 3 1
8 17 9 1 11 9 10 24 22 5 20 12 25 12 11 1 11 16 23 7
10 27 16 3 21 16 12 31 27 21 16 14 18 28 17 16 13 12 23 17
40 41 13 20 41 17 33 44 39 38 27 31 34 31 39 20 40 20 41 26
1 16 5 1 6 6 10 29 12 13 5 18 13 18 7 9 13 10 15 14
7 22 7 1 9 6 11 31 18 17 6 20 13 18 13 10 15 11 19 17
21 25 16 11 24 9 23 27 33 16 28 13 27 17 21 4 19 27 29 17
26 38 14 3 19 4 11 21 25 12 28 32 35 26 30 21 10 10 31 16
11 33 6 11 12 17 5 35 25 8 5 20 17 26 22 7 24 22 30 5
10 16 3 6 13 10 12 19 19 16 11 1 9 22 12 7 18 15 22 8
4 9 5 1 4 6 4 6 7 7 9 3 5 13 5 3 5 3 5 1
1 6 6 1 5 4 1 13 5 1 9 3 8 7 1 1 2 3 3 3
5 16 7 1 8 7 8 21 9 10 5 9 10 22 6 9 10 3 11 11
23 31 11 6 23 6 19 29 24 22 20 18 25 18 23 10 23 10 27 9
7 42 26 12 23 23 20 45 38 19 24 23 46 45 21 10 24 22 43 24
6 8 6 1 4 1 5 6 1 3 5 3 5 8 7 5 4 3 3 5
12 31 16 2 22 7 12 37 30 22 17 24 27 19 19 9 18 9 27 18
1 8 4 1 5 1 5 20 9 5 1 7 4 6 2 1 12 2 7 11
1 17 4 5 4 3 9 20 13 7 16 8 23 18 3 1 5 12 13 7
10 38 16 1 20 13 10 33 28 21 17 18 31 36 18 10 9 4 33 14
36 48 33 4 39 19 25 42 36 34 29 28 35 39 39 20 13 28 38 15
20 27 17 6 24 1 15 33 34 22 14 23 19 18 26 7 27 13 30 22
10 17 6 1 10 3 7 20 15 13 8 11 8 15 12 6 15 8 14 12
31 62 28 30 35 24 28 67 53 41 26 54 51 50 45 17 39 24 56 31
25 38 20 17 38 26 37 56 50 40 23 20 30 34 36 25 24 47 47 34
21 37 24 8 35 21 19 40 26 31 10 6 17 38 27 17 20 26 25 16
14 23 25 1 25 8 19 24 16 22 10 3 10 25 14 2 11 15 13 6
27 39 16 5 22 5 10 24 26 12 29 33 33 21 30 23 11 6 30 20
8 21 6 1 8 1 6 15 10 7 9 11 14 14 11 5 9 1 12 5
1 4 5 2 3 4 7 8 12 8 15 1 11 12 1 1 5 7 7 4
32 34 11 15 34 11 35 48 43 41 34 27 30 28 36 19 22 32 38 27
3 7 12 1 11 8 6 19 15 4 14 8 9 6 5 6 14 15 11 13
1 4 1 1 1 1 1 7 2 1 1 3 1 4 2 2 3 1 1 5
34 48 28 19 38 4 32 48 47 28 25 25 38 32 36 2 39 22 48 24
7 22 1 4 8 11 14 35 20 20 10 23 16 22 17 18 15 19 24 18
12 20 13 1 15 1 10 21 16 12 13 11 13 12 10 1 15 5 15 10
32 38 29 18 30 11 37 49 44 38 21 34 28 34 40 18 39 31 41 38
13 17 6 1 7 2 1 2 11 5 5 8 8 17 16 9 6 5 15 6
22 34 13 9 20 9 29 47 36 24 11 24 20 23 30 12 26 32 40 20
7 28 13 4 18 12 10 39 22 20 6 19 18 28 12 9 22 9 27 17
3 12 8 1 3 2 1 12 6 1 8 10 11 7 6 5 3 3 3 8
1 15 5 3 7 1 13 21 12 11 11 1 15 21 2 1 13 7 15 14
1 11 1 2 3 1 11 24 10 8 10 8 11 13 1 1 4 6 10 12
20 37 24 15 27 1 30 41 44 32 26 24 36 39 30 11 26 21 43 39
1 9 3 1 4 1 7 10 6 5 5 1 8 15 2 1 8 1 8 4
33 44 25 19 32 14 30 45 39 22 23 21 31 30 37 1 29 41 41 11
9 10 8 1 7 4 5 7 9 7 11 5 6 8 9 3 3 4 5 3
21 28 8 2 23 8 16 34 24 28 16 12 16 25 21 8 15 14 27 8
6 20 1 3 6 11 3 21 11 11 6 14 13 16 8 5 4 5 15 3
48 58 37 19 52 13 35 39 57 24 41 34 47 37 52 28 40 30 58 32
4 8 1 1 3 1 1 15 6 1 1 6 1 1 4 1 13 7 7 3
7 17 3 1 4 1 1 12 7 5 6 11 11 7 10 4 6 1 8 3
16 25 12 1 15 9 7 26 25 20 19 22 17 20 23 20 7 10 23 18
10 38 23 18 16 22 17 46 34 21 19 29 40 43 23 9 33 25 38 17
12 20 14 1 16 1 8 21 12 10 12 8 13 12 13 1 8 10 9 4
7 28 14 4 15 7 19 43 28 24 9 27 24 27 17 10 21 15 30 24
28 41 29 9 35 17 35 52 43 39 16 22 20 35 39 21 30 39 38 26
9 10 2 1 5 1 6 10 4 6 4 5 5 4 8 1 1 2 3 1
13 29 17 4 24 11 21 38 29 30 18 12 20 31 15 9 15 13 26 18
29 39 33 8 37 22 29 40 48 28 41 38 40 30 42 34 16 32 44 38
4 14 6 1 8 1 5 12 10 7 3 3 6 10 5 1 13 1 11 6
13 26 13 8 14 1 17 26 23 17 25 15 27 24 16 7 2 11 21 22
29 48 20 14 22 16 11 43 47 15 25 47 40 28 48 28 26 34 48 21
2 9 9 1 3 1 1 5 4 1 9 4 10 11 5 4 1 1 4 3
31 53 15 14 35 25 24 58 39 43 18 33 33 44 43 32 17 25 44 26
18 25 17 1 12 1 10 14 12 1 16 20 21 21 19 15 3 7 16 18
3 9 1 1 1 1 1 4 2 1 4 1 3 5 6 1 1 1 3 1
1 5 3 1 2 4 2 7 3 5 7 1 3 11 1 1 6 2 2 2
21 53 21 16 39 22 23 49 48 41 27 20 45 51 30 24 21 19 50 34
31 34 29 8 26 6 19 16 32 15 32 26 34 35 32 23 17 25 32 23
14 23 4 1 6 1 6 16 12 1 4 10 14 12 17 2 15 11 20 4
4 17 12 1 8 1 8 22 14 9 3 11 10 15 11 7 13 2 13 18
1 8 6 1 5 7 5 14 9 6 13 4 14 12 1 1 3 6 8 4
24 28 10 8 26 12 18 32 36 22 25 16 22 18 23 10 20 19 32 11
10 21 4 1 7 5 1 16 10 11 11 14 14 13 13 6 6 1 12 4
6 22 10 13 12 8 18 30 25 21 25 14 24 25 10 6 7 16 19 22
21 45 22 16 34 33 17 45 46 22 25 26 45 47 37 25 26 35 51 32
30 52 49 9 44 21 35 52 39 28 26 31 39 45 40 13 30 40 44 25
8 9 2 1 4 1 2 7 6 4 8 4 3 3 7 1 2 1 5 1
22 19 10 4 16 6 12 21 16 18 17 14 13 13 20 7 15 13 16 6
16 24 3 7 16 4 14 24 26 19 24 12 22 18 18 8 19 6 26 10
1 6 2 1 1 1 2 5 1 1 5 1 4 9 3 2 3 1 1 2
10 20 11 3 15 1 8 20 17 2 5 3 8 9 12 1 23 13 16 5
9 18 23 1 22 6 26 39 23 23 15 13 21 23 12 4 11 18 19 20
7 29 21 5 24 17 26 47 40 26 28 27 34 22 20 12 20 22 38 30
28 54 25 18 28 14 19 46 38 29 17 38 42 44 38 10 35 18 48 21
7 14 5 1 4 1 1 12 8 5 10 9 8 7 10 4 4 1 6 6
23 45 22 10 34 19 20 52 42 26 7 20 21 32 38 20 26 36 44 22
3 6 1 1 2 4 2 11 3 5 3 1 2 11 3 1 11 5 6 2
17 21 18 7 21 8 24 29 27 22 22 9 22 27 20 8 12 30 23 22
15 24 11 1 19 4 16 32 22 26 11 15 11 20 19 11 9 10 21 14
2 17 22 12 21 20 17 28 21 7 25 14 22 14 13 1 19 19 19 20
6 14 6 1 7 1 7 19 10 6 6 9 8 13 6 4 10 1 10 10
28 51 33 15 39 12 33 57 32 40 11 29 29 48 33 5 25 21 37 22
23 34 22 3 26 11 15 34 25 15 17 17 24 22 28 3 16 28 25 5
26 48 33 9 35 11 23 48 45 30 24 37 41 45 35 18 28 19 48 36
1 7 13 1 12 11 10 18 13 6 18 6 16 12 1 1 13 12 11 9
20 27 9 5 16 5 19 35 21 27 16 18 20 23 20 7 10 19 21 14
16 37 8 12 28 16 16 36 38 30 19 8 24 35 21 12 25 21 39 18
1 11 10 1 9 7 1 17 9 5 12 8 9 11 4 1 9 6 7 7
6 19 3 6 7 1 11 18 15 12 14 6 16 19 9 3 6 6 16 10
27 57 19 20 43 39 32 67 59 46 40 46 50 45 46 41 30 30 60 41
4 32 10 9 3 14 5 33 17 7 8 24 29 35 18 9 14 11 26 11
5 19 13 8 13 1 19 22 19 18 12 6 19 27 7 1 15 3 20 16
11 43 33 22 29 31 29 54 44 18 34 37 49 37 32 11 33 36 44 36
15 30 11 4 14 10 16 30 14 19 10 15 19 29 18 4 7 13 20 4
27 44 36 16 40 14 31 42 47 28 39 30 50 35 36 13 34 16 48 34
25 63 27 17 39 20 29 61 52 43 35 36 52 57 39 23 17 24 57 37
16 33 19 7 21 1 21 23 29 16 21 12 31 37 20 10 18 15 34 28
6 33 2 4 10 13 11 41 28 21 9 28 22 28 21 13 12 15 31 14
16 41 9 10 16 16 11 42 29 22 19 33 34 32 26 16 17 11 34 16
35 50 16 18 41 30 27 57 56 44 24 33 32 32 48 36 33 39 53 31
26 56 40 22 23 23 15 48 42 18 28 47 52 50 40 28 34 29 48 27
14 18 12 2 17 12 13 18 23 15 26 11 25 15 16 8 7 5 21 10
10 49 28 30 25 26 29 57 44 33 30 25 51 54 25 9 31 31 48 28
23 46 30 14 28 7 29 40 32 20 32 28 45 46 31 15 10 35 36 28
27 42 17 6 31 11 22 43 39 36 20 34 28 32 37 29 19 7 41 31
1 17 2 2 7 3 10 20 12 15 6 1 13 26 1 2 8 3 15 8
22 31 26 14 25 1 29 33 28 27 19 20 27 33 22 1 28 9 28 22
2 9 1 1 1 1 1 6 2 2 4 3 5 9 5 1 1 1 1 2
12 16 12 5 15 9 19 30 28 11 20 18 23 13 14 8 16 26 25 19
7 12 1 1 4 1 1 10 7 5 5 8 6 5 9 2 3 1 6 4
14 37 24 8 18 18 7 33 32 3 24 33 38 31 27 16 13 22 34 22
20 43 18 13 23 8 31 43 47 35 31 26 36 42 35 20 24 31 49 41
28 41 20 3 25 13 27 45 39 35 23 26 26 38 40 25 15 32 38 27
13 28 15 7 23 10 22 33 26 30 8 8 17 34 16 7 19 7 28 17
22 47 25 11 31 6 32 46 35 33 25 17 35 41 29 1 15 32 36 15
23 39 34 18 46 21 32 46 45 25 18 12 26 33 31 8 41 28 45 25
22 43 27 21 45 35 36 54 54 37 43 34 41 32 36 20 32 25 49 36
33 55 30 18 41 11 33 49 49 38 33 30 50 47 35 13 32 27 55 32
17 22 10 1 12 5 7 16 13 12 11 14 15 14 19 3 11 14 15 2
2 8 1 1 1 2 1 7 3 5 3 2 1 7 3 1 3 1 3 1
34 48 21 13 38 23 16 31 40 30 28 25 34 43 40 36 18 16 42 26
41 58 32 22 47 15 35 46 55 34 38 23 43 43 42 22 35 32 58 29
38 63 30 10 38 19 39 64 51 50 27 45 38 59 53 35 12 38 55 38
13 19 6 1 13 8 4 15 17 14 16 8 12 17 15 7 14 9 17 4
3 3 1 1 1 1 5 14 8 5 4 8 3 6 6 6 3 5 4 10
8 39 27 23 19 24 22 52 38 19 31 24 47 39 22 9 20 35 40 19
17 34 29 16 28 16 34 42 48 25 43 25 45 34 33 23 17 41 44 47
27 37 33 1 33 1 28 35 37 18 25 27 36 36 32 19 21 29 38 32
20 37 18 6 25 9 16 43 27 21 16 27 27 19 24 7 15 15 27 11
7 12 4 1 7 1 6 13 10 8 8 6 8 12 7 1 9 1 11 5
5 28 15 15 6 18 9 27 23 8 18 24 34 29 19 11 13 19 24 8
1 10 2 1 2 1 2 21 3 2 3 10 9 11 1 1 5 1 7 6
1 7 4 6 1 1 16 24 17 15 14 13 11 13 9 11 5 13 14 20
2 20 6 1 3 5 2 20 7 3 5 11 15 19 7 2 10 6 11 4
10 39 28 15 34 16 31 50 47 35 28 16 38 45 22 11 23 20 44 39
14 24 7 6 13 5 13 22 22 21 18 11 21 25 17 8 17 11 24 11
1 4 1 1 1 1 1 12 2 1 1 7 2 1 1 1 1 1 1 4
1 10 1 4 1 1 9 16 7 7 11 7 12 13 4 1 11 7 8 7
17 15 4 2 13 1 15 17 16 18 12 5 13 14 15 1 8 16 16 4
3 12 9 1 6 4 2 13 10 1 12 8 14 5 6 1 2 4 7 7
33 54 24 21 34 11 30 54 48 24 22 32 41 34 41 12 39 29 53 26
8 25 16 1 11 1 8 18 12 6 12 13 21 21 11 9 15 4 16 12
1 11 11 1 9 10 5 22 13 1 14 10 17 1 4 1 10 13 12 9
19 30 25 1 24 7 16 26 29 14 25 21 30 37 20 20 14 18 30 25
15 25 11 6 18 15 10 33 26 17 25 27 28 14 17 12 14 15 23 13
2 12 4 3 2 5 2 23 8 2 7 16 12 10 4 3 4 6 9 7
9 19 15 1 12 1 11 20 7 9 4 8 12 16 11 6 16 7 12 13
32 43 26 7 37 5 34 52 39 40 18 33 26 30 39 16 18 19 32 23
2 5 10 1 8 8 4 10 12 2 14 3 10 2 3 1 5 8 7 5
2 10 9 1 7 1 5 9 5 5 5 1 5 12 3 1 10 1 5 3
24 29 27 1 29 5 21 36 25 25 10 15 15 24 23 1 20 22 22 11
29 43 31 10 40 19 32 47 51 34 27 25 30 44 43 33 26 38 51 38
18 25 10 11 24 12 17 27 34 26 32 12 27 24 18 8 18 22 33 13
7 14 5 3 7 1 12 17 13 11 10 5 12 17 5 1 13 6 14 8
1 14 5 12 9 4 17 19 15 15 19 1 17 20 4 1 9 13 16 15
8 18 18 3 12 7 11 16 18 6 24 13 28 20 11 10 8 12 18 16
1 3 5 1 3 3 1 4 5 2 8 1 3 4 1 1 4 3 1 1
18 27 10 4 17 1 18 32 18 21 19 15 21 18 16 4 12 12 21 9
30 48 26 15 41 23 18 38 45 23 17 13 27 36 37 22 34 29 47 22
6 14 7 1 9 6 6 21 19 13 17 12 13 16 9 4 9 8 14 10
3 7 6 1 5 1 3 12 4 2 7 3 2 8 2 1 6 1 4 5
15 22 12 4 15 1 21 26 16 23 17 6 16 22 13 1 3 15 12 8
11 8 1 1 5 1 3 4 8 4 5 4 4 4 9 1 9 6 8 1
14 12 8 1 11 1 10 13 7 10 10 6 6 9 12 1 5 6 8 1
1 3 1 1 1 1 1 7 1 1 2 2 1 2 1 1 6 2 1 1
21 47 7 17 23 15 22 49 38 31 27 32 43 40 28 16 24 19 45 26
13 29 22 2 30 17 21 38 34 24 24 13 30 24 17 5 22 16 35 16
21 52 29 14 40 19 25 42 50 33 37 19 44 54 32 23 22 29 53 37
3 18 5 1 3 1 1 19 3 3 1 11 11 14 6 4 8 1 9 8
23 36 25 3 29 12 19 30 20 26 9 10 16 41 28 18 17 17 25 15
20 25 7 5 7 6 20 30 27 24 20 27 23 18 29 23 9 14 27 24
37 65 30 16 44 18 30 51 52 42 32 37 52 62 45 34 28 28 62 40
4 11 5 1 1 1 4 10 1 1 5 7 9 11 7 6 5 1 4 6
2 14 7 1 5 2 6 22 12 5 12 11 14 14 6 6 8 4 8 11
1 6 4 1 3 1 1 7 3 1 4 1 1 5 1 1 6 1 3 1
17 29 16 4 22 1 25 36 27 28 20 11 20 26 21 7 10 19 22 19
3 6 1 1 1 1 1 9 3 1 5 3 1 4 3 1 3 1 3 4
32 52 16 26 23 29 26 64 47 36 26 54 42 33 49 33 32 36 49 24
1 13 1 1 3 4 1 13 3 5 1 2 2 12 1 2 5 1 5 1
36 49 46 11 47 13 40 57 43 26 17 27 32 36 41 10 37 45 43 25
14 41 15 14 31 17 24 48 45 39 34 22 36 37 23 20 15 18 40 27
26 66 19 28 46 28 34 64 56 54 36 30 54 59 39 26 29 18 61 38
37 52 38 10 44 13 28 33 50 25 35 30 44 44 41 23 31 29 52 29
19 23 6 5 16 1 10 21 23 10 12 12 13 14 22 8 21 15 23 10
45 71 37 18 56 22 25 49 61 36 29 38 49 53 55 32 39 31 67 33
19 25 13 1 21 8 13 26 14 23 9 9 8 19 17 6 9 10 16 4
8 25 5 1 13 9 10 36 19 20 1 16 8 21 16 12 12 13 23 13
21 35 14 12 21 10 30 43 39 38 32 26 32 32 30 22 10 24 37 31
24 31 13 1 22 8 9 18 23 17 14 13 16 22 28 13 12 13 25 7
33 55 31 13 41 29 21 50 50 25 29 35 43 45 48 24 26 39 53 25
12 22 10 6 12 7 17 21 17 21 15 2 15 29 14 8 10 15 20 12
7 34 17 1 16 8 5 25 19 11 11 17 26 34 14 11 8 2 25 12
20 33 31 16 29 15 30 31 35 23 39 12 40 34 24 12 11 26 33 30
12 12 10 2 12 5 9 11 17 3 12 3 10 12 13 3 16 15 13 7
11 17 3 4 7 1 11 19 14 12 16 13 18 11 9 3 5 4 16 6
1 13 6 1 2 1 1 9 4 1 4 3 7 7 4 1 3 1 4 1
5 4 4 1 4 5 6 14 6 7 4 8 4 9 4 6 8 6 1 10
10 30 19 3 18 8 14 31 31 17 26 18 30 34 15 15 7 13 29 27
26 42 31 4 32 20 26 41 30 30 19 22 27 39 31 12 9 27 30 11
27 35 8 5 18 7 15 33 30 19 16 33 27 21 35 19 18 20 35 17
9 32 18 8 16 10 12 35 23 10 10 22 27 24 16 5 22 13 23 16
36 39 27 14 30 4 38 37 44 30 30 33 34 40 45 32 21 42 44 42
4 9 5 1 1 1 7 10 2 6 8 5 12 16 5 3 1 1 5 6
13 44 7 11 23 20 7 45 33 24 1 20 25 38 28 13 28 17 39 19
3 12 6 1 7 1 5 11 8 5 3 1 5 9 3 1 13 2 9 5
1 4 1 1 1 1 1 3 1 2 1 1 1 7 1 1 1 1 1 1
29 48 25 21 47 30 35 61 62 53 29 35 42 42 43 33 35 27 57 43
10 24 7 1 12 11 10 32 24 21 11 19 10 19 21 19 13 15 22 17
11 25 10 13 10 7 25 30 29 26 26 23 28 32 22 23 6 22 29 36
18 32 16 12 20 6 26 43 35 18 15 21 23 26 25 11 29 29 36 21
32 60 28 26 25 21 38 66 54 41 25 57 55 50 50 28 34 29 58 43
1 11 1 5 4 1 10 20 9 8 12 3 12 15 1 1 4 5 11 10
1 8 2 1 1 1 1 11 1 1 3 6 5 5 3 2 4 1 1 5
2 10 4 1 2 1 7 14 5 7 2 2 9 20 3 2 10 2 10 10
10 13 9 8 13 3 16 22 26 11 16 7 13 15 15 5 16 24 20 14
10 22 3 1 11 2 10 31 23 18 13 23 13 8 19 14 12 11 21 16
20 19 15 6 25 9 11 22 29 9 22 10 17 5 21 4 23 22 27 7
30 57 25 21 41 20 30 54 56 41 36 28 41 52 43 28 28 35 59 42
5 15 15 1 16 8 11 23 24 14 15 11 15 15 9 5 15 12 18 17
12 23 5 3 7 4 16 35 21 18 10 25 19 19 23 5 7 22 22 12
22 53 31 17 39 18 36 63 56 47 34 38 50 51 35 23 27 24 57 45
1 13 1 1 1 3 1 16 1 3 1 6 5 11 1 1 4 1 7 1
1 23 7 4 5 1 11 23 12 9 13 10 23 24 5 3 8 6 19 11
9 14 3 1 6 1 3 9 9 5 6 5 5 9 10 2 14 6 11 2
7 16 8 1 7 7 9 19 8 11 10 8 12 25 8 9 9 1 14 12
3 9 7 1 1 1 4 13 11 5 8 14 9 12 12 12 1 5 7 15
38 49 37 19 35 14 34 42 51 32 45 48 45 43 49 44 26 37 48 48
25 44 30 23 38 31 40 55 55 34 45 40 45 25 43 29 35 34 49 43
18 19 2 2 12 1 3 15 18 8 10 14 10 7 21 9 14 11 17 8
5 23 4 1 2 1 1 22 8 1 1 16 14 14 9 4 4 1 14 9
3 13 10 12 12 7 17 19 20 17 24 1 20 22 6 1 12 19 17 15
18 34 21 1 20 6 12 25 19 19 15 18 23 25 20 10 15 6 24 13
2 7 3 1 1 1 4 6 4 2 8 1 5 10 4 2 5 1 3 2
46 51 44 12 41 8 37 41 36 34 26 39 29 51 47 32 15 36 35 29
1 5 1 1 1 1 3 9 4 1 4 4 4 7 3 3 4 2 1 6
2 8 2 1 1 1 1 9 1 1 3 6 6 10 5 4 1 1 1 7
28 25 19 4 20 1 18 22 17 10 3 8 6 16 30 8 17 25 15 11
5 10 7 1 3 2 6 13 12 6 13 7 11 14 8 6 8 6 7 11
30 48 33 14 43 20 25 43 47 23 38 35 49 31 40 19 36 20 49 34
26 55 34 17 25 30 13 52 40 26 24 38 42 51 40 26 28 33 44 16
11 32 12 3 19 12 5 24 21 19 10 8 15 34 19 17 12 2 26 18
6 22 3 1 5 4 6 19 14 14 13 10 17 25 10 8 3 4 17 13
8 12 7 1 5 1 7 14 1 5 2 5 6 10 9 2 4 5 1 4
16 34 5 12 21 10 17 40 34 22 32 25 35 23 18 10 17 16 34 18
23 36 24 4 21 10 22 34 17 24 17 20 26 40 25 14 6 17 24 15
1 11 1 6 3 1 11 15 11 9 14 1 12 14 2 1 5 8 10 9
31 56 24 25 39 38 27 58 48 33 36 43 52 41 42 26 34 29 51 25
20 23 16 1 13 1 9 17 8 10 10 11 10 17 21 5 3 7 9 8
4 11 11 1 10 12 5 22 14 6 15 9 14 7 5 1 12 12 14 9
12 20 6 1 6 1 5 16 12 4 7 10 15 18 15 6 15 8 18 9
19 32 27 7 32 14 24 39 36 21 29 23 35 21 25 13 20 16 31 24
18 44 17 7 18 4 15 29 32 13 28 29 41 38 26 14 11 17 39 21
12 20 3 3 10 4 15 34 27 25 16 22 18 18 19 13 14 16 27 19
2 7 1 1 1 1 1 6 3 1 5 2 4 5 4 1 1 1 2 1
43 60 27 11 41 18 37 56 46 43 37 50 45 47 52 40 24 30 52 38
5 30 11 10 13 4 21 44 31 20 15 23 30 29 14 5 19 19 32 25
22 40 29 9 40 22 29 46 40 33 31 21 37 31 27 13 27 20 38 21
23 45 15 5 29 14 12 36 33 28 22 25 30 36 31 23 22 3 38 21
1 7 3 1 1 5 1 15 4 6 6 9 4 9 1 4 7 5 3 8
18 26 12 1 19 1 20 31 21 17 6 11 15 20 20 2 20 18 21 13
1 1 1 1 1 1 1 8 1 2 2 1 1 7 1 1 1 1 1 2
20 44 17 20 37 16 27 48 47 34 16 9 28 46 29 17 34 28 46 32
4 9 6 1 1 4 7 4 5 7 10 4 10 16 7 6 1 1 6 6
9 16 5 1 12 3 5 13 18 10 20 7 16 10 11 4 9 3 15 1
5 17 6 1 1 4 4 21 9 8 7 16 12 16 11 11 2 4 10 13
2 4 1 1 1 1 4 8 1 1 4 1 2 6 1 1 6 1 1 3
5 17 17 9 16 13 21 25 22 9 26 11 29 14 7 1 13 21 21 15
3 14 14 3 11 13 8 22 13 5 16 13 20 13 6 5 9 13 12 13
7 39 17 14 18 19 15 50 32 23 7 32 29 39 22 13 26 17 35 21
11 15 14 1 13 1 12 17 7 9 8 2 7 14 9 1 7 11 3 1
7 24 16 4 11 12 7 26 14 3 15 19 26 24 12 7 9 11 19 12
30 41 24 10 39 25 27 48 39 34 17 17 25 39 35 14 20 38 38 17
28 29 22 12 30 12 17 26 35 11 24 13 21 8 31 10 27 27 32 13
6 35 14 9 24 18 9 41 27 23 6 16 24 35 15 9 22 11 30 17
27 42 28 6 31 5 15 30 34 19 26 30 38 29 31 17 23 10 35 24
41 45 40 12 46 12 32 35 49 16 42 28 42 30 46 21 29 37 50 30
28 52 15 26 14 27 14 52 41 26 34 47 50 41 41 28 29 20 47 17
3 16 9 1 9 2 7 19 8 10 1 6 10 19 7 2 18 4 11 11
24 50 35 14 43 24 20 50 49 33 27 30 40 44 36 24 31 19 47 40
1 7 3 1 2 1 1 10 3 1 3 1 2 5 1 1 10 1 3 1
9 17 4 1 9 5 4 22 13 12 8 14 10 13 9 5 8 3 13 9
27 38 10 8 18 9 22 37 37 26 29 40 35 27 38 33 11 14 38 33
9 38 15 9 14 13 17 38 24 21 15 21 34 42 17 11 17 11 33 21
10 14 9 1 7 5 10 19 7 11 8 8 9 20 11 8 11 9 10 11
24 41 26 14 21 11 16 28 25 15 26 36 37 40 31 26 16 23 33 25
17 37 28 15 36 18 21 42 39 32 20 18 27 35 23 9 28 12 37 26
12 22 4 1 8 3 3 18 12 10 13 14 16 15 15 5 13 7 16 3
8 18 4 1 5 5 4 13 11 12 11 7 12 22 11 8 4 1 15 9
13 23 24 12 27 19 21 29 29 12 32 21 29 10 21 4 20 23 24 20
6 26 12 1 9 2 11 22 13 11 8 14 25 29 10 7 11 2 21 14
31 50 34 6 45 17 29 53 43 34 17 24 32 38 36 9 30 30 42 22
23 49 17 13 21 17 19 49 48 23 34 50 49 37 43 31 14 24 49 30
22 44 33 10 37 9 29 41 50 24 44 27 50 40 30 19 20 30 48 42
11 16 1 1 8 5 6 15 12 13 12 14 15 11 11 5 5 1 12 4
24 63 23 29 35 28 29 63 51 44 21 34 50 64 40 21 38 25 58 38
1 5 1 1 1 1 1 8 1 1 1 4 1 6 3 3 2 1 1 6
8 33 11 3 14 2 14 29 22 20 14 13 27 35 12 7 8 3 28 21
8 37 19 8 12 17 16 44 36 18 18 34 37 35 28 18 21 27 38 25
8 30 20 2 21 18 14 38 33 17 24 21 28 29 21 19 12 15 33 26
1 8 1 1 1 1 1 9 1 1 1 2 3 7 1 1 1 1 1 1
1 9 4 1 4 4 1 13 3 5 6 4 3 13 4 3 7 1 5 5
3 15 8 1 6 1 7 16 5 4 3 5 11 16 5 4 12 1 9 10
27 43 29 9 33 8 29 43 38 37 33 23 35 41 33 14 7 30 32 27
5 12 7 1 6 4 1 17 8 1 10 9 9 5 5 1 12 7 7 6
23 45 19 18 22 9 36 58 46 41 29 42 43 37 32 19 25 21 48 40
2 21 5 2 3 5 1 22 10 1 7 14 14 13 9 1 5 5 12 4
5 6 8 1 7 1 6 15 1 7 4 1 2 9 3 1 1 4 1 1
19 29 16 6 27 9 26 41 44 23 29 22 32 19 27 14 24 27 39 25
22 40 21 9 20 4 21 38 30 18 13 27 37 38 28 8 24 16 39 26
10 13 8 1 4 1 2 3 9 2 11 7 11 11 13 5 8 7 9 4
17 26 25 1 21 8 33 43 29 31 19 21 22 29 26 11 8 35 24 22
1 15 7 1 10 10 4 20 10 10 10 6 8 19 4 6 11 5 10 5
22 23 11 5 20 5 14 29 19 20 15 18 11 10 22 12 13 13 17 11
9 21 3 1 7 6 3 13 10 12 7 12 14 16 12 7 4 2 12 3
7 29 19 5 22 15 14 40 27 21 13 21 24 28 11 11 16 11 26 20
31 30 15 10 29 7 21 33 29 21 13 18 16 16 29 10 28 22 29 11
22 46 36 15 40 17 38 54 53 42 33 25 43 51 34 21 25 31 52 45
3 1 10 1 8 5 12 11 11 8 16 1 12 10 1 1 2 8 7 6
32 44 37 4 44 14 34 46 40 39 18 20 23 42 33 9 28 31 38 11
6 14 7 2 5 6 7 15 9 11 12 8 14 24 9 10 3 2 13 14
5 19 12 1 15 5 10 34 26 13 15 21 20 7 11 7 8 12 24 17
5 13 1 1 3 1 6 18 12 8 10 10 11 14 9 5 5 3 10 11
8 16 9 2 6 1 9 17 9 5 12 10 16 21 9 8 5 2 14 15
11 14 13 1 8 1 8 12 5 5 9 6 9 13 12 7 7 5 7 7
28 50 44 17 41 21 47 59 48 35 38 38 44 41 43 14 18 47 45 36
19 35 20 7 22 5 18 35 35 24 29 26 34 30 25 19 19 13 33 28
24 48 32 26 47 29 40 54 48 51 32 6 37 55 31 19 27 33 46 36
21 33 21 4 22 12 13 30 22 15 20 22 29 17 26 8 5 19 23 8
1 5 4 1 3 1 4 18 9 4 8 7 7 9 1 2 6 2 5 8
7 16 7 1 6 2 3 17 10 3 9 9 10 7 6 1 14 7 12 3
23 38 32 10 32 7 21 32 35 22 26 25 38 29 27 8 23 9 35 25
15 38 11 9 17 13 11 34 26 15 6 22 25 30 25 5 29 20 33 13
29 48 17 13 23 13 16 38 38 19 29 47 46 38 40 28 16 21 41 27
28 58 32 23 52 31 33 58 63 44 43 30 54 52 42 30 33 23 62 48
29 51 29 26 30 8 44 56 53 46 33 41 48 50 41 24 33 30 54 54
33 38 32 3 45 11 32 49 45 37 19 22 25 31 35 9 27 31 39 21
7 16 5 1 6 1 3 19 15 8 12 17 13 6 13 8 2 5 9 10
9 14 8 1 4 1 7 9 6 4 7 9 13 15 11 9 8 4 8 8
2 12 4 1 4 2 2 12 5 5 1 1 4 14 5 2 9 1 6 5
4 14 4 1 9 10 3 25 14 13 6 10 3 15 8 11 12 8 13 10
6 22 10 4 10 13 7 32 15 12 8 19 16 19 13 7 7 15 14 8
19 34 28 4 23 6 19 30 33 15 27 30 34 35 26 25 15 20 31 32
9 33 7 18 10 14 15 39 28 12 16 24 33 33 22 9 24 29 33 17
26 41 35 8 37 10 27 42 41 22 24 27 41 41 28 12 32 19 45 33
1 14 3 1 3 7 1 20 4 7 6 10 8 12 1 3 9 5 9 4
5 35 16 4 19 19 3 37 26 14 13 22 26 35 18 18 10 11 29 19
6 7 7 1 5 4 6 11 10 4 12 7 8 9 7 4 10 9 6 8
33 56 40 17 44 22 35 57 60 30 33 41 45 37 49 27 40 41 62 44
5 12 4 1 4 8 9 22 6 9 7 14 15 16 4 1 7 5 11 8
1 17 1 1 5 9 3 18 6 10 4 8 11 19 4 6 4 1 11 1
7 11 1 1 6 3 3 7 8 4 2 1 1 12 9 1 14 9 10 1
3 11 4 1 3 1 2 13 6 2 6 4 4 7 3 1 6 1 6 3
1 10 1 1 1 1 1 11 1 1 1 5 3 2 3 1 1 1 1 2
14 35 14 22 15 13 18 42 38 9 17 24 30 26 27 7 27 36 36 14
18 15 2 1 12 1 11 21 17 14 13 15 16 5 16 4 9 9 17 6
38 57 23 18 48 34 23 45 52 35 45 39 48 45 46 42 22 22 53 37
37 60 24 28 41 16 36 61 58 35 32 42 52 43 46 16 45 26 59 32
5 18 4 1 12 11 8 22 15 16 8 4 10 26 10 9 16 8 19 7
19 25 12 7 17 10 12 22 24 17 28 21 28 18 22 15 8 5 22 15
5 11 1 1 3 1 2 10 6 7 9 5 6 12 7 1 6 1 7 2
34 45 27 11 33 2 25 42 47 23 19 31 26 22 46 21 33 26 48 32
16 30 12 1 13 1 9 21 18 12 16 18 25 22 19 10 17 7 25 12
11 26 7 7 9 4 13 23 18 18 18 10 22 29 14 6 14 12 24 16
13 21 8 1 9 1 1 15 11 7 10 13 12 14 16 9 7 1 15 10
32 54 33 26 42 15 36 47 52 27 39 14 46 34 38 11 36 39 55 29
21 41 4 7 24 18 9 40 24 27 14 25 22 26 28 21 10 4 31 14
7 20 8 6 6 5 11 25 20 15 19 12 21 24 11 7 10 15 17 18
10 14 17 3 11 7 16 19 18 9 22 6 21 17 11 5 5 12 17 17
27 29 31 7 34 9 34 43 40 31 18 23 24 23 34 12 28 33 35 30
40 49 37 16 46 16 33 45 52 30 47 45 50 39 45 38 24 26 49 43
30 38 33 12 33 13 28 34 37 30 33 32 33 46 36 37 12 24 36 37
1 9 5 1 8 3 8 15 7 10 1 1 6 17 1 1 11 1 10 4
17 34 16 9 22 4 18 30 31 23 30 17 33 29 20 13 14 8 32 22
27 52 26 16 45 32 28 62 60 44 29 34 42 39 47 35 36 36 58 43
1 9 2 1 1 1 1 3 1 1 2 5 6 5 4 3 1 1 1 2
20 45 25 20 29 15 25 44 42 19 31 24 45 44 30 11 26 36 46 30
15 29 14 1 11 10 4 16 16 9 14 19 22 27 18 15 9 10 22 11
2 11 2 1 3 1 4 12 6 6 4 2 5 15 4 1 7 1 7 4
2 8 1 1 1 1 2 14 7 3 2 7 1 6 7 6 5 4 5 9
4 12 3 4 5 1 12 20 9 10 9 5 11 18 3 1 5 5 10 10
22 25 20 7 26 1 27 32 21 19 8 8 15 23 21 1 28 23 24 13
8 10 1 1 5 1 4 7 10 8 9 6 9 6 8 2 1 1 9 1
30 41 24 1 27 9 16 30 24 17 18 23 23 36 32 19 18 21 32 18
38 60 35 11 45 18 22 44 52 28 38 40 50 47 44 31 28 32 58 30
12 28 19 1 14 1 6 25 19 7 14 20 21 22 16 15 11 5 19 22
1 13 1 1 1 2 1 15 4 1 2 9 8 7 4 1 8 6 9 1
2 14 5 1 4 3 5 26 11 4 8 17 12 10 6 6 6 7 11 10
4 18 7 1 8 1 8 26 10 5 1 13 13 12 4 1 9 1 13 10
18 27 15 1 12 1 7 11 15 4 15 21 22 21 21 16 6 8 18 16
12 48 8 16 20 24 13 53 42 28 24 33 39 41 28 19 20 14 44 15
18 40 9 10 26 18 25 49 43 35 10 20 23 38 34 26 30 27 43 32
34 57 47 22 54 27 43 54 60 40 49 38 59 49 45 23 37 29 61 46
23 35 30 5 32 15 26 34 28 22 27 18 29 22 31 5 14 25 25 11
16 27 27 7 25 15 15 20 29 9 28 14 29 23 24 10 24 20 30 20
1 9 1 1 1 1 1 10 1 1 2 6 6 3 1 1 2 1 2 1
1 25 2 4 6 5 10 31 17 15 14 11 19 27 4 2 8 8 21 12
29 58 33 20 50 35 33 53 57 35 45 35 53 41 45 23 41 31 62 32
6 16 4 7 6 1 12 20 13 10 12 7 15 18 7 1 15 12 15 9
19 51 24 19 24 21 14 52 41 27 18 39 41 41 32 13 29 16 43 18
12 53 21 19 31 26 18 47 45 30 28 21 46 56 27 20 17 24 50 29
15 26 24 1 19 7 10 16 20 7 22 17 25 30 18 16 10 10 20 20
22 46 7 7 24 18 9 43 34 27 22 38 31 34 35 31 10 6 40 24
16 38 15 4 14 14 19 43 36 26 23 32 32 38 28 26 16 21 40 30
18 29 23 12 21 4 25 19 26 19 32 16 32 39 21 17 6 20 28 29
6 18 5 1 6 5 16 31 14 13 9 23 16 15 14 14 8 14 17 17
1 8 1 1 1 1 1 15 3 2 1 7 4 9 1 1 5 1 2 4
21 39 25 3 20 8 24 48 29 24 11 32 24 33 35 15 15 35 30 20
16 35 1 9 20 20 10 38 27 26 16 27 25 25 22 18 11 2 30 12
13 26 17 1 12 1 9 21 16 7 19 18 26 26 16 13 16 9 23 16
1 2 2 1 2 1 2 5 5 1 6 1 3 6 1 1 11 3 6 1
4 24 14 9 12 18 14 32 23 9 20 16 32 29 12 3 18 22 26 11
15 16 1 2 11 4 9 20 15 16 13 17 13 9 15 8 3 2 11 7
7 13 10 1 11 1 14 14 12 10 7 3 11 15 6 1 13 2 13 8
17 25 9 2 9 3 7 25 15 5 4 20 15 15 24 8 13 20 19 11
24 32 28 7 25 10 27 30 26 27 27 13 28 35 25 9 7 24 23 18
6 16 8 1 4 1 3 12 4 1 7 8 10 14 9 7 10 3 8 6
35 41 30 17 42 10 45 54 53 42 32 22 28 33 41 14 26 50 46 29
3 15 3 1 4 7 1 14 5 8 3 4 4 16 9 9 6 2 9 6
19 34 12 9 22 9 20 40 31 17 8 14 16 26 20 7 27 21 35 14
20 31 9 8 18 11 15 23 26 26 24 17 26 30 22 18 6 6 29 14
20 38 31 2 31 10 23 38 28 18 25 21 37 25 25 7 15 16 32 20
9 20 4 2 8 1 12 17 16 7 8 3 15 18 11 1 18 11 19 8
15 33 11 14 10 13 8 32 24 3 5 20 22 23 25 5 29 26 30 1
33 53 37 22 43 19 39 59 56 28 28 29 48 39 41 6 41 38 58 32
12 22 3 4 11 5 12 33 23 21 17 24 20 17 16 12 13 11 23 15
4 15 3 1 5 1 6 23 12 5 4 10 11 13 6 2 15 7 13 10
15 30 8 1 7 5 9 31 26 17 20 34 27 17 27 21 1 13 26 21
9 22 13 1 11 8 7 21 18 13 18 13 20 24 12 8 8 4 18 13
4 7 3 1 2 1 3 15 11 5 8 12 5 2 7 5 6 7 5 9
17 47 29 28 33 22 32 52 47 11 34 26 48 33 34 6 35 46 53 30
23 41 20 3 28 1 28 43 29 31 20 19 29 31 24 2 10 15 30 10
3 8 1 1 1 4 3 9 1 5 4 6 5 9 3 1 5 1 1 1
31 39 21 8 29 7 32 45 40 39 26 33 33 35 40 24 25 17 41 33
6 13 9 1 8 1 9 21 8 11 1 7 4 14 10 6 11 9 7 12
21 27 6 8 17 8 24 38 28 31 22 27 24 21 28 19 9 13 25 21
9 18 1 2 10 7 10 21 14 12 8 7 13 20 10 5 14 11 19 5
19 22 8 1 14 5 6 15 12 17 7 8 8 16 20 8 10 10 16 2
1 9 1 1 1 1 1 14 1 1 1 6 5 7 2 2 4 1 1 5
14 20 9 3 11 1 4 13 11 1 6 9 10 13 17 8 19 12 17 8
33 50 32 14 34 17 37 54 35 39 17 32 30 49 36 12 27 34 39 10
6 26 13 9 13 20 12 39 32 12 20 29 30 20 22 8 13 24 29 17
7 19 12 2 12 1 9 27 18 11 6 16 15 13 9 1 18 3 15 15
6 13 4 1 5 1 3 12 8 4 10 8 8 8 6 1 7 1 8 1
13 20 15 1 12 1 9 16 10 7 6 8 12 18 14 9 10 4 14 14
13 22 18 2 23 16 17 37 28 22 19 18 17 14 19 11 8 20 23 17
30 51 39 12 36 10 38 56 41 33 17 30 39 49 38 4 30 34 42 21
1 9 1 1 1 1 1 12 4 1 2 8 7 8 5 4 1 1 1 7
11 33 12 4 20 13 11 35 28 27 9 19 16 32 24 21 14 8 30 24
1 25 2 3 15 12 8 41 23 24 1 15 11 23 13 18 11 10 26 21
1 13 7 1 7 1 5 17 7 5 2 6 9 9 2 1 11 1 9 5
10 18 1 1 7 1 3 18 11 8 11 16 13 8 12 6 4 1 10 7
15 21 11 1 16 1 11 26 17 15 8 15 11 11 15 7 12 8 15 13
31 46 26 12 34 2 22 43 41 24 22 34 39 29 35 8 34 18 42 25
4 10 2 1 2 1 1 8 4 1 1 1 2 8 7 2 12 5 6 2
20 23 16 6 21 1 17 25 22 13 6 10 9 16 20 2 28 15 23 14
11 25 23 14 27 13 29 32 32 22 33 5 30 26 15 3 18 27 29 22
16 34 19 4 20 9 18 32 18 22 14 16 26 38 18 15 14 12 27 17
22 28 17 3 16 1 12 13 21 9 24 24 26 26 25 18 4 9 23 22
23 31 22 3 26 5 19 25 28 21 28 14 30 25 24 12 9 9 28 15
31 50 36 11 36 6 23 43 36 26 24 34 43 36 36 8 24 16 40 25
23 40 11 12 23 20 13 41 32 21 11 27 27 31 32 11 26 27 39 5
2 9 2 1 1 1 1 7 1 1 1 4 5 6 3 2 2 1 1 2
34 64 22 16 39 24 28 61 55 47 29 48 47 51 51 45 30 25 60 46
16 22 11 6 11 1 15 18 17 14 20 14 22 22 17 9 2 8 19 19
1 5 1 1 1 1 1 14 2 1 1 5 1 3 1 1 7 1 2 4
24 44 14 25 30 28 24 55 51 27 16 23 29 35 39 21 32 41 50 26
23 45 28 7 33 19 21 43 40 25 37 33 49 37 29 19 21 13 45 29
6 17 11 1 6 3 1 11 6 5 9 8 10 19 9 8 11 3 11 8
6 31 13 13 5 15 4 34 17 6 7 23 25 26 18 9 23 19 23 5
2 16 1 3 1 5 3 19 5 1 5 14 14 12 7 2 4 5 8 5
2 11 1 3 1 5 2 19 4 1 2 13 11 6 4 1 5 5 8 4
10 45 36 25 39 24 40 49 48 29 44 19 51 37 26 5 30 32 46 38
30 47 25 29 30 14 35 40 40 15 29 11 37 26 36 14 32 38 46 28
12 29 24 2 21 10 19 30 25 13 23 16 34 24 15 6 16 11 29 19
7 14 6 1 1 1 3 9 4 1 5 7 9 13 10 7 5 1 7 6
20 34 24 3 29 10 16 34 39 21 16 21 24 27 28 14 26 20 38 26
25 50 17 23 48 28 31 59 62 48 38 21 42 43 35 24 33 34 58 37
6 9 4 1 5 1 1 6 9 4 11 4 5 3 7 1 3 1 5 2
39 62 26 19 42 17 26 46 51 39 41 40 49 57 47 39 27 31 61 35
17 55 26 25 30 24 21 58 47 34 18 32 44 57 36 13 39 23 51 25
11 17 18 5 16 12 11 15 20 8 23 9 22 14 16 7 14 15 17 14
1 9 6 1 5 4 6 14 7 6 12 6 11 13 1 1 6 3 6 4
37 52 42 9 42 7 39 47 44 35 36 32 38 53 38 20 16 38 41 31
3 17 7 1 4 1 3 19 1 1 2 10 11 11 4 2 6 1 9 7
9 17 3 1 8 4 4 24 15 13 7 14 8 12 10 5 14 8 15 10
33 54 33 17 30 26 20 60 44 35 17 38 30 46 43 17 33 42 45 9
40 50 36 10 43 7 30 47 45 31 25 36 40 34 45 19 32 27 45 30
21 27 22 4 17 9 18 28 30 16 25 30 26 20 30 25 10 23 26 29
25 49 26 20 31 9 33 54 41 40 27 35 43 48 28 7 29 15 44 36
9 20 3 1 11 4 3 22 9 13 2 8 4 13 10 3 2 1 10 2
9 20 20 3 17 12 15 26 14 6 16 10 22 13 13 3 8 17 14 9
5 15 2 1 4 1 6 18 12 9 14 8 12 15 7 1 4 1 12 7
5 16 6 1 3 1 3 12 7 3 8 6 10 14 8 3 5 1 9 5
4 9 2 1 1 1 1 9 1 1 1 6 4 6 7 4 6 2 3 7
1 12 5 1 4 1 1 17 4 1 8 10 9 6 1 1 9 1 8 4
1 12 2 1 3 1 4 16 3 2 2 6 9 11 2 1 11 3 6 4
30 43 49 12 44 12 40 45 43 27 39 31 48 48 35 24 23 31 42 44
34 65 27 19 36 21 23 48 47 28 32 49 54 53 46 33 31 22 56 28
18 25 17 8 21 7 22 35 37 14 13 14 12 10 25 9 27 30 32 20
7 15 3 1 4 1 1 13 6 4 8 9 7 8 10 3 8 2 8 6
36 51 21 12 37 12 18 35 40 20 22 22 28 29 40 21 31 18 46 17
25 30 15 10 34 23 14 32 37 25 17 11 16 21 29 16 21 28 32 18
4 9 10 1 9 6 5 15 10 1 13 6 11 9 4 1 9 6 7 5
9 15 1 1 11 7 3 15 14 16 8 5 7 12 10 7 4 1 14 1
1 3 1 3 1 4 8 11 6 10 7 2 8 14 1 1 5 3 7 5
36 44 32 11 40 10 28 38 45 16 32 19 39 23 37 13 31 27 48 20
12 45 29 19 24 19 30 57 47 25 24 35 51 47 28 14 24 29 48 36
14 18 10 1 10 3 11 24 13 15 10 17 9 11 17 8 7 12 9 11
11 31 7 4 16 9 7 31 23 11 18 22 28 16 16 5 13 6 24 6
21 31 22 10 24 1 27 38 26 27 12 22 25 31 21 1 21 7 25 24
1 20 1 1 3 5 1 25 9 6 1 12 8 15 3 1 6 1 13 5
2 5 1 1 1 1 1 5 3 2 5 1 1 6 3 1 3 1 1 1
1 13 2 1 1 3 1 21 5 1 5 13 10 7 2 1 5 3 8 4
24 46 23 11 31 13 22 45 40 21 13 23 32 34 33 2 31 27 42 12
1 18 2 1 2 8 3 20 5 7 6 10 14 20 5 4 4 3 11 3
18 41 26 12 13 16 13 42 23 17 18 29 35 45 30 14 14 22 31 12
16 37 21 2 29 15 10 32 38 24 22 20 26 38 27 25 10 12 36 28
3 11 1 1 4 1 7 19 14 11 7 10 6 13 8 4 5 3 12 11
1 10 1 1 1 2 3 18 3 2 4 13 10 9 1 3 2 3 5 7
4 14 3 1 9 8 5 25 21 17 12 15 10 13 11 10 4 7 15 9
38 52 25 26 39 14 45 60 60 33 31 28 39 26 49 25 43 41 59 40
32 58 25 18 36 21 21 51 43 22 18 26 33 33 42 18 37 29 53 21
11 25 6 1 18 16 1 28 25 15 14 16 17 15 17 7 11 14 26 6
18 24 18 1 22 13 10 23 22 11 15 9 15 19 20 9 17 19 24 12
6 10 4 1 5 1 6 11 8 6 9 4 6 12 6 1 13 6 9 4
23 46 29 19 42 26 31 47 54 36 41 13 42 47 33 18 30 36 54 38
11 32 12 4 19 10 12 39 25 21 5 21 19 28 19 13 25 15 29 20
18 31 20 9 22 1 22 37 33 27 19 25 28 30 25 9 26 9 30 27
5 11 12 1 11 3 14 16 15 13 13 1 13 19 3 1 11 6 12 9
9 24 7 10 11 2 18 28 26 22 22 16 24 23 19 11 5 16 25 26
32 38 13 22 33 11 30 37 43 26 35 19 32 23 32 13 29 26 40 19
31 35 26 1 31 11 16 30 27 28 16 15 14 31 34 12 13 24 26 9
9 21 6 3 14 1 18 34 29 24 15 18 20 19 15 8 14 10 27 22
18 34 28 23 31 16 36 44 34 32 34 12 36 35 19 10 24 27 32 31
1 11 1 1 5 8 1 14 5 9 4 3 3 14 4 6 6 1 7 4
1 2 1 1 1 1 1 6 1 1 1 1 1 1 1 1 7 1 1 1
21 37 20 6 31 15 17 39 29 23 11 13 16 26 23 9 25 22 32 12
2 17 13 1 8 3 3 14 8 4 10 7 17 19 5 4 10 3 10 7
2 5 1 1 1 1 1 8 2 1 1 2 1 4 2 1 7 2 2 3
8 14 8 3 6 5 17 25 20 14 15 19 15 12 16 14 8 17 13 18
33 35 26 15 36 3 29 32 37 33 26 24 32 27 32 5 34 13 36 19
13 23 13 1 11 6 7 16 11 7 12 18 19 26 15 16 5 5 15 17
12 16 7 1 8 4 7 20 8 8 10 15 12 6 10 1 7 6 12 6
2 16 1 2 1 4 12 28 16 16 7 17 15 19 10 9 5 14 18 16
16 20 5 5 11 6 6 13 14 14 15 13 14 12 18 11 8 1 14 6
1 11 1 5 4 5 15 27 18 20 10 11 11 21 8 11 2 12 16 19
3 10 4 5 6 1 10 15 16 10 19 5 16 12 3 1 1 7 11 10
17 38 18 26 20 16 23 42 39 12 22 21 35 31 26 6 31 39 41 11
27 42 7 18 32 20 28 47 51 44 36 30 35 39 39 32 20 25 49 35
18 41 11 10 24 21 11 41 27 26 10 20 20 32 27 12 21 20 34 11
1 2 1 1 1 1 1 6 1 1 4 1 1 2 1 1 5 1 1 1
36 60 47 10 49 14 34 47 40 37 23 33 41 59 42 25 24 26 44 31
15 21 6 2 9 1 7 13 16 12 17 15 21 16 18 11 3 1 18 9
1 11 2 1 1 1 1 11 1 1 1 3 4 11 4 2 4 1 3 3
20 44 27 23 32 19 32 41 46 14 36 23 46 27 33 4 27 41 49 26
12 32 22 8 17 20 8 31 27 7 24 27 34 25 23 11 11 17 29 21
1 7 1 1 1 1 1 10 1 1 2 6 4 1 1 1 3 1 1 2
29 30 25 17 16 14 28 34 37 20 22 25 21 20 38 25 30 39 35 28
10 29 10 2 17 18 3 30 24 16 15 17 20 22 18 12 10 13 25 12
28 57 30 18 30 24 29 62 53 38 30 52 54 45 49 29 31 31 54 30
3 12 9 1 8 2 3 11 10 3 8 1 7 11 5 1 14 6 8 4
11 31 23 20 27 19 30 38 38 22 40 16 40 25 19 5 14 27 33 31
7 7 1 1 2 1 1 8 6 4 6 5 1 4 8 1 8 4 6 2
41 45 20 26 42 16 40 42 50 33 33 23 35 29 40 17 45 27 52 25
21 37 16 8 20 10 17 26 29 24 27 19 30 38 24 18 12 16 34 20
7 17 12 1 7 6 6 21 16 8 14 17 16 17 14 12 8 11 13 16
27 44 16 11 28 13 26 47 40 30 31 41 41 32 34 29 20 12 42 32
37 59 38 22 43 16 37 45 51 35 52 35 61 51 44 25 15 37 54 36
7 27 15 1 18 8 10 28 22 10 18 15 27 17 11 2 11 8 23 10
5 19 2 1 8 9 3 13 11 13 7 3 7 22 11 9 5 1 14 4
1 6 4 1 1 5 1 11 1 6 7 6 5 7 1 1 7 4 1 5
37 60 25 15 35 17 27 53 55 29 35 56 51 41 54 38 31 34 60 40
9 17 11 1 12 1 11 20 13 10 3 8 8 14 10 2 17 5 12 13
4 7 4 1 1 1 3 10 5 1 7 4 3 6 5 1 4 1 3 6
5 11 1 3 5 1 8 17 15 11 18 5 14 10 5 1 6 7 14 8
1 12 1 1 7 10 4 17 7 11 6 5 4 17 5 7 7 1 9 6
20 54 31 27 28 24 42 65 54 43 39 39 57 56 39 26 33 44 57 51
14 28 9 2 11 1 8 21 17 12 18 18 25 21 17 10 9 2 23 11
31 51 20 23 31 23 25 55 48 33 29 30 41 38 40 13 29 40 50 9
35 41 32 12 21 12 37 45 41 32 34 36 38 39 44 31 18 41 37 39
4 11 8 1 6 7 3 16 8 7 8 7 6 15 5 8 9 6 6 9
22 31 11 7 21 7 18 33 21 21 18 22 24 18 23 13 15 7 22 13
9 36 13 9 16 24 4 33 27 15 15 23 27 34 23 17 8 14 29 16
29 26 22 3 23 1 19 22 17 10 8 12 10 21 30 10 15 24 17 13
14 27 8 14 12 11 10 31 20 2 1 18 17 18 21 2 27 25 27 3
1 11 4 4 1 5 9 21 9 9 13 13 17 16 3 1 1 6 12 10
16 19 15 9 16 4 17 24 26 6 11 13 12 10 24 10 20 26 21 15
1 1 1 1 1 1 1 6 1 1 1 1 1 5 1 1 7 1 1 1
22 29 11 6 23 9 10 25 28 19 20 17 20 19 25 13 25 11 27 14
2 8 9 1 6 3 4 9 5 1 9 4 11 5 3 1 1 4 2 3
23 47 18 17 35 8 29 51 48 34 24 19 30 36 28 9 30 27 48 25
1 5 1 1 1 1 1 11 1 1 1 2 3 7 1 1 10 3 3 1
3 13 10 2 10 1 8 15 9 10 3 4 8 15 4 1 13 1 11 9
8 17 7 1 4 1 8 20 6 4 8 12 16 17 9 6 13 6 14 11
31 42 30 15 18 16 40 51 39 40 30 34 33 37 40 28 24 32 36 36
1 3 1 1 1 1 1 8 1 1 1 1 1 4 1 1 7 1 1 1
22 30 15 3 23 1 23 31 26 26 15 10 19 28 23 1 22 17 28 14
1 7 2 1 2 1 1 8 3 1 2 1 1 6 1 1 7 1 4 1
1 19 7 6 6 1 11 19 13 9 18 7 25 21 3 1 1 9 15 11
1 10 7 1 7 1 5 18 6 5 7 7 6 8 1 1 11 1 8 9
5 6 4 1 4 1 8 7 4 5 6 1 6 11 1 1 9 4 5 1
7 10 9 1 10 1 11 16 7 7 1 1 6 10 6 1 15 4 9 6
12 49 28 28 41 38 34 59 54 35 44 24 48 44 33 9 31 43 56 38
25 39 22 15 32 15 31 52 51 25 28 22 31 21 32 15 30 37 50 27
17 27 30 1 25 1 19 25 30 12 19 24 26 26 24 20 14 17 28 32
36 61 40 26 39 11 35 53 53 27 32 47 58 60 48 17 44 34 61 42
22 38 22 6 31 18 17 34 36 23 29 21 37 27 26 15 27 18 40 16
21 46 19 7 35 21 18 49 35 34 20 23 29 36 28 15 13 16 36 13
7 9 2 1 4 1 4 8 10 7 13 5 8 6 7 1 3 1 8 3
31 33 18 4 21 8 24 35 28 30 19 28 21 28 40 22 16 29 30 24
2 13 6 3 2 1 8 17 10 6 15 7 16 18 5 5 3 3 11 15
1 1 1 1 1 1 1 1 1 1 1 1 1 1 1 1 1 1 1 1
2 9 1 1 1 1 4 9 4 2 5 1 6 11 5 2 7 1 5 3
15 26 16 1 12 1 14 28 21 13 14 25 19 20 22 18 13 12 22 23
24 43 25 2 23 8 29 45 30 26 19 36 34 44 36 26 11 31 38 32
30 38 20 5 30 13 10 23 34 18 25 21 27 27 33 20 18 18 34 12
22 42 32 13 36 22 29 41 53 27 47 34 46 37 39 25 21 35 51 42
9 31 4 6 12 5 23 41 31 22 11 20 25 29 20 10 18 26 35 24
3 19 1 5 3 2 10 21 12 14 12 8 18 20 5 1 3 5 15 9
1 7 1 1 1 1 15 23 13 13 7 11 10 12 7 7 1 10 10 16
24 42 12 17 27 28 30 55 49 32 39 45 49 31 40 28 26 31 48 33
28 48 26 21 40 32 32 61 56 31 35 44 49 33 44 21 40 39 55 31
34 47 28 11 33 9 22 32 42 19 31 29 37 39 38 23 22 29 46 24
1 5 1 1 1 1 3 7 5 5 7 1 3 12 1 1 7 1 6 1
21 33 17 11 23 1 23 33 30 15 12 13 21 22 23 1 32 18 34 14
14 29 17 9 24 20 26 42 43 25 25 19 28 27 28 20 20 33 39 29
20 45 21 15 12 19 6 41 35 13 16 37 39 45 35 22 31 30 43 17
1 25 13 6 9 13 4 29 17 1 10 17 25 19 11 3 14 14 20 8
2 6 6 1 5 1 2 14 6 2 7 4 3 7 2 1 8 1 5 6
1 9 5 1 1 1 7 13 6 5 11 6 10 11 5 4 5 1 5 6
12 14 11 1 7 1 5 11 3 5 3 9 7 13 13 7 1 4 4 10
4 9 9 3 5 6 8 11 10 9 15 5 15 18 7 5 10 9 8 7
1 5 1 1 1 1 6 10 7 5 9 1 6 8 1 1 3 1 7 5
3 7 1 1 1 1 8 17 10 7 5 11 9 11 8 7 8 10 8 12
8 18 5 3 7 6 8 16 13 14 10 6 13 23 11 6 12 6 16 9
1 3 1 1 1 1 1 5 1 1 1 1 1 1 1 1 2 1 1 1
16 42 14 12 31 12 29 50 49 45 26 25 33 39 30 22 16 13 45 33
21 41 38 12 41 27 35 54 39 31 25 25 26 34 37 12 25 41 33 26
9 32 6 13 24 15 23 46 43 39 22 13 21 35 25 17 19 28 43 32
13 26 11 1 10 5 8 20 12 10 12 16 21 20 17 3 5 8 16 2
26 56 37 21 45 33 32 68 56 33 17 34 39 47 48 25 42 48 59 33
22 43 26 19 34 4 37 58 51 41 33 38 47 39 28 9 26 25 49 39
2 7 7 1 3 2 1 6 5 1 8 1 7 7 5 3 4 2 1 4
26 53 39 19 29 26 27 62 47 32 24 41 43 43 44 22 27 42 43 22
17 38 10 20 9 19 20 49 36 15 7 34 24 27 36 17 32 40 41 17
20 44 18 10 23 22 16 42 29 27 14 18 28 45 33 14 17 27 34 11
12 10 1 1 7 1 6 12 12 10 15 8 11 4 11 4 9 3 12 2
5 30 10 7 14 14 10 36 18 15 3 19 21 29 10 4 19 9 25 11
3 9 6 1 5 7 6 15 10 9 12 5 8 16 4 4 6 3 7 8
3 9 3 1 1 1 4 7 3 3 4 2 8 14 6 4 5 1 5 6
8 19 18 1 12 7 7 19 15 1 20 16 26 17 11 9 6 7 16 16
22 22 13 7 21 4 19 24 26 19 23 10 19 17 20 4 19 21 25 10
7 26 16 1 22 17 12 35 29 21 18 15 21 25 11 12 12 10 25 17
32 42 43 19 39 18 33 32 46 20 50 33 49 39 40 29 28 35 45 41
2 30 24 13 24 26 19 40 29 11 24 20 34 24 16 1 27 26 32 19
17 21 16 1 16 3 10 20 11 15 12 9 12 16 18 2 4 11 7 4
23 46 19 13 30 23 16 46 29 29 7 23 27 42 29 28 20 17 36 29
23 17 22 5 26 6 23 26 21 15 11 1 7 16 21 1 18 28 17 4
7 40 24 18 23 23 27 51 40 18 31 27 46 38 22 9 18 30 42 33
1 8 3 1 4 1 4 21 8 5 1 9 4 6 2 4 7 3 7 11
24 34 28 7 28 6 31 36 26 33 22 15 21 43 25 11 8 26 25 19
1 8 1 1 1 1 1 13 1 1 4 4 3 6 1 1 4 1 1 2
25 53 30 15 30 29 11 43 36 25 16 27 34 48 42 25 13 30 37 14
8 10 6 1 7 3 5 10 12 7 15 7 10 8 8 1 9 6 8 4
8 22 9 19 12 12 31 41 32 30 26 19 26 26 19 16 12 28 30 35
26 60 22 26 39 29 41 71 53 50 24 31 42 59 48 28 30 52 60 42
4 15 2 1 6 7 1 16 8 7 5 7 8 13 6 4 10 7 12 1
18 30 23 1 31 15 20 37 32 28 23 14 23 27 22 14 16 20 27 17
5 31 8 9 7 16 4 33 14 9 3 22 22 29 15 9 18 14 23 10
24 36 29 5 38 19 33 50 45 36 20 20 22 29 36 16 28 36 41 29
3 13 1 4 1 1 9 18 13 9 13 6 13 16 7 4 5 10 12 16
24 44 19 21 22 11 32 48 48 22 27 31 37 30 38 18 22 43 48 32
32 49 27 22 34 12 26 47 43 17 14 27 32 26 37 3 42 28 47 19
22 54 17 30 21 25 29 64 57 38 40 48 54 41 46 29 29 44 57 32
10 23 14 8 19 7 17 28 28 19 27 11 25 22 11 4 15 14 25 18
1 1 2 1 1 1 1 8 2 1 6 2 2 2 1 1 5 1 1 4
22 35 15 15 31 24 23 36 34 18 35 29 39 16 28 14 23 19 33 17
7 26 20 5 21 13 13 28 21 19 13 11 21 31 12 10 20 8 21 16
14 42 26 18 31 32 22 46 41 22 37 35 45 29 31 9 22 28 40 25
6 46 16 22 21 23 24 57 42 30 19 23 40 48 21 10 21 26 45 26
1 6 1 1 1 1 1 15 2 1 1 7 3 8 2 3 2 1 1 6
25 48 31 15 40 33 22 54 44 27 24 31 40 45 40 32 26 38 48 37
8 39 12 3 18 14 4 30 21 13 7 19 25 40 20 18 8 7 31 16
3 12 1 2 1 1 7 15 10 8 8 4 12 12 3 1 8 7 13 4
18 42 25 9 33 11 24 43 39 33 24 22 38 40 23 6 22 7 40 22
17 33 13 3 12 10 10 35 32 17 25 37 32 16 30 23 3 18 31 24
7 18 3 1 4 4 5 26 11 5 5 18 12 12 13 9 14 14 14 12
19 34 25 5 19 7 21 32 35 18 24 31 28 29 31 29 15 20 33 37
36 45 22 20 42 14 31 39 48 28 30 23 35 29 40 16 42 22 46 20
16 32 25 3 22 16 17 34 23 14 23 19 31 29 21 8 11 17 28 17
30 52 21 11 33 19 17 39 35 26 22 31 36 49 38 31 17 22 44 29
20 31 18 13 30 26 18 34 27 28 12 10 20 31 24 19 14 21 23 16
22 36 21 1 28 10 11 33 33 19 22 23 31 24 25 12 23 12 35 19
4 17 4 1 6 5 1 22 12 10 7 11 5 14 6 5 8 2 10 8
18 31 15 1 18 12 9 20 22 16 17 19 20 34 24 22 11 10 26 20
20 44 20 8 28 14 15 38 28 30 13 22 26 36 27 17 23 8 35 21
19 27 16 1 15 1 8 17 17 4 12 17 21 25 22 15 18 13 22 17
13 58 21 24 26 23 21 60 49 37 23 33 48 57 32 14 29 22 53 25
17 27 23 2 20 4 16 27 19 17 11 20 20 31 21 16 17 11 22 26
26 52 34 16 34 9 36 49 34 33 31 23 44 50 31 13 20 25 42 37
20 51 15 11 32 25 20 54 46 37 28 38 42 42 35 29 21 13 48 28
19 37 16 12 20 7 22 36 36 30 33 29 36 36 30 21 10 24 37 35
11 16 2 2 7 2 8 19 15 14 18 12 15 13 11 4 7 2 14 6
9 10 1 1 6 1 4 12 11 9 11 8 10 5 9 3 5 1 11 3
3 14 4 1 5 2 10 19 10 10 6 6 14 17 2 1 11 2 13 6
20 39 12 7 20 4 18 34 29 23 23 23 36 28 24 11 23 12 38 17
6 17 9 1 10 2 6 16 13 7 12 8 13 12 6 1 9 2 11 5
1 13 7 1 4 4 2 16 5 3 9 9 13 12 4 3 5 3 5 5
13 32 12 8 15 1 13 28 25 17 29 20 34 25 17 9 4 10 27 21
31 50 30 26 45 23 32 44 49 33 30 8 36 45 40 19 28 40 50 31
1 12 1 1 1 1 1 12 3 1 1 9 8 5 3 1 1 1 7 1
39 56 34 12 43 11 25 46 42 38 24 37 39 46 44 23 30 15 48 34
44 57 49 17 52 16 40 50 55 32 51 45 61 45 48 33 36 35 58 44
8 29 4 5 10 11 15 36 25 25 13 21 21 30 18 18 1 11 28 22
1 16 8 1 7 1 8 17 7 7 1 5 13 19 5 1 13 1 10 9
20 34 17 7 24 22 22 51 36 33 13 27 19 29 35 20 15 39 33 19
2 10 5 1 6 1 3 17 14 6 7 8 5 6 5 2 5 2 9 9
9 18 7 2 8 1 17 31 11 14 10 11 15 16 9 1 3 16 11 11
7 21 15 1 11 1 11 27 17 12 8 16 14 18 14 12 14 7 16 21
24 54 21 25 30 26 26 46 46 36 42 30 54 47 35 19 14 26 49 27
15 19 5 1 12 7 7 20 13 16 13 16 14 11 13 7 5 4 14 6
16 18 17 1 15 2 17 21 7 18 4 8 3 19 14 1 5 15 5 1
1 7 6 1 3 1 1 7 4 1 8 1 5 8 5 4 4 1 1 4
2 6 1 1 1 1 1 8 2 4 3 1 1 5 2 1 4 1 4 1
22 48 44 24 45 26 40 51 54 33 47 22 54 53 34 18 36 38 55 51
9 11 11 1 9 1 16 18 6 12 11 4 11 13 7 1 2 9 5 3
9 32 8 4 13 13 7 34 20 17 10 21 19 27 15 12 10 8 23 13
40 56 46 17 43 7 33 51 43 34 30 45 46 45 44 16 32 25 44 41
20 26 8 1 18 1 11 23 18 14 13 13 18 13 21 6 18 11 21 5
16 23 12 5 18 1 14 21 22 18 11 13 19 18 17 5 23 8 24 11
20 48 5 21 28 24 27 60 49 40 33 40 44 41 30 23 23 20 50 29
10 18 4 1 5 4 2 14 10 5 7 10 10 11 13 3 14 11 13 3
4 15 3 1 2 1 2 15 7 2 2 9 9 12 7 4 5 1 8 8
1 12 9 1 10 6 10 14 9 12 5 4 10 19 4 1 17 5 12 8
44 58 32 22 47 6 44 57 58 42 32 37 45 43 51 26 36 37 60 42
7 9 7 1 5 4 9 11 4 7 6 6 9 15 8 6 10 7 5 9
33 49 33 12 36 7 25 39 33 34 21 30 35 43 35 14 27 10 38 27
17 47 10 21 12 33 24 58 43 36 20 39 36 47 39 34 20 31 46 34
29 47 17 21 33 15 33 45 49 40 43 35 44 45 41 31 17 23 50 44
5 18 11 4 12 1 13 25 12 12 4 12 16 20 6 1 15 1 14 14
8 19 13 4 13 1 17 24 15 13 7 9 17 22 9 1 18 1 16 15
16 37 30 15 39 31 27 45 31 27 24 12 28 35 30 16 20 29 31 25
19 26 14 4 15 4 13 25 26 14 15 19 21 29 24 16 21 16 28 24
1 9 1 1 3 3 1 10 1 4 1 4 4 10 4 3 8 1 4 1
33 53 29 19 41 19 33 56 55 31 37 31 46 36 38 20 35 36 58 32
5 26 5 3 5 5 2 28 14 5 4 20 17 18 13 6 10 7 17 11
18 35 6 9 19 19 10 33 24 23 14 25 24 24 24 13 12 12 28 1
4 8 6 1 5 3 3 9 10 4 13 6 10 7 4 1 4 4 5 3
1 10 8 7 9 5 13 19 16 11 21 4 18 17 2 1 6 12 12 13
9 37 20 17 29 22 25 44 38 33 32 10 33 40 15 10 17 21 37 26
4 14 7 1 3 1 1 8 6 1 6 3 7 12 7 2 8 1 8 4
31 54 25 12 32 9 26 43 41 28 35 42 51 46 37 27 20 16 49 34
2 5 1 1 1 1 1 5 1 3 1 1 1 5 1 1 1 1 1 1
19 36 27 7 30 9 22 36 38 29 28 19 38 37 23 8 18 6 39 27
9 27 20 2 25 18 17 38 30 23 15 13 18 27 19 17 13 16 26 22
4 29 11 14 14 8 20 37 22 20 23 12 28 32 9 3 16 18 25 22
1 19 5 1 5 1 7 25 8 5 4 11 17 18 4 2 14 5 14 10
10 36 9 14 14 10 17 41 33 16 17 21 32 36 21 6 21 29 36 20
10 27 16 1 17 6 8 29 24 18 14 19 21 21 16 8 14 6 20 17
14 13 8 1 12 2 8 13 11 10 6 4 5 11 12 1 17 11 13 2
14 26 1 3 10 5 3 20 12 13 13 18 18 13 17 10 11 1 17 5
19 31 10 8 14 4 19 35 28 15 13 23 23 23 25 13 23 23 33 21
26 39 27 11 29 13 25 34 36 15 33 24 40 38 27 16 22 31 42 29
4 15 7 2 4 1 12 26 15 10 12 14 15 18 9 9 7 7 13 16
4 12 1 1 3 4 2 14 5 7 6 6 6 11 4 1 5 1 7 2
25 30 22 14 18 22 33 42 45 32 40 33 38 22 36 28 17 28 38 34
19 34 14 8 13 12 19 36 31 30 20 29 24 28 30 25 21 20 33 30
1 8 3 1 4 2 2 12 3 5 1 1 2 11 1 1 12 3 5 4
3 28 7 5 5 5 10 28 16 8 5 14 26 27 11 3 10 7 23 11
9 17 4 4 6 3 24 33 18 25 13 14 14 21 17 10 6 23 16 20
1 5 2 1 1 1 1 8 3 1 6 1 3 4 1 1 3 1 1 1
1 1 7 1 5 4 3 9 6 1 11 1 7 4 1 1 5 5 3 4
3 5 3 1 1 5 1 10 3 6 6 3 1 8 3 1 5 1 3 5
32 48 38 10 35 11 29 41 33 26 33 34 42 50 34 27 19 28 38 31
28 35 9 11 22 11 12 22 26 19 29 29 30 24 31 24 13 4 27 20
1 7 1 1 1 1 1 12 1 1 5 4 5 5 1 1 3 1 2 1
20 33 21 12 21 2 23 31 27 24 14 19 31 38 24 5 31 12 32 24
9 17 3 1 9 1 6 22 16 11 13 14 12 13 11 6 7 3 14 10
4 6 1 1 1 1 6 11 6 4 8 4 6 8 4 1 5 1 5 6
17 37 19 8 16 9 19 40 20 18 15 25 31 41 24 11 14 22 27 20
14 14 6 1 6 1 5 17 9 7 1 12 6 8 17 6 9 12 8 9
2 8 3 1 4 5 1 13 7 6 7 3 2 10 2 1 3 1 6 3
1 9 1 1 1 1 1 7 1 1 3 5 6 4 2 1 1 1 2 1
21 41 31 11 35 5 32 39 48 24 33 25 42 44 31 19 24 34 47 42
1 16 7 7 11 5 14 28 19 17 18 6 17 25 1 3 7 9 17 17
25 40 15 11 27 25 23 45 42 38 29 35 32 28 39 34 15 25 39 28
42 48 37 12 48 23 33 51 46 35 33 31 32 32 48 20 31 39 43 25
7 17 3 1 11 1 3 18 13 10 7 8 10 5 8 1 10 1 14 4
10 30 16 13 18 9 23 34 22 24 20 13 28 38 13 11 11 14 27 27
10 30 10 6 20 15 8 31 23 22 4 8 11 30 17 17 15 6 24 20
8 30 13 12 16 4 23 42 25 19 9 22 31 31 10 2 21 13 29 24
1 5 5 1 3 2 3 7 4 1 9 1 6 7 3 2 3 2 1 3
10 29 16 8 16 1 19 25 25 19 19 9 27 32 14 4 12 5 27 23
21 48 24 6 29 12 20 41 25 30 7 21 27 44 30 12 15 9 34 17
24 42 30 10 42 26 21 44 39 34 24 14 29 36 33 20 27 25 40 27
28 40 29 4 31 15 18 35 41 15 38 35 45 36 33 22 20 27 44 30
34 52 30 9 36 16 26 47 29 38 12 26 18 46 40 22 23 29 36 11
8 31 8 7 8 8 7 30 20 4 5 19 25 28 20 4 24 18 28 9
35 44 26 6 26 8 18 30 26 16 14 29 27 33 41 14 14 31 31 15
22 38 23 13 31 24 19 29 40 26 27 16 35 46 30 30 12 22 39 31
30 50 28 6 38 10 24 40 34 26 11 24 30 46 37 20 27 20 43 27
38 62 34 23 45 22 38 48 50 45 46 33 54 58 45 33 15 32 56 40
5 15 5 1 7 1 5 21 13 6 1 8 7 13 10 4 17 8 12 12
24 48 19 16 37 24 35 60 56 40 30 25 36 39 38 24 27 44 56 35
4 8 8 5 7 8 12 17 16 14 17 7 13 18 3 6 6 11 10 14
34 53 39 24 29 13 37 56 50 39 33 50 46 44 46 27 37 27 49 51
12 22 13 9 14 2 23 37 27 23 7 24 18 22 21 11 26 15 27 29
9 17 1 1 4 1 1 15 10 1 5 11 8 5 12 1 12 11 13 3
17 18 11 2 10 1 12 20 17 12 16 15 18 14 18 7 10 12 15 13
1 5 1 1 1 1 1 11 1 1 1 1 1 5 1 1 5 1 1 1
1 2 1 1 1 1 2 4 3 1 5 1 2 4 1 1 4 1 3 1
14 40 17 9 28 17 14 37 31 29 15 20 26 35 20 12 21 7 34 16
1 2 1 1 1 1 4 14 6 3 9 3 6 9 1 1 1 1 3 7
12 21 7 1 6 3 6 19 13 10 12 18 18 19 15 10 6 3 14 14
7 14 8 1 8 3 3 13 10 3 11 7 8 6 6 1 8 3 7 2
23 32 12 12 26 17 23 34 27 36 15 4 15 37 27 14 16 25 27 16
19 35 32 23 36 15 38 52 48 43 32 28 39 46 24 11 29 24 44 42
22 36 22 5 26 1 19 31 23 23 13 20 26 22 24 4 16 4 24 12
33 41 35 4 38 16 33 48 45 35 26 26 28 43 41 24 21 38 42 30
29 52 20 15 30 13 36 60 43 40 27 42 45 41 41 24 20 24 48 34
2 7 7 1 5 4 3 12 6 1 10 7 11 4 1 1 3 4 4 2
4 1 3 1 3 1 4 11 2 3 2 4 1 1 3 2 1 4 1 6
29 43 42 11 43 21 38 41 42 34 35 18 35 48 36 18 13 36 39 29
15 31 20 12 19 7 21 29 34 23 33 22 33 36 24 18 8 21 30 34
1 2 1 1 1 1 1 5 1 1 1 1 1 2 1 1 6 1 1 1
18 28 15 1 17 10 12 28 16 20 12 16 13 27 21 15 8 10 18 14
11 17 6 1 8 3 8 13 10 11 9 8 12 18 12 4 11 5 12 5
9 35 20 8 19 10 20 43 36 19 21 26 39 31 19 6 19 18 35 26
1 10 12 1 8 9 7 22 14 3 13 12 16 6 7 5 7 13 10 15
11 30 18 4 16 16 13 36 31 14 26 29 35 24 24 13 9 18 32 23
4 26 3 6 1 8 1 30 16 4 5 25 18 16 18 8 12 14 19 10
16 23 24 6 24 15 18 32 27 17 23 18 21 17 23 11 17 23 22 21
8 23 6 5 12 14 1 24 19 18 9 10 6 23 17 17 11 8 17 15
23 37 19 2 30 13 16 37 25 27 14 13 17 31 27 9 16 20 25 7
3 12 2 1 1 3 2 14 10 2 9 10 14 10 6 1 5 8 11 1
26 36 18 12 26 10 26 38 33 28 18 12 18 34 31 15 19 29 33 21
11 16 9 1 5 1 3 8 7 1 7 10 12 15 13 10 3 1 9 10
27 55 31 19 38 17 25 50 37 35 17 33 41 56 37 19 31 16 47 33
1 8 1 1 4 1 4 20 7 5 4 12 5 5 5 7 7 6 6 11
14 38 5 13 13 16 9 42 29 17 14 36 31 26 29 17 19 16 31 13
33 62 19 26 38 37 25 66 47 42 25 45 43 47 45 30 32 26 52 21
1 5 1 1 1 2 1 8 3 3 1 1 1 11 4 2 7 4 4 3
11 26 2 1 12 7 1 24 14 15 9 14 11 17 15 12 5 1 17 6
2 15 5 1 3 1 1 12 2 1 2 7 9 10 5 4 9 1 7 4
8 29 8 7 18 18 2 29 19 17 8 7 15 27 16 16 17 12 21 12
11 26 8 1 13 1 8 27 15 12 11 17 17 13 11 4 17 6 19 11
10 30 11 2 8 4 6 30 21 4 10 32 23 23 24 19 7 15 26 22
2 10 6 1 7 1 6 17 7 6 1 4 4 11 1 1 12 1 7 9
1 15 12 5 10 8 14 21 17 10 22 7 26 19 4 3 6 12 16 13
37 41 33 6 36 6 20 30 31 16 22 20 24 26 38 12 23 29 32 17
25 39 26 11 26 1 21 29 30 14 14 19 28 30 29 10 33 17 35 18
15 20 14 1 13 5 6 20 12 9 7 14 12 22 16 13 15 10 17 16
7 15 4 1 3 1 8 18 14 11 9 11 12 19 12 8 4 3 15 15
16 33 16 3 18 18 9 31 24 14 16 19 28 27 24 7 13 21 29 7
40 63 35 21 50 21 34 62 52 48 35 47 52 51 46 26 37 17 54 38
9 23 17 1 15 11 11 27 18 11 15 14 20 21 10 8 12 10 17 14
24 44 15 12 32 15 22 48 41 40 16 32 27 35 36 26 22 5 42 31
26 47 32 9 34 8 29 37 40 25 40 28 49 45 28 17 11 26 45 31
35 56 29 21 33 9 33 56 50 29 17 44 38 35 50 20 40 33 56 37
3 13 12 3 11 1 17 27 19 14 14 9 16 19 4 4 13 9 15 18
31 60 26 24 33 26 41 67 56 55 29 40 47 59 46 39 33 34 60 53
17 35 21 14 20 21 13 34 32 4 17 21 31 23 29 7 29 32 36 12
1 11 1 1 1 1 1 12 1 2 2 2 4 12 1 1 2 1 3 1
20 37 18 6 19 9 30 51 27 28 9 33 20 34 33 14 13 33 28 16
5 32 26 13 33 29 29 53 45 29 28 24 31 30 25 20 30 32 42 36
6 20 8 10 14 6 20 29 18 21 15 5 19 28 5 2 15 16 22 17
30 34 22 10 32 3 30 42 39 37 19 24 26 33 32 7 31 19 39 27
4 11 5 1 2 1 4 12 2 2 5 7 9 14 7 6 8 2 7 9
1 6 8 1 7 3 3 9 7 2 9 1 6 7 1 1 7 3 5 2
24 46 21 13 21 13 14 42 44 14 21 38 38 37 41 19 28 31 47 22
5 18 17 1 16 8 10 27 20 8 14 10 20 13 7 1 20 12 21 13
20 47 23 18 23 9 28 45 35 30 21 29 44 47 28 5 25 17 42 27
5 29 4 4 18 14 5 34 18 20 1 7 14 27 11 10 21 9 26 13
3 12 13 1 9 9 4 14 12 5 15 6 15 19 6 8 3 4 12 12
14 35 20 3 27 18 17 41 28 25 15 18 26 32 20 6 17 19 31 11
4 13 3 1 3 1 3 14 5 2 7 6 6 10 6 2 7 1 6 4
21 42 19 18 24 16 28 53 40 20 7 31 26 27 38 14 36 40 44 23
27 46 27 15 40 11 37 59 45 41 31 31 46 38 29 8 18 23 43 29
31 53 20 9 30 16 14 36 38 18 22 37 38 44 40 24 23 26 48 23
3 10 1 1 1 1 9 21 13 9 4 17 8 5 10 9 4 9 10 13
32 51 28 8 39 17 17 40 43 23 21 28 31 42 39 28 26 28 46 29
21 27 16 1 16 4 1 18 21 7 21 23 24 16 24 13 13 12 22 15
6 8 5 1 4 3 7 5 3 5 4 1 6 12 7 4 6 5 1 4
2 3 1 1 1 1 1 5 3 1 2 3 1 2 2 1 3 1 1 3
1 8 2 1 1 1 9 19 10 8 3 14 8 9 10 11 2 8 7 14
21 41 22 8 27 12 20 41 38 32 14 27 29 45 32 23 25 11 41 34
32 37 27 9 30 3 24 26 27 16 6 11 16 26 34 8 31 23 32 14
20 33 21 3 18 3 21 31 28 15 18 32 26 27 29 28 12 20 29 34
24 46 33 14 43 12 46 61 52 46 38 26 44 37 36 16 21 36 45 38
29 59 38 16 45 18 35 51 55 34 39 32 56 62 36 26 26 34 61 42
19 39 26 14 25 23 27 46 43 17 31 36 36 23 38 20 31 40 45 36
20 36 34 4 29 7 24 40 21 20 14 21 30 33 22 8 20 19 24 22
1 6 2 1 1 2 1 2 1 3 2 1 4 11 4 3 3 1 1 3
3 7 1 1 1 1 2 14 4 4 2 7 6 7 2 1 6 2 6 3
2 4 7 1 5 1 2 5 3 1 7 1 4 4 2 1 6 6 1 1
21 20 13 1 16 1 13 19 12 10 5 7 5 8 19 1 11 19 11 1
1 5 2 1 3 4 2 6 2 5 4 1 1 10 1 1 4 1 4 1
1 16 4 1 8 4 5 18 7 9 1 3 7 16 1 1 10 1 10 2
12 19 9 4 8 7 11 25 8 10 8 15 14 16 13 1 5 11 12 5
30 34 4 16 26 17 21 38 27 26 25 35 29 16 28 21 16 13 28 20
6 19 6 7 11 7 12 23 22 18 22 8 18 24 8 5 10 13 18 15
23 27 7 10 17 10 13 20 19 18 20 21 22 17 24 17 12 1 20 11
1 13 5 1 6 2 3 17 6 8 2 2 6 15 1 1 8 1 8 3
16 38 5 16 14 18 13 48 35 22 16 43 31 22 33 22 21 22 37 18
18 32 18 8 25 10 22 44 39 29 24 34 31 18 27 19 18 16 34 26
22 54 30 28 20 19 30 65 51 37 22 51 51 54 44 22 36 30 54 36
15 26 10 3 20 9 15 36 32 28 16 22 16 22 22 17 21 15 31 19
15 38 15 5 24 11 10 36 28 27 11 20 21 34 24 17 20 5 31 22
25 56 34 17 32 34 32 68 52 39 26 41 42 46 46 27 30 49 50 28
2 8 1 1 1 1 1 3 2 1 2 3 2 1 4 1 1 1 1 1
13 42 10 14 25 26 8 41 34 23 5 16 26 39 26 16 29 23 38 14
27 44 36 26 45 12 41 51 54 41 45 28 52 40 29 4 34 26 51 38
46 56 26 28 40 23 38 58 54 24 35 38 43 24 54 32 42 38 57 33
7 13 1 1 4 5 5 10 8 10 10 8 9 13 8 1 4 1 8 3
9 26 14 9 12 1 21 34 22 18 22 20 28 27 16 13 4 16 25 28
2 13 1 1 1 4 1 18 1 3 1 10 7 10 3 1 1 2 6 2
