1000 20 11 2675
3 2 3 17 6 13 9 4 5 4 3
3 15 11 12 6 4 12 12 15 6 9
11 3 10 9 8 3 15 2 6 1 8
4 1 6 4 1 6 9 3 3 4 3
3 8 4 10 2 1 8 3 8 10 6
11 7 1 9 7 9 6 22 4 13 1
2 4 7 1 0 4 1 4 3 5 5
9 9 8 3 6 5 0 0 4 7 5
1 8 6 7 2 7 2 6 4 1 0
7 2 19 13 6 8 0 8 5 2 1
21 8 15 10 4 10 3 6 11 6 1
2 5 0 6 3 6 4 5 2 5 1
13 6 11 1 5 8 4 4 6 2 2
9 7 5 11 4 9 24 4 9 17 5
8 2 1 11 7 10 2 11 3 18 6
1 8 14 7 13 9 2 15 3 19 5
8 2 0 21 7 14 13 1 6 3 4
1 4 3 1 1 4 5 5 3 1 4
6 4 7 8 8 14 10 2 7 4 3
0 1 0 7 1 4 3 1 5 2 4
0 5 3 4 4 4 3 0 4 9 1
2 4 13 2 11 17 5 14 16 4 3
3 5 1 0 7 0 4 0 1 5 4
0 1 12 1 2 2 1 5 0 9 5
5 7 16 1 12 7 18 7 9 0 10
7 2 10 5 5 2 9 13 9 13 9
1 0 1 2 7 8 5 2 5 8 1
0 13 6 9 13 2 16 12 5 5 11
2 1 8 12 2 1 1 4 2 3 6
2 2 4 2 1 2 3 8 4 4 2
0 0 15 4 3 16 4 17 2 21 14
4 11 6 0 12 6 1 15 1 1 15
1 4 0 7 3 6 1 1 1 4 6
4 6 2 0 3 2 11 2 10 10 5
2 4 10 0 7 6 7 8 21 3 15
0 1 4 1 9 7 0 0 3 2 4
2 12 7 4 9 14 7 5 11 12 5
1 6 1 18 2 4 1 6 15 14 23
15 13 2 17 6 6 5 5 6 0 2
6 14 4 6 13 14 18 8 5 10 9
6 4 13 20 1 13 10 11 12 1 9
10 1 1 5 3 5 7 11 11 14 4
5 7 2 1 5 3 0 13 5 8 7
11 6 6 10 5 18 6 1 8 12 3
3 6 4 4 15 15 6 6 21 10 4
11 5 6 2 1 4 15 27 9 7 4
0 16 4 7 16 2 0 5 3 0 1
4 3 8 13 16 13 15 14 7 9 3
8 12 3 17 7 3 10 14 8 8 10
19 5 6 1 10 8 13 0 11 10 5
6 10 1 1 2 12 1 8 4 7 1
8 1 1 5 10 11 2 7 0 1 10
3 7 2 2 5 0 3 4 0 4 3
7 3 6 9 12 10 1 12 3 13 0
4 9 6 11 19 1 0 6 2 3 4
7 22 6 5 5 4 8 17 0 2 5
8 10 4 0 2 4 2 15 3 5 12
14 3 13 17 14 5 9 5 20 13 5
9 8 1 5 1 8 5 7 12 8 0
4 14 1 7 7 8 1 7 9 3 6
3 4 18 5 4 3 13 3 5 15 20
16 13 6 1 3 4 1 2 1 16 0
1 7 5 3 2 5 5 10 8 6 2
4 7 6 15 1 12 8 2 4 7 7
0 4 13 6 14 6 15 0 11 5 3
4 17 2 5 24 14 7 9 11 8 3
15 11 10 1 23 2 13 5 9 0 6
10 5 4 15 1 7 1 1 12 9 4
2 2 2 3 7 4 1 4 1 5 3
4 1 5 3 0 4 9 2 4 5 0
5 6 1 12 9 4 20 0 7 1 4
6 1 7 1 8 5 13 2 7 3 5
15 3 6 6 4 1 11 6 4 3 5
13 22 15 0 0 8 9 4 2 18 6
16 14 8 2 4 4 7 8 5 6 0
4 1 3 7 12 5 0 4 4 4 1
13 2 27 10 3 0 19 7 1 9 1
7 8 4 17 6 1 3 12 8 8 3
17 1 15 9 7 1 16 1 12 5 10
15 18 0 3 5 6 10 9 18 5 2
2 5 4 8 1 2 1 2 3 7 1
2 6 0 2 5 0 5 2 4 9 3
3 7 10 18 4 1 1 5 1 0 2
0 3 16 2 20 13 1 8 4 2 11
6 5 7 4 0 7 0 0 6 1 4
1 5 3 8 7 1 2 1 0 7 0
6 12 4 4 6 2 1 4 13 5 3
12 2 18 1 6 18 11 18 3 1 5
2 0 10 5 9 5 4 0 12 8 1
10 2 9 9 3 1 4 14 9 6 13
10 4 3 4 3 7 12 0 3 1 9
13 5 2 6 3 5 3 11 3 4 4
3 4 4 10 4 3 6 2 1 2 2
11 7 8 3 6 5 12 2 5 6 10
2 10 0 6 2 4 5 4 2 5 5
12 6 1 11 6 9 17 4 8 7 12
1 3 2 6 1 2 8 14 1 2 17
14 2 2 5 10 11 4 1 6 0 0
12 2 1 6 1 2 15 12 10 8 7
2 9 20 6 2 1 11 5 6 8 7
8 6 18 5 5 18 2 2 9 2 2
6 21 9 16 3 2 3 6 8 1 13
16 5 4 21 7 6 0 2 1 6 2
11 2 3 9 4 1 1 0 10 1 3
3 11 1 10 7 1 3 10 3 3 15
7 10 8 10 1 4 12 12 15 9 4
18 11 7 2 3 1 13 2 16 5 5
1 12 14 8 10 3 1 29 7 3 7
6 1 2 3 22 10 10 6 23 7 5
0 0 4 7 0 1 6 5 4 5 1
2 4 8 14 2 1 1 7 6 10 9
4 6 13 3 14 5 4 13 13 4 18
12 2 3 1 10 2 0 10 5 0 10
9 6 3 4 0 3 5 8 7 11 5
7 9 1 1 4 8 16 21 0 3 17
3 11 11 9 1 4 16 6 20 0 1
9 8 12 11 5 3 12 0 4 12 20
3 1 2 0 2 1 2 4 8 2 2
10 7 11 2 12 3 17 2 11 8 5
9 11 3 1 2 9 4 8 1 22 0
3 0 7 2 1 0 6 4 2 1 1
2 13 1 5 6 25 13 7 10 5 5
0 9 3 6 4 1 7 10 3 13 3
19 4 4 2 9 7 22 7 6 0 19
11 10 13 5 7 9 10 10 13 14 11
1 6 9 1 4 10 2 21 9 12 4
1 9 1 4 5 4 1 1 8 7 5
4 1 2 10 3 0 2 3 3 16 7
7 13 9 9 5 10 8 8 24 0 1
6 13 16 5 1 5 2 17 9 12 8
15 9 1 0 9 5 6 2 10 7 15
13 15 8 1 11 3 5 3 11 0 4
3 3 2 3 6 3 5 4 4 0 5
11 2 10 12 2 7 1 5 14 5 13
5 2 10 1 8 6 1 2 1 4 2
1 5 4 1 3 9 1 2 2 3 4
0 3 5 4 4 0 1 3 2 5 2
4 2 8 0 2 11 2 5 5 2 3
4 9 9 6 4 7 4 1 6 5 1
2 3 0 1 5 5 6 4 10 5 4
5 1 6 14 6 6 12 16 10 12 13
5 4 5 3 2 3 2 0 2 1 4
10 3 3 8 1 8 5 2 2 4 7
6 6 6 2 1 10 2 3 7 0 3
1 11 6 7 3 6 2 6 3 6 2
4 7 6 10 9 3 7 6 2 4 6
6 4 1 7 21 1 3 4 5 4 7
9 10 1 5 16 8 7 1 4 16 2
3 9 6 12 2 1 6 7 0 4 5
5 7 7 3 6 9 2 0 7 13 1
7 16 1 4 5 10 1 6 17 9 4
8 6 9 3 1 1 4 11 5 1 9
10 2 10 7 4 4 5 5 3 11 7
13 1 11 4 5 18 1 5 10 1 14
1 14 0 1 13 2 8 8 3 4 9
1 6 1 14 5 1 1 16 2 1 3
22 11 2 12 2 4 9 11 6 13 3
10 6 19 13 12 7 20 7 9 10 4
16 4 3 12 1 1 1 6 1 2 7
3 4 0 2 2 9 12 4 9 15 1
10 3 3 3 14 0 5 4 6 0 1
4 2 3 0 2 2 0 4 3 1 6
12 1 0 6 6 27 5 1 19 8 5
4 8 5 2 10 1 3 1 5 2 3
23 4 8 5 14 14 15 3 2 1 11
17 23 13 3 1 8 5 5 15 13 9
20 3 15 1 9 7 4 9 5 6 6
5 0 12 3 20 3 10 10 16 4 18
2 2 8 2 2 11 0 6 2 2 8
19 10 2 20 5 0 6 12 5 4 9
3 1 16 5 18 27 8 6 6 0 9
11 15 15 5 10 1 1 4 19 11 6
2 1 4 10 1 1 2 2 0 4 4
3 3 3 1 1 1 5 7 3 1 3
13 4 4 3 5 6 4 3 3 8 5
11 11 7 1 6 0 10 17 6 4 3
7 11 2 9 10 6 1 2 1 2 4
11 1 4 8 1 2 7 3 8 10 3
3 20 2 18 4 15 2 18 7 4 9
18 10 11 2 1 15 14 6 10 18 12
0 7 2 10 7 5 2 3 10 4 4
2 27 4 12 14 4 1 20 8 2 2
2 1 2 6 1 5 5 0 2 3 3
9 2 7 5 7 6 1 3 9 4 2
7 24 6 7 5 5 0 16 11 12 7
0 2 4 0 7 1 6 1 2 3 4
1 2 11 4 5 2 10 5 20 6 1
2 1 1 1 4 1 0 1 9 4 2
16 7 7 10 12 5 2 6 13 3 4
4 14 10 3 3 14 4 1 2 3 2
1 10 6 5 1 5 2 0 4 3 0
4 2 5 3 0 7 1 3 5 4 5
5 14 3 3 2 3 3 2 0 4 10
2 18 8 9 13 1 1 4 8 12 6
5 5 5 2 8 18 8 10 1 11 9
3 2 5 3 3 3 9 1 2 0 1
6 13 9 2 7 17 10 3 8 0 12
11 6 1 4 2 10 2 5 4 10 17
3 5 2 2 3 1 5 6 4 5 1
1 1 16 0 11 11 0 8 1 5 9
4 8 2 6 9 4 14 13 5 24 9
10 11 3 1 6 5 28 1 9 14 5
6 4 4 1 2 6 3 2 5 1 3
16 10 6 2 3 0 17 13 1 3 8
11 0 6 9 10 3 3 17 0 5 5
7 4 2 11 4 5 4 4 7 8 11
1 14 6 1 2 4 6 7 11 1 10
5 4 7 7 7 16 4 14 12 4 1
0 4 4 4 2 2 3 2 5 0 4
1 7 3 12 4 8 2 13 0 3 11
3 0 4 6 9 10 7 7 13 8 7
8 3 8 3 2 3 1 2 5 2 6
11 8 0 4 13 20 2 17 3 22 3
1 11 3 13 10 2 5 8 2 26 5
0 2 3 5 1 3 5 6 3 4 5
5 3 9 1 0 2 1 0 1 3 1
10 3 7 3 3 14 5 10 1 3 4
0 2 9 2 0 6 8 0 17 20 5
1 8 1 8 4 3 3 2 2 9 5
1 1 3 1 3 3 3 6 5 2 6
13 10 7 3 5 3 5 3 3 1 6
13 0 12 8 2 3 7 15 2 16 3
1 7 9 4 1 3 6 21 4 12 3
3 1 13 7 7 10 7 15 17 8 2
4 3 10 9 3 1 17 7 1 12 18
2 2 3 0 1 5 8 2 6 1 4
4 3 3 1 4 5 3 3 6 2 0
9 0 6 3 7 1 2 10 4 8 3
2 3 9 10 17 0 3 2 6 1 9
11 1 5 13 11 2 4 5 3 2 2
5 14 4 12 2 4 2 2 4 6 5
7 25 1 1 13 16 7 9 6 14 2
4 3 3 4 5 6 4 10 0 13 3
1 6 7 15 6 7 3 5 3 3 13
0 4 3 6 0 5 7 6 0 4 3
9 14 17 10 5 9 5 2 13 2 6
5 0 6 0 3 15 5 21 13 1 3
2 1 3 6 2 5 5 1 7 2 7
3 6 2 2 20 16 9 15 16 15 8
7 1 2 6 2 16 0 11 15 11 3
4 2 2 4 5 4 3 13 9 6 3
1 24 7 1 15 4 1 1 12 7 10
18 1 9 2 5 5 7 17 20 5 3
0 12 2 11 24 5 14 1 2 21 6
2 16 12 1 1 1 2 5 3 8 12
2 2 2 3 0 0 3 5 6 2 5
6 4 5 2 2 12 3 5 1 2 7
6 13 3 2 7 13 6 5 12 2 5
5 1 4 2 2 0 8 4 4 2 5
7 1 1 9 6 3 9 13 0 3 9
3 10 4 9 4 5 0 18 8 18 12
6 1 6 5 11 4 1 7 7 4 2
3 5 6 2 1 5 2 4 3 5 7
0 7 23 5 10 11 4 2 16 3 5
2 1 3 0 7 2 7 1 4 1 2
0 1 1 6 4 4 5 0 3 1 5
11 4 4 15 9 5 3 1 1 4 6
5 6 27 11 8 4 3 5 14 3 10
3 6 4 24 5 4 10 9 5 0 8
2 5 5 10 2 7 3 6 8 1 7
6 4 3 2 1 22 3 5 6 10 5
5 3 8 1 7 7 17 15 2 13 7
1 4 1 6 11 11 0 10 3 4 7
8 3 4 7 0 4 13 4 1 4 18
3 1 1 8 7 2 3 8 15 1 7
9 3 1 4 18 12 15 3 16 1 11
2 15 3 12 5 7 16 10 5 15 11
13 6 4 0 1 13 2 5 4 3 0
1 9 4 0 3 11 11 13 12 1 9
18 15 4 6 17 8 13 16 7 5 1
4 2 4 6 5 3 2 9 7 1 6
4 7 3 7 3 6 3 6 1 2 0
3 7 7 1 6 7 9 6 6 7 2
31 8 6 8 3 2 8 10 11 0 9
7 3 4 8 2 1 8 3 11 8 6
3 6 1 5 2 3 8 0 1 1 0
25 9 9 4 15 14 7 5 7 5 6
19 2 5 4 8 3 6 4 2 9 3
7 1 12 19 13 4 8 6 13 2 0
9 8 1 11 1 8 2 0 13 3 11
10 13 5 13 11 5 11 6 2 1 3
6 4 2 7 1 17 16 4 26 6 12
10 21 2 1 4 2 11 7 9 4 2
8 0 2 6 7 0 2 1 16 5 1
6 1 7 6 7 14 8 3 0 5 4
0 8 5 9 0 2 1 11 7 2 3
11 1 4 8 9 1 3 6 2 8 1
1 4 3 9 1 1 4 4 4 4 0
4 2 0 7 12 0 1 17 2 8 4
2 2 7 3 3 15 9 4 3 2 1
3 5 2 11 15 1 7 1 4 7 6
2 6 6 4 0 5 4 13 0 8 10
1 5 1 1 5 1 2 8 10 14 10
13 13 1 2 6 1 11 9 4 2 8
4 1 4 2 9 4 0 8 1 4 1
13 3 10 4 9 4 1 5 4 8 1
8 9 11 15 1 15 12 14 7 4 3
4 2 6 2 3 3 0 2 4 4 1
2 3 10 4 10 14 28 13 3 9 3
10 5 5 7 30 4 8 14 2 8 2
9 13 7 7 19 8 1 11 13 2 21
12 2 7 4 4 4 8 7 6 16 14
10 3 7 4 3 5 5 6 1 1 0
3 6 34 1 1 3 8 9 13 5 1
8 4 3 14 12 7 3 14 22 8 9
4 4 14 11 18 3 0 7 13 11 15
5 0 4 1 1 10 1 10 5 10 6
7 8 5 2 9 2 3 8 2 8 9
6 6 11 8 9 14 11 3 7 24 7
16 20 3 11 5 14 10 5 3 21 5
21 4 8 12 6 4 17 19 3 7 13
0 4 3 0 1 7 3 3 1 6 4
5 3 1 1 2 4 5 0 0 5 4
3 2 4 9 11 2 0 2 7 5 11
17 3 8 6 0 3 5 18 16 19 3
2 3 4 1 4 5 6 7 13 2 1
1 2 5 1 1 7 2 1 5 7 4
9 4 3 6 1 8 15 1 7 2 11
2 17 3 5 9 1 6 1 2 3 6
12 5 14 2 5 6 16 8 5 3 9
1 2 5 0 5 1 2 6 2 4 1
21 9 15 3 2 2 15 5 3 1 5
11 3 3 4 14 5 2 0 3 3 2
14 13 1 2 7 7 7 19 0 12 1
3 3 5 5 4 1 2 0 0 2 2
15 8 14 3 12 2 7 1 12 18 2
2 11 5 5 3 1 1 2 4 1 1
2 3 12 8 10 5 0 7 7 3 4
2 3 3 5 1 2 7 2 3 0 1
2 5 14 7 7 4 5 9 9 25 1
4 12 3 12 11 2 3 5 3 2 26
3 0 6 8 4 2 2 1 1 1 2
2 2 4 7 2 5 5 4 0 2 3
22 10 7 7 3 3 4 5 6 5 24
3 3 3 10 6 8 22 13 4 20 9
2 1 13 24 1 16 3 1 5 2 12
4 2 3 8 5 2 2 0 1 5 4
7 1 10 13 8 14 13 4 1 11 8
4 2 1 1 6 3 0 3 2 2 3
24 9 2 9 5 1 2 13 4 2 6
3 4 0 9 9 9 11 1 10 19 8
6 4 3 17 10 6 19 0 15 3 16
0 1 5 1 4 4 3 5 2 3 5
5 6 15 4 6 6 8 14 12 12 18
6 13 4 2 6 7 0 2 6 2 6
5 14 5 3 4 2 2 1 4 2 3
5 2 2 1 10 0 0 2 1 3 3
0 4 1 1 5 1 4 3 1 7 4
9 0 2 14 7 1 4 2 0 1 6
4 12 3 3 7 3 1 2 0 9 10
1 10 1 11 15 11 2 3 3 2 8
11 5 1 13 23 4 5 14 0 7 6
4 6 9 0 1 11 8 6 7 19 4
6 10 0 17 8 15 5 10 9 9 18
0 2 2 7 1 2 4 8 0 1 3
3 7 7 20 9 5 0 17 13 2 4
10 1 10 10 0 9 5 6 3 14 4
6 5 12 2 1 7 5 0 5 0 2
10 7 3 3 9 5 1 0 9 18 2
19 12 6 7 3 6 16 4 0 6 3
18 2 1 3 10 2 7 11 2 2 8
2 0 17 10 5 14 8 17 0 5 12
6 9 4 18 14 11 6 8 7 5 2
15 4 4 1 2 6 7 1 7 8 10
1 10 2 6 10 10 2 0 1 1 1
3 3 9 8 1 6 0 6 3 9 3
17 10 2 8 10 2 5 10 6 14 11
5 5 12 1 19 9 2 7 16 10 18
3 6 4 5 8 2 3 2 3 2 0
4 1 2 3 11 1 8 7 1 10 10
1 3 9 15 1 5 7 13 10 23 1
0 1 4 3 9 2 6 2 6 2 5
3 8 17 1 2 4 22 6 8 3 6
12 2 29 7 9 15 4 8 2 3 10
3 3 3 0 1 8 6 4 2 2 2
13 2 2 22 19 2 10 3 13 11 4
5 5 2 1 1 4 5 0 6 1 0
2 1 1 9 4 14 6 0 1 6 11
9 5 5 10 10 7 0 2 6 3 11
1 8 2 4 1 8 8 10 8 2 11
3 1 2 0 7 5 1 1 6 4 4
4 12 7 6 7 2 4 1 7 10 4
8 5 0 2 14 6 17 4 14 1 4
5 3 7 2 1 4 3 1 3 9 5
5 3 8 16 0 16 4 2 7 15 17
7 11 15 4 4 14 7 11 5 6 9
2 1 1 7 3 2 4 5 1 1 2
2 4 5 13 4 14 2 6 3 2 11
0 1 1 2 2 4 3 2 2 7 4
11 2 5 3 9 3 9 6 4 3 9
4 7 4 7 21 10 13 3 14 8 9
2 3 4 8 2 0 0 3 1 2 2
2 18 2 5 1 19 11 8 0 5 2
2 2 3 5 9 1 1 2 1 3 5
2 4 6 6 2 2 2 1 5 9 5
8 8 11 3 9 25 2 10 3 6 3
9 3 4 5 3 5 4 3 1 3 1
13 8 1 5 10 3 1 9 2 2 4
4 11 1 7 2 1 4 21 11 14 25
3 7 0 5 1 3 1 2 6 12 3
2 2 0 13 4 0 9 9 5 7 5
8 1 3 6 8 4 4 9 14 10 9
6 17 17 10 12 6 0 9 19 8 7
7 8 9 4 7 24 7 2 11 7 2
6 0 4 5 3 5 3 1 0 0 2
5 4 0 1 5 0 3 5 3 0 1
11 5 3 2 7 1 1 1 0 4 2
11 1 3 9 3 9 2 1 4 8 8
8 0 13 5 9 2 3 4 10 10 0
6 7 9 1 3 3 4 1 4 7 5
2 6 1 4 2 2 6 4 7 6 2
7 1 18 3 15 5 13 15 13 7 2
2 3 8 1 11 4 1 7 10 10 7
15 11 10 8 3 2 5 11 2 1 4
0 1 5 3 4 11 5 5 3 2 3
4 6 8 12 17 3 22 1 2 11 11
6 10 9 4 21 1 2 5 7 9 5
1 2 3 1 1 12 1 2 1 3 8
8 8 5 1 7 3 6 11 6 5 7
8 2 12 7 3 9 5 17 3 27 3
2 1 0 6 6 16 2 4 2 9 1
3 5 3 6 4 2 0 1 3 0 5
3 7 0 3 5 7 5 3 19 10 4
2 1 8 3 7 25 7 4 6 6 3
5 0 6 0 2 1 1 4 7 4 6
5 4 9 1 2 2 1 5 7 2 3
4 2 4 2 4 2 0 7 5 7 5
6 9 14 10 10 16 17 9 5 4 13
4 6 2 2 6 1 3 4 7 0 2
20 4 5 8 9 9 8 7 4 23 8
1 4 2 17 13 9 12 19 7 10 3
2 1 4 5 5 2 2 1 3 8 1
1 5 1 8 1 6 7 5 15 3 4
16 15 3 19 4 13 6 1 11 8 7
7 9 12 6 4 11 14 1 9 13 6
1 6 4 13 2 24 13 4 0 2 7
3 5 2 1 0 2 11 3 10 0 0
3 10 25 2 2 3 1 16 7 13 0
4 2 7 6 2 0 4 4 2 0 1
9 5 16 3 2 4 11 6 12 10 21
6 4 8 1 14 10 2 1 13 7 3
5 6 7 3 8 8 2 4 1 1 0
0 1 8 10 9 12 2 6 19 4 5
2 15 11 12 8 18 7 3 6 2 5
9 10 8 0 3 7 5 1 1 10 11
9 9 3 5 4 5 0 1 7 15 1
5 4 7 2 2 1 2 7 5 1 4
6 5 1 2 1 0 5 4 4 0 5
2 1 4 2 3 3 4 7 6 4 1
6 27 13 12 7 6 3 6 12 10 3
12 24 4 10 4 1 3 11 14 5 12
5 5 7 1 4 0 1 5 6 1 4
3 10 0 3 10 11 11 5 16 5 8
5 6 2 1 5 5 8 3 6 3 4
3 2 8 9 16 5 9 2 11 1 4
2 1 7 3 5 3 4 0 4 3 4
1 9 4 3 5 11 2 4 6 7 5
10 7 1 10 7 3 9 7 12 0 12
15 10 6 6 6 2 2 10 6 0 9
10 9 3 1 4 5 6 5 1 15 7
2 22 0 3 5 23 12 2 9 14 8
4 2 8 0 11 2 2 15 6 4 4
2 3 2 15 1 4 0 4 9 0 7
4 0 8 4 1 2 4 4 2 1 1
1 10 6 11 6 3 4 10 7 6 4
4 6 2 1 8 4 2 2 1 1 4
5 3 4 5 4 5 1 15 24 0 24
8 10 16 8 7 4 17 5 6 10 19
5 15 15 4 8 7 3 4 12 5 9
2 0 18 1 4 12 1 8 6 2 9
6 9 15 1 6 9 13 2 1 3 2
12 1 5 12 10 11 2 22 2 18 0
2 2 6 2 2 2 2 0 5 3 1
22 5 7 5 3 11 12 13 6 4 4
15 7 10 1 11 2 6 13 0 13 12
5 5 11 14 1 3 0 0 2 1 4
5 5 1 8 2 12 9 4 6 2 1
2 24 19 2 7 2 0 17 4 5 14
3 3 1 1 1 0 1 3 2 7 5
0 3 4 5 1 2 0 1 8 3 5
5 2 7 5 5 3 22 10 1 17 2
1 4 2 5 2 6 6 5 17 2 4
7 3 10 6 5 6 6 1 5 3 1
2 1 3 6 1 0 2 7 7 5 1
9 9 14 19 15 2 14 1 9 11 9
11 10 11 2 5 8 2 2 2 0 7
13 1 0 2 7 12 1 5 3 13 4
2 0 3 4 12 8 21 2 5 5 2
9 4 1 17 4 11 20 12 2 7 13
4 0 1 3 3 3 5 7 1 1 6
4 8 4 13 4 11 2 1 10 7 1
14 1 5 11 4 1 1 12 23 0 11
7 11 5 4 11 7 1 2 17 4 11
14 17 3 8 3 7 0 2 20 1 11
4 3 0 7 1 3 2 0 2 1 5
11 18 10 7 2 7 5 6 5 17 2
10 12 3 10 4 18 5 16 8 2 5
5 8 4 2 3 4 15 2 9 2 1
3 2 3 15 5 9 12 8 5 18 1
5 5 13 3 1 1 4 0 5 10 0
8 9 16 12 5 11 8 8 12 10 2
4 11 4 3 1 1 1 14 4 0 3
10 8 8 15 2 2 6 7 13 12 7
9 9 14 7 4 15 16 2 1 24 8
0 0 5 1 3 5 8 1 0 2 4
6 7 17 6 4 17 2 10 15 15 8
7 7 2 1 3 5 4 8 10 0 1
11 1 10 1 13 6 7 0 8 19 5
2 5 21 15 1 20 9 1 17 4 3
4 15 6 7 8 14 5 14 18 7 11
24 2 8 1 9 5 5 4 3 19 21
10 0 6 14 15 9 12 7 3 3 9
0 4 3 2 4 7 5 8 7 8 2
17 1 4 2 7 7 0 11 6 20 4
4 8 7 3 6 8 16 1 8 14 4
7 24 10 4 0 0 7 10 18 4 8
1 0 0 1 7 1 5 1 6 0 5
12 4 7 17 6 0 2 5 6 14 0
5 2 3 2 16 4 4 19 4 4 4
2 0 6 2 3 3 5 0 2 5 6
1 12 10 5 8 13 6 1 20 4 2
3 0 5 2 2 11 3 3 2 6 1
4 7 6 1 6 0 17 1 13 2 2
1 2 12 7 0 3 6 4 2 1 10
7 4 23 3 3 6 0 5 3 11 17
1 5 4 1 4 0 6 1 2 0 8
13 5 13 16 3 23 8 11 10 4 12
6 8 5 16 13 7 7 7 1 1 2
19 8 10 6 8 2 5 6 2 2 11
12 5 4 5 1 9 2 1 1 1 0
11 11 1 1 20 12 17 17 6 3 3
6 1 18 11 9 5 8 3 12 9 7
9 5 7 4 16 7 1 6 0 14 15
3 15 3 14 10 1 2 11 9 2 7
1 8 3 4 1 8 2 8 3 2 6
3 6 6 3 1 3 0 3 2 5 5
2 5 0 0 6 2 3 5 4 1 4
2 4 3 0 0 2 1 6 2 11 12
7 1 19 1 12 11 7 2 0 10 20
3 1 2 2 2 6 8 11 2 2 2
2 16 6 12 0 9 4 10 4 14 7
1 4 0 4 1 6 1 2 0 7 0
11 12 12 9 20 5 18 7 8 2 13
7 7 1 8 1 0 2 4 6 7 4
4 5 1 18 5 1 15 3 0 5 4
4 8 3 2 13 5 9 2 6 2 7
18 11 12 7 3 5 2 19 20 4 3
2 5 3 5 4 2 3 5 3 0 2
12 15 25 5 5 18 8 3 11 5 1
6 9 5 7 0 11 3 4 0 2 4
5 4 6 11 1 3 4 2 3 9 9
1 12 13 12 1 2 2 9 9 6 2
1 4 4 16 6 3 5 5 5 14 9
11 2 0 0 0 23 4 4 12 7 10
4 11 10 10 1 7 5 5 1 1 16
11 10 11 3 9 1 5 9 4 11 6
15 18 9 11 3 10 3 0 3 6 10
1 22 3 4 0 4 4 10 11 10 0
1 11 3 8 4 7 0 13 9 0 3
4 1 1 8 1 4 8 6 8 15 1
1 19 3 8 6 20 1 9 11 11 6
8 12 15 5 11 12 4 0 18 8 4
1 8 9 13 11 9 5 2 9 3 13
5 2 4 4 8 3 7 4 0 5 4
8 4 4 11 8 0 11 11 4 7 9
9 6 13 12 4 4 6 11 22 4 11
5 4 8 9 5 19 1 24 2 7 16
14 5 0 8 1 7 6 1 6 2 8
13 2 7 6 17 11 6 9 0 15 8
7 0 14 5 4 11 9 11 4 7 4
7 6 1 14 4 4 2 3 6 9 7
2 5 5 6 5 1 0 5 4 0 4
2 7 6 4 0 3 1 2 2 1 4
1 0 2 10 5 1 1 3 2 4 6
8 3 6 1 3 5 3 1 1 5 3
1 9 2 6 5 1 3 4 0 7 2
2 13 9 5 11 7 5 19 1 13 2
1 7 1 4 3 1 4 8 4 4 6
3 4 12 17 7 3 5 4 0 0 1
7 1 6 5 4 5 1 1 7 3 3
30 6 1 6 8 4 3 1 4 7 0
12 4 14 5 13 9 7 15 11 6 15
2 1 11 4 4 2 1 1 4 8 8
6 3 2 15 2 4 1 17 1 15 4
10 6 9 18 5 15 4 15 4 15 7
5 1 15 6 6 19 8 11 2 8 3
8 3 2 6 4 15 2 2 2 12 2
6 8 2 12 5 8 8 5 22 10 2
24 2 11 9 7 8 16 10 8 3 12
1 3 6 7 7 5 7 8 3 7 11
2 2 7 12 10 15 7 8 4 11 3
5 2 6 5 2 9 7 0 2 1 2
17 13 11 2 10 9 1 1 10 3 9
6 10 8 7 12 8 0 8 6 22 10
5 3 5 5 3 5 8 4 1 2 2
7 1 2 0 5 2 6 1 6 9 3
5 6 7 27 2 11 1 13 0 2 7
20 8 0 18 6 0 4 12 17 9 9
7 9 19 3 9 7 7 6 3 19 4
3 6 8 2 0 1 10 4 13 9 3
7 2 4 15 5 7 1 12 20 3 21
0 12 2 12 3 1 15 1 1 8 3
2 8 0 1 1 0 1 4 4 6 4
11 3 1 2 2 1 2 2 1 6 3
2 1 3 3 5 6 2 1 8 1 4
3 8 11 4 2 4 7 4 12 2 10
1 5 22 0 0 3 1 14 4 4 7
2 2 7 0 2 3 6 2 0 1 1
5 12 21 4 4 18 8 10 1 8 8
13 3 2 2 16 6 6 5 25 4 10
1 3 8 1 7 1 6 4 7 2 4
20 6 4 5 1 20 18 1 15 10 7
6 5 2 5 6 4 1 2 1 4 3
1 1 0 6 1 4 6 2 3 1 4
13 16 11 4 16 1 17 16 1 1 8
16 4 5 1 11 2 3 3 12 21 8
1 5 7 8 4 9 0 13 9 4 7
0 4 0 4 7 10 3 12 7 3 12
2 17 3 9 10 7 2 22 9 17 9
8 5 5 9 8 9 3 9 3 5 10
10 9 9 9 3 4 2 1 4 2 1
0 9 8 2 5 10 5 8 28 2 1
1 2 0 5 6 3 3 6 2 1 11
3 9 10 6 1 5 3 0 1 6 5
6 5 5 5 4 1 5 4 10 4 10
6 9 2 1 0 11 11 4 9 5 4
13 5 11 5 8 3 8 22 10 8 9
10 2 3 2 8 19 18 1 2 9 7
2 3 2 1 7 2 4 6 2 0 3
9 2 8 2 9 20 7 12 2 17 2
12 8 13 3 3 0 5 6 9 7 12
7 5 10 4 6 13 8 9 7 12 10
5 1 7 1 6 1 4 2 4 8 2
17 4 8 3 3 19 9 1 21 10 0
2 3 3 8 2 8 11 2 0 3 0
18 1 4 11 22 4 9 11 13 3 8
2 2 4 2 1 1 7 1 3 0 5
0 5 1 12 14 2 4 5 0 3 5
2 6 2 0 0 2 7 3 4 2 7
6 17 10 1 3 3 7 6 14 2 9
1 3 8 4 2 0 2 6 1 3 1
0 5 5 1 8 13 7 5 1 7 12
9 3 2 4 9 8 6 5 5 7 1
6 9 11 2 4 14 2 20 9 10 2
6 7 9 13 2 6 15 15 10 15 8
4 8 10 11 2 17 9 14 8 0 17
7 5 8 3 6 1 0 7 7 5 7
5 6 0 23 5 13 9 11 9 5 2
1 3 9 4 5 4 3 2 3 7 3
2 12 2 1 31 7 0 12 2 10 5
12 7 1 19 4 5 2 0 3 14 11
12 1 15 9 1 6 21 15 9 4 9
2 18 4 9 11 9 9 12 4 13 19
4 7 5 7 2 2 1 4 2 2 2
4 11 11 10 16 15 14 2 6 21 4
0 3 1 8 8 5 13 12 3 6 2
6 1 2 1 1 2 6 6 2 1 4
9 0 6 4 10 13 5 7 1 3 5
0 12 0 0 10 5 8 4 14 12 1
11 6 8 2 9 8 2 0 9 8 4
12 1 2 9 1 10 9 5 10 7 5
1 8 5 2 6 14 1 4 5 1 5
5 9 7 7 6 8 1 2 1 10 7
3 4 1 5 1 5 18 3 13 7 5
2 6 2 9 5 6 17 3 6 10 1
1 4 1 6 5 5 4 0 7 1 6
13 3 11 11 12 0 2 24 5 15 2
4 9 2 10 10 10 1 14 7 10 4
1 2 6 2 4 3 4 5 2 14 8
1 4 2 2 2 5 3 4 10 4 7
9 10 14 4 11 10 7 5 2 17 16
12 1 14 5 17 2 5 10 12 1 10
1 7 1 3 0 5 1 4 3 2 5
3 2 1 3 3 6 0 4 2 5 2
13 15 17 7 7 7 4 2 20 3 1
0 5 4 3 8 4 1 7 6 3 0
4 7 7 5 10 11 6 6 7 3 8
3 2 10 12 2 15 5 1 7 5 8
0 5 6 7 9 3 0 18 12 1 11
1 5 1 9 0 1 3 6 2 4 3
11 13 2 6 12 13 7 18 2 4 11
2 2 2 2 2 2 3 6 10 1 5
3 12 1 4 15 17 19 5 4 7 11
15 19 0 5 13 7 6 2 3 12 0
2 4 23 6 6 2 5 7 1 6 10
15 5 22 1 11 12 2 3 8 11 3
1 1 4 7 8 2 6 9 8 7 1
0 11 0 8 4 6 4 5 6 1 1
6 5 6 20 5 9 6 18 12 1 13
7 2 13 6 7 2 3 9 2 5 6
7 1 13 8 16 1 19 16 14 11 10
4 12 2 13 3 5 3 2 1 17 0
9 1 1 8 2 9 5 1 4 5 11
15 7 2 6 3 13 7 18 8 18 11
4 1 4 6 2 4 8 3 0 4 1
2 12 7 2 7 3 1 8 3 7 0
2 8 1 5 1 4 0 0 6 1 4
13 3 13 3 11 5 7 7 5 13 0
5 1 7 4 0 0 5 0 3 8 9
8 4 0 5 2 6 2 8 9 14 7
10 8 7 9 10 17 5 2 10 2 7
11 5 4 1 7 9 1 5 6 7 4
4 9 5 3 5 2 2 7 3 5 1
0 9 3 15 3 10 2 0 2 2 3
16 4 24 10 7 3 12 1 1 6 0
4 5 17 0 11 1 7 3 13 8 14
5 1 12 8 4 0 8 1 19 18 22
10 0 9 5 16 0 5 3 5 4 5
5 1 4 1 4 8 2 3 2 1 4
3 20 5 3 5 11 10 12 13 6 12
6 0 9 2 6 2 19 14 8 5 2
6 0 11 3 16 13 3 9 5 6 16
4 3 2 1 4 4 5 5 10 2 2
2 6 4 2 10 3 1 9 20 7 2
9 3 3 7 11 6 18 5 12 4 12
1 4 2 1 7 15 0 2 0 0 2
1 14 9 10 16 1 1 10 2 1 2
1 5 5 6 3 23 16 5 0 7 10
2 12 6 3 8 5 6 4 1 9 8
9 3 17 6 10 6 14 11 11 9 14
4 4 2 12 7 2 8 2 17 2 5
3 2 1 5 0 3 4 3 2 4 5
5 7 13 8 15 6 2 3 7 3 6
5 12 11 6 16 8 15 8 17 6 6
6 1 2 4 5 2 8 2 1 4 4
7 1 2 0 0 7 6 1 4 13 1
3 1 7 1 3 6 3 7 1 2 1
21 3 3 12 3 9 10 18 7 0 4
12 9 1 3 13 4 5 6 10 1 5
0 9 3 3 1 14 5 9 3 3 6
3 1 8 19 2 13 6 6 5 0 4
2 3 2 14 0 1 14 14 11 1 0
5 4 3 0 3 1 7 3 3 0 2
1 6 9 1 17 1 4 1 3 8 10
2 0 6 3 4 9 9 5 3 22 7
3 6 3 3 4 2 5 3 11 1 5
8 3 8 5 1 3 2 7 2 5 4
0 8 3 4 1 6 3 3 5 3 3
12 1 3 11 1 3 6 12 10 5 9
21 4 1 12 7 10 11 14 3 9 1
5 9 9 0 17 1 8 1 15 9 3
9 1 13 18 21 10 7 5 13 5 2
0 0 10 3 2 2 9 3 3 1 3
4 11 6 5 2 5 0 2 9 5 2
12 5 10 3 4 1 2 2 0 2 4
5 4 5 12 4 6 0 8 10 7 5
8 4 1 2 1 3 0 5 6 2 1
8 5 22 8 10 12 3 7 3 9 9
5 9 11 4 11 9 1 2 7 6 10
1 7 1 5 1 5 4 1 7 1 2
4 3 2 3 3 4 6 2 5 1 6
7 17 5 12 5 13 2 6 6 10 1
4 24 3 10 4 10 0 21 1 17 4
6 7 4 4 1 3 7 1 15 4 0
3 22 5 12 12 5 3 6 2 15 1
9 10 1 2 6 3 4 1 4 4 8
9 21 1 6 1 4 7 9 11 13 7
2 2 0 9 4 0 1 1 4 3 1
12 16 8 2 22 5 6 12 1 2 8
9 14 6 2 12 8 6 11 4 3 1
1 2 4 13 8 6 6 7 12 3 5
5 5 7 14 3 7 13 16 2 15 5
1 3 2 4 2 3 0 0 0 0 8
9 15 2 12 2 4 4 1 3 17 1
9 1 3 8 6 5 4 8 1 2 9
9 3 12 2 16 19 14 4 5 15 7
10 5 8 3 5 8 6 3 3 0 10
15 4 9 18 14 5 14 3 14 5 11
5 6 1 3 6 8 3 2 15 4 13
8 2 8 10 9 2 12 13 1 26 2
3 5 5 5 0 3 5 4 2 1 2
9 5 0 2 3 22 3 1 8 5 1
7 1 15 4 6 18 0 14 15 6 9
1 3 3 1 0 0 5 9 9 4 4
1 9 6 7 3 2 1 3 8 1 8
5 13 4 14 8 16 2 1 17 2 12
20 11 7 12 13 12 3 9 1 0 9
2 5 5 3 5 4 3 3 4 0 3
3 2 5 4 3 5 8 2 1 4 5
2 4 1 4 5 8 1 3 5 9 3
21 10 13 14 11 2 2 4 11 2 7
5 4 9 14 11 2 10 1 7 5 4
23 12 13 12 1 1 3 22 4 1 4
2 11 5 2 10 9 17 10 3 3 2
1 17 17 2 9 8 0 10 17 2 3
3 7 17 18 9 5 2 2 11 4 3
17 18 8 7 17 5 7 0 3 2 16
3 2 9 2 11 5 13 3 3 15 6
6 9 9 11 6 0 2 12 6 1 3
6 13 7 2 7 7 2 4 7 3 6
1 4 1 3 0 7 2 11 0 7 0
0 17 1 5 5 4 13 11 6 7 23
10 3 14 1 1 2 1 6 4 8 7
3 4 1 8 1 5 1 3 4 0 2
9 14 6 19 4 14 9 4 12 6 9
4 5 3 1 6 9 1 8 8 3 1
8 7 7 7 4 9 5 1 0 7 0
10 6 0 2 0 1 1 2 7 10 9
8 7 10 4 4 1 10 2 14 3 7
11 1 3 8 7 12 19 12 20 1 4
13 2 4 3 1 5 1 5 9 1 4
3 5 4 12 7 3 16 7 9 2 1
0 11 10 2 4 14 11 11 2 5 6
7 2 2 5 2 9 10 6 5 1 7
1 4 0 1 5 8 3 3 1 5 5
5 14 4 10 5 13 0 11 2 1 19
7 6 6 6 21 3 19 1 17 10 16
16 2 8 10 7 19 11 7 12 0 8
4 1 4 9 8 2 5 9 22 2 5
5 9 2 1 3 5 8 4 10 1 0
2 1 10 4 5 4 7 4 7 11 9
8 3 4 4 0 12 9 12 7 1 6
6 18 2 3 16 9 0 15 1 9 8
5 9 4 7 1 9 5 13 8 11 4
7 8 11 24 0 7 2 2 5 10 7
4 12 7 2 1 3 14 2 6 6 3
4 5 7 8 11 6 3 4 9 7 9
12 2 3 18 4 1 7 1 17 4 15
0 2 6 6 7 15 2 2 0 7 4
4 3 8 0 23 17 15 4 6 13 13
2 0 2 3 2 7 2 2 5 2 3
7 1 3 4 2 0 8 3 4 4 6
12 3 10 9 2 7 8 3 15 1 14
1 2 9 5 15 5 8 4 5 2 1
3 6 2 0 4 0 4 3 1 1 5
7 5 5 5 3 1 1 1 0 2 2
7 2 1 12 0 3 4 6 5 9 2
1 5 7 1 1 4 2 4 10 8 10
19 0 6 4 2 5 4 24 15 13 11
5 1 8 6 3 2 0 10 11 9 5
2 3 2 3 0 0 3 3 0 3 8
6 7 5 1 6 3 0 2 15 5 12
5 3 5 5 1 4 3 4 3 7 2
7 2 7 3 5 2 1 1 5 5 1
5 4 3 12 6 17 7 14 2 21 8
1 9 13 4 3 7 8 8 14 6 7
23 7 19 13 10 11 5 0 2 9 3
6 9 12 2 17 12 5 13 1 11 7
6 3 8 0 18 5 2 2 11 7 14
3 7 2 3 1 6 5 11 10 4 0
8 1 1 2 12 3 15 6 6 9 1
10 3 8 9 13 11 1 14 13 6 2
3 5 5 25 4 9 2 14 3 17 0
8 2 5 2 4 1 1 3 0 1 2
1 1 2 0 0 1 8 2 5 1 0
9 11 17 1 2 6 10 8 11 1 6
9 13 1 1 20 5 10 7 2 4 25
4 8 3 0 4 4 9 1 5 2 10
1 0 2 5 7 5 5 10 6 2 4
11 3 3 4 2 10 3 9 8 7 2
0 14 8 14 4 3 6 8 2 4 4
6 11 5 5 0 4 5 13 15 3 3
4 0 9 4 0 1 1 4 3 0 5
10 12 15 13 0 10 12 18 15 3 5
8 10 4 5 12 5 0 23 17 1 13
1 0 8 3 5 4 4 2 1 6 10
5 5 1 11 13 3 1 1 12 8 5
13 4 13 14 3 2 26 7 12 8 2
0 5 2 4 4 1 2 0 5 3 1
13 9 5 3 1 6 4 7 1 6 8
2 8 1 15 2 13 0 5 1 3 17
0 6 1 8 3 8 7 2 4 4 5
10 15 4 6 14 14 5 2 8 3 16
0 4 3 6 1 1 2 4 4 4 5
5 18 18 15 0 2 3 1 0 1 8
0 4 8 3 6 2 7 3 4 5 1
4 9 9 10 11 9 1 8 19 14 4
5 3 0 12 6 5 4 3 3 3 8
1 3 1 2 4 0 12 5 9 1 6
2 2 2 5 2 2 5 7 1 2 2
12 4 8 1 14 2 1 7 4 9 4
12 5 13 8 3 5 6 1 2 4 4
19 6 7 12 0 2 3 6 10 23 2
6 11 4 5 7 2 0 5 6 3 4
3 6 1 2 9 6 7 6 2 6 6
0 1 3 6 2 15 7 8 5 4 12
2 4 0 0 7 2 2 10 8 3 4
1 1 3 4 5 1 2 1 1 6 7
1 7 4 4 4 5 2 2 3 4 3
4 2 10 5 3 0 3 13 7 3 2
1 0 0 3 1 6 4 4 5 1 2
0 1 4 3 3 1 1 0 1 5 6
2 7 6 7 0 1 5 4 12 7 4
7 11 4 9 3 3 13 12 1 7 10
4 5 16 10 5 9 2 11 1 6 6
9 4 5 11 2 1 3 18 4 4 20
0 7 4 1 1 2 3 2 5 0 2
5 4 3 0 4 2 2 4 4 2 6
14 9 1 11 3 13 1 3 2 5 3
2 8 14 10 10 7 11 11 10 0 2
2 1 5 5 1 2 9 5 1 0 4
11 5 14 3 4 4 5 5 3 0 12
1 8 20 1 1 2 2 1 6 8 15
0 4 7 2 1 2 11 5 2 3 1
9 8 9 2 6 0 13 3 4 2 7
6 3 1 9 3 3 6 3 6 3 2
4 3 10 6 13 8 3 19 9 15 12
13 6 17 1 4 10 1 19 5 4 1
4 2 0 21 11 8 7 0 10 4 15
6 9 9 18 6 2 11 27 7 1 4
5 14 2 3 1 7 8 24 4 9 13
1 6 5 0 9 4 5 9 1 1 1
1 11 2 0 10 4 2 0 9 2 8
4 8 6 18 9 1 1 5 11 4 5
1 4 3 7 10 1 7 3 7 9 18
2 10 2 2 4 7 1 11 11 2 1
14 11 3 13 11 7 9 1 3 10 10
8 6 5 5 4 1 1 3 2 7 2
11 5 1 0 9 1 6 7 5 4 8
2 19 5 16 14 7 16 6 7 10 13
15 11 10 6 9 9 6 8 17 1 11
12 6 3 11 27 8 3 11 7 2 17
11 15 10 0 8 2 8 8 11 0 14
2 7 1 17 10 18 2 9 2 0 10
1 1 3 1 9 0 9 2 0 1 3
3 3 14 29 4 5 2 17 10 5 1
15 8 3 8 10 25 3 9 5 2 4
4 11 7 5 4 3 2 5 8 2 7
7 9 15 5 2 9 5 9 2 10 7
12 3 6 13 5 10 8 2 1 5 1
1 6 4 10 12 5 14 5 2 7 16
1 1 5 1 3 2 1 6 6 3 4
1 4 2 3 2 4 1 6 7 8 0
8 6 6 2 1 14 6 6 6 12 4
10 7 14 13 9 4 8 16 3 1 1
13 4 6 10 11 3 7 18 7 4 2
4 11 13 11 15 7 2 10 6 9 1
3 0 2 2 9 0 10 9 3 7 0
0 6 0 3 9 0 1 3 1 18 15
11 6 21 1 6 12 0 3 13 2 4
7 7 7 7 3 2 8 4 5 1 12
3 2 0 4 2 3 5 2 5 4 5
3 1 5 6 3 3 1 7 9 2 0
8 4 4 19 9 3 3 12 11 4 13
1 6 1 13 4 4 5 1 1 2 16
5 2 4 10 4 9 3 7 14 1 15
2 1 1 3 3 7 0 0 7 5 6
1 3 3 5 3 4 2 5 1 7 8
15 7 4 8 23 5 14 4 2 6 15
3 6 9 9 8 18 4 11 5 1 13
3 9 4 9 18 4 15 8 13 2 15
9 8 2 17 4 1 8 3 13 19 19
1 9 0 2 16 0 7 0 8 16 3
10 7 4 5 2 0 6 2 1 8 10
0 5 2 7 2 3 1 0 1 4 2
12 0 17 4 11 14 2 16 2 3 3
9 5 22 19 8 16 4 4 4 3 1
0 15 17 6 8 7 8 5 3 15 0
10 2 7 4 9 16 3 10 11 21 7
1 1 9 5 5 9 5 12 6 5 1
8 18 8 6 11 13 0 2 1 3 2
5 3 2 1 5 3 4 4 2 1 7
8 4 8 11 4 9 2 0 4 8 2
0 5 11 8 5 3 3 3 5 3 1
13 7 9 0 16 3 6 9 1 1 2
0 1 9 4 3 0 2 2 3 3 6
1 10 2 15 2 10 5 1 13 3 7
5 19 13 11 11 2 4 8 6 19 14
1 6 10 10 4 16 1 1 11 10 5
1 1 2 4 0 5 1 6 1 2 7
7 11 2 14 0 10 3 0 3 3 8
19 11 0 5 9 12 26 6 4 7 6
8 9 1 1 0 16 0 6 2 5 4
1 7 0 4 13 0 7 5 4 0 3
5 0 6 1 3 2 2 4 2 1 3
4 3 5 7 6 4 3 3 4 2 1
6 7 8 13 1 11 12 9 1 15 3
2 2 2 7 9 7 4 5 5 3 3
27 1 3 5 11 6 22 1 5 3 5
4 0 9 6 8 6 3 3 7 1 11
17 8 4 6 3 0 4 2 21 8 4
2 6 3 1 8 3 3 2 2 6 6
2 9 10 4 4 1 3 8 13 2 5
7 4 7 18 20 11 15 6 1 4 4
1 4 6 0 5 4 8 0 5 2 3
23 1 6 7 1 6 7 0 5 7 24
2 11 2 4 7 5 6 6 3 3 5
3 9 13 8 4 3 21 14 0 8 1
6 3 15 11 13 4 9 2 13 7 11
3 2 1 10 2 4 8 6 2 2 6
6 4 1 9 1 10 7 3 2 4 2
3 13 6 4 7 0 1 7 1 1 4
3 5 1 1 0 1 6 7 2 5 2
4 1 11 8 2 2 5 8 6 4 4
11 0 13 6 5 11 4 3 6 21 5
6 4 1 3 4 2 4 3 1 1 4
12 10 0 5 4 3 3 12 9 2 1
6 7 5 1 8 1 2 5 7 0 4
15 1 1 4 1 8 4 2 13 8 15
20 9 17 8 10 2 5 25 4 1 4
4 1 5 4 3 4 4 1 2 3 2
4 15 7 6 10 11 4 14 16 7 7
2 7 2 8 5 8 3 5 25 6 11
3 8 5 5 10 4 10 4 4 5 14
5 0 3 1 1 0 1 7 2 0 7
13 3 5 8 12 0 11 1 1 5 4
7 15 3 14 5 4 4 16 6 19 1
18 4 14 9 6 0 2 21 6 15 1
1 5 2 10 1 1 5 2 1 2 3
1 1 6 7 5 2 1 7 3 2 1
1 4
1 101
2 17
2 47
2 58
2 70
2 81
2 86
3 11
3 34
3 37
3 41
3 96
4 54
4 61
5 64
6 40
6 69
6 104
7 19
7 22
7 27
7 41
7 49
8 29
8 30
8 87
8 101
8 107
9 103
11 53
11 95
11 97
12 73
12 78
12 80
12 107
13 111
14 15
14 71
14 95
14 105
14 107
15 34
15 52
16 65
17 87
17 101
18 20
18 25
18 109
19 60
20 23
20 63
20 86
21 74
21 85
21 115
22 24
22 27
22 62
22 97
23 117
23 121
24 58
24 70
24 88
24 99
25 49
25 69
25 71
25 83
26 31
26 60
26 95
27 79
27 81
27 126
28 49
28 76
28 82
29 45
29 67
29 68
29 78
29 83
29 120
30 68
30 84
30 119
31 65
31 88
32 58
32 76
33 104
33 109
34 59
34 63
34 88
34 132
35 38
35 78
35 123
35 130
35 133
36 50
36 72
36 89
36 97
36 115
36 120
37 52
37 72
37 78
38 90
38 120
38 127
39 116
39 121
39 123
41 58
42 90
44 53
44 78
44 82
44 121
44 130
45 90
45 104
46 140
47 123
48 54
48 117
49 68
49 121
50 119
50 148
51 73
51 124
52 61
52 75
52 76
52 81
53 118
53 127
53 129
54 84
54 102
54 138
54 139
55 116
55 131
56 76
56 83
57 130
58 78
58 92
58 100
58 103
58 107
58 116
58 156
59 135
60 99
60 151
60 154
61 101
61 132
61 137
61 140
62 97
62 149
63 145
64 66
64 105
64 134
64 142
64 159
65 113
65 124
65 148
65 162
66 83
66 98
67 75
67 82
67 88
67 154
68 104
68 114
68 163
69 71
69 147
70 82
70 151
71 92
71 147
71 148
72 107
72 120
72 124
72 156
73 99
73 113
73 159
74 122
74 130
74 134
75 101
75 146
75 172
77 122
78 84
78 129
78 154
79 114
79 131
80 123
80 145
81 114
81 130
82 116
82 175
83 97
83 136
83 155
83 173
84 89
84 93
84 117
84 122
84 134
84 155
85 87
85 101
86 123
86 134
86 142
86 184
87 102
87 107
87 115
87 136
88 125
89 104
89 130
90 95
90 100
90 123
90 175
90 179
90 183
91 115
91 161
92 138
92 164
93 124
93 149
94 127
94 166
94 184
95 116
95 154
96 116
97 106
97 116
97 183
98 124
98 191
99 146
99 166
99 176
100 151
100 166
100 175
100 187
101 117
101 123
101 159
102 153
102 165
102 172
102 185
103 108
103 144
103 183
103 187
104 125
104 156
105 109
105 138
105 171
105 175
105 191
106 154
106 159
106 181
107 140
107 166
107 174
107 204
108 153
108 179
110 136
110 155
110 158
110 181
110 202
110 207
111 128
112 133
112 152
112 159
112 201
113 134
113 137
113 146
113 154
113 194
113 209
114 118
114 171
114 188
115 215
116 139
116 147
116 197
116 200
118 138
118 157
118 162
119 130
119 145
119 179
119 195
119 200
119 207
119 214
120 148
121 124
121 131
121 149
121 184
123 129
123 142
123 177
123 218
124 153
124 222
125 188
127 139
127 145
127 186
127 193
127 216
127 217
127 219
128 134
128 136
128 159
128 210
128 213
128 215
128 219
129 142
129 155
129 162
129 165
129 168
129 186
129 192
129 197
129 207
129 228
130 134
130 151
130 152
130 155
130 209
130 224
131 137
132 158
132 213
133 154
133 184
133 211
133 218
133 233
134 147
134 165
134 177
134 188
134 197
134 203
134 212
135 144
135 199
135 225
136 168
136 173
136 177
136 201
139 168
140 190
140 220
140 228
141 214
142 162
142 163
143 167
143 243
144 151
144 176
144 184
144 188
144 223
144 225
145 222
145 223
146 151
146 168
146 207
147 180
147 197
147 240
148 152
148 158
148 162
148 171
148 188
148 199
149 166
149 199
149 231
151 181
151 212
152 156
152 197
152 207
152 208
153 189
153 190
153 203
153 210
153 230
154 207
154 246
155 160
155 226
156 157
156 158
156 169
156 212
157 170
157 222
157 243
157 252
158 163
158 173
158 238
159 258
160 183
161 197
161 205
161 216
161 247
162 165
162 175
162 229
162 230
162 242
163 187
163 216
164 165
164 236
164 239
164 241
165 178
165 180
165 202
165 215
165 218
165 223
166 208
166 214
166 226
166 231
166 235
167 218
168 180
168 193
168 236
168 239
168 242
169 217
171 177
171 199
171 208
171 237
171 241
172 201
172 241
172 265
174 273
175 177
175 220
175 229
176 200
176 210
176 215
176 222
176 241
177 203
177 206
177 215
177 221
178 189
178 213
178 223
179 210
180 237
180 265
180 268
181 210
181 256
181 276
182 197
182 212
182 279
183 198
183 235
184 199
184 205
184 257
184 270
185 208
185 219
185 221
185 270
186 193
186 207
186 259
187 212
187 277
188 193
188 208
188 266
189 211
189 250
190 254
191 215
192 215
192 223
193 203
194 218
194 281
194 293
195 274
195 293
196 235
196 296
198 235
199 231
199 256
199 264
199 287
199 295
200 213
200 247
200 294
201 218
201 221
201 223
201 229
201 243
202 235
203 252
203 254
204 224
204 236
204 265
204 281
205 223
205 243
205 268
206 235
206 259
206 276
207 260
207 284
208 263
208 308
209 218
209 236
209 246
209 274
209 295
209 308
209 309
210 220
211 232
211 250
212 223
212 231
213 215
213 285
213 291
214 216
214 235
214 276
214 307
215 227
215 249
215 254
215 305
216 234
216 247
216 248
216 253
217 246
217 281
217 296
218 263
218 305
219 280
220 264
221 236
221 246
221 294
221 305
221 306
222 253
222 312
222 313
223 224
223 242
224 243
224 261
224 300
225 261
225 272
225 288
225 312
226 244
226 250
226 266
226 275
226 319
226 326
227 235
227 257
227 267
227 310
227 312
228 245
228 257
228 269
228 271
229 240
229 248
229 270
230 236
230 280
230 304
230 313
231 242
231 249
231 289
232 245
232 281
232 290
232 298
232 320
233 248
233 274
233 304
233 309
234 269
234 288
235 240
235 255
236 288
236 328
238 270
238 286
238 313
239 242
239 258
239 321
239 325
240 271
240 279
240 293
241 283
241 312
241 335
241 340
243 266
244 308
245 278
245 324
246 249
246 263
247 255
247 304
247 335
248 252
248 344
248 346
249 297
249 310
250 269
250 294
250 299
250 340
251 263
251 269
251 270
252 275
252 324
253 264
253 296
254 262
254 274
254 292
255 305
256 317
256 343
256 354
257 270
257 287
257 335
258 350
258 357
259 271
259 316
259 326
259 331
259 343
260 296
260 325
261 264
261 269
262 273
262 337
262 338
263 351
264 280
264 288
264 327
265 267
265 276
265 289
265 316
265 362
266 311
266 319
266 337
266 360
267 270
267 358
268 297
269 285
269 299
269 322
270 305
271 305
271 315
271 320
272 277
272 329
272 345
272 360
273 303
273 310
273 321
273 328
274 355
275 334
275 351
275 353
276 288
277 278
277 287
277 304
277 314
277 318
277 356
278 294
278 318
278 326
278 358
278 370
278 374
279 302
279 336
279 340
280 331
280 337
280 344
281 369
282 284
282 319
283 284
283 286
283 292
283 297
283 309
283 337
283 364
284 339
285 332
285 339
285 370
285 375
287 364
287 380
288 331
288 370
289 334
290 323
291 292
291 353
292 338
292 363
292 388
293 313
293 330
293 346
293 361
294 314
294 317
294 368
295 333
297 311
297 316
297 324
297 328
298 310
298 311
299 306
299 371
300 302
300 307
300 308
300 322
300 350
300 398
301 341
301 365
301 381
301 382
302 317
302 343
302 359
302 382
302 393
303 374
304 324
304 380
304 381
305 322
305 364
305 379
306 336
306 397
306 400
307 329
307 334
307 345
307 370
308 350
308 405
309 317
309 347
309 363
309 406
310 351
310 355
310 363
310 380
310 405
311 320
311 339
312 315
312 326
312 338
312 344
312 352
312 368
312 397
313 392
314 354
314 388
314 411
315 327
315 343
315 372
315 393
315 402
315 412
316 327
316 369
316 407
317 379
317 387
317 392
318 352
318 382
318 383
318 409
319 349
319 386
319 387
319 397
319 408
320 334
320 340
320 357
320 368
320 380
320 409
321 408
321 409
322 399
322 414
323 352
323 373
323 405
323 419
324 368
324 379
324 387
324 423
326 374
326 393
326 397
326 401
326 414
326 421
327 342
327 345
327 402
328 369
329 362
329 363
329 385
329 390
329 414
329 424
330 409
330 417
331 350
331 361
331 381
331 391
331 395
331 400
331 414
332 342
332 351
332 389
333 415
333 421
334 423
336 373
336 374
336 376
337 359
338 371
338 377
339 407
339 414
339 420
339 438
340 372
340 373
340 381
340 411
341 381
341 384
341 388
341 425
342 393
342 413
343 427
344 368
344 410
344 442
345 363
345 377
345 386
346 437
347 350
347 391
347 429
348 422
349 350
349 361
349 369
349 429
349 438
350 382
350 435
350 440
351 376
351 401
351 418
352 355
352 376
352 400
352 425
352 434
353 441
354 450
355 376
355 379
355 419
355 430
356 362
356 374
356 392
356 440
357 445
358 426
359 370
359 385
359 415
359 444
359 446
359 452
361 370
361 382
361 445
361 453
362 371
362 415
363 425
363 461
364 402
364 406
365 423
366 410
366 425
366 435
366 443
367 436
367 438
367 463
368 422
369 389
369 401
369 423
369 434
369 453
370 397
370 401
370 419
370 433
371 387
371 458
371 467
372 388
373 428
375 401
376 436
376 473
378 450
378 466
378 473
379 384
379 451
380 387
380 426
380 438
381 418
381 453
381 456
382 394
382 400
382 409
382 472
383 434
383 445
383 479
383 482
384 427
384 437
384 462
384 466
384 483
384 484
385 404
385 405
385 425
385 444
385 463
386 398
386 449
386 464
387 391
387 400
387 443
387 457
387 463
388 459
389 396
389 456
389 472
390 408
390 422
390 447
390 458
391 410
391 428
391 440
391 469
391 479
392 397
392 482
393 404
393 459
393 475
393 491
394 439
394 483
394 485
395 452
395 462
395 472
396 398
398 447
398 479
400 410
400 429
400 444
400 473
400 490
401 469
401 494
402 403
402 430
402 454
403 429
403 444
403 459
404 452
404 476
404 487
405 426
405 437
405 451
405 469
406 465
406 488
406 489
407 414
407 457
407 459
407 462
408 451
408 455
409 472
410 426
410 447
411 444
411 448
411 473
412 445
412 476
413 456
413 471
414 442
414 448
414 488
414 498
415 436
415 479
416 458
416 487
417 426
417 450
417 467
418 431
418 452
418 458
418 481
419 427
420 454
420 472
420 486
420 509
421 458
421 498
422 456
422 512
423 442
423 453
423 493
423 505
424 426
424 432
424 434
424 445
424 463
425 434
425 474
425 480
425 506
426 435
426 442
427 453
427 519
428 447
428 463
428 478
428 491
428 512
429 445
429 470
429 521
430 435
430 468
430 486
430 508
431 456
431 492
432 456
432 458
432 500
432 527
433 474
433 482
433 512
433 528
434 459
435 456
435 459
435 502
436 480
436 531
437 494
437 519
437 523
438 467
438 535
439 499
439 517
440 465
441 479
441 506
442 450
442 482
442 515
442 530
443 458
443 498
443 536
443 538
444 533
445 467
445 495
445 516
446 477
446 512
447 455
447 509
447 513
447 543
448 460
448 502
449 501
449 544
450 465
451 488
451 542
452 457
452 489
452 549
453 454
453 482
453 527
454 507
454 526
454 552
455 495
456 509
457 498
457 522
458 468
458 479
459 468
459 491
460 536
460 542
461 501
461 523
461 535
461 557
462 532
462 551
463 480
464 518
465 468
465 477
465 561
467 486
467 495
467 534
468 481
469 488
469 502
469 524
469 527
470 490
470 495
470 499
471 514
471 519
471 560
473 483
473 484
473 485
473 505
473 520
473 561
473 567
473 573
474 499
474 528
474 544
475 499
475 516
476 510
476 516
476 528
477 516
477 570
478 499
478 541
478 569
479 482
479 519
480 566
481 495
481 565
482 488
482 502
482 521
482 528
482 546
483 487
483 488
483 490
483 498
483 566
484 531
484 540
484 558
485 490
485 512
485 521
485 531
485 547
485 560
486 511
486 535
486 542
486 558
487 515
487 581
488 492
488 516
488 533
488 558
488 561
488 569
489 514
489 589
490 503
490 512
490 530
490 540
490 567
491 553
492 495
492 581
493 518
493 560
495 496
495 516
495 552
495 563
496 558
497 502
497 509
497 540
498 502
498 577
499 529
499 555
499 577
500 562
500 584
501 559
502 558
503 547
504 559
504 585
504 586
504 588
505 529
505 545
506 508
506 526
506 576
506 592
507 511
507 516
507 555
507 591
507 606
508 554
508 607
509 576
509 606
510 531
511 514
511 539
511 540
511 589
512 534
512 608
513 526
513 567
514 531
514 608
515 531
515 549
515 599
515 607
515 611
516 555
516 577
516 586
517 529
517 564
517 568
517 597
517 609
518 531
518 571
518 576
518 593
518 599
518 602
518 604
519 606
520 556
520 587
520 590
520 592
520 605
520 606
521 604
522 539
523 538
523 549
523 593
523 622
524 526
524 564
524 566
524 588
525 575
525 578
525 584
525 588
526 557
526 592
527 551
527 591
527 611
528 529
528 538
528 568
528 572
528 573
528 618
528 626
528 628
529 536
529 568
529 583
529 595
530 597
530 614
530 615
531 570
531 573
531 587
532 548
532 557
532 586
532 630
533 558
533 598
533 604
534 537
534 545
534 548
534 568
534 583
534 606
534 613
534 632
535 558
535 587
535 606
536 614
536 629
540 581
540 591
540 600
540 604
540 608
540 618
540 621
540 626
541 543
541 550
541 634
542 575
542 618
542 623
542 631
543 550
543 574
543 621
544 551
544 569
544 584
544 605
544 620
545 629
546 559
546 603
546 606
546 609
546 614
546 634
547 579
547 606
547 610
547 615
548 572
548 601
548 624
549 571
549 572
549 575
549 582
549 593
549 615
550 598
551 627
552 591
552 605
552 613
552 644
553 587
553 602
553 603
553 653
554 629
554 633
555 560
556 586
556 635
556 655
557 565
557 610
557 614
557 620
557 646
558 651
559 560
559 632
559 642
559 655
560 582
560 604
560 612
560 626
560 643
560 652
561 613
562 570
562 640
563 606
563 639
564 580
564 581
564 650
564 660
566 581
566 582
566 585
566 602
567 571
567 621
568 623
568 634
568 645
568 661
569 608
569 625
569 658
570 574
570 592
570 627
570 665
571 578
571 592
571 642
571 662
572 670
573 670
574 607
575 579
575 586
575 639
576 609
576 618
576 644
577 615
577 658
577 664
577 671
578 624
578 656
579 583
579 588
579 597
579 620
579 637
579 639
579 655
579 656
579 659
580 584
581 601
582 588
582 610
582 630
583 618
583 638
584 589
584 591
584 653
585 613
585 632
586 591
586 600
586 648
586 657
586 665
586 678
586 680
587 596
587 600
587 602
587 606
587 658
587 668
587 670
588 597
588 670
589 651
589 654
590 601
590 631
590 637
590 653
590 666
590 669
590 674
592 611
592 616
592 637
592 648
592 660
592 663
592 682
592 685
593 627
593 655
593 678
593 680
594 671
596 630
597 598
597 615
597 661
598 629
598 674
598 690
599 615
599 616
599 635
599 655
600 641
600 646
601 679
602 604
602 665
604 606
604 660
605 611
605 644
605 667
606 673
607 648
608 612
608 629
608 649
609 611
609 640
609 675
609 679
610 646
611 617
611 619
611 623
611 633
611 682
612 631
612 697
612 709
613 644
613 657
613 670
614 627
614 643
614 686
614 690
614 709
615 664
616 640
616 643
616 662
617 621
617 626
617 660
617 687
618 627
618 637
618 649
618 678
618 700
619 633
619 652
619 681
619 717
620 627
620 633
621 639
621 721
622 688
622 700
622 720
623 639
623 715
624 674
624 677
625 627
625 664
625 679
625 683
625 700
625 706
625 723
626 630
626 696
627 652
627 711
628 650
628 724
629 661
629 727
630 639
630 642
630 643
630 688
631 635
631 663
631 675
631 689
631 692
631 696
631 710
632 677
633 665
633 688
633 705
634 653
634 709
635 721
635 723
635 724
635 728
636 659
636 692
637 658
637 682
637 691
637 705
638 648
639 706
639 713
639 728
640 673
640 677
640 690
640 723
640 729
641 660
641 669
642 670
642 684
642 715
642 731
643 699
644 736
645 646
645 653
645 673
645 698
645 701
646 653
646 667
646 684
646 711
647 664
647 675
647 730
648 659
648 670
648 671
648 702
648 715
649 712
649 726
650 681
651 683
651 707
651 732
652 660
652 679
652 682
652 683
652 694
653 695
653 747
653 750
654 676
654 698
655 692
655 700
656 657
656 661
656 745
657 661
658 699
658 732
659 684
659 739
660 687
660 701
660 721
660 727
660 728
661 662
661 680
662 679
662 706
662 723
663 679
663 689
663 698
663 709
664 679
664 684
664 727
665 669
665 671
665 679
665 695
665 701
665 711
666 715
666 749
667 732
668 673
668 741
669 674
669 722
669 734
669 744
669 749
669 763
670 697
670 702
670 743
671 678
671 726
671 747
673 743
674 678
674 697
674 738
674 758
675 735
675 765
676 731
676 732
676 745
676 767
676 774
677 708
677 733
677 750
677 752
677 760
678 772
678 778
679 694
679 750
680 738
680 769
680 778
681 777
682 709
682 746
682 775
683 713
684 692
684 722
684 734
684 767
684 778
684 779
685 689
685 735
685 741
685 767
685 771
686 757
686 758
686 776
687 720
687 728
687 754
688 725
688 780
689 694
689 695
689 744
689 787
690 722
691 708
691 735
691 737
691 743
691 755
691 771
691 783
693 734
693 769
694 711
694 739
694 746
694 764
695 765
695 789
695 793
696 718
696 773
697 761
697 785
698 759
698 798
699 756
700 702
700 735
701 782
702 722
702 728
702 731
702 771
703 743
703 768
703 769
704 739
704 751
704 795
706 768
706 800
707 708
707 736
707 753
707 777
708 783
708 790
709 724
709 765
709 771
710 719
710 731
711 764
712 760
712 763
712 776
713 722
714 759
714 805
714 812
715 725
715 798
715 810
716 737
716 766
717 730
717 806
718 786
718 787
719 720
719 813
720 764
720 783
721 791
721 793
721 813
722 807
723 725
723 740
724 753
725 726
725 743
725 775
725 814
725 817
726 787
727 746
727 752
727 769
728 730
728 738
728 744
728 767
729 756
729 782
730 753
730 791
730 816
731 761
732 793
732 803
732 809
732 813
734 763
734 782
734 792
734 804
735 740
735 810
736 745
736 771
736 776
736 782
736 809
736 810
737 743
737 784
737 788
737 809
737 818
737 830
738 746
738 784
738 809
739 742
739 743
739 772
739 785
739 817
739 818
739 837
740 742
740 765
740 790
740 812
740 837
741 779
741 818
742 778
742 803
742 830
742 842
743 759
743 799
743 807
743 835
744 768
744 776
744 790
744 798
744 803
744 817
745 760
745 823
745 828
745 831
746 755
746 799
746 817
747 809
748 768
748 784
748 799
749 764
749 786
749 835
750 776
750 826
750 838
751 779
751 793
751 805
751 818
751 846
752 755
752 767
752 851
753 769
753 797
753 805
754 757
754 793
755 781
756 767
756 775
756 788
756 804
757 783
759 760
759 772
759 790
759 794
759 812
759 815
759 837
759 857
760 762
760 788
760 829
760 833
760 847
760 856
760 858
760 860
761 774
761 809
761 812
761 850
762 799
762 812
762 855
763 780
763 801
763 802
763 805
763 824
764 775
764 823
765 767
765 826
765 834
766 863
767 793
767 821
767 856
768 791
768 814
769 800
770 779
770 785
770 794
770 810
770 828
770 849
770 864
772 786
772 799
772 857
773 778
773 786
773 794
773 854
774 807
774 810
775 793
775 842
776 810
776 861
777 852
778 788
778 817
779 813
779 815
779 852
780 805
780 821
780 847
782 801
782 804
782 867
782 869
783 785
783 831
783 845
784 837
784 841
784 845
785 835
785 861
785 874
786 875
787 803
787 822
788 797
788 837
788 885
789 803
789 831
789 855
790 798
790 847
790 849
790 852
790 885
791 793
791 799
791 807
791 809
791 872
792 817
792 834
792 858
793 807
793 826
793 839
793 875
795 880
796 850
797 818
798 816
798 857
798 875
798 885
798 894
798 895
798 897
799 843
799 880
799 886
799 889
800 817
800 871
800 874
801 805
801 812
801 819
801 858
801 866
801 876
801 881
801 889
802 850
802 851
802 865
803 839
803 852
803 892
804 832
804 837
804 843
804 872
805 865
805 894
805 901
806 877
806 889
807 840
808 828
808 878
809 827
809 855
809 889
810 818
810 856
810 862
810 896
812 880
812 900
813 846
813 852
813 859
813 873
813 877
813 879
813 900
814 846
814 868
814 875
815 845
815 850
816 879
817 888
818 885
819 841
819 843
819 875
819 905
820 835
820 858
821 863
821 909
822 829
822 890
822 921
823 828
823 838
823 874
825 888
825 925
826 843
826 851
826 874
826 878
826 914
826 915
827 883
827 890
827 909
829 853
829 880
830 842
830 882
830 907
831 833
831 867
831 879
831 892
832 854
832 873
832 914
832 923
833 928
834 869
835 867
835 887
836 853
836 916
837 888
837 908
837 916
838 842
838 868
839 853
839 902
840 873
840 877
840 906
840 913
841 876
842 847
842 851
842 866
842 895
842 900
843 905
843 920
844 851
844 864
844 898
844 936
847 858
847 865
848 890
848 902
848 906
849 891
849 924
849 943
850 872
850 902
851 884
851 925
852 860
852 866
852 867
852 881
852 936
853 898
853 918
854 885
854 897
854 899
854 935
855 891
855 894
855 922
855 936
856 948
857 861
857 867
857 881
857 939
858 869
858 909
858 915
858 925
858 954
859 862
859 885
859 888
859 916
860 874
860 881
860 898
860 913
860 923
861 872
861 931
861 944
863 889
863 903
863 945
863 959
864 922
864 928
865 867
865 869
865 879
866 887
866 897
866 930
866 947
866 966
867 911
867 922
868 944
868 962
869 902
869 905
869 930
870 915
870 923
871 893
871 950
871 953
872 940
872 958
873 874
873 961
873 964
873 970
874 884
875 908
876 904
876 934
876 964
877 950
878 890
878 900
878 913
878 921
879 880
879 882
879 919
879 925
879 969
880 881
880 908
880 911
880 925
881 934
881 955
881 960
882 935
882 937
882 977
884 892
884 934
884 941
884 979
885 971
885 974
885 985
886 961
886 963
887 938
887 958
888 933
890 926
892 926
892 975
894 909
895 912
895 928
895 961
895 980
895 986
896 902
896 903
896 905
896 911
896 927
896 947
897 924
897 942
897 946
897 957
897 989
898 920
898 929
898 950
899 924
899 951
899 963
900 906
900 962
900 967
900 993
901 909
901 921
901 939
901 973
902 916
902 940
902 947
902 993
903 904
903 915
903 953
904 936
904 971
904 987
906 926
907 975
908 909
908 967
909 923
909 999
910 924
910 939
910 942
911 935
911 960
911 970
911 986
912 974
912 991
913 980
913 987
914 945
914 994
914 995
915 959
916 933
916 972
916 990
916 991
917 934
917 935
917 977
917 988
918 932
918 960
919 944
920 934
921 937
921 951
921 956
921 992
923 961
924 971
924 983
924 996
925 941
925 959
925 967
925 982
925 988
926 971
926 984
927 939
928 947
928 985
929 952
930 933
930 943
930 973
930 974
931 978
932 994
933 936
933 969
934 991
935 955
935 967
935 974
935 976
936 937
937 950
938 955
939 958
941 945
942 948
942 957
942 994
943 985
944 949
944 956
944 958
944 980
945 972
945 987
945 988
946 984
948 973
948 974
949 957
949 958
952 969
952 974
952 991
952 992
952 997
952 999
953 990
953 996
955 973
960 967
962 967
963 969
963 985
964 977
964 979
968 986
969 998
970 972
970 976
970 982
970 991
973 997
975 994
977 986
978 992
983 992
983 996
987 999
988 990
996 999
2 18 13 1 15 17 22 32 23 15 16
8 4 1 2 1 1 13 14 0 1 3
9 0 6 9 12 6 12 24 17 23 9
4 3 11 6 3 5 7 2 17 3 19
13 15 4 3 4 3 6 4 8 5 19
6 23 13 4 12 2 15 1 4 6 15
23 12 4 17 5 6 14 7 16 6 6
11 13 5 23 11 2 0 17 10 9 10
8 6 5 20 4 25 16 3 11 20 22
8 14 17 6 7 12 9 9 16 12 3
12 30 15 17 15 1 26 13 6 2 9
10 3 1 0 2 2 2 3 13 6 21
5 1 5 6 15 1 28 8 10 10 6
7 8 1 14 1 0 10 4 18 6 3
7 16 10 11 9 22 4 21 6 30 7
14 0 4 1 7 2 8 3 10 7 2
12 2 9 27 8 14 10 25 1 4 4
9 16 5 34 3 15 3 1 24 12 4
11 0 39 8 6 18 5 5 20 2 23
6 2 12 12 11 4 25 2 6 13 3
14 39 14 24 26 25 5 17 1 9 11 39 21 20 8 29 1 9 14 13
14 67 25 41 43 34 21 29 32 21 18 63 43 44 23 62 40 36 39 40
18 42 13 24 26 15 13 22 13 19 3 40 21 34 17 33 17 30 17 12
4 17 1 4 8 5 1 13 1 1 6 19 5 10 4 11 1 8 6 2
8 34 7 16 12 14 2 7 1 5 8 26 9 10 4 22 19 7 19 10
16 50 11 51 40 44 26 21 25 19 27 55 39 43 6 46 16 30 37 34
1 20 7 7 6 7 5 7 5 4 8 13 10 14 1 15 8 8 9 8
11 37 13 20 12 9 8 8 11 5 11 26 21 25 4 23 16 9 16 15
3 22 6 9 9 10 1 5 3 1 3 22 12 12 1 21 6 3 6 10
22 46 20 29 35 29 18 19 20 8 10 45 30 34 10 39 13 23 9 18
32 69 36 45 41 45 17 34 30 19 29 56 49 45 26 49 35 30 27 41
2 15 2 5 4 7 1 5 1 1 5 14 6 6 1 13 2 2 5 5
14 38 20 22 16 21 12 21 16 8 11 32 29 31 10 23 15 19 11 20
23 68 26 54 48 47 27 41 13 30 28 64 32 47 27 57 43 33 46 26
20 48 9 43 39 40 23 20 12 17 26 45 30 40 2 44 19 23 29 26
14 69 23 55 57 42 45 33 35 25 30 71 44 63 11 67 37 44 45 39
28 49 25 40 41 35 16 27 6 24 20 51 34 34 22 43 10 16 27 24
1 7 2 2 1 4 1 5 1 1 1 9 4 6 1 8 2 4 2 4
12 43 14 24 28 21 15 25 7 7 17 42 22 28 8 31 9 16 14 14
8 17 3 3 7 8 1 7 1 4 5 12 6 7 1 13 6 1 3 3
6 26 8 12 9 8 6 8 1 1 13 19 10 15 1 15 14 4 15 6
1 55 20 34 46 38 31 32 29 12 27 54 37 47 14 49 25 31 18 36
1 10 2 5 1 1 1 1 1 1 1 6 1 4 1 4 1 2 6 1
1 23 7 10 13 7 11 8 9 2 8 17 8 20 2 16 9 12 8 5
5 55 24 36 39 21 27 34 25 20 10 54 26 50 28 50 37 46 27 27
7 42 4 26 28 24 20 16 14 9 13 39 18 35 8 34 21 29 23 19
3 27 4 14 13 12 8 13 5 1 15 20 9 18 3 10 10 9 9 6
8 54 20 44 35 19 23 20 26 27 6 58 26 46 20 55 34 42 42 31
11 25 6 8 13 11 4 4 4 9 1 20 9 12 1 21 3 8 6 5
2 12 3 8 5 8 2 4 6 1 4 12 3 10 1 9 4 8 8 7
13 71 26 50 56 49 56 46 27 34 45 66 55 73 14 70 38 49 33 51
1 39 14 28 21 15 23 9 23 20 10 36 29 45 8 44 21 32 24 34
6 19 4 4 7 7 1 5 1 4 7 13 9 11 1 18 4 2 6 7
5 30 9 17 15 14 7 15 1 7 16 21 9 15 14 18 24 13 23 13
1 55 18 16 30 28 23 32 23 17 27 37 33 40 26 43 34 31 12 37
1 21 1 7 8 4 4 4 4 2 5 15 5 18 1 9 2 5 3 3
1 59 19 34 30 27 19 23 13 4 26 49 27 39 6 41 28 15 25 28
26 72 31 36 40 50 28 28 10 36 41 40 48 41 34 63 49 28 31 46
30 49 28 40 23 33 3 14 19 19 9 47 39 30 16 37 20 16 27 31
10 68 30 57 45 31 31 35 25 24 22 69 31 58 21 63 41 38 46 37
20 57 26 36 48 42 23 28 14 21 18 57 43 41 23 59 19 27 24 38
11 35 1 25 23 32 11 15 9 6 20 29 16 25 10 25 19 16 20 20
4 27 8 24 14 17 10 2 13 9 9 23 15 24 1 25 17 18 22 21
18 57 20 37 31 36 19 25 4 12 28 47 34 36 7 38 22 10 18 24
4 66 22 40 44 42 28 35 24 17 37 55 30 42 23 49 38 20 26 39
7 40 10 43 35 36 21 25 25 25 22 47 30 40 21 40 18 38 39 34
8 40 21 31 19 12 16 9 25 13 3 40 19 30 8 34 25 18 27 23
15 62 23 54 59 43 33 34 26 28 22 72 31 53 21 60 25 41 44 29
25 58 24 51 37 38 18 14 23 27 15 58 40 41 21 54 30 33 45 41
18 56 19 41 35 31 14 31 19 21 28 47 28 44 28 34 33 30 34 28
2 26 14 24 13 16 6 9 7 1 14 22 19 18 1 23 12 5 16 20
9 28 6 21 18 17 13 10 9 9 10 25 16 30 4 28 7 18 6 20
4 13 9 11 3 5 1 5 5 1 4 14 8 7 1 12 7 7 11 9
14 48 8 41 40 33 26 16 19 13 21 49 25 42 4 42 17 23 29 20
14 40 16 29 25 17 14 7 20 16 3 40 16 26 8 36 17 20 25 18
13 39 22 40 28 20 22 20 32 18 7 54 36 42 10 47 21 31 37 38
7 31 14 27 13 19 15 7 17 16 12 25 29 32 7 35 20 23 24 33
31 87 31 55 63 56 32 43 38 34 34 74 50 55 43 63 45 39 41 41
8 31 7 20 14 23 1 10 5 1 16 22 17 12 6 22 18 5 13 21
7 41 15 23 15 19 5 7 14 3 10 32 20 25 2 33 21 11 17 26
14 61 28 29 34 24 37 43 13 25 29 46 37 52 30 54 45 45 25 28
17 45 22 37 19 25 15 18 18 14 23 37 35 37 11 30 29 15 34 26
3 27 8 16 11 17 5 9 9 2 11 25 13 17 4 21 15 12 17 17
19 49 22 28 30 26 13 22 5 16 19 44 31 26 11 41 17 13 25 23
3 49 14 23 35 13 17 29 16 11 11 46 15 34 22 36 26 29 23 11
18 74 40 59 50 45 39 40 40 25 36 70 43 57 27 62 48 37 50 53
18 55 30 45 33 26 21 31 35 27 12 54 31 48 31 42 38 44 37 36
24 48 15 27 26 33 6 10 5 14 21 30 28 20 15 32 21 3 21 22
1 15 1 7 3 4 1 2 3 1 5 11 3 10 1 7 1 6 5 1
2 14 1 2 3 1 1 9 1 1 4 14 1 6 3 5 2 5 6 1
11 35 14 26 26 15 7 19 6 17 1 39 11 20 15 32 18 20 25 3
3 27 2 12 15 6 5 17 5 6 5 26 6 22 9 15 9 18 11 3
16 25 7 18 12 14 1 14 9 9 2 28 11 20 13 18 7 20 13 14
20 66 37 54 39 30 35 45 32 22 24 62 54 57 22 56 44 37 44 44
13 39 21 31 12 18 5 16 22 6 9 38 28 31 10 26 20 20 26 26
7 28 1 12 13 8 6 3 8 5 5 22 4 17 2 15 6 11 8 3
33 55 34 51 49 39 30 42 33 28 19 63 34 48 37 50 32 47 28 26
22 43 17 38 28 32 9 4 14 15 9 42 25 23 9 36 18 15 31 25
27 64 25 37 40 29 21 36 25 28 17 51 33 46 38 43 37 43 25 29
14 52 24 41 27 34 9 30 32 13 22 48 40 32 27 40 36 24 33 45
10 23 8 11 10 9 4 4 1 5 9 17 10 9 1 15 11 4 13 6
1 18 6 11 5 4 3 5 1 1 7 14 5 7 1 10 12 5 13 4
16 30 18 18 20 16 5 4 6 10 1 33 21 16 5 30 4 8 15 12
11 61 32 38 44 31 42 35 34 24 22 53 37 61 23 56 32 44 22 39
6 21 6 5 7 6 3 6 1 1 5 16 12 13 1 17 7 1 4 6
4 18 2 9 7 2 1 1 1 1 2 15 3 7 1 9 3 1 8 1
9 38 14 20 10 14 3 6 13 1 13 23 18 16 9 22 25 8 17 21
13 49 26 48 47 41 35 39 31 21 22 61 45 59 17 50 14 45 19 41
3 42 3 10 21 13 11 13 10 1 15 27 10 23 5 17 16 11 8 6
13 40 7 21 20 24 16 8 14 17 9 28 23 31 9 34 16 25 13 26
14 26 9 17 14 12 7 20 5 14 9 26 20 25 16 26 14 18 14 18
14 22 7 19 10 20 2 6 11 6 5 23 17 20 4 21 4 12 13 19
13 21 8 9 10 11 1 10 1 7 5 24 12 12 5 17 5 8 10 5
8 37 9 19 12 7 6 15 6 10 6 29 20 27 12 25 16 21 15 15
8 25 13 14 7 10 1 10 8 5 9 22 15 12 4 24 14 9 16 15
19 54 21 38 28 29 13 26 7 25 17 43 30 35 24 42 28 30 26 27
4 20 9 11 13 15 16 13 9 17 8 22 18 25 12 32 12 29 13 25
18 37 14 25 19 22 12 18 14 11 14 31 22 30 10 20 11 15 11 17
14 31 7 30 24 26 8 15 12 16 10 31 13 25 19 28 20 28 25 23
11 45 22 26 27 16 18 25 19 8 10 43 23 29 16 40 30 29 20 21
13 50 27 26 30 27 23 28 11 4 20 41 35 37 9 37 22 16 3 26
24 62 37 36 28 23 23 20 24 29 9 49 45 41 20 57 37 25 32 41
35 49 25 38 29 33 7 10 13 24 18 42 36 32 20 32 10 13 29 25
19 27 6 13 10 18 1 3 5 8 6 16 12 12 10 13 11 5 5 11
13 41 21 27 19 18 17 11 18 20 10 34 28 31 11 43 25 27 23 32
15 49 14 36 38 35 13 23 21 12 20 51 31 28 18 48 30 24 34 30
16 46 21 29 22 24 2 27 21 15 18 38 30 27 29 32 34 22 28 32
9 67 26 49 47 38 39 24 48 30 21 66 47 59 15 65 31 48 42 45
16 66 24 46 51 46 32 45 36 28 41 57 33 45 39 50 43 35 34 43
3 13 1 3 2 4 1 3 1 1 1 13 1 2 1 5 1 4 1 1
15 43 13 23 25 24 13 7 9 16 10 32 19 24 7 37 20 16 22 17
8 65 26 30 37 31 38 31 32 28 24 47 39 56 28 58 42 48 26 44
7 25 3 20 9 13 9 1 14 12 1 17 12 28 6 17 9 22 9 18
8 26 4 20 9 17 4 6 4 1 10 21 10 16 2 20 16 8 16 14
4 39 21 39 30 28 27 31 19 31 22 45 39 47 20 54 24 45 35 43
12 53 26 30 41 32 16 37 26 17 20 56 35 30 30 52 39 27 27 30
20 62 26 32 30 21 27 32 10 25 22 46 40 44 24 53 37 33 27 25
2 12 2 3 1 8 1 3 2 1 3 3 1 4 3 3 8 4 2 5
11 54 20 36 34 19 21 28 20 19 15 46 22 40 27 37 35 34 33 19
15 42 15 43 28 34 21 25 14 12 29 42 35 38 3 39 28 19 35 33
2 8 1 2 3 3 3 8 3 1 1 13 2 6 2 5 1 8 1 2
12 57 33 46 38 36 21 36 13 19 31 57 36 43 16 52 36 30 33 43
6 30 10 26 19 19 11 12 11 3 12 36 14 21 4 29 19 16 28 16
18 56 32 41 31 34 23 41 23 39 20 48 33 58 39 49 39 53 31 36
14 73 25 47 45 40 31 35 28 16 30 61 46 56 25 59 42 40 34 44
1 52 15 39 39 41 31 23 24 15 32 48 35 47 5 46 22 27 34 35
5 32 11 14 7 9 3 5 6 4 12 18 13 14 4 19 20 5 16 13
12 33 2 18 18 18 11 9 1 12 14 22 11 17 1 24 17 9 17 8
13 60 26 36 40 40 18 33 29 10 26 59 43 36 21 52 33 17 23 41
8 56 20 38 34 31 28 16 29 10 19 50 38 46 7 54 35 28 32 36
10 49 18 24 10 17 11 15 12 18 19 23 28 32 19 25 31 24 19 30
12 48 22 31 15 18 14 15 25 12 9 37 29 35 15 28 28 20 23 28
4 16 4 6 3 5 2 7 4 3 3 14 5 12 2 11 6 10 4 6
17 54 13 17 23 29 11 15 10 16 18 27 32 29 16 38 21 17 6 26
1 23 4 6 11 3 7 8 7 1 5 18 9 20 1 11 1 9 4 1
1 21 10 8 8 10 5 10 1 3 11 16 14 17 1 16 6 3 8 11
1 13 1 2 1 1 1 1 1 1 1 8 1 5 1 5 1 1 4 1
3 25 10 10 14 15 10 15 6 1 11 19 15 21 1 19 5 8 3 11
5 34 11 9 10 7 4 11 5 1 7 27 16 17 1 22 11 4 10 8
1 24 4 7 6 13 1 10 3 2 12 13 7 11 7 10 12 9 8 10
14 58 8 39 43 39 23 21 14 26 24 54 29 44 19 51 26 35 33 30
8 14 7 5 4 4 4 6 1 4 5 12 8 12 1 13 6 1 7 6
15 26 6 12 10 15 3 11 2 8 9 19 17 17 4 21 5 7 5 13
3 21 8 9 7 11 4 9 1 1 8 16 14 13 1 16 8 1 4 10
5 31 10 16 11 11 1 6 8 1 8 27 16 17 1 25 12 5 15 14
13 36 10 21 19 14 8 11 12 11 6 37 15 23 5 30 11 20 19 14
14 35 11 23 19 14 15 11 16 17 6 27 10 23 10 28 20 22 19 16
12 50 15 40 30 23 22 24 16 13 21 46 26 36 11 37 30 20 35 22
9 23 9 15 11 11 1 4 5 5 1 28 12 10 1 26 5 8 15 11
7 44 13 24 21 19 16 17 7 3 22 33 21 29 3 27 22 8 20 13
9 54 21 34 26 31 13 20 21 5 28 39 34 29 12 42 36 8 25 38
8 22 9 16 12 13 12 8 12 8 1 24 18 23 3 28 13 20 12 21
14 39 7 19 18 18 12 14 9 7 12 30 17 29 4 27 13 16 11 11
17 61 29 29 29 35 29 31 16 24 29 40 41 52 20 43 28 31 5 41
1 37 17 31 17 10 16 13 24 14 5 36 19 32 12 34 26 29 31 28
10 19 8 24 21 22 6 1 11 12 1 30 18 14 1 30 2 14 20 17
34 57 30 56 40 48 14 29 30 26 27 60 45 41 24 51 36 33 50 37
27 77 34 61 61 45 34 42 33 29 22 76 38 58 37 65 43 48 43 30
26 27 15 24 15 24 2 7 12 19 5 25 22 19 11 26 10 16 15 21
3 33 8 25 24 25 13 26 2 7 25 31 17 22 12 26 24 16 25 15
8 22 4 17 8 9 7 6 11 7 1 19 5 16 7 11 10 15 9 8
5 13 5 5 1 6 1 1 4 6 4 6 5 11 1 10 7 8 5 8
26 68 28 41 44 51 28 41 17 25 46 49 43 43 25 45 37 22 18 45
6 26 11 15 10 4 9 6 11 6 1 23 10 17 4 17 15 10 15 9
23 61 33 47 44 32 25 44 26 36 24 61 40 61 34 54 30 47 32 39
23 82 41 52 43 40 33 45 41 26 33 63 61 60 33 64 59 36 41 56
19 52 23 37 32 29 17 27 32 16 17 44 33 49 17 36 23 37 22 30
13 68 24 32 43 34 39 42 36 31 29 52 35 55 41 56 45 55 27 43
1 24 7 8 12 12 9 10 4 3 8 19 14 24 1 23 3 10 1 14
33 51 28 46 29 38 8 11 22 31 9 50 41 36 22 47 21 28 37 42
20 72 37 46 55 41 48 50 29 31 29 69 42 66 25 62 39 52 25 43
18 75 31 45 39 34 30 27 40 16 25 55 43 47 26 54 51 27 31 42
10 16 3 6 8 8 1 3 1 6 3 14 5 6 1 13 1 2 6 2
1 2 1 2 1 3 1 2 1 1 1 7 1 3 1 5 1 5 2 3
15 32 10 21 9 17 4 12 8 9 14 23 18 25 8 16 12 12 14 16
9 33 14 37 22 23 14 12 26 12 6 42 27 31 10 31 14 30 30 29
11 30 9 20 13 9 3 3 9 5 3 28 18 18 1 26 9 6 14 11
18 32 5 19 13 21 6 10 5 7 13 23 11 15 11 14 15 10 13 10
21 71 39 58 47 48 33 24 30 37 24 67 59 56 15 73 31 28 46 59
21 78 39 58 50 49 35 52 24 34 44 68 57 66 32 66 53 46 44 54
10 37 9 15 15 18 3 6 5 6 11 24 15 14 5 22 15 7 13 13
21 68 33 60 49 40 38 24 49 38 13 71 48 56 20 65 39 42 55 49
2 10 1 1 2 2 1 5 1 1 2 10 1 3 1 7 1 1 1 1
12 34 4 13 13 16 6 8 7 2 11 21 13 21 6 14 9 9 6 10
16 65 23 49 39 35 29 18 32 21 21 57 42 51 12 58 42 28 44 46
1 11 1 1 1 1 1 3 1 1 1 9 1 8 1 1 1 4 2 1
1 40 8 12 25 18 9 24 16 3 17 32 16 17 19 24 21 17 9 15
1 15 1 2 1 5 1 1 1 1 5 3 1 4 3 1 8 1 3 3
21 54 14 31 28 31 8 14 22 16 14 40 28 32 17 35 23 21 20 27
2 37 24 18 15 10 14 20 11 1 12 36 29 29 1 32 12 4 13 20
4 24 10 7 6 4 2 6 5 1 5 20 14 12 1 19 11 1 11 9
6 23 5 6 7 10 4 8 1 4 10 14 9 15 1 15 7 5 6 8
2 23 12 10 1 1 3 2 5 4 2 15 16 16 1 22 15 4 13 16
10 64 23 41 31 21 26 16 27 18 14 51 27 41 10 48 40 22 38 27
4 45 16 37 33 29 26 25 10 13 25 47 26 45 5 41 18 26 23 30
4 12 3 3 5 2 2 11 1 1 3 17 4 10 6 8 2 7 7 1
3 54 28 30 24 19 23 29 12 13 19 46 37 43 11 44 27 25 17 34
14 45 21 26 15 24 20 19 6 18 26 23 32 35 15 38 27 20 15 33
1 10 3 6 1 3 1 3 1 1 1 10 2 4 1 7 5 5 7 5
3 46 16 27 31 19 27 20 23 10 14 38 24 46 10 38 16 31 12 23
14 53 9 48 43 33 29 29 19 27 23 59 30 48 10 55 38 44 48 32
15 60 29 50 37 34 24 37 22 26 22 53 24 47 31 45 47 33 47 24
2 12 2 2 1 4 1 5 1 1 3 8 7 8 1 7 4 1 2 2
17 35 24 42 27 26 15 25 26 27 7 48 30 41 25 42 25 40 38 36
15 33 1 32 25 25 15 3 22 17 7 37 19 34 3 29 2 25 18 20
13 37 6 15 11 17 5 6 1 11 11 21 17 17 3 26 17 10 11 13
1 38 16 17 10 16 9 12 14 8 10 28 23 27 11 32 29 17 18 30
8 46 14 30 36 37 21 21 16 9 23 45 28 37 5 39 14 20 15 31
6 16 7 4 4 5 1 6 1 4 4 12 7 10 1 12 9 4 7 6
8 32 11 22 20 23 10 6 8 15 7 33 26 27 2 40 9 17 17 25
6 48 4 21 27 27 11 18 11 6 22 35 13 30 10 28 20 19 13 22
5 17 2 1 1 2 1 2 1 1 1 8 7 12 1 11 4 3 1 3
23 68 26 72 58 57 49 36 31 36 44 70 54 66 9 66 38 44 50 54
24 60 19 52 42 37 27 23 23 27 26 60 35 43 5 54 36 32 48 32
6 17 4 7 6 9 1 8 5 4 6 16 5 11 3 15 5 10 7 8
3 12 6 1 5 1 5 5 4 1 2 9 7 10 1 8 1 4 4 1
8 26 11 21 18 23 12 17 9 4 12 30 22 30 2 27 1 12 7 22
3 48 2 16 31 28 17 31 7 8 31 35 24 27 12 32 30 15 20 19
6 26 7 13 8 8 2 3 1 3 8 19 10 10 1 20 12 2 14 7
1 12 1 1 1 4 1 1 1 1 1 6 1 9 1 6 3 4 1 4
16 33 18 22 7 13 6 13 15 11 6 29 24 27 10 23 16 17 15 22
21 45 12 40 38 38 28 26 26 19 21 52 34 44 13 40 19 35 30 25
3 37 10 32 30 27 25 18 23 12 20 45 27 34 2 40 16 27 34 24
10 60 15 33 50 43 29 33 32 11 31 58 35 44 20 47 27 33 23 34
15 52 24 30 36 25 30 36 13 29 22 47 27 46 27 54 34 42 31 24
1 13 2 1 4 6 1 11 1 1 4 11 5 8 4 7 5 6 5 2
5 19 6 5 5 10 1 9 1 1 7 12 9 13 1 9 9 6 6 6
8 23 1 21 13 13 8 2 11 1 5 21 6 21 1 12 6 13 11 10
11 44 12 18 25 14 20 13 17 20 2 34 15 30 10 34 20 24 16 13
21 33 7 25 19 18 7 4 12 14 1 31 14 21 8 20 5 15 11 9
16 40 19 23 13 13 4 7 10 10 9 30 24 18 3 32 20 4 24 16
14 69 38 66 49 38 43 42 36 25 29 69 48 60 18 60 47 36 52 48
5 25 3 21 19 20 10 12 8 2 16 29 12 25 1 24 10 13 19 11
17 50 21 23 25 23 15 16 9 22 14 39 32 33 13 44 18 21 17 26
3 11 2 4 6 8 1 8 1 1 4 18 5 7 1 14 1 7 7 5
21 65 30 33 33 31 19 29 25 9 18 51 45 41 18 51 35 20 17 36
1 38 6 27 33 39 22 23 18 12 26 37 28 36 5 34 10 20 13 34
8 26 4 1 8 11 4 11 1 7 8 17 8 15 5 17 12 8 4 9
6 72 23 57 60 56 43 43 32 30 44 68 44 60 26 66 47 44 46 54
10 46 11 31 36 43 19 21 12 6 33 36 26 30 9 38 23 11 16 31
3 22 1 14 12 17 4 3 9 2 8 19 7 16 1 16 8 12 12 12
6 68 29 37 30 15 30 22 32 25 15 44 34 48 23 47 49 28 38 39
18 54 17 37 40 48 20 32 39 23 32 51 41 44 29 40 27 36 26 43
28 74 31 63 57 40 37 45 30 42 35 76 43 58 28 69 53 46 64 38
1 45 28 25 16 9 23 17 22 14 12 32 31 35 10 40 34 22 25 29
4 13 4 5 3 8 1 5 4 4 1 9 3 6 1 11 8 7 4 7
5 22 10 13 11 14 8 13 2 4 11 20 16 22 1 23 5 7 4 17
5 44 20 27 18 23 10 19 13 3 18 36 27 29 8 32 23 12 15 31
2 9 1 2 1 1 1 6 1 1 1 10 1 4 2 4 2 7 2 2
16 25 4 25 23 22 13 13 15 16 6 34 18 26 10 31 8 29 18 21
13 62 14 43 36 42 30 16 20 28 31 52 41 49 8 58 38 33 41 42
7 30 1 15 14 11 7 3 11 3 5 24 4 21 2 16 8 14 9 5
1 19 3 4 2 4 1 4 1 2 5 11 8 12 1 15 7 5 6 8
16 69 31 31 45 35 31 39 32 13 31 55 42 46 26 53 39 30 14 37
1 12 1 3 3 1 1 6 2 1 1 11 1 9 2 1 2 7 3 1
6 16 2 2 5 5 1 8 1 3 4 14 4 10 2 12 4 5 2 3
23 38 12 24 19 19 4 6 8 17 6 31 22 24 8 27 5 10 16 14
28 71 31 34 44 38 31 32 32 24 26 53 44 46 29 57 42 38 13 38
26 46 23 35 34 33 13 15 13 26 12 51 31 33 22 47 14 23 33 30
9 32 7 12 14 20 3 8 3 8 8 25 15 18 2 28 13 8 8 16
10 40 20 30 25 30 20 24 2 12 29 32 25 31 1 33 22 12 16 25
1 39 8 37 38 25 23 26 16 16 16 49 19 46 10 41 18 36 34 18
7 36 11 26 26 22 17 11 16 11 14 34 18 33 4 36 12 22 18 23
13 29 12 13 11 12 11 22 1 19 13 23 20 25 20 32 17 26 12 19
6 30 1 10 17 20 2 6 10 4 8 19 7 14 7 21 15 12 3 17
10 54 17 33 38 30 22 36 17 23 23 43 28 41 33 46 35 33 22 35
14 66 28 54 43 36 26 33 20 29 24 67 41 52 20 66 44 37 51 37
14 31 20 26 14 25 10 18 10 9 17 25 28 26 9 22 11 11 12 26
1 38 14 27 26 29 14 22 14 12 16 38 28 33 15 40 24 25 23 37
23 64 32 65 45 43 26 34 45 32 22 74 44 60 29 58 38 48 55 50
9 25 4 11 11 16 4 5 9 5 5 21 6 20 3 20 10 14 8 13
10 21 9 12 11 14 1 9 6 3 7 24 14 14 1 22 7 7 10 13
3 34 11 21 18 15 8 18 10 1 13 33 16 23 7 21 15 18 19 14
38 60 32 45 38 47 18 32 35 34 27 55 45 47 37 51 42 44 38 52
12 31 3 12 13 16 2 9 1 5 11 19 7 10 9 16 17 9 12 11
3 7 4 2 2 1 1 7 1 1 1 13 5 2 2 9 2 3 7 2
26 73 39 53 42 41 25 41 37 30 30 65 45 59 28 54 36 42 37 47
18 34 10 26 14 18 5 13 14 10 14 30 15 27 12 15 11 19 18 13
21 55 16 30 41 31 16 20 19 17 10 50 26 32 23 39 18 25 21 19
16 43 13 17 17 24 6 11 4 13 16 21 30 17 12 35 24 6 11 27
23 45 21 42 30 24 11 17 22 18 7 54 31 33 17 43 19 25 33 24
12 64 30 38 46 43 28 48 15 31 42 51 42 40 36 59 45 27 24 45
12 37 23 36 16 16 10 20 22 12 7 36 27 27 19 29 29 22 32 32
13 33 1 12 16 18 4 10 10 1 15 17 11 10 13 13 18 6 6 14
10 35 11 20 23 17 14 23 6 4 17 36 17 28 5 24 2 14 9 13
10 26 10 19 16 20 7 3 12 7 4 28 16 15 3 28 14 12 17 18
19 32 6 27 18 19 9 6 14 10 9 28 11 23 7 17 9 16 14 12
10 18 6 9 8 10 1 6 3 5 4 17 8 5 1 15 7 6 9 6
7 28 1 29 27 20 18 1 21 14 9 32 10 26 2 29 8 24 25 16
4 29 14 16 20 18 14 26 5 5 16 33 19 25 7 24 5 13 8 15
13 40 12 25 24 13 13 13 13 18 7 35 11 22 11 29 20 20 26 12
2 26 6 18 16 16 13 7 10 10 10 28 18 27 2 32 13 19 19 22
1 33 4 19 14 19 11 5 4 7 15 17 10 22 5 23 26 15 18 19
12 29 17 33 12 15 6 13 20 12 1 34 23 28 14 29 20 27 25 30
5 20 3 15 12 11 7 4 12 4 7 21 5 21 1 13 3 15 11 8
16 40 13 25 19 17 14 12 19 9 12 31 20 32 8 21 13 21 16 13
17 49 26 44 44 39 20 28 17 17 15 62 43 37 12 56 15 25 31 33
6 19 5 4 5 5 5 5 4 1 7 12 7 13 1 9 6 5 7 1
10 60 32 55 60 41 43 46 34 29 23 73 26 63 26 61 30 50 46 26
29 53 24 54 47 42 35 29 39 31 25 62 34 52 28 49 30 46 47 38
22 78 35 46 41 44 39 31 35 34 30 54 51 64 33 70 51 45 32 60
12 48 9 26 19 24 19 22 8 17 20 34 25 40 14 33 25 29 20 23
11 17 5 10 8 12 3 10 7 2 4 20 13 18 4 15 1 10 4 10
23 55 35 37 43 40 33 42 38 18 32 51 41 42 36 47 43 43 17 41
21 68 17 48 52 52 28 23 32 32 31 57 43 45 27 60 38 29 35 46
18 78 28 39 48 37 39 29 31 30 29 53 37 55 30 62 49 43 32 37
5 31 6 23 20 24 13 12 9 6 19 25 13 28 1 24 14 13 15 19
8 34 10 27 15 12 13 5 14 10 9 28 15 28 4 27 19 20 22 21
18 71 18 46 50 37 36 42 13 22 34 65 40 53 7 57 35 35 35 29
35 80 40 72 52 51 34 49 29 36 39 79 62 62 22 68 45 37 55 54
32 68 32 60 54 48 30 39 37 49 29 71 51 65 36 66 34 61 51 46
1 12 2 4 2 4 1 5 1 1 7 6 6 7 1 8 1 1 5 4
3 9 3 3 1 2 1 7 1 1 6 6 5 6 1 7 2 2 6 2
12 43 7 16 16 12 14 4 10 18 10 24 13 26 10 26 20 19 14 12
22 58 11 43 45 54 26 30 30 23 37 53 42 45 19 48 34 35 37 42
1 27 6 9 13 21 1 15 9 1 14 20 12 17 12 16 16 13 9 17
1 20 1 4 5 5 1 5 1 1 9 9 5 11 1 8 5 1 5 2
15 35 14 20 20 17 11 25 4 18 13 31 22 28 21 34 23 22 17 21
3 32 16 19 8 1 8 9 15 7 1 31 15 22 2 26 18 11 21 17
11 42 19 30 27 19 15 29 18 16 5 44 27 43 22 39 22 38 20 24
1 14 3 8 5 6 2 3 5 1 3 11 2 12 1 7 2 8 6 5
25 44 35 40 31 23 14 37 30 23 12 51 37 42 32 43 32 41 31 32
13 30 8 19 14 11 10 9 14 11 6 23 13 25 10 17 10 14 13 11
10 40 16 49 28 34 19 17 29 13 21 50 37 43 7 37 18 28 40 36
7 13 5 3 5 3 3 4 1 1 1 13 4 10 1 10 3 3 5 3
17 64 20 41 36 28 27 30 25 16 24 51 35 44 22 37 41 32 34 27
2 18 9 6 1 1 1 1 3 1 1 16 8 8 1 14 10 1 9 7
8 41 10 16 25 17 14 11 18 7 7 35 16 30 5 31 13 21 11 10
7 12 6 1 6 5 1 10 1 1 4 15 6 7 6 10 6 8 8 4
17 61 15 39 44 38 33 32 23 14 29 57 33 47 8 47 37 36 33 27
20 55 29 30 21 20 23 16 16 30 15 37 35 39 19 50 34 31 21 33
6 14 1 1 5 2 1 1 1 1 1 13 2 8 1 7 1 1 1 1
8 16 4 5 8 11 1 10 3 3 6 19 8 11 3 15 1 7 4 5
32 64 37 34 20 33 19 30 22 34 28 39 47 48 30 50 42 38 23 46
13 58 14 51 52 43 32 37 16 33 23 64 29 54 18 60 35 45 46 27
22 63 35 30 42 34 31 27 11 30 24 50 46 46 20 56 17 16 16 33
12 22 5 9 9 7 1 5 4 6 7 16 7 12 1 14 4 5 8 4
17 56 18 40 44 30 24 32 10 19 22 57 30 43 12 48 15 27 25 19
4 12 4 6 4 5 3 3 4 1 4 8 5 10 1 6 3 7 4 3
27 38 21 39 24 32 4 12 27 23 9 40 32 33 14 38 21 28 28 36
12 55 6 33 37 30 21 27 4 18 28 45 24 35 11 41 31 24 30 21
19 66 25 33 42 32 19 33 12 36 21 50 34 41 39 56 38 34 31 30
1 17 2 5 4 7 2 6 3 3 5 13 4 15 1 10 3 7 3 6
9 65 23 33 39 35 36 34 23 19 30 51 41 55 25 57 42 44 27 41
4 32 13 16 5 7 2 4 8 2 5 23 18 22 1 22 17 5 12 16
4 23 13 12 1 1 2 2 7 1 1 19 13 14 1 17 14 1 13 11
1 10 1 5 3 1 2 1 3 1 1 7 1 7 1 3 1 5 4 1
1 14 6 10 5 5 3 6 3 3 7 10 5 9 1 8 7 7 11 6
23 26 8 20 17 17 5 7 7 15 1 25 15 16 8 20 5 11 10 11
6 36 15 21 9 7 11 4 11 9 12 25 19 27 5 27 23 13 22 19
11 49 21 32 28 22 18 16 16 19 11 41 27 33 8 44 22 19 23 26
28 48 21 51 41 40 25 18 32 33 16 53 33 43 20 49 22 38 40 35
3 43 11 27 28 27 20 28 4 5 25 39 25 32 2 34 22 18 24 20
23 75 37 50 42 47 31 27 16 32 34 57 50 52 22 66 37 31 34 51
4 5 1 5 6 8 1 2 3 1 1 13 1 5 1 12 1 6 3 4
18 55 17 37 43 42 18 6 22 23 16 52 36 37 14 51 16 22 32 35
17 44 10 29 30 30 17 22 10 9 20 40 26 32 4 35 13 15 16 15
6 24 13 8 13 7 10 18 8 1 7 24 19 19 4 20 11 10 6 7
12 45 7 30 20 23 15 12 7 9 22 30 22 29 5 24 27 12 25 17
21 42 24 38 24 22 2 27 17 17 14 48 30 33 22 37 23 25 33 25
19 30 12 31 20 23 12 15 25 21 8 33 21 35 17 26 14 35 22 27
11 55 21 37 45 36 35 32 25 21 23 59 42 54 14 56 15 41 18 37
20 57 24 44 36 34 15 17 17 18 14 56 30 35 14 46 19 20 33 29
10 34 8 15 6 15 3 12 4 11 13 18 19 24 12 15 18 13 13 18
5 30 14 19 16 10 9 10 10 3 9 30 18 22 1 26 10 7 14 14
7 29 5 12 18 15 7 7 6 1 11 25 12 18 1 24 7 8 10 6
20 57 18 46 28 32 19 15 24 23 18 47 33 44 14 44 35 33 35 34
7 76 28 34 43 37 39 37 29 25 37 47 39 58 31 59 50 41 26 44
3 18 4 6 4 1 1 1 2 1 1 16 4 10 1 9 4 4 6 2
5 30 3 22 18 11 15 10 12 12 10 28 5 27 10 23 16 26 20 13
24 59 14 42 51 51 30 30 19 26 31 60 39 42 13 53 31 33 43 32
1 20 1 4 3 1 2 4 3 2 1 15 1 13 1 6 5 9 3 1
5 46 29 30 32 22 21 36 23 16 8 47 22 38 27 44 35 38 27 20
34 72 40 51 52 47 45 44 40 31 32 66 53 69 29 63 31 49 12 49
2 13 6 6 6 10 3 13 2 1 8 14 10 11 3 11 3 7 5 8
35 68 25 52 48 47 23 24 23 34 26 55 33 40 39 45 30 28 44 33
3 11 5 3 1 4 1 7 1 1 3 9 7 5 1 7 8 2 5 3
7 36 10 15 17 16 12 18 1 12 18 26 20 24 5 29 8 10 6 17
17 46 10 21 19 18 13 7 8 17 10 30 24 31 8 33 18 16 13 18
2 30 11 16 13 18 9 14 8 8 10 28 20 22 9 32 19 20 15 27
3 23 3 7 7 7 4 6 5 3 8 11 6 15 1 8 7 6 6 4
5 40 11 18 12 7 7 5 9 1 8 30 12 21 1 23 20 5 19 10
9 40 14 32 32 25 14 30 17 18 15 39 18 30 29 35 31 30 27 23
5 23 5 8 9 6 7 8 3 3 11 15 8 16 1 15 10 4 11 4
22 74 33 37 43 44 37 37 6 34 40 51 49 51 19 62 36 25 27 37
10 55 28 37 32 26 26 29 23 10 17 53 41 47 10 52 26 30 23 38
6 9 1 4 5 7 1 4 2 1 1 12 2 5 1 9 1 5 1 3
12 43 18 22 24 26 14 15 3 17 15 35 28 31 6 41 11 13 10 25
1 13 1 4 3 4 1 5 1 1 8 6 3 7 1 6 4 1 6 1
11 30 4 19 11 11 8 10 11 11 3 26 12 27 11 19 9 24 11 15
12 65 19 38 42 32 23 33 19 23 27 53 27 42 29 50 41 33 34 34
9 14 5 5 7 8 1 1 1 4 1 13 6 6 1 12 3 4 5 4
9 43 34 44 33 28 23 36 20 16 24 55 38 38 12 50 26 24 34 40
4 18 2 6 7 2 4 1 5 4 1 14 1 13 1 11 2 8 6 2
6 27 5 8 10 7 6 4 2 3 9 16 6 14 1 17 13 3 12 5
17 56 33 47 42 35 34 32 21 17 29 56 43 51 6 51 25 32 28 38
9 14 1 4 2 7 1 5 1 1 3 12 8 10 1 8 1 1 2 4
12 24 9 25 10 14 4 1 16 6 1 25 15 21 4 21 7 16 15 18
14 63 24 42 36 45 38 26 23 34 38 44 45 49 20 63 47 41 38 53
8 28 10 16 12 14 9 8 4 1 15 19 13 12 1 21 21 4 20 8
15 30 9 24 23 22 6 12 9 12 8 32 12 14 10 27 11 19 23 13
13 47 3 25 26 30 14 13 15 9 21 31 16 31 13 31 26 21 17 25
17 83 31 50 52 39 33 30 45 19 26 68 49 54 24 69 52 33 35 47
14 59 28 34 35 31 25 33 8 11 32 49 36 38 9 38 28 21 21 31
8 12 1 2 4 4 1 6 1 1 4 13 5 10 1 7 1 1 1 1
1 4 1 4 1 1 1 1 1 1 1 5 1 2 1 3 1 3 1 2
13 18 10 17 6 8 5 4 9 6 5 15 13 16 7 9 6 9 11 11
20 41 9 22 18 22 10 12 6 14 17 25 22 27 8 26 14 9 11 18
12 45 9 23 25 18 19 14 16 4 15 32 14 29 10 21 22 19 13 11
4 27 10 10 7 2 6 9 5 2 7 18 13 16 1 16 12 6 12 7
6 21 9 11 5 9 1 9 4 1 9 15 9 6 6 13 15 9 14 10
14 58 19 47 54 38 35 38 40 21 23 62 31 53 32 50 36 51 35 34
1 46 8 23 25 21 18 10 17 11 18 30 12 35 9 28 25 23 21 17
21 36 22 31 21 24 11 15 26 13 5 43 32 33 10 36 15 24 22 29
1 21 5 9 9 12 5 13 1 1 9 22 9 18 1 15 1 6 1 9
17 68 30 48 50 28 36 37 24 39 17 65 26 53 33 61 42 45 49 20
13 53 22 36 28 19 24 16 27 16 14 43 20 37 13 39 33 27 32 24
1 23 10 9 11 13 10 13 1 7 14 15 16 21 3 20 6 7 5 15
6 30 8 24 11 15 8 7 13 6 5 28 16 25 3 23 15 20 19 21
27 61 18 52 56 52 45 40 31 27 40 67 49 60 7 61 31 43 42 39
4 33 10 21 21 21 13 15 2 3 21 27 14 23 1 22 7 6 7 13
7 17 6 4 4 3 1 1 1 3 2 13 6 10 1 14 7 3 6 6
5 45 12 20 23 28 10 22 12 6 29 30 23 19 16 30 31 8 17 25
7 46 19 26 28 25 22 30 4 10 25 41 24 35 3 29 15 21 12 20
5 21 1 6 4 8 4 4 4 5 5 8 3 12 3 9 10 8 4 8
6 21 10 8 9 10 8 8 9 1 5 15 11 15 4 15 11 11 7 9
6 23 5 13 8 11 4 1 7 5 9 15 5 17 1 13 11 11 12 10
13 71 36 50 51 31 36 42 24 28 20 71 44 60 23 70 35 47 32 37
5 17 8 10 4 8 3 5 5 1 3 14 7 9 3 10 12 8 8 9
30 66 15 52 44 45 24 35 21 29 34 61 40 56 15 50 34 40 39 38
19 60 19 58 58 49 30 27 28 33 26 70 36 49 22 60 24 40 52 35
6 23 3 9 8 5 4 4 3 1 9 15 3 13 1 8 8 4 9 1
9 32 7 10 19 25 1 18 8 5 17 25 18 10 14 27 19 10 10 20
34 77 41 53 37 47 17 27 19 29 31 60 54 47 26 55 36 16 40 50
10 58 22 34 36 24 20 34 10 9 24 53 30 40 15 47 33 22 29 21
17 43 27 35 36 32 17 33 1 25 21 51 34 33 11 49 18 23 23 29
2 14 6 8 8 9 1 12 1 3 6 14 6 5 12 9 14 11 12 9
14 54 29 45 41 38 37 26 37 16 27 54 42 49 16 52 39 36 32 36
10 16 6 5 9 8 6 9 6 1 1 18 6 10 1 14 4 9 5 5
15 59 25 27 29 29 29 36 14 19 28 36 37 45 33 49 43 39 18 36
6 50 14 25 30 22 20 21 17 9 23 32 21 33 14 29 25 16 19 20
3 22 7 12 10 7 6 8 5 1 5 23 12 19 1 17 2 8 6 8
10 59 13 25 39 37 18 25 20 12 27 44 28 33 14 42 21 16 10 28
9 61 32 34 33 25 22 28 16 13 14 58 40 41 2 50 22 18 20 27
9 42 17 23 15 14 16 17 10 11 18 29 29 34 9 33 23 14 20 24
13 41 11 26 16 21 11 11 6 6 20 29 23 24 5 26 26 6 24 16
3 12 4 6 5 6 2 3 5 1 1 12 4 11 1 13 5 7 5 7
7 9 7 8 1 5 1 7 3 4 1 10 7 4 3 12 9 8 7 9
1 14 1 4 1 7 1 3 2 1 2 11 1 9 1 5 3 5 3 3
24 77 37 50 47 33 30 32 36 19 19 65 48 49 21 60 46 28 41 38
22 62 28 42 26 30 19 18 30 26 11 45 44 41 23 52 41 27 33 51
1 14 3 4 1 3 1 1 1 1 1 10 3 8 1 9 5 4 2 4
4 52 16 30 29 26 13 27 18 11 24 42 28 30 20 42 32 24 24 34
4 21 7 9 6 8 1 12 2 2 6 18 10 12 5 12 10 10 11 8
9 44 7 17 29 19 14 20 14 12 9 39 12 27 16 29 17 22 16 11
1 17 1 1 1 1 1 4 1 1 1 12 1 11 1 6 1 2 1 1
2 37 14 20 11 15 6 11 5 2 15 26 18 22 1 24 16 6 14 18
18 43 13 26 21 26 9 15 12 16 12 32 26 25 20 35 25 26 17 30
16 38 14 27 13 20 7 5 19 12 2 32 24 32 8 30 19 22 17 29
6 33 8 26 11 18 8 13 5 7 15 27 21 26 3 25 19 13 21 19
11 71 38 54 43 34 36 46 16 28 36 63 48 55 18 61 52 31 45 47
5 32 7 25 25 19 21 8 25 14 8 31 15 34 5 27 11 28 22 17
17 33 12 14 17 24 4 5 4 16 9 22 18 13 10 28 15 9 13 16
6 13 3 3 6 4 5 8 5 1 2 15 5 10 1 9 2 8 1 3
8 38 10 24 17 18 4 4 12 5 5 35 17 20 1 30 14 12 20 16
2 15 6 8 5 3 3 4 4 2 3 13 8 13 1 11 4 6 8 5
15 58 24 26 35 46 33 31 26 34 38 38 44 48 34 57 43 34 17 53
20 72 36 43 39 28 35 41 22 27 23 59 42 57 33 63 49 49 32 34
8 62 25 28 24 18 21 22 25 8 15 43 35 41 13 45 36 23 20 33
3 42 16 19 25 22 22 22 16 5 12 33 25 40 8 34 17 24 1 24
3 32 19 22 23 7 12 27 12 1 6 40 24 29 11 29 13 21 15 12
26 66 14 64 57 58 40 28 31 34 37 68 47 61 10 57 19 39 45 40
1 11 1 1 1 1 1 1 1 1 1 4 1 5 1 2 1 1 1 1
25 47 25 44 38 41 15 35 27 23 23 56 39 47 24 46 21 37 34 39
14 52 21 45 33 29 32 22 31 26 19 50 37 55 18 45 30 44 37 35
13 25 12 8 15 8 4 4 3 6 1 24 17 11 1 25 3 3 8 3
8 24 9 14 15 17 4 17 1 1 9 26 15 11 3 22 6 7 7 11
14 68 43 51 41 24 48 30 50 32 18 61 56 67 25 67 47 53 41 56
1 9 2 4 1 2 1 1 1 1 4 1 1 2 1 5 5 2 7 3
7 22 6 1 5 8 1 1 1 5 7 11 6 10 5 13 12 4 7 8
10 42 14 41 41 30 26 34 17 20 18 54 15 43 19 42 26 38 40 13
4 29 4 5 15 22 1 17 8 2 16 21 15 10 13 23 18 7 5 19
13 32 10 9 16 11 9 18 9 1 9 29 17 22 5 21 9 13 8 7
7 19 3 9 8 13 1 4 6 1 6 14 1 7 3 12 9 8 8 8
26 77 32 54 52 32 30 29 24 33 15 68 39 52 35 62 43 37 47 32
13 39 22 22 16 15 13 17 17 10 10 32 32 35 8 32 17 17 13 24
11 37 10 32 20 27 14 16 9 6 22 28 21 32 5 21 11 12 14 18
2 38 10 27 28 13 15 27 12 16 9 40 6 31 19 26 19 27 24 4
21 52 27 49 44 40 22 30 12 34 17 55 37 46 28 59 23 36 38 35
7 12 1 8 6 10 1 9 7 6 5 15 5 14 4 14 5 13 5 11
17 50 20 26 25 28 9 14 5 10 22 36 27 21 9 32 21 4 21 21
20 51 14 30 31 43 16 16 25 27 19 38 34 34 26 41 29 22 15 41
5 54 11 19 19 17 11 11 15 10 18 31 27 29 14 37 32 13 15 29
20 64 29 32 25 35 16 24 27 24 25 42 49 38 27 49 44 15 21 49
10 13 5 3 6 6 1 5 1 5 4 10 7 7 1 15 5 3 5 5
16 58 24 42 30 29 23 27 22 12 20 53 41 43 6 47 33 20 33 31
20 55 28 49 36 47 23 23 23 23 24 57 47 46 8 55 24 25 27 48
4 24 11 14 11 8 1 17 2 6 6 26 10 14 14 18 19 13 18 9
17 48 10 40 41 37 15 27 5 17 23 53 25 33 11 42 19 23 34 18
4 27 11 11 13 4 12 12 7 1 7 22 11 16 2 18 16 8 12 3
19 64 26 42 44 40 21 30 20 5 24 59 39 39 17 50 30 24 26 31
4 15 11 20 10 13 7 1 16 5 1 25 16 17 1 25 12 13 20 21
24 58 19 36 33 38 13 17 15 17 20 43 33 29 18 45 31 18 30 31
22 72 30 55 54 39 40 52 16 28 35 72 51 62 18 68 42 39 41 38
1 15 1 4 8 6 4 14 1 4 7 18 7 15 7 9 1 8 6 5
16 79 32 48 56 53 41 43 27 17 43 64 52 59 20 69 48 34 28 50
5 20 7 13 8 17 1 7 6 1 8 17 12 12 4 15 14 8 10 17
16 60 11 37 36 30 30 31 20 21 27 47 28 49 16 35 32 32 30 22
23 71 38 37 56 48 30 48 20 20 36 64 53 39 29 61 35 25 18 40
9 74 27 45 44 44 32 30 33 21 34 63 49 53 18 65 41 29 32 56
32 75 32 47 39 44 38 46 26 44 46 50 52 69 33 54 48 54 36 46
19 50 10 38 37 28 16 22 16 25 7 51 23 40 20 43 14 32 23 24
1 25 5 15 11 17 4 10 5 1 13 22 9 18 2 16 12 10 13 12
23 52 12 47 35 44 23 24 22 22 31 46 33 50 12 35 28 32 34 33
6 50 17 33 31 21 18 31 8 12 23 48 22 36 16 38 31 22 33 16
11 54 26 31 30 22 22 28 34 15 11 48 39 33 21 51 41 27 30 45
1 12 1 2 1 1 1 3 1 1 1 7 1 7 1 1 4 5 1 1
24 47 14 35 27 31 10 8 8 15 10 38 25 26 9 30 15 12 24 15
5 33 6 32 28 24 23 13 28 20 12 38 16 37 7 32 11 32 28 23
1 17 1 1 1 1 1 6 1 2 4 11 2 12 1 7 3 4 2 2
2 60 24 24 32 26 18 30 22 4 26 49 36 33 14 42 28 11 15 31
2 22 5 10 10 11 6 12 1 1 14 16 10 16 1 11 3 2 4 8
1 30 11 16 19 10 5 20 6 7 6 28 9 16 19 20 23 17 18 11
7 28 10 5 13 8 13 15 9 9 4 25 16 22 8 27 11 20 4 10
18 57 29 28 29 26 35 31 20 20 30 38 40 50 23 50 38 35 13 33
1 12 3 1 1 1 1 4 1 3 1 10 4 9 1 9 6 6 4 6
32 78 43 52 53 56 36 41 21 37 32 69 61 61 28 68 34 43 31 56
19 41 17 34 31 24 10 14 15 16 6 50 24 28 12 39 11 20 27 20
25 50 27 32 24 23 17 22 28 23 13 44 35 43 20 40 25 37 22 34
16 22 13 16 10 16 5 12 6 6 10 21 21 19 7 18 5 5 8 16
13 54 31 63 48 42 33 35 38 31 20 66 40 57 27 57 32 48 49 45
19 62 15 28 39 28 22 26 19 12 20 47 26 37 18 39 29 29 17 18
14 59 20 40 34 28 35 26 21 27 28 45 33 55 20 51 35 36 31 34
14 48 20 36 25 25 13 4 23 18 3 44 26 30 7 44 26 20 31 31
6 25 13 17 13 16 6 11 10 6 10 25 17 20 1 29 13 12 14 22
4 19 7 7 3 4 3 3 2 3 6 13 9 11 1 15 8 5 10 8
1 13 6 9 4 5 2 4 5 2 2 10 6 10 1 10 7 8 6 8
1 25 8 14 9 11 12 6 4 10 14 12 12 21 6 22 19 14 15 16
13 63 28 32 36 24 43 40 20 22 31 45 38 59 26 49 34 42 15 31
1 9 1 10 11 13 3 11 7 1 4 20 7 14 3 13 1 14 9 10
13 58 24 44 35 34 23 22 20 17 22 56 39 42 3 57 32 18 39 34
4 14 5 7 7 7 2 6 1 1 11 11 9 8 1 12 6 2 10 5
20 74 36 51 45 32 32 38 36 36 13 69 41 62 37 67 47 54 40 40
9 19 4 12 4 8 1 1 1 1 2 11 7 1 1 14 10 1 9 6
22 31 20 30 28 19 5 18 4 22 7 39 19 18 21 34 12 19 31 14
5 35 11 19 16 9 11 16 13 12 6 32 14 25 11 26 21 22 21 15
25 70 32 48 49 55 27 34 50 28 35 64 59 52 30 62 40 37 37 56
7 16 8 9 6 8 1 6 5 1 4 17 8 11 1 14 8 8 8 9
29 80 51 55 46 46 38 50 36 21 37 70 61 60 31 59 46 37 24 54
10 26 14 17 13 15 6 12 4 2 10 28 20 17 1 28 7 3 9 17
15 35 8 15 16 14 10 8 3 13 11 25 16 19 4 28 16 10 16 10
9 43 20 25 23 19 9 8 18 4 6 37 25 21 5 36 22 14 22 19
16 49 12 29 26 27 13 12 5 19 15 39 23 29 9 37 22 17 25 17
18 53 25 34 29 41 25 30 8 24 37 29 38 38 17 37 32 23 15 42
8 41 21 14 15 13 14 18 9 14 10 34 32 30 7 44 19 20 10 25
12 46 18 36 24 19 19 14 25 9 10 43 24 39 7 36 24 27 27 24
26 67 37 42 29 27 22 27 26 26 20 52 52 48 16 53 32 21 32 41
9 47 24 36 25 24 19 19 25 11 18 42 29 32 13 40 38 18 37 35
8 34 13 25 20 27 8 6 16 7 10 36 24 25 4 35 18 14 20 27
10 32 2 20 21 25 10 17 4 6 19 29 11 16 7 22 19 14 19 9
13 73 35 53 44 44 31 30 23 20 35 61 44 53 10 61 44 23 36 50
10 70 26 36 40 29 25 30 28 5 27 54 41 42 18 50 38 17 21 34
13 63 23 25 30 23 22 20 14 22 17 46 34 38 15 48 27 25 20 26
7 20 3 11 7 5 4 9 6 3 6 21 4 15 4 11 2 13 10 4
15 34 5 31 25 19 10 10 11 15 4 38 16 25 9 32 13 27 25 18
20 66 25 34 42 43 26 31 30 25 25 54 48 42 30 59 38 31 23 43
15 69 28 49 51 49 47 36 27 40 43 61 55 66 14 70 25 46 32 54
18 30 10 15 9 18 2 13 5 12 7 22 22 18 9 22 13 11 8 18
20 62 19 50 44 42 35 33 28 25 28 60 33 60 19 51 27 40 35 36
10 40 13 28 32 23 20 27 17 3 15 45 24 36 9 34 11 26 15 20
17 37 10 21 15 19 3 3 1 11 9 23 18 13 2 27 16 5 18 11
2 15 2 4 3 3 1 1 1 1 1 14 1 8 1 12 3 3 2 4
4 16 8 5 4 3 3 4 3 2 3 15 10 10 1 16 7 3 8 7
12 24 4 11 11 11 1 4 4 10 5 17 7 12 1 16 6 9 7 7
6 16 3 6 4 5 2 7 1 1 7 11 10 13 1 9 2 1 6 4
8 23 12 17 9 9 4 6 8 1 8 22 11 11 1 18 13 8 17 12
2 52 15 45 39 29 30 18 32 13 21 61 34 50 1 51 21 31 41 29
6 20 10 14 8 10 4 7 9 6 5 19 9 13 1 22 13 13 15 17
15 32 16 17 23 15 8 11 9 9 1 37 21 21 7 28 3 14 12 7
12 27 4 7 9 11 5 8 4 1 9 18 10 16 4 14 9 5 5 6
36 51 30 41 30 32 14 27 29 26 29 42 36 38 26 33 31 29 35 31
17 71 27 44 45 39 40 34 36 30 27 58 46 64 31 59 37 53 30 49
5 34 8 8 13 4 13 9 8 7 9 20 11 24 4 20 15 13 9 7
20 39 11 40 38 40 21 11 16 23 22 43 31 32 6 45 14 21 37 24
25 69 28 58 54 54 33 27 19 30 30 68 53 58 10 66 22 28 39 44
13 51 24 38 45 34 32 36 21 10 25 58 32 48 10 45 17 33 18 28
13 37 14 26 24 26 17 20 1 5 26 30 23 28 3 28 13 4 15 16
15 57 18 34 37 40 12 27 16 12 31 48 33 22 21 42 33 11 25 29
32 70 33 49 50 45 25 45 34 38 27 67 46 64 39 60 37 57 36 43
7 38 6 16 19 15 12 13 10 10 12 32 14 30 8 29 14 24 15 17
10 52 14 36 40 32 22 23 12 11 22 53 23 38 4 41 12 19 23 16
8 20 6 6 12 9 6 16 2 1 9 23 11 16 4 16 2 6 5 6
19 66 32 37 28 27 22 23 31 21 21 47 44 52 21 44 37 29 27 40
19 72 17 49 44 36 36 25 24 25 30 60 39 57 8 61 43 37 41 37
7 15 3 4 7 7 1 11 1 1 4 20 6 11 4 12 1 8 6 4
7 22 3 13 7 8 5 8 3 1 10 13 5 12 4 6 12 7 11 3
29 49 30 42 44 44 25 16 19 29 20 55 44 44 16 59 7 17 33 41
36 69 29 53 46 56 15 21 32 35 28 56 49 40 34 57 41 32 42 54
16 59 22 44 40 29 32 35 24 11 26 59 38 49 11 49 34 35 31 28
2 30 8 14 17 15 7 16 6 1 14 24 11 11 13 20 21 13 18 13
26 68 26 33 41 52 27 29 21 36 35 44 49 45 34 61 38 32 19 51
12 32 19 29 22 11 4 16 7 13 7 39 18 16 13 33 20 13 33 11
1 13 7 9 1 2 1 1 2 1 3 6 6 1 1 10 10 2 11 8
13 13 8 13 4 9 1 5 6 6 7 6 11 9 7 8 6 6 10 9
1 19 1 1 2 6 1 4 1 1 5 10 3 11 1 7 5 1 1 3
5 41 15 8 15 14 12 18 11 8 11 28 23 23 14 32 26 20 11 22
8 34 20 25 27 22 25 18 27 13 11 34 29 37 11 39 21 32 15 28
1 8 2 1 2 1 2 8 1 1 1 10 4 9 1 5 1 5 2 1
13 61 37 46 42 33 34 38 27 14 27 64 46 56 14 60 32 36 24 44
14 60 19 34 32 39 23 31 32 29 28 41 34 42 36 41 39 30 22 43
1 19 2 3 4 3 3 6 4 1 1 15 2 12 1 7 4 10 2 2
22 69 34 49 47 48 20 48 15 30 41 58 42 49 33 54 46 31 35 44
7 16 4 7 4 3 1 2 1 1 4 13 7 9 1 11 2 3 6 2
6 12 2 1 5 6 1 9 1 2 4 13 4 6 3 11 3 5 3 2
15 56 34 59 44 28 36 33 47 36 5 72 40 64 28 63 36 56 51 45
17 57 8 37 28 32 21 19 14 23 27 34 27 42 15 30 38 27 30 29
10 43 12 24 27 31 16 12 15 13 16 38 25 34 6 40 17 21 18 29
4 36 12 21 20 23 18 14 13 13 15 29 23 34 7 35 17 24 14 29
11 77 19 61 50 48 41 25 37 34 34 69 50 63 9 70 44 40 55 52
15 42 10 28 23 23 14 11 11 12 13 36 24 34 5 37 13 20 16 25
17 33 14 16 13 12 6 9 10 6 4 27 24 19 4 25 11 6 11 12
6 54 26 30 36 39 21 34 29 12 31 49 38 36 23 45 34 18 20 41
3 19 3 6 5 6 5 4 4 7 3 13 7 17 3 18 7 14 2 11
4 28 11 7 10 3 4 9 6 1 6 23 15 15 1 24 9 4 11 8
9 32 7 9 6 11 6 6 2 8 8 18 10 16 9 20 19 13 8 17
5 31 15 23 15 18 6 21 5 4 17 28 20 16 11 25 18 12 19 21
15 59 14 42 38 38 30 22 34 25 22 54 37 52 18 45 24 46 35 40
12 49 23 43 37 28 25 36 9 24 26 47 26 47 18 39 23 29 26 24
1 10 3 8 5 5 2 4 6 1 1 12 3 11 1 7 2 10 5 5
16 56 21 53 50 46 41 39 21 22 37 62 41 59 8 49 24 37 34 36
14 49 23 25 16 19 18 18 19 15 13 32 30 33 19 34 31 28 17 31
6 52 15 31 31 27 24 25 11 6 22 46 28 43 6 42 22 25 20 26
1 19 1 6 5 1 3 3 1 1 3 12 1 11 1 2 4 4 4 1
21 69 33 43 47 51 28 49 24 23 48 57 49 47 32 47 40 23 26 45
4 15 2 6 12 8 1 14 1 1 5 22 8 9 4 16 1 6 7 2
35 68 24 51 49 52 25 34 40 39 26 61 38 53 39 52 38 50 40 46
2 9 3 1 2 1 1 8 1 3 1 11 2 7 4 7 4 6 5 3
14 32 13 25 23 17 12 10 15 18 5 33 14 21 9 31 13 20 21 14
1 16 9 7 4 5 4 10 1 7 4 12 10 10 6 14 13 12 11 12
2 45 19 18 15 14 12 19 20 7 8 33 29 29 12 36 32 18 18 31
2 12 4 3 6 4 3 4 5 1 1 13 4 9 1 12 1 7 4 4
1 39 14 21 18 15 17 19 5 10 19 31 21 34 7 29 13 20 13 23
12 32 7 23 16 17 9 14 10 5 14 27 15 23 6 18 11 15 14 13
8 58 25 46 43 43 35 27 29 16 34 56 43 51 7 52 26 29 35 41
19 63 20 50 53 45 28 32 20 30 27 66 40 48 21 64 37 40 48 35
11 59 31 34 39 39 33 34 16 27 25 56 48 49 15 64 28 37 22 45
5 27 5 13 7 8 4 1 7 2 2 18 8 18 1 18 11 13 8 12
24 51 26 43 41 44 16 19 11 19 23 54 36 32 19 47 12 17 33 35
3 26 6 6 10 4 6 9 5 1 8 19 9 17 1 14 6 7 8 1
16 58 32 56 44 39 36 26 42 29 30 58 37 56 22 56 41 40 52 45
25 52 19 34 24 29 12 9 2 24 17 35 36 31 14 41 21 10 28 25
21 58 23 45 48 43 30 37 32 32 13 61 36 54 33 57 31 51 32 34
12 75 32 53 42 35 41 35 29 32 30 67 49 64 22 71 47 44 47 48
5 14 4 4 2 3 1 1 1 1 1 13 5 4 1 12 3 1 4 4
15 79 29 57 59 38 39 47 21 28 31 79 43 60 15 68 43 37 48 31
4 22 1 23 24 15 5 13 10 7 5 34 9 20 6 25 5 23 21 9
7 8 4 9 5 8 1 9 6 4 4 12 5 9 5 9 4 11 6 8
11 35 8 26 23 21 15 18 13 8 14 36 18 35 5 27 4 18 8 20
1 49 15 31 26 25 14 21 19 6 25 37 24 27 16 31 36 18 32 24
11 45 13 25 19 19 13 12 12 7 17 29 22 31 8 23 18 12 16 18
16 37 6 23 19 28 3 16 4 7 16 28 17 18 12 21 11 12 10 19
3 35 18 21 16 18 12 15 7 6 15 30 22 27 1 28 13 9 10 22
9 42 12 21 19 14 11 10 7 5 15 33 19 28 1 32 16 9 17 15
7 35 12 19 25 21 7 26 6 13 18 28 12 18 23 29 28 20 24 15
6 36 9 25 24 17 5 20 1 9 11 37 11 20 11 28 20 16 25 5
3 20 2 1 4 6 1 5 1 1 3 13 5 10 1 14 8 3 2 5
23 66 16 59 55 49 42 26 42 35 27 66 44 58 15 56 25 47 48 35
8 46 11 38 32 31 17 7 17 10 16 45 24 33 1 42 18 17 29 24
1 27 1 12 9 10 9 8 1 4 11 19 7 22 1 18 12 10 11 6
1 23 4 4 4 12 1 6 1 4 10 9 8 11 4 14 14 6 6 13
11 70 27 43 37 26 39 36 21 21 29 57 46 60 18 59 40 40 30 37
20 59 21 36 38 33 32 26 37 25 13 48 30 52 30 45 34 46 21 38
1 12 5 4 1 4 1 2 1 1 2 9 8 5 1 14 6 2 5 8
6 17 5 8 6 10 1 7 4 1 11 12 9 11 1 12 5 6 8 7
19 69 32 35 34 34 21 33 36 9 22 55 49 42 25 47 39 20 17 40
4 25 7 14 10 12 5 5 10 3 6 22 9 19 1 16 10 13 12 10
3 42 10 18 18 15 12 14 9 5 9 36 17 30 2 32 14 18 11 19
15 53 21 21 30 27 20 26 8 17 21 40 31 33 7 41 16 14 12 20
8 47 9 27 31 31 24 8 24 22 17 39 27 40 12 44 24 33 23 35
7 12 4 9 7 9 1 2 2 2 1 14 6 2 1 16 3 4 8 6
14 57 24 51 36 35 31 21 33 26 21 59 45 56 14 58 23 39 36 50
4 18 5 7 7 14 1 6 6 5 8 10 5 11 7 12 13 9 6 13
3 63 34 51 41 26 31 38 21 30 22 60 31 53 24 59 41 40 39 37
21 60 30 51 31 26 25 29 32 21 22 55 39 47 20 43 38 26 44 34
18 48 25 27 31 21 27 26 27 16 17 43 29 42 20 43 27 38 13 28
23 69 34 49 43 40 36 36 32 17 33 54 44 57 25 44 37 34 24 34
4 28 1 15 13 14 4 4 8 1 6 25 1 16 2 12 8 14 11 7
6 26 10 14 8 13 1 7 6 1 4 25 16 12 1 23 13 5 10 13
21 60 21 38 42 46 24 18 16 31 24 54 45 46 21 59 21 30 29 46
9 31 8 17 19 10 12 10 16 2 3 29 12 27 2 25 7 21 9 11
14 73 21 55 64 44 44 39 40 36 23 71 31 62 37 67 48 59 46 37
16 43 16 30 24 24 11 14 6 12 19 39 29 23 2 37 23 6 32 16
12 30 4 11 9 12 6 11 1 9 11 16 17 18 5 22 9 7 2 14
24 69 25 57 46 58 38 36 26 34 43 63 54 61 20 62 39 43 45 57
10 17 4 6 9 9 1 13 1 1 8 20 6 11 7 11 1 10 9 4
1 28 10 20 9 6 4 1 13 1 4 26 12 21 1 19 12 10 18 13
6 19 10 7 5 7 1 4 4 3 5 14 12 7 1 18 13 1 10 9
13 49 14 34 30 24 22 24 24 10 16 46 25 43 14 31 22 31 25 15
4 22 1 4 5 1 6 5 1 4 4 13 3 12 1 13 9 7 5 4
13 38 7 26 22 30 13 14 8 9 23 26 19 27 7 32 26 15 22 23
15 58 20 32 30 30 19 21 11 16 19 45 33 38 8 41 22 17 12 30
6 31 7 21 9 16 3 5 5 1 10 19 15 22 1 13 8 7 8 14
6 24 11 17 7 8 3 4 10 1 6 22 11 16 1 18 12 10 16 14
14 34 19 20 19 19 4 10 3 9 9 32 26 16 4 32 8 1 16 16
33 52 29 41 39 27 21 36 29 21 18 55 38 42 30 39 24 38 22 23
6 58 21 22 29 17 29 26 21 15 20 34 27 40 26 38 40 36 18 27
16 72 19 23 39 35 36 42 12 27 39 43 39 43 31 53 50 34 17 34
11 36 6 19 17 10 14 12 16 11 1 28 8 26 9 19 11 21 10 10
4 17 4 7 6 9 3 9 1 2 8 13 8 16 1 10 2 4 2 7
5 62 28 41 33 29 25 31 26 19 24 53 42 48 22 56 40 32 36 51
3 30 8 29 28 19 16 21 18 13 5 40 10 32 15 26 15 34 24 12
5 59 21 31 33 23 35 29 22 21 22 43 29 54 15 47 26 37 16 32
2 18 3 4 4 12 1 7 2 1 7 11 5 9 5 7 10 7 3 8
2 43 10 25 26 27 13 13 22 8 22 32 19 24 16 28 29 16 20 26
12 51 11 29 30 24 15 25 12 23 15 39 19 37 28 40 30 34 22 23
1 23 15 17 17 16 13 15 5 5 16 23 19 24 1 19 5 7 7 15
7 40 19 33 27 16 18 8 28 11 1 47 21 33 4 41 18 23 28 22
12 50 28 37 38 30 26 38 3 26 29 52 31 45 17 51 28 32 27 33
1 37 10 20 10 7 8 8 10 4 9 32 16 27 1 27 17 14 20 16
13 63 18 38 44 30 30 32 24 19 21 54 32 55 29 54 37 47 26 33
14 39 8 13 24 23 4 16 10 10 13 30 18 12 17 26 20 12 13 16
4 11 1 1 1 3 1 4 1 1 3 7 2 4 1 9 1 3 3 2
7 49 14 20 25 13 16 15 17 10 4 38 18 32 7 36 21 21 14 14
11 73 28 45 52 34 25 41 37 21 25 69 34 51 32 64 47 42 41 41
5 11 1 4 2 1 1 6 1 1 1 12 1 6 2 4 1 6 4 1
3 21 1 13 10 11 6 13 1 1 15 15 9 13 1 10 10 2 11 2
1 14 1 5 8 9 2 8 5 1 4 16 6 16 1 11 1 7 2 6
32 49 23 48 43 52 16 30 30 32 25 58 44 44 24 49 18 38 37 41
15 40 16 31 17 23 11 13 22 15 10 33 21 29 17 28 25 24 21 28
1 27 15 20 14 18 8 15 7 3 12 30 20 23 1 31 9 10 12 25
21 45 22 27 34 34 15 22 8 17 16 46 30 31 12 41 6 13 16 23
11 23 8 25 30 28 5 13 9 16 4 36 15 14 16 32 13 22 25 18
1 5 2 1 1 1 1 5 1 1 1 7 1 3 1 2 2 4 4 1
1 40 12 19 18 4 20 11 14 14 6 28 12 31 8 27 22 22 20 14
12 48 6 32 32 30 25 33 8 17 31 45 25 41 8 37 26 28 27 24
1 19 3 2 1 6 1 3 1 1 3 10 4 6 3 9 12 3 3 9
13 22 8 14 12 13 7 9 10 4 8 20 13 18 4 21 6 12 11 12
6 23 11 10 7 10 1 10 5 1 9 19 15 11 1 19 13 5 12 12
22 39 8 27 20 33 10 10 15 20 11 31 23 26 15 30 17 24 18 28
27 46 20 52 43 44 13 26 24 23 23 57 37 41 19 43 16 34 38 32
6 53 18 29 32 20 21 24 25 11 19 41 20 30 22 33 36 24 31 23
27 72 27 44 52 44 27 33 27 24 23 61 39 46 31 51 27 31 28 33
1 12 1 1 6 1 3 11 2 1 1 16 3 9 2 7 1 10 1 1
3 30 8 7 4 7 1 1 3 1 7 18 12 11 1 17 15 1 11 10
15 23 15 14 9 10 9 11 12 8 1 21 19 22 8 18 7 13 9 13
16 42 9 22 23 28 5 6 7 10 16 31 16 22 7 30 17 11 18 18
9 11 6 10 3 11 1 3 4 1 4 8 10 7 3 10 9 6 6 9
21 64 26 43 44 33 34 29 26 15 24 56 39 54 15 55 29 34 17 33
9 57 21 25 25 14 23 17 19 14 17 39 29 40 10 41 29 24 21 23
3 16 6 3 3 6 1 6 1 1 4 13 9 4 1 13 10 1 6 6
3 14 2 1 1 3 1 7 1 2 2 10 4 9 1 10 6 5 3 3
14 56 25 42 28 29 15 16 13 8 18 49 34 34 1 44 24 6 28 27
18 66 28 63 51 45 40 30 35 31 31 71 55 59 7 70 34 33 56 51
6 27 6 6 8 11 1 12 4 1 12 18 13 5 11 15 18 3 10 13
16 63 25 50 39 25 27 22 27 22 17 61 36 45 10 53 36 23 46 28
11 29 13 19 5 7 6 8 10 9 7 19 20 20 6 21 18 11 15 19
14 51 20 39 26 28 18 21 21 12 18 43 32 34 14 45 40 20 37 37
8 16 2 4 6 5 1 1 1 3 1 11 4 3 1 10 3 1 4 1
15 52 28 47 30 27 29 24 41 26 8 57 39 56 18 51 29 40 38 44
7 39 15 36 21 18 16 14 25 7 7 45 27 38 6 35 18 22 27 28
12 42 6 18 24 27 3 12 9 10 12 34 15 21 10 28 12 15 13 16
19 50 16 48 50 42 25 29 18 27 25 64 36 44 15 58 22 34 46 29
5 13 5 1 3 3 4 3 1 7 4 8 8 12 3 15 7 6 5 8
23 49 21 40 25 27 17 19 13 16 21 43 37 29 6 41 31 9 37 23
13 25 1 15 12 16 4 6 7 8 3 23 12 23 3 22 4 15 3 15
12 70 29 55 55 38 43 50 22 30 33 67 39 65 22 59 40 45 37 33
11 33 12 15 11 13 11 16 7 10 9 26 24 30 9 26 12 18 7 20
29 74 27 44 47 39 19 32 23 38 20 59 41 49 41 55 35 40 37 37
3 41 10 9 12 16 8 15 4 8 20 17 22 21 13 28 25 11 6 25
28 52 10 55 54 42 36 34 26 29 27 66 35 51 11 52 27 46 48 28
7 14 7 6 5 7 3 8 3 1 4 18 8 9 3 14 6 7 7 7
15 39 23 28 21 29 18 25 3 13 28 28 31 28 6 28 21 9 14 28
8 61 19 35 44 40 31 28 24 14 28 48 40 50 13 51 28 31 11 42
1 17 5 10 8 15 4 7 8 3 7 14 5 10 6 13 11 12 11 14
3 28 6 5 3 6 1 1 1 3 1 16 10 12 1 20 15 4 6 12
15 72 30 34 36 36 20 24 16 22 28 50 47 39 18 57 36 13 20 44
32 68 36 57 45 44 25 29 37 33 22 67 51 60 23 63 30 39 38 49
1 16 4 4 2 3 1 4 1 1 2 14 6 11 1 10 5 3 4 3
3 17 1 1 5 3 1 10 1 1 5 17 4 12 3 11 1 6 6 2
1 23 3 10 8 9 2 4 1 1 11 14 7 12 1 13 8 1 8 4
29 67 31 41 35 32 13 18 30 26 12 51 41 41 24 47 34 31 28 34
16 43 12 23 27 13 11 14 11 14 5 40 16 21 12 30 12 19 23 6
35 61 39 59 49 49 27 31 51 38 23 69 60 55 24 65 31 46 48 52
1 35 17 35 28 16 13 22 17 10 7 49 18 36 12 37 18 28 31 20
7 64 32 39 42 34 30 31 43 9 22 58 46 49 21 56 42 30 27 45
22 61 27 29 38 29 18 18 18 14 14 48 35 33 19 44 24 19 22 22
23 72 40 43 31 23 32 36 37 37 18 59 49 61 32 58 44 43 37 47
5 45 9 30 34 17 23 29 14 17 20 45 17 41 14 35 24 32 31 10
13 32 13 25 22 19 10 5 17 7 1 37 21 21 1 33 11 17 18 16
5 39 15 20 10 11 7 9 13 3 8 29 21 27 1 27 19 11 15 20
5 16 8 19 16 19 9 10 11 5 14 21 15 18 1 22 8 13 18 17
8 52 29 36 23 21 24 29 18 26 19 43 36 45 23 54 42 39 33 41
7 29 10 16 13 10 11 8 12 4 5 17 16 24 5 20 14 16 8 13
9 15 5 5 8 10 1 5 1 3 5 13 10 6 1 15 6 3 5 5
25 72 32 46 37 41 17 25 12 22 25 57 49 41 23 57 30 16 33 46
3 27 9 16 13 19 6 9 8 1 12 22 13 21 3 18 11 11 10 17
15 34 14 21 18 16 10 17 6 4 16 33 23 23 5 26 11 8 15 15
8 25 6 15 4 11 6 1 1 7 8 8 12 13 5 16 20 6 13 14
12 40 14 15 20 16 10 22 12 8 12 31 22 21 18 30 25 20 16 22
14 53 17 43 48 48 20 37 25 21 23 57 31 42 31 48 26 31 21 36
14 24 7 13 5 20 1 7 8 7 9 15 14 17 10 12 10 9 5 16
9 32 9 23 23 18 1 14 4 10 2 38 9 18 13 26 14 20 20 8
1 41 23 33 29 22 18 28 18 9 16 50 31 40 7 45 15 26 26 31
10 23 6 15 15 16 5 18 4 6 9 25 13 18 7 24 8 16 9 15
1 17 5 8 5 7 1 8 1 1 9 11 9 13 1 12 3 4 6 8
12 52 29 32 22 28 23 18 14 20 19 43 42 46 9 56 25 24 19 43
13 75 26 40 46 32 35 42 24 35 31 56 30 51 44 60 57 44 40 36
25 64 25 43 45 47 21 38 19 26 28 58 41 50 23 49 25 36 19 41
13 46 9 23 32 34 14 20 24 15 20 39 20 26 20 34 25 19 13 28
2 21 8 9 5 11 1 10 3 1 7 18 11 8 7 12 15 7 11 13
3 41 5 12 16 13 14 16 7 6 13 29 12 28 6 24 19 19 12 9
6 23 6 20 18 23 8 16 6 3 9 30 17 24 4 27 6 16 11 22
9 56 27 55 38 30 35 19 38 26 20 57 38 56 12 58 35 35 47 46
7 38 10 29 23 29 12 12 11 4 17 39 21 26 1 36 19 12 24 24
26 58 27 33 35 30 18 13 10 20 19 46 38 33 12 49 19 8 30 24
3 28 15 19 12 4 3 17 8 5 6 30 15 17 10 24 21 14 25 10
11 51 8 21 23 19 15 11 12 14 15 34 18 31 9 33 24 20 17 18
26 56 19 21 24 32 10 19 9 28 19 32 35 26 33 38 26 18 16 34
5 36 11 18 22 17 14 16 4 4 19 30 16 28 1 24 4 6 8 12
11 76 35 53 55 39 49 53 24 39 40 65 40 69 32 64 48 51 42 39
1 12 1 1 1 4 1 4 1 1 3 6 3 6 1 5 1 1 1 1
6 13 1 4 1 1 1 6 1 1 1 10 1 4 2 6 3 7 4 3
18 53 16 15 25 29 15 28 13 18 20 33 36 33 25 39 26 25 8 31
2 33 6 13 20 9 13 17 14 6 2 34 7 25 8 21 9 22 12 5
3 11 8 7 1 4 1 6 1 4 1 10 7 8 1 11 7 7 8 9
10 12 6 6 4 3 2 2 1 1 1 13 7 8 1 11 4 1 6 5
16 25 5 19 15 19 3 5 3 6 9 21 11 8 1 19 9 6 14 5
1 31 4 6 6 10 6 3 1 4 11 11 10 16 4 17 19 8 8 13
19 67 11 46 45 56 30 32 36 34 43 52 47 57 27 53 36 42 37 52
9 36 4 16 21 22 11 5 11 4 14 25 8 23 6 24 17 14 14 16
1 7 1 1 1 1 1 1 1 3 1 3 2 4 1 9 3 4 2 5
4 42 10 11 10 13 8 8 7 9 17 16 20 21 14 24 28 12 10 23
5 17 1 5 4 5 1 3 1 1 6 12 3 7 1 9 4 1 6 1
8 22 4 8 5 3 4 4 4 1 5 13 7 13 1 8 6 5 6 2
21 61 19 54 53 52 37 35 15 31 37 66 45 55 6 62 28 36 39 41
2 49 16 19 26 21 11 24 18 3 17 39 26 29 14 39 28 22 18 28
42 79 46 60 56 47 31 43 39 30 35 74 58 60 32 61 37 40 38 40
9 60 28 51 47 34 40 32 35 20 24 64 38 60 13 59 31 40 39 38
5 54 14 19 23 16 24 18 15 20 20 25 20 39 19 32 32 27 18 23
4 24 8 16 13 21 5 10 10 3 12 24 15 15 6 22 15 13 16 21
6 28 3 30 22 12 10 16 10 10 8 31 4 24 14 19 18 25 24 6
13 53 9 37 40 38 21 15 24 13 19 44 29 40 11 41 17 24 21 30
26 57 23 51 50 51 29 18 15 28 31 61 43 47 13 57 17 18 45 36
10 10 5 9 4 7 4 4 1 1 1 11 7 12 4 7 1 6 5 6
1 4 1 1 1 1 1 6 1 1 1 5 1 1 2 1 2 4 2 1
11 44 22 29 27 25 14 27 23 5 12 42 32 35 20 40 29 28 19 33
20 59 36 46 30 29 34 36 30 36 26 47 43 55 36 57 44 50 37 50
5 28 12 11 7 6 7 14 5 10 7 21 17 19 11 22 19 16 15 16
1 19 1 9 10 12 2 5 7 1 1 21 3 16 1 13 2 12 3 7
9 28 6 20 12 23 4 8 6 1 13 20 15 20 3 17 8 7 9 18
12 39 20 26 18 17 6 10 15 8 3 43 25 23 4 38 12 13 25 20
11 37 14 24 23 29 10 15 22 7 16 37 27 23 13 37 26 17 23 32
8 18 6 5 9 6 8 8 8 5 1 16 7 14 1 15 6 11 1 7
25 70 33 55 58 54 29 39 40 26 27 74 60 52 30 73 36 41 41 54
8 61 12 39 38 39 29 18 36 28 27 50 43 49 21 58 35 38 32 52
1 26 1 3 5 1 6 7 2 5 6 15 8 20 1 14 6 11 2 5
10 42 5 20 21 16 7 3 7 10 11 24 10 16 7 25 21 8 18 10
26 62 32 47 48 42 21 36 26 28 12 59 28 41 38 49 36 39 39 22
5 16 7 5 3 3 1 4 1 1 3 11 6 7 1 10 9 3 8 5
13 31 13 24 8 17 3 10 12 10 10 26 23 25 7 26 14 15 17 26
18 50 32 28 26 31 21 21 7 27 24 36 42 33 17 53 22 20 19 38
5 24 6 7 9 9 1 11 1 2 7 21 12 10 1 20 6 4 8 8
15 71 35 40 26 28 32 30 23 27 25 50 44 55 22 55 40 29 26 47
8 18 7 7 6 8 1 5 4 5 5 13 6 8 1 16 9 7 9 9
21 49 35 31 28 15 21 20 24 18 3 47 41 34 14 51 28 18 24 29
1 19 3 4 4 1 2 7 2 1 1 17 4 11 1 7 3 9 6 1
13 74 20 43 51 45 28 28 29 16 35 61 39 44 17 59 40 23 33 35
14 29 6 11 13 13 3 7 2 11 5 21 14 15 2 23 7 10 8 8
1 13 1 7 6 7 1 10 1 4 1 14 1 7 9 12 11 14 8 8
5 9 3 6 6 8 1 6 5 1 2 14 3 8 2 11 1 9 5 6
11 39 12 32 22 18 17 9 22 13 9 31 15 35 11 24 17 24 23 18
18 36 16 16 17 14 10 19 13 8 7 33 26 26 11 27 9 15 10 13
36 62 20 48 40 49 20 27 19 28 33 51 41 39 17 44 39 28 40 35
8 29 11 17 6 7 2 1 10 1 2 23 12 16 1 19 14 8 13 13
3 26 7 18 13 10 5 12 9 6 10 25 11 20 4 21 11 18 17 14
3 36 11 15 18 21 14 20 3 10 17 29 18 29 6 32 11 17 6 24
1 21 7 16 12 16 8 5 13 5 7 16 9 18 5 16 12 16 14 16
5 20 3 7 5 1 3 4 3 6 6 11 3 13 1 11 7 7 7 6
3 21 7 6 3 4 1 5 1 1 6 16 10 11 1 14 7 2 9 6
9 26 9 14 20 19 15 11 18 7 5 29 14 23 4 25 10 20 14 15
1 8 1 1 1 5 1 5 1 1 2 7 2 3 1 4 1 1 1 1
1 12 1 1 1 1 1 1 1 1 1 5 1 7 1 5 1 1 2 1
8 34 9 13 14 17 5 10 6 4 13 23 12 10 9 22 21 8 14 16
13 35 13 34 23 19 10 14 14 17 8 43 25 30 12 42 21 27 32 27
12 43 17 27 32 24 17 18 18 7 11 43 28 36 4 43 12 23 15 22
19 41 15 27 22 30 24 12 14 30 16 30 34 37 13 46 19 31 20 36
1 15 10 7 1 5 1 6 4 1 4 12 10 8 1 10 12 4 10 8
4 15 5 6 1 4 1 3 2 4 2 7 5 11 1 10 8 7 5 8
22 40 23 32 19 28 7 15 9 12 17 33 34 23 7 31 11 7 18 25
9 49 17 33 40 27 19 24 24 10 9 57 28 36 15 45 22 33 25 23
5 11 2 6 8 6 2 10 3 2 2 19 2 9 6 12 1 11 6 5
10 34 16 14 10 10 14 16 12 10 4 26 26 32 12 29 16 24 3 20
4 46 25 16 16 8 24 19 14 12 15 24 29 32 15 35 34 23 11 23
1 11 5 8 9 4 3 13 4 2 2 20 6 10 7 13 4 14 11 5
11 30 15 23 17 8 10 20 12 12 1 33 19 25 14 27 18 25 19 17
11 18 2 5 5 9 1 6 1 2 2 14 7 4 1 11 5 4 5 1
7 69 13 42 49 41 43 26 30 28 32 58 36 62 12 60 34 44 37 38
13 46 23 40 33 36 27 23 31 13 18 47 43 48 11 41 15 33 22 37
25 64 25 30 36 32 24 21 11 34 26 44 35 40 30 48 26 26 27 32
24 59 27 55 53 46 30 28 36 36 20 72 48 48 24 63 19 44 50 43
7 52 21 45 32 33 32 26 31 27 30 52 44 49 15 57 31 39 45 49
1 17 5 15 11 9 6 6 10 1 2 24 8 20 1 16 4 15 12 10
1 32 8 12 5 4 4 1 8 5 3 16 12 19 2 19 20 8 12 14
17 47 15 25 24 23 5 1 8 14 6 35 19 19 10 33 16 10 21 20
6 44 11 14 13 12 18 13 4 17 15 24 14 28 14 29 27 25 15 17
1 28 11 19 14 22 5 7 12 2 11 25 19 20 5 25 18 11 16 25
27 64 25 47 33 29 18 21 21 27 20 55 39 43 22 47 31 28 39 31
13 23 9 16 8 9 5 4 1 1 8 18 11 13 4 14 11 6 14 10
9 25 7 21 8 12 6 6 12 10 2 18 12 21 7 17 12 21 13 18
13 78 34 56 46 29 28 31 23 36 16 71 38 56 29 69 47 38 52 39
19 69 27 36 36 39 21 31 34 19 25 56 46 50 26 54 38 35 23 49
33 72 36 52 43 49 39 33 35 45 28 58 50 62 34 65 42 50 37 54
9 53 26 31 19 19 21 20 26 16 11 39 35 44 20 40 34 34 23 40
18 54 29 43 41 38 24 19 14 28 19 52 40 43 11 57 19 25 25 39
1 13 4 11 11 4 7 12 8 5 1 20 1 13 8 8 4 16 11 1
28 62 29 42 51 49 30 18 30 29 25 59 45 47 24 56 16 24 37 38
29 60 34 53 41 46 27 31 22 27 28 59 45 51 13 51 27 32 28 45
9 37 15 15 9 13 7 8 12 7 7 27 18 23 5 29 22 13 14 21
14 49 24 34 32 26 24 26 22 7 19 48 33 41 9 48 26 26 24 30
20 36 12 23 20 22 4 16 4 9 10 35 24 22 9 23 1 10 13 12
7 48 14 28 26 13 16 22 8 25 14 42 21 36 20 43 26 34 26 20
1 15 1 3 2 6 1 1 2 1 1 8 1 10 1 6 4 4 2 4
5 23 7 13 9 15 5 6 6 1 13 15 9 13 4 15 15 8 14 10
10 41 17 32 25 30 19 25 7 6 26 38 27 32 6 34 20 12 21 24
21 45 20 41 40 31 23 19 30 18 6 58 38 40 13 46 13 36 29 26
17 41 6 36 28 31 16 9 25 19 8 46 25 35 9 32 9 31 27 23
13 63 25 44 43 30 27 20 32 15 14 60 32 46 10 53 31 30 36 26
4 20 1 22 18 11 9 12 13 5 7 27 3 17 8 13 8 23 19 9
3 39 10 23 16 12 23 13 3 18 20 23 20 30 6 32 28 23 23 20
16 55 28 30 32 33 23 28 22 7 23 38 40 41 21 37 27 22 5 34
9 29 9 9 7 6 7 10 2 8 2 23 16 17 7 25 15 16 8 15
6 17 4 3 3 5 1 8 1 4 6 10 5 8 3 11 7 6 6 4
3 19 1 2 5 11 1 1 1 1 2 13 1 9 1 9 5 3 1 5
24 54 18 35 32 36 18 8 14 28 15 41 33 38 20 46 22 26 27 36
12 34 17 11 11 12 10 13 1 20 10 23 25 20 12 34 16 15 11 18
10 46 10 13 20 27 10 17 5 14 20 26 24 28 14 37 22 16 4 28
2 23 2 4 4 8 1 5 1 3 10 9 6 12 1 12 9 2 4 7
2 20 1 5 4 6 1 2 1 3 6 11 5 13 1 15 6 6 6 7
27 64 31 48 36 29 26 37 27 41 24 56 38 53 39 53 40 50 40 40
13 59 28 36 40 35 34 30 19 25 24 55 42 53 9 58 24 35 18 40
14 65 26 40 41 31 26 34 26 34 21 56 31 48 37 60 47 47 37 41
31 72 27 41 36 45 27 31 6 36 35 45 48 40 32 57 49 31 38 45
1 41 11 30 22 16 19 17 13 11 15 35 13 24 10 27 32 19 33 15
14 29 11 17 7 10 8 8 5 11 9 20 17 18 10 22 17 13 16 18
7 15 6 5 5 5 1 3 1 2 5 12 8 6 1 13 4 1 8 4
18 52 23 46 45 38 37 28 37 18 20 57 41 58 15 47 13 39 19 36
35 69 42 50 52 45 34 36 24 25 26 66 54 52 23 58 22 28 20 38
10 62 28 42 38 25 30 34 28 6 22 63 38 48 12 50 35 30 34 27
15 66 12 47 45 47 34 30 15 20 37 52 36 56 6 49 31 29 27 39
6 35 9 20 24 23 15 18 16 5 13 37 18 31 3 28 8 21 13 17
13 52 29 37 29 18 25 21 24 11 15 50 37 43 7 44 21 16 26 29
1 10 1 2 1 1 1 2 1 1 1 6 2 9 1 7 2 6 1 4
17 39 12 21 22 19 10 13 4 6 15 31 23 23 2 27 10 5 14 10
9 32 12 9 15 10 9 12 9 4 5 27 16 19 3 22 11 12 8 6
9 31 15 30 19 17 15 15 25 11 1 37 19 34 12 25 11 29 21 21
1 17 1 1 3 1 2 3 1 1 1 10 1 10 1 10 1 4 1 1
14 49 20 21 24 28 5 16 6 13 17 34 31 19 12 40 23 5 18 28
15 79 30 51 43 26 41 29 30 29 20 65 46 60 12 68 51 41 44 38
12 62 24 29 37 34 23 25 8 13 31 45 33 37 8 45 27 11 19 26
6 16 4 7 8 11 4 7 6 7 7 14 8 15 1 18 6 11 5 12
21 42 23 27 21 22 9 14 8 16 13 35 34 22 7 41 18 7 21 26
25 66 41 63 46 41 23 44 34 33 23 67 35 57 34 57 41 46 49 38
7 28 20 28 16 22 11 15 7 6 19 25 27 22 2 29 12 7 14 27
1 18 5 14 9 2 5 6 9 3 1 23 3 10 4 16 10 15 13 7
3 10 1 3 2 3 2 3 2 1 1 8 2 9 1 4 1 4 1 2
8 22 3 5 8 7 2 5 2 1 3 18 6 13 1 12 4 5 3 2
15 45 17 42 42 34 19 29 9 12 22 57 32 33 9 50 17 22 35 21
8 29 5 14 16 15 7 11 9 5 9 26 10 19 1 20 7 13 8 8
31 59 31 49 44 36 20 44 34 40 23 59 29 54 42 45 37 48 42 27
9 41 7 9 17 13 15 14 10 11 10 27 16 31 7 26 15 20 4 14
21 52 21 28 24 34 8 22 22 16 27 35 31 22 26 31 36 11 22 34
1 21 4 9 3 1 1 2 2 2 4 12 5 13 1 10 7 6 10 5
1 32 10 10 13 13 4 8 12 1 4 24 13 17 4 26 18 11 9 19
26 57 29 51 52 36 24 34 20 31 17 67 33 47 28 57 18 35 40 29
1 21 7 7 9 6 5 14 5 1 6 20 10 16 7 12 9 11 10 5
32 59 27 27 24 32 18 35 15 34 33 35 40 46 33 41 35 36 18 37
1 24 8 13 5 5 1 6 8 1 2 25 11 16 1 20 9 10 12 13
10 45 27 44 44 28 27 32 29 21 11 63 28 44 22 53 28 42 42 22
19 68 20 30 42 26 28 30 24 22 20 49 32 42 28 48 37 37 25 24
8 16 1 7 10 11 1 8 1 5 1 19 6 8 2 18 1 10 6 5
14 23 10 15 16 17 6 17 1 5 13 25 18 12 5 22 5 8 11 11
1 21 10 16 6 3 2 1 12 1 1 25 10 17 1 21 8 8 13 14
1 4 2 6 1 3 1 3 1 1 1 8 1 1 1 6 2 6 8 5
6 25 3 6 13 10 5 8 8 1 1 23 6 15 1 19 4 12 3 4
23 64 17 39 40 38 32 36 16 17 32 51 38 51 10 43 30 28 22 27
6 7 4 5 1 2 1 4 1 1 1 8 5 6 1 8 2 4 4 4
17 31 16 29 14 27 8 8 20 10 8 30 25 24 11 27 19 18 21 30
6 24 9 16 8 9 6 4 9 4 3 19 9 16 3 15 13 11 11 12
16 48 15 19 16 27 13 22 9 19 29 19 29 30 23 28 30 19 11 32
30 66 33 61 53 47 37 35 56 35 24 74 56 64 27 63 29 57 43 51
5 15 1 1 3 2 1 6 1 1 4 13 3 10 1 7 1 1 2 1
9 68 23 43 42 39 27 25 35 15 28 60 41 50 13 59 38 28 35 48
7 57 17 23 28 33 14 23 16 17 30 35 33 27 21 44 36 12 14 37
6 43 14 20 15 7 15 17 10 16 12 34 19 29 15 34 23 28 21 20
1 5 1 3 1 3 1 1 1 1 1 4 1 6 1 6 1 6 1 6
18 32 7 26 19 11 8 14 13 15 4 34 12 23 16 21 8 21 20 10
19 55 17 52 36 40 22 15 20 20 20 58 41 39 1 52 30 22 46 33
23 60 19 53 48 47 32 26 37 26 25 60 44 53 13 50 27 42 39 35
11 14 8 8 9 9 1 7 1 6 1 18 10 4 3 17 5 5 9 5
4 17 1 6 8 7 1 1 4 1 1 17 1 12 1 11 1 7 1 3
