1000 20 12 1913
5 7 9 8 3 21 15 2 16 6 2 16
7 13 10 14 5 1 7 12 9 1 12 19
2 2 8 14 6 17 9 8 20 4 14 7
13 10 15 5 4 5 4 8 2 0 5 18
8 9 15 2 8 1 1 8 3 5 9 21
3 1 3 0 4 1 1 4 6 2 5 6
14 9 1 20 9 4 9 6 4 12 5 13
5 2 5 19 7 6 5 8 5 1 3 4
3 8 5 1 3 4 4 1 6 4 4 4
4 3 1 2 2 2 0 3 10 9 3 0
1 5 1 16 12 2 14 11 13 6 0 9
20 3 12 1 16 4 20 11 2 4 8 9
3 0 0 0 7 1 2 2 7 1 2 1
2 7 3 7 2 5 9 1 4 1 10 2
0 15 4 2 5 9 9 6 0 3 2 13
6 12 5 2 5 25 7 8 13 2 4 9
19 9 3 13 0 12 10 3 16 3 3 12
8 3 2 1 9 9 5 3 7 13 7 16
13 5 11 6 14 1 3 0 16 10 13 9
7 20 13 16 7 15 9 9 4 5 3 7
20 10 2 4 13 2 12 14 9 9 4 12
6 2 3 12 4 4 20 4 3 5 6 6
1 2 3 11 12 25 9 12 9 6 7 11
14 4 14 10 14 4 2 12 6 5 6 0
3 13 2 5 1 17 4 3 5 11 7 1
3 4 3 8 6 11 5 7 1 11 4 2
11 6 7 2 12 3 3 3 2 10 12 5
5 0 3 5 0 4 3 5 3 5 2 1
10 10 17 7 12 7 2 9 1 12 5 3
5 0 9 21 2 10 25 8 8 2 3 0
2 2 5 3 3 3 5 5 0 0 1 5
1 10 25 9 13 5 12 3 9 10 9 6
10 4 7 2 10 20 5 15 10 18 8 5
4 4 2 6 3 7 1 2 1 4 3 7
3 1 2 4 5 9 2 5 4 5 2 3
2 4 5 0 7 1 19 2 5 21 12 1
4 0 0 12 1 5 1 2 2 4 2 6
5 13 24 10 6 1 5 1 15 2 14 10
6 10 10 10 10 4 10 3 5 6 4 15
17 5 8 16 9 8 6 10 4 2 3 2
1 8 15 2 4 5 9 4 7 3 1 9
4 14 2 7 13 2 6 6 10 6 4 4
5 19 1 13 5 5 6 5 2 4 0 3
1 1 3 3 3 3 4 1 6 2 3 0
11 1 5 3 0 8 1 27 7 10 1 16
3 6 4 4 1 0 11 9 6 2 3 11
8 5 4 3 5 3 1 2 2 0 4 4
7 2 5 8 4 1 0 3 2 1 0 3
12 19 10 8 1 21 9 6 11 5 9 11
1 2 1 1 1 2 3 6 1 6 4 2
6 5 1 4 0 2 6 2 1 5 5 2
1 2 0 6 5 5 2 2 1 4 2 6
3 3 8 5 14 2 9 1 17 5 1 5
0 2 3 3 8 9 5 7 5 4 9 6
17 4 16 4 10 9 0 12 3 16 13 11
4 1 6 7 1 4 2 2 2 8 3 9
16 1 5 1 6 10 13 5 12 18 4 20
9 2 2 30 8 13 7 1 8 12 1 10
2 9 2 2 3 3 2 3 7 3 4 7
4 12 2 14 3 12 7 10 2 9 5 4
7 6 4 7 2 2 4 6 1 1 1 8
4 1 2 4 3 7 9 1 2 2 6 0
10 26 2 7 10 11 2 15 3 5 7 5
16 4 1 4 3 8 6 7 12 6 5 7
2 5 2 2 1 2 1 4 7 12 3 2
3 13 19 6 3 9 2 11 4 6 22 4
8 8 10 5 8 4 4 11 7 2 2 3
11 4 1 5 7 9 7 10 6 7 2 9
4 7 3 25 3 17 3 5 2 7 2 1
7 9 9 1 15 14 15 5 13 5 19 4
4 1 1 3 2 2 6 4 2 2 1 6
2 5 2 0 4 2 2 1 10 6 7 8
5 8 1 11 21 6 5 4 6 4 6 5
6 4 11 9 6 1 8 2 1 2 15 3
8 0 6 4 4 4 2 3 0 6 4 2
1 5 3 1 3 8 0 3 8 0 0 6
0 1 1 1 5 1 5 1 7 1 3 2
1 2 13 15 12 10 5 3 9 0 2 19
3 8 5 2 12 10 9 4 0 1 3 2
2 6 7 6 4 4 5 4 4 6 7 4
2 1 4 4 2 4 7 5 6 3 5 0
16 3 10 3 0 3 1 15 11 2 9 14
7 2 1 4 1 2 7 4 2 7 3 9
13 8 2 13 8 11 10 10 9 2 6 13
4 7 7 4 7 3 4 1 7 9 1 15
6 2 1 5 4 3 4 3 3 2 4 0
7 2 1 3 1 0 2 5 7 7 2 1
10 12 10 1 3 2 14 12 6 9 3 11
3 2 2 5 1 13 9 6 6 7 9 2
5 8 1 2 2 0 1 6 2 7 0 1
11 0 13 5 0 4 8 3 5 8 6 4
5 6 9 2 1 9 13 8 20 13 10 5
3 2 2 4 8 5 3 2 2 0 2 3
4 2 9 1 1 7 4 3 4 2 2 1
5 0 18 7 16 7 3 2 5 1 4 3
1 6 2 1 8 6 5 3 5 0 4 3
7 5 10 6 0 6 6 3 2 14 9 23
7 2 7 13 2 10 4 7 17 13 2 14
3 17 8 25 1 3 4 10 9 9 7 7
4 2 0 5 4 2 1 6 0 0 6 3
4 5 19 3 11 13 1 16 4 10 5 14
14 1 8 4 0 4 6 14 6 20 0 11
0 17 0 5 4 23 6 10 2 7 1 5
5 3 5 5 10 5 6 9 13 10 9 12
13 8 6 13 5 5 1 3 1 7 3 2
1 5 3 4 3 6 0 4 2 2 3 0
12 19 4 17 6 1 4 8 1 11 1 11
7 6 3 13 7 6 3 15 14 14 12 3
3 4 1 6 1 3 2 4 4 0 1 1
20 14 5 2 8 4 1 3 0 1 5 13
17 17 7 2 5 10 3 5 5 15 12 5
2 2 8 6 8 4 1 7 2 9 0 2
8 5 3 4 4 4 2 6 1 1 15 3
5 0 0 1 5 7 2 1 6 2 1 2
3 3 1 10 4 0 4 4 8 3 6 0
3 2 25 1 17 7 6 3 15 7 10 7
19 16 6 10 2 4 5 20 3 4 3 16
0 1 0 2 7 4 2 3 4 0 3 1
2 2 8 3 6 5 1 19 7 16 9 23
5 1 3 11 7 2 1 4 1 5 7 7
13 5 3 7 2 5 5 1 3 6 1 5
1 3 22 0 6 17 6 6 18 1 6 2
6 7 5 3 3 6 10 11 1 11 7 7
5 3 0 2 3 1 8 5 2 0 1 1
2 2 5 8 2 12 2 12 5 1 1 10
1 16 2 9 1 5 15 6 4 0 5 11
2 1 1 4 6 1 2 0 4 5 1 2
2 1 1 1 4 10 16 1 5 1 10 4
6 8 2 1 5 15 4 18 12 6 5 0
3 0 11 1 3 2 0 3 2 3 10 5
2 2 1 4 4 10 13 9 4 8 9 1
11 7 6 4 3 4 5 6 5 4 6 3
3 3 2 2 2 0 2 1 4 5 4 4
6 2 2 0 1 4 0 0 6 2 1 2
6 3 12 27 0 4 9 5 10 2 2 14
2 7 12 10 16 8 4 4 2 2 12 12
0 1 3 5 2 6 8 3 8 17 1 2
3 4 4 6 2 2 1 7 1 5 5 2
25 1 10 7 4 3 17 5 2 5 6 7
3 7 1 1 18 8 12 2 2 7 1 7
7 2 11 4 5 0 15 0 3 2 0 8
4 6 0 0 0 4 3 7 0 1 3 1
1 17 5 3 2 10 10 11 6 9 19 11
2 3 0 6 14 11 14 12 5 10 11 9
10 9 5 5 13 9 0 12 2 13 7 0
4 2 2 19 4 1 3 7 3 6 4 0
9 3 4 5 7 9 6 10 4 11 8 10
4 6 16 14 1 4 5 11 5 23 14 11
14 6 9 12 4 9 17 4 3 14 17 4
5 1 6 5 15 0 13 2 9 2 2 4
17 10 1 1 12 5 8 4 2 1 0 1
7 3 11 4 8 4 6 3 1 16 10 14
2 1 6 1 4 4 2 5 3 7 3 2
6 5 1 4 1 2 2 1 0 7 5 0
9 7 10 2 24 9 17 2 1 4 9 11
6 1 5 5 3 1 1 3 0 1 2 0
4 5 0 3 3 1 6 9 2 5 4 1
24 9 20 8 7 2 1 1 6 11 5 7
3 2 6 3 0 3 1 4 4 0 3 1
10 3 5 3 7 7 1 2 6 2 1 0
19 2 6 7 6 15 9 11 1 10 19 7
12 9 5 0 10 1 1 6 12 17 8 6
20 11 3 1 2 2 7 14 12 7 3 11
8 8 16 14 2 9 2 14 8 4 4 12
4 0 5 5 8 6 3 9 4 4 3 8
1 2 1 3 12 5 8 1 1 6 2 2
4 0 4 7 4 6 1 3 8 4 2 7
1 7 6 3 7 8 4 5 1 3 7 13
6 6 3 0 5 1 18 20 3 9 4 0
0 0 2 2 7 3 3 4 6 5 12 10
5 4 6 12 1 14 1 13 14 8 13 5
10 8 5 1 5 6 8 9 3 2 7 1
1 1 2 5 3 4 2 0 0 5 5 7
4 5 7 6 6 3 2 5 3 0 6 4
2 3 10 8 6 18 1 22 4 12 8 1
4 2 11 3 4 0 6 8 6 8 2 6
3 6 1 4 3 4 3 8 6 0 2 1
17 7 2 3 7 9 21 1 13 9 9 1
6 7 8 6 4 3 15 3 5 2 1 2
4 5 12 7 2 0 12 8 0 8 4 7
2 7 6 0 3 6 0 1 5 8 0 1
8 5 3 1 5 16 6 6 5 5 5 8
19 6 16 17 7 13 1 8 13 2 1 13
4 1 0 3 1 2 0 4 1 0 7 3
6 5 0 3 7 3 2 4 1 1 2 7
1 3 11 15 10 3 13 8 4 5 1 4
6 2 3 2 5 5 3 0 2 2 0 1
2 2 6 2 2 5 3 2 0 5 2 1
1 6 20 10 12 8 3 15 6 18 3 3
1 3 9 8 0 3 3 1 9 2 0 0
4 2 5 5 6 1 1 1 3 0 2 0
9 9 6 3 2 2 15 3 3 10 10 10
4 0 17 11 7 1 2 10 16 3 8 14
10 3 7 2 3 1 5 2 1 2 3 4
9 6 11 9 8 3 7 11 8 16 16 8
17 4 3 2 4 13 14 7 0 10 14 8
10 5 6 1 9 12 9 10 1 9 8 8
9 19 5 9 19 6 4 7 3 10 1 11
6 20 6 1 1 3 15 5 8 8 9 8
9 9 14 13 0 5 0 5 1 11 3 4
6 2 5 11 14 16 2 1 10 10 1 15
4 8 4 1 16 3 14 6 7 0 3 7
2 1 6 3 19 25 8 2 9 5 11 2
11 2 6 5 8 10 7 8 4 3 8 5
4 1 5 9 3 6 0 1 3 2 4 3
2 4 1 0 4 9 1 7 6 9 1 2
4 4 1 8 11 2 9 2 5 1 3 6
5 14 0 2 11 19 0 10 0 15 0 5
12 10 1 19 5 12 19 6 7 10 2 8
5 3 2 7 0 3 15 2 8 4 0 5
3 9 4 3 8 15 14 17 15 0 6 8
10 5 7 2 1 12 7 6 3 3 8 4
4 4 8 4 8 0 5 2 3 5 3 4
5 0 3 12 5 2 4 3 4 1 3 3
14 7 6 6 8 9 9 3 17 6 2 5
1 6 2 1 2 4 7 0 4 7 9 1
3 1 3 3 10 9 1 9 1 3 19 3
4 21 17 5 10 3 1 22 4 4 3 7
7 1 8 7 10 14 7 9 11 9 4 6
3 6 11 13 1 5 10 6 13 2 13 20
5 3 4 3 8 6 1 3 13 4 14 12
2 3 8 5 7 9 2 9 6 0 8 6
2 4 0 6 2 6 3 2 2 4 2 0
3 6 3 1 7 5 12 6 8 8 11 0
13 17 1 9 22 1 11 3 1 13 5 0
3 2 5 3 20 1 6 7 9 1 0 5
1 8 3 3 4 3 3 1 4 1 2 0
9 1 8 2 8 23 1 22 2 10 1 11
4 6 6 1 4 0 7 9 11 4 3 3
4 0 3 3 7 10 2 1 5 4 4 3
7 11 7 8 4 14 13 16 18 10 4 1
4 3 8 8 1 9 2 0 0 8 2 8
7 2 3 4 4 1 8 1 12 11 6 13
5 17 1 7 12 6 1 3 8 5 3 4
8 13 6 15 3 9 0 0 14 0 8 1
4 0 2 1 0 1 2 7 6 5 5 1
3 1 1 8 0 3 10 5 1 7 2 1
10 0 4 3 1 26 1 14 4 1 5 18
1 13 8 5 20 1 3 11 7 16 13 17
2 3 3 6 1 0 6 4 8 1 2 6
6 2 0 17 3 9 2 11 3 13 0 3
14 5 5 6 8 0 10 18 1 6 10 8
7 11 9 10 0 11 23 3 11 2 15 2
7 3 5 3 1 5 2 1 11 6 1 2
1 8 5 3 7 9 0 0 15 7 12 13
4 4 2 1 8 3 19 19 14 6 4 11
6 6 1 6 14 13 8 11 1 3 8 2
1 10 0 3 4 0 2 8 7 9 9 2
1 3 2 4 1 1 3 6 3 1 2 9
2 9 13 5 10 7 11 10 1 7 5 2
6 6 6 10 16 10 4 4 11 12 8 7
0 1 7 4 10 3 2 1 6 4 3 7
6 9 4 4 5 3 2 5 5 1 3 2
5 2 3 10 5 8 7 6 16 1 0 12
3 1 5 11 0 9 4 9 5 2 12 12
1 5 3 0 18 3 6 1 10 5 10 0
2 1 2 2 7 2 2 2 6 2 0 5
8 7 2 4 20 10 7 2 8 3 9 3
5 4 5 5 6 0 2 8 14 5 2 8
3 0 5 10 11 2 2 7 7 1 5 18
6 1 9 4 3 2 6 0 2 6 1 2
15 13 2 17 6 8 8 12 3 2 4 1
2 0 1 3 6 3 1 1 4 1 6 6
2 17 2 1 3 18 4 6 19 1 20 4
0 6 0 0 9 4 4 0 3 8 9 4
12 6 10 12 6 7 0 5 2 26 6 2
2 11 7 3 3 6 8 2 1 5 11 4
1 4 7 0 4 1 16 0 11 1 1 5
8 10 5 1 1 4 1 6 2 4 4 0
1 1 9 3 6 0 1 1 2 3 2 3
11 11 5 10 5 0 18 9 5 9 11 3
1 2 2 1 2 1 0 4 7 5 1 10
2 2 6 11 4 8 4 5 9 20 2 3
3 6 4 0 0 2 1 3 5 2 5 3
2 2 12 5 3 7 1 12 0 9 4 6
4 8 2 7 8 4 5 6 3 8 7 3
4 4 10 0 11 9 2 0 6 9 1 6
1 7 1 3 2 15 0 6 3 4 8 11
14 8 7 4 9 15 17 20 6 1 3 3
7 22 1 10 15 6 0 1 8 5 5 6
12 8 3 2 9 4 4 2 3 1 6 1
9 22 5 3 8 6 6 3 10 16 10 19
12 8 20 10 7 13 5 10 21 4 7 2
6 20 9 7 7 5 17 12 9 7 1 3
2 4 16 0 11 2 2 3 2 2 6 2
9 2 6 7 0 7 22 8 4 4 7 8
3 3 4 0 2 2 3 5 5 2 2 6
5 7 7 12 19 0 4 8 16 6 12 7
8 5 8 4 1 4 4 4 3 3 19 8
11 6 19 2 2 1 2 12 4 10 7 0
0 4 0 9 11 2 12 10 9 15 8 5
4 9 5 3 3 0 3 2 2 2 0 5
0 1 6 3 1 3 12 7 2 7 7 4
7 20 1 10 1 3 9 2 3 8 11 4
21 13 4 8 0 8 7 14 7 11 11 15
1 14 2 3 3 4 1 4 5 3 7 7
4 4 10 0 16 4 14 1 16 7 11 16
4 2 2 1 4 1 1 7 0 5 3 5
1 2 3 4 0 5 2 5 5 1 1 3
3 1 20 7 8 11 17 8 10 4 10 13
12 6 13 11 15 12 10 14 2 6 7 11
3 3 2 12 17 5 4 8 4 5 0 7
2 2 4 8 7 4 3 3 2 0 11 2
5 2 4 1 4 7 8 2 5 4 2 1
4 9 3 1 5 4 6 1 3 6 9 7
15 7 0 16 0 1 11 1 1 16 8 7
6 16 3 6 2 5 4 8 13 7 4 11
1 2 2 6 5 2 2 1 5 1 2 6
1 2 10 12 9 6 5 7 3 0 7 2
18 2 15 2 9 0 8 1 7 8 1 4
9 6 1 6 2 7 0 3 12 7 3 1
1 5 3 8 7 6 7 0 1 7 3 3
2 4 1 2 3 3 5 0 4 16 11 6
4 8 11 3 13 4 2 4 10 6 11 8
9 3 15 10 2 5 7 2 3 8 5 3
1 3 5 2 9 15 20 10 1 10 17 15
1 2 6 15 1 6 6 3 10 18 7 13
1 4 4 5 19 5 2 15 1 1 4 12
1 24 10 6 7 5 7 3 11 10 10 19
9 21 4 3 6 11 19 6 3 5 17 11
2 3 9 8 5 4 4 3 11 2 1 1
8 9 6 4 1 11 1 1 0 10 7 5
0 4 8 9 3 8 20 3 10 11 3 5
2 0 6 11 7 9 1 11 0 1 2 2
5 2 3 14 1 5 3 10 6 11 18 11
4 2 2 3 7 0 8 2 3 3 2 4
3 3 3 3 2 6 3 19 18 5 2 5
3 8 12 4 17 6 1 8 5 9 1 5
5 8 1 6 4 4 2 1 2 2 10 3
8 1 10 14 4 9 11 5 2 2 16 9
2 1 1 2 3 2 1 6 6 1 7 1
3 4 3 4 8 9 5 1 7 11 7 1
6 3 5 0 3 1 5 0 7 0 4 9
8 4 1 12 7 6 5 5 3 10 1 7
2 15 4 18 11 17 11 8 11 11 2 5
4 13 10 1 7 5 1 3 1 4 12 6
9 16 5 7 3 18 12 1 10 3 16 7
14 1 1 6 18 1 3 18 4 2 2 1
9 6 6 11 4 10 9 8 5 0 1 6
2 1 2 5 1 5 3 4 3 3 0 2
1 1 10 0 10 0 3 8 10 1 1 6
4 10 14 1 15 12 3 4 2 8 3 6
6 7 4 3 3 2 1 6 2 6 0 3
4 0 3 8 6 1 8 0 2 1 1 9
7 3 2 3 8 2 15 3 7 7 2 2
4 3 1 4 5 0 2 7 3 3 2 2
3 2 1 0 2 9 0 4 1 4 1 3
9 1 4 7 3 2 3 1 1 3 12 7
2 1 8 19 12 15 1 4 14 18 1 11
0 7 1 0 1 7 0 5 3 3 7 1
11 9 21 1 11 2 13 10 4 4 2 5
9 9 10 2 1 6 0 1 1 2 1 9
13 14 2 9 13 10 3 15 4 1 4 13
7 1 5 4 4 7 11 2 6 7 7 4
5 1 5 13 2 14 3 9 18 1 9 3
9 0 2 18 11 2 2 1 12 1 4 2
10 2 15 4 4 0 1 6 7 0 10 0
6 1 5 2 4 4 1 2 6 6 4 7
2 1 4 2 2 5 4 6 4 7 4 1
1 2 7 7 1 3 2 6 7 1 11 3
18 5 9 0 2 15 6 11 8 8 10 8
3 5 3 7 3 1 2 1 3 7 6 10
9 5 1 1 6 1 1 1 7 4 5 2
4 2 28 13 0 0 4 6 13 1 4 6
4 3 2 4 2 4 1 4 33 2 3 18
7 12 1 14 3 4 3 4 18 8 2 12
1 16 3 5 5 4 1 5 6 3 11 2
20 9 1 2 4 10 1 7 4 11 7 6
1 1 6 8 2 18 3 1 25 8 11 11
1 1 2 6 6 3 0 4 3 1 1 3
2 2 7 5 1 17 4 13 0 3 3 4
3 6 12 15 2 3 9 2 7 13 15 12
1 13 16 1 4 4 4 18 6 14 1 7
9 17 14 3 13 11 8 4 12 20 4 3
16 4 24 4 4 1 11 14 11 0 7 2
5 7 5 1 7 12 6 6 1 5 1 5
0 19 4 11 6 4 8 0 4 6 4 7
5 1 7 11 2 5 4 2 1 3 1 1
2 5 16 15 5 13 2 8 2 4 5 6
2 6 10 16 2 0 12 1 5 8 4 1
3 3 4 1 5 2 1 4 2 2 4 4
8 5 1 2 9 11 6 2 4 2 6 8
6 3 6 3 2 6 1 8 2 9 0 1
3 2 1 0 0 6 0 1 3 1 7 3
12 9 6 3 2 13 9 5 2 4 0 3
6 5 3 10 5 12 6 22 9 1 8 2
7 3 2 8 1 9 0 4 2 1 3 3
3 20 2 0 24 4 12 2 4 8 11 3
1 0 4 5 1 7 12 12 0 3 1 2
4 14 11 17 7 1 2 2 6 8 11 3
10 2 12 1 12 2 2 1 3 7 7 9
1 5 0 24 18 0 7 8 2 9 17 4
2 1 2 5 2 2 4 3 3 3 4 2
10 10 3 4 14 10 8 5 4 21 5 16
10 14 2 6 6 0 1 8 13 6 2 5
1 3 2 4 4 4 5 8 4 6 6 1
14 10 5 5 5 7 16 10 4 3 4 8
10 0 12 3 2 3 15 12 3 2 0 2
5 10 8 11 2 21 2 12 6 3 7 11
16 16 11 11 15 12 4 8 3 10 4 14
0 0 3 6 4 6 4 2 3 1 1 1
0 2 4 0 1 0 1 3 3 5 5 4
3 2 2 1 3 0 7 1 4 10 3 3
11 13 1 6 5 13 7 7 3 1 1 9
2 0 4 10 5 3 3 7 5 4 2 2
2 16 4 5 11 10 11 7 5 6 12 2
1 10 24 12 7 4 5 8 17 6 12 12
5 2 6 3 4 1 3 1 1 4 2 1
6 14 7 4 6 10 9 5 17 1 12 6
4 10 2 12 2 9 4 12 7 14 3 4
4 1 8 0 3 1 0 5 1 0 8 2
0 7 6 5 2 5 10 1 2 14 1 8
5 4 16 2 3 5 5 1 13 14 1 2
7 4 6 6 5 1 1 5 6 6 4 0
10 1 0 10 13 7 16 6 4 8 8 8
14 14 13 3 14 10 1 10 3 6 4 19
15 11 6 1 3 10 5 11 8 5 3 7
5 17 8 4 6 11 0 1 4 11 13 5
14 5 5 1 8 7 3 5 8 6 7 6
10 6 5 5 5 2 2 6 0 5 5 10
0 2 3 5 7 6 7 4 7 4 6 2
8 14 11 5 4 0 5 5 1 4 3 11
2 6 6 11 1 6 19 3 1 4 3 0
3 5 5 5 6 5 5 6 1 3 3 0
3 8 16 1 6 27 11 6 15 4 11 0
8 0 6 4 7 5 4 7 4 5 2 13
4 5 14 4 12 1 14 5 3 9 1 9
1 14 8 9 5 5 1 5 4 0 10 5
5 5 6 6 6 4 6 5 6 8 6 2
2 7 11 2 1 9 12 7 2 4 9 15
10 19 10 2 6 1 1 10 16 9 18 2
9 1 9 3 4 9 15 0 8 5 3 12
10 6 4 2 6 18 2 15 19 13 5 8
4 5 6 1 17 8 1 1 2 10 11 5
8 1 1 2 8 8 3 8 2 3 23 28
8 5 5 2 1 9 6 12 6 0 1 13
0 2 4 4 2 4 3 6 1 1 6 2
7 4 8 1 2 1 4 5 0 0 1 1
12 0 9 11 18 4 6 6 9 14 2 2
1 1 8 10 5 4 9 3 3 1 2 11
10 3 20 1 0 12 2 1 11 9 5 2
5 5 4 2 7 5 2 6 2 6 0 9
2 0 2 3 4 0 3 11 6 2 12 5
16 1 2 2 5 6 3 4 2 5 4 1
4 1 6 2 10 10 12 5 17 6 6 1
5 3 9 4 2 14 3 10 2 15 8 11
8 1 15 19 19 2 3 6 13 1 1 8
5 1 0 5 1 9 2 3 0 1 3 2
9 9 6 3 9 1 9 11 2 1 9 17
0 1 10 7 3 1 5 0 2 9 0 4
1 6 8 12 6 16 15 8 11 5 7 3
2 7 17 6 11 8 6 23 8 0 6 2
10 10 1 13 4 6 11 1 7 3 3 3
1 6 1 1 5 3 9 6 1 1 1 1
1 6 5 1 7 1 1 6 2 1 4 4
2 3 6 1 4 1 2 0 5 4 2 3
8 1 6 1 8 3 8 4 3 7 9 0
3 2 2 1 5 4 2 0 3 1 4 5
2 4 2 5 7 1 4 2 1 6 3 7
4 0 3 8 1 0 6 8 0 15 4 2
2 6 2 0 4 3 0 4 3 1 2 1
0 3 3 9 6 3 1 6 2 12 4 1
2 9 10 2 9 12 1 20 4 10 5 2
12 3 6 9 1 5 3 1 15 8 27 12
2 2 5 3 21 7 7 5 8 3 6 13
4 7 11 3 9 2 6 15 11 14 21 11
8 3 3 9 6 12 2 1 1 11 6 2
0 2 4 2 2 5 0 2 8 1 1 5
3 3 11 15 10 7 7 12 6 3 16 21
6 4 3 12 3 4 10 22 2 15 7 3
12 4 6 18 3 4 10 5 7 6 10 3
0 2 16 5 12 11 1 27 7 2 5 4
7 6 1 10 12 5 1 3 1 0 1 12
5 4 8 0 1 14 9 10 3 10 14 7
11 1 17 5 15 8 1 8 21 5 4 14
8 6 2 15 5 7 3 2 2 4 9 0
10 13 16 18 1 3 2 8 5 4 16 19
1 10 4 8 15 9 17 19 7 5 3 18
6 10 13 14 0 4 5 5 3 19 10 23
3 7 9 6 21 3 1 5 2 2 11 12
4 4 0 1 1 4 5 2 2 6 1 4
2 2 0 0 1 0 3 7 4 5 9 9
5 1 0 6 6 4 9 1 7 9 6 4
2 1 12 3 1 6 13 4 16 2 7 4
4 8 12 2 8 14 10 3 4 23 2 5
0 8 2 2 0 4 2 4 1 1 2 1
0 6 0 2 1 0 0 5 3 5 0 10
0 5 2 1 0 3 5 1 1 1 6 3
6 8 19 2 4 4 2 11 1 5 3 5
9 2 1 2 5 4 6 11 0 4 14 17
4 4 6 9 7 3 17 7 1 6 4 2
3 4 2 5 12 2 6 10 2 3 17 4
8 10 0 5 2 7 10 4 5 9 0 3
4 5 1 2 3 5 5 7 0 2 4 1
5 2 0 6 0 8 3 4 6 7 8 3
1 8 10 1 8 4 14 9 5 6 7 2
9 6 6 1 4 3 1 5 9 4 1 4
1 8 12 0 13 8 9 9 9 2 9 9
4 6 3 6 1 4 13 2 8 3 6 10
13 11 21 1 9 13 11 4 8 10 9 1
3 2 11 17 9 7 5 9 14 3 14 4
3 6 22 12 0 13 5 8 11 13 3 7
2 3 13 2 5 8 5 1 4 5 2 6
2 6 3 2 2 8 4 5 0 2 9 7
3 2 5 2 3 3 3 3 4 0 3 2
5 2 0 3 1 3 3 1 2 4 7 4
6 8 4 9 5 4 3 1 26 4 17 8
8 0 1 6 4 2 4 8 16 17 7 8
10 16 1 13 13 11 2 10 3 8 2 0
4 7 3 2 3 8 4 11 3 10 1 3
6 1 1 2 1 8 2 2 4 4 8 1
7 4 6 4 5 1 4 1 5 2 10 2
5 1 10 3 5 0 1 2 1 1 1 8
6 8 5 15 3 1 4 4 15 8 9 0
2 9 8 8 8 7 9 1 25 10 8 15
7 2 4 2 1 4 4 1 2 1 3 10
1 3 1 6 8 1 1 4 3 2 1 4
3 6 3 0 4 7 6 4 5 8 1 4
0 5 2 1 1 1 6 5 1 5 1 0
3 7 13 1 1 4 24 0 14 1 0 14
25 1 6 14 3 16 5 2 12 8 4 5
6 1 9 3 9 10 14 14 4 10 0 0
0 4 4 1 20 2 8 14 2 6 5 10
1 2 1 5 4 1 1 8 3 1 3 5
12 4 4 12 4 10 13 8 10 10 13 14
1 4 2 3 4 3 2 2 10 2 1 2
1 4 4 5 3 2 6 0 2 3 7 7
1 5 1 4 2 4 7 5 2 1 1 4
7 6 8 9 4 5 9 2 6 11 8 6
13 6 5 1 2 1 3 4 4 6 0 3
8 1 7 2 10 1 8 3 2 2 12 16
3 1 1 3 4 6 0 5 0 1 1 2
7 6 9 5 6 15 17 4 5 4 4 5
6 3 0 11 10 16 1 9 11 4 1 3
4 0 13 1 2 3 0 6 5 1 7 2
5 4 1 3 3 3 3 2 3 3 4 0
10 12 10 3 8 5 2 16 12 8 21 6
2 1 3 1 2 5 1 6 4 2 0 4
2 7 5 13 6 1 2 1 5 0 3 12
0 3 5 2 1 1 1 1 1 1 8 6
0 4 9 3 4 0 6 4 2 5 0 2
6 7 12 1 10 12 0 9 6 3 1 1
1 5 3 3 25 1 8 1 5 16 7 7
3 1 1 4 0 3 2 2 2 8 6 6
1 3 1 10 2 1 1 2 5 1 4 4
2 10 13 1 20 6 6 15 7 9 3 13
3 7 8 2 5 1 6 14 2 2 6 13
15 9 4 15 18 17 5 6 6 12 6 5
5 13 4 11 4 3 2 1 3 5 5 1
7 4 11 5 1 24 4 6 18 11 15 1
4 17 7 2 19 4 7 8 2 14 9 0
8 7 19 1 4 11 15 3 6 14 8 4
0 2 3 3 5 2 2 6 8 1 0 1
5 20 7 11 3 4 7 16 6 3 9 1
1 18 10 3 10 4 27 3 9 12 7 5
1 4 3 4 2 0 4 2 1 7 0 5
5 1 1 6 1 7 8 1 5 18 1 14
3 1 1 1 1 7 2 1 2 1 3 5
9 9 7 2 14 5 7 8 8 1 10 1
10 3 4 3 1 6 4 1 10 4 12 1
10 6 4 3 1 5 1 6 3 0 7 7
10 3 0 0 9 1 2 0 1 1 1 9
5 6 3 10 3 13 14 8 2 1 1 3
5 1 2 1 2 8 2 1 1 7 1 6
5 4 6 2 2 22 16 9 10 2 12 16
2 0 4 5 2 10 1 3 6 8 5 3
5 0 2 4 1 7 4 3 3 2 0 3
6 4 1 2 2 5 8 3 2 0 5 0
7 3 12 16 13 2 24 14 2 0 8 9
3 15 5 1 4 6 9 13 1 4 3 8
7 2 0 1 6 10 1 5 5 0 3 3
7 24 15 4 6 0 6 8 1 3 6 4
0 7 0 0 0 1 3 2 0 3 6 2
10 1 11 7 2 4 7 3 6 1 23 14
2 10 2 2 0 8 1 1 2 3 3 5
0 8 4 6 4 1 8 8 3 2 1 1
2 4 3 4 14 3 7 1 6 8 12 0
3 3 1 4 6 1 4 5 0 2 2 3
4 5 7 2 2 12 12 2 11 4 3 1
4 4 3 12 4 5 3 2 2 5 11 1
8 1 8 11 8 9 9 9 20 1 10 3
3 5 13 4 2 10 4 1 1 8 1 6
8 2 4 9 6 3 4 5 9 13 2 3
9 5 3 9 0 1 17 1 1 3 4 7
2 17 10 15 2 9 5 16 5 4 10 9
2 6 6 3 21 14 20 1 1 15 9 10
2 12 5 12 3 2 3 10 0 17 2 3
14 3 2 7 5 20 7 1 1 5 4 6
5 0 0 0 8 8 23 2 8 8 21 4
0 2 7 7 4 15 0 15 14 3 5 1
5 2 24 9 2 5 1 7 1 17 7 10
1 2 1 1 2 1 2 2 3 5 7 2
3 6 4 1 3 7 0 4 2 9 11 17
1 2 5 5 2 22 7 10 2 5 1 2
3 0 3 7 3 4 1 2 2 6 0 6
4 10 8 0 2 2 3 9 10 13 7 30
7 0 4 8 6 2 1 5 9 7 3 1
7 1 3 11 3 1 2 1 4 4 5 5
6 5 1 6 1 1 7 3 2 13 7 7
3 4 4 15 4 1 4 12 9 12 5 8
2 2 3 6 7 23 17 16 0 4 3 9
5 8 6 2 5 16 1 7 19 14 13 10
0 7 4 1 4 6 0 5 1 2 4 2
0 8 2 5 5 19 11 6 3 10 5 4
13 1 13 9 3 7 12 7 5 19 4 2
6 8 6 18 9 10 3 4 2 4 0 9
1 11 2 6 5 4 3 2 3 3 16 1
5 14 3 4 3 1 2 7 7 4 10 4
1 7 4 7 5 2 2 13 4 3 7 5
4 8 3 8 0 6 0 15 13 2 7 4
0 19 2 2 6 32 4 8 2 5 3 1
6 1 1 1 1 0 1 2 1 1 0 8
5 1 0 4 1 3 4 0 1 5 1 1
12 1 2 0 13 4 6 15 1 3 0 4
6 9 8 8 10 8 2 6 7 0 1 3
2 9 9 8 4 15 4 1 5 2 3 1
2 9 15 7 4 3 2 6 5 17 8 2
7 2 6 1 0 11 0 0 2 2 3 2
1 0 1 2 1 0 1 11 11 1 2 12
7 1 2 2 11 3 8 9 6 3 6 12
6 1 4 13 8 2 19 6 3 15 4 12
2 4 0 1 2 11 3 3 1 4 11 1
10 1 7 2 1 2 3 1 5 4 7 2
11 7 3 6 1 15 0 12 1 4 3 4
6 9 11 5 3 3 3 0 3 2 8 2
2 7 1 4 1 3 2 2 3 0 2 0
7 10 1 15 5 17 9 5 7 14 1 13
9 1 2 15 6 1 6 2 2 12 0 27
21 13 3 4 7 1 8 1 9 9 6 19
7 4 5 7 7 4 6 18 6 5 5 6
9 6 8 0 3 2 6 4 1 6 4 1
18 13 9 8 12 4 0 8 2 5 8 3
2 15 11 5 18 4 1 5 2 10 5 1
17 25 1 12 10 6 15 4 3 1 7 2
1 1 5 8 7 8 7 2 4 3 9 4
7 18 9 8 5 0 2 10 1 2 14 20
5 16 9 6 2 11 10 1 3 1 12 1
17 3 4 2 11 6 9 8 2 8 2 1
4 0 2 3 3 1 6 2 8 3 6 3
11 6 9 2 3 3 11 13 6 17 9 0
6 6 11 7 5 9 5 0 1 1 4 2
2 8 1 8 3 4 1 2 5 11 0 2
13 12 5 1 5 1 15 13 11 1 13 0
16 10 0 6 10 1 3 8 6 8 3 2
7 11 9 15 5 3 1 13 9 17 7 18
1 17 3 14 9 3 3 6 6 2 4 10
1 5 1 4 4 2 5 10 6 1 1 2
3 0 8 1 1 1 6 1 6 4 4 6
7 4 6 1 9 5 4 11 13 2 19 1
12 19 4 8 5 2 3 1 2 2 1 4
0 1 4 4 5 8 2 2 3 8 2 8
10 0 3 7 2 3 2 0 8 5 3 4
10 7 1 5 0 6 10 1 17 2 1 0
2 8 6 7 10 17 4 1 9 8 3 8
3 5 6 15 2 4 6 2 0 1 10 12
10 2 5 10 2 5 5 9 4 1 12 9
5 6 1 7 1 3 2 1 4 7 2 1
14 8 16 11 8 0 3 2 18 2 6 2
13 7 2 7 22 2 18 3 5 3 4 21
4 19 5 6 7 12 4 7 1 2 3 2
1 19 4 13 7 4 4 19 17 1 6 9
4 6 2 14 10 4 4 5 9 2 2 2
3 8 10 7 5 7 5 3 9 5 1 11
2 1 5 1 5 10 1 0 5 3 5 3
8 22 7 2 6 3 6 7 5 2 4 12
0 0 3 3 4 8 2 0 6 1 1 1
5 0 5 1 2 2 2 1 5 5 4 5
10 4 7 18 8 5 8 14 6 1 17 11
3 5 2 2 4 6 12 5 16 4 8 7
3 0 5 12 8 10 7 21 23 4 3 0
6 18 4 10 6 1 2 7 13 1 5 14
9 5 3 7 0 6 12 5 3 1 4 4
10 2 21 8 5 8 18 6 0 3 3 5
1 7 8 3 9 8 15 1 6 4 2 12
2 6 2 1 5 5 12 7 3 3 3 7
2 0 3 22 10 0 14 13 2 6 16 14
5 3 8 12 1 1 8 6 1 5 1 7
12 5 5 5 19 18 7 5 4 8 3 10
9 7 2 5 7 8 21 3 7 12 8 8
1 3 19 2 13 7 12 3 3 17 8 4
3 19 1 4 0 1 10 13 13 14 10 11
1 0 3 13 7 11 3 5 8 7 6 1
7 4 4 11 12 4 2 3 4 3 2 1
2 9 12 12 7 7 0 5 3 10 3 0
8 9 12 22 9 5 9 3 4 0 5 9
2 4 7 4 5 1 0 11 2 1 3 12
6 4 1 5 1 1 1 1 3 1 9 3
2 3 3 3 1 11 3 6 5 5 2 3
0 1 4 2 3 20 0 1 12 3 1 2
5 4 5 5 8 1 8 12 20 3 3 7
7 6 9 2 7 8 9 3 4 0 0 6
14 23 3 13 9 5 4 13 1 19 4 0
6 2 2 4 0 11 1 0 8 7 13 1
4 9 5 7 1 2 2 1 4 4 4 6
3 1 0 0 6 6 2 1 7 4 2 4
4 13 2 3 6 1 2 14 10 4 7 3
7 7 11 8 4 4 4 2 4 4 1 1
2 3 6 15 4 2 25 9 5 1 19 14
1 14 7 15 1 3 10 4 1 3 4 11
7 3 17 1 7 8 3 12 10 3 6 1
9 2 14 1 4 6 11 1 4 22 12 3
3 10 9 18 11 1 7 3 2 3 2 8
2 7 2 0 0 2 3 6 2 3 2 5
7 1 7 12 23 10 2 4 10 7 7 8
5 1 1 1 4 8 7 3 1 3 2 4
11 4 8 1 0 1 8 3 2 4 11 12
3 11 11 1 2 1 2 10 5 1 6 2
13 2 6 9 7 8 1 8 18 7 5 3
4 5 12 4 8 6 4 11 9 9 6 4
3 4 3 5 1 1 2 5 1 3 10 9
7 1 4 4 3 9 1 2 7 7 0 7
3 1 2 2 4 8 1 5 7 13 5 2
12 1 4 14 6 8 17 6 7 1 6 19
2 0 9 1 3 8 3 2 2 11 20 6
6 0 2 6 24 17 6 6 4 12 0 4
1 3 6 3 3 0 5 1 3 7 5 2
5 6 5 3 5 11 6 5 5 8 9 11
3 8 9 2 3 8 2 2 2 2 10 9
21 0 3 9 5 11 11 17 9 2 3 2
3 9 8 4 3 2 3 17 6 11 12 13
12 2 2 6 4 19 13 18 3 1 15 0
3 9 6 7 2 3 10 10 4 4 11 9
10 5 3 1 0 8 3 0 8 4 1 2
2 8 1 0 3 1 3 0 5 1 1 4
4 3 5 4 1 4 8 4 8 14 4 4
4 14 1 10 14 14 6 6 13 5 1 22
3 7 1 8 8 14 6 6 3 7 0 15
6 1 4 4 4 3 2 2 1 8 2 3
1 5 4 5 1 3 3 0 0 3 0 7
2 5 5 1 9 9 8 18 23 10 1 0
1 1 19 13 5 6 1 10 6 8 4 1
16 12 17 8 3 16 5 3 7 1 2 6
1 3 3 5 2 8 7 9 2 12 2 4
3 2 4 3 3 2 1 0 4 2 4 6
8 5 6 6 9 10 1 2 4 2 11 1
6 1 3 4 2 5 1 8 4 1 1 2
1 12 6 6 11 18 3 3 1 3 26 5
5 7 5 1 5 12 2 2 0 3 3 9
4 9 8 6 8 9 7 8 1 0 10 5
0 5 1 4 2 6 4 6 4 6 8 9
1 7 5 5 5 1 2 2 2 1 4 1
4 1 5 7 5 1 6 12 5 14 6 15
11 6 8 6 6 5 1 3 17 22 0 10
14 12 9 12 9 15 10 9 7 4 16 13
10 8 1 4 13 16 14 2 9 14 1 3
2 8 2 3 2 5 3 0 5 5 4 4
3 8 1 10 7 14 2 0 5 13 1 2
3 2 3 2 3 5 5 1 4 1 0 5
2 8 1 2 3 5 4 9 10 2 6 7
7 10 3 5 2 6 2 10 1 8 19 7
6 10 7 10 7 3 19 3 2 7 6 5
2 5 0 3 3 12 5 2 9 2 3 4
15 0 0 9 2 16 12 2 12 11 1 16
1 2 5 4 2 1 4 4 6 1 4 3
15 3 13 1 9 2 12 3 11 1 0 5
1 5 7 7 5 4 7 6 2 9 31 7
2 1 3 1 2 7 1 4 1 1 3 4
3 3 5 0 3 8 5 1 1 3 2 4
1 5 1 1 3 1 4 1 0 3 10 0
4 11 6 1 8 0 2 0 4 2 6 4
2 3 4 16 1 6 15 13 3 19 4 14
1 3 3 2 7 6 1 5 1 9 0 2
8 7 11 3 7 1 9 12 6 6 19 5
7 2 5 5 5 1 3 2 1 1 2 0
6 2 10 4 1 10 11 11 3 8 2 14
3 8 8 1 1 2 6 12 8 0 8 8
6 1 1 9 12 3 4 14 7 21 9 1
9 3 10 4 0 2 9 4 8 5 20 13
19 1 13 9 7 13 4 1 10 2 19 12
3 0 9 7 8 1 1 7 7 14 5 7
2 9 8 9 6 7 8 13 4 2 4 12
5 1 10 2 3 4 4 4 5 6 13 5
21 9 10 5 7 5 1 11 3 21 1 8
4 2 7 3 2 7 7 8 0 5 6 0
2 1 2 5 3 1 4 2 2 2 2 8
1 1 2 8 1 6 0 3 4 3 1 4
14 15 5 7 7 13 14 7 1 3 9 6
2 4 4 0 1 2 1 2 1 0 4 6
1 3 5 2 3 25 8 2 1 14 6 2
12 2 1 3 6 7 3 9 5 8 5 10
9 12 12 13 11 10 1 1 12 11 12 5
5 4 11 2 7 5 16 6 10 5 9 23
1 6 3 2 0 0 1 7 4 3 5 2
3 2 5 9 6 4 7 0 6 7 4 1
7 4 7 2 8 8 4 2 4 10 3 12
0 4 4 4 2 5 10 4 7 2 6 2
1 7 4 7 2 15 5 1 1 1 1 1
1 3 4 0 4 5 3 6 1 2 2 1
4 3 9 0 0 0 3 1 3 6 5 5
5 3 15 9 1 4 7 2 4 0 7 8
15 12 10 3 5 3 5 3 14 1 10 1
2 7 4 1 6 6 17 4 5 5 4 7
7 1 1 8 7 13 6 1 22 9 13 10
11 5 11 15 11 11 7 11 4 5 18 7
7 6 6 0 3 11 2 9 18 26 2 9
10 3 6 3 1 2 5 7 1 4 2 6
12 1 15 4 11 2 1 5 1 5 8 1
1 1 9 3 11 1 3 4 1 7 4 1
6 6 3 4 2 7 1 7 7 17 2 20
12 7 12 0 1 3 5 6 1 5 3 10
0 0 0 5 3 8 0 4 7 4 5 2
10 2 12 10 4 8 15 7 15 17 13 1
10 11 2 8 3 14 1 13 12 1 10 12
4 1 10 3 2 3 0 2 3 1 6 2
10 15 3 0 19 1 16 2 10 18 3 0
2 8 0 4 16 8 1 20 14 0 1 4
8 2 0 2 1 0 2 3 5 15 5 5
9 5 10 11 7 3 6 12 5 1 5 21
20 9 8 6 4 6 8 7 12 7 9 2
8 8 5 20 1 2 17 0 0 2 9 5
6 1 1 2 0 12 6 2 7 5 9 1
6 4 3 13 12 5 15 5 9 10 11 16
5 4 3 1 3 5 2 10 13 8 4 7
2 1 10 1 4 5 7 0 2 4 0 12
2 3 1 3 6 1 0 7 6 10 3 2
3 5 1 11 7 11 8 6 0 11 7 1
2 5 16 20 10 1 0 5 22 5 9 13
10 13 5 4 7 20 3 1 5 15 9 15
2 0 4 5 4 9 9 2 3 6 7 1
5 3 9 12 6 2 5 0 15 9 11 4
6 5 2 1 4 1 1 6 3 3 2 4
5 8 1 8 0 6 2 0 7 5 3 1
13 11 2 2 13 1 6 8 0 8 11 10
3 13 11 10 6 6 4 19 1 8 19 4
2 6 1 1 1 0 2 0 4 6 7 7
0 3 4 5 11 5 6 4 6 1 5 6
12 8 4 10 3 3 8 6 10 16 7 1
2 0 3 15 3 0 3 8 1 0 4 8
4 16 2 8 7 3 7 10 4 8 2 1
7 3 19 4 14 7 5 11 8 5 6 4
8 6 1 2 2 4 2 3 5 1 0 5
6 0 7 1 0 10 5 4 1 14 8 9
7 5 5 10 4 14 2 22 1 21 1 7
11 3 5 1 7 4 6 5 6 6 16 12
9 3 4 18 5 0 10 5 4 10 5 7
1 4 4 14 19 6 3 7 9 8 5 2
11 1 6 10 1 8 4 3 14 9 1 3
5 3 3 2 1 4 2 2 2 8 2 7
6 5 5 8 8 13 8 4 24 6 12 0
19 13 4 3 9 8 4 7 4 4 1 9
10 4 15 2 3 13 5 2 0 8 14 6
1 11 0 0 1 3 15 21 8 25 3 0
3 1 10 3 3 3 3 8 10 2 9 3
5 8 7 7 10 6 8 3 5 9 8 3
18 2 0 0 2 2 2 4 10 6 15 24
9 9 5 4 9 4 15 1 5 21 10 6
1 8 2 3 14 22 1 12 8 7 1 4
0 2 5 4 14 1 6 3 16 6 8 29
1 9 7 2 7 9 1 3 5 11 10 1
4 0 3 4 4 9 2 16 10 1 5 4
3 7 4 4 7 4 4 4 7 3 0 3
4 0 2 11 4 9 14 1 7 14 1 3
1 6 1 2 2 12 1 5 7 4 11 1
2 1 6 7 2 13 7 10 9 8 20 3
4 2 4 4 6 7 1 1 4 1 6 2
4 4 6 11 2 5 10 10 6 14 8 17
0 0 1 10 9 4 12 5 1 1 11 5
7 2 4 6 7 4 1 6 4 5 2 9
9 1 7 6 0 8 8 3 3 2 0 2
8 6 4 10 7 1 3 6 4 2 5 2
15 5 9 4 11 9 5 9 7 5 2 4
1 10 7 11 9 16 5 2 11 10 10 4
8 2 10 5 17 6 3 1 0 14 0 14
9 0 20 2 12 8 4 0 2 5 8 7
3 11 5 2 3 0 2 0 1 7 11 8
2 5 2 1 7 9 4 6 10 2 1 10
5 2 4 5 3 0 1 1 1 4 1 10
6 8 0 9 3 13 9 1 7 5 3 4
12 19 10 1 18 8 9 2 9 8 13 12
10 6 4 4 8 12 10 14 5 13 4 6
6 2 2 0 4 0 5 1 5 7 3 3
1 7 5 7 6 5 1 14 8 5 2 5
14 7 10 4 0 18 5 1 7 17 5 2
5 4 4 6 3 4 7 2 7 5 4 2
5 8 2 2 10 4 0 5 10 4 25 10
2 5 0 2 5 1 6 1 1 10 2 3
0 0 4 6 2 3 1 4 4 2 3 2
17 2 2 9 1 3 4 5 20 18 10 0
9 3 5 3 22 10 1 7 9 17 5 2
10 0 7 2 1 13 4 11 9 5 16 6
16 5 8 19 14 1 16 4 0 6 1 18
4 1 5 1 5 16 11 12 0 7 3 15
5 4 4 7 10 0 12 7 14 12 2 2
7 1 0 4 8 1 1 0 3 11 2 2
9 11 1 3 3 2 2 5 14 4 3 11
8 0 4 2 11 0 13 21 14 15 10 1
8 3 4 4 3 0 2 1 2 6 4 0
0 6 10 8 9 5 10 3 23 2 17 8
2 2 2 6 1 4 7 9 1 1 8 4
2 5 17 8 2 3 2 4 4 11 2 9
0 1 1 3 1 9 0 0 2 0 3 5
10 0 15 9 2 4 16 12 14 11 0 10
2 11 3 12 5 6 10 2 7 8 1 4
3 0 2 13 11 5 8 2 8 0 16 4
5 3 8 1 4 5 2 5 3 4 0 2
10 14 14 8 4 6 2 14 2 17 9 18
3 3 2 5 3 5 5 1 4 2 1 8
6 8 9 12 3 5 9 7 16 3 8 1
5 6 4 2 0 2 1 13 2 1 14 3
5 11 8 6 6 0 0 7 3 5 2 7
5 1 1 4 2 9 5 17 1 10 13 5
1 16 0 8 3 9 16 4 12 8 1 1
0 16 7 7 12 18 3 12 7 7 5 5
4 9 11 11 4 9 10 6 14 10 3 9
0 9 20 15 17 3 13 9 13 1 3 0
4 6 3 4 5 1 3 1 3 3 1 0
8 3 2 3 5 2 2 2 6 2 1 2
6 7 7 4 16 1 3 7 17 7 5 10
6 5 6 7 15 5 1 9 9 4 4 7
10 1 1 8 8 7 3 2 15 1 5 6
12 3 1 6 8 0 16 9 12 3 11 1
1 3 4 3 2 10 8 2 3 2 3 4
5 3 2 0 1 3 4 3 2 3 5 1
3 2 7 2 3 5 1 7 0 0 0 1
9 2 3 9 18 20 5 11 16 7 6 1
6 10 3 9 3 2 0 0 10 11 21 13
7 4 3 1 1 6 3 6 5 2 3 5
10 5 8 1 4 4 2 3 5 1 3 0
4 3 11 2 3 9 5 4 12 8 1 12
2 8 8 7 5 11 5 12 1 7 12 2
5 11 9 1 4 11 6 11 1 16 9 13
4 4 4 6 4 10 10 2 0 0 12 1
3 4 1 3 15 0 3 2 2 15 9 0
3 13 1 1 5 5 5 1 7 3 2 2
1 13 20 12 9 20 10 10 1 8 3 3
17 16 8 5 4 6 4 6 1 3 12 10
15 3 1 1 4 4 10 5 6 20 12 0
4 2 2 6 1 7 5 1 3 8 3 7
12 3 8 12 15 7 1 0 1 3 1 7
15 3 1 11 12 4 7 0 15 13 21 10
3 3 1 10 0 7 3 4 10 1 7 15
5 11 5 6 4 10 2 3 10 10 3 1
4 14 19 5 2 16 12 0 5 23 4 3
4 7 8 0 7 4 2 2 2 4 0 5
7 5 0 6 1 1 2 3 1 4 4 2
6 8 11 14 3 2 4 4 1 25 1 9
0 5 4 6 2 2 8 4 10 1 12 3
1 1 16 6 13 11 0 21 11 6 7 15
0 13 2 6 6 19 2 3 18 6 8 2
0 3 1 7 5 6 5 4 10 9 2 11
19 23 8 6 8 6 7 5 0 11 0 1
4 0 2 1 5 0 2 8 5 5 2 7
2 11 16 5 5 0 10 2 1 1 0 8
2 3 5 5 3 1 8 10 5 8 2 10
6 4 6 9 6 5 8 1 5 10 3 5
2 0 6 2 2 3 4 1 6 0 2 2
6 10 11 17 4 8 2 5 4 12 2 3
9 5 16 6 1 3 2 2 3 6 0 3
0 13 1 4 13 2 10 5 10 2 11 4
4 13 6 1 1 1 2 3 11 2 0 2
10 7 4 22 5 5 5 15 5 8 3 2
7 8 8 1 12 1 12 5 18 5 13 7
4 7 2 1 4 0 4 3 6 5 2 1
11 2 8 2 1 7 15 5 4 2 2 0
4 3 7 3 12 4 4 6 0 2 19 12
4 6 14 2 7 2 1 7 14 17 11 10
4 1 4 8 4 1 3 3 0 2 1 8
7 8 15 13 3 0 8 18 5 9 15 17
12 5 4 4 9 3 5 1 4 4 10 10
10 3 6 18 0 1 3 6 9 6 8 10
1 10 6 9 4 13 0 2 9 9 12 16
8 17 7 3 0 13 6 0 3 0 9 10
3 0 0 6 1 0 4 2 3 2 5 2
1 2 4 3 0 1 6 0 0 7 1 6
13 1 11 6 9 9 2 7 0 11 4 18
4 0 0 9 8 13 3 3 4 3 4 1
14 3 5 10 0 10 8 8 1 3 6 5
11 5 3 2 3 10 4 4 8 14 25 1
9 4 4 6 2 4 0 4 8 10 2 1
13 6 3 4 2 0 2 1 6 1 2 9
20 1 2 10 21 22 4 6 11 0 3 1
1 2 2 6 1 5 2 3 2 2 2 2
1 1 3 7 2 2 1 4 4 6 0 2
1 3 1 10 3 2 10 0 4 0 1 4
5 2 7 7 1 7 1 1 2 5 1 9
6 10 3 4 11 4 7 1 1 1 3 5
6 7 5 7 15 3 19 10 16 4 12 6
2 0 3 7 4 1 1 7 3 8 6 4
5 2 4 11 2 4 2 2 1 8 4 1
7 1 0 5 3 3 8 15 3 3 12 2
12 6 15 15 12 0 4 9 11 11 13 2
5 11 9 1 10 8 11 4 2 4 16 10
3 5 4 2 8 0 16 6 5 10 1 9
2 8 9 7 8 5 0 10 2 2 2 5
1 3 10 0 3 5 6 5 5 9 11 5
1 7 2 2 15 7 7 6 6 8 3 3
1 3 6 1 3 0 1 5 1 4 0 3
4 7 8 2 7 25 8 18 3 7 0 5
7 8 20 2 0 8 8 13 3 15 0 5
3 1 2 7 13 3 9 20 4 5 10 11
8 6 5 8 10 5 1 9 16 8 7 13
3 14 2 6 9 11 7 2 0 6 10 5
7 1 4 9 5 4 1 2 2 7 1 8
17 3 13 13 1 21 5 5 17 6 1 9
7 1 10 2 8 6 2 2 1 3 6 1
12 4 13 7 2 4 0 8 14 8 5 18
6 9 2 2 2 4 8 4 5 3 3 8
17 15 2 6 8 9 2 6 23 1 1 0
6 9 0 1 6 5 3 4 5 11 1 7
3 4 3 9 1 6 1 1 4 9 3 8
1 80
2 10
2 29
2 86
2 92
2 99
3 77
4 17
4 24
4 97
5 12
5 55
6 69
8 38
8 108
9 53
9 85
9 90
10 96
11 44
12 17
12 74
12 106
13 51
13 79
13 89
13 94
14 55
15 61
15 82
16 38
16 101
16 114
17 41
18 43
18 71
19 60
19 73
19 83
19 102
20 24
20 69
20 94
21 72
22 30
22 107
23 59
24 79
24 118
25 96
26 108
27 48
27 52
28 67
28 104
30 56
31 60
31 119
31 126
32 130
33 41
33 95
34 95
35 128
36 76
36 79
36 114
37 50
37 57
38 92
39 76
40 64
41 60
41 70
42 52
42 111
43 125
44 58
44 61
44 100
45 123
47 59
47 72
48 65
48 69
48 93
49 67
49 69
49 99
49 115
49 127
49 132
50 76
50 78
50 85
50 118
51 96
51 99
51 103
52 62
52 70
52 127
53 78
54 154
55 80
56 114
56 121
57 144
58 78
58 126
59 87
59 99
59 103
59 159
60 151
60 154
61 67
61 91
61 117
61 145
62 87
62 145
63 67
63 151
63 160
64 103
64 123
65 100
65 139
65 160
66 74
66 159
67 145
67 164
68 80
68 149
68 162
69 91
69 117
69 118
69 140
70 74
70 77
70 96
70 121
71 164
72 77
72 85
72 99
72 169
73 75
73 116
73 166
74 114
74 130
74 173
75 138
75 149
75 150
75 151
76 85
76 128
76 146
77 79
77 93
77 145
77 157
77 164
77 167
78 82
78 88
78 101
78 135
78 160
78 170
79 173
81 133
81 139
82 143
83 113
83 141
83 149
83 181
84 93
85 116
85 132
86 94
86 106
87 134
88 144
88 181
89 141
89 159
90 105
90 108
90 111
90 166
90 182
91 176
92 130
92 155
94 133
94 158
96 152
96 170
97 140
97 195
98 139
98 141
98 154
98 182
99 127
99 155
99 164
100 140
100 197
101 111
101 132
101 183
101 188
102 150
103 134
103 148
103 176
103 196
104 123
104 147
104 188
105 162
105 176
105 184
106 170
107 126
107 184
108 149
108 188
109 170
109 177
109 189
110 126
112 200
113 116
113 119
113 205
114 202
114 206
115 207
116 162
116 168
116 197
117 151
118 126
118 129
118 134
118 158
119 144
120 160
120 182
122 184
122 194
122 210
123 139
123 195
124 188
124 203
125 185
125 189
126 209
126 217
126 225
128 222
129 171
129 211
130 136
130 192
131 205
132 153
132 195
133 140
133 154
133 177
133 206
133 232
134 185
135 174
135 228
136 228
137 139
137 161
138 217
139 195
139 199
139 222
139 232
141 166
141 236
142 181
142 222
143 204
143 231
144 212
145 205
145 208
145 223
145 236
146 160
146 235
147 226
149 164
149 245
150 162
151 204
152 157
152 164
152 197
153 221
154 188
154 230
155 189
155 220
155 235
155 255
156 172
156 244
156 247
157 205
157 247
158 172
158 207
158 228
159 180
159 211
159 219
159 233
160 200
160 204
161 172
162 165
162 217
162 222
162 227
162 228
162 232
162 235
163 174
163 249
163 250
164 245
164 247
165 168
165 185
165 204
165 254
165 257
166 212
166 217
167 180
168 182
168 221
169 220
169 222
170 175
170 231
171 233
172 201
172 207
173 178
173 201
173 203
173 221
173 231
173 238
173 246
173 250
174 200
174 269
175 221
175 258
175 263
176 228
176 266
177 256
178 184
178 242
178 267
179 213
179 266
181 242
182 237
183 222
184 191
184 216
184 256
184 257
184 260
184 262
185 282
186 189
186 201
186 242
187 276
187 282
188 206
191 226
192 239
192 292
193 198
193 210
193 248
194 210
194 253
195 205
195 227
195 269
196 251
196 293
197 203
197 240
197 285
198 214
198 252
199 208
199 240
200 298
201 230
201 241
202 212
203 214
203 227
204 257
204 268
204 279
205 272
205 281
206 284
207 230
207 255
207 276
208 270
208 283
209 218
209 243
209 287
211 215
211 270
211 274
212 236
213 300
214 244
214 262
214 302
215 253
216 260
217 268
217 271
217 272
217 291
217 303
217 315
218 230
218 236
218 255
218 264
218 275
218 297
219 238
219 249
219 266
219 272
219 281
220 230
220 241
222 265
222 290
223 224
223 256
224 272
224 317
225 248
225 269
225 288
226 241
227 282
227 304
228 238
229 264
229 292
229 319
229 326
230 270
230 271
232 242
232 254
232 279
232 315
234 259
234 308
234 325
235 326
235 335
236 275
236 331
236 336
238 327
239 275
240 284
240 302
240 312
240 336
241 312
241 331
242 250
242 253
243 266
244 303
245 248
245 291
245 311
245 336
245 337
246 258
246 281
246 346
248 268
248 335
250 291
251 289
251 310
252 283
252 326
252 334
252 345
253 260
253 273
254 256
254 259
254 267
254 271
254 311
254 353
255 355
256 288
256 304
256 322
257 265
258 263
258 286
258 355
259 279
259 280
259 284
259 323
259 340
259 354
260 265
260 296
260 304
260 308
260 333
260 353
261 270
261 295
261 308
261 339
262 327
262 334
262 350
263 363
264 295
264 307
264 340
265 363
266 332
268 353
269 298
269 336
269 338
270 313
270 346
270 347
271 272
271 285
271 338
272 342
273 368
273 369
274 349
276 282
276 360
277 303
278 300
278 365
279 289
279 326
280 296
280 306
280 314
280 329
280 344
281 300
281 336
281 354
282 290
282 346
282 376
284 303
284 342
285 341
285 375
285 376
285 380
287 315
288 300
288 301
289 304
289 343
289 365
291 337
291 352
292 316
293 311
294 354
295 322
295 395
296 355
297 313
298 337
298 382
298 386
299 322
300 388
301 323
301 335
301 356
301 387
301 393
302 352
302 378
303 366
305 327
306 332
306 356
306 405
307 315
307 386
307 394
308 357
308 367
309 404
311 344
311 348
311 360
311 384
312 360
312 389
312 404
312 407
313 331
313 338
313 399
314 331
314 374
316 318
316 326
316 352
316 354
316 371
317 321
317 353
317 382
317 412
318 405
318 416
319 334
319 338
320 415
321 330
321 394
321 398
322 353
322 362
322 367
322 381
322 391
323 361
323 362
323 415
324 382
324 386
325 327
325 334
325 420
326 328
326 371
327 381
327 392
327 423
328 340
328 365
328 393
329 336
330 351
330 359
330 360
331 332
331 373
333 360
333 426
334 361
334 416
334 424
335 345
335 384
335 389
335 390
335 424
336 356
336 406
337 368
338 361
339 402
339 412
340 432
341 367
341 435
342 348
342 369
342 398
342 403
343 354
343 393
343 404
343 421
343 429
344 407
344 437
345 430
346 384
347 354
347 389
347 436
349 363
350 426
350 448
351 364
351 389
352 378
352 405
353 376
353 401
353 443
354 371
354 422
355 381
355 414
355 415
356 375
357 367
357 446
358 365
359 374
359 404
360 393
361 375
361 392
361 405
361 412
363 429
363 444
363 458
364 418
364 463
365 432
365 442
366 402
367 429
367 467
368 411
368 434
369 439
370 415
370 453
371 398
371 404
371 454
372 373
372 379
373 452
373 454
373 467
374 406
374 469
375 397
375 425
375 431
375 432
376 460
376 471
377 441
377 477
378 395
378 401
379 387
379 433
380 382
380 408
380 443
381 458
381 479
382 447
384 474
385 413
385 434
385 438
385 446
386 427
386 431
386 442
386 443
386 483
388 428
388 464
389 408
389 412
389 423
389 451
389 471
390 427
390 462
390 487
391 392
391 438
392 427
393 394
393 458
394 432
394 434
395 453
395 487
396 444
397 433
397 477
398 405
398 417
398 442
399 464
399 495
399 497
400 469
401 429
401 501
402 490
403 443
403 453
403 454
403 460
403 474
404 426
404 452
404 469
405 409
405 411
405 442
405 460
406 438
406 469
406 505
407 506
408 503
409 422
410 456
410 459
410 460
410 498
411 415
411 425
411 433
411 463
411 508
413 420
413 450
413 461
413 492
415 453
415 512
416 425
416 464
416 472
417 452
419 421
419 457
420 470
420 484
423 431
423 501
424 440
424 442
424 507
425 457
425 481
425 524
426 453
427 448
428 447
428 476
428 491
428 517
430 455
430 479
431 470
432 450
433 494
434 443
434 471
435 447
435 465
436 440
438 449
438 519
438 537
439 512
439 520
439 522
439 526
440 470
441 490
441 497
442 453
442 518
443 471
443 480
443 496
443 525
443 541
444 454
444 457
444 491
444 513
444 526
444 532
445 516
445 518
445 524
446 482
446 491
446 537
447 472
447 491
447 511
448 452
448 465
448 509
449 506
449 546
449 549
451 484
451 522
451 535
452 463
452 486
452 512
452 530
453 456
453 485
454 464
454 534
454 545
455 466
455 491
456 478
457 488
457 507
458 534
458 538
459 495
459 500
459 511
459 552
460 474
460 491
460 500
460 523
461 465
463 474
463 517
464 562
466 518
466 520
468 539
468 552
469 500
471 538
471 570
472 506
472 533
472 568
473 528
474 496
474 529
474 546
474 550
474 574
475 487
475 543
476 488
477 511
478 514
478 536
478 555
479 488
479 577
480 500
481 482
481 486
481 512
481 530
481 539
481 542
481 560
482 522
484 520
484 553
484 554
484 560
485 526
486 495
486 582
487 493
487 535
488 556
490 492
490 509
490 529
490 541
490 577
491 562
491 580
492 527
492 551
493 496
493 513
493 585
494 501
494 585
495 548
496 513
496 532
496 582
497 550
497 588
498 505
498 528
498 586
498 598
499 559
499 563
500 547
500 593
501 539
501 556
501 563
502 509
502 511
502 553
503 511
504 549
504 554
504 556
504 568
505 561
507 532
507 533
507 534
508 523
508 541
508 576
509 587
510 525
510 575
510 602
511 521
511 561
512 555
512 585
513 536
513 572
513 591
513 602
513 612
515 576
515 609
516 539
517 529
517 562
517 568
518 583
518 603
518 609
519 537
519 541
519 557
519 565
520 532
520 569
520 582
520 615
520 620
521 527
521 533
521 535
522 528
522 599
524 600
527 573
527 588
527 606
528 563
529 566
529 579
530 592
530 606
531 533
533 549
533 561
533 607
534 546
534 584
535 607
536 559
536 583
536 615
537 549
537 564
538 541
538 552
538 577
538 616
539 556
539 570
539 577
539 586
539 630
541 603
541 634
543 584
544 586
545 576
546 621
547 572
547 605
548 607
549 568
550 591
550 616
551 555
551 575
551 595
552 623
553 573
553 624
554 574
554 601
555 623
555 651
557 570
557 607
558 598
558 602
558 605
560 614
560 645
561 628
563 612
564 610
565 586
565 651
566 596
566 646
567 617
567 644
567 645
568 613
568 634
569 607
569 631
570 573
572 573
573 587
573 632
573 633
574 665
575 594
575 667
576 649
576 656
577 620
577 666
578 585
578 596
578 605
578 606
578 648
578 667
578 672
581 620
581 655
581 658
582 653
582 672
583 612
583 650
583 668
583 669
583 674
584 636
584 640
584 677
584 680
586 670
588 675
588 686
589 618
589 629
591 598
591 635
591 663
592 600
592 629
593 670
594 640
594 650
594 673
596 634
596 670
597 697
598 623
598 652
598 693
601 623
601 629
602 606
602 630
602 671
602 676
603 630
604 648
604 692
605 624
605 664
606 643
606 687
608 617
610 705
611 685
612 696
612 698
613 648
614 629
614 630
614 640
614 642
614 660
615 667
615 696
616 632
616 635
616 638
616 709
617 668
618 626
618 637
619 665
619 683
619 684
620 625
620 654
620 675
620 683
620 693
621 683
621 712
622 687
623 671
623 710
625 656
625 657
625 669
625 702
626 627
626 628
626 683
628 639
628 641
628 720
629 638
629 648
629 719
630 677
633 705
633 726
634 645
634 732
635 671
636 663
636 727
637 693
638 668
638 678
638 701
639 699
639 708
639 709
640 668
640 717
641 654
641 707
642 696
642 729
642 734
643 706
644 708
644 723
645 649
645 699
645 725
646 699
646 712
647 689
647 725
648 708
649 678
649 698
649 724
651 679
651 713
652 673
652 686
652 722
652 730
653 715
653 730
654 676
656 704
656 711
657 714
657 730
658 726
658 740
658 748
658 750
659 736
660 715
660 745
660 754
661 720
661 745
663 686
663 699
663 705
664 711
664 739
665 738
666 673
666 678
666 698
666 701
668 709
669 709
669 759
670 719
670 738
671 685
671 756
672 738
672 739
674 710
674 717
675 731
675 750
677 698
677 765
678 724
678 741
678 771
679 689
679 715
680 685
680 699
680 737
681 698
681 700
681 701
681 720
681 725
682 709
683 725
684 703
684 744
684 774
684 776
685 694
685 771
686 704
686 724
686 746
687 783
688 735
689 782
690 724
690 770
691 715
693 716
693 786
694 714
694 750
695 756
696 739
696 778
697 724
697 748
697 755
698 707
698 714
698 744
699 717
699 776
700 749
700 765
702 736
702 738
702 796
703 733
704 710
705 709
708 709
709 791
709 794
709 797
710 738
711 723
711 757
712 729
713 732
713 749
713 764
714 723
714 745
714 763
715 731
715 756
717 721
717 776
717 793
719 735
719 742
719 770
719 783
720 813
721 724
721 770
724 735
724 816
725 747
725 749
725 814
729 736
729 762
729 770
729 794
729 797
730 791
730 829
731 748
732 801
732 816
733 810
733 830
734 738
734 755
734 796
734 819
735 788
736 741
736 742
736 768
736 780
737 787
738 774
738 814
739 742
739 763
739 784
740 777
740 788
742 759
742 772
742 782
742 786
742 792
744 765
744 771
744 834
745 782
746 773
746 817
747 748
748 754
748 757
748 758
748 784
748 808
749 762
750 789
750 834
751 811
751 822
751 844
753 758
753 813
753 829
753 840
753 853
754 760
754 780
755 825
756 792
756 836
756 848
758 774
758 796
758 832
759 802
759 836
759 853
760 780
760 822
760 829
761 816
761 858
762 774
762 783
762 812
764 772
765 833
766 776
766 795
766 822
766 845
766 846
767 816
768 863
769 776
770 798
770 859
771 774
771 816
771 819
771 850
771 857
771 860
772 806
772 835
772 870
773 829
774 797
774 826
775 865
775 871
776 786
776 848
776 853
777 815
777 818
778 832
778 835
778 853
779 822
780 794
780 811
780 853
780 868
781 806
782 841
782 877
783 793
783 800
783 848
783 869
783 877
783 883
784 793
784 815
784 842
784 873
785 826
787 791
787 839
787 840
787 869
787 871
787 879
788 823
789 835
791 856
791 874
792 799
792 865
792 882
792 886
793 800
793 812
794 795
794 836
794 866
795 867
795 891
796 798
796 851
796 896
797 804
797 868
797 871
797 879
797 896
798 874
799 803
799 807
799 846
799 868
799 876
800 802
801 814
802 826
802 895
803 866
803 871
805 837
805 841
805 847
807 850
807 885
808 845
808 864
809 828
809 854
810 860
812 841
812 861
813 879
813 884
814 875
816 860
817 888
817 894
818 829
818 858
818 872
818 903
818 915
819 846
819 869
822 825
822 908
823 867
823 880
823 895
824 837
824 857
824 866
824 876
825 845
826 837
826 880
827 865
827 919
828 851
828 871
828 874
828 921
830 914
831 884
832 838
834 897
834 909
835 869
835 909
836 874
836 918
837 896
839 840
839 846
839 896
839 913
840 848
840 856
840 894
840 909
841 866
841 870
841 915
842 856
842 897
843 875
843 942
844 863
844 864
845 870
845 917
846 847
846 869
846 870
846 874
846 936
847 943
848 932
849 859
849 905
849 936
850 852
850 920
851 861
851 866
851 894
852 882
854 900
855 952
856 896
856 943
856 955
857 870
858 943
859 895
859 906
859 919
859 931
862 873
863 880
863 945
863 949
863 962
864 899
865 886
866 940
866 958
867 873
867 902
867 913
867 923
867 924
867 960
869 886
869 901
869 924
869 943
869 967
870 877
870 899
870 960
871 925
872 929
874 894
874 910
874 951
874 959
875 879
875 900
875 908
875 964
876 923
876 942
877 897
877 913
878 961
879 935
879 946
880 912
880 963
881 898
881 941
881 974
882 901
882 965
882 973
884 891
884 903
885 890
885 917
885 920
885 971
887 897
887 955
888 914
888 986
889 907
889 909
889 928
889 946
890 897
890 917
890 930
890 970
891 895
891 901
891 973
892 919
892 979
893 943
893 950
895 903
896 902
897 937
897 965
898 931
898 994
899 952
899 986
900 969
900 995
901 920
901 923
901 985
902 925
902 930
903 972
903 995
904 954
904 982
905 988
906 933
908 928
908 938
908 957
909 912
909 994
910 921
910 970
910 1000
911 980
911 987
912 958
913 934
913 957
915 990
916 924
916 929
917 988
918 954
921 928
921 976
921 999
923 931
923 963
923 975
923 980
924 944
924 981
925 949
926 970
927 937
927 994
927 998
928 950
928 955
928 987
929 963
930 963
930 985
932 950
933 953
933 977
933 985
934 936
934 987
934 1000
935 961
935 963
936 983
937 971
938 956
939 948
942 999
943 993
944 991
946 989
947 999
950 987
950 994
951 971
951 994
955 972
956 977
956 987
960 998
961 980
964 988
964 992
965 990
966 968
966 973
966 983
967 970
969 980
970 988
971 976
971 988
971 989
973 993
975 993
976 985
980 985
981 983
987 995
991 992
19 2 7 2 4 7 5 5 2 17 10 0
5 4 1 12 2 4 7 0 12 3 16 4
19 22 0 1 3 24 13 19 0 12 10 3
14 2 7 7 1 2 14 3 5 5 19 12
21 9 12 12 6 10 7 7 10 9 6 4
1 1 19 8 17 1 8 6 11 14 9 1
6 9 2 14 12 10 15 24 14 7 3 39
17 24 21 3 3 3 21 8 16 2 16 7
0 4 10 1 7 15 14 5 27 4 2 20
17 2 18 31 2 9 1 23 5 6 12 4
32 8 15 10 1 1 6 3 17 5 21 15
22 23 22 15 3 2 13 3 12 23 6 2
29 4 17 1 14 19 0 4 18 3 16 12
20 25 0 6 5 1 6 13 3 6 24 11
19 7 5 9 1 3 14 20 19 8 8 0
5 16 9 4 15 3 2 10 4 13 7 8
9 1 1 1 9 0 20 2 0 6 2 2
31 4 16 9 19 20 2 14 10 26 6 12
5 7 17 7 5 5 15 12 5 14 23 9
10 6 4 4 29 2 6 11 9 6 8 14
64 55 44 43 34 54 17 33 21 52 30 36 31 55 38 52 69 24 32 44
65 53 53 46 33 52 23 30 47 40 28 35 45 34 44 42 82 33 30 35
58 45 49 45 30 44 27 31 29 37 33 41 26 50 38 51 78 27 32 46
39 52 36 32 18 43 22 15 33 26 16 24 23 25 35 28 62 13 19 25
41 52 39 33 23 34 18 19 29 27 16 29 19 25 38 21 56 14 17 19
10 10 13 5 2 7 3 1 6 5 4 6 1 6 9 2 18 1 1 1
47 52 37 38 22 46 18 37 49 34 32 24 42 31 36 35 61 21 29 31
32 28 35 29 11 28 10 25 29 11 27 21 29 29 25 24 45 15 17 22
15 12 13 12 1 16 5 4 10 12 6 5 10 12 9 6 26 7 3 6
12 12 15 14 1 9 5 10 14 12 9 1 10 15 5 9 23 1 8 7
58 40 43 38 27 32 1 29 28 37 33 25 38 35 25 33 51 21 22 22
50 71 42 44 35 50 39 25 50 43 41 40 31 41 40 42 60 21 32 35
11 9 13 10 3 4 1 6 5 10 8 6 4 8 9 5 10 1 6 1
21 12 16 12 9 17 11 9 22 16 11 10 21 15 10 18 34 17 1 15
32 37 15 26 15 33 6 13 11 31 23 21 22 15 29 16 40 17 14 17
55 52 29 51 28 53 23 27 31 49 39 39 27 41 41 39 70 22 35 36
56 50 42 41 22 62 20 29 39 42 21 26 29 41 29 58 74 25 45 44
29 41 29 30 20 32 12 32 24 33 25 28 19 30 35 23 46 8 20 16
49 49 54 38 29 35 35 26 46 40 20 31 18 39 37 34 69 17 30 30
65 65 39 57 28 56 29 32 46 39 46 28 46 42 52 40 77 29 35 50
57 68 36 47 30 54 21 34 53 50 38 33 39 30 31 40 68 18 37 28
32 26 28 17 15 30 9 14 28 23 23 15 33 26 19 28 31 21 11 24
62 55 38 50 34 43 18 49 38 43 47 49 34 46 44 44 72 13 35 32
41 51 43 40 18 30 28 29 49 19 28 25 24 36 27 28 62 4 25 26
25 31 8 29 11 27 16 22 27 24 24 13 22 22 21 15 47 9 15 25
15 25 11 24 1 14 4 22 18 14 22 13 20 18 15 12 33 1 5 15
17 33 21 19 12 22 20 15 33 19 16 17 11 18 22 10 38 7 11 11
2 6 7 1 1 4 1 3 7 1 2 1 7 3 1 1 13 1 1 1
37 57 32 46 16 28 26 27 48 24 33 20 27 36 36 19 59 6 16 30
55 51 51 46 30 47 26 31 42 30 47 33 51 59 37 53 60 37 34 51
3 8 6 2 1 5 1 1 1 3 3 3 5 4 4 1 13 1 1 1
60 57 53 50 30 27 32 28 47 45 37 21 39 54 44 38 73 26 23 42
45 66 33 59 34 48 35 47 49 43 53 42 33 52 43 42 76 6 37 38
15 13 14 11 5 20 1 11 12 8 10 12 9 10 15 8 25 1 4 9
11 17 12 14 1 13 1 13 8 5 15 13 9 12 14 7 22 1 5 8
29 41 31 29 31 25 30 23 34 40 35 16 37 37 29 31 38 23 13 33
14 4 14 6 1 14 1 11 13 1 4 5 11 8 9 8 20 1 3 9
67 48 64 48 37 43 40 18 51 45 21 26 32 43 49 46 82 36 30 47
48 44 43 29 19 35 10 27 28 36 19 22 31 32 34 25 53 18 18 23
33 44 32 36 9 39 18 25 40 14 27 19 27 29 24 32 54 11 27 28
30 30 28 21 8 18 11 4 9 21 9 10 12 24 23 17 41 9 1 17
42 33 31 35 14 22 9 20 33 35 25 17 29 21 25 15 46 16 22 14
34 27 18 33 12 34 11 17 33 26 25 9 36 13 26 19 42 24 19 26
6 5 12 5 1 3 2 1 5 6 5 2 7 9 3 5 15 3 2 2
47 62 37 43 35 55 16 43 43 24 39 46 39 41 32 41 68 19 35 32
30 24 20 10 12 22 1 5 12 21 10 14 20 11 10 13 33 10 2 4
10 13 12 9 1 17 6 3 14 7 7 6 5 7 9 4 19 2 4 2
7 9 13 2 1 7 2 4 12 1 1 1 5 5 4 4 15 1 1 3
65 65 36 49 34 60 41 30 49 50 37 34 37 43 47 52 89 27 44 50
1 7 1 2 1 1 1 2 4 1 3 1 6 1 1 1 8 1 1 1
11 9 8 6 1 14 5 7 17 11 4 1 15 5 5 8 16 8 4 1
14 12 14 10 5 13 1 12 9 9 11 12 11 7 15 7 19 1 1 8
41 32 44 29 20 18 13 19 17 36 19 21 17 37 23 23 42 16 23 18
15 20 15 15 4 12 4 10 9 9 16 20 8 13 17 9 32 3 4 5
46 75 47 53 37 52 47 39 62 31 41 42 27 42 53 42 85 10 28 45
12 15 18 3 3 12 3 11 13 6 4 7 11 10 9 3 25 1 1 7
46 69 45 47 35 55 27 41 34 54 43 33 39 54 44 56 70 23 41 45
55 53 50 50 31 51 26 54 46 30 46 38 44 52 51 50 65 25 41 43
20 14 15 13 4 18 2 2 11 15 6 7 9 9 12 4 29 6 5 5
39 37 19 41 11 39 10 30 39 24 34 20 41 26 27 25 56 19 20 31
20 19 18 10 6 21 5 7 18 13 7 11 16 8 11 9 29 6 4 5
6 8 7 7 2 10 3 5 11 9 11 5 12 11 6 11 17 7 2 8
58 64 27 57 35 60 29 34 60 39 52 38 46 24 44 34 72 27 41 39
25 29 20 24 5 33 12 10 26 18 14 15 15 17 14 28 46 6 21 15
9 14 9 12 2 6 4 9 12 10 8 1 11 12 5 2 23 1 1 5
50 50 38 41 28 40 37 19 51 21 26 30 31 25 43 31 76 25 9 42
29 32 25 27 5 23 9 10 22 16 17 15 18 19 16 11 40 5 8 10
32 37 23 27 11 35 7 23 25 22 26 27 23 18 23 23 42 7 15 13
40 42 30 45 21 43 20 42 37 18 38 28 36 40 34 37 56 21 31 39
60 56 45 45 36 48 30 28 38 53 38 43 26 50 46 46 70 33 30 43
11 9 11 5 5 12 1 1 9 10 6 8 11 5 10 7 15 7 1 1
17 10 16 10 3 11 2 4 8 13 3 6 4 8 9 4 26 1 3 1
38 28 34 33 13 24 9 28 34 28 24 23 24 27 28 18 47 8 20 10
24 16 26 11 8 15 19 7 26 14 5 11 14 15 19 20 35 13 2 19
7 19 13 9 1 14 10 10 18 6 10 6 11 12 10 7 18 1 6 7
19 16 17 17 5 19 4 8 5 12 12 13 4 18 16 12 30 4 9 9
7 3 9 5 1 1 1 1 1 8 3 1 4 4 5 5 8 2 1 1
56 49 61 44 25 35 12 40 23 34 29 34 26 52 51 41 67 16 34 33
25 32 17 28 10 22 5 18 16 27 26 20 16 26 23 16 30 13 15 16
13 16 17 10 1 11 8 8 15 9 7 6 14 10 9 5 32 5 1 6
5 5 10 3 1 1 1 1 5 4 4 1 8 8 1 5 19 2 1 1
41 48 37 30 25 44 27 17 38 20 17 31 19 28 23 35 69 10 28 23
16 18 15 6 8 19 4 11 17 15 8 11 17 7 12 11 22 8 5 5
55 49 38 40 19 52 11 31 39 36 31 32 33 34 33 43 67 17 32 27
31 33 34 22 13 26 8 21 16 30 13 19 20 23 25 13 42 9 11 10
4 6 9 4 1 8 1 3 12 5 5 2 8 3 3 4 14 2 1 2
7 11 10 6 1 7 1 5 12 4 4 2 9 6 1 5 14 1 4 1
45 56 26 30 23 44 18 16 32 36 29 20 37 26 25 26 53 21 14 25
17 19 9 14 5 14 6 14 15 11 17 14 16 18 10 19 34 7 6 14
10 16 6 14 1 13 1 7 16 9 8 5 14 4 5 1 17 6 3 5
21 29 25 13 4 18 22 11 28 11 10 6 19 24 15 21 38 8 8 19
42 48 33 41 26 38 26 21 28 39 31 27 32 48 23 36 67 27 19 39
10 11 13 11 3 10 1 9 8 9 12 10 7 10 13 4 14 2 4 4
3 12 11 5 1 8 5 2 2 1 4 3 2 14 7 4 19 1 1 8
36 38 44 33 18 14 23 23 32 18 26 21 14 40 37 21 47 5 16 24
15 15 13 16 3 13 2 9 7 15 13 11 8 13 14 8 22 6 5 5
33 46 38 29 26 36 21 33 32 34 21 27 33 34 37 29 62 18 16 29
44 46 47 40 21 40 14 35 29 32 24 28 30 46 32 38 69 14 29 34
60 54 47 52 30 49 33 33 57 30 39 26 55 40 39 31 82 34 34 42
9 10 7 8 1 9 5 5 15 4 9 7 9 3 8 3 18 1 1 3
57 71 45 57 36 43 26 42 41 32 45 45 28 49 51 33 77 9 26 36
31 54 33 30 25 40 27 30 42 27 29 22 36 29 27 30 60 4 20 27
46 50 10 49 26 47 22 31 34 39 44 33 38 24 39 27 58 21 29 35
37 37 37 31 20 25 11 24 28 33 23 29 21 28 25 21 56 9 15 13
19 28 20 20 1 28 10 18 32 9 12 4 20 17 13 18 36 7 14 19
6 11 9 11 1 10 2 5 7 5 9 6 5 9 6 4 21 2 2 5
45 54 29 40 22 47 22 27 50 33 31 16 44 18 36 25 59 22 29 30
46 43 38 51 26 39 19 37 52 29 36 30 40 39 27 37 72 19 24 35
12 7 13 7 1 10 1 6 11 6 6 5 10 7 4 5 20 1 1 6
29 46 21 27 15 46 23 14 34 29 15 17 12 12 28 20 47 10 28 20
28 57 21 41 20 48 40 21 51 30 33 20 29 26 38 28 70 19 27 41
13 26 20 18 2 7 8 16 15 9 18 11 15 17 14 3 27 1 3 11
14 14 13 11 9 22 15 3 26 9 9 16 8 6 14 12 32 10 3 9
9 9 10 12 1 13 1 8 7 7 12 9 4 11 12 8 15 1 5 7
17 8 21 13 1 8 5 11 18 11 6 4 15 12 6 14 27 5 8 8
53 56 59 52 37 27 37 28 40 42 35 35 22 57 50 41 71 23 33 36
54 64 32 46 32 67 24 33 56 32 30 33 47 25 29 42 79 26 41 40
8 10 11 10 3 5 1 7 4 8 11 8 5 8 10 3 13 1 4 4
43 60 41 46 38 40 18 43 37 32 41 43 39 42 39 31 74 16 23 32
16 13 19 8 2 11 2 12 18 5 6 8 10 8 12 4 24 1 3 4
13 16 13 7 1 23 7 9 21 7 5 5 14 7 7 15 26 3 7 8
47 49 42 51 24 28 33 19 19 34 31 26 12 53 37 44 65 17 30 41
22 34 10 23 11 27 9 13 27 21 23 16 28 17 13 11 41 10 1 13
2 4 1 2 1 3 1 1 3 6 3 1 7 1 1 3 6 3 1 1
34 33 27 24 16 31 8 24 19 13 24 30 20 23 23 21 50 1 12 19
47 37 26 25 24 39 11 14 28 37 26 19 39 21 25 25 51 27 15 29
11 9 14 8 1 5 1 10 9 8 8 6 10 6 10 1 11 1 4 1
18 15 8 10 10 19 5 5 9 15 19 15 13 19 15 22 22 15 3 17
36 39 14 44 16 37 5 26 26 23 32 28 23 28 15 29 52 10 23 23
9 15 15 6 5 8 16 1 12 2 3 7 1 12 15 5 26 4 1 9
22 30 11 22 13 21 9 18 22 19 30 20 28 22 14 22 36 16 7 20
11 19 11 9 1 18 9 1 19 7 5 3 11 8 4 8 31 3 3 3
4 1 5 1 1 4 1 1 4 1 1 1 2 1 2 1 9 1 1 1
5 1 7 2 1 9 1 1 5 1 2 1 1 7 2 3 11 1 1 1
55 42 57 35 25 41 21 30 32 22 23 26 36 47 38 45 66 25 29 35
46 45 48 36 25 31 24 31 36 31 24 37 19 36 45 27 66 13 21 26
12 20 18 18 7 7 9 18 15 19 18 2 24 24 13 16 30 4 5 16
7 9 7 4 1 5 1 3 11 1 3 1 8 2 1 1 19 1 1 1
32 50 32 22 16 40 31 15 38 28 17 15 25 28 23 38 47 14 21 35
37 40 25 33 23 29 9 28 23 39 35 29 26 31 32 21 34 16 19 17
28 29 28 11 14 23 12 6 14 23 15 12 20 22 21 19 25 15 4 18
6 8 1 9 1 11 1 1 8 5 6 5 7 2 1 1 14 2 1 1
57 56 33 40 38 55 32 27 47 46 38 41 44 27 44 37 79 37 21 41
51 53 32 40 35 38 17 39 39 40 48 45 37 36 38 33 61 20 18 30
31 55 25 46 20 34 21 36 49 28 41 30 30 31 28 17 57 9 22 23
22 22 26 22 9 18 8 23 30 6 19 11 29 17 15 18 33 13 14 17
24 38 20 24 11 28 11 23 28 19 24 25 21 17 22 15 46 3 8 10
56 58 58 49 40 47 42 41 63 35 35 28 48 47 50 44 90 19 19 48
45 55 41 37 29 53 41 32 58 38 37 29 45 45 41 52 71 34 23 55
30 23 29 15 12 9 4 11 14 26 18 11 15 26 16 14 23 8 11 7
20 34 12 26 8 29 12 11 28 25 20 13 14 14 17 20 29 12 22 16
24 42 33 25 21 25 24 26 30 30 19 21 22 28 36 19 49 8 10 19
1 14 8 7 1 3 2 5 4 2 8 3 5 8 5 1 15 1 1 3
6 8 5 6 1 11 3 7 17 6 4 1 11 4 1 2 14 2 2 2
54 64 46 42 39 49 32 34 41 51 43 45 33 49 50 41 58 27 32 27
2 8 8 1 1 4 2 1 9 1 1 1 4 4 1 1 9 1 1 1
9 12 3 10 1 9 1 3 13 8 7 5 15 1 2 3 17 4 1 1
43 58 44 42 15 37 40 23 54 28 17 9 22 35 36 34 68 7 26 40
3 8 11 1 1 4 3 1 5 1 2 1 2 8 1 1 17 1 1 2
8 18 16 12 1 16 6 7 11 6 11 8 2 15 9 10 21 1 9 5
41 60 29 36 28 55 41 35 54 34 35 42 32 29 38 49 73 20 25 45
32 48 34 40 20 30 26 24 42 37 27 18 24 32 28 22 56 11 26 22
45 52 27 39 21 52 20 21 43 36 22 23 31 19 20 38 63 17 33 26
56 52 46 44 21 47 17 30 42 18 25 28 30 39 36 38 76 9 23 34
24 29 26 20 11 21 6 17 17 15 21 24 16 17 21 8 35 4 7 9
15 17 14 16 8 7 1 16 11 18 19 13 14 15 16 9 13 7 8 6
21 17 26 13 6 17 5 13 13 11 11 13 11 18 16 13 32 1 7 10
23 31 23 20 11 25 8 16 11 22 15 24 11 17 25 12 41 7 9 9
33 44 13 32 23 33 6 20 33 26 36 23 41 24 8 26 33 23 11 23
20 19 23 10 14 15 10 11 13 15 10 21 7 10 21 11 32 8 5 6
49 38 38 43 24 44 21 33 41 22 30 36 28 40 27 40 76 16 26 38
17 29 11 21 5 25 12 7 24 17 18 14 18 13 10 15 34 12 8 10
11 8 11 5 4 10 3 7 10 6 6 8 9 6 11 3 18 1 1 4
15 17 20 12 1 13 9 7 15 9 10 9 10 11 12 3 31 2 2 7
45 60 29 54 30 38 28 49 45 22 50 42 37 48 34 35 74 12 27 45
21 29 25 18 5 13 12 9 16 14 13 12 19 18 17 10 33 6 3 11
17 14 13 17 4 15 1 5 14 11 13 10 15 10 7 7 27 6 4 5
41 50 31 42 23 47 27 19 43 43 35 25 34 42 24 50 52 30 34 40
26 25 22 12 9 22 7 5 16 22 15 5 24 22 10 18 28 17 2 18
32 35 24 19 11 21 14 12 24 21 17 12 30 23 17 18 38 13 1 21
9 17 11 14 1 12 5 9 9 8 10 4 8 15 7 4 24 3 1 9
27 34 16 25 11 34 12 20 16 23 23 26 12 21 26 22 41 6 15 15
66 70 61 61 28 62 35 38 48 34 33 36 26 55 50 60 91 16 48 51
6 6 5 3 3 8 6 1 13 1 4 5 4 3 5 1 15 3 1 1
16 16 13 13 6 19 1 6 11 14 11 13 7 6 15 3 19 3 5 3
38 34 34 25 11 18 7 19 20 18 25 12 30 32 22 21 39 14 10 23
1 4 5 4 1 7 1 1 4 2 5 2 1 4 4 1 8 1 1 1
2 11 8 5 1 7 5 6 5 3 6 4 7 11 6 4 13 2 1 6
52 65 50 63 31 30 29 44 52 31 48 28 43 55 45 35 77 9 24 44
19 12 28 12 1 7 10 8 11 10 5 4 13 22 7 13 32 4 8 13
5 8 14 4 1 3 2 4 7 3 4 2 4 5 4 1 12 1 1 1
31 40 22 16 21 36 19 13 33 33 19 16 31 22 21 24 43 24 9 22
55 45 58 40 27 28 22 22 32 27 16 29 20 40 34 34 69 13 22 27
2 11 7 1 1 11 6 1 9 3 1 1 3 4 5 5 12 1 2 1
45 48 45 38 25 35 32 27 51 35 27 28 35 33 35 31 71 15 12 30
34 53 18 31 26 53 32 23 41 34 35 34 28 30 32 44 57 23 23 39
29 47 17 31 15 35 16 24 28 27 32 30 21 26 26 21 45 9 15 17
51 61 38 48 29 43 24 35 50 46 41 31 40 29 44 22 65 15 33 25
45 47 24 31 29 43 25 10 37 44 31 17 40 27 27 27 56 35 20 32
28 36 27 30 4 27 18 20 37 11 15 6 25 29 23 19 49 8 11 29
52 49 49 45 27 39 15 49 31 41 35 39 23 50 46 35 64 6 37 29
39 36 28 26 19 23 5 12 18 37 27 22 21 28 22 15 36 15 13 10
48 49 36 46 35 31 35 42 37 45 45 45 24 53 47 42 61 17 39 31
19 29 18 17 3 23 11 12 22 11 19 20 12 17 17 17 38 4 11 10
12 9 17 9 1 12 5 10 15 2 8 6 9 14 9 9 25 1 4 11
15 23 11 24 1 17 5 17 12 11 22 15 13 18 15 11 29 1 8 13
25 12 21 10 6 10 1 10 13 18 11 9 13 12 13 9 21 4 4 4
40 56 13 55 28 43 21 38 39 40 50 34 28 32 44 17 54 9 27 33
62 63 42 52 30 63 24 39 51 45 50 34 55 49 44 54 66 36 38 51
25 11 18 4 7 17 1 4 10 17 9 4 20 17 4 18 21 11 1 11
61 55 31 50 32 51 10 26 26 45 43 41 33 44 28 41 67 24 29 35
13 23 9 13 1 24 13 7 16 9 12 14 8 16 12 17 36 5 9 11
13 16 19 9 1 8 5 8 9 11 6 6 9 10 13 2 18 2 2 3
14 6 18 7 1 9 1 9 15 4 5 1 13 9 8 8 20 3 3 6
40 43 36 33 13 39 16 20 26 33 20 21 21 35 20 38 52 18 29 28
6 4 3 6 1 5 3 3 10 8 4 2 10 5 1 5 19 7 1 2
27 29 24 24 21 27 19 20 31 17 25 36 13 18 31 20 42 15 11 20
64 67 39 58 39 47 27 25 53 30 45 32 41 34 44 26 74 26 29 41
42 46 37 40 15 29 16 32 29 32 35 31 26 41 32 30 57 8 24 27
61 42 58 38 32 45 21 27 32 40 21 34 36 47 39 50 80 34 27 40
33 24 37 20 21 29 13 15 20 25 12 28 4 23 28 23 49 11 15 14
24 28 25 22 7 19 11 13 16 10 20 23 11 21 21 10 45 2 7 12
3 2 4 4 1 6 1 5 4 1 3 1 6 2 1 3 13 1 1 3
19 23 13 19 8 14 7 9 16 22 19 12 18 19 8 17 32 14 2 11
46 58 30 46 32 37 33 36 61 52 43 19 50 33 36 30 54 25 37 31
32 30 35 27 15 11 11 17 20 28 23 24 17 26 24 14 36 5 19 1
8 8 9 9 1 8 1 1 6 9 4 1 8 5 3 1 17 4 1 2
52 75 30 56 41 59 28 54 45 34 56 57 34 49 48 42 69 14 40 43
23 20 19 20 4 14 5 5 12 19 11 9 16 16 8 13 31 9 7 6
12 14 13 13 1 13 1 12 7 6 14 12 4 15 15 7 21 1 6 7
60 64 35 58 32 53 22 37 42 47 47 34 48 53 25 50 77 30 35 51
17 20 19 12 3 19 6 17 14 7 10 12 13 19 16 9 32 1 4 16
29 26 30 18 15 21 10 18 22 31 12 13 21 22 20 22 40 10 14 11
37 29 24 32 13 27 7 18 30 27 24 14 21 18 27 10 42 12 20 17
38 27 33 36 12 36 15 17 36 20 19 10 22 33 21 30 59 20 29 31
5 8 6 3 1 2 1 1 8 1 2 2 5 3 1 1 14 1 1 1
15 15 12 9 6 9 1 13 16 13 13 6 25 13 4 15 18 11 4 13
46 55 24 38 34 56 21 37 32 28 36 48 23 35 38 39 64 9 34 28
60 69 55 55 47 40 35 44 54 55 43 45 45 41 56 27 85 21 31 28
19 9 20 6 3 9 2 4 8 12 2 6 12 9 7 11 24 5 4 3
26 32 19 34 12 29 8 33 36 8 32 17 34 25 23 20 45 7 14 26
37 48 21 26 24 39 18 23 44 22 27 30 33 17 17 30 49 17 18 20
58 44 45 39 30 51 32 18 46 43 31 29 40 49 36 53 67 40 30 52
12 10 17 10 1 12 3 5 10 7 4 2 6 16 3 10 23 1 7 5
37 31 35 29 18 31 10 18 17 28 13 28 8 27 27 24 56 13 18 18
58 51 36 42 38 46 6 25 29 43 40 40 38 38 24 40 50 27 26 28
34 35 17 35 17 27 9 27 31 26 34 31 21 23 24 20 43 9 17 14
22 25 13 25 8 15 12 11 27 19 17 12 23 10 13 8 37 12 8 11
16 14 16 6 7 12 1 5 7 10 5 12 10 4 11 4 23 3 1 1
32 43 22 33 9 20 10 17 25 23 27 16 27 27 22 15 42 11 6 21
46 47 46 47 22 30 21 40 43 40 35 32 29 47 38 28 69 11 29 27
22 22 30 14 10 11 8 13 10 16 14 16 9 20 21 5 28 1 9 7
14 16 13 13 1 15 1 2 14 10 8 4 10 7 7 1 25 4 2 3
42 30 42 30 17 33 6 22 18 31 18 28 21 32 25 35 53 15 23 23
33 27 32 18 17 31 13 21 28 12 16 30 20 22 25 26 56 11 12 20
26 22 28 26 16 8 14 18 22 29 19 20 13 25 19 16 36 9 18 4
14 11 17 9 4 8 1 6 5 10 9 9 5 10 13 4 15 1 5 1
34 30 27 32 14 24 13 23 31 30 26 26 16 29 27 23 44 9 23 8
32 26 33 23 11 21 5 11 15 22 12 18 14 19 15 13 39 6 12 9
37 31 41 22 16 20 2 23 18 23 15 25 17 24 26 16 45 4 17 8
10 16 17 8 1 10 10 8 14 9 7 1 15 13 11 8 18 7 4 8
44 49 27 45 18 51 20 29 52 25 38 23 44 26 28 39 61 26 33 37
13 9 15 8 4 10 5 5 10 8 9 10 5 7 13 1 19 1 3 3
60 48 34 53 41 58 40 24 39 52 35 44 26 37 45 48 80 40 39 51
17 17 13 20 9 14 10 16 18 19 17 16 14 12 17 8 26 10 7 8
28 51 38 43 15 37 34 38 49 26 34 11 35 41 35 31 62 3 25 39
20 23 14 17 10 23 17 8 23 19 14 13 21 16 20 15 38 20 7 19
24 15 21 10 8 12 3 1 1 23 10 4 13 22 9 18 21 12 4 12
10 21 8 14 2 20 8 4 18 9 9 6 11 9 5 5 26 7 7 8
11 16 19 10 1 5 10 7 6 7 8 7 6 13 15 1 16 1 4 8
42 46 27 30 20 39 23 17 49 32 29 19 45 26 20 33 50 29 16 31
12 10 13 1 3 7 1 3 1 5 1 6 1 3 8 2 17 1 1 1
20 30 31 31 8 17 14 29 25 20 25 7 29 35 23 23 48 1 14 26
7 5 6 1 1 7 1 1 5 1 1 1 1 4 1 1 17 1 1 1
20 34 18 24 6 18 12 16 21 5 20 17 18 20 19 9 41 1 1 17
19 21 15 20 2 14 4 15 24 17 15 11 21 10 11 6 32 7 3 8
25 32 28 28 8 20 11 22 14 19 23 20 9 31 29 10 37 1 12 17
27 28 14 22 14 30 10 18 13 18 18 27 8 15 24 16 45 5 12 14
57 69 29 50 33 61 22 33 44 38 52 43 42 48 31 50 64 27 37 44
48 37 30 41 21 36 16 22 43 35 30 17 27 22 36 18 54 16 31 23
10 19 10 13 1 18 7 4 20 13 8 5 6 7 8 7 21 3 9 3
50 62 39 51 38 52 32 31 47 58 38 27 43 35 51 37 76 30 37 36
65 67 57 65 30 51 41 33 48 40 37 35 34 59 40 57 88 27 43 52
60 60 35 50 30 48 23 22 44 47 47 24 54 37 34 35 62 34 25 41
19 26 25 20 8 5 16 7 15 11 11 7 1 22 22 6 28 1 5 11
34 39 29 17 20 37 17 11 30 24 26 25 32 29 20 30 41 20 12 25
13 13 15 7 5 13 5 1 6 8 7 9 7 10 10 5 22 4 1 1
55 43 55 44 28 31 22 28 45 38 25 35 29 39 33 30 69 19 29 22
23 21 27 6 16 30 23 6 28 16 3 21 10 10 22 17 45 15 2 16
26 46 25 32 15 22 30 13 42 11 20 11 23 25 18 19 51 7 9 22
38 35 28 33 20 16 11 27 32 34 32 18 36 29 20 21 48 10 11 18
11 11 9 7 1 13 1 1 9 9 1 1 8 3 7 1 17 4 1 2
12 19 9 5 4 8 6 3 10 10 12 6 19 13 3 8 23 9 1 8
35 26 14 24 17 34 20 12 44 27 19 7 38 11 20 22 46 28 17 28
54 67 35 49 31 65 35 39 64 41 32 37 46 31 36 50 90 24 38 43
23 19 13 17 9 22 9 2 18 16 12 9 13 7 17 2 37 11 7 10
56 50 53 38 39 36 21 27 24 52 28 38 23 50 39 38 62 26 28 28
4 10 2 4 1 6 1 1 5 1 4 5 3 1 5 1 9 1 1 1
7 7 10 4 1 6 1 2 3 1 5 5 5 8 4 2 19 1 1 2
65 63 58 46 38 40 31 28 37 43 41 41 35 57 51 54 74 27 26 45
61 70 46 51 31 51 27 44 52 37 43 44 37 45 45 43 77 14 33 36
35 29 34 29 14 19 4 27 27 21 26 26 23 24 27 13 41 4 16 10
10 9 16 7 4 6 8 8 16 5 7 9 8 9 10 8 25 4 1 7
6 11 9 7 1 10 1 6 4 8 10 5 8 13 7 10 15 5 1 6
20 20 15 17 9 23 10 10 21 21 12 15 17 9 18 10 32 15 5 9
35 41 27 29 23 42 28 30 54 31 25 11 45 28 25 38 53 24 24 36
44 37 30 34 19 39 10 15 32 34 21 19 30 19 24 20 59 18 21 21
12 5 15 2 1 5 1 3 4 4 3 4 5 3 8 1 16 1 1 1
24 26 31 25 5 13 13 19 22 12 20 16 20 26 22 16 41 8 11 19
24 40 29 24 6 20 25 12 29 18 12 7 13 26 21 27 35 5 18 22
22 19 21 22 5 23 6 15 23 15 12 8 14 20 9 21 35 7 16 14
19 16 17 18 3 13 3 19 15 17 16 11 21 16 14 14 25 8 6 12
14 19 17 19 17 18 20 17 27 22 18 13 22 17 22 13 37 11 5 17
36 35 38 30 15 21 17 15 27 26 16 23 10 28 30 12 53 8 13 14
26 29 30 22 6 21 22 18 33 12 12 7 24 29 20 26 42 9 10 26
55 63 38 42 46 53 29 36 35 52 47 56 37 44 51 46 62 31 24 41
34 35 44 29 20 27 18 35 32 29 21 14 34 39 31 32 63 10 20 28
42 44 34 35 29 29 10 32 29 28 34 41 22 25 32 16 51 1 20 8
60 58 46 50 35 44 31 27 38 56 34 27 44 35 51 37 81 35 33 41
63 66 36 44 46 70 39 22 53 58 47 44 46 31 55 50 70 48 34 49
17 11 26 13 1 3 4 5 6 10 4 1 8 19 7 11 30 1 4 10
19 30 12 22 5 30 15 18 28 15 17 14 17 21 19 12 40 7 12 19
39 37 35 30 16 27 15 20 22 33 29 16 36 44 24 34 46 18 15 35
23 27 21 26 6 19 5 22 19 6 24 20 19 22 18 15 34 3 11 17
38 30 36 22 24 36 18 28 44 19 19 29 30 21 29 27 63 16 8 26
11 8 11 5 1 6 1 4 5 11 7 5 9 5 9 5 8 5 1 1
39 34 27 37 23 35 7 21 22 19 25 31 24 31 11 29 52 16 23 23
37 47 36 40 13 20 17 25 30 25 30 26 21 34 33 9 52 4 14 17
10 4 6 8 1 14 4 2 19 6 3 5 8 1 7 3 24 5 1 5
37 34 37 21 20 38 22 19 34 20 21 26 24 30 35 38 56 23 13 35
9 10 11 9 4 5 7 1 12 5 9 7 7 8 6 5 21 4 4 1
17 23 19 25 6 14 10 22 20 20 22 14 17 24 18 13 35 5 10 13
13 9 16 3 3 13 2 1 6 11 1 5 3 7 9 6 21 1 1 1
24 26 24 25 6 26 6 25 26 19 21 16 25 19 22 18 36 7 12 17
71 65 44 68 35 52 25 48 48 54 59 36 53 58 51 46 80 32 45 52
24 29 19 22 12 26 20 7 22 17 14 16 10 15 28 7 41 14 7 19
60 46 33 39 35 59 36 22 46 49 35 33 32 38 43 49 74 34 33 47
33 42 24 31 22 25 13 27 42 17 31 29 25 19 17 22 39 4 27 12
35 34 28 27 8 36 10 19 27 20 24 21 28 28 22 29 48 14 16 23
9 9 12 7 1 9 1 8 9 5 8 7 10 9 7 7 18 4 1 7
25 26 29 21 6 6 7 6 6 16 13 15 6 21 19 7 29 1 9 6
36 50 30 42 15 27 18 26 26 29 30 26 14 36 40 14 50 6 19 25
12 19 10 13 1 16 4 6 16 8 9 6 13 7 7 3 22 5 3 3
19 11 20 5 5 10 1 9 10 15 6 9 14 7 13 10 18 5 1 5
23 24 18 13 10 17 1 10 14 24 19 7 21 20 10 18 16 13 7 10
12 13 12 12 1 10 1 7 12 8 11 9 11 4 9 1 16 1 1 1
2 7 1 6 1 10 1 5 1 1 7 6 1 6 7 3 11 1 1 4
15 13 18 3 10 19 15 6 26 7 4 12 10 7 14 14 28 8 5 8
61 66 66 63 41 46 30 60 42 47 51 41 37 68 60 48 83 17 47 52
6 10 3 11 1 11 3 4 7 4 7 7 3 6 4 3 23 3 1 5
48 58 35 38 24 34 24 12 36 32 32 18 29 36 33 29 49 21 18 28
19 26 18 14 5 29 11 5 15 12 6 11 6 15 19 9 32 5 7 13
55 59 33 46 28 55 13 35 48 34 38 40 32 26 38 30 69 12 36 27
13 18 13 8 2 15 5 8 15 11 13 6 15 17 8 14 25 7 2 9
41 30 35 38 18 34 17 24 28 20 24 28 20 40 20 37 63 16 28 32
35 21 39 28 13 21 8 23 32 17 19 11 19 30 21 26 36 11 28 17
18 29 28 18 9 13 26 4 29 6 8 10 8 21 17 19 40 6 9 15
8 12 14 4 1 11 1 3 8 3 4 5 2 8 8 1 19 1 1 1
4 14 9 9 1 5 3 7 9 4 10 6 11 10 4 4 20 2 1 4
14 11 20 5 4 6 12 3 16 2 4 9 9 13 7 9 36 4 1 9
34 53 22 37 17 48 32 23 37 24 26 31 19 30 27 37 69 9 26 30
18 14 18 6 5 14 3 11 16 11 3 7 12 4 11 4 28 1 1 3
12 11 11 10 1 13 5 5 13 9 5 3 3 6 7 7 15 1 7 1
50 37 56 38 22 25 27 17 37 23 19 14 29 45 33 39 63 21 25 37
50 38 51 37 35 45 17 28 12 41 22 38 23 40 32 38 60 27 35 28
47 33 38 35 18 41 6 22 29 33 15 16 26 27 22 29 57 19 27 26
28 25 19 26 15 24 19 9 29 21 20 14 21 12 22 11 46 20 13 19
18 42 8 31 2 39 19 17 37 17 20 15 15 13 19 19 50 3 19 23
54 47 49 43 37 45 34 41 26 42 31 45 24 51 39 50 77 23 38 45
8 7 11 5 1 2 1 4 4 2 6 4 3 3 6 1 13 1 1 1
24 31 11 24 12 27 11 21 16 10 25 26 16 22 19 19 41 1 12 20
48 38 48 29 26 34 29 28 43 32 19 20 35 38 38 36 70 24 13 37
44 58 29 50 27 33 25 24 39 28 36 23 38 35 34 21 66 15 13 36
56 71 47 67 33 44 40 37 53 57 50 22 41 58 55 40 78 22 42 50
49 56 41 43 27 37 38 13 49 28 30 17 33 40 26 48 67 21 28 38
20 29 12 24 4 25 5 16 10 19 20 20 13 18 20 13 30 7 9 12
43 32 28 32 17 33 16 19 32 34 26 13 39 19 30 20 49 26 20 27
7 6 15 5 1 8 2 8 12 1 3 1 11 13 5 8 19 1 1 10
42 43 38 41 14 32 21 27 30 14 28 23 23 38 38 29 62 8 17 35
31 25 29 19 8 17 11 18 24 16 15 1 33 29 13 23 37 18 8 25
6 10 9 6 1 8 3 2 5 4 6 5 1 5 8 1 15 1 1 1
22 23 16 19 7 27 5 14 15 20 17 20 7 15 23 14 29 4 12 8
6 22 10 15 1 14 6 10 16 4 15 9 13 14 7 4 26 1 2 9
2 1 2 2 1 8 2 1 6 1 3 4 1 4 4 1 14 1 1 2
21 34 10 21 5 34 13 12 19 19 19 14 18 21 17 24 37 12 17 21
44 37 26 43 19 39 8 32 39 18 34 33 34 33 18 38 62 16 25 27
13 13 12 11 1 19 2 12 16 2 10 10 8 13 10 13 26 1 8 12
49 49 26 44 37 37 30 26 47 51 45 27 41 31 41 26 53 34 30 25
17 21 6 12 8 15 1 9 10 9 19 12 22 14 4 15 22 8 1 11
40 35 36 34 14 27 24 22 42 19 20 10 31 27 31 19 56 21 18 31
24 37 31 19 13 20 19 17 26 18 15 18 7 22 28 10 35 2 13 10
52 41 45 43 33 31 29 41 56 30 38 39 43 32 43 35 61 29 27 30
6 4 9 1 1 3 1 3 8 3 2 1 8 3 3 3 13 2 1 1
46 65 41 49 32 47 22 45 44 53 43 33 38 42 50 32 67 14 34 29
38 34 26 32 11 31 10 11 31 26 18 13 24 14 18 17 43 14 22 15
8 13 9 11 1 6 2 6 12 6 11 7 14 5 4 3 23 2 1 1
35 45 20 23 14 44 11 9 30 27 26 20 29 19 18 25 46 17 12 22
25 35 18 16 12 24 13 3 21 13 20 11 24 22 10 22 29 12 4 18
52 47 30 41 23 50 20 33 37 27 31 36 26 34 36 30 75 8 24 33
60 78 46 59 29 58 34 43 57 46 43 38 39 43 55 36 86 17 45 43
4 6 10 5 1 3 1 5 3 3 6 3 7 6 5 5 14 1 1 4
3 6 6 1 1 2 2 1 2 1 1 1 1 2 2 1 11 1 1 1
7 10 6 7 1 5 3 8 10 11 8 1 14 8 7 5 12 5 1 5
36 39 17 30 12 43 12 17 27 29 26 24 24 14 29 24 47 14 20 22
16 14 20 12 1 7 2 11 13 5 10 7 16 12 7 8 25 2 3 7
45 47 26 40 25 36 21 24 39 37 40 29 36 29 35 26 57 30 23 31
71 59 68 57 37 44 36 28 48 44 29 35 37 51 49 50 91 34 33 47
1 8 9 2 1 4 3 2 6 3 2 1 5 5 4 1 9 1 1 1
43 38 32 36 19 39 19 9 26 36 22 25 20 31 28 30 63 27 23 31
37 36 24 42 12 34 9 32 40 22 32 19 41 29 24 23 59 12 15 29
2 12 8 4 1 3 10 1 9 1 3 3 1 7 6 1 17 1 1 3
19 26 17 16 10 17 9 15 15 24 16 7 26 20 16 10 34 9 1 17
26 32 34 35 14 16 23 16 24 25 18 6 19 40 25 24 47 8 10 29
12 19 20 11 1 10 7 10 17 7 8 5 11 10 6 7 26 1 4 5
37 41 29 26 20 30 10 26 36 30 32 27 30 29 25 28 41 15 17 21
55 75 43 52 30 55 25 34 43 38 38 41 27 37 52 29 75 15 38 32
30 44 17 30 8 43 14 12 29 20 21 20 20 19 20 24 53 9 21 19
33 40 22 35 18 37 28 20 38 27 29 21 23 24 38 14 59 19 16 33
18 32 20 20 4 27 14 12 22 15 15 16 7 18 16 17 39 2 16 9
17 26 16 9 4 22 7 8 19 12 6 11 10 4 12 6 29 1 4 1
17 16 20 15 3 9 6 13 10 15 15 11 14 17 13 14 28 7 7 8
27 35 22 18 9 27 13 6 21 22 8 9 18 8 24 9 38 10 9 13
30 28 26 20 15 28 11 16 23 25 22 13 35 32 14 30 32 24 12 29
9 16 13 14 1 10 3 8 10 11 12 9 12 10 7 6 23 4 1 5
59 61 39 59 36 45 41 30 36 49 41 40 27 61 45 56 78 31 35 54
25 35 30 17 13 27 9 19 17 20 17 25 16 18 25 15 36 6 12 8
38 46 35 26 19 20 13 18 21 33 24 18 24 31 29 17 39 12 6 20
31 30 27 27 13 26 21 13 30 19 19 17 23 19 26 13 54 17 12 25
18 22 22 18 1 14 10 15 21 17 15 9 20 17 11 11 35 7 4 10
36 43 27 24 20 35 16 17 17 28 19 28 24 30 29 28 54 20 11 24
48 52 35 44 28 43 38 11 49 38 24 23 28 24 32 29 70 30 26 36
30 34 28 13 13 31 7 12 11 24 17 17 16 29 23 28 35 10 11 18
53 65 34 60 34 56 28 41 39 44 45 45 28 48 34 41 77 13 37 38
22 33 24 29 17 19 19 26 29 22 27 27 11 28 31 10 42 5 14 14
46 49 44 35 41 54 19 36 39 40 31 56 28 25 52 42 61 31 25 32
29 33 21 20 13 36 4 15 16 17 16 26 16 17 18 21 44 5 11 8
2 6 5 3 1 2 2 1 5 1 4 2 5 4 1 1 17 1 1 1
1 11 5 3 1 6 4 1 4 2 1 1 2 5 2 1 11 1 1 1
37 49 46 42 18 20 27 37 45 34 34 21 34 45 33 29 56 7 29 25
25 21 29 9 8 15 5 13 9 17 9 12 17 17 19 16 32 7 4 14
32 41 33 36 13 26 30 18 30 18 22 12 13 44 29 34 53 7 23 33
14 22 15 14 4 18 1 10 8 12 12 15 7 8 15 1 24 1 1 1
21 18 18 15 14 16 12 7 23 9 14 21 15 8 15 12 34 10 4 7
1 22 6 10 1 19 10 7 19 4 9 6 5 6 7 14 20 1 11 9
34 39 33 34 18 24 12 21 16 34 29 24 19 42 20 32 43 19 24 26
27 46 24 32 21 33 23 30 29 23 30 29 23 30 33 17 60 2 11 25
57 49 64 46 27 27 24 30 41 28 28 27 25 50 43 35 64 11 34 27
8 9 5 8 1 14 1 9 11 2 9 8 7 9 9 8 16 1 5 9
39 46 29 27 24 37 12 18 30 34 21 31 27 18 28 22 48 19 17 11
10 14 17 7 1 1 8 9 9 6 4 1 15 12 10 5 21 1 1 10
49 41 33 39 15 33 14 26 23 33 34 24 32 45 26 39 60 18 21 35
56 57 44 56 28 34 20 33 45 24 41 36 35 47 34 38 72 19 25 36
35 23 23 25 8 35 7 17 31 24 20 8 31 24 18 31 39 21 19 24
11 13 4 12 2 8 1 2 4 15 12 6 13 6 5 7 13 9 1 4
10 15 10 11 1 6 2 2 4 7 7 7 3 5 8 1 18 1 1 1
7 8 12 4 1 5 4 3 2 4 3 2 3 8 7 1 14 1 1 2
6 21 12 9 4 7 10 8 17 12 12 8 10 12 7 9 19 7 4 5
10 8 12 9 4 13 4 6 8 8 10 10 5 8 13 4 17 1 1 5
15 14 15 9 4 10 1 10 9 13 7 9 11 4 13 3 16 2 2 1
13 23 14 17 8 8 11 19 28 15 16 6 30 15 10 11 27 5 3 14
8 11 8 11 1 10 1 3 6 8 8 5 4 6 6 1 16 4 1 3
10 19 14 17 1 3 5 17 17 9 15 5 18 13 8 3 27 1 1 10
36 53 19 47 16 32 12 32 31 18 39 30 27 34 25 17 56 8 18 29
50 41 55 27 34 51 36 30 49 38 13 37 27 31 34 50 75 27 26 39
36 37 40 28 21 21 12 26 19 34 26 33 15 32 34 21 49 5 22 4
54 55 48 43 36 38 31 31 48 44 27 39 35 31 41 33 77 21 12 32
19 28 17 26 6 24 14 29 29 16 24 15 20 25 21 19 36 1 15 22
14 10 18 10 4 12 5 5 4 7 8 9 4 16 11 9 24 1 6 6
62 51 60 44 37 48 21 40 41 35 34 48 36 43 52 46 81 28 26 38
35 39 20 38 23 34 11 35 48 19 38 21 49 32 16 30 55 18 15 32
34 33 33 25 16 35 24 23 42 17 23 15 34 32 21 39 54 24 23 29
55 59 45 55 31 35 20 38 40 18 46 44 28 51 41 36 71 13 30 38
33 27 30 22 15 29 2 24 24 23 16 23 13 18 27 15 35 4 16 10
32 40 20 28 22 37 25 22 29 25 29 33 23 29 30 26 57 16 10 30
58 65 62 50 33 39 28 31 33 36 29 41 14 52 44 40 74 11 37 30
20 20 22 23 8 27 11 22 33 11 17 12 22 19 17 23 38 14 15 19
66 58 59 43 39 59 38 28 58 30 24 35 39 39 52 46 89 34 31 46
79 75 52 60 49 59 11 51 44 56 57 58 57 55 47 50 78 35 41 41
49 58 53 47 34 48 28 42 51 41 30 26 49 46 50 40 83 26 27 46
41 43 44 30 28 27 24 26 34 32 24 36 17 28 39 16 58 10 19 12
4 3 1 3 1 10 1 3 4 4 2 2 6 1 3 2 9 1 1 1
16 17 13 7 11 14 9 8 15 10 7 17 11 4 13 7 27 7 1 4
19 13 16 13 2 11 5 14 19 17 15 7 20 14 11 13 25 7 3 10
30 25 29 19 11 17 14 1 9 21 11 10 13 35 12 27 42 16 10 24
39 57 34 47 23 37 29 36 30 43 41 19 34 49 45 31 57 11 21 42
5 7 2 7 1 8 1 1 3 5 2 1 5 3 1 1 14 2 1 2
15 15 11 6 6 14 1 6 4 10 2 10 6 1 10 2 20 2 1 1
5 2 2 3 1 7 2 1 4 6 1 1 5 3 2 2 13 3 1 1
29 39 24 31 12 24 17 8 28 11 18 14 18 22 24 13 44 7 4 19
28 31 21 18 24 37 13 17 27 22 16 34 19 9 27 25 41 16 11 10
27 29 22 18 10 19 6 13 20 22 23 12 30 23 11 19 26 14 5 18
28 20 23 18 18 19 12 13 30 20 17 27 15 8 22 13 38 13 5 8
21 24 8 18 3 25 4 12 22 19 17 6 25 14 11 16 30 13 7 16
9 13 5 15 1 15 4 5 13 11 13 10 13 8 8 8 20 7 1 6
15 15 14 13 5 17 8 16 22 7 13 13 15 14 11 14 33 6 7 12
30 37 20 24 11 19 11 10 16 24 24 14 25 25 15 14 36 16 3 17
14 18 16 13 1 17 6 2 10 9 6 5 4 13 7 8 26 1 7 2
43 44 35 37 17 24 15 16 22 32 26 30 16 34 33 21 58 12 14 18
31 17 22 8 11 24 3 7 14 24 9 9 19 17 10 19 35 12 3 10
49 68 37 53 27 41 42 26 48 42 42 23 31 53 44 47 70 26 33 48
51 39 55 45 25 35 26 29 41 25 30 34 29 46 39 42 72 26 28 39
51 50 46 51 19 31 26 28 38 29 31 18 34 52 39 38 77 12 21 43
16 23 22 16 2 14 10 9 6 9 10 11 7 20 22 11 30 2 2 14
15 19 11 16 9 22 10 8 15 13 13 19 11 13 17 12 34 10 6 10
4 8 10 3 1 6 3 1 5 3 4 1 4 8 4 1 15 1 1 2
2 1 2 1 1 7 1 1 9 1 1 1 3 1 1 1 12 1 1 1
54 33 53 36 32 47 29 24 34 42 17 36 26 34 31 41 70 33 26 36
27 33 31 29 18 23 16 18 32 29 19 15 25 24 18 21 49 7 15 18
45 52 27 52 20 44 15 37 50 31 44 27 38 29 34 23 57 17 35 31
15 27 6 25 4 22 3 15 19 12 21 14 21 13 11 7 33 4 2 10
4 8 6 6 2 12 5 7 13 1 7 8 4 9 6 7 19 2 4 6
10 11 16 6 4 11 12 3 18 8 4 6 7 8 9 8 25 6 2 4
15 20 22 9 6 13 10 5 9 9 6 10 5 12 19 3 20 1 1 8
32 25 34 30 11 23 12 18 35 22 11 7 27 28 10 27 52 20 20 23
61 56 58 50 34 45 26 40 28 57 31 39 39 53 40 45 78 33 35 41
10 12 14 2 6 19 3 4 9 9 3 10 5 7 11 7 20 2 3 2
16 12 17 11 4 7 1 10 9 9 10 10 8 6 13 4 17 1 5 4
12 18 10 16 1 16 2 11 9 13 13 9 13 13 11 9 25 6 2 7
6 11 5 7 1 6 1 5 4 10 4 4 12 4 1 6 12 7 1 1
54 42 47 32 30 41 18 9 17 45 19 25 27 46 31 41 50 29 21 33
44 50 41 46 17 52 33 40 47 32 26 22 25 47 34 56 71 12 47 48
31 50 22 34 18 28 10 27 25 25 41 26 33 36 21 24 40 12 12 28
42 47 32 35 30 26 14 32 29 35 36 38 29 25 31 19 46 9 20 7
12 11 11 8 2 7 1 3 9 3 8 9 9 1 8 1 19 1 1 1
48 46 37 32 22 48 18 29 40 34 28 30 34 37 31 48 70 20 24 32
12 4 14 10 1 5 1 1 2 9 4 1 3 10 4 5 18 1 4 1
14 8 15 5 5 11 7 4 11 12 4 7 11 6 10 6 25 6 1 2
8 3 4 5 1 7 1 1 2 6 4 3 9 2 3 3 15 3 1 1
24 26 24 18 6 20 14 16 28 20 14 8 25 24 15 17 44 9 3 18
8 20 8 6 1 18 9 3 16 5 2 1 7 5 3 8 20 2 7 3
28 34 33 14 24 26 17 17 23 28 13 28 14 20 32 23 37 17 16 12
2 8 3 8 1 7 1 3 4 1 9 6 2 5 7 2 10 1 1 3
38 42 26 27 15 37 15 18 17 30 30 23 23 36 28 30 43 16 14 29
39 29 26 38 11 28 4 29 22 20 29 26 15 31 25 26 46 1 25 21
14 20 20 13 4 8 17 1 15 1 8 7 4 19 13 7 31 3 1 12
5 4 7 6 1 10 2 2 10 6 5 2 6 4 3 2 14 2 1 2
59 60 46 51 36 55 37 29 58 40 34 43 37 34 41 39 82 30 27 41
6 8 7 6 1 7 1 1 2 1 7 7 2 7 6 1 16 1 1 2
33 21 34 16 9 23 3 18 18 18 8 13 17 16 21 14 39 7 10 11
4 4 7 1 1 4 5 1 4 1 1 3 1 2 3 1 16 1 1 1
6 14 12 6 1 2 5 2 1 7 2 1 8 7 7 2 15 2 1 3
31 41 26 37 9 26 13 19 19 18 27 24 9 32 27 16 44 4 15 20
39 45 41 39 32 21 28 37 40 47 38 29 36 38 40 21 51 15 23 13
9 10 10 5 3 10 5 8 15 6 6 6 11 6 7 1 19 1 1 4
13 1 13 2 1 4 1 4 9 1 1 1 7 4 3 4 18 1 1 3
56 65 44 53 30 36 19 37 37 42 39 41 33 41 44 26 70 10 25 21
27 33 20 19 13 25 6 11 17 19 12 21 18 8 17 10 41 5 3 5
55 67 42 60 27 51 34 52 61 44 50 37 40 52 49 44 81 15 47 41
23 18 19 20 5 22 9 13 29 15 12 3 24 12 13 8 35 12 11 16
51 54 40 52 35 47 46 36 44 43 35 42 25 56 40 52 83 25 36 53
33 53 26 47 28 24 31 27 48 44 43 24 39 31 36 12 58 19 22 24
39 55 31 40 23 33 32 21 37 33 35 16 31 49 36 38 58 21 12 42
7 8 12 7 1 1 1 1 1 4 5 2 3 6 2 1 16 1 1 1
43 37 21 38 21 37 20 16 47 24 30 16 43 20 20 25 64 26 20 31
61 65 45 55 39 44 39 25 47 62 51 28 53 52 49 35 65 41 33 48
10 10 10 6 2 8 2 7 8 8 4 4 12 5 7 3 14 3 1 2
27 32 30 22 22 29 13 32 26 31 23 19 32 28 30 26 43 10 13 23
7 7 7 7 3 14 1 6 6 4 8 10 4 9 11 6 15 1 4 7
27 34 25 29 11 21 15 11 31 26 22 21 15 24 20 16 45 12 16 10
14 13 19 11 7 20 16 6 23 10 6 11 8 17 9 22 35 9 12 10
14 20 13 10 4 24 10 2 20 7 7 12 7 8 9 7 33 3 5 3
14 16 12 8 7 18 3 7 11 13 7 12 1 3 16 5 11 1 8 1
33 29 15 25 11 33 4 17 19 22 27 18 29 27 16 28 38 15 11 25
4 9 3 6 1 13 1 7 5 1 7 7 3 7 9 2 12 1 1 4
58 53 35 40 41 57 26 29 29 47 39 49 29 49 43 52 72 26 30 39
10 14 11 10 1 9 2 12 10 1 10 6 7 15 8 7 27 1 3 8
6 7 8 5 1 12 1 5 8 3 6 6 7 8 7 6 16 2 2 5
2 3 1 3 1 9 1 1 7 6 4 1 6 4 1 6 12 3 1 2
66 64 56 48 42 49 28 34 55 40 48 42 49 50 45 45 65 31 30 41
31 37 10 28 16 34 7 10 21 25 26 19 28 11 20 11 41 16 8 17
13 19 10 17 1 20 3 12 10 7 18 16 4 14 17 12 23 1 10 10
40 46 23 38 17 32 30 3 40 29 24 9 31 14 34 18 51 22 18 27
8 6 1 6 1 8 4 2 8 8 1 1 7 1 3 2 12 5 1 2
41 34 46 13 26 38 32 18 37 27 6 30 21 21 36 39 60 23 10 27
14 13 7 14 2 21 1 6 10 9 9 9 8 9 13 5 25 6 6 10
16 16 11 12 1 7 1 2 10 13 8 4 19 4 3 6 23 8 1 4
21 19 24 19 13 8 12 17 25 22 18 17 14 19 16 11 33 10 9 7
9 10 8 9 1 7 1 5 7 9 8 7 9 3 9 3 11 3 2 1
24 22 18 19 7 21 6 10 6 22 17 9 14 31 12 25 34 11 12 20
11 6 15 10 2 13 6 12 22 3 6 6 13 10 9 12 29 6 2 11
46 41 44 41 21 35 22 25 32 30 29 32 27 45 25 43 63 24 30 35
22 29 22 23 5 22 14 16 16 13 15 14 15 26 24 15 38 5 7 21
20 26 26 23 5 14 11 21 26 19 18 8 24 24 14 16 36 3 11 14
32 24 23 11 16 31 10 10 26 25 14 12 29 20 13 27 26 19 11 19
58 54 37 49 31 53 26 32 50 26 38 33 47 34 41 35 84 30 28 44
55 69 45 53 48 46 37 46 45 63 58 49 44 59 57 42 64 26 33 39
28 37 21 36 14 26 16 26 39 24 28 8 42 23 22 13 48 12 13 26
28 34 14 23 12 39 19 26 28 23 24 24 16 23 27 34 41 5 24 26
47 41 38 33 36 44 30 26 41 45 37 41 36 37 41 47 45 39 20 41
37 37 29 38 18 28 13 26 20 18 30 29 18 36 19 31 59 6 23 29
37 52 46 40 28 29 37 30 48 24 31 19 34 43 42 29 68 10 14 40
3 4 4 1 1 2 4 3 7 1 1 1 4 1 3 1 10 1 1 1
22 32 21 21 18 31 12 21 19 21 15 26 13 19 27 17 46 12 10 14
29 36 13 30 17 29 17 28 20 21 32 29 24 29 24 27 43 9 19 25
13 12 16 7 4 12 3 11 13 5 8 8 12 9 11 6 20 1 1 7
49 56 44 45 32 43 15 33 36 46 31 33 40 40 40 27 73 24 27 30
13 15 20 11 1 4 1 10 15 6 7 2 10 12 3 8 23 1 5 2
19 11 22 9 4 16 7 13 23 6 6 6 16 12 12 12 26 5 9 10
14 16 11 9 6 13 8 12 24 17 7 4 21 7 10 6 28 5 1 8
39 35 35 35 17 27 12 30 37 23 26 18 37 27 23 22 57 10 14 20
53 56 20 41 36 49 14 37 28 38 50 47 37 39 36 42 51 18 24 37
50 57 42 53 35 50 34 35 36 47 36 44 23 47 42 39 82 22 29 43
7 15 6 14 1 12 3 4 5 7 10 7 4 9 8 3 21 3 1 5
36 42 14 37 16 33 16 30 24 35 37 26 30 31 29 28 49 15 17 31
29 52 33 33 16 30 31 27 43 25 32 9 39 43 27 38 56 10 17 41
41 41 39 36 16 41 10 34 31 23 28 27 27 33 37 26 52 16 24 28
24 15 20 17 14 22 17 9 29 20 12 16 17 7 20 15 39 20 6 19
28 24 17 23 12 25 16 6 31 19 15 13 22 10 18 9 44 17 12 13
24 21 16 17 6 16 4 10 21 8 13 14 18 5 7 4 38 2 1 4
34 21 21 28 9 26 2 12 27 11 14 17 19 19 5 18 52 6 11 15
48 58 16 57 33 51 32 35 38 47 52 38 39 34 47 34 61 29 40 43
10 9 9 1 6 14 1 3 8 6 1 8 3 3 10 3 9 1 3 1
1 1 1 1 1 3 1 1 6 1 1 1 6 1 1 1 4 1 1 1
27 37 17 29 18 29 10 22 31 19 30 29 20 18 20 20 31 8 21 11
32 33 31 31 6 24 8 19 24 20 22 19 18 28 24 15 45 7 16 19
24 24 19 23 2 20 9 15 12 15 15 11 13 24 19 16 41 4 10 22
24 39 30 32 11 13 26 18 36 19 19 5 27 29 24 13 55 5 3 27
4 12 6 7 1 16 4 6 6 1 8 7 1 14 9 8 18 1 6 9
27 19 22 14 13 16 1 8 8 14 8 18 9 10 12 12 31 1 9 2
30 30 26 18 16 22 4 15 20 25 20 25 14 16 22 14 34 6 12 3
42 48 41 30 28 33 14 32 37 40 36 23 44 37 34 32 44 20 17 30
9 12 3 13 7 17 10 11 12 7 12 15 5 11 14 14 26 7 7 13
2 10 10 1 1 8 10 1 13 1 1 1 2 7 1 4 17 1 2 1
31 38 13 30 13 42 14 24 30 14 26 27 20 20 19 25 47 6 19 21
14 14 15 11 1 13 11 1 19 7 2 1 9 10 9 3 31 5 1 9
9 6 8 7 1 10 1 2 9 7 3 2 9 4 1 1 16 4 1 3
53 53 35 48 26 50 16 45 38 45 40 29 41 42 45 42 68 19 30 40
46 49 48 38 32 44 12 48 41 41 32 31 47 37 45 41 52 28 34 33
45 53 35 37 19 48 23 26 40 47 19 19 31 23 32 36 61 20 36 26
31 30 21 23 11 26 3 19 27 12 21 22 25 16 10 17 43 5 8 10
4 18 6 6 1 11 7 1 12 7 2 1 8 6 3 5 16 3 1 1
31 48 25 34 11 34 26 17 47 20 22 17 20 19 23 17 56 9 25 24
37 51 34 45 21 21 28 28 40 35 36 21 30 33 37 9 55 13 23 25
55 58 30 49 32 60 34 23 61 48 46 20 50 29 39 48 63 41 44 50
19 16 22 14 5 11 10 16 16 12 15 16 15 19 17 17 33 9 7 14
51 50 37 35 33 48 25 19 42 35 23 32 34 17 42 24 68 27 22 30
30 28 16 23 14 31 21 8 29 22 20 12 24 20 24 20 49 23 12 31
13 38 12 23 5 23 11 14 26 17 23 14 16 17 11 19 29 4 16 13
12 5 13 6 1 6 4 2 11 10 3 2 9 8 6 9 18 5 4 1
25 49 22 33 22 31 29 21 43 28 32 15 38 31 17 27 55 15 12 27
21 24 23 22 1 22 13 15 20 14 15 12 16 23 21 18 36 8 8 20
14 12 10 14 1 9 1 12 17 9 8 1 17 10 6 3 25 1 1 10
41 44 23 31 25 41 23 7 41 34 27 21 32 22 15 37 53 29 20 28
25 36 16 26 4 25 10 14 36 19 17 10 21 8 12 14 36 5 18 12
60 66 56 58 36 54 27 47 56 43 41 32 53 46 47 37 89 22 33 41
44 33 32 32 16 30 7 17 29 28 23 15 28 17 30 13 51 16 20 19
17 14 12 15 4 11 1 5 11 11 12 9 16 6 6 6 24 5 2 1
9 8 14 1 1 4 4 1 2 5 1 1 4 8 6 3 17 1 1 1
31 27 31 26 20 27 18 11 29 24 17 28 11 21 20 25 49 15 11 17
27 28 15 21 9 32 17 6 33 21 15 3 24 6 19 14 36 15 19 18
12 20 16 12 3 13 2 14 6 9 13 13 9 12 16 4 24 1 2 7
12 6 15 2 1 11 2 4 15 1 1 1 7 8 2 9 20 1 5 1
28 19 22 21 10 28 7 6 17 26 9 9 17 24 3 30 34 18 18 18
45 43 36 40 18 34 15 35 25 38 31 31 22 39 36 27 57 9 25 27
27 17 27 12 13 26 10 16 24 14 7 14 19 17 21 21 43 13 9 15
28 27 29 16 16 33 19 15 36 12 14 25 22 17 20 25 51 13 11 17
12 7 11 7 1 11 1 9 16 6 4 1 14 6 1 3 19 2 1 5
43 39 46 36 11 28 26 12 36 24 7 8 14 36 20 35 56 12 27 31
67 65 57 41 46 56 23 40 46 61 42 45 46 47 48 50 61 33 42 28
31 37 13 35 11 32 13 14 25 26 30 16 25 16 27 14 44 15 19 24
67 51 41 57 34 51 16 27 44 40 37 32 44 34 30 36 80 31 37 38
29 16 29 26 4 16 1 17 20 17 16 9 18 22 15 16 34 7 14 10
35 33 37 24 9 27 10 19 16 26 12 18 19 25 27 21 50 9 11 18
10 13 12 12 1 12 5 10 5 4 13 11 1 16 14 8 23 1 5 9
43 49 28 33 24 45 24 11 34 40 28 21 31 16 37 21 56 25 25 23
9 10 14 12 1 9 3 8 4 6 12 9 6 15 11 9 20 1 6 8
11 11 15 4 4 12 7 6 11 5 5 6 7 11 9 4 19 1 1 4
54 45 48 33 32 50 25 31 50 26 30 40 34 30 38 44 72 24 22 32
33 26 26 25 18 28 9 8 13 32 18 20 18 28 15 28 44 21 14 19
58 51 48 58 31 44 14 45 34 33 45 44 43 54 24 52 70 30 42 44
53 40 40 38 22 40 13 17 34 39 19 20 30 22 31 24 63 20 29 22
18 17 11 7 3 22 3 5 16 12 11 6 18 13 5 18 26 9 3 11
41 50 37 32 21 33 26 13 34 24 32 19 31 42 34 42 45 21 16 39
39 39 33 22 19 31 6 18 9 35 24 24 21 32 29 24 39 16 11 20
25 25 14 18 11 24 1 8 10 24 21 17 20 15 16 15 28 15 1 12
65 55 53 39 49 50 24 44 52 37 42 49 51 37 46 50 65 39 28 38
24 20 25 11 5 17 7 13 19 12 8 9 24 17 14 15 32 10 6 15
46 59 36 42 27 43 25 42 37 43 41 42 23 40 43 34 61 6 35 23
40 46 29 32 23 40 18 21 36 41 34 25 36 35 29 32 45 23 16 28
32 52 37 40 27 16 31 27 34 33 38 17 27 48 41 27 53 13 13 35
55 51 28 45 39 43 25 23 48 50 35 25 49 24 32 31 72 31 24 34
27 26 29 30 5 17 7 29 22 15 25 17 22 30 21 24 43 7 19 21
24 20 29 21 8 17 5 21 24 15 17 13 14 22 17 12 30 4 15 11
28 38 32 37 4 21 15 27 29 18 24 13 26 32 26 17 50 10 13 30
54 49 51 40 22 44 24 31 43 29 30 25 37 42 43 36 62 27 26 37
25 30 25 16 14 22 7 13 14 15 14 22 12 10 20 7 37 1 5 5
7 1 6 1 1 8 4 1 15 1 1 2 3 1 2 2 17 1 1 1
15 19 12 15 3 17 4 13 8 7 15 15 11 17 13 12 29 3 8 11
22 18 14 24 9 18 9 15 3 16 18 15 1 29 18 22 33 1 19 18
43 33 37 32 20 27 8 15 17 32 20 26 21 26 14 24 47 15 17 15
21 27 20 17 4 23 7 8 9 18 15 13 11 21 20 13 30 8 6 13
50 71 33 65 37 59 39 43 75 47 57 22 63 34 44 41 76 28 44 51
17 14 17 15 9 21 12 15 24 8 13 17 9 19 15 20 37 8 11 16
22 15 20 9 4 19 6 8 19 12 4 6 16 10 10 5 32 7 4 9
10 7 10 10 1 9 1 7 2 6 9 8 2 9 11 5 14 1 3 3
35 30 18 33 13 26 9 12 30 22 22 17 25 12 15 11 45 11 15 12
20 22 25 17 1 17 12 11 20 12 8 5 17 19 13 13 33 7 5 16
61 47 55 28 43 51 28 25 45 41 31 41 46 37 43 50 66 41 20 40
42 34 31 23 19 35 13 18 28 29 19 12 35 23 27 23 51 25 18 28
33 41 33 39 13 23 21 16 27 15 26 21 13 35 26 26 52 4 14 23
26 46 32 32 26 31 40 25 42 29 31 13 31 42 37 36 52 16 14 40
45 38 43 33 18 30 14 27 32 29 23 19 32 30 36 21 48 22 22 26
12 12 7 9 2 13 1 2 7 9 5 7 9 4 6 2 19 5 1 2
48 47 53 43 22 32 21 42 42 33 36 36 26 48 42 31 65 8 35 21
6 8 3 8 1 13 1 6 4 7 10 8 6 8 11 9 11 4 2 6
21 28 22 5 16 28 21 9 22 19 4 17 11 13 20 22 37 13 11 12
24 28 17 22 6 18 15 3 21 11 12 8 16 14 14 4 39 8 5 13
32 39 35 33 9 31 16 21 29 18 20 21 16 33 14 31 54 7 27 25
28 34 27 32 3 17 12 16 23 16 21 16 18 26 19 11 48 1 5 12
14 12 14 4 9 14 8 5 15 8 2 13 7 3 11 5 29 4 1 3
16 20 18 13 3 20 3 12 13 7 12 12 8 17 15 11 28 1 8 8
10 24 14 23 6 12 10 19 18 13 22 11 15 22 17 10 32 1 7 15
53 52 48 34 28 52 14 32 34 38 35 34 40 44 38 52 60 28 33 35
21 31 26 19 20 26 30 20 29 20 17 26 17 23 34 21 47 17 5 30
39 49 30 45 25 28 21 45 36 38 46 38 29 41 42 27 51 6 29 20
7 13 13 7 1 5 8 7 11 9 6 1 13 9 7 5 18 5 1 5
24 32 21 21 10 28 10 19 19 22 18 24 15 18 23 17 47 8 7 12
17 23 17 15 8 24 13 6 15 12 8 16 6 15 22 8 40 7 3 14
40 48 23 39 14 45 16 28 41 22 32 24 31 31 15 49 57 11 32 35
41 47 29 32 27 37 19 25 40 25 24 31 33 23 27 20 67 16 12 22
41 47 14 33 33 51 25 28 45 25 41 40 30 30 24 50 59 22 25 40
33 28 22 15 15 27 11 9 27 20 14 19 27 13 15 15 49 17 1 15
15 16 14 15 1 24 8 10 14 11 10 9 8 18 10 18 26 5 14 9
16 8 10 11 1 14 1 1 9 12 5 5 10 6 10 5 18 8 4 5
18 22 21 18 8 13 13 16 21 21 17 7 24 25 13 14 37 8 5 15
73 60 54 62 39 55 12 48 35 61 43 48 40 49 55 45 79 29 50 39
43 43 31 36 20 38 7 37 21 36 28 36 28 27 36 29 51 13 22 22
3 11 7 5 1 7 1 6 11 3 6 1 8 6 4 1 11 1 1 1
13 7 12 4 3 12 2 3 6 8 2 6 8 6 7 2 19 2 1 2
47 54 34 56 29 37 15 37 24 39 44 39 35 48 20 39 60 24 32 35
34 39 39 37 11 14 19 23 33 7 26 13 26 36 26 24 54 7 10 30
45 52 33 40 15 45 33 17 38 25 22 17 19 37 37 41 68 11 29 42
13 22 8 19 3 13 4 16 15 11 20 12 23 15 12 9 31 3 1 12
9 6 13 2 2 9 3 1 7 3 3 4 3 6 8 1 18 1 1 1
22 27 25 22 11 25 17 19 28 14 20 22 10 23 23 19 40 9 15 18
10 13 11 10 2 13 2 4 13 1 11 9 9 9 6 4 21 1 2 4
50 47 35 40 34 46 35 34 42 42 33 44 23 28 51 34 67 26 24 41
20 25 13 19 7 29 5 14 9 17 15 19 5 16 22 10 30 3 7 12
25 29 18 24 5 23 10 11 23 17 19 21 18 17 22 13 44 11 6 16
20 20 17 15 10 20 8 13 16 14 13 19 16 10 16 10 37 8 4 7
8 10 11 7 1 4 2 2 8 7 2 1 7 3 3 1 17 1 1 1
29 38 29 22 18 20 10 27 28 24 19 21 31 17 22 15 48 4 3 11
42 54 51 43 27 43 30 33 37 43 27 20 28 44 35 35 67 10 29 35
71 68 52 50 38 69 39 39 56 50 41 49 39 46 56 57 92 33 42 51
42 49 23 42 22 36 15 33 31 46 41 23 29 43 32 33 46 13 26 29
16 10 12 12 1 17 3 7 13 10 7 7 13 10 10 6 26 7 3 7
28 28 19 34 8 24 9 32 24 23 26 15 24 28 25 17 41 4 14 26
6 5 9 4 1 10 1 1 3 5 5 5 5 7 8 4 15 2 1 2
22 15 13 19 2 18 1 1 12 15 9 11 11 9 9 7 36 3 3 3
35 36 24 26 23 43 23 19 46 24 21 32 29 13 28 21 57 22 9 25
36 36 28 23 13 31 11 14 31 31 23 12 36 27 20 22 36 22 11 26
23 15 15 22 5 22 5 12 9 18 16 15 11 20 18 20 33 7 14 13
46 46 30 32 24 47 16 34 28 39 26 25 29 40 30 51 58 13 34 37
7 6 12 1 1 1 2 1 4 2 1 1 5 6 2 2 18 1 1 1
33 38 32 22 11 25 20 6 20 26 15 9 12 32 21 31 37 11 20 22
39 39 41 27 27 34 34 28 42 36 24 36 36 21 37 32 62 30 7 34
4 9 5 7 1 10 1 4 3 1 8 8 1 9 9 4 15 1 2 5
7 11 8 10 1 15 4 7 4 7 10 9 6 13 12 9 18 4 4 8
3 3 1 5 4 5 7 1 10 7 2 4 5 1 4 5 13 7 1 2
19 18 16 16 4 16 9 5 16 16 10 7 9 10 16 1 25 7 7 7
49 55 41 40 37 47 16 44 42 37 43 28 56 43 35 42 66 21 20 39
3 17 6 14 1 5 1 11 4 6 14 7 6 10 9 1 15 1 1 4
39 39 31 23 19 31 24 12 37 24 16 26 25 16 25 25 52 20 3 20
3 10 11 3 1 6 3 3 10 4 3 1 6 4 3 3 10 1 1 1
38 49 30 27 21 39 12 27 22 26 28 31 31 32 29 28 52 14 14 24
32 30 24 22 14 26 14 8 23 21 13 20 21 17 15 14 49 13 7 10
36 45 36 45 30 25 22 42 54 32 42 26 42 35 28 27 57 7 23 27
38 33 40 9 24 34 27 13 30 28 4 25 18 20 29 33 54 21 10 20
50 51 52 34 25 51 42 29 46 33 17 37 14 37 46 56 79 14 33 45
28 38 36 27 13 12 19 24 28 22 23 17 24 28 27 10 46 1 8 19
40 39 30 28 13 32 5 21 23 24 22 26 28 20 24 20 55 9 9 19
17 21 24 12 11 18 21 8 22 9 10 16 11 18 21 14 38 12 1 16
35 67 35 48 19 49 35 33 51 33 33 19 33 30 36 27 69 3 25 37
8 21 11 13 3 14 10 9 16 8 15 12 17 16 9 11 28 7 4 11
8 5 10 1 1 5 1 1 3 5 1 3 5 1 7 1 11 1 1 1
9 3 11 2 1 5 1 6 5 1 2 3 4 7 4 4 18 1 1 5
46 56 22 36 24 53 28 21 42 39 39 29 36 30 33 38 61 28 29 39
7 6 7 1 1 9 2 1 3 3 1 3 1 4 5 1 14 1 1 1
22 38 8 33 19 25 26 32 24 31 35 21 24 37 30 27 43 9 18 32
17 31 15 16 5 27 6 14 22 11 17 19 12 9 16 12 35 1 8 6
56 52 51 55 23 44 32 37 55 36 35 28 32 51 48 39 79 23 36 46
54 54 51 38 34 43 18 27 23 48 33 39 34 48 42 43 63 30 24 33
12 13 10 10 1 9 5 3 11 6 6 6 9 6 4 1 22 4 1 1
18 14 24 14 1 9 6 17 18 14 13 7 21 19 9 15 28 7 6 12
21 35 26 20 11 27 9 23 16 23 19 21 12 23 28 13 37 2 11 13
15 10 13 8 2 9 4 2 6 12 9 3 12 15 4 12 26 7 1 6
17 16 9 17 3 18 5 14 8 13 13 11 12 17 12 16 29 4 8 15
1 10 4 8 1 4 1 1 1 3 8 5 3 6 4 1 13 1 1 1
8 12 13 3 1 8 8 3 8 3 1 2 5 8 8 1 18 1 1 4
26 18 30 11 6 15 15 6 21 9 2 7 13 21 17 15 41 4 1 17
27 34 27 27 10 30 26 1 32 25 9 8 14 22 16 26 53 18 23 24
27 29 18 16 11 25 3 7 9 26 20 15 20 21 16 17 27 16 2 14
49 39 44 39 29 42 24 35 30 41 27 40 23 39 35 46 64 23 31 36
53 51 46 39 25 48 28 33 51 26 31 39 30 35 44 41 74 21 23 36
49 63 47 58 36 54 32 40 38 49 43 34 35 54 41 41 76 13 36 43
12 22 14 7 4 20 10 4 16 9 7 10 13 9 9 10 24 5 7 4
15 34 24 17 7 9 21 9 28 6 10 9 4 19 18 11 31 1 10 10
11 25 20 15 5 1 8 13 12 12 13 9 9 16 15 1 19 1 6 6
35 47 37 38 26 41 13 35 28 35 30 29 33 35 36 26 60 12 21 24
19 33 18 12 4 26 14 4 18 13 3 10 10 12 15 13 35 4 6 10
8 7 8 8 1 5 1 6 4 1 7 4 2 8 6 6 21 1 2 4
41 52 45 42 26 36 33 26 46 36 33 21 39 53 30 51 70 24 22 49
51 44 29 40 25 51 16 25 39 29 27 35 23 26 30 37 73 12 29 27
4 8 12 2 1 3 8 1 7 1 1 1 1 9 5 1 18 1 1 4
45 58 35 48 34 34 27 29 47 59 45 16 44 43 35 31 48 22 34 29
51 43 31 52 26 34 3 30 32 28 38 39 25 35 24 25 58 13 31 21
7 18 10 9 6 12 11 12 22 10 9 2 14 10 11 5 22 1 3 8
47 45 44 32 20 40 10 27 28 27 21 30 31 28 31 29 60 13 19 19
28 41 25 32 4 33 24 13 40 25 15 10 23 23 13 34 60 14 23 28
40 29 29 21 21 39 18 16 40 22 21 14 39 30 20 35 41 32 18 30
10 11 7 10 3 14 6 10 13 8 9 11 7 14 9 17 25 5 8 9
55 47 49 38 33 41 12 38 39 46 35 35 39 45 39 42 64 26 25 30
24 22 19 24 8 22 2 9 15 16 15 15 12 18 10 10 39 2 7 8
20 24 25 12 11 19 11 13 5 19 11 17 11 19 25 15 29 8 6 13
9 15 9 13 1 2 1 8 10 7 11 4 9 6 6 1 18 1 1 1
22 26 13 29 4 17 7 27 25 20 26 15 27 23 18 19 37 8 10 21
71 60 76 56 42 42 36 41 41 39 29 40 30 58 50 50 85 30 41 44
45 61 30 46 33 53 33 41 43 47 38 36 29 39 50 33 72 14 33 35
9 15 10 9 1 8 4 11 11 8 13 7 14 13 8 12 22 6 2 9
34 22 41 28 11 21 19 20 31 23 13 14 23 33 21 27 53 17 17 26
7 9 5 7 1 10 1 1 6 3 4 4 2 1 5 1 13 1 1 1
19 9 16 14 1 17 1 12 19 10 6 5 16 13 6 11 29 5 6 11
31 44 19 27 19 33 17 17 41 31 21 26 21 10 27 16 44 14 19 11
52 52 34 46 29 47 30 33 57 27 34 38 45 29 36 34 76 30 18 45
14 9 10 6 5 13 5 5 12 9 2 7 8 3 8 1 20 4 1 1
25 22 28 19 10 14 7 15 14 21 18 19 13 20 21 12 34 7 10 7
28 36 28 32 10 25 22 22 44 30 21 6 37 30 14 29 55 13 19 25
27 21 26 18 11 20 6 16 24 10 15 14 24 15 19 15 34 10 11 14
34 34 18 33 12 25 9 18 33 28 28 13 38 13 17 10 41 18 13 19
43 50 44 44 21 24 25 24 39 23 33 28 21 41 37 26 60 8 20 22
9 6 6 4 1 16 1 1 8 3 1 2 2 3 4 2 16 1 1 1
12 33 16 18 12 22 17 21 22 18 19 18 16 24 24 14 40 5 6 19
43 59 29 53 31 51 19 49 48 26 48 34 45 43 34 36 69 7 28 42
30 34 33 16 22 36 24 17 30 27 15 31 13 17 30 29 48 17 15 15
33 35 32 24 14 29 15 26 36 21 24 13 36 26 23 27 42 18 16 23
38 34 40 40 13 16 10 34 33 25 32 22 27 37 26 21 52 4 24 14
25 27 30 23 5 25 12 20 26 16 12 10 20 32 12 30 44 8 22 24
6 10 8 4 1 13 1 5 8 5 4 5 6 6 6 1 16 1 1 2
43 38 40 40 23 34 22 29 24 36 27 32 22 42 23 43 61 24 29 34
31 50 22 34 12 46 19 17 34 28 24 23 19 16 28 22 51 11 27 22
27 39 24 27 17 35 33 17 33 18 18 24 12 30 35 32 51 12 14 31
52 61 28 55 43 48 23 39 50 48 55 26 64 46 26 43 63 30 30 47
20 20 24 18 6 10 16 1 17 10 11 12 11 21 13 12 40 6 7 11
27 31 26 24 8 19 13 22 30 25 21 15 25 26 20 15 43 13 8 18
34 37 33 21 26 45 21 19 34 27 10 29 14 18 29 40 56 18 30 23
40 52 36 37 32 42 30 30 48 48 40 21 44 41 36 33 54 25 20 35
51 53 26 55 27 39 16 41 33 37 47 44 24 40 39 27 60 8 32 26
58 53 63 44 43 36 14 40 29 55 30 46 31 47 44 40 66 31 42 25
17 33 18 27 8 18 17 20 23 18 22 16 16 25 23 11 44 10 9 21
27 25 18 28 9 24 3 16 21 8 24 23 17 21 13 18 43 2 13 13
18 15 18 16 1 13 2 7 9 15 10 8 10 13 10 6 26 5 4 3
25 24 20 22 9 19 4 24 21 22 26 7 32 32 17 26 33 11 7 27
15 15 9 18 6 17 9 10 12 8 13 16 5 15 13 15 36 6 8 12
35 30 28 24 17 27 22 23 32 21 21 30 25 25 24 33 59 16 9 28
11 14 17 13 1 14 8 11 14 7 14 11 7 15 14 7 25 1 6 8
44 45 40 34 28 37 18 36 37 35 30 29 44 38 31 32 68 19 15 29
24 16 18 13 12 13 6 12 18 17 17 16 20 16 16 19 27 14 5 15
17 21 21 9 4 16 1 11 12 8 10 14 8 8 14 4 26 1 2 2
12 19 16 7 2 17 9 9 15 8 10 7 14 17 10 18 24 7 8 14
23 22 24 19 4 18 9 14 26 14 12 10 19 14 12 13 32 7 11 9
31 46 30 33 9 34 18 21 30 20 26 25 18 29 26 24 50 6 24 19
41 37 32 42 13 28 19 32 31 33 28 23 25 40 33 30 63 13 25 33
30 48 38 31 23 23 19 35 29 32 27 27 20 35 41 15 45 1 18 16
28 41 35 29 18 21 25 16 31 17 22 21 9 33 37 22 43 7 16 21
21 23 16 16 14 24 16 9 26 19 10 14 17 9 20 7 35 15 7 13
27 24 23 24 7 22 1 13 4 22 17 22 7 19 22 16 36 3 12 8
16 15 19 5 9 17 5 10 12 10 5 11 9 7 15 6 20 1 4 4
31 19 15 22 4 28 2 18 19 20 16 12 22 21 16 25 37 10 13 20
59 66 44 48 37 51 39 29 51 54 39 36 31 40 54 39 77 27 40 35
40 55 23 42 22 42 17 34 38 33 43 32 37 34 29 29 56 12 19 26
7 10 9 6 1 9 1 7 11 8 6 3 10 6 7 6 11 4 2 2
35 32 27 30 11 25 6 21 23 16 23 23 25 20 15 16 47 6 9 14
29 51 26 39 17 41 37 32 40 32 30 17 26 43 32 36 63 7 28 39
12 5 13 5 1 8 1 4 10 8 3 1 11 9 2 8 21 2 1 2
48 37 45 33 32 42 25 25 39 41 21 41 19 21 41 30 61 26 17 25
5 9 1 9 1 4 1 7 7 12 6 1 12 1 6 1 9 2 1 1
7 6 12 2 1 2 1 2 5 1 3 1 5 6 2 1 17 1 1 2
25 40 35 35 22 33 34 25 46 29 19 14 29 35 12 42 63 15 32 37
33 54 39 49 23 28 27 40 43 36 45 30 27 47 38 26 58 2 32 19
29 33 24 21 17 36 23 14 30 15 18 31 12 23 24 30 55 10 15 20
62 70 57 43 40 57 26 44 48 46 39 37 46 49 48 52 62 33 44 41
41 53 22 35 29 44 12 35 19 35 38 41 29 33 35 34 48 15 20 26
38 36 33 33 18 18 9 23 26 38 28 15 32 35 17 25 40 16 16 22
10 17 12 14 5 8 6 16 19 12 14 6 13 9 13 3 13 1 6 6
36 30 28 25 16 35 8 9 22 30 11 16 16 16 20 20 44 14 22 13
41 53 29 44 36 29 16 31 45 36 42 29 40 42 18 37 53 23 25 30
2 10 8 3 1 8 4 4 14 2 2 1 7 3 1 2 11 1 2 1
60 42 59 38 35 39 32 23 27 48 23 38 26 45 37 45 72 35 24 41
11 7 6 5 1 8 2 2 14 3 7 9 14 3 2 6 24 4 1 2
28 32 32 21 10 13 17 14 22 12 10 7 16 25 23 11 46 1 1 21
11 9 10 10 4 15 1 9 6 4 11 13 5 12 14 9 20 1 7 10
52 53 44 36 26 36 19 20 36 32 26 21 37 44 24 42 61 15 15 36
33 23 23 26 4 24 3 19 23 24 20 7 32 23 17 21 39 17 11 22
34 12 34 19 14 18 10 17 30 20 16 20 17 23 25 27 41 17 12 19
6 17 13 11 1 12 7 6 6 5 10 7 5 13 11 3 21 1 1 8
49 71 41 53 36 52 34 38 57 37 37 32 46 37 47 34 85 16 25 42
13 7 14 5 3 14 1 4 6 9 5 8 8 6 11 5 21 2 1 3
37 26 34 31 8 25 12 10 27 24 13 11 25 33 11 29 56 20 16 26
16 15 8 11 11 21 10 2 25 3 8 16 10 2 6 7 34 7 1 5
25 29 22 18 4 20 7 8 19 15 11 11 16 8 18 1 34 6 4 10
26 32 12 29 21 33 15 26 39 12 30 33 30 19 21 24 48 15 11 24
41 33 19 34 15 29 6 14 23 36 29 8 37 28 17 29 44 25 19 33
54 58 30 53 26 41 21 36 38 38 46 36 32 36 41 23 71 12 30 33
47 43 40 40 11 33 10 23 26 34 23 18 32 41 28 32 65 17 17 35
69 58 61 59 33 28 24 27 44 44 42 22 43 60 39 44 73 29 33 42
5 5 8 5 1 5 1 1 6 6 1 1 5 1 1 1 11 1 1 1
9 9 12 6 1 11 2 2 10 6 5 2 4 6 6 5 13 1 4 1
47 47 48 39 24 28 15 24 30 41 22 31 19 34 28 19 58 12 26 14
34 31 34 27 11 19 5 18 24 20 21 23 12 24 21 8 46 1 12 5
26 18 28 20 6 21 4 11 18 17 10 14 7 21 14 22 34 3 18 12
34 29 25 21 18 25 13 8 31 27 21 17 24 21 11 33 36 19 16 18
15 14 12 12 3 16 4 9 6 11 14 12 12 17 14 15 25 8 7 12
1 1 1 1 1 5 1 1 5 1 1 1 1 1 1 1 9 1 1 1
6 18 11 12 1 11 8 5 9 4 13 10 8 14 10 5 21 1 1 9
55 57 42 58 32 40 25 46 46 43 46 45 29 52 35 45 70 9 45 31
49 34 44 28 29 42 26 28 48 39 13 28 30 23 36 33 68 24 17 30
9 11 8 7 1 16 1 1 7 3 6 8 3 8 6 5 22 1 1 2
9 20 16 11 1 18 12 4 14 8 8 5 5 15 9 9 25 3 7 8
26 30 30 22 7 22 7 14 7 20 11 15 8 28 23 20 45 2 11 16
27 36 18 30 11 27 15 22 31 15 24 25 26 19 21 20 52 12 6 23
35 57 25 43 26 43 25 32 37 37 35 32 34 31 41 23 67 15 16 30
19 18 14 15 11 22 13 13 21 16 18 17 17 19 17 24 33 16 7 20
16 29 22 28 20 8 19 27 33 28 26 17 20 22 24 7 31 6 13 12
20 15 11 21 5 20 5 6 13 21 14 6 15 10 15 9 25 13 9 11
64 68 37 64 30 43 32 39 47 41 52 31 44 54 51 43 74 23 32 54
33 49 25 30 21 50 35 12 46 27 21 24 24 15 34 27 65 22 25 32
18 40 21 28 23 33 34 23 44 30 30 14 31 28 23 36 48 17 20 32
14 15 16 10 5 18 3 15 16 11 11 12 17 12 13 11 27 5 4 11
27 30 33 23 9 26 12 23 28 14 19 19 10 27 28 16 39 1 21 16
53 43 53 38 35 46 33 36 57 48 23 36 31 35 41 49 73 26 31 40
30 16 30 16 10 24 2 17 15 17 5 18 13 20 18 22 46 4 14 11
27 31 23 32 5 25 10 21 26 24 22 11 23 27 19 17 47 9 16 23
54 64 38 56 36 45 44 35 48 47 49 14 47 58 52 44 75 22 28 60
11 16 13 11 1 13 3 4 4 9 6 6 3 10 12 1 19 1 1 4
6 4 3 1 1 8 1 2 12 1 1 1 6 1 1 1 11 1 1 1
38 48 43 39 22 37 26 35 44 33 27 9 42 38 39 27 60 10 19 37
25 11 23 12 9 12 13 5 18 17 7 10 16 16 10 21 39 15 7 11
66 68 56 58 39 39 20 46 41 30 42 51 28 54 47 42 83 12 35 36
48 42 29 48 24 39 23 29 27 40 31 29 20 37 30 34 63 20 35 36
28 24 29 21 9 19 4 22 13 25 16 18 19 19 21 20 40 5 10 13
30 58 16 43 15 42 34 19 48 37 33 8 37 19 30 28 55 21 31 39
17 20 16 12 7 14 1 8 11 10 12 15 11 7 14 4 20 1 1 1
33 32 26 20 11 18 14 3 17 23 10 6 19 18 25 14 34 13 2 20
23 25 19 11 8 14 2 11 13 15 12 13 21 9 10 8 32 4 1 4
23 22 25 18 4 18 8 20 22 19 17 10 24 23 16 16 35 7 5 17
7 7 14 4 1 5 5 1 4 5 4 2 6 12 5 5 16 3 2 4
33 42 32 40 9 32 18 30 37 17 28 12 34 36 32 21 57 14 17 36
20 25 24 14 4 16 17 7 23 4 4 2 11 18 14 13 31 1 4 15
38 26 24 28 17 18 11 9 25 34 22 17 21 19 23 16 43 20 17 13
21 16 16 16 4 15 7 1 12 17 4 1 10 13 8 6 29 9 11 10
44 48 35 45 21 46 18 39 52 17 38 27 48 33 24 37 60 23 26 31
45 41 39 30 26 31 18 11 25 41 17 26 16 33 24 29 52 26 20 23
12 13 11 11 1 11 1 6 10 13 5 3 11 7 6 6 16 7 3 3
12 28 14 8 7 23 10 3 12 13 16 8 16 23 7 22 24 12 7 18
29 30 33 14 24 26 18 15 26 26 14 34 8 15 34 16 45 12 7 13
38 48 45 41 25 26 29 21 34 34 22 22 20 38 36 24 67 10 14 28
11 9 14 1 1 7 1 4 8 5 1 4 7 3 8 2 15 1 1 1
67 61 52 47 39 53 29 38 60 34 29 40 50 41 43 50 86 33 24 45
25 29 27 15 16 30 18 15 29 23 13 22 13 14 23 18 39 11 15 8
32 28 36 17 11 27 14 19 33 10 9 13 22 21 17 25 50 9 18 13
46 42 39 36 22 40 19 33 30 33 22 32 24 35 38 33 71 16 24 31
37 40 22 29 23 47 27 16 33 33 24 25 24 22 36 25 58 23 25 29
5 1 6 1 1 1 1 1 9 1 1 1 7 1 1 2 9 1 1 1
10 11 11 4 4 8 4 7 8 10 4 6 14 7 8 6 14 6 1 3
32 56 34 32 16 35 18 32 29 24 26 30 21 32 38 25 53 3 22 25
18 16 15 18 3 14 2 20 13 10 17 14 9 17 16 14 26 1 11 14
24 30 18 18 4 33 15 16 31 11 17 17 22 21 14 29 45 8 18 22
27 39 28 31 23 38 34 27 45 31 24 27 25 25 32 37 59 21 15 33
12 17 16 13 1 13 7 11 19 8 9 2 11 15 4 10 28 1 6 7
17 16 16 4 3 23 6 1 16 9 1 5 5 4 8 9 25 1 7 1
54 61 43 60 30 48 37 49 54 46 46 43 27 53 44 57 73 10 59 40
5 4 8 2 1 5 1 4 5 1 3 2 6 5 3 3 14 1 1 4
9 9 13 3 1 2 1 8 9 1 4 1 10 6 3 3 16 1 1 3
19 3 14 5 2 9 1 6 9 10 6 1 18 10 6 13 18 8 2 9
17 20 24 8 8 22 8 16 15 8 9 15 12 17 18 11 32 1 5 14
27 23 20 23 10 24 5 13 23 27 19 16 19 16 22 10 28 14 13 10
64 52 52 45 40 43 23 22 45 51 38 42 38 46 31 40 65 34 28 32
11 15 13 9 1 4 4 10 17 3 9 6 14 5 6 2 24 1 1 4
9 9 14 9 1 10 3 14 20 2 7 1 16 13 4 7 22 1 3 10
19 17 7 13 13 19 8 8 29 6 16 17 21 4 6 17 31 11 3 10
52 54 53 50 25 32 35 32 61 30 29 23 34 45 38 40 74 19 29 37
39 41 30 26 25 39 21 16 28 36 24 31 18 25 39 24 52 25 12 28
30 36 23 19 16 21 5 14 14 32 24 17 26 22 19 15 27 14 3 13
27 30 24 25 6 20 7 13 18 13 18 18 16 17 19 5 39 4 4 13
13 22 17 14 5 11 17 8 14 10 11 12 12 18 17 11 38 8 1 14
25 30 20 30 8 13 3 21 18 26 26 20 18 23 20 10 34 7 12 8
5 13 8 6 1 5 5 3 2 3 5 4 4 7 7 1 13 1 1 3
52 63 22 55 32 52 24 44 37 38 52 48 39 45 39 39 65 21 31 41
36 55 28 44 21 32 26 22 40 24 33 18 36 37 32 28 60 13 10 36
44 41 29 28 31 28 6 31 37 24 32 39 31 22 23 24 51 15 16 16
49 47 47 40 24 38 14 29 35 36 24 34 23 35 26 28 65 12 26 19
35 34 18 33 17 33 16 24 33 31 29 25 28 20 33 21 44 22 20 25
15 17 20 9 3 16 2 14 17 7 8 9 12 10 12 7 23 1 3 7
58 62 50 52 27 59 38 37 42 36 28 35 25 56 41 62 84 17 48 54
8 21 17 14 2 11 12 9 13 7 12 9 3 18 16 6 21 1 6 10
45 47 47 33 19 38 19 21 30 26 14 24 20 36 27 34 68 9 24 26
18 13 10 8 2 20 1 1 10 15 5 6 11 6 9 6 25 8 1 4
45 52 35 51 21 50 26 21 35 38 31 26 25 33 25 39 64 24 45 39
16 23 9 19 2 20 1 11 15 18 14 9 13 9 16 2 27 3 1 8
16 12 17 9 1 15 1 14 14 6 6 7 12 12 9 5 30 1 1 9
