1000 20 11 1640
4 13 9 8 12 1 8 8 4 10 6
4 6 14 4 11 3 2 3 2 5 4
22 4 21 9 1 3 15 1 6 3 9
5 2 1 1 7 3 2 1 2 2 2
1 10 8 7 4 7 9 8 6 8 8
1 9 4 1 5 0 4 3 3 5 1
20 12 16 4 22 9 1 2 1 8 0
19 6 13 17 8 15 1 6 12 10 1
1 4 11 1 0 6 9 5 0 16 9
6 7 21 14 8 18 2 5 2 8 2
1 9 9 10 8 6 12 15 18 5 2
3 1 13 13 0 3 6 11 17 7 6
5 9 8 8 1 9 1 5 3 4 21
4 10 2 8 9 0 11 0 1 14 4
12 2 7 6 0 3 0 6 4 2 7
9 6 2 2 15 9 8 8 9 14 6
5 2 3 5 1 6 1 2 16 6 3
4 5 15 2 7 1 3 9 9 19 2
6 4 13 5 6 4 5 12 7 15 11
17 1 15 9 10 5 5 3 2 14 12
3 9 3 2 5 1 2 1 5 4 3
7 6 3 1 0 0 4 2 1 2 8
7 9 3 1 7 17 18 12 9 10 8
4 10 8 14 17 27 2 0 11 3 4
6 2 6 1 18 7 17 14 11 23 6
5 0 3 5 7 4 1 1 5 6 9
10 2 4 6 7 3 4 4 6 4 2
7 3 5 2 9 2 5 3 0 0 1
7 12 1 5 7 3 11 8 3 5 13
5 22 3 7 10 5 9 7 5 6 21
9 8 5 3 3 7 7 4 8 4 7
4 6 4 2 4 7 14 6 15 7 5
3 2 0 5 6 7 11 0 1 1 6
10 10 11 5 1 19 14 6 11 1 5
1 2 12 23 2 14 4 19 7 1 4
16 9 8 1 2 11 6 5 2 3 14
1 19 4 3 5 2 2 7 4 6 2
7 4 13 0 2 10 15 0 18 4 11
7 4 8 1 10 10 2 8 8 6 7
0 10 17 11 17 2 13 1 8 11 4
1 19 2 14 1 15 1 5 6 9 3
2 8 8 7 3 8 5 2 12 0 6
4 2 19 1 12 14 18 8 3 5 2
8 12 5 8 5 9 0 2 14 2 7
3 3 4 5 10 26 9 6 17 7 1
0 3 4 1 5 1 6 2 2 7 1
0 8 1 5 6 2 7 10 1 1 5
2 7 1 3 4 3 2 2 3 1 2
9 8 3 0 5 5 1 5 5 9 4
2 1 4 2 7 2 1 0 8 1 2
0 9 0 0 7 3 1 5 4 5 2
1 5 7 3 6 3 10 2 13 5 3
8 3 9 14 11 14 9 15 3 8 0
4 22 6 26 4 5 1 3 7 7 4
9 13 14 19 5 14 7 1 11 3 15
18 3 7 14 6 1 7 14 5 9 5
2 6 14 1 5 5 3 2 6 6 3
0 3 3 5 3 4 2 2 4 1 5
16 1 14 10 2 7 7 6 0 2 10
4 0 15 6 3 8 3 3 4 11 4
2 1 10 0 3 6 2 8 7 1 10
13 14 11 6 11 11 1 9 11 12 2
9 3 13 20 6 5 22 9 2 13 11
6 23 8 22 6 2 1 9 6 2 9
0 15 11 13 5 6 12 17 3 12 8
4 3 1 1 5 4 11 2 0 4 6
2 0 14 13 7 3 2 3 7 7 10
4 8 4 4 2 1 11 6 12 5 3
7 8 5 6 2 3 1 6 1 10 5
7 1 2 4 3 7 5 4 4 4 6
6 4 3 0 1 22 8 7 8 9 0
0 8 2 1 0 0 1 4 8 7 0
16 24 2 13 2 12 6 7 3 7 8
9 8 8 15 10 6 1 14 3 8 20
7 5 1 9 2 6 5 6 9 1 16
1 9 7 18 3 0 7 7 2 10 15
15 16 3 2 4 3 2 18 7 15 10
12 8 14 1 3 1 13 11 17 15 18
2 9 11 11 12 3 8 13 3 11 2
5 2 0 0 3 4 7 1 9 8 7
3 5 5 0 1 3 2 3 4 5 0
16 22 2 7 6 1 3 0 4 2 8
8 2 1 5 7 18 1 16 5 23 4
4 4 8 8 9 3 14 10 8 5 7
4 5 3 2 1 8 9 17 1 1 7
5 19 3 19 6 9 10 15 13 4 11
12 3 1 4 3 3 2 8 6 0 2
7 5 13 9 2 4 6 6 6 7 8
9 1 6 2 3 0 8 2 4 1 1
0 2 5 1 6 0 12 2 3 5 5
3 0 9 1 3 8 6 11 2 0 15
12 0 3 0 2 5 0 6 3 5 2
5 4 17 16 19 9 16 8 2 2 11
14 17 4 3 0 6 9 0 3 15 8
1 15 3 9 6 12 6 11 16 4 5
0 1 12 3 0 12 7 12 8 6 13
1 13 5 3 13 10 4 6 21 8 8
1 4 4 3 4 0 8 6 6 7 2
6 1 1 3 5 0 6 8 7 2 2
7 12 3 19 11 5 8 4 1 22 7
1 3 6 3 10 1 9 4 11 3 2
8 6 12 2 4 8 3 1 2 5 2
17 12 4 12 8 12 7 15 12 3 6
4 13 2 3 16 9 9 5 7 5 16
2 1 5 3 6 1 4 3 13 8 2
8 12 5 14 4 3 13 11 4 13 12
19 0 4 12 25 6 8 1 2 3 7
3 12 11 2 11 17 7 13 12 13 7
7 3 10 6 6 12 15 3 5 9 16
3 5 0 3 2 1 2 7 0 14 1
7 2 2 13 14 3 5 20 5 7 13
7 7 15 6 2 9 4 10 5 4 9
5 3 1 0 8 2 12 8 2 11 4
2 14 2 10 2 4 0 6 3 3 6
11 6 4 20 2 12 1 6 1 6 4
4 10 7 7 11 10 8 1 12 12 2
4 2 8 6 10 3 12 5 19 8 16
6 24 3 1 3 15 4 15 4 2 15
3 8 4 1 10 11 25 18 2 11 4
1 2 2 6 5 11 12 14 6 3 1
1 10 10 14 8 1 1 0 0 9 2
2 9 20 3 15 5 2 3 23 7 11
4 6 2 6 4 7 4 7 4 7 10
5 3 1 9 3 3 0 2 2 1 3
0 2 1 7 0 9 9 0 6 3 3
3 1 5 2 5 1 7 3 3 3 0
4 5 3 1 8 2 8 2 4 1 4
4 4 10 4 5 4 7 2 0 4 12
6 8 8 8 11 7 9 4 18 21 6
6 5 4 5 3 2 0 7 6 4 4
14 6 8 7 13 0 2 18 10 3 3
3 0 2 25 12 6 15 1 2 8 19
3 14 7 11 12 18 7 19 4 10 14
1 15 6 4 4 6 12 8 0 1 16
4 2 4 13 6 2 16 8 14 3 9
4 1 1 7 2 1 3 2 1 2 7
13 1 7 2 0 7 8 0 2 4 0
4 1 1 2 7 4 3 1 2 3 0
1 9 0 4 3 5 12 1 7 5 9
1 7 4 0 8 2 7 6 3 3 5
2 5 9 4 5 9 3 5 9 3 1
2 9 9 1 12 4 13 12 12 16 11
6 8 20 19 11 1 6 14 2 0 6
13 3 3 7 8 10 25 3 7 13 7
11 6 2 5 15 4 4 4 17 9 13
2 13 2 7 6 8 4 3 15 13 0
3 3 8 2 3 4 0 3 6 4 0
8 1 9 3 2 4 4 6 4 4 4
9 13 10 6 2 16 1 14 4 19 7
2 3 5 4 0 2 2 3 5 5 3
1 6 6 0 0 5 7 4 1 7 1
14 11 2 4 24 9 7 10 11 1 7
3 13 4 6 17 11 4 8 3 2 7
6 1 1 1 6 5 3 2 1 1 4
15 6 4 8 26 2 5 3 13 9 5
8 9 0 1 3 17 10 20 8 1 5
1 2 2 10 17 8 18 1 17 12 1
2 2 4 1 8 1 5 0 4 1 4
5 8 8 4 1 7 16 7 6 0 10
1 0 2 0 1 5 3 3 8 1 7
5 4 2 6 5 11 11 1 14 8 3
2 6 5 6 1 22 5 12 2 4 12
4 5 11 6 3 4 6 3 12 7 2
5 3 7 0 3 1 5 4 5 5 1
5 1 3 1 1 1 2 1 1 2 8
7 4 1 7 3 5 3 6 4 9 1
11 0 19 5 18 16 11 7 12 6 6
27 1 6 14 3 21 7 0 4 12 2
1 21 2 4 1 0 3 4 16 3 2
11 5 4 4 5 2 15 6 0 2 4
14 4 6 1 3 4 15 12 17 8 2
4 2 7 0 2 3 1 5 6 4 8
4 9 8 2 4 3 9 2 3 10 2
19 3 15 5 9 5 2 14 1 10 6
8 2 4 2 1 14 2 11 2 1 4
4 13 4 8 5 10 10 8 2 9 8
12 12 5 6 4 3 11 17 14 7 7
2 14 5 3 17 10 4 4 12 5 11
4 2 4 4 4 4 3 1 2 5 3
6 1 6 1 7 6 1 5 11 3 4
7 0 2 1 2 8 6 4 1 0 2
1 6 7 4 2 1 18 1 25 8 4
0 1 1 3 1 1 2 1 3 8 3
7 2 21 5 3 12 0 4 7 3 2
4 1 1 5 4 12 3 11 0 1 7
3 0 0 12 10 4 2 3 11 3 4
4 5 0 7 0 8 3 6 7 7 2
0 7 11 7 3 3 1 7 15 7 6
8 10 16 6 6 14 9 5 10 0 8
4 3 1 1 2 9 2 2 0 0 4
7 28 17 3 1 3 20 1 5 1 1
10 1 11 10 20 13 22 9 9 1 2
2 12 12 9 1 3 9 18 2 5 10
6 8 8 1 3 4 8 6 1 6 4
5 11 2 14 1 2 15 15 21 1 3
7 18 10 9 12 3 14 3 1 20 5
1 9 7 9 3 2 8 13 8 1 1
10 8 0 4 29 4 10 1 16 10 1
8 4 1 6 3 2 3 5 1 1 7
6 1 4 3 2 8 1 11 2 5 1
5 7 6 6 5 0 5 7 1 5 0
15 6 1 2 0 15 1 15 2 3 8
32 7 3 3 8 4 1 6 14 2 2
9 14 7 14 6 7 4 1 2 23 3
23 1 3 5 8 12 2 0 10 9 2
5 2 12 9 8 13 15 9 24 2 11
19 1 12 9 14 8 10 2 9 14 7
6 2 16 12 15 9 8 1 2 0 10
3 5 2 2 3 3 4 7 4 6 7
11 19 8 7 2 12 2 9 16 2 17
12 1 11 10 7 0 16 14 12 9 7
4 5 8 6 14 1 2 3 5 6 4
1 8 5 8 7 0 1 8 7 12 7
1 4 7 4 9 5 2 2 2 2 1
1 6 4 14 16 3 5 2 17 22 0
22 4 9 16 6 12 11 1 16 1 7
3 2 10 18 4 15 15 12 14 3 4
7 12 11 6 20 12 17 7 1 13 12
13 3 11 1 2 6 18 21 8 8 12
3 6 2 0 1 2 1 1 1 6 9
2 1 3 9 18 17 3 4 8 8 6
10 12 1 7 4 1 3 19 6 29 2
7 11 4 15 13 1 18 3 1 6 9
4 1 5 16 4 6 5 6 3 5 12
3 2 3 7 2 3 9 5 1 1 6
0 6 0 7 1 3 1 4 2 7 2
4 0 1 10 6 3 2 9 7 2 2
6 8 2 8 8 4 1 0 3 8 1
8 15 6 3 4 17 13 1 5 19 2
0 5 6 7 6 14 5 14 3 15 8
1 1 13 10 6 7 4 2 13 17 2
2 13 6 9 1 13 5 1 7 11 15
3 9 2 12 14 8 9 1 1 6 2
4 4 13 1 1 6 2 6 1 2 5
2 1 2 1 16 8 2 5 4 1 14
7 1 4 1 2 1 1 6 5 0 2
1 0 3 1 1 4 4 4 0 4 7
11 21 14 11 9 9 7 10 2 15 8
8 7 3 8 5 1 4 12 1 0 12
10 24 8 8 3 6 2 12 9 3 0
4 0 12 3 3 7 7 19 16 15 17
5 11 7 1 3 8 1 6 3 3 1
9 4 1 3 4 7 1 2 1 7 4
12 3 3 3 8 15 2 11 9 5 4
1 4 1 7 6 5 2 4 1 2 2
3 12 8 4 14 4 10 8 8 4 0
3 8 3 5 4 2 3 0 2 6 5
17 2 3 6 14 17 5 11 10 14 6
1 6 7 0 3 7 2 4 6 16 1
13 2 2 3 0 1 1 2 7 2 0
2 4 12 2 9 5 4 6 3 1 3
2 2 1 5 2 9 5 8 5 5 2
2 3 0 3 11 1 7 1 5 8 2
2 0 8 1 0 3 3 12 5 13 1
1 4 2 3 8 2 3 12 4 2 1
9 1 11 5 3 3 2 2 0 2 2
1 11 2 6 1 17 1 1 3 2 2
3 8 2 13 12 6 8 6 16 1 21
6 8 5 2 10 18 18 4 1 1 5
5 2 7 2 4 2 1 3 0 1 1
1 2 7 22 24 5 1 5 2 8 0
5 2 7 5 12 3 3 4 13 25 7
1 5 6 12 9 2 12 4 8 4 6
9 24 0 1 4 1 14 3 5 11 6
3 5 0 8 15 5 7 0 2 4 4
4 2 8 10 8 7 3 1 2 8 3
0 7 7 1 3 7 4 10 3 2 15
3 4 4 9 1 4 2 5 0 7 7
7 0 1 4 5 4 6 12 8 6 15
8 10 15 5 4 12 26 0 9 9 14
2 2 5 5 6 0 6 8 14 0 31
3 3 3 1 4 4 1 5 0 4 1
15 0 6 6 2 2 16 4 2 12 4
5 5 8 1 1 4 9 9 3 11 1
2 2 2 0 5 1 4 1 6 2 2
7 7 9 13 9 5 7 2 16 0 6
0 3 12 13 3 8 4 5 10 2 6
12 8 4 14 7 13 8 21 14 6 9
14 11 16 10 5 15 3 2 2 1 14
7 6 1 7 2 3 0 1 3 3 4
16 4 14 14 10 15 5 6 8 15 3
1 2 4 1 5 5 11 7 10 6 10
3 4 4 4 9 7 6 13 7 16 14
11 6 8 9 6 5 3 3 3 7 3
6 18 18 4 2 1 9 11 2 4 6
6 10 18 6 7 2 15 0 3 8 8
21 4 0 14 4 7 0 10 1 5 2
12 0 8 8 3 3 18 16 3 16 4
1 3 7 2 2 17 0 25 5 12 15
10 12 16 0 12 7 6 2 19 7 7
10 5 4 19 5 14 9 12 20 16 3
12 19 2 0 7 10 3 5 12 3 6
19 5 3 1 1 10 9 7 0 9 5
10 4 7 2 11 12 1 6 7 5 1
0 5 3 5 1 0 3 7 2 4 0
2 17 9 13 21 4 8 2 6 18 5
3 7 2 0 12 6 6 8 2 10 0
9 7 9 14 4 16 5 6 6 3 5
7 2 14 16 4 3 9 0 10 10 9
10 0 13 9 13 2 7 10 6 3 1
2 2 6 7 0 0 2 2 5 1 2
7 8 7 12 12 3 2 20 1 6 12
4 1 11 5 8 13 17 1 1 4 17
4 7 6 7 1 6 12 20 3 23 6
14 14 9 9 5 2 7 5 0 3 8
15 6 4 6 2 17 11 7 20 5 2
3 6 1 5 3 9 0 2 5 2 3
0 0 14 5 3 7 2 4 10 4 19
9 1 4 6 9 3 5 0 8 3 13
13 9 4 2 9 5 4 14 3 5 6
8 1 4 1 11 15 2 6 12 8 19
8 5 9 2 2 22 8 11 9 4 10
5 5 0 1 3 0 4 3 5 2 6
7 2 2 2 4 3 3 3 5 4 3
11 3 1 5 9 1 4 15 24 1 14
13 6 10 1 6 12 11 12 10 11 5
11 9 0 1 7 2 4 0 1 12 7
6 2 3 2 5 1 8 2 5 2 1
20 2 5 6 7 1 0 4 4 3 5
3 3 3 6 5 2 10 5 4 8 2
6 1 1 27 11 3 4 7 13 1 2
2 18 21 12 6 12 6 12 2 14 11
8 6 2 15 5 9 2 3 3 10 4
5 7 2 9 3 7 1 3 0 4 10
3 4 2 0 3 2 1 5 4 2 6
14 7 1 0 22 11 7 19 11 8 3
7 3 5 1 2 1 3 2 0 4 4
13 3 16 15 4 10 2 7 9 10 8
16 2 14 15 8 10 10 9 5 8 15
2 18 6 7 8 1 12 1 6 13 6
2 5 1 1 1 11 3 4 2 2 2
4 2 8 2 4 1 9 14 8 1 4
4 2 7 3 15 2 3 8 0 2 7
4 22 6 4 11 15 1 7 21 2 3
1 2 0 8 3 8 9 6 3 13 9
7 4 17 3 2 4 0 14 4 0 29
7 0 5 2 12 13 2 15 2 5 2
1 1 5 2 2 14 1 1 3 3 17
6 5 8 1 1 20 5 3 9 6 13
2 1 6 3 1 4 3 1 8 7 3
0 3 6 1 4 1 1 6 2 2 4
4 3 3 9 2 2 5 10 4 8 19
1 10 12 3 15 3 0 18 2 13 8
1 0 3 0 4 9 4 4 0 3 2
2 1 4 5 1 0 4 6 2 4 1
5 3 2 0 14 8 5 19 4 10 3
1 9 6 6 2 7 6 1 4 4 2
6 17 5 5 1 5 0 0 5 10 2
12 8 5 5 12 2 3 2 12 12 15
7 3 4 1 13 6 11 4 12 2 11
1 7 10 0 7 8 7 13 2 3 3
9 6 1 10 10 3 8 3 7 21 3
1 5 13 9 3 13 20 9 7 19 5
5 2 2 1 3 7 1 7 1 1 10
13 8 3 2 9 0 8 4 0 6 1
5 8 3 2 13 5 17 2 0 9 20
11 4 4 6 7 7 3 6 4 5 6
2 5 5 0 8 3 2 3 15 2 8
5 1 2 8 4 8 9 1 7 6 3
7 7 3 15 1 7 10 0 13 0 17
3 7 6 9 17 20 3 16 1 9 0
12 12 2 9 6 0 5 5 3 11 7
2 4 0 11 16 12 2 6 11 1 24
3 2 0 3 2 0 2 1 0 7 5
0 3 10 3 11 2 3 8 1 6 13
4 5 1 4 6 3 2 1 2 4 9
5 5 0 5 3 6 2 0 7 9 3
5 3 6 13 1 13 7 8 12 4 10
8 6 2 19 13 1 3 7 10 4 5
9 4 16 8 4 8 7 3 0 2 18
5 2 6 0 5 0 3 3 1 1 5
8 14 0 10 0 19 3 12 8 3 1
2 2 2 7 1 7 17 0 4 5 7
10 7 3 18 4 9 3 1 9 2 2
5 24 3 7 3 13 10 15 5 6 4
5 5 0 27 10 6 19 8 1 4 3
5 14 3 3 6 7 3 7 9 18 1
8 8 7 2 2 7 2 4 13 5 3
14 16 5 7 1 7 3 1 13 1 2
5 2 5 2 1 3 0 2 4 2 7
4 7 8 1 2 4 1 15 6 5 10
10 14 14 3 2 1 22 2 3 3 0
2 5 4 9 0 7 6 3 12 1 1
1 4 4 2 5 8 4 1 5 0 1
3 8 18 24 13 5 4 9 5 11 0
3 12 3 3 11 2 3 6 1 1 12
2 6 17 2 9 8 6 1 14 2 9
2 7 3 5 1 1 1 5 4 2 1
0 5 1 4 0 1 4 8 0 5 6
2 7 0 6 6 2 13 18 19 18 14
1 18 10 5 11 1 15 8 7 8 17
6 10 4 22 8 5 4 6 4 5 4
7 12 9 15 4 20 6 4 8 12 8
9 10 15 7 0 3 22 24 8 5 4
15 2 5 3 2 2 3 10 9 7 17
1 4 1 9 5 2 6 1 7 7 4
0 1 2 6 1 6 2 6 2 3 0
5 13 10 9 4 6 2 17 19 16 10
2 2 5 6 6 1 2 3 3 1 2
1 4 1 0 4 3 2 9 2 4 0
9 14 14 4 1 15 2 3 15 12 3
15 15 14 4 5 18 13 6 3 8 5
2 6 10 3 6 2 8 1 1 1 9
5 3 2 15 12 2 30 3 13 2 3
0 2 6 5 1 4 1 4 6 8 2
1 0 7 8 3 6 1 2 2 6 3
1 0 0 4 1 7 6 0 0 4 5
5 3 7 7 2 11 2 3 7 3 12
11 6 23 13 4 8 12 2 8 1 15
1 4 4 9 10 3 5 3 2 5 5
10 9 6 1 0 1 4 1 5 10 9
2 15 8 8 9 12 8 2 3 7 1
15 8 17 6 22 6 8 6 10 6 7
1 3 5 4 2 2 8 3 4 7 8
4 3 4 5 7 1 3 1 3 7 4
0 1 4 4 3 5 1 1 1 6 3
14 1 13 0 5 8 10 5 14 1 4
1 2 5 13 15 1 14 12 3 3 1
3 9 2 3 5 2 0 10 16 12 1
6 13 14 17 15 1 3 4 18 4 7
6 6 8 3 9 3 3 8 1 4 5
8 12 0 6 1 3 4 23 11 7 2
2 5 3 8 3 7 1 1 13 2 3
5 2 9 1 3 1 5 9 1 7 6
1 3 5 2 0 7 1 7 5 2 0
2 1 5 6 3 7 0 5 1 3 4
4 0 5 1 16 1 5 13 7 7 10
6 2 9 9 3 1 5 2 1 4 9
2 6 8 0 5 1 12 3 1 3 0
12 7 11 3 1 4 0 6 5 10 10
7 3 11 8 8 25 12 7 1 12 5
5 4 10 2 5 8 1 7 14 11 6
7 3 4 6 0 2 5 4 1 1 6
2 3 2 6 2 5 4 0 1 2 0
10 6 11 9 15 8 15 16 3 9 8
8 2 3 2 8 2 0 5 4 9 6
6 6 9 11 4 16 5 3 1 2 1
15 15 7 22 8 12 2 9 6 1 1
18 14 1 0 11 4 2 12 15 14 2
3 11 8 21 8 9 3 11 11 14 10
13 7 1 6 12 4 19 3 1 2 3
4 0 7 4 8 5 4 4 3 1 2
1 1 2 4 6 6 4 3 8 3 3
15 3 1 3 1 10 2 2 9 10 7
9 2 7 2 4 6 15 6 1 1 1
5 7 2 1 17 3 0 3 3 2 17
2 7 3 3 4 2 3 4 6 4 1
2 5 10 4 4 1 4 1 3 3 6
2 8 5 2 10 5 11 2 11 1 5
2 13 7 11 1 2 4 3 6 7 2
7 1 0 4 2 0 5 2 7 7 2
6 4 5 10 17 2 2 12 8 1 1
4 17 5 5 11 0 8 11 10 8 8
9 3 0 7 21 21 2 9 6 16 2
6 1 1 7 15 1 6 9 15 7 6
7 9 3 0 11 5 1 3 1 1 0
0 0 6 0 4 5 4 8 0 11 4
2 6 15 2 5 15 2 2 7 2 5
4 0 8 26 3 11 1 6 0 6 12
4 11 1 5 9 10 0 1 7 13 2
20 9 9 14 7 10 8 1 6 2 8
4 15 0 9 4 10 4 1 8 14 6
5 8 11 9 12 4 2 5 0 11 3
0 10 2 14 13 0 6 2 1 3 9
3 3 7 3 6 1 3 4 7 9 0
1 12 11 8 7 3 7 4 4 5 6
3 7 9 5 18 4 4 20 9 6 10
2 11 9 22 2 3 6 17 3 4 9
12 18 8 2 10 2 7 19 12 9 8
3 6 7 3 2 3 1 5 13 3 1
13 2 1 2 8 4 4 8 2 7 12
5 8 1 1 1 7 0 5 4 5 0
14 4 8 11 10 3 4 5 3 12 6
10 3 4 1 6 12 14 23 1 15 13
0 5 6 0 12 8 1 4 1 5 1
0 5 2 2 4 6 3 0 0 4 1
9 11 6 2 3 12 15 8 20 4 10
5 9 14 2 10 2 2 8 14 14 6
5 10 17 5 9 2 6 1 6 2 2
1 2 2 2 7 4 8 4 7 3 9
2 4 5 5 10 15 7 23 7 6 10
4 1 12 11 0 4 1 1 5 6 6
6 14 14 17 7 4 13 0 6 7 2
1 4 2 5 4 11 0 2 5 2 4
1 4 10 5 3 0 6 3 6 8 7
13 9 9 2 5 4 1 3 2 2 2
4 3 3 0 3 8 4 1 1 4 2
6 2 1 1 10 0 6 1 3 3 2
10 14 7 5 12 5 6 7 2 8 12
0 12 16 2 10 7 5 6 11 7 2
4 16 3 9 11 2 4 3 0 18 10
6 10 10 3 2 16 2 2 6 2 10
3 2 9 10 4 15 5 10 3 5 3
7 1 4 1 15 7 5 0 1 2 1
1 3 4 6 1 0 3 4 2 8 6
0 5 6 0 10 5 2 5 1 9 2
20 7 1 5 2 3 2 8 19 14 3
4 0 12 2 7 5 14 2 4 12 3
6 4 0 2 4 3 5 1 5 2 1
6 3 5 5 5 18 7 2 11 4 15
3 10 3 9 3 12 1 5 2 1 1
3 0 15 13 2 7 3 8 4 5 2
11 8 3 8 7 4 4 3 9 5 9
3 3 3 22 7 1 7 12 4 19 4
4 4 4 6 4 2 1 3 0 5 1
2 1 2 4 11 1 2 4 13 3 0
0 4 3 1 2 4 3 2 5 3 3
7 10 5 2 0 4 6 4 7 1 5
4 3 6 8 2 1 2 7 6 4 0
3 2 0 11 5 4 3 3 7 8 7
2 3 2 1 12 1 10 4 12 10 7
10 6 3 15 4 0 9 12 3 2 14
17 1 9 8 1 10 12 5 0 4 2
7 2 0 8 6 3 3 4 3 4 5
2 2 1 9 2 1 2 5 3 1 5
1 1 4 1 4 4 10 4 3 1 9
5 1 2 1 6 4 1 10 1 9 6
7 8 7 8 3 6 8 10 3 10 7
8 1 1 7 4 8 10 3 2 5 4
3 5 10 2 14 32 4 8 12 4 2
1 2 1 6 3 0 1 6 3 0 3
5 1 1 3 1 6 16 2 3 3 1
11 15 5 11 12 3 4 21 1 7 4
4 1 6 3 4 0 7 7 1 5 0
8 8 2 2 11 18 7 13 4 5 1
16 5 11 8 5 12 16 1 5 7 9
2 1 3 1 3 6 2 8 5 7 2
0 0 4 4 5 2 2 5 1 4 2
3 3 2 8 0 0 6 2 1 6 1
3 2 1 11 5 15 19 11 7 5 3
17 11 5 1 5 7 7 8 15 13 3
16 10 6 4 8 2 16 12 3 11 8
9 8 1 7 7 13 7 2 11 4 2
8 4 9 9 1 4 9 8 13 6 2
1 1 1 2 24 2 0 23 11 13 8
1 8 1 11 7 3 1 13 5 2 5
6 4 6 2 4 4 9 6 7 4 4
6 5 10 1 2 3 1 4 8 1 2
0 6 8 5 8 2 6 10 2 8 11
2 21 2 1 24 15 4 8 9 1 2
4 6 1 1 1 4 11 4 2 2 0
4 1 5 3 2 1 13 18 15 18 2
4 4 4 1 2 1 2 7 4 0 3
2 8 1 8 2 5 1 2 14 0 1
1 5 1 14 6 3 7 9 1 7 8
13 1 12 6 0 6 4 14 3 21 6
12 4 17 1 19 7 4 8 15 1 19
4 8 7 18 15 4 2 1 8 7 2
11 13 15 13 5 12 5 1 11 11 4
8 2 14 6 3 4 7 7 12 2 20
2 1 2 5 6 6 7 5 5 3 1
3 6 5 1 4 2 1 1 5 6 1
1 4 4 3 7 2 2 7 0 4 1
2 4 3 5 4 6 2 7 3 2 4
4 14 7 5 12 4 17 3 9 6 7
2 7 2 10 2 11 2 5 5 1 7
2 10 2 0 5 9 0 20 4 4 3
3 1 8 5 8 1 3 2 1 0 3
5 8 7 3 3 4 1 8 1 3 5
7 1 3 4 4 2 0 5 0 1 1
2 2 4 8 11 4 12 8 1 9 5
3 7 1 10 6 5 2 8 4 2 6
3 6 0 9 7 9 8 6 4 10 1
5 1 3 4 9 3 12 8 4 11 12
0 18 3 15 2 12 13 2 14 3 8
2 17 7 6 7 21 11 1 2 1 5
12 8 3 0 2 0 2 2 1 1 8
13 1 5 1 6 2 0 7 2 4 1
2 3 7 1 8 2 3 2 11 1 7
2 1 10 14 1 0 10 5 12 5 4
7 10 5 2 1 13 3 9 6 5 4
8 10 0 1 10 2 14 6 2 2 7
7 16 7 10 0 4 1 1 2 7 11
8 4 8 0 3 10 8 2 6 11 2
9 0 6 4 4 0 2 0 10 4 2
0 18 1 10 4 4 0 15 11 2 4
12 0 7 6 3 1 7 1 8 9 2
9 4 0 1 7 6 14 3 2 11 5
1 5 10 17 9 10 4 19 9 12 2
7 5 11 4 6 1 9 3 6 10 0
2 1 3 1 5 5 2 2 5 4 10
8 1 2 13 13 0 5 5 18 10 10
8 10 4 3 5 1 14 10 9 17 1
1 5 20 7 6 3 9 12 22 2 8
6 9 6 4 1 9 1 8 3 3 2
7 24 0 5 0 1 1 5 12 7 11
13 28 18 5 10 7 8 6 2 0 4
5 22 1 12 9 3 2 10 6 10 22
3 7 7 9 10 0 5 5 3 7 4
9 3 6 6 2 1 1 28 8 19 5
3 0 4 5 1 2 4 2 2 4 4
2 19 0 12 6 6 6 6 12 12 1
3 8 1 11 7 13 6 3 2 3 3
8 5 10 4 5 7 4 3 4 7 1
4 4 6 2 2 9 10 2 6 10 2
2 3 5 5 5 0 2 3 11 10 5
4 7 10 4 14 11 5 17 4 11 1
5 2 0 2 2 4 1 3 6 3 1
10 0 4 6 1 4 6 8 2 2 1
7 13 6 6 14 0 6 24 7 1 8
3 2 2 7 7 6 7 4 8 6 1
2 10 4 1 16 0 1 10 8 7 1
3 3 2 2 3 0 1 3 5 0 6
6 14 6 3 0 6 3 7 5 8 1
5 2 1 7 0 2 11 9 9 10 4
2 13 2 8 2 0 14 0 15 8 3
4 14 9 16 2 17 1 9 16 16 9
3 0 11 3 9 1 3 4 7 7 7
4 0 3 3 0 1 1 4 4 3 10
3 14 18 2 1 12 19 19 3 5 8
4 1 9 1 1 4 1 1 6 7 3
4 4 1 4 1 2 17 4 1 2 2
10 18 22 16 7 2 8 1 1 4 14
8 6 7 13 8 6 1 16 0 4 6
5 13 1 5 7 5 4 17 6 14 3
18 2 10 4 5 17 7 13 15 5 6
8 12 1 1 6 8 3 7 1 1 3
8 8 13 0 13 19 9 7 9 18 7
2 7 9 12 2 18 3 5 18 20 3
13 6 2 2 6 7 4 17 0 4 8
11 2 7 8 14 10 5 11 7 7 20
4 7 18 2 6 17 2 0 11 9 6
2 10 9 13 18 4 8 17 7 16 1
3 7 13 8 13 3 19 5 6 1 3
5 13 7 1 9 0 0 6 17 1 5
5 8 18 6 11 8 13 0 12 4 4
15 11 6 11 2 11 1 14 6 11 16
1 1 8 0 0 3 4 1 2 1 5
10 1 13 3 1 2 0 2 8 7 12
6 3 0 3 2 2 5 0 8 1 0
8 20 7 8 12 6 11 11 1 12 9
5 3 4 8 0 3 6 1 1 5 4
7 10 3 7 6 1 5 1 1 0 4
6 10 1 2 11 14 4 4 3 10 2
4 0 2 5 1 4 4 0 1 1 6
3 1 0 6 3 5 3 9 15 2 2
1 10 7 11 20 1 1 6 6 14 9
3 17 2 4 11 2 8 12 7 16 9
3 0 3 2 4 3 4 4 6 0 3
3 8 0 1 16 6 17 3 1 1 3
7 1 10 5 6 5 0 6 1 1 3
12 2 5 0 2 6 9 3 5 9 2
9 11 3 9 8 8 9 8 15 3 18
3 3 3 1 7 2 1 2 3 1 3
0 10 6 16 6 2 14 8 8 4 1
2 6 18 12 6 7 0 7 0 20 13
14 6 8 11 6 5 7 7 3 7 3
2 21 14 8 13 4 14 10 7 11 6
11 1 4 3 15 27 9 6 17 9 3
17 6 4 0 13 11 8 12 14 11 12
6 9 0 5 16 3 5 4 17 6 3
2 1 2 2 1 1 10 9 4 8 1
5 2 9 4 6 2 2 3 1 3 4
4 9 9 0 15 4 9 0 8 3 3
1 16 15 2 3 3 14 14 2 6 15
2 5 7 1 1 2 2 0 3 6 6
7 13 5 1 3 3 8 2 4 2 6
5 16 3 5 4 7 4 3 3 21 8
7 1 10 14 1 5 12 1 18 2 2
2 10 13 4 13 6 14 3 9 15 0
12 5 5 2 13 8 0 8 4 6 3
2 7 4 8 4 7 10 6 3 1 17
5 1 0 3 2 5 4 4 2 3 4
3 7 9 9 2 5 14 17 18 5 11
3 8 15 15 5 7 8 6 12 16 19
10 6 3 5 3 2 4 8 1 3 23
5 9 1 0 4 1 6 5 11 7 0
3 22 14 8 12 1 10 17 1 5 3
1 1 1 6 9 1 9 10 2 3 4
6 0 3 2 2 0 6 9 0 0 3
3 3 0 1 2 6 2 1 8 13 5
16 7 5 14 7 5 4 10 3 15 11
12 17 21 2 6 5 3 7 6 13 9
10 8 18 7 13 3 6 2 24 4 5
13 0 4 14 5 11 10 5 5 12 1
12 17 6 2 4 6 3 6 10 0 10
12 3 3 7 14 4 7 7 2 2 3
12 1 1 8 14 2 9 3 11 0 8
25 22 8 8 11 1 1 4 0 0 3
8 7 2 8 4 2 10 9 6 2 1
5 11 10 1 12 5 6 0 12 22 9
1 0 7 3 1 2 0 13 2 9 10
15 3 3 7 6 12 4 5 6 15 9
2 1 6 7 16 10 1 11 5 22 3
3 1 8 8 2 18 11 7 2 25 1
8 20 0 11 5 23 8 11 2 3 1
13 15 17 4 4 3 6 17 1 3 7
6 8 2 13 7 7 17 7 15 16 3
6 5 1 3 13 10 2 8 7 6 5
12 10 14 2 7 5 3 7 17 7 1
4 2 2 7 5 3 2 1 2 1 2
5 5 2 2 1 3 3 6 1 5 10
10 7 0 11 2 4 16 4 15 6 11
15 9 13 2 15 8 5 3 11 8 14
14 5 4 7 5 9 16 19 5 5 19
1 1 7 5 5 2 3 1 1 1 3
7 7 0 9 1 10 14 9 21 5 3
1 1 6 1 1 0 2 0 6 4 4
1 15 19 4 11 4 19 5 4 3 10
4 3 1 3 2 1 3 0 2 4 6
5 9 7 12 5 8 2 12 26 9 6
5 2 1 9 2 3 5 4 0 6 4
13 5 6 10 0 1 8 8 17 0 11
3 10 11 8 13 9 6 7 6 7 3
0 14 10 4 2 8 2 5 7 20 4
4 3 0 5 2 1 6 6 6 5 1
5 3 1 8 12 4 6 13 2 13 10
3 2 0 0 2 6 4 4 0 0 8
12 5 7 10 2 3 12 9 4 0 20
7 11 9 4 4 11 15 19 13 1 1
6 6 10 0 7 18 1 19 5 19 10
2 6 9 7 1 18 6 9 7 11 8
1 5 13 10 17 0 10 9 4 24 6
5 10 3 15 4 14 2 1 14 19 19
1 0 14 1 1 2 3 5 1 4 2
4 2 2 0 3 8 3 4 2 9 10
0 0 4 3 0 4 7 4 3 4 4
6 5 5 7 6 1 10 4 1 11 4
6 8 6 1 2 4 0 6 3 5 3
1 3 2 0 3 2 13 7 4 3 9
4 9 0 16 3 7 6 28 4 2 11
12 3 2 12 2 11 8 17 7 12 9
2 12 5 11 12 5 10 1 4 10 4
5 2 4 3 8 1 4 1 1 5 1
8 1 3 2 6 1 2 12 8 0 4
9 3 1 3 7 3 16 11 2 6 1
2 3 2 6 4 0 5 1 1 4 3
6 2 6 7 6 5 11 1 2 17 12
3 8 17 5 2 2 13 4 5 8 8
3 1 7 7 3 8 10 14 4 5 0
12 1 5 6 8 12 2 3 1 15 1
8 0 2 4 3 1 7 1 9 7 2
4 10 11 12 4 2 10 5 7 10 1
21 10 8 5 10 7 15 1 5 11 21
2 1 5 4 5 2 3 7 0 5 1
12 5 11 1 12 2 5 5 3 5 8
12 7 2 20 1 18 9 8 8 8 20
4 8 12 4 4 2 9 27 1 6 20
1 1 1 2 2 1 3 8 3 1 5
10 0 1 0 3 12 3 0 6 6 4
1 3 2 3 2 13 9 7 7 2 5
8 8 3 8 21 1 24 3 3 8 6
12 3 10 5 6 2 17 8 8 8 16
4 12 3 10 15 3 8 2 9 10 17
6 0 5 9 3 5 3 5 8 1 5
4 9 7 3 28 18 2 7 3 3 1
5 6 6 0 10 0 8 7 4 5 2
1 3 3 4 0 11 1 5 4 7 1
10 0 7 11 13 11 3 7 9 20 14
2 7 2 1 8 5 2 4 6 4 7
3 1 8 18 4 19 5 6 16 13 6
10 3 15 11 17 20 6 8 9 10 9
3 3 1 0 2 1 2 8 4 1 1
3 5 2 3 2 5 1 3 3 9 1
8 7 18 13 3 11 12 3 11 2 3
4 3 1 3 3 11 3 5 1 0 2
4 14 0 4 11 11 24 6 16 15 1
1 3 8 8 2 1 17 18 4 2 10
2 7 2 1 15 4 4 13 14 3 9
8 8 2 6 5 0 1 3 4 4 7
1 2 4 1 8 3 1 3 3 4 6
5 3 7 4 5 10 10 6 17 11 15
2 3 8 6 6 5 2 5 4 3 10
9 7 14 7 13 6 15 9 2 2 20
15 1 2 1 7 3 4 10 1 8 6
0 8 7 10 4 6 20 3 3 6 10
5 4 9 3 3 9 4 7 6 2 2
3 2 8 9 9 6 5 1 6 3 1
6 11 0 11 2 3 4 2 3 2 3
13 1 9 5 7 8 4 7 7 13 12
7 3 17 12 1 10 2 4 12 2 8
2 1 1 1 1 3 0 2 7 6 2
1 0 7 3 2 7 7 11 3 9 13
15 3 2 8 9 15 0 1 4 1 19
6 18 2 4 9 11 16 4 5 2 15
7 7 1 2 7 3 0 1 2 5 5
0 0 2 7 4 7 0 4 2 5 3
16 2 11 1 4 13 15 23 6 8 12
12 1 11 4 5 2 4 7 3 8 6
3 0 7 13 1 11 3 1 13 5 3
4 17 2 2 8 11 2 6 4 10 6
9 1 8 3 5 7 14 8 1 12 11
8 3 2 5 8 1 6 9 14 5 6
1 2 2 1 1 8 6 1 4 5 2
2 8 5 4 2 10 8 2 5 13 3
7 5 5 1 1 4 5 6 0 3 6
17 2 5 9 12 6 3 9 9 7 7
2 5 13 4 3 5 5 6 5 2 7
5 1 1 11 1 12 7 4 3 3 3
7 5 16 7 2 1 6 4 9 7 3
10 5 6 2 4 8 20 12 12 4 16
2 2 0 4 7 3 4 1 1 8 1
5 5 9 3 6 15 3 9 3 2 8
13 3 3 4 3 13 1 4 0 3 4
17 9 1 0 1 1 0 16 18 1 14
2 4 1 6 2 2 5 3 1 10 1
11 9 8 0 5 12 0 3 1 3 2
3 8 5 6 1 1 3 2 3 4 3
5 1 2 1 4 4 5 3 0 1 6
13 6 17 6 12 3 5 11 9 0 11
5 19 6 8 11 12 2 3 17 14 3
2 30 5 3 8 0 1 2 1 3 7
0 1 19 12 10 2 5 6 8 5 3
3 0 0 3 3 3 5 2 5 4 9
9 7 13 1 5 4 1 2 10 0 1
1 5 4 2 9 1 3 1 3 5 6
17 2 23 4 1 3 15 1 11 5 5
8 3 0 4 8 10 9 5 6 3 2
8 8 11 3 1 0 7 3 4 4 7
9 1 7 4 2 13 9 10 6 9 3
1 4 11 19 9 4 8 2 14 5 13
6 9 7 5 4 5 6 5 4 1 1
11 8 3 1 0 3 3 9 6 9 5
6 2 3 4 0 2 1 0 4 5 1
3 12 8 17 1 5 11 1 0 1 1
3 18 3 21 2 3 3 6 5 3 3
1 25 13 4 9 5 4 19 12 8 9
19 4 24 7 8 6 3 6 5 1 2
7 3 7 7 0 14 4 12 1 5 3
3 8 13 17 5 2 1 6 19 2 4
4 4 4 12 1 6 1 2 4 7 0
2 15 7 9 3 1 6 1 1 7 0
6 10 16 3 11 13 5 3 14 9 12
3 7 4 0 4 2 3 1 9 6 5
15 5 1 5 0 4 2 0 5 6 3
5 11 0 0 6 2 8 2 2 6 1
5 4 2 9 4 11 2 4 4 8 3
1 0 3 8 0 8 9 2 5 1 3
12 12 3 1 11 5 6 8 11 23 7
1 2 5 3 1 4 0 3 7 9 3
3 4 2 5 2 0 1 8 3 2 4
12 5 4 3 4 10 1 1 5 6 2
4 8 11 4 3 5 3 20 0 8 26
15 9 6 1 3 2 13 22 5 10 9
12 1 2 1 11 3 15 8 10 0 11
6 2 1 2 6 2 3 6 8 0 4
6 4 2 1 14 7 10 10 12 11 6
8 4 15 4 18 0 16 3 4 11 17
21 12 4 9 3 12 1 7 3 17 13
5 6 8 12 8 10 5 2 0 13 4
7 7 2 6 1 2 14 0 12 8 7
8 20 4 3 8 2 3 19 7 5 5
17 1 0 3 3 2 8 9 7 7 4
1 7 5 3 3 1 0 1 5 3 3
1 4 4 1 3 6 2 2 3 1 1
3 11 10 12 0 10 10 1 25 0 9
2 4 2 3 1 6 3 3 6 0 2
10 28 12 0 13 0 15 7 2 4 5
0 2 4 3 4 8 8 3 1 1 3
11 7 3 7 11 19 10 0 7 1 10
11 3 6 5 12 15 14 6 14 1 5
5 0 8 10 7 15 5 1 22 9 8
10 11 15 9 15 12 9 1 12 3 10
3 7 2 1 2 7 2 7 8 6 1
8 19 14 8 2 3 4 1 20 6 11
2 0 8 10 26 7 18 2 11 6 6
8 3 4 1 2 9 6 14 3 9 3
11 15 7 11 2 5 4 11 12 7 2
5 6 22 2 9 4 7 1 8 1 24
1 7 0 2 3 13 2 3 1 6 3
9 2 14 4 11 7 3 12 24 7 8
5 13 14 0 2 3 17 0 1 6 1
1 3 5 2 4 4 4 2 3 1 2
0 16 0 6 3 8 14 5 18 4 5
7 7 5 14 15 11 5 9 7 2 4
4 6 19 9 18 1 8 3 8 16 1
2 8 2 8 12 2 9 12 17 12 9
18 13 5 5 14 1 4 5 3 4 4
15 15 5 1 3 24 3 3 11 12 6
14 3 7 6 8 6 15 4 8 13 4
2 4 5 1 2 2 7 2 2 3 1
2 12 7 1 19 0 7 1 5 6 5
8 7 15 5 20 12 7 12 7 9 11
20 1 2 7 7 8 2 4 2 1 2
2 3 10 4 6 2 0 7 3 2 5
1 9 1 1 6 2 0 3 8 6 6
3 1 1 7 5 1 4 4 2 5 6
0 4 2 4 2 2 5 2 4 5 0
4 2 11 1 0 3 2 8 4 3 9
8 1 5 2 5 7 5 1 11 4 7
4 3 10 5 3 2 7 0 3 11 6
3 2 14 20 0 2 8 5 6 21 10
5 3 4 1 4 5 5 4 4 3 2
15 3 9 2 3 11 12 10 2 3 2
1 8 2 10 1 10 3 2 8 5 2
0 8 17 8 21 12 6 13 13 7 12
1 2 6 14 7 3 2 2 1 2 5
4 2 5 3 4 3 0 4 8 1 5
9 10 9 1 8 6 5 1 2 3 1
17 9 4 13 8 14 14 4 3 1 2
4 9 4 5 6 0 1 1 1 2 4
1 5 8 2 3 1 14 4 17 9 6
1 9 4 6 4 5 5 2 6 4 1
12 10 9 0 5 5 6 7 10 6 7
3 7 4 0 3 5 6 4 2 5 5
20 6 2 12 7 8 10 5 1 20 11
9 0 8 8 11 2 19 2 8 8 4
3 1 2 0 14 2 6 4 4 6 4
8 1 13 1 7 9 12 14 6 12 17
4 14 0 1 10 7 2 13 28 9 8
22 9 8 4 11 10 1 1 12 19 4
2 4 1 7 1 1 3 5 3 2 3
9 10 1 12 4 8 7 2 1 1 7
3 3 7 18 6 4 2 5 8 0 3
13 7 8 6 5 5 13 6 15 1 1
19 1 21 3 12 1 0 9 11 1 7
18 16 5 2 5 2 14 4 12 9 10
2 8 17 15 15 11 8 1 10 6 2
7 11 8 7 5 7 4 1 6 0 4
2 9 10 25 2 1 2 8 3 7 9
20 6 10 12 5 3 0 8 5 11 20
6 6 0 8 3 3 8 1 5 21 12
3 15 12 4 0 28 5 0 6 17 2
3 0 3 3 3 2 1 9 13 11 1
13 2 8 11 13 1 1 17 8 5 2
1 1 1 2 2 3 5 1 6 3 10
3 13 7 17 10 5 3 2 3 23 13
6 4 1 9 0 13 10 11 7 0 6
2 7 1 17 2 1 12 7 4 2 0
0 9 10 11 2 6 5 2 13 8 3
5 8 4 0 2 21 7 1 5 0 12
16 8 6 2 20 3 0 12 12 1 3
6 1 12 1 9 2 9 8 11 1 13
12 11 10 27 4 7 17 4 10 1 5
0 4 7 9 15 2 2 3 12 11 2
13 4 7 0 1 5 9 0 7 8 11
3 2 14 5 10 9 9 10 14 10 10
4 1 5 5 3 2 5 4 4 4 6
4 13 9 13 1 1 10 11 2 6 15
1 4 2 2 0 2 6 2 0 6 1
4 6 3 5 7 4 0 4 3 2 9
9 1 2 2 20 1 4 6 14 20 12
5 0 2 1 8 8 1 1 15 11 7
11 5 5 13 26 5 8 8 7 1 8
3 1 5 5 5 4 2 14 2 11 14
8 3 1 1 1 0 1 4 2 4 2
2 3 3 1 2 0 11 3 1 3 4
3 3 3 7 2 11 23 1 2 15 4
0 2 5 6 8 7 1 3 9 10 10
3 8 1 2 0 1 5 3 1 1 1
6 0 12 7 3 1 5 11 5 8 9
2 3 3 7 0 1 1 4 3 2 3
7 8 1 7 20 13 13 13 7 4 1
13 12 7 7 3 2 6 10 8 2 1
12 1 15 8 5 1 5 1 8 4 0
0 1 5 1 7 3 4 5 0 0 9
2 6 4 0 9 10 10 6 0 0 4
12 2 9 3 3 1 4 2 7 6 0
1 8 2 8 4 9 10 5 0 2 9
8 7 4 12 2 19 12 16 14 0 12
7 5 4 4 7 5 16 3 7 7 4
8 8 4 19 9 3 7 4 9 10 4
1 0 1 1 2 0 6 3 8 1 6
3 1 2 7 10 2 3 7 4 8 1
7 14 14 9 17 5 6 3 4 12 16
1 6 5 18 7 15 12 6 3 8 14
8 1 2 5 1 2 1 5 7 3 2
6 1 2 11 11 11 6 1 13 6 25
3 3 7 7 0 3 4 8 2 4 7
4 3 2 3 6 4 11 10 10 5 9
7 14 7 10 7 2 6 1 12 11 0
15 6 1 10 21 11 4 0 10 6 1
2 3 2 14 5 2 2 8 6 12 6
1 11 3 3 3 8 6 0 9 0 1
4 0 2 1 7 8 2 0 5 2 5
5 3 6 1 4 21 8 10 10 1 12
5 7 1 0 3 3 0 8 4 4 2
4 3 1 2 0 12 6 4 0 4 6
4 3 2 0 1 2 4 8 3 5 6
3 2 3 7 10 8 2 13 3 6 7
8 2 1 2 9 2 13 13 8 0 15
6 11 10 22 15 2 1 5 16 15 7
5 5 9 5 7 3 8 1 6 9 1
5 6 2 1 2 4 7 0 7 4 7
7 7 3 2 10 1 1 2 5 11 12
17 10 6 3 13 12 12 13 5 16 13
0 1 7 4 3 3 1 3 6 1 0
5 0 2 2 1 0 0 6 6 4 0
8 11 9 5 12 15 5 9 18 14 6
2 7 6 4 13 1 8 17 1 23 2
17 25 3 12 8 4 16 3 3 8 6
2 6 9 3 13 17 3 20 1 2 7
8 8 19 0 13 1 3 8 2 4 3
2 4 6 2 6 5 2 2 1 2 5
4 12 7 6 1 7 11 1 8 6 7
15 22 13 9 1 10 9 9 8 9 11
11 5 6 0 11 4 13 16 4 6 7
2 13 14 2 3 7 11 19 6 4 2
4 6 2 5 7 7 5 5 10 2 2
7 7 1 4 3 2 1 1 5 0 2
6 2 5 1 9 4 3 3 14 0 2
16 11 7 8 10 5 12 8 7 1 13
3 4 6 11 8 12 2 17 1 3 4
7 16 7 14 5 15 5 9 5 7 10
12 2 25 11 14 6 1 10 5 6 3
1 14 0 11 15 14 8 20 4 7 8
2 8 6 20 8 2 14 9 22 2 5
25 8 0 4 3 9 11 13 2 0 11
1 0 5 11 4 8 3 8 0 1 2
14 5 2 8 12 7 18 2 2 6 1
2 76
2 78
3 16
4 40
4 42
4 47
4 57
4 60
5 24
5 76
6 58
6 69
7 15
7 72
8 38
8 108
10 17
10 83
10 85
11 44
12 27
12 66
12 74
13 46
13 97
15 31
15 55
15 83
15 92
16 36
17 52
17 86
20 25
21 46
23 38
23 42
24 38
24 40
24 75
24 91
25 32
25 37
25 66
25 83
25 114
26 29
27 69
27 86
28 39
28 62
28 77
28 115
29 64
30 59
30 66
32 50
32 118
33 46
33 105
33 107
34 104
34 110
35 100
37 50
37 113
38 116
39 100
40 60
41 61
42 45
42 91
43 64
43 77
43 90
43 140
44 86
46 50
47 136
48 63
49 61
49 101
52 82
52 105
52 134
52 136
52 140
53 97
54 95
57 59
57 71
57 95
57 157
58 75
58 129
58 143
59 156
60 61
61 74
61 83
61 115
61 120
62 75
62 105
63 90
63 103
63 107
64 134
65 107
65 114
65 124
66 79
67 130
67 147
67 149
68 79
68 96
68 150
69 92
69 109
70 101
70 124
70 148
70 152
71 76
72 106
72 137
72 146
72 163
73 81
74 113
75 86
76 115
78 105
79 115
79 129
80 113
80 129
80 159
80 178
82 112
83 108
83 134
83 140
83 174
85 93
85 105
86 157
87 176
88 95
89 97
89 169
89 171
91 106
91 159
93 110
94 120
94 126
94 128
94 133
94 143
95 109
95 164
95 174
95 178
96 144
96 162
96 189
97 167
99 182
101 107
101 181
102 184
105 188
106 161
106 199
107 165
108 157
108 162
108 191
109 140
109 141
110 150
113 117
113 133
113 143
113 206
114 138
114 169
115 166
115 185
115 193
115 198
117 168
118 143
118 186
118 202
119 146
122 182
122 196
123 221
124 144
124 177
125 164
125 186
125 200
126 164
126 214
126 224
127 137
127 209
127 213
129 207
129 215
129 224
130 180
131 176
131 202
132 212
133 172
133 175
134 147
134 186
135 200
135 202
136 141
136 211
137 157
137 161
137 183
138 183
138 208
139 151
140 220
141 143
141 217
141 229
142 153
142 242
143 199
144 186
144 206
144 225
145 196
145 208
147 155
147 156
147 157
148 214
149 156
149 204
149 224
149 247
150 238
152 175
152 232
153 232
155 225
156 165
156 228
156 249
158 216
158 256
159 194
159 236
159 239
159 249
160 190
160 218
161 168
162 183
162 194
162 221
163 202
163 258
163 261
164 193
166 202
166 241
166 247
167 168
168 174
168 188
169 190
169 263
170 173
170 191
170 205
170 223
170 237
170 244
171 226
171 240
171 248
173 206
173 208
173 214
174 219
174 220
174 274
175 221
175 255
176 197
177 206
177 260
178 202
178 209
178 231
179 204
180 251
180 274
181 192
181 246
183 218
183 264
184 204
184 264
185 211
187 198
187 220
187 245
187 273
187 282
188 199
188 218
188 264
188 271
189 220
190 198
190 206
190 233
191 244
192 238
194 220
194 230
194 231
195 273
196 256
198 235
198 281
199 216
199 232
199 238
200 226
202 220
202 221
202 294
203 205
203 229
205 207
205 226
205 230
206 248
207 249
208 216
208 239
208 281
209 214
209 258
209 294
210 299
211 240
211 311
212 227
213 311
214 236
214 293
214 311
214 313
215 231
215 233
215 261
215 264
216 309
217 258
217 270
217 284
218 229
218 231
218 236
220 245
220 289
220 297
221 280
222 279
224 320
227 274
228 256
228 309
229 299
230 243
230 261
231 265
231 304
231 305
232 237
232 256
232 285
233 255
233 262
233 296
235 253
235 286
235 290
236 296
237 269
237 277
237 302
238 337
239 280
239 317
242 293
242 294
242 310
242 324
244 321
245 253
246 283
246 286
246 293
247 274
247 279
247 312
247 326
248 256
248 317
249 297
249 339
250 259
250 267
250 283
251 264
253 272
253 329
255 262
256 260
256 289
256 297
256 343
257 331
257 346
258 294
258 319
259 262
259 297
260 351
260 358
262 264
262 287
262 361
263 314
265 284
265 321
267 363
272 362
272 369
273 291
274 321
274 374
275 295
275 304
276 286
276 317
278 308
279 288
279 300
279 323
280 296
280 347
280 354
281 352
281 360
281 361
281 362
283 293
283 356
284 301
284 380
285 344
285 357
285 359
286 289
287 302
287 353
289 299
289 314
289 386
290 303
290 354
290 361
291 297
291 306
291 363
293 359
294 313
294 328
294 371
294 381
294 384
295 372
296 344
296 382
297 341
297 362
299 362
299 368
300 322
300 381
300 393
300 394
301 313
301 380
302 305
302 348
303 328
303 402
304 330
305 381
307 344
308 316
308 334
308 339
308 376
309 354
310 369
310 372
311 322
312 327
312 394
313 349
313 406
314 346
314 356
314 398
315 397
316 351
317 319
319 370
319 378
320 343
320 369
320 397
321 380
322 332
322 355
322 382
322 395
322 404
322 405
323 359
323 362
324 326
324 384
324 385
325 327
325 386
327 385
327 386
328 341
328 395
329 342
329 420
331 375
333 336
333 353
333 385
333 425
334 383
335 367
335 415
337 349
338 362
338 433
340 417
341 346
341 438
342 411
342 432
343 374
343 388
344 375
345 354
345 414
345 423
345 440
346 438
347 408
347 445
348 372
348 377
348 428
348 443
349 367
349 386
349 391
349 444
350 402
350 425
351 379
351 401
351 403
351 438
352 400
352 432
352 447
354 367
356 377
356 386
357 375
358 386
359 437
359 459
360 363
360 384
361 382
361 386
361 410
361 460
362 370
362 377
362 397
362 398
362 418
362 442
362 460
363 430
364 430
364 448
365 430
365 454
366 367
366 442
369 370
369 404
369 416
369 422
369 444
370 395
370 409
370 462
370 466
371 401
371 426
371 433
373 389
373 441
373 463
374 453
374 458
376 387
376 460
377 408
378 425
378 454
379 412
379 476
380 391
380 447
381 412
382 386
382 425
382 446
383 384
384 392
385 407
385 428
385 484
386 408
387 399
387 433
387 469
388 425
388 444
388 448
388 468
389 456
390 391
390 436
391 392
391 420
391 427
392 403
392 441
392 473
393 402
393 420
393 463
394 449
394 474
395 495
396 425
396 491
397 427
397 485
398 405
398 417
398 472
401 463
401 488
402 445
402 477
402 492
405 408
405 469
405 475
405 479
406 452
407 417
407 501
408 481
409 413
409 455
409 490
410 421
410 495
411 488
412 471
412 502
414 434
414 475
414 488
415 476
416 424
416 439
416 445
416 447
416 476
417 456
417 474
417 480
418 489
420 434
420 498
421 438
421 448
421 460
422 455
422 507
422 519
423 463
424 449
424 492
426 449
427 491
427 508
427 522
429 501
429 514
430 431
430 468
431 464
431 518
432 516
433 505
435 464
435 483
436 457
436 505
437 465
437 504
437 518
438 509
438 513
439 473
440 502
441 509
441 534
443 472
444 474
444 512
444 541
445 516
446 519
447 474
447 517
449 482
449 490
449 503
450 477
450 497
450 508
450 535
450 537
451 529
451 549
452 472
452 514
455 465
455 535
455 551
456 511
456 556
458 554
460 510
460 513
460 545
461 529
461 561
463 528
464 482
465 519
466 482
467 531
468 516
470 488
470 533
470 560
470 561
470 564
470 569
471 474
471 515
471 565
472 476
472 559
473 515
473 571
474 530
474 560
474 574
475 575
476 524
476 575
477 522
477 547
478 510
478 561
478 573
479 491
479 503
480 496
481 499
481 553
483 502
483 568
483 579
484 497
484 531
485 486
485 516
485 547
486 507
486 580
487 511
487 535
487 549
487 567
487 586
488 542
489 496
489 533
489 556
490 578
491 541
491 577
492 521
493 510
493 558
493 584
495 504
495 538
495 582
496 499
496 519
496 548
496 596
497 535
497 560
498 501
498 577
500 519
500 561
500 570
501 589
501 598
502 540
503 506
503 527
503 547
503 551
503 576
503 582
503 592
504 547
505 583
506 527
506 534
507 586
508 540
508 552
508 588
509 590
510 519
511 547
512 561
513 523
513 542
514 582
515 538
515 608
516 555
516 587
518 555
518 592
518 609
519 558
521 572
522 584
523 590
523 610
524 525
524 544
525 567
525 592
525 614
525 615
526 555
527 545
527 561
528 536
529 562
531 547
531 550
531 629
532 541
532 591
533 553
533 611
533 615
535 541
535 548
535 598
536 541
536 587
537 612
537 621
538 567
538 624
539 583
539 603
539 630
540 559
540 595
540 597
540 629
541 542
541 586
541 629
541 639
542 544
543 622
543 632
544 633
545 638
548 560
549 557
549 624
551 598
551 604
551 650
553 604
553 637
553 651
554 570
555 636
557 564
558 610
558 623
559 589
559 643
560 588
561 634
562 610
562 616
562 636
563 621
563 658
564 570
564 576
564 627
564 647
565 629
565 630
565 641
566 618
568 602
568 625
571 647
571 655
572 585
572 613
572 618
572 641
572 659
573 615
573 639
574 605
574 611
575 651
576 586
576 612
576 617
577 650
578 600
579 617
579 637
579 651
579 653
580 657
581 615
582 591
582 612
582 621
582 641
582 671
583 602
583 622
584 646
587 627
587 633
588 608
588 637
588 665
589 607
589 623
590 618
590 625
590 635
590 669
591 677
592 631
592 682
593 643
593 654
593 666
593 685
594 596
594 610
594 692
595 626
596 599
596 616
596 645
599 606
599 616
599 647
599 666
600 614
602 671
603 610
603 653
603 672
604 657
605 612
605 623
605 644
605 678
606 671
606 687
606 698
607 658
607 695
609 699
609 704
610 669
610 678
612 618
612 630
612 646
613 652
614 624
614 637
614 651
614 699
615 676
616 635
616 636
618 676
618 709
618 716
619 653
619 662
620 650
620 663
622 631
622 661
623 637
623 680
623 693
623 720
624 684
625 641
626 710
627 660
628 654
628 709
629 641
629 677
629 715
630 668
631 642
631 662
631 703
631 719
631 730
632 660
632 698
632 720
632 724
633 709
634 640
634 681
634 716
636 712
637 686
637 729
638 647
638 665
639 676
640 670
640 716
640 727
640 732
641 679
641 692
641 716
642 685
642 686
642 721
643 656
643 663
643 687
644 718
644 724
645 659
645 713
645 738
647 663
647 693
648 718
648 732
648 745
649 650
649 669
650 717
650 723
652 684
652 732
654 733
655 677
656 673
656 681
656 750
657 699
658 723
658 747
659 692
660 701
661 674
661 692
661 747
662 723
663 670
663 722
663 763
664 669
664 703
664 745
665 733
666 682
666 707
666 724
667 701
667 716
668 677
668 733
670 700
670 747
671 683
671 743
672 690
675 693
675 721
675 757
676 742
676 747
677 749
678 723
679 691
680 699
681 724
681 730
682 696
682 761
682 774
683 699
684 694
684 715
684 726
684 737
684 742
684 748
684 752
685 698
685 711
685 748
685 765
686 689
686 725
686 728
687 723
687 785
688 700
688 775
690 732
690 774
690 790
691 707
691 709
691 725
691 759
691 768
692 790
693 714
694 700
694 743
696 716
698 718
698 749
699 789
700 766
701 720
701 743
701 777
702 716
702 767
702 768
703 731
703 749
704 740
704 750
704 795
705 766
705 780
706 712
706 731
706 772
708 770
709 711
709 719
710 754
710 784
710 810
711 731
711 735
712 731
712 737
712 761
713 780
714 781
717 791
718 782
718 788
719 728
720 735
722 778
723 815
724 730
724 732
725 739
726 788
727 781
727 786
727 811
728 768
728 784
728 786
728 792
728 795
729 743
729 744
729 790
729 791
730 780
731 736
731 789
731 831
732 759
732 777
732 805
733 774
734 813
735 765
735 798
736 747
738 803
738 821
738 824
740 797
740 813
740 815
741 761
742 795
742 817
742 820
742 841
743 835
744 843
745 770
745 808
745 835
747 764
748 781
748 818
749 830
749 834
750 756
750 799
750 822
752 763
753 766
753 780
753 787
753 839
753 848
754 778
755 784
755 839
756 807
756 827
757 807
757 812
757 814
758 814
758 858
759 765
760 797
760 841
761 861
763 801
763 825
763 831
764 768
764 791
764 828
765 774
766 781
767 814
768 804
769 859
770 870
771 806
771 859
772 816
772 818
773 775
774 780
774 781
774 783
774 874
775 780
775 851
776 796
776 821
776 864
777 783
777 842
777 855
779 817
779 833
780 794
780 830
783 839
784 805
784 842
784 854
786 803
787 861
788 871
789 810
789 837
790 805
790 832
790 857
790 885
791 834
791 859
792 833
792 843
793 809
794 812
795 870
795 888
797 859
797 880
798 857
798 864
800 881
801 839
802 872
803 822
803 883
804 839
804 893
806 812
806 868
806 880
806 898
807 810
807 880
807 883
807 886
808 821
808 863
809 890
809 892
810 850
810 878
811 822
811 891
812 847
812 872
812 889
813 833
814 827
814 886
816 843
817 900
819 842
820 823
820 836
820 842
820 861
820 877
821 897
821 913
821 917
822 903
822 906
823 839
823 853
823 892
825 919
826 839
826 890
826 892
827 846
827 877
827 903
827 915
828 909
829 848
829 919
829 924
830 844
830 849
831 841
831 860
832 923
833 919
834 928
835 836
835 904
836 886
837 860
838 863
838 891
839 886
839 928
841 878
841 921
842 891
842 940
843 854
843 889
843 895
843 909
844 874
844 883
844 923
844 935
845 863
846 860
847 906
848 881
848 924
849 899
849 912
851 866
851 883
851 928
852 886
852 894
852 922
853 908
853 915
853 931
855 880
855 886
855 892
855 942
856 867
856 921
856 942
857 909
858 861
858 868
859 936
860 933
860 954
861 889
861 904
863 930
863 949
864 893
864 952
865 897
865 921
866 917
868 915
869 887
869 888
869 956
870 910
870 966
873 917
874 878
874 931
874 960
874 974
875 960
875 972
877 970
878 958
879 964
881 923
882 911
883 899
883 968
884 906
885 938
885 974
886 938
886 968
887 907
887 936
889 892
889 930
890 905
890 960
890 974
892 910
892 957
895 930
895 932
895 985
895 987
898 909
898 975
900 981
901 999
904 958
905 917
905 927
905 929
905 996
906 923
906 931
906 945
906 967
906 971
906 989
907 946
910 922
911 937
911 974
911 991
912 956
913 963
915 937
915 951
915 976
916 940
917 965
918 942
918 947
919 947
920 970
921 950
922 953
923 967
923 980
925 928
925 999
926 935
926 940
926 961
926 990
929 999
930 939
930 981
931 945
931 964
932 952
933 938
933 977
934 997
935 991
936 996
937 986
939 953
939 960
941 994
943 946
943 980
944 973
945 984
946 977
948 960
948 983
949 967
949 996
950 972
952 984
953 996
960 980
961 972
962 988
965 966
968 975
970 989
970 996
971 991
971 992
976 999
978 989
979 985
980 987
981 1000
983 984
984 986
6 28 8 12 14 18 22 9 6 11 3
8 14 12 3 1 18 5 22 4 1 36
6 36 15 8 1 11 19 13 10 27 14
35 6 11 11 9 0 4 8 10 18 9
1 8 15 20 8 15 20 15 16 3 5
5 23 1 21 2 6 18 3 8 3 14
5 10 2 12 8 5 5 1 4 6 3
1 3 11 9 10 10 10 16 27 1 6
18 16 3 16 12 2 4 8 8 26 8
5 1 7 3 0 11 6 10 2 5 9
6 2 6 12 5 11 11 16 20 16 13
33 2 2 24 9 24 3 13 16 13 18
10 2 4 12 10 3 18 4 22 42 3
10 6 11 20 3 29 15 4 19 31 17
8 9 9 18 3 19 38 9 32 2 3
2 11 14 2 3 4 11 0 12 13 4
13 9 7 14 15 5 5 0 1 5 1
7 27 4 3 18 3 7 3 2 16 12
5 29 13 27 5 15 0 7 1 15 27
33 18 14 16 20 19 6 22 1 11 19
3 27 10 14 19 29 30 23 9 39 20 25 24 19 23 28 29 17 18 4
6 16 9 7 7 23 17 13 11 23 17 17 15 10 16 14 13 10 9 1
36 44 24 25 32 38 55 43 36 55 38 34 38 23 34 45 48 51 46 22
1 7 6 3 4 5 1 5 1 8 2 1 1 4 4 8 3 1 5 1
4 19 2 15 9 19 27 15 14 27 9 19 24 8 12 20 30 22 14 7
1 10 6 5 5 10 6 12 3 16 9 12 9 7 7 7 7 3 8 4
28 43 34 31 41 56 50 50 30 59 49 35 48 38 45 47 33 34 34 2
31 52 37 27 27 57 59 47 31 68 38 17 43 20 30 56 49 62 31 14
13 18 1 10 16 24 33 18 17 20 6 19 18 1 21 14 32 13 9 7
13 32 24 30 17 44 39 37 32 48 30 22 38 15 21 45 35 43 16 6
18 38 18 31 4 37 42 12 34 51 13 26 25 18 13 36 42 47 39 22
22 31 12 19 8 33 40 14 25 34 8 15 20 9 14 30 41 42 26 16
20 10 9 26 24 22 34 30 27 30 19 18 38 10 22 38 34 29 5 6
6 34 10 13 19 21 18 26 9 39 14 19 11 12 22 17 21 11 17 10
8 6 4 1 11 14 19 11 3 11 5 3 9 2 6 21 13 14 8 1
16 39 20 22 30 41 44 32 18 45 20 19 25 19 31 38 40 24 34 16
13 22 9 15 10 16 18 12 15 22 1 4 6 1 7 17 24 22 19 18
17 31 5 6 18 41 38 26 13 39 16 21 18 12 26 21 39 26 20 16
18 22 2 10 20 35 40 24 17 34 7 14 25 10 28 28 41 23 15 7
31 41 22 15 37 46 47 40 21 49 26 18 30 19 44 44 37 30 26 6
1 7 3 3 3 5 1 10 1 15 6 7 6 4 3 3 6 2 5 3
4 1 1 1 7 2 7 10 1 5 3 4 7 1 3 9 7 1 4 1
15 36 16 41 22 40 56 41 37 52 26 26 37 21 23 48 60 44 40 23
17 42 36 40 23 43 44 38 35 60 37 22 43 15 22 48 36 45 33 15
28 57 18 40 35 56 68 41 35 61 25 37 26 26 43 53 63 42 55 32
4 12 4 2 9 8 6 10 1 11 1 1 5 2 12 14 12 4 5 2
2 14 8 1 8 13 10 10 1 18 4 1 1 2 6 18 8 9 14 3
3 10 11 5 9 15 10 8 5 15 8 8 4 8 8 16 5 3 13 1
10 17 6 19 19 13 26 26 12 31 12 17 23 13 19 29 30 12 17 6
16 29 14 37 37 22 42 41 25 52 31 29 41 28 40 49 47 22 16 11
8 11 4 11 10 11 21 16 9 20 8 12 14 1 6 17 20 13 17 7
9 27 6 20 5 18 30 14 21 30 5 15 10 1 6 17 35 25 26 20
1 11 3 12 1 3 9 1 10 12 1 6 5 1 4 10 11 8 10 3
14 20 12 33 14 33 50 28 37 45 27 27 34 5 6 35 47 46 32 17
28 25 26 39 8 38 53 23 40 46 24 18 47 20 20 51 52 61 23 14
19 10 9 19 23 23 37 30 20 25 18 14 35 8 18 34 28 23 16 1
1 12 2 13 12 11 15 19 2 24 15 17 18 16 14 16 20 4 3 2
27 30 11 34 16 30 51 23 43 41 15 28 27 3 15 29 49 41 35 27
6 17 9 10 12 28 29 12 12 22 9 8 20 10 14 28 27 21 16 6
14 50 20 28 20 38 41 34 27 62 32 40 28 23 32 28 37 32 35 16
1 25 9 30 16 17 29 33 15 41 22 16 31 13 16 35 35 28 5 5
12 17 7 16 5 17 24 9 19 28 11 17 21 5 6 16 25 26 19 14
11 35 18 39 13 43 50 29 42 41 30 35 32 24 22 41 45 43 34 19
13 19 9 18 12 18 26 17 14 35 11 12 20 7 8 26 27 24 15 12
21 44 33 41 22 49 50 26 41 51 23 15 28 11 21 46 51 47 43 28
1 12 5 4 5 11 6 7 4 10 2 7 2 3 8 5 7 1 8 2
1 6 2 6 1 8 10 2 2 13 4 7 11 8 3 14 13 6 8 1
1 3 3 4 1 2 1 5 1 11 5 5 5 2 1 4 5 1 4 2
6 16 9 9 16 19 16 23 5 25 11 9 12 7 13 17 18 11 11 6
1 7 3 1 1 5 3 1 1 10 1 1 1 1 1 1 5 3 7 4
1 12 8 8 5 11 6 12 3 19 11 9 10 10 9 11 11 6 8 5
5 21 6 10 1 15 18 4 14 23 3 13 4 1 4 5 19 15 21 14
12 33 24 32 16 46 45 25 31 45 18 19 32 20 21 52 36 44 29 6
14 41 19 34 25 14 35 43 20 53 32 24 37 21 26 40 37 30 5 18
32 33 22 41 22 31 55 45 38 62 33 26 50 11 25 49 51 50 21 13
20 36 23 12 22 39 40 29 12 43 16 10 25 20 26 45 32 38 31 4
3 10 1 5 1 16 12 9 11 19 9 13 13 2 8 2 14 13 6 2
1 3 1 3 1 2 3 1 1 8 1 1 3 1 1 5 8 4 4 2
22 20 12 13 19 27 38 23 20 28 17 15 28 10 19 36 28 32 18 1
6 16 1 10 9 23 22 15 16 20 7 11 15 2 14 12 24 19 6 2
12 7 4 9 8 17 28 7 15 14 6 10 22 6 10 18 29 21 11 8
16 36 18 23 30 50 51 36 21 55 30 23 36 24 30 42 42 39 27 11
23 50 20 34 23 37 60 47 36 58 28 28 34 14 26 53 54 48 27 20
19 39 22 34 29 22 49 45 23 56 37 30 49 30 30 56 48 36 13 19
20 35 15 36 23 38 52 34 31 56 23 37 44 26 35 43 53 42 26 11
2 12 3 10 4 3 9 6 8 11 1 8 4 1 6 7 12 4 10 4
17 29 13 11 12 24 28 20 16 34 13 14 20 9 23 26 29 27 13 8
3 17 1 9 2 9 18 10 9 22 3 13 5 1 1 7 22 15 19 13
1 10 1 2 10 13 13 17 1 16 4 6 8 1 7 13 12 4 1 1
5 7 4 9 9 8 11 10 7 9 2 3 8 1 6 17 15 9 11 4
7 20 12 27 19 30 36 27 25 29 14 9 25 4 11 30 39 31 24 13
1 8 1 1 2 4 6 9 1 13 4 4 4 1 3 2 11 5 6 5
17 37 18 35 39 28 47 51 21 51 35 26 47 28 34 58 45 34 20 9
31 32 29 33 33 44 51 43 30 56 29 19 46 25 39 62 44 44 22 6
14 9 2 11 14 5 23 15 11 25 4 2 18 1 10 29 27 20 12 5
20 30 15 21 20 21 37 35 18 40 18 18 33 8 22 36 35 27 10 6
33 32 20 27 45 44 56 50 16 56 28 25 43 33 47 48 55 31 32 13
46 45 21 36 39 56 76 50 44 68 29 33 42 17 41 46 71 52 43 29
6 31 13 17 13 37 32 20 17 43 18 23 24 20 23 30 28 26 22 3
9 18 4 9 13 9 15 14 8 17 1 6 7 1 12 9 22 10 17 11
1 7 1 6 7 9 8 11 6 10 6 9 7 1 6 7 9 6 8 6
18 29 18 20 35 19 31 40 9 47 34 23 34 28 32 40 29 18 21 10
22 31 18 31 31 53 50 37 24 47 18 13 28 16 33 53 54 41 30 16
7 30 8 15 8 23 33 13 18 32 11 19 16 12 14 30 33 29 28 15
14 6 6 24 9 20 30 9 22 17 6 16 27 15 14 28 32 23 21 5
28 43 21 48 22 27 57 38 34 62 25 27 49 27 30 59 61 48 31 20
4 7 6 1 9 11 14 9 1 15 5 1 5 4 2 18 12 13 13 3
12 18 4 9 14 22 28 19 15 27 12 18 21 5 15 23 28 24 14 6
4 7 6 5 9 11 13 9 8 12 4 10 3 1 2 10 9 8 16 6
1 15 4 7 1 9 12 5 9 13 1 11 2 2 7 6 14 6 14 7
15 3 3 19 12 20 33 11 24 12 5 10 29 7 14 27 32 21 11 1
6 9 7 5 13 14 13 15 3 10 6 1 6 4 7 17 9 11 9 2
28 50 30 46 25 43 62 41 45 59 38 42 48 29 34 63 52 49 38 16
19 29 10 24 39 26 39 45 13 41 25 27 29 17 34 29 35 15 22 11
14 28 13 32 8 29 38 17 23 42 15 17 31 19 15 38 44 37 26 15
21 13 3 26 13 31 46 17 33 22 9 16 37 11 22 32 48 35 21 10
22 38 25 34 25 42 47 24 26 49 22 26 31 23 27 40 47 32 34 22
1 16 5 6 6 14 15 9 7 17 4 11 6 5 8 10 19 10 15 9
1 7 2 1 3 7 10 4 1 9 1 1 2 4 1 13 14 8 12 4
23 50 22 29 34 33 41 48 10 59 30 27 24 14 36 48 38 26 23 16
6 23 11 9 3 18 21 3 12 25 7 13 4 8 9 13 20 15 25 14
7 8 6 10 10 21 17 16 16 18 13 15 18 3 8 13 12 15 8 2
24 35 25 29 19 41 48 30 23 55 23 16 38 27 25 54 45 48 39 10
16 26 17 35 29 24 39 33 24 43 25 24 37 21 33 40 39 19 26 9
6 20 7 3 5 17 15 7 6 19 1 3 1 2 8 7 18 11 16 11
17 34 11 27 28 27 44 42 19 50 16 23 29 14 26 41 44 29 23 12
26 47 39 25 35 38 39 37 21 48 31 21 29 29 36 53 26 30 41 6
17 30 16 33 21 52 57 30 33 52 25 23 43 21 30 37 57 39 30 12
19 30 12 33 26 32 49 34 39 43 18 24 32 6 27 42 49 36 25 16
1 11 1 1 10 12 11 14 1 12 1 1 3 1 9 7 13 1 1 1
23 30 26 27 29 36 40 31 21 46 15 14 31 27 37 56 38 31 33 4
17 13 4 18 13 29 37 22 24 26 17 21 36 13 17 32 36 32 17 7
3 26 9 12 14 21 22 18 10 24 7 12 8 11 17 19 27 12 19 9
1 7 1 9 5 1 9 12 1 20 9 9 15 7 6 16 15 9 1 1
14 26 19 21 13 21 29 31 15 32 18 6 25 3 10 41 23 33 7 4
7 36 12 22 17 32 30 22 20 43 15 20 19 12 19 22 29 25 25 14
27 42 21 29 25 36 50 23 34 49 12 20 19 9 27 39 50 36 36 25
17 12 8 45 30 26 51 40 34 43 27 25 56 28 32 53 56 28 15 8
10 36 17 42 17 43 50 32 38 47 24 33 33 30 23 44 51 38 39 17
4 17 4 24 1 19 27 4 22 22 1 9 17 11 7 27 31 30 23 10
5 27 14 9 9 22 14 21 8 36 18 17 17 10 15 18 10 18 5 1
38 47 32 38 31 51 55 32 41 61 34 38 39 28 36 41 50 39 41 28
10 15 6 11 15 15 19 19 10 20 7 8 21 7 16 26 26 16 10 6
1 9 4 4 5 2 2 5 2 12 2 2 2 1 1 13 6 7 2 2
1 10 1 12 1 1 8 1 10 10 1 4 4 1 1 8 13 14 12 6
1 9 5 5 3 8 8 5 6 8 1 8 2 3 4 7 8 3 10 4
3 12 9 8 5 10 8 7 6 18 8 11 6 7 8 11 13 5 16 7
8 7 1 7 8 10 17 10 13 13 3 11 15 1 11 13 15 5 4 1
26 54 19 28 30 48 52 32 26 61 20 31 19 11 31 42 50 38 40 31
1 6 1 1 3 7 9 7 1 11 1 2 4 1 1 11 12 7 3 2
18 27 22 11 18 41 40 20 15 45 21 16 26 25 23 42 28 35 36 6
32 53 36 47 33 28 49 48 38 59 33 20 37 19 41 58 48 43 26 22
23 32 29 50 37 53 63 47 42 64 33 32 60 34 45 67 62 48 34 6
12 11 4 29 17 13 36 23 22 31 16 25 34 13 19 29 36 19 12 5
18 41 17 23 10 21 40 21 23 42 10 18 14 11 13 39 43 39 34 26
6 8 3 3 7 1 7 7 1 8 1 1 6 1 6 14 10 6 5 1
9 13 9 13 15 18 20 17 15 12 10 12 12 5 9 16 8 16 19 5
1 6 4 2 1 3 1 3 1 5 1 1 1 2 3 5 1 1 4 1
7 17 2 16 7 3 16 15 12 23 8 16 15 3 9 10 22 13 18 12
2 11 7 6 1 12 11 6 4 16 8 11 9 8 8 12 14 4 12 3
6 14 6 11 3 19 22 7 16 21 8 12 17 5 5 16 21 23 13 10
25 44 15 29 27 46 58 34 30 56 21 32 33 22 36 35 56 33 39 25
26 34 26 29 13 39 45 29 27 51 32 29 42 28 27 50 38 42 27 9
20 54 23 34 32 40 53 43 32 57 28 27 25 21 28 50 51 43 45 30
27 40 26 21 32 36 42 33 19 51 19 12 21 13 32 42 36 24 36 16
12 33 11 21 17 25 27 24 14 44 13 13 17 11 19 21 33 23 20 17
1 8 3 5 4 10 11 6 8 11 4 8 7 1 3 5 10 10 6 6
6 6 5 6 10 17 18 12 10 11 7 10 11 4 5 15 16 14 12 5
25 26 13 33 35 53 59 46 30 52 29 29 47 20 35 51 58 43 23 14
1 7 1 3 4 7 7 6 3 7 2 5 3 1 4 6 10 6 7 5
1 6 1 6 2 8 8 7 7 6 2 10 6 1 3 3 6 3 5 1
31 42 35 38 37 48 55 39 30 57 39 31 46 39 37 56 47 39 51 18
7 20 16 26 18 28 31 22 15 33 23 22 34 25 22 39 28 17 19 2
1 3 3 3 3 3 1 3 1 5 1 1 1 1 2 8 3 1 3 1
30 54 37 23 38 48 46 41 21 61 34 25 27 28 39 47 36 32 48 18
16 10 16 37 14 31 44 23 32 39 18 20 38 18 12 39 47 40 34 10
15 60 25 37 19 36 44 27 34 59 19 24 12 17 24 39 42 38 46 29
1 6 6 1 1 8 2 1 1 10 2 3 1 4 5 4 5 1 10 2
8 15 1 23 10 13 35 20 25 26 14 26 25 7 8 27 36 27 22 16
9 7 1 8 5 4 13 4 6 10 1 1 9 1 7 10 19 11 13 10
9 31 9 23 10 21 25 15 23 32 3 11 11 3 9 20 32 28 25 19
17 11 12 31 17 31 41 26 32 26 16 10 42 9 18 43 42 33 19 5
10 21 5 9 8 20 22 12 17 27 9 16 12 1 8 10 23 22 18 12
1 8 3 3 7 11 10 9 6 9 3 9 5 1 4 8 9 8 10 5
3 1 1 1 5 1 4 5 1 1 1 1 3 1 3 6 6 1 1 1
4 17 6 8 15 15 13 18 6 21 6 5 9 5 10 20 16 14 11 6
31 50 35 44 31 63 69 40 49 61 38 36 45 29 37 55 58 54 50 23
28 49 40 28 42 53 53 54 35 57 34 9 40 18 32 55 44 54 39 8
7 19 3 18 10 7 23 17 10 33 16 16 16 12 10 17 29 13 15 15
9 22 12 16 13 18 27 21 15 28 15 20 10 8 9 26 22 19 24 12
25 41 20 29 22 41 52 29 32 47 17 22 20 15 18 36 46 45 48 28
7 8 3 5 9 11 18 10 7 9 3 7 11 3 9 13 19 11 8 7
1 16 3 11 11 16 15 18 11 22 9 19 11 4 9 5 15 7 11 5
27 32 21 14 26 52 47 30 21 43 26 14 35 28 38 43 37 37 28 1
8 1 8 20 10 25 28 14 19 12 8 5 22 10 6 30 27 23 13 4
8 25 7 26 20 24 33 26 18 33 14 23 30 16 21 33 37 23 15 8
28 34 19 31 25 39 51 31 27 53 19 27 32 24 27 40 49 41 43 20
15 26 16 28 22 28 38 26 20 40 22 22 33 20 28 33 35 17 25 9
1 11 6 7 8 10 5 10 6 9 1 5 4 4 7 9 7 5 7 4
7 16 8 8 6 17 19 8 11 18 3 5 8 6 7 16 20 17 15 11
1 1 1 8 4 4 7 4 6 2 1 1 3 1 1 11 7 4 6 1
22 45 18 32 16 30 44 20 37 48 19 35 13 11 9 25 46 40 44 38
1 9 1 3 7 7 4 9 1 7 1 1 1 1 8 4 10 3 6 4
14 17 9 21 11 29 33 19 27 27 16 18 25 9 12 26 31 33 15 12
4 3 2 13 3 14 19 4 11 6 1 1 18 6 5 26 22 17 5 1
5 26 13 6 3 10 11 6 4 27 4 1 1 6 8 20 15 18 16 9
1 13 1 8 7 9 12 11 6 15 3 3 10 2 5 17 18 17 9 6
18 26 10 12 8 29 33 13 19 35 13 17 21 7 13 20 35 31 18 17
19 22 11 28 13 34 45 25 32 44 24 28 37 13 16 34 44 39 25 14
1 1 1 8 2 2 5 2 6 3 1 1 7 1 1 8 8 5 1 1
13 38 7 50 31 28 54 50 46 60 50 61 44 36 30 39 52 33 33 34
14 48 28 41 21 49 62 33 45 59 35 37 34 27 19 60 50 55 50 22
19 13 5 25 14 27 39 20 26 34 17 30 38 20 24 31 39 30 20 3
2 11 3 11 9 16 17 16 12 16 9 18 15 5 6 11 15 10 10 3
22 37 18 38 11 25 43 21 30 54 15 27 21 17 7 42 48 49 42 28
13 48 12 29 36 37 48 45 19 62 34 44 25 20 38 41 42 22 27 16
5 14 2 13 1 16 23 5 12 27 7 16 18 11 3 19 22 25 20 8
26 54 35 35 34 44 44 39 30 62 31 30 23 25 33 38 37 30 51 25
4 3 2 1 7 4 9 7 1 10 2 1 5 1 2 16 9 4 4 1
5 8 4 14 10 19 19 12 13 7 1 5 15 10 8 23 18 16 10 4
1 14 7 5 9 17 13 15 7 17 8 14 13 9 8 19 10 12 8 1
21 10 16 23 18 32 40 27 21 25 18 7 38 17 20 44 36 33 21 2
37 45 40 12 34 47 46 39 25 56 37 9 33 33 32 47 42 44 47 16
20 42 17 26 37 38 37 49 12 55 29 31 24 14 33 42 32 30 21 16
22 39 26 13 29 41 36 33 18 42 22 2 23 19 28 38 32 36 33 10
30 44 24 42 18 46 64 19 51 55 19 30 33 16 16 56 65 60 43 32
25 51 25 18 35 49 54 35 23 57 26 21 28 19 39 43 42 39 39 13
18 32 21 28 20 34 38 24 31 40 22 27 32 19 28 42 29 30 25 7
2 5 1 1 5 7 8 8 1 8 1 2 8 1 6 9 15 4 5 1
28 25 15 39 32 35 61 39 35 53 28 22 49 18 26 55 57 45 24 15
26 46 19 22 21 45 57 29 32 55 20 25 25 19 28 46 52 51 45 23
4 25 16 9 15 25 19 17 10 29 17 17 15 14 19 23 15 13 18 7
5 24 5 1 10 22 22 16 1 30 7 8 14 9 17 20 26 15 9 6
1 9 7 4 1 12 6 1 6 12 6 6 6 5 5 10 2 5 6 1
29 63 31 28 31 48 45 38 19 67 26 28 15 16 36 44 39 35 42 30
37 52 38 32 25 45 59 35 37 63 29 19 38 17 23 55 50 62 46 22
21 41 22 42 3 36 57 24 44 51 19 21 34 10 8 48 56 63 34 25
22 47 22 46 40 51 67 53 44 64 39 45 49 29 43 57 58 36 35 14
32 29 15 35 29 40 65 37 42 50 24 32 39 22 33 48 59 50 46 18
6 5 1 2 9 4 6 13 1 7 4 4 10 1 10 7 10 1 1 1
6 31 21 23 16 32 32 20 18 36 16 7 22 12 21 38 31 24 22 4
33 40 16 30 44 50 51 50 15 62 31 33 26 23 44 51 53 41 40 24
7 39 17 25 18 16 31 36 14 47 25 27 18 15 19 40 25 20 25 9
10 17 8 12 9 8 19 17 8 18 1 2 16 1 10 30 19 18 4 1
3 9 1 8 3 4 12 2 6 10 1 7 4 1 3 13 14 8 9 3
1 11 1 4 5 6 5 10 2 13 5 5 5 1 6 10 9 6 3 2
1 16 7 4 3 10 11 5 2 18 1 1 5 8 3 22 16 18 11 6
1 19 7 6 10 13 3 17 2 25 9 6 7 7 11 15 5 7 7 2
10 31 11 36 32 37 46 47 27 51 26 33 29 10 24 34 46 29 26 19
17 26 12 24 18 43 43 25 25 35 10 15 34 16 29 41 45 32 18 9
21 41 13 15 17 39 37 22 23 45 12 19 16 8 25 24 38 35 22 21
11 17 2 25 22 19 33 31 20 36 13 15 33 5 23 28 37 24 9 4
1 34 20 25 15 21 16 23 16 38 19 21 19 17 18 30 13 19 21 6
9 4 1 10 5 17 21 9 16 12 11 15 20 6 8 13 19 17 4 1
16 18 18 23 21 22 29 18 19 26 15 10 26 17 27 35 28 14 19 6
1 1 1 1 3 5 7 3 1 4 1 1 1 1 1 8 8 3 4 1
7 6 1 7 6 7 11 7 5 4 1 5 8 1 9 10 13 5 7 1
20 43 15 31 38 47 58 48 27 60 35 36 46 30 44 54 52 34 21 8
14 9 6 9 14 17 24 17 8 24 7 7 22 11 14 34 23 15 12 1
7 23 3 25 22 21 39 29 19 43 25 25 34 23 18 38 34 28 17 11
45 33 20 39 34 55 70 35 48 53 16 25 44 19 43 47 72 50 37 23
1 5 3 14 8 13 15 15 11 15 11 15 20 8 4 14 14 13 4 3
3 9 5 6 11 10 8 14 4 12 4 1 6 1 7 13 8 5 4 1
9 17 14 15 10 32 31 17 14 26 11 1 20 11 12 35 29 29 21 5
1 13 8 8 1 8 6 5 6 16 6 5 7 6 6 16 8 10 6 1
4 28 15 23 15 27 32 20 17 39 23 30 25 23 18 25 26 22 29 13
5 13 6 7 8 10 6 15 1 17 9 10 11 6 10 9 9 5 7 4
25 46 32 28 38 60 60 42 25 56 28 11 37 27 39 59 52 45 43 14
8 22 5 10 16 25 25 21 12 26 8 15 14 1 17 13 25 15 11 13
9 10 8 2 13 10 13 14 1 15 8 1 4 4 6 15 9 12 16 7
4 8 8 6 2 21 16 3 12 18 12 13 14 9 9 13 15 14 10 2
1 9 2 11 4 11 13 6 9 9 1 3 11 5 4 17 18 17 11 5
1 17 7 3 6 11 5 6 1 17 4 4 1 5 11 7 8 1 14 2
3 11 1 5 9 24 23 11 8 12 1 4 10 6 12 10 23 14 10 4
1 6 5 4 1 14 9 1 2 13 3 1 8 11 6 16 13 9 12 1
6 6 5 3 8 15 14 9 9 13 8 9 7 1 3 12 7 11 6 1
1 2 4 20 3 10 11 14 13 19 13 7 21 3 1 16 16 16 3 1
27 34 27 33 20 27 42 26 27 55 20 15 30 15 25 48 43 38 28 17
3 23 17 36 11 27 38 27 33 38 26 26 25 13 10 38 35 29 28 13
1 3 3 2 4 8 7 4 4 5 1 5 3 1 1 7 3 3 1 1
22 51 39 33 25 38 39 36 27 49 32 22 32 26 33 49 28 34 23 13
28 49 17 19 35 47 47 34 13 49 20 23 12 12 39 38 45 29 35 29
5 31 12 11 3 14 22 10 11 34 8 16 8 6 11 23 23 23 23 13
6 34 6 29 33 15 38 43 18 48 28 33 25 19 29 29 42 12 22 18
1 23 13 13 9 13 9 11 8 24 12 12 10 11 14 19 5 6 17 1
1 22 10 8 9 20 11 12 11 21 6 7 9 6 12 20 11 16 8 2
13 3 3 16 10 16 28 14 18 16 8 11 30 7 13 24 28 18 9 2
7 15 4 7 11 12 14 13 6 15 5 7 11 4 12 19 16 12 5 1
19 16 7 17 20 19 31 21 16 24 4 4 22 11 22 33 36 21 21 8
30 45 16 50 33 43 66 55 54 66 39 47 50 23 29 47 65 54 42 32
33 15 23 25 24 33 46 23 30 40 16 16 30 18 28 40 49 36 22 22
1 6 3 4 3 7 5 5 2 6 1 2 3 2 3 7 5 3 1 1
8 30 7 11 20 22 32 28 12 29 11 14 5 3 15 23 25 20 24 9
1 14 1 10 12 21 23 16 13 16 5 15 13 5 9 12 22 14 13 5
1 5 2 1 1 2 1 1 1 8 1 1 1 1 1 1 5 2 7 3
15 31 19 16 7 24 28 13 19 43 13 15 15 6 8 30 25 30 27 15
13 20 8 12 2 19 28 7 18 29 9 13 20 3 7 23 28 34 14 10
32 37 30 37 22 47 56 35 34 58 21 19 41 23 28 61 52 55 42 13
27 21 19 30 26 36 46 40 32 49 32 23 48 16 28 47 38 40 16 3
1 6 1 2 5 1 2 10 1 13 4 3 4 1 1 10 5 4 3 1
21 45 26 20 26 53 52 40 22 59 28 16 31 15 30 49 42 48 26 8
13 23 6 15 10 17 29 12 17 23 1 12 14 7 15 18 34 20 22 16
24 31 11 22 28 37 45 29 22 40 10 13 29 18 38 41 49 25 26 14
3 18 9 3 12 19 13 17 6 25 10 8 9 2 9 21 8 15 10 1
17 21 6 30 22 29 44 32 27 38 30 40 42 28 27 32 43 27 22 10
12 29 6 21 15 25 31 30 23 41 23 33 24 12 22 21 31 23 22 12
20 33 26 14 24 30 31 32 12 36 21 4 27 20 20 47 23 38 21 1
16 36 8 22 22 38 49 31 25 43 12 24 16 14 23 39 43 36 34 16
32 19 23 43 34 52 63 39 46 44 22 21 54 24 41 52 65 48 27 11
26 36 22 29 24 43 46 29 28 53 28 30 29 17 27 32 40 33 36 17
36 60 35 44 29 56 67 43 40 70 20 21 32 14 25 63 65 62 42 33
17 27 16 27 25 25 38 31 17 44 27 19 32 22 24 37 38 26 25 14
17 25 15 17 26 32 37 30 16 28 18 12 26 14 22 33 32 27 25 5
2 16 12 11 11 28 25 14 11 22 11 6 14 7 10 27 16 20 15 3
1 3 1 1 1 5 5 3 1 5 1 2 4 1 1 8 6 4 2 1
18 55 25 33 38 42 48 47 22 68 37 44 35 29 44 43 43 26 32 15
1 19 9 10 11 21 15 15 4 21 10 9 12 12 15 18 14 6 13 1
10 21 19 23 11 29 35 27 23 38 20 16 31 6 7 41 30 40 17 7
18 34 9 13 14 23 35 25 17 40 10 15 17 1 17 22 32 30 18 9
10 27 17 13 14 35 34 16 16 35 19 19 18 18 18 35 23 29 28 6
1 5 1 1 1 5 6 1 3 8 1 4 2 1 1 7 7 9 6 4
20 24 22 23 24 37 38 30 20 43 18 20 35 26 32 51 31 28 23 1
15 22 10 32 14 25 41 25 39 33 18 21 29 5 21 37 39 32 18 9
27 34 8 33 30 43 52 36 28 47 18 36 30 18 36 43 54 40 36 21
14 20 13 13 22 22 31 28 9 36 23 23 27 15 19 33 22 20 16 1
22 36 25 33 21 41 51 28 34 48 18 17 25 8 9 44 46 50 41 23
1 7 3 10 3 5 7 7 8 14 5 5 11 1 1 12 13 12 5 5
23 12 4 17 12 21 36 16 26 27 11 10 27 2 20 22 37 29 9 6
13 16 9 6 15 12 19 15 6 24 5 2 8 4 16 24 17 10 18 5
12 14 13 11 14 28 24 19 7 27 15 8 22 19 19 31 18 17 22 1
22 23 21 27 27 39 47 31 27 39 16 3 29 10 28 44 46 31 20 9
16 13 11 27 17 34 49 25 33 30 16 12 38 4 11 38 47 38 27 10
5 6 4 1 7 3 8 9 1 12 5 6 8 1 5 10 14 5 10 6
1 7 4 3 7 6 5 9 1 10 1 1 1 1 3 9 9 3 9 4
39 32 28 26 27 40 51 17 28 50 14 11 25 22 25 54 50 41 44 22
21 35 16 26 23 49 56 31 33 47 20 23 35 17 26 38 50 45 37 17
13 23 14 8 25 23 19 31 1 31 17 11 15 11 24 19 16 7 15 4
1 12 7 8 8 9 10 9 7 15 1 9 1 5 5 11 12 7 16 9
18 25 22 3 21 27 25 23 6 30 18 5 15 16 21 33 20 22 22 5
1 20 5 9 8 13 13 10 7 20 2 10 3 4 9 13 18 11 14 8
25 46 35 27 18 28 37 27 20 50 24 9 22 21 20 48 36 42 26 26
27 41 16 43 34 50 62 49 39 60 33 39 58 33 47 55 63 44 21 11
8 27 15 15 16 19 19 27 9 33 11 6 16 4 13 31 20 22 9 4
4 8 1 6 7 1 8 12 4 13 2 2 13 1 6 19 11 7 1 1
1 1 1 1 1 2 5 2 1 6 1 1 4 1 1 6 11 2 2 1
32 44 37 41 37 59 59 41 37 60 34 29 45 40 42 58 51 45 56 14
4 6 4 3 9 9 9 11 4 8 4 6 5 1 5 9 7 3 7 1
26 38 18 19 23 41 50 34 22 47 21 15 34 12 26 44 42 48 21 10
28 39 22 27 27 43 56 37 30 52 23 16 40 16 33 55 48 50 28 5
8 39 10 24 25 24 34 33 16 50 23 32 24 20 31 24 38 18 23 16
1 1 1 9 1 4 7 3 7 3 1 1 9 1 1 9 10 7 2 1
9 12 5 13 4 21 29 4 17 20 3 14 16 12 8 18 30 24 24 11
3 13 12 6 10 22 21 8 5 14 9 9 14 14 14 24 12 6 12 1
16 38 26 45 26 41 53 30 36 57 32 32 39 30 22 51 53 39 28 25
11 26 5 16 17 19 28 18 15 24 1 9 16 5 20 24 34 19 14 10
38 3 17 33 29 41 53 33 40 40 27 26 49 25 36 45 52 41 15 13
7 15 16 23 12 37 31 15 20 21 10 8 24 20 18 38 25 23 20 1
16 5 9 24 14 17 28 19 25 16 9 5 28 1 17 26 30 20 5 4
15 12 9 25 21 26 39 29 30 28 14 11 34 1 15 32 40 29 19 9
2 10 1 4 5 9 9 7 5 9 1 4 3 1 5 2 12 9 10 7
3 6 5 3 1 12 12 3 5 8 3 7 8 5 4 9 12 7 4 3
18 15 8 16 23 20 29 24 15 26 8 6 24 9 24 35 35 23 12 4
19 24 17 22 23 47 44 27 21 43 24 27 38 29 39 33 38 21 20 1
1 4 2 8 1 7 7 1 6 3 1 1 5 1 1 9 8 6 3 1
1 4 1 1 1 6 6 3 1 2 1 2 1 1 1 8 6 4 4 1
11 23 20 26 22 39 32 21 21 33 14 15 26 27 30 38 33 24 30 4
1 6 1 10 1 5 5 7 8 13 5 12 11 1 1 6 6 9 7 1
1 17 1 18 23 14 18 30 8 30 17 20 20 13 18 16 20 10 7 6
25 36 20 15 34 35 41 38 13 51 21 12 23 13 35 35 34 21 28 12
15 27 15 21 17 21 35 16 20 34 10 15 15 10 18 28 32 18 32 16
5 9 5 16 1 25 24 5 20 19 10 16 24 13 9 20 23 20 15 1
15 44 15 12 29 31 30 33 6 50 18 19 5 8 28 34 31 21 30 19
15 44 5 32 15 43 59 34 37 53 23 36 30 11 22 40 61 51 31 27
5 1 1 6 7 5 13 6 5 3 1 1 12 1 5 17 16 6 1 1
6 20 14 5 15 20 15 21 3 26 16 11 8 10 14 20 7 7 19 1
16 31 17 34 29 24 38 40 28 45 26 26 27 16 33 37 36 19 24 11
5 13 8 4 10 17 15 12 3 18 6 1 9 4 10 25 13 13 11 1
15 20 13 9 5 18 22 7 11 26 7 7 10 6 11 16 25 15 20 15
1 17 1 10 4 5 7 6 8 15 1 3 2 1 2 12 14 14 12 6
24 25 13 28 17 12 35 26 24 43 12 12 25 1 13 34 35 34 23 15
11 31 28 36 22 52 45 30 33 47 25 19 42 26 28 53 36 37 28 1
13 28 15 10 28 25 25 34 4 40 20 15 20 15 26 32 25 17 18 5
25 27 27 32 25 33 45 27 30 49 22 12 37 19 31 53 44 38 20 12
5 10 4 1 9 7 6 11 1 8 1 1 5 1 10 7 10 1 5 1
11 14 9 7 13 25 27 12 11 20 10 10 21 11 22 25 23 11 9 1
3 6 2 1 5 2 3 8 1 8 1 1 6 1 8 10 7 1 1 1
1 12 1 3 7 4 4 11 1 15 1 1 3 1 4 5 10 7 5 3
11 20 6 18 7 19 34 15 20 24 1 6 22 1 6 34 35 34 16 9
16 38 26 14 14 23 30 27 7 46 22 9 20 14 16 42 26 30 24 13
28 18 13 27 24 29 42 29 34 37 22 22 36 9 26 39 36 32 16 5
1 2 2 1 2 6 6 2 1 4 1 2 2 1 2 7 5 1 1 1
5 11 9 28 14 22 33 27 18 36 19 9 33 13 6 41 35 36 19 4
6 22 1 22 7 6 20 15 20 21 8 16 10 4 9 19 25 22 22 16
14 27 18 18 10 14 22 24 11 38 16 7 18 3 4 32 19 32 17 11
4 24 3 41 20 23 41 30 29 42 21 29 41 26 23 42 48 29 19 11
18 53 31 41 17 24 42 39 33 54 34 26 29 25 21 56 41 47 28 27
13 30 8 18 28 30 33 35 9 42 18 21 22 17 27 28 38 20 18 18
12 17 9 15 12 21 25 19 17 26 12 14 16 5 6 17 23 23 20 15
13 19 9 18 19 17 27 24 10 38 20 15 21 12 11 25 22 25 22 10
7 4 1 6 9 7 11 9 6 7 1 6 8 1 7 11 14 6 6 6
12 6 2 12 9 20 28 14 15 18 6 12 27 11 15 22 29 20 13 4
7 21 5 27 14 19 36 34 26 41 32 40 23 15 10 22 30 26 27 15
6 15 3 11 1 8 15 3 12 20 3 8 7 1 1 13 17 20 17 11
1 2 1 5 1 5 3 1 4 8 1 2 4 1 1 4 5 5 5 1
20 48 29 30 20 43 45 40 26 59 36 25 40 26 32 45 38 44 21 14
12 13 13 16 19 17 23 21 7 28 19 16 25 19 23 28 23 6 12 1
24 26 15 21 9 32 37 15 30 37 20 23 29 13 21 22 37 31 28 17
1 3 1 2 1 4 5 6 1 11 5 6 6 2 1 8 8 6 4 3
4 6 1 2 4 8 11 7 1 6 4 5 11 5 7 13 14 7 6 1
43 51 22 39 34 48 66 38 39 68 16 31 33 21 42 52 73 48 49 35
14 33 10 31 27 28 52 36 26 55 31 35 38 21 35 40 52 28 25 12
14 33 24 23 14 19 22 32 13 42 24 14 26 16 17 39 24 29 14 12
18 36 23 35 30 39 51 47 29 56 29 23 43 10 23 47 50 44 23 12
25 32 14 42 20 42 59 40 44 58 36 48 41 32 24 45 57 56 49 23
24 16 10 9 27 26 39 28 11 27 10 1 23 8 24 34 35 25 21 5
1 19 4 3 3 6 5 6 1 20 1 4 2 1 7 9 12 10 11 5
1 8 1 9 1 7 9 5 7 7 1 1 8 5 4 15 11 12 6 4
38 42 20 35 35 52 63 37 36 64 19 32 43 24 38 51 66 49 34 26
1 8 5 1 1 8 5 1 2 11 1 3 1 3 3 10 6 5 5 2
1 6 3 4 1 9 8 4 2 7 2 2 7 6 3 10 10 6 5 1
18 25 11 30 22 41 48 37 30 49 26 23 33 10 20 28 47 37 20 14
20 33 23 42 32 49 60 50 39 58 42 38 50 24 31 47 54 47 32 12
11 11 8 9 8 16 20 10 15 19 12 20 19 6 13 13 18 10 12 5
21 61 35 41 21 31 46 36 34 64 33 34 21 27 12 51 46 49 52 39
1 12 1 5 6 12 12 8 6 12 1 5 4 1 7 8 14 11 7 6
1 9 1 3 1 7 4 2 5 6 1 2 3 1 1 7 4 8 1 1
2 5 1 9 1 2 5 3 7 2 1 3 6 1 4 6 7 5 6 1
8 8 1 12 9 9 23 11 15 14 1 4 19 1 8 24 24 18 6 4
33 36 20 34 26 31 53 38 39 57 28 32 40 12 28 46 47 50 33 20
3 20 11 6 5 14 9 6 4 20 8 8 5 8 13 19 9 7 12 2
12 14 6 6 23 19 22 29 6 23 13 14 17 5 18 16 20 10 15 6
1 22 8 24 12 23 23 20 18 34 19 23 25 14 16 25 22 19 13 3
31 47 29 28 32 51 55 40 31 60 40 36 42 31 39 47 42 40 45 13
3 9 1 4 5 6 12 6 4 9 1 7 5 1 8 7 16 3 9 3
1 11 3 1 4 9 1 6 1 11 1 1 1 1 7 7 5 1 4 1
1 10 4 7 5 9 4 7 6 7 1 4 4 1 6 6 6 5 3 1
23 27 17 21 14 35 44 16 29 37 16 19 21 10 14 26 37 39 33 18
6 36 20 24 8 27 32 16 20 38 15 21 16 21 17 39 24 29 32 11
15 30 13 16 15 31 30 22 13 37 10 10 16 14 16 21 35 24 21 19
27 46 30 30 21 38 48 34 24 64 33 30 34 21 26 45 40 40 31 17
1 9 6 1 5 19 15 9 4 14 8 8 12 8 8 18 11 7 7 1
21 17 13 25 23 30 35 29 19 42 19 21 29 25 22 34 39 33 33 11
4 14 2 7 1 6 9 1 7 20 1 1 4 1 1 8 14 17 10 9
4 8 2 3 9 19 19 10 8 8 3 9 13 5 8 14 18 11 7 1
1 2 1 7 1 9 12 1 7 5 1 4 9 3 1 10 13 12 5 4
2 8 3 8 2 9 11 4 8 7 1 4 8 2 3 13 11 11 1 1
14 24 15 15 20 32 34 19 14 27 11 12 23 22 29 34 31 16 28 6
10 14 6 5 13 14 18 14 11 16 6 12 14 1 11 21 15 14 9 1
1 15 6 11 3 12 17 10 15 19 9 21 10 4 5 8 13 11 14 8
17 15 7 7 24 28 34 29 13 28 17 15 25 6 22 24 29 20 12 5
14 37 22 33 25 50 52 34 39 48 25 20 35 8 25 46 49 43 27 13
13 24 8 12 13 32 35 15 19 29 6 10 19 5 15 20 37 27 14 13
5 4 2 4 8 7 11 7 3 8 3 6 5 1 4 16 10 5 8 1
1 5 1 5 1 1 1 2 3 7 1 2 3 1 1 5 1 5 4 1
20 40 22 33 26 49 57 32 36 55 27 34 38 24 35 55 46 43 41 11
2 12 6 1 11 16 11 12 1 15 2 1 1 3 12 15 14 2 6 1
1 10 9 15 4 19 19 15 19 23 10 11 20 1 1 27 14 24 5 1
22 39 34 36 26 38 50 44 24 59 40 21 48 29 25 62 40 52 25 14
26 43 26 22 36 48 49 41 12 60 29 14 29 31 37 42 45 33 39 16
27 46 22 30 23 39 53 40 26 58 24 17 43 19 32 49 54 46 21 19
4 31 15 20 13 16 25 25 14 39 24 21 9 14 11 32 16 19 31 10
1 7 6 4 2 12 7 2 6 9 3 5 4 4 4 13 6 7 8 1
5 15 8 9 1 8 10 5 7 16 4 4 6 6 7 13 16 13 15 10
18 23 11 12 25 24 31 26 11 27 12 3 19 7 21 27 30 24 22 10
1 12 4 15 6 13 23 11 17 16 6 15 6 1 1 18 15 17 17 7
19 19 21 22 27 21 27 29 17 34 23 15 28 17 30 35 25 8 16 4
1 5 1 1 1 3 3 5 1 11 2 3 2 1 1 3 6 2 5 2
5 6 3 1 2 11 11 5 7 13 7 12 12 1 6 6 11 8 6 2
8 23 11 17 4 16 22 8 16 32 12 19 12 10 10 12 23 17 27 16
1 13 1 6 7 7 10 16 1 24 9 14 11 4 6 11 12 12 6 2
1 10 1 1 9 5 6 11 1 11 1 1 1 1 4 8 10 5 12 5
10 29 20 16 16 31 30 16 13 38 16 15 20 24 19 40 23 25 29 9
9 29 8 18 21 26 37 25 10 41 19 23 27 24 27 32 39 18 25 9
17 44 32 33 39 56 52 44 28 55 29 15 34 22 34 58 47 36 35 12
10 33 16 12 14 28 29 13 10 32 7 6 10 14 17 32 28 20 30 11
4 13 14 13 13 16 11 16 6 24 17 13 13 14 11 20 6 5 12 1
1 11 1 3 6 18 15 8 4 8 1 3 7 3 9 8 15 7 3 1
9 10 7 18 1 25 28 13 24 26 16 16 28 5 9 16 29 27 9 6
24 31 21 30 20 25 41 33 29 32 17 9 38 9 22 48 38 39 2 11
4 26 9 16 18 22 18 24 9 35 14 10 17 12 20 19 24 15 11 9
24 37 28 22 25 34 41 35 22 51 30 21 38 19 23 47 32 43 32 9
5 24 1 16 19 14 22 25 5 36 10 12 20 7 19 21 30 16 8 7
2 26 11 8 15 29 21 20 9 34 17 17 16 11 19 23 16 15 8 1
9 27 19 14 12 13 16 21 5 34 19 16 20 15 19 30 13 12 15 1
1 14 3 1 6 15 12 8 2 15 1 4 2 1 8 7 12 7 8 4
6 17 6 12 7 18 19 13 12 30 17 23 20 10 15 17 21 15 12 4
25 28 23 26 24 44 47 26 28 46 24 28 41 31 36 44 42 31 37 7
24 23 18 29 12 23 40 28 24 40 22 22 42 19 21 41 39 38 17 7
26 34 22 30 35 47 58 38 24 58 31 32 41 35 41 46 52 34 41 11
6 11 3 5 1 12 17 6 9 17 4 8 7 1 1 7 16 15 12 11
18 20 16 9 25 25 27 26 8 24 12 3 19 14 26 34 24 14 19 3
1 5 1 10 7 6 7 14 6 11 7 7 12 4 4 12 11 9 4 4
10 32 18 2 23 33 28 25 4 37 15 8 12 10 24 33 19 20 18 1
31 30 19 40 36 49 63 42 40 48 16 25 38 21 41 55 60 39 35 12
1 15 11 11 6 20 14 8 9 16 10 10 12 9 12 17 7 8 8 1
1 7 4 7 2 5 2 6 5 9 4 4 7 2 4 4 2 4 4 1
21 29 13 36 18 31 53 27 35 43 14 26 28 7 9 38 52 41 36 25
20 34 13 13 19 43 42 26 17 46 20 21 24 17 27 23 42 27 22 16
8 18 9 13 8 22 18 17 15 33 22 25 20 15 14 15 18 18 18 7
9 16 8 10 6 9 17 7 9 17 4 7 9 6 13 15 23 10 18 10
25 25 26 38 22 47 52 26 38 43 21 23 44 29 35 53 54 43 37 11
7 14 3 5 7 14 14 11 11 17 6 10 12 1 10 14 16 20 5 4
8 35 12 27 12 20 30 33 20 52 26 31 25 12 16 25 28 32 19 10
2 8 4 12 1 9 10 4 10 13 3 3 12 2 3 14 16 14 5 5
8 16 4 4 9 17 21 11 11 20 8 15 14 1 13 11 23 14 13 7
5 7 8 4 10 16 14 16 5 20 14 11 13 5 4 13 4 9 7 1
1 4 1 7 3 5 3 5 5 4 1 2 5 1 1 6 4 4 3 1
1 12 9 3 7 9 4 7 2 13 5 4 1 7 8 12 5 1 14 2
11 21 13 19 29 28 34 33 11 36 22 21 29 18 29 37 26 12 17 1
16 29 14 24 14 37 36 23 25 44 28 30 31 23 25 22 36 31 26 15
14 35 11 15 34 26 31 38 2 46 22 23 22 18 38 36 32 8 13 7
12 7 9 24 16 23 33 26 26 28 20 19 37 7 12 28 34 26 12 8
3 15 10 19 5 29 27 13 23 20 8 10 24 8 6 32 27 33 11 3
1 13 13 12 11 17 11 10 8 15 9 8 7 10 10 18 1 2 15 1
4 11 1 1 7 10 11 8 2 10 2 4 5 1 10 11 14 5 5 2
1 15 7 4 6 19 11 8 4 16 6 6 6 6 12 11 8 4 5 1
29 42 23 12 32 41 44 35 13 50 18 8 18 14 23 36 43 36 35 20
8 29 9 19 15 28 29 22 25 32 14 24 13 8 20 15 31 22 22 15
1 4 2 3 4 2 1 6 1 10 1 3 1 1 1 5 4 2 9 3
19 20 15 30 21 27 41 27 33 35 12 10 31 4 18 38 43 32 23 13
1 8 4 16 4 11 12 11 10 19 9 9 18 5 1 21 14 17 2 1
9 19 7 14 5 23 24 15 18 23 11 14 21 9 10 25 23 33 10 5
17 26 14 9 19 19 23 25 7 35 16 11 17 10 19 30 22 20 23 11
24 47 22 22 22 35 40 35 15 49 18 14 22 16 31 45 44 35 23 20
1 12 5 4 7 9 6 10 3 12 4 6 4 3 6 12 5 5 3 1
6 21 12 5 3 15 14 3 4 22 5 1 1 7 8 14 15 12 19 11
1 4 1 4 1 2 3 3 2 8 2 3 3 1 1 2 8 4 7 4
7 7 4 13 11 10 17 16 9 19 12 17 15 7 6 13 19 11 17 9
1 13 3 3 6 12 14 8 5 15 3 7 8 5 4 17 14 17 9 7
3 20 5 2 7 6 9 10 1 20 1 1 3 1 10 16 16 12 7 4
11 34 14 13 15 24 29 14 11 34 9 12 8 10 22 17 32 15 29 16
19 20 12 16 16 16 33 25 13 35 10 9 24 7 15 42 30 27 19 3
12 24 11 18 17 27 35 21 22 26 15 16 20 8 11 33 24 34 24 6
3 13 6 3 7 8 7 9 1 15 2 1 2 3 7 19 10 7 8 2
1 6 1 1 1 1 5 1 1 9 1 1 2 1 1 12 10 8 3 1
7 9 4 11 5 7 17 4 11 10 1 10 8 2 8 11 20 7 13 7
3 12 4 5 10 17 14 11 3 9 1 1 9 8 13 17 18 7 4 1
7 20 4 15 16 24 29 22 15 26 9 17 23 9 14 27 28 21 16 5
1 13 2 11 6 6 11 8 9 12 1 4 3 1 2 16 12 10 11 2
20 36 34 37 24 55 54 31 41 50 35 23 44 16 25 46 48 48 40 22
1 7 4 1 1 6 7 1 1 10 1 1 4 4 1 12 12 9 5 4
1 12 1 17 3 1 12 11 15 11 4 12 2 1 1 12 15 12 17 11
18 29 27 28 31 42 40 37 16 53 30 28 35 36 36 52 32 31 31 1
1 11 5 5 7 15 14 9 8 7 1 10 7 6 6 13 11 8 9 3
5 15 18 29 14 36 32 24 23 33 20 11 30 18 14 40 30 27 27 3
22 38 18 27 26 37 49 37 34 48 27 28 34 12 26 44 43 45 34 17
1 9 2 6 5 12 11 7 4 8 1 1 7 4 5 10 16 11 7 4
1 5 1 1 1 6 3 1 1 3 1 1 1 1 1 6 3 1 1 1
1 14 1 5 8 7 5 10 5 11 4 7 4 1 7 12 7 8 9 1
1 30 8 30 1 20 34 19 28 34 9 13 17 10 4 39 40 42 26 16
19 35 17 17 26 39 42 33 14 46 17 13 22 15 21 28 39 30 31 14
21 40 20 25 31 42 50 43 22 51 29 28 32 27 34 45 45 34 40 15
5 20 9 16 6 17 19 16 14 31 10 7 13 3 4 24 20 22 20 8
7 21 3 9 7 21 27 10 15 27 4 12 9 1 1 19 25 28 22 12
34 41 32 31 35 53 55 33 28 52 24 23 36 38 49 46 55 33 43 15
4 14 7 8 1 13 13 6 4 26 6 4 15 13 8 25 19 19 11 2
5 16 6 12 9 15 21 12 13 19 5 15 11 6 7 14 22 16 19 12
7 8 4 6 8 14 19 10 11 19 10 14 12 1 4 11 18 16 12 10
12 20 10 11 14 28 29 18 15 24 12 16 25 14 23 28 29 16 16 4
11 33 25 43 28 36 47 36 29 53 40 33 47 38 31 48 46 28 30 13
1 8 1 12 4 2 10 9 10 12 5 13 6 1 1 7 12 7 13 7
23 35 9 23 19 39 49 23 26 41 4 21 13 12 23 29 52 35 39 26
1 4 4 4 6 10 11 7 4 10 5 7 8 6 1 12 15 9 8 6
6 14 3 9 1 4 9 4 7 24 4 4 6 1 1 9 13 17 12 11
4 21 8 7 4 11 15 12 2 21 3 4 12 5 10 25 17 14 7 1
26 25 5 13 28 45 47 30 16 34 15 17 24 11 32 38 40 34 24 9
48 41 39 41 41 61 72 43 47 65 42 32 53 33 47 61 59 51 47 20
7 37 22 17 12 21 21 26 9 43 21 15 19 12 15 29 13 23 17 7
16 34 13 24 20 37 40 37 23 54 24 23 31 11 22 31 36 40 20 8
28 15 9 20 19 28 45 22 29 36 14 15 28 6 19 30 43 34 19 10
1 15 8 12 4 10 11 6 10 15 4 7 7 7 7 16 15 13 15 8
1 9 3 2 5 9 4 10 2 13 4 7 5 1 5 3 6 4 5 4
1 6 3 1 1 10 5 1 1 7 1 1 2 4 3 9 4 1 1 1
1 5 2 5 1 7 8 2 3 9 1 2 8 3 1 12 12 9 3 1
9 37 13 30 20 22 38 31 22 48 28 36 24 21 24 31 37 25 34 21
2 7 1 10 1 6 13 6 7 16 3 3 16 1 2 21 19 18 4 2
10 6 10 24 8 24 22 14 18 25 11 14 29 21 15 26 29 24 15 2
1 11 9 3 4 15 9 4 7 13 7 8 6 7 7 13 7 8 8 1
3 5 3 7 5 13 15 12 7 11 8 12 17 7 4 14 13 10 3 1
1 1 1 1 3 5 4 3 1 4 1 1 1 1 1 10 2 1 1 1
3 31 11 15 11 24 25 13 12 28 8 14 9 13 18 25 24 17 20 7
3 13 7 6 3 9 10 8 3 21 6 5 14 8 6 23 16 16 7 3
1 21 4 10 6 15 13 11 8 24 3 6 9 3 9 20 18 15 10 2
10 27 9 15 21 23 31 23 14 28 6 11 14 11 25 29 36 14 21 10
14 35 11 39 11 12 41 28 25 49 20 25 31 10 13 36 45 37 24 18
3 19 14 37 14 24 34 25 29 39 26 26 36 13 14 31 34 26 18 6
9 3 5 1 12 7 12 16 1 14 10 5 11 2 7 14 7 3 7 1
8 14 13 3 14 22 18 16 3 15 9 4 8 10 11 22 9 12 11 2
8 13 7 2 2 14 16 1 6 18 4 5 7 4 8 9 17 11 15 9
13 30 10 13 5 19 30 12 19 31 8 17 12 3 7 19 29 34 23 17
1 5 2 17 9 20 23 19 13 17 10 10 24 8 4 22 25 20 11 4
7 20 12 18 14 15 24 21 11 31 19 21 15 14 13 26 24 12 24 10
12 18 6 19 27 15 25 34 12 31 19 22 29 13 23 29 24 14 7 4
4 19 6 16 17 25 27 20 19 24 8 15 15 1 11 16 25 19 18 9
5 12 4 1 7 12 12 9 3 15 1 2 1 1 2 8 8 11 13 7
9 19 5 21 7 14 27 14 11 39 13 15 26 21 14 28 34 26 15 7
9 24 9 5 18 21 22 20 8 25 8 10 6 3 12 16 16 18 22 9
3 24 7 14 14 15 21 21 12 26 8 11 5 2 14 18 22 10 19 7
24 41 26 30 17 49 51 27 31 56 22 21 39 24 30 49 49 53 31 13
6 23 8 8 15 25 25 19 15 31 12 20 12 5 15 15 23 16 19 10
4 5 1 3 4 3 7 5 2 6 1 1 6 1 8 8 12 2 3 1
20 43 25 14 24 32 36 25 12 46 9 6 10 9 23 42 34 27 31 15
14 36 8 19 25 33 41 36 16 46 16 27 16 14 21 28 42 25 32 24
35 39 21 32 13 45 55 13 40 51 19 32 31 22 21 39 56 50 42 29
1 2 1 11 5 13 15 12 9 11 6 10 18 6 1 18 14 14 4 1
17 28 5 25 34 15 39 40 17 43 25 24 33 21 30 35 45 16 16 19
15 36 16 38 34 39 52 41 33 57 47 45 47 38 38 48 42 28 24 14
19 35 19 34 42 28 46 50 22 60 32 23 44 32 46 57 53 29 13 11
1 18 7 1 5 17 10 9 2 22 8 10 7 6 10 17 9 9 9 1
36 35 21 24 39 52 56 40 25 51 21 28 31 26 41 48 55 43 39 23
3 7 1 4 5 6 6 7 3 5 1 5 3 1 5 8 8 4 7 3
6 38 10 23 20 19 29 30 12 49 17 19 21 17 22 28 35 24 17 12
1 17 11 17 2 12 11 14 13 24 10 9 16 6 5 26 15 18 9 1
3 10 5 6 10 19 15 14 11 19 8 11 12 1 7 15 12 13 9 2
1 18 2 16 11 16 21 14 17 19 3 14 11 1 9 10 23 16 16 10
8 23 6 2 9 18 19 11 6 24 2 5 5 3 13 10 23 13 13 11
11 25 18 28 20 49 42 24 29 40 20 25 37 26 30 40 36 32 28 4
1 7 3 6 6 1 6 8 4 9 1 1 3 1 3 8 10 7 8 7
7 10 7 9 12 16 18 13 8 12 7 8 8 7 5 23 13 15 16 4
20 20 23 28 27 38 45 28 21 48 27 32 40 36 33 48 40 29 38 6
1 20 5 8 4 9 9 6 6 19 1 3 2 3 7 15 14 13 15 7
6 26 16 14 16 29 25 21 8 34 20 18 21 24 21 24 22 14 23 8
2 2 1 1 2 1 5 1 1 7 1 1 3 1 2 5 11 2 4 3
1 8 1 14 16 15 19 23 7 20 12 16 20 11 11 17 20 12 8 4
4 24 1 10 11 14 24 14 9 22 1 8 6 5 9 17 31 21 21 13
8 32 5 21 10 12 24 21 16 42 13 21 10 6 9 13 31 24 27 21
25 40 20 36 27 45 62 45 30 60 24 21 45 12 24 52 63 51 20 19
11 20 11 4 12 25 24 12 11 23 12 12 14 9 20 18 25 16 16 9
9 4 1 4 10 5 13 11 4 5 1 3 9 1 10 15 18 5 6 5
27 26 12 55 22 44 66 42 53 51 38 52 58 36 34 49 67 54 40 21
1 6 1 2 5 10 8 7 6 7 1 5 4 1 3 1 10 8 4 3
1 17 1 18 6 4 18 15 16 19 11 19 5 5 1 17 20 15 20 14
33 41 25 39 36 32 51 53 31 64 43 41 49 27 41 52 43 37 24 10
13 20 17 16 10 29 28 17 16 32 11 12 26 17 17 42 22 30 16 1
11 23 10 21 22 30 29 28 12 41 14 17 26 24 28 31 37 22 21 8
33 35 30 33 25 58 64 31 40 49 25 15 43 22 26 54 57 58 45 18
2 5 7 14 11 13 14 16 6 20 13 10 18 12 6 21 15 10 7 1
23 41 23 33 34 60 65 45 35 61 34 33 42 18 35 47 59 42 36 19
22 43 20 30 23 49 52 35 32 57 19 21 26 2 18 42 54 51 28 26
20 13 16 16 18 29 31 21 14 26 13 9 29 19 23 38 26 24 23 1
22 27 21 27 32 43 50 31 27 42 19 11 36 19 35 56 40 37 27 4
21 29 18 29 18 44 44 32 36 45 27 24 39 14 25 27 45 40 23 17
23 51 29 35 31 54 53 39 30 67 29 39 39 35 41 49 46 39 41 16
2 31 9 22 4 23 33 17 24 44 25 33 16 15 11 27 29 29 29 15
10 18 12 11 8 22 26 11 10 33 13 14 15 12 9 20 27 18 17 13
15 36 13 28 9 31 37 21 32 47 24 32 25 15 18 23 34 36 33 20
29 30 18 31 38 43 56 47 28 53 23 16 49 22 38 57 52 47 25 7
1 1 1 2 1 6 7 1 5 1 1 6 5 1 1 1 6 3 4 1
21 14 5 8 21 22 32 24 15 24 12 12 19 3 21 20 29 19 13 8
3 6 2 4 6 2 6 6 2 12 2 4 2 1 1 6 8 7 14 8
10 38 12 32 35 35 50 40 22 51 27 33 38 29 37 47 43 23 24 7
4 13 1 8 9 8 7 11 7 10 4 9 5 1 7 13 8 8 9 1
1 8 5 5 7 7 3 12 1 20 9 10 8 6 4 13 4 3 7 1
1 17 11 18 15 24 18 24 10 28 15 9 18 10 15 24 20 11 11 1
1 1 1 1 1 1 1 1 1 1 1 1 1 1 1 4 2 1 1 1
9 17 7 11 2 14 19 3 11 19 1 1 7 5 1 18 24 24 19 14
15 42 22 16 29 38 38 35 13 50 24 25 29 23 36 38 34 20 21 8
14 34 9 22 30 31 42 34 9 47 20 24 29 26 38 36 47 15 25 12
1 5 3 3 2 5 6 2 1 8 1 2 1 1 1 6 11 5 9 5
1 26 14 27 9 13 22 19 20 33 22 26 14 16 12 24 18 12 27 10
3 7 6 5 6 18 15 6 10 13 6 8 10 5 4 18 11 13 3 1
3 15 4 8 14 14 18 16 8 17 3 6 3 1 8 12 14 11 17 4
29 33 22 34 26 32 48 32 30 55 22 18 35 17 26 50 50 41 33 19
1 9 9 5 5 10 5 5 1 13 6 5 4 7 7 10 9 4 8 5
7 35 14 22 4 16 29 22 14 43 17 24 19 12 7 29 28 34 24 16
29 39 12 21 29 43 48 40 25 50 21 27 35 13 40 43 47 36 11 13
10 29 18 10 19 30 26 26 13 35 17 16 19 12 16 34 19 28 21 5
13 50 14 40 30 41 59 41 33 66 40 48 44 36 42 43 57 37 34 19
26 51 42 45 36 61 62 40 43 59 31 18 32 15 30 56 54 48 53 27
28 41 24 27 33 51 60 36 26 52 20 12 36 22 37 51 52 37 43 12
11 33 20 19 16 26 23 20 13 41 16 15 11 14 15 27 22 16 31 14
1 9 1 5 3 9 12 5 4 7 1 4 2 2 3 6 17 8 12 4
1 6 3 1 2 10 8 4 4 8 2 5 4 1 3 9 6 4 1 1
4 24 14 18 11 21 22 16 16 34 20 26 18 15 13 14 15 14 26 10
21 18 1 36 18 27 50 32 33 42 25 36 44 21 31 31 51 29 21 7
6 8 1 5 8 12 11 11 7 10 7 11 12 1 10 5 11 7 7 5
6 8 5 16 14 9 17 19 9 23 14 21 17 9 9 13 19 6 15 7
16 28 4 21 34 24 32 40 6 39 20 25 24 12 33 31 38 13 13 13
17 33 15 24 8 21 33 14 28 39 8 19 10 1 1 26 29 40 31 23
11 41 11 25 19 35 41 30 25 53 25 35 22 15 27 21 37 26 29 19
3 18 15 9 16 29 22 18 6 24 14 7 15 13 15 29 14 15 16 1
13 12 5 21 12 11 27 15 20 27 8 13 24 3 14 28 30 20 11 5
2 4 2 6 5 2 5 7 4 3 1 2 4 1 3 10 9 4 6 2
30 35 15 36 15 35 55 21 42 50 13 30 34 15 20 43 56 51 42 26
36 44 17 32 28 42 59 44 35 64 23 27 41 11 37 43 59 47 21 18
27 11 18 19 30 25 36 34 18 32 21 14 31 13 26 41 33 24 13 7
6 18 5 8 10 12 14 17 6 24 8 11 9 6 7 10 19 12 17 11
16 37 17 40 26 41 51 33 34 58 38 48 47 43 40 46 46 34 30 10
1 16 7 7 1 13 14 1 6 14 3 5 6 11 8 19 17 11 16 3
1 1 1 1 3 7 9 3 1 1 1 2 3 3 1 11 10 4 7 1
9 20 4 9 15 13 17 17 7 21 4 4 9 1 16 8 24 12 12 12
24 38 21 12 32 38 41 42 9 47 18 10 29 16 33 49 34 30 21 5
26 34 16 25 39 44 53 49 22 54 36 33 44 28 43 38 49 31 23 13
35 49 34 33 27 51 51 28 36 63 35 38 28 25 26 43 42 44 48 28
11 38 18 21 22 31 35 30 17 39 10 10 15 7 18 38 28 34 23 10
17 16 9 18 25 19 37 29 12 36 21 19 31 16 20 31 33 21 19 9
3 21 16 9 14 22 19 13 4 25 13 8 8 13 12 30 9 11 21 1
16 33 20 13 20 22 31 17 10 38 15 11 11 13 20 34 24 21 35 13
16 37 26 16 38 34 41 41 15 55 44 25 37 36 35 49 29 25 24 1
3 17 6 11 8 13 19 13 8 27 8 13 11 8 2 23 20 20 21 10
26 42 14 22 35 43 45 39 18 53 27 33 26 15 39 28 43 25 32 23
12 9 1 9 12 23 28 13 12 10 2 6 20 10 19 21 28 14 8 2
18 31 14 11 29 35 38 32 10 36 11 4 21 8 28 40 36 26 19 8
13 39 13 22 26 48 42 26 16 39 15 18 20 18 33 42 38 28 25 13
16 38 10 34 29 47 52 37 30 42 20 28 24 5 25 42 50 43 27 22
11 30 23 46 29 33 46 43 34 52 34 25 47 25 22 58 46 40 26 11
27 17 15 28 24 39 48 33 25 43 31 34 45 31 32 40 39 33 27 2
12 51 13 26 15 29 40 33 22 57 12 20 11 8 15 38 45 38 32 27
6 23 15 17 16 27 26 18 12 27 14 10 22 17 19 33 27 20 21 9
26 34 22 22 21 45 42 30 26 50 27 24 28 19 22 30 36 39 32 19
1 5 1 1 1 1 1 1 1 7 1 1 1 1 1 7 1 1 1 1
6 3 1 3 10 5 11 13 2 5 2 2 11 1 9 14 14 2 2 1
20 37 12 23 17 15 37 30 23 46 13 17 13 1 13 35 39 34 34 23
30 35 23 25 35 44 52 41 28 55 33 25 41 21 39 41 39 32 34 9
37 33 26 45 36 44 64 44 45 57 28 28 47 27 40 66 60 55 44 17
1 9 7 5 1 12 8 1 7 10 4 8 6 5 5 9 6 8 6 1
19 39 16 36 16 30 44 21 35 45 13 24 20 11 6 42 48 48 41 31
1 2 1 1 1 3 4 1 1 2 1 1 1 1 1 1 5 3 4 2
21 38 17 42 22 33 53 39 38 57 43 51 42 33 35 41 52 36 37 24
5 6 3 3 7 3 5 8 1 6 3 3 6 1 7 7 8 1 6 3
28 45 26 34 24 46 49 23 34 54 16 24 32 22 17 49 51 52 34 27
2 13 3 5 8 5 5 10 3 11 1 3 2 1 6 15 9 8 6 1
24 26 14 12 17 25 41 18 17 36 8 11 18 5 11 37 35 34 31 16
2 25 11 18 12 31 27 17 17 36 20 23 26 16 17 28 25 25 18 4
12 23 1 17 22 29 36 29 12 38 19 26 24 8 24 20 39 22 12 14
1 10 1 3 5 5 8 7 2 10 1 4 3 2 3 11 12 9 11 5
14 30 12 16 24 31 32 23 12 32 9 8 21 19 32 38 33 17 21 4
7 3 3 8 7 3 11 6 6 5 1 3 10 1 7 13 14 6 6 1
25 21 17 25 28 27 46 32 28 41 20 21 32 12 23 46 40 38 26 12
16 20 10 38 10 35 50 20 39 45 17 31 34 18 10 36 48 46 38 18
27 25 19 31 33 59 61 41 36 50 23 24 47 19 39 53 62 43 27 12
8 19 8 22 16 35 43 25 26 31 15 15 35 6 15 33 45 36 18 7
26 54 20 25 33 56 56 37 24 61 32 42 29 23 45 46 51 37 38 22
37 45 24 39 38 41 54 54 31 66 25 18 40 9 37 53 59 47 21 23
4 3 1 3 1 14 14 4 9 6 6 10 9 2 5 3 11 10 2 1
6 9 1 8 13 10 15 14 7 8 1 1 11 1 13 15 20 5 3 1
1 2 1 4 1 2 5 1 3 1 1 3 1 1 1 2 8 1 6 1
1 22 3 5 11 16 16 15 6 23 2 11 3 1 11 14 16 7 10 2
1 5 1 6 7 11 10 14 5 11 6 10 11 4 3 10 10 7 3 2
7 13 3 12 5 7 21 9 11 15 4 12 11 4 8 15 27 13 17 11
34 26 28 42 26 30 45 37 33 49 26 28 50 30 30 57 49 47 33 12
19 28 12 22 23 33 44 27 20 38 5 7 27 12 25 46 44 39 28 6
1 33 14 20 16 21 19 23 11 42 17 23 16 15 21 21 20 16 20 7
1 11 7 1 6 11 2 8 1 9 3 3 1 5 8 10 1 1 7 1
8 9 7 5 7 18 20 7 4 17 3 1 9 11 7 21 22 16 18 7
8 26 12 21 14 23 28 22 19 28 14 17 11 15 14 31 27 22 30 14
1 11 5 3 4 6 1 6 3 11 3 5 3 3 5 8 5 5 7 1
18 34 8 18 29 27 34 31 20 35 5 19 16 6 30 29 34 16 19 15
15 25 4 20 13 23 35 26 24 35 20 32 25 9 20 18 37 26 22 15
4 14 2 19 3 21 25 5 21 16 1 12 17 9 7 23 24 27 19 6
11 29 15 13 24 36 29 28 13 30 11 6 13 8 23 33 21 19 13 5
6 17 5 5 12 11 12 14 5 18 3 5 1 1 6 10 15 10 19 10
4 29 7 13 12 21 25 22 14 40 13 24 16 6 12 18 26 26 16 10
33 45 31 35 48 47 60 57 37 68 42 30 45 26 48 54 53 44 40 15
1 8 3 1 2 12 8 4 1 5 1 2 3 4 4 10 6 5 2 1
11 16 14 3 17 28 26 18 6 25 18 14 17 9 20 25 15 12 18 1
36 39 34 47 37 39 65 58 40 64 36 16 54 13 32 69 63 61 30 18
38 17 22 39 32 45 56 38 44 48 29 37 53 29 42 47 55 42 28 8
1 1 1 1 1 2 6 1 1 1 1 1 3 1 1 6 11 3 3 1
3 9 5 10 10 13 13 14 8 12 3 1 8 1 5 14 14 14 11 3
2 8 2 17 1 11 22 3 15 13 2 6 15 2 1 17 28 20 14 8
11 48 24 32 27 32 40 41 26 55 34 37 23 26 24 45 35 24 42 18
25 36 15 24 29 34 55 37 30 49 23 25 28 13 29 44 50 40 35 20
15 35 16 24 30 23 34 35 15 52 21 19 26 15 34 35 34 17 23 7
7 15 6 8 8 11 17 8 8 19 1 6 9 4 5 21 19 20 14 10
13 28 33 39 26 47 43 36 35 43 37 30 45 30 25 48 34 32 29 9
1 13 6 2 5 16 12 8 4 16 6 11 6 7 7 14 11 6 13 2
1 10 1 14 7 16 15 10 12 10 4 5 13 4 8 17 19 16 7 6
25 44 17 20 38 47 55 40 19 51 16 14 26 11 39 56 47 37 27 15
7 15 10 9 7 12 12 12 6 21 11 8 14 9 14 16 18 10 13 8
23 44 28 34 18 44 54 33 34 51 17 9 32 4 16 46 54 53 25 20
26 47 33 35 35 62 66 45 40 62 36 26 47 23 38 62 56 52 40 11
1 1 1 1 1 2 4 1 1 3 1 1 2 1 1 6 8 4 3 1
1 11 3 7 10 9 7 14 5 13 5 5 7 1 9 8 11 5 5 4
16 31 11 28 8 27 40 24 33 46 19 28 26 6 7 30 37 45 28 18
1 1 1 8 1 5 7 1 6 2 1 1 7 1 1 12 9 7 1 1
15 55 20 46 27 42 57 43 36 66 30 36 28 26 25 46 60 42 44 36
17 20 7 26 9 23 43 15 31 33 12 27 27 17 17 37 44 37 32 15
18 25 17 19 11 29 34 14 16 35 14 11 25 21 22 31 33 22 32 12
8 12 8 4 12 10 11 18 1 22 10 8 12 6 10 20 14 8 9 5
5 12 9 5 4 12 9 5 4 12 5 4 5 7 12 12 12 3 8 4
21 31 10 27 21 32 48 21 32 37 2 12 23 2 21 33 50 33 24 18
10 13 8 9 9 16 20 10 13 18 7 10 18 7 14 22 21 16 9 6
25 29 20 36 27 39 56 37 39 53 34 34 42 21 32 52 46 40 30 10
11 18 13 3 18 26 22 19 1 18 9 1 12 13 19 27 18 13 17 1
9 32 8 27 10 15 32 27 28 37 18 30 23 10 14 31 33 29 24 18
1 5 2 9 4 16 19 6 13 12 5 10 16 3 1 16 19 19 9 5
1 21 12 10 6 17 13 7 13 24 9 11 10 9 10 20 11 20 17 8
1 10 4 8 8 1 3 16 1 22 9 10 9 5 2 15 8 9 7 2
23 31 16 14 32 40 46 33 19 38 15 11 28 13 32 40 40 30 23 11
21 23 9 19 11 27 38 18 26 34 13 16 26 6 13 32 37 40 19 14
1 5 1 1 1 1 1 3 1 4 1 1 1 1 1 1 7 2 3 3
15 14 4 20 17 24 35 18 23 16 4 12 27 10 22 27 36 20 16 6
25 20 26 25 29 32 37 32 24 42 24 2 34 13 29 52 34 34 17 3
13 27 10 42 27 17 44 38 31 48 28 30 37 20 28 47 49 26 26 15
6 13 10 7 11 12 7 17 4 18 11 8 10 8 12 14 9 1 8 4
1 10 2 6 1 6 4 3 4 7 1 1 3 1 3 12 8 8 1 1
38 33 27 44 37 57 75 45 51 56 30 33 53 28 42 61 69 60 49 17
15 19 13 5 20 32 30 21 11 24 14 13 18 10 20 26 24 21 16 5
5 20 5 13 1 15 18 8 15 19 1 2 9 1 1 18 18 29 12 9
2 18 6 21 19 21 24 26 9 30 17 14 27 17 23 27 32 12 7 2
13 26 8 20 24 30 43 29 24 28 9 18 21 7 22 32 38 23 20 10
13 24 13 8 10 24 25 11 9 27 6 4 9 10 11 27 28 21 27 13
1 5 1 10 2 5 4 4 8 4 1 3 5 1 3 5 9 7 9 3
3 19 2 17 12 19 21 19 15 24 7 15 15 3 12 11 25 14 13 9
2 1 1 3 5 7 11 8 3 5 2 6 8 1 2 11 9 3 5 1
16 35 21 8 24 35 36 23 6 38 16 4 20 19 25 43 28 31 30 6
11 8 4 10 5 18 23 9 16 19 12 18 22 6 10 14 24 20 11 6
1 13 5 16 5 8 13 11 14 13 2 5 10 1 2 25 18 20 10 4
12 21 3 8 11 23 26 19 16 30 14 20 15 5 12 16 26 24 19 10
27 32 13 38 22 33 60 35 42 47 20 25 34 15 22 47 57 47 42 26
1 14 6 3 6 10 2 8 1 12 2 1 1 4 10 7 4 1 6 1
3 3 6 13 4 24 27 11 17 14 8 7 27 5 5 28 27 21 5 1
6 8 9 11 10 17 19 15 9 14 8 1 13 1 5 24 13 16 7 1
40 22 21 24 28 34 51 29 23 47 18 11 36 21 26 46 49 40 37 16
1 15 3 5 10 9 8 13 3 15 4 6 4 1 10 9 10 5 7 1
5 9 10 15 11 22 21 20 15 21 15 13 21 6 6 22 12 17 6 1
1 9 1 6 6 8 7 13 5 15 9 12 10 5 5 10 9 8 8 5
6 6 6 8 8 6 8 7 6 7 1 5 7 4 7 12 11 4 8 1
32 32 23 21 27 46 53 31 26 51 32 27 40 28 35 48 42 40 39 14
16 48 20 36 32 42 48 38 27 61 26 27 31 23 32 44 49 33 26 22
8 27 9 26 27 19 30 33 18 39 33 33 35 31 33 32 31 6 7 14
13 33 17 13 8 31 28 15 17 37 18 20 17 17 20 28 27 33 23 12
7 7 3 5 8 3 9 9 4 7 1 3 7 1 9 10 15 4 10 5
14 14 9 9 10 23 24 16 16 31 17 18 17 7 9 13 19 22 16 11
6 15 11 4 7 15 9 9 4 17 10 8 9 9 15 12 11 4 12 5
34 43 21 28 27 40 53 38 36 50 33 34 29 20 29 33 46 48 48 29
3 17 10 16 8 16 19 10 14 22 7 8 10 7 7 25 21 18 21 9
10 6 3 6 11 15 21 17 12 19 14 20 18 3 9 14 19 11 14 5
1 14 3 17 11 27 32 16 19 17 3 8 16 3 6 25 30 26 18 5
25 38 20 21 8 22 38 19 25 47 15 13 24 3 19 33 36 35 22 15
1 6 3 10 6 11 11 11 9 17 8 15 13 5 1 14 9 11 10 3
8 14 6 7 17 21 23 24 3 22 12 8 15 9 13 20 23 15 17 6
1 2 1 1 4 2 1 6 1 2 1 1 1 1 1 3 1 1 2 1
7 22 11 26 8 9 21 22 18 34 19 26 23 8 5 21 16 26 13 8
7 24 12 23 11 3 22 29 6 38 23 15 25 13 11 31 26 22 5 7
30 39 19 42 34 49 64 40 41 65 40 44 58 45 51 50 66 41 34 21
27 33 27 17 25 44 41 30 24 47 34 22 34 27 29 43 33 43 33 12
6 10 6 20 10 29 29 16 22 15 8 9 25 10 8 34 25 29 13 1
26 37 24 23 7 31 39 20 24 51 20 22 25 10 9 33 38 45 21 21
1 15 4 7 7 7 5 13 5 17 2 4 5 1 5 16 8 14 4 3
1 16 3 12 12 11 12 19 6 25 14 21 16 9 11 12 10 9 6 1
28 35 20 35 27 47 53 38 38 54 29 29 43 20 35 40 52 37 31 18
5 13 3 3 5 9 9 11 2 18 5 7 7 2 7 4 14 7 11 8
8 14 8 3 16 12 10 20 1 19 11 2 8 4 10 15 8 13 15 3
1 13 5 11 10 7 5 17 4 19 10 14 9 8 9 8 9 1 10 3
1 15 3 10 8 13 10 12 8 17 1 1 9 1 6 21 17 16 4 2
1 13 1 16 1 7 13 1 14 14 1 10 8 1 1 15 18 18 16 10
28 45 18 22 41 47 50 45 9 57 30 27 24 21 41 42 47 29 39 23
1 8 1 1 3 7 8 5 1 8 1 1 1 1 4 1 12 4 3 3
1 2 1 1 1 4 6 2 1 6 1 1 5 2 1 10 11 6 2 1
3 10 6 7 11 16 12 15 6 16 6 2 9 1 6 16 9 12 9 1
40 13 24 39 37 48 56 42 44 48 31 33 57 30 45 50 55 44 19 10
31 30 23 31 36 45 57 44 30 51 27 33 41 29 37 45 52 41 45 14
20 32 18 20 22 26 43 24 19 39 18 16 17 16 22 39 39 28 40 20
2 8 4 1 4 7 10 4 1 13 1 1 2 4 3 12 15 8 11 6
10 36 15 22 20 34 39 20 19 38 11 14 19 17 24 30 39 24 34 15
24 39 19 30 34 41 55 44 36 56 32 34 32 17 41 42 47 26 34 11
32 38 20 23 47 45 55 55 20 55 28 17 44 21 42 56 52 37 22 9
1 26 9 10 12 25 18 20 12 29 7 10 14 3 15 24 17 18 6 1
12 28 4 16 14 13 26 23 15 34 10 17 10 2 11 16 30 21 28 20
17 22 17 29 27 32 40 33 18 46 28 28 37 36 33 43 42 24 29 10
14 24 14 8 21 24 29 23 6 25 12 6 14 13 16 26 28 23 29 9
1 8 5 5 1 8 7 9 5 15 8 11 9 4 4 5 10 7 7 7
1 1 1 3 1 1 1 1 2 4 1 1 2 1 1 1 2 1 1 1
28 36 20 38 19 31 47 17 40 50 19 34 32 12 10 37 49 49 35 29
1 4 1 8 3 3 7 4 6 10 4 4 7 1 1 8 12 9 10 7
9 40 15 37 34 36 55 45 32 58 47 51 41 35 37 46 45 23 28 19
1 7 4 13 1 8 11 1 12 8 1 8 6 2 2 10 12 7 9 3
14 26 23 29 22 30 39 28 25 45 24 15 30 10 18 43 34 32 32 10
14 34 23 31 13 38 49 20 31 45 19 18 21 11 13 43 41 41 39 20
18 36 21 25 16 38 39 17 30 40 7 11 18 4 13 38 41 40 25 18
24 38 21 34 23 41 51 33 35 58 32 33 40 20 29 42 41 40 36 14
2 10 1 8 5 9 12 11 5 15 5 5 12 4 4 11 17 14 9 7
27 31 10 28 28 28 45 33 27 53 24 31 32 14 24 33 45 31 24 17
22 59 30 41 25 40 52 33 43 58 32 40 29 28 32 47 47 45 51 30
9 12 6 19 15 28 28 17 18 18 5 9 19 12 14 27 29 21 20 4
16 30 14 22 24 31 38 33 17 46 22 22 29 20 19 37 34 38 28 14
36 23 24 32 30 37 47 35 39 50 34 33 43 23 39 37 47 36 26 20
1 6 3 13 2 10 9 11 10 11 6 4 14 1 3 11 13 9 1 1
35 40 27 30 26 56 58 20 36 50 21 22 30 24 27 48 53 48 42 23
6 20 1 26 12 16 27 29 25 33 25 37 21 12 13 11 24 20 18 11
1 1 1 2 1 4 2 1 2 5 1 3 1 1 1 1 3 1 4 1
11 30 7 33 8 13 35 17 23 42 14 24 19 8 8 25 42 30 28 22
8 31 23 25 15 32 34 24 18 41 20 18 29 20 15 47 26 33 27 8
24 54 24 24 32 49 48 39 28 62 32 40 29 25 41 37 41 30 37 21
19 42 16 21 17 36 42 20 17 49 11 14 20 17 26 35 45 29 35 18
10 25 22 10 26 29 27 31 1 39 29 17 23 24 25 34 16 14 25 1
22 32 23 32 38 43 53 49 25 54 33 14 41 12 29 40 50 37 30 14
16 45 18 20 26 35 43 33 22 48 20 21 15 12 26 34 37 34 37 21
1 5 1 5 1 4 6 4 5 6 2 9 3 1 1 2 5 1 8 2
9 28 20 21 21 28 25 26 16 37 27 31 26 24 27 21 21 9 27 7
24 34 19 34 28 53 59 37 37 51 29 30 48 27 38 51 51 36 35 5
12 20 18 6 17 22 19 17 6 24 14 1 13 12 14 33 14 21 18 1
2 5 3 1 1 15 14 1 5 11 4 7 10 4 4 11 14 10 1 1
4 13 4 4 4 6 8 10 1 20 7 6 9 5 9 7 15 5 7 6
1 9 1 1 2 3 3 3 1 6 1 1 1 1 5 11 7 2 2 1
1 6 1 3 2 3 1 5 1 8 2 4 2 1 3 4 5 3 8 3
9 2 1 3 7 15 22 8 10 7 5 9 17 4 9 15 23 14 6 3
11 14 7 9 10 15 19 11 11 17 2 5 9 2 8 15 19 15 18 10
7 18 4 7 14 20 20 15 12 20 7 15 12 1 15 9 20 11 11 5
34 47 15 25 28 36 54 43 24 51 24 28 29 7 36 41 54 42 23 24
1 3 1 4 2 4 3 4 3 6 1 3 1 1 1 7 6 3 6 1
13 20 13 23 16 33 41 21 27 25 16 19 27 13 11 33 31 35 28 9
1 13 1 10 1 5 8 8 6 19 4 4 11 1 1 14 13 18 8 5
34 44 24 43 24 58 65 34 47 61 32 34 55 33 42 55 60 49 42 14
4 18 12 6 1 10 9 6 4 19 4 4 6 4 6 19 6 13 4 1
2 5 1 1 1 5 10 1 1 9 1 1 1 1 1 7 13 6 5 5
7 13 13 14 13 21 15 20 14 26 20 20 19 12 11 18 9 13 16 4
13 36 27 30 18 31 37 35 24 51 29 21 27 16 15 49 30 41 32 11
3 10 7 5 6 9 5 12 3 18 10 11 10 8 6 11 6 4 4 1
15 33 10 19 9 25 38 15 25 36 9 22 11 1 11 15 40 28 31 25
1 13 5 11 4 8 7 11 7 21 9 13 11 6 5 10 9 11 12 7
17 22 12 13 20 29 33 26 15 34 19 20 26 13 17 25 29 26 24 11
4 9 4 10 6 9 10 12 8 11 7 12 11 3 7 9 12 5 9 3
30 50 23 18 41 41 48 48 16 56 23 17 27 14 41 54 44 35 31 12
4 39 11 17 14 24 33 23 18 41 17 22 5 10 14 29 28 27 34 18
2 20 14 10 12 18 12 12 5 18 10 9 6 12 17 17 13 4 19 4
30 30 15 36 31 49 63 36 43 48 19 24 42 19 40 46 62 44 32 15
31 41 27 39 32 45 52 25 30 56 25 25 36 33 28 48 58 40 40 27
29 49 26 16 39 55 51 44 19 60 32 19 30 21 38 41 42 38 37 17
1 7 1 3 3 4 6 5 1 11 4 4 5 3 1 12 11 9 7 4
8 16 11 17 13 9 15 20 10 28 12 13 18 6 8 28 15 17 12 2
7 23 14 10 1 11 18 10 7 28 8 5 11 3 2 24 17 26 9 8
14 29 14 18 10 26 36 17 22 41 14 19 14 6 5 27 27 35 33 19
36 39 32 17 31 54 57 32 24 50 36 23 38 34 37 47 46 45 42 18
27 43 20 27 38 33 54 48 20 58 31 30 32 22 35 38 51 32 40 21
17 45 23 33 13 39 40 29 32 55 30 32 35 20 24 36 32 42 31 14
4 12 7 14 11 15 16 16 12 28 14 18 20 9 7 18 16 18 13 7
23 31 20 20 17 24 37 34 19 40 26 18 38 14 21 38 36 36 7 13
34 37 29 16 43 47 54 50 23 58 30 15 42 20 42 55 48 45 21 6
21 33 4 15 32 22 31 36 11 40 11 19 15 1 30 29 37 16 21 18
23 33 20 42 39 50 54 52 39 56 40 36 49 13 36 38 55 42 28 23
8 22 6 7 11 23 24 13 7 21 1 2 6 6 10 13 28 18 16 13
16 32 25 13 20 41 38 21 14 43 17 13 22 25 25 46 25 37 33 6
10 8 4 8 8 1 12 9 7 10 1 5 10 1 11 10 18 7 13 8
29 47 20 30 39 36 45 51 15 61 31 29 33 16 44 49 43 30 20 17
5 13 2 21 5 15 29 8 19 21 3 8 21 6 4 32 34 31 20 9
2 20 7 13 1 1 15 13 6 27 8 11 10 1 1 20 17 22 12 7
7 23 5 11 4 17 19 13 15 33 9 15 14 1 5 12 21 26 15 10
11 6 10 28 16 17 29 25 26 25 15 11 32 1 10 28 33 20 16 6
25 35 31 22 27 47 46 30 20 50 31 21 32 33 28 43 33 32 42 11
22 22 12 16 17 30 43 16 25 34 13 19 25 14 22 30 42 28 28 16
32 52 31 44 24 31 59 47 41 70 43 37 41 20 22 53 52 61 36 34
4 35 14 7 12 28 24 13 8 37 10 10 7 9 18 19 18 16 20 8
19 22 10 15 26 22 33 28 18 28 13 16 21 6 22 22 26 21 26 12
22 36 13 25 16 44 52 18 33 41 13 19 29 16 28 34 52 39 31 16
3 7 2 3 5 7 9 6 3 7 1 5 4 1 5 11 12 6 8 3
17 21 7 26 22 21 39 32 23 38 18 26 37 15 23 38 39 30 16 6
1 4 1 2 1 2 1 4 1 2 1 3 1 1 2 1 2 1 4 1
6 9 6 4 7 8 10 10 3 15 6 5 11 4 10 18 14 5 4 2
38 52 29 24 47 52 57 46 21 57 25 22 24 22 48 50 53 26 44 25
12 27 11 12 13 23 22 14 12 26 2 1 8 4 17 18 29 17 17 13
25 45 36 29 32 40 47 35 24 54 31 29 34 29 32 57 36 37 43 15
16 16 5 15 19 26 32 20 16 22 1 4 23 12 27 30 34 17 10 1
4 5 4 1 10 7 8 12 1 8 5 3 3 1 4 12 8 4 7 3
2 10 2 8 2 3 11 5 8 10 2 11 3 1 3 4 13 5 12 6
3 34 2 27 14 21 32 27 25 32 10 21 12 5 11 25 36 25 21 19
13 27 10 11 15 22 26 16 13 28 6 6 15 8 23 24 30 18 15 11
1 1 1 7 5 1 5 10 4 10 9 11 9 5 1 7 6 1 8 1
12 14 2 6 14 26 30 16 14 20 6 12 21 8 17 25 31 23 14 4
1 2 1 1 1 1 1 1 1 4 1 1 1 1 1 6 5 3 1 1
9 34 19 37 16 35 42 27 30 47 23 24 32 25 20 48 37 34 39 10
12 19 11 14 18 24 31 24 10 34 20 20 24 17 11 29 23 28 26 9
17 25 12 8 14 27 26 20 15 33 17 17 15 10 16 22 18 29 23 10
7 7 7 4 5 12 14 4 5 8 3 5 9 6 11 15 14 4 7 1
1 12 7 15 1 16 18 3 14 17 7 12 13 7 6 17 18 12 13 3
8 14 8 1 14 19 18 16 6 19 9 8 7 2 8 13 11 15 17 6
5 13 2 16 3 7 18 8 13 19 5 12 18 3 6 21 21 15 9 3
27 28 22 44 19 38 60 31 44 55 16 19 42 13 16 58 61 56 41 19
5 29 9 19 12 16 24 22 18 33 13 20 8 7 12 22 27 19 28 18
11 38 19 14 13 20 26 29 7 46 17 10 12 6 14 31 25 23 20 10
8 9 4 5 4 1 13 1 5 11 1 6 6 1 6 8 19 9 16 10
1 21 10 4 10 19 11 10 1 20 6 2 4 11 14 21 14 11 12 4
25 37 21 34 42 42 50 49 30 62 37 36 45 26 48 46 44 25 25 5
19 37 22 37 16 28 46 36 33 48 20 18 38 8 23 50 47 41 18 12
3 7 2 2 7 6 10 9 1 11 2 1 1 1 1 14 12 10 10 6
30 34 28 35 32 36 43 34 34 49 19 13 32 17 35 52 46 41 26 19
5 8 1 4 6 13 17 7 6 7 3 8 13 5 7 18 16 13 7 2
12 22 6 14 10 17 28 12 15 22 3 10 15 10 14 22 34 21 25 15
5 30 9 12 18 23 23 26 8 43 14 18 13 10 16 19 22 18 19 9
23 48 34 26 33 42 38 38 23 55 32 20 31 26 32 49 27 37 42 13
5 27 9 4 10 17 19 16 1 28 2 1 9 5 14 23 24 19 7 5
4 9 3 16 4 7 12 9 10 21 10 14 15 6 3 6 15 13 15 9
1 7 5 7 2 7 5 3 5 9 1 1 6 3 5 10 10 7 7 3
19 17 15 32 19 33 49 23 36 31 13 12 38 9 15 41 51 38 28 15
1 2 1 1 2 4 4 8 1 8 2 2 6 2 1 8 9 4 1 1
4 5 2 15 6 9 15 9 13 4 3 5 14 1 6 17 18 11 7 1
6 7 1 5 9 11 13 10 1 7 4 5 11 7 9 15 18 9 10 5
6 16 7 12 7 23 20 6 9 18 3 1 16 14 17 31 23 18 13 1
18 18 9 20 16 19 38 17 19 33 8 8 19 13 20 36 40 24 31 12
28 56 31 27 28 43 53 43 21 69 30 22 32 17 33 47 46 38 24 22
1 21 6 7 10 19 15 14 11 25 8 15 8 4 11 11 15 12 15 7
6 10 2 8 8 3 10 12 6 14 5 9 10 1 7 7 15 7 14 8
9 19 9 5 22 19 20 25 3 29 10 6 13 7 24 21 22 2 11 3
29 43 23 36 43 56 67 51 31 61 28 27 47 29 47 59 58 39 42 14
1 2 1 1 1 4 6 1 2 5 1 2 1 1 1 2 5 5 3 2
1 5 1 1 5 5 7 7 1 5 1 1 2 2 2 9 11 7 5 5
18 37 22 30 25 54 55 32 28 55 22 21 33 16 23 44 51 39 31 17
20 38 16 24 28 50 45 31 17 47 21 32 23 24 39 39 39 25 34 14
14 54 22 36 39 27 46 54 23 67 42 37 34 32 39 54 44 30 33 19
17 14 26 34 16 48 48 21 35 37 26 23 47 27 26 48 41 37 27 1
13 22 18 15 17 38 32 26 17 35 29 27 28 24 22 29 23 21 22 6
1 3 2 2 1 6 4 1 3 6 1 3 5 1 2 4 3 1 1 1
5 17 1 19 11 9 22 18 15 26 10 22 20 5 10 13 25 19 17 11
21 35 7 33 37 35 62 45 30 56 33 34 51 25 36 50 57 41 25 11
15 25 17 22 18 35 39 21 21 36 15 21 23 20 25 37 33 27 36 9
13 12 5 32 8 29 40 18 31 37 19 34 37 22 18 21 41 35 26 7
3 14 5 7 2 10 11 6 7 21 5 5 8 4 3 16 16 15 15 8
1 3 2 2 5 2 2 9 1 14 5 4 4 1 1 7 5 3 6 3
9 19 13 9 7 19 18 6 11 24 5 4 3 7 7 16 18 15 22 14
22 33 20 24 29 31 47 33 21 52 27 25 35 23 28 47 39 36 36 13
7 15 13 19 2 29 26 8 20 25 5 8 25 16 13 38 25 31 13 1
9 23 14 30 22 29 41 38 20 42 21 20 42 16 20 49 40 34 12 3
24 44 32 27 30 53 47 36 30 52 34 28 36 33 36 53 36 47 36 15
14 28 24 41 22 39 45 31 28 52 26 27 46 33 35 55 46 36 31 2
29 55 34 39 10 34 52 25 35 63 25 30 26 18 12 49 52 55 43 36
32 27 22 26 31 35 51 36 30 42 26 15 45 27 30 51 47 40 39 7
1 11 6 8 1 13 13 2 8 12 1 3 10 5 1 22 12 19 4 1
6 38 17 22 18 22 27 28 17 41 23 19 11 14 17 37 18 25 33 11
