1000 20 12 2165
8 12 19 4 7 2 10 13 4 2 3 10
4 7 11 1 4 4 3 3 0 6 3 6
4 6 2 8 0 17 1 13 0 6 0 2
8 1 8 5 19 9 3 16 12 6 5 4
5 1 12 5 9 5 12 7 7 5 5 11
14 2 2 7 1 3 4 8 19 2 1 11
9 1 1 5 15 2 3 9 15 1 0 3
0 6 2 6 6 8 4 5 0 2 1 5
3 6 3 4 2 3 17 3 6 5 2 3
6 3 4 3 9 1 0 1 2 2 4 1
6 9 6 2 8 13 2 3 3 3 2 2
1 1 4 2 2 1 9 3 1 2 0 3
10 1 4 16 12 7 2 10 3 0 2 13
15 0 6 13 11 23 6 8 7 3 12 4
3 4 6 1 8 8 14 4 7 1 3 3
1 2 7 0 1 1 1 3 0 6 5 2
11 6 6 3 10 1 10 5 13 0 0 1
2 0 4 3 5 1 4 1 3 2 4 1
4 7 1 9 12 4 6 3 19 1 5 9
3 1 4 0 2 1 7 3 4 6 5 4
15 6 6 0 3 3 4 5 2 5 15 4
3 3 1 4 1 4 9 2 7 4 1 9
3 3 13 0 21 1 15 6 0 13 18 2
5 4 3 1 0 14 6 0 25 19 10 3
1 4 1 3 0 1 1 4 5 2 7 2
1 2 5 0 5 3 9 6 3 8 0 7
6 9 4 3 3 0 2 1 13 5 7 0
11 7 6 7 14 15 14 13 3 10 4 12
2 18 1 11 20 9 10 11 4 19 4 3
3 1 4 4 1 1 2 8 4 0 5 6
11 12 1 3 2 3 15 1 22 15 5 4
4 2 18 9 9 6 16 3 6 3 8 2
11 5 4 7 11 1 17 1 6 9 9 5
4 0 2 3 1 0 3 0 5 4 5 4
2 8 1 4 20 3 2 16 6 6 4 1
9 2 7 7 14 5 2 13 8 1 0 8
11 2 15 14 12 1 4 1 1 7 7 11
4 6 7 11 2 2 8 1 1 3 4 14
4 13 3 2 8 2 7 3 0 9 11 2
0 5 9 6 5 9 1 3 10 3 2 3
12 2 1 13 11 8 8 13 2 7 10 5
14 4 1 1 18 1 10 1 1 4 10 1
0 12 16 3 0 3 1 18 8 3 21 6
4 2 16 7 2 5 2 5 0 6 3 14
8 7 8 2 7 8 1 6 13 2 0 1
4 5 1 9 1 7 9 9 11 1 1 9
6 8 0 10 6 6 2 2 6 6 17 1
8 4 1 10 17 0 23 13 5 14 0 13
10 2 10 14 16 14 7 4 5 8 3 4
7 7 2 10 8 8 11 2 2 6 6 1
1 2 17 6 3 1 2 8 7 1 4 3
8 7 11 1 14 4 3 3 0 11 18 14
3 9 7 0 3 1 11 0 0 12 11 10
7 4 9 5 3 12 10 14 5 6 5 7
4 12 7 3 8 10 3 4 2 4 6 9
0 7 4 4 13 2 2 11 4 10 17 6
12 4 1 6 3 3 6 0 3 8 1 7
15 9 3 22 5 8 7 16 8 7 8 1
11 15 2 10 3 4 11 6 10 1 9 26
2 4 1 5 2 2 1 0 5 2 5 5
1 6 3 10 9 4 8 8 13 5 11 7
1 5 6 3 3 7 4 2 2 4 11 5
9 5 13 2 0 0 5 7 9 4 0 3
3 7 5 0 2 6 3 5 6 7 9 7
6 0 2 2 7 0 3 0 1 5 2 8
5 4 7 6 2 2 3 2 1 9 6 3
13 13 10 0 12 7 10 10 5 2 0 9
13 3 0 9 3 1 1 14 3 1 7 1
4 9 6 6 0 12 4 16 3 3 5 7
9 4 5 4 2 9 5 6 5 9 1 3
4 6 12 10 4 4 1 20 6 3 3 9
10 10 3 17 8 0 4 2 8 6 19 3
13 9 0 7 5 1 3 25 14 3 10 18
7 13 12 10 4 11 1 16 10 5 9 9
3 4 9 0 8 14 8 7 2 3 19 12
1 6 3 4 2 5 0 4 2 0 0 2
2 6 7 5 1 1 3 8 1 6 9 3
12 11 3 1 10 5 1 13 12 2 4 27
0 8 2 5 0 9 4 4 9 20 5 1
5 6 0 7 0 0 17 11 3 4 1 0
2 4 4 6 8 5 4 14 4 8 4 4
1 1 7 9 3 1 9 1 4 14 7 7
5 0 5 2 5 5 6 6 6 8 1 1
3 18 6 9 1 11 4 1 2 17 3 9
7 1 11 3 11 2 3 13 1 1 2 6
8 9 7 3 2 9 2 1 1 2 11 4
13 8 4 11 12 14 0 6 2 5 6 3
11 2 9 7 1 1 10 0 12 11 6 3
17 7 19 9 3 0 3 0 13 5 6 13
1 5 2 3 2 0 0 4 14 6 6 0
4 11 8 1 14 2 4 3 20 14 21 9
8 3 1 6 3 2 2 11 9 2 4 1
7 12 7 7 9 7 9 14 14 1 7 2
5 16 4 13 9 3 3 0 3 1 11 7
8 5 4 3 2 8 15 4 11 13 2 4
1 6 13 7 7 16 20 3 7 10 4 14
2 5 3 5 6 5 11 3 2 0 10 8
14 17 7 0 4 19 3 13 4 2 14 0
8 5 4 24 5 15 12 0 6 0 9 0
9 11 2 5 3 23 9 17 9 0 3 3
2 13 2 8 7 7 6 2 2 13 5 21
10 1 12 17 6 9 18 16 12 2 9 3
3 6 0 11 5 6 1 3 1 2 3 2
0 4 6 17 10 7 1 17 11 4 0 2
1 1 0 7 4 3 3 1 1 6 1 4
0 1 5 2 2 1 6 2 4 4 1 0
18 5 12 1 16 1 8 2 6 10 12 5
8 8 0 8 2 9 4 3 13 4 15 1
1 11 4 1 1 0 3 4 4 3 2 2
0 2 4 2 3 6 4 1 2 1 2 5
1 7 5 7 9 7 3 2 6 8 0 3
3 12 4 14 13 3 0 8 2 3 3 4
4 4 5 7 20 12 8 5 23 1 9 15
18 13 14 4 6 2 3 15 4 1 1 5
3 10 16 4 2 12 8 5 12 1 3 10
6 13 4 12 3 8 9 3 11 2 0 10
12 1 3 4 4 1 7 10 6 5 17 15
0 1 3 3 2 10 8 2 1 0 12 7
2 12 16 8 6 2 2 3 8 5 3 3
11 16 3 4 6 3 1 6 13 11 18 7
2 2 6 0 4 4 5 9 1 2 1 2
4 7 9 7 23 16 2 5 8 4 11 8
12 6 13 3 3 14 3 1 3 4 3 18
1 0 7 8 9 12 11 1 12 12 4 1
16 2 3 3 4 8 20 7 25 0 9 8
6 9 3 6 10 14 3 17 9 12 12 4
4 1 2 9 3 0 1 2 3 7 5 5
2 4 3 9 7 11 1 13 1 1 13 6
7 6 8 0 16 6 3 6 2 1 4 3
7 3 1 0 3 2 2 0 3 5 5 5
2 2 1 8 2 14 7 18 1 4 5 5
7 4 4 1 2 2 3 2 9 0 3 9
19 5 1 3 9 5 10 4 1 11 14 12
4 3 2 7 6 2 23 4 15 8 6 13
9 5 2 4 1 2 2 8 5 5 8 11
0 0 3 3 4 0 1 1 3 4 3 7
5 0 3 4 4 0 0 5 7 0 1 4
12 5 1 2 10 9 15 2 13 9 5 12
1 8 10 4 1 6 5 2 3 6 6 7
6 1 8 2 4 2 0 1 3 1 1 5
4 6 17 4 9 4 10 12 3 13 8 0
9 1 10 3 5 1 10 10 0 6 3 8
6 1 1 9 11 8 5 3 8 1 2 7
6 4 2 4 4 4 16 6 4 3 0 13
2 3 5 3 3 0 8 8 1 3 6 10
10 9 8 21 3 13 5 2 6 2 4 8
17 1 0 3 7 0 1 2 5 4 1 3
2 3 6 6 3 1 9 2 22 9 2 5
10 1 6 3 8 8 0 9 12 1 2 5
6 17 15 1 2 12 3 4 17 8 3 3
8 6 12 10 8 6 1 3 11 9 5 19
0 2 1 1 0 8 2 0 3 1 3 3
1 2 12 5 14 4 21 7 15 10 9 10
6 10 4 7 3 4 1 3 2 2 12 0
5 8 7 5 1 12 1 16 6 11 12 1
13 18 9 6 2 4 3 2 8 19 3 7
6 3 9 2 12 7 3 3 16 1 17 13
1 7 8 4 3 9 7 1 3 7 6 3
2 8 3 12 9 7 10 11 10 5 3 4
1 0 2 7 4 3 1 6 9 3 5 2
2 1 6 2 7 7 2 4 3 5 4 2
3 14 4 1 6 0 17 16 9 5 2 13
5 2 6 1 4 9 7 7 8 2 1 7
2 1 4 1 4 3 2 8 3 1 4 3
15 9 3 0 5 7 1 7 2 13 12 3
2 4 4 2 8 3 6 1 1 10 1 5
8 1 3 4 5 5 6 8 2 2 9 4
2 7 5 7 11 5 1 1 10 3 3 4
12 19 16 0 0 6 8 12 1 8 19 1
4 3 2 0 3 2 6 7 3 0 2 3
1 10 18 12 5 1 12 4 9 5 3 1
1 13 12 10 2 1 5 2 2 2 7 8
5 15 13 1 12 6 6 13 12 1 15 1
2 11 3 16 5 12 24 4 7 8 9 3
11 0 2 5 3 5 21 14 11 12 4 1
1 7 20 1 4 0 2 8 20 0 8 11
20 9 7 2 1 2 5 5 1 6 0 5
2 3 7 2 5 8 6 4 5 3 11 3
8 3 2 17 0 8 11 2 3 18 23 6
2 4 0 2 3 6 9 9 2 10 3 9
15 10 7 10 5 3 3 10 4 11 5 17
2 0 2 0 3 3 2 4 12 2 8 8
0 3 8 6 8 4 5 3 0 5 3 2
3 3 8 4 12 13 2 11 7 18 6 6
1 2 2 5 4 4 4 3 4 2 2 7
4 9 7 1 1 8 2 6 15 22 4 12
2 1 0 6 2 5 2 0 4 5 1 3
0 3 12 8 13 12 11 0 12 11 24 7
4 5 17 4 13 4 1 20 4 13 3 19
7 6 9 16 3 10 16 4 2 12 1 13
2 10 9 9 7 10 12 8 7 0 3 12
9 2 1 9 6 8 17 21 7 19 1 9
5 4 6 3 1 1 1 12 7 7 10 2
1 2 16 3 1 8 2 7 1 9 4 9
3 25 8 2 6 12 4 7 16 3 10 3
10 2 6 5 7 1 3 15 11 5 1 4
18 0 3 16 2 5 12 10 5 2 11 2
5 1 3 7 1 7 7 3 9 4 9 9
5 17 1 9 3 23 9 4 8 3 7 4
10 5 18 3 5 2 4 14 1 17 16 15
8 2 1 3 8 5 2 8 1 5 18 12
3 9 7 6 2 4 13 11 19 3 19 13
3 2 3 9 1 4 2 14 1 5 0 2
7 5 3 8 6 10 9 6 6 12 10 4
5 1 9 0 11 19 11 3 3 21 8 8
0 6 9 17 7 2 5 4 4 13 5 15
6 7 3 2 0 4 4 2 13 3 6 16
3 4 2 1 1 3 3 4 2 7 1 2
2 13 10 3 12 3 2 7 7 14 4 3
8 13 6 7 12 12 1 2 5 11 6 3
18 3 22 7 1 11 8 2 8 3 13 12
7 6 5 8 9 2 16 2 11 10 8 4
1 4 12 1 15 17 8 15 7 21 2 8
4 15 5 1 16 0 6 13 11 10 3 4
5 5 18 4 4 20 7 0 0 13 0 15
1 1 4 3 0 1 1 0 4 6 4 2
9 2 11 1 0 17 14 5 4 4 3 20
5 2 6 1 2 2 4 8 4 1 1 2
2 4 2 4 1 6 0 1 3 4 5 3
13 20 4 9 8 12 2 20 1 2 6 1
2 22 12 8 2 20 9 3 1 2 14 8
15 0 23 11 10 1 1 1 3 2 3 11
2 2 1 8 3 10 9 8 12 3 8 0
8 6 6 8 5 1 10 10 1 16 5 5
22 12 12 9 5 1 3 6 9 8 18 1
11 14 4 7 10 17 18 15 5 4 5 11
3 1 1 0 4 2 6 5 1 2 0 4
6 7 9 14 2 5 2 7 15 6 1 6
3 15 5 3 7 9 14 6 10 20 5 9
7 8 1 1 12 7 4 12 2 3 6 0
12 5 4 2 2 2 21 4 5 3 18 11
11 7 2 10 4 8 2 1 2 0 3 7
11 2 0 1 3 3 1 14 2 3 7 7
17 1 7 8 12 13 4 8 9 7 12 10
13 2 10 7 1 1 6 5 13 8 8 10
11 4 7 0 6 11 3 7 10 11 20 12
0 13 5 14 3 9 15 10 1 13 8 10
12 5 3 4 4 22 12 3 1 22 3 7
12 9 5 3 1 9 7 8 2 5 8 7
5 1 3 3 3 8 3 3 6 5 1 2
6 7 5 4 4 1 6 2 4 7 5 0
6 3 12 10 8 7 3 24 13 10 1 6
2 1 3 3 2 6 5 5 6 0 3 10
11 9 15 7 8 2 6 11 4 14 14 11
5 5 3 1 2 3 2 3 5 5 3 2
14 4 1 8 0 1 4 13 14 3 8 18
1 6 2 3 9 5 12 16 10 12 13 3
3 6 1 2 1 6 8 2 1 1 1 0
5 3 6 0 19 4 5 20 1 14 4 5
8 3 2 10 1 4 3 3 5 1 1 21
1 2 2 3 1 1 2 2 2 4 7 8
11 13 4 26 5 8 2 14 1 0 5 17
6 9 3 0 1 2 2 5 1 7 1 1
0 11 1 1 13 4 4 7 9 1 14 1
12 6 1 1 7 3 16 15 11 13 6 17
2 1 0 8 11 3 13 3 4 6 3 14
18 6 19 4 6 5 8 9 8 6 17 13
15 8 0 12 8 17 7 4 0 13 13 0
5 16 2 2 16 14 2 13 19 8 9 7
3 11 10 2 1 13 1 1 14 13 2 5
11 5 10 12 9 7 0 3 19 0 6 0
1 6 3 14 5 4 4 7 23 16 12 14
16 2 6 6 2 17 11 20 1 5 2 18
6 0 7 0 3 2 2 6 6 6 0 4
1 3 4 2 10 13 10 2 9 6 7 9
1 9 7 2 14 3 2 6 10 4 21 8
1 4 2 0 7 3 10 2 3 3 5 1
5 9 8 1 10 6 3 4 4 3 1 4
9 4 8 3 15 13 11 1 12 10 6 0
2 1 1 6 8 12 7 4 6 2 5 6
6 1 1 3 1 2 1 4 0 4 4 1
5 1 2 1 8 6 3 5 6 8 1 3
8 10 17 0 11 3 14 2 9 14 14 17
5 7 6 2 6 1 4 9 1 2 2 2
5 12 4 4 8 12 9 22 9 18 2 13
14 7 19 9 17 2 4 9 3 2 10 9
10 5 14 3 1 25 11 12 6 11 1 4
10 2 13 9 7 0 5 1 9 4 18 3
2 7 9 8 5 0 1 3 6 5 0 7
7 2 7 13 4 9 4 2 7 8 4 4
8 15 15 10 9 15 8 3 7 5 8 15
12 1 8 11 6 2 2 8 4 3 6 0
9 18 14 15 1 3 11 8 17 15 6 5
0 3 0 6 5 4 2 3 3 8 3 9
5 1 12 13 14 4 15 0 3 4 7 0
2 6 3 3 5 7 4 1 0 5 4 3
16 5 11 3 10 3 4 12 0 1 6 11
5 10 0 3 14 2 6 2 4 8 18 8
6 4 2 4 1 2 4 4 2 0 0 2
4 8 4 1 14 1 5 5 4 3 4 1
14 7 11 1 9 6 1 3 15 10 13 5
1 6 5 4 2 2 5 0 6 2 2 2
8 5 17 2 1 6 4 9 8 9 4 0
4 5 2 2 1 2 1 5 4 7 4 0
2 13 4 3 9 9 5 22 18 2 13 14
16 10 9 4 20 2 4 20 4 6 3 5
19 9 4 7 6 8 15 18 7 2 5 3
5 12 0 1 0 1 4 5 5 8 6 7
9 3 6 2 2 1 2 3 1 8 5 1
2 0 6 3 2 4 1 3 2 5 5 3
15 6 3 3 3 31 6 8 9 6 7 3
7 16 1 17 4 2 4 2 8 3 1 5
1 3 5 3 6 8 8 4 5 5 3 2
15 13 6 6 13 4 18 2 8 3 0 8
11 4 6 1 4 6 4 8 2 5 14 1
5 7 5 17 16 12 7 11 12 7 4 21
7 7 5 1 11 6 5 5 18 2 3 7
4 21 7 9 2 3 8 8 2 1 7 13
2 21 3 8 10 1 2 8 9 10 3 17
19 7 10 1 6 10 1 4 11 7 1 4
6 8 3 8 1 6 5 3 4 17 4 1
5 11 14 8 11 3 2 12 10 3 3 3
6 2 9 5 1 0 9 7 5 2 4 8
6 4 2 4 1 2 1 7 1 10 4 7
12 1 0 9 3 0 8 3 9 0 13 6
16 1 4 14 1 5 5 16 14 11 1 13
2 2 3 2 6 1 2 0 1 2 6 5
6 0 9 1 3 6 5 6 2 2 2 3
7 11 5 13 4 7 22 1 3 4 14 4
9 11 11 3 14 5 0 21 9 7 0 8
6 0 1 9 0 0 2 1 10 9 1 1
3 1 1 6 7 3 24 13 13 14 4 1
2 3 3 9 2 8 2 3 1 8 1 3
1 5 2 6 15 11 13 6 3 5 8 2
14 4 1 21 15 5 11 21 7 2 2 1
2 12 6 6 1 1 16 3 10 4 1 13
4 11 6 12 3 6 1 12 14 6 5 9
4 4 0 12 19 20 6 1 3 19 0 3
4 1 1 13 6 6 10 1 0 16 10 1
10 14 8 9 21 8 3 1 2 8 3 14
1 6 3 1 5 5 6 5 0 1 1 2
2 6 13 1 25 15 2 11 6 17 8 4
2 12 5 9 4 8 3 6 3 12 7 9
9 3 12 1 4 13 10 10 1 2 15 13
12 9 2 2 8 12 7 9 9 1 1 5
2 0 0 1 1 6 6 1 0 4 4 1
8 1 6 9 11 18 8 2 1 5 11 17
17 3 9 4 2 5 15 8 9 8 10 3
8 5 1 0 5 18 17 2 14 10 2 13
23 0 2 0 9 14 16 7 4 1 7 3
1 5 2 5 5 1 4 10 0 6 9 1
1 14 4 3 16 9 7 4 5 4 19 3
4 3 3 2 4 4 9 2 9 6 7 2
5 8 1 0 5 7 4 5 3 2 2 3
0 2 2 1 20 1 6 4 12 11 0 1
6 5 8 1 4 1 1 1 6 0 0 4
8 5 6 9 4 4 4 2 7 0 9 6
9 4 7 4 15 9 0 4 13 7 8 11
5 20 3 1 4 4 7 9 18 6 3 3
9 11 1 13 3 2 3 4 1 3 5 9
5 4 5 1 32 8 5 4 1 11 3 1
0 8 2 1 5 3 0 7 3 0 1 14
7 20 2 12 9 11 12 11 4 9 7 3
5 0 2 1 3 3 0 0 1 1 6 6
5 4 15 8 11 9 4 11 0 6 3 10
7 3 5 2 3 3 4 1 2 1 1 1
2 17 6 10 10 3 1 8 5 2 5 5
4 15 3 6 6 3 7 3 1 6 9 3
0 8 4 2 9 4 2 5 1 3 2 15
15 3 3 1 3 3 8 2 2 2 7 4
3 1 10 0 3 1 3 3 1 14 1 12
0 10 4 10 7 1 8 0 6 7 0 0
5 11 5 3 11 1 9 13 11 6 14 11
6 7 12 5 10 3 7 4 12 7 3 5
13 15 21 7 6 3 6 10 3 3 9 0
2 4 2 3 4 3 6 8 2 1 5 3
3 6 9 1 12 10 1 9 5 9 6 2
0 2 1 1 4 18 12 15 11 13 15 13
2 1 2 0 16 10 4 16 17 4 1 4
5 1 5 1 5 0 1 7 1 0 3 3
1 1 6 3 2 6 4 2 5 3 1 4
6 3 4 4 7 1 7 5 1 5 7 0
2 0 4 3 7 8 3 5 3 4 2 2
1 2 8 14 2 20 10 9 18 10 2 3
2 6 11 2 12 8 8 10 2 13 13 19
3 1 2 1 10 9 7 7 1 3 3 2
8 5 5 4 15 1 5 5 6 7 2 10
9 1 8 2 7 10 9 4 2 2 3 2
6 4 11 9 1 14 14 3 5 1 9 1
8 6 6 10 5 5 20 5 16 2 1 13
4 6 16 2 6 1 2 7 8 3 2 2
9 11 7 9 4 20 13 16 5 3 9 2
11 2 11 2 6 6 2 2 3 0 4 1
3 5 5 5 2 3 1 6 0 0 2 11
13 9 19 10 2 8 23 1 8 4 9 3
1 2 5 15 5 2 6 9 5 1 1 7
3 3 7 6 17 11 9 11 1 8 17 5
10 3 3 9 1 6 4 3 3 1 2 2
2 3 2 2 3 5 2 4 4 4 1 1
10 12 14 2 0 8 7 4 1 3 14 1
3 3 3 2 0 5 0 1 7 3 1 4
4 3 9 9 3 2 12 1 13 13 1 13
1 3 5 3 8 0 2 4 4 18 7 9
6 5 6 6 5 2 9 3 4 3 4 3
9 9 8 7 6 10 4 7 2 11 10 7
3 5 2 1 11 5 7 5 5 0 16 6
5 3 1 2 1 2 1 4 0 4 5 3
21 4 3 11 1 3 1 1 9 8 4 6
14 3 3 5 5 7 6 2 2 1 8 3
1 1 3 5 4 3 3 3 3 1 4 9
6 3 15 8 4 14 6 10 5 8 7 7
2 0 4 3 2 4 2 5 6 9 3 2
6 4 0 5 2 6 1 2 0 1 1 2
11 17 19 5 2 0 1 7 4 6 8 9
6 5 4 2 9 8 5 4 9 6 2 12
1 10 8 10 6 6 2 7 1 8 0 1
2 3 2 3 5 0 4 1 8 2 5 2
11 2 3 0 9 7 12 2 10 3 15 8
9 6 3 12 13 4 8 4 12 0 2 4
3 2 2 5 1 1 4 8 2 10 1 0
1 8 6 10 13 10 3 0 4 8 16 5
13 17 3 7 3 11 2 22 5 10 10 7
3 5 13 18 2 13 7 11 1 3 0 6
1 5 1 7 4 3 4 5 2 5 5 1
6 10 7 17 2 10 5 19 17 5 0 14
1 4 4 6 21 8 0 4 3 17 4 5
7 10 6 19 7 4 3 10 4 7 0 1
2 5 2 4 4 3 0 3 3 5 1 6
1 2 4 1 4 3 3 6 4 4 0 0
15 7 1 15 9 1 1 3 17 13 1 12
0 8 7 9 4 4 4 6 10 3 0 7
3 2 7 7 2 3 4 0 6 12 0 2
6 0 3 2 1 5 7 3 4 3 3 1
4 3 6 1 5 8 4 4 3 1 7 7
18 1 7 12 7 7 3 4 7 13 6 2
0 2 2 2 11 2 6 7 13 7 1 1
2 2 1 5 2 4 2 4 3 10 7 5
0 5 6 1 3 3 6 13 11 1 4 7
2 12 4 8 3 10 3 8 9 3 4 9
11 2 22 9 13 9 22 4 5 8 5 1
8 23 2 1 8 20 8 0 3 7 6 3
5 11 4 3 5 7 1 5 3 5 3 8
6 11 6 14 4 3 6 1 4 5 2 2
1 3 5 6 9 7 2 7 6 8 2 10
13 5 13 3 7 12 2 1 8 10 7 8
2 6 14 2 7 11 2 6 3 8 6 5
3 4 1 2 2 4 2 2 1 2 5 6
4 6 2 0 7 2 2 2 5 2 12 7
1 4 7 1 7 6 0 1 2 2 1 0
12 9 1 4 1 10 1 2 4 0 0 8
7 3 2 6 2 3 6 10 4 4 1 0
2 2 23 0 6 12 1 4 2 5 9 5
1 2 3 5 5 2 2 2 5 3 7 1
5 2 4 0 6 8 2 8 1 2 0 2
3 5 10 3 5 5 1 9 2 9 12 3
2 3 6 2 2 2 5 0 6 13 12 2
11 24 2 0 3 9 16 1 5 0 1 8
5 6 5 2 2 1 2 5 1 5 1 2
8 1 4 4 2 7 1 7 3 10 2 3
8 5 5 5 1 5 3 2 5 5 1 7
2 1 13 10 6 14 15 1 9 4 1 5
1 2 5 3 3 6 2 2 0 0 3 5
1 2 2 1 1 4 0 1 8 1 0 6
7 10 10 4 6 3 11 10 1 6 3 8
10 0 4 5 1 3 11 4 2 3 17 26
9 13 12 4 12 4 20 5 1 4 3 3
10 6 4 10 2 6 15 0 14 1 5 16
11 4 11 9 9 12 5 1 9 0 3 2
12 2 7 3 11 5 17 8 0 13 5 14
1 5 3 13 7 3 5 5 6 21 18 5
5 5 6 7 2 1 1 3 3 1 3 2
12 4 6 0 3 5 19 11 3 15 0 5
9 3 2 3 4 7 5 2 8 13 2 1
2 6 10 11 7 11 3 3 11 7 10 13
1 3 2 1 1 7 13 1 10 2 1 9
4 8 0 9 6 3 9 16 10 7 5 1
8 8 1 3 14 8 6 6 21 3 3 2
6 2 6 6 5 4 2 2 7 4 2 7
5 17 1 1 4 5 1 4 17 2 6 3
2 5 3 3 6 5 2 0 8 1 3 1
11 6 0 0 1 4 6 9 6 7 0 11
4 9 1 17 1 2 11 2 10 5 16 3
5 18 2 0 10 3 4 5 5 2 3 6
11 0 5 20 13 8 6 6 3 18 14 7
11 11 17 6 1 0 3 12 5 2 18 21
2 3 5 6 6 5 4 2 1 5 4 3
2 14 12 5 4 1 3 13 14 21 14 14
9 0 1 6 7 0 7 5 10 0 7 12
2 16 0 6 4 1 5 1 20 0 10 4
0 9 8 9 6 6 1 0 16 2 8 6
2 7 1 2 3 8 6 6 0 3 5 3
7 11 4 2 10 5 5 7 2 5 7 14
14 8 9 7 7 1 8 1 0 14 10 8
2 7 1 3 14 1 1 11 8 6 10 15
11 10 4 1 8 16 1 3 9 17 3 3
11 13 1 6 4 14 14 11 2 1 0 2
1 1 1 2 2 0 2 5 2 6 7 4
16 16 5 5 7 12 3 15 7 1 10 8
5 6 3 10 1 1 2 0 2 1 4 4
7 1 2 5 6 17 5 5 4 2 11 5
2 1 11 9 6 4 4 2 16 11 2 7
3 3 1 2 4 4 5 13 3 1 7 1
1 8 8 4 7 4 6 0 11 9 22 5
7 5 10 4 21 7 4 3 5 2 19 2
9 7 4 10 15 0 3 2 8 2 3 5
4 3 3 3 11 10 2 7 3 6 1 11
3 2 7 10 2 1 0 1 12 1 1 2
4 5 7 11 0 0 15 9 6 1 8 10
0 7 11 3 9 13 3 23 4 6 15 17
6 14 5 9 17 17 6 3 2 6 3 6
4 4 2 0 3 1 2 7 0 6 10 1
6 4 2 4 5 5 3 2 1 2 4 4
7 13 10 7 4 0 18 1 2 1 5 10
0 3 6 2 3 1 6 1 0 1 1 3
3 0 0 0 2 6 6 4 0 1 7 5
3 11 6 6 8 4 3 3 2 2 7 3
4 8 0 6 6 6 7 3 4 4 6 7
15 7 18 4 1 7 4 2 1 0 6 0
6 8 5 3 1 16 2 14 20 3 12 13
7 9 9 20 11 3 3 8 6 17 16 5
6 4 2 0 1 6 0 3 2 1 0 2
12 12 7 3 2 10 12 11 8 0 20 14
0 2 2 2 8 12 6 6 11 21 8 20
11 5 1 4 4 10 3 18 2 0 4 12
4 1 2 13 9 7 10 11 21 16 7 15
6 3 4 0 2 4 8 8 0 6 3 3
4 2 7 4 8 2 11 3 2 9 3 2
5 0 3 4 10 6 14 6 2 3 7 2
3 0 3 0 4 7 10 2 0 2 1 1
2 6 3 4 2 2 5 3 3 5 6 4
4 10 2 2 2 2 2 2 3 3 5 2
6 3 13 1 4 1 0 14 3 5 4 4
2 2 2 17 9 2 24 7 9 7 9 3
1 5 4 2 5 2 4 1 5 1 2 2
0 7 5 5 3 8 8 3 4 1 5 1
1 3 2 1 6 4 5 5 1 1 1 2
1 4 4 1 2 6 3 10 14 0 5 3
5 3 8 0 2 11 12 18 1 9 12 9
11 24 9 14 15 1 9 3 11 7 4 5
0 5 7 2 7 10 10 4 7 10 3 2
12 7 12 12 5 13 3 2 6 21 6 2
6 5 2 4 3 5 4 0 4 10 6 6
1 3 3 4 1 6 1 2 4 3 2 8
1 5 5 1 10 9 10 2 0 4 9 2
6 19 9 13 12 3 4 4 11 1 6 3
2 2 3 5 1 1 5 4 6 10 4 13
7 4 4 0 6 3 11 12 12 6 1 7
9 0 11 1 8 13 5 4 7 4 1 1
6 13 6 6 7 12 13 3 4 7 13 3
4 1 0 2 2 3 4 2 1 4 4 5
5 6 11 7 1 8 2 15 17 6 1 12
2 7 4 6 4 9 7 4 9 5 7 5
4 3 5 3 2 5 4 5 13 5 19 4
2 3 1 2 2 4 3 2 7 4 1 9
5 9 3 3 2 9 1 1 6 2 1 0
2 1 7 3 3 4 1 8 2 3 1 2
0 1 2 9 8 0 2 5 12 5 2 1
10 5 15 14 8 6 8 7 9 0 0 23
3 1 4 2 0 5 6 5 4 6 12 11
8 9 9 16 10 6 3 3 11 1 6 2
8 7 1 1 2 4 1 2 2 3 0 5
3 5 6 1 10 1 5 4 14 13 0 0
1 2 4 13 1 4 5 8 12 1 9 10
0 10 11 4 20 9 6 3 7 4 18 6
6 7 19 14 7 9 1 2 4 12 12 22
6 6 28 2 8 11 0 1 5 19 8 7
2 9 3 9 5 6 16 6 4 3 1 6
5 5 15 2 6 17 14 9 2 4 4 3
1 2 1 5 12 6 5 3 1 1 4 5
1 6 9 4 7 2 3 5 14 5 3 27
4 9 14 1 3 5 1 2 4 4 3 3
4 6 4 2 1 11 8 13 7 3 4 1
2 13 9 0 7 10 10 6 1 4 7 11
2 20 7 9 1 8 13 7 1 15 2 11
23 8 3 1 3 2 2 3 0 8 12 5
10 10 0 5 10 9 0 6 7 11 2 1
4 0 1 1 2 4 1 2 4 7 2 3
3 5 0 0 1 1 2 4 4 4 0 6
6 0 21 11 1 1 2 0 12 7 2 1
2 10 4 11 9 2 8 2 4 0 2 0
3 6 4 16 6 3 13 5 18 8 22 3
13 6 5 2 19 7 3 6 1 2 8 3
10 8 4 5 12 5 18 3 15 17 7 10
7 1 5 2 1 4 22 1 7 2 5 13
2 2 2 5 8 4 6 4 3 3 3 8
11 4 16 7 10 13 15 0 3 5 9 3
4 6 2 3 8 2 3 11 1 1 3 3
1 8 2 4 5 7 2 6 7 12 1 10
3 1 1 2 3 2 1 6 6 2 3 3
8 1 2 10 7 4 13 6 7 3 1 14
3 7 7 6 6 3 0 0 7 5 1 1
3 7 2 3 9 1 7 5 0 1 3 1
11 10 13 11 16 2 17 3 7 1 0 4
7 14 4 10 0 2 9 2 11 0 3 3
5 10 5 2 21 1 7 1 2 2 17 5
2 1 1 3 5 3 4 0 2 5 4 2
1 3 2 2 8 10 10 4 3 0 13 16
2 4 7 0 5 2 10 8 5 5 6 3
11 4 2 2 6 6 6 5 2 2 3 6
7 10 4 11 7 6 8 1 3 20 3 19
7 27 0 8 11 2 6 16 4 7 1 1
2 2 11 8 7 6 10 1 13 0 0 11
1 14 9 16 7 6 0 5 3 2 16 3
14 11 1 14 17 5 6 3 1 12 8 9
2 6 9 1 17 10 4 12 13 4 2 16
16 1 2 13 7 3 14 5 2 1 0 1
1 5 1 2 5 4 2 6 2 3 2 3
8 13 13 19 2 1 16 15 4 12 3 9
2 6 2 1 8 1 3 3 2 1 5 2
1 9 1 5 0 6 5 3 4 2 4 3
22 7 11 5 16 2 3 1 5 2 9 4
3 1 3 8 3 1 0 1 2 0 0 3
3 9 3 3 4 14 4 2 6 0 5 8
5 1 2 5 6 2 5 2 3 2 9 1
4 1 8 4 2 1 3 19 6 8 12 6
1 2 2 6 14 1 4 2 3 1 2 4
6 8 1 6 9 15 4 6 7 9 6 15
14 6 4 6 9 13 5 6 19 8 13 0
21 4 7 11 9 1 8 5 2 19 5 14
8 3 5 4 6 2 8 7 10 3 0 9
9 5 1 10 1 1 8 8 10 2 30 11
4 17 9 7 5 10 4 0 7 17 2 4
0 2 2 3 5 5 4 2 10 1 3 7
2 3 0 4 3 0 0 2 7 5 1 1
5 0 3 1 2 0 1 3 2 1 2 8
1 2 8 9 8 9 6 6 8 1 10 2
0 16 5 8 1 2 2 19 6 0 3 2
5 2 7 19 6 3 13 9 16 6 17 4
0 8 11 5 11 8 7 1 15 3 1 2
30 1 2 6 1 13 3 10 5 0 13 2
9 6 12 8 5 10 9 7 2 13 8 9
2 1 2 13 1 1 7 7 5 4 7 9
9 6 6 5 4 0 5 3 2 1 1 1
8 14 4 4 16 7 3 23 6 7 4 4
11 0 10 3 7 16 25 10 4 1 4 0
6 4 9 14 4 10 9 6 1 4 6 11
18 4 1 7 4 14 5 2 10 4 10 11
1 11 0 1 11 8 11 15 3 29 3 5
3 3 4 2 4 7 1 3 12 4 0 9
2 4 1 9 3 0 1 5 1 3 4 5
3 15 11 2 8 3 12 3 10 10 2 7
8 14 12 9 3 4 11 9 12 2 2 24
4 4 5 3 3 2 3 0 10 4 3 13
3 12 1 15 5 6 4 1 12 4 19 1
1 7 2 3 0 3 7 7 0 13 2 22
23 5 11 5 3 13 5 13 3 6 9 6
4 0 7 3 6 2 7 8 3 1 1 0
4 2 2 1 4 7 8 3 1 0 3 3
8 5 5 8 2 5 5 4 4 11 15 4
4 7 2 5 1 0 1 4 1 1 4 9
8 6 0 3 21 5 17 8 6 1 14 0
8 1 2 2 3 3 7 6 10 9 2 2
8 12 2 3 11 16 1 5 7 8 15 5
6 9 8 0 17 5 8 2 11 12 5 2
13 16 1 7 10 2 8 2 2 4 3 10
0 1 1 8 3 6 4 3 6 7 8 5
7 4 16 2 0 7 1 19 16 3 0 21
7 9 4 8 10 5 16 8 9 15 16 14
7 0 3 7 3 12 9 1 16 3 8 1
1 4 2 5 4 1 13 15 2 4 7 10
5 2 5 1 5 2 3 2 7 6 0 1
3 13 5 3 6 6 3 3 6 3 5 1
9 6 6 7 0 3 2 13 2 14 8 6
0 2 1 3 7 2 19 5 13 4 14 0
5 6 26 4 6 3 4 11 0 13 4 7
5 4 8 20 8 6 20 1 4 7 13 0
3 3 2 6 10 14 3 4 5 3 12 5
10 13 0 16 5 14 10 21 7 3 1 5
1 2 2 6 2 2 1 3 4 7 0 2
4 8 2 1 10 0 2 5 3 4 3 8
3 3 1 16 14 2 3 0 7 14 11 12
15 5 6 1 0 1 5 7 19 19 19 10
5 9 7 2 4 15 25 2 9 0 4 10
4 3 1 10 0 5 7 5 2 0 4 7
11 4 5 11 3 3 9 4 10 6 3 14
2 6 5 1 2 2 3 4 2 1 6 9
13 1 21 2 4 3 6 9 5 9 5 8
18 0 19 10 9 2 11 8 9 8 15 6
3 21 5 7 11 12 1 11 7 2 3 6
1 5 2 8 7 4 7 0 1 14 8 0
9 2 13 3 10 3 5 7 1 16 7 6
9 3 5 9 1 20 9 2 16 22 3 3
6 8 6 0 3 5 4 5 9 4 9 8
3 9 2 0 17 6 2 5 2 18 11 7
4 5 10 2 2 4 6 0 2 2 5 0
1 4 4 9 4 6 1 5 1 2 5 5
6 9 11 4 2 9 6 9 14 7 10 4
2 2 18 1 0 17 5 9 2 3 7 12
2 1 4 7 5 5 3 2 1 6 3 0
3 14 14 20 5 8 0 12 7 5 20 1
2 2 4 0 3 1 7 7 4 4 0 6
4 11 4 1 16 4 2 5 2 11 3 4
3 11 1 11 10 14 12 16 6 2 12 1
3 6 12 7 5 5 14 10 7 5 1 4
5 2 2 4 3 7 2 1 8 6 8 7
0 0 1 2 2 5 2 3 12 1 0 2
13 11 8 2 4 9 1 15 8 6 1 0
5 19 2 6 1 3 3 9 3 6 4 10
8 5 5 9 6 13 14 2 3 4 7 14
5 3 6 0 6 0 8 1 4 3 10 5
23 12 0 14 6 3 14 8 12 2 1 7
3 2 0 4 8 5 6 1 1 8 12 4
7 4 5 3 1 0 0 1 1 3 1 3
7 5 1 2 2 4 4 5 9 3 9 4
6 0 0 4 3 4 5 3 2 4 1 3
2 9 0 5 12 8 13 13 1 6 2 6
1 3 5 2 3 1 1 8 3 3 8 3
1 5 0 7 1 9 7 12 9 0 2 5
6 3 1 4 5 5 1 4 5 12 1 13
14 5 2 12 1 7 2 2 6 11 8 12
0 4 0 5 1 3 5 11 5 3 6 2
4 9 0 2 2 4 4 1 9 3 0 3
1 5 4 1 1 9 10 6 4 3 2 0
11 3 0 3 1 2 1 6 11 11 1 10
1 5 0 2 5 7 1 5 3 7 2 1
14 8 0 5 19 9 6 4 21 11 10 7
3 5 2 4 2 2 3 6 3 0 3 1
2 2 6 11 12 4 2 5 3 5 1 4
8 4 17 1 5 16 9 1 0 15 1 7
7 1 13 5 9 8 8 19 20 5 1 16
9 1 11 16 18 11 3 10 2 1 17 6
0 4 1 14 10 5 18 15 5 16 4 20
1 1 0 1 4 2 4 2 4 4 3 2
4 2 5 1 1 4 5 1 4 0 3 4
4 5 4 1 6 3 0 2 1 1 1 4
3 4 4 11 4 3 1 2 3 3 2 7
1 0 1 1 2 4 2 6 3 2 5 0
3 3 4 6 3 7 3 11 1 9 2 1
3 4 5 2 3 4 1 1 3 7 3 1
0 0 8 2 8 5 0 5 1 5 13 6
3 5 18 5 1 15 17 3 4 10 7 8
1 5 3 21 9 1 24 4 6 14 1 8
0 3 8 4 0 7 8 14 3 10 1 14
12 17 21 8 3 10 7 5 3 6 5 8
17 6 3 3 10 5 6 4 11 1 15 5
5 5 2 0 1 9 2 0 0 4 2 1
6 3 6 4 1 1 4 2 5 4 1 1
3 5 7 1 5 2 3 3 3 3 4 5
1 1 3 2 2 4 0 7 6 4 1 4
25 0 18 0 15 8 6 2 4 2 1 3
4 14 5 11 8 0 6 8 18 7 5 0
3 18 9 9 3 13 8 2 7 10 14 0
7 3 3 6 4 9 5 7 8 9 7 1
4 9 1 4 13 0 2 1 1 1 1 15
6 4 2 3 2 1 1 2 3 2 4 3
15 11 4 2 11 15 1 6 4 7 8 1
1 1 2 14 5 9 1 6 1 15 1 3
2 0 3 4 8 1 5 0 1 4 1 1
7 5 1 3 7 1 7 0 7 6 5 0
3 4 6 10 24 12 5 4 0 5 11 8
3 4 1 3 2 4 5 1 6 0 5 4
9 3 10 6 10 7 3 4 6 1 12 5
3 8 5 8 9 6 21 12 15 10 3 2
4 1 7 8 9 9 2 1 4 7 5 10
0 8 7 2 10 4 16 5 8 2 13 2
7 11 8 7 8 2 2 18 7 1 5 12
1 6 1 8 5 4 6 1 13 11 9 11
7 1 1 0 4 5 2 1 3 4 2 5
5 9 18 2 2 21 2 8 8 14 9 8
7 16 2 9 10 5 12 11 3 2 11 3
5 7 7 7 2 2 1 7 0 1 5 1
1 3 3 5 8 9 4 10 9 6 6 19
2 7 2 4 4 1 9 3 2 1 3 3
2 13 5 1 3 0 1 5 11 3 5 9
8 11 8 9 10 7 5 2 11 8 6 6
1 12 4 0 0 0 3 1 0 0 0 3
0 4 5 6 3 5 12 7 9 19 21 1
13 11 5 9 12 11 2 7 5 6 6 11
7 3 4 8 1 3 9 9 9 14 2 17
6 3 2 10 2 11 24 0 11 3 6 7
4 1 3 2 6 2 7 4 1 1 7 2
2 3 9 2 6 3 3 8 5 1 1 0
18 13 2 3 5 1 6 2 6 0 3 13
3 5 5 1 5 2 1 4 0 5 2 5
5 0 1 13 7 6 0 6 10 11 6 16
10 7 5 2 19 20 17 12 4 3 2 5
2 10 3 15 1 7 16 2 17 6 4 14
3 2 0 1 8 5 3 5 1 3 6 5
2 4 9 14 10 14 4 12 10 2 26 1
6 11 13 14 2 15 7 17 4 3 8 18
16 9 2 18 8 4 11 3 6 12 7 4
5 1 13 1 5 5 8 0 7 1 9 6
4 8 14 5 3 10 8 2 23 7 4 2
11 0 11 3 2 10 9 2 3 3 4 0
6 5 15 8 1 4 2 1 17 1 2 8
7 1 2 3 6 4 4 2 20 12 8 4
6 0 8 2 3 0 5 3 3 2 10 9
16 4 6 3 11 11 0 6 6 8 13 17
8 5 2 0 5 2 8 2 2 4 6 0
8 5 1 0 3 9 1 7 12 7 5 9
6 3 1 2 3 4 3 0 0 5 2 2
10 12 1 6 4 8 1 4 21 3 3 12
5 12 2 3 9 8 17 3 10 11 11 8
4 11 3 9 9 10 5 9 4 2 4 17
2 3 2 1 0 1 1 4 3 5 7 0
1 3 4 8 2 7 5 2 2 14 22 15
3 11 9 22 2 12 4 2 8 4 3 4
1 3 6 6 2 16 0 6 1 7 1 3
2 3 4 9 3 1 4 2 3 0 2 2
12 9 6 5 8 8 10 5 6 10 9 11
7 4 7 8 3 0 1 3 19 7 9 8
2 1 0 3 1 1 8 11 4 1 8 3
1 4 11 2 9 8 10 3 1 4 7 2
6 3 10 13 2 2 11 19 5 1 14 9
7 8 12 0 0 2 1 6 6 1 1 2
11 5 4 5 0 1 4 8 2 4 2 13
2 3 1 11 12 11 5 8 8 16 7 24
12 3 3 14 3 6 1 7 9 8 6 3
4 6 5 4 8 6 4 4 1 1 6 8
6 4 2 3 3 6 3 1 1 7 7 1
0 2 7 0 8 5 5 6 0 4 4 6
1 6 9 7 1 1 2 0 3 3 1 6
6 6 1 3 6 4 5 1 1 5 8 12
3 5 4 0 5 0 4 1 3 1 3 5
10 12 3 7 6 4 1 10 9 14 0 6
7 7 1 4 3 2 3 8 1 5 3 7
8 1 5 10 4 9 1 2 10 1 1 3
2 10 2 12 5 4 10 6 3 3 3 6
4 8 9 4 17 10 8 15 5 12 16 12
8 12 1 10 10 8 10 11 3 14 16 3
1 19 10 9 8 3 8 11 15 4 19 10
10 1 6 1 6 0 4 4 9 7 0 7
0 7 8 10 12 4 14 7 5 7 6 5
5 8 5 8 5 3 6 3 5 0 1 15
7 6 13 0 3 5 9 6 6 10 10 5
1 2 3 5 2 9 1 0 4 8 8 3
11 6 4 5 7 15 14 1 13 3 1 10
9 0 0 1 1 3 4 0 5 6 4 3
3 3 0 8 0 17 11 5 4 7 14 23
10 0 4 8 13 2 14 1 2 4 0 7
12 4 3 6 2 9 4 8 16 8 8 6
3 4 4 8 9 14 4 4 5 1 3 4
3 1 1 4 1 2 2 7 5 7 0 4
13 4 18 18 6 7 9 6 12 11 6 9
2 4 10 0 2 5 1 2 11 5 4 5
2 3 1 0 10 4 3 5 4 2 3 1
1 1 0 4 8 7 2 2 5 1 1 3
13 1 4 8 2 0 5 2 5 2 2 2
0 3 4 2 5 8 4 4 3 8 1 3
5 1 2 1 1 1 10 0 6 14 3 4
9 6 5 8 1 26 15 13 12 1 6 9
2 4 8 4 4 0 4 5 7 16 6 20
15 7 15 4 12 8 3 9 6 5 8 3
2 0 9 1 3 1 3 9 3 7 10 7
4 0 5 8 7 9 4 1 6 7 8 2
1 4 11 4 6 3 4 1 2 1 2 9
8 7 0 1 5 4 1 6 5 7 13 22
8 2 2 2 12 6 7 1 3 6 0 1
0 3 3 6 2 0 3 0 5 4 4 5
10 1 7 8 8 0 5 4 9 2 2 8
5 5 2 8 7 4 2 6 1 20 5 12
2 5 7 6 9 5 3 9 1 3 1 8
6 9 11 3 10 10 9 2 8 10 10 11
2 1 3 1 8 0 6 5 3 2 1 1
4 2 10 2 6 1 12 5 7 19 7 2
6 2 3 5 0 4 2 0 0 1 3 1
0 8 2 8 3 1 4 2 2 6 2 1
13 8 4 2 14 3 14 6 3 10 1 1
1 20 18 13 3 15 10 3 6 1 11 7
5 11 9 12 11 2 1 2 2 1 14 7
5 8 14 5 12 4 4 3 3 22 6 17
2 6 8 9 1 1 1 1 4 2 0 6
7 3 5 3 0 4 2 9 1 2 2 7
6 9 4 9 0 1 6 4 9 10 4 0
3 1 2 3 14 7 12 8 16 11 2 14
7 2 14 6 4 16 2 5 4 12 2 5
2 4 3 5 22 5 4 2 4 5 9 1
2 1 1 3 9 3 3 13 9 2 13 14
8 7 9 6 3 18 8 3 9 4 19 8
13 5 11 7 2 12 3 3 0 3 12 16
0 10 3 1 2 2 1 7 6 26 10 5
4 5 2 1 4 2 5 1 2 0 5 3
4 8 2 8 1 1 1 0 0 1 4 2
2 1 2 3 8 2 2 3 3 2 1 0
2 9 3 5 4 4 3 2 10 1 5 4
4 1 4 2 1 0 5 0 7 4 5 0
4 10 14 5 1 6 13 3 1 9 5 2
16 9 2 4 10 10 3 4 24 2 2 13
7 11 16 11 8 19 7 10 0 0 9 5
3 7 1 9 4 0 9 5 1 2 1 0
11 0 6 2 5 1 7 0 2 3 1 8
6 9 1 10 3 2 4 4 4 6 0 6
7 6 2 2 9 5 2 9 6 17 7 1
5 9 0 11 3 1 5 23 20 13 6 1
15 13 9 5 6 1 6 8 0 2 4 1
4 9 8 16 5 5 3 2 7 9 1 1
1 1 8 5 1 11 0 6 21 14 5 2
8 9 3 3 1 4 1 6 15 0 1 3
7 1 1 2 5 4 2 3 2 1 7 1
5 10 4 6 4 7 4 0 5 3 8 5
6 10 12 19 14 14 5 2 14 0 2 0
2 11 10 5 4 25 13 2 1 2 2 3
2 12 7 16 5 5 13 10 16 10 6 4
8 2 16 9 17 8 3 8 18 13 10 0
6 9 5 4 5 0 2 3 5 3 13 1
6 4 2 4 1 5 0 13 1 2 9 2
15 4 7 2 0 3 7 0 0 3 11 3
14 13 4 9 2 2 13 12 4 10 13 4
1 6 1 11 13 6 6 1 3 2 1 1
9 2 3 14 0 2 2 2 6 1 2 1
7 2 2 5 2 5 1 1 4 7 1 9
6 14 17 18 11 3 14 2 5 7 2 8
22 4 10 10 1 12 2 9 6 1 10 17
3 11 23 10 4 2 0 11 1 8 4 7
1 2 3 2 2 1 18 2 2 11 7 13
3 8 2 8 6 5 2 2 2 5 15 0
2 2 11 7 5 1 2 10 6 5 8 4
9 3 0 10 3 1 7 8 11 4 2 9
8 10 2 6 3 8 4 12 5 11 7 9
2 7 5 7 2 7 4 4 6 2 3 2
7 22 10 5 11 20 1 3 14 7 1 2
3 5 1 17 1 3 5 16 4 13 15 2
4 1 0 2 24 4 3 10 9 1 5 5
1 4 4 8 1 2 4 4 1 4 0 1
9 5 3 3 1 7 4 1 14 23 18 12
5 1 8 9 0 8 7 6 15 3 11 9
16 14 2 2 1 6 13 9 0 17 7 11
2 1 8 5 21 5 5 12 11 12 10 5
13 8 1 9 3 11 3 9 21 2 3 6
0 5 5 10 4 6 4 3 1 9 6 5
1 2 1 12 3 10 2 1 6 1 1 4
11 11 16 23 1 6 3 17 8 7 2 8
8 5 1 5 2 8 6 5 2 7 7 8
1 2 1 2 0 6 3 3 5 1 0 6
16 9 18 8 3 3 12 5 5 15 12 7
6 6 7 2 10 2 6 7 8 7 0 1
6 6 4 12 4 12 8 0 14 8 4 5
1 0 7 4 6 5 2 2 1 5 5 1
1 1 4 7 1 1 1 6 0 1 0 2
5 0 2 11 4 14 6 3 6 8 16 21
2 10 2 2 5 5 3 2 8 1 7 2
27 2 13 10 5 7 9 4 4 6 16 5
5 1 2 0 3 9 1 2 1 9 5 6
10 9 19 12 10 5 7 9 0 3 20 2
2 6 2 1 6 0 3 4 1 6 4 4
1 1 5 8 11 3 5 6 5 11 2 1
6 12 7 2 8 13 7 9 14 4 17 18
8 9 13 8 4 2 1 4 9 6 1 0
3 5 3 6 6 3 18 4 2 11 7 1
4 5 9 2 14 2 10 4 3 11 10 4
4 22 1 5 6 4 0 3 1 2 10 7
5 2 2 3 4 3 0 6 2 3 3 3
9 1 18 12 13 2 4 10 9 19 10 6
13 3 6 7 1 11 1 15 3 6 8 6
8 2 6 2 9 6 9 12 1 5 3 6
2 2 4 4 5 1 2 3 4 1 1 2
7 6 17 23 11 8 6 4 5 2 4 20
1 2 5 4 2 1 0 0 2 1 1 9
13 2 5 8 18 5 8 8 5 14 0 7
11 7 4 5 15 4 5 4 9 1 2 1
2 9 1 1 9 2 8 5 2 1 11 5
5 19 2 1 8 2 8 1 4 3 4 7
1 1 3 19 13 7 6 13 12 2 24 3
9 1 5 2 17 8 1 26 2 12 4 3
3 1 16 6 5 9 9 8 1 1 1 6
1 11 17 6 2 5 4 14 6 3 1 8
2 4 6 5 2 2 6 2 1 2 5 0
0 2 3 4 0 2 2 1 4 6 12 2
4 2 8 18 2 1 0 1 3 6 3 7
1 7 10 6 6 1 3 2 9 3 2 7
1 17 13 7 10 3 0 0 7 21 11 2
1 2 3 3 1 8 8 1 3 15 0 3
3 5 5 0 1 1 2 3 0 20 8 7
1 2 2 1 2 1 2 3 6 9 4 3
5 1 6 5 8 18 9 20 1 7 6 0
1 6 6 1 1 0 2 2 3 3 2 1
4 3 6 1 8 2 3 5 2 2 12 1
1 5 6 9 2 1 2 6 1 3 2 6
1 11 13 11 9 4 7 14 13 6 9 0
17 2 14 16 2 8 14 1 3 3 2 7
2 14 0 0 1 4 7 4 13 2 4 6
4 8 1 5 0 4 26 5 8 18 11 4
3 12 1 4 1 3 6 13 2 8 11 0
13 4 1 1 16 0 6 2 9 20 4 6
1 11 3 7 13 9 4 3 7 3 0 7
3 9 1 8 7 9 5 2 1 2 3 6
3 1 10 4 1 6 0 4 3 1 3 9
6 17 5 3 1 2 1 7 7 5 14 6
11 31 6 9 1 0 4 1 7 3 3 14
3 2 0 3 2 2 0 1 1 8 0 4
3 0 4 2 2 6 3 0 6 5 1 7
0 6 0 10 5 4 4 4 0 2 4 2
8 22 2 5 4 3 4 3 12 0 8 2
0 0 4 12 9 1 3 3 1 8 6 6
11 17 2 4 10 2 23 1 16 2 1 14
14 8 12 12 6 1 10 4 0 11 0 16
2 2 16 7 10 14 7 8 7 7 2 12
3 1 5 7 3 16 0 0 15 11 5 0
0 11 3 5 9 5 16 13 15 2 1 7
1 10 5 14 11 1 8 9 8 5 5 4
2 2 4 5 7 8 3 1 1 4 15 6
4 2 5 2 7 10 1 0 1 5 0 6
6 5 6 3 17 4 3 10 2 2 4 17
0 8 2 4 7 8 10 3 5 12 4 0
0 6 3 4 0 4 8 8 2 1 2 15
0 10 11 9 10 11 5 2 1 8 3 4
4 9 9 15 15 15 11 17 7 9 3 11
1 4 2 9 2 1 0 8 1 2 1 5
14 3 2 12 15 3 4 1 9 4 3 10
0 4 5 2 4 6 4 5 1 2 4 2
8 10 22 4 19 1 6 10 7 4 7 6
4 1 5 3 1 8 7 3 4 6 6 12
0 2 4 3 1 9 7 8 3 10 2 2
10 3 2 11 4 5 8 7 12 8 6 12
4 13 9 10 9 10 2 9 13 8 6 5
1 7 1 0 4 8 12 15 2 0 2 2
1 4 1 6 2 0 1 1 3 0 3 6
3 2 3 5 5 2 6 5 7 2 2 9
0 6 15 11 13 4 10 11 7 13 18 9
5 3 4 10 1 1 1 2 15 10 4 4
1 21
1 49
2 87
3 77
3 87
3 90
4 32
5 17
5 71
6 7
6 33
6 41
6 48
6 55
7 30
7 31
7 39
7 41
7 52
7 92
7 99
8 22
8 38
8 66
11 68
11 83
11 108
12 45
13 81
13 95
13 106
13 112
14 46
14 58
15 31
15 97
15 102
16 91
17 99
18 70
18 95
18 96
18 97
18 99
18 102
18 108
19 29
19 105
20 33
20 40
20 114
21 43
21 121
22 25
22 72
22 115
23 33
23 40
24 61
26 36
26 85
29 91
29 114
29 121
31 106
32 54
33 57
33 68
33 108
34 117
34 133
35 40
35 93
35 134
36 37
36 53
36 77
36 93
36 119
37 89
37 118
38 132
39 60
40 48
40 52
40 60
40 63
40 88
40 101
41 81
41 91
41 95
41 100
42 71
43 123
43 127
44 106
44 112
45 58
45 125
46 73
46 116
47 128
48 92
48 139
49 105
50 88
50 143
51 95
51 139
53 92
54 63
55 94
56 81
56 113
56 126
56 134
57 125
58 59
58 94
58 122
59 83
59 96
60 102
60 112
60 120
60 130
62 98
63 97
63 159
64 79
65 100
66 83
66 84
67 149
68 167
69 72
69 90
70 127
70 129
70 153
71 127
71 138
71 159
72 90
72 171
73 81
73 103
73 170
74 120
76 86
76 99
76 114
76 115
76 131
76 156
77 86
78 87
78 108
78 118
78 125
78 156
78 178
79 166
80 103
80 105
80 143
81 124
82 122
82 164
82 172
83 107
83 110
83 140
83 160
83 183
84 94
84 155
84 165
85 130
87 148
87 153
88 93
88 155
88 161
88 176
88 178
88 187
89 92
89 134
89 147
90 109
90 136
90 188
91 106
91 127
91 163
91 177
92 100
92 111
92 159
93 136
93 168
93 181
94 115
94 144
94 164
94 169
94 186
95 129
95 187
96 187
96 188
97 108
97 158
97 187
98 119
98 192
98 196
100 130
100 144
101 113
101 140
101 152
103 124
103 149
103 177
103 202
104 139
104 162
105 106
105 124
105 163
106 181
106 186
108 115
108 177
108 208
110 116
110 152
110 172
110 202
111 177
111 184
111 193
111 205
112 130
112 134
113 118
113 156
113 190
114 118
115 188
116 192
116 194
118 139
118 166
118 179
119 126
119 135
119 164
119 207
119 214
120 125
120 167
121 168
122 173
122 183
123 127
123 134
123 138
123 151
123 184
123 205
124 174
124 209
125 172
125 173
128 168
128 215
129 186
130 189
130 208
131 173
131 208
132 158
132 229
133 158
133 229
134 163
135 153
135 165
136 206
137 145
137 179
137 231
138 164
138 212
139 165
139 232
140 155
140 222
140 232
141 149
141 179
141 240
142 204
143 224
144 145
144 170
144 172
144 235
145 154
145 229
145 240
146 178
146 215
147 177
147 182
147 194
148 170
148 245
149 207
150 213
150 234
151 179
151 195
152 198
152 203
153 199
153 214
154 206
154 235
155 158
156 194
157 163
157 176
157 180
157 235
157 239
158 168
158 175
158 176
158 233
159 224
159 229
160 184
160 251
161 166
161 247
162 208
162 245
164 167
165 256
165 263
166 227
167 190
167 192
167 218
169 193
169 207
169 226
170 199
170 234
171 187
171 205
171 245
171 269
172 178
172 179
172 189
172 222
172 243
172 250
172 260
172 272
173 203
173 216
173 219
173 226
174 191
176 209
176 224
176 240
176 252
177 230
178 181
178 215
178 227
178 266
179 191
179 217
181 186
181 195
181 216
182 210
182 238
182 262
182 275
184 192
184 244
184 245
186 196
187 217
187 231
187 250
187 285
188 218
189 238
189 252
190 237
192 205
192 253
192 255
192 271
192 276
193 219
193 226
193 236
193 237
193 254
193 268
195 239
195 275
196 206
196 216
196 241
196 245
196 284
196 285
197 230
197 235
197 244
198 260
199 234
199 239
199 286
200 262
200 293
201 223
201 234
202 222
202 271
203 257
203 286
204 229
204 233
204 260
204 269
205 266
205 290
207 213
207 214
207 237
207 251
207 262
208 217
208 252
209 228
209 257
209 277
209 282
210 245
210 258
211 235
211 236
211 238
211 258
211 270
211 275
211 280
212 233
213 302
213 304
213 308
214 217
214 262
214 276
214 304
215 249
215 295
215 313
216 217
217 220
217 233
218 291
219 258
219 277
219 297
220 263
221 239
221 275
222 289
222 290
222 299
223 229
223 235
223 249
225 302
226 252
226 253
226 290
227 288
228 237
228 253
229 253
229 280
230 235
230 263
230 264
231 269
231 270
231 330
232 246
233 287
233 294
233 321
234 322
234 329
234 330
236 256
236 327
237 254
237 320
238 248
238 291
239 240
239 296
239 339
240 247
240 250
240 324
241 260
241 318
242 271
242 318
242 327
242 338
243 304
243 311
243 324
243 343
245 254
245 275
245 332
246 253
246 279
246 321
246 334
248 261
248 289
248 327
248 343
248 347
249 287
250 304
250 331
251 256
251 327
252 270
252 303
252 315
253 297
253 318
253 340
254 323
255 257
255 258
255 298
255 313
255 353
255 355
257 270
257 285
257 311
257 313
257 325
258 264
258 329
259 278
259 335
260 350
261 323
261 349
262 304
263 264
263 302
263 322
263 340
263 341
264 265
265 291
265 359
270 327
271 275
271 362
273 301
273 323
273 353
273 366
274 311
274 332
274 345
275 331
276 299
276 301
276 352
276 375
277 307
277 363
278 281
279 348
279 353
280 344
280 354
281 298
281 342
281 362
282 311
282 318
282 365
285 304
285 342
285 382
286 305
287 319
287 350
287 358
287 369
288 325
288 354
289 305
289 313
289 355
289 360
290 299
290 305
291 304
291 370
292 375
293 306
293 346
293 383
294 314
294 342
294 376
296 372
297 377
298 318
298 367
298 378
299 334
301 385
301 389
302 318
302 322
302 324
302 328
302 337
302 358
302 362
302 365
303 374
304 375
305 395
306 331
306 375
308 407
309 338
309 379
310 388
311 372
312 404
314 341
314 357
314 386
314 400
315 343
316 334
316 410
317 339
317 351
317 357
318 366
318 380
319 412
320 354
320 399
321 354
321 404
322 341
322 360
322 363
322 396
323 372
323 378
323 383
323 415
324 386
324 415
325 343
325 393
326 357
326 371
327 396
327 420
328 353
329 361
331 370
331 374
331 426
332 340
332 394
332 432
334 349
335 407
335 413
335 426
336 389
338 382
338 435
339 373
339 396
340 390
340 412
340 427
341 346
341 366
341 425
342 412
342 432
342 441
343 369
343 425
343 437
344 365
344 441
344 442
345 348
345 424
345 445
346 366
346 385
346 387
346 440
347 356
347 394
348 375
348 423
349 414
349 418
349 421
349 449
350 386
350 390
350 410
350 417
351 377
351 390
351 423
352 358
352 424
353 449
354 390
354 399
354 405
354 429
354 436
354 438
355 390
355 401
355 402
356 442
357 359
357 372
357 412
357 417
358 385
358 386
358 415
358 418
359 368
359 407
359 436
359 453
360 386
361 405
361 431
361 441
362 375
362 377
363 398
363 453
364 431
365 374
365 392
365 398
365 412
365 436
365 446
366 384
366 435
366 438
366 441
366 453
367 439
367 442
369 389
369 416
370 373
370 395
371 460
371 468
372 462
373 388
373 397
373 401
373 411
373 448
374 428
374 454
374 470
375 384
375 389
375 432
375 447
376 420
376 460
376 476
377 441
377 450
377 454
377 463
377 477
380 409
380 416
380 475
381 398
381 441
381 448
381 461
382 471
383 449
384 394
384 434
384 475
385 467
387 444
387 455
388 429
388 430
388 431
388 432
389 399
390 402
390 406
390 473
391 475
391 486
392 444
392 463
392 482
392 489
393 439
393 440
395 451
395 454
395 485
395 492
396 416
397 410
397 441
398 482
398 484
398 490
399 442
400 406
400 437
400 439
400 450
401 452
401 486
403 414
403 416
403 491
403 497
404 427
405 459
406 412
406 460
406 494
406 504
407 448
407 468
408 416
408 442
408 502
409 506
410 440
410 461
411 417
411 436
411 470
411 489
411 507
412 469
412 473
412 480
412 507
413 422
413 424
413 430
413 443
414 448
414 467
415 505
416 421
416 428
416 498
417 422
417 430
418 420
418 458
418 514
419 428
419 432
419 513
420 491
421 433
421 488
422 487
422 516
423 453
423 480
423 483
428 451
429 446
429 453
431 487
432 444
432 476
432 478
432 492
433 435
433 451
433 455
433 459
433 470
433 491
433 496
433 526
434 446
434 455
434 482
435 437
435 475
436 473
436 474
436 481
436 495
436 505
436 526
437 454
437 463
437 497
437 521
437 523
438 462
438 473
438 509
438 532
439 451
439 461
439 503
439 516
440 448
440 530
441 496
441 500
441 502
443 476
443 531
444 539
444 542
445 463
445 521
446 481
446 517
447 515
447 535
448 453
448 484
448 487
448 496
448 539
449 488
450 493
450 540
450 542
450 546
451 505
452 527
453 478
453 535
454 468
454 530
455 539
456 488
456 529
456 546
457 496
458 507
458 529
459 470
459 525
459 551
460 463
460 464
460 535
460 555
461 499
461 551
461 556
462 488
462 549
464 481
464 532
464 543
465 513
465 523
466 472
468 475
468 476
468 511
468 551
469 511
469 512
469 517
469 529
469 559
469 563
469 567
470 481
470 518
470 524
470 533
470 570
471 481
471 510
471 512
471 535
472 534
472 551
474 494
474 560
475 503
475 530
476 488
477 483
477 484
477 511
477 551
477 565
478 545
478 546
479 529
479 538
479 579
480 518
481 536
481 543
482 485
482 580
483 527
483 529
483 536
483 542
483 560
483 566
483 575
484 486
484 517
484 523
484 563
485 493
485 539
485 563
485 571
486 498
486 509
486 547
488 530
488 531
489 517
489 532
489 540
489 548
489 564
489 569
489 588
490 520
490 524
491 515
492 494
492 557
492 585
493 510
493 525
495 539
495 564
495 582
496 511
496 556
496 587
497 589
498 499
498 504
498 508
498 509
498 511
498 521
498 530
499 531
499 568
500 502
500 544
500 555
500 556
501 513
501 601
502 575
504 512
505 553
505 568
506 518
506 528
506 576
506 600
507 517
507 583
507 605
508 541
508 543
508 605
509 594
510 539
510 567
510 575
511 526
511 555
512 526
512 571
512 585
513 582
514 562
514 600
515 526
515 554
517 521
517 565
517 569
518 531
519 533
519 589
519 609
520 573
520 579
521 556
521 574
521 584
521 589
521 597
522 569
522 582
524 580
524 585
524 589
524 603
524 612
524 619
525 599
525 624
526 579
527 529
528 549
528 623
529 539
529 578
530 566
531 532
531 538
531 551
531 628
532 619
533 588
533 622
533 628
535 578
536 552
536 561
536 567
536 599
536 616
537 584
537 588
537 627
538 548
538 552
538 605
539 566
539 625
540 556
540 571
540 580
540 620
541 574
541 587
542 572
544 590
544 599
545 557
545 585
545 632
546 641
547 564
548 605
549 569
549 579
549 586
549 600
549 629
550 558
550 615
550 635
551 568
551 593
551 620
551 631
552 587
552 623
552 649
553 590
553 633
553 646
553 648
554 622
554 637
555 602
555 606
555 618
555 637
555 642
556 581
556 638
557 570
557 574
557 627
558 642
558 644
559 575
559 583
559 608
559 610
560 577
561 619
561 655
562 651
563 615
563 631
564 637
565 601
565 624
565 657
566 574
566 598
566 610
566 615
567 607
567 616
567 624
567 643
568 591
568 617
569 582
569 638
569 667
570 594
570 622
570 626
570 654
570 663
571 610
572 610
572 628
572 667
573 605
574 607
574 670
575 659
575 665
576 581
577 605
577 653
578 583
578 593
578 597
578 609
578 618
578 662
579 610
579 646
580 586
580 592
580 604
580 661
581 605
581 635
581 647
581 677
583 634
584 586
584 631
584 640
584 667
585 637
586 626
586 635
586 647
586 682
587 598
587 609
587 660
588 596
588 615
588 637
589 601
591 618
591 622
591 637
591 681
593 615
593 628
594 596
594 598
594 610
594 643
594 684
595 614
595 637
596 680
596 690
597 598
597 616
597 618
597 645
597 648
598 645
598 661
598 685
598 688
598 694
599 613
599 639
599 642
600 687
601 639
602 634
602 659
602 661
602 664
602 690
603 642
603 662
604 616
604 621
604 674
604 692
604 703
605 630
605 633
605 674
605 697
606 621
606 682
606 692
606 699
607 611
607 637
607 690
608 613
609 611
609 703
610 631
610 659
610 662
610 670
612 619
612 685
613 657
613 679
613 688
615 638
615 640
615 669
616 628
616 678
616 699
616 707
616 716
617 618
617 658
618 638
618 661
618 665
619 621
619 645
619 653
620 621
620 642
621 657
621 662
621 708
623 698
623 713
623 715
624 639
624 641
624 707
624 723
625 634
625 658
626 701
627 682
627 713
628 635
628 641
628 672
628 700
629 661
629 676
629 684
629 700
629 716
630 632
630 633
630 668
630 677
630 686
630 711
630 725
631 730
632 666
632 676
632 695
633 705
634 689
635 655
635 698
635 699
635 711
636 649
636 697
637 654
637 664
637 703
638 665
638 721
638 728
638 733
639 677
639 689
639 707
639 728
640 652
641 696
641 739
641 741
642 742
643 666
643 722
644 684
644 718
644 725
644 742
645 659
645 724
646 703
646 712
646 737
647 741
648 740
649 716
651 697
651 710
651 738
652 681
652 722
652 730
654 669
654 676
654 708
656 740
657 662
657 673
657 674
657 714
657 715
657 720
657 729
657 748
658 699
659 665
659 682
659 691
659 704
659 710
659 750
660 690
660 712
662 711
662 725
662 760
663 669
663 672
663 691
663 729
664 668
664 681
664 700
664 718
664 728
665 669
665 685
666 704
666 735
667 671
667 727
668 686
668 704
668 732
668 749
669 687
669 714
669 727
669 754
670 689
670 694
670 744
670 756
670 760
670 764
671 677
671 697
672 687
672 717
672 719
673 703
673 745
675 690
675 722
675 746
675 763
676 703
676 731
677 700
677 722
677 746
678 690
678 691
678 729
678 750
678 755
680 687
680 740
681 753
682 684
682 689
682 700
682 745
683 684
683 719
683 762
684 729
684 767
685 778
687 724
688 730
688 779
690 778
691 740
691 762
692 705
692 707
692 752
693 786
694 722
694 734
694 774
694 788
695 730
695 758
695 779
696 756
697 704
699 738
699 777
700 758
700 789
701 716
701 766
701 769
701 783
702 766
703 740
704 724
704 757
704 761
705 759
705 795
706 733
706 755
706 780
707 791
708 781
708 805
709 736
709 750
709 756
710 712
710 714
710 783
711 722
711 749
711 783
711 800
712 758
712 781
712 788
712 795
712 805
713 766
713 805
714 730
714 805
715 732
716 742
716 797
717 797
717 812
718 750
718 768
719 818
720 762
720 789
722 727
722 782
723 745
723 778
724 763
725 746
725 777
725 793
726 743
726 809
727 746
727 800
727 801
727 808
729 777
730 787
730 826
731 735
731 809
731 826
732 812
733 789
734 755
734 800
735 764
735 769
735 828
736 744
736 752
737 803
737 828
738 755
738 781
738 806
738 832
739 822
740 824
741 743
741 817
741 821
741 823
742 839
743 811
743 839
744 755
744 781
744 820
745 820
746 816
747 761
747 801
747 809
747 823
748 784
748 805
748 818
749 805
750 835
750 847
751 817
752 819
753 807
753 837
754 756
754 828
755 812
755 829
756 762
756 833
757 847
758 789
758 791
758 826
759 781
759 857
760 784
760 791
760 802
760 823
760 828
760 841
761 794
761 800
762 775
762 850
763 787
763 798
764 769
764 848
765 808
766 807
766 819
766 822
766 851
767 803
767 828
768 795
769 789
769 809
769 814
769 866
770 780
770 790
770 824
771 832
771 846
772 827
772 854
773 862
774 813
774 821
774 828
774 871
775 874
776 815
776 828
776 842
776 862
777 807
777 824
777 838
777 841
778 831
778 860
779 853
779 871
780 781
781 830
781 833
782 795
782 823
782 866
782 875
783 799
783 837
785 826
785 881
785 883
786 832
786 839
786 848
786 880
787 838
787 851
787 855
787 885
788 856
788 878
788 884
789 794
789 869
790 803
790 874
791 849
791 862
792 799
792 843
792 869
792 891
793 821
794 840
795 806
795 835
795 855
796 814
796 845
796 874
796 876
796 894
797 848
797 853
798 863
799 845
800 812
800 834
800 838
800 897
801 867
801 874
802 865
803 806
804 806
804 847
805 827
806 857
806 872
806 881
807 827
807 829
807 859
807 884
807 902
808 840
808 877
808 908
809 892
810 901
811 894
812 817
812 869
812 871
812 912
813 831
813 878
813 887
814 818
814 866
814 908
815 817
815 866
816 818
816 819
816 871
817 823
817 847
818 826
818 865
818 878
818 880
819 870
819 876
819 902
819 904
820 825
820 884
820 897
820 898
821 882
822 846
822 913
823 847
823 918
824 853
824 878
824 890
825 887
825 904
825 920
826 846
826 920
827 892
827 923
828 901
829 847
829 894
829 901
830 891
831 861
831 928
832 853
832 875
833 840
833 861
834 855
837 894
837 901
838 841
838 862
838 864
839 859
839 886
840 865
840 902
841 859
841 869
841 892
841 899
842 851
842 865
842 932
843 885
843 924
844 880
845 846
845 901
845 937
846 902
846 916
847 858
848 854
849 896
850 868
850 869
850 924
851 891
852 876
853 868
853 897
853 945
854 869
855 882
856 912
856 925
857 864
857 923
857 930
857 936
857 938
858 926
858 937
859 863
859 921
859 923
860 891
860 930
861 863
862 942
862 945
862 948
862 954
863 874
863 949
863 956
864 896
864 904
865 873
866 870
866 883
867 907
867 963
867 966
868 882
869 903
869 921
869 942
870 922
871 874
871 887
871 902
871 922
872 891
872 906
872 945
872 951
872 952
875 893
875 948
875 968
876 898
876 917
876 934
876 957
876 960
876 976
877 912
878 884
878 886
878 908
879 963
880 906
881 887
881 900
881 951
882 944
882 947
883 884
883 889
884 912
884 945
885 958
886 903
886 915
886 927
886 947
886 978
887 889
887 916
887 948
887 974
887 976
888 904
888 946
888 949
888 972
888 977
890 923
891 893
891 896
891 921
891 926
892 921
892 959
892 985
893 928
894 974
895 933
895 939
895 940
895 984
896 916
896 941
896 947
897 926
897 939
897 962
897 994
898 906
898 969
899 918
899 972
900 933
901 914
901 954
901 962
902 996
903 906
903 938
904 910
904 976
904 995
905 914
905 916
905 949
905 958
905 988
906 915
906 934
906 947
906 963
907 936
907 974
907 982
908 927
908 942
908 948
908 953
908 985
909 930
910 926
910 942
910 949
910 953
910 966
910 973
910 993
913 958
913 962
914 960
914 966
914 979
914 981
914 995
915 929
915 955
917 995
917 999
918 966
919 938
920 999
921 941
921 960
923 935
923 944
923 989
923 997
925 943
925 951
925 960
925 966
925 971
927 928
927 990
928 985
928 987
928 1000
929 982
929 999
930 960
931 995
932 964
933 980
934 950
934 954
934 963
934 977
935 995
938 966
938 983
938 985
939 954
939 967
941 985
942 985
944 988
945 957
947 982
949 980
952 960
952 985
953 965
957 963
960 983
961 964
962 978
965 994
967 988
968 993
971 974
973 987
973 994
976 1000
977 985
979 1000
980 996
981 991
981 996
986 995
987 1000
988 997
994 1000
995 998
10 17 2 1 41 12 13 16 7 6 17 11
13 3 6 14 1 14 2 6 4 37 12 1
31 12 3 11 6 2 24 1 24 21 5 8
7 18 4 6 8 19 2 9 2 15 10 15
8 27 27 17 4 10 29 18 8 8 7 6
25 25 5 1 16 17 4 7 33 7 2 15
13 10 11 6 4 17 7 11 15 13 14 9
16 16 33 2 18 21 24 1 6 13 9 9
11 0 7 2 7 6 8 4 2 1 15 3
10 7 20 18 7 15 0 12 2 9 12 2
1 11 5 22 5 1 8 3 3 11 11 15
5 1 2 10 12 8 3 4 2 3 9 0
6 12 1 17 6 22 25 14 5 7 13 15
5 9 7 13 3 7 2 9 9 15 6 2
7 7 5 7 17 14 9 3 2 5 25 17
7 3 9 6 11 2 5 12 3 11 3 1
5 13 8 4 9 18 3 6 6 11 4 5
37 3 21 19 6 12 1 4 12 5 4 11
9 11 11 16 5 11 12 3 23 16 16 11
9 6 12 3 13 23 2 21 4 5 12 5
19 51 30 29 6 29 18 14 46 25 37 58 20 41 32 35 32 27 20 26
9 18 12 8 1 7 1 2 19 7 12 24 10 10 7 13 4 7 1 4
14 16 29 8 9 15 6 20 39 6 31 30 3 16 17 24 13 20 18 8
14 41 39 33 18 21 19 24 47 30 53 45 30 34 29 33 30 28 26 17
14 38 24 24 10 22 13 12 35 28 31 40 16 30 19 29 23 18 9 21
23 31 12 28 23 8 9 28 41 35 37 44 24 31 30 36 35 15 11 33
15 34 20 26 22 9 14 23 33 28 40 31 25 27 24 23 26 22 19 19
6 15 11 3 3 6 3 9 17 8 11 13 2 10 3 14 4 8 4 6
7 22 2 18 1 15 9 3 24 21 15 28 2 15 11 20 13 18 4 17
7 11 7 4 8 7 8 4 10 5 12 9 9 10 1 4 4 6 7 1
3 11 15 1 4 1 1 1 17 3 18 18 4 9 1 15 1 7 2 1
5 12 5 9 1 8 4 4 5 12 3 13 5 10 1 8 8 10 1 9
20 30 32 20 18 19 23 28 39 20 30 34 14 30 21 32 33 16 18 23
34 35 47 37 34 34 24 26 50 32 55 53 24 48 36 55 42 35 31 25
2 22 11 16 1 9 8 1 15 18 21 23 6 16 9 19 9 13 3 12
8 5 9 6 1 8 1 5 10 4 5 14 9 1 6 6 4 5 1 4
14 30 12 28 15 10 10 13 25 26 31 36 23 26 20 23 22 19 10 20
5 7 2 4 2 5 2 2 4 6 2 6 4 5 2 2 2 4 1 3
17 39 8 25 19 10 12 19 39 32 26 32 17 27 16 34 26 20 4 27
5 12 6 10 1 9 1 5 12 14 6 18 6 10 6 11 8 11 1 9
8 14 17 16 14 13 2 9 15 13 22 32 15 22 10 26 21 17 7 10
4 19 5 13 4 9 3 5 21 22 11 24 3 15 6 19 12 9 1 16
21 47 43 43 33 46 31 17 47 39 45 57 38 49 29 42 45 53 26 36
32 26 16 29 33 20 14 24 51 38 45 54 32 34 35 51 34 39 6 37
3 4 6 4 1 8 1 5 10 5 4 9 1 2 5 9 4 5 2 2
3 15 6 7 1 4 1 3 15 13 4 23 3 12 5 9 6 11 1 10
11 18 4 12 6 8 1 9 26 16 16 25 12 7 14 21 12 12 1 13
21 49 41 31 27 29 24 21 63 36 51 66 22 52 28 48 40 44 29 33
21 46 34 30 24 35 35 26 69 44 47 59 29 40 40 50 40 56 30 46
4 6 7 1 1 6 1 8 11 7 7 13 2 3 6 7 3 5 4 1
29 44 1 37 24 24 19 19 55 49 43 65 30 37 45 52 39 44 6 49
29 39 29 38 8 41 26 11 38 24 38 38 23 35 28 38 34 24 17 30
17 34 11 28 14 29 19 6 38 30 29 42 17 36 21 33 31 33 14 28
1 4 1 3 1 4 1 1 7 7 4 7 1 2 2 6 1 2 1 1
3 36 30 23 16 18 21 19 44 24 34 35 17 24 22 23 21 33 28 13
9 29 24 19 10 11 10 16 31 19 35 32 17 22 17 19 21 15 16 9
31 35 29 32 19 31 25 17 44 22 30 43 28 39 26 36 39 17 16 29
19 25 11 15 9 19 12 15 29 21 7 31 7 19 7 26 22 14 4 24
2 20 8 3 6 12 4 1 19 11 6 24 4 16 7 18 8 26 2 13
13 15 13 11 1 7 1 8 22 8 17 21 11 6 10 16 5 1 1 7
14 26 29 24 13 29 16 23 36 17 33 34 10 32 22 32 35 28 18 20
6 29 19 27 25 18 20 3 25 27 30 30 22 38 11 29 33 30 20 20
21 47 45 36 12 41 19 30 51 29 42 61 28 38 35 49 38 38 24 22
23 24 26 13 8 18 11 14 33 14 20 33 15 21 14 24 20 6 10 18
14 22 18 17 9 5 4 13 25 13 33 30 19 14 19 22 11 9 6 11
12 27 14 19 6 15 5 20 34 25 24 33 6 16 17 30 23 15 6 24
12 20 20 18 15 27 12 20 30 15 23 27 8 18 12 33 23 23 5 20
26 55 25 39 23 39 37 22 69 50 46 64 17 50 37 45 52 51 32 47
26 29 36 34 19 24 21 16 46 22 42 45 25 37 23 37 29 22 17 25
12 23 13 16 7 23 15 12 29 15 22 23 7 20 9 26 21 22 6 21
20 20 21 18 1 20 6 12 25 8 21 28 18 11 22 15 14 5 11 11
15 39 36 20 29 23 16 13 39 27 29 48 26 40 10 37 31 34 11 21
10 26 11 12 11 22 4 2 29 23 7 41 10 21 12 29 20 29 1 23
8 26 26 18 1 21 3 13 36 17 33 43 6 24 17 25 19 19 9 11
5 24 17 2 5 6 4 2 25 14 17 26 6 17 6 26 4 13 3 9
8 30 29 15 20 24 11 19 37 19 23 38 16 26 14 25 22 36 16 12
9 13 1 10 5 8 1 4 21 14 13 26 7 16 9 14 14 9 3 15
28 38 34 41 13 38 23 36 58 27 38 57 20 35 45 51 47 32 24 38
26 52 30 34 25 32 28 32 57 50 39 62 23 47 35 64 50 42 22 52
7 10 1 6 1 10 1 6 16 10 7 14 1 6 6 12 5 5 1 6
14 32 16 21 13 21 8 22 37 24 20 35 11 24 17 34 27 23 7 22
7 11 16 6 5 13 1 5 13 8 8 18 6 11 2 20 9 13 1 3
17 23 19 24 5 13 5 12 27 16 29 38 22 17 24 19 18 12 9 12
4 14 14 6 3 7 1 4 22 12 12 25 5 9 8 23 7 14 2 8
1 14 1 1 5 1 3 1 9 9 7 11 2 12 1 7 4 3 2 4
13 6 6 4 1 13 1 5 16 4 7 17 8 2 6 6 4 9 1 8
10 45 28 27 15 13 13 8 41 33 42 52 22 39 27 37 27 30 19 23
10 9 14 14 4 19 5 19 22 6 22 21 6 13 19 14 23 12 14 9
7 22 26 10 1 16 3 17 36 14 26 35 5 17 15 26 14 20 12 8
10 9 15 10 3 7 1 8 23 10 22 28 10 11 13 15 7 12 4 10
24 37 32 28 6 31 15 28 48 21 34 45 19 25 32 32 29 20 19 14
23 35 26 34 21 36 23 31 44 25 28 48 20 34 26 47 39 31 11 36
32 57 39 39 34 35 25 47 66 49 48 68 30 52 43 61 57 44 33 39
21 42 38 26 7 31 12 26 60 25 44 57 19 33 36 50 34 26 15 23
10 34 42 18 24 23 11 17 31 24 32 44 14 41 6 41 27 29 12 18
5 6 7 1 1 4 1 6 9 1 6 9 3 1 2 8 1 4 2 2
11 11 17 6 4 16 1 12 20 6 10 22 8 7 10 13 10 17 7 6
24 58 38 33 35 20 27 36 59 46 51 64 31 48 39 53 43 37 34 38
18 10 8 12 11 18 5 14 38 21 22 32 16 7 22 27 13 22 3 24
10 23 10 19 1 23 11 15 31 18 21 28 1 17 17 16 22 26 13 19
7 19 17 7 2 13 5 15 27 9 18 25 4 12 14 9 9 17 12 6
23 18 8 17 9 29 8 10 30 23 9 33 15 15 17 23 21 22 1 26
6 10 10 9 1 4 1 5 13 10 14 18 6 6 10 7 3 10 3 9
25 26 20 10 14 21 16 14 53 31 27 49 22 25 27 42 22 31 9 37
8 25 22 12 4 11 6 10 19 9 26 23 13 20 13 5 12 13 13 1
4 8 14 2 1 10 1 1 12 3 14 20 5 9 2 22 7 11 1 1
18 19 26 16 18 15 14 15 39 11 36 32 17 26 15 35 21 18 18 15
26 23 9 30 12 26 6 13 33 26 27 44 26 22 27 26 27 19 4 30
42 47 24 42 23 28 21 21 59 34 42 63 39 42 39 54 47 13 20 42
7 11 2 10 4 4 1 10 21 10 10 17 8 3 12 14 8 5 1 9
34 61 35 44 48 32 27 32 65 57 49 72 48 52 37 60 47 56 17 49
6 11 9 9 1 10 1 16 21 8 21 19 5 4 15 7 12 7 7 7
15 41 24 26 8 22 10 23 40 27 39 45 16 26 27 34 27 32 13 24
13 27 16 10 9 20 17 12 33 19 14 29 9 23 15 34 20 24 8 22
20 29 13 26 11 22 11 12 40 33 35 47 20 24 28 35 25 27 7 31
38 55 36 36 22 38 27 16 67 42 44 70 21 52 34 58 38 38 23 43
8 26 13 12 10 22 9 9 19 20 12 25 5 25 5 28 21 21 4 17
19 37 50 24 25 25 15 21 48 29 56 60 23 46 39 54 34 45 32 22
31 32 34 36 18 41 27 25 47 25 33 46 16 40 29 53 40 29 15 36
21 47 40 31 18 29 18 27 55 37 54 61 15 41 39 51 33 43 29 22
26 42 23 14 25 26 22 21 52 37 21 48 17 33 21 44 28 37 16 42
39 53 44 58 13 56 33 39 60 36 60 66 27 52 55 61 61 37 26 42
8 6 4 3 1 9 4 9 14 1 5 6 1 1 2 11 5 1 1 6
23 30 32 30 7 25 21 34 46 16 32 37 16 19 32 29 28 16 18 19
7 8 2 3 1 7 2 6 13 6 3 8 1 5 2 6 4 4 1 7
3 4 2 6 1 2 1 1 5 7 1 8 3 3 1 1 2 4 1 3
22 40 27 39 29 24 19 6 41 33 39 55 37 46 27 40 37 32 21 25
11 18 17 19 11 18 1 19 29 17 27 29 10 18 12 35 24 18 1 19
1 8 2 1 1 1 1 1 13 7 1 14 1 1 5 8 1 8 1 4
1 6 3 1 1 1 1 1 2 5 3 7 1 3 1 6 1 1 1 1
8 14 8 5 2 4 3 3 23 7 10 18 6 5 4 12 1 9 1 8
14 25 18 12 8 14 18 18 36 12 17 25 9 15 16 22 15 19 13 16
29 59 41 41 44 21 32 34 62 55 51 60 36 58 26 64 51 43 22 46
22 41 25 29 11 19 16 17 43 24 42 54 26 36 39 33 27 22 26 19
21 40 28 27 9 18 6 12 44 28 34 52 21 31 25 44 23 14 7 27
20 38 16 25 10 19 15 21 46 35 26 45 13 26 23 46 28 21 5 38
12 35 30 24 25 26 11 27 34 33 29 49 15 40 18 40 40 31 17 28
6 16 19 11 9 19 4 8 13 16 13 21 5 23 1 29 18 18 1 11
21 29 14 19 1 18 10 9 36 13 19 35 17 15 22 24 13 9 6 18
14 36 20 20 22 20 9 20 45 32 35 56 25 34 30 46 29 33 10 33
2 8 11 3 1 2 1 6 6 3 9 12 3 2 5 1 3 7 4 1
19 43 48 29 32 27 21 19 56 32 48 51 29 43 21 52 31 35 26 23
27 33 35 22 23 17 14 13 44 25 38 52 24 40 18 44 28 17 18 21
22 25 16 24 14 22 10 11 37 25 29 36 20 22 21 28 18 19 4 28
32 51 15 48 27 23 24 24 51 53 58 62 30 54 45 63 54 38 19 47
19 37 41 22 22 32 14 28 58 27 47 54 20 34 32 44 29 44 24 21
8 5 1 3 1 10 2 7 16 4 2 9 1 2 4 8 5 2 1 7
12 23 33 13 13 28 11 26 31 10 28 29 6 26 15 32 25 23 15 11
3 20 21 10 9 2 9 2 15 10 25 19 15 15 3 12 6 14 11 1
1 8 1 3 1 5 1 1 12 8 9 14 3 7 3 8 5 4 1 1
11 22 29 16 4 24 9 23 35 16 29 31 4 24 16 28 21 23 18 10
2 14 1 6 2 1 1 2 15 15 11 21 6 8 5 13 7 1 1 8
20 40 25 28 35 27 20 18 40 38 35 53 24 49 23 47 41 34 19 36
31 52 12 38 19 33 26 24 56 50 36 56 15 44 34 49 45 35 18 50
1 13 11 3 5 8 1 9 24 12 14 26 2 13 8 19 14 9 3 6
1 7 1 1 1 1 1 1 7 5 1 8 1 4 1 4 1 1 1 1
7 12 7 8 1 6 1 10 12 10 13 14 7 6 10 10 4 4 5 7
13 42 14 29 20 15 15 9 45 39 39 51 18 41 24 45 33 25 10 34
9 16 11 8 1 11 1 1 21 10 8 26 7 9 6 17 6 10 1 7
7 9 5 5 1 4 1 1 5 4 9 13 7 6 4 4 1 1 1 1
24 35 32 25 10 37 14 12 42 16 34 45 24 28 30 24 27 34 18 21
9 26 15 16 3 16 3 9 22 15 21 35 11 23 15 14 19 15 6 11
12 26 16 18 11 12 13 14 27 23 26 19 11 21 11 23 17 12 9 18
6 28 10 14 5 13 11 9 28 27 18 32 1 25 10 25 20 18 7 21
6 20 13 8 5 12 3 10 18 17 7 25 5 15 6 16 15 14 6 12
28 30 28 30 12 27 16 21 47 21 28 50 17 30 27 47 28 14 9 31
10 14 3 14 13 3 8 4 15 13 21 20 13 18 14 15 13 2 11 10
27 31 4 29 15 13 9 21 38 32 22 43 24 23 25 27 24 22 1 32
10 21 18 14 9 4 3 14 21 13 34 28 17 16 19 21 13 6 9 8
25 40 30 27 11 12 13 15 53 29 47 57 32 32 39 46 23 24 12 31
34 41 28 26 21 25 19 25 53 28 34 52 27 32 26 43 33 18 12 32
1 1 4 1 1 1 1 1 3 2 5 3 1 1 1 6 1 1 1 1
34 59 31 46 25 38 26 19 62 50 48 64 32 52 41 51 48 44 23 43
6 7 10 1 3 14 1 8 14 2 7 13 1 6 1 17 10 13 1 6
11 15 33 13 7 26 2 18 40 9 31 41 10 15 23 28 16 28 11 9
30 30 15 22 17 22 14 15 54 38 39 61 36 29 41 42 28 31 14 40
18 43 35 30 32 19 15 23 36 37 40 44 28 41 17 44 35 26 9 25
9 14 12 9 1 12 1 1 19 8 10 24 6 8 5 17 5 13 1 8
15 35 19 25 7 22 14 24 43 23 28 38 10 19 23 31 24 24 12 25
9 10 7 9 2 10 2 14 17 9 12 12 6 2 11 12 8 4 4 10
5 7 12 3 3 4 3 3 7 3 11 9 6 4 3 7 1 2 3 1
13 61 26 32 13 25 28 25 59 49 37 66 14 44 38 48 39 44 27 39
2 16 13 10 1 1 1 5 16 15 19 23 5 10 8 17 6 6 1 8
5 10 12 4 1 6 1 10 9 7 11 13 6 5 9 7 5 8 8 1
10 12 15 7 15 13 1 6 26 10 24 35 14 16 19 29 18 22 7 14
9 18 6 6 8 8 6 1 18 13 8 22 10 14 7 9 5 15 5 11
5 14 15 6 4 14 2 10 10 9 17 16 5 15 7 15 14 15 6 6
14 25 12 15 11 9 10 11 29 17 20 23 16 13 10 20 11 11 8 13
24 47 51 38 18 40 23 26 50 31 54 70 37 50 42 53 49 51 30 38
1 9 6 5 1 2 1 6 7 8 8 12 1 5 5 3 4 8 4 4
27 36 17 35 1 31 17 14 44 20 22 44 19 22 30 33 28 16 6 32
20 28 14 16 3 23 9 10 33 18 10 33 13 20 17 29 19 18 4 21
14 50 43 34 18 27 16 22 43 31 49 52 28 39 34 42 35 41 21 23
31 43 24 39 7 45 31 20 61 36 35 57 7 40 39 61 41 41 16 48
20 33 13 34 7 32 14 18 43 33 44 50 14 29 40 32 36 34 19 34
30 48 29 33 17 21 15 22 49 28 36 56 33 35 37 46 37 20 13 30
17 22 9 20 13 5 8 9 27 21 25 40 21 22 21 24 18 13 14 19
7 13 20 12 6 15 2 6 11 11 14 19 7 14 7 20 11 13 2 6
34 28 31 38 26 55 29 35 52 36 36 56 24 41 27 56 51 42 10 48
3 19 11 5 3 10 1 6 23 15 11 28 1 12 9 15 11 17 4 14
29 34 22 20 21 22 14 24 53 29 27 56 20 29 30 38 32 27 18 35
7 19 9 12 9 8 1 11 18 20 15 20 10 13 13 24 15 7 3 13
8 10 8 4 1 7 1 3 10 3 6 11 6 6 1 1 1 3 1 3
25 29 36 21 24 28 16 21 53 28 46 49 29 28 32 34 22 33 22 21
2 9 2 2 1 2 1 3 10 9 2 9 1 6 1 7 2 1 1 4
29 28 19 22 26 18 11 25 55 39 37 58 30 23 36 46 26 29 9 37
2 1 1 1 1 2 1 1 8 2 3 4 1 1 1 3 1 1 1 1
34 53 45 48 36 47 26 27 62 46 51 65 40 55 26 59 48 43 18 42
34 54 50 32 26 36 31 28 66 35 47 64 36 45 38 40 40 38 36 25
36 39 30 32 14 39 26 24 58 33 32 60 17 38 31 48 40 30 10 45
19 45 29 26 12 25 17 21 48 33 32 51 14 33 25 43 28 27 11 33
31 47 28 42 21 48 32 35 67 49 56 67 25 47 50 53 52 48 28 43
6 10 18 9 2 15 1 13 23 5 17 26 6 6 16 12 12 16 8 4
16 16 23 9 1 14 2 4 28 6 19 30 14 14 16 19 10 5 6 9
22 44 37 25 13 10 16 24 49 35 46 54 29 37 37 52 28 36 18 31
14 28 20 23 10 15 9 24 32 19 34 38 19 22 27 19 22 16 17 13
22 22 21 34 12 33 18 25 33 21 32 40 12 30 31 40 43 22 14 31
12 21 15 16 9 19 4 13 26 24 19 25 9 18 10 31 22 14 1 21
23 42 34 23 16 27 21 18 54 38 42 50 12 37 31 57 28 39 22 31
32 45 45 31 29 45 22 30 55 30 44 71 33 49 38 48 51 42 23 34
6 28 31 11 23 21 13 22 26 21 28 33 11 32 8 32 28 24 13 15
23 55 32 39 27 34 16 38 55 47 41 67 23 44 30 57 50 46 11 44
12 12 18 11 1 18 9 23 26 7 19 19 5 8 16 11 16 14 14 9
14 19 18 13 9 25 6 12 34 18 24 35 9 21 15 30 19 25 4 21
29 34 33 24 32 33 21 10 49 38 45 53 27 45 28 45 29 42 19 28
37 35 26 24 20 33 23 27 52 27 14 51 18 29 28 36 32 24 11 38
10 27 9 11 12 3 4 12 30 26 16 33 8 18 8 31 19 12 2 20
1 1 2 1 1 1 1 1 8 1 3 7 1 1 1 1 1 3 1 1
21 34 24 18 17 19 15 12 46 27 31 45 28 20 32 26 13 32 16 22
18 27 25 14 16 18 15 9 45 21 33 40 21 25 20 33 14 27 13 21
38 45 43 47 25 40 23 19 54 37 53 67 38 57 36 65 55 20 23 43
24 38 12 30 14 31 19 15 44 33 30 46 20 31 25 35 31 33 11 34
31 50 48 39 34 34 26 24 70 45 60 73 38 52 44 51 39 50 35 31
14 51 30 29 20 15 22 20 55 39 39 56 29 34 35 33 27 44 28 31
39 43 41 21 25 29 17 9 57 30 39 62 24 44 28 48 29 29 21 31
6 3 3 4 1 6 1 3 11 5 3 11 5 1 5 5 1 3 1 3
23 38 38 27 21 21 17 14 45 35 43 57 17 47 22 47 32 27 18 26
2 4 8 4 1 1 1 5 6 4 10 12 3 1 6 1 1 5 3 1
1 1 2 1 1 4 1 1 8 1 4 6 1 1 1 7 1 1 1 1
19 37 40 21 12 24 25 29 52 26 51 49 25 39 37 46 35 37 33 23
27 45 45 23 16 31 17 16 51 34 39 59 19 49 26 61 35 42 18 30
34 36 25 33 16 27 25 9 40 20 35 42 33 40 29 35 37 4 21 29
14 21 20 21 7 21 6 21 31 21 27 25 9 17 18 30 24 18 7 22
23 25 14 17 11 31 11 20 39 22 24 45 18 20 24 24 26 32 9 26
32 37 24 39 24 29 17 27 51 30 42 59 34 37 39 48 40 27 17 37
17 57 37 30 19 29 26 19 66 44 56 69 13 57 36 59 40 47 32 35
1 8 2 2 1 1 1 2 2 6 3 6 1 5 1 2 1 4 1 2
30 27 20 28 9 19 10 29 47 21 31 45 20 16 31 34 25 14 6 27
24 45 20 27 21 29 23 18 61 49 42 66 27 38 40 55 32 45 16 47
1 24 23 9 8 9 9 11 24 10 28 18 7 16 10 14 14 24 16 4
12 37 18 33 18 32 18 12 33 39 33 52 12 45 19 48 43 34 13 33
12 15 8 10 6 12 6 10 23 10 19 21 8 15 9 26 16 7 4 14
1 14 14 7 2 10 1 11 16 7 21 22 3 15 13 15 17 11 11 2
21 32 35 28 28 18 13 19 47 29 47 49 25 41 25 46 36 22 20 25
24 25 15 27 14 19 1 16 37 27 28 46 24 28 26 32 31 13 5 28
15 31 35 23 27 21 8 21 41 29 40 56 24 36 21 46 31 26 9 27
23 36 25 21 8 37 18 20 58 31 24 56 9 29 32 49 35 40 10 42
33 30 24 26 32 33 20 15 54 40 48 62 24 46 34 52 34 41 21 34
8 20 20 12 7 13 1 9 27 17 25 37 11 22 13 32 20 21 9 14
1 3 5 2 1 1 1 1 9 4 11 6 1 1 1 7 1 1 1 1
7 11 3 7 1 8 1 3 17 8 6 19 4 6 4 8 5 12 1 8
37 46 39 39 17 36 22 38 61 32 52 57 34 35 47 39 37 30 25 26
2 14 9 6 3 3 1 5 13 16 10 17 2 10 5 15 6 4 1 9
26 41 34 26 23 39 10 21 51 26 37 64 27 40 33 41 41 37 15 31
3 7 5 5 1 3 1 4 14 7 10 14 4 1 5 8 1 5 1 3
25 38 25 30 25 22 14 35 51 37 37 52 20 38 31 44 46 26 22 35
10 39 28 28 16 34 14 23 43 30 34 49 15 31 30 36 32 44 16 23
2 10 6 7 1 6 2 2 7 9 8 11 1 7 1 11 6 11 1 7
17 40 38 28 24 28 26 22 47 34 43 48 32 34 30 27 30 43 32 19
17 20 15 13 13 13 14 20 30 23 16 27 7 21 9 27 23 10 8 23
3 8 4 1 3 8 1 3 12 9 1 11 2 8 1 12 7 5 1 4
33 49 44 30 23 36 34 44 62 33 35 62 19 45 39 59 48 34 30 43
5 9 7 1 1 1 1 7 19 7 11 19 5 4 9 9 4 13 5 8
3 31 25 19 18 13 11 15 28 24 25 29 13 23 16 30 20 32 13 15
21 54 25 35 25 31 23 26 60 48 46 71 21 47 40 51 49 45 26 43
7 31 11 15 12 14 17 10 31 28 12 26 2 28 5 22 22 18 7 23
28 53 41 42 26 35 20 23 52 35 50 72 34 53 35 58 52 28 24 38
31 26 32 25 32 34 15 20 49 24 41 49 20 40 29 51 36 38 19 34
17 56 42 29 30 15 24 25 70 43 59 63 30 49 39 59 37 50 29 33
22 24 16 16 12 10 1 6 45 22 30 48 22 17 27 35 10 17 1 21
34 31 21 36 21 22 17 27 40 22 43 39 33 27 33 39 33 16 8 28
45 44 26 36 39 34 27 48 70 46 35 67 31 40 45 62 53 44 9 54
32 48 48 35 30 30 26 33 61 44 56 70 25 58 34 56 49 39 38 33
3 6 7 5 1 1 1 3 10 6 12 17 5 1 8 4 1 2 1 1
5 29 19 16 12 11 8 3 32 26 24 34 10 28 8 33 17 17 6 17
13 42 34 28 28 22 17 21 40 34 33 46 27 33 15 42 29 34 17 22
1 13 1 7 1 7 4 1 7 9 4 10 1 10 1 7 6 10 1 6
8 23 18 11 8 5 8 5 20 14 21 22 13 13 10 16 3 14 8 6
19 35 27 33 22 20 16 8 44 31 46 47 30 36 23 37 27 29 13 25
3 17 13 7 4 9 2 5 18 14 17 16 1 17 3 20 6 7 3 9
1 1 1 1 1 1 1 1 2 1 4 1 1 1 1 1 1 1 1 1
5 15 13 8 7 4 7 7 17 12 20 16 8 10 12 12 1 11 8 9
34 65 41 44 34 45 31 20 66 52 49 80 39 59 39 64 55 52 22 51
7 17 13 6 4 6 4 10 15 6 14 20 7 7 9 7 6 14 9 5
29 58 41 32 30 36 30 37 76 54 54 78 30 49 46 60 42 54 30 43
30 48 42 38 26 34 26 17 53 27 47 55 38 49 31 46 48 30 32 30
32 41 45 35 20 35 16 16 58 29 57 70 25 44 44 45 32 39 27 22
23 30 25 34 18 34 13 20 29 20 33 40 27 32 21 34 35 20 8 23
15 20 9 12 3 12 4 9 28 11 9 27 10 10 10 16 8 5 1 11
21 14 16 19 1 19 9 15 31 13 22 29 12 11 18 24 15 8 1 20
30 54 44 29 21 30 26 18 64 37 44 65 25 53 29 63 39 34 21 39
16 7 11 14 4 16 5 14 18 4 20 18 11 9 17 12 16 5 7 9
44 50 28 43 15 41 26 33 74 44 50 80 40 40 60 61 51 44 13 56
4 9 2 1 1 4 1 3 18 7 1 14 1 6 1 7 3 1 1 7
21 29 20 32 7 32 23 8 32 20 27 26 16 27 17 26 30 22 10 21
1 9 3 1 1 2 1 1 10 3 5 10 1 3 1 9 1 4 1 1
19 39 30 25 21 19 14 16 36 24 39 46 26 38 26 29 32 21 23 17
7 39 24 22 25 23 16 13 37 32 24 40 16 36 10 36 27 39 13 23
1 1 1 1 1 1 1 2 3 1 4 4 1 1 1 1 1 1 1 1
5 24 16 14 13 6 13 7 23 18 18 20 14 17 8 13 10 21 14 9
26 35 26 32 27 21 7 16 41 26 43 54 35 36 32 44 31 25 10 24
7 11 3 9 1 5 1 3 14 10 5 17 6 4 5 8 3 8 1 7
22 24 28 24 3 21 8 12 36 12 37 42 25 17 31 23 20 16 14 17
4 4 6 4 1 5 1 6 16 5 9 13 3 1 8 6 1 7 4 4
24 65 47 36 33 29 27 43 65 52 51 69 28 56 41 65 48 53 28 35
20 52 39 41 26 25 28 23 57 39 53 62 38 47 39 38 38 41 39 22
19 45 22 38 11 29 22 24 49 36 50 56 20 39 38 47 41 33 27 31
1 16 3 3 1 3 1 2 25 15 7 26 1 8 11 18 3 16 1 12
5 1 3 2 1 4 1 1 8 1 7 14 7 2 4 2 3 3 1 1
5 2 6 1 1 5 1 2 4 1 4 8 4 1 1 5 1 1 1 1
28 36 37 30 28 23 15 20 51 34 54 58 23 39 37 52 33 34 30 23
16 28 10 18 1 15 16 17 40 21 16 35 7 18 24 32 20 15 5 29
7 15 13 12 4 9 5 6 15 13 13 19 6 12 6 14 7 9 4 9
19 50 13 36 17 19 24 6 49 46 42 55 24 45 29 46 35 33 21 38
8 13 26 15 13 17 1 15 15 10 27 29 14 20 13 23 22 21 10 9
37 62 53 45 35 33 37 45 80 47 51 72 29 53 36 64 53 41 33 51
16 39 17 25 20 4 12 18 35 32 36 39 25 29 20 31 22 22 10 22
16 37 25 12 4 17 16 20 39 30 19 44 12 27 20 38 28 31 14 32
22 48 27 14 18 12 25 27 62 40 27 54 22 32 30 40 28 36 24 40
24 31 20 29 18 7 10 13 40 23 44 49 30 29 31 38 23 8 14 22
20 9 7 10 10 21 7 13 33 17 18 29 13 7 17 20 14 22 2 23
20 38 26 24 7 20 12 19 44 17 35 39 21 20 29 23 20 20 16 16
9 17 10 13 1 13 1 7 18 16 14 27 6 14 9 12 11 9 2 11
10 11 9 1 6 11 1 11 25 10 13 24 7 9 12 11 7 12 7 11
9 16 7 21 8 20 1 13 16 19 16 26 7 21 11 29 27 13 1 19
34 37 26 38 23 26 19 38 61 39 42 63 27 37 46 46 48 25 21 44
1 6 1 1 1 2 1 1 2 2 1 4 1 3 1 4 1 1 1 1
9 12 17 10 1 7 1 7 7 8 19 17 10 9 9 8 6 8 5 5
22 34 16 31 5 40 21 14 40 29 27 46 4 33 22 49 38 37 8 35
19 53 39 34 17 22 21 24 58 33 51 61 32 39 39 40 33 35 27 16
16 8 1 13 5 12 5 13 25 12 14 18 9 4 16 12 12 7 1 18
31 45 15 38 15 41 24 25 55 42 46 54 17 35 46 36 41 44 25 44
9 1 6 1 1 7 1 7 17 1 6 9 1 1 3 9 3 2 1 7
7 30 28 21 15 22 19 11 36 24 30 29 12 31 10 31 24 31 16 18
31 52 44 57 26 43 43 42 62 42 54 59 32 52 48 51 58 41 40 39
20 44 13 27 12 21 18 17 48 43 21 53 13 32 24 42 30 29 10 40
23 35 21 24 10 21 9 30 53 25 30 49 15 18 33 40 28 21 10 30
30 29 30 25 34 29 28 15 57 33 42 45 23 36 26 42 29 39 24 31
22 13 11 16 13 35 15 15 29 17 16 25 9 16 18 28 27 26 1 29
21 49 36 26 29 20 31 17 58 38 40 54 31 45 24 48 34 36 25 38
1 11 6 3 1 1 1 3 6 5 5 11 1 5 1 7 2 8 1 3
22 42 52 31 33 34 24 18 64 31 57 62 39 41 38 48 33 46 32 24
18 22 17 7 8 19 6 13 42 20 14 36 10 15 19 32 14 24 5 25
10 33 41 21 16 26 6 16 31 21 37 50 13 42 14 42 35 26 9 16
6 31 21 18 12 7 5 12 32 23 38 41 14 26 21 34 18 20 14 17
1 6 6 6 1 6 1 1 5 8 8 7 1 6 1 8 5 7 1 6
26 38 42 20 32 27 22 20 44 32 35 45 16 50 10 49 36 33 21 26
24 31 22 36 14 29 13 15 39 31 43 54 25 33 36 39 37 28 17 31
20 44 19 25 21 14 13 10 54 41 41 60 11 44 27 51 30 30 11 35
19 36 24 34 25 18 25 14 36 35 53 46 22 48 30 47 36 27 30 29
3 11 12 2 2 13 1 11 18 3 6 14 1 7 7 7 10 16 6 4
6 41 37 25 24 22 21 14 37 34 33 41 21 39 11 45 27 42 18 24
5 17 6 15 2 12 3 5 17 17 14 22 7 10 9 18 13 13 1 14
1 10 6 1 1 1 1 1 9 4 9 10 1 2 1 9 1 6 1 1
9 30 16 25 22 9 15 10 34 30 24 30 25 23 19 18 19 24 15 24
8 14 7 10 1 5 1 1 13 9 13 21 10 7 9 10 3 4 1 4
10 13 8 11 1 14 1 7 18 11 13 21 7 11 7 21 14 8 1 10
17 37 31 25 25 13 15 16 44 30 41 44 28 35 20 41 29 19 13 22
12 41 15 20 7 3 10 21 43 34 34 48 20 24 33 35 23 32 12 31
15 22 9 13 7 18 11 17 33 17 13 29 6 17 16 30 21 14 4 23
5 32 34 25 28 19 25 14 38 29 36 34 31 30 19 25 22 34 25 25
1 20 10 1 6 1 3 8 20 11 3 22 1 11 3 16 7 8 4 8
15 40 31 21 5 28 24 22 56 28 40 51 13 35 33 44 32 43 19 35
1 8 3 1 1 5 1 1 4 5 7 7 2 5 1 10 4 3 1 2
20 36 36 20 11 22 14 17 44 16 36 38 19 30 20 25 24 17 18 16
6 6 5 5 1 3 1 1 5 6 10 11 7 6 1 3 5 5 1 4
13 30 20 11 6 14 17 16 38 20 22 32 14 18 22 27 14 23 16 19
8 26 12 7 6 17 9 8 26 18 12 27 7 20 11 25 15 26 7 20
8 28 18 2 15 2 12 11 26 19 10 26 7 20 4 22 11 15 11 13
5 12 3 13 6 8 2 1 8 14 15 21 10 18 7 18 17 9 5 11
20 21 16 10 15 15 7 9 29 21 13 34 19 17 17 18 15 15 4 20
11 20 1 13 2 12 7 7 27 14 4 23 4 10 11 16 10 16 1 20
12 54 34 31 25 28 17 28 51 41 35 59 19 43 27 45 39 44 19 31
21 37 18 26 11 16 8 13 37 24 30 41 23 25 21 24 18 17 8 19
31 43 38 33 12 37 21 17 48 22 45 54 33 42 41 42 41 31 29 33
3 13 9 5 1 9 1 9 10 8 9 14 2 7 6 8 7 12 6 5
13 25 32 15 12 15 11 11 36 12 33 33 19 17 20 21 12 23 16 8
18 47 44 29 30 35 14 28 59 44 46 68 14 49 35 59 43 48 20 35
13 46 36 35 24 12 22 29 48 37 51 42 28 38 31 37 32 33 27 21
3 7 8 1 1 1 1 6 4 2 8 9 4 3 4 2 1 3 4 1
6 7 8 7 1 3 1 2 8 9 8 12 5 4 4 9 1 3 1 3
7 13 10 7 5 13 5 8 12 9 11 14 6 13 4 8 10 13 6 8
4 8 12 2 3 2 3 5 8 4 12 7 4 6 3 7 1 4 4 1
42 36 34 37 22 30 17 32 61 33 45 61 23 33 44 48 34 33 15 38
25 48 48 25 32 35 19 23 51 35 36 58 26 45 23 45 40 47 22 29
1 14 15 5 4 2 4 4 10 8 17 8 3 12 2 8 4 11 7 3
4 27 14 13 12 1 9 4 30 22 19 31 13 23 6 16 13 15 9 12
5 14 15 11 2 8 3 1 6 7 22 18 9 17 4 13 8 7 1 5
17 16 23 22 3 28 7 6 29 14 29 31 7 24 13 32 22 18 2 16
29 47 13 37 14 24 21 24 50 43 37 55 16 39 30 49 42 27 10 43
14 22 17 16 1 10 5 6 24 6 22 28 16 10 19 14 9 5 8 6
18 38 38 27 10 35 15 19 51 26 46 55 8 38 33 49 33 42 20 20
10 9 12 11 4 8 1 1 6 3 21 17 14 12 10 10 8 1 2 1
5 11 9 1 3 2 1 8 16 8 5 18 2 7 1 11 5 2 1 6
41 48 27 53 8 50 29 11 58 36 54 64 29 47 46 64 53 34 24 47
19 21 16 19 4 20 12 23 29 16 11 29 6 15 19 20 21 12 8 21
10 36 44 26 22 31 16 20 39 25 39 44 20 39 11 35 32 40 19 20
6 1 3 6 1 5 1 6 8 2 11 9 3 4 3 8 8 1 1 6
1 1 5 1 1 1 1 2 7 3 6 5 1 1 2 3 1 1 1 1
16 27 32 25 12 28 8 11 26 17 33 41 21 32 21 39 28 28 9 19
2 6 3 5 1 1 1 1 11 7 10 12 4 2 5 10 1 1 1 3
28 34 9 27 15 24 10 16 47 36 22 50 20 25 26 32 30 20 1 39
15 13 8 4 15 16 7 7 28 19 10 29 15 14 14 18 12 17 4 15
8 14 4 10 1 12 2 5 13 11 8 19 4 10 2 9 8 9 1 9
17 22 24 9 10 21 3 12 36 13 25 40 14 22 17 30 17 24 5 17
1 27 23 17 16 17 9 11 17 22 21 25 9 27 5 27 19 26 8 11
3 4 5 1 1 6 1 5 8 4 8 8 1 3 3 6 3 3 3 1
26 19 1 26 14 13 13 17 40 23 28 39 22 20 28 33 27 4 12 29
10 12 10 12 9 13 3 5 11 12 20 19 11 19 8 21 18 10 6 12
4 11 3 1 2 5 1 4 10 10 1 10 1 8 1 9 4 1 1 6
22 25 33 19 3 26 4 13 43 12 35 44 13 26 22 31 22 17 12 16
6 3 6 3 1 4 1 4 13 5 8 14 5 1 9 5 1 5 1 5
2 1 3 1 1 2 1 2 5 1 8 4 1 1 1 4 1 1 1 1
20 35 29 19 5 22 13 8 46 19 33 54 26 33 33 40 29 20 18 25
7 30 18 12 13 3 9 10 31 25 24 32 11 22 10 26 14 12 7 17
17 15 15 8 2 13 6 14 29 5 13 24 8 5 16 15 7 14 5 14
1 9 1 6 1 3 1 1 9 8 4 9 2 2 4 6 2 2 1 4
6 35 20 29 21 22 12 12 25 33 36 40 18 39 16 43 34 26 7 25
20 35 16 32 17 18 19 22 36 29 32 35 22 28 21 33 30 20 12 26
7 3 6 1 1 7 1 9 17 4 6 12 3 1 9 1 3 11 4 8
16 27 30 21 19 26 16 16 39 20 25 34 17 28 11 38 23 30 9 18
20 39 40 23 16 32 19 28 63 34 49 64 25 42 43 55 39 44 29 28
30 30 39 29 5 33 15 27 47 12 31 46 14 29 28 37 30 17 15 23
9 10 8 6 1 12 4 12 18 7 7 12 1 6 5 9 8 10 5 9
36 53 41 41 17 30 25 48 73 41 45 71 22 41 45 59 48 33 19 42
15 22 22 13 23 19 18 11 40 23 27 31 25 21 15 25 17 25 15 20
21 21 21 17 3 20 14 24 39 7 18 35 7 13 25 21 19 16 10 21
1 8 1 1 1 1 1 2 13 3 1 11 1 3 1 6 1 1 1 1
5 7 10 6 1 1 1 8 12 8 9 11 6 5 8 5 1 7 6 4
39 41 15 35 34 22 23 31 64 39 36 60 32 38 41 50 43 23 13 49
17 24 12 17 4 11 4 17 32 19 16 31 12 10 17 24 13 11 4 19
20 10 8 13 7 16 4 8 25 14 13 25 15 5 16 10 8 13 1 18
1 3 3 5 1 3 1 1 2 7 8 7 1 4 1 4 3 4 1 3
6 14 16 7 4 8 3 5 12 12 14 17 7 13 5 18 8 8 3 6
34 20 18 29 21 26 17 19 39 23 37 40 30 21 35 35 29 16 15 33
5 21 8 15 9 1 4 10 23 18 18 20 11 13 14 8 10 13 7 12
9 6 8 2 3 13 1 7 18 8 6 15 4 5 8 11 5 10 2 8
11 31 19 22 7 14 5 20 30 24 24 39 14 18 23 23 20 19 13 16
12 28 18 11 5 11 5 17 42 23 23 36 8 15 19 35 14 16 7 22
38 47 34 51 10 45 36 8 55 32 58 55 32 51 41 48 47 31 30 40
16 42 33 15 15 12 22 8 46 33 42 51 17 43 27 48 23 42 25 26
2 17 8 1 1 1 1 3 22 10 10 22 1 8 5 18 1 7 1 6
16 15 6 15 1 15 8 11 28 11 8 27 4 8 13 19 13 12 1 19
7 17 15 3 6 3 3 8 28 13 14 24 6 11 8 14 5 7 5 10
21 26 23 21 14 18 5 3 40 18 38 48 26 30 25 38 21 12 9 17
14 20 26 10 3 14 5 4 29 5 24 32 14 17 15 23 7 11 7 4
3 9 5 1 1 6 1 3 10 8 7 11 1 6 1 12 4 5 1 3
1 15 8 4 8 9 2 3 13 9 8 17 1 14 2 19 9 12 1 2
5 8 9 3 3 2 3 1 5 1 9 8 7 4 2 5 1 2 2 1
3 11 7 5 4 1 1 1 21 11 19 25 4 14 7 25 8 4 1 8
3 7 8 5 1 8 1 11 16 6 14 14 1 5 7 1 9 9 5 5
19 24 35 17 4 23 12 1 28 5 30 31 20 28 17 32 18 5 13 9
6 6 4 4 2 10 2 5 11 6 4 7 3 4 4 7 5 5 1 4
4 10 16 1 4 3 4 9 11 4 19 11 5 6 7 9 4 7 8 1
12 14 24 7 6 20 1 11 21 1 17 28 10 11 14 16 12 18 5 3
10 5 8 9 8 17 1 1 17 11 7 25 10 7 11 13 10 18 1 11
13 47 21 29 7 14 25 10 45 45 43 56 20 45 33 54 35 38 21 40
1 2 3 1 1 1 1 1 8 1 3 10 1 1 1 1 1 2 1 1
10 5 13 3 3 7 1 9 18 5 18 20 9 5 12 9 5 9 5 7
4 7 3 3 1 1 1 1 16 8 10 19 3 6 1 11 3 1 1 3
23 31 19 30 4 25 13 8 39 22 33 39 13 29 21 37 23 13 6 23
3 4 5 1 1 1 1 1 3 3 3 7 2 1 1 6 1 1 1 1
4 12 5 9 1 1 1 5 14 13 11 16 7 7 9 15 6 1 1 8
14 39 20 19 7 22 9 14 37 23 27 47 13 28 21 25 22 27 11 21
19 37 33 28 30 35 22 29 31 38 30 47 20 47 13 47 46 36 16 36
19 46 21 31 8 26 24 5 40 31 40 47 20 40 27 34 27 35 19 25
22 39 10 30 15 21 16 20 43 38 30 49 14 34 21 49 40 22 6 39
20 23 21 25 11 16 8 10 30 15 37 33 22 24 19 27 19 8 7 16
23 41 25 26 24 27 22 13 44 39 39 55 23 42 28 37 37 37 22 35
28 22 20 27 26 42 21 31 45 29 25 46 22 27 27 41 34 37 10 36
10 4 5 4 1 8 1 7 11 2 5 11 5 1 2 4 3 2 1 4
20 28 15 26 10 27 13 11 39 30 38 54 18 28 34 30 31 35 17 29
8 8 4 9 4 7 1 2 21 13 19 23 11 6 14 12 8 10 1 13
26 34 30 22 18 24 13 22 49 24 27 45 17 30 21 46 29 17 5 27
6 28 9 22 8 12 9 7 27 31 21 32 9 22 15 31 21 15 4 24
10 31 14 23 2 23 10 24 40 20 25 36 5 16 24 24 24 26 12 21
15 39 18 29 22 4 15 20 40 32 43 37 25 30 23 34 25 28 11 23
9 13 6 7 2 6 1 6 18 12 13 19 7 8 6 12 6 1 1 8
9 31 11 14 8 3 8 14 32 26 28 33 16 17 25 35 16 20 6 23
7 14 6 9 5 6 5 6 15 11 14 15 8 6 9 13 5 6 4 7
1 19 10 9 5 1 1 7 26 17 19 35 3 16 13 20 15 12 5 13
19 30 18 34 11 37 17 27 40 26 19 43 8 25 22 45 37 28 1 36
4 35 18 10 9 4 17 9 32 28 25 31 14 25 19 26 11 26 17 19
37 32 40 38 35 46 30 35 52 34 40 55 33 46 36 53 50 40 21 42
31 52 50 37 28 43 23 35 57 35 45 71 31 52 35 56 52 41 28 38
9 10 7 4 3 8 3 6 12 6 7 12 5 7 1 7 4 4 2 6
41 55 40 37 36 45 22 43 76 51 47 83 39 49 54 62 52 55 24 50
9 28 11 15 12 13 6 15 22 25 19 29 9 25 12 26 24 12 5 21
19 39 10 22 16 15 12 20 40 35 24 41 20 29 28 41 28 32 6 33
25 32 14 23 13 19 8 19 37 23 24 36 20 19 23 38 22 16 3 24
1 9 8 1 1 3 1 2 10 4 8 11 1 3 1 12 1 9 1 2
8 36 24 7 16 9 14 13 34 26 21 37 10 29 10 30 20 27 14 19
27 30 14 21 22 31 9 9 38 26 24 50 26 33 23 35 32 30 9 31
6 39 29 13 21 13 15 19 44 26 22 39 10 29 14 32 27 29 20 16
21 24 20 14 24 12 9 10 45 24 41 50 25 25 29 40 16 26 12 24
12 34 26 21 10 22 13 17 41 24 42 47 9 35 26 39 27 35 20 27
4 7 9 1 1 9 1 7 11 7 5 11 1 6 6 10 6 9 5 4
12 41 35 21 17 19 15 18 50 31 48 57 21 43 34 52 33 32 26 25
9 5 1 3 1 10 3 7 14 3 3 9 1 1 2 10 5 3 1 6
11 17 27 8 15 16 4 11 23 14 28 25 4 28 9 30 14 19 11 7
31 30 11 26 14 18 6 18 40 25 24 39 25 21 28 26 21 13 1 28
3 15 18 10 1 15 4 14 15 9 17 17 1 11 13 9 14 18 12 5
18 35 22 26 19 27 8 17 34 26 24 46 22 27 14 36 23 30 5 25
16 40 46 36 32 33 25 20 36 31 46 42 34 41 15 40 35 38 22 22
13 28 12 21 13 11 16 12 33 21 24 27 19 21 12 24 19 16 11 16
5 23 24 6 14 4 11 11 31 18 24 25 9 22 8 20 11 12 12 9
19 11 4 17 4 11 4 14 20 10 13 18 13 3 15 14 12 1 1 15
15 28 15 23 3 29 12 16 35 25 19 39 5 21 20 32 29 23 7 26
26 55 64 33 33 40 27 38 62 37 50 68 27 56 30 58 44 48 33 21
14 37 30 15 18 10 18 7 48 27 34 41 15 36 11 39 17 31 19 22
1 4 11 1 3 8 1 7 12 2 7 11 1 4 5 8 7 12 4 1
2 8 3 1 1 4 1 2 7 4 8 7 1 5 1 7 1 2 1 1
18 41 9 22 3 27 15 5 37 31 22 46 10 33 19 35 27 27 7 31
3 6 1 4 1 2 1 1 1 5 1 10 3 3 1 1 1 3 1 2
1 7 7 2 1 5 1 1 1 7 6 6 1 6 1 11 4 6 1 2
12 21 14 6 7 14 8 9 20 12 12 20 10 13 8 19 8 18 6 12
5 21 7 7 3 12 2 6 21 15 10 21 1 13 3 21 10 13 1 12
22 18 20 22 5 18 7 1 23 7 31 31 24 21 19 27 21 7 11 14
21 40 38 23 27 16 9 32 56 32 46 60 16 40 29 56 36 35 15 23
36 37 38 34 27 47 26 35 59 29 36 60 30 34 39 46 40 41 15 38
1 1 5 1 1 1 1 1 3 1 9 5 1 1 1 5 1 1 1 1
13 48 40 33 22 31 15 26 48 42 46 69 19 48 26 61 45 43 16 37
30 38 33 25 38 29 24 30 58 47 41 58 29 43 32 54 38 39 22 43
6 28 28 13 8 15 9 21 33 19 33 37 8 29 18 31 24 18 17 10
42 54 31 40 37 38 32 47 72 53 48 66 31 45 47 60 56 48 18 58
3 12 11 7 1 7 2 8 13 10 14 21 4 9 7 8 9 13 6 8
9 16 6 10 3 13 6 2 14 10 10 20 8 12 6 5 6 14 1 12
2 19 12 11 3 15 10 4 12 14 20 13 3 17 5 15 12 19 7 10
4 14 9 11 1 9 6 4 7 13 13 12 5 12 4 13 10 12 1 11
2 8 1 2 1 6 1 2 12 6 1 13 1 3 1 7 2 7 1 2
1 9 1 1 1 4 1 1 13 6 4 12 1 1 4 10 1 9 1 4
13 23 25 17 1 19 7 15 27 7 26 33 14 17 22 12 16 12 15 3
29 40 18 40 7 42 32 23 50 33 31 45 7 35 37 43 42 35 20 42
2 9 1 4 1 1 1 1 7 6 2 11 2 3 2 4 1 4 1 2
9 14 12 11 1 13 3 7 16 12 10 19 6 9 4 18 9 14 1 11
1 8 5 2 1 1 1 3 3 4 5 6 1 5 1 2 1 4 2 2
12 22 17 17 9 9 1 20 25 19 26 29 15 11 22 23 16 15 10 14
13 35 41 27 12 36 14 22 43 27 39 54 15 39 27 41 35 39 17 20
34 57 33 47 18 25 36 28 65 48 47 68 41 49 44 55 46 41 26 50
11 22 17 17 6 14 7 5 26 17 21 33 13 16 15 21 9 18 4 17
37 16 21 28 19 34 14 17 52 19 41 52 30 25 35 44 29 23 9 30
10 14 7 7 5 13 1 5 24 14 13 24 7 10 10 17 8 15 1 12
6 9 7 4 4 5 1 5 16 11 8 15 4 8 4 14 5 1 1 6
1 18 16 9 6 11 7 1 14 11 13 16 6 18 1 19 11 18 3 6
23 39 24 26 9 18 22 20 44 29 33 40 25 25 30 36 26 25 14 30
9 15 6 5 7 8 2 8 26 19 3 26 4 12 8 14 9 9 1 18
4 32 10 19 4 9 4 14 31 23 27 40 8 22 19 20 21 17 7 17
10 18 24 17 8 7 4 4 20 11 34 27 17 22 14 19 10 7 6 6
10 30 25 18 11 26 12 10 36 23 29 44 7 33 15 41 22 34 6 24
1 4 1 1 1 1 1 1 3 4 2 4 1 2 1 3 1 1 1 1
25 40 31 28 14 19 9 32 56 29 42 54 22 28 33 39 32 21 12 24
9 21 13 12 1 13 1 10 27 17 16 27 7 12 8 27 12 13 1 14
11 20 21 21 15 17 3 20 23 22 25 32 16 19 11 30 21 18 3 16
1 13 4 6 3 1 1 2 17 15 8 17 2 8 5 14 5 2 1 8
1 6 4 1 1 1 1 1 15 4 12 11 1 1 3 13 1 3 1 2
5 4 11 1 1 3 1 6 6 1 9 9 4 1 5 1 1 2 3 1
14 16 7 14 9 9 8 18 25 14 15 15 11 9 15 13 12 5 6 15
40 52 42 43 24 35 31 35 56 37 45 64 32 46 37 54 49 26 24 44
5 16 20 10 12 15 4 11 19 19 12 27 5 21 7 26 19 17 4 13
25 28 21 27 8 22 15 20 36 16 28 34 19 17 24 32 23 13 4 23
1 9 3 1 1 1 1 1 11 4 10 14 2 6 1 11 3 4 1 1
17 23 9 18 16 7 5 10 31 23 21 31 23 14 21 14 12 19 5 20
22 25 21 23 13 24 11 28 37 26 20 35 13 20 24 36 32 16 8 29
12 48 43 35 26 30 19 15 45 36 39 50 30 43 16 49 32 39 16 25
48 45 50 35 29 50 33 30 67 27 40 66 32 47 36 62 49 32 22 44
40 39 39 31 19 42 27 6 58 27 51 61 41 42 40 52 35 30 23 33
14 31 11 21 3 22 15 14 35 26 20 34 4 22 18 32 21 25 9 26
17 33 32 20 6 22 10 5 35 14 40 43 11 31 21 32 18 22 16 12
5 19 13 8 9 8 9 6 13 14 13 9 7 16 1 11 7 11 8 6
34 50 31 31 31 21 22 33 52 41 33 55 31 38 29 41 32 26 21 35
13 19 16 13 1 11 4 2 22 7 18 27 14 9 14 18 7 7 4 6
1 17 20 13 1 11 1 11 25 12 25 28 3 12 13 19 11 17 8 7
10 40 29 16 11 18 14 10 37 28 26 45 13 34 17 40 20 28 10 24
28 43 30 22 15 30 26 24 62 44 35 63 25 35 38 51 36 45 17 50
18 23 11 20 22 13 12 14 31 21 26 41 22 29 22 36 28 19 16 21
7 17 14 8 9 6 4 7 34 11 27 29 12 13 18 19 6 17 7 14
1 3 3 2 1 1 1 1 8 4 7 9 1 1 4 5 1 2 1 2
1 9 5 4 1 1 1 5 15 10 6 15 1 6 5 10 3 5 3 3
38 26 21 35 7 29 18 18 42 16 33 39 30 21 35 29 30 6 13 30
11 20 4 13 4 13 10 9 22 14 6 18 5 12 8 15 11 16 3 17
38 50 31 52 30 48 32 46 59 43 41 64 29 46 37 61 55 46 13 54
8 25 29 20 22 11 16 7 25 20 36 29 25 29 12 30 23 25 22 12
33 55 19 41 33 36 27 22 65 56 51 69 36 50 41 59 50 49 18 52
16 36 10 27 8 23 20 6 32 39 28 43 8 34 19 38 32 25 13 32
5 19 8 6 7 8 5 7 15 15 9 14 4 16 3 11 8 8 5 10
22 33 30 31 12 33 18 3 38 19 43 44 22 43 20 40 33 23 15 21
2 18 12 3 4 7 4 11 15 5 15 15 3 9 8 5 5 14 11 1
10 22 13 6 10 9 3 10 37 20 15 34 9 11 17 25 8 16 4 19
3 8 7 6 1 4 1 7 10 8 11 11 3 3 9 7 1 4 5 4
10 31 12 19 9 16 16 17 32 28 22 32 4 28 14 30 27 16 7 28
10 13 5 8 2 7 2 5 20 5 11 19 8 3 7 9 3 4 1 7
1 14 4 3 2 3 2 2 8 6 5 9 1 8 1 3 1 11 3 3
27 51 23 47 16 32 30 13 50 38 44 55 30 44 33 45 41 34 21 37
14 26 3 19 2 14 9 13 31 25 18 34 11 16 18 28 19 18 2 28
1 38 26 23 24 21 17 8 26 29 23 35 20 35 4 34 26 38 14 19
1 5 1 1 1 2 1 1 4 2 1 3 1 2 1 1 1 1 1 1
6 31 29 13 20 19 14 14 24 27 18 32 4 37 3 38 27 25 9 20
3 17 10 12 1 11 2 5 15 12 11 25 4 9 9 11 9 14 3 7
1 12 5 5 2 1 1 1 6 8 15 16 3 14 3 12 7 4 2 4
31 34 14 18 25 29 23 23 52 37 23 53 19 32 22 43 34 35 11 44
16 46 33 25 5 18 29 30 55 34 41 48 21 37 36 30 33 46 33 30
24 40 18 30 15 21 12 17 35 32 28 41 21 31 21 35 29 13 4 30
25 31 36 25 15 36 22 28 37 16 24 41 17 28 26 43 29 28 10 28
21 35 21 26 25 25 21 12 51 32 28 47 22 37 23 45 37 33 15 38
16 52 42 29 26 9 19 23 55 37 44 54 26 40 22 40 32 29 24 24
17 19 6 26 9 20 18 13 22 18 25 25 10 25 20 24 29 13 11 27
1 6 5 1 1 1 1 3 7 1 4 7 1 1 1 4 1 3 1 1
39 55 35 46 10 53 32 32 75 39 40 80 24 47 56 53 51 44 24 50
1 11 3 1 3 2 3 1 6 3 3 6 2 5 1 5 1 7 2 1
5 12 7 6 1 8 1 6 16 11 7 16 1 5 5 15 4 11 1 9
22 35 19 31 25 14 18 6 36 26 38 40 33 37 21 34 30 18 21 18
7 3 1 1 1 6 1 5 6 1 1 3 1 1 1 3 3 1 1 4
3 18 11 4 4 3 1 1 25 14 16 26 1 14 4 28 3 10 1 8
2 6 3 2 2 10 1 2 4 4 4 2 1 7 1 4 6 7 1 3
12 22 28 19 4 27 6 21 31 16 24 37 12 20 24 22 20 26 14 6
2 15 6 6 7 2 7 2 12 11 6 6 6 12 1 3 5 8 6 3
13 31 27 6 18 9 9 14 48 23 28 42 5 28 12 37 15 24 13 22
28 33 30 33 33 20 12 28 50 31 52 53 31 43 32 49 37 34 16 32
42 37 17 33 37 31 30 29 55 43 36 61 36 44 36 46 46 30 24 49
12 29 12 19 10 10 6 15 27 26 23 36 14 23 16 22 20 13 8 20
26 45 36 41 32 43 24 43 50 44 40 58 26 45 24 56 54 40 20 44
23 28 18 14 9 19 12 10 49 28 31 48 24 20 30 35 15 28 6 31
7 20 6 12 6 5 3 8 17 19 13 19 8 12 10 18 9 5 1 12
4 6 2 6 1 4 1 5 15 6 6 11 3 1 6 5 2 1 1 5
1 8 2 1 2 1 1 2 5 7 4 9 2 6 1 7 3 1 1 3
18 21 27 20 10 24 10 18 25 16 25 25 15 19 17 27 19 18 9 17
14 30 25 18 2 21 17 25 42 23 26 40 15 18 31 27 21 30 22 18
31 44 32 47 21 45 24 42 50 34 38 58 22 39 38 51 50 34 11 44
19 35 17 26 12 11 5 10 34 23 29 33 23 22 18 26 17 17 4 18
23 22 25 28 28 21 14 28 37 24 49 42 22 37 30 44 37 15 27 24
22 27 25 17 9 29 4 10 41 18 29 47 18 28 20 35 27 24 3 22
12 15 11 15 3 20 7 17 27 17 7 23 1 13 13 23 21 12 4 20
8 9 5 7 1 6 1 5 9 5 9 16 8 8 3 5 7 7 1 5
16 52 43 31 20 24 31 27 59 39 53 56 30 41 37 43 31 47 37 22
29 41 34 38 14 35 23 13 41 31 59 54 17 48 38 43 36 37 31 27
19 23 25 19 4 25 11 18 35 17 21 36 7 23 13 33 25 12 2 23
18 27 20 22 23 14 7 14 42 29 36 44 16 37 18 48 33 12 11 27
20 37 30 30 25 35 29 27 59 43 43 58 25 40 40 42 34 55 28 35
7 18 8 9 6 1 1 7 22 17 16 23 9 10 9 21 9 1 1 11
9 8 5 4 1 11 4 12 17 5 4 10 1 4 5 10 6 3 3 7
17 46 16 25 9 18 14 6 45 35 28 54 23 31 30 35 20 30 7 32
37 63 38 41 23 34 28 37 67 51 48 74 32 48 43 59 50 40 24 51
11 23 8 11 10 4 5 10 27 23 12 29 10 14 9 21 13 6 3 16
19 29 20 28 15 29 15 27 40 24 23 37 11 23 21 45 31 25 2 33
23 34 24 15 24 21 16 23 45 34 18 48 17 28 20 33 27 35 18 34
28 35 36 32 21 25 13 23 50 25 51 58 28 43 35 44 38 23 27 22
10 16 14 12 5 11 5 11 9 11 15 17 9 11 11 5 9 13 9 8
1 11 7 6 1 5 1 2 3 9 9 9 1 8 1 10 5 7 1 6
15 12 18 14 11 25 3 15 24 14 17 32 12 17 11 24 20 23 1 17
6 14 6 1 5 8 1 8 18 10 6 17 3 9 3 15 7 6 3 9
8 46 36 39 26 35 29 18 40 39 49 46 21 46 24 45 43 50 28 29
7 14 6 14 3 6 1 9 19 15 19 25 10 9 16 12 11 12 3 15
6 29 31 12 19 14 8 10 40 20 37 42 11 33 16 42 15 31 12 13
17 39 21 29 21 17 15 7 41 33 34 46 30 25 22 31 22 33 13 28
9 37 11 15 15 11 15 7 36 31 23 39 15 36 15 32 25 24 14 29
5 7 6 5 1 10 1 5 16 8 5 11 1 4 4 15 6 6 1 8
35 54 47 40 22 28 24 38 61 39 56 67 36 45 43 51 47 28 29 30
27 54 33 32 32 43 27 31 64 51 44 70 24 46 33 59 51 55 18 51
13 18 10 19 8 14 1 12 25 20 28 25 11 20 11 30 22 13 1 20
6 35 20 19 6 28 13 20 35 26 19 37 4 29 18 27 30 29 15 20
3 8 3 7 1 1 1 2 12 8 9 13 6 3 6 4 1 3 1 5
2 15 6 3 1 2 2 1 17 10 10 17 3 5 7 16 1 10 1 7
16 13 17 7 6 24 2 16 34 10 22 37 13 12 20 19 20 24 8 12
11 31 11 29 12 26 12 14 26 29 26 32 7 30 20 32 30 28 8 25
35 42 35 27 9 37 18 13 51 20 39 55 32 32 38 31 29 27 25 28
31 33 26 39 11 47 29 20 42 24 28 44 10 36 29 43 40 32 13 36
6 14 25 7 14 14 5 9 24 11 23 18 4 23 3 26 10 15 8 4
22 46 38 38 10 35 27 35 63 33 48 63 14 44 42 57 40 38 24 32
8 4 4 4 1 7 1 8 16 5 4 11 3 1 6 4 4 4 1 7
1 19 6 1 6 1 4 2 19 11 8 16 3 11 2 10 2 9 5 3
22 28 21 21 24 29 22 19 49 28 17 38 15 28 21 37 33 25 8 32
33 36 22 40 42 28 15 33 55 49 48 73 43 45 41 56 51 42 13 47
22 47 20 32 9 25 18 5 48 41 42 58 9 39 27 54 29 32 16 35
9 11 7 9 1 14 4 12 16 12 9 14 1 10 5 16 12 7 2 14
19 28 11 24 12 15 11 20 37 29 20 43 13 25 17 34 31 12 5 32
4 14 8 3 4 5 1 4 13 11 4 18 5 9 2 15 7 8 2 6
26 33 27 30 8 26 10 8 38 19 38 52 29 33 35 31 31 15 20 25
39 51 37 53 25 46 28 27 54 36 55 67 41 54 46 55 56 32 27 45
10 38 33 12 6 8 16 18 49 25 38 42 17 28 24 35 17 27 22 20
18 16 9 10 13 26 9 10 27 15 11 22 12 14 13 19 18 25 5 22
20 22 20 14 12 22 8 7 30 16 29 37 25 23 22 18 19 22 8 13
41 24 19 32 30 29 15 24 57 39 49 60 30 36 38 50 35 34 12 39
6 21 14 11 5 8 1 7 24 18 18 30 9 12 11 27 13 14 2 12
13 29 26 14 29 22 19 12 42 29 29 39 24 28 18 38 25 40 17 23
11 13 11 12 1 13 1 1 11 8 13 17 11 9 7 10 8 10 1 6
12 10 11 5 1 13 5 13 17 6 9 13 5 6 6 16 8 5 4 8
18 30 26 21 7 19 1 17 40 20 34 46 17 20 26 35 22 24 4 18
23 33 45 18 14 22 11 12 41 18 37 46 18 36 23 40 26 19 21 17
8 5 5 2 1 7 2 6 11 3 5 5 3 3 1 4 3 3 1 6
33 45 53 41 16 50 28 40 62 21 42 61 26 38 42 56 45 35 22 37
4 15 9 9 1 5 1 8 15 15 8 21 5 11 8 10 8 11 6 8
6 25 16 7 14 4 12 3 31 18 18 28 16 16 11 17 6 25 12 13
13 40 39 31 16 38 23 28 53 28 42 47 8 40 29 49 36 46 22 26
19 37 23 29 3 28 12 17 40 23 32 45 15 24 26 28 25 24 12 21
2 10 6 4 1 7 1 2 18 11 13 15 2 5 5 19 6 4 1 6
7 11 6 11 5 2 1 9 11 13 14 13 8 4 11 14 7 2 1 9
8 23 23 19 2 9 2 13 36 14 37 42 15 17 29 26 16 17 13 11
10 32 21 6 7 12 13 19 44 27 23 40 11 22 23 30 19 27 17 26
17 33 23 19 14 24 18 14 41 28 27 43 7 38 10 44 32 23 9 28
7 18 11 13 8 16 6 4 12 16 10 22 8 19 6 18 14 16 4 9
30 50 9 44 20 22 27 30 59 45 44 63 22 43 46 56 47 24 21 51
7 16 14 8 11 18 6 7 15 11 12 18 5 19 5 18 13 20 5 10
3 1 1 1 1 1 1 1 5 1 4 9 3 1 1 1 1 1 1 1
3 13 10 9 3 8 1 7 16 13 17 19 5 9 9 19 11 11 2 7
1 5 2 1 1 2 1 2 3 4 6 5 1 3 1 2 1 2 1 2
6 42 26 21 10 21 18 17 43 27 32 38 8 31 19 29 24 36 20 20
6 8 14 4 3 10 1 9 12 5 7 15 6 5 8 9 8 10 7 1
8 22 18 16 1 14 2 19 30 17 23 29 4 13 16 22 16 16 9 14
14 20 14 6 15 11 8 12 32 21 16 31 8 17 14 21 13 12 6 20
23 18 16 19 18 23 12 16 44 24 24 41 16 23 24 41 30 16 8 31
7 14 15 11 1 16 1 16 22 11 15 20 1 8 14 11 13 17 11 9
2 15 1 8 1 1 1 2 17 13 11 18 3 2 8 15 3 8 1 9
3 11 14 11 1 7 4 6 17 13 15 19 4 11 7 16 8 14 4 9
14 18 9 15 15 8 3 14 34 23 24 39 17 18 24 23 18 10 7 22
5 9 12 4 4 4 4 7 17 5 11 14 1 5 8 10 1 8 5 5
26 50 27 40 40 20 21 22 61 48 53 61 40 51 35 58 45 43 19 43
2 3 4 1 1 3 1 6 9 3 5 7 1 1 3 1 1 5 2 1
15 15 16 13 9 12 14 14 24 11 15 15 12 12 9 12 11 9 10 9
27 30 27 20 14 24 10 1 42 20 38 53 25 35 24 37 23 22 10 23
33 62 42 42 25 26 25 39 61 46 56 66 34 53 39 49 48 35 24 33
27 42 58 41 29 44 30 34 49 26 53 51 32 50 28 52 49 36 24 28
40 58 39 44 31 54 46 43 78 55 46 72 22 52 48 58 58 56 35 57
1 6 1 4 1 1 1 1 6 6 2 6 1 3 2 2 1 3 1 2
2 5 3 5 1 1 1 1 4 8 6 11 3 4 1 5 1 3 1 2
4 12 5 1 4 1 4 3 8 4 8 12 5 7 1 8 1 4 3 1
13 11 4 7 2 11 6 11 21 8 5 15 4 7 6 14 10 2 1 11
1 2 8 2 1 4 1 6 5 4 7 4 1 1 5 5 2 5 4 1
10 8 16 3 1 11 1 14 23 3 16 18 5 3 12 5 7 13 8 8
6 4 5 3 1 3 1 1 12 3 6 13 5 1 4 4 1 4 1 3
8 16 23 8 11 16 5 9 11 7 15 20 10 18 6 19 11 13 6 3
33 39 34 33 11 40 19 7 55 28 41 60 22 43 31 50 33 31 18 33
39 47 15 41 16 46 37 22 63 43 26 59 16 41 42 48 43 38 21 53
15 28 28 15 9 19 8 19 37 23 19 44 9 23 19 22 21 24 13 20
30 45 37 32 8 31 21 13 56 29 46 63 33 45 38 54 38 25 23 39
12 32 18 28 24 15 9 14 25 29 36 39 23 35 18 39 30 21 12 20
1 2 7 1 1 1 1 1 11 2 12 7 1 2 1 9 1 3 1 1
7 3 4 7 1 4 1 3 11 7 8 13 5 3 4 2 2 3 1 4
7 14 8 7 3 6 3 4 12 9 7 17 8 8 5 9 1 6 1 3
1 4 5 1 1 1 1 3 9 3 7 10 1 1 5 5 1 1 1 1
34 47 34 48 31 18 33 13 41 35 58 50 48 52 36 44 42 17 36 31
22 35 10 23 11 13 13 25 47 27 26 41 18 20 31 31 23 28 8 33
22 32 34 24 13 32 13 17 49 28 33 52 21 32 28 48 28 39 10 35
10 11 15 9 1 13 1 12 27 11 23 24 8 9 14 16 12 14 4 14
4 29 11 2 15 1 12 5 26 20 8 21 4 20 1 19 11 15 9 11
3 5 2 2 1 5 1 3 8 4 6 9 2 3 2 5 2 2 1 1
15 24 30 16 23 10 13 8 41 19 41 41 20 33 23 38 19 27 22 16
21 5 14 7 7 20 10 18 31 7 14 21 8 5 19 20 13 11 2 20
2 8 1 1 2 2 2 1 4 4 2 3 2 6 1 1 1 4 1 2
1 15 1 9 2 7 2 1 15 11 11 17 3 10 5 9 7 10 1 8
14 35 41 27 29 29 25 20 45 29 35 38 24 41 13 44 34 31 22 25
1 9 1 6 1 5 1 1 9 10 7 12 1 4 3 10 2 5 1 4
12 19 25 16 11 19 5 9 19 12 28 25 16 23 11 23 16 13 5 5
33 53 23 42 17 36 25 29 62 41 48 61 23 37 44 43 40 47 25 45
13 18 16 8 9 12 8 7 27 14 18 22 9 16 7 21 10 7 4 12
7 32 19 25 9 23 12 7 24 24 24 35 10 25 15 31 22 31 8 18
16 44 29 20 11 24 17 27 47 29 33 50 17 30 28 33 27 28 20 20
16 28 7 15 14 18 3 13 39 26 11 36 10 20 16 32 23 18 1 28
1 8 4 2 1 1 1 1 8 7 11 10 2 7 2 8 3 2 1 1
34 38 44 21 20 32 11 9 62 26 49 65 26 33 41 54 27 33 21 24
10 41 29 21 12 31 22 21 41 28 34 41 12 36 25 38 34 44 20 28
11 7 10 4 1 11 1 11 15 1 11 15 6 1 6 7 5 8 4 5
14 35 29 13 17 14 13 24 43 28 27 39 11 26 16 33 24 21 17 23
5 18 4 9 1 11 4 6 12 12 4 17 3 11 1 12 8 14 1 11
4 24 5 7 3 1 1 6 28 20 10 31 8 10 14 25 7 9 1 15
17 31 13 19 6 14 7 10 39 22 26 38 17 19 19 30 16 18 2 22
3 13 2 2 1 1 3 1 13 10 2 17 4 6 6 12 1 12 2 8
25 26 25 31 24 42 16 29 44 36 34 52 26 27 26 41 38 44 10 39
12 29 25 15 17 10 12 13 47 24 33 42 15 30 18 40 23 19 13 21
28 34 22 21 21 26 16 29 52 39 29 55 20 27 26 35 36 31 15 41
23 35 9 34 4 32 20 12 46 37 38 42 6 33 26 48 36 24 11 37
1 9 3 3 1 7 1 1 1 5 4 5 1 7 1 5 5 7 1 3
10 14 16 11 4 8 4 9 14 8 17 18 10 8 14 5 5 8 8 4
10 35 5 17 16 3 11 6 33 33 20 43 13 32 19 35 22 15 11 28
1 8 3 1 1 1 1 1 9 2 2 12 2 3 1 4 1 1 1 1
24 26 20 15 17 20 16 26 43 23 21 36 10 18 22 35 25 15 9 32
14 51 42 34 25 23 27 10 54 37 59 60 19 53 28 48 35 47 36 21
30 47 15 37 16 27 24 29 62 45 28 59 13 36 33 59 43 30 6 52
1 10 8 1 2 2 2 2 6 5 9 5 1 7 1 8 1 5 3 1
37 44 60 47 34 49 30 47 60 32 57 58 33 46 32 54 48 43 30 36
32 47 52 32 15 40 23 34 67 31 42 67 15 46 34 60 45 38 24 32
31 36 17 36 19 36 25 20 52 31 30 54 22 35 37 48 39 30 14 45
8 22 14 17 1 16 1 1 12 14 17 24 11 18 10 22 14 9 1 8
31 39 18 35 13 17 10 19 47 28 39 51 29 28 31 41 27 23 1 31
15 16 20 22 6 18 5 5 16 14 29 27 18 23 14 22 18 11 5 12
27 28 11 25 8 14 5 14 36 20 29 38 23 20 23 30 23 5 1 21
22 27 7 21 20 14 8 17 33 28 29 35 23 23 26 29 23 23 2 26
4 12 10 5 3 10 1 1 6 10 5 17 4 13 1 12 10 7 1 4
23 36 42 26 36 20 21 21 49 33 45 56 27 48 23 51 37 29 25 28
1 14 4 9 3 10 4 3 10 10 10 15 5 13 3 11 12 13 1 8
5 20 13 10 6 2 1 11 32 17 27 33 8 14 16 28 14 7 3 13
4 7 5 4 1 4 1 1 10 6 11 10 1 5 1 6 4 5 1 4
18 38 11 20 19 4 9 23 46 33 34 45 18 30 26 45 27 17 2 32
13 44 16 24 15 27 16 8 48 39 31 50 12 36 26 48 27 40 9 35
16 39 29 12 17 16 18 24 47 29 26 40 8 30 15 38 23 27 17 27
1 1 3 1 1 3 1 1 6 1 1 3 1 1 1 2 1 1 1 1
26 28 31 17 30 35 17 27 42 33 20 45 19 32 10 43 37 35 10 37
29 29 28 29 7 26 17 23 49 20 22 45 16 22 29 42 22 14 7 30
13 4 21 1 5 5 1 8 24 1 18 22 4 9 7 15 1 7 7 4
7 2 1 3 1 5 1 5 8 2 1 5 1 1 1 1 3 1 1 5
13 32 21 18 16 20 8 8 39 28 28 48 16 32 19 40 25 27 7 28
24 25 9 21 14 15 5 20 37 23 23 38 20 20 21 31 26 14 1 24
1 10 10 7 1 13 1 8 8 8 7 14 1 8 7 8 11 15 5 3
7 20 18 13 2 15 5 1 14 9 16 19 10 17 4 16 10 13 1 5
26 41 40 42 14 51 22 37 47 33 38 57 18 41 35 45 50 38 19 29
12 16 16 14 1 9 3 7 21 8 22 29 15 9 17 14 8 9 6 6
9 18 13 6 10 5 4 14 25 16 15 31 8 19 9 18 18 11 9 14
34 43 40 28 35 35 31 36 68 45 42 55 27 40 33 52 43 41 25 45
21 11 15 21 6 19 9 22 34 12 27 33 14 10 27 29 24 9 8 23
8 21 14 5 8 9 6 7 16 13 14 19 8 15 3 19 8 12 6 8
1 1 3 1 1 4 1 1 8 1 7 6 1 1 1 6 1 5 1 1
6 17 15 7 5 6 5 6 12 11 13 18 9 13 6 10 4 9 7 5
15 13 8 9 1 12 3 7 21 9 6 21 10 8 7 11 7 6 1 7
4 23 10 4 10 10 6 5 21 16 10 23 1 20 1 22 15 13 3 11
4 14 3 5 3 3 3 1 10 10 4 15 5 9 3 8 3 7 1 4
19 30 13 14 13 18 8 20 48 24 32 49 19 18 33 31 21 26 12 28
6 18 10 4 4 8 1 12 24 11 15 24 4 11 8 13 9 13 8 8
13 9 8 12 1 7 2 11 18 8 20 16 9 6 10 19 11 1 1 11
9 22 6 13 1 16 8 13 28 16 7 25 1 13 11 23 14 16 1 20
14 52 51 32 29 36 20 23 58 39 45 65 25 48 24 49 40 51 22 29
15 35 29 22 19 38 16 24 47 27 36 48 14 33 26 41 35 48 12 32
26 63 41 38 25 36 21 38 62 47 44 70 32 51 38 59 50 48 20 46
8 19 7 15 7 2 3 7 19 17 19 29 14 16 15 16 12 6 4 13
19 37 22 29 10 28 21 16 43 27 27 40 15 27 22 31 25 32 15 25
11 25 9 7 7 6 6 11 26 20 5 28 1 16 2 22 14 11 1 19
12 22 20 17 2 21 1 3 27 14 22 40 14 19 17 25 16 21 2 12
7 3 10 2 1 11 1 3 17 4 9 13 3 5 5 15 5 7 1 5
14 37 14 24 17 11 8 8 41 31 39 49 14 39 18 45 27 18 7 27
1 3 1 5 1 1 1 1 6 6 10 12 1 5 4 6 3 2 1 2
22 33 40 22 28 31 17 26 49 35 32 51 6 45 15 54 37 37 17 33
8 28 6 20 10 15 16 4 23 23 22 25 12 30 7 20 24 18 9 18
22 26 20 24 16 16 4 24 43 27 40 45 23 27 30 39 30 22 11 27
9 13 17 6 7 6 5 7 22 9 20 17 4 15 3 18 3 7 6 6
2 3 4 1 1 1 1 6 14 5 7 12 1 1 7 3 1 4 2 2
44 43 32 47 16 41 21 25 61 29 43 68 34 42 47 55 48 17 15 48
13 18 12 16 4 8 1 7 23 14 19 28 16 9 15 19 8 2 1 8
1 9 9 4 5 1 5 3 9 7 11 5 3 7 3 2 1 6 6 1
2 9 7 2 3 2 3 2 7 6 10 5 1 5 2 8 1 2 2 1
15 9 5 17 8 11 5 10 16 14 17 20 13 14 13 14 17 7 7 16
6 9 11 4 2 3 2 4 14 7 9 15 5 7 6 9 2 7 2 6
5 10 1 9 3 11 1 1 18 18 9 23 6 7 11 11 7 15 1 16
32 52 41 40 25 38 22 30 65 45 60 71 19 51 42 63 48 43 29 34
31 33 25 20 25 27 17 24 48 37 23 52 26 26 27 35 27 30 14 35
18 31 32 25 13 18 11 7 38 15 44 40 27 29 25 32 24 18 20 11
5 12 16 4 1 11 1 6 15 6 8 22 5 9 10 10 9 12 3 2
11 11 13 9 4 13 5 6 19 8 16 15 6 10 7 18 9 10 2 11
12 21 10 9 5 9 2 2 16 11 9 22 10 16 6 12 8 4 1 7
11 30 28 13 22 17 13 21 36 24 23 43 8 31 13 39 28 27 13 21
2 17 11 12 9 5 9 1 14 14 20 14 10 18 4 9 11 14 8 7
3 4 1 1 1 4 1 1 12 6 1 9 1 1 1 4 1 1 1 2
13 22 8 17 8 9 5 11 20 18 20 26 15 18 13 17 16 5 4 16
25 22 15 10 24 26 18 24 44 26 24 38 18 22 22 31 24 26 13 30
7 19 15 2 4 6 2 9 20 8 14 19 6 10 5 9 5 9 7 4
13 38 26 19 13 21 7 4 42 27 28 48 17 32 16 39 22 26 2 22
2 12 7 6 5 3 5 5 6 9 7 8 5 10 4 2 4 9 6 5
21 22 12 24 12 30 12 10 32 26 26 41 22 20 28 24 22 28 5 26
4 1 1 1 1 4 1 2 4 1 7 3 1 1 1 1 1 1 1 1
9 11 3 6 1 9 4 9 21 7 1 14 3 4 5 9 7 11 1 12
14 33 18 28 20 17 20 8 38 30 35 44 24 34 24 27 27 36 21 27
33 47 45 35 9 39 26 18 60 31 40 64 25 47 37 67 41 35 19 41
20 31 24 20 17 29 16 18 33 18 20 33 16 27 15 33 25 25 8 20
37 41 31 25 32 33 27 21 58 38 35 56 35 39 27 42 35 38 21 36
16 12 7 11 1 13 5 9 22 9 7 21 9 7 9 14 8 5 1 9
3 7 10 1 1 2 1 7 12 5 13 17 3 5 4 6 5 4 4 1
18 17 6 16 5 17 5 15 34 18 14 30 12 7 19 19 14 18 3 25
16 47 23 27 26 12 18 20 50 44 36 48 21 37 25 38 32 33 14 35
27 17 29 12 10 19 3 8 39 11 34 40 19 22 22 25 11 13 10 12
5 24 24 18 20 17 18 8 28 21 23 20 18 24 7 22 20 25 17 13
9 37 32 18 22 21 14 27 34 28 27 36 9 32 19 33 30 28 19 18
25 41 41 31 26 34 10 22 47 34 45 60 23 44 19 56 35 35 13 28
22 23 34 17 21 22 7 16 36 19 30 43 17 37 11 44 32 16 9 19
21 15 16 15 21 27 13 20 44 28 23 46 22 19 32 36 22 37 14 27
1 7 1 1 1 1 1 1 2 3 1 6 1 2 1 3 1 4 1 1
9 8 1 4 1 11 4 8 16 4 5 11 3 1 4 11 6 7 1 9
4 9 6 3 6 4 6 5 7 6 7 3 5 7 3 1 1 5 5 1
5 16 1 6 1 4 1 5 18 12 8 18 4 2 7 17 3 6 1 9
3 6 1 8 1 5 1 1 9 10 7 10 5 3 5 6 4 5 1 6
17 25 15 19 1 25 7 3 31 14 20 37 13 17 18 25 16 22 2 21
27 50 19 33 36 2 21 26 55 46 50 55 33 47 33 55 37 25 15 39
28 40 42 20 12 33 14 15 48 16 42 50 15 39 28 46 28 31 20 19
8 14 4 10 1 13 5 11 17 9 5 13 1 8 4 11 11 13 2 14
4 14 1 9 4 3 1 1 5 12 9 20 8 17 3 11 11 4 1 8
6 12 1 5 1 6 1 8 24 9 5 18 1 4 6 13 6 7 1 11
9 13 13 4 11 15 6 9 30 13 26 28 13 8 19 16 11 24 8 11
36 43 22 39 21 36 21 44 66 39 42 58 29 27 51 43 43 46 19 39
14 24 12 15 7 11 5 8 25 15 24 35 16 21 21 18 15 17 12 17
26 20 16 22 4 22 13 18 39 12 16 34 13 9 25 25 15 14 1 26
35 23 22 26 23 20 10 27 47 27 40 46 33 20 37 36 23 24 6 31
9 17 5 12 5 1 1 13 23 15 23 28 12 8 17 21 10 9 1 12
4 7 9 1 4 9 4 5 4 5 12 6 4 8 1 9 8 7 1 1
8 18 10 6 2 12 1 5 23 14 13 21 4 10 7 24 8 15 1 11
40 47 41 45 25 29 27 29 62 31 48 54 33 42 37 52 38 26 19 37
24 38 30 22 14 25 14 7 41 27 34 47 11 35 23 41 19 32 14 19
36 49 25 42 14 39 23 36 64 38 36 66 23 32 49 52 41 41 12 50
42 45 44 44 33 37 26 29 64 35 61 56 49 43 45 49 48 39 24 39
6 12 12 7 7 14 1 8 16 8 9 20 4 10 5 18 10 16 1 6
1 7 17 2 1 14 1 12 14 1 17 13 1 6 8 10 11 13 8 1
13 13 13 19 13 17 4 4 12 15 20 29 17 23 12 24 23 16 8 13
18 33 21 29 14 36 14 22 48 29 33 58 15 36 35 42 39 44 17 35
8 17 9 13 7 10 12 7 21 11 11 10 5 12 3 13 12 13 6 10
17 5 7 17 4 16 11 16 21 9 15 18 9 8 16 16 17 4 1 16
8 12 7 5 6 7 1 6 22 13 14 21 5 12 7 15 10 5 1 11
33 55 29 42 9 38 35 16 63 33 35 62 23 46 39 49 40 30 18 45
32 32 36 28 27 23 18 28 52 30 45 56 25 41 30 54 43 16 23 31
33 40 31 26 2 35 18 19 54 13 30 51 24 27 37 34 29 21 21 29
15 30 9 17 11 25 16 6 33 32 11 39 7 29 16 30 27 29 9 31
9 15 16 9 12 22 7 15 20 8 13 17 5 14 4 24 17 19 3 12
15 18 20 13 2 21 2 14 26 8 17 26 11 11 17 14 14 11 7 6
16 27 11 23 10 16 7 23 36 26 24 36 12 21 22 27 28 13 8 26
13 29 23 12 9 22 4 18 46 22 28 44 10 21 25 31 22 30 12 23
8 9 9 7 1 6 1 7 17 7 10 15 4 1 4 13 3 6 1 8
34 51 43 27 24 13 23 20 65 38 59 62 35 45 41 51 27 37 27 31
21 20 30 26 11 43 15 34 44 16 22 43 8 21 31 32 36 35 12 26
1 35 27 23 19 13 18 16 31 28 36 28 20 24 19 25 21 25 24 15
10 4 5 5 1 8 3 10 14 5 3 9 4 3 3 4 6 5 2 8
30 32 25 33 40 35 18 32 54 47 45 64 36 42 33 59 47 41 11 44
23 27 24 27 15 24 4 24 35 28 30 37 18 26 22 40 30 19 4 27
21 41 22 25 25 30 22 17 56 46 43 67 26 42 41 55 43 46 21 47
18 40 37 30 25 29 16 21 47 32 40 47 31 32 30 31 31 38 23 25
24 32 16 28 18 10 8 29 49 29 45 47 22 28 33 45 31 20 9 30
14 10 8 6 1 14 3 9 22 6 4 18 5 5 6 16 8 10 1 12
8 4 6 7 1 8 3 7 18 5 9 10 1 2 6 17 5 1 1 8
41 51 46 49 12 44 30 40 72 31 47 75 33 43 58 58 50 30 29 42
4 13 11 4 1 10 1 6 21 11 15 22 1 14 4 20 12 12 1 10
1 6 5 3 1 1 1 1 7 9 6 9 1 4 2 10 1 1 1 2
35 37 24 37 18 43 16 12 54 31 40 67 32 40 40 52 45 33 13 41
6 20 12 13 4 3 4 6 22 13 20 26 11 10 12 7 6 15 7 8
24 28 14 26 10 20 9 20 45 25 29 43 15 23 22 40 24 17 3 30
6 4 6 1 1 6 1 1 4 1 5 6 4 1 1 3 1 1 1 1
9 2 7 2 1 7 2 11 9 2 4 7 4 1 4 3 4 3 4 5
26 35 40 27 30 35 21 32 49 35 33 49 14 43 17 56 40 34 15 39
2 17 6 7 1 6 1 3 16 12 10 17 4 5 9 20 5 12 1 9
34 37 26 45 26 35 22 26 41 32 45 54 33 47 32 52 48 18 18 35
3 7 8 1 1 5 1 1 15 5 12 13 3 6 4 14 2 5 1 5
34 48 50 44 24 51 29 32 49 23 50 57 36 46 33 51 51 40 27 36
1 15 6 4 5 5 5 6 15 8 6 15 4 9 5 10 1 9 5 5
15 14 13 12 10 12 9 11 26 14 13 19 13 11 13 5 8 17 9 15
18 54 44 27 32 23 15 30 54 43 46 67 21 49 23 61 39 42 17 36
20 21 13 19 1 15 4 12 33 10 23 32 18 10 21 19 15 7 3 15
13 20 3 13 2 25 10 4 26 17 13 26 3 17 13 17 17 25 5 22
13 29 22 20 16 23 13 4 28 22 20 34 20 27 13 20 19 31 10 15
8 29 18 3 5 11 13 11 29 19 17 28 9 24 14 33 17 24 11 19
5 8 9 1 1 6 1 9 10 4 12 9 4 5 6 6 1 5 6 1
45 43 40 44 28 50 31 32 65 34 54 63 46 43 51 48 52 39 28 40
15 16 31 18 9 23 7 21 37 14 37 40 15 26 23 31 27 18 18 12
4 25 20 13 4 12 7 10 19 14 26 29 9 22 10 13 15 18 12 7
4 4 2 1 1 2 1 3 5 3 1 6 2 1 1 1 1 1 1 1
49 60 55 48 30 46 44 38 67 39 43 64 36 56 38 60 53 29 32 48
4 7 1 1 1 1 1 1 8 5 1 11 2 5 1 6 2 1 1 3
20 31 23 27 25 20 17 13 44 34 38 47 29 33 24 31 32 31 21 31
6 23 12 18 12 2 8 6 22 18 27 24 18 18 9 17 15 14 10 12
1 21 10 5 6 10 3 3 11 12 5 18 1 17 1 18 9 21 3 6
1 32 6 6 2 3 11 1 25 25 14 29 7 23 11 24 10 22 8 18
30 49 50 49 31 47 33 49 53 36 45 50 28 45 31 53 54 40 28 39
20 38 44 29 26 28 28 25 46 29 51 46 35 37 32 32 33 40 35 16
20 29 28 20 2 23 9 12 26 14 28 32 16 25 17 24 20 13 11 16
20 39 30 24 2 24 10 17 46 20 30 48 17 25 31 31 23 21 17 20
10 8 6 8 1 12 1 6 10 8 5 12 7 6 3 6 7 9 1 8
7 4 10 7 8 16 1 8 14 7 6 15 5 9 6 14 11 13 1 5
24 14 13 18 3 22 13 17 30 7 7 27 9 12 17 19 17 2 3 19
12 22 5 11 1 7 1 5 24 12 9 25 10 9 9 14 6 3 1 9
33 35 27 25 24 38 25 18 57 31 36 55 38 33 40 44 32 42 19 36
10 6 4 5 5 12 1 1 18 14 9 21 8 6 9 13 7 15 1 14
15 6 5 4 12 17 5 7 26 16 9 29 15 10 13 20 13 20 2 15
6 8 5 7 4 7 1 5 17 10 6 17 7 4 11 9 1 8 1 9
21 34 43 22 16 30 18 24 42 23 45 42 15 36 26 33 25 38 29 13
2 1 2 1 1 1 1 1 7 1 1 9 3 1 1 1 1 2 1 1
4 8 16 5 9 11 4 7 6 4 11 11 7 12 3 9 8 13 5 1
15 11 11 8 1 12 6 15 22 9 7 19 8 7 9 13 9 8 6 10
26 44 31 35 11 34 15 28 53 25 35 49 22 30 38 38 35 33 16 28
32 30 19 40 7 31 21 12 41 24 35 47 21 37 31 43 40 10 10 34
4 28 5 14 3 3 2 8 27 27 16 32 8 16 17 29 11 16 2 21
30 36 14 34 14 46 24 18 54 44 38 58 15 34 39 51 40 51 18 45
5 20 19 9 4 21 4 16 30 12 15 30 1 16 18 20 17 33 11 14
16 27 8 27 27 14 16 8 41 37 35 45 31 31 25 31 28 28 16 29
4 28 13 10 7 3 8 5 33 21 17 23 8 18 6 25 8 15 5 13
9 22 11 7 5 11 7 9 24 13 14 19 3 15 5 22 9 13 4 14
9 10 13 5 1 7 1 3 11 6 11 16 7 8 5 11 4 1 1 3
6 26 23 11 8 15 8 15 34 23 24 42 13 22 20 35 19 28 11 18
28 44 26 27 13 14 27 26 54 44 33 58 29 40 34 50 38 32 23 45
3 3 1 1 1 2 1 1 10 1 2 9 1 1 2 2 1 2 1 2
6 13 8 8 4 4 1 1 15 15 13 18 7 9 7 16 5 5 1 8
10 11 6 7 2 12 6 12 16 5 5 9 1 5 5 12 8 7 2 10
16 35 18 19 7 12 14 19 37 31 31 39 22 26 28 38 26 28 13 30
16 15 9 9 6 17 12 13 23 10 5 16 8 12 9 15 12 11 5 15
26 69 15 41 25 22 35 18 63 63 50 70 26 61 42 62 50 47 27 56
33 38 19 28 19 27 18 18 49 29 23 57 22 37 26 39 37 23 11 39
22 38 38 23 14 19 13 14 49 23 37 48 19 36 21 35 24 17 17 23
29 18 19 18 19 16 4 17 42 19 32 35 21 18 24 32 16 17 8 24
14 52 16 30 11 20 15 22 49 39 36 51 13 35 32 39 30 36 16 32
15 31 16 22 5 20 14 20 40 21 15 36 10 16 20 26 21 23 10 23
6 15 18 6 11 17 4 9 13 10 14 16 6 19 1 23 13 14 2 7
6 13 13 3 5 3 5 1 15 7 16 16 7 13 1 15 3 3 4 3
10 37 32 13 22 9 19 16 35 26 28 35 16 30 6 25 23 25 23 15
9 20 9 11 7 16 6 4 28 17 14 26 7 13 12 20 8 22 2 19
9 26 17 7 10 9 8 16 25 22 9 31 3 20 6 23 18 19 10 18
19 27 22 15 7 17 9 8 37 13 21 32 15 21 14 24 11 18 5 16
26 56 49 41 20 36 30 30 76 38 50 71 22 48 38 55 42 43 26 37
9 9 8 4 1 10 4 15 19 4 6 13 2 4 8 9 8 6 6 7
14 28 10 26 19 9 16 11 38 28 28 32 19 28 16 30 29 9 12 25
7 10 13 6 1 6 1 7 9 7 10 13 7 6 5 10 4 8 5 5
21 55 41 38 13 31 24 11 54 30 47 58 36 43 33 41 37 33 30 27
9 19 18 11 9 12 6 9 23 22 14 27 7 19 6 26 16 13 4 16
7 7 14 5 1 8 1 7 19 8 12 21 5 6 10 9 5 14 4 9
16 27 12 22 10 17 7 22 39 26 24 41 11 23 22 35 31 14 4 31
27 40 30 24 13 23 15 26 57 27 41 50 24 25 36 42 22 28 15 29
1 25 18 14 1 14 7 12 22 13 21 26 1 16 13 19 16 24 10 9
8 10 1 4 1 9 1 7 15 9 1 13 1 7 4 9 6 4 1 7
3 17 3 7 2 4 1 6 16 16 7 18 2 11 5 11 7 4 1 11
32 55 46 45 29 53 26 30 65 39 45 68 35 48 37 53 52 49 23 41
25 16 4 19 11 16 6 20 36 19 18 30 18 10 23 22 17 10 1 25
