1000 20 10 1392
13 10 2 21 7 8 10 5 18 17
0 2 9 1 6 6 5 1 2 3
5 7 4 2 4 2 0 2 10 1
9 5 10 13 0 5 11 8 11 18
4 2 5 1 2 3 7 1 5 8
1 7 10 7 1 8 4 3 5 3
5 13 6 12 17 17 4 2 2 10
7 8 5 4 11 7 0 12 2 7
18 4 6 10 8 15 1 12 2 6
9 6 8 7 0 2 0 1 2 1
1 0 4 6 2 3 1 8 5 1
1 5 12 6 3 3 1 12 7 8
5 10 8 5 5 21 5 6 5 8
12 11 13 4 2 12 2 5 3 2
5 4 5 18 3 16 4 1 7 4
1 0 3 3 3 5 2 5 4 4
5 14 4 22 6 8 10 10 7 8
11 5 10 9 3 7 9 5 3 4
1 2 9 3 8 2 9 2 6 4
10 5 20 12 12 2 3 6 10 3
4 2 9 2 2 2 6 6 12 11
14 5 5 4 5 2 7 0 1 6
9 29 2 14 4 8 4 14 1 3
9 17 2 3 3 16 11 3 9 1
2 7 12 2 10 4 2 8 13 3
14 4 2 10 8 4 5 2 11 4
13 1 6 6 3 0 6 4 9 12
4 3 10 21 13 1 15 0 5 8
2 4 10 0 3 1 4 0 4 0
1 6 1 5 2 1 3 4 1 5
7 15 7 21 1 5 1 15 18 13
1 0 8 3 1 13 1 1 3 2
1 4 1 16 2 2 1 4 3 9
1 3 8 19 3 13 22 10 11 10
1 12 3 8 3 0 7 8 2 0
8 3 4 3 2 5 2 4 5 3
13 15 2 1 7 1 4 3 9 12
5 6 1 12 10 18 11 9 2 1
6 3 2 0 9 7 5 20 6 4
4 9 6 2 0 13 1 4 0 7
12 1 29 7 1 4 3 0 5 18
6 3 5 16 13 8 1 1 30 2
7 9 16 9 8 1 1 18 3 3
2 14 0 3 11 1 0 6 13 15
6 14 15 19 8 3 9 5 11 17
3 4 10 4 7 19 5 2 11 5
8 6 4 29 6 7 20 6 2 0
3 13 6 1 12 10 0 10 14 4
0 2 1 2 2 0 11 5 2 6
5 14 0 9 3 18 17 11 3 23
12 13 17 0 1 11 7 20 6 8
2 8 5 9 11 1 7 4 13 13
1 1 7 10 8 2 9 2 4 14
8 12 5 6 9 6 1 1 0 4
23 3 5 21 5 15 5 8 2 13
4 5 3 8 9 6 13 11 5 7
4 6 17 3 16 8 5 4 3 9
21 18 8 21 1 8 4 4 12 1
12 1 10 0 9 12 8 13 5 1
9 14 8 6 2 9 12 11 1 8
5 4 2 1 1 4 9 2 5 8
4 18 10 18 4 11 4 6 17 8
4 4 4 3 18 9 3 6 3 5
6 2 2 2 5 3 1 1 7 12
3 3 10 4 5 5 5 0 1 2
9 7 2 6 16 0 14 0 10 9
7 7 12 0 5 5 9 12 7 5
5 14 9 12 18 7 16 14 17 1
8 17 3 12 23 11 3 5 6 1
3 5 2 5 8 1 10 13 2 2
2 2 1 2 1 3 0 10 3 4
0 1 12 10 2 1 2 2 7 1
8 16 4 5 8 15 2 13 0 0
1 1 2 1 3 3 13 6 2 3
4 3 15 11 23 7 1 5 0 7
12 1 4 11 4 5 3 8 5 1
4 13 7 5 8 5 2 0 11 0
4 7 5 1 6 4 1 2 2 19
1 8 13 2 1 1 4 5 2 3
3 6 5 0 3 0 1 8 0 1
1 6 1 10 10 2 24 7 10 3
7 5 7 6 10 13 0 9 6 1
0 12 4 11 1 6 2 1 6 7
2 8 1 6 3 13 4 5 9 15
7 9 16 10 1 1 7 10 10 7
8 11 10 23 7 16 2 2 10 3
1 0 6 0 7 5 9 8 0 0
10 6 2 5 1 1 6 9 0 4
7 0 3 1 2 2 5 7 1 2
6 4 7 9 4 0 1 5 1 3
2 1 1 1 1 7 5 6 1 3
10 1 21 10 4 3 6 16 9 8
4 2 6 7 1 1 5 2 6 5
16 2 1 14 11 4 11 11 2 1
15 23 14 10 4 1 7 18 8 4
4 3 2 4 7 2 1 2 1 1
4 0 1 9 7 9 3 2 2 1
4 2 0 1 9 7 10 0 8 1
5 12 1 16 3 11 7 2 1 4
13 5 2 6 1 8 25 17 11 8
11 3 1 3 5 5 2 3 3 25
11 3 0 7 5 3 0 0 8 2
4 7 8 8 0 7 5 6 3 7
9 12 10 9 6 21 5 12 5 3
1 4 5 9 2 9 2 17 0 4
7 6 0 19 5 7 16 5 4 2
6 3 2 5 6 3 5 4 16 3
6 6 7 5 1 2 6 0 3 7
7 1 5 2 3 4 4 2 1 3
2 2 0 2 3 3 4 3 6 5
3 12 6 11 4 13 17 15 4 4
7 8 3 7 7 3 6 1 1 3
7 7 3 7 1 9 7 8 0 4
6 3 4 6 1 3 4 7 6 1
10 5 23 21 5 6 8 1 5 1
1 0 5 0 10 4 2 1 5 1
2 21 5 10 6 1 10 3 15 6
7 19 25 3 0 3 1 7 7 14
0 3 5 21 11 9 22 4 0 13
7 5 14 5 10 2 14 8 14 27
8 8 16 4 7 12 1 22 9 2
13 20 1 0 1 2 1 14 13 12
5 1 1 9 2 0 3 2 2 4
12 5 4 7 3 1 18 17 7 8
18 3 7 15 4 9 6 10 1 7
1 5 6 1 3 2 13 3 5 2
7 7 12 2 4 2 2 5 2 3
5 0 1 7 4 0 2 20 8 22
2 4 5 1 2 1 3 5 10 6
10 5 10 11 3 5 5 2 1 6
6 6 10 3 15 8 4 25 11 14
14 0 5 8 3 4 4 2 1 8
2 1 18 1 9 4 9 0 3 6
4 3 2 2 11 3 7 10 3 10
26 1 12 5 1 4 0 0 11 11
1 0 0 2 1 3 7 5 5 2
8 7 9 15 8 2 1 2 2 3
7 7 0 2 1 8 3 1 1 11
3 1 7 0 1 3 4 2 3 4
3 4 22 12 5 8 7 12 14 5
13 10 28 6 9 7 0 10 2 10
2 3 5 3 5 1 3 6 5 1
2 11 5 9 3 3 1 1 0 0
13 2 10 0 28 10 4 1 19 3
7 10 6 7 1 2 6 22 8 9
1 6 6 5 10 2 9 8 5 9
2 0 9 8 8 7 23 14 3 9
23 11 17 14 11 5 5 14 4 3
2 9 6 3 17 4 4 2 6 1
3 7 12 4 6 6 1 15 2 2
0 1 4 3 1 5 5 7 3 7
1 0 4 7 5 3 5 3 2 1
2 6 9 2 6 5 0 2 8 9
1 3 1 9 2 2 6 2 1 6
4 6 6 2 6 2 2 1 4 3
8 12 1 2 10 11 24 6 1 22
17 9 17 2 8 9 3 6 9 9
5 4 4 6 13 4 0 1 1 4
3 5 2 1 6 1 10 3 13 2
3 1 1 1 12 4 4 16 15 9
2 3 5 2 7 1 5 6 5 1
3 2 7 3 2 3 3 2 3 4
0 2 2 12 6 4 4 8 9 7
12 16 13 13 5 5 19 4 13 15
3 12 5 4 3 4 4 2 4 0
5 7 5 6 7 9 2 6 1 1
2 3 4 6 4 2 8 5 8 7
10 2 9 3 8 3 6 5 1 13
2 3 6 2 5 4 0 0 1 3
0 5 1 4 12 13 14 6 8 1
15 2 8 8 3 5 3 13 4 5
4 2 10 10 4 14 6 6 8 8
4 9 11 5 6 11 5 8 0 7
0 4 18 0 6 7 9 9 5 15
7 0 7 7 4 4 13 1 3 2
8 7 12 4 2 1 1 7 3 7
1 6 1 1 1 2 5 3 2 4
6 0 3 5 4 5 5 3 0 4
7 2 1 6 1 3 1 2 3 5
0 1 3 16 18 1 15 1 5 2
5 1 2 4 7 18 10 2 5 20
0 22 13 4 3 1 12 7 4 6
17 6 4 10 15 3 15 1 11 7
6 10 16 5 5 4 0 2 7 3
2 9 6 8 6 1 1 4 4 0
13 1 17 4 6 4 2 0 5 0
14 12 7 10 4 0 2 2 9 9
9 1 2 5 3 20 8 5 5 6
13 9 6 6 11 11 7 0 17 10
6 3 17 5 3 1 6 8 12 20
3 3 1 17 8 11 4 13 0 13
4 7 2 4 7 7 0 7 4 0
1 1 3 0 4 1 2 9 11 6
1 5 2 3 3 6 1 5 0 4
7 3 20 4 18 14 3 11 3 0
14 1 2 15 2 6 2 3 2 0
2 2 9 3 1 11 5 17 9 6
7 0 6 0 16 8 4 6 9 19
3 7 6 12 4 2 7 8 5 3
3 5 4 1 24 5 7 12 5 2
11 16 21 10 7 3 6 2 5 23
4 0 13 8 12 8 8 10 3 8
6 6 14 1 5 5 6 1 4 7
8 11 6 4 3 11 6 2 3 10
2 0 4 8 14 8 1 5 5 2
4 7 7 4 11 7 4 2 6 10
11 15 2 2 24 3 1 1 15 14
6 13 2 14 5 6 0 2 2 5
8 1 6 5 2 6 6 7 2 8
1 9 8 22 1 19 5 7 5 17
9 19 8 12 11 4 4 8 8 9
6 4 6 2 9 7 19 9 1 2
9 5 7 5 4 22 1 5 7 16
6 5 1 4 10 3 13 23 21 1
12 6 22 1 4 18 5 16 1 3
6 15 3 6 13 5 3 14 4 2
0 4 5 2 7 5 1 1 0 6
3 8 14 17 0 1 26 8 10 9
7 7 13 4 19 4 15 9 9 9
5 1 5 6 0 7 3 2 2 2
12 6 9 11 5 6 1 4 10 6
11 12 21 11 9 15 14 3 7 6
24 3 11 5 3 13 10 18 13 4
5 10 19 15 14 3 1 8 7 2
9 10 9 7 11 1 8 6 4 13
1 13 2 8 18 3 1 1 4 6
15 3 16 6 1 14 9 18 2 10
3 7 5 3 3 3 4 4 2 5
3 5 3 4 1 7 17 1 2 3
4 10 8 6 8 4 6 8 1 4
8 5 3 6 4 15 3 26 8 4
3 5 6 11 4 4 13 2 11 2
2 6 1 3 3 5 6 9 3 2
3 16 4 20 5 12 1 7 10 5
7 9 5 2 13 4 5 20 10 5
3 10 2 13 6 14 17 1 1 9
12 2 4 14 13 5 17 7 15 1
3 0 1 1 7 4 4 5 8 11
4 4 6 11 4 18 2 14 1 9
5 8 16 9 6 2 10 6 4 12
10 2 11 5 4 1 5 18 13 15
3 5 12 4 0 0 1 1 2 9
7 7 9 7 8 1 1 5 0 5
2 10 11 1 16 22 8 5 1 5
2 4 12 2 0 0 3 4 4 4
0 4 2 8 5 5 2 7 9 15
12 5 6 12 8 1 4 4 15 1
8 12 5 23 3 3 1 5 1 3
14 16 7 10 0 5 7 9 2 13
1 2 4 9 8 2 8 10 8 10
1 7 9 2 6 5 7 3 4 2
7 4 19 4 4 8 6 15 8 7
5 7 4 2 1 8 11 16 26 4
6 0 5 13 2 2 5 10 9 3
3 30 5 19 5 6 4 1 9 8
7 1 5 0 3 12 26 2 5 9
0 3 3 6 7 6 2 2 17 19
5 5 4 7 2 4 8 5 11 7
10 4 3 3 10 5 8 2 3 22
0 0 12 24 12 2 8 5 1 1
2 5 6 4 20 5 18 5 13 23
7 14 20 6 2 2 20 2 4 3
1 4 12 8 7 2 7 4 3 13
1 20 2 12 5 4 4 8 2 27
5 3 3 1 0 5 0 6 0 3
5 6 5 2 6 5 5 2 0 4
3 7 25 9 5 1 6 4 3 10
10 12 11 13 15 4 6 3 7 9
0 0 1 0 6 1 4 6 2 4
7 6 5 1 11 8 4 3 1 14
0 2 6 12 8 2 8 9 3 13
11 6 5 9 7 6 27 7 4 17
4 4 1 4 3 5 4 2 13 4
2 12 10 12 14 12 2 7 11 6
9 8 2 3 12 6 10 0 2 9
7 10 15 18 12 2 6 10 14 11
7 10 11 9 7 12 19 10 10 3
4 2 0 2 7 1 14 2 1 5
10 1 0 1 2 9 5 5 0 6
15 1 6 7 6 20 7 24 9 2
23 5 10 14 0 5 12 10 11 4
7 4 16 3 9 20 19 3 1 17
7 8 5 9 6 16 13 3 16 16
8 3 11 2 13 11 3 2 2 5
12 3 2 9 1 10 6 2 3 13
4 11 16 8 1 16 13 11 10 1
5 3 2 2 2 19 6 7 9 10
6 6 9 7 4 1 5 4 7 4
4 4 5 3 2 4 8 3 13 5
9 20 2 16 3 3 7 7 5 2
13 1 3 13 5 9 8 8 4 11
1 5 0 3 3 1 2 4 7 5
11 13 3 1 3 1 7 4 3 7
7 2 10 9 2 4 7 9 6 7
8 2 1 7 0 13 5 13 8 5
13 28 5 8 0 17 6 3 2 7
8 16 2 8 1 6 4 2 0 13
9 5 16 8 13 2 18 14 8 3
2 10 1 1 2 0 1 0 1 3
2 14 2 8 6 17 6 12 2 17
7 5 8 1 2 3 3 3 10 26
12 2 4 3 1 1 2 23 13 4
3 2 2 1 0 8 2 4 2 3
3 6 6 5 9 2 9 1 8 3
5 4 5 6 14 2 1 9 10 8
4 9 1 18 6 17 7 11 3 2
9 3 6 3 5 4 4 7 9 8
11 10 1 2 5 3 14 5 2 9
4 10 6 12 4 13 0 29 9 4
9 5 8 1 4 2 1 11 2 2
24 9 8 7 4 3 21 0 13 14
5 12 23 12 3 14 6 10 15 2
0 1 1 1 3 7 3 4 4 4
6 7 3 6 22 7 2 21 11 18
9 4 17 19 19 1 5 3 13 6
9 6 0 8 10 5 8 2 3 1
7 1 21 13 8 3 4 13 2 4
2 5 17 8 1 5 1 6 8 1
2 3 4 0 1 5 4 1 8 1
1 4 12 3 11 4 4 6 3 3
9 1 7 14 2 0 11 13 17 23
4 4 7 3 4 5 6 4 6 1
2 7 4 11 10 8 0 0 3 4
3 1 4 2 2 2 3 6 8 4
1 5 3 6 2 0 7 5 1 4
10 0 10 2 5 3 8 1 5 6
1 3 13 2 3 2 8 7 0 8
4 6 6 7 9 4 5 6 2 0
2 2 1 1 4 10 17 14 2 4
8 3 5 7 0 3 15 28 8 10
5 18 2 17 9 3 3 8 11 17
10 2 5 1 0 9 3 3 10 2
7 1 16 1 1 1 5 3 1 6
5 2 12 8 1 6 2 9 1 11
6 19 0 23 5 18 6 3 0 3
5 11 24 6 3 4 4 14 5 4
11 6 2 3 16 12 8 6 3 10
15 5 3 1 24 8 3 1 19 3
2 5 1 3 1 4 2 9 1 26
22 7 12 6 6 9 1 22 1 4
0 11 2 2 3 1 8 4 2 9
3 2 5 1 3 3 1 0 7 2
3 12 4 14 15 1 1 4 11 4
2 15 0 20 10 20 1 7 9 7
6 11 5 2 20 10 12 0 17 18
1 0 0 4 6 4 1 0 5 14
2 1 10 4 1 11 8 1 5 5
10 5 10 0 5 4 9 4 3 4
1 13 1 6 11 8 2 1 8 18
18 19 14 8 6 7 10 15 6 3
10 5 2 8 5 7 11 12 6 12
12 3 17 3 10 8 4 10 7 3
0 1 7 2 14 0 1 1 5 2
8 1 0 16 9 10 8 1 4 1
6 2 8 1 5 1 2 1 7 4
2 10 0 9 16 5 5 2 2 8
6 14 21 8 11 2 9 6 7 17
0 2 4 3 4 1 4 1 4 8
1 1 1 5 1 2 1 0 2 9
6 4 5 3 1 5 2 1 4 4
1 8 0 7 5 13 3 6 5 4
10 11 3 21 10 1 5 1 6 7
8 11 5 2 4 2 25 5 7 18
3 0 6 10 0 2 33 6 13 2
13 4 15 15 7 2 2 2 3 24
4 16 3 7 7 12 0 9 10 6
5 3 5 8 10 3 7 0 7 1
7 1 3 1 6 4 9 13 5 14
7 5 12 8 2 4 7 3 5 14
11 5 7 30 3 5 10 5 0 2
2 18 2 3 16 1 0 25 14 7
0 2 4 6 1 14 1 12 0 2
5 5 11 6 6 3 4 6 5 2
2 2 15 1 0 6 4 11 2 7
10 2 6 5 11 4 7 7 13 14
2 2 1 5 3 3 2 6 25 6
4 10 2 3 8 7 10 1 4 6
5 1 8 16 3 5 25 5 14 13
5 3 0 11 4 17 3 3 3 13
4 2 2 9 2 9 0 3 1 7
0 5 1 6 3 4 0 2 3 2
1 1 4 5 4 1 3 9 1 3
9 3 2 2 8 4 8 9 5 9
12 16 1 7 1 17 8 0 6 2
4 2 1 0 5 1 3 3 4 10
1 3 4 11 2 4 1 11 3 5
0 15 22 16 2 1 3 14 4 9
6 11 4 5 6 6 0 9 2 4
1 4 1 4 8 6 3 1 6 3
4 13 3 1 0 14 4 18 12 1
17 1 6 0 14 7 1 8 16 8
2 5 0 0 3 13 4 5 1 4
2 7 9 9 1 6 3 3 3 2
5 4 14 9 5 6 15 4 15 6
11 15 12 12 23 0 14 1 1 8
4 17 7 3 3 3 0 2 5 9
6 7 14 19 3 1 16 1 2 23
7 9 0 6 1 0 5 2 3 6
3 5 13 2 3 8 2 3 11 1
12 7 2 15 4 9 2 2 5 3
5 10 3 5 0 3 2 0 2 3
4 28 3 7 20 8 14 3 1 3
8 5 6 9 9 0 1 7 5 1
2 7 2 3 3 10 3 4 3 4
15 6 7 2 2 4 13 5 2 1
7 1 7 5 2 7 23 3 12 11
6 1 1 6 3 1 4 1 6 6
3 15 13 9 4 10 13 24 13 6
3 4 2 4 6 0 2 4 3 1
7 7 6 16 21 11 8 7 5 18
5 6 2 3 20 13 6 3 26 15
10 2 6 2 10 4 8 16 7 6
8 9 4 4 14 11 2 9 2 3
13 3 14 13 6 6 1 20 2 1
1 5 6 3 3 1 1 1 3 2
1 1 0 1 2 7 0 5 3 8
2 5 4 0 22 3 6 9 5 14
8 10 13 7 9 18 1 10 6 4
0 5 3 1 3 0 3 8 7 0
3 1 5 26 7 1 10 8 8 12
8 1 20 3 8 2 13 15 6 7
2 6 2 1 3 1 2 5 2 7
10 9 12 6 2 4 7 5 3 3
6 6 12 10 5 7 10 7 4 10
1 8 7 16 4 1 4 2 11 30
4 1 0 14 13 8 5 2 12 23
8 1 0 1 6 2 1 4 1 3
2 8 0 7 13 12 8 1 11 7
15 0 5 1 8 2 2 9 7 3
4 10 8 9 1 11 10 1 1 6
11 5 16 15 11 0 9 4 1 11
10 8 1 9 5 8 14 10 4 2
3 0 3 3 6 4 3 7 5 4
7 8 2 6 11 3 0 11 12 10
3 5 0 3 3 4 3 0 5 5
9 2 2 3 3 8 9 4 3 12
12 5 3 21 5 23 11 4 1 9
10 1 3 13 18 15 15 2 9 12
6 13 1 2 7 7 13 1 0 9
8 10 15 16 4 18 1 1 7 2
15 12 6 4 3 6 6 21 14 5
11 5 2 4 2 0 1 3 6 2
8 4 28 10 6 17 3 13 3 7
13 2 14 12 2 20 8 7 12 6
2 3 5 3 3 1 4 6 4 2
1 1 1 5 2 5 9 6 13 5
1 10 8 14 1 11 5 13 7 2
25 18 3 4 5 7 11 3 2 1
12 6 3 11 10 15 1 0 30 5
6 6 1 0 15 1 16 15 9 9
9 14 4 14 14 4 19 5 14 9
25 16 8 11 8 11 15 7 7 0
12 8 12 14 4 5 0 11 8 3
6 4 5 7 1 1 3 3 3 14
7 4 6 4 1 11 6 3 1 6
13 7 10 7 1 12 4 8 15 2
5 0 4 5 3 1 3 2 2 7
5 2 1 2 1 10 2 3 2 3
4 3 5 12 1 5 1 11 3 2
5 3 1 9 2 3 3 5 0 7
5 8 3 3 3 6 5 3 6 17
0 4 5 13 5 1 8 10 9 12
3 4 1 3 4 6 4 3 6 2
8 10 11 0 6 4 7 15 16 5
6 3 3 5 12 1 11 0 5 2
19 3 6 7 14 6 2 4 2 4
5 4 15 5 16 3 3 15 10 2
3 3 1 3 11 3 1 2 5 10
9 8 10 11 17 3 12 3 9 12
27 6 0 4 12 15 8 10 14 2
13 3 14 27 11 9 2 2 8 3
13 5 2 1 9 6 5 1 13 9
2 10 22 20 11 1 6 3 0 11
2 1 4 2 5 6 5 5 2 11
19 16 2 14 13 1 14 7 4 10
4 9 2 4 2 5 3 6 4 1
11 17 1 0 14 9 17 3 16 15
9 8 10 3 15 15 21 14 7 13
8 7 1 26 9 2 3 5 10 5
9 10 4 4 3 0 9 1 5 9
1 10 9 11 22 6 17 10 5 9
3 6 7 3 2 13 4 19 11 6
10 1 15 3 10 13 18 10 0 3
11 12 2 10 10 7 17 8 4 16
25 8 3 6 1 16 12 5 11 3
5 1 4 6 10 15 5 3 14 5
2 4 3 16 2 1 11 3 1 1
1 3 10 2 0 1 1 1 2 1
10 10 1 17 12 10 10 10 4 18
0 16 9 13 11 10 8 6 11 3
6 14 1 9 4 3 25 8 19 14
1 6 3 3 1 3 2 0 3 6
5 1 3 1 7 6 2 1 1 7
0 2 10 12 7 10 10 8 4 14
6 7 0 3 1 16 3 3 3 0
14 15 4 4 14 4 2 13 20 14
9 4 0 3 6 1 8 3 3 6
4 4 4 6 3 1 1 3 2 2
4 12 15 2 2 4 1 5 8 3
3 7 3 5 4 4 4 11 7 6
2 0 7 5 11 23 8 1 0 1
1 6 1 14 9 5 0 15 16 1
5 1 5 0 13 13 1 11 8 10
9 3 9 14 8 4 9 9 16 4
2 3 26 0 1 4 3 6 1 8
8 7 7 7 3 3 6 13 4 2
6 6 5 1 2 7 9 8 1 3
1 1 4 4 9 4 3 14 2 0
7 1 26 9 5 0 11 4 4 2
3 2 11 2 3 4 9 11 9 14
16 4 0 1 1 13 17 1 9 12
4 4 8 3 8 1 4 15 1 8
9 0 2 5 7 15 8 3 8 13
5 11 3 1 9 0 4 4 1 2
7 5 22 0 14 1 11 6 10 3
3 1 3 9 5 3 5 3 7 5
1 13 9 2 4 23 16 2 1 14
2 8 1 12 22 2 7 1 5 7
6 8 1 3 9 7 0 11 6 7
14 8 7 6 19 2 8 13 14 4
17 1 5 2 12 11 12 11 2 4
9 7 2 7 19 1 20 10 6 10
2 4 2 3 5 4 9 8 9 9
2 7 5 2 9 6 12 0 10 1
7 2 26 4 3 2 9 3 13 14
2 3 4 2 8 7 2 5 6 8
4 0 2 5 6 2 13 5 1 9
11 15 6 0 10 5 14 9 10 12
1 4 8 5 7 0 0 3 3 1
8 1 4 7 6 5 7 3 1 2
9 5 3 4 7 2 17 8 5 4
4 17 6 2 4 15 10 11 10 8
2 14 4 4 2 6 2 19 0 3
4 8 1 1 6 5 8 8 3 2
4 12 13 7 5 28 0 1 13 3
8 7 5 2 10 6 9 0 11 1
4 10 5 4 27 15 1 14 15 3
14 8 2 8 1 9 7 2 7 10
1 4 9 8 5 3 11 10 13 1
12 16 10 11 4 7 3 3 7 12
1 6 6 5 3 4 3 24 1 7
10 17 1 5 18 15 10 9 16 7
10 2 15 5 12 2 1 1 7 1
16 9 19 2 5 8 13 6 3 0
8 13 7 2 24 0 14 17 2 11
2 1 16 7 5 3 16 2 3 3
3 2 8 3 1 6 8 2 5 0
4 1 2 5 19 15 22 4 1 19
2 7 3 2 6 6 5 3 3 3
7 16 1 4 0 7 7 6 13 16
3 19 8 26 7 1 9 7 11 13
5 0 4 0 2 0 8 6 1 1
5 0 16 6 1 7 1 2 1 4
2 1 4 1 19 15 4 4 13 2
15 7 10 8 5 3 7 2 5 7
3 6 3 15 17 15 10 5 12 0
2 2 1 4 3 0 0 6 12 6
18 1 1 19 9 1 0 3 1 22
3 13 7 5 2 5 5 3 11 4
6 6 9 8 6 6 6 6 0 7
2 18 5 11 4 1 13 3 19 17
4 16 5 18 14 0 2 7 6 15
4 4 12 9 1 28 1 12 1 9
9 18 15 18 3 15 2 11 8 6
8 3 8 14 1 6 17 9 4 1
8 2 18 6 1 2 24 3 16 16
25 6 11 6 5 15 2 0 5 7
4 6 16 18 13 5 5 17 2 2
5 1 7 6 11 8 5 4 5 9
3 8 1 5 9 0 3 3 5 10
6 0 1 7 4 2 3 4 7 4
12 0 2 3 10 5 6 3 6 7
3 7 6 2 0 3 5 5 2 9
16 3 6 11 8 2 10 5 11 9
2 10 1 3 4 3 4 13 5 1
13 1 0 6 9 6 3 1 4 2
11 1 5 8 1 7 5 12 2 1
9 9 11 5 6 11 6 1 26 9
7 4 7 12 16 6 2 11 5 8
4 5 8 2 3 2 3 5 1 4
0 3 0 0 7 5 1 4 1 2
4 1 3 9 4 1 1 4 10 7
1 1 2 15 8 3 16 0 3 21
1 1 13 15 7 9 12 16 3 12
4 4 5 7 19 3 1 15 3 13
6 15 3 18 22 1 2 16 4 2
3 2 4 16 7 7 8 3 6 0
0 10 10 24 0 8 0 0 5 13
0 10 1 12 4 5 6 5 16 15
18 6 0 15 12 8 9 13 2 4
1 12 9 2 14 6 1 8 4 0
17 3 2 10 3 3 7 7 1 1
7 2 12 11 5 3 1 13 7 7
7 14 14 3 9 11 13 16 5 8
5 4 4 2 2 5 10 4 0 3
8 2 4 2 14 19 6 12 20 12
3 1 9 2 6 2 12 12 5 6
13 19 5 11 3 3 27 6 1 7
10 6 22 6 10 3 4 8 1 1
3 12 1 5 1 6 3 4 0 3
5 14 3 11 8 11 5 15 1 3
8 7 10 3 0 10 2 10 1 20
0 6 3 2 2 5 3 9 2 1
1 4 1 1 1 4 7 1 5 4
5 4 2 11 3 11 17 6 0 2
3 8 9 5 0 3 2 5 4 1
1 9 7 0 0 8 1 1 1 3
8 2 3 0 0 13 10 13 9 1
10 2 13 9 0 9 11 12 4 4
1 7 4 1 1 6 2 1 2 0
2 3 3 4 2 2 3 8 1 8
21 6 6 1 12 24 5 6 4 0
0 11 7 1 8 12 6 3 1 8
8 2 10 1 2 17 6 1 4 0
10 4 4 10 3 1 9 2 13 4
1 6 6 7 17 17 3 14 21 11
2 6 8 18 0 13 14 1 11 23
2 11 2 7 9 3 4 13 2 2
4 8 3 5 5 6 1 5 6 1
4 8 15 2 5 2 4 2 2 12
5 3 2 6 6 2 13 5 7 10
9 0 3 6 3 3 7 1 5 2
13 12 8 4 3 4 3 11 19 13
5 9 6 2 13 15 12 1 18 15
16 0 16 7 9 3 2 8 12 1
3 0 3 7 2 7 4 11 5 6
2 3 5 5 10 8 4 13 12 5
2 8 8 3 7 5 0 1 1 1
16 1 5 11 10 6 2 8 5 28
2 2 6 13 4 1 4 10 2 1
12 9 7 2 0 1 2 5 1 4
5 0 3 6 3 4 0 4 4 16
19 7 0 3 5 6 2 11 26 3
3 1 10 4 12 12 2 9 3 13
6 0 4 18 2 1 7 7 16 3
1 10 7 2 0 2 8 5 4 1
3 1 7 6 0 1 5 1 6 9
9 4 15 2 5 11 2 3 3 14
7 15 2 4 1 5 2 1 2 0
3 2 0 3 1 1 4 5 5 7
2 4 7 5 2 6 2 6 6 1
1 2 6 3 10 1 4 0 4 6
2 0 8 4 8 6 7 2 2 5
0 3 8 4 6 6 6 0 1 9
6 11 2 9 5 9 7 2 1 8
5 10 3 12 5 0 5 0 1 1
2 5 3 1 7 7 3 2 7 3
4 9 3 7 5 8 17 2 7 7
7 5 2 2 3 3 2 1 0 4
1 6 13 1 4 3 1 5 6 7
20 6 0 5 0 5 12 13 13 5
9 15 9 4 19 18 10 6 10 2
4 5 13 2 3 8 14 5 4 2
0 1 3 1 7 2 1 1 6 5
5 3 1 3 14 16 5 14 8 4
1 6 2 6 1 1 3 5 8 19
7 8 13 2 8 10 7 16 9 3
3 12 10 11 6 13 12 8 9 11
3 1 11 4 8 17 13 11 8 22
3 2 4 12 7 1 12 28 6 20
10 12 1 5 0 1 20 14 14 4
3 3 1 17 6 7 11 9 17 6
1 7 9 2 7 3 4 1 2 2
1 14 1 7 12 6 4 0 11 6
0 3 8 5 1 11 13 3 14 9
12 1 12 3 6 14 7 11 18 14
11 6 5 4 4 3 5 5 2 0
5 1 1 2 2 4 4 4 5 4
13 9 2 9 16 0 0 1 5 9
17 11 4 4 8 5 5 7 2 11
4 0 3 6 12 1 2 2 4 4
7 1 11 3 17 1 17 9 2 6
12 12 11 11 4 10 13 8 8 13
4 3 4 22 19 3 1 10 11 12
9 8 7 26 11 11 6 9 0 14
4 6 12 10 9 3 10 14 4 8
6 3 11 1 16 2 4 3 1 6
8 8 22 8 15 9 8 4 8 18
3 3 3 5 5 3 5 7 1 5
20 1 2 13 5 6 3 2 8 16
6 9 4 5 6 8 2 9 13 10
6 5 6 1 1 1 2 3 7 3
7 0 13 4 7 5 9 5 3 1
2 8 10 5 1 1 13 1 18 6
1 5 1 2 3 9 17 3 3 7
3 5 2 4 2 1 1 2 7 1
3 0 1 6 11 3 7 7 8 5
4 5 2 0 0 8 3 0 5 6
4 10 14 19 8 5 2 12 9 3
1 5 11 22 1 4 1 1 2 10
15 3 0 10 18 8 2 6 14 14
10 16 7 2 0 10 14 1 10 14
6 0 16 10 13 13 15 22 3 5
9 3 9 4 11 9 6 20 9 4
3 2 8 1 0 6 1 5 2 6
6 6 2 8 1 5 3 3 6 12
19 9 6 3 13 3 13 2 8 11
3 5 1 7 2 3 1 3 0 0
5 4 2 6 5 4 0 2 4 0
13 5 5 6 3 0 1 5 0 11
1 5 2 5 0 2 6 1 6 4
14 0 5 5 7 3 1 13 1 6
1 0 6 7 0 1 8 1 3 3
10 1 6 5 8 8 9 14 6 7
1 4 2 3 13 16 3 9 14 7
11 4 5 11 12 9 7 9 7 11
2 0 1 5 4 6 4 6 0 5
9 6 4 2 0 3 0 5 2 6
5 11 1 2 5 4 3 2 1 10
7 1 1 11 5 1 5 7 8 3
3 6 4 2 2 2 1 3 2 4
2 4 0 2 4 2 6 1 3 3
4 10 7 4 0 5 13 1 2 9
3 2 0 5 0 1 8 2 5 7
1 6 7 5 5 3 18 15 5 10
7 8 4 2 5 7 3 13 4 2
15 3 1 29 8 1 3 9 2 11
8 3 4 5 1 3 3 0 11 3
2 2 17 4 2 9 13 3 13 4
2 2 1 9 5 12 1 2 0 2
7 6 2 10 2 8 2 9 2 21
7 3 13 17 6 6 13 13 6 2
10 9 10 2 2 4 19 0 6 1
1 10 6 8 9 18 5 5 21 14
8 3 6 1 23 0 5 8 20 6
13 2 7 16 20 2 4 0 13 1
3 1 6 4 2 1 4 4 5 2
20 4 2 3 15 8 7 9 6 3
7 12 14 3 6 13 10 5 7 3
3 8 6 8 20 10 10 12 12 10
4 2 5 5 1 10 7 1 10 15
9 1 11 6 0 1 0 3 8 2
3 5 4 3 3 2 4 2 3 1
20 22 9 1 0 2 14 6 5 7
14 11 8 12 3 3 7 16 1 22
6 11 13 16 4 3 6 7 9 2
7 1 3 6 11 2 5 8 1 4
11 2 21 1 21 12 3 18 4 4
13 1 14 1 3 6 3 6 3 3
1 9 3 0 11 18 5 1 7 4
1 0 1 3 7 5 1 11 15 14
3 1 1 5 7 7 6 11 15 2
8 7 5 1 11 6 11 7 3 1
31 4 13 10 5 8 8 5 7 11
12 1 8 4 4 7 8 9 7 10
11 16 5 10 7 7 8 14 2 9
5 0 1 3 1 4 2 5 5 5
2 11 4 6 1 3 9 5 0 11
6 1 11 3 10 10 7 21 14 12
4 1 1 19 23 2 6 12 5 5
6 13 14 7 11 6 5 8 4 5
12 16 6 10 8 5 1 2 9 3
27 9 3 7 3 4 8 7 2 17
1 2 2 4 4 4 6 7 3 0
6 16 2 6 12 1 6 20 3 10
8 0 6 1 5 2 3 2 2 2
7 1 4 1 5 1 0 1 9 1
1 1 5 0 0 8 10 24 15 4
4 8 4 2 6 0 7 1 14 4
4 4 0 4 4 7 1 2 1 1
3 5 1 8 3 0 3 19 7 6
0 6 6 1 3 7 6 7 11 2
10 9 3 8 17 7 8 3 16 3
5 5 6 18 3 12 19 7 10 11
17 10 10 3 8 0 2 7 3 10
3 19 1 7 6 11 10 14 4 15
6 6 3 5 9 22 13 1 19 11
9 6 14 12 3 13 7 7 3 4
5 9 9 13 15 7 4 2 4 19
0 1 2 5 8 1 7 3 0 0
4 30 16 2 10 0 3 10 1 12
14 0 4 4 3 13 3 6 0 7
2 11 22 7 10 7 14 5 5 0
9 11 4 10 5 2 16 12 7 17
5 10 21 4 8 9 1 9 7 1
7 1 2 4 3 7 17 13 4 12
9 13 1 5 3 9 4 14 20 2
12 0 5 17 16 15 7 0 4 0
7 8 12 13 12 4 15 6 23 2
13 7 2 21 16 4 8 15 2 5
0 9 6 11 3 12 8 4 5 4
5 9 1 22 14 5 4 21 16 5
2 2 6 4 7 6 1 7 2 14
1 9 0 20 21 6 14 12 1 6
4 4 5 2 3 0 3 6 4 10
8 4 4 3 3 2 0 0 2 3
7 3 4 14 9 14 1 10 6 0
3 8 2 26 7 1 6 8 10 2
15 5 8 12 7 11 4 11 2 6
7 4 6 4 4 2 8 7 4 2
2 8 6 1 13 0 2 4 13 16
2 8 17 2 12 2 7 1 2 10
5 7 10 1 2 5 7 12 10 5
4 16 0 2 9 16 5 6 9 2
3 6 21 14 13 2 11 10 15 1
4 4 1 0 2 3 4 4 6 3
14 6 11 4 0 2 9 1 9 7
10 7 1 3 14 5 1 0 1 10
10 1 11 12 4 16 2 3 0 9
1 6 14 7 5 10 11 3 2 5
15 1 18 1 20 16 4 10 16 4
0 2 6 0 3 3 2 3 6 3
1 0 1 10 1 19 1 7 1 1
13 27 5 8 6 3 4 7 9 5
14 8 9 10 1 1 16 16 14 8
10 9 6 2 2 16 3 4 1 11
1 6 3 2 4 5 7 1 8 3
0 18 1 17 3 6 0 9 8 7
2 2 5 2 6 1 6 1 0 3
11 0 15 8 22 15 4 9 7 5
1 12 3 9 4 1 12 9 4 5
10 2 3 11 3 12 2 5 7 1
10 5 8 0 1 7 8 10 10 3
8 17 18 2 12 1 5 16 10 1
4 0 7 1 4 2 4 1 3 5
2 10 17 4 4 1 10 3 10 3
0 5 3 1 0 2 5 6 2 11
0 5 6 10 7 12 4 0 0 4
21 3 2 15 7 1 2 17 16 7
6 3 2 16 8 9 15 14 7 20
5 8 9 6 0 20 5 3 6 2
4 3 6 4 2 6 0 3 3 12
8 13 6 3 3 0 14 1 12 1
8 6 18 1 16 4 6 5 5 9
0 8 5 0 3 8 17 15 4 3
2 1 7 1 0 5 2 4 8 2
14 1 25 6 12 6 12 11 5 11
10 3 3 8 7 2 16 3 27 4
9 13 7 13 1 3 16 5 9 4
16 16 10 3 6 1 6 4 19 19
2 2 5 5 0 3 4 5 3 4
3 22 4 10 5 9 5 10 18 0
5 5 8 2 19 6 4 0 13 7
7 2 3 7 1 1 1 5 3 0
9 7 1 24 11 23 1 9 1 5
0 1 6 1 7 2 4 3 5 8
3 1 6 3 1 2 1 1 2 6
7 3 7 5 0 8 7 2 3 3
2 6 16 4 2 6 6 5 10 8
2 22 17 8 5 5 6 7 0 11
1 9 4 5 8 6 1 4 1 2
0 0 8 18 1 6 4 6 6 3
4 6 3 4 1 4 11 3 6 3
10 18 4 1 9 1 7 2 11 17
10 0 4 3 6 1 12 4 7 0
14 4 16 3 1 1 12 6 2 15
4 3 4 4 6 8 15 2 0 3
6 4 1 1 3 2 4 8 2 4
4 10 6 9 2 8 6 6 8 3
1 0 4 6 2 4 1 1 4 3
4 3 0 2 6 1 3 4 8 3
2 0 3 3 7 8 4 3 8 3
1 15 3 19 0 16 20 3 6 6
10 9 7 9 20 8 13 1 6 6
12 7 0 10 2 4 2 11 8 14
25 1 3 7 10 13 9 5 0 2
4 4 5 2 2 13 7 11 3 3
14 2 13 27 10 6 14 7 8 4
1 6 0 9 6 3 0 4 15 5
1 1 3 1 0 2 4 5 1 14
4 1 13 1 3 1 8 9 23 23
0 20 12 9 4 1 13 3 7 14
18 2 3 13 15 12 6 13 7 12
3 4 7 10 15 3 9 5 7 2
6 11 13 7 13 2 4 1 2 1
1 8 4 8 16 10 4 5 8 0
18 4 3 8 9 9 5 8 1 3
1 4 4 1 9 6 5 3 6 6
10 5 3 6 0 5 7 11 4 4
5 6 16 1 9 4 3 3 2 12
12 3 4 2 2 9 9 8 0 2
8 20 1 5 1 2 5 1 15 3
2 2 1 5 0 6 4 3 0 6
4 19 5 15 4 7 2 12 4 13
8 1 1 11 1 17 8 8 4 10
2 3 2 7 13 4 4 12 2 1
3 6 5 8 8 0 12 2 1 2
8 5 8 0 1 8 11 5 1 13
6 18 5 8 16 2 0 10 17 0
1 5 15 12 6 0 0 15 11 1
18 16 9 22 10 2 1 14 3 3
10 2 6 4 3 1 9 9 5 6
1 0 7 11 3 2 2 5 2 3
2 14 3 0 6 1 13 17 10 3
4 3 8 4 10 4 2 3 3 6
9 4 4 4 1 3 5 4 3 2
19 7 7 3 5 11 2 9 11 1
8 7 6 3 8 28 12 13 8 11
5 6 9 1 0 1 1 11 18 9
10 15 3 12 3 11 2 9 2 9
6 3 5 5 7 2 5 1 16 4
5 1 2 3 5 6 3 4 9 2
11 10 12 1 14 14 6 8 10 11
3 1 1 4 1 7 7 3 5 4
0 8 0 3 0 3 0 1 12 3
14 2 8 15 4 20 1 10 20 8
7 10 1 22 9 18 5 8 6 3
13 10 10 1 13 8 7 7 4 2
5 7 3 8 11 0 9 18 3 9
13 14 4 8 4 21 3 2 22 5
5 16 11 2 1 1 18 7 8 8
10 3 3 12 7 17 2 1 1 1
2 7 10 2 18 8 9 10 5 12
0 4 3 4 1 3 7 1 2 0
9 5 7 7 5 5 5 3 1 2
1 1 8 5 3 3 7 6 3 8
22 2 11 4 10 3 10 1 18 12
10 3 10 11 0 2 6 0 1 3
1 6 7 1 9 9 5 9 3 14
6 5 4 7 9 9 1 0 10 8
2 6 5 3 10 1 1 6 1 5
2 4 4 4 0 3 2 10 3 6
21 0 8 6 7 1 0 20 3 10
4 6 0 7 0 2 4 1 7 4
10 18 12 19 5 12 16 11 6 4
18 6 12 12 2 2 5 5 12 10
10 12 10 15 7 22 9 12 1 4
2 4 0 16 10 8 8 9 3 1
1 5 13 9 8 19 1 5 4 29
3 1 16 7 2 15 13 11 12 3
2 0 2 0 8 3 9 2 2 7
1 20 11 9 12 13 15 17 6 9
3 7 1 2 2 11 4 1 3 6
1 17 13 1 13 7 4 9 0 2
6 5 0 2 6 2 1 5 1 1
9 9 9 26 7 0 7 3 8 18
3 1 3 1 6 5 2 6 4 0
2 2 6 2 4 4 4 1 9 2
3 2 5 8 8 9 19 2 16 16
3 8 16 2 5 2 11 2 7 14
6 27 1 2 9 4 12 1 6 5
2 3 1 2 1 4 2 2 4 8
2 2 3 4 5 2 0 5 6 4
9 11 21 7 6 6 3 3 10 2
11 6 4 12 9 17 7 3 9 1
5 7 6 2 6 6 4 4 16 4
5 0 19 8 6 1 7 5 0 5
6 5 15 17 0 5 2 3 1 14
1 1 4 4 7 4 4 4 6 1
2 14 2 8 12 1 9 3 8 6
1 16 11 7 3 1 7 8 8 13
3 7 2 6 13 14 11 2 3 4
6 12 3 10 5 1 7 2 0 7
1 3 5 5 2 3 4 4 4 0
6 3 2 0 1 1 4 1 5 9
4 2 8 7 1 4 1 2 0 3
4 1 7 5 5 3 7 4 10 5
1 1 2 2 7 0 5 1 4 6
8 15 3 5 2 16 6 20 2 11
1 8 1 1 10 17 9 9 8 2
0 5 0 4 7 3 2 1 7 5
13 1 11 19 9 7 4 1 3 18
6 8 11 4 3 3 6 3 0 3
6 17 2 0 15 9 2 1 6 3
2 10 11 10 6 7 2 5 10 8
1 11 12 8 14 0 5 5 13 15
14 2 15 13 15 5 19 4 8 8
1 1 4 0 1 5 2 13 9 9
14 7 5 15 3 8 0 2 16 4
11 1 4 11 4 16 8 8 9 17
12 13 5 2 4 4 1 1 1 1
1 5 6 4 5 0 3 2 3 8
6 11 6 8 7 3 2 10 24 8
3 1 5 4 1 2 3 8 3 4
6 5 10 4 3 6 20 6 22 6
6 1 17 5 8 4 14 8 1 4
6 1 6 5 5 2 1 2 8 4
1 3 4 2 0 12 0 6 14 1
3 1 13 2 3 11 4 11 6 5
0 7 19 0 6 12 18 11 1 2
8 21 6 9 9 6 15 7 5 3
0 2 2 1 5 1 5 5 1 5
3 5 10 5 14 8 9 5 19 7
3 3 19 8 7 0 4 8 10 10
4 1 5 0 2 3 3 16 2 7
4 8 2 3 4 10 10 7 2 6
1 4 5 2 4 7 2 4 1 7
1 6 13 2 10 8 6 7 12 6
3 5 3 6 3 2 7 4 13 1
0 8 14 20 8 11 1 2 3 10
9 4 4 9 7 7 7 9 0 1
9 2 2 2 3 7 9 7 14 1
8 10 9 1 18 1 4 13 16 11
2 17 2 15 9 2 12 7 9 5
7 19 7 7 5 2 3 6 9 8
4 3 2 3 3 7 5 3 1 9
10 0 0 8 11 5 17 21 5 12
11 13 9 9 2 5 1 5 0 10
7 3 9 10 8 8 3 6 7 3
4 7 3 6 1 2 11 2 3 1
2 3 2 3 6 2 2 3 1 6
9 20 9 8 10 6 4 2 7 6
0 13 1 8 9 5 1 29 5 11
4 10 9 2 1 6 6 3 12 12
14 2 13 13 5 14 0 7 5 10
2 1 8 4 2 4 0 3 12 5
8 9 1 2 5 3 0 3 10 2
0 4 10 2 22 3 2 16 20 4
7 9 1 5 5 7 11 5 3 18
8 18 1 14 7 9 8 13 8 8
1 26
1 59
2 31
3 13
3 18
4 77
5 63
6 70
7 64
10 63
12 75
12 82
12 98
13 43
14 35
14 64
15 73
16 101
17 39
19 51
20 91
21 62
21 79
23 29
23 30
23 43
23 89
24 93
24 103
25 124
26 65
26 78
26 85
26 96
26 108
27 61
27 88
28 35
29 107
31 84
31 87
32 105
33 44
33 67
34 68
34 95
36 61
37 58
37 133
38 112
38 113
39 98
39 127
40 45
41 80
42 133
43 45
43 61
44 45
44 72
44 80
44 139
45 127
46 57
46 77
46 88
47 50
48 141
49 96
50 113
52 66
52 92
53 120
54 55
54 77
54 86
54 148
55 103
56 86
57 88
57 141
58 74
59 125
59 134
60 106
60 157
61 89
61 116
62 81
62 109
62 123
63 77
63 97
63 124
63 125
63 148
64 139
65 158
66 85
66 153
66 160
67 94
67 108
67 124
68 155
69 103
69 156
69 163
70 124
70 149
72 85
72 96
72 158
73 160
74 108
74 170
75 115
77 116
78 140
78 165
80 84
80 145
81 158
82 122
82 135
83 180
84 172
85 110
85 115
85 132
86 110
86 119
86 172
86 176
86 178
87 122
89 114
89 180
90 179
91 175
91 188
92 143
92 153
93 171
96 124
96 173
97 144
97 185
98 183
99 102
99 148
99 163
100 141
100 159
101 103
101 190
101 195
103 160
104 132
104 179
105 177
106 134
106 139
107 108
107 118
108 182
108 185
110 123
110 147
110 204
111 118
111 146
112 180
115 146
115 202
119 140
119 183
120 184
121 163
122 191
123 180
123 215
124 164
124 214
125 162
126 214
127 192
127 209
128 136
128 184
128 192
128 215
129 189
130 151
130 178
132 217
133 173
133 230
134 157
134 173
134 233
136 187
137 210
139 143
141 163
141 183
141 214
143 146
143 196
145 203
146 165
146 167
146 226
146 241
147 244
148 162
148 189
148 208
148 238
149 193
149 217
149 249
150 153
150 205
152 216
152 249
153 156
153 159
153 161
153 198
154 217
154 219
154 228
154 246
155 220
158 205
158 244
160 199
160 234
161 178
162 183
162 200
162 242
163 199
163 233
164 209
164 233
165 194
165 252
166 195
166 230
167 177
167 241
168 231
168 252
170 243
171 176
171 210
172 184
172 194
173 225
173 258
174 267
175 192
176 221
176 257
176 273
178 215
179 200
181 187
182 202
184 244
185 227
185 234
186 277
186 278
188 192
189 230
189 235
190 281
190 286
193 255
194 236
195 212
195 261
196 216
196 256
197 288
198 225
199 285
202 254
202 256
203 204
203 276
203 280
204 226
205 225
205 288
206 242
206 302
206 304
207 241
207 276
208 243
208 282
208 307
209 216
209 243
209 305
210 252
210 305
211 218
212 241
213 260
214 252
217 262
218 225
218 248
218 302
219 315
220 221
220 280
221 222
221 234
221 242
221 287
223 254
224 241
224 271
224 300
225 316
226 231
226 278
226 292
227 239
228 306
229 237
231 261
231 266
231 330
232 271
232 294
233 262
234 263
234 315
235 239
235 279
235 316
236 322
237 313
237 334
239 280
240 250
240 275
240 290
241 247
243 260
244 255
244 272
244 303
246 280
246 297
248 258
248 279
248 304
249 329
249 330
250 287
250 292
250 329
251 266
251 273
251 326
252 278
252 289
252 297
253 338
254 269
255 258
255 262
257 318
258 308
259 291
259 295
259 335
259 350
259 352
260 289
260 306
261 299
261 353
262 351
263 299
264 298
265 314
266 330
267 343
267 358
268 278
268 302
269 347
270 305
270 329
271 298
271 314
272 281
273 299
273 355
274 343
274 350
275 306
275 359
275 371
276 376
277 281
277 310
278 345
278 374
280 333
280 380
282 306
282 349
282 367
283 380
284 324
285 317
287 315
287 317
288 360
289 349
289 384
290 371
291 319
291 329
291 365
294 333
295 299
295 368
295 382
296 360
296 383
297 316
297 336
298 312
298 321
298 395
302 348
303 313
303 335
303 358
303 403
304 310
305 310
305 312
305 355
306 365
307 395
309 310
309 316
309 343
309 350
309 358
309 384
312 371
312 388
312 412
313 321
313 343
313 378
314 330
315 317
315 351
319 333
320 369
322 357
323 376
323 383
324 376
326 355
326 373
327 420
328 418
329 339
330 358
330 368
330 394
331 416
333 382
334 377
336 436
337 347
337 402
338 381
338 428
339 413
339 418
340 349
340 355
340 420
341 436
343 431
344 365
344 381
345 347
345 429
345 441
346 360
347 436
350 434
351 423
352 394
352 450
353 377
353 422
353 440
354 391
354 418
354 434
355 381
355 396
355 444
356 451
357 414
358 441
359 377
359 459
360 385
360 441
360 447
361 378
361 407
361 413
361 416
361 443
362 420
362 445
363 364
363 417
365 432
368 406
368 450
370 446
371 380
371 409
372 454
373 440
374 386
374 397
374 446
374 462
375 379
375 386
375 427
375 432
376 378
378 403
378 452
379 385
379 393
379 424
384 417
384 433
384 443
385 428
385 459
385 469
386 422
386 426
386 464
386 468
386 476
387 484
389 488
390 485
391 398
391 416
391 439
392 444
393 405
393 429
395 485
396 452
398 400
398 401
398 443
398 472
399 402
399 430
399 484
401 470
401 479
401 495
403 424
404 406
405 443
406 448
406 481
406 491
407 421
407 491
410 453
410 480
411 424
411 493
412 449
412 505
413 485
414 425
415 508
416 456
417 460
418 471
419 485
420 467
422 487
422 504
422 515
423 489
424 440
424 459
424 471
424 490
424 518
427 437
428 443
428 498
429 440
429 524
430 444
430 502
434 495
435 455
435 504
435 514
435 525
436 532
436 534
437 491
438 480
438 482
438 513
440 457
440 458
440 486
441 456
442 508
442 522
443 494
444 455
444 540
445 540
446 457
446 487
447 516
448 465
448 543
449 470
449 515
452 464
453 497
454 485
454 522
454 527
455 462
455 540
456 505
457 461
457 464
457 524
458 548
459 483
460 494
460 535
463 491
463 544
463 546
464 483
465 526
466 558
467 531
467 532
467 545
467 558
468 494
468 507
468 556
469 482
470 541
471 508
475 499
475 504
476 494
477 500
477 519
477 529
477 561
478 479
478 517
479 503
479 554
479 573
481 566
482 492
484 567
485 499
485 513
486 516
486 533
487 555
488 547
488 558
488 569
489 544
489 568
490 545
491 589
493 511
493 592
494 518
494 526
494 567
494 577
494 589
496 554
496 596
498 500
498 557
498 570
499 526
499 538
499 546
499 589
501 541
501 567
501 598
504 531
505 573
506 509
506 564
507 584
508 526
508 536
510 516
510 543
510 570
511 517
511 553
512 598
514 516
515 527
515 559
515 574
517 538
518 536
518 577
519 578
519 581
520 615
521 604
523 525
523 561
523 602
524 538
524 595
526 592
527 566
527 600
527 609
528 600
529 548
529 574
530 540
530 580
530 607
530 613
532 551
532 609
533 628
534 576
535 553
536 539
536 554
536 604
539 620
540 553
540 570
540 627
541 572
541 588
541 640
542 614
543 592
544 578
545 618
545 643
546 560
546 593
546 595
546 603
547 584
547 587
548 562
548 575
548 614
549 647
550 625
552 557
552 629
553 590
553 609
553 614
554 559
554 583
556 586
556 608
557 602
558 592
560 575
560 634
562 606
565 659
568 652
569 571
570 588
570 637
570 642
570 658
570 664
571 593
571 645
573 643
573 645
574 597
574 642
574 651
577 595
577 605
577 646
578 581
578 613
578 620
578 657
579 600
579 633
581 583
581 638
583 618
584 585
584 592
584 625
584 629
585 593
585 634
588 603
589 622
589 628
589 665
590 616
591 630
592 602
592 634
592 651
592 670
593 674
594 684
595 628
595 688
596 674
597 654
598 626
598 646
599 651
599 665
600 611
600 688
601 629
601 642
601 677
602 619
603 608
603 659
604 620
604 633
605 614
606 696
607 685
607 691
607 706
608 644
608 700
609 617
609 690
609 691
609 699
610 630
611 650
611 685
611 686
612 647
612 699
613 670
615 620
615 626
615 678
615 687
616 622
617 710
618 658
618 669
619 641
620 663
620 670
621 707
622 662
622 689
624 719
625 663
626 638
626 658
626 687
626 725
627 668
628 683
629 642
629 651
629 720
630 633
630 703
631 702
633 732
635 664
635 692
636 693
636 712
637 701
638 642
641 667
641 675
643 652
643 666
643 673
643 694
643 720
644 707
645 662
645 701
645 717
645 744
646 653
646 674
647 730
648 655
649 695
651 690
651 702
651 710
652 678
652 745
653 709
653 711
654 713
655 715
656 700
657 686
657 712
658 695
658 716
659 666
659 707
659 759
660 665
660 754
663 699
663 711
663 717
663 752
664 716
664 751
665 683
665 723
665 743
666 743
668 762
670 672
670 674
670 676
670 707
670 765
671 683
671 713
671 762
672 730
672 770
673 695
673 727
674 675
674 677
675 682
675 726
675 744
675 745
676 709
677 695
677 769
678 685
678 743
679 698
680 721
681 780
681 781
682 694
682 740
683 694
683 764
684 744
684 777
685 718
685 739
685 782
687 756
688 698
688 752
689 715
689 769
690 761
692 697
693 712
693 719
693 758
695 712
695 768
697 793
698 706
700 713
701 757
701 780
701 783
701 790
704 711
705 796
707 759
707 769
707 773
708 730
709 795
710 739
710 765
712 762
713 812
716 775
716 802
720 792
721 816
722 801
723 733
723 781
723 802
724 802
728 741
728 768
728 813
729 749
730 798
730 811
731 743
731 816
731 823
731 829
732 776
732 783
732 827
733 750
733 810
735 758
735 779
735 781
735 790
736 758
736 834
737 757
739 760
739 810
740 781
740 837
741 781
743 749
743 795
743 806
744 762
744 822
744 837
745 811
746 764
747 751
748 822
749 779
749 846
750 773
752 782
752 793
753 815
754 840
755 791
756 778
756 785
756 802
756 822
757 790
758 775
758 791
758 844
759 854
760 856
761 780
761 809
762 765
762 853
764 864
767 790
767 792
769 805
770 801
770 808
770 856
770 869
771 856
772 839
773 829
773 841
773 848
774 789
775 777
776 786
777 816
777 855
778 783
778 827
778 855
779 815
779 871
780 848
780 862
780 877
781 837
782 784
782 788
782 832
784 814
785 790
785 839
785 860
786 816
787 821
788 818
789 854
789 876
790 817
790 873
791 795
791 836
792 793
792 881
793 812
794 812
794 814
794 849
795 828
796 858
796 896
797 817
797 883
798 811
800 829
802 845
803 869
803 883
804 841
805 886
806 810
808 849
808 881
809 855
809 902
810 823
811 818
811 847
811 860
812 846
812 886
813 856
813 907
815 839
815 841
815 857
816 843
818 819
818 829
819 866
821 857
821 878
823 864
825 840
825 910
826 840
826 849
827 912
828 832
828 919
829 851
830 863
830 878
830 918
831 886
831 890
832 906
833 853
835 877
835 909
835 916
836 873
836 914
837 886
839 857
839 906
839 934
840 842
840 871
841 915
842 917
844 870
844 916
845 945
846 870
846 918
847 902
847 913
847 925
848 860
848 933
849 884
849 924
849 932
850 869
851 895
852 897
853 927
854 885
854 899
854 903
854 940
854 948
855 918
855 934
855 942
856 870
856 954
857 886
857 892
859 896
859 917
860 916
860 930
860 958
861 936
863 875
864 879
865 870
865 905
865 948
866 907
867 869
868 958
870 970
872 905
873 911
873 939
874 896
874 933
876 890
876 963
877 908
880 945
881 904
881 912
882 914
882 943
884 904
884 944
884 945
885 914
886 909
886 964
886 968
887 921
887 958
887 962
888 889
888 937
890 935
891 960
892 906
892 986
893 910
893 976
893 982
895 965
896 937
897 945
897 965
898 903
898 927
898 970
899 986
900 962
901 950
901 967
901 980
903 921
903 939
904 998
905 923
905 963
905 976
908 911
908 927
908 931
909 956
910 943
912 986
913 916
913 968
914 997
916 978
917 921
917 994
918 939
919 969
919 972
919 977
919 980
920 999
921 926
921 995
922 967
923 969
924 994
925 928
925 940
925 947
925 989
927 966
927 971
927 1000
929 993
930 940
930 953
932 985
934 970
934 985
935 942
935 953
935 986
936 939
936 992
938 995
941 983
942 964
942 999
943 992
943 995
944 981
944 996
947 976
951 995
952 969
953 994
956 985
956 991
958 1000
959 987
961 997
964 971
966 988
971 999
974 987
975 990
979 986
986 999
986 1000
988 997
990 995
995 998
18 26 29 18 12 5 3 3 14 17
6 2 24 7 7 3 0 7 23 2
22 13 14 25 16 12 13 14 1 11
10 20 1 12 0 1 1 1 42 5
9 11 20 2 10 20 19 1 15 9
7 17 15 9 4 22 7 4 2 31
15 22 13 4 36 11 6 25 0 20
11 15 2 24 3 16 12 1 26 0
8 7 8 1 3 12 18 13 3 2
6 15 4 6 10 10 16 29 3 19
3 1 1 4 7 1 1 9 7 17
3 40 8 0 21 2 7 1 6 6
3 16 10 1 2 4 5 17 10 17
17 18 10 18 32 21 1 13 2 21
14 11 4 15 25 13 2 2 2 6
17 26 14 6 1 0 8 15 19 12
2 23 5 2 1 6 7 13 4 11
17 0 26 5 9 16 14 10 22 6
16 15 1 11 10 39 11 22 18 2
8 15 15 10 8 8 3 16 2 2
17 57 21 50 36 39 37 25 60 35 62 65 50 26 42 34 59 35 24 52
4 10 2 24 1 3 3 14 6 6 19 7 7 5 9 12 10 3 10 4
1 8 12 12 4 11 13 8 12 10 18 12 8 11 11 8 15 10 6 11
12 40 15 42 25 21 23 31 37 22 45 50 25 17 40 19 39 23 25 35
1 10 1 14 1 1 3 8 5 1 11 2 1 6 8 1 1 1 7 10
4 15 4 22 7 3 8 13 11 9 28 17 10 6 12 9 13 9 10 5
15 49 4 44 18 13 13 27 41 19 53 31 38 1 11 36 38 30 18 26
9 23 1 32 12 13 1 27 15 1 26 23 17 1 10 15 16 11 8 6
18 39 3 46 27 23 14 32 30 22 46 48 40 1 17 26 40 11 10 20
1 9 3 10 7 4 7 9 9 10 24 15 14 1 6 5 17 10 9 3
6 3 5 15 12 8 8 11 8 3 8 15 6 4 10 5 7 2 4 4
6 12 3 27 12 10 6 26 16 9 19 22 5 4 22 2 13 7 14 8
18 34 10 41 6 3 13 23 23 14 40 30 23 4 21 22 26 14 10 21
12 29 5 35 12 10 7 21 19 20 46 35 26 8 16 16 30 14 15 12
15 35 13 34 19 17 29 10 30 26 44 38 35 11 17 33 37 20 16 27
1 5 2 13 4 2 3 8 4 1 6 9 3 2 4 6 2 1 3 3
19 49 5 45 30 27 27 20 39 18 51 43 34 16 31 29 34 31 18 28
9 24 1 30 12 7 10 15 14 13 39 29 23 8 16 12 25 8 10 11
6 12 5 26 2 10 9 17 13 8 19 7 12 12 16 10 16 2 10 12
4 22 16 40 19 30 26 36 43 36 50 41 39 21 30 26 51 16 24 23
4 13 9 25 5 10 10 21 18 12 19 18 3 13 26 1 13 5 15 20
2 20 1 19 5 6 1 12 13 7 24 13 17 4 4 4 16 3 6 12
15 51 13 36 40 26 15 28 36 22 57 36 35 12 29 19 28 39 16 18
16 39 13 28 6 10 16 2 20 14 47 29 25 14 23 18 26 14 1 23
5 13 12 32 7 21 13 27 23 18 30 22 14 14 25 13 25 8 12 14
1 19 7 18 11 18 14 10 27 17 30 26 24 10 9 12 31 6 1 16
4 23 9 26 14 13 11 21 26 15 24 28 17 12 21 2 24 8 15 25
17 43 7 49 23 33 32 30 41 27 50 35 43 21 31 36 48 27 33 38
1 5 2 14 1 1 3 7 2 6 14 1 1 4 9 2 6 3 8 2
1 7 1 4 3 1 1 5 4 1 5 5 1 1 1 1 1 3 1 1
21 52 24 44 46 41 37 34 58 36 64 63 35 23 51 23 46 45 29 40
6 9 1 18 1 1 3 6 1 5 17 12 9 1 3 11 9 1 5 4
2 20 3 15 18 9 16 13 23 11 17 23 16 2 8 14 16 19 13 15
32 53 17 61 27 37 41 32 36 31 59 60 43 28 46 39 48 26 31 47
10 20 2 19 15 5 8 9 13 3 24 16 11 7 13 5 9 16 3 5
1 5 1 10 1 1 2 5 2 1 12 11 5 1 2 3 6 1 1 1
1 31 8 20 10 13 6 17 30 10 27 19 12 7 17 4 20 18 8 20
30 43 10 48 21 21 25 21 27 17 48 45 44 13 24 39 41 19 4 25
18 24 8 36 16 22 3 26 15 1 26 24 13 12 22 17 19 10 1 10
10 24 2 23 4 1 3 15 10 6 27 19 12 1 6 14 11 11 11 11
4 34 29 52 29 25 27 49 52 37 49 54 38 27 44 29 50 21 47 40
20 29 29 28 32 44 42 19 52 41 57 49 53 28 30 41 58 26 24 39
13 22 6 38 22 18 9 37 27 14 40 36 23 10 27 14 33 19 14 3
4 30 18 27 17 21 14 29 41 12 24 25 15 12 28 15 25 26 15 28
9 49 18 55 32 26 31 39 60 32 60 52 37 23 48 30 53 39 37 39
17 27 18 40 4 13 20 22 28 24 39 30 25 14 25 26 35 8 13 26
36 55 15 59 36 41 44 26 36 32 66 60 58 33 39 50 55 39 33 39
11 27 12 34 12 25 13 25 27 14 38 25 19 11 23 20 26 15 8 19
9 14 1 16 3 4 6 9 4 1 10 9 6 9 11 3 4 1 3 11
44 74 28 67 37 21 32 43 45 19 64 67 46 22 53 46 49 44 30 49
25 49 12 55 22 25 9 41 33 21 62 46 26 22 42 17 34 23 20 25
4 29 13 31 14 17 18 26 37 14 31 25 21 16 25 14 27 20 15 28
9 28 9 36 17 12 16 28 30 11 25 24 22 13 23 19 25 17 21 23
3 22 1 20 7 8 4 15 20 5 31 17 21 1 4 16 20 15 8 5
28 64 10 67 47 36 34 40 54 41 64 71 57 16 37 44 58 35 35 49
21 33 6 42 18 23 18 27 22 6 34 32 27 17 26 23 25 12 11 21
10 30 5 50 10 15 7 40 31 19 42 25 28 12 22 26 32 16 29 20
10 53 15 40 40 36 34 22 52 45 73 53 45 19 37 26 50 37 24 37
21 30 3 49 14 22 7 27 13 15 41 33 26 9 25 19 30 3 8 16
24 46 4 44 20 17 12 27 22 10 52 39 26 14 31 17 26 21 17 20
6 18 4 17 1 5 8 9 8 2 17 10 6 11 12 5 6 6 7 15
16 48 24 43 33 30 34 28 54 39 67 51 39 21 42 29 47 36 28 39
14 26 5 37 15 18 4 28 21 9 29 17 25 4 7 27 24 14 15 16
1 9 5 13 1 4 5 12 15 2 5 11 5 3 9 5 10 6 9 13
1 7 1 21 1 1 1 11 6 5 18 8 6 3 8 8 11 2 8 1
13 36 8 32 8 27 18 22 31 14 38 24 32 19 21 19 37 16 15 33
13 23 4 37 9 14 8 26 11 11 34 23 12 13 28 8 19 7 12 12
37 57 24 62 38 53 37 42 51 35 80 55 52 33 51 40 60 38 24 42
21 51 18 43 35 30 16 30 46 29 61 34 47 8 16 41 47 40 20 28
17 20 1 30 15 16 7 19 9 1 20 20 15 9 19 10 14 8 1 7
7 5 2 12 9 7 3 13 3 1 4 12 1 1 9 3 1 2 2 3
1 6 7 16 10 7 14 13 18 17 19 17 12 9 14 7 20 7 12 6
21 38 7 39 21 15 6 21 22 9 45 36 27 2 19 23 26 20 5 9
11 12 1 21 3 6 7 7 1 1 13 11 7 10 13 8 6 1 2 9
13 29 6 47 24 20 7 42 40 27 44 29 38 3 13 33 42 22 30 19
6 17 5 23 20 15 13 13 18 14 26 31 23 6 11 14 24 8 4 9
1 16 10 19 5 13 12 10 23 11 30 14 13 10 14 12 21 13 6 9
1 23 8 27 10 1 1 25 19 1 15 17 6 1 13 15 14 19 20 16
2 10 1 19 3 1 1 17 7 8 21 10 3 5 13 1 7 7 12 1
6 7 1 15 8 5 1 12 1 2 10 8 2 1 8 3 4 7 5 1
28 38 23 43 22 38 37 31 33 22 44 40 39 34 38 34 43 25 17 35
16 21 8 38 14 17 12 23 18 12 33 31 28 6 16 24 31 9 8 13
4 27 8 15 13 9 16 12 26 11 30 19 15 8 9 14 14 22 11 13
14 36 16 35 17 11 16 22 29 12 29 36 18 13 24 21 25 21 16 29
8 23 8 30 14 13 17 27 28 21 40 33 18 17 31 4 27 12 17 15
13 40 10 41 19 23 31 13 41 35 59 46 41 11 22 36 51 26 19 27
12 13 1 32 8 10 4 16 5 3 18 13 11 9 16 13 10 1 6 7
9 18 1 15 12 8 1 12 8 4 19 20 12 5 11 1 11 6 3 7
9 9 1 18 9 6 4 12 1 4 14 14 7 7 11 6 9 1 5 5
4 8 1 16 13 3 8 15 12 8 19 18 15 1 8 8 18 10 9 3
10 13 1 19 8 5 4 11 4 1 13 14 6 7 10 10 4 4 4 6
15 27 16 48 24 28 22 42 39 30 48 50 29 25 43 17 42 13 25 23
1 5 2 8 3 1 6 7 9 3 11 6 4 5 6 1 7 1 5 6
17 38 2 43 31 33 19 25 30 20 44 44 42 11 21 26 41 15 5 24
19 53 21 48 43 35 17 46 51 36 69 47 37 26 50 11 42 36 23 29
1 1 1 8 1 1 1 4 5 1 3 4 7 1 1 6 8 1 1 1
5 12 2 19 9 4 8 7 13 4 17 19 20 3 2 19 19 5 1 2
7 14 5 22 1 12 10 5 9 3 18 10 14 13 12 15 16 1 1 12
11 37 1 25 17 8 15 6 23 12 42 29 28 7 8 24 25 24 8 16
41 58 27 57 32 48 34 41 37 26 62 65 42 39 51 29 48 28 23 45
6 31 14 31 19 4 6 27 28 9 21 33 20 4 19 20 26 20 21 25
1 6 7 8 7 11 11 4 16 11 16 18 17 6 6 8 22 5 1 9
5 18 1 22 9 1 5 16 10 4 26 18 9 3 11 7 10 9 10 6
26 43 12 49 19 14 19 29 30 24 57 46 34 6 30 28 39 22 9 19
20 26 5 33 25 15 7 25 16 6 31 34 15 7 18 17 17 17 8 6
21 40 9 40 24 26 32 15 24 18 48 44 42 21 26 35 39 25 16 27
6 8 16 17 8 17 18 10 22 14 23 23 18 19 20 9 25 4 3 18
2 14 1 14 2 1 3 11 8 2 20 8 7 5 8 1 8 6 10 8
1 5 1 12 1 1 1 5 1 1 12 7 4 1 1 4 5 1 3 1
4 10 8 13 5 7 9 10 10 6 9 8 5 10 10 8 7 5 6 11
36 53 11 53 26 27 26 30 24 14 59 48 35 22 35 32 35 28 15 26
1 11 1 13 2 1 1 5 9 1 20 9 13 2 1 7 13 7 1 1
14 23 1 25 13 5 5 13 9 3 30 26 18 7 12 11 14 10 5 8
2 2 2 12 7 4 5 6 5 1 12 13 5 4 8 1 7 1 1 2
8 31 12 47 22 27 33 23 40 39 61 47 47 25 33 33 50 20 31 28
1 9 7 21 1 12 8 14 12 6 14 5 11 7 7 16 13 4 7 8
11 39 25 26 23 26 28 23 45 26 50 27 31 28 36 15 30 29 17 33
1 29 23 38 22 17 16 44 44 27 45 37 21 18 44 13 29 24 37 28
29 60 13 66 32 36 35 39 45 25 58 55 53 26 38 51 51 38 39 47
27 48 31 67 29 30 32 56 54 31 57 59 44 36 62 33 60 28 42 51
28 35 20 56 25 32 15 43 33 24 55 53 34 24 41 29 47 22 17 20
9 41 18 23 27 28 11 30 37 20 39 34 15 12 36 1 20 28 13 29
1 9 3 7 10 1 9 7 12 5 11 14 12 4 3 6 13 7 4 4
30 44 15 45 25 35 23 34 25 14 45 47 30 27 39 17 36 21 17 32
17 44 1 48 34 26 18 32 33 27 51 50 40 9 23 25 40 18 20 27
8 14 2 21 1 7 10 7 1 2 20 7 7 13 15 7 8 3 5 11
2 9 1 21 4 1 2 18 7 9 23 14 9 3 11 5 15 7 12 1
19 32 21 38 34 19 10 39 36 6 20 43 15 12 37 16 30 25 17 27
3 10 10 14 5 10 11 14 12 9 13 10 1 11 14 3 8 5 9 13
1 20 1 20 9 3 6 13 16 13 33 22 17 2 7 10 22 9 11 7
26 48 21 64 32 38 8 55 45 16 52 48 28 21 45 31 45 32 26 35
4 23 1 24 15 10 8 18 22 14 28 27 22 6 8 11 23 8 13 16
4 14 4 36 1 9 9 26 18 12 28 13 17 15 20 15 21 1 19 13
8 20 1 31 8 11 1 24 14 1 14 14 10 4 15 10 9 6 7 13
10 32 16 39 24 30 25 38 45 38 44 46 32 22 36 15 43 17 32 38
9 10 7 16 7 7 9 9 6 5 11 10 6 12 14 6 4 1 1 10
1 17 1 20 13 10 12 15 20 15 31 21 24 1 4 17 29 16 12 5
4 24 1 17 3 1 2 12 11 2 20 18 10 3 7 9 8 13 10 10
1 3 1 10 1 1 1 7 1 1 8 1 1 1 3 1 1 1 5 1
13 24 18 47 20 28 29 35 38 32 52 48 33 27 42 23 41 10 22 25
12 39 18 62 29 33 22 56 50 34 60 57 46 21 39 32 50 20 38 30
4 5 5 17 7 7 6 12 7 4 9 9 6 6 10 6 7 4 5 4
1 15 1 12 10 1 8 6 15 7 24 13 12 1 4 11 12 18 7 1
29 42 32 54 28 49 21 40 51 49 67 42 53 22 30 39 64 23 31 48
22 37 15 37 26 24 11 34 30 9 41 37 16 20 35 10 24 27 12 22
9 22 2 33 8 13 7 25 18 2 21 15 14 9 19 10 14 8 10 16
35 45 14 63 25 33 26 47 28 16 48 48 36 26 44 33 37 21 29 30
16 50 5 61 38 40 24 49 50 38 71 57 48 18 37 30 54 30 26 27
7 23 7 30 10 18 7 21 22 13 30 7 18 8 9 21 21 18 13 15
12 16 1 35 15 12 1 28 11 7 27 25 10 3 20 10 16 11 10 1
9 15 5 23 10 7 6 18 10 1 14 16 6 8 13 8 4 5 11 11
3 6 2 17 8 2 6 8 9 2 13 11 10 5 5 9 10 3 4 3
1 14 8 24 2 9 9 21 18 11 19 13 7 7 15 11 14 10 16 14
5 15 1 12 10 1 8 9 14 5 15 12 11 7 6 8 10 9 6 9
1 5 1 11 1 2 2 8 4 1 11 1 4 1 2 5 6 4 4 1
38 70 25 68 27 29 24 49 42 17 60 57 48 27 46 49 51 42 36 49
6 34 10 49 12 24 14 39 38 29 50 42 32 15 30 18 41 11 23 25
3 13 1 21 9 11 5 18 19 5 21 12 20 1 1 18 21 11 10 9
5 11 10 16 1 14 15 5 11 8 18 11 10 18 18 6 16 3 1 16
15 26 16 37 17 33 15 33 31 14 26 30 15 19 32 16 26 13 9 25
2 3 1 17 2 5 2 10 4 1 7 4 3 4 8 4 4 1 1 2
1 5 2 13 2 1 3 10 4 3 11 5 2 3 5 4 5 2 8 3
3 13 5 19 14 13 14 14 22 9 15 22 12 7 13 12 17 7 4 12
17 60 25 55 28 33 35 40 56 36 73 61 45 32 53 30 58 38 36 48
2 16 4 15 5 3 5 5 10 3 22 8 5 6 7 7 6 13 5 4
8 14 1 26 10 6 4 14 10 2 24 21 18 2 6 16 17 9 5 2
10 17 10 24 11 11 15 17 19 8 19 17 13 16 19 8 15 8 11 19
6 23 3 36 11 9 2 30 22 10 25 24 17 6 20 12 23 10 20 17
1 6 1 16 1 4 4 12 7 5 13 7 7 1 5 11 8 6 9 4
20 30 7 40 7 21 16 15 16 8 33 27 29 17 20 28 29 6 3 24
9 23 2 32 23 18 7 26 17 15 33 34 20 3 18 8 23 7 9 11
18 29 12 42 16 12 20 25 28 22 39 37 26 14 26 24 33 12 18 24
15 28 1 41 12 8 3 28 19 10 36 28 19 7 19 18 23 12 17 12
12 28 10 53 12 13 11 40 26 14 32 32 17 17 38 18 24 11 28 23
12 17 4 27 7 9 15 11 9 7 30 21 22 15 17 15 23 4 10 13
6 15 4 23 10 7 5 25 14 12 24 22 12 5 17 4 18 10 18 8
4 13 3 10 4 1 4 8 4 1 12 5 1 6 6 4 1 8 4 6
1 7 1 14 3 1 1 6 5 1 12 11 8 2 2 6 8 1 2 2
1 2 1 1 2 1 2 3 5 1 6 9 6 1 1 1 6 1 1 1
18 35 8 38 22 32 26 21 32 20 39 24 41 17 17 35 40 22 19 31
26 46 22 53 17 12 19 30 36 14 35 43 35 15 33 37 39 20 22 41
11 34 10 33 17 13 8 28 26 15 42 18 18 18 35 5 15 20 22 20
17 48 14 45 23 41 30 32 45 30 58 41 49 25 28 30 54 21 20 44
1 9 7 23 3 6 10 19 21 15 30 19 15 10 16 9 24 9 15 6
1 9 3 14 9 4 8 10 13 5 17 11 11 2 6 8 12 12 5 2
1 11 8 30 7 14 10 21 23 23 31 26 25 12 17 13 32 2 17 11
1 29 7 19 14 14 14 18 33 20 36 27 21 7 13 6 29 19 12 19
20 30 10 33 5 5 15 12 17 13 32 32 28 8 17 20 26 3 3 23
12 40 15 39 11 27 19 23 41 24 54 39 39 20 25 20 43 15 13 37
9 24 21 44 19 14 15 40 38 21 33 42 19 20 45 12 36 15 32 31
18 42 3 47 32 22 14 31 33 13 34 46 30 4 23 31 31 26 18 23
4 7 1 18 6 6 2 8 6 1 12 14 10 1 5 11 9 5 1 1
3 5 7 13 5 11 8 13 10 5 4 10 1 7 13 1 7 1 3 10
1 6 1 10 2 1 1 5 1 1 7 8 2 1 1 5 1 2 1 1
24 32 13 63 21 28 14 44 33 30 54 43 44 14 29 38 48 14 28 23
3 23 3 20 22 15 15 7 22 19 31 34 29 3 3 18 28 13 7 13
25 30 14 43 20 23 12 32 20 15 36 35 12 18 33 16 22 12 15 20
14 37 17 51 22 22 10 42 37 16 33 32 25 11 29 31 37 21 29 34
7 17 2 21 15 8 12 13 13 8 24 17 13 7 14 9 14 12 5 8
27 36 14 50 27 33 8 38 25 18 39 20 27 11 20 30 27 24 19 25
6 46 23 51 28 14 19 45 58 30 59 47 37 18 43 28 49 35 39 34
13 26 1 48 15 14 7 35 25 11 35 30 26 9 24 19 28 6 18 14
2 16 2 28 1 2 4 20 13 10 29 13 11 10 16 8 16 6 17 9
10 34 3 30 5 3 4 16 16 6 36 24 18 7 12 14 17 16 14 16
6 13 3 27 13 13 8 18 19 7 20 17 22 2 5 22 21 7 6 8
6 28 8 35 8 14 9 27 25 10 29 18 19 10 16 20 22 16 18 19
15 50 29 39 27 39 17 37 59 33 52 33 38 15 27 30 48 40 29 46
4 27 4 17 18 9 15 11 27 11 34 25 24 1 5 21 23 25 10 10
9 18 2 27 10 5 4 19 11 5 22 23 13 6 14 8 12 4 12 10
23 57 16 57 33 18 30 31 46 30 54 55 35 10 38 39 42 39 32 42
5 41 12 34 25 23 15 33 43 22 49 31 28 9 28 19 33 30 19 23
25 30 7 47 9 23 15 28 9 6 38 31 29 19 27 27 27 10 14 18
21 42 23 48 18 10 21 34 36 24 40 48 32 8 32 31 41 23 22 36
37 35 29 46 30 50 28 31 38 18 52 51 39 41 51 27 48 19 6 38
28 40 16 63 20 24 17 42 29 32 63 55 37 19 40 30 45 14 22 24
12 31 5 34 24 21 6 26 25 4 38 25 20 5 19 17 21 24 5 7
1 6 1 13 1 1 1 10 6 1 8 2 4 1 1 8 3 1 5 1
31 53 25 57 32 42 47 45 48 41 64 59 44 40 56 33 53 38 44 48
23 41 11 58 17 33 16 45 35 23 51 35 35 22 37 27 44 19 30 35
1 4 1 10 2 1 1 3 2 1 13 11 7 1 1 4 5 1 1 1
1 19 6 21 12 13 14 16 25 20 34 29 21 5 12 12 30 9 9 14
23 53 19 62 17 31 36 37 50 38 77 57 58 31 40 43 63 20 29 40
37 53 20 66 36 46 30 44 42 39 71 68 46 34 53 28 58 19 21 44
5 23 9 42 22 27 22 35 41 30 47 35 35 12 24 28 44 23 24 18
11 37 8 42 18 17 12 36 34 14 40 30 27 12 27 16 32 24 23 25
9 31 8 25 19 19 11 24 36 14 33 12 26 5 7 25 26 28 16 19
30 49 9 64 28 25 13 45 35 25 61 61 38 19 41 20 43 16 23 30
2 12 1 15 4 1 2 11 5 1 15 7 3 3 5 5 4 7 7 4
15 24 4 24 1 9 12 8 3 1 27 18 17 15 14 15 13 7 8 14
7 18 1 29 10 7 2 21 14 3 27 15 12 4 13 10 15 10 8 4
32 40 21 46 28 28 14 30 28 11 46 50 31 20 32 28 38 21 7 24
8 19 8 23 8 15 23 7 17 13 33 23 19 19 20 15 25 9 5 18
12 17 5 23 12 9 6 13 5 1 17 17 8 9 15 10 6 9 1 7
11 38 10 31 27 21 25 14 38 22 46 38 28 8 21 28 33 29 14 24
17 33 12 40 19 30 7 34 27 9 40 28 16 16 27 18 27 20 7 19
26 52 9 44 14 19 27 20 30 15 51 41 41 19 22 38 38 27 19 33
17 35 15 43 21 42 33 22 36 27 54 48 48 26 30 31 52 15 12 37
1 12 5 21 4 8 6 17 16 3 5 12 3 7 14 8 9 3 7 14
22 35 4 42 20 10 13 27 23 13 37 42 25 1 20 24 26 17 10 16
11 29 7 44 16 11 17 35 32 17 40 34 26 18 33 15 31 19 26 21
19 35 22 47 29 30 16 44 40 23 40 50 20 23 48 12 40 21 25 32
1 9 1 13 1 1 1 17 12 6 13 9 3 1 9 1 8 6 16 5
2 11 1 20 9 5 3 21 15 7 22 16 16 1 8 9 21 9 11 3
29 48 11 59 13 15 15 38 33 26 57 30 37 10 26 38 39 24 20 31
1 5 1 14 1 1 2 15 6 7 14 7 1 4 11 1 5 2 11 2
7 23 15 30 21 14 16 26 31 11 18 32 14 11 24 17 22 19 17 23
6 22 17 24 19 28 26 17 35 29 41 36 34 19 22 17 42 15 9 23
9 32 1 26 28 18 22 12 30 22 43 35 30 7 15 24 31 32 19 16
9 46 5 35 29 12 8 29 34 15 47 38 22 5 26 9 23 27 17 21
9 19 4 30 14 14 12 23 23 5 17 22 14 10 21 9 16 7 8 16
3 13 2 25 1 3 4 13 5 5 23 7 7 7 12 9 8 6 7 5
20 29 15 52 18 23 16 41 29 23 46 44 25 24 41 18 34 12 25 20
35 34 26 35 25 39 30 20 28 22 53 48 28 36 46 18 33 16 12 33
8 14 7 20 19 16 17 14 18 13 23 27 14 10 18 9 20 7 6 12
4 50 22 34 33 28 29 25 52 32 55 25 34 20 32 24 31 43 30 35
33 46 20 51 11 25 29 30 20 19 47 40 37 31 34 35 36 19 29 40
8 25 26 32 19 20 21 27 42 16 26 37 23 18 30 21 33 19 21 34
10 20 13 24 12 14 19 16 22 12 29 25 15 19 22 9 20 11 11 22
13 42 16 44 19 14 10 34 34 10 34 34 29 12 26 27 33 24 25 33
13 30 1 47 28 25 23 24 36 28 44 33 38 15 26 31 41 22 26 23
34 60 36 71 33 42 31 57 54 31 58 49 47 33 52 48 57 40 46 62
18 35 18 43 10 21 28 31 29 23 59 37 35 32 40 22 39 22 30 26
2 18 1 33 10 1 5 27 23 7 22 19 13 6 20 8 18 11 19 13
19 57 27 44 47 14 20 44 54 22 47 45 31 14 41 32 33 51 35 36
2 3 1 10 4 1 1 8 1 1 9 10 2 1 3 4 2 2 2 1
1 11 1 17 1 1 1 9 4 1 17 6 6 2 2 8 6 4 4 2
4 22 13 42 16 12 20 38 35 24 40 33 27 21 32 19 32 15 32 22
5 41 5 39 19 22 15 31 44 26 52 30 33 10 20 24 41 28 23 26
7 9 4 17 8 7 5 15 8 1 6 8 7 6 9 9 8 1 5 6
7 33 6 39 11 10 4 30 23 6 30 24 20 6 15 23 23 19 20 19
14 30 7 40 25 17 16 33 30 11 26 31 23 11 26 19 24 19 20 22
31 58 25 63 33 34 32 47 42 23 55 60 47 30 46 41 50 36 37 46
3 12 14 13 5 13 15 7 17 12 19 18 11 16 15 9 17 6 4 16
14 38 11 43 22 26 21 32 42 27 52 36 33 11 22 32 42 25 19 26
7 33 1 30 2 12 5 17 19 4 32 18 24 8 10 18 21 13 9 18
9 42 13 52 28 34 29 41 55 36 59 50 40 21 42 25 51 30 31 35
32 45 17 57 18 31 31 34 29 25 63 53 42 29 42 34 50 21 21 31
8 14 1 18 1 7 6 9 5 1 12 8 13 10 9 10 12 1 3 11
8 19 1 19 5 4 1 10 6 4 19 19 12 4 6 10 12 1 4 9
41 51 27 65 35 38 23 41 42 29 63 64 48 25 45 36 55 22 8 39
20 45 10 47 34 40 34 32 39 38 62 57 41 25 41 22 49 19 21 38
29 54 20 73 9 16 24 48 38 24 59 56 47 22 46 44 55 22 36 43
20 46 21 47 14 19 30 22 40 21 53 52 39 23 37 30 47 19 17 43
5 21 1 34 2 8 1 23 15 11 33 18 23 1 6 21 27 5 14 9
9 34 5 28 16 7 9 16 24 10 32 35 25 7 13 15 24 15 13 22
32 43 18 56 19 25 32 29 33 30 65 54 37 29 46 28 44 18 20 30
20 30 14 36 6 9 16 18 21 14 29 33 18 11 25 19 21 9 8 28
5 13 8 21 10 7 12 17 16 12 25 17 13 11 17 7 21 10 12 11
4 13 11 17 2 11 14 9 14 10 23 15 8 17 18 4 13 3 6 18
9 38 12 23 30 19 19 14 32 21 47 30 29 12 24 16 25 32 12 20
16 39 5 41 26 20 17 25 31 17 38 45 35 11 21 22 32 16 15 27
1 7 5 6 3 4 6 7 8 3 4 6 2 5 6 2 5 4 2 7
7 30 4 19 9 7 6 13 16 7 30 15 13 9 13 5 13 16 9 15
13 21 8 33 18 12 15 26 21 16 31 29 17 13 26 11 23 10 17 16
17 23 5 25 14 13 10 14 12 8 27 34 17 7 17 11 19 4 1 13
16 58 20 39 28 16 17 27 42 29 65 35 42 14 27 20 32 32 21 34
2 35 5 19 16 1 4 15 27 5 33 25 14 3 14 9 14 26 13 13
27 39 14 59 22 39 27 46 33 27 59 48 43 30 46 28 52 20 26 29
1 7 1 1 1 1 1 1 1 1 6 1 1 1 1 1 1 7 1 1
27 56 16 54 31 13 15 35 40 12 45 48 28 8 35 32 31 34 19 30
7 29 22 34 17 6 14 32 29 17 29 30 11 13 32 16 28 23 29 30
17 23 18 26 23 32 10 26 25 13 31 38 17 19 29 6 27 12 3 21
5 9 2 13 4 1 3 7 2 1 11 11 5 2 3 9 4 3 3 2
8 18 9 25 5 15 14 15 18 9 25 11 17 16 17 13 21 8 8 16
9 19 10 31 17 24 13 31 30 13 23 23 20 9 19 16 27 13 15 21
25 44 8 45 27 20 25 17 28 20 48 45 38 8 23 35 35 25 8 23
5 15 8 25 7 13 9 20 17 11 21 22 11 10 18 8 18 5 11 15
16 37 5 32 9 16 13 20 19 8 35 28 24 16 21 16 23 16 13 24
35 48 25 50 39 36 24 38 41 18 58 56 36 24 37 37 45 37 16 30
7 10 1 21 9 8 1 18 1 6 19 16 7 1 12 4 12 5 6 1
22 56 23 54 25 40 38 41 48 36 65 56 46 36 50 27 57 31 35 55
23 38 28 55 26 33 39 35 48 44 73 62 46 34 49 34 55 22 26 35
6 12 6 17 6 5 7 10 6 4 11 12 7 7 8 12 6 4 5 7
34 59 33 67 48 47 16 61 59 23 55 55 40 21 43 43 55 47 33 47
12 40 20 51 30 42 34 41 60 50 64 45 53 25 34 37 65 30 39 42
4 20 1 21 6 9 8 8 14 4 28 18 24 7 6 15 22 9 1 8
11 20 8 46 24 23 19 40 32 25 43 43 33 14 30 24 39 12 24 12
3 7 10 26 11 10 16 21 21 20 29 27 15 13 23 10 22 8 16 8
1 5 5 9 1 4 6 1 3 3 11 3 1 7 6 3 2 1 1 5
4 12 2 33 7 10 3 26 15 9 24 14 13 6 15 14 18 6 13 6
27 48 28 50 40 35 35 40 49 32 52 64 38 27 55 23 51 30 30 49
6 12 7 24 6 6 8 12 8 8 21 12 9 11 15 10 12 6 8 9
3 19 2 20 9 9 10 13 19 5 26 17 22 1 1 22 20 14 5 6
6 8 10 16 8 11 11 14 11 8 10 12 4 11 14 6 9 4 8 11
9 15 1 17 11 4 7 12 10 1 17 13 10 9 11 4 8 9 7 9
5 16 4 24 1 8 7 16 13 12 25 13 14 10 15 7 19 1 13 14
12 18 1 35 9 7 5 28 15 12 25 19 11 13 25 7 14 8 21 14
4 11 1 25 9 6 4 14 11 2 22 14 13 3 8 12 15 7 4 2
32 35 7 44 15 22 15 25 6 3 33 34 22 19 29 24 20 11 10 20
39 49 25 54 35 41 25 45 36 11 52 56 34 37 52 26 40 30 24 40
4 46 20 37 36 26 23 32 55 21 42 42 27 10 35 26 38 40 24 34
4 13 9 16 3 11 10 7 9 12 25 21 12 10 11 9 17 2 4 11
5 13 5 26 5 4 7 25 15 16 26 18 13 13 19 6 19 4 22 10
9 19 1 34 18 7 7 31 22 12 26 33 15 5 22 10 18 12 22 11
21 55 12 40 31 17 26 13 43 29 62 44 46 11 26 39 41 39 17 31
15 26 17 48 24 25 21 42 33 25 51 42 25 24 40 19 33 19 28 18
17 41 1 44 13 18 4 26 24 11 39 29 33 6 13 25 30 15 13 27
21 39 27 41 25 46 20 30 46 40 57 36 48 20 20 32 54 21 19 42
13 30 13 32 24 3 5 32 24 5 15 31 9 4 25 16 14 23 22 22
28 46 9 59 39 36 11 50 38 25 60 58 41 17 37 27 49 26 20 24
6 24 1 18 3 1 4 12 12 1 18 9 5 7 11 3 3 14 8 12
1 4 9 12 1 8 10 8 7 8 10 6 4 8 9 8 9 5 7 8
4 28 10 23 21 25 21 21 40 21 36 22 27 9 12 23 34 27 13 22
20 51 17 44 27 26 33 23 52 29 53 47 42 8 28 42 45 35 13 35
27 58 28 58 22 37 24 39 53 26 62 42 44 27 39 40 53 35 32 55
1 14 7 18 7 5 5 17 20 2 3 14 7 3 11 11 11 8 12 15
12 20 5 28 3 5 8 14 11 10 27 17 14 11 16 12 15 2 13 15
9 21 4 30 6 9 8 19 10 12 33 18 16 11 18 11 21 7 13 13
1 35 11 29 13 10 7 23 37 3 25 23 16 4 17 21 24 25 14 22
19 51 10 54 35 31 16 41 42 29 69 49 39 19 45 15 42 26 18 24
17 36 4 38 19 18 13 23 22 7 33 39 24 12 27 14 24 14 9 22
10 22 8 46 12 23 10 34 26 22 40 36 29 14 27 19 36 3 16 14
1 7 3 19 3 12 4 17 13 8 12 1 12 2 5 12 15 5 9 8
11 29 4 30 15 17 19 8 23 14 36 31 37 10 10 29 34 13 6 17
1 5 7 14 1 7 8 13 9 9 13 6 7 7 10 6 15 3 10 8
5 31 1 27 13 11 6 21 29 8 30 14 22 3 4 22 21 22 11 15
9 41 20 57 24 22 22 49 54 24 53 43 34 24 47 27 47 30 36 35
1 10 3 13 1 2 4 11 10 1 7 5 4 5 6 4 4 4 9 9
1 10 3 8 5 1 5 11 13 1 4 10 6 1 5 4 5 6 9 9
1 8 3 10 1 2 4 7 5 2 15 9 6 3 3 5 5 4 6 4
8 18 2 21 7 3 7 8 11 3 21 20 15 2 5 15 14 7 1 7
2 37 2 24 17 22 20 12 38 19 40 26 32 8 11 22 35 26 14 23
23 50 23 48 17 23 24 37 31 14 43 40 27 27 42 26 35 32 32 41
31 34 30 41 25 38 44 30 32 31 48 46 38 41 46 29 43 22 25 39
6 40 15 48 32 15 19 43 51 31 46 50 40 9 29 29 52 31 39 32
12 28 11 28 17 15 13 19 29 10 34 29 19 7 19 18 24 17 6 16
1 9 3 19 3 8 9 8 15 4 20 9 16 8 8 11 18 4 1 8
13 26 4 37 14 13 5 27 14 1 18 26 9 8 26 9 13 9 11 18
5 26 8 34 14 4 11 27 26 14 33 29 16 12 26 10 24 17 24 20
20 42 4 44 33 28 29 16 31 31 56 47 43 20 28 32 43 29 24 29
27 49 30 44 39 47 15 48 55 21 51 37 31 25 44 27 39 42 19 38
18 17 2 28 15 8 5 15 7 4 22 29 15 1 11 14 12 5 3 6
5 8 5 27 10 8 8 20 14 10 24 18 13 8 17 9 20 7 11 5
8 14 1 32 8 5 2 28 10 9 23 21 5 6 21 5 8 2 17 4
8 28 15 40 16 24 15 32 36 17 33 35 25 17 31 16 34 12 18 32
11 5 21 9 15 22 23 8 27 19 20 27 17 21 24 8 23 2 8 24
7 25 1 23 1 7 6 9 13 1 25 10 15 9 8 14 12 8 3 11
23 46 26 53 27 37 44 35 43 33 55 57 42 35 49 34 51 29 36 50
11 32 8 31 14 2 15 16 26 11 28 36 26 2 13 25 27 16 10 21
4 13 1 15 9 1 6 9 13 3 16 20 14 1 2 13 13 7 6 6
1 7 5 10 8 4 8 6 8 1 12 12 9 4 4 9 9 9 1 4
5 5 1 16 10 4 1 13 5 1 5 12 5 1 7 3 5 1 3 1
10 22 3 30 7 14 6 21 15 4 19 21 15 9 18 10 15 5 7 15
16 41 12 25 12 9 16 4 26 17 49 31 30 10 18 17 28 18 1 22
1 11 3 14 3 3 4 14 11 1 4 7 4 4 8 5 6 6 8 10
6 12 1 16 17 8 8 15 11 3 15 21 8 1 8 8 8 8 4 3
13 41 15 48 35 28 27 44 48 31 56 48 29 19 43 22 35 35 35 24
10 19 4 25 14 10 6 20 16 1 25 23 16 1 10 14 15 14 8 5
1 8 3 13 1 6 4 6 10 1 9 6 9 4 3 11 9 2 1 3
24 36 16 34 18 23 14 18 21 12 44 36 13 17 30 16 22 20 1 18
8 27 12 39 17 35 15 33 36 27 38 35 32 11 24 17 39 5 13 32
8 16 1 19 1 1 1 5 1 1 16 12 7 1 2 12 6 2 1 5
2 14 3 19 10 2 9 12 10 9 27 17 11 4 9 10 12 12 9 2
17 28 18 43 12 24 32 28 34 27 52 43 36 33 40 22 44 11 23 31
19 56 7 48 26 30 14 37 49 29 67 32 48 12 23 31 52 35 31 34
1 19 5 13 5 1 2 14 18 4 22 6 2 1 12 2 5 17 12 9
21 55 17 57 32 20 32 40 46 28 59 55 44 23 46 36 54 41 48 44
4 19 4 9 7 3 7 9 13 3 20 13 11 7 6 1 11 12 6 9
5 12 12 27 4 11 13 16 16 19 30 22 12 15 21 12 22 7 14 11
3 27 3 19 16 13 15 5 21 16 35 31 29 3 2 20 29 16 5 13
1 11 1 5 3 1 3 4 8 1 17 8 6 1 1 3 6 10 3 1
25 60 21 53 35 35 19 39 46 25 67 24 51 24 31 37 41 42 30 38
4 10 4 20 13 12 10 17 16 9 21 20 20 3 10 11 23 9 5 4
3 14 1 15 1 1 1 4 1 1 15 11 6 1 1 9 4 4 1 2
11 26 1 31 9 14 8 14 7 11 37 25 20 11 17 9 21 5 7 16
24 39 23 46 13 28 32 31 29 22 46 45 33 34 42 25 38 17 29 41
2 9 6 8 5 5 9 7 13 4 9 10 10 8 7 4 13 3 5 10
38 58 26 63 36 39 27 44 49 24 75 60 39 39 59 32 51 35 22 37
4 7 5 14 8 6 6 10 9 1 8 10 10 5 6 8 11 7 4 4
28 64 19 69 43 34 22 49 54 30 62 51 52 13 32 50 57 45 40 49
32 50 35 51 31 41 29 35 57 37 58 48 49 30 39 43 57 31 33 58
15 26 5 38 13 24 6 29 18 7 30 25 16 12 24 11 22 6 6 15
13 28 1 35 13 15 1 23 16 6 33 25 26 1 6 23 25 13 7 9
17 30 6 46 33 27 11 36 32 23 49 51 34 10 27 22 42 20 14 11
1 7 5 11 4 4 6 9 5 5 12 6 6 4 6 6 7 8 8 4
4 10 2 15 4 2 3 12 6 1 6 12 3 1 6 8 2 3 6 7
17 36 11 47 23 24 3 41 31 12 27 16 19 6 20 24 23 24 25 30
21 34 12 48 15 17 17 33 32 24 50 43 36 8 27 28 42 15 15 18
6 8 7 15 8 10 8 9 5 5 9 10 2 8 13 3 6 6 3 6
19 39 8 47 33 32 33 27 43 25 35 43 34 22 37 28 38 27 28 38
21 28 11 55 14 30 19 44 28 20 43 40 30 27 44 19 38 6 25 23
1 10 1 10 3 1 1 10 4 1 6 5 1 1 3 2 1 6 5 4
3 17 1 23 6 2 3 14 11 9 34 20 13 6 14 2 17 7 9 5
11 27 1 40 13 8 12 26 22 11 38 33 23 11 25 15 25 13 17 15
14 47 29 43 36 16 33 37 53 32 45 46 31 21 39 32 45 43 39 44
13 45 24 46 31 25 26 35 54 25 40 46 38 17 31 40 49 32 28 43
4 7 1 13 6 6 4 12 7 5 9 12 12 1 5 10 14 4 4 4
13 34 10 33 8 19 17 17 30 14 38 24 29 16 16 25 31 15 8 28
7 16 7 28 15 23 8 24 18 15 20 23 19 7 15 10 24 1 6 14
11 30 1 26 5 1 8 10 13 6 39 20 19 7 10 14 18 12 9 12
6 37 1 46 20 19 17 35 41 26 49 40 40 13 25 21 44 21 28 26
19 32 2 32 15 17 15 13 12 6 38 36 29 13 20 19 26 10 1 13
1 3 1 16 4 5 2 11 6 1 4 8 3 2 6 6 5 1 1 2
9 24 12 30 17 25 15 29 32 12 28 32 21 11 24 14 28 17 11 22
1 10 4 8 1 3 5 5 7 2 9 5 3 5 4 6 5 5 3 6
11 28 4 30 8 6 7 16 14 4 24 27 18 10 17 12 16 9 12 19
32 63 13 59 30 25 37 25 46 36 66 63 59 17 32 47 56 33 21 47
28 58 16 57 24 36 31 32 48 30 59 51 56 21 28 46 59 25 26 51
12 35 1 29 2 9 7 14 18 1 33 19 20 12 16 18 17 16 9 17
16 38 16 42 17 16 31 21 39 38 60 48 44 13 25 35 51 26 22 24
24 47 22 45 31 39 16 35 39 24 59 50 29 27 41 16 38 25 10 32
1 6 2 3 3 5 3 1 6 5 10 11 8 1 2 1 11 2 1 4
22 39 21 65 28 27 30 49 42 37 63 63 49 21 42 40 53 16 32 28
26 43 21 53 22 25 34 32 45 44 65 61 48 23 40 29 56 15 20 40
2 3 1 13 4 2 2 8 1 1 7 6 1 3 7 1 1 1 2 1
10 15 13 20 9 16 18 11 18 11 20 23 13 20 23 8 16 2 4 21
18 34 6 36 24 19 17 20 20 17 44 36 20 9 23 19 23 22 10 14
15 48 7 38 25 22 15 21 31 20 55 35 37 16 26 20 32 24 12 26
29 43 35 31 30 44 44 21 57 46 66 60 61 31 33 43 66 24 20 48
31 46 15 51 22 41 22 42 30 14 42 35 30 27 40 26 37 25 20 37
18 54 18 46 21 40 35 31 49 27 65 47 47 28 36 34 52 34 23 44
32 64 17 63 39 43 36 38 48 37 79 60 58 30 46 41 61 34 24 42
10 28 9 35 27 25 20 27 31 29 46 44 29 10 25 18 38 20 17 17
1 15 3 16 10 1 4 17 16 1 13 18 7 1 10 2 10 12 14 11
10 22 1 25 5 1 2 13 8 5 28 20 16 6 8 12 14 5 10 11
14 26 14 34 16 23 19 19 25 28 50 45 29 16 27 13 38 9 9 23
1 9 2 12 5 1 4 11 10 1 9 10 8 3 3 4 9 2 9 6
7 12 3 15 4 1 4 7 4 1 15 16 11 3 3 12 9 4 3 5
9 14 3 20 21 12 12 16 12 8 22 27 14 2 12 12 13 12 6 4
4 13 1 14 13 3 7 13 15 5 15 19 12 4 7 9 13 10 7 7
2 28 10 27 10 3 5 19 20 2 19 21 6 7 18 12 13 18 16 20
13 30 10 34 24 20 21 27 31 15 27 33 19 15 29 13 23 19 17 26
5 12 8 17 6 7 9 8 9 6 14 12 9 10 10 12 10 7 1 8
16 27 14 37 13 26 15 29 25 20 46 32 16 21 37 7 29 13 11 19
5 14 1 21 2 12 8 9 12 1 20 9 20 10 9 12 20 3 1 12
5 28 1 37 22 22 9 30 30 20 39 30 36 3 9 22 36 12 14 19
13 19 8 45 20 28 10 39 30 21 39 30 22 14 30 16 36 13 17 13
1 15 5 20 5 11 6 20 21 4 9 10 12 4 8 14 14 10 10 15
16 47 12 50 23 31 24 38 46 29 56 38 40 20 32 30 50 30 29 39
30 52 20 58 30 46 31 35 44 38 62 58 54 28 40 35 57 18 12 46
15 43 11 54 33 39 34 31 53 46 64 55 56 22 30 42 64 29 33 35
5 29 14 28 6 24 15 19 30 19 34 27 24 17 19 16 30 10 10 28
4 39 7 52 24 24 24 40 52 32 54 40 40 18 32 32 44 31 39 31
6 18 2 28 7 3 3 20 13 1 13 16 7 5 12 11 5 7 13 12
20 65 10 52 40 41 29 40 55 29 64 50 52 20 36 32 51 38 25 45
6 15 6 17 10 7 7 9 9 4 19 16 8 7 10 9 8 12 4 5
25 66 30 54 24 41 30 38 53 28 67 49 47 33 48 37 54 37 28 56
43 69 20 80 26 43 27 56 41 29 70 60 49 27 52 44 57 33 36 50
13 37 13 33 31 35 35 20 44 32 44 42 40 21 26 33 47 31 21 31
6 27 4 18 2 7 8 11 16 5 26 15 14 11 13 3 14 13 10 17
35 60 17 67 33 42 26 52 45 28 64 42 47 22 37 44 48 38 36 42
24 33 15 41 18 23 12 28 20 13 39 36 13 17 30 17 24 14 9 21
32 41 9 64 13 28 18 40 22 22 56 50 46 24 37 35 48 8 24 27
19 55 10 50 23 25 19 33 37 9 49 48 38 16 32 31 40 29 19 33
30 52 18 49 25 34 35 23 37 34 64 57 48 29 37 29 50 18 14 45
11 22 15 32 5 17 19 15 28 15 34 30 29 15 17 23 34 2 5 25
8 22 1 20 16 11 18 4 15 10 27 22 21 10 11 15 19 15 7 14
1 1 1 6 1 1 1 6 1 3 8 1 1 1 3 1 2 1 6 1
18 61 8 55 34 28 19 34 45 16 52 54 43 9 30 38 46 35 22 38
10 37 10 38 19 20 19 21 36 19 53 30 28 13 26 24 34 23 10 21
35 55 37 49 35 42 46 38 54 31 62 62 45 44 60 31 53 40 30 54
1 7 1 4 1 1 1 4 3 1 7 1 1 1 1 1 1 3 3 2
2 11 1 18 1 4 2 13 10 1 11 9 10 2 2 13 10 3 8 6
14 32 3 47 19 12 13 30 27 10 33 37 24 8 27 23 28 14 19 22
12 22 7 21 4 2 9 3 7 7 27 23 18 4 7 17 16 8 1 10
16 47 22 44 35 42 18 40 55 27 54 49 34 17 39 18 44 29 19 40
7 19 4 18 5 8 7 13 12 5 18 14 17 10 10 8 16 6 6 13
1 6 4 11 9 1 7 9 8 1 12 12 10 1 4 6 11 8 6 1
1 10 5 20 2 4 7 17 16 13 27 15 4 8 18 3 14 9 12 4
6 15 3 20 10 9 5 15 10 1 14 15 3 5 13 4 7 5 3 7
20 29 8 43 4 6 12 18 20 14 37 24 32 6 16 30 30 6 4 20
15 24 17 30 28 36 27 22 35 22 37 42 28 17 28 22 35 21 4 20
17 29 8 44 14 22 10 33 24 12 27 29 22 6 20 25 26 10 15 24
11 23 12 34 18 29 26 21 32 26 44 40 32 19 30 17 41 9 10 24
2 12 11 38 10 12 13 36 23 21 31 26 15 17 28 15 20 4 30 16
14 20 4 29 18 13 8 20 8 8 32 26 14 8 21 7 16 13 7 6
11 17 1 25 5 4 2 11 1 1 24 16 8 6 12 7 6 4 3 5
13 15 3 32 17 17 4 23 12 1 17 21 12 5 15 14 13 7 5 3
7 14 13 41 14 16 25 29 27 25 42 36 35 26 33 20 39 3 23 19
15 27 12 44 16 17 13 34 23 14 27 31 8 17 39 10 20 12 23 26
23 50 15 43 11 27 24 23 26 21 47 45 35 24 31 23 38 14 17 45
11 19 1 33 13 13 1 31 13 2 19 18 7 3 19 6 13 9 11 5
14 33 11 38 8 11 14 18 27 12 29 35 28 12 21 21 31 6 11 29
2 15 1 17 3 5 1 12 10 1 19 6 9 3 4 8 11 11 2 2
13 23 17 50 11 31 24 39 33 30 49 31 34 30 39 25 45 10 26 30
5 13 9 18 12 9 15 13 20 10 16 16 14 12 12 13 18 8 8 13
29 57 15 57 9 8 21 32 30 16 55 40 31 15 37 34 34 28 23 38
12 36 8 29 20 22 12 24 36 18 35 12 31 7 7 27 30 27 16 26
13 24 8 30 14 19 9 26 20 6 23 25 18 7 17 18 19 13 8 13
19 39 13 46 27 41 15 37 38 28 54 35 37 16 29 17 44 19 14 33
26 45 4 57 23 33 13 35 24 18 49 43 42 14 26 29 39 8 13 30
29 49 13 51 23 38 21 41 34 18 46 37 42 21 32 30 43 27 25 39
13 22 10 30 10 16 14 20 19 8 19 22 11 17 25 11 14 9 10 22
9 21 8 28 1 17 15 9 13 7 30 14 16 18 18 17 18 6 4 17
5 23 26 47 14 23 28 39 42 32 44 44 30 34 48 18 43 9 36 39
6 16 7 27 6 11 8 21 17 5 15 15 12 7 11 16 12 7 11 12
12 20 1 28 7 9 9 17 14 1 16 19 17 12 17 12 16 3 10 17
15 47 11 46 15 28 16 31 33 12 48 34 24 19 37 18 31 20 16 32
1 1 1 14 3 2 2 11 6 2 9 5 7 1 4 4 10 2 5 1
4 11 1 21 7 3 5 9 9 3 21 17 18 6 6 11 16 3 3 4
17 24 6 31 7 20 14 19 10 4 27 25 24 17 22 15 24 6 8 18
25 47 16 45 16 18 18 25 28 16 50 35 21 17 37 20 24 20 13 30
15 28 4 27 21 13 1 21 15 1 30 24 5 5 18 9 7 21 2 2
7 14 1 21 4 5 2 9 1 1 16 10 6 5 10 7 5 5 1 3
26 39 31 47 17 21 36 31 48 41 63 49 43 24 39 36 53 29 16 35
4 19 7 24 1 15 11 8 13 8 32 15 18 14 14 13 21 5 1 14
39 51 30 60 34 48 21 45 49 37 63 48 47 16 32 43 53 34 24 42
9 37 7 27 14 13 13 15 27 15 38 33 26 12 15 12 25 16 10 25
17 19 14 36 17 24 24 21 22 19 36 32 21 23 35 14 29 9 10 21
1 38 7 29 19 9 11 22 37 19 45 33 21 4 21 12 29 25 17 18
22 31 11 39 27 21 3 35 21 3 32 32 13 14 27 16 18 22 13 14
29 57 22 49 25 37 23 30 50 30 65 45 48 21 36 32 50 25 13 45
1 13 10 30 9 19 13 26 29 24 32 23 29 13 19 17 38 8 19 14
16 35 7 53 12 23 17 30 24 25 58 43 38 22 33 22 40 9 20 23
36 62 12 64 33 40 9 54 40 18 60 37 36 16 36 30 41 39 31 36
12 16 6 37 5 11 18 23 16 12 34 25 25 21 26 17 28 4 20 15
4 9 2 19 1 2 5 5 2 4 18 7 5 8 11 4 5 1 5 6
40 64 24 73 29 31 23 49 45 21 53 51 53 22 38 55 56 33 39 55
1 12 1 17 1 1 1 7 3 1 15 6 5 3 3 9 3 5 1 2
8 39 19 27 18 12 13 21 35 11 36 34 14 16 34 10 21 25 14 29
17 55 18 49 41 35 35 34 59 35 58 45 37 25 50 28 44 46 36 45
11 11 1 20 8 6 6 11 1 1 15 11 8 10 13 4 8 1 6 8
3 8 3 24 6 2 7 20 16 13 26 23 17 7 13 10 20 2 18 4
16 25 15 39 9 23 14 20 26 21 35 21 28 11 14 30 33 8 9 27
6 29 6 32 15 14 12 24 27 21 41 27 26 11 18 11 31 13 16 21
27 47 18 52 27 36 34 22 43 33 59 44 50 22 26 45 53 27 16 41
1 1 8 6 4 9 9 8 13 6 3 12 3 7 11 1 9 1 1 11
9 49 14 46 44 29 24 40 57 31 40 55 48 6 28 36 55 35 33 43
4 22 12 20 9 11 14 13 22 13 33 17 8 15 20 8 16 15 10 15
8 20 1 32 12 5 5 23 17 8 31 23 18 6 15 14 20 11 14 9
16 49 30 35 31 27 34 28 54 26 53 44 32 30 49 20 40 36 26 47
9 50 15 44 40 29 23 39 56 24 45 37 33 8 30 31 40 46 32 35
31 41 15 53 25 13 22 41 34 28 49 53 34 8 35 30 37 24 17 26
15 49 13 46 30 22 25 29 45 36 66 53 39 9 35 27 45 29 25 26
18 29 4 36 17 20 22 17 11 13 42 38 29 15 25 20 28 12 13 17
25 42 37 57 21 37 43 48 50 39 60 62 45 47 63 28 59 25 46 54
16 41 9 46 19 21 20 31 36 32 53 44 41 12 23 26 46 15 23 31
18 39 7 59 36 33 20 43 40 28 58 47 37 15 34 34 46 31 26 18
8 23 6 37 10 12 9 27 24 8 27 22 22 9 16 20 24 9 16 17
1 17 2 16 4 6 4 16 19 1 10 9 9 3 7 6 11 10 6 10
4 8 9 13 11 8 13 11 16 8 12 17 14 10 11 9 18 5 5 10
4 23 6 27 7 16 7 18 22 10 23 19 22 10 11 15 23 3 7 19
6 19 3 21 6 3 4 19 10 4 19 12 3 6 13 5 4 12 14 11
12 36 13 40 23 31 26 30 41 28 45 42 38 21 30 19 44 15 15 35
9 16 2 19 11 10 3 12 6 1 16 14 2 4 14 4 3 11 1 2
1 13 1 17 6 11 4 8 15 6 19 18 22 2 1 12 21 1 1 6
10 17 1 24 16 9 3 12 7 5 26 29 15 1 11 6 13 3 1 2
21 34 25 35 14 28 27 21 43 34 59 46 39 30 38 23 48 16 25 38
10 29 1 38 23 22 10 33 29 15 35 29 28 1 14 24 30 18 16 16
4 10 1 19 6 3 3 16 5 6 17 9 5 4 10 6 9 7 11 4
1 4 1 14 3 3 1 9 4 1 6 6 6 1 2 11 6 3 1 1
1 6 7 9 8 6 13 10 19 8 9 16 9 6 9 5 16 4 5 11
16 43 14 44 24 19 24 29 37 10 33 39 34 15 29 35 38 27 28 37
28 47 7 65 33 29 22 44 38 20 51 55 36 20 42 31 41 25 29 28
22 37 11 50 35 30 9 49 38 14 34 33 27 6 25 26 32 31 27 26
23 50 13 46 47 41 18 37 48 25 56 37 40 6 23 35 44 47 21 24
8 22 6 30 17 16 21 9 23 14 30 25 27 12 13 24 26 14 9 16
8 40 5 35 25 17 24 20 40 25 44 38 26 8 24 26 31 35 32 27
7 34 19 27 21 18 24 20 41 19 35 38 21 19 30 17 29 26 14 32
18 50 1 49 35 35 18 31 34 22 54 49 46 8 21 29 43 22 9 26
5 19 1 31 9 13 1 22 16 7 28 11 12 1 11 16 14 14 9 5
9 23 1 26 23 15 11 14 19 16 32 32 27 7 14 10 26 9 3 14
9 16 5 31 20 16 13 30 24 17 28 33 18 6 24 11 27 11 15 10
30 52 8 63 20 27 14 43 33 15 62 46 33 23 44 26 39 23 22 24
8 15 1 21 3 3 4 8 2 1 21 13 9 9 10 8 7 4 4 8
34 46 27 58 23 37 28 39 46 32 55 55 44 23 44 33 49 18 19 48
19 22 5 39 12 19 12 28 12 8 24 20 13 15 29 12 17 4 14 17
26 59 19 44 33 31 28 35 40 27 66 47 45 26 38 28 41 38 28 38
9 19 11 46 17 23 15 38 31 25 46 38 35 18 29 23 41 11 24 15
4 19 1 13 9 1 3 8 12 1 21 14 8 4 6 8 6 14 3 3
18 37 1 36 24 15 6 21 23 4 43 34 23 4 17 21 24 23 1 5
13 35 7 41 19 5 1 35 20 7 32 39 14 1 26 16 23 19 25 18
4 9 1 16 6 3 1 8 1 1 11 11 1 1 6 4 1 4 1 1
1 9 1 7 1 1 3 1 1 1 9 1 1 6 5 1 1 1 1 6
21 29 2 33 12 12 16 10 8 5 37 35 30 14 17 25 27 11 5 16
1 6 1 13 5 1 3 10 5 4 17 9 2 1 8 1 6 6 6 1
4 15 1 14 1 1 2 9 4 4 22 7 5 1 4 9 5 10 8 2
26 29 10 36 13 21 16 15 8 12 36 35 20 17 27 16 22 6 3 20
22 31 4 42 20 18 15 27 19 18 47 44 30 16 31 16 31 9 15 16
2 11 2 11 1 1 3 3 1 1 16 6 3 2 1 7 1 8 4 1
7 13 1 19 11 6 3 18 11 1 9 15 5 4 11 5 5 7 10 8
29 52 17 62 25 30 25 38 37 36 62 48 50 15 31 41 51 23 14 39
13 34 1 38 5 7 5 23 18 8 36 18 18 8 13 22 18 16 15 16
13 20 6 30 1 1 8 7 6 14 34 21 17 5 14 16 21 1 7 12
7 21 13 16 11 18 23 8 24 19 34 28 25 20 19 9 30 10 6 22
34 46 25 58 32 41 29 42 52 34 59 54 44 21 42 35 50 25 23 45
28 63 27 59 33 28 41 34 50 34 64 61 45 27 48 45 55 39 41 57
9 19 1 25 15 12 3 18 14 1 23 18 11 1 11 10 11 14 1 1
4 11 6 17 8 7 8 9 11 4 17 15 11 5 8 11 12 9 3 5
1 20 3 31 4 1 4 28 21 11 26 17 10 8 19 7 17 14 24 11
9 19 3 26 6 11 13 15 17 1 17 20 16 14 20 9 18 5 8 20
6 12 6 15 6 7 10 5 10 7 20 15 16 11 10 7 16 3 4 10
15 38 22 38 27 32 21 33 42 29 49 48 25 21 41 9 37 22 21 35
24 50 24 53 12 30 28 29 44 25 57 43 40 27 39 34 48 22 22 50
8 18 16 43 22 32 22 36 40 35 44 45 37 20 33 17 49 5 18 23
11 16 4 24 15 10 8 17 12 3 16 22 9 6 14 9 9 3 6 8
11 19 8 33 12 22 10 24 20 7 26 26 15 10 21 14 19 4 4 13
1 8 1 18 1 3 1 11 7 4 18 6 8 1 4 11 10 8 7 1
14 46 18 53 39 21 18 47 50 24 41 54 41 8 31 33 47 27 27 37
11 16 4 25 23 13 14 18 16 12 22 25 17 6 15 14 18 13 10 7
1 14 1 10 4 3 1 11 6 6 21 12 7 1 3 1 9 6 5 3
1 15 8 22 14 2 6 20 20 1 9 23 8 2 14 10 14 11 16 16
19 28 22 27 29 41 27 20 36 33 46 50 36 24 35 16 41 11 9 33
13 29 4 49 16 14 4 38 25 10 26 31 21 2 21 24 27 11 22 20
7 16 12 20 20 23 28 8 28 22 32 34 25 17 24 11 30 10 8 24
8 17 4 19 5 5 7 11 6 5 24 8 5 10 15 3 4 11 7 8
2 12 5 14 4 4 8 14 15 6 12 9 5 8 13 1 9 5 13 13
9 30 9 44 10 7 8 34 26 18 37 37 25 10 24 21 32 15 29 20
1 21 6 10 9 1 5 1 14 4 27 14 11 4 7 8 10 18 4 1
4 10 5 11 6 5 6 12 10 3 5 9 3 7 10 2 4 4 6 10
1 4 2 16 5 3 4 8 4 3 13 11 3 2 8 4 5 1 3 1
2 12 4 20 2 9 5 18 15 4 13 4 11 6 7 11 12 4 10 10
5 14 1 27 3 4 3 17 11 4 19 9 13 6 9 13 12 1 10 7
5 18 1 28 3 3 2 19 14 5 20 12 11 6 12 12 11 7 15 11
6 28 1 22 6 1 5 9 18 1 31 20 19 4 5 14 16 15 5 9
1 16 1 9 8 2 7 2 14 4 23 12 14 2 1 8 15 15 1 2
3 12 7 19 2 9 8 10 10 5 15 9 9 8 7 14 11 6 4 7
17 34 10 33 6 16 21 16 19 6 37 27 26 21 21 22 26 15 13 24
1 10 1 9 1 1 1 6 5 3 14 9 8 3 1 7 9 7 5 4
1 8 3 22 2 3 4 21 12 10 17 10 3 5 15 4 11 5 15 7
18 38 9 34 23 35 22 23 26 21 45 46 29 22 35 9 32 9 5 32
29 52 19 57 19 29 20 31 41 31 68 38 44 16 33 37 51 26 16 36
14 20 2 37 2 8 10 17 5 8 35 23 17 16 24 14 19 3 13 11
1 3 4 9 1 6 5 9 9 2 2 1 4 3 3 7 7 1 4 6
29 38 14 49 21 29 16 31 28 18 39 37 31 14 27 32 35 15 9 27
4 24 15 22 18 7 10 23 27 5 13 25 7 8 23 8 16 20 18 23
24 34 12 52 17 25 12 36 24 18 50 39 24 21 37 20 34 16 15 16
25 49 12 54 22 23 27 32 39 23 55 47 33 21 38 30 40 26 22 34
37 54 25 75 27 25 25 50 43 24 49 58 38 22 55 41 50 21 34 47
40 59 31 66 51 42 26 56 54 13 48 61 40 33 57 41 51 44 32 48
27 42 19 31 18 37 28 24 26 18 49 45 29 31 42 12 34 21 10 32
20 33 17 37 26 35 36 18 38 26 42 46 37 26 34 27 40 16 11 35
2 10 2 21 1 4 3 14 7 6 20 5 7 4 8 10 11 8 9 2
5 31 14 24 13 20 17 18 37 14 36 19 22 15 17 21 26 22 9 21
17 30 14 37 6 19 23 19 23 17 40 34 24 25 32 17 28 7 17 33
26 41 23 58 23 31 23 39 43 34 53 59 38 25 48 22 49 11 24 43
4 14 1 19 8 5 2 8 7 6 23 17 13 4 7 6 14 6 4 5
2 7 4 11 3 3 5 7 5 2 8 9 3 6 7 5 5 1 2 6
6 34 6 26 19 23 12 26 39 20 35 24 34 5 8 20 36 25 16 25
5 36 1 37 17 16 3 29 29 10 35 31 23 3 15 11 23 15 12 19
1 6 1 13 4 7 3 12 14 1 8 5 13 1 1 9 14 1 3 5
24 33 5 51 15 27 12 41 22 15 39 27 33 16 28 25 37 11 26 26
21 53 10 53 25 24 23 33 40 24 60 54 37 20 39 25 45 26 24 35
21 45 17 53 44 46 32 42 58 36 46 47 43 16 33 40 51 39 36 45
22 59 3 62 37 30 21 36 46 27 59 56 47 12 32 42 50 38 33 37
19 33 4 48 22 22 15 38 28 14 42 35 25 15 33 18 30 18 18 17
6 19 1 34 9 13 2 31 21 14 29 10 19 5 11 18 26 11 21 14
13 46 21 66 24 25 22 52 54 31 61 51 45 24 43 38 57 28 41 41
8 11 1 21 11 6 4 16 11 1 13 14 9 6 10 9 10 5 7 7
3 40 12 36 30 24 22 28 45 26 35 47 34 11 23 24 42 22 21 35
6 21 9 27 9 15 11 20 24 7 26 30 15 9 19 10 20 10 8 16
1 3 3 6 1 2 4 6 2 3 10 4 1 3 5 1 5 2 3 3
8 12 2 35 6 7 6 20 12 10 28 22 20 12 20 12 23 1 12 7
13 22 16 22 5 21 25 14 25 20 39 24 19 27 32 5 27 7 14 29
19 32 7 32 3 12 15 15 7 2 29 23 20 18 19 21 16 10 12 22
1 7 9 7 6 8 10 5 10 7 8 9 6 8 8 5 10 8 4 8
7 13 6 24 10 15 10 18 20 5 14 14 15 11 15 12 18 2 3 15
6 18 7 14 1 6 8 9 9 5 18 10 8 8 7 11 8 8 8 10
11 32 9 45 29 30 26 32 40 30 50 44 31 14 32 26 41 27 23 18
4 28 1 29 21 13 20 19 32 23 35 31 22 5 18 20 26 26 29 20
12 43 18 45 32 37 20 38 54 32 46 49 45 13 25 31 53 25 20 41
19 54 19 40 14 21 21 25 34 18 56 39 26 24 39 21 33 27 25 39
43 55 18 78 35 41 26 56 43 25 72 64 56 33 49 48 62 25 28 36
24 35 14 51 22 32 9 38 28 15 46 40 27 19 34 24 38 15 11 21
3 8 1 17 4 1 2 16 4 4 13 9 2 1 7 6 4 2 11 4
1 22 8 19 13 6 12 16 22 7 21 24 13 8 14 9 15 17 13 16
13 49 8 49 18 34 20 36 40 24 51 35 38 21 30 23 42 21 23 42
1 5 1 7 8 1 4 3 7 2 10 11 7 1 2 6 8 8 1 1
1 6 6 13 8 6 9 6 11 4 14 14 13 5 5 11 14 8 4 5
3 21 1 21 15 8 3 21 20 9 21 26 17 1 10 3 18 12 14 15
1 9 3 5 1 2 5 2 7 1 10 3 3 7 6 1 3 3 1 7
13 22 1 33 23 22 5 31 21 12 25 32 23 1 15 12 24 6 11 13
7 11 4 14 7 4 10 9 9 5 17 10 11 10 11 4 9 4 8 9
18 29 3 41 15 21 8 27 18 7 32 32 23 11 24 14 24 4 8 15
17 30 16 40 11 25 18 24 31 19 33 33 28 13 23 27 32 8 8 29
16 42 8 47 25 26 17 33 37 19 43 42 37 13 25 27 37 20 17 29
4 9 1 16 7 1 1 10 7 1 8 13 7 2 5 8 5 1 2 3
3 12 2 11 5 4 3 13 7 4 17 14 8 1 4 4 8 7 8 6
1 24 1 19 5 4 4 16 18 1 20 14 9 5 8 11 10 18 11 11
3 8 4 12 12 9 12 8 15 8 13 20 14 7 11 7 19 4 1 7
1 9 3 10 4 1 4 10 5 1 11 6 3 1 3 5 4 8 7 4
1 7 1 8 1 1 1 2 1 1 7 1 2 4 3 3 1 2 1 3
7 27 1 23 1 3 6 12 10 1 29 14 10 9 14 7 9 10 12 14
5 13 4 10 4 4 8 8 11 2 9 8 7 10 10 1 6 3 5 13
29 40 12 51 20 28 20 39 20 9 39 37 22 24 41 19 25 21 23 28
14 22 5 30 14 14 6 20 7 4 28 25 13 6 16 13 12 13 5 4
15 45 3 44 41 35 25 31 47 30 40 52 44 11 26 29 45 30 25 33
1 5 8 6 1 8 10 3 11 8 17 14 8 9 8 1 14 1 2 8
11 18 12 37 1 16 21 19 21 20 40 32 23 27 33 15 30 1 17 23
8 13 1 18 9 2 7 6 11 6 18 21 20 1 1 20 18 7 1 5
10 33 8 32 25 3 6 26 25 4 25 40 18 1 19 19 23 23 17 16
19 32 3 50 25 27 24 27 25 22 50 46 35 17 35 25 39 16 18 19
15 30 10 31 1 18 18 15 10 15 44 24 21 21 26 15 27 13 16 21
27 46 32 51 24 28 35 33 55 33 58 54 42 26 43 35 50 26 23 47
26 31 28 42 27 44 22 39 43 36 47 31 38 24 31 25 47 19 26 41
6 30 13 34 25 37 22 22 44 37 49 30 43 11 14 28 52 21 18 32
5 7 7 16 8 6 8 12 8 7 11 10 6 9 12 5 9 4 8 7
20 41 7 49 27 35 14 34 32 24 44 36 40 15 24 27 39 15 13 30
20 35 10 47 9 14 17 25 25 21 52 35 31 21 30 23 36 15 17 21
32 53 18 62 31 40 23 45 45 26 58 43 41 22 37 36 45 31 26 42
12 30 16 33 12 11 15 21 27 11 28 30 16 17 26 16 22 14 20 30
1 1 5 10 4 6 8 11 12 13 17 17 10 5 12 1 19 1 8 5
1 4 1 8 1 1 1 1 1 1 8 1 1 1 1 1 1 2 1 1
14 51 12 39 25 28 16 35 33 26 58 30 30 21 40 9 28 24 25 36
22 58 13 54 43 22 12 46 44 21 56 55 30 10 39 22 41 40 28 32
10 27 11 36 23 20 24 23 34 28 49 37 27 18 29 19 37 25 20 19
7 13 1 25 12 11 3 20 15 2 17 17 18 4 9 12 19 4 5 7
31 44 19 72 31 43 13 58 42 36 65 49 47 20 36 42 56 22 33 32
2 12 1 29 7 7 2 20 10 15 28 24 15 5 14 6 20 1 12 5
16 34 13 35 2 13 15 16 23 14 36 18 24 10 14 29 26 14 6 23
7 17 15 28 14 21 13 26 28 10 12 31 11 11 28 11 19 7 10 23
14 14 14 28 13 23 16 16 20 12 22 29 18 18 26 13 22 2 1 16
14 26 3 37 8 17 9 19 9 5 35 21 23 12 17 20 21 10 6 13
21 50 13 60 34 31 29 46 50 40 61 58 48 27 43 28 53 26 34 40
16 31 9 42 17 19 12 29 23 17 32 35 23 15 29 13 26 8 18 25
18 48 4 42 28 19 10 30 33 11 51 40 28 8 27 17 26 28 12 16
1 5 3 8 4 3 4 8 6 1 5 10 3 3 5 3 4 1 2 5
7 26 1 23 9 2 4 16 17 1 24 17 8 7 14 3 5 16 11 14
28 42 22 63 25 36 16 49 42 19 51 52 31 28 50 26 44 20 21 36
25 43 12 48 42 41 21 37 44 29 42 34 42 10 22 38 43 32 25 34
7 26 2 39 14 12 7 31 29 12 43 26 23 9 22 16 27 16 16 9
1 26 9 18 15 15 13 13 32 17 40 24 23 5 12 14 29 19 5 11
18 52 12 50 37 24 19 40 42 22 47 51 34 17 35 22 39 32 28 39
8 8 3 20 9 5 4 8 5 1 11 13 7 7 11 8 6 3 2 5
23 49 14 45 34 28 8 42 41 6 45 35 25 16 35 20 29 37 15 24
1 5 1 14 1 2 2 9 2 4 13 7 8 2 3 6 11 1 5 1
1 1 6 6 1 6 7 3 6 5 7 6 5 5 5 3 12 1 1 5
33 35 25 44 24 37 20 31 26 14 44 42 22 34 45 20 28 16 9 31
1 12 10 12 1 11 12 6 15 8 21 8 9 15 14 2 14 5 2 15
5 10 1 14 6 1 4 6 7 1 13 14 12 1 1 13 11 7 1 1
13 20 8 21 21 17 8 21 18 3 17 24 7 10 20 5 15 14 1 9
12 17 13 28 9 15 14 15 11 13 28 20 9 17 23 12 14 9 8 15
13 34 15 33 16 30 21 19 38 25 52 32 40 20 20 24 43 19 9 30
24 48 12 52 21 29 35 25 31 23 54 54 39 23 37 34 43 25 26 42
6 32 4 38 18 20 7 37 31 19 36 31 24 4 21 9 30 16 20 20
27 58 16 51 35 22 14 38 39 10 48 44 28 16 42 25 27 37 20 32
32 47 28 50 11 28 38 25 45 28 58 52 49 30 42 35 52 17 14 51
15 30 2 39 15 8 14 21 20 21 49 40 32 10 20 20 34 12 15 14
5 43 8 45 24 14 10 36 42 15 43 32 29 2 19 32 38 33 29 27
3 7 1 16 4 3 1 6 8 1 8 6 11 5 5 7 9 1 1 3
11 47 20 53 31 26 12 57 49 27 51 26 30 20 46 15 30 37 40 28
11 26 1 31 12 9 2 17 15 11 28 32 24 2 6 15 23 1 8 16
13 28 11 52 9 22 23 31 31 19 54 35 36 26 34 29 38 12 22 21
21 50 14 46 26 25 22 35 34 10 43 47 28 19 39 22 36 30 22 33
7 15 10 41 8 17 12 30 25 18 37 32 24 13 26 20 31 7 17 9
24 36 6 43 15 19 13 27 12 1 29 39 21 16 32 16 19 11 15 24
20 29 17 25 21 28 19 13 27 18 46 43 24 20 32 10 30 15 1 19
16 42 4 45 22 25 20 15 35 28 53 37 50 6 10 39 47 17 14 30
23 33 23 45 25 42 40 28 45 37 68 52 50 36 45 32 60 20 23 39
27 58 5 56 46 45 24 37 46 31 62 51 50 15 28 37 51 38 23 35
11 28 2 27 10 4 13 9 14 9 36 23 20 8 11 17 18 13 5 13
25 50 20 49 43 52 32 34 56 31 61 55 44 27 40 38 54 40 16 39
7 18 6 34 15 8 4 30 21 4 13 24 12 1 17 16 14 12 19 14
34 62 8 61 42 45 27 39 45 27 61 44 51 17 29 48 47 40 29 40
6 16 6 22 9 7 7 21 13 5 13 15 6 7 15 5 7 11 15 13
1 7 3 9 3 3 4 7 5 4 14 10 10 1 1 6 11 6 6 3
17 27 8 37 22 21 20 18 25 17 36 40 35 5 14 31 36 13 7 16
13 29 7 31 28 29 29 12 34 24 35 34 28 18 26 24 34 26 13 24
14 36 1 42 25 20 9 29 25 19 45 42 34 2 15 22 36 12 11 16
6 8 1 20 5 3 3 10 2 1 17 12 9 6 12 2 9 1 2 4
2 28 17 33 13 20 13 33 35 15 25 21 14 12 25 16 27 22 22 30
3 25 3 39 2 9 6 33 27 14 34 14 19 12 21 15 22 14 25 17
11 20 7 30 9 14 9 22 10 11 31 21 3 12 27 4 13 7 10 13
13 31 12 30 7 11 11 11 23 10 36 22 18 8 19 21 22 13 1 16
19 33 23 57 27 45 40 41 50 42 63 51 48 36 49 34 58 21 28 38
3 8 6 11 4 5 7 7 5 4 10 6 2 8 9 5 6 5 2 7
4 24 6 23 5 14 10 17 21 19 35 22 17 14 20 1 25 5 13 22
1 26 1 22 6 12 1 20 22 7 23 16 21 1 3 17 21 15 11 15
12 32 5 37 14 7 14 22 29 24 42 42 34 3 15 26 38 12 19 20
15 27 3 41 9 7 13 23 19 13 42 29 27 16 22 20 28 10 18 15
29 44 27 69 26 47 26 50 53 52 70 56 56 25 42 39 67 12 29 47
1 5 7 15 4 6 8 11 6 7 11 5 3 7 9 7 7 4 8 7
17 19 6 24 13 3 14 9 15 12 23 32 23 1 10 22 20 7 1 10
3 37 19 28 29 25 15 28 41 25 48 25 29 16 28 8 28 27 16 25
24 46 16 44 26 39 28 35 35 26 59 54 33 28 45 12 44 21 17 35
9 33 1 30 3 1 3 15 15 9 34 28 17 1 10 14 17 11 11 16
5 15 8 17 1 7 10 6 9 6 19 8 7 13 12 9 8 7 4 12
5 34 10 21 28 18 19 16 35 17 34 30 19 4 21 17 19 29 12 19
6 10 1 18 1 5 1 12 8 4 13 5 9 8 8 9 8 5 8 7
30 45 19 65 31 35 20 48 49 42 61 49 54 16 30 42 61 19 32 36
15 29 3 25 16 12 15 15 18 4 29 22 17 13 20 11 15 16 6 14
6 16 3 18 11 8 12 3 13 12 26 30 23 3 5 16 25 5 1 9
16 25 11 32 12 20 14 20 12 17 37 28 15 17 28 9 21 7 10 18
14 35 18 47 22 31 14 42 39 26 56 35 24 22 44 16 38 25 20 18
4 10 5 17 1 4 6 14 7 6 14 5 6 7 9 8 10 1 12 8
8 20 13 32 5 14 19 22 25 21 38 23 18 25 31 10 27 11 18 19
3 15 1 16 5 1 1 15 7 1 9 9 1 2 10 1 1 8 9 9
6 19 1 24 6 2 5 10 13 6 27 18 20 1 2 20 19 8 5 5
22 44 21 44 45 53 36 40 56 40 53 63 46 26 40 25 57 28 18 41
33 60 20 66 41 37 31 44 46 18 52 65 45 23 48 44 52 36 31 45
16 27 12 32 5 3 16 14 17 17 41 28 22 7 19 19 26 12 7 17
1 12 1 19 5 1 1 16 11 1 11 15 4 1 8 5 5 7 13 9
10 26 11 20 2 17 19 6 16 12 39 20 18 22 25 7 24 12 7 20
7 27 6 47 8 18 8 40 30 22 42 23 26 14 25 21 33 14 28 22
31 39 10 46 16 25 17 27 7 5 42 32 19 22 33 21 18 18 13 19
1 2 5 12 1 4 6 8 3 6 10 7 1 5 9 3 4 1 4 4
16 40 13 70 26 38 23 54 46 31 58 56 48 27 46 30 51 9 34 39
23 25 26 24 18 37 38 13 36 27 48 44 44 37 37 23 49 10 15 39
13 36 9 27 15 21 26 15 25 17 50 34 27 20 27 16 32 21 13 24
12 48 30 44 31 29 21 40 58 34 57 48 32 23 50 14 49 30 29 47
1 4 1 11 5 1 2 9 4 1 9 8 2 2 5 1 1 1 4 2
17 37 26 31 31 29 24 20 41 26 54 38 31 24 38 17 30 27 10 26
12 30 18 39 12 29 16 32 35 26 42 19 28 17 21 27 36 19 24 31
3 3 3 8 10 3 7 6 7 3 11 16 11 2 5 3 11 5 3 2
27 52 8 50 31 27 30 25 43 32 55 56 54 5 23 48 53 32 14 33
4 13 7 24 5 9 8 21 15 7 12 8 8 9 13 11 11 6 14 13
1 2 1 5 1 1 1 7 3 1 3 1 1 1 1 1 1 1 6 1
9 17 4 22 6 3 7 11 7 6 28 18 16 9 11 10 14 5 9 8
9 22 14 37 9 13 16 29 27 22 36 29 15 22 32 12 23 11 24 21
8 39 13 45 26 12 9 42 43 23 51 32 26 17 39 15 23 31 33 22
5 15 1 22 9 7 5 15 14 1 21 15 15 1 5 16 13 12 6 1
7 21 7 29 23 17 22 16 23 21 31 29 21 9 19 20 23 15 17 16
5 14 2 15 1 5 8 3 4 1 18 10 7 11 11 4 7 3 1 10
3 43 20 30 16 17 11 28 41 14 38 24 18 14 31 13 28 28 20 33
7 13 3 20 2 12 10 5 8 5 18 16 17 13 14 7 19 1 1 13
12 35 7 46 17 15 11 37 29 20 40 41 26 17 35 10 33 13 29 29
15 22 2 31 3 10 9 12 7 1 27 20 22 14 13 20 19 4 8 13
8 11 3 16 9 6 4 13 4 1 12 13 6 5 10 6 8 6 4 5
12 25 10 27 15 11 16 15 20 13 36 26 17 14 19 15 20 17 9 13
1 1 1 6 2 1 4 3 5 1 6 6 3 1 1 3 3 1 2 1
1 5 7 11 3 8 8 9 10 5 6 8 6 8 9 6 11 3 1 7
2 8 5 19 1 7 6 8 10 3 11 11 9 7 7 12 11 1 1 6
31 64 20 48 26 29 42 19 41 28 67 50 47 26 36 43 44 37 25 44
21 48 9 46 18 29 18 29 36 23 58 28 45 16 18 35 46 24 22 32
6 31 8 25 24 17 12 23 28 13 26 39 16 5 21 9 24 19 10 20
25 43 6 53 27 29 20 30 33 25 52 48 51 18 23 34 48 14 13 32
21 25 4 35 11 9 7 17 4 5 29 25 14 8 17 15 11 6 6 12
23 48 8 63 34 45 37 34 49 41 67 60 57 29 42 40 63 23 31 42
1 8 13 10 9 14 19 10 25 14 19 21 16 12 14 10 22 9 2 15
6 19 6 22 12 4 4 22 15 1 9 16 1 6 16 7 6 12 17 16
27 32 35 49 31 28 29 43 47 34 43 51 28 34 61 19 45 20 39 48
7 42 13 35 20 11 16 30 39 17 44 27 21 18 39 11 26 29 27 29
23 57 7 61 40 40 20 44 48 30 55 57 49 11 30 34 51 26 21 42
13 24 8 37 19 22 18 25 27 18 35 20 28 15 20 24 32 17 13 20
2 19 1 29 8 9 5 22 25 13 38 15 23 6 11 15 29 17 15 6
13 28 8 36 17 20 13 20 27 14 37 23 28 10 12 28 30 19 10 18
10 29 1 37 21 19 7 23 23 13 37 36 33 4 12 19 32 7 4 14
1 14 3 22 1 7 4 14 11 1 15 5 7 6 6 12 8 2 5 9
15 25 6 25 18 15 10 18 13 8 30 29 18 11 19 8 15 10 7 13
1 19 3 37 4 5 4 33 23 11 28 20 14 7 19 13 22 11 24 11
14 22 1 29 9 10 2 11 4 5 29 26 18 7 12 10 15 2 2 10
6 29 24 9 15 20 19 11 33 22 41 22 21 22 28 5 23 23 9 24
4 13 1 13 7 1 3 10 10 1 12 13 8 5 5 8 5 4 6 7
9 45 9 35 34 16 13 30 37 13 42 37 21 2 26 18 19 36 21 20
23 38 9 37 18 11 20 19 25 16 36 44 32 10 23 23 28 13 9 26
12 18 2 32 20 18 6 23 17 5 22 21 18 4 13 18 18 12 5 7
7 16 1 22 5 7 9 9 10 1 23 12 18 9 9 11 17 7 3 7
14 33 3 38 9 7 7 24 12 7 34 27 16 11 24 13 18 13 19 20
14 29 21 30 30 34 21 28 45 26 49 31 33 15 31 19 38 28 13 26
10 14 10 32 22 23 19 29 29 23 34 36 19 14 31 10 32 15 13 9
12 50 2 47 44 38 21 35 47 31 62 48 41 4 31 25 47 36 20 24
9 16 1 22 8 10 5 15 8 5 18 18 12 8 16 1 13 1 6 12
1 6 1 14 12 2 8 11 10 7 14 14 10 1 5 8 12 5 6 1
26 38 15 38 21 31 19 26 24 9 40 28 14 26 39 15 23 23 7 22
1 14 5 27 7 10 6 24 17 7 20 12 15 5 9 16 19 7 14 10
3 10 2 13 5 3 3 7 4 3 18 14 9 5 6 3 9 4 3 4
11 28 8 37 17 25 13 22 21 23 41 39 27 10 22 15 34 7 7 21
43 61 24 70 24 32 32 45 38 28 61 59 45 25 50 40 47 28 16 45
10 14 15 20 11 21 16 24 21 18 26 27 8 14 31 1 19 8 13 21
12 41 3 28 23 11 10 18 28 11 42 39 26 1 14 19 25 25 10 14
6 10 17 18 6 19 19 13 25 16 26 20 20 20 20 10 27 5 8 20
2 6 8 16 4 8 9 7 10 6 12 15 9 9 10 10 13 1 1 7
21 49 13 59 17 28 15 41 41 30 58 43 35 17 34 29 45 22 26 37
5 12 3 14 3 2 5 5 6 1 11 10 7 8 8 6 4 1 1 8
1 7 11 2 1 10 12 3 13 9 14 10 4 10 10 3 9 8 1 11
25 40 24 46 29 34 37 28 49 45 60 66 50 15 36 30 58 15 16 44
23 47 10 46 26 25 30 17 39 27 53 48 45 11 24 41 46 28 11 29
14 35 5 46 15 22 7 30 23 19 49 27 29 10 20 22 32 16 14 18
19 35 4 40 22 22 8 33 25 1 33 30 21 12 25 14 24 21 8 17
24 44 31 33 22 26 36 16 51 39 67 54 48 22 32 29 53 22 10 41
18 37 14 36 10 19 19 29 23 14 44 27 16 23 40 10 23 21 23 27
15 29 8 29 14 12 18 10 25 20 39 37 39 4 7 32 38 14 6 16
24 45 9 60 22 27 10 46 32 18 44 29 27 13 32 28 30 24 29 31
4 9 1 11 2 1 3 1 3 1 13 5 5 6 5 3 2 4 2 4
1 11 1 19 5 1 2 9 7 5 25 16 14 2 5 8 16 5 4 1
8 14 3 27 9 4 6 20 11 5 17 14 8 8 17 6 9 4 14 12
16 40 19 51 22 41 30 40 53 39 56 49 45 32 46 20 56 15 27 50
3 16 1 15 10 5 8 11 15 15 31 20 18 5 10 7 22 9 10 7
9 28 2 41 10 8 1 30 15 1 22 21 9 2 19 16 13 11 15 14
4 18 9 23 5 13 13 16 25 8 26 23 21 8 10 18 26 9 9 16
4 12 1 20 7 9 2 21 13 2 13 9 11 1 6 11 11 8 8 6
4 8 1 13 8 4 1 14 4 1 7 11 1 1 6 1 1 1 4 2
23 39 11 52 39 37 14 52 40 22 41 50 34 15 37 19 42 22 23 29
3 12 8 6 7 7 12 6 14 7 15 11 9 10 9 5 12 10 4 10
30 64 14 60 36 36 33 34 43 34 79 60 52 23 47 38 54 36 30 38
2 32 9 33 22 23 21 29 40 33 47 43 28 15 30 8 40 16 20 30
29 54 7 56 25 19 23 30 36 28 67 54 45 6 30 35 47 27 12 26
14 29 2 36 22 20 17 16 22 10 32 31 30 8 15 27 26 16 5 14
29 51 29 67 32 8 27 53 54 33 53 59 45 14 44 47 54 36 40 41
30 32 18 55 17 26 31 30 29 29 53 52 35 30 46 26 43 6 20 31
3 12 1 19 1 3 2 10 7 1 9 2 7 5 5 8 6 1 3 8
36 69 20 70 36 38 24 53 50 25 75 52 44 27 53 38 47 40 30 40
4 18 1 13 1 1 1 3 2 1 16 8 5 1 1 9 4 4 1 6
11 32 5 43 18 15 1 34 26 15 44 20 19 7 25 20 22 22 18 9
1 1 1 8 1 1 1 5 1 1 5 6 5 1 1 4 6 2 1 1
11 50 13 48 33 26 29 31 52 31 50 47 37 18 38 30 50 40 37 41
1 2 1 16 3 4 2 7 2 1 5 7 3 1 4 8 4 1 1 1
1 4 7 14 1 6 8 6 7 7 13 6 2 9 10 6 8 1 4 7
19 38 23 47 12 27 30 29 37 16 42 45 35 29 39 30 43 17 23 42
11 32 14 44 9 14 18 34 31 19 36 27 19 24 37 16 29 19 30 29
8 41 17 28 14 22 15 21 31 13 43 10 27 22 28 15 21 25 14 27
1 12 5 11 3 4 6 11 10 3 8 9 3 5 6 6 1 7 8 10
2 2 5 12 6 6 6 11 10 3 4 8 6 4 7 6 8 2 4 6
2 19 17 36 9 19 22 27 35 29 50 37 30 22 28 20 40 14 21 16
17 38 14 38 15 20 25 13 32 25 51 41 42 14 18 32 44 15 5 27
3 12 13 20 2 14 14 12 17 13 28 19 13 15 18 9 19 5 5 15
3 8 2 31 7 4 8 26 21 14 27 22 21 12 20 10 25 1 18 8
1 27 2 33 20 6 14 27 33 20 37 38 23 4 20 17 30 23 30 17
2 5 5 19 5 7 6 10 10 3 9 9 8 7 8 10 10 1 3 5
9 34 11 27 16 19 18 20 35 12 35 17 24 17 20 18 26 23 10 23
12 36 15 37 24 13 15 33 37 17 38 29 13 16 39 8 22 28 25 25
21 38 7 41 11 17 16 18 22 10 41 26 35 14 14 32 32 15 9 25
2 23 1 14 8 1 5 9 19 2 26 13 15 4 5 7 14 16 5 7
3 6 4 15 7 3 6 7 6 3 13 10 5 6 8 5 5 4 5 4
1 11 3 8 1 2 4 8 8 1 8 5 2 5 7 1 4 5 7 10
1 2 1 11 5 1 2 9 6 4 14 10 6 1 3 4 9 3 7 1
3 8 7 20 4 7 10 13 14 8 17 12 8 12 16 5 15 1 7 13
1 7 1 11 1 3 2 8 8 1 3 1 4 4 3 4 4 1 3 6
31 56 13 49 28 17 8 31 32 8 53 48 25 12 34 22 27 30 11 24
23 33 11 41 7 18 16 17 17 11 34 27 24 13 23 26 25 9 1 22
1 7 5 9 1 7 6 8 13 3 6 5 7 5 4 8 10 4 2 7
4 44 8 50 29 21 17 34 47 26 46 48 39 5 25 33 49 26 33 32
1 10 1 19 1 1 1 11 5 4 24 10 6 3 9 2 11 5 8 1
4 29 6 22 8 12 3 14 23 7 34 7 19 2 7 20 20 20 6 12
5 24 10 31 13 13 17 25 32 19 36 29 18 11 21 17 27 18 17 15
8 37 18 45 22 24 19 42 51 26 44 34 26 19 36 20 41 30 30 34
23 52 17 65 27 43 35 49 52 42 69 56 59 32 41 41 66 26 38 47
9 16 7 24 11 15 8 22 12 5 13 20 1 7 20 4 4 6 9 13
8 31 18 25 23 30 30 14 38 34 51 46 39 17 18 22 44 20 13 30
22 47 19 50 27 19 24 28 40 23 43 56 36 15 34 30 44 19 19 40
1 18 1 12 4 4 1 5 11 6 27 12 11 1 2 6 12 12 3 3
1 11 1 15 2 1 2 14 10 1 10 6 5 2 5 3 6 6 10 6
16 21 22 26 23 30 27 24 41 24 42 40 28 22 33 15 36 17 16 27
5 6 2 15 9 5 3 14 5 1 7 11 3 3 9 2 3 1 6 3
30 31 29 43 16 36 37 28 31 30 56 48 37 40 49 24 45 12 27 42
16 19 4 47 10 17 14 33 20 13 37 33 29 20 31 20 33 1 21 15
1 2 6 11 3 6 8 10 12 6 10 10 9 5 7 5 15 1 6 7
8 8 11 17 3 12 13 6 10 11 21 23 11 10 14 10 14 1 1 14
13 17 3 36 8 9 4 24 10 11 25 24 10 8 22 11 16 1 13 9
31 37 11 63 11 25 21 39 15 20 55 43 35 27 41 33 37 13 26 24
16 43 13 39 22 23 18 27 30 14 55 31 36 19 32 23 30 25 15 22
3 7 1 13 3 1 1 10 4 1 5 4 2 3 5 4 3 1 3 4
17 28 17 43 14 29 22 29 37 25 47 32 32 24 33 21 40 10 18 33
3 12 11 37 11 16 17 35 34 21 27 31 18 17 32 10 30 7 23 18
11 15 1 25 13 10 1 23 6 1 14 16 1 3 15 3 4 6 7 3
15 26 1 29 6 5 5 12 7 1 26 20 15 8 12 14 12 7 4 12
1 10 1 17 1 1 1 11 4 1 11 8 3 1 1 7 1 2 6 2
7 19 8 38 3 16 9 27 23 15 34 22 16 15 25 14 24 4 13 16
4 9 11 14 6 10 15 4 14 9 20 15 10 16 17 3 15 5 1 14
5 34 1 42 17 13 17 25 36 22 44 37 33 4 17 29 36 24 27 19
12 20 1 30 15 10 6 15 13 6 29 28 24 6 12 16 21 8 3 5
13 17 14 25 7 20 18 8 14 15 30 30 20 21 25 11 23 3 2 20
18 39 16 46 22 37 15 44 40 27 48 33 26 16 36 17 38 26 24 33
13 40 12 31 25 26 26 19 39 17 44 29 29 18 28 23 31 27 11 27
2 26 13 21 17 11 11 23 31 14 35 20 15 9 24 6 20 22 15 16
2 15 1 18 1 1 1 9 7 1 12 12 5 2 5 7 4 4 6 7
30 50 14 56 29 38 18 43 35 8 45 52 38 25 41 30 42 23 15 35
4 31 1 26 18 7 7 23 28 15 39 31 19 1 16 11 23 23 18 13
6 15 6 30 13 12 13 20 20 14 30 27 23 7 15 19 29 8 9 6
9 17 3 16 6 6 11 4 6 1 23 13 13 12 11 6 11 9 3 10
1 5 1 10 1 1 1 9 7 1 3 3 4 1 1 5 4 1 3 2
1 33 10 25 13 13 8 23 34 16 45 18 24 7 18 14 26 21 14 15
29 51 22 50 41 36 16 48 49 7 45 47 30 22 40 32 34 43 19 29
5 28 13 29 6 11 13 22 25 15 34 23 8 16 27 7 16 17 19 24
15 35 8 48 25 20 19 34 39 32 48 53 41 8 24 27 46 16 24 28
1 7 14 17 7 13 15 16 18 16 18 17 8 13 18 8 17 4 13 16
1 11 11 11 4 12 12 8 14 11 20 16 11 10 11 9 18 11 1 10
28 29 26 48 31 47 19 45 43 34 49 34 30 21 37 25 44 22 24 33
16 42 12 41 19 10 12 27 27 4 33 37 24 14 28 23 27 24 19 28
16 48 9 36 28 23 17 24 36 15 49 40 30 10 29 20 29 29 9 22
