1000 20 11 2684
3 7 6 1 6 14 2 10 20 9 15
3 3 2 3 18 9 5 9 6 6 6
1 2 5 7 5 7 6 5 0 10 6
8 11 4 16 12 7 11 8 17 7 7
5 2 4 2 4 6 1 0 6 4 0
1 2 1 8 1 1 1 5 4 4 12
0 3 6 4 5 11 5 4 5 0 1
11 3 3 13 3 10 7 2 2 11 8
10 18 4 8 11 5 12 13 8 12 4
4 2 14 5 1 6 15 5 9 0 12
1 4 8 1 9 14 7 14 18 9 3
3 2 2 5 3 4 6 3 2 3 5
0 1 6 2 0 5 1 4 0 2 3
4 13 5 7 15 9 10 3 0 2 10
7 10 5 5 7 6 2 3 5 2 8
2 7 2 8 1 6 24 3 7 15 9
1 8 5 5 1 1 2 1 0 3 4
2 4 8 0 11 5 12 2 5 16 4
1 18 8 4 2 1 11 6 2 14 9
5 1 0 4 7 3 1 3 3 6 3
7 2 10 3 19 7 14 4 11 17 4
2 2 2 7 7 14 19 0 10 5 6
4 3 7 4 0 4 0 6 3 11 5
10 2 3 6 4 1 4 5 3 4 2
7 1 12 24 6 10 8 20 11 4 4
11 1 2 7 21 3 1 11 17 1 5
15 19 6 7 10 10 2 11 8 10 7
16 4 0 6 9 14 11 7 25 0 3
3 1 1 1 1 2 1 5 3 5 7
4 12 9 15 8 9 3 6 8 3 7
3 7 4 5 1 2 6 3 2 1 2
4 5 4 2 4 3 1 1 7 3 5
4 3 3 1 3 5 5 3 0 7 5
2 6 2 10 3 2 0 3 2 5 3
6 4 1 12 2 15 9 15 9 9 3
7 11 13 1 3 9 5 5 4 3 19
0 5 1 4 4 0 12 3 1 1 4
6 12 13 13 3 2 9 21 1 1 10
7 11 6 8 4 10 13 21 1 2 8
1 2 4 0 0 5 2 8 3 0 3
15 3 15 8 5 11 18 3 2 17 9
7 5 3 8 4 5 2 1 3 6 6
3 3 8 13 16 13 9 4 7 11 2
6 4 7 3 6 9 0 1 4 12 7
6 10 7 7 7 4 3 2 10 4 0
1 6 16 3 7 13 1 11 14 22 5
0 1 1 12 5 3 1 6 5 8 5
11 2 10 14 7 3 6 0 1 4 11
16 18 3 8 13 2 22 4 7 0 11
4 2 0 5 4 3 3 5 1 2 0
6 5 1 9 2 9 5 9 9 11 12
11 4 10 11 6 10 17 13 4 7 4
7 5 3 9 12 4 6 2 17 2 12
9 9 8 14 12 13 4 1 21 13 0
8 0 6 3 4 8 5 1 2 23 9
17 12 2 19 8 2 1 7 11 0 3
4 6 1 3 1 9 7 7 4 2 6
1 4 2 8 3 3 11 1 11 7 3
4 1 10 1 3 1 7 0 3 1 6
1 15 1 3 5 11 4 4 9 2 26
3 4 8 12 3 2 1 1 7 8 2
6 4 6 3 1 10 4 10 8 18 1
9 1 3 10 3 2 2 6 2 5 2
21 3 3 9 5 8 11 12 12 6 4
8 5 12 5 0 2 19 6 1 9 13
5 0 2 3 7 2 6 2 2 2 5
6 6 4 9 1 5 0 0 7 1 5
4 1 3 0 4 7 7 8 4 20 10
2 7 11 2 9 0 3 8 2 7 6
4 4 0 0 2 3 0 1 1 10 6
8 4 3 1 0 2 0 5 0 0 3
3 1 1 2 7 6 1 5 5 12 1
1 5 3 7 0 14 6 0 1 2 3
2 5 2 4 1 3 4 3 2 3 3
4 2 5 9 7 5 4 11 8 5 16
7 6 13 6 11 8 5 0 10 7 8
1 0 12 1 6 7 13 6 4 3 4
2 18 9 13 6 15 12 4 4 5 8
4 0 6 8 3 3 5 2 2 1 7
0 3 7 4 1 6 3 7 2 2 0
8 3 8 14 3 0 5 12 7 29 2
3 8 3 10 1 7 6 3 6 12 6
1 5 2 2 7 2 2 2 4 4 0
11 12 17 9 4 1 15 12 7 7 4
5 11 1 0 15 10 13 14 3 1 2
5 10 2 6 9 16 15 3 2 3 11
1 12 3 2 7 1 19 10 6 10 1
18 14 7 8 10 1 10 3 2 7 13
5 1 9 3 7 7 16 4 13 23 8
11 8 10 9 0 7 8 1 1 0 14
9 3 7 1 12 14 0 4 4 2 5
11 20 9 6 4 4 10 11 2 13 1
4 10 10 5 3 6 5 10 9 6 4
5 12 12 9 18 16 16 1 8 9 14
2 8 3 19 1 11 4 9 25 9 14
5 3 1 8 1 4 6 3 2 6 1
12 3 2 2 2 4 6 3 3 5 5
12 0 10 1 7 2 6 4 8 1 3
8 12 7 20 8 2 7 1 1 7 10
7 15 3 23 11 3 4 1 5 3 14
7 9 2 2 3 14 5 9 5 9 11
1 8 0 3 1 5 3 3 8 1 1
11 12 1 0 13 3 1 3 15 15 3
8 21 6 3 9 10 6 13 6 2 14
3 6 11 6 8 3 8 2 9 11 6
3 1 1 3 1 7 1 7 5 2 2
1 11 0 16 25 2 7 3 17 0 10
21 6 0 4 8 22 0 4 4 4 10
13 2 5 14 10 1 13 4 7 7 8
5 10 15 15 5 3 15 23 14 1 1
8 2 10 8 1 10 2 12 6 3 7
4 12 11 5 10 8 12 10 12 11 5
3 10 4 0 10 3 1 1 2 9 4
9 11 9 1 9 6 10 1 4 10 5
1 2 13 11 20 2 1 7 21 8 10
9 10 4 2 4 1 2 5 15 0 20
4 5 10 1 6 3 4 1 2 2 1
6 3 10 1 0 4 0 7 11 6 11
8 3 5 14 4 1 10 13 3 4 6
10 7 5 9 1 3 7 19 2 11 20
7 6 12 26 14 9 9 5 4 3 12
2 1 0 11 7 3 1 19 18 8 2
19 10 14 8 10 7 7 11 8 3 12
10 1 8 12 6 23 0 4 20 13 4
0 2 12 3 4 12 1 4 11 1 4
6 14 0 13 17 11 1 11 13 0 1
5 20 5 0 5 4 8 14 18 5 6
4 4 13 10 3 1 8 4 1 8 4
10 7 1 2 6 14 6 1 1 9 13
12 19 10 7 4 6 12 10 1 4 16
3 12 6 11 2 6 7 2 7 2 21
2 12 1 0 1 4 2 8 5 1 10
17 18 15 10 3 8 6 10 6 14 3
7 8 6 2 4 6 1 3 4 10 8
17 6 1 1 8 1 7 3 23 9 11
2 1 6 2 1 1 0 6 4 4 1
4 7 11 5 3 2 8 2 0 1 2
1 2 18 0 11 30 2 8 0 1 9
10 8 10 7 7 11 0 3 12 8 9
4 19 7 2 6 4 0 9 5 4 18
14 13 20 8 6 8 10 7 2 3 13
1 6 8 1 9 13 2 5 15 1 11
2 0 6 1 3 1 14 2 0 7 5
6 12 1 10 3 4 8 16 9 17 0
6 7 2 11 10 9 4 15 11 9 15
1 12 4 2 1 1 8 7 5 5 2
2 0 12 1 11 9 1 4 4 12 11
7 4 2 4 0 2 0 6 4 1 5
6 11 2 4 4 4 6 10 12 14 0
10 0 5 0 2 0 0 1 7 3 7
2 1 4 8 15 9 2 3 8 9 19
6 17 6 14 9 2 9 4 19 12 5
14 8 6 15 2 8 14 11 0 21 2
2 6 1 5 0 7 2 3 4 0 1
3 4 4 3 0 1 2 4 1 4 4
2 8 4 6 4 2 11 8 5 4 5
17 3 6 12 7 0 6 4 7 17 2
7 6 19 10 6 8 7 9 8 21 8
10 9 12 3 11 1 3 10 9 7 3
19 8 7 5 4 1 5 3 21 4 19
1 3 3 5 4 3 2 0 3 3 3
1 18 5 8 15 11 12 7 10 9 8
7 7 5 4 11 18 5 11 6 18 10
3 2 25 14 0 11 12 5 3 4 1
14 12 1 7 11 2 30 10 4 4 5
7 20 2 14 6 4 1 4 5 22 8
6 6 6 2 3 8 3 0 1 2 2
3 4 5 1 0 2 2 1 1 4 8
3 12 5 12 4 2 2 8 6 12 3
11 1 11 7 6 2 3 10 9 1 2
9 16 4 2 14 6 10 6 0 1 15
10 4 4 3 16 9 5 1 4 24 16
3 3 5 8 1 13 4 21 22 6 7
15 9 2 21 1 2 2 10 19 10 5
11 11 2 2 3 12 7 10 3 5 10
15 5 3 5 19 14 9 7 0 0 9
3 7 2 2 0 1 2 3 4 6 7
3 5 1 2 3 4 7 7 7 15 4
5 4 6 1 0 1 0 3 4 6 7
2 1 3 1 3 6 0 6 2 3 2
3 0 1 1 10 2 5 2 2 3 2
8 2 2 2 1 1 3 5 5 9 15
6 5 1 6 6 20 1 0 0 5 9
1 3 4 1 7 4 4 2 2 5 1
4 1 12 2 4 0 9 2 1 2 4
1 2 9 12 8 1 0 14 5 8 1
17 7 12 1 10 2 16 15 2 4 0
5 4 0 3 2 3 4 4 4 7 5
13 7 4 16 6 4 12 19 7 3 8
3 1 4 0 6 9 6 2 6 7 6
6 9 6 2 8 0 1 2 1 3 11
0 3 3 5 3 0 10 9 9 7 7
4 2 8 1 1 4 4 4 7 5 0
6 13 10 2 4 9 21 20 3 6 15
0 5 4 1 3 3 2 3 7 2 1
13 1 1 8 1 12 9 9 8 16 3
0 5 4 5 5 2 1 2 1 1 2
3 8 12 4 1 17 11 12 19 7 4
2 2 1 28 12 2 8 3 21 5 1
29 20 1 12 9 5 2 4 3 1 5
3 1 6 6 4 3 3 1 2 1 1
11 3 7 1 3 5 4 3 9 6 4
3 2 7 1 5 5 2 1 5 2 3
19 12 2 2 4 16 1 2 14 5 1
2 2 2 0 9 4 5 7 4 11 1
3 2 3 6 3 3 12 4 4 4 11
3 1 9 4 0 4 2 3 3 6 5
4 7 3 3 16 5 4 1 5 3 2
0 3 12 5 2 2 4 2 2 6 11
8 3 6 14 3 10 12 1 7 4 0
0 10 3 0 12 1 3 0 0 9 4
2 1 4 2 2 2 5 5 4 6 4
9 10 2 2 3 6 0 5 1 6 2
15 0 2 3 2 2 13 0 9 1 3
12 5 1 8 10 6 12 0 10 11 10
5 5 4 15 21 1 8 4 6 2 16
17 2 3 8 7 1 5 11 3 3 21
19 2 7 6 9 9 14 2 3 0 24
3 0 14 9 2 2 4 10 1 1 3
1 19 5 8 1 5 11 3 6 8 12
9 10 4 3 7 21 9 15 4 18 13
11 12 3 9 1 5 11 4 12 8 11
14 11 8 21 0 9 3 5 23 6 4
4 13 12 6 8 11 3 9 2 2 3
9 2 13 17 13 0 12 2 9 2 4
1 5 7 8 16 14 1 12 15 3 10
6 11 13 1 8 1 3 7 27 5 4
3 16 1 5 10 2 1 1 8 1 7
5 3 5 0 2 9 1 4 7 8 18
2 2 2 2 3 1 5 2 9 2 2
3 4 11 0 11 2 18 0 7 2 4
1 1 0 7 4 6 0 0 3 8 8
18 19 4 2 13 2 4 7 4 2 15
1 6 6 5 4 2 3 2 7 2 2
7 1 8 0 0 6 3 5 4 8 1
4 2 1 6 0 8 4 1 11 3 7
1 4 2 4 17 13 0 11 16 9 1
0 3 0 1 1 2 2 8 1 3 1
3 6 5 4 1 3 1 5 6 3 1
6 1 1 11 12 13 5 2 8 7 1
16 17 1 24 13 9 1 11 7 2 2
9 1 2 10 1 3 2 6 6 4 3
12 5 4 3 2 10 4 2 2 4 4
0 4 8 17 4 9 7 6 13 8 15
1 3 9 10 1 14 18 2 20 14 4
11 7 17 11 6 6 9 14 4 19 0
0 8 2 5 1 18 5 14 3 16 10
3 3 0 3 5 1 1 1 5 4 2
4 6 2 4 6 5 1 3 11 3 3
1 2 0 5 5 10 4 5 1 7 7
3 2 6 1 7 2 5 4 8 7 5
6 5 2 5 5 2 1 1 3 1 2
6 7 19 8 8 7 6 5 3 1 16
6 10 3 10 3 3 16 4 4 8 2
12 13 4 10 4 7 4 3 18 4 15
6 4 8 10 9 2 4 13 5 4 4
7 2 7 3 5 9 12 0 3 0 2
2 3 16 4 13 16 8 14 1 12 6
5 1 10 1 9 4 9 1 4 2 4
5 11 1 1 5 13 10 1 9 5 5
6 1 2 0 0 2 5 12 4 2 1
5 5 4 4 1 1 8 1 4 1 5
4 1 5 2 4 11 3 0 1 11 2
9 8 11 4 16 2 6 3 7 1 9
5 8 5 1 2 1 23 16 4 20 15
4 2 0 4 6 3 0 2 4 3 4
11 0 10 3 8 21 10 3 12 2 2
4 4 16 6 15 4 16 18 3 5 5
1 11 2 3 4 2 1 5 6 10 0
3 21 6 18 15 1 11 2 1 6 12
1 8 7 12 2 3 7 3 1 4 6
11 12 1 5 8 0 1 18 4 4 0
3 2 18 14 1 6 14 10 9 3 21
5 4 5 3 2 2 0 5 2 6 1
13 4 5 9 6 6 4 5 4 3 9
0 5 4 6 0 2 1 22 10 5 2
6 0 2 7 10 11 21 4 1 0 9
2 3 2 2 3 0 4 1 4 9 1
6 8 25 9 9 7 2 3 0 7 9
0 0 1 7 5 3 0 2 2 3 0
1 6 8 8 20 2 3 3 2 6 15
4 15 12 7 2 0 9 22 5 12 7
1 5 2 2 0 13 0 6 6 2 3
6 2 4 8 2 1 3 6 1 7 1
5 3 6 1 6 4 5 7 4 2 3
1 13 5 4 5 7 3 1 6 8 13
6 17 3 2 11 5 13 6 9 5 13
5 0 2 1 12 4 5 1 2 1 4
11 3 1 10 6 12 8 12 2 2 4
3 7 1 0 1 2 9 10 4 0 1
3 11 3 1 5 3 3 4 4 10 7
0 2 2 7 4 1 3 1 0 1 5
11 1 3 5 5 11 3 7 6 0 8
3 17 10 0 16 2 5 9 0 8 11
9 2 5 3 7 5 5 10 2 1 10
4 3 12 2 1 9 3 5 1 8 4
7 8 14 0 11 11 15 23 8 2 2
2 6 8 1 4 2 0 9 6 6 2
5 5 1 0 3 2 6 0 6 3 14
4 4 9 3 5 5 9 10 1 7 3
3 22 4 8 12 2 6 3 3 23 4
14 10 1 3 5 13 5 9 4 21 5
8 2 1 0 5 1 4 7 7 13 7
5 4 16 2 9 3 8 2 4 2 5
2 1 5 2 6 4 3 1 9 6 2
1 3 5 4 1 2 10 4 7 10 0
3 12 11 3 2 2 2 6 3 8 3
0 1 0 5 1 2 1 1 1 4 10
9 1 9 3 4 7 1 7 2 2 2
22 0 12 5 15 8 6 1 10 8 5
5 3 1 4 1 0 1 15 3 1 4
2 19 2 25 5 6 18 9 5 7 3
5 1 4 5 3 1 3 4 5 2 4
13 14 16 13 16 11 6 4 9 11 5
6 6 10 7 4 8 3 11 6 11 7
6 1 10 1 15 10 19 10 8 10 8
22 16 3 5 8 22 3 1 11 1 2
7 13 7 6 0 9 3 12 3 2 4
3 10 4 1 12 0 6 3 1 9 14
0 0 1 1 4 1 5 6 5 3 0
8 4 2 10 5 3 2 5 2 9 16
16 2 3 7 5 4 4 6 6 7 13
3 1 1 3 7 3 2 5 6 5 3
6 6 3 2 1 1 7 1 6 2 1
10 3 6 2 0 10 0 4 2 18 5
9 11 7 14 4 9 1 3 5 0 18
13 11 8 16 0 9 15 8 2 2 4
1 4 2 11 2 10 3 7 19 4 5
11 0 5 2 8 1 0 12 1 11 16
7 4 2 6 1 3 6 10 7 3 10
1 4 1 6 14 7 18 6 1 5 2
7 13 8 8 8 1 1 14 11 9 12
7 7 9 0 3 1 14 7 3 5 4
8 16 9 5 13 6 10 3 2 4 4
10 6 1 3 14 5 6 18 17 5 9
0 2 1 2 3 4 2 3 3 4 6
2 4 7 6 15 10 4 8 9 1 6
6 4 0 6 3 5 3 0 3 2 5
8 3 3 5 1 4 0 4 1 8 4
10 1 5 2 15 16 2 0 17 10 8
9 4 11 2 6 6 2 2 0 10 6
3 5 3 7 5 1 6 0 7 6 3
9 2 4 0 3 1 2 5 1 4 3
8 10 2 0 22 9 8 2 4 3 2
13 5 4 13 4 1 3 12 3 8 1
14 9 4 2 9 4 9 5 16 4 18
8 2 8 4 1 3 10 12 0 0 4
5 13 19 5 6 10 15 1 0 1 8
4 8 3 5 7 14 1 1 5 7 4
7 5 9 10 7 7 5 7 3 2 1
1 1 5 1 2 3 3 2 2 1 8
1 3 21 1 11 0 5 1 15 4 8
14 8 12 14 0 2 9 2 16 3 12
18 1 6 6 23 5 3 8 12 4 0
7 0 8 2 3 14 7 6 7 2 5
1 2 2 7 2 0 3 8 1 2 1
4 12 5 21 1 21 12 4 1 12 2
3 8 12 3 18 3 0 18 14 7 2
5 1 13 1 7 2 2 1 8 2 3
22 20 13 7 3 5 8 3 12 8 8
1 4 3 0 5 13 16 1 2 5 8
1 9 8 6 2 2 0 4 5 7 6
2 10 6 5 1 12 6 22 9 12 2
13 4 17 13 9 0 11 2 3 2 8
23 5 4 5 8 1 5 3 7 19 3
2 0 6 3 2 3 7 9 6 10 3
11 2 8 8 3 9 4 0 5 0 2
10 12 9 12 12 6 9 12 5 7 7
13 14 5 10 15 2 14 2 14 6 7
2 9 11 2 0 1 6 5 6 3 4
8 3 9 10 11 3 5 14 18 12 2
1 7 13 2 4 10 13 8 8 7 3
3 6 1 10 2 6 6 3 5 5 0
15 3 2 4 6 7 9 2 11 11 3
10 3 1 4 8 1 2 5 1 0 4
5 3 9 3 4 2 11 5 1 3 3
14 3 5 9 9 13 8 0 11 6 5
11 18 10 6 16 4 9 13 18 2 4
2 2 5 3 3 4 2 1 11 2 6
3 4 11 4 2 5 11 1 6 5 3
22 7 1 12 5 13 5 19 3 10 0
8 14 7 3 0 5 7 3 7 4 8
11 14 6 14 5 3 7 9 11 4 5
0 9 1 12 5 6 4 2 5 3 9
3 11 8 6 9 9 7 19 19 0 0
3 5 10 1 7 1 3 7 4 5 3
11 0 2 3 3 2 8 9 4 2 2
3 4 8 4 10 3 0 1 5 2 8
17 6 0 6 4 9 12 3 1 6 11
1 1 4 1 5 2 3 5 5 0 4
10 5 7 3 6 11 7 8 4 7 7
7 3 10 5 3 2 8 1 1 10 2
1 4 10 18 5 23 10 6 3 5 10
2 6 4 8 7 4 6 4 1 2 2
2 18 3 6 14 1 18 2 2 2 1
7 6 1 1 1 1 5 8 2 6 4
10 11 8 19 11 0 12 13 0 12 7
6 7 16 6 4 2 10 12 7 19 0
2 2 0 5 6 8 3 5 3 12 8
12 8 2 4 15 21 12 0 4 5 0
2 6 9 12 9 1 5 9 9 5 15
8 7 9 12 6 5 14 9 5 11 16
3 20 11 1 6 2 11 9 11 6 1
6 1 3 2 12 4 6 1 1 23 4
3 9 3 3 1 6 4 5 4 15 6
8 4 6 7 2 10 8 15 0 1 9
7 7 4 10 7 2 10 1 6 1 6
5 9 15 2 10 4 11 9 4 4 1
1 14 1 18 15 12 16 4 18 9 1
1 1 1 15 1 3 1 5 2 1 3
7 3 16 3 2 3 8 9 3 6 21
16 1 2 7 0 0 5 0 1 2 1
5 5 1 3 0 4 2 5 0 1 0
18 3 15 7 7 2 20 12 5 6 3
7 1 3 1 2 2 1 4 0 1 4
1 2 9 5 2 2 6 3 4 5 6
6 4 3 5 8 4 15 0 0 0 7
2 14 1 8 12 3 8 12 8 9 2
2 11 5 10 3 17 13 13 8 1 15
4 7 5 10 15 4 2 3 7 4 6
2 27 10 12 0 4 8 1 10 2 2
8 3 19 16 8 8 2 12 4 9 6
1 1 5 1 3 3 2 3 8 1 5
3 3 3 2 4 9 4 5 5 4 0
4 2 4 2 1 3 6 1 2 1 5
9 9 12 8 9 6 0 5 6 14 21
3 5 4 6 6 1 1 11 1 3 1
7 3 5 4 6 8 7 4 1 6 2
5 2 3 7 5 0 11 0 8 2 13
1 2 8 1 2 4 4 1 3 11 1
1 5 4 5 1 6 5 4 3 4 6
5 23 0 1 0 5 14 6 10 0 6
5 8 7 1 5 5 4 3 2 0 1
3 4 8 0 6 16 3 7 11 8 6
11 10 8 11 4 1 1 6 14 2 7
12 13 19 12 9 8 4 2 3 9 1
2 8 7 5 1 3 5 5 5 16 8
2 0 2 1 9 3 5 6 8 3 4
8 3 9 17 12 3 10 5 1 9 3
3 3 2 0 2 1 1 2 0 1 9
3 4 0 2 2 1 3 3 7 7 3
2 11 3 1 5 1 4 2 4 9 5
12 3 5 8 1 19 10 2 9 4 4
1 18 16 11 2 8 7 16 8 5 5
2 6 1 1 5 2 1 3 7 2 1
4 2 4 9 6 10 2 0 2 10 11
4 2 1 2 3 2 4 5 2 5 2
6 8 3 6 2 8 1 2 0 4 10
11 3 1 4 3 12 10 16 14 6 7
10 6 4 0 4 4 6 3 3 5 9
1 2 4 8 6 10 1 15 0 17 4
4 4 0 2 1 9 6 5 5 7 3
5 1 9 1 4 4 2 1 3 1 5
7 11 12 10 5 13 16 8 8 3 10
6 5 6 3 1 4 1 0 3 3 1
3 0 0 3 4 4 6 3 4 0 2
3 11 7 11 21 7 10 10 7 9 7
0 9 10 1 14 8 10 2 9 6 2
0 5 14 6 10 7 4 15 3 10 11
6 8 3 2 8 4 2 4 2 1 2
10 5 22 3 1 16 12 15 17 6 2
14 0 2 5 2 15 8 8 3 1 1
6 3 13 9 2 17 3 11 2 6 4
5 3 0 5 2 1 2 1 3 4 4
6 5 25 10 2 12 1 11 1 7 12
6 4 3 9 5 3 2 1 6 1 0
13 6 26 19 14 1 2 4 9 1 9
14 14 7 5 15 1 13 10 13 13 13
4 1 3 12 13 17 9 15 20 7 7
12 14 9 11 4 3 24 11 7 5 8
5 13 1 5 2 3 6 5 13 6 1
5 2 1 7 5 5 5 2 4 4 5
11 12 8 3 15 18 1 9 10 9 6
2 14 9 3 2 2 1 2 1 3 3
1 2 6 1 0 0 5 2 3 6 9
5 2 1 0 7 8 1 7 2 1 5
18 2 15 10 16 6 18 12 4 4 11
5 5 7 5 7 2 7 5 4 12 1
2 4 10 6 2 12 6 9 2 14 3
8 3 5 7 6 1 10 1 3 2 0
7 4 4 5 2 3 7 9 2 8 8
2 5 1 2 2 9 9 5 7 3 8
8 1 2 1 1 3 0 1 5 4 4
3 4 6 4 4 2 6 13 8 1 3
13 2 11 15 2 6 7 3 1 0 9
2 4 3 14 10 11 12 11 14 5 4
2 2 9 2 2 4 1 5 4 1 4
9 2 3 3 7 8 2 1 4 10 2
19 3 6 3 4 3 14 5 5 3 5
9 8 5 2 3 8 9 3 1 6 3
7 23 10 8 7 8 7 2 3 17 6
2 1 7 3 7 6 7 1 5 14 11
5 14 11 9 8 6 1 1 6 12 8
7 6 11 5 2 5 7 5 3 0 3
1 5 0 5 2 2 2 3 3 5 1
16 5 8 11 0 7 4 6 3 7 17
8 19 2 6 1 5 1 16 8 19 12
3 3 7 3 5 8 9 17 11 7 13
10 4 6 7 7 7 9 6 11 2 10
5 14 0 1 6 1 1 1 1 0 23
1 1 18 6 1 3 13 3 2 4 6
13 6 3 8 2 4 5 4 16 1 5
1 1 4 6 0 0 4 0 0 7 1
3 6 2 1 6 0 4 1 5 7 3
4 3 5 8 3 1 4 2 4 3 5
27 8 9 17 7 3 9 7 7 11 9
5 1 2 1 0 6 2 0 4 10 2
9 1 11 3 12 7 4 1 0 12 4
4 10 3 10 4 7 4 6 6 4 0
1 4 5 7 6 7 6 1 16 16 0
1 2 7 3 2 3 1 4 0 9 8
5 7 1 9 13 12 3 3 1 17 8
4 14 4 5 29 4 14 2 1 3 10
8 15 6 8 3 4 3 5 2 6 2
8 4 3 6 2 5 3 7 1 3 6
4 2 2 6 6 6 7 6 6 11 0
10 12 2 9 1 11 4 3 4 0 0
14 12 2 9 7 3 10 5 3 5 8
9 3 12 12 1 1 5 3 6 15 3
2 6 5 2 12 7 5 3 2 0 3
6 28 0 4 8 4 7 7 8 13 11
1 10 18 1 6 8 0 3 3 1 8
16 4 9 3 6 1 19 20 7 3 2
7 1 13 2 4 1 4 11 24 11 10
3 5 6 2 2 6 6 13 1 5 9
14 7 6 1 10 5 10 7 5 8 7
1 3 1 4 4 10 3 2 2 8 7
1 1 3 6 1 6 3 6 1 1 4
12 4 10 4 4 15 9 16 6 5 3
15 4 12 6 3 2 12 1 4 10 9
3 4 11 7 16 22 4 7 4 7 9
3 0 4 13 5 3 6 6 1 2 2
1 2 11 10 2 23 18 17 8 8 10
10 6 20 3 2 7 1 10 11 11 13
1 9 9 5 6 3 3 4 2 4 3
6 16 1 6 0 6 18 4 1 2 5
1 5 8 5 4 10 9 10 3 1 2
8 27 8 3 4 4 10 1 4 8 3
3 8 9 16 9 2 1 15 4 1 25
7 3 6 1 3 2 4 2 2 9 2
3 7 8 1 11 8 22 2 14 7 4
4 3 26 18 4 19 4 1 5 6 11
6 5 5 7 6 6 3 13 5 3 28
2 6 3 0 18 2 20 7 8 1 4
4 5 1 6 6 6 6 18 13 2 2
13 6 1 2 1 16 12 8 15 6 12
9 0 7 1 3 24 13 9 7 14 3
2 10 5 1 4 3 8 9 2 1 5
18 22 11 1 9 8 5 14 6 10 4
10 7 4 3 1 5 4 1 12 5 19
5 1 7 2 4 6 4 5 9 5 9
9 11 14 5 5 1 13 3 11 12 3
2 5 5 4 4 5 7 13 2 9 24
1 6 10 4 6 9 11 6 10 9 15
10 11 3 11 11 1 12 19 11 7 11
1 3 1 0 2 1 8 2 3 3 0
4 8 13 12 7 21 9 9 3 2 10
6 6 6 14 10 24 9 7 9 7 8
8 4 6 6 5 9 5 1 4 3 6
8 6 6 2 6 1 11 7 8 7 5
9 6 0 7 15 9 0 12 5 3 6
5 15 23 0 18 6 5 11 12 4 9
6 5 5 6 8 2 5 8 3 13 9
2 12 2 15 2 4 11 18 2 13 9
12 12 1 18 7 0 12 7 6 3 11
4 1 14 3 10 12 2 8 7 2 4
4 9 7 17 8 3 8 4 10 11 1
1 7 2 2 1 1 5 8 1 2 4
1 7 12 7 1 1 8 11 7 17 1
8 12 6 12 1 8 9 8 14 2 11
1 7 6 2 8 6 4 0 19 10 0
1 27 0 3 7 4 12 2 5 10 1
6 0 4 1 8 6 7 1 5 5 2
7 2 3 2 2 12 10 9 13 10 6
3 8 3 4 3 7 2 7 1 1 4
4 7 22 5 13 7 8 11 4 3 4
14 12 10 7 2 2 7 9 4 1 2
7 12 27 11 2 14 3 6 2 4 3
3 1 3 1 10 7 0 1 6 4 2
13 9 7 15 8 8 10 13 8 7 3
5 9 6 1 13 4 3 11 9 2 5
5 4 1 1 7 2 1 1 3 3 3
1 0 2 3 12 15 4 15 2 5 2
9 4 0 1 6 6 4 2 4 3 3
7 4 4 14 4 0 9 9 1 6 0
8 3 1 1 1 0 8 9 10 1 6
2 1 6 5 1 1 6 7 15 8 0
5 3 6 4 0 2 4 0 11 0 6
8 9 7 9 1 4 8 9 19 1 10
2 3 8 2 6 10 1 10 5 16 3
7 0 2 7 1 6 6 5 4 2 3
5 0 5 1 0 1 1 6 3 3 0
3 1 12 3 12 13 19 7 6 7 13
4 4 15 10 22 1 3 4 7 2 9
4 2 5 5 2 4 5 7 0 2 16
5 4 7 4 3 7 1 11 11 4 3
9 4 6 6 6 2 11 5 26 11 13
6 0 13 8 5 12 8 4 3 2 10
6 4 2 4 11 2 6 9 14 9 18
4 2 1 12 2 2 1 13 3 12 4
20 17 18 9 6 11 1 11 4 5 8
13 1 3 3 4 1 3 4 3 22 3
12 10 3 1 3 8 10 0 12 19 3
18 7 3 4 11 3 4 5 6 8 2
2 6 12 0 4 6 1 12 3 12 3
4 2 5 9 0 4 4 10 12 4 1
1 0 3 1 6 9 16 5 14 14 3
5 4 2 9 16 6 1 2 5 1 9
4 0 0 3 8 3 6 5 2 2 4
7 7 2 5 12 2 8 12 1 5 8
8 5 11 26 3 2 7 14 4 19 1
8 7 2 3 8 4 1 7 9 6 3
2 2 1 5 0 2 1 15 5 13 3
7 0 15 12 25 8 6 18 6 3 2
4 6 0 9 0 11 13 13 7 14 16
3 13 5 9 7 1 1 2 13 6 0
7 2 10 7 4 5 10 2 11 1 13
4 2 3 2 6 4 2 2 2 10 11
7 3 4 3 3 1 4 2 1 2 0
1 5 6 8 6 2 11 15 5 6 4
4 4 5 5 0 2 1 7 0 10 24
4 13 4 12 0 5 13 10 8 3 4
1 3 3 3 6 6 4 1 5 6 9
17 11 0 1 12 10 11 12 7 1 11
13 15 3 5 5 5 2 7 5 7 4
5 4 1 3 2 2 4 4 6 4 0
8 8 0 9 7 8 10 2 6 0 19
1 6 6 14 4 16 4 1 1 5 5
10 6 4 4 5 3 12 9 10 1 1
5 6 5 14 11 11 6 18 11 4 9
7 16 3 1 8 7 6 1 4 14 7
15 2 4 12 10 5 11 15 17 2 21
0 7 6 11 7 6 10 4 7 7 12
2 0 17 5 1 7 7 4 3 1 4
4 9 5 4 1 7 11 4 9 8 2
2 4 23 19 6 6 9 7 10 0 0
1 1 12 17 10 3 15 1 3 7 5
4 2 4 3 6 8 3 7 1 8 3
3 0 1 7 5 0 5 2 7 3 1
4 13 1 4 8 9 9 0 0 3 5
12 3 4 7 26 11 11 14 13 1 6
6 6 3 2 5 5 8 1 3 1 7
7 5 0 5 2 8 19 4 0 1 2
2 1 14 8 2 23 15 3 4 17 3
3 5 8 6 10 4 7 7 6 2 0
10 4 6 11 3 4 4 0 6 2 4
4 14 7 9 11 4 0 4 7 5 5
3 8 3 14 22 10 7 0 5 9 7
7 6 4 4 0 23 8 0 3 9 10
12 7 5 1 5 5 4 2 3 16 7
6 4 1 21 3 1 15 13 5 0 5
12 5 10 4 11 6 1 2 4 4 1
7 2 21 1 2 8 10 7 1 7 2
0 10 3 2 0 7 2 1 2 12 4
12 6 3 1 4 4 4 9 13 13 7
21 13 4 1 4 1 4 11 3 10 7
1 10 13 11 10 14 6 14 20 7 2
12 20 12 4 15 12 8 0 7 0 10
0 1 3 4 13 7 12 2 2 9 8
3 6 6 2 5 4 11 0 16 16 14
5 0 4 7 0 5 1 2 6 3 5
4 2 2 8 10 6 6 8 5 5 6
13 10 5 18 17 1 3 4 2 1 1
2 1 0 0 4 1 8 0 3 2 2
6 2 1 5 8 4 9 7 6 6 23
8 3 2 1 0 4 6 1 3 3 1
3 15 3 7 7 1 12 9 3 21 4
8 1 14 2 20 3 2 2 22 12 17
6 11 15 2 16 13 9 12 5 11 2
8 0 8 6 5 5 5 3 10 2 2
3 2 1 2 4 6 0 3 4 6 1
4 3 1 3 3 0 3 1 11 1 5
1 13 4 10 7 17 5 8 3 13 14
3 12 4 8 2 3 14 4 3 8 1
3 6 1 12 10 10 0 5 5 6 1
7 6 0 8 6 3 5 0 17 8 15
6 1 1 3 10 3 2 3 0 2 5
10 1 10 1 10 10 8 1 3 5 1
21 6 1 14 1 15 5 4 4 5 2
10 6 1 7 7 1 22 13 9 20 11
2 4 6 5 4 5 3 1 10 2 10
2 3 7 0 4 3 2 4 0 3 3
2 15 15 6 16 8 14 12 8 9 3
0 0 4 5 2 1 3 2 3 4 3
11 13 1 7 9 5 1 16 10 23 3
5 8 1 6 9 9 1 0 17 7 18
2 7 3 3 1 3 11 2 6 5 1
18 17 15 8 8 4 2 1 14 6 8
4 1 0 4 0 0 4 11 3 3 3
4 1 1 8 10 6 1 11 6 2 8
1 10 8 1 4 4 3 13 1 2 22
3 2 2 0 3 9 9 3 13 1 3
6 8 2 11 4 5 3 0 8 1 11
3 3 0 4 4 3 3 8 10 7 2
4 1 9 2 13 4 2 8 18 20 11
7 4 3 3 4 2 15 3 4 3 6
13 7 7 19 1 0 10 14 22 11 5
12 2 2 2 11 6 3 7 4 3 1
2 3 7 6 4 2 9 7 2 0 3
6 6 0 2 3 1 7 11 13 5 5
12 6 9 13 4 16 12 2 10 13 10
8 8 9 5 8 10 7 4 9 3 11
2 11 9 1 2 8 7 4 4 5 2
4 1 3 9 2 3 6 1 5 6 1
9 2 2 7 13 3 9 12 13 5 3
3 5 4 10 15 14 0 4 1 6 8
0 5 8 1 8 5 3 7 2 7 3
8 6 3 3 0 10 8 14 7 1 2
2 8 0 7 2 2 1 1 2 0 0
4 3 2 6 16 17 2 10 13 0 1
6 7 26 13 17 1 5 6 7 10 6
1 7 2 9 2 0 1 1 5 3 5
3 15 1 0 3 15 2 9 1 1 12
10 6 8 6 8 12 13 2 8 2 4
9 6 10 3 10 2 4 0 3 14 12
9 1 5 3 5 2 7 1 7 7 4
6 1 5 6 1 5 2 4 3 5 7
5 2 8 12 2 0 1 9 4 5 4
9 13 13 9 3 20 0 15 9 4 14
2 0 5 5 3 5 3 5 6 5 2
5 7 2 4 1 7 7 6 3 14 1
10 4 0 6 15 6 8 12 10 5 0
9 6 15 10 8 10 16 2 4 2 2
6 5 1 11 5 4 4 8 5 1 6
2 2 3 9 5 3 2 8 2 14 2
1 1 3 6 5 8 8 7 5 3 7
7 3 3 6 14 0 7 3 6 3 8
5 3 6 2 5 14 4 2 18 7 3
26 10 7 2 6 18 4 11 5 1 11
2 3 1 4 7 0 1 3 2 8 6
4 8 2 9 2 13 7 7 2 18 3
7 16 4 2 9 1 2 5 1 11 7
14 5 20 1 2 7 16 14 11 4 15
1 2 16 1 12 6 4 13 14 3 21
6 3 10 3 3 3 7 7 6 9 9
5 1 8 1 2 20 1 15 2 3 17
7 9 6 3 5 5 23 8 3 13 6
15 7 0 10 0 10 6 8 4 1 1
6 7 9 3 11 7 1 10 10 15 1
19 6 8 4 0 5 9 13 17 6 2
9 5 6 1 5 9 5 2 2 7 6
15 4 0 11 13 7 9 7 10 13 0
0 2 0 7 1 1 6 0 5 5 6
7 5 1 0 1 1 2 6 5 12 7
6 5 21 16 6 3 8 6 12 15 13
19 0 5 5 5 3 2 26 2 6 11
4 9 6 17 5 1 3 1 8 4 19
1 3 2 2 1 0 7 3 1 4 0
1 3 7 2 5 4 0 10 2 9 1
21 4 9 6 6 0 10 0 11 14 13
0 5 6 5 1 2 2 0 2 2 1
6 13 11 17 6 4 4 4 6 4 6
7 8 9 4 13 16 0 1 6 2 25
2 6 9 2 14 4 1 1 10 14 6
2 4 3 1 0 7 1 3 2 4 1
2 2 9 5 3 0 2 3 3 6 1
1 9 2 2 5 10 9 4 1 4 2
1 4 12 1 12 23 2 10 16 6 8
0 13 19 10 7 8 6 3 9 0 10
9 11 10 10 14 8 4 2 4 14 4
1 3 6 14 12 8 14 10 3 8 18
0 9 2 2 3 2 5 4 3 7 3
5 9 5 9 6 16 2 1 3 13 12
3 8 3 10 9 3 7 2 4 2 2
3 3 9 9 2 9 17 3 9 6 1
24 11 15 4 8 3 5 8 9 6 8
8 11 2 11 6 4 1 3 2 19 7
15 0 13 5 3 3 6 12 1 10 21
3 5 6 18 23 9 17 5 5 4 10
4 3 9 4 16 7 9 5 2 4 10
19 1 9 10 5 1 9 10 11 19 6
0 6 6 4 0 8 5 10 1 13 3
1 9 0 12 11 2 11 2 8 5 1
0 4 5 3 1 7 4 0 2 1 1
8 4 3 0 6 1 6 3 1 1 2
12 16 8 0 6 1 3 4 1 6 1
4 2 10 3 4 20 9 2 2 2 8
3 13 3 9 0 4 8 17 8 4 3
6 18 5 20 9 14 2 14 12 0 3
12 13 4 4 8 12 2 9 2 12 5
5 1 8 8 2 2 6 2 6 5 6
10 13 18 14 3 8 7 1 11 6 12
2 4 2 4 10 2 4 0 4 3 2
3 15 13 8 3 5 14 2 3 24 1
10 15 4 3 5 1 3 1 3 13 4
5 15 4 10 14 11 1 9 9 6 20
14 3 12 14 1 15 5 7 5 24 4
9 4 10 3 8 20 11 8 19 4 18
1 5 3 14 5 3 3 2 2 4 7
4 13 16 3 8 2 4 1 8 20 19
4 3 4 6 0 8 1 5 4 5 3
2 2 13 2 6 13 12 4 6 18 7
6 14 3 11 7 10 1 5 16 16 3
5 5 1 9 1 4 3 2 1 7 8
4 7 0 1 3 1 5 9 8 5 1
11 4 5 4 10 21 1 5 19 7 20
7 9 8 10 4 1 6 6 3 6 3
23 4 4 16 8 3 4 8 4 10 7
9 6 1 5 7 1 10 14 0 8 2
15 9 0 3 15 2 5 1 9 8 5
10 5 7 2 6 7 2 5 8 7 2
3 8 18 11 16 9 3 8 10 0 3
5 3 0 3 8 0 1 1 2 1 2
13 3 8 4 2 0 3 1 10 2 13
8 5 7 14 6 2 2 1 17 9 10
4 5 4 2 4 10 4 6 4 4 3
6 6 6 2 18 8 6 12 25 10 6
11 10 3 7 2 14 23 1 11 6 1
7 0 6 7 4 6 6 6 0 6 0
10 1 17 4 7 13 10 8 17 2 0
3 2 2 3 10 4 4 13 9 3 12
18 1 6 2 4 5 4 6 7 1 1
11 1 22 6 12 17 5 4 7 6 9
4 2 7 3 15 3 11 0 1 2 3
9 8 3 12 2 7 7 1 5 5 9
2 16 5 7 4 11 20 3 4 11 2
1 0 2 7 3 2 2 4 4 6 5
3 24 6 4 0 1 2 13 10 3 8
3 9 4 2 9 5 3 6 2 11 5
6 6 8 2 1 10 1 8 0 12 1
4 3 5 3 6 1 2 4 3 4 0
3 6 1 0 3 3 7 1 11 2 3
0 3 5 5 0 5 7 4 1 12 14
15 12 7 1 1 6 2 10 2 10 4
19 6 7 22 11 13 3 3 7 7 5
0 10 5 2 4 6 3 1 4 10 5
10 5 5 6 2 2 1 5 2 8 1
2 1 4 1 2 1 5 4 0 7 4
10 9 0 9 5 20 5 0 11 1 11
0 5 6 9 9 1 2 6 1 0 1
7 3 9 18 12 3 6 15 17 4 4
1 2 7 4 5 1 1 2 4 1 6
3 8 4 4 1 6 5 6 11 5 9
4 7 8 5 3 14 6 5 11 0 2
3 4 2 3 6 0 1 5 0 8 6
0 3 2 1 12 11 1 9 6 6 1
13 8 4 4 1 5 1 3 10 2 3
10 28 13 9 9 1 8 15 6 6 1
5 6 12 1 9 2 6 6 3 2 9
4 1 16 5 1 13 2 8 4 2 5
1 4 3 2 3 2 3 0 7 2 2
0 7 0 6 12 5 6 1 0 2 5
2 18 18 3 2 9 4 3 4 2 4
9 10 7 8 5 9 0 3 2 6 2
2 17 15 2 15 7 2 2 8 0 9
6 0 2 2 4 1 0 7 2 2 3
2 2 4 6 12 4 1 1 2 13 10
5 1 3 13 1 18 1 9 5 7 10
17 25 7 15 2 9 6 5 7 4 6
1 0 0 16 4 24 1 5 2 5 15
2 6 2 8 9 0 7 4 2 0 7
6 13 19 4 12 3 5 10 2 16 6
1 16 20 3 12 10 19 8 10 8 7
18 7 7 6 12 10 2 4 6 22 8
1 7 1 5 4 10 17 7 10 15 3
3 1 7 21 14 6 17 4 6 19 4
1 7 1 0 5 5 6 4 2 5 4
4 4 1 9 2 1 1 6 4 8 3
6 10 8 6 4 4 2 12 28 3 15
16 11 7 1 3 2 1 3 23 5 4
7 0 2 3 10 2 5 2 4 10 3
0 4 4 13 8 14 12 6 2 14 4
6 8 16 13 5 14 1 1 4 13 12
1 5 4 3 4 14 5 3 21 23 5
4 6 11 15 4 12 12 16 0 15 7
4 3 3 1 6 7 2 2 9 3 3
5 7 1 5 8 6 1 7 8 9 10
3 1 4 6 7 0 6 4 6 5 3
2 3 4 10 16 16 17 4 0 23 4
4 1 2 19 16 9 2 6 5 13 4
8 0 15 14 17 1 4 11 2 3 16
4 11 20 13 9 5 1 7 12 3 19
4 1 4 6 2 1 2 1 4 3 5
1 10 5 1 18 13 1 2 13 3 5
12 18 5 11 2 0 5 5 2 12 4
4 4 1 6 13 16 2 9 14 2 4
17 0 7 2 1 1 8 6 14 18 4
1 7 7 7 3 3 4 5 3 0 5
6 3 3 2 3 3 11 3 7 2 3
17 11 8 1 9 10 7 16 4 11 8
3 6 4 6 13 10 32 8 3 3 7
11 3 7 6 9 12 6 17 20 11 7
3 10 2 2 7 6 1 5 1 1 1
3 16 15 5 2 4 3 11 23 16 6
5 3 2 1 4 0 1 9 12 4 5
10 6 22 0 5 11 7 2 20 2 8
5 4 1 1 1 5 4 8 1 8 6
0 7 0 3 1 1 4 10 13 2 2
2 5 8 0 0 8 1 7 2 4 0
10 20 10 3 2 10 1 19 4 7 4
14 5 1 17 8 1 2 11 8 15 17
2 4 1 2 3 8 1 2 13 3 1
6 0 6 3 1 9 0 1 1 1 3
17 2 2 5 15 0 2 6 2 6 10
2 2 3 1 1 6 8 3 5 8 2
8 13 14 7 17 8 12 5 12 13 11
12 6 16 6 12 0 11 2 3 9 5
8 4 0 8 2 11 2 10 10 4 6
8 4 5 18 13 12 5 7 3 17 14
6 7 9 3 7 1 9 9 6 10 12
11 7 0 8 0 2 1 5 4 12 0
4 3 5 6 12 0 2 14 4 10 7
1 7 0 2 8 3 1 1 1 6 4
0 10 1 3 8 9 1 2 3 0 9
19 16 7 13 7 5 8 9 6 1 15
3 5 4 5 1 1 2 3 6 4 8
5 14 19 6 5 16 12 1 5 11 4
7 9 19 1 0 4 10 0 27 15 1
16 4 12 11 3 8 4 9 1 11 0
3 8 2 1 8 1 1 7 5 5 6
7 3 4 5 1 12 13 2 10 1 2
1 10 3 1 31 10 0 4 9 5 7
0 12 2 2 9 13 2 3 6 10 6
2 12 11 2 0 8 2 1 5 9 2
8 5 2 3 1 6 1 10 2 5 5
4 5 11 4 12 0 2 9 1 4 0
4 10 5 8 16 2 8 8 11 17 6
13 19 10 11 3 3 11 6 8 10 3
1 14 9 1 6 7 24 4 2 3 6
3 2 3 4 4 0 6 7 2 11 6
10 15 4 0 2 6 5 9 1 7 4
2 17 8 9 19 13 5 9 15 8 6
7 0 6 4 22 17 6 1 17 2 4
0 9 3 3 6 4 1 4 0 14 8
4 4 10 5 7 5 8 1 6 3 12
4 8 4 2 6 1 4 11 5 5 14
5 9 5 2 3 2 4 1 7 11 2
13 2 0 11 4 2 0 2 4 2 5
3 15 4 11 2 10 6 14 12 7 18
7 6 6 8 7 6 1 22 19 6 21
15 11 7 12 4 7 5 3 8 2 3
8 5 23 1 3 9 2 0 6 6 6
7 8 1 1 5 2 5 4 7 1 3
6 1 7 5 4 12 8 16 1 1 7
15 11 0 9 16 9 2 15 11 12 4
5 12 7 8 13 10 19 8 9 7 2
2 3 2 7 15 1 10 5 7 10 9
2 1 7 12 8 17 0 4 20 9 12
2 13 3 4 7 2 5 1 7 7 5
2 4 5 4 8 6 7 5 4 5 5
5 10 10 11 3 6 8 4 1 5 8
0 13 15 11 3 6 5 1 11 3 16
4 1 12 14 11 0 15 10 5 17 2
1 15 13 1 1 10 16 2 11 3 20
9 8 1 1 15 4 4 6 16 7 5
3 8 14 10 1 23 12 3 12 9 17
9 1 10 3 3 3 5 5 2 1 2
5 10 8 1 7 4 4 3 1 6 9
7 18 21 3 3 5 3 16 10 1 18
12 0 9 1 6 1 1 13 12 4 10
5 1 4 0 8 14 6 0 5 5 12
7 11 13 6 3 2 12 9 5 9 4
13 14 2 1 12 6 4 3 3 11 13
9 6 9 2 10 5 5 6 5 11 14
4 5 2 1 8 6 4 5 2 3 2
13 6 11 6 12 9 13 13 14 5 19
9 2 8 4 1 6 3 3 0 5 2
11 17 16 4 2 4 16 11 3 20 11
4 2 2 0 1 4 3 3 4 9 6
1 1 4 5 7 4 4 3 8 7 1
5 4 1 1 1 1 6 4 6 3 4
16 3 11 5 12 4 6 6 11 1 14
0 1 2 2 2 1 7 2 4 9 1
12 14 5 5 13 4 10 5 0 2 2
23 11 7 4 10 8 6 0 8 3 10
3 10 6 5 11 2 1 19 0 2 9
16 6 4 1 6 6 11 2 4 3 18
2 14 15 0 7 7 10 2 6 1 0
8 2 9 0 14 4 24 3 5 9 3
5 1 1 3 13 8 8 10 8 6 1
5 12 7 9 11 9 3 2 7 14 2
8 5 7 7 4 13 3 1 1 4 3
7 17 9 3 8 10 19 8 18 3 1
3 11 1 17 20 10 8 0 7 2 2
1 1 1 1 7 8 4 6 5 4 3
7 14 1 9 3 4 4 17 4 26 6
14 6 6 13 8 3 1 0 3 5 1
1 11 1 16 7 7 6 5 1 5 2
14 4 0 11 7 16 10 7 2 2 3
6 3 2 8 2 11 14 4 2 7 8
3 4 5 5 5 1 3 5 1 1 3
2 5 6 0 3 1 3 1 3 2 1
7 0 1 5 11 5 3 3 5 13 3
9 0 4 15 2 14 0 14 5 2 1
14 5 4 7 4 7 9 7 10 16 2
3 5 15 2 4 14 2 0 6 19 6
4 13 10 24 6 11 8 8 6 7 3
10 7 9 3 5 12 1 11 10 12 6
5 6 3 8 13 16 6 7 19 10 16
8 5 16 13 12 6 11 1 11 3 23
5 0 5 1 3 6 7 4 5 7 1
6 8 18 7 6 4 3 10 7 4 14
0 14 9 3 9 7 7 5 11 8 3
5 3 8 25 8 9 4 10 4 12 8
8 4 3 5 8 3 0 10 5 1 5
5 5 8 2 5 4 7 3 0 4 3
0 2 1 2 1 0 2 12 10 5 12
3 2 6 2 1 6 1 2 3 3 5
6 0 12 4 3 20 9 24 7 1 2
7 5 2 5 2 18 8 12 20 7 2
1 36
2 3
2 93
2 95
3 8
3 14
3 43
3 46
3 62
3 97
3 99
4 8
4 10
4 28
4 29
5 53
5 56
5 69
5 88
5 98
6 37
6 38
6 50
6 54
7 19
7 39
7 41
7 51
7 65
8 56
8 99
9 15
9 72
9 92
9 102
10 18
10 25
10 91
10 93
11 41
11 106
12 33
12 45
12 98
12 107
13 60
13 86
13 100
14 67
14 70
14 96
14 103
15 40
15 76
15 98
16 104
17 43
17 56
17 68
17 89
17 98
17 102
17 108
18 45
18 98
18 101
19 79
19 89
19 96
19 118
20 53
20 93
21 49
21 75
21 95
21 111
21 112
21 119
22 67
22 104
22 113
22 114
23 36
23 101
23 123
24 64
24 71
24 113
24 123
26 47
26 71
26 116
27 65
27 108
27 112
28 43
28 63
28 96
28 122
29 62
29 124
29 127
30 33
30 76
30 110
31 118
31 127
32 73
32 92
33 47
33 89
33 128
34 47
34 54
34 69
34 80
34 111
35 41
35 115
35 124
37 38
37 60
37 78
37 79
38 44
38 80
38 82
38 104
39 69
39 101
39 127
39 134
40 73
40 78
40 80
40 116
41 75
41 77
41 91
41 125
41 133
42 97
43 44
43 55
43 87
43 121
43 140
44 49
44 59
44 125
44 130
46 69
46 77
46 79
46 123
47 71
47 76
47 129
47 141
48 129
48 141
49 89
49 99
49 141
50 81
50 85
50 137
51 52
51 65
51 98
51 107
52 129
53 70
53 150
54 104
54 121
55 68
55 77
55 84
55 102
56 67
56 76
56 139
57 77
57 108
57 116
57 157
58 73
58 82
58 137
59 60
59 71
59 119
59 138
60 98
60 104
60 142
60 157
61 123
62 91
62 150
63 79
63 86
63 95
63 113
63 151
63 158
64 128
64 154
65 78
65 84
65 138
66 93
67 81
67 86
67 88
67 138
67 165
68 146
68 161
69 94
69 104
69 105
69 125
69 129
69 162
70 71
70 74
70 80
70 111
70 124
70 140
70 144
71 132
71 169
72 172
73 164
75 86
75 112
75 118
75 123
75 133
75 134
76 92
76 121
76 122
76 175
78 81
78 87
78 97
78 111
78 127
79 120
79 123
79 138
79 165
80 105
80 175
80 176
80 177
80 180
81 139
81 169
82 86
82 139
82 148
82 150
82 163
82 167
83 129
83 161
83 182
84 87
84 124
84 125
84 127
84 142
86 113
86 149
87 139
87 151
88 116
89 128
89 177
89 178
90 171
90 178
91 116
91 128
91 142
92 106
92 131
92 135
93 98
93 105
93 180
94 144
94 192
95 122
95 129
95 164
95 179
95 188
96 186
99 101
99 113
99 155
99 160
101 121
101 155
101 173
101 188
102 103
102 164
102 198
103 117
103 142
103 176
103 186
103 188
103 196
104 203
105 126
105 160
105 168
105 182
106 125
106 133
106 152
106 200
107 190
107 197
108 125
108 168
108 177
108 184
109 150
110 112
110 120
110 160
110 203
111 189
112 131
112 170
113 115
113 157
113 172
113 189
114 150
114 177
114 188
115 140
115 142
115 178
115 179
115 196
115 204
116 136
116 138
116 208
117 126
117 156
117 182
117 192
118 121
118 187
118 206
119 168
119 177
120 146
120 147
120 187
120 217
121 184
121 205
122 133
122 202
122 205
123 169
123 170
123 174
123 203
124 181
125 166
125 170
125 194
126 188
126 212
126 223
127 165
127 200
128 195
128 219
128 226
128 227
129 146
129 147
130 205
130 220
131 132
132 185
132 202
132 216
132 229
133 146
133 157
133 185
133 203
133 217
134 178
134 196
134 221
135 146
135 161
135 207
136 206
136 230
136 236
137 164
137 172
137 183
137 185
137 201
137 219
137 235
138 151
138 164
138 165
139 178
139 216
139 232
140 150
140 196
140 223
141 180
141 194
141 205
141 217
142 175
143 162
143 168
143 190
143 191
143 193
143 227
143 232
143 236
144 156
144 171
144 212
144 213
145 190
145 240
146 163
146 174
146 186
146 228
147 177
147 181
147 220
147 228
148 165
148 222
149 172
149 205
149 216
149 232
150 179
150 196
151 170
151 205
151 213
151 221
152 182
153 185
154 209
154 222
154 244
155 159
155 218
155 220
155 238
155 241
155 255
156 188
156 244
157 183
157 185
157 215
158 163
158 171
158 209
158 232
159 181
159 195
159 234
159 235
159 248
159 251
160 208
160 213
160 220
161 199
161 209
162 174
162 185
162 200
162 232
162 244
164 249
165 193
165 211
165 217
166 200
166 209
166 222
166 233
166 255
168 179
168 252
168 253
168 268
169 206
169 213
169 229
170 218
170 224
170 266
171 172
171 179
171 198
171 215
171 227
171 244
171 268
172 198
172 200
172 225
172 242
172 251
172 260
173 234
173 255
173 258
174 177
174 213
174 249
174 254
175 199
175 239
176 203
176 227
176 232
176 233
177 178
178 189
178 211
178 262
179 267
179 277
180 226
180 235
181 228
182 208
183 195
183 202
183 258
184 187
184 214
184 259
185 192
185 213
185 235
185 246
186 193
186 209
186 234
186 257
187 199
187 257
187 266
187 283
188 237
189 193
189 279
190 210
190 212
190 243
191 208
191 214
191 226
192 222
194 214
194 243
195 265
196 275
197 203
197 209
197 228
198 240
198 248
199 202
199 244
199 291
200 288
201 220
201 229
201 244
201 283
202 244
202 260
202 264
203 285
203 288
203 301
204 231
204 252
204 278
205 256
205 261
205 271
205 290
205 294
206 214
207 278
208 214
208 267
208 290
208 304
209 210
209 226
209 284
209 298
210 217
211 229
211 250
211 262
212 256
213 226
213 259
213 294
214 264
214 287
215 234
215 259
215 265
216 293
216 300
217 230
217 234
217 251
217 282
217 287
217 301
218 223
218 296
218 316
219 319
220 221
220 239
220 248
220 275
220 295
221 279
222 227
222 237
222 293
223 258
223 280
223 306
223 313
223 323
224 263
224 270
225 295
226 246
227 240
227 253
227 271
227 273
227 299
227 300
228 285
228 312
229 231
229 317
230 240
230 299
230 302
231 256
231 315
232 234
232 330
233 295
234 269
234 292
234 300
235 300
235 310
236 258
236 277
236 279
236 296
236 308
236 321
236 325
237 263
238 331
239 243
239 322
240 241
240 243
240 277
240 326
241 334
241 340
242 256
243 321
244 289
244 343
245 255
245 262
245 298
245 320
246 299
247 253
247 278
247 290
247 314
247 337
248 277
248 278
248 285
248 322
250 263
250 276
250 347
251 254
251 265
251 276
251 288
251 296
251 311
252 253
252 260
252 261
252 270
252 295
252 336
253 256
253 302
253 307
253 326
254 260
254 301
254 320
255 278
255 349
256 287
256 312
256 318
256 328
256 340
257 355
259 334
259 353
260 344
261 324
262 267
262 282
262 305
262 319
262 323
263 274
264 294
264 338
265 332
265 363
265 365
266 333
266 341
267 273
267 360
269 285
269 297
269 320
269 322
270 275
270 322
270 332
270 355
270 365
271 272
271 292
271 293
271 299
271 302
271 318
271 335
271 350
271 371
272 330
272 359
273 301
273 313
273 316
273 317
273 342
274 308
274 344
276 284
276 325
276 368
277 311
277 313
277 375
278 284
278 314
278 355
279 290
279 325
279 348
279 355
280 282
280 339
280 380
281 295
281 376
282 295
282 309
282 324
283 356
283 367
284 308
284 314
284 353
285 344
286 313
286 352
287 293
287 313
287 344
287 349
288 333
288 345
288 377
289 303
289 307
289 330
289 387
290 291
290 309
290 350
290 376
292 329
292 378
294 330
294 338
295 307
296 392
297 300
297 303
297 312
297 392
298 342
298 360
298 370
298 397
299 300
299 346
299 352
299 359
300 355
300 390
301 312
301 363
302 325
302 333
303 316
304 318
304 327
304 355
304 372
305 315
305 323
305 374
306 399
307 328
307 354
308 335
308 339
308 345
308 375
309 399
310 341
310 392
311 327
311 332
311 349
311 351
311 361
311 390
312 325
312 326
312 335
312 367
312 388
312 405
312 406
314 333
314 347
314 400
315 327
315 332
315 357
315 361
315 380
315 388
315 391
316 317
316 331
316 348
316 378
316 403
317 321
318 327
318 332
318 357
318 396
318 415
319 344
319 374
319 386
319 391
319 401
319 407
319 409
320 321
320 333
320 351
320 365
321 325
321 336
321 397
322 368
322 395
322 412
323 324
323 328
323 350
323 381
323 419
324 390
324 397
324 406
325 338
325 351
325 381
325 383
326 342
326 411
327 377
327 390
330 333
330 352
330 381
331 357
331 364
331 373
332 373
333 373
334 338
334 393
334 430
336 356
336 394
336 431
337 347
337 386
337 405
338 359
338 382
338 396
339 357
339 409
339 411
340 367
340 371
340 396
340 415
340 437
341 352
341 415
341 433
342 390
342 419
343 355
343 373
345 386
345 420
345 441
346 375
346 391
346 395
347 352
347 369
347 375
347 381
347 388
347 411
347 413
348 414
349 403
349 442
350 432
350 437
351 441
353 418
353 430
354 365
355 367
355 386
355 387
355 455
356 364
356 377
356 380
356 427
356 430
356 433
356 440
358 359
359 396
359 441
360 371
360 444
361 444
361 458
362 372
362 392
362 405
362 407
362 429
363 373
363 436
363 463
364 401
364 409
364 417
365 409
365 441
366 408
366 415
367 393
367 394
367 437
367 465
368 417
368 423
369 425
369 455
370 371
370 433
370 450
371 400
371 410
372 395
372 409
372 453
373 452
374 401
375 390
375 409
375 426
376 378
376 439
376 448
376 453
377 412
377 435
377 462
378 418
378 424
378 429
378 446
379 383
379 459
380 408
380 453
381 386
381 392
381 432
382 398
382 466
383 399
383 453
384 385
384 390
384 398
384 433
384 458
385 397
385 429
386 429
386 433
386 457
387 391
387 433
387 450
387 459
387 466
388 458
388 475
389 420
390 434
390 459
390 477
391 394
391 412
391 445
391 447
391 468
392 430
393 430
393 484
394 419
394 436
394 451
394 468
395 434
395 459
395 471
396 416
397 423
397 424
397 444
398 417
398 437
398 490
399 408
399 435
399 481
399 482
399 494
400 440
401 434
401 477
402 485
402 492
403 476
404 406
404 415
404 502
405 418
407 423
407 463
407 489
408 416
408 440
408 485
409 455
409 474
410 432
412 494
412 499
412 500
412 501
413 443
413 448
413 486
413 487
413 505
414 439
414 495
414 500
414 514
415 430
416 452
416 462
416 514
417 427
417 431
417 446
417 484
418 439
418 517
419 422
419 437
420 422
420 430
420 440
420 465
421 426
421 455
422 432
422 435
422 521
423 435
423 438
423 498
423 501
424 472
424 474
424 488
426 440
426 472
426 479
427 498
427 503
427 508
427 517
428 469
428 501
429 433
429 445
429 466
429 494
429 495
429 502
429 509
429 522
430 436
430 450
430 483
430 517
430 528
431 439
431 440
431 442
431 457
431 487
431 508
432 441
432 499
433 445
433 512
434 467
434 503
435 445
435 459
435 474
436 439
436 478
436 498
436 506
436 526
437 481
437 535
438 439
438 483
438 510
439 464
439 481
439 535
440 457
440 479
440 523
441 478
441 490
441 496
442 464
442 496
442 540
443 538
443 542
444 534
445 450
445 455
445 518
445 533
446 486
447 453
447 459
447 487
447 507
447 547
448 453
448 466
448 510
448 519
449 460
449 533
450 455
450 473
450 479
450 532
450 550
451 452
451 475
451 486
451 496
452 528
454 483
454 506
454 513
454 534
455 554
456 492
456 522
456 536
456 540
456 542
456 554
457 467
458 480
461 503
461 535
461 558
462 486
462 520
462 532
463 541
464 523
465 494
465 503
465 516
465 540
466 535
466 554
466 555
467 532
467 550
467 559
468 482
468 522
469 526
469 542
469 549
469 550
470 481
470 482
470 483
470 498
470 533
471 528
472 500
473 479
473 571
474 482
474 490
474 495
474 525
474 538
475 477
475 480
475 548
475 574
476 507
476 525
476 565
477 514
477 549
478 486
479 495
479 532
479 537
479 543
480 525
480 526
480 548
482 492
483 564
484 535
484 541
484 577
484 579
484 580
485 496
485 537
485 556
485 565
485 570
485 577
486 501
486 541
486 550
486 554
486 560
487 493
487 531
487 532
487 533
488 521
489 499
489 515
489 521
489 524
489 556
490 564
490 569
491 525
491 536
491 540
491 550
491 555
491 573
492 509
492 528
493 538
493 548
493 578
494 550
495 523
495 586
496 510
496 539
496 541
496 553
496 568
497 499
497 503
498 529
498 562
499 513
499 518
500 527
500 532
500 533
500 561
501 512
501 527
501 531
501 564
501 597
502 529
502 547
503 506
503 507
503 518
503 569
504 512
504 537
504 554
504 587
504 601
505 515
506 523
506 568
506 577
506 581
506 605
507 539
507 545
507 562
507 585
508 519
508 530
508 559
508 588
509 529
509 588
509 608
510 519
510 521
510 532
510 588
510 605
511 515
511 540
513 528
513 559
513 564
514 542
515 523
517 569
517 579
518 526
518 564
519 529
519 533
519 541
519 567
519 581
519 582
520 543
520 591
521 543
521 584
521 605
522 579
522 581
523 539
523 572
524 537
525 555
525 606
525 624
526 536
526 542
527 557
527 590
528 553
528 577
529 585
529 620
529 627
530 577
530 620
530 627
530 629
531 572
531 581
531 611
533 578
533 618
534 545
534 588
534 611
535 575
535 623
536 547
536 562
536 563
536 592
536 594
536 602
536 619
537 562
537 630
538 595
538 624
539 551
539 570
539 571
539 634
540 564
540 601
540 617
540 625
541 567
541 604
541 608
542 546
542 568
542 630
542 639
543 546
543 554
543 555
543 564
543 568
543 580
543 593
543 618
544 549
544 587
544 619
544 631
545 548
545 556
545 612
545 624
546 639
546 646
547 557
547 641
548 566
548 582
548 647
549 613
549 623
549 631
550 611
550 615
551 591
551 600
552 580
553 560
553 562
553 569
553 613
553 634
553 635
553 643
554 560
554 577
554 622
554 634
555 608
555 622
555 634
555 644
556 582
556 587
556 594
557 631
557 645
558 566
558 643
558 649
559 591
560 625
560 652
560 658
561 578
561 583
561 633
562 572
562 589
562 590
562 591
562 649
563 587
563 614
563 635
564 576
564 605
564 619
564 645
564 661
565 574
565 589
565 619
565 629
565 644
566 631
566 641
567 569
568 575
568 580
568 606
568 607
568 629
568 631
568 652
569 597
570 604
570 605
570 614
570 630
570 642
570 654
570 665
571 582
571 619
571 630
572 618
572 624
573 577
573 607
573 636
574 579
574 609
574 670
575 643
575 666
576 648
576 650
576 671
576 675
577 581
577 644
577 652
578 623
579 594
579 604
579 612
579 632
580 600
580 657
580 676
581 589
581 593
581 598
581 612
581 638
581 647
581 649
581 665
581 666
582 583
582 584
582 601
582 603
582 606
582 609
583 620
583 632
583 645
583 652
583 662
584 632
584 642
584 645
584 677
585 651
585 678
586 607
586 660
587 590
587 630
587 670
587 680
588 620
588 629
588 645
589 608
589 679
590 650
591 611
591 634
591 641
591 643
591 665
592 633
592 646
592 649
593 635
594 638
595 670
597 616
597 690
598 632
599 605
599 628
599 644
599 671
599 674
600 611
600 670
601 694
602 627
602 690
602 702
603 613
603 646
603 656
603 689
603 692
604 616
604 664
604 685
604 686
605 635
605 680
606 652
607 648
607 672
608 662
609 617
609 665
610 617
610 671
611 616
611 631
611 651
612 697
613 659
613 675
613 706
614 630
614 656
614 665
614 676
614 697
615 632
615 684
615 687
616 671
617 634
617 691
618 630
618 682
618 689
619 701
619 707
619 708
619 710
620 630
620 717
620 718
621 653
621 660
621 664
621 688
622 623
622 647
622 652
622 708
623 629
623 637
623 643
623 657
623 664
623 672
623 673
623 723
624 625
624 675
624 699
626 688
627 719
628 639
628 697
629 679
629 700
630 652
630 671
630 674
630 684
630 693
630 695
630 706
630 708
631 655
631 662
631 673
631 715
631 730
632 659
632 668
632 691
632 729
633 674
633 700
633 711
634 666
634 720
635 697
635 709
636 667
636 700
636 704
636 706
636 734
637 669
637 691
637 693
637 695
638 657
638 664
638 680
638 688
639 644
639 646
639 662
639 733
640 675
640 699
640 710
642 671
642 692
642 717
643 727
644 648
644 701
644 715
646 650
646 653
646 709
646 739
647 704
647 727
647 746
648 718
648 739
649 705
649 733
650 677
650 695
650 718
651 691
651 698
651 708
651 725
652 658
652 693
652 737
653 731
654 679
654 684
654 696
655 673
655 680
655 682
655 692
655 702
655 725
656 716
656 749
657 689
657 690
657 707
658 710
659 686
660 693
660 696
660 701
660 757
661 714
662 736
663 688
663 728
663 757
664 690
665 677
665 694
665 725
665 730
666 676
666 713
666 737
667 732
667 761
667 766
668 682
668 753
669 691
669 703
669 729
670 707
670 731
670 734
671 676
671 691
672 691
672 696
672 730
672 766
673 694
673 720
674 753
675 678
675 733
676 717
678 680
678 696
678 720
678 741
679 735
682 703
682 749
682 769
683 753
683 756
683 775
684 713
684 754
684 784
685 697
685 766
686 709
686 713
687 707
687 757
688 755
689 693
689 694
689 716
689 724
689 746
690 701
690 728
690 746
692 704
692 710
692 791
693 723
694 719
694 757
694 790
694 792
695 793
695 794
696 737
696 756
696 767
696 771
696 783
697 701
698 706
698 710
698 719
698 744
698 775
698 790
699 739
699 769
700 717
700 733
700 746
700 753
700 774
700 778
701 753
701 770
701 771
701 773
701 800
702 713
702 724
702 745
702 750
702 758
702 776
702 789
704 720
704 751
704 756
705 729
705 739
705 769
705 787
705 788
706 713
706 722
706 757
706 771
706 796
707 715
707 754
709 710
709 790
709 794
710 754
710 769
710 805
710 807
711 765
711 779
712 738
712 748
712 774
713 750
713 769
713 790
714 730
714 761
714 769
714 782
714 794
715 756
715 790
715 802
716 787
716 802
717 729
717 737
717 750
717 773
717 777
718 731
718 747
718 748
718 778
719 757
719 778
719 814
720 775
720 797
721 819
722 730
722 755
723 739
723 774
724 760
724 816
724 824
725 734
725 761
725 778
725 804
725 814
725 815
726 740
726 793
726 823
727 728
727 732
727 814
727 823
728 794
728 804
730 755
730 786
730 789
730 799
731 732
731 744
731 749
731 761
731 795
732 759
732 788
732 803
733 741
733 807
733 812
733 814
733 830
734 739
734 780
734 820
735 797
735 802
735 809
737 743
737 822
737 827
737 831
739 741
740 745
740 755
740 813
741 744
741 819
742 779
742 784
742 791
742 842
743 772
743 799
744 778
744 825
744 831
745 765
745 818
745 828
745 834
746 800
746 809
746 810
746 813
746 836
747 776
747 804
748 768
748 786
748 802
748 844
749 786
749 795
749 799
750 831
751 789
752 800
752 805
752 848
753 759
753 781
753 790
755 847
756 811
757 799
757 813
757 816
757 847
759 797
759 835
760 777
760 780
760 842
760 844
761 776
761 796
761 807
762 788
762 821
762 823
763 770
763 832
763 849
764 804
764 809
764 841
764 859
765 779
765 794
765 802
765 830
766 788
766 798
766 805
766 861
767 833
767 864
768 770
768 791
768 824
768 826
768 839
768 841
768 850
769 802
769 808
769 864
770 771
770 786
770 803
771 827
771 834
771 864
772 814
772 856
772 868
773 805
773 844
774 873
775 786
775 790
776 835
776 852
777 797
777 852
778 803
778 840
778 849
778 854
778 864
778 875
779 820
779 872
781 820
781 827
781 857
782 784
782 842
783 866
783 872
784 799
784 824
784 826
785 809
785 858
785 861
785 875
786 794
786 873
787 803
787 809
787 841
787 866
787 877
787 880
787 885
788 887
789 794
789 811
789 846
789 868
789 887
790 805
790 832
790 837
790 851
790 869
791 847
791 876
792 821
792 839
792 864
793 796
793 818
794 798
794 834
794 839
795 829
795 840
795 857
796 837
796 850
796 857
796 891
797 808
797 830
797 851
797 872
798 860
799 866
800 867
800 873
801 822
801 828
801 838
801 876
801 897
802 805
802 877
802 880
802 900
803 834
803 835
804 833
804 865
804 887
804 904
805 829
805 840
805 879
805 902
806 819
806 904
807 810
807 826
807 836
807 858
807 862
808 832
808 854
808 887
809 828
809 892
810 856
810 868
811 830
811 849
811 866
811 879
811 907
812 858
812 870
813 821
814 880
815 849
815 851
815 894
816 854
817 876
817 877
817 908
818 845
818 849
819 829
819 842
820 821
821 847
821 861
821 870
821 888
821 921
822 863
823 830
823 843
823 860
823 878
824 832
824 900
825 886
825 911
826 851
827 853
827 904
827 908
828 862
828 878
828 901
828 911
829 879
830 839
831 853
831 857
831 874
831 881
831 927
832 834
832 884
833 878
833 902
833 904
833 910
833 923
834 847
834 866
834 875
834 909
835 879
835 909
835 913
835 929
835 930
836 921
836 933
837 882
837 916
838 874
838 881
838 918
838 937
839 862
839 910
839 919
839 925
840 851
840 906
840 909
840 932
841 884
841 938
842 878
842 890
842 900
843 860
843 863
843 886
843 927
844 852
844 905
844 934
844 939
845 868
845 886
845 942
846 857
846 858
846 895
846 896
846 920
847 890
847 897
847 932
847 945
848 900
848 904
848 906
848 909
848 928
849 850
849 856
849 897
849 910
849 945
850 882
850 891
850 898
850 914
850 936
851 871
851 877
851 913
852 877
852 879
852 881
852 892
852 898
852 908
852 919
852 931
853 892
853 915
854 888
854 896
855 880
856 858
856 879
857 895
857 897
857 927
857 933
857 950
858 903
858 951
859 924
859 953
860 954
861 913
861 945
864 906
866 919
866 920
867 947
867 958
868 891
868 898
868 903
868 925
868 930
868 932
868 955
869 905
870 883
870 885
870 910
870 938
871 877
871 911
871 961
871 964
873 883
873 924
873 943
873 948
873 970
873 972
874 879
874 960
875 966
875 969
876 898
876 947
877 899
877 941
878 914
878 944
878 978
879 896
879 928
880 899
882 957
882 975
883 921
883 932
883 972
884 913
884 927
885 892
885 905
885 928
885 942
886 888
886 921
886 922
886 939
887 914
887 916
887 938
888 903
888 923
888 937
889 919
889 988
890 980
891 905
891 958
891 959
891 984
891 990
892 902
892 926
892 933
892 957
892 992
893 895
893 928
893 977
894 904
894 935
894 947
895 901
895 910
895 914
895 967
896 951
896 976
897 915
897 924
897 963
898 914
898 965
898 989
899 971
900 906
900 920
900 940
900 941
900 984
901 903
901 906
901 910
902 909
902 917
903 977
903 997
904 960
904 974
905 961
905 977
906 958
906 989
907 918
907 931
908 934
908 972
909 926
909 944
909 960
909 968
909 975
909 986
910 948
910 951
910 989
911 916
911 946
911 970
911 974
912 936
912 964
912 978
913 929
915 935
915 960
916 934
916 964
916 965
917 941
917 948
918 947
918 977
919 922
919 943
919 988
920 970
920 976
922 923
922 951
922 965
923 938
923 948
923 961
923 979
924 958
925 948
925 985
925 989
925 990
925 998
927 933
927 981
927 984
928 952
928 990
929 930
929 944
929 949
930 995
931 946
931 987
931 990
932 993
933 937
933 967
933 978
933 980
933 985
934 953
934 966
934 987
934 988
936 952
936 954
937 944
937 979
939 973
940 991
940 995
941 1000
942 998
943 955
945 976
946 954
946 981
948 993
950 957
950 988
952 971
952 973
954 978
955 962
958 979
958 992
959 965
960 996
961 966
962 992
962 998
966 988
970 995
971 972
971 993
973 984
973 993
977 984
977 985
982 997
982 999
982 1000
983 994
985 987
986 998
990 996
990 1000
993 999
995 996
996 999
11 0 2 37 1 20 16 10 7 12 11
21 5 0 1 18 8 17 28 13 24 13
14 6 23 9 18 13 18 3 28 17 26
5 8 3 6 10 15 13 7 27 2 7
6 1 6 0 8 6 10 9 4 4 6
20 2 12 13 24 24 10 0 6 14 5
8 7 1 4 3 12 16 2 5 13 7
2 12 2 14 3 12 2 0 11 10 7
9 14 5 15 40 15 1 16 27 11 12
8 2 13 19 6 21 3 7 1 10 15
23 16 19 3 25 25 12 4 20 4 11
12 14 5 11 10 1 10 1 8 7 3
4 12 0 21 11 10 21 15 16 3 3
9 7 9 10 4 8 35 4 22 2 20
10 24 22 17 14 8 17 23 18 0 15
16 25 27 1 3 10 1 16 7 16 11
6 6 1 13 11 8 11 4 10 6 16
1 2 7 12 2 2 2 21 8 10 5
3 9 1 6 16 11 1 11 12 2 6
16 6 27 5 8 11 3 8 5 19 27
34 24 10 22 47 40 42 38 6 28 16 50 33 22 18 26 32 46 34 22
20 5 6 14 22 11 24 28 4 22 7 27 15 24 11 21 14 30 11 14
10 12 3 12 16 7 13 15 6 4 12 17 16 11 11 14 10 14 19 6
37 32 20 28 54 37 49 45 14 43 23 37 21 30 10 47 29 58 44 43
9 7 1 5 7 1 7 8 1 7 1 7 8 4 6 4 5 12 9 3
1 6 1 7 13 10 10 8 1 1 5 11 9 1 2 6 1 5 8 1
8 9 1 1 9 2 6 10 2 4 1 11 4 1 1 7 5 13 6 1
9 20 7 26 36 9 18 22 11 13 20 24 26 19 17 21 17 33 37 15
36 26 24 37 52 35 44 51 19 49 26 31 28 40 14 29 37 51 46 37
18 19 3 19 31 23 27 38 24 22 8 34 24 7 1 22 19 36 35 17
32 18 11 18 38 27 39 39 8 32 14 40 19 27 14 26 33 36 31 26
6 8 1 3 8 5 5 10 7 6 4 9 6 3 5 11 3 11 9 5
3 5 1 1 1 2 5 6 1 1 1 6 4 1 1 1 3 1 3 1
27 17 4 13 30 16 26 29 6 24 1 19 14 15 1 24 13 44 20 20
19 14 4 7 18 14 14 16 1 13 2 12 13 6 2 9 9 26 12 4
20 20 9 30 47 30 22 34 29 39 30 37 25 15 24 32 26 43 44 29
8 9 1 1 9 4 3 1 1 3 1 1 3 1 1 2 3 3 3 1
21 5 1 17 20 5 15 29 16 23 9 18 19 18 13 16 15 29 29 9
25 22 13 27 35 25 23 31 18 27 13 24 29 23 12 11 27 32 39 18
7 3 1 4 6 3 5 10 1 3 3 4 4 7 6 7 1 10 6 1
34 10 1 31 42 13 34 49 21 38 12 38 33 28 19 33 30 50 41 25
15 17 3 11 33 15 19 24 19 27 13 28 12 13 14 36 16 39 27 27
9 11 4 14 15 8 11 15 3 5 11 17 18 12 12 4 14 8 17 1
5 7 1 6 10 4 9 16 3 4 3 3 9 3 3 8 6 12 13 1
32 39 34 46 55 38 60 56 29 35 39 54 27 41 15 43 44 46 53 44
34 17 13 24 42 24 48 46 4 40 13 36 24 28 11 36 32 41 22 32
39 29 23 38 54 33 47 43 14 40 21 36 36 42 18 16 41 50 39 24
38 26 10 14 53 32 46 55 20 48 14 44 28 27 22 46 37 65 42 36
1 1 1 1 1 4 1 3 1 1 1 6 4 1 2 1 1 1 1 1
29 33 17 22 39 24 38 24 8 21 16 27 15 20 6 24 21 36 27 21
9 10 1 1 11 8 5 10 5 9 2 3 4 1 1 9 4 11 8 4
10 5 1 2 9 5 6 6 1 9 1 4 6 1 3 2 3 9 5 2
9 6 1 8 9 7 6 12 7 6 6 11 12 8 10 7 6 14 15 5
6 10 1 5 14 5 6 1 1 3 6 1 2 1 3 7 1 4 6 3
10 17 15 20 38 18 26 27 6 22 23 30 12 25 14 24 19 26 30 26
35 29 10 31 38 32 34 39 22 21 12 39 35 14 11 15 26 49 39 10
7 3 1 1 9 7 1 13 10 11 1 4 1 1 1 14 1 14 10 8
38 34 30 41 49 39 50 48 23 32 29 40 30 31 3 27 37 37 49 35
31 23 25 27 42 38 36 45 20 35 25 40 22 25 6 27 34 41 39 33
7 7 8 5 4 11 12 13 4 6 7 14 7 7 1 4 10 6 7 1
34 29 4 49 60 25 39 59 42 36 27 52 50 34 29 31 47 65 66 21
10 11 1 9 16 6 8 9 2 6 8 8 13 5 7 10 4 16 14 4
24 25 5 27 42 6 34 33 11 24 17 30 24 29 18 36 22 38 33 26
12 8 1 13 17 3 7 13 1 5 6 17 20 11 11 3 11 20 18 1
22 16 2 8 21 12 19 14 2 16 2 6 8 6 2 13 8 21 13 9
47 28 16 40 58 38 50 48 25 40 28 59 43 45 30 25 50 50 42 20
7 14 8 14 19 8 16 10 1 6 17 13 10 13 10 15 6 6 14 9
18 25 7 29 31 9 32 31 14 9 13 20 28 14 7 24 17 33 39 14
40 26 17 37 58 37 47 57 30 54 15 33 30 25 9 36 35 66 50 39
5 4 2 1 6 5 5 9 2 1 3 6 1 1 2 7 1 7 3 1
12 13 9 23 37 25 24 25 7 19 22 33 23 18 15 18 14 30 28 14
21 22 12 33 41 22 34 48 23 28 25 34 22 22 10 29 32 42 45 25
29 16 1 13 38 24 34 33 6 29 8 25 18 9 3 34 12 42 26 24
43 40 10 33 66 26 48 41 10 40 23 41 34 32 23 44 40 59 48 37
15 5 3 26 26 11 15 27 14 13 16 27 33 18 20 11 21 32 35 3
28 26 22 28 47 27 45 31 11 30 18 22 14 28 8 27 27 41 30 26
7 6 5 1 12 13 6 15 7 12 4 18 5 5 4 9 5 21 8 5
13 12 1 10 25 12 14 13 13 23 11 9 9 8 10 24 6 19 21 20
14 13 1 10 8 4 12 18 14 9 1 11 16 4 4 9 12 16 19 7
38 31 12 28 49 43 37 32 20 35 17 40 30 20 18 27 24 51 31 16
15 22 6 20 27 7 20 11 6 11 16 9 16 11 11 14 12 9 22 12
14 9 7 22 28 17 20 27 10 20 19 29 22 23 19 7 24 24 26 5
2 10 2 9 12 4 11 12 1 1 8 4 8 3 3 8 5 7 14 3
25 11 16 28 42 21 39 44 22 38 16 33 24 25 17 30 27 43 38 28
23 21 7 34 41 29 28 48 29 22 21 37 35 15 14 27 29 43 51 19
9 7 1 1 6 5 8 16 8 8 1 7 8 6 5 14 4 16 11 6
10 15 1 7 19 7 12 8 1 12 8 8 10 1 3 10 5 14 11 8
16 6 11 25 24 22 22 33 18 21 23 36 30 25 23 14 23 33 34 8
23 13 5 13 16 13 21 23 7 9 6 15 17 15 6 8 15 18 16 1
4 1 1 7 8 3 1 2 1 1 5 7 9 7 9 1 3 6 8 1
2 1 1 1 3 4 2 9 1 1 1 2 4 1 1 1 2 6 4 1
6 1 1 9 10 4 6 11 1 6 8 13 9 13 11 4 6 12 9 1
3 12 1 1 16 1 4 4 2 3 1 10 4 3 5 12 5 16 8 5
3 3 1 1 6 4 1 3 1 3 1 2 1 1 1 4 1 5 3 1
21 19 11 24 30 27 37 34 10 17 22 30 23 16 9 24 14 27 27 14
33 22 1 22 38 15 31 31 15 23 9 26 28 19 10 23 17 42 30 14
16 13 4 11 12 10 19 31 20 14 4 23 14 9 4 16 16 26 25 11
31 42 20 28 48 26 38 35 20 29 14 35 28 27 13 32 29 51 45 34
6 13 1 5 9 4 9 11 5 3 5 8 10 1 1 11 5 10 13 5
8 10 4 4 7 8 11 13 4 2 4 13 7 3 2 5 9 6 8 1
29 25 25 47 50 29 44 45 24 32 43 38 37 38 28 29 40 33 51 26
6 12 1 11 25 7 8 8 3 13 12 13 12 8 9 11 7 17 18 8
14 6 1 5 9 8 8 9 4 10 1 5 6 8 7 9 4 11 7 1
29 29 12 36 47 30 39 47 25 37 17 26 26 25 5 20 37 42 47 25
27 7 14 13 27 24 26 38 10 35 9 28 4 25 2 22 21 43 17 26
19 21 8 11 37 23 22 34 16 25 7 31 18 18 12 32 18 53 30 24
22 13 14 21 31 29 23 32 18 35 19 21 10 22 12 23 26 32 31 25
36 22 11 35 45 22 40 46 20 33 9 19 36 26 14 26 26 52 48 21
32 12 8 32 44 30 34 49 32 40 24 46 36 25 24 35 34 52 50 26
18 21 1 22 33 15 24 30 15 13 8 21 27 3 1 17 15 38 34 10
21 15 4 12 21 7 22 29 4 13 1 24 21 16 10 15 18 33 17 9
34 31 24 41 46 31 38 49 25 38 25 31 36 35 16 17 43 47 49 27
24 21 13 18 28 23 27 25 11 23 12 23 16 16 8 12 21 25 21 14
41 34 7 40 67 26 48 52 23 40 16 47 41 35 19 46 38 70 54 39
30 40 18 29 65 49 52 38 9 33 34 56 30 28 21 43 36 51 46 38
1 5 1 3 9 1 2 7 2 2 4 2 2 1 3 9 1 8 10 3
8 6 1 13 14 7 9 20 11 13 4 10 17 9 10 9 10 21 21 6
13 7 1 11 12 3 19 27 10 12 1 6 15 4 1 7 12 20 20 3
26 35 19 35 43 25 37 33 15 19 22 21 24 26 12 32 24 43 45 27
31 38 25 37 52 35 46 38 16 29 25 29 24 31 11 38 24 53 43 33
13 15 12 18 32 24 18 25 6 17 12 33 25 22 17 11 21 37 26 11
6 2 1 1 11 8 2 1 1 10 1 3 1 1 1 2 1 7 1 2
32 7 3 23 40 20 28 28 3 36 8 19 19 26 13 15 24 41 24 18
40 28 26 33 45 42 45 50 16 37 18 41 31 31 5 17 34 55 38 26
26 19 1 19 30 12 23 26 15 22 12 19 24 17 13 21 17 28 28 12
4 6 7 1 8 10 8 11 1 7 6 15 4 6 5 5 6 10 1 1
43 30 17 29 58 30 52 39 5 46 11 37 20 29 9 51 27 53 34 47
27 20 19 30 46 16 35 43 21 25 3 42 39 34 31 27 31 57 37 18
18 20 8 26 37 14 33 39 18 27 17 17 25 21 12 34 17 38 43 25
47 35 30 41 62 49 60 58 31 51 34 49 24 34 1 44 47 48 54 50
15 22 12 21 28 17 27 29 9 13 16 32 21 15 8 11 24 23 23 11
37 24 15 26 45 30 40 42 19 40 17 36 23 30 13 29 32 48 36 28
24 12 7 13 19 12 16 14 1 16 8 8 14 19 12 10 13 22 14 9
24 13 3 19 22 8 17 27 11 21 4 12 21 15 8 13 18 36 31 11
44 31 6 32 54 26 58 46 6 32 14 44 37 28 15 39 35 40 38 32
34 21 8 22 41 39 36 34 11 30 12 30 28 6 7 22 22 42 30 16
18 10 1 7 9 4 12 16 8 5 1 7 10 3 2 6 9 16 13 1
13 8 2 14 19 17 22 21 3 9 3 23 21 6 4 2 11 18 19 4
15 21 18 24 25 19 29 34 12 19 23 21 16 18 7 26 19 24 33 24
25 19 14 41 47 36 38 46 15 27 34 38 37 22 13 23 30 33 48 17
30 39 19 41 53 29 52 55 26 28 25 47 32 32 13 45 30 62 50 33
27 15 18 23 39 31 41 30 3 30 27 31 11 25 8 28 25 17 25 30
43 27 18 40 54 31 56 58 26 40 14 42 39 33 13 26 38 59 46 23
30 42 15 36 61 19 49 45 15 27 19 49 43 32 31 41 44 51 52 35
21 20 3 11 25 11 22 17 9 12 1 27 17 9 7 11 18 22 14 9
36 23 19 24 50 29 46 32 1 38 16 33 10 32 5 32 26 46 16 35
42 25 25 24 39 45 44 43 13 47 15 35 21 27 5 20 36 44 36 38
20 25 5 23 27 10 23 26 18 10 14 16 22 13 11 19 17 21 33 13
14 10 2 18 32 14 13 24 7 10 7 25 27 16 15 15 14 42 29 7
34 31 18 38 46 38 44 53 26 32 16 37 37 22 5 21 33 56 50 24
24 28 5 23 37 26 30 23 13 23 15 22 21 4 5 23 13 34 31 15
9 5 8 5 13 20 11 8 1 12 1 14 5 6 1 1 7 15 5 3
40 36 22 52 61 28 49 51 29 41 24 41 44 42 20 14 50 54 57 23
18 13 5 17 21 15 12 17 4 12 9 19 24 12 13 5 15 24 22 5
36 13 4 24 47 31 38 45 15 42 9 33 36 21 22 29 28 53 44 24
4 6 2 4 1 5 8 9 1 2 1 5 6 3 3 1 6 1 6 1
17 16 1 7 15 6 10 18 12 9 1 7 10 1 1 10 10 18 17 5
38 40 22 34 43 24 51 52 29 20 9 56 44 42 23 29 43 52 40 22
29 24 4 23 44 21 31 28 8 22 10 30 30 17 13 18 24 42 28 13
36 27 19 30 34 39 39 37 13 26 15 33 30 21 7 11 26 39 31 14
38 32 8 37 48 31 46 52 27 29 8 37 38 25 4 18 34 60 50 14
28 16 2 9 32 24 31 26 4 21 1 34 19 11 6 18 18 36 18 13
6 6 1 9 8 6 5 18 14 11 5 8 12 5 7 13 9 14 23 11
29 19 22 35 48 34 35 35 15 41 34 31 20 34 19 21 31 34 39 30
29 17 15 29 49 35 42 36 6 28 28 39 22 26 10 28 18 40 32 23
12 10 8 6 13 15 11 13 5 17 2 4 4 9 3 6 10 14 14 9
18 11 1 22 24 8 23 26 6 8 6 30 27 19 11 6 16 28 24 1
2 3 1 1 6 6 3 9 1 3 1 6 5 1 1 1 2 6 3 1
24 14 15 22 36 28 25 27 11 33 20 26 18 25 17 17 25 33 26 20
6 7 1 10 10 6 10 14 3 10 1 6 17 4 5 1 10 13 15 4
25 17 1 26 39 18 34 28 7 19 17 32 29 18 14 28 13 34 25 12
38 34 14 28 51 30 44 37 10 41 17 26 24 26 10 36 29 46 46 38
28 25 22 47 57 32 42 53 31 40 40 44 36 39 27 34 44 53 59 30
3 3 1 1 8 4 1 1 1 4 1 5 1 1 1 2 1 7 1 1
5 5 1 2 5 5 4 6 1 1 1 3 5 1 3 2 2 3 5 1
15 14 9 6 17 17 15 22 12 21 9 13 9 9 6 18 11 20 17 13
21 14 4 33 38 6 31 35 17 24 19 17 30 25 21 19 24 30 42 10
36 27 9 42 52 30 44 49 28 32 27 46 43 34 19 22 37 49 51 13
29 16 8 22 31 18 33 35 8 23 7 16 20 22 5 12 23 30 23 10
44 26 5 30 54 36 47 49 21 41 9 38 42 11 18 32 33 54 48 21
6 6 1 1 6 1 3 1 1 2 1 1 2 1 2 5 1 3 3 1
37 27 15 26 51 31 41 38 14 42 14 35 26 34 12 33 29 52 34 35
24 17 12 28 45 22 33 44 11 26 19 43 35 37 25 22 32 49 36 14
27 43 11 34 43 23 39 41 33 25 20 41 29 28 12 27 32 43 47 20
37 25 23 35 48 38 42 56 32 52 26 33 21 23 19 41 37 58 44 38
33 28 23 41 53 32 37 31 15 32 31 33 35 37 20 20 31 45 44 24
12 8 1 4 9 4 5 9 3 4 1 8 8 1 2 3 5 17 10 1
10 8 1 8 9 9 8 9 4 5 1 9 14 5 7 4 7 10 12 1
17 22 13 22 32 17 24 14 1 17 20 13 13 20 11 12 19 15 23 13
18 18 8 19 24 14 32 33 11 15 11 18 19 13 3 14 22 21 22 9
34 17 12 24 34 29 35 45 13 29 5 27 27 20 1 24 20 55 33 22
37 9 6 42 50 23 37 49 21 33 24 43 48 35 27 31 30 59 45 14
32 26 18 22 50 40 45 39 8 37 26 50 27 26 15 33 38 32 36 36
23 30 21 35 58 36 47 36 11 35 28 37 23 31 18 31 38 39 42 33
10 10 9 15 26 21 16 24 5 18 4 24 17 16 7 6 18 37 22 9
29 15 8 22 41 15 36 49 15 30 6 38 33 31 17 33 29 58 32 21
4 2 1 1 8 7 1 1 1 5 1 3 6 1 3 1 1 6 4 1
7 1 1 10 17 9 6 15 7 15 11 15 11 13 12 4 9 15 16 3
10 8 1 9 9 9 8 12 3 7 4 9 16 6 8 1 7 10 14 1
1 1 1 1 1 3 3 4 1 1 1 7 1 1 1 1 1 3 1 1
9 1 1 1 3 2 7 13 4 7 1 2 1 7 3 11 1 13 5 4
3 2 1 15 17 12 9 17 2 1 7 15 21 5 6 4 4 15 21 1
11 19 8 12 29 8 16 18 6 4 5 26 22 18 18 19 13 35 19 11
12 5 1 5 5 4 8 11 4 5 2 5 7 7 6 8 4 11 10 2
13 12 1 8 7 1 11 21 14 5 1 8 12 2 1 9 10 16 19 5
22 22 16 27 28 16 35 28 6 15 25 21 16 24 10 18 22 10 25 15
37 14 16 34 38 26 40 61 30 40 15 33 26 30 11 23 39 48 46 24
5 2 1 5 9 6 2 9 3 6 3 7 7 5 7 5 1 9 10 1
28 24 27 36 49 36 46 51 22 40 31 37 25 31 9 35 33 43 48 37
10 7 1 8 10 5 9 14 7 10 5 14 13 10 10 10 7 20 15 6
21 12 4 11 16 16 17 20 2 10 1 11 17 8 4 7 9 25 15 4
7 6 5 6 15 14 13 17 8 17 9 12 10 9 6 14 7 12 16 11
6 6 1 6 6 3 9 12 4 5 1 7 8 1 3 1 5 6 12 1
41 24 25 44 52 50 45 59 30 42 29 53 31 26 9 28 41 55 56 35
12 7 1 4 11 10 9 8 4 12 1 7 7 1 5 4 6 8 7 5
8 12 6 26 37 13 22 33 17 26 22 29 25 27 23 18 26 35 35 14
9 6 1 1 7 3 4 4 1 1 1 1 2 1 1 4 1 4 1 1
29 30 12 18 47 29 38 42 16 34 9 44 24 23 14 29 37 45 37 31
26 35 18 26 50 32 49 41 19 39 26 34 15 28 18 56 26 45 40 47
43 32 30 39 52 28 47 42 24 41 16 30 33 37 17 28 34 53 41 32
6 9 1 1 4 1 6 6 1 1 1 1 4 1 1 6 3 4 5 1
15 10 1 17 19 10 17 22 10 16 5 13 21 9 10 8 14 21 24 8
10 6 1 3 3 1 7 8 2 3 1 5 6 1 1 2 5 7 6 1
33 22 17 25 50 23 34 30 14 37 4 32 28 29 25 21 35 53 33 26
13 5 7 12 12 10 15 20 7 12 13 16 13 20 14 13 12 17 17 6
2 5 1 3 11 9 7 17 8 9 1 12 9 1 1 13 1 17 17 7
8 12 1 10 9 3 9 11 5 2 3 11 14 4 6 4 8 6 13 1
23 7 1 7 18 6 15 19 3 20 1 10 8 13 5 18 8 27 7 10
13 15 1 16 19 8 15 17 9 2 3 16 22 6 5 6 10 13 22 1
6 18 2 13 24 3 14 18 9 13 8 12 8 5 3 21 8 26 28 17
25 11 7 14 21 11 17 14 5 17 8 8 14 21 12 14 13 22 15 11
7 8 5 8 7 8 9 13 7 8 6 9 11 8 9 8 7 7 14 5
13 9 7 11 17 14 9 13 1 10 4 10 11 9 7 2 10 22 13 5
8 5 2 11 21 7 13 25 19 26 2 9 14 7 7 17 13 27 26 15
16 6 1 19 37 12 21 29 12 28 10 18 22 16 11 26 10 42 33 17
33 25 11 31 45 21 45 44 12 30 18 32 29 23 11 45 16 47 37 30
29 21 14 36 40 30 45 51 24 27 25 36 37 23 19 29 28 43 41 12
38 26 7 38 49 27 44 61 39 38 20 45 45 22 21 42 33 65 55 18
13 22 7 17 18 12 26 25 12 5 12 19 14 11 1 11 19 11 19 7
22 25 12 25 38 27 26 26 14 29 12 21 25 17 7 17 18 35 37 24
31 23 24 42 56 34 43 57 21 34 26 54 44 45 30 28 45 62 54 26
15 15 4 20 40 24 25 25 9 29 7 18 20 10 6 20 14 39 34 22
38 47 21 38 67 41 57 45 18 41 26 45 31 29 22 40 45 57 54 41
30 28 13 16 29 20 31 28 9 16 8 25 14 21 5 13 26 35 18 9
30 32 11 31 43 15 43 46 24 28 17 25 24 23 5 42 25 44 43 33
34 21 9 20 46 28 47 38 1 31 12 45 22 26 10 31 29 40 19 27
46 30 6 14 39 35 45 41 7 34 8 31 26 20 11 24 34 43 34 24
26 16 10 8 27 19 20 13 2 25 2 7 9 15 1 12 10 26 8 15
14 11 1 19 24 19 19 21 6 10 11 27 26 7 12 7 9 25 24 2
7 4 1 1 9 6 6 6 5 11 1 3 3 1 3 8 2 7 6 7
26 13 1 15 23 12 23 35 24 29 7 18 13 10 4 26 18 34 28 21
4 6 1 8 13 3 5 2 1 2 8 11 10 6 8 7 2 9 9 2
44 21 21 36 46 34 48 52 20 38 10 33 39 33 10 20 33 57 40 21
10 8 1 1 10 4 6 5 1 7 1 1 3 1 1 4 2 4 4 1
5 6 1 11 5 3 8 15 3 1 3 11 14 5 6 1 9 10 17 1
4 4 1 1 15 6 6 3 1 9 1 12 3 1 1 10 1 14 4 6
29 12 7 17 41 22 35 30 1 31 12 38 16 31 16 28 27 35 14 24
6 1 8 5 6 12 9 11 4 5 7 11 1 8 6 4 7 4 5 1
9 9 2 3 11 9 8 9 1 9 2 6 5 2 3 3 5 7 5 1
13 16 2 13 29 4 20 19 4 15 11 15 11 19 12 27 7 29 19 17
32 34 33 42 60 35 56 47 16 42 26 38 20 45 13 30 39 57 36 37
1 9 2 8 13 4 11 11 1 4 7 5 6 2 2 8 4 7 12 4
11 10 1 12 19 7 9 18 8 11 1 13 16 9 10 7 13 26 19 3
25 29 13 32 49 31 43 33 16 20 26 42 27 18 11 35 21 39 42 26
25 30 1 25 55 23 32 38 22 37 21 44 27 16 21 41 37 45 50 36
35 26 13 46 50 26 44 54 27 34 30 39 37 37 17 21 42 46 54 16
15 18 17 26 44 26 26 31 11 22 23 45 29 34 25 15 32 35 32 16
10 5 1 5 9 5 5 7 1 8 1 1 4 6 7 7 1 9 5 1
17 8 1 3 18 14 13 10 1 16 3 11 4 5 5 12 4 19 5 8
4 4 1 3 12 5 4 7 1 1 4 15 6 7 7 7 2 13 7 1
12 5 1 7 8 5 13 15 4 9 2 6 11 7 6 8 5 9 13 4
8 5 1 1 8 3 3 6 1 4 1 1 3 1 1 5 1 10 3 1
34 29 1 26 36 26 37 42 21 17 9 35 32 13 1 20 18 46 36 5
14 18 7 17 30 19 14 24 16 25 16 13 11 10 9 25 14 30 32 23
34 28 8 27 52 36 42 34 9 33 11 30 28 11 6 28 24 51 40 26
22 18 12 19 22 16 31 32 7 17 17 18 13 17 5 19 17 18 22 13
9 8 1 4 9 1 6 20 11 9 1 10 8 1 1 13 7 24 19 7
32 26 13 33 43 19 40 49 19 24 18 49 35 43 19 25 40 44 39 20
15 8 1 5 4 1 13 23 11 10 1 7 10 4 1 12 7 21 17 5
20 15 8 9 27 16 14 18 12 27 4 18 12 16 13 19 13 39 21 21
5 4 11 8 5 14 13 21 6 12 10 14 6 10 4 6 11 10 11 8
8 8 1 2 9 5 4 13 8 12 2 3 8 1 2 11 4 14 13 6
10 12 1 14 17 1 8 11 5 4 10 17 17 15 17 8 15 19 19 1
34 19 4 22 35 16 32 40 13 28 3 23 29 17 5 23 22 42 26 17
35 14 21 45 51 49 39 59 32 46 41 51 36 29 24 28 42 49 58 29
8 4 1 2 6 3 4 8 1 4 2 5 2 4 4 7 1 9 3 1
22 26 9 20 36 10 35 44 23 24 1 32 29 21 17 33 30 51 37 25
39 20 14 34 41 29 44 59 27 39 21 43 26 34 5 33 37 42 40 30
13 9 6 10 20 13 9 5 1 13 6 7 8 12 9 2 10 10 10 5
37 36 21 39 51 31 47 43 18 33 20 28 28 34 5 37 26 53 46 40
13 20 4 11 19 9 15 12 7 9 8 9 10 4 3 16 7 12 19 12
25 10 19 21 28 26 28 30 2 27 14 15 10 25 3 9 23 24 18 14
32 41 14 44 54 42 55 55 37 35 31 55 38 23 11 40 34 50 56 28
8 7 2 6 8 7 7 11 1 3 3 5 9 5 6 2 5 6 10 1
16 15 4 18 24 13 24 28 9 13 9 18 22 10 8 16 14 30 26 7
20 7 17 17 28 27 28 22 4 25 20 22 11 19 3 12 19 4 15 18
13 14 3 11 27 18 19 35 19 21 12 29 10 8 6 33 13 44 27 21
4 2 1 6 8 1 1 2 2 4 4 1 7 6 8 3 3 4 10 1
38 35 3 32 42 25 38 37 20 20 14 33 36 26 9 14 26 44 38 6
4 7 1 2 7 2 5 4 1 1 4 3 1 2 3 8 1 4 2 2
32 17 1 26 35 14 34 32 5 16 8 25 29 17 9 27 13 31 25 12
35 25 25 39 47 34 39 43 20 37 27 35 32 36 9 17 41 30 46 28
5 8 3 1 15 9 7 7 1 8 2 17 5 7 7 4 8 14 3 3
3 9 1 7 10 4 9 11 1 1 8 3 8 5 5 7 4 4 13 1
11 5 3 2 2 7 12 19 4 5 2 9 6 4 1 6 7 13 10 1
20 14 5 17 28 18 17 12 1 14 5 15 19 11 6 7 11 26 21 6
35 19 17 23 40 38 37 44 19 41 10 30 25 25 8 28 20 55 38 31
14 5 1 5 8 4 13 19 7 12 1 9 8 11 4 16 5 22 10 9
9 13 9 14 25 12 21 29 8 14 14 22 10 15 6 20 16 30 20 14
6 2 7 2 6 14 7 17 7 16 5 9 1 5 1 7 6 13 7 8
13 6 3 8 15 12 7 6 1 9 3 9 11 10 7 1 8 15 12 2
4 7 1 1 7 1 4 2 1 1 3 1 3 1 1 8 1 2 3 1
6 10 4 7 19 10 15 21 4 8 5 21 16 9 4 9 13 26 14 1
41 23 18 35 38 31 44 44 13 30 11 33 34 35 11 18 33 44 33 23
10 6 6 11 11 14 19 29 3 7 5 19 16 8 1 9 12 23 17 3
13 14 2 15 17 6 14 18 9 1 5 21 18 11 9 3 15 17 20 1
43 19 21 31 46 37 45 60 29 46 21 46 25 34 4 30 41 51 42 34
17 11 8 13 14 15 18 18 5 13 9 14 13 11 8 3 14 10 13 4
10 2 1 8 14 12 8 14 7 11 3 12 13 1 3 8 1 21 16 4
13 9 5 12 11 10 16 26 10 9 7 15 11 10 5 10 13 18 20 6
48 30 24 42 54 34 44 44 27 46 32 32 38 46 25 30 39 51 46 32
24 11 12 30 42 22 25 36 17 30 20 36 32 36 28 14 35 47 35 9
8 2 5 15 17 11 10 21 6 11 13 17 20 16 14 6 13 18 21 4
27 18 1 14 17 9 22 32 19 17 1 17 20 13 3 15 16 30 25 7
14 9 1 9 12 7 14 11 5 11 5 7 11 9 9 11 7 12 13 7
4 6 1 8 13 4 6 13 7 12 5 5 10 6 8 10 6 7 19 7
22 20 9 18 23 16 19 16 7 12 6 13 16 15 8 3 20 16 20 6
4 7 1 8 12 9 7 7 1 1 5 11 11 5 7 7 1 8 9 1
10 10 3 9 9 6 14 21 3 1 2 15 13 2 1 2 13 16 13 1
39 18 9 38 47 8 44 48 26 36 7 35 42 34 22 31 34 52 42 22
11 7 15 11 15 19 16 21 1 14 15 18 6 14 4 6 14 8 9 10
24 40 34 41 54 45 44 44 31 43 38 39 16 37 15 42 38 53 51 48
6 9 2 2 7 5 7 11 3 5 3 5 7 1 3 7 4 7 8 1
45 38 11 47 66 21 53 47 18 40 15 38 41 43 17 31 41 61 49 29
19 18 9 23 31 18 24 27 8 15 19 31 25 18 12 10 22 25 26 7
29 16 10 33 40 26 38 54 25 37 21 47 30 30 17 33 35 51 42 30
40 32 26 31 58 21 46 41 23 40 1 35 36 39 26 32 42 64 40 32
22 23 18 18 28 25 26 26 6 20 13 24 14 17 5 9 25 27 19 14
24 8 2 17 25 18 21 24 5 15 6 15 20 16 7 15 9 31 22 9
3 1 3 1 2 6 5 10 4 6 2 5 1 3 3 5 2 5 5 2
16 17 6 26 33 21 24 25 8 7 21 24 28 12 13 20 10 27 31 8
16 11 7 25 32 16 28 33 13 16 13 24 31 17 15 15 17 32 33 6
8 4 3 4 7 6 9 11 2 7 3 7 4 8 6 8 2 9 5 2
5 3 1 1 7 3 1 9 4 11 1 1 3 1 1 5 1 12 9 3
15 11 4 26 28 11 16 26 11 14 16 28 31 21 22 5 25 28 30 1
26 32 10 30 44 26 34 27 8 17 18 30 27 9 4 21 18 41 34 14
22 33 20 32 46 28 37 43 25 31 23 33 21 22 9 32 34 49 46 31
18 21 7 8 34 23 28 17 3 21 12 29 9 9 8 25 16 23 18 21
18 10 10 32 28 24 32 40 7 13 21 29 34 24 14 12 23 29 33 5
3 6 6 8 17 17 15 21 4 13 8 17 11 6 2 9 7 17 14 7
17 5 1 10 23 14 17 31 15 23 10 21 4 13 4 31 10 33 18 20
36 24 19 34 47 38 46 37 4 31 22 31 28 28 10 18 30 35 34 23
17 12 6 13 16 17 14 32 18 19 7 16 16 7 6 14 17 27 29 13
33 22 8 20 28 15 27 36 13 27 1 15 19 18 2 21 20 44 29 20
38 9 16 26 45 38 44 50 9 45 16 41 23 29 6 31 29 46 31 32
1 1 1 1 1 1 1 1 1 1 1 5 2 1 1 1 1 1 1 1
25 14 5 10 26 14 30 27 5 21 7 27 14 17 4 22 16 28 9 13
7 6 1 2 10 3 3 6 3 5 4 7 5 1 3 8 1 13 6 2
7 10 4 12 16 8 8 14 1 4 9 11 16 9 11 7 9 13 16 1
29 19 4 23 45 15 36 35 4 28 7 38 35 29 20 31 32 49 33 25
18 12 1 20 19 5 14 21 7 3 6 18 26 12 10 5 17 23 25 1
12 11 1 7 18 6 11 10 7 14 8 1 8 7 8 15 4 14 14 9
9 7 5 10 7 8 10 17 4 4 4 7 13 6 7 4 10 12 15 1
31 12 8 18 28 10 23 33 7 32 1 21 17 23 12 26 19 48 21 23
14 16 13 27 31 15 28 27 6 15 22 15 18 21 11 15 20 19 29 12
37 16 4 23 42 34 41 47 18 39 7 31 29 14 10 30 22 56 39 20
11 12 10 14 13 13 18 33 13 13 10 18 14 9 1 13 18 18 23 12
33 31 5 22 39 25 27 37 26 27 3 31 24 18 1 19 29 53 38 17
15 16 3 5 24 7 10 10 1 11 5 14 12 15 13 12 11 26 11 5
15 15 2 9 16 7 20 23 5 5 7 13 9 3 1 14 9 21 17 4
4 4 1 2 2 4 4 6 1 1 1 7 9 1 1 1 3 4 7 1
39 22 1 21 33 22 38 35 19 29 1 28 26 20 3 19 24 36 30 14
29 29 5 30 51 24 42 39 18 31 10 29 29 12 5 29 26 46 47 26
41 18 16 34 43 16 52 52 14 41 9 37 35 36 23 36 37 48 33 27
6 13 2 5 14 5 13 22 7 8 1 21 15 6 6 9 14 23 18 7
5 10 7 4 10 10 12 11 4 3 10 9 4 6 4 10 7 3 6 4
19 48 30 40 60 27 40 40 27 26 29 43 28 42 32 45 41 56 57 44
51 19 18 34 49 33 53 48 10 43 18 41 27 38 12 27 40 37 28 32
16 10 1 7 9 1 16 16 6 5 1 6 11 4 1 3 9 12 12 1
50 36 23 48 64 34 52 51 35 49 13 41 50 37 21 25 47 63 59 35
9 8 1 7 19 12 6 20 15 16 5 23 13 9 10 20 12 33 24 15
14 15 2 9 18 10 11 8 1 9 4 8 13 5 5 3 9 7 10 2
26 17 21 28 44 31 31 30 11 34 26 37 22 33 14 17 35 25 31 24
31 31 6 32 40 15 39 46 28 26 12 24 33 22 7 30 25 46 47 19
32 9 10 35 43 14 32 42 25 36 16 24 38 34 31 22 32 42 43 10
8 11 9 16 14 12 16 21 10 14 14 17 16 16 13 11 17 10 22 9
7 13 1 10 17 1 11 14 5 5 2 8 12 1 1 7 10 18 17 1
31 26 17 32 41 23 41 42 12 32 19 26 23 28 6 27 27 43 38 26
41 25 10 31 55 29 44 46 18 51 12 23 28 27 11 42 31 58 44 41
15 13 2 7 14 9 13 15 8 12 1 8 9 3 1 3 11 13 13 4
35 23 12 31 47 27 47 47 9 34 25 35 24 27 12 32 34 35 40 29
20 16 4 14 27 17 20 29 18 21 6 25 15 13 7 13 20 30 27 12
6 10 1 6 16 6 6 7 4 10 7 6 2 2 4 13 1 13 11 7
18 7 3 21 32 10 19 28 16 27 10 19 23 19 18 20 18 37 32 14
12 6 4 7 12 8 12 20 4 7 4 7 10 8 1 11 7 18 10 1
15 13 4 9 11 9 14 27 16 11 3 12 12 4 5 15 11 20 23 10
22 19 1 19 37 7 29 29 13 26 9 20 24 20 16 29 19 42 32 19
54 32 21 34 57 40 61 62 18 57 13 40 30 34 4 36 47 61 41 44
12 8 1 3 12 8 11 5 2 11 1 10 9 1 3 8 6 9 6 7
13 13 1 10 15 3 10 19 15 14 1 10 12 4 4 12 9 19 22 8
34 23 31 46 60 29 45 48 23 38 33 47 36 47 30 32 44 46 50 32
21 20 10 18 26 21 19 24 10 24 1 15 21 11 6 10 18 32 28 16
25 27 18 26 38 26 39 30 8 30 15 18 17 20 4 24 24 35 33 27
14 17 7 11 25 14 15 9 4 13 10 14 8 7 4 17 4 21 14 12
45 25 20 19 46 40 49 44 11 45 17 39 14 24 1 31 36 41 29 35
22 13 7 13 13 13 21 24 10 10 7 14 15 13 8 9 15 17 17 1
2 4 6 8 8 9 11 24 9 13 5 9 9 7 3 9 11 17 16 6
17 9 1 4 12 4 13 14 1 8 1 8 11 4 1 8 5 15 7 1
14 6 2 19 33 14 16 32 18 21 4 24 23 12 13 17 12 44 33 10
5 2 1 1 1 3 6 8 1 2 1 4 3 1 1 2 2 2 3 1
14 11 4 14 20 12 16 28 8 12 6 22 21 14 9 11 17 31 24 3
14 15 1 18 19 3 11 21 13 7 9 10 21 10 11 12 15 18 29 6
18 41 21 32 46 17 42 41 24 12 17 45 31 29 20 40 30 47 48 31
17 15 4 6 16 11 16 17 8 11 8 9 7 6 5 19 6 19 13 9
33 21 11 18 36 25 27 35 20 39 10 16 11 20 2 32 23 44 27 33
5 1 4 6 8 11 5 15 3 7 5 7 7 7 5 3 4 12 11 1
31 33 26 44 54 33 48 53 21 34 34 36 28 41 15 38 39 50 54 37
30 20 9 33 40 24 33 45 25 32 23 32 31 29 16 15 34 35 42 12
4 1 1 8 15 5 5 9 1 1 8 18 11 10 9 6 4 14 11 1
21 18 7 18 39 5 24 38 17 28 1 24 24 28 18 34 24 56 31 25
25 21 7 23 34 24 39 31 9 17 17 24 21 13 3 25 11 26 28 13
26 27 12 38 47 31 37 49 23 26 30 40 36 20 14 34 26 47 53 22
37 25 19 25 34 32 38 38 21 37 10 24 21 25 5 16 29 39 34 28
25 5 7 25 26 11 22 33 18 23 20 23 28 30 24 23 21 35 32 12
13 9 5 14 22 14 9 14 7 16 12 20 18 16 15 5 15 21 18 4
14 14 12 17 25 21 23 33 8 15 15 30 16 13 3 13 20 27 25 14
14 14 1 6 18 6 13 19 8 17 6 3 9 2 1 21 4 24 19 13
33 22 11 19 24 22 32 43 22 28 7 24 19 23 6 20 24 40 30 16
37 34 16 31 67 37 46 41 16 49 22 42 15 35 13 55 35 63 44 53
1 14 7 8 14 6 13 5 1 1 12 9 1 5 1 13 2 3 8 9
29 27 7 36 34 31 37 49 28 20 18 40 41 18 13 20 27 40 46 7
7 9 3 13 18 1 13 18 12 11 5 5 15 8 9 11 12 19 20 5
5 3 2 1 7 8 3 8 1 3 1 7 2 1 1 3 1 9 3 1
38 27 18 45 49 29 48 66 41 43 25 41 35 33 20 34 46 52 57 28
1 1 1 1 1 2 2 8 1 1 1 3 5 1 1 1 1 4 4 1
13 16 1 12 13 7 13 17 12 9 6 13 17 6 8 12 11 10 19 6
13 8 1 4 15 10 9 24 15 17 6 13 10 5 1 24 7 31 21 13
25 14 14 19 34 23 30 26 4 32 15 14 7 27 6 21 17 27 19 24
25 32 21 26 52 38 42 41 18 33 22 44 25 23 11 34 30 48 40 35
27 19 5 16 29 13 28 23 4 23 10 16 16 16 8 25 12 27 15 18
37 42 23 31 47 29 41 29 24 38 19 23 24 22 4 22 29 38 39 37
31 36 18 43 45 26 47 44 18 19 28 44 34 37 11 23 36 39 44 17
5 3 1 1 3 3 6 4 1 5 1 4 5 1 1 1 2 1 3 1
6 4 1 1 7 5 5 9 2 5 1 11 3 3 4 4 3 13 6 1
7 8 1 4 6 4 6 12 8 7 1 7 9 1 4 9 6 11 12 6
42 34 8 45 56 31 46 49 22 29 29 44 49 27 23 26 34 54 49 11
13 9 8 6 12 14 17 17 1 7 10 10 4 10 3 8 10 9 4 4
9 6 1 6 9 3 7 18 4 3 1 8 9 4 4 10 3 20 16 2
7 6 1 4 17 8 13 18 8 12 3 8 11 1 1 18 1 21 19 10
11 10 1 16 13 3 9 12 8 6 9 12 18 11 13 5 14 8 21 3
9 10 3 5 11 10 8 11 6 9 4 13 10 4 6 10 5 13 11 4
24 16 18 14 31 34 23 30 20 39 9 25 13 16 1 14 20 41 27 31
17 10 2 4 9 9 10 15 5 8 1 8 8 2 1 5 8 18 11 3
21 18 9 14 28 17 27 24 8 14 9 33 24 21 18 17 23 30 22 13
25 23 8 17 37 23 33 24 4 23 9 17 18 7 2 17 21 28 23 18
42 41 13 44 54 23 45 41 23 30 17 28 37 36 14 23 37 52 50 19
15 12 2 17 26 14 13 18 9 16 13 20 23 14 14 6 17 18 24 2
10 3 4 2 7 9 15 16 5 13 3 9 4 9 4 12 4 13 7 7
19 23 8 27 31 8 31 36 13 12 18 18 18 21 7 32 17 32 38 21
4 2 1 2 5 7 3 5 1 1 1 7 8 1 1 1 1 7 4 1
6 2 1 6 12 7 4 6 3 9 4 3 5 6 8 4 2 6 8 3
18 11 7 12 18 13 10 9 5 15 7 7 13 14 11 7 12 17 16 8
12 26 9 20 37 9 26 33 19 23 8 24 27 19 20 30 24 41 37 25
41 40 28 41 53 39 51 42 22 40 24 40 28 35 6 18 40 37 44 34
8 1 1 1 7 6 3 3 1 8 1 1 1 1 1 1 1 6 1 1
11 16 1 18 27 8 17 13 3 3 14 22 21 14 14 14 11 23 23 6
5 3 3 4 5 6 4 10 4 3 3 6 4 5 6 5 2 7 8 2
7 8 1 3 16 10 5 7 1 3 1 12 10 1 1 2 1 19 8 1
19 10 14 20 38 28 27 37 12 34 16 37 19 23 12 22 26 39 31 26
12 6 1 12 14 12 10 21 7 12 2 12 19 5 6 7 8 26 22 4
19 13 12 26 32 18 27 27 6 15 29 34 19 30 19 11 27 19 24 10
5 3 3 6 13 8 4 12 6 10 5 13 5 8 9 7 4 17 12 4
8 6 1 3 1 1 6 9 2 1 1 6 9 1 1 1 5 7 8 1
28 34 13 28 50 32 38 45 24 32 17 41 27 20 10 32 33 55 45 30
11 10 1 7 9 5 7 10 3 7 1 6 10 3 5 4 7 12 11 1
3 2 1 1 3 3 2 9 5 6 1 5 1 1 1 8 1 10 5 3
38 28 19 35 48 24 47 44 13 42 21 36 29 37 18 39 32 47 37 37
35 17 6 19 31 15 29 32 17 33 5 21 19 20 9 25 18 40 25 23
32 20 13 32 39 27 40 41 13 20 21 41 30 31 11 16 29 32 34 12
14 5 1 1 7 8 8 12 1 7 1 4 3 3 1 5 2 17 4 1
39 35 14 36 59 40 51 62 29 46 15 56 37 36 13 28 51 59 56 32
2 11 5 8 20 6 15 27 10 12 4 21 15 14 10 14 18 30 21 7
18 32 14 26 35 15 33 34 14 8 17 37 28 26 17 19 30 30 32 15
3 3 1 1 6 1 1 3 1 2 1 1 2 1 3 4 1 4 4 1
30 37 10 40 49 33 43 42 19 18 23 49 41 31 13 11 35 42 42 8
7 9 1 2 12 1 8 6 1 5 4 1 3 1 1 9 1 9 7 3
44 42 11 47 62 32 61 54 27 35 20 41 41 37 7 29 38 56 49 21
44 19 14 43 62 39 53 62 21 54 19 41 42 39 17 35 43 64 52 34
33 31 20 25 55 32 54 50 11 41 24 51 25 37 19 50 36 51 42 47
31 32 21 40 52 38 44 51 27 44 25 32 26 18 11 31 39 50 52 37
22 15 11 11 30 25 20 17 7 28 7 13 8 13 8 17 13 27 18 20
8 9 1 5 10 4 7 12 6 7 6 9 7 5 6 14 1 15 11 6
36 28 18 33 52 25 46 43 9 34 11 41 37 41 22 26 41 54 33 27
25 23 11 16 22 17 18 14 7 15 1 9 14 11 6 5 19 18 17 11
7 7 1 10 8 7 8 12 6 5 3 9 16 5 7 5 6 8 17 3
9 2 5 1 4 8 10 15 1 3 4 16 5 7 2 5 4 16 3 1
39 23 12 49 54 27 57 72 34 43 19 52 41 35 13 39 44 63 56 32
16 11 2 14 18 8 14 24 9 13 11 12 17 14 12 14 13 19 24 4
18 22 9 24 32 14 22 28 16 15 21 34 26 25 21 15 29 27 30 9
11 11 1 6 11 2 10 21 9 10 4 1 9 2 2 18 6 20 19 9
10 11 9 15 18 17 15 25 9 12 14 19 20 14 11 13 14 20 24 8
6 3 2 2 14 12 6 13 8 15 1 17 6 3 4 9 2 21 11 8
4 5 1 8 7 4 4 10 1 7 1 6 11 5 7 1 6 11 11 1
14 8 9 8 14 16 19 22 5 17 9 13 5 8 1 9 13 9 11 10
17 28 9 30 34 12 32 34 19 12 15 27 29 14 6 23 22 35 41 17
19 17 10 12 36 21 34 29 8 29 16 29 4 20 5 36 15 35 23 29
8 8 1 4 4 3 9 10 2 1 1 10 8 1 1 1 7 3 6 1
11 7 1 14 17 3 9 15 3 7 8 12 17 13 12 9 11 21 19 1
15 5 4 16 20 7 17 36 21 24 1 17 20 9 9 16 19 31 32 11
15 11 4 12 18 11 9 22 10 15 4 11 15 7 8 11 11 30 24 10
40 33 15 39 48 25 35 40 24 33 23 33 39 33 15 16 36 52 48 22
13 8 1 19 19 6 14 22 10 12 9 21 25 14 13 11 13 24 28 3
29 27 7 27 38 15 28 22 6 20 13 20 27 22 11 12 23 34 31 12
19 19 5 13 19 12 17 27 15 13 6 17 17 6 1 13 15 25 23 7
8 6 1 5 12 8 4 5 3 7 5 5 4 5 7 7 1 5 6 1
25 25 10 39 45 24 39 41 21 19 22 35 41 18 18 22 24 41 47 10
35 22 29 46 59 48 44 44 14 43 35 46 40 42 20 11 42 44 45 26
25 9 14 25 33 31 35 38 12 27 18 38 23 19 7 19 21 30 32 21
18 12 3 12 26 18 27 32 10 21 6 22 19 6 2 22 12 36 25 14
33 21 10 24 33 33 28 27 13 22 14 22 25 14 10 17 17 40 26 10
17 23 1 17 21 13 20 30 25 16 4 23 22 11 4 17 19 24 31 11
19 14 1 10 32 18 24 24 8 26 5 17 14 4 4 20 15 29 22 16
1 6 1 3 6 1 2 1 1 1 3 1 5 2 4 5 1 1 8 1
10 2 1 4 9 4 3 6 2 8 2 1 5 6 6 5 1 11 8 1
6 10 1 3 8 1 6 7 1 3 3 1 5 1 1 8 2 5 9 2
40 37 30 53 64 32 57 59 35 42 31 46 49 44 31 42 46 60 66 36
1 1 1 6 5 1 1 1 1 1 4 6 8 6 8 1 3 6 10 1
24 16 1 27 27 4 23 33 13 13 11 23 30 23 15 17 23 34 32 8
16 19 10 10 24 16 19 14 5 16 11 13 6 9 6 15 10 22 15 13
22 11 1 14 32 12 21 19 7 23 13 20 15 13 13 20 17 26 25 13
6 7 1 10 10 5 7 8 1 1 3 12 16 5 7 1 7 2 13 1
25 16 2 23 42 15 22 26 9 20 20 32 26 29 22 24 19 42 26 12
47 31 22 34 50 31 43 52 16 49 11 37 34 36 21 46 35 64 43 43
18 20 8 16 23 15 17 16 1 11 5 6 13 10 3 6 14 21 21 9
4 6 2 2 9 8 7 13 1 1 4 11 8 2 1 5 5 12 8 1
10 10 6 12 19 9 14 20 9 13 15 17 13 16 14 17 11 20 20 9
11 19 5 11 28 12 13 12 3 15 5 11 8 8 2 11 13 29 16 10
24 20 11 23 34 21 28 33 17 29 11 16 22 20 12 24 19 43 35 20
13 20 1 29 33 2 21 25 12 11 17 15 26 15 12 12 20 19 37 7
23 10 1 7 15 10 17 21 7 16 1 13 9 11 1 17 8 26 11 9
37 26 26 36 49 41 38 44 22 42 25 37 36 39 17 18 32 53 44 29
31 23 4 18 26 20 25 23 13 15 1 27 23 14 1 3 21 32 20 4
32 11 18 35 40 30 40 59 31 43 21 34 24 24 9 25 40 38 47 28
30 22 5 25 40 32 41 44 8 26 15 42 36 19 14 19 36 35 41 20
13 7 10 14 14 20 18 24 6 12 10 24 14 12 5 6 14 17 18 8
23 8 5 18 23 14 23 38 15 26 7 18 25 20 12 16 19 39 32 10
3 3 1 3 12 2 1 1 1 1 2 12 7 5 7 3 1 11 6 1
2 8 3 1 6 6 8 8 2 1 5 11 4 2 1 7 4 5 4 1
22 20 15 26 36 18 32 45 16 26 14 34 26 26 14 17 34 38 38 19
17 14 1 26 32 6 19 33 21 18 6 19 33 14 12 13 22 33 42 7
29 30 12 28 44 12 42 43 15 16 9 44 37 35 22 33 32 47 32 21
3 13 4 5 10 3 15 12 2 1 9 6 1 3 1 16 2 8 12 8
22 33 22 41 58 29 47 53 29 31 27 57 35 33 21 38 44 43 56 41
31 23 7 40 49 35 41 43 17 27 16 47 44 27 11 8 35 43 42 8
22 18 5 10 17 12 17 16 7 9 3 10 11 7 5 10 12 16 13 4
15 15 8 11 26 23 12 25 16 26 6 17 6 6 1 19 14 36 24 23
15 15 8 9 17 14 18 25 12 15 9 22 9 9 4 14 16 22 16 9
37 33 22 34 38 27 29 38 26 36 16 21 33 27 12 15 33 46 46 29
43 40 22 43 53 45 59 50 19 31 39 47 32 29 12 36 34 42 42 22
9 6 1 12 9 3 5 13 4 3 5 5 15 7 9 3 9 10 19 1
38 18 7 22 41 29 32 42 26 44 15 33 16 14 14 38 26 51 37 34
32 56 20 49 63 29 53 47 33 21 26 56 48 42 24 32 43 58 60 24
30 23 9 29 35 36 39 42 15 23 27 39 29 17 13 25 22 37 32 5
30 8 7 16 30 24 30 42 20 41 12 27 12 18 9 36 22 40 24 31
23 5 14 10 27 27 28 28 6 28 16 26 3 15 1 20 16 22 13 21
14 10 5 16 42 27 27 39 13 30 4 38 25 17 14 24 22 51 36 21
10 20 14 28 36 10 26 45 23 23 13 40 34 30 27 23 37 43 46 23
19 13 13 9 13 20 18 22 10 19 8 15 10 11 4 11 16 21 15 13
51 29 32 51 56 35 55 59 28 48 23 45 44 50 19 13 53 58 54 29
22 14 1 21 35 26 24 26 11 23 9 24 28 4 9 18 13 37 29 9
8 5 1 6 9 9 13 15 2 6 1 15 13 1 2 4 4 14 14 2
29 22 3 26 42 20 26 35 20 31 9 20 26 18 10 20 28 41 41 19
24 16 7 29 32 32 30 36 15 20 25 36 29 17 15 20 21 30 34 6
25 16 2 21 36 24 28 33 17 20 11 34 27 12 9 22 14 38 34 12
35 19 23 35 55 41 50 50 15 47 26 32 25 33 7 36 29 46 45 40
7 4 1 4 5 6 1 11 10 11 1 4 4 4 6 10 1 10 11 8
24 38 17 25 43 19 42 43 20 15 12 42 29 26 13 32 30 49 39 24
25 36 20 27 49 18 44 42 18 25 17 39 31 34 23 44 26 52 44 34
11 11 1 6 13 3 8 15 4 6 2 11 12 2 3 10 7 22 14 2
19 11 7 14 20 17 19 32 14 22 9 13 19 13 10 18 14 27 28 14
19 5 6 13 26 14 23 28 1 20 9 24 9 18 2 15 13 30 6 10
59 33 17 43 54 45 63 59 23 52 11 52 41 45 9 24 47 64 41 31
13 7 2 14 19 12 16 25 3 10 13 17 20 16 10 11 12 21 22 1
25 26 30 40 51 38 38 36 17 36 38 40 24 38 16 29 33 35 47 37
19 25 19 28 44 30 37 39 17 29 18 23 17 23 6 32 21 48 41 29
20 18 3 10 20 9 26 27 8 10 2 26 15 17 4 10 19 26 14 3
21 24 9 22 36 16 30 23 8 21 18 16 12 19 8 28 15 28 31 22
6 4 5 1 7 12 6 10 3 7 3 7 2 3 1 4 5 7 4 2
26 23 12 32 40 23 32 37 23 30 27 30 29 28 20 17 33 26 37 16
21 23 12 19 40 30 35 30 7 28 11 28 16 9 1 24 19 40 32 26
32 17 3 13 31 20 26 21 6 28 8 22 18 14 13 23 21 30 25 18
31 22 19 25 36 27 22 29 22 37 15 20 20 29 11 17 24 40 35 28
10 5 1 6 4 2 9 18 7 11 2 6 9 8 6 12 4 21 16 5
7 5 3 9 22 14 14 22 6 18 8 27 15 14 11 15 16 27 22 14
13 11 8 1 14 15 10 11 3 8 6 15 6 6 3 6 9 16 5 4
40 28 9 27 35 26 41 49 24 33 12 37 25 30 3 21 31 45 30 14
24 23 12 23 30 19 30 34 16 25 9 16 20 16 5 12 28 31 30 13
37 49 15 36 51 30 43 38 23 24 17 39 34 33 14 15 40 48 44 14
12 4 1 3 7 2 11 11 1 10 1 7 5 9 5 8 3 16 5 4
24 22 16 30 41 21 40 40 12 31 21 23 17 26 7 26 25 39 38 25
29 11 12 12 22 22 31 30 4 27 8 21 12 19 3 15 18 27 10 16
11 2 1 2 5 4 5 9 1 6 1 2 3 5 4 5 1 12 4 1
13 8 11 10 20 12 23 26 1 13 9 27 7 26 9 16 17 22 12 13
9 1 1 5 7 4 4 14 3 7 1 6 5 3 3 6 3 20 10 1
11 19 13 19 22 14 23 26 10 12 20 13 12 15 8 24 12 21 29 18
9 4 9 8 14 18 15 24 10 20 8 16 11 8 4 13 10 20 15 14
10 9 1 6 17 13 18 16 3 14 6 12 8 6 5 14 12 9 16 10
10 8 1 2 12 6 10 8 3 11 1 7 9 1 1 9 5 10 9 6
24 23 7 14 37 32 35 35 7 30 9 29 19 5 1 25 23 36 30 25
21 14 10 25 27 16 24 28 11 17 21 33 24 27 21 7 28 24 24 5
1 8 2 3 8 5 7 14 5 6 5 9 5 1 2 11 3 14 11 5
3 5 3 3 1 6 8 12 1 2 2 5 6 3 3 1 6 4 7 1
30 24 8 31 44 27 39 54 29 30 18 49 33 27 17 37 32 56 46 26
35 25 3 27 39 11 42 38 9 23 4 28 29 21 7 27 22 35 27 18
10 11 3 10 15 17 18 23 7 2 9 21 17 2 2 12 6 18 18 1
19 13 11 13 21 21 24 22 5 19 11 24 12 12 7 10 17 18 13 12
32 22 1 20 47 34 39 48 10 35 17 37 37 14 17 37 28 48 49 28
17 26 3 18 27 12 25 32 17 9 7 31 26 11 8 20 18 37 31 11
26 9 4 20 35 30 34 37 9 26 16 31 23 17 10 28 13 37 28 14
8 14 15 24 27 15 21 19 3 12 28 22 13 23 14 13 17 7 21 14
49 42 26 51 62 36 58 55 28 40 16 50 48 46 19 17 53 62 51 23
16 4 5 27 27 11 18 29 16 18 17 18 30 23 24 10 24 26 33 2
24 6 4 24 39 17 20 27 18 37 13 21 25 21 19 15 25 45 36 16
27 10 9 22 33 12 26 34 14 28 8 16 24 25 18 18 20 36 28 10
23 15 11 26 24 18 24 27 10 15 18 30 23 23 14 3 27 20 24 6
7 10 4 7 16 13 21 15 1 12 9 13 3 5 1 13 9 8 10 11
18 8 5 18 33 22 21 33 21 33 18 34 17 19 18 28 24 38 34 25
18 9 1 10 23 7 20 19 1 15 5 17 13 11 2 20 5 27 8 11
5 1 1 1 1 3 6 14 3 4 1 5 1 3 1 10 1 12 4 1
21 9 11 14 23 21 23 34 8 22 12 20 14 20 6 21 13 31 19 15
25 34 28 53 55 33 48 53 29 31 46 45 34 43 26 32 46 41 59 29
15 5 4 6 17 14 14 17 1 14 4 9 8 10 5 8 6 20 9 4
9 6 13 20 23 16 15 19 3 16 23 22 12 23 14 5 19 5 16 8
48 36 28 50 55 25 64 65 20 43 26 53 38 47 17 43 46 50 49 41
13 12 7 27 46 29 25 36 16 28 28 42 22 21 15 23 19 39 37 18
26 19 5 12 30 18 25 11 1 22 6 4 7 11 4 16 12 21 14 17
22 19 1 19 30 18 28 33 18 20 9 26 26 4 4 25 14 36 33 18
7 3 1 11 13 7 8 11 1 1 5 14 17 9 9 4 5 14 16 1
9 8 1 5 8 5 5 13 5 4 1 3 9 1 4 7 6 12 12 3
22 16 15 20 25 22 28 34 14 26 21 21 13 20 9 23 19 19 28 21
21 21 5 28 33 29 28 30 13 12 25 32 34 16 20 18 20 25 32 1
14 21 15 14 30 24 26 24 10 29 14 16 4 13 1 22 16 26 25 27
7 3 1 4 9 4 5 7 1 4 1 9 10 4 4 6 1 13 10 1
29 7 16 25 41 28 37 48 17 42 7 35 21 29 9 19 26 57 31 23
24 19 15 22 32 22 25 26 8 24 10 15 22 23 12 9 24 33 26 11
6 4 2 3 9 7 4 10 4 9 1 5 4 3 5 6 1 9 8 3
22 17 2 18 35 22 23 32 16 23 14 24 20 4 4 29 7 46 30 14
16 31 11 18 33 9 23 15 8 8 15 24 19 18 16 26 17 27 27 18
16 9 7 9 22 20 20 32 13 27 7 15 11 8 2 20 14 30 22 16
29 20 18 24 44 30 44 36 5 31 23 38 15 28 5 31 21 37 29 29
23 11 7 19 26 14 14 21 7 23 7 16 22 22 11 7 18 38 28 10
44 29 18 41 61 45 66 68 27 51 32 52 36 28 15 50 37 61 57 38
19 19 5 19 30 18 26 26 11 20 13 19 20 10 8 25 8 30 31 17
12 18 1 11 14 6 16 21 15 7 1 19 15 5 1 7 13 18 19 1
17 15 7 12 26 18 15 21 13 26 8 15 13 11 11 18 12 28 24 18
35 43 16 35 47 32 52 45 32 29 25 41 25 30 5 34 33 45 45 27
21 29 9 28 34 11 32 35 24 19 21 23 19 22 8 38 21 33 42 27
10 7 5 8 11 8 12 16 3 1 8 15 10 12 9 8 9 15 13 1
5 8 1 3 11 4 8 9 5 9 5 2 2 3 4 13 1 9 7 7
18 11 5 4 17 9 9 13 6 17 1 8 2 10 2 14 6 32 12 11
38 18 16 29 50 23 50 57 10 49 12 45 28 35 15 43 37 57 34 39
8 2 1 1 5 4 1 11 4 8 1 5 6 1 1 7 1 20 10 2
12 9 5 11 24 19 9 29 21 22 12 22 6 1 6 25 12 35 25 19
22 36 10 38 51 13 33 46 37 25 21 48 41 35 32 35 43 49 56 27
20 13 4 5 16 10 22 26 9 16 6 12 8 9 2 18 10 21 13 8
8 14 1 11 18 1 13 12 3 8 6 3 11 1 1 11 7 14 18 6
30 25 10 18 31 18 31 22 3 24 8 12 14 18 6 17 15 27 19 18
31 26 12 28 47 10 33 27 7 31 17 31 25 33 20 39 22 46 31 30
11 23 10 21 36 9 17 27 15 13 6 31 33 22 24 23 22 42 37 17
21 9 3 25 28 13 15 27 13 20 14 20 32 20 20 7 23 34 33 4
7 19 20 22 32 26 26 35 18 24 28 27 3 18 2 32 19 28 32 31
27 16 1 20 24 8 24 31 11 18 4 15 22 16 9 14 18 33 23 6
22 21 4 25 23 16 25 39 25 15 8 29 28 20 7 9 25 34 38 7
11 9 4 12 20 9 5 4 2 11 8 12 13 13 12 2 12 15 14 4
16 2 4 18 29 20 20 26 6 24 12 24 23 17 13 8 21 29 25 8
30 13 23 35 38 26 33 37 16 32 14 27 34 34 22 10 37 38 38 17
45 39 16 27 59 35 56 45 11 39 19 44 23 33 13 37 41 48 40 37
46 35 15 37 56 25 46 50 24 43 6 37 42 35 8 25 40 69 44 30
11 3 1 8 16 4 10 21 8 14 3 16 13 13 6 21 5 26 19 11
29 11 1 23 39 25 27 33 17 32 14 32 29 14 15 24 20 42 40 18
3 11 1 4 10 3 8 8 1 6 5 8 8 2 4 7 4 8 8 4
10 8 4 5 12 8 17 20 4 11 9 14 6 12 4 18 4 19 11 7
29 25 12 29 41 15 40 35 7 23 13 16 18 26 6 31 24 40 28 24
4 1 1 1 1 1 1 7 7 7 1 1 1 1 2 8 1 9 7 5
18 12 1 18 24 22 25 36 16 18 16 26 23 11 11 26 7 35 29 4
2 1 1 3 4 1 1 10 4 5 1 2 5 1 2 4 2 13 11 2
30 18 18 28 39 30 31 38 21 37 25 25 24 34 20 25 31 40 38 22
53 30 2 44 61 32 57 60 16 40 16 55 56 31 24 40 43 61 54 29
44 30 17 39 50 27 45 54 21 40 18 46 36 47 21 28 45 58 42 28
16 16 1 11 19 10 20 23 10 14 6 14 15 4 5 17 12 22 19 11
3 1 1 2 3 1 1 3 1 1 1 5 2 2 4 1 1 6 2 1
7 1 1 1 10 5 4 2 1 9 1 3 1 1 1 6 1 7 1 4
25 31 17 31 50 28 37 33 10 20 23 40 33 33 22 27 30 46 40 20
15 18 7 14 27 18 14 19 13 23 11 10 9 11 8 20 14 25 27 20
16 16 6 11 27 10 19 14 1 13 13 15 5 16 9 19 4 23 11 10
24 13 1 17 39 24 26 24 6 21 12 23 20 7 7 27 9 36 29 16
11 4 1 2 6 4 9 15 2 5 1 7 6 7 3 11 1 15 5 3
19 13 1 16 17 2 19 31 14 14 2 15 19 14 8 15 16 35 27 8
16 22 15 27 44 10 28 29 16 22 12 29 25 26 23 27 23 42 37 20
31 13 17 43 58 44 41 59 31 50 39 46 33 31 25 37 38 55 54 31
17 13 1 9 21 15 18 13 6 14 5 17 16 1 5 13 8 19 14 8
13 9 3 7 5 7 11 12 5 3 1 9 9 3 5 4 8 7 10 1
49 33 21 41 58 37 53 56 27 51 21 44 32 44 14 35 45 57 44 39
4 9 1 4 6 3 5 6 3 3 3 2 6 3 5 7 4 2 8 1
40 14 25 41 56 39 46 44 13 47 34 36 29 45 23 21 40 45 38 26
31 17 1 14 43 28 30 24 4 26 11 30 20 10 9 26 11 44 22 14
11 10 4 6 16 11 6 15 13 21 4 7 8 6 8 15 6 19 18 13
54 38 18 44 62 33 56 47 26 45 11 36 45 36 17 25 44 60 51 28
1 2 7 4 5 10 8 14 2 6 7 9 1 7 2 5 6 4 4 3
13 10 10 9 18 16 24 23 1 15 14 22 8 15 4 16 9 20 7 11
32 21 13 27 31 37 36 35 14 20 19 36 26 13 8 13 25 30 27 8
10 3 1 1 13 10 10 13 8 18 1 15 2 1 2 14 5 22 10 14
12 15 4 10 27 14 17 10 2 13 8 12 12 2 1 14 3 23 16 11
12 6 8 9 18 16 15 14 5 14 11 14 7 12 10 12 8 12 10 8
36 12 5 29 42 29 45 45 11 32 17 45 35 28 17 24 33 41 36 16
8 5 1 5 12 11 4 23 14 17 3 11 9 1 3 17 7 24 21 12
31 34 20 39 61 39 53 53 17 44 33 42 30 30 18 40 45 45 58 43
16 6 7 12 15 10 21 29 8 15 6 15 13 17 8 14 13 28 16 6
13 14 6 6 11 10 16 22 12 10 8 11 9 5 1 16 11 13 16 9
12 1 5 5 16 19 14 19 3 21 5 14 3 7 2 10 7 17 10 12
19 28 5 33 56 15 32 38 19 27 17 37 38 23 21 31 28 52 53 25
24 18 3 14 31 19 25 31 10 20 2 25 21 8 5 17 14 41 25 10
22 18 9 15 20 16 17 19 13 19 4 17 14 10 8 9 16 26 22 12
6 14 1 10 15 4 10 11 8 10 11 5 9 7 9 16 5 11 18 10
19 5 6 13 26 16 30 35 5 28 10 18 8 17 2 27 14 29 18 22
22 20 4 16 34 11 27 23 1 13 10 27 21 22 14 26 14 34 17 16
19 9 5 11 11 11 18 20 6 7 7 14 13 13 8 8 12 15 15 1
13 10 13 12 24 21 18 29 9 24 12 24 9 14 5 11 18 27 19 15
11 11 4 3 16 9 6 3 1 9 6 3 1 3 1 8 4 9 3 6
24 16 11 11 37 18 37 32 3 26 9 36 14 27 11 32 24 38 10 25
44 37 8 43 54 24 51 48 22 34 22 38 41 40 14 27 35 46 45 19
7 11 1 3 15 5 5 1 1 8 5 1 3 1 2 7 1 4 4 4
15 15 14 11 26 26 20 18 1 12 3 29 15 17 5 4 18 33 14 11
20 18 1 10 30 11 19 32 16 25 4 19 17 9 6 25 17 41 27 15
23 10 1 25 30 8 20 30 8 13 8 19 32 16 11 10 17 33 33 1
10 9 1 13 14 4 11 20 8 13 5 4 17 8 9 12 10 18 23 8
7 13 4 9 11 9 11 14 4 5 7 14 16 6 8 9 7 13 15 4
11 21 11 18 18 11 24 20 5 7 17 15 14 12 7 13 14 7 20 10
35 41 25 43 63 38 55 48 14 27 19 52 40 34 15 22 44 53 47 30
5 9 2 5 8 5 9 9 2 5 4 8 7 4 5 6 5 6 9 1
7 5 2 10 19 9 4 16 7 13 11 16 12 12 12 7 10 21 19 3
25 7 11 20 32 20 33 40 10 34 14 25 14 25 8 29 18 38 20 24
29 30 4 26 40 18 29 44 28 28 14 29 23 15 7 32 27 51 42 21
10 12 8 8 17 13 16 17 4 10 13 14 7 7 2 16 5 17 12 8
9 11 5 16 20 8 16 15 4 6 20 16 14 17 14 11 14 9 18 4
7 9 5 2 11 10 12 17 8 10 7 18 8 6 4 15 6 18 12 7
19 10 1 10 21 9 20 28 8 20 5 13 16 13 5 24 8 29 17 14
22 18 1 8 29 15 22 22 4 19 3 25 17 12 13 21 20 32 24 17
34 26 27 36 50 29 47 53 23 33 8 49 43 37 25 23 45 59 43 23
8 3 1 5 9 4 4 6 1 2 4 5 8 8 7 6 1 7 5 1
14 17 6 18 36 16 17 22 12 18 22 28 19 24 22 18 22 32 28 11
24 14 10 18 25 19 19 21 1 16 6 12 21 22 9 6 18 28 23 9
37 20 9 44 53 44 49 64 36 44 17 55 41 26 6 21 41 59 57 23
45 23 8 34 43 39 56 53 21 33 17 52 33 24 7 27 32 45 36 17
16 15 7 20 22 15 20 29 14 13 11 24 27 14 12 11 18 23 31 8
19 24 19 29 34 27 38 42 13 11 17 50 33 24 17 16 31 35 34 16
27 20 15 30 36 31 24 45 27 35 26 36 26 20 21 28 34 46 44 25
14 16 11 18 32 16 22 28 14 22 14 22 14 15 11 17 19 34 24 12
33 16 11 27 37 23 34 37 11 30 20 33 26 29 18 16 27 36 27 14
30 13 12 26 40 25 38 46 18 40 9 32 24 20 12 21 33 39 39 23
13 7 1 12 14 6 8 18 5 7 3 13 18 7 8 6 10 25 20 2
25 11 8 30 45 14 35 41 17 35 21 27 24 31 19 32 22 45 37 23
4 8 1 6 12 3 5 6 7 9 7 5 7 5 7 13 1 7 11 7
6 2 4 13 16 12 5 14 3 10 11 15 18 13 13 2 10 14 17 1
36 33 7 45 58 33 51 49 26 29 27 47 42 32 12 29 33 51 57 20
30 8 27 42 41 31 45 51 20 30 25 41 41 36 17 19 38 32 44 20
27 33 12 30 43 29 38 26 13 19 23 24 24 13 9 30 16 34 35 19
3 3 1 2 4 4 2 8 6 5 1 2 3 2 4 7 1 6 9 4
11 7 6 13 10 10 15 16 1 4 10 15 12 13 8 2 14 5 12 1
35 15 8 41 52 17 40 48 30 37 16 34 48 27 26 29 33 52 55 20
9 10 1 3 9 3 6 4 2 4 2 2 6 1 2 5 5 3 6 1
25 33 14 25 34 18 33 24 9 15 12 19 16 17 2 20 19 32 31 19
39 33 3 28 49 25 40 43 16 26 13 42 40 21 18 31 28 57 34 11
32 12 1 23 33 11 26 24 8 26 11 24 27 23 15 16 20 29 21 12
8 6 1 5 8 8 6 7 1 6 1 11 7 5 7 1 5 11 7 1
12 14 1 11 12 4 11 11 6 3 5 7 13 5 7 6 9 5 14 1
11 7 2 1 12 9 5 11 6 11 1 10 1 5 4 9 4 23 9 7
36 29 16 26 47 24 50 45 15 27 7 52 33 35 20 31 38 48 33 28
41 39 11 31 49 32 45 35 22 32 10 34 30 22 1 23 28 47 38 22
31 22 3 31 42 8 29 31 8 23 14 22 27 24 11 20 25 41 33 14
23 22 10 32 41 27 41 44 18 24 28 40 25 22 9 40 18 42 42 24
14 10 7 9 16 14 8 10 7 14 6 7 9 10 10 8 8 14 13 8
19 25 6 23 42 15 23 22 4 12 16 30 31 23 21 19 22 39 32 12
17 15 3 4 18 8 15 15 6 16 7 3 3 6 2 21 4 21 12 12
15 19 1 18 32 15 20 27 21 24 14 23 13 6 8 27 16 29 32 23
48 29 22 42 52 32 52 54 31 42 10 39 45 39 22 24 43 56 49 21
20 15 6 25 36 16 19 18 5 16 20 18 23 21 16 13 18 30 28 8
26 22 7 44 42 26 41 51 25 18 23 42 46 24 18 16 35 39 50 4
34 31 18 39 54 27 48 54 22 40 23 49 28 33 17 55 32 61 48 44
23 10 1 15 20 9 25 35 10 16 1 25 20 13 4 22 12 35 21 12
31 18 15 44 49 21 47 52 30 39 28 38 43 34 28 29 41 43 53 22
13 12 9 19 23 16 15 22 9 14 18 25 18 19 15 9 20 18 22 6
18 13 4 9 27 10 19 17 8 25 8 3 1 12 3 28 1 23 17 22
6 6 1 1 6 1 3 4 2 3 1 5 4 1 1 4 3 8 6 1
10 3 1 3 5 5 6 17 5 5 1 2 7 2 1 8 4 17 12 3
31 22 14 27 28 21 28 31 13 21 5 11 26 21 11 8 26 34 32 13
11 22 5 11 22 3 17 27 16 5 1 28 23 11 12 19 19 34 27 13
25 22 24 23 36 33 34 29 11 36 22 22 10 24 7 20 25 24 27 31
40 45 37 36 61 45 60 44 12 40 31 45 19 44 11 37 43 54 39 46
22 18 12 24 35 19 24 28 4 21 13 25 25 31 17 10 30 39 27 8
5 12 1 7 10 1 9 12 5 5 3 5 11 1 2 9 4 7 16 4
35 38 11 41 58 30 45 35 19 31 13 34 36 23 5 23 29 54 51 25
11 3 1 1 7 1 6 7 1 8 1 1 1 5 1 11 1 11 3 1
40 30 16 42 53 30 35 43 35 40 27 35 37 34 24 28 42 51 55 28
23 17 10 25 31 15 16 21 7 21 10 9 25 22 14 7 24 30 30 10
39 31 14 33 54 38 50 39 7 34 21 39 30 28 12 30 25 52 31 23
31 35 21 51 63 22 49 52 32 30 37 53 52 47 38 33 51 54 63 23
36 33 10 28 53 35 52 62 24 33 9 56 42 21 18 44 37 68 53 29
9 15 4 9 18 7 13 5 1 3 10 9 7 6 3 16 2 11 14 8
50 31 9 47 57 37 47 46 29 37 23 40 49 34 23 22 38 54 53 11
5 9 2 4 11 6 8 9 1 4 5 11 6 4 5 5 4 10 7 1
26 21 4 28 38 15 26 39 28 24 16 42 37 29 25 22 32 44 44 14
34 27 12 26 52 29 37 27 5 34 21 30 20 28 18 23 29 44 33 25
8 12 1 12 21 11 9 10 5 6 12 12 14 8 10 13 4 16 17 7
10 2 7 5 12 16 10 14 4 16 6 8 2 8 5 5 6 12 8 7
38 34 10 32 61 35 53 54 16 32 14 52 47 27 27 42 37 65 48 26
16 19 5 14 21 11 18 20 6 10 9 6 12 6 4 13 11 18 22 9
25 21 21 38 43 18 41 40 18 24 23 32 34 36 23 30 31 39 45 19
17 7 12 18 23 19 19 34 10 21 17 15 12 20 9 18 16 26 25 14
27 4 2 20 34 9 23 27 8 31 2 11 20 23 12 18 16 36 20 14
17 9 3 15 20 11 18 22 5 13 5 13 18 10 8 7 13 22 20 4
43 33 10 28 48 25 50 40 16 32 13 37 24 29 4 29 30 44 25 22
12 4 1 1 7 4 7 11 1 6 1 1 3 6 3 9 1 13 4 1
15 9 1 17 26 12 21 23 8 13 1 14 25 2 3 8 12 23 24 3
28 27 8 28 46 24 37 27 6 22 19 27 28 16 12 30 22 33 39 24
7 4 1 1 7 6 5 10 1 4 1 11 2 3 3 2 4 15 6 1
49 22 11 27 51 38 52 55 8 50 21 52 36 35 23 41 41 55 39 39
20 23 7 20 48 24 23 31 21 38 14 26 16 12 16 33 27 51 38 32
6 11 2 9 9 5 12 19 5 2 7 10 11 5 5 11 7 15 18 4
34 31 7 22 41 26 43 52 24 33 7 42 29 23 9 31 38 54 41 23
16 3 9 11 20 22 27 27 2 18 9 24 10 15 2 14 9 21 12 11
15 7 7 16 17 7 22 29 13 17 2 16 20 11 9 7 19 24 23 5
30 34 3 33 48 17 44 50 23 24 6 42 44 34 14 23 34 55 44 13
19 7 1 7 11 1 16 26 10 15 1 8 9 9 1 22 8 24 15 13
7 14 2 12 25 8 11 13 3 12 7 10 13 3 2 14 4 25 23 10
26 28 12 27 44 27 22 30 21 35 19 28 18 21 17 27 31 45 40 29
3 9 2 6 10 5 7 5 2 4 7 7 8 5 7 8 2 2 8 3
35 29 29 28 40 43 40 32 13 38 19 31 24 28 4 8 33 30 27 29
21 11 8 13 20 15 17 19 4 14 11 17 16 20 13 11 15 23 16 6
11 11 4 16 20 11 12 19 3 6 11 23 18 15 13 1 18 19 19 1
10 6 1 3 4 4 8 11 1 2 1 2 5 3 3 5 3 7 7 1
12 2 1 1 12 10 6 7 6 18 1 5 1 1 2 10 1 16 6 10
7 8 1 17 21 12 12 19 7 5 11 21 23 8 10 11 8 18 26 2
18 11 11 26 26 17 23 25 6 18 9 20 23 22 12 1 28 25 27 5
32 37 21 43 60 20 50 46 24 32 25 40 35 42 29 40 37 56 50 30
15 10 3 11 16 8 7 5 1 10 5 9 13 10 9 3 11 14 14 3
11 12 4 15 20 10 13 18 3 8 10 8 18 10 10 7 13 14 19 3
2 2 1 4 2 2 3 7 2 1 1 2 7 3 5 2 2 2 10 1
14 21 7 15 44 15 26 22 7 18 3 27 21 13 10 25 17 46 25 21
15 12 1 4 12 7 18 14 1 4 6 4 4 5 1 13 5 8 7 3
36 30 21 32 47 32 56 50 12 34 26 39 16 29 5 41 33 39 40 39
11 10 1 4 6 3 8 9 2 3 1 6 10 1 1 5 6 4 6 1
17 13 8 9 25 24 19 17 7 21 7 22 15 9 8 14 11 25 16 13
18 19 3 4 27 14 18 18 7 17 2 22 11 6 5 16 15 28 15 12
7 2 1 4 8 6 5 7 1 1 3 6 8 7 6 3 2 7 5 1
12 3 4 6 14 8 16 16 1 12 5 18 5 18 7 8 8 18 3 4
17 12 4 11 26 15 17 18 6 22 3 11 15 7 7 8 14 25 15 9
54 46 36 52 60 44 62 64 32 51 33 38 40 48 12 26 51 56 58 42
22 11 1 9 14 12 21 29 10 10 1 17 17 8 1 9 11 26 19 2
17 27 7 16 24 14 25 27 14 9 8 34 23 18 9 10 26 25 21 4
9 6 1 1 10 5 6 4 4 10 1 3 5 1 4 5 4 6 6 4
15 4 1 1 13 3 8 11 2 11 1 5 1 5 1 16 1 19 2 6
37 36 14 27 37 27 31 29 22 27 4 30 27 23 5 7 32 39 31 15
16 17 1 13 23 8 14 14 1 7 4 9 12 6 4 6 11 23 16 4
46 29 12 29 43 27 42 35 15 34 2 32 31 28 2 16 30 47 27 22
5 5 6 3 4 9 9 14 1 3 5 8 6 5 4 4 6 9 6 1
14 7 1 15 22 4 15 16 1 8 10 16 20 17 11 12 9 19 16 3
3 26 16 21 34 15 28 23 4 7 19 35 24 24 18 21 19 27 28 17
37 42 30 44 57 32 49 43 26 41 22 37 37 35 13 20 40 54 52 35
8 30 17 27 41 15 33 25 10 1 16 41 25 23 18 31 17 35 32 21
16 12 3 4 17 12 15 17 8 14 7 9 8 7 1 21 3 21 12 10
47 32 16 43 48 33 46 52 25 37 21 41 41 46 18 18 44 51 45 17
48 34 13 37 57 42 48 53 32 50 13 48 31 37 9 29 43 63 48 32
39 15 10 39 54 19 39 46 22 37 20 41 45 38 31 22 37 54 43 11
16 8 4 16 38 23 14 27 19 32 20 31 12 17 16 23 20 36 28 19
25 25 13 42 50 22 42 50 30 36 36 42 25 36 21 48 34 49 52 35
14 6 5 6 10 12 7 13 8 12 4 11 7 7 8 10 4 18 11 7
6 10 4 10 17 9 10 9 1 6 13 7 7 9 9 9 5 6 11 5
45 34 12 22 52 51 53 47 7 39 22 48 33 17 12 31 36 47 38 31
38 22 6 20 41 28 36 33 8 38 3 24 28 14 15 15 33 39 34 22
12 7 1 13 15 5 11 20 7 12 9 8 15 17 13 16 9 20 20 7
13 20 6 18 34 8 22 27 12 16 20 28 18 25 18 30 18 33 34 18
30 39 9 39 55 20 36 33 15 17 22 43 43 31 21 21 32 48 47 15
32 17 4 19 48 27 30 31 13 35 17 43 32 24 29 29 34 43 37 22
29 32 21 41 54 29 40 46 23 29 37 52 32 38 21 30 40 45 53 30
8 1 1 1 6 3 6 5 1 6 1 5 1 1 1 3 1 11 2 1
17 9 7 12 26 21 19 20 1 16 12 22 17 16 11 12 9 26 15 6
11 11 3 6 11 6 14 17 7 11 6 5 8 8 7 16 5 13 13 7
33 22 12 38 57 22 40 52 30 39 32 49 37 42 34 52 40 59 50 37
20 24 16 33 43 15 36 32 10 20 30 37 21 38 21 35 25 37 30 25
38 34 16 47 49 29 59 58 20 23 26 46 41 34 10 38 33 48 45 25
51 45 14 41 60 45 63 47 23 35 23 48 37 28 8 32 33 55 44 22
6 11 1 4 8 3 7 7 3 5 5 4 8 3 5 8 5 5 8 3
35 14 3 12 35 16 30 22 1 31 1 27 16 22 11 23 22 39 10 23
24 29 17 35 43 22 30 30 13 26 20 15 30 27 15 15 30 33 42 21
26 18 12 9 37 22 35 31 5 27 11 36 13 25 13 32 22 39 12 24
25 10 8 33 39 19 34 44 25 36 17 31 37 27 26 19 36 37 46 16
16 17 5 7 16 12 14 14 7 10 7 12 11 3 1 11 10 11 12 6
6 4 1 1 8 6 5 17 10 15 1 5 5 1 2 11 2 17 15 10
35 14 19 37 43 26 39 48 15 36 17 39 33 38 18 11 40 48 43 17
36 27 19 25 43 36 37 51 31 43 27 45 21 16 20 46 32 57 36 35
35 22 13 28 52 33 46 50 9 39 22 48 33 32 17 31 42 46 43 29
18 10 8 4 13 15 13 12 1 11 3 11 4 9 3 7 8 21 4 6
51 40 18 38 62 48 54 48 19 48 24 52 42 37 21 22 54 49 48 31
11 2 6 4 11 16 16 14 1 14 5 14 6 7 4 6 8 11 5 8
46 36 1 28 51 36 44 50 27 41 6 48 41 21 10 25 41 63 47 22
5 2 6 8 9 12 7 14 4 5 9 16 11 11 9 4 7 13 12 2
12 3 7 2 18 21 15 13 2 20 5 13 1 5 1 10 9 11 3 11
13 10 6 9 10 12 14 15 5 6 5 18 11 7 6 1 12 13 11 1
38 29 30 41 47 37 41 43 15 35 22 39 33 37 9 5 45 38 40 25
29 24 19 50 60 36 51 49 20 32 41 43 40 39 24 32 32 47 50 21
10 1 1 1 14 9 6 2 1 12 1 11 1 1 1 5 1 13 1 6
1 6 1 1 3 1 2 6 1 1 1 6 5 1 1 1 3 9 5 1
20 4 4 22 28 9 28 34 7 17 4 20 27 23 12 16 16 32 22 6
6 6 1 9 10 6 6 13 10 12 7 11 11 9 11 10 7 14 18 8
46 27 8 41 63 31 49 55 21 45 13 46 42 35 15 35 38 68 50 33
34 24 1 31 39 13 32 46 26 29 10 21 35 27 13 26 27 45 43 15
10 12 9 12 27 19 19 18 3 16 13 26 11 13 9 14 13 23 12 12
30 30 16 45 58 29 47 50 18 23 37 51 41 42 25 40 34 58 52 24
21 13 7 22 26 21 25 36 12 19 12 24 27 16 10 15 18 31 33 9
10 12 6 21 30 13 13 19 6 16 17 13 19 16 16 10 16 20 23 7
24 13 14 22 27 20 30 31 4 20 22 25 20 29 13 18 22 19 21 14
17 6 4 7 13 9 8 9 1 10 5 6 7 11 9 9 4 15 7 4
15 7 2 2 16 12 8 7 1 10 1 13 5 6 1 5 3 23 2 2
38 31 24 42 52 32 54 52 23 37 18 36 37 29 9 29 33 56 51 27
9 10 1 6 15 11 9 9 3 10 4 9 12 4 6 7 5 10 10 3
36 42 12 33 53 23 34 41 27 33 11 37 38 36 20 25 41 57 51 24
48 36 2 31 56 35 43 50 26 50 17 43 44 29 23 28 47 58 58 31
21 22 10 36 39 11 33 36 17 14 20 30 32 25 17 13 31 32 41 8
15 5 6 3 10 14 12 13 1 12 4 9 7 11 5 5 6 15 4 2
6 10 1 1 21 8 7 18 10 18 1 15 7 2 3 19 8 28 18 14
42 22 17 25 43 23 38 32 1 40 6 37 28 34 23 29 27 47 21 30
21 16 7 13 30 15 16 11 2 19 7 21 16 24 16 12 17 30 16 11
23 21 8 21 28 13 17 12 9 16 7 17 19 16 11 4 21 23 23 8
8 7 10 12 14 16 12 19 1 10 10 19 13 12 8 5 12 17 12 5
27 16 8 16 19 14 28 31 9 13 8 18 15 19 6 15 18 22 16 7
36 16 8 27 44 24 39 38 12 40 21 29 26 33 18 31 28 41 29 25
29 31 15 36 48 23 37 38 21 34 16 19 30 25 10 18 32 40 49 27
34 25 15 24 32 31 28 38 27 34 12 30 17 10 10 26 29 46 37 29
3 3 1 6 9 5 5 12 2 2 8 10 11 9 8 6 7 7 13 1
15 11 12 17 18 19 17 22 3 16 5 12 15 16 4 1 19 26 22 9
52 39 21 37 63 37 59 47 13 49 19 49 35 44 21 42 46 59 39 44
32 23 5 16 40 9 38 41 5 32 1 36 26 24 16 41 30 51 28 32
20 12 7 17 26 17 14 16 6 14 13 21 22 19 17 8 16 23 19 6
22 17 1 16 23 13 23 29 15 16 6 21 22 8 6 19 12 32 27 9
18 8 9 14 20 25 22 26 4 14 10 20 16 12 4 9 11 23 17 5
11 7 1 9 17 6 5 7 1 12 4 2 11 8 8 1 9 12 15 3
6 9 1 12 18 1 12 13 3 7 7 4 10 4 4 10 6 13 14 5
34 31 22 36 57 46 48 36 12 37 28 42 26 26 12 27 29 44 39 31
47 25 16 37 56 52 58 54 13 41 32 53 37 23 10 36 35 44 45 28
22 22 7 21 35 12 28 23 10 23 7 12 16 10 5 15 18 31 28 15
27 23 1 26 30 14 22 26 18 17 5 28 32 18 7 1 24 34 31 1
12 4 3 2 12 11 7 14 4 14 1 4 4 2 1 6 3 18 8 6
12 12 10 11 17 15 19 29 6 11 11 29 13 13 2 11 19 22 20 11
37 13 16 38 58 27 46 41 6 44 23 38 24 42 18 24 36 47 30 28
37 28 15 28 49 33 41 46 23 45 22 34 17 28 14 40 32 54 39 37
20 11 5 19 31 14 26 30 12 26 14 21 22 23 14 30 13 30 25 21
24 31 5 21 48 22 43 30 1 18 12 42 30 19 17 34 25 38 36 25
20 14 7 10 22 13 14 10 4 20 4 3 10 14 7 11 10 20 15 11
16 10 4 7 10 9 14 20 8 13 5 13 11 10 7 16 7 20 15 6
18 23 5 16 25 13 20 20 10 11 7 16 16 6 3 15 11 27 27 13
34 33 6 29 46 28 39 24 15 23 10 28 26 11 1 20 19 38 35 18
26 25 12 38 43 19 41 50 27 31 33 35 26 35 17 36 33 39 49 26
36 29 6 31 50 39 36 40 29 38 10 42 30 12 7 25 30 56 45 25
29 5 3 12 31 20 27 30 1 30 3 21 14 17 6 22 16 37 16 19
37 48 16 43 71 34 52 51 36 34 21 58 50 31 29 47 40 65 61 38
10 11 1 10 9 4 12 22 8 3 1 10 14 1 1 5 12 15 18 1
24 15 6 15 19 17 19 22 8 12 4 16 20 12 8 9 13 28 22 7
52 38 22 47 58 55 58 55 25 42 20 53 43 32 1 11 44 53 49 22
19 7 8 22 24 22 34 35 5 19 7 25 23 14 4 6 23 24 23 10
8 7 1 6 13 4 12 18 2 6 1 19 17 10 8 12 6 30 19 3
22 22 9 22 30 19 23 33 17 22 11 20 21 18 7 14 25 30 34 14
30 12 9 32 40 24 30 35 9 28 10 25 33 29 15 15 23 50 36 14
24 11 2 25 30 18 26 37 9 15 11 27 32 16 10 14 17 37 34 3
12 2 2 1 5 8 9 14 3 7 1 9 2 6 3 8 2 18 6 1
45 24 9 38 60 41 57 67 28 47 21 53 38 26 12 40 36 67 51 28
6 9 1 10 9 1 7 15 3 1 1 8 13 1 3 3 8 12 16 1
44 34 25 60 67 51 51 70 43 53 32 57 56 47 24 25 60 69 72 31
2 2 1 7 6 4 2 6 2 3 5 10 11 7 9 2 4 7 11 1
8 6 1 4 10 3 10 9 1 7 3 3 6 6 5 10 2 7 9 2
7 4 4 4 9 9 6 14 8 13 1 7 6 4 6 8 1 13 11 7
35 16 5 28 41 21 45 49 20 28 7 34 35 19 7 25 24 48 36 13
1 1 1 4 4 1 1 4 3 4 2 1 5 4 6 4 1 2 11 1
29 17 9 17 28 16 28 37 11 29 2 9 16 19 3 22 20 43 26 19
41 21 17 32 47 22 41 43 24 41 4 30 36 28 19 26 31 57 41 23
35 17 22 22 32 33 38 36 6 27 19 29 18 27 4 17 26 25 19 20
27 12 4 26 31 22 27 43 25 28 9 28 33 12 14 22 17 51 41 10
35 26 10 20 27 19 28 31 21 29 1 19 19 18 3 15 24 41 30 18
31 17 7 32 33 18 29 50 28 34 18 30 26 18 17 35 30 46 44 28
12 1 5 8 15 10 19 27 5 20 6 17 5 17 4 18 6 25 11 13
31 25 8 26 42 15 29 25 9 27 18 21 21 27 17 20 23 37 30 17
11 16 1 8 19 2 9 13 2 1 2 12 13 5 7 10 11 22 16 2
46 33 18 26 51 45 46 55 26 52 13 43 20 22 8 37 43 65 46 41
31 28 16 25 47 15 37 28 10 35 15 26 11 30 11 41 21 49 25 37
9 3 5 4 6 8 10 14 5 8 4 14 4 9 6 9 4 15 7 3
38 21 32 46 54 43 41 43 20 43 42 42 35 45 27 23 43 41 46 30
22 21 6 24 29 6 27 23 8 16 13 9 20 17 11 19 15 27 28 10
19 24 16 18 30 19 25 17 8 15 17 17 5 19 7 26 11 29 22 21
11 16 7 13 30 7 24 33 13 15 9 21 14 18 12 27 17 40 28 16
1 9 1 7 21 9 5 18 10 10 7 19 11 5 7 18 5 27 23 11
8 6 1 1 5 4 7 9 1 1 1 1 2 1 1 5 2 5 3 1
11 6 1 3 4 4 5 6 3 5 1 1 6 1 2 2 5 6 7 1
10 4 1 13 18 2 9 19 3 11 10 12 13 17 12 13 7 21 16 2
4 21 15 18 29 13 26 23 1 9 19 27 10 18 5 15 21 20 21 16
19 9 3 24 37 15 25 34 17 29 18 24 26 21 19 17 23 37 36 12
26 20 1 27 38 10 22 24 17 17 13 36 36 27 23 8 31 35 33 2
24 42 25 34 48 28 43 36 19 25 26 33 17 33 15 32 33 46 42 30
24 19 11 27 40 23 28 32 8 24 17 37 31 25 18 11 32 36 28 12
37 29 8 24 60 36 49 47 11 34 20 52 36 29 21 46 29 60 42 31
49 41 7 45 61 35 58 58 35 41 25 47 44 25 14 50 29 67 58 29
2 2 1 4 2 1 3 12 3 5 1 5 7 2 4 3 2 11 14 1
35 31 12 32 41 35 44 44 20 23 16 39 35 23 7 17 28 41 36 11
32 19 9 17 31 21 29 24 9 28 4 17 15 18 7 17 19 33 24 18
19 36 26 41 46 29 45 43 20 21 39 47 30 39 24 35 35 42 46 26
11 6 6 5 11 11 15 21 1 10 7 12 8 9 1 8 9 15 6 1
13 7 1 5 6 4 8 17 7 5 1 6 8 1 2 7 5 16 15 2
5 1 6 10 16 20 17 14 1 11 7 19 9 8 2 3 5 6 8 6
6 7 1 4 3 2 5 7 1 2 1 9 8 1 3 1 5 6 6 1
29 30 31 35 45 28 46 56 31 32 24 52 36 38 17 32 46 42 47 36
18 20 11 12 41 26 30 35 7 29 10 37 18 20 16 29 28 40 30 28
