1000 20 11 2632
3 1 17 7 10 4 5 10 3 5 14
1 0 1 0 4 4 8 1 0 4 2
0 9 11 9 5 12 19 1 6 9 8
2 4 9 3 1 12 7 12 2 2 4
2 23 10 8 13 6 2 23 4 5 2
6 2 1 0 7 0 4 6 2 6 7
2 9 6 4 12 3 1 3 11 2 7
3 0 2 12 3 10 2 3 8 4 3
5 3 2 4 1 5 4 0 4 1 1
1 7 7 15 12 5 3 1 3 2 2
4 14 5 10 4 4 13 3 2 3 8
5 12 1 18 10 7 5 1 1 2 3
3 2 15 5 14 11 10 21 6 5 13
1 12 10 1 14 5 0 8 10 19 17
4 6 7 1 2 13 7 1 2 7 2
10 10 1 3 2 8 3 3 3 7 4
3 9 8 0 8 5 5 2 9 3 0
3 3 2 8 5 7 6 6 5 2 2
5 5 1 1 3 4 4 1 4 5 3
13 4 5 10 1 2 6 7 3 1 19
3 16 1 1 12 0 1 1 6 2 4
4 1 3 7 2 6 2 0 5 3 6
12 3 12 9 1 12 1 5 4 8 1
3 1 1 7 8 3 2 8 3 5 1
13 8 16 0 5 5 6 3 17 9 12
9 4 16 21 12 5 2 1 2 21 12
1 1 18 7 6 2 3 2 1 10 12
1 2 3 3 3 2 9 5 4 7 2
4 5 3 5 4 1 1 1 2 2 5
4 3 1 2 11 11 7 4 4 4 4
4 6 4 1 6 2 2 0 9 9 4
5 2 13 0 3 12 4 6 7 8 3
2 1 3 4 5 3 0 3 1 2 6
12 6 0 13 4 11 6 14 7 8 23
6 0 10 18 12 6 15 9 1 11 11
4 1 6 0 2 3 9 7 6 2 5
9 6 9 15 1 10 3 16 2 6 0
12 11 9 11 2 0 2 18 12 0 18
3 10 2 6 4 3 10 13 6 19 12
2 0 1 5 1 9 0 1 4 4 2
14 5 0 9 1 2 5 33 5 2 5
1 1 4 6 7 8 2 14 7 11 8
4 11 11 5 14 8 8 18 4 2 16
5 2 0 0 2 2 6 1 6 4 1
2 5 3 5 2 1 9 5 7 1 6
4 7 1 3 11 7 31 10 2 12 12
5 3 0 2 27 5 10 11 0 16 0
11 0 4 8 6 1 3 2 1 1 3
6 1 7 15 5 12 9 1 7 6 3
6 8 5 3 12 3 9 6 6 7 4
8 15 9 9 2 21 15 3 8 7 13
3 23 1 8 11 14 6 1 22 12 5
5 8 5 5 3 0 10 4 9 6 1
4 2 3 4 1 4 4 1 7 3 2
6 14 12 11 2 5 12 9 14 3 6
6 3 3 11 7 3 5 1 2 0 0
2 3 4 5 5 11 6 3 5 1 5
12 10 11 0 3 3 0 20 1 17 7
5 14 11 3 6 8 7 9 12 1 2
1 2 7 2 2 6 1 1 10 1 7
3 8 8 2 0 6 5 2 2 3 3
0 2 5 4 1 2 3 9 5 1 12
8 3 7 14 2 12 8 7 2 4 4
13 10 11 5 10 2 1 3 21 8 10
1 0 2 2 6 5 1 11 12 3 4
0 3 5 0 3 4 3 7 6 1 3
2 2 8 1 4 0 4 7 11 19 15
15 5 4 0 11 5 7 0 2 5 12
1 3 7 1 1 0 4 1 1 5 6
5 13 2 1 7 14 8 13 5 4 2
9 17 15 6 18 11 6 15 6 11 5
7 7 10 6 0 2 2 8 16 4 6
7 10 23 1 1 15 6 8 5 5 9
1 1 3 2 4 3 5 0 4 6 7
3 0 7 1 14 11 6 7 7 19 3
0 3 1 4 1 7 1 7 1 2 3
1 1 0 1 5 1 6 2 4 5 2
6 2 8 2 2 3 1 5 6 3 11
9 7 1 3 14 19 0 3 6 4 2
7 9 10 7 18 19 13 4 17 8 5
13 4 14 2 1 1 13 8 1 15 4
4 16 1 4 14 8 13 10 5 0 25
6 3 2 0 4 2 8 21 10 3 6
0 2 7 2 1 8 6 0 4 0 1
2 3 7 1 8 3 3 7 10 2 4
11 3 7 1 13 10 5 16 5 3 11
1 6 1 8 3 2 3 5 1 1 2
8 7 3 7 5 2 9 1 15 19 18
6 2 5 0 10 19 2 12 7 1 6
1 25 0 4 9 11 8 6 12 13 11
10 10 7 8 16 6 1 4 2 4 15
0 9 6 11 7 5 18 15 9 5 7
1 30 1 12 5 12 2 2 4 3 1
15 5 11 1 7 1 11 8 1 5 0
3 5 4 7 2 5 6 0 5 2 0
10 19 3 9 16 10 7 1 12 10 8
2 19 11 4 0 23 4 16 8 0 0
3 13 8 7 12 6 2 4 15 4 12
7 6 10 7 1 4 2 9 11 8 4
11 2 11 4 10 19 15 7 1 0 14
8 2 6 5 2 11 6 8 5 3 5
1 3 5 0 0 2 4 8 3 6 8
4 4 1 7 5 1 2 3 2 7 9
3 6 10 13 3 22 7 2 8 13 7
23 15 12 14 4 5 0 3 15 8 13
8 13 0 1 2 9 1 7 12 14 3
4 2 14 9 3 6 5 1 0 1 3
5 1 1 4 2 4 1 1 1 6 3
5 5 6 2 3 7 3 1 1 3 4
12 9 11 4 11 1 1 13 3 4 5
2 1 13 2 4 12 13 8 2 1 7
4 5 4 1 4 8 1 2 0 4 6
17 3 5 0 4 1 3 19 14 3 2
4 6 4 2 9 11 24 2 14 3 11
5 8 4 6 5 6 3 1 9 6 5
5 7 1 2 7 13 0 13 3 4 5
0 5 3 5 1 1 7 19 13 6 7
9 14 1 18 0 3 9 7 0 2 1
1 2 7 6 1 2 11 2 2 3 1
0 9 2 2 9 2 2 1 11 8 5
5 5 2 9 2 2 2 13 4 1 9
5 6 1 4 6 1 7 2 9 4 4
3 6 3 4 1 3 5 2 8 2 1
11 7 5 8 6 1 6 13 3 17 3
5 3 6 4 3 2 5 0 1 6 3
5 0 2 1 5 2 4 2 4 3 10
10 11 1 2 2 17 3 3 5 17 3
9 2 7 0 11 5 0 6 1 0 5
14 3 14 21 9 18 10 2 9 0 8
8 2 3 6 11 8 3 13 4 4 2
2 3 3 9 5 18 5 12 21 1 15
1 5 0 8 12 18 3 8 11 4 17
5 6 5 6 5 1 10 5 4 9 6
2 1 10 1 3 5 8 8 8 1 20
5 10 14 1 1 23 0 2 12 4 14
12 4 25 1 3 6 2 6 16 10 7
4 6 7 3 7 5 6 8 4 4 3
7 10 4 9 0 13 3 16 5 0 4
6 1 8 1 5 3 8 9 6 2 2
8 17 2 3 19 17 2 5 7 6 8
1 6 10 0 1 6 0 3 7 2 10
13 3 2 9 14 13 2 8 7 3 0
4 2 9 0 8 11 10 1 3 4 27
12 3 9 11 0 2 3 5 10 14 17
2 1 12 7 17 4 9 10 1 6 12
6 6 8 7 11 5 7 30 5 4 1
11 17 3 9 3 9 23 13 12 5 3
0 9 4 8 12 12 8 4 4 2 2
10 1 2 8 10 12 9 16 8 6 4
2 4 6 4 3 9 4 7 6 12 5
6 2 4 1 0 4 2 3 4 0 2
13 21 2 6 11 4 8 2 1 0 9
3 2 4 5 1 4 0 4 2 2 5
4 8 6 1 8 1 8 7 4 9 4
4 8 5 8 4 7 2 6 3 5 4
8 18 11 10 7 6 13 1 5 12 7
5 9 3 2 8 6 1 3 4 2 0
7 6 3 1 5 1 4 7 1 3 3
7 4 9 14 6 8 0 2 7 10 2
5 4 3 22 7 5 4 6 7 12 1
13 10 13 18 15 16 1 5 11 3 0
11 8 6 9 8 4 10 5 3 4 3
2 8 6 12 20 12 3 8 13 5 1
4 1 15 1 10 1 7 2 8 3 1
9 9 18 4 9 21 1 7 8 4 20
3 7 9 5 10 10 6 0 1 7 4
1 3 8 2 8 1 14 2 15 6 3
12 16 3 12 8 2 0 3 12 3 1
4 0 6 7 8 5 10 5 1 10 2
1 4 2 4 5 2 4 0 5 6 2
11 1 2 8 6 11 8 10 7 11 15
19 7 4 2 6 10 10 5 3 6 9
3 2 4 5 1 3 4 8 0 2 3
9 1 5 3 0 8 2 1 1 0 0
10 0 1 3 11 10 0 7 6 8 0
0 1 2 3 4 2 9 4 14 14 2
2 20 17 17 10 3 7 11 7 9 8
6 3 9 8 8 7 4 1 5 3 22
3 8 0 3 7 3 4 0 1 2 4
5 1 1 1 1 1 1 4 2 1 8
13 10 22 7 1 12 17 6 8 3 2
2 4 1 2 3 1 2 7 1 1 8
1 4 5 4 6 13 5 1 4 15 4
18 11 4 1 10 21 6 3 3 3 7
19 20 4 12 11 6 11 7 10 4 7
6 4 3 1 2 0 4 3 0 7 0
8 16 7 11 6 2 10 14 3 1 1
2 3 0 2 3 7 4 2 3 2 7
5 2 2 7 7 13 1 1 15 13 18
6 11 1 10 2 8 9 0 5 19 9
1 7 2 9 5 1 3 11 6 4 8
2 1 3 5 7 3 2 0 7 5 3
2 10 6 15 17 9 6 16 5 7 5
5 10 6 1 11 8 5 5 0 6 0
6 5 9 4 12 14 1 16 4 12 4
1 4 1 5 1 12 4 16 4 7 12
5 3 9 9 23 5 3 1 4 2 4
2 10 9 10 0 7 0 5 3 6 1
9 6 6 3 4 7 1 7 4 4 8
2 7 4 4 11 1 8 4 14 0 6
4 3 3 2 4 1 4 3 1 1 5
13 3 0 2 12 3 3 6 8 11 8
7 6 2 6 9 8 17 3 3 13 13
12 6 7 0 10 14 1 8 16 11 14
3 15 6 7 12 0 4 3 4 5 7
18 3 14 1 10 8 0 12 14 18 11
5 7 11 5 3 14 6 9 1 5 0
4 2 12 1 3 0 2 3 4 5 2
6 8 4 2 3 1 1 1 0 2 11
2 3 7 10 4 14 3 1 4 1 5
8 2 5 3 4 8 2 6 4 2 7
10 4 14 3 4 3 5 7 10 12 6
22 20 6 7 5 12 5 10 1 3 3
8 7 7 15 3 5 4 14 6 13 3
6 3 16 6 3 5 2 9 2 3 2
1 4 5 19 0 5 4 5 1 2 1
3 12 9 8 7 1 19 6 2 19 8
10 9 9 2 5 16 9 6 13 5 7
0 6 33 6 7 6 1 7 1 10 5
1 1 3 0 6 1 4 2 5 3 4
1 15 1 26 1 1 16 14 5 1 8
3 7 6 0 2 7 3 6 13 1 5
2 1 11 2 4 0 2 9 5 0 8
4 9 5 3 8 16 3 0 1 14 2
11 12 2 6 13 0 10 1 7 0 5
3 1 2 1 1 3 2 5 5 4 7
2 0 1 5 6 1 3 13 4 2 2
2 12 20 10 11 7 4 11 9 11 9
9 17 0 19 15 12 3 9 3 3 10
7 7 1 5 10 5 1 7 10 21 6
4 3 2 5 5 2 8 7 7 10 3
4 4 4 3 6 1 1 7 3 1 3
3 16 1 13 3 6 4 1 2 5 1
11 1 4 10 3 5 2 4 4 4 3
4 3 19 5 12 15 2 1 4 12 11
11 3 3 4 3 27 17 11 4 15 6
4 2 2 4 1 4 0 1 0 3 6
9 2 3 11 5 1 20 26 5 13 4
11 2 7 1 13 12 4 3 6 3 6
13 4 3 9 1 4 4 3 9 0 14
1 2 1 2 0 1 1 6 4 7 1
1 7 7 6 6 2 1 7 11 2 2
10 10 5 16 6 15 12 19 8 1 2
3 3 5 7 3 3 1 2 4 11 14
1 1 5 3 21 5 1 8 24 7 0
1 1 2 1 7 3 3 1 6 2 5
3 2 1 10 3 10 10 8 2 14 9
12 6 5 1 1 14 8 3 1 5 1
0 6 4 1 1 6 4 2 1 1 1
21 17 11 4 1 2 0 3 9 4 14
21 13 12 4 5 6 4 3 10 3 15
0 7 5 5 9 8 15 2 2 6 8
6 16 3 10 5 14 14 17 10 3 1
2 9 8 2 4 11 4 1 0 1 4
4 5 4 1 8 10 6 4 4 8 2
3 1 9 2 4 10 6 1 3 3 11
12 13 10 19 3 10 5 20 6 1 4
16 2 11 15 3 6 2 10 12 6 17
1 2 2 5 2 1 8 8 4 7 1
11 4 7 3 5 15 20 9 13 12 19
2 5 1 2 2 11 2 0 3 0 7
3 12 5 12 3 1 20 3 10 14 11
9 0 9 8 1 8 3 12 3 3 5
4 13 3 12 7 1 9 3 4 1 12
4 4 18 23 12 2 8 4 9 11 16
4 1 4 6 1 2 5 1 7 4 2
1 12 22 17 8 19 9 6 2 6 7
1 1 6 4 4 2 2 4 3 5 3
6 6 0 4 8 3 5 18 4 1 7
5 6 0 10 6 10 5 7 1 11 4
8 15 12 6 8 3 4 9 7 1 4
3 12 13 1 6 3 0 10 10 7 10
3 7 2 6 6 3 0 1 4 2 5
17 11 1 22 3 4 4 9 14 12 6
14 7 3 3 2 5 6 6 5 3 9
2 1 7 5 4 8 5 9 2 10 3
12 7 11 19 9 2 13 4 11 6 9
2 1 8 1 2 12 2 9 19 6 21
2 7 5 1 1 19 4 5 3 14 7
12 1 2 5 3 0 8 3 6 11 0
4 4 3 7 10 0 12 1 0 6 4
3 6 6 4 0 5 7 4 8 1 1
4 10 2 10 3 4 4 1 9 8 1
2 10 3 6 5 0 12 5 5 8 4
5 2 6 12 1 2 8 9 4 6 7
2 3 1 1 5 2 3 9 8 3 5
5 4 4 11 4 4 12 7 23 8 9
3 3 2 7 4 1 11 5 3 4 7
4 1 9 3 18 7 18 6 6 11 4
12 2 5 0 5 3 6 2 4 9 1
7 7 1 2 5 6 1 2 1 4 1
6 4 9 4 10 8 10 3 11 4 11
23 0 12 18 4 8 11 9 5 2 14
1 10 8 1 24 17 9 7 7 2 3
3 6 1 9 2 2 16 0 3 16 2
0 5 2 15 7 1 1 15 9 1 9
3 6 1 8 14 0 2 2 2 4 2
1 9 6 3 15 1 0 4 1 3 2
8 11 1 2 3 17 11 7 2 7 1
0 2 5 9 13 21 3 4 8 3 1
10 10 12 11 7 1 3 1 3 6 4
2 5 8 5 7 6 2 15 7 0 5
1 4 7 8 3 2 3 1 6 3 1
15 4 7 10 6 10 4 15 14 10 5
7 5 2 0 4 6 2 7 0 13 1
5 4 4 2 8 20 0 3 8 12 6
11 1 7 7 4 3 1 4 1 3 6
8 7 7 10 2 9 3 12 15 1 2
3 10 16 13 4 8 3 8 3 4 3
7 7 2 22 8 6 23 2 5 2 5
8 7 3 4 0 2 17 1 7 4 12
23 10 9 9 9 0 15 6 1 12 11
20 7 10 4 2 2 7 3 9 12 9
9 4 6 5 1 13 6 8 0 8 3
8 7 1 2 7 9 0 9 6 8 2
4 3 4 2 0 7 2 0 3 2 8
8 1 6 3 1 5 4 3 6 10 9
18 11 3 11 18 0 5 21 12 2 6
14 5 2 5 10 2 2 4 1 8 3
7 8 4 8 10 0 8 4 6 1 3
8 1 2 1 6 2 4 3 6 5 6
3 5 1 1 1 8 2 2 6 5 4
12 6 2 18 3 9 1 3 1 16 7
5 5 1 6 3 0 7 9 9 9 16
16 9 7 9 6 4 23 8 4 2 1
1 2 3 7 5 10 6 10 1 3 2
8 4 15 11 10 9 6 13 2 5 4
4 2 2 1 0 10 1 6 6 10 11
16 3 5 5 3 9 14 11 16 5 1
15 9 20 5 10 6 1 3 13 1 8
6 1 0 13 1 5 2 3 13 9 5
5 5 4 5 1 2 3 1 2 2 2
2 4 8 12 9 9 1 17 4 2 7
0 3 5 9 2 9 3 1 1 1 6
3 0 2 5 5 2 1 1 1 2 4
4 9 9 3 9 4 4 12 5 21 10
8 11 10 2 5 0 2 9 7 2 7
5 3 1 8 5 13 9 11 7 19 6
3 3 6 6 1 3 6 2 1 0 3
13 9 7 11 22 2 2 5 12 17 5
8 9 7 2 10 0 9 4 3 1 5
10 4 6 6 8 5 17 26 6 4 5
5 3 2 1 2 7 10 4 4 4 1
3 12 2 5 1 4 4 0 4 5 1
4 5 4 4 4 8 2 1 11 6 0
1 5 7 6 4 1 5 3 1 1 3
3 5 6 2 11 6 4 8 13 6 6
11 17 11 5 3 3 2 6 4 3 2
0 7 3 2 4 4 2 4 4 4 2
7 10 1 5 12 4 6 6 8 9 8
4 1 8 3 0 3 6 5 8 5 3
11 0 5 8 11 6 5 9 3 3 17
8 2 9 1 9 10 24 4 14 19 0
6 6 5 0 8 2 5 3 6 0 13
4 2 5 10 3 8 2 5 7 5 0
4 5 1 1 2 13 6 5 1 5 10
0 2 6 1 1 3 2 7 2 3 9
6 1 7 2 9 13 1 4 1 22 4
2 7 8 1 2 4 8 0 7 5 5
4 9 12 1 8 7 9 11 17 9 13
9 0 1 2 18 0 9 5 2 8 2
13 6 24 20 3 9 3 4 12 10 7
3 11 2 5 7 3 9 4 6 7 0
4 3 1 4 4 5 12 4 2 10 15
3 14 19 5 7 1 5 11 12 7 11
1 6 15 0 6 6 17 8 4 2 9
1 4 6 5 1 5 10 9 2 9 0
1 25 5 11 5 12 6 10 2 11 7
1 8 7 7 11 6 1 1 6 8 1
0 1 2 3 9 5 4 3 4 5 1
9 8 3 2 1 5 0 15 2 6 22
2 0 8 8 0 13 1 7 3 9 4
11 6 1 15 3 9 1 8 7 15 0
8 10 2 1 4 6 3 9 34 5 5
7 6 8 0 1 0 1 2 1 2 10
2 3 0 2 4 2 7 0 1 4 7
11 2 3 6 11 1 16 4 6 13 8
10 14 4 1 1 1 22 20 17 2 10
6 8 5 5 10 4 10 2 9 8 8
7 8 11 10 5 4 4 1 6 8 2
9 2 1 9 3 5 2 5 3 4 11
11 7 18 13 9 1 13 19 10 2 8
10 5 0 7 0 4 1 10 3 3 10
10 2 6 5 14 5 12 7 5 4 12
1 3 5 3 5 6 4 3 3 3 6
3 2 13 1 2 4 0 8 10 3 11
2 2 3 0 2 6 3 6 2 1 2
5 14 1 8 1 3 9 16 8 10 10
9 11 11 5 7 6 12 6 9 2 4
4 1 0 2 2 5 1 9 0 2 2
8 14 3 12 3 8 21 15 7 8 17
13 7 0 10 10 4 6 4 6 9 4
4 2 5 3 1 2 7 2 2 4 2
2 4 1 5 6 6 5 4 4 8 3
3 2 8 3 8 1 17 10 8 4 12
2 4 11 14 2 2 6 7 18 1 3
3 7 2 0 5 7 5 5 5 4 6
8 13 9 3 9 7 4 8 8 19 14
3 1 5 6 3 3 4 2 1 2 1
6 16 4 3 1 1 5 1 6 0 0
6 5 3 22 5 1 5 5 4 10 5
6 4 2 3 1 5 6 2 3 6 0
4 0 5 2 1 4 3 4 2 2 3
4 10 2 9 14 2 4 2 4 2 4
2 15 1 0 1 20 3 7 7 7 8
1 1 0 3 6 4 0 2 3 2 5
9 2 5 8 15 21 21 11 3 3 13
10 5 15 4 1 0 5 1 7 15 27
1 4 1 4 6 1 6 23 3 4 3
6 1 8 2 5 10 2 1 2 3 3
19 2 14 6 16 9 7 7 6 6 5
0 6 8 1 10 14 11 6 11 20 3
15 5 1 7 7 1 8 3 16 16 5
0 2 4 14 9 0 10 7 3 20 9
12 9 2 2 3 5 2 11 3 2 14
5 0 1 0 2 2 0 11 4 1 2
6 0 7 0 2 8 5 4 0 2 9
6 4 0 5 3 13 0 1 8 2 13
1 1 2 6 4 1 1 2 5 7 13
2 1 2 3 16 6 16 15 7 7 26
3 12 7 6 12 16 1 9 9 13 0
6 6 4 2 12 15 10 0 4 8 3
3 8 9 0 6 8 3 8 4 10 5
5 4 3 27 15 11 2 1 10 2 1
17 9 12 7 2 5 2 9 3 17 6
4 14 5 16 10 10 14 8 3 10 1
4 2 3 6 7 5 6 7 1 1 6
1 2 14 15 8 7 13 9 3 7 6
3 0 15 7 6 1 8 4 2 12 12
0 2 0 4 5 11 0 8 2 4 2
1 9 3 3 0 3 3 3 1 10 4
3 3 4 3 6 0 5 6 3 1 7
8 3 9 13 5 3 2 1 7 7 7
11 1 17 9 18 14 1 3 2 3 8
6 1 23 3 12 17 20 4 3 13 1
10 5 6 5 6 1 6 1 2 3 5
5 1 6 0 3 4 3 1 2 3 3
1 9 5 12 8 10 6 16 3 18 0
4 2 20 2 12 2 22 5 1 6 3
7 9 2 2 5 15 11 1 21 16 5
3 1 18 3 3 5 3 5 0 9 4
29 8 2 9 7 1 0 4 6 16 8
12 8 6 6 10 28 7 1 15 2 2
10 4 0 3 3 2 5 1 7 4 4
2 5 1 3 2 1 4 2 4 5 3
14 7 5 10 1 14 3 5 7 4 15
4 1 2 4 0 1 10 5 1 2 4
3 2 14 12 5 3 11 12 11 13 2
3 2 11 6 6 9 6 6 1 1 3
9 6 3 0 6 4 5 8 4 11 0
2 2 8 5 5 5 2 2 3 7 4
11 1 4 4 8 8 2 1 13 5 6
3 8 15 5 4 2 5 2 8 1 4
7 4 11 12 2 27 1 4 0 3 10
9 3 11 13 4 2 1 7 1 3 14
7 4 1 3 1 4 16 4 4 4 1
20 7 13 10 10 2 13 0 6 11 4
12 3 17 1 9 2 1 0 12 10 9
1 0 0 4 3 2 0 6 6 0 1
8 1 5 9 10 2 0 7 6 8 1
2 9 6 3 0 2 4 1 0 3 6
3 12 3 3 18 5 2 16 8 9 11
13 6 1 22 3 11 2 10 10 4 2
9 4 8 5 8 3 1 3 0 11 6
3 9 19 0 0 18 10 4 6 2 6
4 8 2 10 12 11 17 6 14 11 11
9 20 14 12 6 21 12 8 2 1 8
2 6 8 10 13 5 13 6 8 1 13
5 18 17 1 12 0 12 13 4 5 5
4 8 8 14 2 11 6 13 4 7 12
9 15 4 4 0 15 3 8 4 13 20
7 2 2 4 3 7 0 6 21 2 2
5 9 0 3 1 4 4 7 22 13 5
9 5 18 8 7 10 15 16 1 1 1
4 3 2 7 4 1 7 5 3 6 2
8 0 2 6 5 6 5 3 5 9 1
11 3 2 7 8 8 6 5 5 18 11
2 10 1 2 12 3 1 6 6 5 2
10 1 7 6 10 11 2 9 11 12 4
19 3 4 1 10 6 4 4 13 14 2
7 1 10 1 5 10 1 24 2 16 8
10 14 9 10 3 12 19 2 6 1 17
11 19 14 3 4 3 4 1 0 4 7
3 8 0 5 0 6 3 1 4 4 5
10 7 3 2 8 2 4 6 4 5 15
9 5 5 2 3 1 1 4 6 6 2
9 2 6 3 2 4 7 6 2 1 5
3 8 11 8 5 4 17 13 17 5 7
2 5 3 2 24 13 5 20 10 15 2
11 10 10 7 4 1 11 2 5 0 11
5 1 3 0 4 10 3 8 13 1 7
14 1 5 2 5 7 8 13 4 1 19
3 13 6 2 23 10 14 11 6 1 1
4 3 17 1 18 3 2 12 5 4 9
3 0 9 5 3 7 12 3 12 10 9
17 11 12 2 7 12 10 2 4 3 11
3 13 2 7 3 6 10 6 6 1 4
10 12 6 10 7 18 3 2 3 1 7
3 2 17 8 5 24 11 3 10 9 5
6 5 12 4 5 7 9 0 3 1 3
2 7 2 7 2 19 7 3 12 6 4
4 6 8 24 2 6 7 4 2 4 7
2 1 16 3 4 4 9 14 2 5 2
4 1 0 7 1 3 9 5 6 3 2
9 7 1 2 2 9 4 2 5 3 1
4 5 4 8 4 3 7 7 9 7 5
6 4 8 0 9 7 10 2 4 0 2
3 8 0 2 8 3 2 2 4 4 5
5 3 3 1 4 4 0 4 5 8 6
0 4 1 1 1 8 4 4 6 11 0
4 6 13 16 0 9 8 7 1 14 22
8 13 12 2 16 5 8 16 1 2 6
0 5 6 8 10 13 9 9 3 3 0
2 7 13 3 3 7 3 8 13 6 7
2 3 6 9 3 10 11 3 3 0 13
1 5 8 7 3 6 10 6 4 22 9
8 13 5 10 1 3 8 1 7 14 4
1 11 1 3 1 9 1 2 12 0 9
6 1 4 5 2 4 2 7 0 3 1
1 1 2 5 3 5 7 9 2 4 1
1 1 3 5 2 2 8 6 9 1 7
2 2 5 3 3 12 8 5 22 1 7
20 6 1 9 14 8 5 5 1 2 22
10 1 8 12 8 14 4 1 5 20 23
5 0 4 5 13 0 1 1 1 5 7
14 8 15 7 2 2 11 8 14 4 3
4 17 4 11 4 5 4 4 3 4 10
4 1 1 1 0 4 5 4 3 2 3
17 0 3 8 5 4 1 8 2 7 1
4 2 3 7 1 0 4 5 2 0 1
2 9 4 4 9 1 5 12 2 4 4
6 7 7 1 4 2 7 13 12 16 2
1 6 3 0 4 3 8 5 0 9 4
5 1 5 5 5 7 6 9 14 3 2
10 1 3 0 18 9 10 8 3 16 4
1 2 4 9 19 14 5 2 0 11 12
6 12 10 2 5 20 8 12 13 6 10
4 2 11 5 1 5 7 2 10 6 0
9 7 2 9 3 2 3 0 6 0 4
10 9 4 5 5 7 9 9 5 4 17
9 5 7 3 7 4 4 3 10 1 2
1 7 0 0 8 4 12 1 3 1 5
1 2 7 1 1 5 6 7 6 5 2
1 3 1 12 3 1 13 2 2 4 5
6 10 6 16 3 4 10 1 17 6 0
2 11 1 7 11 15 10 4 3 3 21
21 13 6 5 7 2 3 14 4 3 0
1 3 1 10 7 1 3 2 3 6 11
3 2 1 6 4 9 6 0 1 7 2
6 4 3 11 7 9 7 10 5 6 5
12 10 2 12 6 8 1 1 7 6 4
2 11 4 4 14 7 1 6 5 12 2
9 2 14 6 5 19 1 10 4 4 5
1 10 7 19 14 5 15 3 3 4 5
2 3 3 0 6 0 3 4 8 2 4
1 0 17 9 12 7 0 20 2 4 6
1 5 12 9 4 2 5 1 12 1 12
8 15 0 2 4 2 1 5 7 4 0
2 1 1 1 2 6 8 1 8 7 0
1 3 3 6 4 1 6 4 0 6 6
17 2 1 10 16 2 10 14 4 18 8
16 5 7 0 15 5 2 9 5 9 10
14 4 11 0 10 10 1 5 4 5 1
3 8 8 9 3 4 2 3 1 2 8
9 2 3 9 0 9 9 7 14 0 3
13 7 7 3 8 15 9 3 3 7 4
3 12 8 2 2 10 5 3 4 10 7
1 13 1 3 5 0 3 4 7 6 0
2 3 0 2 16 2 1 1 4 1 0
1 9 1 10 4 7 4 3 6 5 3
4 2 4 3 4 1 3 5 7 9 1
12 3 7 10 4 8 1 10 8 6 1
16 6 10 7 3 14 0 3 13 16 12
2 1 3 5 1 3 5 6 12 5 2
5 8 5 3 7 2 2 5 4 3 2
0 3 4 15 7 2 3 6 8 2 0
8 6 6 1 6 21 4 1 6 6 9
0 3 14 0 2 3 6 1 13 10 1
7 12 5 12 5 0 12 3 13 9 1
4 3 11 3 1 8 0 5 12 10 15
13 11 11 14 19 5 7 1 14 10 1
4 3 4 11 10 1 8 7 5 4 3
2 6 1 1 0 6 8 13 8 8 11
2 0 0 2 5 4 7 2 4 4 3
3 10 16 5 12 1 0 13 9 15 16
5 7 1 15 3 0 3 8 10 2 3
9 21 3 12 17 14 11 5 7 2 7
3 11 4 12 8 7 7 2 12 13 7
17 13 10 5 1 5 10 27 1 8 2
9 4 5 3 5 3 15 19 1 5 26
7 2 11 1 3 7 4 6 8 4 5
12 2 4 2 5 1 11 17 5 6 14
11 4 18 17 8 3 3 8 8 11 1
3 1 1 2 1 1 2 2 11 26 12
19 9 8 1 5 8 5 2 5 12 7
2 2 2 6 4 3 5 2 3 2 5
8 8 7 7 6 3 5 3 3 4 1
3 7 12 10 2 2 15 4 7 5 4
7 6 15 11 5 4 3 1 2 10 0
6 9 2 4 4 4 4 2 14 7 4
4 1 5 4 2 6 2 7 8 0 13
5 3 4 10 1 13 1 2 3 7 10
1 0 0 1 2 6 11 8 4 4 12
1 1 4 5 13 17 16 20 11 2 3
7 5 12 2 1 1 3 3 5 4 1
9 2 11 12 4 2 0 6 17 5 12
2 2 1 0 1 3 4 6 4 10 3
10 11 8 7 15 8 14 1 4 17 13
2 24 5 1 2 17 2 2 13 9 15
8 3 3 4 0 3 0 2 3 22 5
5 15 6 11 11 10 7 8 11 3 0
3 5 14 11 15 8 2 2 5 6 7
5 0 15 2 18 14 3 16 6 11 12
3 1 2 16 4 3 2 9 5 3 3
6 0 1 13 7 15 5 14 15 9 6
5 5 2 14 15 8 3 15 6 4 23
5 13 1 6 8 0 2 7 7 5 2
24 11 5 15 2 1 4 6 2 3 0
11 6 19 10 18 4 6 5 9 8 8
7 4 10 1 11 5 5 1 9 20 12
0 12 2 1 7 10 1 6 7 1 3
0 1 2 11 13 9 13 18 15 8 1
4 1 10 5 1 2 5 1 12 1 3
12 6 11 9 1 10 10 5 0 16 22
2 6 6 10 3 19 9 10 11 2 6
21 6 13 2 8 6 2 17 0 7 15
10 8 18 10 5 15 6 21 4 4 3
12 7 5 1 11 11 5 6 1 17 11
4 2 1 2 8 4 9 3 0 4 10
1 0 5 7 3 3 1 0 3 2 2
14 21 8 11 7 3 9 4 17 4 3
1 2 2 7 8 2 12 1 9 7 5
9 6 11 3 8 6 11 13 2 5 4
5 1 5 0 5 1 3 3 6 4 6
8 1 10 7 11 12 3 22 8 5 5
2 3 6 1 3 6 7 12 2 3 0
11 6 15 3 1 4 9 6 19 2 7
4 13 6 1 13 2 7 2 13 4 18
15 9 12 11 13 10 1 11 3 5 5
8 4 5 16 3 1 9 5 2 1 18
9 10 3 5 8 1 2 4 9 1 5
8 10 2 3 9 13 3 4 6 2 13
6 2 7 4 0 9 11 1 16 4 16
12 4 9 4 18 10 11 7 1 13 22
5 3 2 9 4 3 3 2 1 8 2
11 3 3 17 12 0 12 7 11 2 9
19 4 1 11 2 18 2 14 18 0 4
13 14 18 8 9 9 2 10 8 13 12
5 4 2 3 2 6 10 5 1 7 4
1 3 6 4 6 3 7 7 1 8 2
5 3 16 7 13 21 15 9 2 12 3
5 12 6 1 10 8 6 3 2 2 5
3 3 1 7 0 1 5 3 6 1 4
14 6 6 9 14 10 4 16 1 16 3
3 17 3 9 5 22 0 12 1 8 11
13 10 8 2 4 14 4 9 17 12 6
1 5 2 2 2 2 2 3 7 5 1
8 4 2 17 3 1 4 7 1 3 4
6 3 2 11 5 20 11 8 10 3 15
5 3 9 6 10 10 2 1 2 5 15
4 2 4 3 1 2 7 7 6 2 1
3 4 0 2 1 0 4 5 6 1 2
3 6 7 15 3 23 18 4 8 1 7
10 11 6 4 10 0 9 1 0 5 6
10 4 6 2 0 20 7 2 4 6 6
9 2 3 8 6 8 8 5 11 9 8
2 2 3 2 6 4 2 1 6 2 4
11 11 1 24 3 0 3 7 14 1 4
4 0 4 2 2 4 3 9 20 7 2
2 5 5 2 2 2 0 4 2 9 1
1 4 12 1 5 6 9 4 5 9 8
9 1 6 4 1 22 7 3 10 16 3
1 5 3 1 11 9 13 5 4 13 3
2 28 4 3 7 2 25 6 4 7 0
18 10 12 0 1 11 2 17 7 2 4
1 1 3 0 4 9 1 5 6 1 5
10 1 5 6 3 2 2 6 3 0 1
10 4 6 10 11 4 2 14 6 7 5
7 8 17 4 15 1 9 2 2 0 3
21 10 16 12 2 7 0 5 1 20 10
16 12 1 0 6 4 11 12 2 7 4
5 2 2 2 1 2 2 7 5 1 8
5 11 9 3 0 10 2 4 4 5 4
2 11 11 8 10 4 5 9 5 5 9
3 1 9 9 6 11 2 8 10 0 8
5 8 6 3 3 9 10 6 5 4 10
6 15 0 13 2 1 2 3 26 2 5
0 7 2 20 2 12 14 1 10 10 5
15 5 19 7 6 8 13 8 6 16 1
2 2 0 8 5 4 6 8 8 3 1
8 1 2 2 21 13 4 2 1 10 2
6 12 13 7 2 8 6 16 5 13 5
1 7 7 5 5 1 23 1 1 3 14
9 3 3 5 6 6 2 8 5 14 13
23 10 12 12 9 12 1 17 1 4 5
14 5 2 3 1 7 0 11 1 3 10
3 4 4 10 4 2 3 10 9 11 7
3 4 4 3 3 3 7 1 0 0 0
2 3 0 4 13 5 7 1 1 1 4
2 0 4 13 2 10 3 7 5 1 4
6 2 8 2 8 1 3 3 19 21 11
4 2 6 2 2 3 2 2 13 6 5
3 5 1 0 23 11 21 8 1 17 5
4 7 1 1 5 6 5 1 4 2 2
18 11 3 5 9 6 12 1 3 19 11
4 5 2 4 1 3 6 5 3 5 0
8 11 4 14 5 26 4 1 10 2 4
12 5 4 12 12 11 5 19 7 3 19
13 16 9 6 4 13 15 3 4 0 3
0 0 4 1 1 1 2 3 6 10 1
13 14 14 10 4 11 23 1 6 9 5
1 2 6 1 2 2 3 1 2 4 9
3 1 4 6 7 17 14 1 8 2 8
19 1 7 8 9 0 27 4 12 5 5
7 8 12 4 4 10 9 10 1 8 2
9 16 6 5 9 3 24 10 9 4 1
13 9 1 11 12 10 10 18 4 14 16
4 11 0 5 5 2 6 1 2 1 0
9 0 0 9 1 6 12 3 5 2 6
2 10 0 5 4 4 4 1 4 6 1
11 0 5 13 17 11 9 8 3 0 6
18 2 2 4 4 3 3 10 10 4 3
8 5 6 2 3 3 8 4 17 7 2
1 3 4 1 1 3 2 6 2 7 4
2 0 1 2 1 5 0 11 1 1 7
1 12 19 9 1 0 6 5 17 1 8
13 13 12 2 13 4 9 10 8 4 11
5 3 1 2 3 3 1 7 5 2 2
1 12 1 0 2 4 4 4 2 3 7
1 4 12 0 5 2 9 2 7 8 11
9 6 7 1 6 4 2 1 1 2 2
4 3 0 4 12 4 5 6 6 6 5
4 3 3 6 7 5 2 0 0 1 3
2 2 8 10 3 0 7 0 5 5 6
3 2 5 4 1 9 6 17 6 1 3
1 1 6 12 9 2 8 5 17 2 4
4 19 9 2 10 10 3 1 7 23 3
12 9 17 12 11 15 3 1 10 7 6
1 11 4 6 9 2 8 1 1 6 10
4 3 15 13 2 1 17 14 3 2 10
6 1 3 3 1 24 3 19 14 3 7
7 7 12 6 13 4 7 5 9 4 9
4 6 6 3 3 18 23 13 17 4 4
4 9 1 5 0 14 9 3 11 9 17
5 13 15 5 10 1 10 13 16 3 11
8 2 1 0 2 6 4 5 3 2 6
5 1 5 14 3 7 5 0 0 15 3
4 3 5 7 3 6 7 5 1 2 5
1 5 1 6 4 8 4 5 3 1 9
14 5 14 2 6 4 5 11 3 4 6
10 5 8 10 18 2 9 6 4 5 0
2 3 12 7 3 5 1 7 19 11 3
11 2 12 11 12 2 9 3 13 14 2
5 3 4 7 6 4 7 6 5 3 5
3 9 2 8 2 4 2 0 7 0 1
3 6 1 7 3 6 2 3 2 2 6
0 6 5 0 3 3 3 4 4 3 1
6 5 11 14 1 18 0 7 8 1 7
12 9 1 2 10 1 3 6 2 2 4
4 7 9 4 8 6 11 13 2 3 24
3 4 1 4 1 3 3 1 4 4 3
16 7 13 6 2 7 1 12 1 7 2
6 5 4 4 3 1 2 1 3 5 5
10 6 20 7 3 10 16 6 3 5 1
0 2 11 3 0 1 2 1 6 2 5
2 1 5 6 8 3 0 2 4 2 4
9 2 1 3 2 2 0 5 6 1 4
16 5 7 1 1 1 2 15 24 6 11
10 5 10 1 2 2 17 1 1 7 7
5 0 3 2 4 3 9 2 9 4 5
4 5 24 12 5 5 3 9 10 6 1
8 4 4 8 6 2 2 3 6 0 4
2 10 19 8 20 6 19 4 1 3 4
4 3 8 2 11 5 1 17 5 7 14
7 2 5 8 2 6 0 1 2 9 7
3 10 7 3 4 10 10 1 4 2 6
10 0 4 4 1 0 5 12 0 0 2
1 5 0 2 5 6 2 4 4 5 6
7 23 3 3 0 13 20 6 12 15 1
2 3 5 6 0 3 7 0 1 5 3
6 6 5 3 2 1 1 6 7 3 2
2 14 5 1 4 12 7 2 1 5 1
6 1 12 3 8 5 0 6 10 0 2
10 3 6 4 6 4 4 2 10 8 3
4 7 5 9 12 8 7 11 17 7 4
16 11 4 1 14 6 4 3 10 4 12
6 4 3 7 3 7 2 14 9 11 6
2 2 19 14 11 0 9 10 8 13 3
9 10 5 18 8 2 8 17 6 13 4
3 10 2 4 4 6 2 0 4 4 3
10 5 21 3 9 5 12 1 18 12 3
11 1 2 10 6 5 3 21 15 2 3
4 3 4 1 2 9 2 2 0 11 3
1 10 5 5 4 7 4 10 4 9 5
4 4 4 3 5 3 5 6 1 1 3
4 15 8 4 22 3 19 5 3 8 13
4 4 1 2 2 6 2 0 3 1 4
1 13 6 9 9 7 5 24 8 5 5
6 6 0 23 0 0 0 5 10 14 11
12 10 1 8 1 6 9 8 3 19 3
1 9 0 6 7 1 4 2 1 4 4
4 2 7 4 8 10 3 3 1 6 1
6 0 8 2 4 0 1 2 2 10 8
1 3 0 2 3 7 3 1 1 10 9
2 4 3 2 3 1 3 2 9 2 2
2 3 10 8 1 3 4 4 4 2 2
16 15 18 7 17 1 5 3 7 13 12
3 5 11 10 5 1 1 10 7 3 1
1 8 4 1 4 4 2 6 5 5 2
4 9 7 5 9 7 12 2 5 2 3
3 9 3 5 1 0 1 14 4 7 10
2 4 1 7 0 9 13 8 3 9 4
4 5 9 7 6 3 3 10 17 12 7
1 3 7 7 2 6 1 1 5 1 5
6 14 1 7 4 5 4 1 2 1 4
6 7 6 3 6 2 4 2 0 7 2
2 12 17 16 14 9 9 5 2 13 17
5 3 3 6 1 13 3 1 4 2 13
1 0 6 14 5 3 11 0 9 1 6
5 7 0 3 0 2 1 1 3 2 3
5 3 1 1 10 4 2 13 10 4 1
1 9 12 9 10 1 16 16 16 13 12
12 8 17 5 16 4 12 5 6 7 8
3 19 10 16 6 9 0 11 16 6 7
5 8 5 13 4 6 16 2 7 1 2
5 7 3 7 7 14 5 9 5 4 1
2 1 9 1 2 7 0 2 9 12 2
17 6 6 5 11 13 0 5 1 2 12
3 2 1 1 8 0 6 1 9 0 3
6 1 4 5 2 0 10 1 1 5 4
15 9 0 6 2 15 3 4 7 9 0
1 0 5 2 1 2 11 0 5 7 1
6 6 12 8 9 5 0 1 1 4 4
14 8 10 9 5 16 10 11 5 1 2
13 1 10 0 3 4 12 14 5 5 0
4 1 8 3 0 3 1 2 4 11 7
28 4 5 1 9 8 13 1 2 6 1
2 9 14 3 6 5 8 10 7 4 7
6 13 16 10 3 13 13 17 5 15 9
6 2 16 5 7 0 8 13 5 8 7
11 2 6 6 1 2 2 3 4 5 12
5 8 13 18 13 5 8 12 6 19 6
4 4 2 4 1 4 4 2 5 3 2
4 2 9 5 2 1 11 3 17 2 13
1 9 8 9 8 5 2 1 12 1 13
7 2 26 1 1 2 2 15 2 4 7
8 8 5 14 4 7 4 17 6 8 14
5 5 11 2 2 13 8 4 0 12 6
4 0 3 2 3 2 3 0 3 0 12
1 2 12 0 6 4 2 26 11 12 0
1 6 3 4 2 3 16 1 6 3 8
14 17 9 22 6 1 4 4 8 11 8
5 8 7 0 1 1 1 6 16 2 10
2 0 11 12 3 11 4 2 17 19 8
9 5 5 7 6 6 7 0 0 3 3
7 2 1 2 9 19 1 10 8 8 15
4 2 2 1 4 9 7 11 2 11 8
7 1 7 4 7 11 13 11 0 6 2
2 0 14 3 4 0 2 3 6 3 4
6 13 10 3 8 0 2 10 2 6 8
1 4 3 0 3 1 8 3 0 2 2
4 5 1 12 0 1 7 6 5 1 21
5 4 7 11 9 17 17 9 3 4 7
1 5 4 1 1 7 6 2 1 1 4
6 2 2 3 7 2 3 7 9 2 2
3 7 3 3 1 6 0 2 6 8 7
20 2 10 10 6 7 9 4 0 16 7
12 20 10 0 5 11 1 0 0 17 18
3 2 0 5 8 1 0 1 13 1 3
10 2 9 7 4 2 13 15 8 8 15
3 12 19 15 19 12 3 11 6 1 2
4 8 7 4 9 9 6 18 12 1 19
19 10 9 6 2 6 19 6 13 1 1
3 17 2 17 4 13 11 4 15 2 10
1 17 10 19 1 9 2 22 9 2 6
11 0 18 14 3 6 10 12 9 7 7
2 5 2 1 5 22 6 6 6 3 0
10 17 12 1 9 13 7 12 10 8 15
6 17 8 6 5 9 4 7 1 0 2
7 5 3 3 3 4 15 11 1 5 12
17 13 4 5 16 2 13 12 2 15 9
6 6 14 2 9 12 8 4 8 1 13
3 1 1 7 1 5 0 1 7 4 1
3 4 1 2 7 0 10 1 1 5 0
4 2 19 19 10 11 12 4 5 13 12
7 3 8 1 3 1 3 16 4 8 3
4 7 0 8 3 5 9 4 13 7 4
5 1 1 4 2 2 4 0 1 1 6
9 3 1 18 3 1 17 12 15 20 1
13 3 4 4 4 4 0 7 5 6 1
2 9 16 23 14 12 7 3 8 10 11
0 17 4 6 1 5 9 2 0 7 2
5 10 17 5 3 18 7 20 2 13 3
15 14 9 13 3 6 1 1 4 15 5
22 7 11 6 6 10 17 6 18 8 0
0 6 5 2 5 5 0 4 2 5 5
11 6 9 5 11 14 5 10 3 9 7
7 21 3 0 0 15 7 10 6 6 0
16 1 5 17 18 3 14 3 3 9 3
0 8 13 3 2 15 0 18 2 4 7
1 5 9 2 1 1 17 11 8 16 25
6 4 9 1 10 9 10 1 4 3 3
2 4 9 16 3 1 1 16 2 3 4
10 14 1 3 0 6 1 2 0 5 7
4 9 11 6 2 13 3 8 13 17 9
2 3 2 2 0 1 3 3 2 4 9
11 16 9 0 5 4 11 4 4 8 12
7 16 4 3 15 17 12 4 14 7 4
3 1 2 7 2 3 7 6 10 12 5
3 5 8 3 4 5 3 3 4 2 1
7 16 19 7 9 7 2 2 4 11 18
5 6 5 10 8 9 0 3 9 7 15
0 2 3 0 4 8 4 2 3 9 1
6 3 4 1 9 0 5 1 1 3 5
4 3 1 3 8 2 1 3 4 1 1
13 2 7 7 8 12 3 1 7 7 1
4 4 0 0 3 18 3 6 1 6 8
3 5 1 8 1 3 6 1 4 9 9
3 7 11 1 1 4 12 2 1 3 0
1 1 3 3 5 0 6 2 5 1 1
2 3 9 2 7 6 1 0 3 2 1
6 11 9 15 2 11 3 2 8 5 4
4 16 16 1 2 14 8 2 1 0 6
1 5 5 3 1 3 5 2 0 9 6
20 7 1 13 14 3 4 7 7 16 5
2 15 3 11 5 8 7 5 4 2 7
16 2 3 2 3 6 12 13 4 2 12
11 4 9 11 5 2 0 6 5 4 5
8 4 10 0 7 14 6 5 3 19 17
5 2 0 11 16 1 6 10 14 20 16
3 4 6 8 0 5 7 2 4 4 0
7 2 2 10 11 17 2 12 2 9 0
5 4 10 12 2 13 16 10 18 1 14
3 5 7 0 4 2 5 4 1 3 10
8 2 2 1 0 4 2 3 1 3 3
8 2 2 5 6 2 4 8 8 3 15
4 3 1 1 8 2 1 5 2 1 1
9 5 16 15 8 16 10 2 2 2 11
13 11 1 8 1 8 1 3 11 15 9
2 0 6 6 8 11 3 0 4 17 5
5 9 10 3 1 3 5 2 6 0 1
16 3 10 7 6 4 2 12 4 13 2
1 3 1 1 7 1 1 10 13 0 1
7 4 5 7 4 3 18 5 1 7 3
2 3 4 4 3 0 4 2 2 5 4
2 7 2 2 7 0 3 0 3 4 5
16 6 0 18 6 0 7 11 7 15 7
1 2 6 8 12 2 2 16 2 3 2
0 7 4 11 2 8 3 7 13 5 1
11 1 11 8 6 14 18 5 2 6 13
11 0 6 9 12 9 7 0 1 0 5
14 1 10 2 10 0 16 5 2 3 2
2 1 2 7 2 4 1 3 6 0 7
19 9 5 6 5 15 7 15 1 9 1
14 3 11 16 14 2 4 5 9 13 6
1 3 1 7 1 5 4 1 2 0 4
1 2 11 4 6 1 7 2 5 0 6
14 4 6 10 1 10 6 9 11 6 1
7 1 5 4 3 1 4 9 5 7 11
0 9 3 2 0 2 4 2 6 7 4
1 3 5 19 19 10 12 1 2 5 4
20 21 2 3 13 15 5 5 6 13 9
2 0 4 2 2 4 2 5 0 6 0
14 5 2 0 2 8 9 6 0 5 3
9 4 6 5 2 3 32 2 4 9 4
2 11 2 7 3 8 19 6 12 5 2
1 18 14 7 1 17 8 13 12 12 1
6 6 14 1 13 5 15 5 1 16 10
6 0 6 5 18 1 11 10 14 5 1
3 6 10 3 7 3 3 16 2 1 7
4 0 9 1 2 7 1 8 3 2 1
4 1 4 1 12 7 0 15 3 3 6
9 2 11 5 4 18 7 14 2 1 7
17 12 13 4 6 7 0 1 8 1 2
1 5 3 1 5 1 1 5 0 3 2
5 10 4 10 12 5 26 2 16 7 2
12 6 16 10 11 14 14 17 6 2 5
1 23 1 8 2 1 5 22 9 1 3
4 6 5 5 3 10 10 8 2 0 2
7 1 23 11 4 5 6 18 9 0 7
8 0 7 2 24 2 7 5 7 12 3
2 7 9 0 4 5 3 10 12 3 4
22 5 4 4 1 7 14 0 1 1 12
8 0 2 7 11 1 3 6 11 1 9
8 7 10 1 2 13 4 1 19 2 17
3 9 4 6 6 3 5 13 3 5 21
11 0 2 22 15 3 3 8 16 9 7
4 7 2 3 1 1 4 0 1 2 8
1 7 3 5 0 0 0 0 1 9 5
1 4 3 1 10 7 2 1 2 3 4
12 8 2 9 5 2 2 4 2 1 1
2 1 6 7 1 5 5 1 2 10 6
5 8 1 4 6 2 1 3 0 1 3
10 24 20 14 5 1 5 8 7 3 5
5 8 1 12 1 23 8 9 0 6 6
3 1 4 1 6 2 6 3 1 9 4
0 3 15 8 8 1 13 4 7 8 2
8 6 18 21 1 3 7 8 9 15 10
0 8 4 3 5 0 1 4 4 2 3
2 2 5 2 16 1 9 7 3 6 3
1 7
1 18
1 23
1 49
1 77
2 20
2 22
2 88
3 63
4 67
4 87
5 18
5 51
6 63
7 40
7 50
7 69
7 81
7 84
7 94
8 28
8 42
8 47
8 51
8 75
8 88
9 52
9 62
9 91
10 26
10 43
10 73
11 53
11 54
11 80
12 107
13 32
13 50
14 38
14 52
14 60
15 22
15 65
16 33
16 110
17 36
17 78
17 82
17 96
17 104
17 116
19 28
19 47
20 79
20 95
21 41
21 84
21 85
21 97
21 99
22 71
22 115
23 53
25 63
25 64
25 106
26 43
27 57
27 110
28 32
28 39
28 69
28 93
28 94
28 98
28 124
29 104
30 31
30 81
31 95
32 43
32 51
32 52
32 69
33 47
34 71
34 73
34 82
34 92
35 40
35 81
36 135
37 87
37 94
39 49
39 75
39 113
40 52
40 63
40 66
40 76
40 94
41 81
41 92
41 126
41 132
41 133
42 58
42 104
42 140
43 48
43 50
43 113
43 132
44 76
45 85
45 97
45 106
45 114
46 53
46 128
46 141
46 142
47 108
48 74
48 75
48 93
48 95
48 103
48 106
48 108
49 61
49 70
50 116
50 141
51 117
52 123
53 91
53 113
53 124
53 138
53 144
53 145
54 70
54 73
54 127
55 65
55 67
55 91
55 124
55 154
56 109
57 130
57 153
58 63
58 85
59 65
59 73
59 119
59 126
59 134
60 76
60 82
61 68
61 92
61 93
61 104
61 122
61 128
61 131
62 101
62 110
62 123
63 131
63 154
63 163
64 68
64 76
64 85
64 86
64 108
65 103
66 106
66 114
66 118
66 124
66 129
66 131
67 142
68 120
68 126
69 88
69 110
69 125
70 124
70 141
70 164
70 167
71 77
71 112
71 115
71 159
72 77
72 89
72 118
72 126
72 138
72 150
72 172
73 74
73 83
73 97
74 162
74 165
75 144
75 172
76 79
76 103
76 142
76 172
77 86
77 146
77 159
77 163
77 169
78 102
78 126
78 133
78 171
79 87
79 95
79 100
79 121
79 159
80 138
80 172
81 116
81 143
82 97
83 87
83 119
83 145
83 167
83 177
83 181
84 129
84 183
85 173
86 114
86 132
86 180
87 123
87 128
89 108
89 113
90 127
90 150
90 155
91 128
91 134
92 94
92 148
92 178
93 100
93 165
94 106
94 160
94 174
95 104
95 145
95 162
95 174
96 121
96 137
96 140
96 144
96 189
97 164
97 178
97 186
98 106
98 130
98 179
98 184
99 114
99 137
99 165
100 104
100 128
100 160
100 170
100 173
100 175
100 183
101 123
101 152
101 181
102 117
102 138
102 174
102 184
102 185
103 114
103 129
103 138
103 155
104 184
105 112
105 128
105 160
106 108
106 158
107 139
107 145
107 152
107 182
108 169
109 117
109 148
109 153
110 132
110 162
110 206
111 175
111 182
111 198
111 209
112 150
112 173
112 180
112 195
112 201
113 170
113 193
113 209
114 154
114 208
115 138
115 144
116 154
116 188
117 136
117 173
118 206
119 120
119 173
119 183
119 185
119 193
120 185
120 195
121 197
121 216
122 193
122 196
123 143
123 166
124 200
125 128
125 156
125 185
126 131
126 155
126 171
126 193
126 220
127 135
127 143
127 150
127 159
127 179
128 131
128 134
128 143
128 199
129 143
131 152
131 174
131 218
132 134
132 156
132 182
132 222
132 227
133 163
133 181
133 205
134 142
134 156
134 183
135 136
135 143
135 144
135 210
136 217
137 216
137 231
138 215
139 151
139 167
139 202
140 166
142 167
142 170
142 172
142 232
143 157
143 175
143 222
143 225
144 184
145 147
145 149
145 153
145 190
145 229
146 160
146 167
146 183
146 191
146 201
147 152
147 174
147 243
148 167
148 176
148 210
148 223
148 242
149 156
149 202
149 213
150 217
151 215
153 234
154 164
154 188
155 226
155 248
155 254
156 212
156 232
157 247
158 205
158 216
158 249
160 191
160 196
162 163
162 209
162 260
163 190
163 248
163 254
164 216
164 248
165 227
165 230
165 232
165 238
166 168
166 182
166 198
166 256
167 176
167 186
167 203
167 207
167 217
167 238
168 174
168 178
168 249
168 256
169 196
169 213
169 226
169 232
169 243
169 245
170 241
170 264
171 221
171 239
171 249
172 177
172 203
172 225
172 250
172 254
172 261
173 263
174 176
174 229
174 249
174 269
174 271
175 187
175 202
175 270
176 233
176 242
177 237
179 205
179 217
179 256
179 267
180 200
180 204
180 261
181 212
181 230
181 270
181 272
182 269
183 192
183 211
183 212
183 222
183 238
184 192
184 212
184 261
185 194
185 247
185 260
186 197
186 209
186 228
186 271
187 202
187 204
188 241
188 257
189 220
189 261
189 284
190 208
190 226
190 241
190 273
190 283
191 198
191 213
191 234
191 277
192 225
192 227
192 248
193 247
193 253
193 258
193 274
193 289
195 207
195 219
195 222
195 241
195 243
196 214
196 267
197 217
197 248
198 200
198 241
198 269
198 282
198 298
199 223
199 235
200 211
200 213
200 251
200 285
201 233
201 257
202 206
202 233
203 249
203 274
203 282
204 228
204 246
204 254
204 262
204 266
204 299
204 304
205 255
205 256
205 293
206 270
206 279
206 280
207 246
207 247
207 271
208 212
208 247
208 289
209 258
209 278
211 240
211 263
212 233
212 246
212 257
212 273
212 289
212 305
213 257
213 258
213 269
213 279
213 293
214 243
214 288
214 290
215 229
215 264
216 273
216 280
216 300
217 294
217 312
218 264
218 267
218 269
218 276
219 223
219 247
219 286
219 295
219 310
219 314
220 255
220 300
221 268
221 311
222 307
222 316
223 224
223 266
223 308
224 288
225 252
225 289
225 304
226 231
227 255
227 259
227 284
227 308
228 230
228 241
228 261
229 292
229 323
230 255
230 287
230 295
231 260
231 301
232 264
232 329
233 272
233 318
233 321
234 237
235 251
235 260
235 264
235 298
236 328
237 266
238 260
238 299
238 327
240 263
240 290
240 317
241 313
242 258
242 330
243 266
243 271
243 279
243 324
244 254
244 272
245 263
245 289
245 304
246 272
246 335
247 259
247 319
247 332
248 249
248 258
249 250
249 251
249 335
249 348
250 290
250 293
250 328
250 331
251 283
251 290
251 332
251 344
252 288
252 306
252 328
253 335
253 338
253 340
254 282
254 312
254 347
255 309
255 320
255 332
256 263
256 265
256 281
256 308
256 322
257 306
257 313
257 343
259 262
259 289
259 314
259 319
260 278
260 347
262 327
263 273
263 279
263 306
263 330
263 356
263 357
263 360
265 346
266 348
268 270
268 306
268 335
268 347
268 367
269 286
269 304
269 309
269 323
269 340
269 348
269 359
270 308
270 311
270 331
271 301
271 330
271 357
272 275
272 347
273 282
273 338
274 300
274 353
275 286
275 304
275 347
275 361
275 368
276 314
277 296
277 311
277 317
277 320
277 340
278 307
278 331
278 361
279 328
280 324
280 334
281 296
281 311
282 284
282 309
282 311
282 382
283 290
284 302
284 377
285 288
285 310
285 315
287 301
287 334
287 350
287 376
288 303
288 346
288 368
288 374
289 302
289 327
289 340
289 377
289 386
290 345
290 381
291 383
292 339
292 379
293 322
293 332
293 357
293 386
294 371
295 301
295 322
295 328
295 363
295 392
296 324
296 349
296 385
298 325
298 330
298 349
299 302
299 332
299 341
300 356
301 361
301 367
301 395
303 353
303 373
304 337
304 351
304 356
305 336
305 383
306 342
307 314
308 352
309 310
309 331
309 349
310 345
310 357
310 382
310 393
310 404
311 334
311 380
311 389
311 393
311 397
312 326
312 332
312 347
312 353
312 373
312 374
313 331
314 340
314 347
314 410
315 327
315 353
315 398
315 409
316 400
317 329
317 417
318 319
318 341
318 346
318 347
318 352
318 358
318 368
318 373
318 415
319 342
319 398
320 321
320 340
320 394
321 395
321 398
322 365
322 375
323 338
323 386
323 407
324 335
324 345
325 350
325 355
325 376
325 386
326 335
326 373
326 403
326 420
326 421
327 334
327 351
327 370
327 405
328 345
328 354
328 361
328 422
329 359
329 417
330 387
331 379
331 405
331 407
332 378
332 383
332 388
332 404
332 421
332 431
333 353
333 368
333 372
333 380
333 389
333 400
333 402
333 420
334 371
334 415
334 429
334 430
335 403
336 337
336 346
336 355
336 380
336 406
336 413
336 427
336 436
337 387
338 346
338 392
338 420
338 421
339 348
339 438
340 345
340 384
340 399
341 346
341 400
341 406
342 378
342 403
342 429
343 348
343 352
343 360
343 369
343 371
343 382
343 387
343 404
344 390
345 358
345 407
345 410
346 347
346 404
346 408
346 418
346 431
347 348
347 408
347 421
347 435
348 406
349 405
350 359
350 371
351 359
351 408
352 357
352 398
353 375
353 383
353 435
354 384
356 431
357 374
357 388
357 401
357 420
357 434
358 369
358 389
358 401
358 407
358 433
359 360
359 391
359 427
359 438
360 377
360 429
361 404
361 438
362 374
362 399
362 416
362 441
363 367
363 391
364 386
365 407
365 408
367 404
367 408
367 423
367 448
367 466
368 392
368 421
369 381
369 384
369 444
370 444
371 429
371 437
371 467
372 411
372 417
372 432
372 472
373 410
374 432
374 471
375 384
375 407
375 426
375 447
375 467
376 400
376 405
376 471
377 380
378 411
378 415
378 438
378 449
379 385
379 466
380 388
381 476
382 391
382 477
383 412
383 447
384 426
384 446
384 452
385 386
385 394
385 399
385 427
385 449
385 464
387 483
388 403
388 437
388 468
389 409
389 461
389 462
389 476
389 486
390 441
390 476
391 403
391 417
391 448
391 468
391 483
392 413
392 416
392 433
392 451
392 486
393 400
393 436
393 445
393 464
394 397
394 420
394 439
394 473
394 486
395 460
396 404
396 433
396 463
396 483
397 481
398 408
398 425
399 429
400 417
400 427
400 454
400 465
401 480
401 486
402 440
403 404
403 444
403 475
404 408
404 425
404 434
404 436
404 441
404 492
404 497
405 486
405 505
406 437
406 438
406 447
406 489
407 425
408 449
408 458
408 484
409 410
409 431
409 463
409 498
409 502
410 465
410 482
410 509
411 453
411 476
411 487
411 503
412 438
412 454
412 477
412 498
412 505
413 414
413 416
413 418
413 448
413 462
413 481
414 424
414 431
414 453
414 470
414 479
414 481
415 460
415 495
415 496
416 457
416 475
417 439
417 485
417 503
418 492
418 510
418 514
419 457
419 462
419 486
419 511
420 451
420 487
420 496
420 511
420 513
421 453
421 514
422 483
423 486
424 434
424 443
424 459
425 466
425 495
425 498
426 458
426 506
427 458
427 475
427 486
428 447
428 489
428 494
428 507
428 525
429 512
430 440
430 452
430 501
430 511
430 520
431 447
431 466
431 521
432 480
432 490
432 521
433 441
435 474
435 510
435 516
435 520
435 526
435 530
436 491
436 536
437 478
437 501
437 509
437 510
438 503
438 535
439 448
439 539
440 441
440 518
441 476
442 470
442 491
442 506
443 465
443 471
443 507
443 526
444 485
444 536
445 469
445 485
446 474
446 480
447 478
447 509
447 526
448 450
448 461
448 464
448 479
448 482
448 487
448 529
449 455
449 477
449 478
449 499
450 469
450 491
450 537
450 540
450 549
451 495
452 463
452 492
452 498
452 516
452 551
453 524
454 477
454 495
454 501
455 509
455 526
455 554
456 468
456 489
456 509
457 482
457 489
457 531
458 512
459 483
459 495
459 510
459 555
460 479
460 487
460 554
461 520
462 510
462 525
463 500
463 506
463 517
463 527
463 532
463 559
464 486
464 498
464 528
466 520
466 523
467 500
467 509
468 499
468 504
468 522
468 532
468 544
469 538
470 496
471 485
471 487
472 507
472 515
472 542
472 558
472 562
472 567
473 537
473 540
474 571
475 481
476 508
476 512
476 532
476 536
476 557
476 566
477 492
477 524
479 563
480 543
481 521
482 527
483 505
483 512
483 529
483 571
483 576
484 494
485 529
485 561
486 490
486 493
486 578
486 585
487 584
488 500
489 506
489 527
489 532
489 570
489 580
489 584
489 585
491 516
491 562
491 563
492 545
492 552
492 555
492 558
492 579
492 588
493 516
494 591
495 496
495 556
495 591
496 519
496 567
496 568
496 578
497 562
498 503
498 546
498 556
498 585
499 568
499 581
499 585
500 588
501 513
501 585
501 590
502 535
502 541
502 545
502 568
502 582
503 545
503 548
504 546
504 554
505 523
505 526
505 529
505 545
505 547
505 551
505 597
506 519
507 528
507 593
508 516
508 521
508 534
508 544
508 586
508 594
509 538
509 554
509 590
510 567
511 543
512 587
512 598
513 565
513 588
514 596
514 605
515 529
517 542
517 555
517 557
517 617
518 554
518 577
518 579
519 568
519 576
520 596
521 563
521 602
522 585
522 620
523 533
523 620
523 622
524 531
525 603
525 614
527 539
527 580
527 592
528 558
528 564
528 574
528 603
528 619
529 532
529 559
529 579
529 591
529 609
530 542
530 575
530 619
530 621
531 608
532 595
533 590
534 586
534 593
534 631
535 543
535 545
535 588
535 618
536 565
536 616
537 541
537 552
537 558
537 560
537 609
538 587
538 603
539 614
539 620
540 607
541 544
542 593
542 606
543 548
543 553
543 588
543 592
544 567
544 608
544 617
544 629
545 549
545 605
545 627
546 594
546 601
547 597
547 639
548 615
549 575
549 597
549 610
550 584
550 586
550 618
550 627
550 630
551 614
552 572
552 585
552 622
552 649
553 556
553 610
553 613
554 574
554 579
554 580
554 643
555 626
556 590
556 625
556 632
557 559
557 570
557 595
557 624
557 645
557 656
558 570
558 574
558 578
558 605
558 650
558 655
559 611
559 637
559 653
560 576
560 581
560 610
560 635
560 655
561 591
561 596
561 650
562 564
562 572
562 584
562 602
562 622
562 650
563 576
563 624
564 595
565 584
565 589
565 598
565 609
565 616
565 627
565 664
566 588
566 613
566 653
566 656
567 610
567 622
567 640
567 659
568 612
568 617
569 647
569 650
569 660
570 600
570 620
570 640
571 594
571 654
573 598
573 663
574 595
575 618
575 663
575 666
576 597
576 623
577 581
577 594
577 600
577 614
578 591
578 614
578 619
578 642
579 581
579 589
579 624
579 670
580 661
580 666
581 609
581 637
581 652
582 611
582 644
582 682
583 595
583 599
583 671
584 625
584 627
584 628
584 660
584 663
584 670
584 673
585 600
585 602
585 608
585 638
585 653
585 675
586 598
586 612
586 621
586 662
587 599
587 660
587 671
587 682
587 683
588 613
588 660
588 684
589 679
590 608
590 649
591 624
592 686
593 612
593 641
593 653
593 661
594 611
594 635
594 645
594 675
594 680
596 627
597 632
597 634
597 638
597 640
598 631
598 675
598 680
598 691
599 606
599 611
599 621
599 641
599 658
599 695
600 634
600 659
600 693
600 698
601 657
601 682
601 687
601 699
601 701
602 668
603 672
603 702
604 608
604 632
604 661
605 626
606 617
606 630
606 703
608 620
609 613
609 618
609 633
609 702
610 631
610 670
610 687
610 705
611 620
611 627
611 635
611 642
611 667
612 702
613 626
613 658
613 659
613 708
614 615
614 676
615 633
615 660
615 707
616 698
617 662
617 675
617 702
618 687
618 698
618 699
619 670
619 675
619 681
619 699
620 633
620 646
621 623
621 666
621 684
621 690
621 709
622 677
622 699
622 709
623 667
623 686
624 638
624 665
624 708
625 666
625 673
625 696
625 724
626 636
627 668
627 688
627 694
627 717
627 721
628 673
628 680
629 691
630 644
630 645
631 667
631 691
632 638
632 649
633 654
633 670
633 697
633 705
633 706
633 717
634 665
634 689
634 691
634 713
634 715
634 724
635 636
635 721
635 722
636 693
636 722
637 649
637 691
637 694
638 656
638 729
638 734
639 663
639 707
639 723
639 727
641 652
641 693
641 695
642 654
642 695
642 712
642 722
643 694
643 715
644 681
644 683
644 717
644 731
646 654
646 663
646 718
646 731
647 652
647 677
647 693
647 726
647 727
647 732
647 744
648 681
649 710
649 714
649 720
650 689
651 709
651 714
651 734
652 685
652 691
652 704
653 670
654 673
654 737
655 676
655 696
656 728
656 744
656 750
657 743
658 659
658 700
658 714
658 753
658 757
659 671
659 685
659 708
659 726
660 675
660 676
661 678
661 693
661 706
661 746
662 681
662 719
662 739
663 675
663 686
663 735
664 702
664 715
664 718
665 675
665 688
665 689
665 719
665 733
666 683
667 680
667 696
668 679
668 697
668 750
669 683
669 697
669 750
669 766
670 721
671 692
671 714
671 744
671 749
671 750
671 756
671 767
672 676
672 713
672 720
672 741
672 751
673 732
673 772
674 682
674 722
674 761
675 677
675 732
675 762
676 722
676 768
677 698
677 768
677 769
678 725
678 771
679 777
680 691
680 700
680 777
681 693
681 715
681 720
682 732
682 772
683 695
683 715
683 740
683 761
683 766
683 770
684 755
685 699
685 779
686 724
686 757
687 705
687 718
687 727
687 768
688 689
688 724
688 758
688 769
688 776
689 759
689 770
689 776
690 730
691 711
691 714
691 742
691 778
692 752
692 760
692 789
693 756
693 761
693 763
693 790
694 720
695 708
696 697
696 701
696 703
696 741
696 752
696 756
697 779
698 710
698 795
699 724
699 749
700 719
700 722
700 780
701 704
701 744
702 724
702 731
702 750
702 779
702 800
703 772
704 738
704 750
704 783
705 710
705 742
705 803
706 768
706 800
707 747
707 769
707 785
707 790
708 730
708 763
709 724
709 732
709 776
710 785
710 787
710 809
712 721
712 726
713 730
713 784
713 792
713 804
714 719
714 747
714 757
715 786
715 809
715 812
716 734
717 720
717 723
717 725
717 728
717 740
717 804
717 810
717 817
718 745
718 752
718 765
718 769
719 727
720 732
721 723
721 767
721 811
722 726
722 747
722 751
722 756
722 765
722 778
722 820
724 751
724 822
725 736
725 741
725 761
725 793
725 819
726 785
726 798
727 734
727 769
728 825
729 815
730 813
731 733
732 747
732 748
732 799
732 830
733 753
733 757
733 762
733 805
733 826
734 750
734 823
735 741
735 777
735 799
735 818
736 749
736 786
736 793
737 775
737 781
738 817
738 820
738 826
739 791
739 818
740 754
740 787
740 812
740 826
740 834
741 775
741 831
742 802
743 759
743 809
744 761
744 780
744 814
744 844
746 778
746 808
746 834
747 756
747 806
747 808
747 809
747 842
748 819
748 839
750 780
750 785
750 819
750 835
750 839
751 781
751 820
752 838
753 772
753 845
754 781
754 792
755 784
755 790
756 823
756 841
757 804
758 773
758 789
758 802
758 823
759 763
759 818
760 850
761 776
761 798
761 810
761 811
761 826
761 855
761 858
761 861
762 778
762 816
763 822
764 766
764 809
764 815
765 802
765 818
765 823
765 833
765 845
766 785
766 844
767 782
767 822
767 842
767 852
768 772
768 805
768 850
769 830
769 832
770 799
770 800
771 773
771 815
771 836
771 839
771 854
771 867
772 824
772 834
773 779
773 835
773 845
774 787
774 825
774 842
774 849
775 792
775 809
775 813
775 816
775 820
775 830
775 843
776 777
776 802
776 835
777 788
777 804
777 810
777 843
777 847
777 861
777 877
778 786
778 872
779 807
780 820
780 837
781 792
781 827
781 877
784 829
784 850
784 873
784 876
784 878
784 883
785 800
785 804
785 813
785 816
785 827
785 848
785 866
787 857
787 863
787 886
788 843
788 858
788 860
789 795
789 799
790 792
790 811
790 856
790 869
790 873
791 799
792 849
793 847
793 850
793 891
794 796
794 839
794 873
794 889
795 842
795 875
795 886
796 830
796 857
796 876
797 825
798 815
798 826
798 850
798 881
798 892
799 800
799 804
799 826
799 829
799 862
799 883
800 847
800 849
800 854
800 884
800 890
801 807
801 887
802 841
803 823
803 879
804 830
804 844
804 856
804 883
804 895
805 821
805 864
806 809
806 890
807 817
807 818
807 841
807 876
807 884
808 828
808 897
808 902
808 903
809 849
810 817
810 872
811 844
812 853
813 827
813 874
814 888
815 894
816 890
817 846
817 848
817 865
817 868
817 876
818 829
818 843
818 907
819 830
819 849
819 903
819 912
820 829
820 831
820 835
820 840
820 859
820 915
821 837
821 854
821 898
822 893
823 858
823 867
823 869
823 921
824 828
824 831
824 864
827 886
827 908
829 894
829 906
829 922
830 906
831 840
831 867
831 911
832 884
832 898
832 906
833 847
833 854
833 890
833 893
833 927
834 837
834 859
834 890
835 862
836 895
838 843
838 845
838 861
839 879
839 929
839 936
839 938
840 850
840 867
841 858
841 866
841 900
841 921
842 882
842 884
842 892
843 853
843 889
843 894
844 845
844 858
844 865
844 875
844 880
844 927
845 877
845 939
845 943
846 884
846 907
846 936
846 943
847 899
847 905
847 909
848 870
848 895
849 878
849 881
849 897
849 902
849 908
849 926
850 854
850 904
850 944
851 858
851 860
851 870
851 877
851 895
851 939
852 860
852 887
852 888
852 919
852 932
853 859
853 887
853 914
854 867
854 914
854 919
855 937
855 955
856 872
856 888
856 892
856 896
856 898
856 943
857 886
857 903
858 881
859 863
859 935
859 945
860 896
860 933
861 948
861 959
862 876
862 907
862 952
863 912
863 921
863 930
863 944
864 912
864 949
865 889
865 899
865 922
865 952
866 904
866 924
866 932
866 953
867 890
868 926
868 933
868 966
868 967
869 882
870 956
870 958
871 897
871 917
871 944
871 970
872 884
872 933
873 916
873 959
874 925
874 948
876 887
877 893
877 947
877 948
877 955
877 965
878 909
878 916
878 922
879 908
879 969
880 896
880 955
880 957
881 936
881 937
882 949
882 975
883 892
883 897
883 982
884 909
884 941
884 944
886 910
886 924
887 946
887 961
887 975
888 941
889 901
889 944
890 895
890 950
890 985
891 959
892 898
892 907
892 931
893 943
893 946
893 985
894 904
895 898
895 901
895 978
896 926
897 907
897 918
897 921
897 943
898 919
899 902
899 909
899 931
899 960
899 978
900 908
900 919
900 963
900 965
901 965
901 984
902 939
903 922
903 970
903 971
904 920
904 961
904 985
905 909
905 935
905 942
905 951
905 974
906 907
906 934
906 958
907 910
907 931
907 945
908 931
908 978
910 957
910 988
911 947
911 959
912 947
912 958
914 949
914 968
914 996
915 993
916 975
917 942
917 951
917 955
917 962
917 966
918 982
919 933
919 951
919 957
920 929
920 951
920 976
920 999
922 965
923 948
923 993
924 949
924 964
924 988
925 933
925 934
925 946
925 995
926 988
929 931
929 966
930 997
932 958
932 974
933 938
933 956
934 940
935 970
936 940
936 948
936 970
937 970
937 978
940 948
941 989
941 992
942 955
943 994
945 953
947 975
949 953
951 956
952 954
953 997
954 986
955 977
955 986
956 980
956 981
957 980
957 995
957 999
958 959
959 964
962 971
964 1000
965 975
965 979
966 975
966 988
966 989
966 996
967 975
967 985
968 977
969 980
970 984
974 992
975 999
979 988
979 995
981 995
984 990
984 992
984 993
994 996
6 2 29 16 34 9 17 15 7 12 0
25 1 9 11 8 20 23 26 24 12 12
6 1 8 15 9 7 6 13 2 4 8
30 21 9 4 15 4 22 16 14 3 4
3 14 8 20 0 9 3 5 12 6 20
13 14 5 0 0 0 5 8 1 5 3
9 10 7 12 2 7 8 4 24 10 22
0 20 8 11 14 5 2 15 0 9 19
16 14 8 4 18 6 2 7 0 34 26
5 4 0 1 13 1 9 19 20 2 1
6 7 12 9 14 5 0 8 4 10 10
5 7 1 8 21 12 1 24 16 1 8
11 9 12 32 14 8 16 11 16 6 27
8 14 14 5 5 14 28 8 31 19 3
21 22 17 4 4 0 23 4 34 11 8
5 33 2 7 13 28 13 19 2 0 24
22 21 11 2 17 13 6 4 7 1 5
8 3 10 16 16 7 7 14 7 12 6
21 25 4 6 13 6 17 17 4 10 6
13 7 12 10 1 5 13 8 18 14 20
12 10 16 21 24 46 22 16 19 40 14 28 3 21 23 19 28 13 20 14
2 1 2 1 9 11 2 7 6 7 8 10 1 1 4 4 5 1 1 3
18 8 36 23 28 58 21 31 35 57 28 37 8 7 16 28 29 24 20 17
6 1 7 5 13 25 12 14 16 22 15 12 2 2 17 6 8 3 8 8
30 27 40 17 41 58 45 19 34 48 33 29 25 34 38 19 30 28 13 43
7 1 3 6 12 13 7 10 4 12 4 9 1 6 5 7 9 1 1 6
18 12 20 3 12 34 10 13 11 22 10 8 1 11 11 15 9 11 10 13
3 1 7 13 2 30 2 15 18 24 12 7 1 5 16 13 12 2 12 7
2 2 4 1 4 13 1 11 6 9 4 4 1 1 5 3 2 1 1 1
4 11 7 9 9 33 10 6 12 26 6 13 1 14 21 13 11 1 9 13
21 14 21 11 16 33 12 18 20 40 22 28 6 11 11 10 21 20 8 11
18 23 18 20 17 38 19 21 22 37 24 23 6 21 30 16 20 14 16 27
22 15 40 31 47 74 44 37 42 49 38 33 17 34 45 26 41 27 31 36
40 33 53 34 35 65 33 26 16 59 30 44 19 26 39 39 40 33 36 26
9 4 14 12 11 22 5 18 13 26 14 18 5 1 12 11 6 8 9 8
15 8 17 7 9 17 1 16 5 28 12 15 1 2 7 12 6 9 1 6
10 9 16 2 11 25 8 16 13 19 13 16 1 4 10 17 5 9 10 10
2 1 4 6 8 24 4 13 13 15 8 6 1 2 13 5 8 1 3 5
8 6 9 4 8 13 3 13 8 12 6 9 1 1 6 9 6 4 1 4
28 10 22 21 16 32 7 20 13 41 23 30 2 26 22 16 25 19 18 1
17 18 21 1 13 20 15 8 7 15 11 9 6 9 7 5 1 12 1 19
7 1 4 8 4 23 1 11 9 21 5 6 1 6 10 8 9 1 3 3
14 8 26 24 22 38 17 30 22 47 17 29 10 11 21 32 19 14 20 10
1 1 1 4 10 19 9 5 6 11 1 4 1 4 13 5 12 1 1 6
35 14 46 25 34 51 16 42 29 50 33 42 10 16 10 46 30 32 31 9
31 33 44 51 42 75 39 41 27 74 34 57 19 37 44 53 51 28 44 33
11 8 19 26 19 41 14 13 14 43 10 31 9 15 11 25 27 13 20 10
5 4 12 7 13 20 6 15 14 15 12 19 4 1 6 13 14 5 1 5
9 5 5 3 6 14 3 7 4 13 2 4 1 3 3 4 5 3 1 4
6 4 10 7 17 29 12 18 13 16 12 8 2 6 17 5 3 3 4 15
8 3 15 4 8 20 2 11 7 15 5 10 1 1 2 16 8 3 3 3
4 3 18 15 15 30 12 24 18 30 13 20 5 1 12 22 9 6 16 8
3 1 1 1 2 12 1 1 1 10 1 1 1 1 1 1 1 1 1 1
38 21 43 43 35 67 24 38 35 62 47 42 12 41 48 29 49 31 35 24
16 15 30 35 41 69 35 35 35 61 31 50 8 32 39 36 49 18 27 26
8 1 10 4 14 20 7 20 16 15 14 17 1 5 9 13 10 5 7 4
10 10 18 21 21 41 21 24 29 43 26 27 8 20 34 26 31 10 19 19
38 13 39 20 22 50 17 25 28 47 37 30 7 32 28 25 38 30 28 13
30 19 39 29 35 54 25 30 25 47 34 38 19 18 29 26 45 26 20 19
3 1 5 8 2 19 3 11 9 17 5 4 2 1 11 7 7 3 4 5
32 9 33 21 40 42 32 38 37 35 37 22 23 35 34 28 35 25 18 24
7 1 13 17 20 43 16 12 17 31 14 13 7 13 22 17 26 2 7 14
31 25 39 24 39 65 35 26 30 48 34 33 12 35 44 17 34 28 24 33
4 4 8 4 10 13 1 18 13 6 11 11 1 1 5 11 6 1 5 4
7 2 10 1 6 19 1 14 13 11 10 8 1 1 1 5 6 2 1 1
30 16 44 28 50 65 39 39 34 54 38 44 20 19 32 29 49 33 22 31
4 24 35 25 51 52 39 32 20 33 31 29 22 24 39 29 35 17 19 30
8 1 5 4 14 15 6 13 6 19 8 11 1 7 7 10 6 3 2 5
9 7 18 25 20 48 15 34 34 42 28 30 7 13 27 28 24 10 24 19
12 13 22 6 25 32 15 21 15 24 14 22 3 10 15 17 14 9 5 14
39 14 52 33 32 64 26 44 41 72 46 52 18 20 29 25 37 40 32 25
45 24 58 33 43 72 30 43 46 55 50 39 31 19 26 32 34 41 29 38
10 8 21 5 13 23 4 23 19 19 17 20 1 1 2 17 15 11 7 4
1 1 3 1 1 12 1 10 6 8 4 4 1 1 1 6 1 1 1 1
24 15 34 12 23 48 17 33 36 45 31 34 4 9 16 29 30 24 22 9
4 5 5 10 15 25 8 14 15 19 10 13 1 11 16 9 12 1 8 10
7 1 8 8 9 27 6 16 14 21 12 7 2 1 12 5 2 3 5 9
32 17 39 24 42 41 32 30 18 49 29 37 23 21 26 35 35 25 19 21
20 16 29 7 20 38 19 29 25 32 27 24 6 3 16 21 13 19 18 17
12 3 11 7 4 27 1 14 12 21 10 8 1 6 8 16 7 6 12 4
9 7 7 2 2 12 1 9 5 21 7 14 1 1 6 9 2 5 4 2
11 1 7 7 4 20 4 5 7 19 6 9 1 9 10 6 13 5 7 1
13 8 14 22 20 38 13 29 27 42 25 28 7 13 28 22 23 9 20 15
37 11 43 19 32 51 14 35 23 44 26 33 8 15 9 42 27 29 26 13
12 1 13 4 15 31 14 16 19 14 15 6 1 8 17 16 17 8 11 11
4 2 6 1 5 12 4 7 7 10 5 6 1 1 7 8 3 1 3 2
26 11 32 27 20 44 15 25 13 39 25 35 13 12 18 34 35 20 29 8
27 10 24 14 30 33 18 25 10 36 21 30 7 25 19 20 15 18 9 15
7 2 3 4 2 7 1 4 3 15 4 13 1 3 1 10 5 1 3 1
21 15 27 14 30 37 27 28 28 30 32 22 15 10 29 10 18 21 12 29
25 32 52 27 54 69 47 38 35 65 42 43 27 28 38 37 30 27 24 43
19 5 21 6 11 29 5 23 19 26 13 13 1 2 6 26 19 11 16 1
22 21 36 30 30 44 26 39 32 54 30 38 17 14 24 29 24 29 30 22
7 1 4 6 6 17 2 8 7 16 5 11 1 4 3 9 7 1 1 3
14 15 31 25 36 51 30 32 18 39 26 31 18 11 34 32 23 13 23 26
3 1 1 2 2 11 2 2 1 11 2 1 1 1 9 1 5 1 1 1
1 1 1 1 5 8 1 6 5 1 3 6 1 1 1 4 1 1 1 1
11 1 8 7 5 23 2 12 6 23 4 13 1 8 7 14 9 5 11 1
23 15 33 19 33 44 27 32 22 35 22 17 14 18 32 16 13 20 19 30
32 18 57 30 50 77 35 54 45 59 46 39 17 21 35 37 35 35 37 32
15 10 33 16 38 31 24 36 18 42 26 46 12 5 8 34 27 18 14 2
41 36 50 27 39 66 35 31 25 54 45 40 9 37 43 7 37 41 25 34
17 3 21 8 29 35 20 29 31 13 28 12 11 17 20 15 26 12 11 17
3 3 6 6 6 19 3 13 12 17 11 13 1 1 10 9 1 3 7 5
5 1 7 1 7 21 6 10 8 9 6 6 1 1 7 12 4 1 6 4
18 6 22 12 34 45 27 24 20 32 24 20 6 26 33 16 19 12 12 24
6 5 5 4 3 13 2 3 6 12 3 2 1 3 7 2 7 3 2 2
38 17 47 32 30 59 11 38 23 48 37 39 11 15 22 34 45 31 31 7
17 4 20 18 31 43 29 28 26 30 24 14 13 18 34 11 16 13 18 28
39 23 49 25 32 62 28 31 31 52 41 37 23 20 23 20 30 35 18 29
24 17 24 16 20 42 12 12 3 46 13 21 1 25 26 15 16 15 14 16
17 8 30 13 32 56 26 25 40 43 34 31 6 19 26 25 40 21 14 21
31 29 35 24 23 47 27 22 33 49 34 29 24 22 28 9 20 31 16 35
9 3 19 1 30 20 19 25 11 24 17 31 1 6 5 21 10 11 4 5
6 7 10 7 8 22 1 15 15 18 10 12 1 5 11 10 9 5 5 4
32 23 46 20 34 60 24 32 28 55 35 32 15 24 24 28 22 25 17 29
31 21 44 19 32 51 39 32 42 49 44 34 28 20 33 13 23 34 26 36
32 17 33 16 16 52 15 20 19 42 23 22 5 19 22 24 24 25 23 19
11 4 19 7 11 30 6 18 16 30 9 17 1 2 10 25 19 5 12 1
27 5 35 25 43 58 34 40 28 55 36 41 9 22 32 15 27 30 26 23
12 4 13 12 18 29 11 26 19 31 18 18 6 5 19 16 12 7 11 10
11 4 7 9 6 12 6 8 8 19 6 14 1 7 8 12 14 4 5 1
11 3 7 12 7 22 3 6 5 20 2 8 1 8 6 7 15 4 4 4
24 9 36 39 27 62 21 39 38 60 33 40 19 18 31 31 34 19 35 20
54 24 60 32 37 71 31 48 40 79 47 58 23 38 25 59 40 47 39 28
20 11 33 13 14 29 9 26 12 31 22 19 10 1 12 24 18 16 12 8
4 7 8 13 13 28 9 15 15 30 9 19 3 5 12 16 11 5 14 6
3 1 2 3 4 11 1 6 1 13 1 5 1 1 4 6 7 1 1 1
5 2 2 1 3 12 1 7 1 16 3 7 1 1 5 5 1 1 1 2
21 16 23 7 34 34 28 21 15 35 17 25 6 20 20 24 17 14 10 20
8 2 15 13 23 37 20 25 23 33 19 22 3 2 14 10 13 13 14 9
7 2 3 5 3 14 1 5 1 17 2 4 1 1 6 4 2 1 1 4
27 4 33 5 36 35 27 38 30 21 37 22 16 22 18 32 26 23 15 20
33 9 44 18 37 64 29 48 43 45 43 33 13 14 22 30 35 38 29 27
14 8 17 9 8 29 4 17 13 27 11 12 1 4 10 16 12 8 6 7
16 8 15 13 23 33 22 18 18 25 15 6 9 11 27 7 14 12 9 21
18 2 22 8 18 35 13 20 29 16 25 11 6 13 15 16 30 12 10 9
18 20 22 14 14 25 14 23 21 34 28 30 5 14 20 17 23 16 12 15
4 4 9 5 12 21 6 15 16 19 14 21 1 4 7 11 14 7 6 1
15 8 20 5 10 27 6 10 10 18 10 10 1 5 6 16 10 9 6 9
13 5 8 11 13 28 10 10 16 21 8 5 3 16 18 6 21 6 7 7
13 8 16 4 15 25 7 22 17 14 15 12 1 5 6 14 11 8 8 8
8 7 13 1 5 17 1 16 13 12 11 9 1 1 5 11 6 6 6 1
15 8 22 15 33 32 19 23 14 35 20 28 10 9 19 25 28 9 7 10
6 4 6 5 9 13 3 11 6 18 7 16 1 1 4 12 9 1 4 4
12 1 6 8 10 20 5 13 8 15 6 10 1 9 7 7 9 6 6 6
31 17 42 29 30 39 21 38 19 49 33 34 24 7 25 27 22 27 21 22
10 6 8 4 20 22 13 12 3 21 5 12 1 11 16 11 4 3 5 12
33 18 44 40 43 76 41 60 52 68 50 50 15 35 40 42 36 33 44 35
1 1 5 4 21 30 16 13 12 18 10 7 1 9 23 7 13 1 1 15
40 6 40 38 33 69 23 40 47 44 45 26 17 25 40 24 45 35 42 25
34 14 37 33 25 63 26 27 30 44 31 21 11 29 44 15 35 29 33 25
13 8 19 13 20 30 9 20 17 28 13 24 6 7 8 17 21 9 4 7
18 6 19 15 10 38 5 16 14 30 19 25 1 14 18 12 19 13 21 1
42 20 48 36 24 57 24 42 36 58 36 37 19 21 30 27 31 41 44 24
26 21 48 32 40 56 26 49 35 53 36 43 20 21 18 56 38 32 36 18
10 8 10 5 17 24 12 15 12 22 9 17 1 5 15 14 11 6 6 9
18 9 22 14 19 35 18 22 27 35 24 12 11 13 30 9 19 15 11 19
1 1 5 1 16 20 8 17 13 11 10 15 1 1 8 12 7 1 5 4
33 27 45 24 35 54 35 32 22 53 34 25 22 25 33 20 16 29 22 40
15 7 15 10 4 26 4 12 10 27 5 13 1 8 9 16 7 8 14 2
11 7 24 13 30 41 25 27 19 31 19 13 6 17 31 18 12 10 13 20
32 19 33 34 29 57 22 33 21 51 36 42 6 30 37 18 32 31 34 23
31 11 38 33 20 51 12 31 21 57 30 44 11 26 24 42 40 22 33 3
12 12 21 19 32 51 27 17 18 40 16 28 3 25 30 20 27 11 19 18
18 10 26 17 41 52 34 29 34 32 28 21 17 28 39 23 33 17 17 30
31 13 48 10 39 55 33 45 47 54 52 42 15 12 20 31 39 37 17 28
15 15 23 15 23 41 18 20 23 31 20 16 7 13 27 10 12 15 11 23
11 1 22 13 35 49 25 31 32 30 30 17 7 17 32 16 25 10 10 22
7 3 17 15 12 31 8 17 11 31 12 19 7 2 13 20 16 3 9 6
3 2 4 1 4 9 1 11 5 10 3 6 1 1 5 6 1 1 1 1
35 23 32 7 33 37 24 21 16 43 29 31 14 25 14 8 10 27 3 24
8 4 4 5 4 16 1 8 6 18 1 7 1 5 8 7 7 1 1 1
7 4 13 3 16 19 6 11 7 17 6 18 1 1 5 12 10 3 1 5
9 6 8 8 5 21 3 8 7 27 4 9 1 3 12 9 11 4 3 5
25 19 40 22 35 56 24 31 29 62 31 49 15 15 16 30 28 23 15 18
8 9 11 3 11 20 7 11 5 15 5 6 1 4 11 6 2 7 1 11
5 2 3 1 9 4 3 7 1 7 2 6 1 1 2 3 2 1 1 1
3 4 15 19 13 41 7 20 18 38 10 23 2 8 18 29 19 1 16 10
11 16 25 30 21 49 21 30 29 40 24 32 8 21 31 35 35 9 23 20
29 28 49 31 38 68 40 49 41 63 41 40 14 31 43 45 29 31 41 38
13 6 16 5 22 28 10 21 15 31 15 24 1 9 13 16 14 10 4 7
15 19 34 22 26 56 26 29 30 41 28 15 9 21 39 31 26 19 29 28
3 9 16 7 23 32 17 25 21 17 15 23 4 7 8 23 9 7 16 13
44 28 54 44 40 72 36 45 34 72 43 48 20 34 43 31 40 45 48 33
11 9 15 12 17 34 14 15 12 34 12 20 4 7 18 15 10 8 10 15
12 2 25 4 22 38 13 28 27 20 25 25 1 3 5 26 21 15 15 8
25 15 30 7 18 34 14 24 21 34 25 23 7 15 13 25 16 21 13 17
1 1 8 9 18 29 7 12 10 24 8 21 2 3 11 12 17 1 1 5
1 1 5 1 3 13 1 5 4 8 2 6 1 1 1 6 4 1 1 1
22 3 30 30 31 54 17 32 25 48 30 31 8 21 30 23 34 17 20 13
30 8 32 16 32 40 22 37 20 46 30 34 12 20 16 25 16 26 9 18
3 1 1 1 5 9 4 5 4 12 4 7 1 1 8 4 8 1 1 1
4 1 5 5 7 12 2 14 4 19 9 10 1 2 9 8 2 3 4 4
8 6 20 14 26 35 19 24 13 26 14 15 7 11 23 20 14 8 9 18
9 1 23 9 18 33 5 24 19 16 21 20 6 1 3 24 22 9 12 1
30 38 45 34 41 71 43 32 47 68 42 55 22 37 32 42 43 30 32 40
21 10 18 23 13 48 6 17 11 43 17 26 1 23 27 13 23 14 23 9
9 6 6 1 7 13 4 5 2 10 4 4 1 2 5 1 1 4 1 6
8 1 1 4 3 9 1 7 2 8 1 1 1 5 1 1 3 2 2 1
23 24 54 26 45 58 37 59 48 65 50 52 20 17 24 43 34 42 31 26
12 5 5 6 7 13 6 5 3 11 4 3 1 7 6 3 8 5 4 4
12 5 21 20 20 36 14 21 13 35 17 22 13 1 18 19 15 9 12 13
41 14 39 21 41 45 33 42 25 52 39 37 23 27 28 20 13 34 17 35
44 26 50 17 46 63 38 43 39 63 50 50 22 37 27 36 29 39 16 35
1 1 3 1 4 2 1 5 1 6 1 9 1 1 1 6 3 1 1 1
17 15 23 7 29 36 22 19 27 34 29 30 10 15 21 14 23 16 8 21
7 1 2 5 3 17 1 8 5 12 5 3 1 3 6 2 2 1 1 3
33 10 41 39 25 66 16 34 27 50 33 26 14 21 33 28 40 29 36 16
26 18 34 32 25 49 13 32 21 51 28 35 16 12 24 27 34 22 20 14
14 7 11 11 12 29 11 9 17 23 9 8 1 13 15 11 21 7 8 8
2 1 5 2 6 20 4 8 7 13 4 6 1 1 6 10 6 1 2 5
14 22 28 23 32 59 32 23 32 47 31 26 11 32 45 26 31 12 19 36
5 9 11 4 12 19 8 8 2 20 8 14 1 3 13 7 3 5 1 13
12 7 27 18 37 52 32 23 21 39 19 21 16 15 34 21 25 10 14 27
18 3 20 21 17 40 17 15 22 32 21 13 10 17 29 9 28 14 12 15
6 18 20 15 27 46 24 21 17 35 13 15 10 24 30 24 15 8 19 23
6 6 10 9 1 21 1 5 8 31 3 15 1 2 11 14 11 4 7 2
14 4 9 7 11 22 4 14 4 28 5 11 1 5 9 13 9 5 4 4
16 7 20 1 16 33 7 20 18 13 16 8 1 7 6 12 10 10 8 8
4 1 1 1 4 7 1 5 1 6 2 3 1 1 1 1 1 1 1 1
17 6 25 12 28 35 17 24 9 27 15 20 7 17 13 25 16 8 7 11
19 8 33 25 34 55 20 32 22 49 27 36 8 15 22 20 35 22 12 15
41 12 49 33 39 61 26 42 28 54 36 34 15 23 33 40 36 34 35 21
19 17 19 7 13 27 14 8 9 31 11 19 5 13 10 10 10 12 3 18
35 13 49 29 50 69 39 48 27 58 38 44 20 25 30 53 39 31 33 25
10 8 17 15 20 30 17 22 19 34 16 21 6 1 20 14 13 12 15 12
1 2 6 3 6 12 4 10 6 14 1 14 1 1 1 15 3 1 6 1
14 4 7 4 3 11 1 3 1 17 1 6 1 5 1 2 4 7 2 1
11 2 11 17 9 35 9 16 19 33 13 12 6 7 20 11 9 7 15 12
7 1 4 5 8 20 3 13 4 21 5 7 1 2 8 8 4 1 2 4
16 9 30 17 28 39 16 33 20 39 20 34 9 6 8 38 23 11 19 6
39 18 39 10 39 41 36 32 27 58 42 40 25 23 22 23 12 35 9 34
11 11 22 22 25 44 17 24 26 44 23 31 10 16 28 33 35 5 17 13
4 10 11 11 19 28 16 17 15 29 8 20 5 5 13 19 17 7 13 8
3 8 4 13 1 21 5 9 15 24 11 16 1 11 18 14 16 1 11 6
24 15 37 21 35 51 28 30 21 55 30 46 16 7 15 30 39 27 17 19
32 9 38 18 29 48 19 43 32 45 36 32 9 9 20 29 21 27 26 18
11 27 34 34 36 52 32 26 26 55 21 39 23 22 28 39 36 24 27 26
1 1 1 1 4 9 1 5 4 4 2 4 1 1 1 4 1 1 1 2
31 29 39 26 30 55 37 35 49 51 48 41 9 33 33 26 47 33 23 33
18 8 19 6 6 26 4 21 17 21 16 9 1 4 11 18 10 12 14 5
10 4 8 8 13 24 13 12 12 21 6 13 1 8 7 14 10 5 12 6
16 8 25 21 22 34 17 20 10 38 18 23 14 3 21 15 15 15 13 18
20 16 29 3 28 32 17 26 17 26 23 21 3 14 11 11 8 15 3 17
8 1 4 5 2 14 2 9 6 13 4 6 1 5 5 8 7 2 3 1
2 1 2 1 14 20 13 7 12 6 8 3 2 6 13 4 13 1 1 10
24 28 43 36 38 69 35 32 37 63 32 43 19 29 34 42 43 27 33 31
33 30 36 28 30 58 36 28 29 57 34 30 12 35 44 21 28 26 24 40
27 20 36 25 34 51 25 32 14 41 22 25 18 13 28 34 33 19 20 19
4 2 15 8 17 26 6 18 14 17 11 17 4 1 7 15 17 1 3 4
6 4 5 1 10 13 8 8 4 9 2 4 1 2 7 5 5 2 1 6
16 18 17 14 7 26 9 11 16 34 19 22 8 11 16 12 16 14 8 16
11 1 10 11 14 24 6 18 13 30 11 18 1 11 14 20 14 6 7 5
17 15 36 37 35 63 31 31 24 56 21 35 19 20 29 30 29 21 30 27
34 13 52 38 59 66 45 59 45 65 53 54 30 23 39 29 50 37 27 33
5 1 1 1 1 11 1 3 1 13 1 2 1 2 3 2 4 1 1 1
22 2 43 27 56 63 40 47 49 49 47 42 26 26 33 39 57 27 21 30
12 4 17 8 23 34 16 24 12 28 16 15 2 12 19 16 1 6 9 17
28 8 26 18 15 36 7 27 19 38 23 23 5 23 18 21 21 19 19 1
3 3 8 6 4 10 4 7 6 9 3 8 3 1 5 11 10 1 1 1
13 8 17 4 10 28 9 14 15 19 10 9 1 4 11 18 14 10 12 7
25 14 40 26 42 62 36 47 51 49 51 34 16 26 44 24 38 28 26 35
16 5 18 22 9 34 3 10 8 36 7 21 6 14 13 17 25 9 12 3
15 11 35 19 35 52 21 30 26 26 26 16 14 14 24 38 30 20 27 24
4 1 3 1 6 17 4 7 6 7 4 3 1 3 5 5 1 1 1 5
14 5 21 30 24 46 16 25 23 42 22 27 12 13 26 19 35 13 17 9
13 2 18 9 17 16 7 25 12 27 20 21 4 1 11 12 4 12 6 6
6 6 6 3 3 9 1 5 4 12 6 7 1 1 7 4 1 4 1 2
48 22 49 15 27 45 25 35 22 61 36 47 20 29 10 38 18 40 22 20
43 17 45 15 27 50 22 37 20 59 36 44 13 24 13 36 17 36 22 18
10 4 15 9 18 36 12 15 15 33 15 20 1 6 11 8 17 12 2 10
28 18 45 20 41 61 38 42 51 47 51 34 22 19 37 20 38 36 21 35
11 6 10 5 5 19 5 8 5 25 10 10 1 1 9 5 1 8 7 9
9 7 16 14 18 29 12 20 15 24 14 18 7 6 17 15 10 8 7 15
14 1 10 15 11 33 9 18 14 32 14 20 4 10 15 13 10 10 16 10
29 20 37 25 31 54 35 40 42 56 45 36 15 30 40 32 32 25 27 33
29 9 32 28 21 58 18 33 26 58 33 40 2 31 29 41 38 22 32 10
2 2 9 6 12 17 5 12 13 12 9 15 2 1 7 10 16 2 1 2
42 11 61 36 48 77 33 56 43 69 57 57 18 22 34 42 54 45 40 23
9 1 6 7 1 18 1 8 5 16 5 1 1 1 8 1 1 4 3 4
30 15 47 27 29 58 20 38 37 58 40 49 16 16 16 38 47 33 26 17
9 1 7 10 16 30 12 18 17 33 14 17 2 11 21 17 17 3 10 8
22 12 20 15 13 35 8 15 18 33 19 23 3 17 15 8 19 17 11 13
26 31 47 47 35 79 32 42 43 64 39 56 10 41 37 49 52 28 46 29
5 1 8 6 7 18 1 17 15 16 11 13 1 4 7 14 10 1 6 1
28 30 44 47 39 71 43 44 49 74 46 55 24 32 43 36 44 37 43 43
2 1 1 1 3 12 1 3 2 14 1 9 1 1 1 9 5 1 1 2
12 3 10 3 24 30 18 14 16 12 13 3 5 15 19 2 16 6 1 15
9 5 15 20 18 33 11 16 14 32 12 16 7 7 21 14 21 6 9 10
22 20 28 8 26 36 24 24 21 39 21 28 9 10 17 22 13 17 14 19
22 14 28 13 16 37 17 17 17 36 13 24 4 9 12 25 21 18 18 12
13 9 11 6 9 23 7 10 9 19 1 5 1 7 10 7 8 7 1 8
41 23 50 31 34 59 29 49 39 61 47 46 16 32 30 53 46 32 30 25
25 9 21 9 20 25 10 26 12 33 18 22 6 15 11 19 12 16 7 5
5 1 9 14 16 28 10 13 12 30 11 21 6 3 16 17 19 3 7 9
30 20 41 28 34 64 29 48 43 59 39 49 4 31 26 46 40 28 33 20
38 11 39 35 19 58 13 32 29 45 38 31 9 21 32 31 40 34 42 13
25 9 30 30 21 37 18 27 19 45 23 28 20 10 24 19 23 20 20 15
5 1 18 8 21 21 4 25 12 21 16 24 5 3 1 21 14 4 2 1
5 4 11 5 19 25 11 13 12 18 11 17 1 7 8 6 15 5 1 8
7 6 13 2 5 20 1 17 14 16 12 12 1 1 6 12 5 5 7 1
13 11 22 13 9 30 3 17 19 28 15 18 5 7 12 20 19 11 11 7
10 7 20 5 14 24 6 15 15 24 14 21 1 1 2 10 16 10 1 5
5 1 5 12 10 26 3 14 18 26 10 19 1 10 13 15 22 1 7 1
5 1 6 1 7 16 6 9 9 5 6 2 1 1 6 7 6 1 2 3
26 2 34 25 29 56 8 37 39 36 32 31 8 11 14 34 44 24 26 8
8 2 8 7 12 24 6 15 15 18 11 14 1 6 5 5 16 5 2 3
6 11 34 15 42 58 32 36 25 44 28 36 12 15 24 33 27 14 16 25
6 1 13 5 19 15 5 19 7 20 11 23 3 3 3 20 7 3 1 3
9 8 9 5 11 15 5 11 3 16 5 7 1 1 9 8 5 6 1 7
14 2 19 9 18 46 10 26 19 30 18 21 1 10 14 18 16 11 16 9
31 10 37 29 38 67 34 49 41 67 44 54 10 38 33 42 36 30 31 23
18 24 41 21 39 54 36 36 30 42 36 26 19 21 39 23 17 26 28 37
10 9 28 18 25 37 14 27 22 34 22 31 10 4 12 22 32 16 9 6
16 10 16 18 19 46 21 15 30 27 21 11 6 27 29 18 32 10 19 20
8 13 12 7 16 25 14 7 8 16 4 6 1 14 16 8 11 5 5 15
12 18 17 1 18 23 16 6 4 20 6 12 4 13 15 12 6 9 7 19
19 9 29 16 26 30 17 30 21 34 28 27 11 2 19 9 17 21 10 17
12 5 23 20 23 48 23 23 27 32 21 16 11 17 33 12 16 13 21 26
13 9 17 10 15 27 8 15 12 37 9 26 1 8 8 23 12 8 10 7
9 5 12 5 18 37 18 11 17 23 14 9 5 12 22 12 15 4 8 15
4 4 8 5 4 21 2 9 12 17 6 11 1 4 7 14 9 2 8 3
23 2 34 19 35 56 23 36 33 46 35 29 13 21 28 39 34 18 20 18
3 2 11 9 14 15 5 9 1 18 4 13 4 1 8 12 12 1 1 1
18 1 28 25 25 45 19 29 20 37 19 20 16 10 23 18 18 13 18 20
14 1 8 8 15 22 7 15 7 30 9 17 1 11 9 17 11 6 7 6
16 5 22 11 16 40 9 27 29 30 24 12 1 8 22 24 23 13 20 8
9 16 17 19 13 36 15 18 22 43 15 26 3 8 19 23 21 12 19 14
23 17 34 22 34 60 31 45 44 51 39 40 7 22 28 32 38 26 23 30
19 6 28 9 19 33 9 30 22 34 24 28 1 9 6 17 23 20 9 4
37 11 48 22 50 58 35 42 28 68 39 59 20 32 19 42 37 36 18 24
30 7 39 15 31 43 16 39 20 50 28 42 15 18 4 42 20 21 16 8
12 3 16 15 19 24 10 21 13 34 17 22 7 1 18 16 14 8 9 8
10 7 19 11 19 28 13 19 12 24 10 11 4 4 18 16 13 7 6 12
9 2 3 7 1 16 1 9 4 18 4 5 1 5 7 5 4 2 3 2
8 1 10 10 8 23 1 14 5 28 5 18 1 3 3 18 11 1 4 1
35 17 46 14 48 58 40 40 35 42 45 24 20 42 35 34 31 29 19 37
15 7 18 7 24 22 14 16 3 26 11 19 6 12 10 18 11 9 1 11
13 12 18 7 22 29 11 22 19 22 15 16 1 11 13 13 11 9 7 13
11 1 10 7 15 20 7 19 11 17 11 14 1 7 7 15 8 1 5 8
8 5 11 7 2 17 2 13 9 16 8 6 1 2 9 10 5 4 5 4
24 17 29 36 23 46 19 32 19 57 27 34 13 22 29 35 34 17 23 17
24 11 28 23 19 40 9 22 21 32 22 25 6 18 18 19 34 17 18 6
26 10 39 8 44 47 32 43 33 50 37 45 14 15 17 34 31 32 14 22
6 4 7 12 17 28 15 14 18 23 16 12 5 7 23 7 16 6 8 14
6 9 14 18 31 46 25 23 27 40 20 27 4 16 29 23 24 6 17 20
9 1 14 17 4 26 2 13 7 26 6 10 3 5 12 11 14 5 8 2
21 2 37 10 37 47 23 48 36 36 43 32 6 11 17 34 31 26 16 13
30 21 41 18 35 55 27 41 26 51 30 31 12 23 16 40 21 31 27 22
10 1 15 16 7 36 1 20 21 27 14 14 2 9 13 26 24 5 15 2
8 7 7 4 6 12 1 11 7 14 6 9 1 1 6 7 7 5 1 1
12 6 12 18 22 50 24 14 26 34 18 13 8 25 36 16 27 8 15 24
10 5 7 15 5 26 5 9 13 29 10 10 4 10 17 9 11 5 10 8
5 1 1 2 6 14 4 5 3 11 2 3 1 2 5 3 5 1 1 5
27 19 32 25 35 52 29 25 14 48 23 36 17 18 30 32 35 20 22 22
21 14 22 7 19 26 15 20 14 30 15 21 5 8 9 21 11 12 13 12
18 9 31 31 36 56 26 37 29 42 32 27 18 9 33 25 35 15 21 20
4 2 2 2 4 12 1 8 7 15 6 10 1 1 5 4 4 1 2 1
26 24 48 26 40 59 29 38 20 56 33 34 18 27 31 50 33 24 29 24
11 7 12 1 18 19 6 15 7 17 10 16 1 4 3 7 1 5 1 8
25 6 38 18 53 60 41 45 45 44 44 34 19 29 36 31 43 28 16 32
2 2 8 4 11 18 2 19 13 11 12 13 1 1 7 6 7 3 1 3
14 14 17 6 5 16 5 12 10 23 12 16 6 1 8 10 10 12 1 8
4 1 13 4 2 24 1 15 10 16 9 6 1 1 5 14 8 4 6 3
9 7 7 5 9 16 5 8 9 18 8 13 1 4 6 9 7 5 6 6
16 8 20 8 17 37 14 20 17 23 15 14 1 10 18 22 17 9 12 12
20 16 24 1 16 21 14 16 9 36 15 27 6 4 4 18 5 16 5 10
7 6 8 1 4 13 2 4 4 13 2 6 1 1 4 7 3 4 1 3
18 13 24 11 23 38 12 19 13 30 14 18 4 12 15 17 17 10 6 14
5 1 8 3 5 18 3 17 13 18 11 17 1 1 5 18 8 2 9 1
25 11 20 22 28 45 19 21 15 43 22 28 1 30 34 17 28 17 17 15
21 7 49 21 49 67 34 57 38 50 47 49 20 1 21 49 40 31 32 26
15 4 12 7 11 23 4 13 7 19 8 12 1 11 9 6 6 8 8 5
1 1 5 9 1 24 1 11 12 21 6 8 1 2 12 13 10 1 7 2
14 1 10 14 7 21 4 14 9 23 11 9 2 4 13 2 7 9 8 6
12 4 5 8 6 16 6 5 5 20 5 12 1 9 10 10 12 6 8 1
20 13 26 30 34 46 27 30 10 46 23 31 23 10 31 30 23 18 24 26
10 6 14 3 7 21 1 15 13 21 11 18 1 2 4 16 6 5 7 1
28 10 38 22 31 58 17 32 31 40 30 33 2 14 21 32 35 25 27 12
3 8 17 6 30 26 16 20 7 16 14 17 4 12 13 15 10 3 3 15
25 27 49 44 31 69 30 54 46 73 43 52 17 32 30 61 45 32 44 26
12 13 23 8 17 29 10 19 17 23 18 22 6 5 10 14 15 13 5 13
19 8 24 22 21 41 9 20 15 36 20 30 7 15 15 13 30 17 12 6
31 26 43 25 30 54 31 32 34 51 34 41 16 21 20 37 38 33 31 26
10 8 23 10 27 40 22 25 24 35 18 29 1 5 10 18 21 18 11 10
1 2 11 7 14 22 6 10 12 21 10 21 2 1 10 12 19 3 1 1
32 23 35 29 31 52 29 20 32 61 35 39 24 22 28 17 30 27 13 31
5 8 15 8 11 32 7 6 7 26 3 12 1 6 14 15 10 3 4 10
1 1 3 3 10 20 7 6 6 11 4 8 1 4 10 7 5 1 1 8
31 17 28 22 19 36 11 14 10 41 23 26 4 27 30 11 33 23 16 10
6 1 10 17 7 29 8 11 12 35 7 14 6 2 18 15 15 4 11 6
14 14 30 30 25 45 19 34 24 46 26 29 12 15 30 36 33 13 22 14
41 18 43 24 34 46 16 43 36 36 39 30 18 5 10 39 35 33 29 23
18 8 11 9 8 14 4 11 4 24 5 15 1 10 5 13 9 10 11 1
5 1 1 1 5 11 1 5 3 7 4 6 1 1 1 1 3 1 1 1
15 6 32 17 40 48 23 36 23 40 27 36 8 16 13 28 30 16 8 14
46 13 57 13 47 55 35 52 50 42 58 40 21 21 19 34 48 48 25 28
14 7 21 8 20 38 8 21 16 29 14 20 1 8 9 17 17 10 6 8
7 7 17 11 13 31 5 16 15 34 7 23 1 3 9 24 13 4 11 3
15 2 9 15 10 28 3 13 9 30 7 13 1 14 15 12 18 7 9 3
25 18 42 25 51 69 41 48 52 50 45 41 14 35 31 38 47 31 31 28
17 4 11 9 12 22 7 13 9 25 7 9 1 13 15 9 18 8 5 2
13 4 20 8 29 42 17 22 13 33 16 25 1 17 20 14 19 10 7 10
6 1 2 3 5 18 2 6 4 17 4 8 1 2 6 6 3 1 1 4
12 3 15 9 8 30 8 16 14 25 6 15 1 6 9 20 15 9 18 1
3 2 2 3 4 10 3 7 4 10 5 5 1 1 9 3 3 1 1 3
27 16 36 20 27 46 20 25 31 40 31 29 17 21 24 20 39 23 13 18
19 13 30 6 27 41 17 33 24 38 26 31 3 5 13 23 15 18 13 12
1 1 1 1 5 8 3 2 1 4 1 1 1 1 8 1 4 1 1 1
38 22 54 33 41 72 33 41 47 71 56 55 19 31 39 33 58 41 29 32
18 10 25 14 28 37 14 25 18 35 18 25 7 18 18 26 18 11 8 11
1 1 1 1 3 6 1 8 4 8 4 10 1 1 1 4 2 1 1 1
6 4 10 9 11 24 5 11 9 19 7 12 3 2 10 11 11 2 1 7
11 1 20 7 25 43 20 24 24 29 23 28 1 12 13 18 27 15 12 11
17 9 23 17 17 43 10 31 36 28 26 24 3 10 16 34 27 14 30 6
14 9 12 9 10 22 7 16 12 21 11 11 1 6 12 10 8 7 5 9
34 21 41 28 31 54 24 30 12 58 30 43 16 14 29 34 32 25 26 20
3 1 1 4 6 14 3 8 7 14 6 10 1 3 7 7 7 1 3 4
12 13 17 1 6 10 4 13 9 17 14 15 5 1 1 5 1 11 1 7
17 18 22 29 19 41 17 28 28 41 21 33 7 22 24 32 33 11 19 19
1 2 5 3 6 12 1 12 6 12 5 11 1 1 4 7 5 1 1 1
6 1 1 1 5 11 1 10 6 14 6 10 1 1 7 8 4 1 4 1
13 16 17 6 17 30 13 11 12 22 8 10 2 15 18 8 9 8 5 17
30 12 33 22 14 33 19 23 21 41 27 22 17 10 21 10 17 25 17 21
3 1 1 1 4 15 2 2 1 7 1 1 1 1 4 1 1 1 1 3
35 13 48 33 60 78 50 51 48 66 50 47 22 37 51 25 49 39 34 44
37 28 50 41 33 55 19 41 18 63 37 56 12 27 23 41 42 33 40 11
10 1 11 5 24 26 20 13 20 9 18 5 9 13 19 6 21 7 3 17
2 1 1 4 7 19 5 11 4 20 5 9 1 1 9 8 1 1 6 7
17 13 35 16 43 55 35 41 24 51 29 37 12 24 25 38 15 16 17 26
26 17 45 29 40 61 33 42 30 47 39 40 22 8 33 37 33 28 31 26
31 9 42 20 39 49 18 45 26 37 36 33 15 14 13 41 32 24 20 11
15 11 21 30 30 49 22 23 19 42 23 36 12 18 26 28 40 12 19 16
28 11 22 12 19 27 12 16 8 33 18 19 2 19 19 11 18 19 9 8
2 1 2 1 10 10 7 9 8 3 3 1 1 3 9 3 7 1 1 4
10 1 3 10 8 19 2 13 6 24 9 14 1 7 10 9 6 5 9 5
23 7 23 22 13 41 10 25 19 32 18 11 8 13 22 12 16 18 21 13
12 1 10 14 4 26 1 5 6 23 4 11 1 10 7 9 17 6 7 2
25 21 44 28 45 73 36 32 28 48 44 39 6 40 46 19 48 29 25 31
21 17 40 25 31 54 30 28 24 47 27 28 19 12 34 26 27 22 22 29
16 12 29 19 33 43 23 31 24 34 23 26 12 11 26 16 16 17 12 24
10 6 16 11 13 27 10 12 8 31 6 19 3 2 13 18 12 5 6 8
17 24 31 28 24 60 30 36 36 39 31 21 2 30 43 31 27 17 32 35
32 19 40 26 38 46 28 35 16 62 26 45 20 18 22 43 31 25 19 14
14 20 33 25 30 52 29 30 32 52 33 41 11 16 32 24 35 21 15 28
7 2 2 6 14 23 9 10 8 18 7 8 1 7 14 3 9 1 1 7
9 13 21 28 32 58 29 30 37 51 27 41 6 20 30 31 38 13 23 20
11 5 20 25 23 43 13 20 17 41 14 35 8 12 10 24 28 11 19 7
7 4 8 11 13 24 14 11 11 19 9 6 6 1 19 7 12 7 8 13
13 10 16 9 6 14 1 6 4 25 7 17 6 3 5 13 12 8 1 4
9 3 4 4 10 16 7 10 7 13 6 8 1 6 5 5 6 2 2 6
12 6 15 18 14 39 8 20 19 39 13 25 3 14 15 30 21 3 18 9
16 16 28 28 38 57 33 33 22 55 22 25 13 26 31 29 18 19 29 29
14 20 53 38 63 76 52 59 48 65 47 60 32 20 34 44 44 38 37 42
13 5 9 3 17 18 6 17 8 22 11 18 1 6 5 13 6 5 3 6
5 1 1 1 7 11 3 10 5 14 5 11 1 1 6 9 4 1 4 4
14 14 28 28 34 53 28 23 27 45 31 31 18 17 40 26 38 16 18 27
6 14 32 12 42 47 36 35 31 39 28 43 12 11 12 31 29 23 19 26
38 13 54 33 43 62 21 55 40 46 48 39 23 4 22 38 37 37 33 22
5 10 16 17 17 30 14 15 12 35 10 28 10 6 8 26 18 9 15 9
39 13 44 20 41 52 29 40 22 57 30 40 26 30 20 44 30 30 19 23
39 15 47 25 43 59 30 53 42 48 46 34 19 22 34 24 27 36 33 31
11 4 13 2 13 16 3 21 11 14 13 13 1 4 3 15 5 4 4 3
4 2 5 1 1 7 1 6 4 7 2 5 1 1 1 5 3 1 1 1
33 9 33 28 17 44 13 31 22 55 29 29 9 23 28 24 23 26 25 10
1 1 1 1 5 8 1 10 6 6 7 8 1 1 1 1 5 1 1 1
4 5 27 20 30 54 21 31 36 38 27 36 7 8 19 36 39 10 23 9
1 1 3 6 10 25 9 12 10 23 7 12 1 1 12 7 3 1 7 6
7 5 17 8 22 19 9 18 8 21 9 20 5 2 10 18 14 4 1 5
5 2 6 7 7 24 5 6 5 25 3 15 2 2 8 15 10 1 5 5
19 1 20 10 19 37 11 29 17 30 21 16 1 11 14 26 15 12 13 12
14 16 23 10 16 32 13 24 22 30 16 22 6 5 6 23 11 14 18 10
28 10 26 36 24 51 21 30 29 57 24 32 16 24 34 16 28 23 35 22
21 11 17 24 18 39 13 18 16 45 15 30 1 23 23 25 28 13 25 9
6 5 18 3 20 24 10 27 20 19 19 22 1 1 6 13 16 12 1 5
25 14 46 20 49 59 33 46 34 59 34 53 17 25 16 46 29 27 18 19
21 11 34 20 31 46 20 34 21 41 20 33 10 17 8 42 24 19 24 13
1 1 1 1 1 11 1 4 3 1 1 1 1 1 1 1 1 1 1 1
1 1 8 7 16 26 8 11 8 20 1 12 1 6 13 17 14 1 3 6
11 6 6 1 1 7 1 2 1 18 4 10 1 1 1 5 2 4 1 1
21 19 35 15 30 51 28 14 15 37 22 17 13 27 32 19 27 17 12 28
26 18 33 28 24 49 27 42 38 47 38 28 7 26 37 37 34 23 29 24
14 6 16 14 22 31 11 14 4 35 8 24 8 10 11 24 17 5 8 10
24 20 40 28 29 47 27 43 39 49 36 38 19 14 22 25 21 31 31 24
25 10 46 27 36 71 25 40 39 51 36 32 8 19 29 29 43 30 24 21
40 25 47 33 47 66 42 43 47 74 48 53 25 26 34 21 33 42 32 37
17 10 26 15 23 55 18 20 24 38 20 25 1 22 26 15 25 16 18 11
20 28 37 10 43 45 40 27 32 40 32 41 15 20 16 21 24 26 12 31
20 10 20 29 17 50 16 21 29 51 25 29 6 23 34 22 34 15 23 17
41 21 46 35 21 46 18 27 14 64 35 42 18 18 31 19 33 34 24 16
15 1 19 8 15 32 1 28 20 13 18 7 3 1 7 21 17 12 16 5
27 8 36 18 22 38 5 32 23 26 26 22 12 1 8 32 30 21 20 5
8 12 31 18 46 55 37 38 40 44 36 34 12 17 29 23 33 23 19 26
2 1 5 5 8 16 2 11 10 12 6 11 1 1 4 6 11 1 1 2
5 1 12 12 17 27 5 19 12 24 11 18 5 3 11 17 14 1 3 7
24 9 29 30 32 50 19 33 15 48 25 33 13 17 27 28 30 16 18 15
12 15 19 4 15 24 14 10 8 16 8 9 3 9 15 11 8 9 4 16
12 1 24 16 27 46 18 28 18 38 20 21 7 8 23 29 22 8 15 14
27 9 40 16 39 47 25 43 21 39 34 36 19 19 18 44 22 22 16 19
24 6 30 33 42 55 36 33 26 48 30 27 26 22 37 32 39 20 26 28
35 15 46 24 27 59 21 38 33 67 44 46 9 18 24 23 30 38 27 19
31 25 31 11 26 30 22 21 15 49 25 39 14 14 5 24 11 26 13 19
10 6 8 4 1 15 1 8 5 18 4 5 1 1 6 5 5 4 1 1
27 12 23 16 20 30 12 19 9 33 16 24 1 20 18 16 19 18 12 10
5 1 10 1 6 9 1 12 3 13 3 10 1 1 1 14 2 1 1 1
11 4 8 4 16 18 5 19 10 22 13 18 1 6 9 12 7 4 5 4
21 7 35 12 33 58 23 36 43 40 34 30 2 10 16 32 40 25 21 12
19 22 50 33 53 69 48 43 38 42 45 23 32 30 52 35 39 27 31 43
21 7 24 8 19 32 7 24 16 37 18 28 1 10 4 14 13 16 10 3
15 1 15 10 12 31 10 25 20 19 18 5 3 5 15 14 13 11 15 9
26 6 22 17 28 41 16 25 16 38 31 30 4 26 27 14 24 19 14 11
11 25 39 12 39 51 38 33 29 38 37 24 13 19 34 18 19 25 16 35
11 21 25 18 36 49 35 23 20 35 17 22 11 27 27 28 23 13 23 27
15 1 25 17 18 49 8 30 26 39 23 30 5 7 10 28 28 14 18 5
37 16 42 21 38 51 29 43 26 58 36 44 15 22 21 30 16 35 22 24
13 10 18 3 9 25 6 16 15 24 17 14 2 1 9 3 9 11 1 7
33 14 30 26 26 45 22 30 25 54 29 28 16 20 30 17 18 26 22 27
26 16 48 42 43 73 36 53 53 63 44 49 27 21 32 36 42 34 42 31
8 9 14 8 20 31 11 24 17 27 13 22 1 1 10 15 8 8 11 8
22 4 29 19 14 41 10 31 31 34 27 17 9 6 20 14 20 19 20 13
17 16 13 24 9 40 11 23 25 44 21 30 1 21 24 25 26 10 21 14
1 4 10 6 24 30 19 16 21 22 16 24 4 5 11 16 20 5 9 10
1 1 4 1 5 17 1 14 13 7 8 7 1 1 4 4 8 1 1 1
8 5 13 4 8 16 1 19 9 17 11 8 1 1 8 9 1 6 3 4
10 4 15 9 12 29 5 18 18 23 12 15 1 5 10 17 18 4 7 3
5 5 10 4 20 28 11 21 14 18 13 18 1 5 13 10 5 5 6 11
9 5 7 1 6 16 4 5 2 11 1 3 1 3 5 4 1 3 1 6
7 2 9 7 8 19 2 10 5 17 1 9 2 3 4 12 8 1 1 3
1 2 14 11 6 20 1 12 9 16 9 12 4 1 7 14 9 1 4 2
30 28 41 52 25 66 21 35 29 73 38 56 12 32 43 36 53 29 44 15
22 25 32 9 43 46 36 24 22 39 28 30 13 24 31 20 19 17 13 31
9 8 17 15 26 41 22 20 25 29 20 18 7 11 30 11 18 12 13 20
18 10 24 13 12 38 11 23 21 34 15 19 1 4 11 28 20 14 20 5
13 1 14 18 10 39 5 17 19 35 17 19 1 12 18 5 18 12 14 5
24 16 31 31 29 52 20 29 17 51 25 40 18 13 25 32 38 20 22 13
21 16 33 19 21 35 9 28 21 45 26 37 14 8 14 30 25 15 14 8
26 13 26 13 4 33 6 20 18 29 20 8 6 9 13 13 13 21 17 11
4 1 1 4 10 14 6 9 4 16 5 10 1 1 11 9 11 1 1 4
1 1 1 2 10 16 5 7 9 11 7 9 1 1 10 3 11 1 1 2
9 1 9 4 8 24 2 16 16 14 13 9 1 4 5 9 11 4 6 1
23 1 26 17 19 44 5 35 32 24 31 15 8 2 11 22 19 20 24 11
40 21 39 27 35 57 25 30 15 55 34 35 9 44 38 20 26 32 22 25
40 20 45 54 38 76 26 42 23 77 44 55 20 33 50 39 48 34 46 27
9 7 7 8 17 24 13 8 4 19 3 9 1 14 12 9 11 3 3 14
23 12 38 9 32 40 19 43 33 40 32 36 5 8 8 37 27 26 21 5
25 16 19 15 9 32 9 9 15 42 16 24 8 16 14 11 17 18 9 14
6 1 4 1 6 10 1 13 9 9 8 8 1 1 7 6 4 1 1 1
9 1 11 5 20 21 12 16 5 27 9 17 4 9 10 18 13 6 1 5
1 1 1 2 2 8 1 7 6 8 3 4 1 1 3 1 5 1 1 1
10 8 7 1 17 19 14 6 9 16 10 11 1 8 13 5 12 5 1 13
19 13 32 16 32 41 20 33 26 30 29 31 15 8 19 35 33 16 20 13
5 2 9 3 9 12 1 4 3 14 5 14 1 1 1 7 8 1 1 1
10 1 13 5 17 33 9 26 23 18 20 12 1 2 15 19 18 8 13 8
12 14 32 21 45 46 31 36 15 39 28 31 15 16 32 28 24 13 14 23
14 9 26 32 28 54 22 17 14 48 19 21 13 24 35 18 24 13 21 24
39 14 45 28 36 61 31 44 42 54 43 39 18 19 33 28 35 35 35 30
1 1 12 4 6 26 1 19 16 20 10 18 1 1 3 20 9 1 10 1
14 8 15 7 11 22 3 18 14 23 10 10 1 8 9 12 9 7 7 4
31 16 30 21 25 43 13 27 19 45 29 33 1 20 26 17 29 24 16 12
14 7 18 1 17 28 8 24 15 21 16 16 1 6 10 21 7 9 12 9
9 5 12 1 16 22 9 13 12 12 11 10 1 4 7 1 5 8 1 6
1 1 4 1 4 13 1 9 8 13 6 13 1 1 6 12 5 1 3 1
4 1 7 8 11 25 4 13 19 20 14 17 1 7 7 7 18 4 4 2
16 12 29 16 16 44 5 34 35 34 31 30 1 9 14 33 31 18 23 9
36 22 38 31 25 58 20 25 23 50 35 31 9 27 38 4 29 34 25 25
24 10 28 1 32 30 28 24 16 35 28 29 15 19 14 23 13 21 1 24
11 1 7 15 6 28 4 4 9 23 4 11 1 14 12 9 18 4 8 5
4 3 8 13 10 24 6 14 12 22 12 13 4 3 13 9 12 4 5 9
4 1 8 13 16 35 10 17 20 27 13 14 1 9 22 12 18 1 6 10
20 12 25 17 17 36 10 25 19 42 21 22 4 15 20 25 17 14 13 15
14 19 29 15 24 39 20 15 9 35 13 21 11 12 23 21 18 11 8 22
21 9 27 27 35 49 31 36 31 50 25 30 16 14 31 25 25 20 26 25
14 21 26 16 24 52 24 23 29 46 26 35 1 23 28 23 27 16 15 25
3 1 5 1 3 11 1 8 6 3 4 2 1 1 1 6 1 1 1 2
11 12 19 23 36 56 36 19 30 39 19 20 14 29 36 22 33 13 20 30
21 8 23 17 11 43 8 21 25 34 16 21 1 14 12 24 21 16 26 4
12 11 18 1 7 12 5 12 5 15 11 11 3 1 1 9 1 9 1 8
1 1 11 6 8 21 1 17 14 11 13 13 1 1 6 13 9 2 4 2
6 1 3 6 6 15 1 4 5 16 5 11 1 3 2 6 9 1 1 2
26 16 41 27 59 65 43 41 27 51 39 41 24 37 38 39 43 21 18 30
20 8 27 10 32 38 22 19 4 38 12 25 6 23 20 27 15 11 7 15
12 7 21 10 25 30 21 26 11 32 14 23 5 11 17 25 5 11 11 15
17 10 10 12 6 27 5 7 9 33 6 14 1 12 12 13 14 10 12 6
11 1 19 8 14 33 4 32 27 23 24 13 1 3 15 17 18 10 14 2
21 5 27 14 30 36 18 32 18 41 25 30 9 9 18 20 11 18 11 16
19 12 23 17 10 30 7 17 12 41 16 26 10 5 11 19 12 14 10 12
12 13 20 4 6 16 7 10 9 17 13 14 5 1 2 12 7 11 4 11
2 11 12 2 17 24 15 9 5 6 4 1 3 12 15 7 1 1 4 16
10 8 13 11 5 26 2 11 15 26 11 11 1 5 13 12 12 6 7 7
1 1 11 6 8 18 3 12 8 13 6 13 3 1 2 16 10 1 3 3
10 3 18 14 19 35 13 24 20 35 18 21 2 12 21 28 21 7 14 9
44 13 54 38 37 67 27 50 29 70 39 44 24 22 29 49 37 37 39 19
6 1 10 2 3 19 1 16 15 12 12 9 1 1 5 15 13 4 7 1
8 7 9 1 9 15 6 9 4 14 3 8 1 2 6 8 4 5 1 7
5 9 11 14 11 34 13 16 23 22 16 16 1 15 21 21 20 4 16 14
24 3 25 22 21 38 15 29 20 40 21 23 10 11 21 14 14 17 19 18
8 7 25 12 16 32 7 24 23 24 17 27 6 1 3 33 18 10 19 3
17 11 33 13 21 39 8 30 30 35 29 33 5 6 8 29 29 19 15 10
23 9 31 26 11 48 8 25 19 44 18 28 6 14 18 31 28 18 28 5
24 26 49 24 42 64 28 44 33 57 38 43 13 28 30 52 31 24 31 26
6 6 10 10 20 31 13 17 20 20 13 18 1 13 19 15 19 3 8 12
19 8 23 17 18 36 12 20 23 27 22 20 7 16 21 17 28 13 12 9
2 1 2 1 8 15 2 10 8 7 6 8 1 1 4 5 3 1 1 3
32 30 49 35 40 68 36 29 27 57 31 43 19 30 34 39 47 31 35 27
9 8 12 9 6 25 6 18 21 18 13 8 1 8 13 16 19 5 13 5
36 32 50 25 45 68 39 41 41 62 48 39 23 33 38 23 22 34 24 43
21 11 29 23 18 51 9 26 25 44 26 28 8 13 20 29 29 14 18 14
38 16 49 21 50 49 41 42 35 57 48 48 30 30 31 38 39 37 18 31
33 15 38 25 41 53 27 32 24 45 43 42 6 33 35 14 48 33 21 21
6 2 10 6 11 25 6 21 13 24 10 17 1 1 8 20 5 1 11 3
23 4 28 15 35 40 23 29 25 32 32 32 8 25 22 19 33 20 10 14
13 21 36 33 37 57 32 41 36 54 30 47 14 25 28 52 40 17 33 23
28 12 33 29 19 42 14 29 9 35 25 28 18 14 18 33 34 22 27 10
30 11 36 19 32 41 20 36 16 53 29 41 17 18 13 38 16 22 13 18
5 1 2 3 6 17 2 8 8 13 5 6 1 3 5 3 5 1 1 3
8 6 9 3 12 19 3 13 8 23 7 16 1 2 7 12 7 4 3 5
9 9 25 11 18 38 12 27 30 37 19 31 1 6 8 25 22 14 15 3
3 9 17 18 18 34 9 16 15 38 7 28 5 5 10 27 20 6 14 6
20 10 25 6 13 30 4 24 18 24 18 15 3 3 6 22 17 15 12 7
16 3 13 13 7 31 5 15 10 27 12 12 1 12 16 11 16 10 14 4
18 5 17 28 11 38 9 19 19 42 13 17 9 15 24 16 22 13 18 11
11 1 10 10 12 26 6 14 13 19 13 16 1 8 13 5 18 9 5 1
19 4 39 17 48 67 44 42 49 33 46 23 17 22 42 16 37 28 20 38
6 8 13 5 10 16 6 18 11 19 6 19 1 1 2 20 5 5 10 1
23 2 25 21 17 47 6 28 26 39 19 25 1 15 14 36 31 16 30 3
5 3 11 9 9 14 4 11 8 15 6 14 6 1 7 14 13 1 1 1
32 24 50 31 45 68 31 39 22 68 37 51 15 25 34 34 38 31 24 26
54 29 59 36 27 61 27 34 37 65 48 45 30 28 29 26 34 49 33 33
20 14 25 22 23 30 14 26 5 37 16 28 18 7 16 29 25 12 14 10
17 16 28 12 21 45 20 25 28 36 28 23 7 12 27 19 19 18 17 23
7 13 19 19 18 49 18 15 17 41 8 19 1 17 23 24 16 5 18 17
18 16 41 35 48 72 44 35 31 54 32 32 23 31 44 33 35 22 33 37
5 7 6 14 10 30 13 15 21 24 13 14 1 14 22 17 23 1 13 12
19 1 26 28 32 61 23 35 42 39 35 20 12 19 36 28 39 15 26 24
29 28 35 37 33 72 31 26 30 52 37 30 8 49 58 20 47 24 34 34
13 12 18 4 12 20 12 12 9 19 11 11 4 4 9 10 11 10 3 13
24 11 25 8 22 27 18 29 20 43 29 36 12 23 14 30 16 21 10 18
17 23 39 26 40 61 29 37 28 55 26 36 11 29 25 44 28 19 29 22
27 17 37 29 35 56 24 34 16 47 25 40 16 18 27 39 30 19 29 18
13 10 18 5 8 23 11 11 10 20 13 5 4 1 14 5 1 11 6 15
13 6 36 21 42 69 33 34 48 31 41 24 11 25 40 26 46 21 21 28
8 1 12 2 6 24 3 21 18 17 13 13 1 1 3 19 8 5 14 1
37 21 47 44 33 61 19 38 20 73 39 56 13 27 35 34 44 34 36 9
23 4 28 22 23 51 19 33 39 39 32 22 10 14 30 17 28 20 25 17
37 13 40 23 45 56 38 30 21 57 34 43 19 38 31 35 32 32 19 27
26 17 40 33 48 61 41 45 48 57 42 37 24 26 41 33 38 31 32 35
29 14 34 28 36 43 25 30 9 50 25 34 15 18 29 27 24 22 18 19
12 3 8 9 17 27 9 13 9 18 11 15 1 12 12 6 13 8 6 9
3 1 2 4 4 16 2 5 7 15 2 6 1 3 7 7 7 1 3 3
43 23 49 14 39 55 26 42 41 53 49 48 19 24 16 41 28 39 25 25
8 2 18 9 19 37 11 21 23 22 18 19 2 8 10 15 20 8 7 8
8 4 14 3 30 33 19 21 17 29 17 25 1 7 16 15 16 6 4 10
3 1 1 1 4 11 1 9 4 9 2 6 1 1 1 8 1 1 1 1
20 6 29 23 40 60 37 35 37 42 32 20 17 26 42 27 30 16 24 33
1 1 2 1 13 17 8 9 11 11 11 12 1 3 13 6 10 1 1 6
28 11 37 14 30 44 13 44 33 34 32 32 6 8 6 38 25 26 27 4
38 26 41 18 22 49 17 25 21 38 33 33 7 26 24 22 26 31 26 21
23 17 31 20 37 51 33 28 23 54 23 31 7 27 34 31 22 19 18 26
22 14 19 26 14 40 7 22 21 40 26 33 1 26 24 16 31 15 23 8
21 12 22 5 17 27 9 21 13 24 16 13 4 9 9 16 8 13 8 13
29 13 28 20 20 42 15 25 16 39 23 18 8 16 25 11 12 22 18 21
23 3 28 18 13 47 3 33 26 36 31 26 1 11 15 22 28 23 26 2
29 21 47 34 45 66 30 36 12 64 38 48 11 33 40 29 37 28 30 21
3 2 6 10 8 19 2 7 7 19 3 11 2 4 8 10 14 1 3 3
20 12 28 18 31 52 24 38 34 36 32 30 1 28 25 28 33 16 21 18
41 5 46 27 44 63 33 52 49 47 52 28 25 30 37 36 37 36 33 29
32 23 50 35 40 64 36 38 27 72 36 48 20 26 30 43 38 33 31 26
9 6 13 9 15 22 6 18 12 21 14 19 4 4 10 10 15 7 1 5
1 1 4 2 11 16 4 4 3 15 4 15 1 1 5 9 10 1 1 2
14 13 43 34 55 69 46 45 41 58 36 47 21 18 37 26 41 26 28 33
13 11 11 3 13 22 9 12 6 23 12 14 1 5 12 4 1 8 2 15
5 2 6 3 2 14 1 12 12 10 7 4 1 3 4 5 5 1 3 1
18 12 33 21 45 51 35 27 18 48 28 30 17 24 39 29 31 15 13 26
42 21 41 38 33 57 36 24 33 64 35 36 28 30 42 14 40 37 27 38
33 6 43 21 32 47 18 41 26 48 36 32 13 6 17 38 25 26 24 13
7 7 13 5 5 15 1 11 10 11 8 9 1 1 5 13 7 5 6 4
8 8 6 12 10 21 8 16 15 24 13 17 1 12 16 15 19 1 10 8
27 2 32 31 27 60 20 37 38 46 36 29 9 21 36 13 37 26 31 17
18 8 16 22 15 44 14 14 10 41 13 21 3 19 26 13 19 13 19 15
4 4 9 1 11 16 6 18 14 10 12 13 1 1 8 11 9 1 5 1
1 1 4 1 1 5 1 8 5 1 3 1 1 1 1 2 1 1 1 1
26 11 38 32 31 66 29 48 51 59 45 40 16 22 33 24 37 31 34 29
16 9 16 1 20 19 8 14 4 26 14 23 1 7 3 11 7 9 1 10
23 3 25 21 22 32 14 34 23 40 26 29 12 11 20 17 14 16 16 15
16 2 22 19 21 45 7 30 24 36 22 22 4 11 16 25 25 10 14 9
2 1 3 1 4 16 2 6 4 8 2 2 1 1 4 5 1 1 1 3
32 22 35 19 18 40 18 38 34 39 36 27 1 22 22 35 31 25 27 19
15 1 21 10 16 30 5 25 23 14 20 15 5 1 9 27 24 13 16 4
5 5 10 7 6 12 1 5 3 16 1 13 4 1 3 13 9 3 2 2
10 6 18 15 18 36 9 18 16 31 11 27 3 5 7 22 15 7 11 5
23 3 36 28 31 47 18 45 28 47 36 37 21 6 24 29 27 20 27 16
7 8 26 15 28 40 20 24 18 29 20 26 8 6 19 16 20 11 6 14
35 30 52 15 46 52 43 38 42 53 47 55 30 17 16 24 36 44 12 40
29 13 39 12 35 41 32 38 29 45 36 30 18 21 25 31 16 27 17 24
5 1 6 6 4 20 5 11 9 15 7 2 1 2 10 6 1 2 5 7
6 1 6 3 12 14 5 14 6 17 7 11 1 4 7 10 7 3 2 3
10 5 16 10 27 40 19 15 18 31 14 18 3 20 26 22 23 2 7 15
12 24 28 10 36 39 26 28 20 32 19 29 8 15 14 21 13 16 17 22
38 22 47 38 39 59 29 41 20 79 34 56 26 27 24 52 37 35 30 23
26 13 31 6 37 29 26 29 18 35 32 34 12 16 16 20 21 23 1 19
6 1 2 2 3 12 1 8 3 9 1 1 1 3 3 2 4 1 1 1
15 11 18 9 5 22 7 16 10 34 12 18 5 2 11 15 6 12 10 10
19 15 20 14 20 40 19 14 18 40 12 24 3 16 21 19 20 13 14 15
15 1 15 18 14 46 16 22 24 36 16 12 5 12 24 19 19 11 23 13
14 5 16 10 11 30 5 20 14 30 14 18 1 5 11 9 13 12 8 5
34 15 35 19 17 41 5 31 33 31 33 23 13 8 7 30 28 28 26 17
23 18 41 35 23 62 22 42 47 55 41 38 11 20 31 35 41 26 29 22
16 17 47 29 51 60 37 52 33 60 39 54 20 14 23 46 38 28 25 18
1 1 6 3 10 24 6 13 16 10 9 6 1 2 12 9 12 1 5 3
9 14 27 23 36 42 26 28 14 36 22 18 17 17 31 22 14 12 16 29
20 19 35 25 34 51 27 31 31 53 30 38 19 15 28 31 34 19 19 21
28 11 32 15 28 45 21 26 26 45 30 39 10 14 12 21 34 31 20 17
19 5 23 23 23 40 12 20 7 40 14 25 8 12 21 22 28 10 12 6
32 11 36 19 45 58 41 35 33 61 37 36 20 34 37 34 25 29 19 36
22 5 15 10 19 23 13 18 7 31 14 15 4 17 17 13 16 13 6 7
12 4 18 18 15 37 10 16 20 30 13 18 6 12 15 24 29 5 12 6
1 2 3 1 6 10 1 7 4 7 6 8 1 1 2 1 1 1 1 1
2 4 4 1 14 22 8 5 3 7 4 3 1 6 11 1 1 1 1 9
5 2 6 15 5 30 7 15 19 28 13 10 2 9 22 12 14 3 12 9
29 7 35 27 30 53 15 35 17 36 27 33 15 10 15 42 35 23 32 12
13 3 16 6 6 25 1 19 15 19 13 13 1 4 5 23 13 8 13 3
19 24 50 30 57 64 49 46 31 53 43 38 28 20 40 35 41 32 26 39
4 3 5 1 5 12 1 9 4 7 3 2 1 1 4 1 1 1 1 2
39 18 47 26 46 56 30 42 16 62 39 51 22 22 23 34 33 35 14 23
2 3 5 1 4 10 1 10 6 10 5 9 1 1 3 5 6 1 1 1
36 20 40 33 29 56 26 45 43 56 43 35 21 23 38 23 30 31 35 34
34 16 39 33 39 68 32 33 35 52 43 31 12 45 53 22 41 28 29 30
30 17 42 13 35 44 29 41 31 56 41 42 16 10 17 21 15 34 14 24
1 1 7 4 2 10 1 4 3 9 1 10 1 1 1 13 6 1 1 1
35 21 59 29 48 66 39 55 47 79 51 63 25 15 20 49 39 43 30 31
9 1 2 6 2 13 1 4 3 17 3 11 1 6 3 8 7 3 5 1
20 1 27 22 29 54 24 38 36 40 33 25 12 14 25 14 24 23 20 22
36 8 48 15 52 63 39 59 47 56 51 53 22 23 16 52 39 39 26 31
12 12 24 16 28 36 19 26 21 39 20 31 6 4 18 22 21 14 14 13
25 15 41 2 41 47 33 38 35 43 41 42 13 7 14 28 30 31 12 28
36 18 50 38 51 73 37 38 34 61 46 43 19 41 50 28 51 33 24 29
12 13 13 4 12 17 7 13 10 15 13 12 5 1 7 4 6 11 1 11
8 1 11 8 15 29 3 24 19 24 16 16 1 7 10 10 14 5 3 1
8 8 12 3 4 16 1 7 6 16 6 10 1 1 4 7 7 6 1 5
15 13 23 22 38 52 29 34 27 44 29 25 8 28 39 22 21 12 19 27
15 1 18 1 21 24 14 26 13 21 20 16 4 9 6 22 11 10 3 7
15 2 24 5 17 28 1 29 21 17 21 20 1 1 1 27 16 11 13 1
7 4 7 6 5 11 4 5 4 16 4 12 3 3 7 11 10 1 1 1
5 1 1 2 5 13 5 1 3 10 1 1 1 5 10 1 7 1 1 1
30 23 39 24 22 48 17 35 39 44 33 32 13 16 10 37 31 32 35 14
33 23 42 14 41 50 33 35 25 48 32 42 9 26 25 31 23 28 20 23
6 5 8 1 10 15 7 13 8 8 5 4 1 1 9 8 7 1 4 5
14 8 8 1 1 8 1 2 1 16 6 7 1 1 1 1 1 7 1 3
12 5 21 14 16 34 8 18 17 28 12 28 1 7 5 22 16 9 15 3
12 8 11 1 15 16 7 13 4 20 8 15 1 5 9 14 4 7 6 8
3 3 8 1 13 25 9 10 6 11 4 6 1 6 11 7 6 1 1 8
7 5 5 6 11 21 8 7 5 17 5 6 1 6 13 5 7 1 1 9
6 1 6 10 7 25 2 12 16 25 9 19 1 8 6 17 14 1 9 2
8 4 14 9 19 32 18 22 26 21 24 12 10 12 25 11 18 8 9 16
15 3 18 12 20 45 9 26 32 22 25 19 2 13 17 27 25 12 22 11
32 31 47 26 35 55 35 32 18 57 36 44 29 14 28 35 22 30 25 35
29 21 45 34 37 65 31 44 38 65 36 41 15 25 31 43 29 29 35 30
19 11 16 11 14 28 8 8 9 30 12 21 2 12 11 8 16 13 4 12
9 8 22 19 31 51 26 29 39 42 28 36 5 20 20 24 40 17 20 15
32 3 34 25 34 55 31 43 44 35 42 18 23 24 38 16 37 29 30 29
15 12 22 9 23 44 15 23 18 33 11 21 1 13 15 21 14 9 14 10
30 2 45 16 43 62 33 52 53 43 51 34 17 7 24 30 42 37 30 27
35 15 43 32 17 53 10 33 29 48 36 31 11 16 26 20 33 32 28 13
28 17 38 13 35 56 27 33 35 37 34 31 6 16 17 27 34 29 25 20
7 1 3 3 7 12 1 13 4 13 6 6 1 2 6 5 2 1 1 1
7 7 12 26 17 35 9 20 15 40 18 29 10 10 22 26 27 4 16 10
4 1 1 4 6 18 1 9 7 18 6 9 1 2 8 3 6 1 1 1
15 7 10 14 8 29 7 12 12 25 10 7 1 10 15 5 12 9 8 9
16 8 18 7 30 29 22 25 15 34 17 28 4 12 12 25 13 11 9 10
7 14 23 11 32 40 21 25 17 32 18 26 4 20 24 26 18 8 13 17
17 6 31 21 22 47 11 28 27 34 18 25 9 3 12 39 32 15 26 4
14 9 36 20 38 56 21 39 30 41 28 40 7 15 19 44 31 14 25 11
4 1 4 2 11 23 4 13 11 16 6 9 1 3 9 6 8 1 1 3
10 10 15 6 4 22 1 12 13 19 9 6 1 5 10 8 8 8 7 5
8 3 3 5 1 18 1 4 3 17 1 1 1 3 7 1 5 1 1 1
4 4 6 1 2 8 1 4 4 9 2 7 1 1 2 7 1 2 1 1
20 9 24 29 18 50 20 33 33 49 22 23 10 17 31 24 23 16 32 17
16 9 14 1 19 14 12 14 2 16 10 11 1 9 8 8 2 9 1 10
31 20 30 24 32 57 24 24 20 48 33 38 4 31 37 12 39 28 25 19
3 1 3 1 1 9 1 6 3 8 1 3 1 1 1 4 3 1 1 1
20 13 27 16 31 35 24 27 17 47 21 32 11 16 20 32 23 18 13 14
8 4 6 3 6 12 1 9 3 16 2 9 1 2 1 9 6 2 1 2
7 13 33 19 34 45 25 41 33 49 30 40 7 7 15 29 27 24 18 15
2 1 5 1 1 14 1 6 6 14 1 9 1 1 1 12 1 1 6 1
4 1 2 2 8 21 6 6 6 15 1 5 1 5 9 7 5 1 1 7
8 2 9 1 9 14 2 16 7 12 6 5 1 3 4 10 3 2 3 2
41 4 43 20 36 47 18 40 32 37 40 34 17 23 15 44 39 33 28 16
17 8 27 11 29 31 16 31 21 39 24 39 5 9 5 27 22 18 10 8
7 1 10 2 12 23 3 21 16 12 14 13 1 2 3 12 8 4 5 3
5 18 28 25 24 50 23 30 35 42 23 32 10 16 24 39 34 17 30 17
10 5 11 6 13 24 6 16 12 20 8 9 1 7 10 12 8 3 6 7
16 33 46 23 49 65 43 40 37 60 38 43 19 26 30 36 34 34 28 38
16 6 19 15 24 46 22 10 14 30 14 18 6 25 30 15 27 10 12 18
9 2 8 16 10 26 1 11 7 33 3 15 4 8 11 16 17 2 5 3
13 7 16 6 10 28 5 18 14 28 16 17 1 1 8 7 5 11 5 9
9 1 7 1 20 12 12 16 11 16 16 15 4 9 11 10 13 5 1 7
6 1 4 3 2 16 1 3 1 12 1 2 1 1 4 4 2 1 1 2
39 26 65 24 45 62 39 55 47 63 59 55 33 10 21 36 39 48 24 33
3 1 3 3 3 10 1 7 7 16 6 13 1 1 4 7 8 1 1 1
8 7 12 1 8 14 4 15 9 14 6 9 1 1 5 14 7 5 6 3
13 10 17 7 8 16 8 12 9 26 18 18 6 1 9 5 2 13 4 14
8 6 15 7 19 35 16 23 17 23 9 15 1 6 14 22 10 8 17 10
11 2 18 5 16 27 5 22 12 25 14 20 2 3 6 25 12 5 8 5
18 9 28 15 28 52 17 28 32 30 25 17 1 14 27 26 30 14 18 16
36 18 39 13 30 44 22 31 14 43 29 30 9 28 22 28 15 27 15 23
9 2 17 15 19 39 11 18 19 29 15 13 7 10 19 19 27 2 7 9
3 16 30 28 38 58 31 33 37 43 28 42 12 20 25 41 40 11 28 21
23 20 37 28 41 57 31 37 39 50 40 43 17 30 38 38 46 18 21 30
8 6 8 1 1 14 1 5 1 17 3 5 1 1 3 3 2 4 1 4
22 18 52 27 51 65 29 55 42 49 42 50 18 14 16 53 40 32 34 18
22 1 26 13 33 48 23 33 36 25 33 12 10 22 30 26 34 18 19 18
6 4 13 15 10 20 5 12 5 25 9 16 8 1 11 15 12 4 6 7
14 10 17 12 14 28 9 10 12 33 12 19 5 5 15 15 18 8 3 11
3 1 1 1 7 9 3 6 2 8 3 5 1 1 4 1 1 1 1 2
26 27 48 19 40 60 36 30 23 59 36 44 17 26 25 28 34 35 20 33
9 6 7 5 6 16 1 11 6 13 6 4 1 4 9 5 1 4 1 5
25 12 29 18 29 50 29 22 33 40 32 19 16 25 36 21 31 20 16 31
24 16 31 34 11 46 13 30 26 44 22 29 5 23 23 36 41 17 29 10
24 16 34 22 32 35 17 33 15 45 28 36 15 7 22 28 31 20 11 9
9 6 6 1 6 13 3 2 3 13 4 6 1 2 4 2 5 4 1 6
3 2 7 10 11 26 10 12 7 24 9 14 3 4 15 12 8 4 8 13
5 1 3 8 8 17 1 6 1 22 1 14 1 2 1 14 9 1 3 1
9 1 8 14 6 22 1 5 2 22 4 11 3 5 7 9 12 2 3 3
9 6 13 1 6 17 4 15 13 8 11 8 1 1 4 13 6 6 8 5
2 2 5 4 3 19 2 9 11 19 3 12 1 2 6 12 6 1 7 1
36 33 60 32 50 65 41 43 24 72 40 56 27 36 24 49 31 36 31 33
4 6 12 8 13 30 13 13 19 22 7 14 1 7 14 20 16 3 14 6
10 9 13 4 7 15 6 8 7 17 6 11 1 1 8 12 8 7 3 6
12 11 19 6 21 36 13 23 19 29 19 22 1 6 15 12 12 13 7 14
19 10 18 13 13 26 12 9 14 28 11 14 6 15 15 12 26 12 6 10
3 1 15 11 13 28 8 17 18 26 14 17 1 1 13 7 21 6 1 1
20 4 28 18 24 49 14 26 25 34 20 22 7 9 15 34 34 13 22 7
9 5 8 9 5 26 1 10 11 25 6 9 1 7 12 12 8 1 8 5
15 12 12 3 7 17 5 9 6 24 10 10 4 2 7 1 4 10 1 9
9 8 11 6 13 16 6 10 4 21 6 17 3 3 6 14 9 6 4 7
31 39 52 51 39 81 38 36 36 79 43 61 19 40 46 41 51 35 44 36
20 5 17 22 9 35 8 20 16 34 16 13 7 13 22 7 15 15 16 10
8 3 12 12 13 40 8 22 28 28 21 21 1 12 14 19 20 6 15 8
11 9 10 1 5 10 1 11 6 11 4 4 1 1 5 6 5 7 1 1
5 4 11 1 20 29 17 15 16 6 13 4 2 10 19 12 15 3 6 14
30 14 53 28 49 78 36 40 48 54 43 45 12 26 30 42 58 35 32 22
22 25 44 20 46 58 34 41 28 55 30 43 11 25 20 38 27 25 22 23
31 22 37 24 21 62 27 28 40 56 36 32 9 22 28 35 35 26 30 28
10 11 24 13 21 42 13 31 32 36 27 27 1 10 17 20 23 16 13 13
10 5 15 13 19 32 16 21 20 26 15 10 5 4 24 7 13 10 9 15
3 1 15 11 8 28 3 16 10 25 8 18 5 1 7 25 12 1 12 2
30 7 27 17 28 42 23 25 9 46 20 22 10 23 25 17 11 23 14 21
7 3 10 1 13 20 8 18 15 5 13 7 1 5 6 9 4 4 7 9
1 1 2 1 9 10 1 12 7 13 7 14 1 1 1 5 8 1 1 1
25 11 38 22 26 38 17 36 22 44 30 28 17 12 20 27 17 24 15 18
4 1 14 7 13 20 6 18 17 17 15 23 4 1 5 16 14 7 5 1
10 11 11 11 18 32 14 13 11 33 1 17 1 10 16 18 12 7 12 10
24 9 34 19 39 49 30 41 35 49 35 34 12 16 30 24 22 24 21 21
10 4 23 6 36 32 25 33 27 30 29 35 8 14 17 27 23 13 10 11
4 1 6 8 3 19 1 7 1 24 1 14 2 1 1 16 10 1 3 1
24 6 34 6 43 42 31 43 26 42 37 43 16 23 19 31 17 27 9 25
15 14 22 11 23 39 18 22 23 34 18 26 3 8 14 22 18 13 15 12
30 23 53 41 50 75 43 47 48 73 48 53 29 23 38 37 52 38 33 31
6 7 17 15 32 41 22 24 25 32 17 29 7 12 12 25 27 7 13 14
16 1 12 11 8 21 1 14 5 31 8 19 1 12 7 16 14 8 7 1
19 28 38 35 43 71 38 37 34 58 32 46 13 26 42 43 45 16 30 29
5 4 7 1 4 14 1 12 8 11 6 7 1 1 5 7 5 2 2 1
26 5 30 16 20 47 8 34 31 30 30 28 4 13 10 27 30 24 28 4
28 12 26 18 11 49 10 16 20 40 18 19 1 20 22 22 23 21 25 12
8 18 22 21 33 37 30 27 28 37 24 31 18 23 22 30 31 18 23 21
26 14 29 31 26 55 19 25 31 52 31 32 10 31 38 27 43 18 22 21
11 4 21 20 20 34 10 23 14 38 16 27 9 1 12 19 12 8 14 7
15 1 8 11 7 21 4 11 7 19 8 11 1 12 9 5 10 9 9 5
17 6 37 24 39 54 35 32 36 34 31 27 23 21 31 40 40 20 28 25
10 3 17 2 13 28 6 19 18 23 16 17 1 3 1 9 15 12 2 2
39 28 46 31 30 56 30 39 33 69 41 55 17 33 22 49 35 30 29 29
24 6 22 7 7 25 1 20 15 19 13 9 1 6 4 20 16 17 18 1
30 13 40 43 30 70 21 44 38 59 38 39 20 15 30 51 44 27 45 18
9 4 8 5 16 21 4 15 8 24 11 16 1 4 11 10 8 3 2 6
24 2 28 28 27 51 22 26 21 39 24 20 10 20 34 13 27 19 23 21
8 1 11 17 20 31 12 17 14 26 15 17 6 8 16 11 21 4 6 10
4 1 13 9 28 35 20 23 19 30 22 24 2 4 20 12 20 9 7 14
6 7 12 7 12 24 11 16 14 22 8 18 4 3 1 21 8 6 14 7
16 10 13 5 15 22 15 7 4 30 7 19 1 7 7 12 12 9 5 12
6 5 7 1 10 9 3 9 8 6 10 12 1 1 3 5 5 4 1 4
21 11 18 22 4 34 1 14 15 30 19 20 1 22 21 6 26 14 19 1
17 4 25 24 37 58 31 35 38 49 32 33 10 18 34 18 34 22 20 26
8 5 5 4 5 12 1 9 7 15 9 9 1 2 8 4 1 3 2 3
4 1 8 1 12 20 8 16 10 7 8 5 1 2 8 10 7 2 5 6
10 4 12 8 1 20 1 8 4 23 1 7 1 2 4 11 8 3 1 1
24 5 31 25 40 53 24 37 19 59 31 48 18 21 19 41 27 18 17 15
46 28 51 33 32 51 27 25 10 72 38 52 23 22 25 29 26 39 27 23
7 1 10 1 7 24 4 14 12 4 7 1 1 1 4 10 7 4 7 5
23 7 35 22 37 57 24 33 34 48 36 42 9 26 26 29 44 22 22 13
13 34 39 31 37 66 44 35 38 57 36 30 17 30 45 34 28 24 36 43
35 17 37 24 28 64 25 29 32 42 40 25 10 32 41 18 37 31 30 25
27 6 44 1 34 47 22 48 33 46 42 40 9 9 7 36 22 33 13 14
39 23 45 30 23 65 24 42 48 55 49 35 14 23 29 26 35 38 34 29
36 28 43 32 26 65 40 34 50 60 48 35 23 37 45 35 42 32 35 40
12 10 27 26 34 57 24 40 40 52 34 42 6 22 23 41 39 15 26 15
15 5 22 17 21 33 19 28 25 24 24 17 13 7 24 6 12 16 17 20
42 24 51 29 41 64 35 38 35 63 45 48 17 26 34 32 31 37 31 31
14 13 15 4 11 23 13 10 8 33 15 18 6 1 12 4 4 13 4 15
18 6 21 12 27 34 17 23 20 33 23 28 1 14 17 12 30 18 8 9
32 21 47 17 54 54 41 36 18 56 39 46 20 28 26 30 34 29 9 28
22 13 30 23 27 53 20 34 27 42 25 27 7 15 23 21 15 22 28 18
2 1 6 6 2 20 1 11 11 14 4 4 1 3 9 10 9 1 5 1
1 2 7 1 13 13 6 11 8 5 9 12 1 1 2 4 7 3 1 5
20 24 45 52 42 84 40 50 48 74 43 58 19 35 42 47 52 30 45 33
3 1 9 2 17 19 11 10 11 15 9 15 4 5 10 15 16 1 1 7
13 4 21 7 10 33 1 22 22 20 16 12 1 2 7 17 19 10 9 1
9 1 1 5 8 14 1 11 6 13 7 6 1 6 5 4 6 1 1 4
20 14 45 29 44 64 31 54 46 45 51 46 13 16 29 49 59 26 30 21
7 1 12 1 14 15 7 16 3 20 6 14 1 3 5 17 8 3 1 1
27 31 48 46 34 80 35 41 44 71 37 48 10 35 42 45 41 28 43 37
19 18 24 9 13 23 10 9 14 34 21 29 11 6 9 11 15 18 1 12
28 20 48 39 51 63 43 45 44 60 45 45 34 21 39 31 45 34 33 37
26 15 33 21 22 40 16 26 11 60 24 41 15 14 16 37 22 18 14 13
31 6 57 17 50 67 33 61 46 57 50 50 16 14 15 52 33 41 24 21
12 8 9 7 8 18 6 5 5 22 1 11 1 5 9 11 7 6 4 7
18 5 23 17 32 43 23 24 16 44 18 25 6 12 25 20 17 11 11 18
27 21 37 15 27 33 26 30 31 41 37 33 20 11 22 14 15 27 12 27
17 19 38 25 48 59 37 44 31 56 39 48 15 36 33 43 35 21 20 31
21 10 24 20 25 42 27 19 26 40 21 18 14 14 28 14 23 20 19 22
33 21 51 34 37 63 27 38 28 57 45 56 11 25 30 34 54 36 34 14
8 8 16 8 24 35 17 26 19 25 17 23 4 8 18 16 9 9 11 16
8 9 9 13 16 35 20 12 25 29 17 19 6 21 26 20 29 4 16 17
24 14 19 8 8 14 6 12 1 33 14 17 6 7 7 11 8 15 2 9
31 15 42 32 25 57 21 37 27 56 29 32 16 7 26 37 34 27 33 14
11 3 4 7 1 11 1 6 4 14 4 8 1 7 3 5 8 4 4 1
33 17 38 15 28 38 18 27 18 51 29 46 11 16 11 25 21 28 13 15
32 20 51 15 39 58 31 42 35 47 43 34 16 14 26 23 22 33 21 33
11 1 20 16 16 35 7 24 21 27 18 21 9 7 12 23 25 6 12 4
1 1 3 1 1 15 1 5 2 12 1 7 1 1 2 7 1 1 1 1
35 34 48 40 33 65 28 28 23 73 32 52 21 30 29 34 38 36 32 28
19 6 22 24 9 47 6 16 16 41 13 17 1 18 24 18 24 14 20 9
1 1 8 10 8 18 3 8 7 17 7 13 3 1 8 11 8 1 2 6
9 6 5 4 17 15 10 13 7 13 8 13 1 9 8 9 5 1 1 11
4 4 6 1 11 18 8 10 6 6 3 1 1 5 8 5 3 1 1 9
14 4 24 18 25 40 18 31 20 40 23 25 10 13 22 28 14 13 16 17
18 2 15 20 13 26 13 18 13 27 15 12 9 8 19 5 14 13 13 14
10 2 10 13 5 24 1 9 10 24 4 12 1 7 6 10 16 3 3 1
7 10 17 4 15 21 10 19 16 23 14 25 1 1 6 14 10 12 9 1
2 1 4 1 9 14 4 11 10 6 8 8 1 1 2 6 2 1 2 5
4 4 6 4 10 23 9 9 6 17 4 11 1 4 11 12 3 1 7 9
17 15 23 21 9 41 11 27 27 48 24 27 6 12 23 28 19 14 24 17
28 25 35 22 26 39 25 31 28 49 33 36 20 10 17 17 12 30 23 26
10 5 10 9 7 15 1 5 4 23 6 17 4 4 4 13 11 3 2 1
28 18 42 23 44 56 33 38 22 52 31 38 19 31 30 43 29 20 17 25
18 12 16 12 8 32 8 12 17 35 18 18 4 9 15 7 12 12 6 14
23 2 24 11 34 39 22 32 21 35 31 30 8 23 20 17 24 20 7 12
15 6 15 12 18 31 12 20 16 35 11 23 1 14 15 27 17 7 14 8
31 14 37 38 33 55 23 34 15 57 31 44 17 14 33 29 30 24 32 18
28 18 41 34 39 69 27 33 25 43 35 32 13 30 40 36 49 22 35 21
1 1 3 3 1 16 1 9 10 16 4 11 1 1 6 8 7 1 1 1
6 1 16 22 30 44 24 18 21 33 17 16 10 15 35 11 25 7 12 23
34 10 46 35 37 76 26 51 55 56 50 40 10 23 36 36 49 38 44 19
10 1 3 3 3 12 1 4 1 16 2 11 1 4 1 5 4 3 4 1
7 3 5 1 7 7 1 11 3 13 6 9 1 1 6 8 4 1 1 1
15 1 13 9 12 29 5 15 9 22 12 13 1 10 13 9 17 7 10 2
5 5 5 1 12 15 10 9 5 5 4 1 1 6 10 4 4 1 1 10
27 18 34 40 39 67 32 45 42 64 38 46 15 29 37 31 35 29 39 30
30 11 37 23 18 41 9 31 15 49 25 25 11 12 15 31 26 22 17 6
13 6 20 25 22 44 18 22 13 41 17 24 15 7 24 24 21 10 15 17
8 9 14 1 7 17 3 16 11 19 9 15 1 1 3 12 1 6 8 2
16 6 27 16 37 42 27 28 16 44 21 35 15 17 21 36 27 11 12 14
8 2 13 1 13 23 11 14 16 1 12 1 1 4 10 11 12 6 9 8
4 1 16 4 21 26 10 21 17 28 16 26 1 1 4 14 21 9 1 5
6 3 4 3 5 10 2 7 5 14 5 11 1 2 1 8 7 1 1 3
11 7 8 3 8 14 6 7 5 13 4 7 1 5 4 6 4 5 1 7
28 17 37 31 40 54 31 43 32 51 39 43 16 31 29 44 42 19 23 22
5 7 9 6 25 34 24 6 17 18 12 10 7 20 28 10 22 4 6 21
10 4 17 11 3 31 2 15 21 25 15 10 1 4 16 20 20 9 14 3
25 4 35 29 38 60 29 42 34 63 36 46 9 18 27 28 34 30 26 20
11 5 12 12 25 36 15 22 15 33 17 19 2 17 23 13 9 6 9 16
12 5 23 3 38 32 27 34 20 31 26 37 5 13 9 25 15 17 8 15
4 1 1 3 1 19 1 5 6 14 1 1 1 3 4 1 4 1 1 1
27 8 37 19 44 45 32 35 28 50 39 37 22 20 29 26 26 26 10 29
16 14 33 24 34 56 27 35 24 51 25 40 8 27 25 46 28 8 24 18
3 1 1 2 1 13 1 3 5 12 2 1 1 1 6 1 3 1 1 1
9 6 11 7 16 29 11 17 16 22 11 19 1 7 6 15 7 4 11 8
13 1 22 12 17 33 10 31 24 34 25 23 2 9 18 28 19 11 14 4
10 1 8 9 11 21 4 12 7 23 6 16 1 7 7 13 17 3 5 1
11 8 15 4 2 12 1 8 8 18 8 13 1 1 2 12 6 6 2 2
8 20 25 26 28 56 30 30 31 46 31 29 6 28 39 25 28 13 23 31
52 29 63 29 55 67 48 47 32 72 51 53 38 37 31 35 23 45 20 46
1 1 1 1 1 7 1 1 1 10 1 7 1 1 3 6 4 1 1 1
14 4 17 6 20 15 9 24 9 24 20 22 3 6 10 14 9 11 2 5
22 10 37 15 38 44 22 41 33 47 33 46 17 4 11 36 35 25 15 18
16 8 33 7 18 41 14 32 32 34 32 25 3 1 11 19 27 24 11 13
31 23 54 31 39 65 37 41 49 61 49 48 29 15 31 35 40 36 33 31
15 16 35 22 41 53 29 30 17 47 20 42 9 12 19 28 30 20 17 15
8 10 27 6 36 46 25 33 27 21 27 20 4 15 22 27 26 13 17 19
10 4 8 2 18 29 18 7 12 20 9 9 3 12 16 7 13 4 5 12
1 1 1 2 6 15 5 9 5 14 2 8 1 1 10 9 4 1 5 2
9 7 9 8 26 35 24 12 15 19 12 8 7 20 29 9 17 4 4 23
17 1 18 18 33 44 25 30 28 40 27 24 11 13 27 12 19 12 18 20
25 16 34 8 26 37 21 33 16 44 24 30 11 11 10 31 6 23 15 18
4 3 3 1 4 6 3 1 1 5 1 3 1 1 2 3 2 1 1 3
31 19 52 20 45 68 31 48 49 49 45 42 15 15 25 42 46 38 28 30
19 12 41 22 53 68 44 46 47 53 42 37 14 25 37 28 33 27 23 30
32 21 37 11 29 41 30 22 39 31 39 19 24 25 23 11 27 29 11 30
4 2 9 4 12 21 7 16 13 19 12 10 1 1 12 1 8 6 2 4
10 11 25 24 36 58 29 35 43 42 32 29 15 26 29 31 36 17 28 22
4 15 30 17 38 44 24 32 17 34 23 28 15 18 23 35 19 7 18 22
12 4 15 1 8 25 8 14 15 18 11 10 1 1 9 18 11 7 11 3
30 3 31 10 30 38 18 36 19 46 33 36 10 22 11 20 16 28 7 11
15 3 14 8 17 35 11 20 15 19 12 7 1 14 14 13 15 7 11 10
38 10 40 26 19 51 7 37 28 42 34 27 6 12 20 28 23 31 37 8
31 20 26 24 20 43 16 14 17 42 26 29 5 28 32 11 36 24 18 16
27 18 37 29 35 63 29 40 36 46 34 31 4 34 36 46 43 19 31 26
11 4 4 2 1 8 1 5 1 12 2 3 1 3 1 1 3 4 1 1
7 3 8 5 1 8 1 1 1 18 1 7 1 1 1 7 8 1 1 1
6 5 4 3 10 20 8 5 3 13 4 5 1 6 13 4 2 1 1 11
15 9 15 7 16 19 8 16 9 24 11 13 3 10 10 12 9 11 5 7
5 1 5 12 6 22 1 7 7 28 4 17 3 4 7 13 14 1 2 1
6 4 4 1 5 9 1 2 1 8 1 1 1 1 1 1 1 2 1 3
34 40 47 28 42 56 40 42 46 66 45 56 26 32 24 41 33 36 30 36
29 14 30 35 29 47 24 33 36 50 34 31 18 23 39 14 36 25 26 25
7 1 8 9 15 18 7 11 8 18 9 19 6 5 7 14 11 1 1 8
6 11 28 18 30 47 22 28 32 36 22 36 8 10 12 30 27 14 19 13
25 26 43 43 32 64 28 47 41 66 36 54 14 26 30 54 51 24 42 17
9 7 9 1 5 11 3 4 4 12 2 5 1 1 1 6 2 5 1 5
5 11 16 6 26 28 20 16 12 17 13 19 4 13 18 15 13 4 6 17
