1000 20 10 1096
8 1 1 1 8 6 13 5 11 9
17 5 12 11 5 16 2 17 9 7
0 5 7 1 1 1 3 4 8 3
14 9 7 2 19 1 8 9 2 8
0 6 10 0 11 2 3 11 15 3
5 6 4 2 2 15 4 2 3 7
5 16 3 11 10 4 3 11 16 15
2 6 0 6 3 13 11 2 5 2
17 0 10 1 3 12 5 7 7 16
14 2 1 1 15 9 13 0 9 5
6 18 3 13 21 6 7 3 3 21
3 2 0 1 9 3 1 4 8 4
13 3 4 0 1 4 7 8 6 4
1 4 9 1 2 4 2 10 9 6
8 23 5 10 9 2 2 8 9 4
8 10 7 2 13 0 7 8 1 1
4 20 14 19 2 4 3 5 3 8
1 6 12 30 5 9 12 8 3 8
6 4 2 2 3 6 7 3 4 7
2 4 14 3 2 3 13 12 3 8
1 0 3 2 8 1 1 5 5 5
10 2 6 9 14 4 3 1 8 2
0 9 2 4 2 1 7 6 2 9
4 1 7 6 10 9 3 2 1 9
13 13 0 6 6 6 5 0 15 8
14 6 5 2 3 2 16 6 4 8
4 1 14 13 1 5 20 15 4 13
4 8 6 4 18 9 12 8 13 3
20 13 13 20 4 5 5 13 4 3
2 6 8 3 3 1 4 7 1 7
4 10 2 18 14 22 2 4 0 5
6 5 11 23 18 4 2 11 12 2
5 2 10 4 8 2 3 4 8 8
4 8 0 6 4 2 11 10 2 17
3 1 4 5 6 3 1 7 10 2
23 1 7 1 8 9 5 12 2 8
2 11 2 0 0 7 1 11 2 0
3 1 2 5 5 0 2 4 4 3
9 10 14 6 18 12 4 11 0 11
5 5 11 7 4 1 4 1 4 1
3 18 15 17 3 13 10 10 6 6
5 3 13 4 2 3 3 12 6 1
13 0 11 22 0 6 3 8 14 1
13 4 3 9 2 4 3 3 0 3
1 0 2 6 1 4 1 10 1 3
1 4 1 15 15 7 8 15 9 16
10 25 8 4 17 5 15 7 2 13
17 3 3 4 2 5 8 2 9 13
7 1 3 1 14 1 6 12 2 3
9 6 3 3 8 4 10 13 6 26
11 15 2 1 0 2 11 10 2 0
3 5 4 3 14 4 8 11 14 17
6 2 5 1 1 2 1 1 5 2
10 6 5 1 17 4 2 14 13 4
5 1 10 9 1 9 2 3 2 8
10 7 4 12 7 7 6 4 2 2
9 6 12 4 1 4 0 6 5 9
6 21 7 5 1 8 14 19 16 5
13 16 9 11 3 17 5 18 11 7
1 11 3 2 2 11 8 4 4 1
7 2 15 5 1 1 6 11 6 2
6 14 4 6 12 4 1 2 4 5
6 0 2 6 0 5 1 4 4 7
4 20 7 2 3 9 2 5 10 2
11 11 5 7 3 2 9 5 3 10
4 3 7 6 3 11 3 7 2 12
0 7 11 1 8 8 3 3 7 6
4 5 1 4 11 3 2 4 14 10
2 11 10 0 5 16 2 5 8 7
0 2 2 1 4 8 5 1 7 6
22 9 2 8 21 5 3 3 13 14
21 9 8 7 12 6 4 7 3 1
1 0 4 2 1 3 0 1 5 8
3 18 8 21 6 6 3 23 0 12
6 9 0 27 2 8 5 5 4 3
1 22 2 1 6 1 1 8 6 16
10 2 3 7 1 4 2 9 6 7
13 9 8 3 4 3 13 6 9 2
7 7 12 12 14 10 0 0 2 16
4 1 3 23 9 13 13 4 16 4
10 1 6 10 14 2 6 11 7 0
5 1 1 3 7 3 4 5 2 2
0 27 1 1 12 6 6 2 10 1
5 16 0 2 15 10 2 23 20 4
6 2 5 13 5 4 1 7 10 6
3 6 0 4 4 6 3 6 7 6
0 3 4 5 20 4 1 24 5 5
4 5 12 5 5 5 4 14 7 13
0 2 7 0 3 2 0 4 8 1
4 6 8 10 5 6 20 7 15 25
2 13 7 6 0 6 10 3 2 1
13 1 10 4 13 7 7 3 6 1
1 9 2 6 9 13 16 4 13 11
21 15 9 10 9 4 2 0 5 4
5 6 3 7 8 17 11 5 22 16
12 0 1 5 0 3 7 0 4 5
14 2 15 0 12 4 24 7 8 5
2 3 0 2 7 4 3 4 3 1
5 6 16 14 10 3 18 2 4 8
6 4 3 1 4 6 14 10 2 17
4 8 2 12 8 2 8 20 8 6
4 19 10 6 0 3 11 14 9 18
15 7 8 8 9 9 11 10 12 7
9 0 2 2 4 3 11 0 5 15
6 12 0 5 15 8 15 13 12 6
5 10 15 13 20 2 19 4 12 11
6 1 6 1 2 9 8 6 8 1
9 6 12 1 4 4 0 13 2 11
9 3 6 15 3 3 1 1 10 28
2 6 11 2 2 3 3 2 1 5
2 3 16 5 3 5 9 12 3 8
2 7 6 3 13 1 0 9 11 5
10 18 12 13 9 1 6 2 18 17
9 2 13 0 5 3 10 2 1 4
8 1 11 8 7 0 7 10 21 11
1 1 5 2 6 1 6 2 0 3
14 7 13 20 13 6 5 4 17 11
10 9 22 4 7 9 16 10 1 16
7 7 1 12 6 5 1 1 5 10
2 23 6 5 8 2 12 8 4 13
6 18 12 9 14 16 15 5 1 10
8 0 1 1 3 3 13 3 0 0
0 4 5 3 7 6 1 8 13 1
7 12 0 4 9 1 1 5 1 1
5 14 3 3 8 7 19 1 14 7
18 6 7 11 8 2 9 11 5 17
6 0 17 9 17 3 7 5 0 6
7 1 12 3 12 8 1 14 5 7
2 3 1 8 7 4 4 3 22 12
1 14 2 1 30 2 0 3 2 4
4 1 6 3 8 0 5 1 2 7
3 6 2 5 1 8 9 1 1 3
0 3 1 22 1 3 8 3 1 7
3 5 4 3 6 7 5 2 6 2
12 8 5 2 3 12 3 15 4 3
5 4 4 1 10 2 6 17 7 0
8 8 8 5 4 12 9 15 0 9
17 4 4 0 16 2 4 5 5 21
6 0 15 1 3 6 6 4 1 5
22 8 4 11 11 10 6 9 8 3
1 7 1 6 1 6 4 0 5 1
4 4 12 4 15 0 2 2 10 2
5 4 4 11 8 2 3 11 3 9
9 8 0 3 3 21 10 12 6 5
8 3 11 15 11 23 8 4 2 3
3 17 16 3 2 15 3 10 5 12
2 2 1 7 2 10 4 14 0 1
2 8 5 1 12 6 5 11 1 4
14 2 5 5 2 4 1 8 11 10
9 3 2 4 17 8 14 5 1 9
2 12 1 4 2 20 4 4 4 5
2 4 16 20 18 6 2 2 16 16
6 1 2 7 0 4 2 3 2 1
16 1 0 1 11 10 13 4 5 16
5 11 5 2 1 3 14 14 1 24
7 2 6 5 7 6 5 12 6 3
6 9 11 6 14 2 16 5 5 11
3 7 1 17 6 1 14 18 12 9
8 3 1 1 6 6 2 0 6 1
10 6 0 0 1 8 17 4 7 7
19 20 2 7 12 14 1 6 4 17
12 7 8 2 3 14 2 17 4 8
12 2 1 2 5 4 3 2 2 3
3 11 7 0 3 11 14 8 5 3
21 5 3 3 22 12 0 13 9 14
10 16 2 15 7 18 7 16 13 9
2 4 5 10 2 1 1 0 1 2
13 24 15 10 1 1 8 5 2 2
6 10 2 6 3 0 5 4 10 1
6 23 14 14 19 7 2 4 12 8
3 4 5 22 10 5 21 9 7 4
9 5 3 2 0 16 11 5 1 0
15 7 4 11 19 8 3 3 6 1
12 4 10 4 6 5 9 1 8 4
12 5 8 5 13 13 14 3 1 14
6 10 5 13 7 2 16 0 12 11
13 7 8 2 31 1 2 6 13 4
12 11 18 3 12 20 2 9 10 4
17 8 3 2 13 11 8 3 5 3
6 3 3 2 4 8 2 4 3 0
16 0 9 21 5 16 1 3 8 3
7 5 6 2 4 4 8 2 5 5
14 0 11 3 2 12 15 19 2 13
8 11 4 7 3 9 4 3 18 10
5 9 2 0 6 5 0 4 2 3
1 8 3 1 2 7 4 15 20 9
4 2 1 3 4 7 0 2 4 1
8 12 1 2 3 8 1 7 11 2
9 14 0 5 3 6 9 23 6 4
0 14 17 4 5 15 6 6 3 3
6 4 5 0 3 0 2 2 1 6
13 6 7 2 18 4 10 6 13 15
0 1 14 1 22 1 11 9 6 16
14 7 26 10 5 4 5 7 12 16
6 6 6 6 2 8 33 8 12 1
5 1 2 4 3 1 5 7 3 4
4 5 3 0 6 2 7 8 8 9
4 0 5 14 17 6 15 2 4 14
5 3 11 8 4 5 16 3 13 5
7 7 1 10 5 5 18 8 1 1
10 3 14 4 19 11 10 12 1 6
6 12 25 9 16 1 1 4 9 15
11 9 5 12 3 9 1 20 0 0
5 10 10 3 8 6 6 11 4 10
6 4 13 9 22 8 14 18 11 8
15 13 5 10 1 14 6 22 9 5
1 13 8 13 8 2 9 2 16 5
12 0 0 6 17 10 4 6 18 16
6 7 2 2 10 4 5 4 7 2
8 16 9 16 2 9 20 1 5 15
3 13 13 13 22 6 11 1 13 15
3 1 4 15 3 10 6 1 15 4
1 6 5 0 8 4 1 7 1 17
3 8 3 0 4 11 8 7 11 9
15 17 8 0 7 8 3 20 8 4
1 2 5 6 6 8 2 8 9 1
2 8 0 2 2 7 4 7 12 2
4 4 3 11 1 3 4 11 0 8
6 12 7 9 8 9 4 7 9 12
1 10 3 7 1 2 2 4 4 9
9 1 0 3 7 4 12 14 6 7
1 6 9 0 2 7 7 7 2 8
2 0 6 2 5 2 13 4 5 4
9 4 1 17 21 13 6 7 12 12
2 6 13 12 6 10 5 14 2 1
11 2 2 6 17 12 15 17 13 1
5 1 12 0 4 4 4 3 1 4
3 1 5 1 0 3 7 3 2 0
5 8 10 5 7 15 11 2 30 8
10 1 12 3 21 3 0 7 12 11
4 11 2 10 7 1 5 5 4 1
9 3 4 1 2 2 0 4 3 1
1 9 2 7 2 4 0 7 3 12
10 8 8 10 4 6 10 9 13 23
4 5 2 6 0 5 11 6 5 1
2 1 5 0 3 0 1 4 2 7
5 6 1 7 0 4 18 0 0 8
2 12 12 11 0 1 3 6 23 15
2 1 6 0 2 3 2 12 2 1
1 1 2 6 2 11 4 1 7 4
2 10 2 13 9 20 3 7 2 4
1 4 11 6 1 7 0 6 13 13
9 6 13 5 7 4 4 1 3 0
5 1 7 19 12 7 15 13 11 15
7 11 1 25 0 16 20 8 4 1
2 1 8 2 3 15 21 2 12 11
9 5 3 0 14 1 12 7 1 2
4 1 2 8 13 8 3 8 2 1
5 14 2 24 7 3 2 8 16 3
6 4 0 6 3 4 2 4 7 2
7 1 4 0 11 9 2 2 7 8
16 4 9 3 10 6 1 6 24 8
5 8 4 6 7 1 2 9 5 3
18 16 6 7 1 8 9 15 6 1
4 6 7 0 2 16 6 5 16 3
11 23 6 7 3 3 11 8 11 3
10 1 3 3 3 19 4 2 6 7
1 4 6 4 1 4 2 4 4 1
3 4 2 10 10 14 6 6 1 6
12 3 12 7 7 22 12 7 0 9
1 7 4 4 8 5 0 5 17 12
11 19 4 2 4 14 2 9 17 2
3 2 4 10 14 3 1 6 2 0
10 5 8 0 2 7 15 7 3 0
9 2 14 7 16 17 7 1 13 6
13 3 7 6 3 21 2 6 0 13
17 0 14 1 10 6 2 2 22 2
4 24 5 9 2 13 9 13 4 14
8 11 7 13 1 3 4 2 3 5
5 3 4 5 1 5 8 9 1 3
8 14 6 9 4 15 4 9 0 10
10 13 1 9 1 17 6 5 1 9
8 13 17 3 14 2 17 4 3 13
21 15 12 6 9 8 2 9 21 8
15 10 12 5 9 17 10 16 7 3
15 4 4 11 1 7 2 6 6 3
5 9 4 8 21 4 5 16 15 21
4 6 11 1 4 20 4 3 3 14
1 9 18 9 12 12 16 7 10 9
10 1 5 13 2 4 5 3 0 13
9 11 25 1 4 16 9 0 14 6
6 6 6 3 3 11 7 3 11 5
4 9 3 9 0 4 4 14 8 2
2 2 21 8 8 10 3 13 2 1
4 4 3 5 0 8 2 3 3 1
1 2 17 2 2 4 22 5 5 13
2 18 10 7 1 11 7 12 3 3
13 3 7 13 7 1 10 1 5 11
10 1 0 7 9 5 2 2 8 5
9 1 6 6 1 13 18 17 7 11
12 1 7 8 15 8 2 10 13 1
11 2 6 15 8 5 6 7 20 12
1 7 1 2 1 2 17 6 8 18
16 11 11 7 2 3 6 11 27 2
4 3 12 6 7 5 2 2 1 2
8 2 1 3 3 1 9 4 9 0
6 13 0 12 10 17 3 7 2 7
0 9 9 7 7 8 2 18 3 6
9 2 7 3 4 2 7 6 4 7
2 3 6 2 3 3 3 2 5 4
3 11 8 4 5 11 6 2 9 2
4 1 1 26 7 4 3 1 10 9
2 6 4 7 1 8 5 9 1 1
4 5 1 6 10 4 2 8 4 2
7 5 1 12 2 11 12 1 3 2
7 4 11 2 20 2 3 17 6 2
9 14 4 1 1 8 7 27 5 1
6 8 9 0 7 8 12 1 1 0
1 3 5 3 3 1 7 1 2 8
10 19 3 3 11 2 6 4 9 10
2 3 7 4 21 12 4 13 21 1
15 11 10 4 7 11 11 0 4 12
11 20 6 1 2 10 0 17 3 7
12 4 20 10 10 9 9 4 4 9
3 0 2 10 1 20 2 3 3 9
0 3 5 10 1 9 0 1 8 7
2 9 2 8 6 3 3 2 1 2
12 11 4 6 7 3 9 10 9 12
9 8 14 9 19 10 10 4 4 18
6 2 6 13 4 12 5 6 2 6
6 0 9 1 6 4 33 3 0 5
3 0 6 0 3 3 7 7 1 3
1 1 0 4 1 1 1 7 5 2
7 6 2 2 11 8 11 6 11 12
8 11 6 4 6 2 6 4 5 3
10 8 1 3 5 0 11 26 4 14
0 1 3 8 2 6 3 15 4 6
1 3 5 29 4 7 1 1 18 1
1 9 10 1 13 1 5 19 4 1
5 2 1 2 1 7 1 7 0 2
8 1 2 4 6 1 2 2 0 0
21 3 6 5 3 4 1 0 18 13
4 4 14 12 15 0 17 10 18 17
3 5 0 11 8 0 7 0 3 4
2 10 4 6 4 1 10 9 11 7
17 1 12 3 3 2 6 2 21 11
7 6 10 4 15 13 12 5 20 0
13 0 1 5 3 13 4 24 0 1
4 3 5 8 0 14 10 1 15 10
2 2 3 4 8 1 5 1 2 0
4 2 2 3 1 3 4 14 1 2
19 16 5 11 2 18 10 4 10 17
2 5 5 4 0 7 6 1 3 11
1 6 2 15 1 18 5 8 14 3
14 15 11 24 3 1 2 15 2 1
3 14 11 2 10 4 0 10 6 26
4 1 3 4 6 1 3 1 7 3
10 10 10 8 2 2 13 28 11 0
7 3 2 3 8 6 1 1 1 4
4 13 1 2 5 3 5 5 6 13
1 3 5 4 1 4 3 4 11 7
3 1 12 9 1 3 9 3 15 12
7 3 7 5 7 0 8 2 2 7
24 5 14 19 7 5 2 13 1 8
4 3 7 4 1 3 6 4 3 6
8 13 8 10 11 0 24 5 14 16
19 8 3 5 15 6 10 13 1 8
1 3 5 7 1 1 2 13 11 4
10 0 8 18 4 18 14 15 16 8
25 22 3 7 13 3 2 3 1 2
5 1 16 0 7 5 3 6 6 11
10 0 8 6 5 6 8 0 12 2
12 1 1 7 5 2 10 1 9 3
3 1 11 0 0 2 2 3 3 4
4 3 0 0 6 11 4 5 4 3
6 4 8 1 1 6 1 7 8 1
5 10 17 5 22 9 2 7 1 10
3 6 11 1 3 5 9 6 17 8
3 1 8 4 4 2 4 4 12 7
6 17 1 9 11 2 3 5 1 0
5 1 1 6 2 10 20 12 9 3
11 20 5 3 4 11 17 9 7 10
6 6 6 22 1 15 7 10 2 8
8 9 10 11 11 10 5 8 9 3
17 1 13 2 10 6 8 13 2 7
7 5 2 10 4 4 7 4 0 2
7 3 3 5 3 10 9 11 15 7
3 4 12 8 15 5 13 0 5 10
6 15 4 5 6 16 12 6 13 19
2 2 9 0 3 10 5 5 1 5
14 3 2 1 9 6 6 3 7 1
2 13 2 1 7 2 1 2 7 7
4 17 3 1 14 14 7 17 14 1
1 2 1 7 2 2 6 4 4 0
15 13 2 8 8 6 2 2 15 3
2 4 2 2 0 8 2 5 0 0
15 4 7 12 6 12 1 13 3 13
5 4 0 7 4 3 9 10 3 2
8 13 4 2 3 4 12 24 2 7
4 2 0 7 0 7 1 1 1 3
7 10 10 23 6 15 2 4 9 3
10 6 6 2 8 11 0 7 17 2
4 4 9 11 4 11 4 4 3 7
4 3 3 0 6 1 2 7 0 5
15 1 2 6 1 7 3 16 20 2
5 3 7 4 3 11 8 14 5 2
9 2 6 3 8 4 1 4 10 3
2 4 2 3 5 10 8 7 1 4
2 9 5 21 0 6 5 7 6 4
4 9 6 2 2 6 6 5 3 15
1 2 15 10 7 3 2 6 6 16
3 5 9 8 16 22 4 10 10 6
3 4 1 2 5 2 9 4 4 0
5 8 5 1 1 1 6 9 1 1
9 12 12 3 7 6 2 22 3 19
8 13 5 4 2 0 1 2 5 1
14 10 5 6 7 7 3 6 3 6
3 7 15 7 10 9 7 1 2 1
4 3 1 0 0 1 8 0 7 1
5 2 5 6 1 7 9 1 4 2
6 5 13 1 8 5 13 6 14 2
14 10 18 5 5 5 14 8 5 6
7 7 16 2 9 10 6 5 3 0
4 6 0 0 3 7 13 5 2 7
2 6 14 9 19 6 17 1 7 3
9 3 9 6 7 8 2 5 6 6
4 12 10 9 0 3 13 10 10 25
2 4 3 3 8 9 3 4 1 7
6 18 6 13 1 4 3 8 0 4
12 6 6 16 7 13 15 6 1 7
6 3 13 6 2 6 2 5 11 3
2 5 0 10 8 3 2 6 1 16
9 11 8 1 7 15 9 18 5 12
7 0 3 6 1 11 6 3 1 3
7 11 8 20 5 15 11 4 7 18
2 2 5 11 6 7 5 9 2 1
1 5 2 11 7 5 5 0 8 4
12 5 4 6 3 18 14 3 4 0
3 4 7 9 4 5 5 1 4 3
19 12 5 8 13 6 17 13 9 10
16 9 10 18 14 8 7 19 7 5
5 3 2 2 1 2 5 0 0 8
7 1 10 3 24 3 22 12 2 1
3 1 29 14 6 15 5 4 5 6
8 16 3 13 7 1 11 3 9 1
1 1 5 6 2 1 1 6 1 3
2 11 3 5 2 8 9 8 3 7
2 9 6 1 16 17 10 12 2 10
8 11 11 16 2 5 18 4 16 6
0 1 5 4 1 7 4 1 0 6
2 13 1 28 4 7 1 4 12 11
11 1 4 3 8 7 13 3 11 3
4 3 11 5 16 2 15 8 17 21
5 4 4 16 12 9 0 6 9 19
17 11 4 1 10 25 9 5 3 2
4 3 1 2 1 2 5 6 4 1
7 0 7 22 23 5 13 9 7 0
7 3 8 3 1 1 3 2 1 4
2 3 7 0 1 3 4 2 8 5
2 6 1 2 11 5 2 2 6 5
1 2 8 1 2 8 8 1 9 31
6 8 4 0 0 0 11 0 13 0
19 8 1 12 1 2 8 8 5 18
7 2 10 3 6 3 4 6 17 7
1 5 5 10 16 1 15 2 1 4
14 14 11 2 2 23 7 17 2 9
0 2 19 25 11 3 2 4 4 7
15 9 19 0 3 1 0 8 5 4
8 8 7 2 4 8 7 5 1 14
10 16 12 6 5 8 11 7 2 2
0 3 11 2 5 3 5 1 9 2
8 8 3 16 1 3 1 11 15 15
9 7 7 11 2 2 3 10 4 8
11 3 7 2 3 9 11 13 5 3
3 9 2 19 2 7 16 16 17 6
1 1 5 8 6 7 8 7 4 3
4 8 4 17 3 2 11 13 19 14
11 3 2 11 4 11 0 3 1 5
6 5 1 11 16 6 1 7 7 6
2 5 0 6 9 1 4 13 6 2
4 3 1 3 1 5 10 3 1 4
21 9 19 9 7 8 11 3 15 4
4 3 7 1 6 7 5 1 8 3
8 1 3 4 13 8 9 7 5 3
2 7 5 3 6 2 0 2 3 1
0 1 6 6 1 2 6 1 3 2
2 26 10 20 2 8 10 0 10 1
6 6 1 6 0 4 2 2 2 2
1 4 0 7 6 3 2 1 0 0
13 13 4 14 6 7 4 2 4 15
2 1 12 0 17 5 18 5 8 1
2 6 1 5 0 6 1 2 5 6
7 1 1 4 2 6 7 1 8 2
1 1 1 1 15 28 5 5 1 7
7 7 2 19 4 3 22 3 15 7
2 7 9 11 2 11 16 11 1 2
11 4 13 7 7 15 6 7 11 6
3 1 1 21 3 2 7 8 5 1
6 7 6 7 1 2 5 0 4 5
1 4 9 4 5 5 5 1 7 3
0 4 11 4 5 6 2 10 7 2
3 1 1 2 1 5 1 2 10 4
2 2 4 2 1 2 5 3 5 3
2 3 1 11 3 2 7 2 7 1
4 7 9 13 3 12 8 1 5 9
20 10 9 8 13 24 3 2 5 8
5 4 4 13 2 7 2 0 14 0
7 7 14 6 7 1 8 8 15 14
12 8 14 5 14 2 7 26 3 8
12 5 12 14 3 20 4 11 5 21
13 14 10 3 4 6 2 12 4 10
2 1 5 12 5 13 3 1 13 3
20 1 23 2 3 9 15 10 4 8
5 13 2 22 14 8 11 11 3 13
12 19 1 13 8 13 14 4 13 14
24 5 15 6 11 1 5 2 11 10
14 4 11 10 16 5 13 14 10 12
8 6 8 8 6 16 3 8 23 13
8 5 1 2 1 8 4 8 5 0
5 4 4 13 15 10 29 0 3 11
12 16 7 17 4 7 5 19 3 6
3 2 4 4 4 4 2 2 3 1
0 1 9 6 7 2 6 7 2 7
1 8 1 1 8 2 2 15 11 3
1 3 8 2 1 0 2 12 3 5
6 10 1 8 6 3 7 6 4 5
13 3 6 1 7 7 6 17 3 2
7 2 1 2 9 3 9 10 4 2
7 11 9 1 15 4 13 13 17 9
6 5 2 14 4 4 17 9 9 7
5 2 2 2 2 4 10 2 0 2
8 8 3 14 11 6 8 3 13 5
4 10 2 2 16 14 11 20 4 5
5 2 3 3 6 16 6 2 5 10
4 2 8 6 11 4 13 11 4 1
4 0 5 5 7 9 1 2 11 5
1 10 17 12 6 10 17 3 3 9
2 5 6 5 2 1 10 7 7 13
0 0 6 6 1 10 3 4 5 1
13 0 11 1 5 4 5 11 9 1
8 5 4 17 10 13 21 9 6 2
5 19 12 12 12 6 10 4 5 21
18 4 3 13 4 12 3 10 13 11
8 3 6 1 8 6 6 8 2 3
14 10 12 1 1 3 11 16 11 5
5 3 7 5 4 0 2 3 0 2
3 7 1 2 1 1 4 4 12 1
7 13 11 10 1 2 5 7 9 6
3 2 3 4 10 5 8 2 3 6
6 0 8 1 2 3 1 4 3 1
6 10 13 0 4 4 9 4 4 15
9 6 4 3 2 12 2 4 2 4
2 16 7 16 2 2 1 8 5 10
5 7 13 8 16 10 7 8 19 2
14 2 2 5 8 7 10 4 22 0
1 20 0 7 1 5 12 4 21 19
2 6 3 1 2 2 4 18 17 5
4 2 3 1 5 2 7 4 8 2
3 4 4 6 1 0 3 0 2 6
2 4 7 10 2 1 9 1 5 3
1 14 14 4 0 2 10 2 3 13
11 4 1 5 15 7 3 18 3 11
0 16 13 23 5 1 12 1 6 0
6 0 3 9 5 2 2 5 2 2
8 19 6 6 15 0 3 6 1 1
2 4 2 7 1 6 6 10 5 10
1 1 9 1 1 2 2 7 0 0
2 1 7 4 0 0 3 0 0 6
15 8 8 7 17 16 10 3 18 2
7 5 5 2 1 9 12 17 13 9
17 0 8 5 18 10 8 4 14 14
3 3 3 2 3 3 13 2 2 8
6 3 10 0 2 8 1 1 14 3
6 8 4 8 1 1 7 4 3 2
21 8 11 10 6 1 2 27 2 6
4 0 10 25 0 18 3 3 5 9
7 9 11 17 11 4 9 7 1 22
3 3 3 6 2 7 2 3 1 0
11 8 11 9 8 1 5 8 11 1
6 6 4 2 4 5 4 2 2 4
6 10 3 6 0 20 3 1 14 2
1 5 3 23 11 5 3 5 1 10
16 4 6 17 7 8 12 17 1 1
4 9 4 2 1 3 7 9 3 9
2 4 4 10 4 5 3 8 1 2
2 20 11 3 5 7 3 7 5 5
8 3 4 15 4 4 1 0 2 2
8 7 1 15 0 5 6 7 4 2
2 4 5 9 7 16 4 11 3 0
10 6 3 11 1 12 13 21 16 11
7 1 3 8 8 0 6 11 17 9
2 9 5 0 5 2 6 2 0 5
11 11 1 2 12 1 6 10 2 8
6 2 9 5 25 8 9 6 1 3
6 9 2 23 12 9 3 2 4 2
10 7 21 0 16 3 9 14 18 1
10 3 1 2 1 14 2 6 7 2
7 4 1 1 3 3 1 2 13 3
8 2 7 1 1 3 2 1 2 1
6 13 15 8 24 2 11 0 7 1
14 8 6 4 0 1 4 12 13 9
2 1 7 6 4 0 6 3 2 1
10 8 4 5 6 5 2 4 13 7
2 4 2 2 2 1 3 9 2 1
2 16 9 1 9 12 19 10 1 3
0 11 16 9 6 12 1 9 4 13
4 4 5 2 1 4 2 1 3 2
9 6 2 23 8 4 7 20 4 17
16 6 12 2 2 2 8 4 20 23
9 5 0 1 6 0 0 0 1 10
5 5 2 3 4 1 5 4 3 7
14 12 15 13 7 7 4 2 9 13
2 9 4 6 1 10 8 2 6 6
2 2 0 2 2 1 2 7 6 0
9 6 15 4 2 25 8 6 13 10
1 3 18 13 5 0 10 13 4 8
15 2 6 8 17 13 2 1 16 5
0 5 5 3 1 1 0 4 0 6
16 16 21 9 12 14 7 9 7 1
5 11 6 13 3 2 14 3 9 1
10 0 17 6 0 3 0 9 1 8
4 5 7 7 1 2 4 0 3 15
4 4 8 4 3 2 4 3 2 1
4 13 1 6 2 1 1 1 0 3
3 1 6 4 6 2 1 0 9 2
12 7 1 1 1 12 10 0 1 10
20 4 12 0 11 9 6 20 4 7
0 1 1 1 2 2 5 0 0 8
0 4 1 0 4 2 5 13 2 1
4 7 5 11 3 1 2 3 7 5
1 3 7 0 1 3 3 7 3 6
16 13 8 1 3 6 17 12 1 3
9 2 6 8 14 5 5 1 10 1
2 3 8 1 13 13 10 2 18 10
2 4 3 1 0 3 2 4 2 9
6 0 13 6 11 14 10 5 1 11
4 4 2 11 9 9 20 5 5 1
6 5 6 11 7 4 8 6 1 3
7 0 13 5 11 7 3 2 14 6
6 1 3 6 7 1 2 8 12 8
0 5 6 7 2 6 6 14 8 4
7 12 9 6 7 1 17 3 4 7
3 4 7 7 5 7 14 14 10 1
4 9 11 1 6 9 9 2 5 5
15 2 1 2 11 6 18 19 12 2
1 3 2 3 3 2 1 4 8 11
8 19 5 5 20 11 0 9 11 17
7 8 4 28 1 9 7 0 2 6
6 6 9 3 5 18 5 5 5 20
4 0 9 2 1 0 8 11 0 11
4 4 8 0 1 9 7 0 1 4
6 13 4 2 11 11 8 5 15 11
16 2 14 5 3 1 2 8 13 10
3 11 3 11 7 2 3 6 2 2
6 1 3 3 7 1 3 2 2 1
1 13 4 4 5 2 7 1 7 3
4 4 7 6 13 5 9 9 7 10
5 16 3 0 0 8 6 8 13 7
5 0 2 3 6 12 19 0 3 7
15 4 9 11 10 6 10 2 2 9
3 1 9 1 3 1 2 3 2 1
12 0 5 3 3 10 0 7 2 2
0 20 1 10 2 1 12 8 20 18
2 2 1 8 1 6 3 3 3 5
6 4 12 0 0 4 4 1 5 1
14 3 27 12 8 12 11 1 4 3
6 6 0 3 2 1 2 1 1 2
6 1 1 5 6 0 0 3 1 14
3 2 5 5 2 13 1 4 4 1
7 0 1 8 16 11 3 4 29 1
5 2 4 2 3 2 6 19 2 9
6 9 15 10 9 13 7 17 5 1
11 2 20 2 10 5 2 1 11 13
15 19 15 3 8 1 6 7 1 3
2 7 1 6 10 7 9 2 4 0
4 5 2 7 5 11 3 8 10 1
11 1 21 16 3 2 3 12 3 15
3 13 4 10 5 5 4 3 2 4
3 4 12 1 6 1 1 5 2 14
10 3 7 4 1 12 13 8 3 3
13 6 8 6 13 12 12 23 14 11
13 10 6 12 16 15 5 2 5 12
2 4 7 7 0 1 2 6 1 3
1 3 5 3 6 1 9 3 2 4
5 5 6 0 5 2 2 6 5 5
2 12 3 0 7 8 2 6 12 0
13 13 11 9 0 10 8 11 16 5
13 13 6 16 1 18 9 16 5 15
19 5 1 2 2 6 14 10 14 17
5 4 7 15 11 3 10 17 3 1
8 28 11 6 5 5 6 12 9 1
3 4 8 11 3 1 1 4 2 2
6 9 5 5 3 3 6 1 1 3
1 1 7 1 3 1 6 1 3 2
13 12 1 0 27 14 5 1 7 6
3 1 0 8 4 3 2 2 1 0
19 9 8 10 3 8 12 20 1 10
3 9 5 3 4 2 10 2 10 8
3 2 4 1 4 27 9 2 14 7
3 6 4 9 3 4 9 5 11 14
2 3 4 1 1 2 7 6 1 4
15 15 1 7 2 12 15 5 23 2
1 8 6 6 15 3 7 9 10 3
3 13 7 4 20 3 3 5 9 7
2 14 1 17 7 3 3 13 17 5
8 5 1 19 19 6 6 15 13 13
4 10 13 8 1 4 3 4 3 3
1 1 4 6 0 0 5 5 3 0
7 11 3 6 9 6 0 8 13 1
4 11 4 9 5 2 3 8 10 7
2 0 14 5 17 2 6 13 19 1
4 10 10 1 2 0 6 11 1 2
9 19 12 3 7 2 0 14 10 16
21 5 2 6 4 2 9 1 10 0
15 8 1 1 5 6 7 5 3 1
1 0 11 0 3 2 3 1 5 1
3 6 8 3 18 1 7 8 4 20
2 15 1 11 21 2 15 6 1 1
5 15 13 13 10 6 8 5 16 6
3 12 0 6 0 19 5 1 9 8
4 5 3 5 18 3 12 6 12 2
2 3 4 0 7 1 4 5 4 1
18 7 2 13 17 4 5 4 9 19
1 5 7 0 3 3 3 5 4 3
11 1 1 10 8 1 7 0 1 0
8 15 2 3 14 6 1 3 2 0
15 6 2 11 7 16 2 2 1 20
17 6 14 6 14 5 7 4 5 9
2 5 6 2 0 3 4 7 7 4
10 10 10 10 10 16 3 10 19 8
6 17 5 8 7 10 8 21 18 12
11 25 2 1 2 16 0 13 9 3
1 6 5 3 8 5 1 2 4 2
1 1 7 6 2 8 9 8 6 6
3 2 1 4 21 13 4 1 15 12
8 5 4 7 20 3 11 16 0 10
1 5 1 3 6 3 8 2 8 6
3 6 0 1 5 21 4 1 3 5
8 5 0 13 14 1 6 0 2 2
7 2 2 9 8 2 8 6 1 7
1 10 7 3 2 9 11 0 14 4
3 9 7 17 4 14 15 5 11 1
0 15 28 13 4 10 1 7 2 7
2 3 3 1 13 12 4 5 3 15
8 3 3 3 2 1 4 10 8 6
12 3 8 1 15 2 2 25 16 3
1 5 12 5 12 8 6 13 11 4
5 1 1 0 0 11 1 0 0 10
8 5 4 5 4 9 10 3 1 4
5 10 8 0 9 18 1 2 29 11
1 7 9 14 1 8 4 14 15 12
2 6 13 2 1 7 1 5 0 6
2 0 3 2 10 0 2 2 4 9
5 18 22 14 0 15 15 1 10 2
12 10 3 5 3 6 12 1 7 6
7 13 4 3 9 23 9 2 9 8
11 1 19 7 3 0 1 15 5 11
4 2 3 2 9 4 5 18 12 5
3 5 20 11 1 10 10 5 11 7
1 3 4 2 1 2 2 12 1 1
7 2 20 5 3 14 18 2 4 10
2 8 6 4 4 11 6 5 5 13
11 2 9 24 12 7 6 18 6 16
6 3 7 2 5 4 9 4 10 6
0 6 8 2 2 7 5 7 8 1
4 8 0 5 5 6 1 7 8 4
18 2 5 7 9 3 6 3 20 7
3 19 10 6 16 5 14 5 14 3
10 9 6 1 10 19 3 2 8 5
9 1 14 10 5 11 15 9 1 9
1 15 5 20 5 7 14 11 18 5
2 6 2 1 10 5 8 6 11 2
11 7 10 7 13 6 4 12 9 1
1 0 3 3 6 0 5 3 7 3
2 0 7 14 4 5 3 3 6 1
7 0 1 3 5 2 5 5 2 2
5 1 4 2 10 2 6 2 5 9
2 0 2 2 8 2 0 1 1 4
6 1 5 3 2 2 13 23 3 6
15 12 2 4 7 1 4 3 1 6
12 1 4 3 17 3 12 4 15 4
3 8 2 8 3 2 2 16 7 5
4 6 10 7 11 6 1 2 5 1
12 3 4 1 9 11 4 5 8 6
15 3 9 11 5 6 3 0 17 1
2 2 8 3 3 5 1 3 1 2
13 15 1 5 17 1 8 16 12 15
5 1 5 3 1 4 3 6 2 2
5 9 1 7 2 5 3 0 7 1
2 10 4 2 5 8 1 8 3 4
7 2 12 1 1 5 0 1 2 3
25 12 7 3 18 6 9 9 2 3
5 3 3 5 10 4 6 21 6 15
10 16 13 9 17 6 8 10 14 12
4 2 11 5 26 13 1 6 19 6
1 9 2 1 24 7 8 8 2 28
11 1 13 10 3 8 18 6 26 0
5 14 6 13 11 3 1 4 7 5
0 6 5 12 1 6 1 6 7 14
18 6 5 2 5 19 20 10 1 6
0 10 14 5 2 4 3 7 4 24
2 2 1 14 1 2 2 2 16 3
0 5 7 7 9 8 5 1 6 8
9 23 1 10 18 3 13 1 7 16
5 10 0 6 1 9 6 5 0 3
5 11 1 1 2 1 6 11 3 1
5 2 10 6 3 11 3 1 0 1
3 5 3 11 3 1 2 3 1 0
3 7 12 3 4 11 21 4 23 3
12 3 16 2 6 8 9 7 2 11
2 3 1 3 2 8 3 3 5 5
3 2 6 6 1 7 30 8 9 9
8 2 5 4 0 6 8 8 2 0
18 11 2 6 11 4 3 14 10 5
5 7 5 5 8 7 6 2 2 1
13 1 4 8 9 9 11 15 6 23
0 10 4 14 16 4 3 0 1 3
5 4 0 7 4 3 2 1 5 1
8 5 1 3 10 7 10 11 4 2
5 12 11 3 6 20 5 10 8 9
4 3 5 14 12 7 7 17 18 4
16 0 9 13 0 11 14 10 6 13
2 16 9 3 20 4 5 3 10 15
10 6 13 10 13 21 5 2 13 7
8 14 7 9 9 1 23 5 10 7
1 4 10 4 8 2 4 4 8 11
1 8 5 1 3 3 1 5 0 11
0 21 12 17 11 7 10 14 4 9
6 19 0 1 6 4 4 3 11 4
2 1 4 6 0 1 0 5 6 6
8 2 1 16 6 0 2 7 6 1
10 6 22 7 5 11 8 7 0 7
15 5 6 13 11 17 9 6 3 6
7 3 10 1 8 7 6 6 2 7
8 7 11 12 6 11 4 4 12 19
2 6 15 11 4 9 4 20 2 0
2 1 4 7 0 1 4 0 6 4
14 10 5 1 2 9 6 3 2 9
7 14 8 4 3 1 6 14 4 6
16 7 10 20 2 6 1 12 8 2
5 1 8 5 5 11 7 5 2 2
0 5 5 3 1 1 3 1 3 5
1 3 19 3 2 9 10 2 9 16
4 3 4 1 3 3 5 3 5 3
0 4 5 0 3 0 6 7 4 5
2 2 1 2 13 4 5 6 0 4
4 6 11 3 9 8 4 2 6 17
7 15 1 3 2 10 17 14 5 14
16 8 11 16 1 15 4 0 9 4
2 3 5 18 10 15 17 10 7 9
8 6 10 15 10 22 0 8 8 1
3 8 5 13 2 7 10 8 15 3
10 7 2 2 1 1 15 0 0 3
8 0 1 4 7 9 17 8 7 15
6 6 15 4 5 3 5 6 4 1
2 0 3 5 12 1 2 4 11 7
4 2 3 1 13 10 1 5 3 11
0 14 8 3 2 2 14 8 10 2
5 5 4 5 10 5 6 6 4 2
11 5 1 1 24 2 0 9 17 18
1 7 3 9 12 6 7 31 9 5
17 7 6 7 6 4 12 5 2 19
7 9 4 0 0 3 6 6 3 3
5 19 2 12 2 15 6 7 4 8
9 1 3 5 15 7 17 8 6 0
5 11 2 8 16 8 4 6 8 12
1 3 0 3 3 3 6 4 2 3
8 12 4 1 3 16 1 11 8 0
6 2 8 5 0 1 18 0 4 14
6 10 0 2 5 7 13 0 2 7
7 3 3 4 6 10 11 4 1 4
6 2 2 2 12 4 7 10 6 1
15 9 0 11 7 4 18 6 5 1
9 9 16 3 3 7 9 9 9 15
2 13 12 3 5 7 14 8 2 5
1 10 4 6 3 8 1 10 5 2
25 2 6 10 13 16 11 3 11 4
8 3 2 1 8 3 17 9 3 9
2 0 1 1 5 2 8 4 4 2
4 9 20 4 10 15 7 7 12 5
3 14 20 6 11 10 4 1 25 1
9 2 4 7 2 1 5 12 3 9
2 9 2 1 1 0 3 3 2 4
7 3 9 5 4 6 4 6 3 4
1 6 7 7 5 2 0 5 3 1
7 1 4 2 2 2 7 14 1 7
15 5 4 7 13 2 4 13 6 6
7 3 12 3 1 6 13 21 16 14
10 21 11 6 25 7 1 8 6 1
6 5 4 15 8 3 6 4 8 3
2 8 9 25 4 13 5 7 0 2
2 5 5 1 1 10 8 3 4 3
2 1 17 2 9 2 6 4 7 4
8 5 12 16 7 4 9 8 9 6
1 10 1 14 6 7 12 8 25 10
8 10 26 15 1 8 3 3 9 12
13 10 3 1 11 9 14 7 11 0
15 8 8 0 6 14 10 2 5 11
11 8 5 7 9 8 3 11 10 3
14 13 8 7 1 6 19 1 2 8
11 9 2 3 10 9 10 21 3 5
10 7 3 3 2 1 3 7 1 3
13 9 19 3 21 0 16 3 10 12
10 1 13 7 11 8 7 0 1 0
0 3 2 8 5 2 4 11 3 4
7 9 15 3 3 7 9 2 2 1
9 16 2 4 11 7 13 2 12 18
1 2 1 1 3 1 2 0 11 9
5 12 2 2 4 7 7 29 9 1
9 3 5 11 2 3 0 1 3 12
3 8 3 8 0 7 9 2 18 4
11 1 6 3 16 14 0 2 7 12
1 6 2 11 14 3 4 2 8 1
0 8 10 21 11 0 4 8 14 1
5 3 7 4 4 4 5 7 5 1
10 1 0 4 17 4 4 4 19 0
4 2 4 2 4 0 8 8 6 4
8 4 7 6 8 3 2 3 1 2
9 22 13 10 9 8 3 18 12 3
16 1 14 20 11 10 6 1 11 11
1 6 14 2 7 9 2 7 2 1
2 2 9 0 3 1 8 2 1 10
3 10 14 11 0 10 10 1 6 8
6 4 0 4 4 4 5 4 2 1
8 2 1 5 9 4 2 2 2 4
1 4 2 1 5 1 2 1 23 10
7 21 2 11 14 9 8 5 5 22
6 3 8 3 8 14 7 12 3 11
12 0 6 4 1 2 8 1 2 9
1 1 11 1 2 4 7 7 0 4
1 7 5 7 5 11 6 3 15 4
5 12 4 7 6 22 17 4 2 2
2 0 1 0 3 4 4 2 8 6
6 5 9 3 4 1 2 4 7 4
0 6 22 12 6 10 7 5 1 6
9 0 8 4 14 1 9 4 10 8
3 8 3 17 9 6 8 7 16 6
3 0 2 0 3 9 4 3 4 10
3 3 2 10 7 7 1 9 6 7
1 8 1 12 4 9 5 16 10 2
4 5 8 2 2 20 19 1 7 3
8 0 7 15 17 5 2 6 3 12
3 0 0 4 4 8 7 1 3 0
1 1 4 4 10 9 21 2 10 5
5 1 5 1 5 1 8 0 10 2
18 0 5 8 15 7 4 3 11 8
4 7 13 12 3 10 12 14 3 3
1 7 5 9 1 1 16 3 10 12
2 8 12 3 9 4 4 13 8 21
10 2 1 0 3 13 10 3 8 3
3 13 1 19 5 20 3 5 2 20
4 2 4 2 3 1 4 6 4 5
1 7 6 0 2 7 0 4 2 3
7 1 3 27 2 4 2 2 9 2
7 2 6 11 1 4 7 5 8 1
15 11 0 3 8 1 0 4 3 8
18 2 13 13 1 2 11 4 7 3
10 5 3 4 6 3 6 14 14 4
15 5 7 8 11 15 3 7 14 2
4 14 3 7 6 5 11 5 15 9
1 3 24 6 14 4 7 1 5 16
6 3 12 2 4 6 8 3 1 2
2 12 7 7 2 1 13 9 2 17
24 1 17 8 1 11 1 6 2 3
1 11 22 15 18 9 1 1 0 2
0 2 7 11 4 3 8 7 0 6
0 2 4 3 8 1 7 1 2 3
15 1 4 8 5 19 3 4 7 6
19 5 4 3 1 1 12 6 1 4
19 11 3 5 0 4 4 0 11 5
15 12 4 4 14 10 16 12 8 9
5 1 1 1 2 3 5 8 3 1
3 17 14 11 10 9 7 9 19 8
23 9 7 1 1 14 19 1 9 10
12 12 1 27 1 7 7 18 11 5
0 3 3 3 1 4 7 0 4 2
3 6 0 8 10 8 8 8 3 6
1 3 3 5 6 9 1 1 3 7
19 1 1 8 3 1 4 2 4 0
5 9 11 8 2 3 10 8 0 1
15 1 6 4 5 8 5 4 7 5
6 4 1 2 1 2 7 5 2 1
11 2 5 14 2 10 2 0 12 8
4 1 4 0 3 10 2 7 1 7
8 22 5 10 18 4 9 9 3 11
6 3 10 2 9 2 2 3 6 2
18 17 2 13 3 6 12 13 15 0
3 0 5 4 1 2 2 8 7 5
1 5 4 4 1 5 0 0 3 1
5 8 8 4 1 10 1 19 4 3
13 7 13 12 6 1 18 0 10 7
20 7 5 7 16 1 11 2 0 2
9 1 9 4 2 3 8 9 4 15
0 3 0 4 2 3 2 9 9 2
6 5 5 7 3 8 7 4 5 1
15 0 11 8 12 23 6 2 17 7
1 1 2 4 5 5 3 1 6 3
12 1 20 10 1 5 7 14 15 7
3 3 7 2 1 5 5 7 1 1
10 2 6 1 10 10 3 5 1 8
1 1 29 5 13 8 6 17 2 1
1 1 10 1 9 3 0 5 7 5
1 1 2 6 3 2 1 5 4 3
4 0 6 14 2 2 1 6 9 8
6 4 6 4 3 2 3 1 3 3
11 13 5 2 3 12 23 1 21 5
7 6 2 15 3 6 2 6 11 1
5 17 2 20 1 5 6 11 14 10
4 11 11 7 7 8 6 5 5 2
2 7 4 4 1 1 11 1 1 8
1 77
2 26
2 70
2 91
4 29
4 40
4 71
5 94
6 88
8 42
11 110
12 29
13 34
13 44
14 40
16 39
16 109
17 61
18 40
18 68
18 104
19 118
20 108
21 57
23 42
24 40
24 45
26 44
27 111
29 44
29 75
29 83
30 72
32 110
34 129
35 67
37 113
37 135
37 137
38 116
38 125
40 116
40 138
41 94
42 55
42 58
42 59
42 81
43 79
43 86
43 92
44 55
44 65
44 126
45 91
46 67
46 132
47 133
49 132
49 146
50 125
56 70
56 141
57 120
57 135
57 150
58 94
58 139
62 111
62 158
62 160
63 91
65 105
65 131
66 96
66 122
66 149
67 100
69 70
69 101
69 104
69 139
71 101
71 165
72 119
72 120
73 75
73 101
73 109
74 107
75 103
76 116
76 151
76 165
77 102
77 153
79 81
81 131
82 121
86 118
87 186
90 94
90 163
91 145
91 147
91 178
92 118
92 192
94 163
94 176
95 131
95 172
96 100
96 147
98 118
99 197
102 114
104 199
105 192
106 111
107 148
110 135
111 173
114 160
114 188
115 182
116 164
116 165
117 216
119 127
119 135
120 166
120 219
122 175
122 220
123 141
124 128
124 224
126 148
126 150
127 132
127 163
127 168
127 195
127 206
128 179
130 166
133 165
134 140
134 155
134 180
136 227
137 140
137 185
137 228
137 233
138 154
138 182
138 231
139 146
140 201
142 177
142 216
145 165
146 180
147 212
148 164
149 160
149 176
152 241
153 211
154 168
154 244
155 227
156 169
156 214
157 225
159 179
160 169
160 212
161 247
163 193
166 258
168 170
168 179
168 216
169 210
170 197
170 214
171 177
172 244
172 251
173 205
176 186
177 216
179 243
180 223
180 279
181 195
181 253
182 201
184 234
184 241
184 250
185 219
185 255
185 273
187 262
188 199
189 191
190 223
190 227
190 264
196 223
196 262
196 291
197 232
197 255
197 263
199 259
200 256
200 292
201 212
201 219
201 226
201 276
202 218
202 231
202 244
202 286
203 238
204 210
205 210
207 209
207 249
208 233
208 305
209 289
210 216
210 257
210 287
211 262
211 268
211 299
212 229
212 240
212 301
216 276
216 297
218 289
219 227
219 275
220 282
220 300
222 287
222 321
223 230
223 260
224 249
224 305
227 280
228 232
228 279
228 307
229 287
231 283
232 284
232 308
234 326
235 264
235 286
236 322
238 249
238 252
240 322
240 340
241 298
241 317
242 307
243 336
244 283
245 285
245 299
246 293
247 268
247 291
247 312
249 257
249 311
250 283
251 290
251 336
251 340
254 305
254 333
258 357
261 276
263 271
263 300
263 320
265 328
267 316
267 317
268 288
268 360
269 307
269 329
269 341
269 347
270 291
271 323
271 344
275 283
275 291
276 304
276 318
276 329
278 290
279 311
280 288
280 295
281 333
281 369
282 374
283 339
284 290
284 299
284 338
285 362
286 318
288 318
289 313
289 367
290 386
291 296
291 335
294 371
295 363
297 333
298 338
298 383
299 325
300 335
300 385
301 400
302 327
302 387
303 341
307 337
309 358
309 392
310 373
310 392
311 364
312 314
312 324
312 396
313 317
314 345
314 378
315 331
315 351
315 356
315 410
318 330
318 409
319 320
321 403
322 376
322 386
323 387
325 363
326 363
326 392
326 421
327 387
328 334
328 356
328 424
329 344
329 422
331 401
332 378
334 358
335 345
335 361
336 385
337 386
338 391
338 408
339 399
342 416
342 437
343 376
344 365
346 385
346 427
347 370
347 402
347 441
348 432
349 350
349 419
349 420
352 403
352 410
352 419
352 421
353 360
353 402
353 413
354 425
356 438
357 370
357 420
358 432
358 450
361 418
361 452
362 382
363 420
365 449
368 381
368 437
369 386
369 457
370 426
371 436
372 428
373 374
373 400
373 445
374 473
375 379
376 385
376 441
377 420
377 422
378 388
379 471
382 482
383 419
385 388
386 392
387 468
388 461
389 465
390 454
390 455
391 455
392 399
392 412
392 419
392 430
392 438
394 396
394 471
395 408
395 440
396 452
398 455
398 467
400 448
401 416
402 430
402 478
403 437
404 476
404 495
405 415
407 429
407 478
409 426
409 453
410 509
412 468
414 464
414 467
414 490
416 464
416 491
417 471
417 491
419 493
421 438
422 483
423 496
424 456
424 470
424 486
425 480
425 512
426 456
429 468
430 434
430 476
430 524
431 452
432 448
432 526
433 434
433 524
433 532
435 478
435 529
436 505
437 510
438 465
438 477
438 500
438 523
439 450
440 454
440 514
440 525
441 488
441 526
443 518
444 516
446 501
446 546
447 464
449 455
450 491
450 501
451 489
451 541
451 546
452 464
455 475
460 483
461 550
462 547
464 485
465 511
467 490
467 535
467 547
469 479
469 507
469 509
470 534
470 544
473 517
473 565
474 494
478 500
478 532
478 569
479 510
481 486
481 491
484 496
484 525
484 533
484 542
486 492
487 556
487 569
488 493
489 536
489 557
489 575
490 491
491 499
491 551
491 570
493 524
495 500
495 515
496 534
498 598
501 544
501 586
502 578
503 539
504 517
504 549
504 578
504 588
505 538
505 549
505 593
506 519
507 542
507 553
507 607
508 566
508 596
509 538
509 588
510 543
510 575
510 593
511 529
511 569
511 580
515 547
521 526
521 594
522 619
524 614
525 576
526 567
526 624
527 534
527 594
529 548
530 552
530 584
530 598
531 536
531 545
531 597
532 607
533 562
535 540
535 557
535 574
535 611
536 543
536 546
537 539
537 631
539 591
539 614
540 629
542 582
543 561
543 563
543 586
544 593
544 618
545 614
547 572
547 600
548 565
548 582
548 586
548 592
548 633
548 636
549 576
551 600
551 619
556 566
556 632
558 582
558 631
559 580
559 650
561 593
562 652
562 659
563 570
564 653
565 610
566 596
566 662
567 613
568 584
568 610
569 648
569 660
569 662
569 663
570 611
571 574
571 583
572 619
572 649
573 603
573 672
575 608
575 669
575 671
576 656
576 676
578 628
578 671
579 584
579 629
580 596
580 615
581 660
581 662
583 669
584 628
584 642
585 632
586 672
587 662
591 620
592 628
593 648
594 679
596 632
598 640
598 690
599 621
599 696
600 653
601 627
601 678
603 608
605 703
606 609
606 663
606 664
607 632
607 700
610 623
611 692
613 672
616 714
617 688
618 650
620 689
621 671
621 676
622 638
624 711
627 636
629 630
629 665
630 681
631 687
632 637
632 642
632 705
632 709
633 700
634 660
634 687
640 651
641 649
641 741
643 644
643 716
643 721
644 684
645 664
646 661
646 712
647 671
648 713
651 731
652 665
652 697
652 715
653 722
654 658
654 714
654 747
655 714
657 681
657 684
658 753
659 661
659 665
659 675
660 700
660 738
661 669
661 723
662 701
663 742
664 687
665 685
665 699
666 678
666 681
666 687
668 702
668 704
669 726
669 740
670 673
670 741
671 692
671 730
671 763
672 695
672 752
673 697
675 759
676 683
677 736
679 680
679 777
680 759
680 772
684 705
684 722
684 759
685 703
686 723
687 705
688 689
688 778
688 780
689 765
690 712
691 698
692 712
692 720
693 723
694 700
695 756
697 706
697 785
698 750
698 759
699 774
700 725
701 727
703 769
703 775
705 741
705 759
706 799
711 728
711 746
712 801
713 741
713 750
717 724
717 800
719 767
719 810
720 732
721 730
721 816
722 754
722 821
723 754
723 755
723 820
723 821
725 774
726 784
726 826
727 777
727 788
727 812
728 775
731 737
732 785
732 793
734 776
734 794
737 827
737 828
737 834
738 804
739 782
740 764
740 774
740 828
742 775
742 790
742 823
743 773
743 789
746 749
746 761
746 798
747 784
747 825
748 786
749 763
749 784
751 787
752 761
752 768
752 773
752 780
754 788
755 767
755 789
759 813
761 765
761 819
762 816
763 766
764 847
765 837
766 783
766 854
766 866
768 838
769 793
771 812
771 824
771 847
772 841
772 855
773 807
774 848
776 815
777 811
778 804
779 846
779 876
780 836
781 818
782 836
782 854
783 852
783 878
784 817
785 799
785 811
786 865
789 879
794 846
796 808
796 823
796 870
797 811
797 827
799 859
799 885
800 900
802 825
803 806
804 872
805 836
805 903
806 815
806 835
806 840
807 853
810 812
810 833
810 843
810 891
812 816
812 874
813 870
815 829
815 847
816 850
816 912
817 855
822 896
822 903
823 842
823 847
823 874
825 897
825 899
826 864
826 897
826 923
827 886
827 926
828 881
831 891
831 911
831 914
831 915
832 889
833 906
834 839
834 859
835 853
835 856
836 840
837 897
839 921
840 914
840 923
842 848
842 869
843 928
845 866
845 896
845 942
847 862
847 900
848 906
851 881
851 938
852 915
853 876
854 888
856 927
856 933
857 890
857 921
858 933
861 865
861 868
862 937
862 958
863 922
865 923
866 888
867 932
868 911
868 927
868 942
868 966
871 885
872 900
873 884
873 897
873 898
874 914
875 933
876 924
878 915
878 973
879 969
880 899
881 934
881 950
883 894
884 902
885 886
885 938
885 977
886 899
886 903
886 930
886 957
888 978
889 950
891 927
894 986
896 921
896 929
896 996
897 946
898 958
898 985
899 901
899 990
900 952
900 968
901 935
901 955
902 915
902 923
902 970
903 938
904 928
904 995
907 912
907 918
907 930
907 934
907 967
908 919
908 965
908 996
909 969
910 923
910 935
910 964
910 989
911 952
911 958
912 949
912 995
914 916
921 985
922 951
922 960
922 979
923 952
924 962
927 985
928 986
930 949
932 964
932 972
936 954
936 985
936 991
939 954
939 979
940 984
944 979
946 998
948 985
952 994
958 982
964 975
969 977
972 991
973 987
974 1000
975 992
980 983
3 14 25 4 15 11 3 14 35 11
9 8 18 3 11 18 23 11 9 3
3 2 16 8 6 35 10 3 9 25
9 14 12 29 22 4 3 10 13 16
7 4 4 2 5 10 12 18 7 8
1 9 21 7 3 8 10 2 13 12
3 12 11 9 6 3 2 19 6 5
6 10 4 3 6 2 8 7 1 18
17 3 14 28 2 14 22 22 2 11
11 13 0 3 1 2 30 3 13 41
11 10 1 6 5 7 9 2 33 5
9 26 17 24 10 1 9 14 11 2
20 4 1 9 1 15 5 8 3 1
6 7 8 3 7 11 5 6 6 2
23 13 10 15 32 14 6 6 16 12
2 0 4 7 4 20 8 5 9 14
4 13 3 19 3 6 15 12 2 13
8 9 12 2 9 14 32 26 30 15
6 21 11 7 40 9 23 16 3 4
13 1 1 9 7 14 10 5 7 38
16 9 15 13 11 19 31 24 16 15 15 17 32 24 8 19 19 1 16 9
28 25 33 26 35 44 34 58 13 57 47 30 39 46 14 44 45 19 32 36
1 1 5 1 6 3 4 11 9 9 9 2 15 4 1 9 11 1 6 12
20 19 37 10 29 36 33 27 23 34 33 20 40 34 5 43 30 16 12 31
1 3 20 1 19 16 12 26 22 27 21 4 35 18 2 28 25 1 9 29
7 4 6 12 7 11 18 15 5 18 13 19 12 9 1 9 12 1 9 9
16 36 39 7 43 38 35 40 40 37 38 22 56 49 12 44 28 18 29 38
11 2 4 16 8 6 18 20 6 15 7 13 12 10 4 8 9 3 5 5
23 22 19 19 27 30 39 34 12 33 37 34 31 31 6 26 35 11 31 16
21 11 23 20 20 29 40 37 20 25 19 25 32 30 7 30 32 12 15 15
39 51 42 18 57 51 55 45 48 45 53 38 65 59 18 55 37 41 26 40
1 2 5 1 6 11 6 12 14 11 7 5 17 7 1 9 13 1 6 5
15 6 17 9 7 19 17 16 5 14 12 10 12 14 4 18 15 6 11 9
1 5 11 1 9 10 7 20 10 21 19 9 24 14 6 16 15 1 10 20
22 25 38 11 37 38 25 37 36 37 33 5 43 36 14 43 31 24 15 36
8 3 24 3 17 23 16 12 17 23 19 2 25 14 2 30 17 4 1 23
23 34 33 9 44 30 28 41 19 43 43 10 48 42 16 45 20 31 20 43
36 33 34 16 39 35 42 50 10 56 50 24 53 47 26 46 27 29 29 43
10 7 8 9 1 9 16 10 7 11 7 13 15 10 4 11 7 1 7 7
11 7 15 15 13 15 18 24 3 26 31 13 34 27 18 27 13 4 8 27
1 1 2 1 1 6 1 4 7 10 6 1 13 2 1 2 6 1 1 1
13 11 17 2 23 23 20 30 19 28 18 9 25 20 1 25 27 15 12 15
1 5 7 1 5 1 6 1 3 4 6 4 14 9 1 7 1 1 2 7
3 9 5 5 13 11 16 17 8 26 17 15 23 13 1 12 14 5 5 9
12 21 25 8 26 19 27 29 25 14 7 17 31 29 1 30 23 11 21 18
24 10 24 18 14 23 28 20 6 13 21 19 27 25 10 28 15 6 13 17
32 26 30 27 36 35 38 48 6 41 54 29 54 53 30 43 23 15 21 39
15 14 32 16 29 29 38 41 34 38 31 24 47 32 10 39 34 13 12 36
38 38 53 21 52 51 39 58 20 58 52 19 46 53 18 64 34 38 33 53
2 5 9 2 8 7 5 5 5 15 15 6 18 7 2 13 6 2 4 15
26 26 28 18 43 42 37 43 27 51 39 28 40 39 11 35 27 30 25 34
28 33 47 4 50 48 39 59 31 61 52 15 58 48 17 58 42 33 28 53
3 7 6 1 13 12 11 17 13 20 18 8 29 13 1 16 20 3 10 13
19 19 17 11 19 20 24 12 15 15 24 20 33 31 16 23 7 8 15 15
1 1 3 1 5 8 2 10 10 14 7 1 14 5 1 5 10 1 5 6
20 18 29 21 20 36 32 33 10 40 34 26 25 28 4 34 29 13 19 22
1 3 17 4 7 12 4 11 8 15 11 6 11 9 5 17 1 2 1 17
3 4 3 1 5 8 1 7 7 11 5 3 10 5 1 5 6 5 3 3
11 18 32 10 38 35 36 40 21 50 44 26 47 39 7 45 35 15 14 37
9 7 8 4 16 8 7 17 9 21 14 1 18 10 4 18 15 8 4 17
24 25 30 21 41 32 35 52 19 52 47 15 51 45 18 45 26 25 21 42
2 2 12 3 11 14 5 21 4 25 22 2 20 12 9 22 15 3 5 21
28 28 34 7 40 34 35 51 12 42 34 12 34 39 10 41 32 25 33 33
14 9 12 3 12 14 11 14 1 13 7 7 4 13 1 16 8 11 8 4
4 5 9 1 6 10 3 10 1 16 11 6 7 10 6 7 1 6 1 8
20 31 28 11 31 35 37 40 24 42 41 24 49 47 13 33 24 18 24 27
33 34 49 24 49 49 53 45 38 43 52 28 65 54 22 58 36 27 16 47
19 17 13 12 17 15 31 21 7 12 14 21 22 27 1 16 18 9 24 8
6 3 20 4 8 26 15 14 11 24 20 4 21 15 5 22 13 4 1 15
31 28 26 23 29 41 41 31 31 25 41 31 52 43 28 42 31 16 31 19
19 11 31 13 17 27 22 19 14 13 18 7 22 25 13 34 11 11 7 23
8 19 21 5 24 25 32 24 29 25 30 22 47 35 9 27 25 5 21 24
1 1 1 1 1 2 1 2 1 2 1 1 4 1 1 4 4 1 1 2
12 18 40 8 27 38 29 40 32 37 31 18 44 34 11 44 38 13 17 37
8 12 4 6 14 9 12 21 1 24 19 15 17 15 1 13 12 8 7 10
18 10 18 7 18 20 19 20 9 25 13 7 17 14 1 23 12 12 9 12
8 9 15 1 17 14 14 20 8 20 21 12 25 17 4 24 19 5 13 19
28 33 50 35 36 42 40 56 33 43 41 26 61 52 30 56 38 16 18 54
31 33 44 29 43 48 40 62 26 54 49 29 50 53 18 51 44 24 32 45
5 3 10 12 8 7 14 13 10 14 9 10 14 7 2 11 7 2 3 12
10 4 14 9 16 17 14 25 7 27 25 1 24 18 12 26 21 8 10 23
3 10 19 1 19 17 10 16 21 19 12 6 27 16 1 24 13 10 1 19
5 7 4 1 4 7 7 9 2 9 5 9 8 8 1 4 4 4 4 1
7 13 22 11 22 18 19 29 26 25 21 8 32 17 7 26 22 11 7 28
15 14 17 6 17 13 18 12 8 11 12 9 24 23 1 20 8 8 9 12
1 9 3 4 9 8 14 13 1 22 19 17 16 11 1 7 6 1 7 7
1 6 10 7 16 9 13 24 18 27 19 14 32 12 4 21 23 1 9 20
2 14 16 2 19 15 20 21 24 16 14 15 32 22 1 20 21 5 18 16
3 5 9 10 18 14 15 26 17 28 22 18 30 16 1 16 23 2 13 20
5 6 1 9 1 4 13 15 10 14 6 14 16 8 1 5 11 1 9 5
32 44 45 14 54 43 53 51 44 41 40 42 51 56 2 51 48 32 37 38
25 21 38 18 38 37 32 38 24 44 33 22 27 30 4 45 35 24 18 33
1 6 1 1 1 1 4 6 4 6 7 9 13 7 1 1 5 1 7 4
33 51 51 21 49 51 35 52 23 62 61 26 66 58 30 59 28 30 31 56
30 27 33 8 32 30 31 35 10 35 27 13 29 29 14 35 16 27 23 28
11 25 23 6 25 24 19 16 30 19 29 12 40 29 13 27 17 12 14 23
8 7 11 1 6 14 8 15 2 13 10 7 10 14 1 12 8 5 8 5
23 8 26 17 22 23 27 28 18 20 20 13 33 23 10 33 25 9 16 24
16 24 20 5 37 27 33 34 20 41 39 26 44 34 5 36 29 15 19 26
34 30 32 24 40 40 51 56 23 48 37 25 50 46 17 38 33 23 35 32
17 12 26 6 23 33 22 32 18 35 28 7 28 26 6 31 26 16 12 20
5 1 7 3 5 13 7 5 7 12 7 4 9 1 1 9 7 3 1 1
17 22 33 19 34 28 33 37 43 31 25 9 43 31 15 37 32 22 14 35
16 39 59 31 43 56 43 61 48 55 43 37 64 53 27 62 52 16 28 57
10 12 11 1 13 16 11 20 9 23 15 5 22 17 1 15 12 9 13 12
1 1 4 1 1 4 3 8 7 8 2 6 11 3 1 5 3 1 3 3
18 28 38 16 26 41 22 41 25 50 42 28 46 38 20 40 35 16 13 39
7 17 17 8 19 20 17 28 14 34 33 17 40 28 13 27 20 5 16 26
1 1 1 1 3 1 1 9 6 9 7 1 12 1 1 4 9 1 4 7
38 35 27 30 47 38 52 48 33 29 47 43 65 55 28 47 37 18 36 33
12 11 14 12 19 9 15 19 13 17 14 9 23 17 7 21 7 11 1 21
13 6 16 10 21 22 25 30 14 29 19 12 25 17 1 26 30 10 9 14
20 19 24 25 32 22 43 40 27 28 29 33 48 39 13 29 28 7 24 26
26 28 37 14 43 36 27 42 27 39 32 18 35 36 3 48 35 28 21 34
23 29 23 29 39 34 53 44 36 39 31 42 52 46 17 30 39 8 38 26
15 8 10 8 9 12 15 13 3 6 2 9 8 14 2 11 11 8 9 1
29 6 32 26 35 38 43 47 16 32 41 25 50 42 21 48 43 9 16 35
1 1 3 1 2 7 3 5 6 9 4 3 6 1 1 6 5 1 1 2
24 13 21 16 34 23 32 38 12 34 37 14 49 38 15 41 23 14 14 33
20 14 16 14 11 23 30 14 9 17 27 25 32 28 17 22 7 2 13 14
19 20 29 14 19 30 15 30 16 34 28 10 39 33 15 33 18 9 15 27
23 32 30 19 37 32 33 37 30 31 45 20 59 50 25 43 27 17 20 39
21 15 28 16 27 28 35 42 18 36 28 19 38 34 6 38 32 10 19 25
17 11 6 7 8 12 24 10 8 5 12 16 25 21 7 10 10 1 15 1
16 18 40 19 29 36 37 43 32 32 31 23 51 42 16 45 27 12 11 37
34 34 44 21 60 41 55 59 38 47 56 33 78 64 20 62 46 28 28 56
5 1 3 7 1 7 14 13 3 14 8 5 11 2 1 5 11 1 2 4
9 13 23 6 18 23 17 23 8 30 31 15 34 26 12 32 19 4 14 27
36 40 20 14 42 34 41 39 28 23 39 30 49 47 18 37 33 29 44 18
1 5 7 1 12 4 4 11 6 16 13 8 20 9 4 16 11 1 4 18
4 5 7 10 12 8 14 22 1 29 25 7 29 23 12 20 11 4 6 21
1 9 23 1 21 21 15 24 27 27 23 9 36 20 6 27 25 8 12 28
28 43 39 13 59 39 48 49 43 39 41 22 68 58 13 56 45 23 38 44
10 1 3 5 8 7 13 12 1 15 10 2 21 12 4 18 14 1 2 10
15 27 27 14 35 30 34 40 26 39 30 21 50 42 13 37 37 8 30 31
2 1 1 2 1 2 3 1 3 9 4 1 11 1 1 3 4 1 1 3
29 40 44 14 58 42 54 61 30 54 45 28 62 56 9 58 46 29 44 46
25 20 34 29 42 33 50 42 24 43 51 35 60 50 30 53 36 15 27 40
12 16 13 1 16 14 14 17 11 18 12 12 22 18 1 19 9 10 14 9
19 25 28 16 30 27 29 25 28 28 36 13 49 37 17 34 18 15 10 31
27 24 33 26 47 41 47 49 27 50 52 31 56 49 16 47 35 21 14 40
16 1 9 11 3 12 17 9 2 5 6 7 11 11 8 12 5 1 3 4
1 5 13 3 11 11 12 20 18 21 13 8 21 10 3 16 18 2 11 17
2 3 17 1 12 16 5 5 14 9 7 1 14 7 1 20 7 3 1 11
16 13 28 18 26 22 35 33 27 15 19 22 48 33 12 35 22 4 12 30
31 28 29 14 34 37 35 31 16 34 39 22 39 42 10 40 27 18 28 22
14 15 18 9 32 24 26 31 18 42 35 13 39 31 8 32 30 20 10 26
1 5 18 5 13 24 15 29 10 37 30 11 33 20 7 28 25 1 4 22
9 30 18 13 30 19 30 32 29 26 15 27 39 34 9 23 27 9 31 20
12 23 33 5 32 30 23 26 36 29 28 20 40 29 1 37 25 23 1 34
1 1 1 1 3 5 5 2 3 10 7 2 15 3 1 6 5 1 1 3
8 3 5 11 6 3 13 10 4 11 3 9 10 8 4 9 3 4 1 7
25 25 17 7 22 18 23 22 1 23 21 9 24 29 11 20 5 22 20 17
1 1 2 4 2 4 6 9 9 13 3 5 12 1 1 7 8 1 2 6
8 4 24 13 9 25 16 25 5 27 20 13 17 15 6 26 18 1 7 18
7 5 21 9 4 25 10 19 13 26 22 3 25 15 10 24 18 1 4 20
13 11 22 18 14 24 24 26 6 34 28 18 32 25 11 28 18 2 9 23
23 28 25 11 31 38 39 25 25 24 36 31 37 36 6 35 35 19 27 16
7 3 5 9 12 8 15 16 3 23 17 9 22 12 6 16 15 4 6 15
30 22 40 23 36 43 40 47 26 48 36 25 31 37 4 44 38 26 27 31
4 4 6 4 8 1 6 12 8 9 1 6 6 4 1 8 4 5 3 7
1 6 13 1 23 15 15 27 22 27 21 5 33 17 2 26 29 8 8 25
6 11 14 1 10 19 8 13 5 24 21 5 20 18 2 18 5 6 6 12
26 9 24 29 21 34 35 37 20 33 28 27 31 31 20 28 27 12 22 24
32 16 18 23 39 39 41 47 17 54 42 23 38 36 11 33 36 23 23 30
5 15 19 15 32 22 27 36 18 38 42 21 41 33 12 32 26 11 18 34
2 5 9 9 3 13 7 17 1 23 14 7 5 10 6 9 4 3 1 8
4 4 22 7 14 21 14 17 17 30 22 11 27 15 7 25 13 5 1 24
11 15 17 4 16 18 21 23 8 17 17 15 21 24 1 19 20 8 21 12
21 15 26 17 21 31 40 29 17 29 28 28 36 32 10 31 23 13 10 19
9 8 10 16 19 17 18 23 16 21 16 21 18 17 5 11 15 10 12 16
23 43 32 8 59 35 51 59 37 56 52 31 70 59 14 51 45 31 42 48
7 5 4 1 6 7 5 8 1 9 4 4 2 5 1 6 3 6 1 2
30 22 24 25 26 36 49 34 19 26 33 37 37 38 13 31 32 13 27 12
24 25 24 21 24 32 31 20 19 15 39 27 47 41 26 38 14 9 18 25
8 4 15 7 8 21 12 21 10 28 18 7 21 11 7 20 15 4 5 14
21 18 29 16 35 28 34 33 24 32 38 24 54 38 14 41 28 12 12 34
29 31 37 20 28 36 31 43 19 36 38 18 53 49 23 43 20 16 27 37
3 1 4 1 1 8 6 9 6 8 1 3 6 1 1 9 9 1 3 1
22 6 20 20 11 19 31 26 9 8 14 22 25 23 12 24 16 3 12 13
31 38 40 24 50 50 50 45 34 44 47 37 42 50 9 46 42 29 29 29
13 12 26 18 14 30 21 33 5 35 31 23 27 24 9 31 26 2 15 23
8 2 8 2 4 12 10 8 2 7 1 6 5 6 1 12 9 3 5 1
12 4 19 19 14 18 21 25 13 24 23 17 29 17 11 25 13 3 5 24
28 35 46 22 42 55 54 54 35 53 53 46 48 52 8 49 50 26 33 38
35 38 48 29 47 54 51 62 35 54 49 31 58 60 20 52 42 28 38 45
7 8 5 1 10 5 2 9 2 14 9 1 8 8 1 9 3 9 4 9
29 25 34 20 43 31 31 38 20 35 35 2 37 39 16 47 30 29 15 36
8 7 14 3 14 9 11 13 17 9 4 1 17 11 1 16 11 6 8 14
29 45 50 17 63 47 51 66 50 62 56 25 74 60 17 65 53 41 28 60
36 20 37 19 35 42 39 48 14 42 44 18 50 44 25 44 23 21 19 38
20 1 13 21 10 21 29 21 5 20 17 18 11 15 8 16 16 4 11 10
20 19 30 7 31 32 30 38 22 37 25 19 26 26 1 36 31 23 13 22
15 5 11 10 15 14 20 24 11 20 11 9 26 17 3 23 24 6 11 13
23 15 20 20 29 30 44 33 13 31 34 32 39 34 7 31 28 8 17 18
23 21 24 11 30 20 32 29 20 19 24 16 48 37 8 33 17 10 20 26
24 27 45 11 43 42 40 46 42 41 37 27 51 38 1 52 51 25 15 42
17 10 32 24 46 40 42 55 35 53 45 26 50 42 16 47 53 21 30 44
17 8 25 18 21 28 33 29 17 28 19 20 23 20 1 30 29 11 13 17
5 1 7 6 1 10 10 10 5 15 7 9 7 1 1 9 8 1 1 6
36 26 27 20 41 41 41 55 12 51 39 24 33 38 9 35 39 30 37 27
10 3 8 6 4 8 12 10 8 12 6 7 19 8 3 13 11 1 5 10
29 21 30 32 24 38 39 43 1 39 47 36 42 44 22 38 29 5 21 28
7 21 21 9 24 14 28 29 23 20 11 21 34 28 1 24 22 5 21 22
1 1 8 1 4 7 2 2 8 9 2 3 11 1 1 12 2 1 1 7
5 24 32 19 21 23 27 35 26 31 22 26 42 34 16 32 25 1 25 35
1 1 1 1 1 2 3 6 2 7 1 4 2 1 1 2 2 1 1 1
8 9 24 7 16 18 18 23 22 16 11 10 22 16 4 25 18 6 13 20
19 18 35 18 17 31 19 32 14 26 22 13 34 32 18 37 18 6 10 28
7 7 16 19 30 18 24 33 19 39 32 15 33 23 9 29 27 13 12 31
4 4 6 1 2 6 5 2 3 8 6 5 12 5 1 10 5 1 3 8
26 29 35 13 39 36 50 40 36 33 38 33 56 45 9 44 43 16 30 31
22 26 25 12 37 33 41 38 31 43 52 30 61 46 18 40 39 18 20 35
22 33 32 18 50 29 45 47 31 43 45 29 54 51 18 49 45 26 44 37
36 17 39 35 35 35 46 49 25 25 37 33 46 40 30 44 36 6 20 42
2 1 4 1 1 7 3 1 1 7 4 1 4 2 1 4 1 1 1 1
6 7 10 5 5 13 13 9 13 14 14 9 24 14 4 13 10 1 11 11
26 26 21 12 32 29 40 35 18 34 37 28 47 41 9 28 17 18 16 22
17 9 11 12 21 11 23 33 11 20 18 14 36 27 9 24 20 4 10 22
25 7 24 16 17 25 23 22 7 20 19 13 21 23 14 29 8 8 4 18
15 11 27 16 27 35 37 41 14 48 40 22 42 35 11 42 35 13 8 31
12 33 33 12 55 31 39 46 44 46 51 26 66 52 17 51 45 29 32 45
24 23 38 19 24 36 20 37 9 42 32 18 28 32 16 41 22 15 16 32
6 10 21 7 19 20 17 20 16 30 27 14 37 21 6 30 16 3 8 26
32 33 45 26 41 48 48 66 32 63 59 36 69 60 25 60 50 23 20 53
30 29 42 29 34 45 33 53 15 45 40 28 37 46 14 45 36 17 28 36
17 26 27 11 38 20 26 37 32 30 22 11 50 36 5 37 26 17 22 35
21 36 34 17 42 42 54 47 38 38 33 42 48 47 8 37 47 19 36 24
6 1 14 3 9 15 13 13 18 15 9 4 19 5 1 18 15 2 5 11
40 33 37 24 47 37 50 49 20 33 47 32 59 53 21 49 26 21 24 40
31 45 40 14 62 38 55 60 48 51 54 37 79 65 14 58 45 32 32 53
12 17 11 9 19 12 24 32 12 26 13 13 25 22 1 14 16 11 19 15
4 12 8 1 13 13 13 3 13 16 22 16 27 15 4 14 9 1 11 10
7 10 14 14 12 13 25 21 18 21 17 19 30 19 5 15 17 1 17 17
23 27 47 25 32 46 29 49 27 47 41 23 48 39 20 54 42 17 20 43
5 6 8 7 11 12 11 22 14 27 15 10 18 11 5 11 17 7 9 13
1 1 11 2 7 4 10 14 13 8 3 5 13 6 1 11 9 1 7 12
6 10 11 1 6 13 5 10 1 17 16 5 11 16 2 13 1 6 5 10
8 17 18 4 25 19 21 26 21 29 26 16 36 24 1 25 19 8 14 20
5 14 11 1 14 5 6 9 11 10 11 10 19 16 1 12 4 8 8 13
18 10 23 16 8 29 23 25 12 22 22 14 31 26 17 27 18 5 12 14
3 4 7 6 6 4 11 10 2 18 15 11 19 9 1 12 6 1 3 14
12 3 6 12 5 10 13 13 8 13 13 9 24 12 9 10 10 1 4 10
28 33 36 9 42 43 53 51 28 47 42 31 46 48 1 40 37 25 31 29
12 14 21 15 24 25 17 36 9 48 36 11 30 24 13 33 21 13 10 31
28 21 42 29 31 48 48 58 26 45 39 31 46 47 20 47 43 15 19 35
6 4 5 4 11 9 9 13 5 20 15 8 20 9 5 15 14 1 4 14
5 1 1 5 2 4 6 4 1 7 6 3 7 3 2 4 3 1 1 5
18 31 34 39 46 36 54 57 42 51 27 44 62 48 23 47 52 7 40 44
15 24 31 3 38 34 37 41 31 39 40 26 52 40 5 41 45 17 23 34
6 7 12 1 14 12 3 9 12 14 8 1 13 8 1 16 3 7 1 9
8 1 10 1 4 12 8 7 3 8 7 3 6 5 1 12 9 3 5 7
7 17 14 1 17 8 11 11 11 16 17 16 21 20 4 14 4 8 11 14
31 31 24 16 39 30 43 39 29 27 36 29 52 47 17 41 32 17 35 24
9 1 6 7 3 6 10 11 3 9 5 4 8 7 3 9 1 2 1 5
1 3 1 1 1 2 1 1 1 7 7 4 11 4 1 1 1 1 2 3
23 12 17 18 16 15 25 19 6 10 16 21 25 26 15 22 7 8 7 16
11 38 30 10 48 25 31 40 34 33 32 25 55 47 12 40 32 12 36 41
1 3 11 4 4 13 1 11 1 19 17 4 12 8 8 12 5 1 1 14
2 3 1 7 4 2 10 17 4 14 4 11 8 5 1 1 9 3 5 1
19 16 21 17 32 32 26 33 21 43 31 22 28 28 8 24 21 19 18 25
6 19 11 5 24 7 21 29 16 24 24 21 34 26 4 18 22 6 21 22
6 1 9 1 16 10 10 17 7 21 12 1 18 8 1 23 18 3 3 15
35 35 38 20 43 46 52 55 25 51 55 29 66 58 25 47 29 22 33 40
45 23 43 27 42 48 49 52 10 40 44 25 38 47 26 47 24 25 25 39
20 9 12 27 24 17 41 39 10 21 31 34 42 33 14 19 28 1 20 22
16 4 24 10 13 27 25 16 15 21 20 8 25 19 8 29 17 7 4 18
7 9 15 6 16 22 16 22 13 32 20 12 15 15 4 18 14 12 3 12
22 34 43 3 43 39 30 43 30 39 31 8 47 41 12 47 25 27 30 41
2 1 3 1 1 4 2 8 4 5 1 1 4 1 1 5 4 1 1 1
7 8 12 8 9 18 22 22 17 24 17 18 27 15 1 16 23 5 12 10
14 28 38 21 38 38 42 47 32 42 26 32 46 39 9 46 48 11 36 36
2 1 13 1 8 13 1 8 11 17 10 1 16 6 1 16 7 2 1 12
25 23 39 24 28 35 29 42 16 36 31 15 29 36 13 43 27 20 13 33
12 10 17 21 23 20 31 35 22 30 21 24 29 20 5 21 31 5 23 25
27 22 36 18 33 30 32 38 29 27 26 6 41 38 16 41 28 21 14 34
13 3 4 14 10 17 24 23 7 19 13 21 14 14 2 6 20 5 17 4
1 3 5 1 6 4 3 10 5 12 9 5 8 3 1 8 7 4 3 10
9 7 8 10 14 19 18 20 6 30 19 14 14 15 1 12 12 6 7 6
32 17 17 30 33 36 44 43 13 47 42 34 39 40 17 32 37 17 25 25
2 19 18 6 23 13 23 23 27 22 17 21 39 24 2 20 22 3 23 21
14 19 37 19 31 36 35 42 31 33 24 19 35 32 8 38 36 11 22 33
8 12 15 1 19 22 11 19 14 30 22 8 19 16 1 19 14 15 5 15
22 4 22 19 14 22 27 25 6 21 21 16 22 18 13 29 16 5 7 21
23 19 23 22 44 33 49 57 31 51 39 31 50 44 11 38 54 21 29 35
25 21 15 22 30 31 37 33 11 37 35 36 27 32 9 20 29 17 29 17
16 23 33 23 42 34 42 52 30 44 26 26 44 38 12 46 53 14 35 37
27 35 34 28 37 38 39 42 26 44 47 24 48 48 23 38 24 22 20 35
12 12 16 1 19 12 8 16 6 15 11 2 18 16 1 23 6 10 6 17
6 1 7 4 1 9 8 5 1 13 8 3 7 7 3 8 1 1 1 7
15 19 24 12 27 29 26 29 14 35 32 22 28 30 5 28 18 13 16 23
18 15 18 14 24 24 27 25 10 21 20 21 17 27 1 20 14 13 16 12
19 16 31 17 41 30 41 35 26 29 44 22 60 45 17 49 30 13 15 40
24 42 55 28 58 50 51 65 45 58 44 38 60 59 15 66 58 26 41 56
25 12 33 29 33 41 36 51 19 51 41 23 43 40 16 46 43 11 19 35
17 12 18 7 15 20 16 25 3 22 14 11 8 16 1 20 15 14 14 9
29 48 46 18 51 51 49 51 51 49 54 42 71 62 22 57 48 27 33 47
15 14 6 18 26 20 30 28 16 33 34 32 34 25 10 16 26 7 22 22
16 12 24 24 40 23 41 50 25 46 45 25 56 44 16 41 36 13 21 38
20 21 12 3 20 17 23 17 2 18 20 15 21 25 1 16 8 13 19 8
14 15 26 29 40 21 46 50 32 40 32 27 52 42 17 42 47 15 34 40
4 1 6 8 7 6 18 18 10 14 7 10 20 7 1 11 16 1 8 11
10 13 23 8 16 20 9 25 15 25 20 6 22 21 11 25 11 10 10 23
1 7 14 15 23 17 17 36 10 48 36 10 29 23 15 29 25 12 9 27
5 5 6 7 6 7 9 13 5 14 7 10 5 5 1 9 6 6 1 8
23 12 17 26 30 18 37 35 10 24 42 29 50 39 26 31 26 7 19 31
10 14 24 16 25 22 18 33 15 36 31 10 30 25 11 30 17 13 1 32
24 20 15 9 23 20 27 25 6 23 22 12 31 29 2 26 18 14 20 10
10 7 10 2 13 15 14 21 13 15 5 8 17 15 1 14 18 7 10 3
29 18 29 32 21 37 40 46 6 35 42 34 42 43 24 33 29 6 20 26
15 18 31 9 32 34 32 46 26 42 30 19 34 32 6 37 39 18 19 27
24 35 33 14 40 36 44 44 26 40 30 26 48 45 6 39 34 17 39 29
24 18 18 19 22 20 33 19 20 7 28 28 40 33 20 24 16 6 22 18
19 32 48 25 48 40 38 53 33 44 26 25 47 48 17 56 45 15 34 49
4 4 4 2 15 8 6 16 6 25 14 5 19 8 3 17 14 5 2 14
12 1 7 7 5 10 16 12 9 5 3 1 13 10 4 10 12 2 9 4
19 20 28 15 33 37 30 34 23 39 33 23 31 32 6 32 22 20 18 25
7 15 23 12 17 20 7 29 12 40 29 15 34 23 12 30 19 5 4 29
8 2 7 2 4 11 11 7 2 11 10 4 16 8 1 11 10 1 5 6
1 4 4 1 5 4 4 10 7 12 8 7 15 5 1 8 9 1 5 10
5 6 11 12 18 11 17 25 20 24 14 12 28 11 1 19 21 6 10 21
23 30 21 1 30 26 29 35 13 32 26 12 38 34 11 26 19 24 31 20
5 4 10 6 7 8 8 12 3 20 12 7 6 7 3 10 3 5 1 12
4 4 14 1 11 17 7 14 13 21 12 4 13 9 3 17 10 6 2 11
18 6 10 13 9 13 22 22 1 17 10 10 10 14 3 16 6 7 5 6
11 14 33 6 21 37 18 36 22 43 39 13 41 27 11 43 36 10 4 37
21 20 40 23 19 36 24 35 17 33 31 18 34 31 21 41 25 5 14 36
11 1 11 12 10 10 18 15 9 20 13 9 24 8 5 23 13 1 1 16
2 3 1 2 1 1 6 1 1 5 5 4 13 6 1 2 1 1 2 4
15 19 30 9 29 29 31 26 32 20 24 11 43 32 6 34 27 15 16 26
5 22 35 17 34 39 38 52 35 53 35 29 46 35 9 40 45 11 18 41
24 22 26 24 33 27 40 36 19 33 32 31 43 35 8 39 32 14 23 25
17 24 40 21 22 38 25 37 18 36 35 19 37 34 18 43 27 14 10 36
23 20 24 24 37 26 42 46 19 47 39 23 44 41 15 42 39 23 26 28
12 12 1 13 16 15 19 24 4 24 20 23 12 20 3 1 12 11 16 5
3 8 1 2 7 1 8 19 3 16 9 10 13 11 1 4 8 5 8 5
5 7 8 1 13 6 2 7 11 14 5 3 13 8 1 13 4 7 2 10
20 20 28 11 26 27 29 26 23 24 24 17 41 36 9 32 22 12 22 22
28 28 26 16 46 35 49 44 30 46 48 34 57 48 13 47 42 22 23 31
18 16 14 13 18 23 23 26 5 35 25 18 20 18 1 18 15 14 14 14
34 13 27 31 28 33 36 33 16 20 35 31 46 33 28 37 30 2 12 32
3 1 3 3 1 6 4 2 1 12 9 2 10 3 1 4 2 1 1 6
1 4 7 1 5 8 1 8 6 8 8 1 6 5 4 6 6 5 5 5
12 10 18 11 15 18 34 24 21 20 20 19 37 25 4 23 21 1 16 15
5 1 12 1 10 11 6 7 12 10 6 1 19 6 1 18 10 1 1 12
33 30 40 28 25 41 35 32 20 31 38 30 49 46 30 44 28 6 28 32
3 10 10 5 4 12 3 18 1 23 16 8 14 16 7 10 3 4 2 10
25 35 31 8 39 28 36 49 19 44 27 18 42 38 16 35 30 27 37 37
8 12 31 12 21 28 11 29 20 39 35 9 39 24 14 39 27 5 5 38
1 1 4 1 1 7 4 3 1 8 3 4 1 1 1 5 1 1 1 1
7 3 7 1 6 12 7 5 6 10 4 1 8 5 1 11 9 4 4 3
23 35 30 19 37 28 41 40 25 29 25 35 37 42 5 35 38 18 41 28
26 33 36 19 52 42 52 54 33 46 54 32 72 63 23 55 42 17 33 47
12 10 9 5 14 12 10 13 10 16 9 3 16 14 2 15 7 10 5 8
11 13 18 9 16 12 17 19 20 18 15 8 34 26 9 20 13 7 13 22
18 29 27 20 37 25 41 40 21 29 24 29 43 41 8 37 42 11 38 30
16 17 33 26 37 36 48 52 35 46 32 30 50 36 11 44 48 9 23 38
23 18 30 27 17 38 26 36 2 38 29 25 17 28 17 29 27 7 18 18
13 16 6 17 19 10 32 32 11 22 17 24 28 28 2 13 21 4 22 12
4 3 4 4 7 8 7 6 8 13 7 1 11 4 1 8 7 4 1 6
1 2 11 4 1 14 2 7 1 13 12 1 7 7 7 12 1 1 1 10
43 39 33 32 52 44 59 53 31 40 47 41 48 59 14 42 42 31 44 32
1 7 1 4 5 1 12 7 1 9 8 13 14 9 1 4 2 1 5 6
20 17 21 17 30 25 32 42 19 36 27 21 25 30 6 22 24 17 28 26
33 37 52 11 47 49 29 50 13 51 49 6 45 49 21 61 28 34 25 50
14 28 23 9 39 35 27 32 37 29 47 26 58 40 19 44 32 16 24 30
1 1 1 1 1 4 1 5 7 7 1 1 11 1 1 3 6 1 2 1
37 29 47 31 38 42 34 53 24 43 43 22 54 51 31 57 40 13 27 50
2 1 5 1 2 9 7 5 4 11 2 5 9 2 1 10 6 1 1 2
2 12 11 1 11 10 10 6 16 5 11 10 25 14 1 13 3 1 9 9
1 4 1 1 4 1 6 11 6 6 5 5 15 8 1 3 8 1 8 7
14 23 9 10 29 9 26 32 16 23 24 18 40 35 7 21 24 9 25 21
12 8 8 7 10 12 15 10 7 17 12 7 23 13 4 16 13 5 6 10
33 35 43 18 44 47 37 51 11 59 52 22 43 50 13 57 33 32 34 43
2 2 1 1 3 3 4 5 1 8 7 4 10 4 1 6 3 1 1 6
36 30 43 21 54 43 52 49 37 27 48 32 71 59 21 55 40 14 28 44
25 24 42 23 30 42 40 37 21 42 36 28 38 43 12 47 29 21 18 32
5 11 15 5 12 13 7 23 11 21 18 4 22 20 9 16 14 7 10 20
43 35 43 37 45 54 59 71 23 60 54 38 61 63 27 49 44 25 44 46
30 33 46 21 46 45 36 40 35 40 35 18 35 41 8 51 37 36 17 38
5 11 9 8 20 15 20 24 14 31 30 16 37 20 9 23 25 7 18 19
11 4 7 5 13 8 19 23 10 16 4 4 21 13 1 13 20 3 10 9
22 10 12 13 15 16 23 23 13 13 6 9 20 22 7 17 20 12 15 5
1 1 1 1 6 2 1 8 1 10 10 2 12 4 1 8 8 1 1 9
1 1 3 7 1 11 10 11 5 15 7 10 7 1 1 6 9 1 2 1
4 1 10 3 6 11 9 16 8 17 13 6 13 4 2 15 14 1 6 14
7 19 28 7 38 27 32 35 27 48 42 25 49 35 5 43 34 19 9 39
5 12 14 10 18 9 22 26 18 22 16 15 38 23 4 23 22 1 17 25
3 10 6 3 13 7 12 18 14 15 13 9 27 14 1 11 18 4 14 14
8 12 23 1 23 23 11 15 20 20 16 1 20 17 1 27 11 14 1 17
20 3 20 24 13 25 29 35 6 21 23 20 27 27 19 22 16 3 6 18
29 22 40 30 31 40 46 43 25 31 39 29 50 43 22 44 30 16 18 35
30 25 29 16 30 36 37 39 5 46 41 21 32 36 14 33 18 22 26 30
17 12 28 11 32 30 28 41 25 44 32 14 37 27 5 38 33 14 16 31
22 17 31 22 27 37 34 38 11 45 39 21 38 37 15 42 34 14 19 30
16 9 12 6 11 14 13 12 6 17 9 5 11 12 3 15 6 10 6 8
8 9 16 12 8 16 26 27 11 22 13 15 26 23 5 18 17 1 14 15
14 16 14 11 27 18 28 34 17 34 32 21 44 33 9 30 24 12 10 25
25 27 23 23 36 33 48 36 35 28 37 35 53 44 15 33 33 13 30 26
1 1 1 6 3 4 8 11 1 19 12 10 12 2 1 5 8 1 1 7
14 5 15 10 11 20 22 21 12 17 9 10 14 12 1 20 21 6 12 6
1 10 13 1 12 10 6 11 21 9 9 7 27 13 1 17 10 5 8 14
11 20 40 22 30 41 35 47 35 44 37 20 47 38 13 43 37 10 14 41
5 3 1 2 4 1 3 6 1 6 2 1 2 4 1 1 1 4 1 1
17 23 32 11 35 27 28 38 30 25 14 17 32 32 1 38 30 18 23 25
1 1 7 7 1 7 8 9 4 13 8 10 4 1 1 7 5 1 1 7
21 25 26 15 27 36 30 37 6 43 39 26 29 35 6 33 24 15 24 20
10 3 10 5 4 12 8 10 3 14 8 1 9 11 6 12 2 4 1 7
25 23 40 24 17 36 25 30 14 30 34 22 44 39 25 43 18 5 14 37
4 4 1 3 5 3 5 9 1 9 1 7 2 5 1 4 1 5 1 1
27 22 28 11 41 35 33 48 19 49 37 15 42 34 9 39 33 23 29 35
6 8 24 11 20 25 27 32 23 29 16 16 28 16 1 29 33 1 19 22
9 12 7 8 15 13 15 24 4 30 21 15 19 14 1 15 13 9 9 13
1 1 5 1 1 10 1 1 3 11 7 2 10 3 1 8 2 1 1 5
14 23 34 20 23 33 29 43 16 32 17 21 25 34 12 34 32 9 24 25
6 3 13 15 5 18 15 23 3 29 21 9 19 11 9 17 14 1 3 16
4 1 8 1 9 13 11 16 12 14 8 2 19 7 1 14 19 1 8 8
8 4 9 14 4 13 16 11 7 21 12 14 14 9 6 10 9 4 4 9
20 21 25 5 26 21 19 29 11 32 25 8 28 24 8 27 9 20 18 27
7 12 9 4 13 8 17 7 10 12 17 17 25 15 2 13 5 1 10 12
14 23 9 6 32 18 20 28 18 35 38 19 42 31 12 25 26 15 25 20
16 17 20 18 37 37 35 51 31 55 44 30 44 37 11 31 42 20 22 36
7 1 4 7 1 7 8 5 7 7 3 2 10 5 4 8 5 1 2 4
3 1 12 1 3 9 4 1 3 9 9 1 8 3 1 14 1 1 1 13
20 29 34 15 34 40 26 34 21 39 47 28 55 43 23 50 33 7 23 37
6 7 17 1 14 12 7 12 14 8 8 1 17 10 1 21 10 7 5 17
11 11 21 6 18 20 16 18 11 23 12 13 19 16 1 25 16 9 8 13
10 7 12 15 27 13 22 30 16 38 25 11 31 19 9 28 25 12 7 26
9 1 5 8 1 6 11 9 8 4 1 1 10 7 5 8 8 1 7 5
8 1 1 7 3 2 11 11 1 11 2 4 8 5 1 5 4 2 1 3
11 3 17 11 19 16 26 30 18 25 21 9 38 20 8 31 27 1 11 26
22 11 29 22 31 25 32 37 16 34 31 18 42 37 17 45 29 15 18 33
9 1 16 15 21 19 25 28 16 36 27 11 29 14 8 31 29 6 9 25
10 3 9 12 2 8 17 10 3 8 8 14 17 12 6 12 1 1 2 7
26 17 28 21 41 29 38 51 28 45 41 26 54 41 18 45 37 22 12 40
8 6 10 4 13 15 13 23 9 26 15 11 22 11 1 18 21 5 8 10
31 34 24 20 43 33 37 40 32 25 47 30 59 53 25 45 28 21 31 32
1 5 6 6 5 10 12 10 8 19 12 14 16 7 1 9 9 2 4 7
17 22 30 5 28 27 16 24 16 29 27 6 27 26 8 34 11 21 7 30
37 22 32 26 33 40 44 42 10 42 38 28 38 38 12 40 24 20 24 25
2 2 5 1 14 5 10 23 6 20 12 3 20 11 1 15 18 2 7 15
14 23 13 1 23 20 17 13 16 21 25 19 27 25 7 18 11 12 18 10
19 17 29 23 22 35 31 36 16 40 39 26 45 35 14 37 30 2 19 29
9 3 4 10 5 10 16 13 1 15 7 11 5 6 1 5 8 4 3 2
40 36 28 22 45 40 51 46 25 44 48 33 57 50 18 42 31 25 39 31
7 6 7 3 9 13 7 15 2 27 15 4 10 9 1 11 4 7 2 9
9 9 7 3 13 8 10 19 13 19 8 6 18 12 1 12 10 9 9 8
28 5 15 27 19 25 35 33 8 25 20 24 18 24 11 20 22 11 15 14
4 3 1 1 7 2 2 12 2 16 6 2 9 4 1 7 4 4 1 6
36 32 52 31 46 52 51 57 31 46 50 36 58 61 20 59 39 26 28 46
38 38 56 26 48 56 43 65 25 67 55 28 59 57 19 66 46 31 31 52
5 6 4 3 1 5 9 1 1 3 5 8 9 7 1 7 2 1 5 4
35 17 46 26 39 52 45 49 25 46 54 32 56 46 25 56 41 19 4 48
20 25 20 30 43 29 39 53 23 59 48 30 45 40 20 36 41 30 35 34
22 16 24 8 26 24 24 28 23 20 18 1 34 28 6 32 16 16 12 22
2 3 3 1 5 4 1 4 1 12 8 1 7 4 1 3 2 4 1 5
9 11 16 12 12 11 16 15 11 19 14 14 22 19 7 17 5 7 5 17
13 13 25 21 26 32 36 34 22 44 41 30 44 35 12 31 26 9 13 31
35 29 41 22 47 34 44 54 25 35 36 25 59 52 17 53 32 19 29 47
1 1 1 1 1 1 4 4 1 8 2 7 6 2 1 1 1 1 1 1
26 43 37 5 45 31 38 46 24 37 35 22 52 48 15 39 23 32 39 38
21 7 18 18 16 22 33 30 18 19 14 16 31 23 10 24 26 7 16 14
25 33 30 21 47 40 51 46 39 37 49 38 69 56 22 49 44 16 31 39
22 30 21 8 34 34 38 35 26 38 40 27 45 38 8 30 27 21 30 21
36 20 31 37 39 47 49 44 30 46 38 34 36 38 16 40 43 25 29 33
3 1 5 2 1 7 4 3 2 4 4 1 1 1 1 6 2 1 1 3
38 29 42 10 40 49 46 54 24 55 49 19 52 46 15 49 33 32 18 40
2 1 3 1 3 4 3 3 1 6 5 1 8 1 1 10 6 1 1 7
1 1 1 1 1 1 1 8 3 5 3 2 12 2 1 3 7 1 3 6
1 4 11 3 10 11 9 15 18 16 8 10 21 9 1 15 14 4 6 11
23 26 4 22 27 17 38 29 25 13 32 34 45 33 19 21 30 14 31 8
8 1 11 5 7 3 16 12 13 1 2 1 20 11 2 16 11 1 7 14
38 36 33 19 38 37 40 29 19 25 35 29 31 46 12 39 25 26 36 21
8 15 18 8 21 20 22 27 22 26 19 16 37 22 4 27 31 4 21 24
19 13 20 12 24 21 24 25 16 27 25 14 34 28 9 28 15 15 3 23
29 27 36 34 37 47 41 50 19 50 51 36 47 49 22 47 40 19 27 44
18 24 23 4 41 25 28 43 13 50 44 8 48 39 16 39 29 29 27 36
9 6 24 10 25 17 17 26 12 27 25 7 27 23 8 37 27 11 16 28
13 12 14 9 15 14 25 12 11 19 20 20 29 18 4 18 13 1 13 14
21 14 28 17 29 26 28 33 18 34 27 12 36 29 13 40 24 15 7 31
1 1 1 1 6 1 3 13 7 13 7 1 18 3 1 8 14 1 3 11
20 30 32 2 33 29 30 33 21 26 30 18 41 42 8 35 18 13 33 29
11 11 19 1 15 18 10 18 4 21 20 5 20 19 2 24 9 8 10 17
16 4 20 18 7 23 23 28 4 26 21 13 23 19 12 26 18 3 7 17
28 31 43 24 34 36 38 52 19 39 34 23 53 52 23 47 19 15 26 44
10 6 5 9 9 10 11 15 7 25 13 8 16 11 4 8 9 7 3 7
23 35 35 15 35 31 38 39 24 34 34 21 55 51 17 39 18 13 34 37
12 9 9 6 11 16 15 19 1 19 8 12 7 13 1 13 10 9 9 2
10 15 22 1 20 26 19 27 20 31 21 14 26 22 1 26 19 15 9 16
2 4 15 3 8 17 4 16 12 20 14 1 17 11 6 17 10 3 2 13
7 1 1 7 1 3 10 4 1 3 1 6 7 6 3 6 1 1 1 1
33 29 39 35 53 32 52 62 35 51 39 31 53 53 16 59 54 29 39 45
4 1 3 6 6 7 11 16 11 18 8 8 19 4 1 11 15 1 6 10
10 2 15 9 10 21 23 20 13 25 15 10 21 14 3 18 18 5 3 9
1 1 6 1 7 5 1 4 10 11 6 2 13 1 1 11 7 2 1 11
6 4 1 4 7 1 5 8 2 10 6 2 8 5 1 4 5 5 1 6
38 39 40 26 52 34 45 59 34 50 44 11 58 50 25 51 34 38 28 51
3 1 5 1 4 3 2 4 1 4 1 1 1 1 1 8 1 2 1 3
1 2 1 1 4 1 1 3 3 8 1 1 3 2 1 4 1 3 1 1
26 33 28 9 36 30 33 30 21 28 28 24 38 38 4 35 19 22 27 21
18 7 22 17 28 27 33 40 22 34 36 21 46 30 15 33 33 9 7 31
4 8 7 5 8 4 7 13 9 10 4 12 12 9 1 9 6 6 7 8
11 4 7 9 6 9 17 16 9 10 1 8 12 9 4 9 12 5 9 4
16 15 8 23 25 32 36 32 24 40 33 34 30 27 11 17 31 17 19 19
35 23 35 18 35 31 42 43 16 21 27 21 49 45 17 41 21 14 25 34
21 9 23 22 23 24 25 35 5 36 34 18 30 26 16 31 13 10 7 29
17 10 16 16 28 25 32 41 15 39 28 19 31 28 4 28 38 9 22 21
24 21 21 7 22 25 20 26 7 29 24 4 21 25 12 22 8 22 19 18
6 4 6 1 8 3 4 7 4 8 4 2 11 5 1 11 5 3 1 9
2 1 2 3 7 2 6 15 9 17 8 5 18 4 1 10 13 2 4 11
1 2 10 3 10 11 5 22 10 28 19 6 22 10 6 18 16 3 5 19
1 5 4 4 6 5 9 15 11 7 1 9 13 9 1 6 11 1 10 6
5 1 1 5 1 5 6 7 6 7 7 5 10 4 1 5 7 1 5 7
8 5 1 1 6 2 5 11 3 8 2 1 7 8 1 4 2 6 5 1
19 19 14 16 25 16 27 32 11 34 27 21 33 25 5 23 18 14 19 21
37 34 35 34 55 50 52 60 37 60 50 46 47 51 13 50 56 36 39 43
13 17 16 6 20 13 20 30 15 23 12 11 21 20 1 20 17 13 19 19
16 22 23 11 35 22 34 32 27 32 32 18 52 38 12 36 34 8 28 32
27 29 47 26 40 47 36 48 23 54 51 27 58 51 26 60 46 15 24 49
40 35 27 27 50 49 51 55 23 53 59 42 50 55 23 44 43 29 45 33
11 19 32 9 26 29 21 30 16 30 31 18 37 31 8 39 21 12 15 30
11 14 9 10 21 14 22 34 15 30 17 16 24 20 1 13 23 11 20 14
26 18 33 36 32 32 48 50 12 45 47 34 41 46 23 47 38 20 28 36
27 34 41 10 40 42 43 42 22 45 46 21 54 51 15 47 15 26 21 37
36 36 39 25 48 42 57 53 33 34 39 31 55 56 13 46 35 22 33 30
24 26 30 19 44 30 42 46 27 40 37 23 45 44 5 46 48 24 35 36
29 30 40 20 41 44 46 56 24 50 51 29 58 57 16 53 41 21 26 39
18 31 30 24 43 38 46 50 34 49 35 40 49 44 14 38 45 10 41 35
4 1 11 3 1 11 10 11 3 10 5 5 1 2 1 12 7 1 2 5
37 28 37 32 41 43 55 50 22 36 49 43 55 51 23 45 33 17 20 37
31 36 48 19 36 46 29 48 16 49 42 18 45 46 18 53 25 26 21 43
1 1 1 1 1 1 1 3 1 8 1 1 4 1 1 1 1 1 1 2
6 8 6 4 12 10 8 11 6 23 18 7 22 12 2 12 11 5 4 11
1 5 21 4 10 17 6 19 19 19 15 2 27 16 8 23 16 1 7 21
1 6 13 5 7 13 1 14 4 20 20 6 18 12 9 17 9 1 4 19
9 7 12 2 11 12 6 7 11 13 5 3 16 11 1 16 5 5 1 8
16 10 26 17 10 31 19 27 6 33 24 13 22 19 11 31 23 5 8 19
10 1 14 6 4 20 14 12 9 17 12 2 16 11 7 18 11 1 2 8
13 22 42 16 33 37 39 44 35 38 37 24 63 46 14 52 36 7 19 46
27 15 25 14 20 27 29 32 11 24 26 16 35 34 14 29 12 12 16 23
11 1 4 9 1 6 13 6 1 7 4 6 10 7 6 9 3 1 1 4
23 20 29 10 32 26 34 37 28 31 20 14 41 34 5 35 26 17 23 27
17 16 35 26 21 40 30 39 21 44 37 28 43 36 17 40 29 6 9 33
11 8 3 16 11 16 25 19 10 23 18 24 21 15 3 8 18 4 16 6
11 1 15 9 13 21 16 24 9 29 24 6 27 18 10 24 13 4 1 19
1 4 2 3 8 6 11 19 12 18 6 9 20 8 1 6 16 1 7 6
25 20 23 28 39 22 38 44 18 42 42 27 53 43 21 42 27 19 20 38
11 13 8 8 12 8 18 13 10 14 20 13 29 21 7 12 9 4 14 12
1 1 1 4 4 2 6 15 1 16 8 7 5 1 1 1 8 2 1 3
13 5 19 8 16 24 18 29 11 28 22 8 24 19 7 26 27 6 14 19
38 14 38 27 34 47 46 51 14 44 44 24 42 40 20 44 29 16 19 33
32 39 30 19 53 39 46 45 39 43 52 27 67 54 21 52 36 29 25 37
26 32 34 18 34 37 43 48 16 41 36 32 32 44 5 36 33 22 39 26
11 1 16 8 9 21 17 15 9 25 17 9 18 10 5 21 15 1 5 14
20 15 34 18 24 28 25 38 15 28 29 13 42 38 16 45 31 6 17 36
4 3 4 1 7 7 3 6 3 13 8 1 11 3 1 10 7 4 1 9
4 6 12 4 11 7 11 14 17 5 5 4 15 9 1 14 13 1 12 14
15 18 24 5 29 21 16 29 20 25 26 8 34 28 5 33 21 15 15 30
4 3 3 5 6 8 12 9 8 15 7 7 18 10 1 8 7 2 1 5
1 1 2 1 2 5 1 5 1 9 7 1 6 1 1 6 6 1 1 5
13 14 12 7 22 12 23 15 15 19 24 16 40 25 9 25 17 2 14 21
6 1 10 7 6 13 14 13 2 15 9 12 8 5 1 12 11 1 5 7
13 27 26 1 30 22 15 26 15 28 32 8 36 31 5 30 9 20 16 30
10 19 31 16 40 31 38 50 34 51 33 22 48 35 8 44 44 13 19 41
18 19 26 23 27 28 40 39 25 28 9 22 31 31 9 32 35 8 26 18
23 41 30 24 43 27 46 39 41 20 27 31 56 53 22 38 29 17 30 32
3 15 25 11 10 19 11 25 16 21 16 12 31 24 11 25 19 1 15 28
3 1 1 2 1 5 6 5 7 6 2 1 12 2 1 3 6 1 3 2
4 8 4 1 6 4 4 6 3 9 6 6 10 9 1 7 3 6 4 8
14 9 6 8 13 6 10 17 6 17 12 3 18 14 5 13 9 10 7 12
12 20 15 12 30 9 24 22 17 19 29 16 43 33 13 29 16 12 15 29
15 25 36 15 22 40 30 36 17 39 34 28 36 38 14 39 29 14 16 26
33 31 34 15 45 30 33 47 23 43 41 6 55 44 23 49 26 32 24 46
5 3 3 1 4 9 1 4 1 12 5 1 4 3 1 4 1 4 1 1
11 17 33 4 31 32 21 24 28 31 27 4 33 24 5 38 24 19 1 31
7 12 10 6 8 10 13 16 5 18 16 14 16 18 5 10 4 6 9 10
1 1 7 1 8 8 1 8 1 16 16 4 11 5 4 11 9 1 1 13
1 1 1 1 2 1 1 1 1 5 4 1 8 2 1 1 1 1 1 3
32 28 41 33 53 45 59 64 41 54 38 39 52 49 11 52 59 25 34 42
16 16 27 21 9 24 31 35 13 26 28 23 39 33 17 31 24 1 17 28
25 32 31 19 42 37 55 49 30 42 39 39 50 46 3 37 49 20 32 28
12 7 6 12 3 7 16 9 3 8 11 14 21 16 9 11 1 1 6 9
5 7 11 7 15 8 18 27 14 20 12 13 25 13 1 20 25 1 13 20
12 6 11 5 11 9 9 8 7 11 8 1 11 9 2 14 5 7 2 11
40 41 53 32 46 54 31 53 21 60 54 32 48 54 25 64 46 25 34 51
30 29 19 15 39 33 38 49 8 49 45 26 39 39 15 27 29 28 35 30
36 36 31 14 49 41 44 36 28 43 51 26 60 51 19 51 30 26 31 34
5 6 4 6 7 6 7 11 1 15 6 9 6 6 1 7 4 7 1 7
18 13 27 7 32 26 21 34 23 32 25 5 32 26 6 38 32 13 18 28
4 1 7 2 2 6 7 4 5 10 3 6 11 2 1 10 4 1 1 8
14 12 16 17 27 19 29 34 25 25 15 22 25 23 6 19 28 11 22 24
17 25 23 1 28 25 25 26 9 36 31 11 34 30 6 26 10 21 20 22
36 25 39 25 26 44 35 45 4 49 40 18 33 40 17 47 24 21 19 31
7 9 16 6 8 12 12 7 9 13 16 11 21 16 6 17 4 1 7 17
8 9 11 3 10 13 6 13 5 24 15 6 10 11 4 12 4 10 5 12
4 12 20 7 22 17 11 24 21 29 23 7 34 18 7 28 19 10 1 29
19 15 16 1 17 19 15 20 5 24 15 6 16 17 1 20 9 16 13 14
18 11 20 3 16 19 16 19 5 19 13 3 11 15 1 22 5 12 10 13
13 8 14 16 18 26 18 30 11 41 29 17 16 18 9 18 19 11 11 17
34 36 44 35 34 44 49 58 19 44 43 39 52 57 24 48 37 13 38 39
12 20 23 9 21 26 26 29 22 28 21 14 36 32 7 26 24 7 22 20
3 3 7 3 6 3 4 1 9 9 4 4 18 6 1 11 4 1 1 12
12 12 31 6 19 30 22 17 19 20 20 11 29 26 5 34 17 9 10 21
21 17 26 14 29 32 35 34 24 45 34 24 39 27 4 35 33 20 1 29
22 22 31 5 33 31 30 36 18 40 27 10 33 27 8 37 20 24 17 28
12 19 45 23 43 37 44 55 39 51 41 18 61 48 22 61 53 16 27 53
13 4 14 14 10 22 22 25 8 19 14 17 8 11 1 15 22 5 16 6
3 3 9 1 5 5 10 13 12 3 1 4 13 8 1 12 13 1 10 8
2 1 2 1 1 4 2 4 1 5 3 1 3 1 1 8 5 1 1 4
24 23 33 13 45 32 36 46 38 43 40 17 56 42 10 52 40 28 9 44
13 18 31 9 23 24 25 29 17 20 23 15 32 31 7 34 25 9 24 27
3 1 1 1 5 1 2 5 1 11 5 1 8 2 1 2 3 2 1 4
7 10 17 1 16 13 17 20 19 14 7 11 27 18 1 21 20 4 16 15
1 1 5 1 1 5 1 1 1 6 5 1 1 1 1 5 1 1 1 5
20 9 34 27 31 36 34 39 21 38 42 23 47 33 21 43 26 8 4 40
7 18 15 11 33 18 21 33 17 42 39 21 40 32 9 30 23 12 19 28
1 1 3 1 1 3 2 5 2 7 4 3 5 1 1 7 3 1 1 7
43 45 46 17 41 54 43 45 19 50 53 26 57 57 30 53 30 26 39 38
32 40 31 28 49 37 54 44 35 28 38 40 58 54 21 50 51 18 49 34
8 9 11 1 8 13 13 5 8 7 8 10 17 13 1 16 10 3 11 6
2 2 4 1 1 5 5 1 3 4 3 3 9 3 1 6 1 1 1 3
22 28 26 11 45 26 36 44 23 38 35 21 49 43 5 43 33 22 32 31
9 9 9 13 11 5 16 18 12 17 9 15 21 14 4 11 11 6 8 13
1 1 4 1 1 6 1 5 4 5 5 1 4 1 1 4 4 1 3 3
22 16 14 26 37 26 47 47 23 40 38 31 46 40 15 31 44 14 36 34
14 15 16 14 23 17 20 33 7 40 37 6 41 36 17 32 18 15 16 29
23 29 33 21 43 40 46 56 32 48 32 36 41 42 1 41 52 24 31 30
1 1 2 1 1 1 1 1 1 4 5 2 8 2 1 4 1 1 1 6
28 26 46 33 57 47 51 66 36 65 56 27 51 53 19 62 56 35 32 48
25 16 23 14 27 20 24 30 19 21 22 9 36 29 11 31 14 16 15 28
7 7 12 4 18 14 14 21 1 25 24 7 22 23 8 23 18 9 12 18
12 19 7 4 19 9 16 12 10 14 20 17 24 20 6 14 10 8 14 13
5 4 6 4 9 7 6 9 5 14 11 4 12 4 1 13 8 5 1 13
5 10 14 1 15 9 4 8 12 7 5 3 14 12 1 17 1 10 1 14
1 1 1 1 6 4 2 10 10 11 5 1 16 3 1 5 12 1 5 6
18 11 15 19 13 16 32 19 5 13 13 24 18 21 5 20 15 5 16 7
29 27 44 32 32 49 39 53 18 58 51 34 44 45 19 55 49 17 26 43
3 6 1 3 1 1 7 1 1 3 4 8 9 7 1 2 1 1 5 1
1 1 11 4 1 11 2 6 2 13 10 1 7 6 6 11 1 1 1 10
11 13 12 1 16 11 7 18 13 18 13 6 22 15 1 17 10 12 12 15
1 5 7 1 5 7 4 8 3 14 14 8 13 7 3 10 7 1 4 12
28 14 41 26 28 37 33 36 12 29 34 22 37 36 18 48 20 13 11 37
15 12 18 6 25 23 26 33 23 30 19 11 28 22 1 26 30 15 14 19
9 18 17 21 28 21 42 41 27 36 27 31 48 33 6 27 38 4 25 26
1 6 3 1 1 3 4 2 1 5 8 9 10 7 1 4 1 1 5 5
17 13 12 20 28 24 37 33 11 42 37 26 39 31 9 24 30 9 16 18
26 9 22 23 22 28 31 35 12 28 27 20 29 26 15 28 18 10 7 19
17 10 15 7 16 19 15 15 9 27 18 6 21 14 4 21 11 11 6 14
2 7 11 2 22 12 22 32 18 28 16 11 35 21 1 23 31 3 13 20
6 12 13 1 12 16 14 17 16 18 14 8 25 18 3 15 17 5 14 11
9 11 17 12 12 15 12 27 11 29 21 10 25 20 11 19 14 8 8 22
17 8 19 11 21 18 19 21 13 15 20 10 38 24 8 31 14 4 2 23
16 10 20 20 15 22 22 36 14 33 26 13 34 27 18 27 19 7 9 27
9 5 10 13 15 9 16 21 15 25 15 13 32 14 6 23 19 1 5 20
31 16 43 31 25 46 41 50 18 34 35 26 43 44 24 48 38 8 20 33
1 6 1 1 3 1 6 5 5 3 7 8 16 9 1 1 4 1 10 2
25 41 47 16 52 52 54 52 52 50 54 38 66 55 17 54 50 29 28 46
34 30 32 11 32 30 37 36 7 38 30 18 35 35 16 36 18 28 26 31
24 20 12 23 31 31 39 30 25 34 40 38 41 29 15 25 35 13 30 20
4 6 7 4 6 10 11 7 1 15 21 7 22 16 5 11 4 1 5 12
7 3 5 11 6 6 14 13 3 17 11 12 14 6 3 12 10 1 1 12
7 18 26 13 26 24 37 30 31 26 24 23 46 30 1 29 28 5 20 26
11 17 19 6 27 18 25 32 9 25 26 14 31 32 3 30 31 10 26 23
6 10 15 1 17 15 3 10 12 19 13 1 17 11 1 19 3 10 3 14
5 1 6 1 5 11 7 4 7 11 6 1 10 1 1 10 8 3 1 4
2 4 9 2 9 4 5 8 16 7 4 1 22 9 1 12 6 4 2 13
8 11 15 6 16 19 22 24 16 30 25 14 35 24 5 22 18 7 9 18
10 19 28 12 21 20 27 28 27 20 20 17 34 27 8 29 20 10 16 29
22 7 14 27 14 23 33 26 8 20 22 29 29 23 16 19 18 4 9 13
24 18 19 13 26 23 31 31 7 32 25 17 30 31 2 32 22 15 16 16
1 1 1 1 8 6 1 9 4 14 12 1 13 4 1 10 9 1 1 11
8 2 12 8 6 17 15 15 1 19 12 11 6 6 1 12 13 4 6 5
28 45 38 24 47 35 46 41 42 28 36 28 59 59 25 45 30 22 34 38
3 6 1 1 5 2 3 10 1 9 2 7 3 7 1 2 1 5 1 1
5 1 6 2 9 6 8 15 5 15 12 4 14 5 3 17 15 1 4 15
29 22 29 35 44 33 49 57 20 55 44 28 44 44 21 49 46 30 32 33
1 1 5 1 1 3 1 1 1 1 1 1 2 1 1 8 1 1 1 3
10 16 6 1 13 14 15 5 10 11 14 15 21 17 5 10 9 6 13 1
4 3 2 10 8 10 11 18 3 21 13 13 7 5 1 5 12 4 6 6
12 33 38 26 43 44 49 56 44 50 22 37 44 41 16 41 51 16 33 34
11 15 19 13 3 22 11 14 2 23 25 14 26 22 14 20 10 1 9 19
16 12 27 21 29 32 24 44 15 53 41 13 39 31 15 42 33 9 12 35
7 13 15 8 31 15 33 35 22 29 29 17 45 33 8 32 37 9 28 24
18 15 33 15 36 32 27 29 21 34 33 5 37 30 10 47 32 19 11 35
10 5 11 11 14 10 17 18 16 20 7 8 19 12 5 16 12 7 3 11
1 2 7 4 7 11 11 20 10 21 9 7 10 7 1 9 12 2 6 8
21 28 27 10 39 29 33 39 10 42 47 17 44 47 18 41 25 23 32 31
7 13 13 2 17 12 6 14 13 18 11 6 20 15 1 18 3 12 3 16
4 12 5 1 16 11 11 10 9 20 25 13 30 17 5 16 14 1 12 15
21 5 19 22 14 25 30 29 4 26 24 20 19 20 12 25 20 7 10 17
30 33 47 34 40 49 53 63 26 55 51 41 63 57 22 56 52 12 34 44
23 26 29 14 41 35 42 42 23 42 36 31 39 39 1 37 34 21 25 24
6 7 8 1 11 8 1 10 4 17 14 4 11 8 1 11 7 8 1 13
8 3 3 8 5 6 9 5 6 12 8 4 18 8 5 9 7 3 1 8
1 1 7 1 2 9 1 5 7 12 8 3 15 2 1 11 8 1 2 9
1 6 16 3 14 11 11 19 23 17 10 7 24 10 1 18 15 2 8 18
20 24 37 19 38 32 34 50 24 38 30 21 42 43 8 46 35 16 24 37
39 37 40 28 44 50 48 53 19 48 53 34 50 58 19 46 31 25 36 37
35 31 37 27 33 38 53 41 24 24 35 40 42 51 19 43 33 15 39 28
21 16 28 12 20 33 19 33 9 42 35 5 34 30 13 37 17 13 7 29
23 23 39 19 37 37 29 45 34 44 37 5 48 38 21 48 35 22 14 45
6 7 5 1 12 7 1 12 1 18 13 1 11 7 1 12 4 8 3 11
9 5 12 5 11 7 9 6 9 12 6 5 16 8 1 16 6 5 1 14
5 1 1 5 5 1 6 7 4 11 8 1 12 3 1 6 7 1 1 8
25 25 39 19 38 43 45 46 37 39 32 36 41 38 1 44 44 24 16 29
1 2 1 1 3 1 1 3 1 6 1 1 1 2 1 1 1 3 1 1
35 32 42 31 31 39 36 45 7 46 44 32 41 49 18 50 28 17 24 37
9 9 10 9 12 5 17 14 18 10 10 10 33 19 6 16 13 3 13 17
24 20 7 32 26 25 43 41 29 35 27 36 41 35 18 18 37 15 34 26
12 17 7 4 17 7 20 17 14 14 16 13 30 25 3 10 9 5 18 10
7 4 7 7 1 8 8 1 1 10 10 6 11 7 4 7 4 1 1 9
31 33 48 39 47 44 56 59 35 36 26 37 45 51 20 51 42 20 34 39
8 10 24 6 25 21 20 28 28 32 24 10 37 24 6 28 25 12 9 29
2 16 24 1 28 23 18 27 32 27 26 14 43 25 1 30 25 14 6 30
11 30 38 5 35 33 21 40 29 35 26 9 45 40 9 41 19 18 23 37
31 43 49 11 45 50 51 56 33 52 49 29 60 59 15 53 35 28 34 43
6 8 11 2 22 8 6 19 9 22 17 5 21 15 4 23 12 9 4 22
6 5 4 4 6 5 5 7 3 11 8 1 5 5 1 3 4 6 1 5
3 7 22 1 18 17 14 22 23 20 10 4 24 16 1 25 17 3 8 20
8 16 19 1 19 17 10 19 21 21 17 8 29 23 4 22 13 11 14 21
6 20 31 14 37 32 31 47 32 48 36 16 51 39 14 41 43 13 19 43
7 5 20 7 15 16 8 13 10 22 21 1 24 14 8 27 10 4 1 27
16 28 36 9 39 38 30 37 34 35 45 15 60 45 20 49 37 13 23 41
24 14 20 16 20 19 27 26 14 16 9 11 15 24 1 24 24 15 20 14
17 7 21 13 13 20 21 16 10 16 8 12 11 13 2 23 15 8 10 10
1 1 1 1 4 1 1 8 1 10 7 1 11 1 1 4 8 1 1 7
16 24 21 8 32 31 32 22 30 30 41 26 48 33 11 34 29 15 17 26
24 23 37 11 37 36 31 33 29 32 34 16 41 38 9 42 18 25 2 34
20 30 36 15 48 32 38 50 37 46 36 17 60 46 10 49 37 22 26 45
9 10 7 14 20 13 22 27 18 17 14 21 22 22 2 10 17 9 17 15
16 14 26 11 24 26 31 32 30 28 24 16 39 28 8 31 27 14 11 27
1 1 1 1 1 5 1 1 4 9 5 1 7 1 1 3 4 1 1 2
35 40 36 13 49 45 50 43 34 37 42 35 47 51 6 46 40 32 38 27
1 1 2 1 1 1 1 4 2 9 6 1 9 1 1 5 3 1 1 7
17 8 11 5 14 17 15 13 5 14 6 1 9 14 1 16 11 10 7 1
4 8 24 1 20 23 17 18 22 19 14 7 23 15 1 29 15 10 1 20
35 33 22 24 41 40 45 36 21 36 38 41 33 42 12 34 34 25 38 14
21 21 28 16 37 30 37 40 19 41 35 24 41 37 6 42 39 21 22 30
2 2 8 2 4 7 4 10 8 12 11 5 14 5 2 10 9 1 5 12
19 26 39 20 47 43 43 57 35 54 39 31 52 48 10 49 48 15 35 42
20 39 43 27 37 41 40 50 33 48 41 30 62 52 20 48 38 11 27 44
27 24 44 31 36 48 40 51 34 42 39 21 40 42 24 45 40 24 25 40
1 1 4 1 5 3 2 7 9 13 5 2 13 1 1 9 7 1 1 8
10 8 7 12 9 8 15 21 6 24 16 13 21 15 7 10 12 6 7 11
10 26 21 12 33 27 43 41 33 35 29 37 43 36 1 26 38 14 24 23
20 22 33 11 21 36 30 30 17 38 37 21 43 40 12 38 23 13 5 29
6 4 4 6 5 4 10 9 13 8 3 7 20 10 3 8 10 2 8 6
8 2 1 15 10 14 17 18 11 20 11 20 13 10 4 6 15 4 10 9
15 11 19 1 20 22 19 19 12 21 14 2 18 18 1 25 13 14 6 13
16 12 12 7 12 19 16 11 8 20 15 8 19 18 4 16 10 9 8 6
7 7 13 13 16 3 22 25 18 15 9 14 32 18 4 20 18 1 10 22
30 19 27 24 36 29 39 48 19 40 35 21 42 36 13 34 24 17 25 33
15 33 36 25 48 29 35 50 30 57 51 27 53 46 23 49 34 35 29 49
7 15 11 10 18 22 29 20 17 28 29 28 29 21 4 14 20 5 15 11
4 1 11 1 1 13 8 10 4 9 9 2 13 10 2 12 8 1 7 8
22 30 50 23 37 51 36 54 32 50 43 28 55 46 21 57 54 12 30 48
3 7 20 9 22 19 20 37 20 40 29 10 39 25 8 30 29 5 8 31
1 6 1 6 2 6 14 8 1 9 8 17 8 7 1 3 5 1 7 1
16 6 11 15 8 13 22 16 7 19 10 14 18 14 7 16 12 6 5 10
11 32 35 32 49 39 51 53 47 50 30 46 62 46 19 44 53 7 44 46
10 27 26 9 30 19 26 41 16 37 34 19 43 37 6 32 21 10 25 34
1 1 4 2 9 2 5 12 1 18 14 8 17 7 1 13 9 1 2 15
1 5 3 1 5 7 7 6 9 11 10 6 19 9 1 5 8 1 5 4
30 24 34 35 53 31 51 64 30 49 49 23 56 52 25 52 40 30 29 50
16 7 16 11 11 11 21 19 10 9 4 12 23 20 3 21 10 5 9 10
19 12 15 22 26 28 38 34 30 30 26 25 42 31 9 24 31 11 22 25
14 21 25 16 29 25 24 38 11 39 40 16 41 40 20 37 31 17 24 30
5 10 20 8 7 23 12 25 15 26 20 9 31 21 10 23 20 1 10 21
14 16 14 21 30 11 33 44 17 38 33 18 41 35 14 30 30 17 25 29
1 1 7 1 1 7 1 2 1 10 10 1 4 3 3 7 1 1 1 9
20 8 13 30 28 17 42 41 6 33 37 30 41 36 19 30 30 8 19 25
3 9 6 8 12 7 18 14 10 19 18 19 25 12 1 8 10 1 11 10
42 46 47 18 48 58 50 60 21 63 62 30 65 61 27 58 43 31 41 44
9 4 6 6 6 9 16 15 11 14 9 7 26 12 3 13 16 1 9 11
3 1 9 6 8 6 10 17 10 19 13 7 16 4 2 13 13 1 6 16
3 4 12 3 9 11 7 14 15 15 6 8 17 9 2 14 9 4 6 11
18 25 26 16 31 28 35 37 23 29 16 22 33 35 1 32 37 12 29 22
17 22 36 16 43 31 37 48 40 38 35 17 59 42 12 47 36 19 9 45
14 4 17 15 24 26 29 33 24 31 21 21 31 21 4 24 34 7 19 21
22 11 17 19 23 26 33 36 1 38 36 21 35 34 14 31 21 9 14 21
29 36 47 22 44 40 43 56 32 47 38 22 62 55 23 52 25 25 30 51
6 3 14 7 12 13 18 18 21 18 11 5 25 12 3 16 17 2 9 15
14 11 31 9 30 32 25 41 24 41 30 12 36 28 8 40 33 14 13 32
3 1 1 3 3 5 5 7 10 9 5 2 14 3 1 3 9 2 5 3
12 13 8 3 17 12 10 24 8 26 17 6 19 13 1 12 11 14 12 13
7 1 7 3 2 12 8 3 4 8 4 2 6 2 1 7 6 2 2 1
6 7 7 4 7 12 15 9 12 14 13 9 24 12 1 11 13 2 8 7
1 2 3 1 4 7 3 3 7 10 5 4 12 4 1 5 6 1 1 3
24 17 28 25 10 31 21 26 4 28 32 20 35 31 26 31 18 3 11 27
12 13 22 6 19 21 15 12 13 12 10 9 19 18 1 27 14 11 10 13
20 16 29 14 26 31 39 36 28 25 21 21 41 34 6 34 36 13 18 23
3 9 16 3 7 14 1 17 8 19 14 3 20 17 7 18 6 3 3 16
6 6 12 4 21 13 11 25 17 30 18 8 25 12 1 23 20 9 4 20
7 3 12 8 8 20 22 22 10 21 13 14 18 11 1 15 23 1 12 5
17 20 22 10 30 22 27 40 16 31 15 15 26 27 1 32 32 14 25 22
1 1 1 2 6 3 3 8 2 14 9 5 11 1 1 7 6 2 1 9
26 40 51 17 45 50 47 46 42 37 44 28 62 60 18 55 42 23 28 41
4 1 7 1 4 10 6 6 1 12 10 5 7 1 1 8 5 3 1 7
6 6 10 2 11 5 7 14 12 10 2 5 11 8 1 13 7 6 5 9
1 2 12 3 5 9 4 8 10 18 9 8 15 6 1 13 5 1 1 14
2 1 2 1 6 4 5 11 1 13 9 3 11 4 1 13 10 1 1 10
28 24 47 21 40 46 41 41 30 45 39 27 40 40 5 54 37 27 16 41
19 26 27 16 20 35 25 29 18 36 38 25 44 36 20 31 25 6 21 25
23 36 46 13 55 42 49 57 42 51 49 27 68 60 13 59 46 26 28 50
13 28 32 17 44 39 43 56 39 56 40 38 54 41 2 42 53 18 20 41
31 39 33 22 44 43 51 35 45 35 49 46 59 50 20 46 37 28 24 29
30 27 39 36 47 39 53 63 26 45 31 34 52 51 26 51 47 13 34 42
10 17 24 1 28 24 13 27 24 28 23 5 36 24 1 31 17 17 10 25
8 17 8 1 16 8 13 17 8 18 20 14 23 19 1 10 5 7 16 10
43 16 39 44 34 51 53 48 15 43 46 45 39 46 26 44 39 18 27 37
15 26 13 11 36 19 25 24 23 24 38 26 45 35 18 33 25 16 25 25
11 19 14 4 22 12 16 27 15 16 9 8 21 23 1 17 15 13 21 16
2 6 3 3 10 3 11 18 10 22 12 10 22 9 1 10 13 2 4 9
38 41 43 18 50 46 52 46 45 35 44 27 63 59 20 53 37 32 23 36
7 5 12 8 10 9 12 10 7 12 5 9 9 8 1 13 4 5 1 9
8 6 22 7 10 18 9 10 12 13 13 1 15 13 8 23 5 5 1 19
4 3 2 7 11 7 11 18 1 24 13 10 11 5 1 11 13 4 2 10
10 11 9 1 13 10 5 11 6 16 11 1 10 11 1 13 1 12 7 11
20 16 33 37 40 31 47 54 29 37 31 37 57 40 26 45 44 3 25 46
14 10 13 16 20 18 31 25 5 31 28 18 33 27 9 29 25 7 17 18
1 5 4 7 4 5 9 13 6 11 5 13 10 6 1 6 8 4 6 5
28 15 24 29 26 27 38 40 14 18 35 33 43 39 25 29 25 3 17 30
10 1 10 7 4 13 14 10 1 15 10 5 7 8 4 12 6 2 2 8
18 22 42 14 32 40 27 40 27 36 28 17 36 39 9 45 33 19 21 33
4 1 7 4 8 7 10 9 8 17 5 4 13 2 1 13 7 1 1 9
38 36 29 32 34 48 49 46 26 41 49 39 52 53 28 43 39 22 33 19
9 16 22 1 27 19 15 21 19 30 20 8 29 22 1 27 12 18 5 24
8 7 7 1 8 8 5 12 9 11 4 5 8 7 1 10 8 8 5 6
13 1 21 12 9 24 22 21 13 24 16 8 21 16 10 26 15 3 4 14
14 13 20 19 30 31 29 38 26 42 39 27 44 31 12 30 33 11 22 34
19 29 38 20 32 40 34 51 27 52 35 21 50 44 15 43 34 16 24 40
37 29 31 27 35 39 47 50 8 42 47 35 40 47 15 38 29 21 32 26
15 32 31 6 45 31 38 38 45 35 42 28 62 42 8 41 38 21 20 41
26 22 25 22 48 36 48 59 33 52 41 32 50 45 11 41 53 23 35 38
32 19 39 22 41 38 39 44 29 26 38 21 57 46 20 48 33 14 16 39
4 12 8 4 18 10 15 19 16 22 23 13 34 18 1 17 21 5 15 17
1 11 11 1 11 6 9 5 9 13 16 14 23 13 1 12 5 1 10 14
29 38 46 23 49 44 41 57 31 62 58 17 68 58 26 59 32 31 19 54
11 16 24 8 22 21 20 23 31 15 13 7 33 21 8 29 22 12 10 24
3 7 3 1 5 5 2 9 5 10 8 5 12 8 1 2 6 5 6 4
18 14 18 1 17 25 13 21 9 24 17 1 16 17 3 22 12 15 15 11
14 12 20 22 28 19 33 34 13 42 32 20 35 30 14 34 31 16 19 27
30 16 25 22 32 38 40 41 12 45 34 24 28 34 3 32 31 20 22 20
4 1 7 3 6 12 13 12 3 22 15 8 20 7 1 16 13 1 1 10
19 25 15 8 36 24 35 36 23 32 34 25 45 34 5 32 33 11 30 21
15 18 25 20 25 26 16 41 7 51 40 15 34 30 20 37 25 13 13 37
6 7 1 3 7 3 4 11 6 10 6 4 11 8 1 3 7 7 5 5
12 11 17 11 13 14 23 15 5 14 12 18 18 17 1 21 13 5 11 12
9 15 29 9 18 25 13 22 16 25 26 6 34 24 11 34 15 9 6 31
31 27 41 13 39 40 31 51 12 48 40 14 36 39 13 49 28 28 30 39
10 5 7 14 11 15 18 19 6 28 17 13 17 7 4 12 16 6 5 10
1 1 2 1 2 1 1 2 2 4 3 2 8 2 1 5 2 1 1 7
11 13 3 18 25 4 35 31 16 26 31 24 44 32 16 21 28 8 25 21
3 1 2 2 1 4 4 5 4 7 4 3 9 1 1 5 4 1 2 5
3 2 6 3 1 5 4 4 4 11 9 3 12 5 1 7 4 1 2 9
3 4 11 3 9 16 12 10 12 19 13 9 16 9 1 13 11 5 1 9
8 14 8 6 23 14 23 21 20 25 27 22 39 20 6 23 24 3 16 17
19 18 32 22 20 32 35 31 15 20 34 26 42 38 20 35 14 4 11 27
29 20 26 18 40 30 36 50 12 41 32 22 29 35 2 37 35 22 30 29
35 24 32 28 36 44 48 54 17 52 52 32 51 49 22 38 28 21 29 34
27 16 25 18 40 42 36 52 25 56 44 21 38 34 10 37 40 22 28 35
16 16 22 12 24 16 25 33 18 28 18 12 32 28 6 27 16 11 18 26
18 1 16 12 8 13 19 10 3 1 6 7 15 14 8 21 5 1 3 11
25 15 20 21 19 30 40 29 16 22 30 31 38 33 18 24 22 4 19 12
5 1 10 5 15 11 10 16 9 24 18 2 21 8 5 23 18 5 5 20
2 10 10 1 15 13 14 19 20 18 14 8 28 18 1 11 19 7 12 12
1 10 10 6 11 18 21 17 12 25 22 21 24 15 1 13 15 4 8 9
14 10 25 14 23 18 21 27 22 18 25 9 38 25 14 31 17 9 10 33
3 1 9 1 6 12 9 9 9 18 9 1 13 3 1 12 8 1 1 8
24 38 43 10 44 48 50 41 46 34 39 39 56 52 10 50 48 21 33 35
28 31 42 29 34 42 31 50 32 54 43 29 53 46 28 45 37 17 26 43
32 26 21 18 30 29 37 23 14 23 31 29 36 37 11 33 23 16 24 15
7 1 14 3 5 10 8 4 7 8 7 3 11 5 1 15 5 1 1 12
20 23 25 17 28 29 29 32 17 33 30 18 27 31 6 27 16 19 14 23
23 8 29 19 22 35 36 36 19 31 28 21 33 29 15 33 26 12 8 22
9 22 24 5 29 24 28 29 29 31 27 23 39 30 1 28 22 15 14 22
3 1 2 3 1 2 4 2 1 4 2 3 5 2 1 3 1 1 1 2
10 4 23 13 16 27 20 29 18 28 23 15 22 19 7 24 21 5 14 23
21 12 10 14 18 14 27 18 4 9 24 20 33 26 13 19 12 2 10 15
16 9 17 16 10 14 23 14 13 12 9 18 27 19 10 23 8 4 6 15
12 2 7 14 3 14 20 13 4 18 10 13 16 10 5 13 10 2 2 5
4 1 13 1 4 19 12 13 11 19 13 2 16 8 2 16 12 1 1 9
35 16 35 22 31 35 33 35 15 24 25 19 29 33 13 41 22 17 16 22
18 15 21 15 31 20 37 33 22 31 34 21 49 38 17 36 30 8 27 31
9 5 18 12 18 15 16 22 11 24 23 12 35 22 10 29 10 3 1 28
3 6 16 5 11 10 6 17 12 23 13 8 17 11 5 16 7 6 3 18
42 29 35 37 47 48 58 63 31 54 44 39 42 51 10 45 54 32 38 33
22 9 24 17 13 29 29 21 10 19 26 20 32 28 17 29 15 1 10 18
5 1 1 5 1 5 6 3 5 6 2 1 9 3 2 1 4 1 1 1
11 11 25 25 40 24 39 47 33 49 39 23 50 36 15 40 45 14 27 40
3 27 37 27 54 29 44 60 49 54 32 27 61 45 20 54 53 19 32 54
13 13 17 6 10 20 15 16 3 20 20 9 18 22 8 18 9 8 10 13
1 1 4 1 2 1 1 1 3 1 1 1 6 1 1 6 1 1 1 6
9 6 11 6 11 14 12 17 6 24 15 10 17 9 1 17 14 6 4 14
2 3 5 1 9 4 1 8 6 16 9 1 11 3 1 9 6 4 1 10
5 4 12 5 1 15 8 5 1 13 14 3 15 13 6 12 3 1 1 9
18 19 34 12 24 37 24 33 19 36 30 16 31 32 9 37 29 18 16 25
22 26 31 24 26 31 38 45 15 35 41 31 56 48 24 42 34 1 28 39
28 33 52 16 53 51 41 57 47 58 49 24 56 46 13 62 51 36 9 53
18 13 17 4 19 21 18 23 15 26 18 4 26 18 1 22 15 14 14 16
25 22 27 11 35 30 29 38 7 49 38 13 32 27 11 33 20 23 22 33
4 1 2 10 1 3 12 11 3 12 7 9 10 3 1 5 7 1 1 7
1 1 2 5 14 6 11 19 12 23 19 1 29 12 4 16 22 2 7 15
23 16 22 6 28 26 26 36 14 38 30 7 40 32 8 35 24 14 20 27
18 35 36 23 38 30 42 44 33 38 22 30 53 49 16 41 26 12 34 36
19 32 31 19 49 23 43 51 28 45 44 27 55 49 17 47 37 29 40 43
19 6 31 18 22 29 36 33 23 24 20 16 33 27 7 36 27 6 13 23
22 14 18 23 24 23 37 31 12 29 26 29 33 27 4 29 30 7 23 16
11 7 26 7 21 25 21 32 20 31 19 10 28 22 5 30 25 8 12 22
31 20 32 24 33 27 36 36 11 20 28 27 38 39 14 41 20 16 13 30
23 16 38 26 19 38 29 35 16 37 29 22 38 34 20 43 28 6 12 29
9 3 18 3 9 16 10 6 6 10 9 4 10 8 3 19 8 5 6 12
27 23 39 21 51 34 55 51 36 38 48 31 69 56 16 58 49 22 27 46
14 5 12 10 23 17 24 28 9 33 20 9 24 19 4 25 26 10 6 16
5 6 9 2 6 12 2 11 4 19 12 3 11 12 5 11 3 6 1 9
11 2 12 13 18 7 20 20 9 23 15 7 26 15 9 27 17 5 6 23
25 27 31 17 38 32 49 36 39 21 30 28 57 47 16 42 32 15 26 28
1 10 4 1 7 1 11 12 12 5 6 9 20 14 1 6 11 1 15 7
19 20 36 24 19 33 22 35 23 34 28 19 39 31 22 37 25 4 17 36
16 19 12 1 18 14 17 17 4 17 18 14 20 23 1 17 10 12 17 10
11 16 16 15 22 9 24 29 22 19 5 16 29 25 6 21 18 7 17 21
16 19 21 15 29 32 40 38 23 36 33 34 38 31 1 27 39 14 25 17
6 9 13 1 19 13 12 22 19 22 13 4 21 15 1 18 15 12 7 14
21 26 37 5 45 32 30 46 29 47 39 7 49 38 11 46 32 24 28 45
6 3 9 4 7 12 8 12 7 19 13 5 13 4 3 13 11 4 4 12
9 17 28 7 28 30 33 35 31 25 13 18 31 27 2 31 36 11 19 21
7 2 7 6 1 11 8 7 7 13 10 3 16 8 5 8 7 1 4 8
7 3 9 1 11 13 7 11 7 18 10 2 14 6 1 17 13 4 2 10
25 32 50 22 47 47 35 63 37 59 50 14 61 52 25 63 49 24 21 55
31 33 31 17 49 37 53 59 17 53 46 25 52 51 8 46 44 29 41 34
1 1 8 6 13 9 9 18 7 30 21 7 20 6 4 20 17 1 2 19
2 4 1 2 4 1 8 2 1 8 10 5 19 9 1 4 3 1 3 6
11 12 8 12 22 6 20 30 8 27 22 13 33 25 5 24 16 9 12 21
4 1 5 1 1 7 6 3 2 6 1 2 2 1 1 7 2 1 1 2
3 1 5 1 5 10 6 7 4 10 1 2 8 5 1 10 7 1 1 1
1 24 19 13 21 15 25 25 28 19 9 23 37 28 10 22 26 1 29 23
34 43 36 23 49 47 52 43 44 40 48 32 59 53 20 48 37 33 25 30
10 9 15 16 15 26 27 25 7 36 33 22 30 21 7 22 21 1 12 17
16 12 11 10 12 13 21 12 1 10 12 13 18 19 4 14 13 8 13 7
7 4 7 7 10 8 9 12 1 21 18 8 19 11 6 13 11 1 1 15
4 9 9 10 16 6 19 26 18 22 8 14 25 14 1 13 20 3 12 16
28 10 18 30 29 31 34 34 19 32 30 27 34 30 17 26 21 14 11 27
2 4 1 2 2 2 7 10 8 6 2 8 13 7 1 1 7 1 8 2
1 1 5 1 5 6 2 9 7 11 8 1 17 2 1 12 12 1 2 10
11 15 15 19 30 13 26 34 14 45 34 17 37 28 12 30 25 19 18 28
11 9 15 5 19 20 27 25 19 22 20 9 37 24 2 22 28 7 13 16
16 22 27 8 30 24 29 34 24 34 21 12 41 33 3 31 18 13 23 28
1 4 1 3 1 1 10 7 1 8 6 13 10 5 1 1 2 1 4 1
9 14 13 6 13 19 11 23 12 29 19 14 21 18 6 17 12 11 12 11
12 15 24 13 17 21 16 34 15 33 22 10 26 24 10 25 16 10 12 24
26 2 13 32 22 24 36 39 13 27 30 30 34 25 19 22 28 6 15 26
18 26 25 1 32 32 30 32 16 40 37 20 38 33 1 30 22 20 17 22
6 3 1 10 4 5 12 11 5 12 3 9 7 5 3 3 6 4 1 1
20 6 18 25 21 21 35 36 18 23 24 25 41 29 17 23 27 5 10 22
5 1 1 3 2 4 10 8 9 7 2 1 17 5 1 5 11 1 5 5
23 28 29 16 35 34 41 45 26 39 30 29 36 39 1 34 41 25 28 24
16 10 21 18 20 22 21 37 4 41 34 11 33 28 15 34 15 9 6 30
19 16 13 13 22 9 25 24 13 11 22 17 36 31 10 19 11 7 17 19
9 18 17 7 29 25 23 27 26 30 40 20 51 33 16 34 28 5 21 27
14 1 5 15 5 13 25 22 5 12 6 13 12 12 2 10 17 1 11 1
31 38 22 18 46 41 42 38 26 39 45 35 45 47 16 31 21 30 37 26
1 1 3 1 1 6 2 2 2 8 6 2 9 2 1 4 2 1 1 4
1 1 6 3 5 2 4 8 4 13 7 7 11 1 1 9 4 1 1 11
24 21 20 1 24 23 23 32 4 27 20 3 25 25 9 23 15 22 24 19
16 9 10 5 13 14 15 21 7 19 14 4 15 14 2 14 13 10 11 10
11 13 23 5 18 22 16 13 14 11 12 11 20 19 1 27 16 9 12 12
32 19 22 18 31 26 31 40 6 31 30 13 28 35 8 36 29 22 24 23
13 14 29 12 17 28 22 29 21 25 18 11 32 27 11 32 26 7 18 25
21 17 30 19 37 37 39 49 25 45 32 25 30 32 3 37 45 17 28 27
10 20 20 9 23 15 25 26 26 18 15 15 41 31 4 25 15 8 15 22
13 27 19 18 43 20 40 39 32 44 45 30 57 44 21 37 40 24 29 34
6 1 2 5 6 5 11 10 1 17 10 3 16 5 2 13 10 1 1 11
18 21 18 10 25 18 22 16 14 17 31 18 39 34 14 26 7 9 12 23
23 18 23 25 35 29 33 44 8 45 37 24 20 31 6 36 37 25 25 26
12 24 32 13 49 25 33 48 30 56 44 19 50 39 10 49 35 32 17 46
15 14 10 8 15 13 12 15 5 26 20 9 22 19 6 14 8 12 9 14
7 1 5 7 7 8 10 6 9 14 9 4 17 7 4 9 9 4 1 8
26 17 15 23 25 32 33 39 15 37 26 30 22 29 7 18 34 20 28 12
28 14 27 22 17 27 29 20 7 18 21 18 17 25 9 30 19 15 16 19
19 20 28 12 27 21 25 29 20 16 12 17 22 28 1 31 25 17 23 23
24 20 44 26 32 45 46 47 26 38 41 32 51 47 15 49 33 16 19 36
3 1 6 1 1 9 4 3 1 7 5 1 1 1 1 6 1 1 1 2
13 31 37 19 48 34 40 55 38 53 41 21 62 50 14 51 41 19 26 49
42 25 39 43 42 40 59 54 22 34 43 48 46 50 16 47 45 18 37 38
37 39 52 15 39 47 38 55 15 43 37 16 47 54 22 54 29 29 34 43
2 1 1 2 1 1 4 3 1 3 1 1 4 1 1 1 1 1 1 2
10 9 14 10 14 17 17 19 13 26 16 12 20 18 5 18 11 8 4 12
2 7 2 6 5 5 9 12 6 18 8 14 14 8 1 6 8 4 4 5
18 12 13 8 15 16 15 18 2 13 7 7 1 15 1 16 14 14 12 3
12 5 13 6 17 10 9 15 5 22 18 2 20 16 6 24 8 5 1 20
16 11 15 14 14 20 23 26 10 24 14 18 19 16 1 19 25 11 16 9
5 1 5 2 1 6 6 1 1 1 1 1 1 1 1 6 1 1 1 1
21 24 20 11 25 22 32 39 13 28 21 21 29 31 1 25 26 18 29 18
1 4 5 6 1 10 10 8 1 18 13 14 11 6 1 5 5 1 4 5
29 37 46 15 45 46 43 42 37 47 47 21 56 52 16 52 32 31 14 42
1 1 5 1 8 10 4 12 9 16 12 1 19 2 1 16 17 1 1 11
36 36 53 28 43 46 46 57 29 41 36 21 44 55 17 57 32 29 30 44
1 3 5 1 3 8 1 9 5 11 10 4 12 7 2 5 7 2 5 7
1 2 4 2 4 1 3 7 4 9 4 5 5 2 1 6 3 3 1 8
9 11 26 17 13 25 11 30 9 35 29 17 27 18 15 31 21 4 7 30
34 19 29 21 39 29 38 45 17 30 33 19 50 44 16 46 34 17 25 33
30 21 34 20 34 34 37 33 22 34 28 20 30 34 6 42 32 25 15 28
14 12 11 4 15 17 21 14 5 17 24 14 27 23 7 17 14 2 14 11
1 1 4 1 1 4 1 9 4 6 4 1 6 4 1 4 4 1 3 5
7 1 4 5 4 4 10 12 3 15 5 4 8 3 1 7 6 2 1 5
29 27 24 30 49 41 53 62 32 54 39 39 48 49 9 38 58 23 39 34
1 1 1 1 2 2 3 9 7 10 1 5 10 2 1 2 6 2 3 1
19 25 32 22 37 28 37 53 19 44 38 19 46 49 19 45 40 20 33 37
1 1 4 2 2 6 4 5 1 13 10 3 5 1 1 8 3 1 1 9
9 8 15 9 12 23 24 20 10 27 21 18 23 15 1 20 22 5 11 11
12 22 35 32 37 34 35 52 27 64 53 26 51 42 31 48 44 25 20 47
1 5 8 1 13 12 7 19 15 24 19 8 28 11 1 15 21 1 8 14
3 4 3 1 5 4 1 7 4 10 5 3 7 5 1 2 3 5 2 2
8 13 7 1 13 11 9 18 4 18 17 4 21 17 1 9 7 9 14 10
1 1 2 1 1 2 1 2 1 6 2 1 6 1 1 7 3 1 1 5
29 21 44 38 41 39 54 54 31 25 26 40 55 48 22 50 42 7 27 43
14 13 19 1 18 17 17 26 12 22 13 4 18 17 1 21 11 12 16 16
27 41 45 12 43 38 40 47 29 38 39 18 52 52 17 47 21 29 33 44
10 10 16 10 24 15 14 26 19 32 21 10 30 15 4 26 20 10 5 23
7 5 5 7 4 1 11 3 3 4 7 7 18 12 4 9 1 1 3 9
