1000 20 10 1498
10 4 4 12 1 7 7 6 6 3
18 7 8 11 15 10 7 4 11 21
18 7 11 5 8 2 4 4 9 5
17 4 11 8 1 12 5 4 6 8
7 1 3 5 3 4 5 1 2 2
0 0 4 5 14 1 1 3 5 7
9 3 0 4 12 7 15 4 1 1
9 4 0 5 9 2 4 14 9 1
5 5 1 4 2 2 13 2 1 2
1 4 4 2 6 3 4 17 2 2
6 3 2 3 6 10 1 3 1 2
3 6 2 7 4 1 4 5 5 6
3 0 1 3 2 3 1 8 3 1
18 13 4 15 7 6 17 14 7 7
0 9 10 24 10 6 11 15 11 3
10 23 0 6 3 9 4 4 2 8
4 3 3 6 4 2 3 1 1 6
15 18 11 11 13 1 5 13 3 2
9 9 4 13 1 11 22 11 4 5
3 0 4 1 6 6 4 4 6 1
1 1 5 4 26 17 2 16 14 7
1 12 21 7 3 2 8 1 6 21
6 2 5 6 5 9 7 5 2 3
4 10 2 13 16 3 11 5 23 11
5 13 2 3 4 23 0 6 14 1
9 16 1 8 6 3 2 12 4 3
1 3 4 1 6 1 3 4 3 5
0 2 13 1 9 0 3 4 1 7
0 2 13 6 4 8 16 21 0 5
1 0 8 2 12 15 0 6 5 2
3 9 5 13 19 7 0 4 6 4
13 13 14 5 4 12 4 0 7 6
3 6 1 6 8 1 1 2 11 4
8 15 8 14 1 1 6 10 9 10
9 6 2 5 1 2 9 5 6 7
21 6 3 2 18 7 11 5 11 7
2 3 4 1 6 2 21 3 19 5
6 8 5 4 12 4 5 4 27 15
14 17 3 8 15 10 3 9 10 12
3 7 0 3 2 6 9 6 11 2
10 9 5 3 4 0 3 2 9 7
9 7 0 1 7 8 6 1 8 1
12 5 19 4 13 0 4 17 1 14
6 4 5 7 8 11 11 1 10 9
15 4 5 7 12 4 3 12 6 9
1 2 6 3 5 4 1 8 1 6
2 7 11 5 2 16 5 3 3 10
3 13 4 1 5 13 2 6 7 4
4 4 2 8 2 2 2 3 4 5
5 3 2 1 3 6 3 3 8 12
7 7 0 4 4 14 2 2 11 11
8 6 14 1 4 14 10 6 0 19
5 3 3 2 2 1 5 8 5 2
2 4 8 5 7 0 2 10 7 1
0 6 13 4 10 12 14 7 7 5
2 3 2 13 5 4 2 1 3 5
0 23 16 2 4 4 14 1 5 10
4 5 8 9 15 5 14 5 8 2
6 1 3 6 6 1 7 1 4 3
10 9 1 0 1 13 2 4 2 2
8 2 10 10 0 8 2 5 3 5
2 1 1 1 7 3 11 6 3 0
10 8 20 11 2 7 18 5 7 6
6 5 4 4 4 8 1 5 1 2
10 10 8 3 4 5 6 1 4 6
7 3 3 5 1 3 3 3 7 4
3 1 5 10 3 1 3 1 5 1
3 2 4 1 4 2 8 6 1 2
7 4 3 3 2 1 3 0 5 1
11 12 4 8 4 1 8 19 13 8
17 4 6 7 6 16 7 24 2 11
3 5 3 2 3 1 8 16 4 1
2 5 2 0 6 0 6 2 3 11
26 7 6 13 7 8 2 7 11 9
6 0 8 4 7 6 7 2 8 4
4 12 12 26 12 5 11 6 1 8
14 20 9 8 13 18 5 14 5 9
1 10 1 5 6 9 5 5 1 11
3 9 7 3 3 6 6 17 14 2
10 2 14 11 0 3 1 7 7 10
5 11 18 6 7 6 9 1 11 7
1 14 2 6 7 2 13 2 1 0
2 4 8 0 2 0 6 4 1 0
13 7 0 0 2 14 8 4 3 4
3 0 5 2 6 2 1 6 1 3
8 2 10 20 6 8 12 7 5 6
10 2 2 1 23 10 9 2 17 15
1 2 6 4 11 7 6 21 3 3
11 11 11 20 1 5 6 7 1 10
9 5 4 4 3 8 5 2 6 5
1 7 9 10 19 2 4 9 7 1
7 1 13 13 2 10 14 7 2 5
10 15 10 7 2 9 6 14 11 3
1 4 1 1 4 3 6 6 3 1
4 5 1 0 1 3 6 3 5 0
2 4 1 0 4 16 4 2 3 5
4 4 1 2 2 14 1 0 3 0
10 7 2 7 19 0 12 2 7 0
4 5 2 1 8 5 2 4 2 5
11 7 20 5 4 4 5 5 14 12
4 2 5 6 20 8 17 3 4 5
1 8 2 1 20 4 1 0 12 9
7 3 3 2 7 1 2 7 22 9
8 0 11 11 4 3 5 14 15 12
10 6 3 4 10 2 2 2 16 5
10 9 1 2 2 5 10 5 2 7
1 14 2 5 1 1 5 1 2 5
13 6 12 2 12 7 0 14 13 16
12 15 3 3 21 1 14 12 18 9
2 1 1 4 2 15 12 0 2 5
3 3 1 5 5 9 5 0 7 0
6 5 3 4 3 1 3 5 4 0
10 6 16 18 1 10 4 5 8 8
8 10 11 9 1 22 12 9 2 5
11 11 0 16 2 14 5 18 15 14
7 0 2 12 5 17 13 8 17 9
2 0 2 7 3 4 10 11 1 5
1 3 9 7 17 6 8 17 22 5
2 3 1 2 4 9 1 5 2 7
3 3 5 3 3 2 3 5 6 6
10 4 7 6 12 4 5 8 8 3
10 8 7 8 6 4 28 15 7 8
2 7 1 3 3 4 1 2 4 2
13 8 13 3 3 8 5 14 7 8
4 8 11 1 8 8 13 2 2 4
2 19 8 12 9 9 1 11 2 12
5 9 4 16 12 1 2 2 2 27
9 1 7 0 6 4 8 7 7 2
13 0 8 16 11 13 5 2 14 17
6 1 0 2 0 10 1 4 4 6
3 2 0 9 3 1 5 2 4 3
5 2 4 0 5 2 5 3 1 1
5 2 5 6 9 19 8 11 4 10
3 6 7 3 4 2 4 5 8 6
10 11 6 8 8 11 16 3 11 11
3 14 13 1 6 4 6 22 23 8
12 9 3 0 14 11 3 14 6 3
4 11 8 5 3 5 6 14 1 8
7 10 6 14 9 7 1 2 20 4
5 16 4 5 1 3 11 7 12 7
0 4 3 4 5 4 3 1 5 1
3 9 0 12 1 2 15 3 0 4
12 3 7 5 3 14 11 9 7 10
9 1 6 2 8 1 5 9 8 0
13 1 5 5 4 12 3 11 8 15
21 6 3 0 6 5 8 13 13 9
12 1 2 5 11 1 18 4 8 6
4 4 2 8 9 17 10 8 3 11
4 2 1 4 1 6 6 6 3 2
5 5 4 5 6 5 5 2 3 10
13 11 3 2 3 10 10 11 13 10
7 9 7 6 29 8 2 16 2 9
8 4 19 9 1 18 7 6 10 6
1 12 9 7 0 14 1 8 17 9
5 2 15 2 8 2 4 1 2 2
3 10 5 8 9 4 21 8 19 11
4 9 5 7 12 17 3 2 5 12
7 4 0 11 6 6 4 6 20 3
7 3 3 8 6 1 2 0 2 1
2 8 7 9 8 3 2 3 2 6
2 0 8 9 1 13 2 12 0 0
10 6 13 15 9 23 0 4 7 14
19 1 1 8 6 4 1 18 6 9
11 4 15 0 2 7 5 10 3 15
3 3 10 4 4 4 1 1 5 3
1 8 7 7 10 10 8 1 13 17
10 4 1 12 6 4 23 18 12 4
14 14 8 2 4 15 5 5 8 8
2 4 1 7 6 3 4 6 6 4
2 11 2 1 9 0 2 5 7 13
7 12 2 3 6 6 19 8 14 2
11 20 4 3 8 7 7 2 4 4
10 14 5 0 2 15 11 6 7 13
2 6 7 11 6 6 6 11 4 15
25 5 1 4 1 4 2 3 11 4
7 7 24 8 14 16 13 7 5 3
1 12 2 0 6 15 1 2 10 7
8 8 8 7 22 8 13 0 20 2
2 1 0 5 0 1 8 0 2 0
2 6 3 2 3 7 0 5 2 5
17 7 3 10 9 10 1 6 17 12
2 5 7 4 1 3 3 2 1 1
2 1 3 16 14 1 2 0 6 12
8 12 9 4 13 9 8 12 5 6
7 6 1 2 9 7 5 6 4 8
10 6 3 4 15 7 1 8 6 3
3 5 9 12 7 1 10 6 7 6
15 12 1 11 18 2 9 5 3 5
8 8 13 2 20 8 5 0 5 10
15 0 6 4 7 14 10 1 3 12
8 11 1 15 1 2 9 3 22 20
4 3 1 8 4 2 1 2 5 3
4 9 3 5 11 7 8 10 1 6
2 13 23 17 9 9 6 10 10 14
3 13 12 4 1 20 14 18 2 2
1 3 0 1 8 9 7 1 3 1
3 0 2 4 7 12 5 4 10 5
9 5 3 18 8 9 9 0 7 4
4 2 2 7 0 5 2 1 12 11
1 6 3 13 2 9 10 3 8 14
7 12 15 1 0 8 6 11 6 9
2 11 0 4 2 14 8 4 4 0
6 13 6 4 0 3 4 5 0 3
1 14 2 15 2 9 19 4 2 7
28 0 5 6 4 5 14 6 6 9
4 1 4 0 12 5 3 5 4 7
2 8 6 5 4 3 3 7 1 1
27 5 2 9 3 0 2 13 4 6
9 18 7 6 6 1 16 11 11 6
2 10 1 8 7 0 7 4 9 2
17 1 9 0 3 4 6 13 9 8
20 3 8 5 6 5 22 7 13 1
6 15 11 10 18 2 15 6 21 3
2 1 3 4 5 5 4 6 1 0
2 3 7 5 1 0 3 1 8 1
8 4 11 1 3 14 3 11 10 1
1 7 0 2 4 2 4 2 0 8
2 1 6 0 8 8 6 7 9 11
9 7 18 0 14 7 0 2 6 7
9 4 2 2 0 6 1 2 2 4
17 9 9 1 13 1 19 5 1 3
3 13 5 4 4 7 1 7 5 2
3 9 6 2 5 4 1 16 15 17
2 5 1 0 0 0 6 5 4 3
2 1 18 14 23 3 3 1 6 6
6 1 2 2 6 7 0 4 1 6
2 3 0 13 1 4 2 6 0 9
3 9 0 1 7 5 13 12 6 15
5 3 7 5 4 14 2 6 9 6
2 2 18 5 18 14 17 4 19 0
3 3 10 2 19 6 10 2 4 16
3 1 3 4 4 5 5 3 10 3
2 7 2 5 1 4 7 2 4 4
5 6 2 7 9 1 5 5 2 0
7 3 16 7 0 9 10 1 3 6
0 4 13 5 9 7 5 10 7 1
1 10 2 19 7 3 3 1 1 4
6 14 4 17 4 4 14 8 11 7
3 9 2 5 6 4 10 2 2 0
13 7 4 9 17 1 12 1 3 6
9 18 3 3 18 7 12 14 1 7
14 15 0 24 12 1 13 11 8 3
1 1 1 21 10 5 6 5 25 17
9 10 6 8 7 1 1 2 4 8
10 3 17 2 10 11 10 1 6 5
4 2 0 4 10 6 3 1 1 2
24 8 13 2 7 4 10 10 4 15
13 3 7 17 11 5 8 1 6 10
8 1 2 23 2 14 12 7 1 3
7 12 2 12 4 1 12 7 7 1
7 10 1 7 0 3 2 11 9 17
11 12 13 16 1 4 3 12 4 7
1 12 14 14 16 20 8 14 6 6
1 1 8 15 7 7 20 3 1 14
15 2 1 10 4 5 3 1 21 5
1 0 8 14 7 2 14 5 4 2
12 14 12 12 8 15 13 3 6 0
1 6 14 2 4 0 6 8 8 15
2 2 9 8 0 2 2 3 7 0
5 1 1 3 4 2 5 2 1 6
3 12 14 20 8 3 13 3 3 15
2 8 7 9 3 10 9 1 5 8
15 1 6 4 3 1 1 8 0 15
1 9 12 1 19 3 3 4 14 5
2 11 11 3 7 6 5 1 1 7
3 5 1 0 5 0 1 3 6 3
4 8 2 8 12 5 3 2 0 0
8 4 9 17 6 11 12 2 25 6
0 7 5 2 10 13 6 1 11 1
7 7 7 14 11 7 5 13 9 3
2 2 5 7 3 2 2 2 7 6
7 12 9 0 4 1 6 5 5 9
3 2 3 4 3 8 4 1 11 1
5 1 9 10 1 4 3 5 4 3
5 8 22 5 13 7 1 1 12 7
8 9 3 2 4 3 1 3 0 5
2 12 16 4 3 4 5 18 3 1
3 12 7 1 9 2 3 5 6 0
2 11 4 14 7 5 5 13 9 2
4 8 10 1 8 7 5 1 9 7
8 6 3 13 6 8 2 5 4 5
3 10 1 0 5 3 4 5 6 0
9 6 2 0 6 1 8 0 2 7
6 10 1 6 2 17 6 10 7 5
9 5 16 19 5 11 2 9 1 5
12 5 13 7 3 2 9 20 11 8
10 7 0 9 13 7 6 1 13 0
19 17 2 3 7 5 10 19 5 0
14 8 3 7 3 14 16 3 17 16
3 7 13 1 16 3 9 2 1 8
1 6 9 7 10 13 12 9 13 14
13 17 11 4 0 7 10 11 11 0
6 9 7 6 8 7 5 13 1 3
2 4 10 10 18 10 5 4 9 3
1 1 7 2 1 1 2 4 1 6
6 0 5 7 15 2 16 18 10 5
0 8 1 0 1 16 8 7 8 9
17 6 3 8 7 17 2 14 6 6
2 1 0 1 2 5 1 1 6 5
1 16 4 8 7 9 4 10 2 8
15 11 2 16 9 11 20 9 3 4
0 7 9 2 2 24 8 4 15 22
3 10 12 15 17 2 1 10 9 0
8 2 11 16 7 0 4 10 8 1
11 5 24 8 4 3 7 9 7 7
12 15 2 5 0 9 11 9 7 2
7 12 4 7 8 11 2 0 2 21
2 4 2 0 10 7 3 7 4 6
5 3 13 4 12 6 7 12 1 10
16 4 11 6 14 2 5 2 16 7
9 4 3 6 4 15 9 2 10 4
8 7 5 6 0 14 13 4 5 8
9 4 6 4 15 7 4 5 3 5
1 5 5 12 8 0 6 4 2 11
5 0 2 12 4 2 2 8 3 8
5 9 7 1 3 4 1 2 2 8
0 1 1 3 7 2 5 0 1 6
2 7 4 9 11 2 16 10 23 8
8 3 6 6 15 6 12 4 0 12
12 3 7 6 11 1 10 16 5 7
10 11 2 24 3 12 4 10 6 6
7 8 7 4 6 9 2 2 2 22
4 15 6 13 3 10 7 7 4 8
20 11 16 6 14 8 0 4 0 1
8 16 5 18 5 2 20 15 5 7
10 0 5 0 5 7 6 13 5 3
7 2 13 11 2 9 2 15 24 8
1 5 9 6 6 15 15 1 12 10
5 2 13 3 12 20 7 10 13 4
4 6 3 1 5 1 5 0 1 1
20 6 7 7 3 3 28 4 4 6
6 15 7 2 6 6 5 1 9 1
9 5 5 12 1 7 7 3 6 3
1 5 14 3 8 4 7 1 1 3
15 2 3 13 2 7 9 3 15 3
4 1 9 1 1 8 1 7 15 12
2 4 6 0 1 3 5 1 2 7
24 2 21 13 7 11 2 9 11 2
9 6 4 4 4 3 11 2 2 5
7 15 15 7 5 2 18 7 4 10
20 2 14 0 6 1 10 13 11 23
13 8 9 5 6 8 16 16 17 5
12 2 12 4 5 0 10 8 3 7
12 8 23 10 4 3 14 4 4 1
5 4 2 0 4 8 3 5 6 2
5 2 2 4 3 2 1 5 4 1
6 4 8 25 11 6 9 2 12 10
2 22 10 1 3 11 1 6 7 21
20 7 5 18 12 3 0 8 5 4
8 2 2 8 5 4 16 10 8 8
4 11 1 0 14 4 21 10 4 1
3 18 11 8 4 13 9 1 13 6
6 4 14 4 17 7 1 2 6 8
4 2 24 2 9 1 2 4 24 3
3 7 2 0 6 0 3 0 5 3
0 13 21 9 14 8 2 9 8 15
1 4 7 1 4 6 5 0 5 1
9 4 6 11 18 6 6 2 6 21
2 8 4 10 1 7 15 12 5 8
5 1 3 4 11 9 0 4 6 2
13 2 3 4 3 8 2 3 16 7
4 10 4 1 19 12 23 3 6 12
6 6 13 2 4 15 6 3 7 1
2 1 4 8 6 7 11 0 0 3
1 3 10 17 21 11 5 3 1 12
5 5 0 3 2 2 2 5 0 7
3 1 3 1 4 2 4 2 2 10
7 20 4 13 3 6 9 0 7 4
1 5 1 3 5 5 5 1 6 4
3 5 1 3 3 3 5 2 3 1
5 6 12 3 6 2 10 8 4 11
19 6 0 12 2 5 1 7 2 5
1 5 18 6 9 18 15 10 0 2
4 21 6 5 4 5 10 13 9 10
0 4 3 3 7 12 1 3 2 11
3 12 2 7 20 17 6 4 6 1
4 7 1 5 1 8 0 1 6 14
10 0 1 13 0 11 13 7 10 19
6 4 15 14 14 6 3 7 17 2
8 2 10 19 8 11 8 15 15 6
2 12 1 3 4 12 5 3 6 6
0 15 13 2 3 10 20 0 2 26
10 10 19 2 1 7 9 17 11 13
26 2 12 17 3 2 4 4 7 5
14 2 1 26 4 6 7 15 7 10
30 8 6 0 16 2 8 3 1 3
12 7 1 6 13 10 5 12 20 2
2 18 6 1 24 4 11 6 2 1
3 9 10 24 1 11 14 16 2 0
17 2 3 3 5 6 12 7 9 28
0 2 8 1 5 14 4 9 6 11
7 2 14 1 19 0 1 4 0 11
2 8 0 3 2 3 12 4 0 3
2 0 7 11 0 10 13 9 3 3
15 10 7 2 7 6 3 7 9 12
7 8 4 4 6 7 8 13 10 9
3 14 3 8 0 1 1 2 2 7
7 8 6 8 12 8 4 10 5 2
2 3 0 1 5 5 3 7 3 1
2 0 3 21 1 3 12 4 6 0
4 7 0 8 3 11 11 18 5 14
5 7 0 1 2 0 8 3 1 20
6 7 1 0 1 4 2 5 6 4
1 6 6 5 11 6 1 13 9 7
3 10 1 3 2 4 8 3 6 6
6 2 3 6 5 5 6 6 1 2
4 11 10 11 6 1 9 5 7 5
0 2 9 0 12 10 20 5 5 10
6 2 12 13 12 16 17 2 11 8
15 8 8 8 15 0 6 8 4 19
1 24 4 14 12 18 7 17 2 3
1 3 10 8 1 6 5 13 8 6
5 7 0 4 3 9 5 9 0 3
0 2 1 4 9 8 6 0 1 2
2 4 6 11 2 5 1 5 4 3
1 0 3 5 10 2 6 9 4 1
7 2 1 4 10 5 5 11 12 8
13 3 10 19 8 3 0 9 1 7
18 8 15 6 15 1 1 3 10 2
14 1 1 10 7 5 7 2 12 6
4 3 1 6 9 1 7 10 5 4
26 12 12 5 2 1 14 10 8 8
0 3 3 3 1 4 4 9 4 0
8 7 2 0 9 1 4 5 1 2
10 16 2 7 16 15 3 15 5 0
10 10 4 2 7 7 3 0 3 3
8 22 3 7 8 12 12 4 12 3
2 1 1 12 0 3 2 9 4 0
0 2 2 2 1 1 4 8 1 1
1 6 4 6 1 10 11 3 12 0
6 5 14 3 1 7 2 1 9 3
1 7 5 1 6 15 2 5 8 9
1 22 0 17 9 10 9 19 2 11
4 1 6 13 2 1 1 6 7 2
11 13 11 1 16 21 6 1 9 8
3 0 14 9 8 6 4 3 12 6
2 6 4 3 2 3 6 2 0 4
5 8 4 5 0 9 1 1 4 5
4 16 1 5 5 3 1 3 3 0
8 13 6 5 10 18 12 0 9 6
16 14 10 13 1 17 5 1 2 7
3 5 2 3 5 3 3 2 0 6
4 9 12 9 1 11 0 16 10 19
5 11 8 6 16 26 0 6 3 17
3 8 2 20 4 1 17 8 21 4
9 15 8 0 8 22 4 19 1 15
2 0 7 6 8 11 6 12 3 15
4 3 12 3 11 2 26 3 20 14
1 1 8 0 7 1 3 1 5 5
9 4 8 7 5 5 8 8 8 13
6 6 10 0 13 9 14 21 13 4
19 4 5 3 14 4 9 23 12 7
16 3 12 11 6 3 17 1 17 11
7 1 15 4 8 3 5 1 6 3
4 0 2 4 0 8 4 1 3 5
4 4 4 4 4 2 6 1 3 5
2 8 1 1 1 2 2 5 0 2
10 14 18 2 1 6 9 16 4 1
3 4 2 6 8 7 19 7 6 4
1 5 3 0 4 8 0 4 7 9
6 1 13 12 18 7 1 17 10 9
0 13 7 12 8 8 3 15 12 16
6 16 4 1 4 15 0 6 1 3
8 14 10 1 8 10 3 4 0 1
6 10 13 8 3 25 16 10 2 2
7 6 16 5 3 5 26 2 4 21
9 2 1 13 3 5 2 3 9 1
6 10 3 4 2 0 8 9 9 4
5 10 11 1 1 10 8 4 2 4
3 6 5 3 1 2 11 1 0 5
2 6 14 29 2 8 4 10 14 8
5 5 4 6 2 6 7 5 2 2
9 3 1 9 1 3 4 12 1 2
9 2 11 6 4 2 12 3 1 8
11 3 4 1 16 1 11 4 8 12
11 6 1 6 3 4 11 11 7 12
2 4 4 2 3 4 6 14 3 3
6 7 7 3 3 14 11 4 12 18
12 13 8 10 3 0 2 0 12 2
5 8 4 6 6 3 1 1 2 7
2 0 1 2 2 5 7 1 3 5
2 9 5 3 2 2 5 2 2 3
2 5 3 8 1 10 6 12 3 10
4 20 7 1 7 5 5 10 15 12
3 3 21 8 16 16 6 5 9 2
0 11 5 14 17 2 1 4 3 8
9 14 2 14 19 4 5 20 14 5
16 11 1 8 2 4 10 8 6 1
2 10 1 2 1 1 1 7 7 4
8 24 10 9 7 7 9 10 8 4
8 4 1 3 0 2 8 0 0 7
3 11 2 14 3 5 12 6 9 6
4 11 13 1 5 6 2 9 4 0
9 10 17 3 1 9 13 9 7 2
3 7 3 7 4 11 1 12 4 3
16 13 15 14 4 12 9 3 3 1
16 5 2 8 10 5 2 11 10 1
0 16 1 1 30 14 2 6 1 5
6 5 6 1 5 4 1 1 5 2
2 3 4 5 4 7 9 5 2 4
7 5 6 2 24 12 12 14 1 3
6 2 1 15 7 3 3 7 2 12
13 7 11 20 0 17 11 4 10 3
1 9 1 8 1 2 8 1 5 9
7 9 13 14 11 10 1 9 17 21
5 21 9 5 14 10 3 2 4 2
6 9 3 6 2 6 2 17 5 11
5 13 5 6 2 4 6 18 7 7
3 3 2 11 2 0 5 0 11 1
5 1 8 7 8 8 14 1 7 1
1 5 7 7 1 5 1 4 2 1
12 1 12 17 16 13 7 3 13 17
3 10 1 2 6 1 1 5 3 7
5 7 3 7 2 3 23 19 4 17
8 13 22 14 6 3 9 10 8 4
8 20 14 2 18 7 2 6 9 19
0 9 6 9 2 7 5 2 4 3
2 7 3 1 2 0 11 6 8 8
6 0 0 22 10 15 1 4 1 22
1 11 5 2 17 12 10 2 8 17
3 0 0 7 2 7 4 1 1 4
8 5 5 4 15 1 12 5 3 9
6 8 2 3 5 4 5 6 11 15
2 7 19 9 13 10 9 12 7 1
3 7 8 3 1 12 8 0 8 3
2 1 2 10 1 6 1 8 4 9
16 10 12 8 24 14 4 1 9 2
11 11 2 5 6 30 5 4 10 14
1 1 3 2 3 3 4 2 7 1
5 9 2 7 1 5 5 33 1 5
1 2 1 7 4 3 2 5 5 1
3 3 1 1 2 8 3 10 1 9
12 8 9 3 8 7 8 6 2 6
1 10 11 2 0 4 6 6 1 4
10 7 10 0 10 8 14 19 4 2
10 18 8 7 10 11 9 1 3 2
11 7 11 15 7 6 6 4 2 4
11 1 22 13 2 19 10 5 7 2
7 3 16 14 20 7 16 3 2 4
8 1 21 1 8 14 18 2 8 16
7 12 2 1 4 12 3 0 9 6
1 6 2 1 23 4 4 11 9 22
4 1 4 3 14 14 7 10 10 21
1 1 4 5 7 4 4 2 2 1
6 0 2 0 11 7 1 6 2 2
8 7 0 1 1 1 4 3 2 2
18 10 14 0 8 4 4 1 2 21
11 7 7 0 8 13 1 8 3 2
7 7 19 14 3 9 7 5 14 7
7 3 3 5 4 1 0 10 0 1
12 1 4 3 5 13 4 7 1 0
2 13 12 7 10 8 5 15 7 3
2 2 12 6 1 0 7 2 5 16
2 8 11 6 3 10 2 13 5 7
0 2 4 8 1 6 1 9 3 7
10 0 4 4 20 11 11 17 3 1
7 22 12 9 1 5 9 5 9 4
2 9 6 13 6 6 8 10 3 7
12 5 2 3 0 2 1 5 0 1
13 1 3 9 1 1 3 5 2 0
11 11 5 2 16 6 16 8 13 7
1 2 7 12 11 4 6 6 6 5
3 2 4 5 3 5 1 2 3 0
8 5 4 1 8 13 14 1 15 5
11 1 6 3 10 23 21 5 0 7
3 15 2 5 7 23 2 1 1 14
7 0 3 0 1 3 0 6 4 3
3 7 12 3 0 7 3 6 9 1
15 20 7 4 14 4 10 1 9 19
2 1 3 0 1 4 2 1 10 6
1 1 7 7 1 13 1 6 0 2
2 21 7 19 11 4 21 4 11 1
1 12 13 11 5 7 3 9 1 3
4 4 11 2 3 7 8 5 4 2
4 0 5 17 4 5 18 2 11 25
20 7 0 0 7 2 14 8 3 1
7 7 3 1 3 0 4 4 19 1
3 2 15 6 4 8 11 8 15 2
5 9 14 4 1 4 10 1 3 4
5 3 0 10 5 3 6 5 1 3
6 13 5 0 13 6 4 7 8 3
9 10 6 1 33 13 6 1 6 4
1 18 9 5 6 7 11 3 4 22
5 16 8 4 8 13 18 6 10 5
11 10 11 5 18 1 6 3 3 2
25 16 0 0 17 13 7 2 8 3
1 7 7 7 7 5 11 0 10 0
3 29 1 1 6 9 12 0 6 9
13 14 2 22 10 10 3 15 9 12
8 6 1 3 10 6 9 2 4 6
2 0 3 2 5 1 6 2 1 4
5 8 11 0 5 6 9 2 1 10
6 9 2 3 10 8 0 17 5 12
14 8 28 14 6 3 8 3 4 13
10 14 6 7 2 2 13 16 0 12
7 5 10 0 8 11 1 3 6 8
12 4 6 2 2 8 2 3 1 1
6 6 7 10 10 12 1 18 8 17
6 10 0 9 15 12 5 8 21 17
3 5 7 14 0 28 4 1 6 6
12 1 8 2 2 14 16 1 5 6
5 9 15 4 3 13 18 7 0 0
23 13 9 9 6 16 2 0 3 17
1 5 7 0 32 6 6 2 1 2
3 11 3 4 1 13 1 7 4 10
2 0 5 3 6 8 6 8 2 2
0 2 2 4 1 2 4 7 7 3
5 7 3 6 8 20 6 3 8 4
11 4 2 16 0 17 6 5 6 2
2 10 4 1 7 3 7 4 0 10
10 6 12 0 6 16 4 9 26 10
10 1 5 1 10 4 1 4 12 4
10 8 1 1 10 3 20 3 12 7
6 0 1 15 7 2 2 6 6 1
7 11 5 3 1 11 24 2 6 1
2 3 10 16 1 2 5 9 3 14
7 4 12 4 1 2 5 4 9 7
6 4 5 6 3 4 9 1 4 4
10 24 2 7 1 2 2 7 9 20
4 6 10 6 2 9 6 12 26 10
10 9 5 6 1 4 6 22 13 2
7 5 10 2 1 12 5 1 2 6
4 4 8 19 15 6 7 3 5 20
2 4 4 4 0 0 0 5 7 5
1 9 3 1 14 3 8 3 1 17
3 6 3 8 8 6 7 2 2 0
7 5 1 0 11 14 13 12 14 12
10 5 5 2 3 3 5 1 2 11
0 5 2 5 3 4 9 12 11 4
19 10 9 6 19 14 9 0 10 7
11 11 15 14 3 6 3 6 18 11
7 3 2 10 5 2 5 5 3 8
0 1 4 1 0 8 5 1 3 1
1 18 5 7 8 11 11 0 0 8
3 17 6 1 6 1 13 6 15 12
10 4 9 12 3 3 5 9 13 13
4 4 7 0 1 2 9 7 2 4
12 7 6 6 3 4 4 3 5 7
3 3 1 3 4 1 7 2 1 7
2 1 4 3 4 3 11 6 2 0
16 9 4 3 10 8 6 0 3 19
15 3 15 4 20 5 1 5 1 3
3 14 6 2 8 7 1 6 1 0
11 2 7 4 5 7 2 2 3 4
3 14 9 1 17 14 2 9 15 17
2 3 9 12 8 1 6 2 12 11
2 3 1 5 0 2 6 3 5 1
3 9 3 0 4 3 2 3 5 10
14 21 4 5 7 4 7 25 4 4
2 9 6 17 0 24 6 11 8 3
6 5 6 16 9 8 1 5 6 6
17 9 10 4 4 13 12 22 2 4
3 6 2 6 3 2 2 4 2 4
10 1 5 19 4 5 18 20 9 7
12 7 10 4 3 5 6 20 2 3
5 1 0 6 1 1 3 0 2 7
21 10 7 3 7 8 7 3 0 0
18 9 22 2 2 15 12 5 13 1
2 24 22 10 3 1 5 9 7 6
0 7 8 8 0 3 6 6 3 5
5 20 14 21 10 4 19 6 8 0
3 3 2 2 5 5 2 1 8 5
1 8 0 3 5 2 0 3 6 7
1 6 8 4 15 5 2 2 11 3
11 16 14 5 4 14 15 2 2 2
5 2 1 1 2 7 8 2 5 0
0 9 16 2 0 10 5 9 17 3
6 9 2 11 1 18 6 8 5 26
7 1 6 9 5 21 9 4 4 4
14 3 9 0 21 4 10 13 7 1
5 12 5 1 7 4 5 6 4 8
9 4 3 4 8 4 9 2 1 7
5 1 18 1 2 12 4 13 24 2
8 24 13 6 2 5 14 1 5 12
2 4 1 8 5 3 2 1 5 2
23 18 10 13 9 2 3 14 5 8
11 4 3 1 14 21 5 4 2 21
6 2 10 7 26 4 24 8 2 7
7 0 29 3 9 8 5 4 3 1
6 4 4 1 2 5 7 2 1 3
15 7 12 1 3 24 5 1 13 11
6 3 6 0 1 7 1 5 3 4
9 13 11 1 8 11 13 9 6 13
1 2 12 0 13 6 0 10 2 3
5 6 5 7 3 5 2 6 7 4
2 3 5 9 1 7 2 4 12 4
4 3 12 21 5 1 7 1 4 6
2 3 12 4 5 4 0 0 6 3
1 6 22 12 5 2 2 1 17 15
5 1 5 7 7 15 8 3 4 1
9 1 15 10 5 6 4 1 3 8
4 1 1 6 3 2 9 1 1 1
0 8 3 0 3 2 1 1 1 2
2 4 0 1 4 2 2 5 8 1
0 12 11 8 12 7 6 0 3 7
6 5 2 2 6 7 1 12 0 0
1 17 8 1 7 3 5 14 13 4
2 2 4 3 2 1 0 2 5 6
3 4 5 8 1 11 5 7 3 10
3 2 9 7 5 6 1 2 9 3
2 1 3 6 7 1 2 7 7 3
0 14 13 3 8 4 6 3 8 9
6 4 6 12 1 1 18 1 3 4
25 7 6 4 5 4 4 1 4 12
7 13 7 8 1 6 9 0 12 4
7 3 2 4 1 8 9 1 5 1
5 14 1 13 20 16 20 7 2 4
1 6 4 2 9 10 4 6 5 2
4 5 4 7 1 9 5 2 11 9
4 2 2 3 10 0 0 12 11 6
14 3 13 5 12 16 2 10 9 4
5 16 6 0 5 9 7 0 10 4
1 3 5 2 4 2 6 5 3 0
5 2 3 4 0 4 1 2 6 1
10 4 3 21 2 13 6 16 8 3
16 2 6 16 9 11 14 8 6 12
21 6 10 11 4 15 0 3 15 4
2 3 3 3 1 3 5 6 2 0
8 5 0 12 1 26 17 6 7 2
11 7 6 19 7 18 12 9 1 8
5 2 6 19 0 2 9 5 3 12
2 9 5 2 6 8 2 14 7 7
1 0 1 4 1 9 7 3 4 2
4 1 6 4 11 14 5 2 3 2
3 17 8 7 3 19 12 9 6 4
26 6 4 6 15 11 7 3 9 3
3 4 1 7 7 9 5 0 6 3
6 2 12 1 5 4 1 1 5 7
3 3 4 9 1 1 2 5 6 1
1 7 4 12 6 3 2 10 0 4
1 3 3 4 5 6 6 7 0 2
0 5 11 19 7 17 1 12 9 1
12 5 7 5 3 3 10 4 3 2
0 0 0 1 6 3 1 0 3 7
9 2 4 13 9 3 8 15 2 17
3 4 7 0 5 8 10 9 4 4
3 10 1 8 5 2 22 12 21 0
7 8 0 4 2 19 6 19 4 15
2 2 3 3 0 8 8 2 4 5
2 4 1 6 3 1 1 5 5 3
18 2 18 16 2 9 8 6 9 11
5 1 0 0 6 7 0 8 3 11
21 15 4 5 8 3 7 1 1 7
9 8 4 7 4 13 2 6 5 10
10 1 9 11 10 8 17 16 6 11
1 3 5 2 1 6 2 5 2 0
6 10 0 2 5 11 23 23 16 3
4 2 2 7 10 2 3 7 5 5
10 7 1 3 5 4 1 4 8 5
4 2 1 4 7 12 0 4 4 10
2 1 2 2 6 3 5 8 1 2
6 6 1 8 5 1 3 6 6 7
14 8 2 25 15 5 1 6 9 6
1 6 0 5 7 11 2 3 2 1
8 4 5 18 5 1 1 11 7 7
21 10 1 7 12 9 3 3 13 11
13 4 3 17 2 10 5 17 9 14
1 0 5 5 3 2 9 1 2 2
15 3 0 3 21 8 8 5 2 22
1 1 7 1 1 5 2 4 0 9
7 26 11 8 3 4 11 13 8 8
13 7 12 9 1 2 3 7 6 5
8 20 8 20 2 4 21 3 3 9
9 2 14 10 14 2 8 4 20 1
1 6 2 12 1 6 4 0 6 5
11 3 6 5 1 3 3 0 18 5
2 1 6 9 4 20 7 10 7 5
4 6 1 4 4 2 4 4 6 2
7 5 21 3 18 9 19 4 6 15
3 16 12 17 6 14 17 6 4 2
9 3 9 6 1 5 8 1 7 5
14 13 7 13 3 9 6 2 10 5
2 6 2 10 1 1 5 1 0 3
9 10 4 4 14 1 7 7 7 14
2 11 19 16 6 1 10 12 6 21
2 2 12 1 7 8 8 7 20 4
3 7 6 4 6 8 9 15 3 16
2 3 6 3 2 4 3 6 1 5
2 6 4 1 2 10 3 0 5 8
5 14 2 12 5 12 16 9 14 7
7 1 15 1 11 5 11 3 5 9
13 5 2 4 7 2 4 5 2 0
11 3 11 9 12 8 7 11 3 5
0 3 0 2 26 10 3 2 9 6
23 8 10 5 4 6 4 3 14 9
5 1 4 4 12 1 6 3 3 0
12 5 15 10 15 7 2 18 5 5
3 4 16 3 4 8 1 1 4 19
2 0 3 11 23 8 9 5 8 12
5 6 8 4 4 12 9 2 6 2
1 4 6 15 5 7 11 14 28 10
10 0 5 6 24 3 2 15 19 1
8 8 10 11 4 2 19 6 1 9
2 2 7 7 3 4 10 6 3 1
2 6 3 7 6 10 2 7 0 4
1 3 6 4 5 8 3 2 16 14
1 0 5 1 5 10 8 0 3 12
7 6 0 10 9 11 6 2 1 13
1 2 1 2 6 1 6 1 5 4
6 5 0 15 8 4 5 2 12 8
4 8 10 5 2 8 26 2 7 10
6 6 4 2 3 3 0 1 5 2
17 5 12 10 14 2 2 10 15 19
2 5 12 9 13 6 13 5 3 3
13 19 12 8 4 2 16 5 13 10
4 4 16 10 2 4 4 16 7 1
5 5 7 4 1 5 1 1 3 3
9 2 1 13 7 15 14 2 7 17
21 7 3 8 15 3 8 7 5 3
3 7 4 16 23 11 14 5 0 17
2 17 10 2 2 2 12 10 9 2
2 20 5 12 13 6 2 12 18 4
0 1 1 6 7 6 2 5 1 10
10 4 7 8 5 4 1 1 2 11
14 2 7 9 1 4 3 12 12 1
8 1 10 0 5 9 22 3 4 5
8 1 3 2 1 6 5 1 1 2
9 0 5 3 12 1 5 4 21 8
16 6 6 3 1 8 12 0 1 6
2 2 1 6 7 1 0 1 0 3
2 6 3 7 2 9 4 3 7 2
12 2 8 9 5 10 7 4 1 1
1 7 2 1 4 15 6 1 7 2
5 7 9 3 3 8 2 0 1 5
6 1 5 2 0 5 13 7 0 3
5 3 0 8 1 3 16 0 0 2
9 4 19 7 0 14 15 4 12 7
9 15 6 5 10 3 6 15 4 7
6 0 3 7 8 2 0 4 8 1
2 11 17 16 14 6 3 21 10 4
11 1 11 7 2 1 10 7 14 11
5 8 12 4 4 6 6 2 4 9
0 2 7 5 6 3 7 5 6 3
6 3 1 19 9 0 6 11 1 5
4 3 4 2 6 2 12 21 1 16
6 3 11 3 25 11 15 1 2 1
13 1 1 8 5 18 2 7 9 0
3 12 8 8 18 7 15 2 5 0
6 8 6 7 4 4 3 1 6 2
8 1 2 9 12 6 9 15 3 11
4 2 6 1 4 6 0 2 6 4
4 4 0 3 2 3 8 3 2 6
3 7 9 10 3 7 9 15 0 5
5 14 9 11 7 6 7 26 3 1
8 6 2 3 1 3 3 2 1 10
7 4 2 15 8 15 12 20 4 10
0 11 2 1 0 3 19 4 5 9
5 2 4 1 20 9 1 8 9 19
13 10 9 16 16 5 4 18 6 16
3 3 11 11 0 14 18 9 14 14
9 11 7 1 1 20 13 1 14 1
9 2 10 4 9 2 5 5 4 3
3 1 26 5 9 10 13 17 3 5
6 9 1 4 2 2 2 3 2 9
15 8 2 1 4 7 17 7 2 7
2 2 4 1 1 0 1 0 11 5
10 2 14 9 0 2 3 2 15 11
1 1 6 6 1 0 13 3 6 5
17 3 3 7 1 8 10 11 5 9
9 12 8 13 2 1 18 16 13 8
5 9 4 3 11 0 3 1 9 4
12 5 8 2 3 11 11 7 12 1
5 0 6 2 3 1 16 12 5 4
1 5 8 3 9 7 14 11 6 4
5 16 13 13 7 12 2 5 2 10
4 17 1 1 5 7 4 4 21 7
9 5 2 13 19 2 1 9 13 7
1 7 3 14 11 18 20 2 2 8
1 24 10 4 5 2 9 1 19 2
2 1 7 1 4 5 8 2 15 14
9 8 21 1 13 4 16 16 8 5
14 6 8 6 2 7 17 4 6 23
11 3 16 7 3 0 7 2 9 5
17 23 1 8 8 5 6 7 8 0
5 13 9 1 2 7 8 4 4 6
6 2 5 4 1 2 3 6 8 5
0 10 1 7 2 15 13 11 6 18
7 17 1 3 8 9 2 4 12 6
12 10 7 6 11 20 3 5 1 22
4 9 9 10 5 10 9 9 2 9
1 2 10 6 21 6 4 20 4 4
7 1 1 2 20 7 1 3 5 13
6 19 8 10 4 13 19 13 3 7
6 4 8 7 9 21 0 8 6 6
2 3 1 5 3 4 4 5 13 6
2 5 5 7 15 5 3 6 2 4
2 10 7 5 11 14 9 2 6 3
8 4 1 2 9 4 5 4 1 3
7 2 7 3 7 12 11 20 10 24
17 7 3 1 14 7 7 12 6 3
8 0 1 10 6 5 14 14 4 5
17 19 5 1 3 1 4 4 12 5
1 2 10 15 6 12 8 7 12 1
2 9 2 4 5 0 26 16 2 1
8 1 3 6 4 0 3 1 2 4
4 4 3 18 5 5 5 4 1 5
9 8 1 2 7 15 9 0 7 9
12 18 2 6 3 8 16 1 3 17
7 1 5 1 14 2 2 7 3 2
3 2 10 11 6 1 3 2 2 14
10 2 3 21 0 2 16 5 7 12
18 8 11 6 7 1 9 20 15 3
15 7 4 4 0 8 18 8 9 8
4 6 4 5 14 11 10 2 2 11
19 9 14 2 4 11 12 7 14 13
1 5 5 6 5 0 1 3 3 7
2 2 1 13 1 4 10 1 4 1
4 1 12 6 0 0 7 5 2 5
3 14 9 2 1 9 14 9 5 1
4 3 5 4 3 7 2 8 4 2
8 1 1 0 3 6 18 2 0 7
3 5 4 8 15 6 24 4 6 15
15 28 8 16 2 4 2 9 2 5
13 1 1 9 7 3 9 4 2 21
4 6 14 9 18 6 4 1 8 8
5 21 7 2 1 7 16 20 3 13
14 8 3 1 2 4 10 21 22 5
7 18 17 1 11 14 8 12 0 15
1 12 4 4 4 2 9 9 5 4
15 21 12 9 10 13 7 9 1 11
6 0 7 3 1 1 7 6 0 3
1 7 1 3 5 2 10 5 9 5
8 15 4 8 15 5 7 5 8 3
8 2 1 10 5 1 1 6 13 2
10 13 9 5 5 3 2 14 2 24
1 1 1 3 3 2 5 8 1 2
2 2 6 1 7 4 1 3 1 2
22 6 14 7 9 1 6 16 4 1
7 15 1 6 1 7 3 17 8 2
1 2 12 13 4 4 12 9 18 12
3 2 1 8 4 8 3 3 4 0
1 5 4 9 3 0 0 15 0 1
12 1 4 15 8 4 7 12 4 12
9 2 4 5 11 2 2 5 7 3
5 3 13 6 7 0 5 0 7 9
4 2 18 14 3 9 23 11 9 4
2 14 20 5 22 2 3 6 4 11
1 2 13 2 1 4 3 25 1 19
4 5 4 13 3 13 2 4 12 1
1 2 4 3 6 7 4 4 6 2
32 10 9 9 9 3 4 2 9 7
5 11 2 1 3 4 6 1 4 1
2 5 1 1 0 6 0 21 17 2
7 5 4 10 7 6 14 3 11 4
4 18 2 14 13 7 2 13 6 16
4 6 5 4 4 2 11 4 1 4
5 1 2 19 20 10 2 2 3 6
6 28 13 6 0 6 4 3 16 15
7 5 0 10 9 4 0 1 4 8
17 3 10 3 4 8 1 7 7 4
4 8 4 6 0 4 1 1 4 11
6 2 3 9 2 10 4 0 2 3
3 12 10 6 2 2 4 6 4 1
15 1 14 2 1 6 16 12 4 19
9 12 7 7 20 2 6 13 12 11
1 2 13 2 13 7 2 4 23 12
8 3 3 7 1 1 1 3 2 5
11 13 12 1 12 25 4 2 2 15
6 11 5 5 6 3 3 10 4 2
2 4 2 1 0 1 9 4 6 5
2 2 1 3 1 13 2 14 3 7
8 10 9 5 1 1 6 1 11 10
17 3 10 5 14 11 3 4 10 5
3 1 3 19 4 6 5 18 2 1
4 6 8 9 10 5 15 3 16 2
12 16 6 13 21 17 1 5 4 16
4 4 3 10 8 4 2 3 4 4
1 4 14 4 4 5 5 12 0 18
7 21 14 5 4 4 7 16 21 0
10 7 6 9 3 17 1 21 17 5
22 5 4 5 5 11 7 0 0 5
14 10 11 0 1 10 4 15 8 4
16 6 1 9 3 4 4 18 19 5
1 3 4 4 6 3 2 2 5 5
10 4 9 4 7 5 17 5 6 16
9 11 6 17 9 12 5 8 10 4
4 13 2 17 5 2 11 9 5 5
12 3 4 18 7 12 1 14 8 1
6 1 2 10 15 1 10 4 1 7
0 13 5 3 6 2 18 9 21 4
3 9 5 25 3 19 11 12 5 15
5 10 6 13 13 7 9 7 4 0
8 5 9 2 7 3 8 5 3 1
3 5 5 1 1 5 5 5 0 7
5 2 1 8 0 5 3 2 5 0
7 3 3 2 1 12 5 22 3 17
5 15 4 1 7 9 1 2 8 9
4 3 1 5 7 3 9 4 0 1
2 13 9 1 11 7 20 23 3 10
11 0 16 3 17 5 20 9 13 6
3 13 5 1 11 29 1 4 10 1
5 0 10 5 9 1 9 18 0 15
0 13 8 7 9 2 0 2 12 11
2 12 2 8 4 12 5 5 0 1
6 17 11 20 14 0 3 4 1 1
1 10 1 7 6 0 11 0 2 2
0 7 8 1 2 11 11 0 8 12
6 5 11 6 5 2 4 1 5 5
1 0 5 7 6 6 4 8 10 9
16 22 8 3 2 12 11 14 4 1
2 92
3 10
3 48
3 59
4 28
4 35
6 16
6 62
8 48
8 104
9 96
10 46
10 101
10 105
11 22
11 85
11 90
13 95
13 109
14 89
15 44
15 114
16 82
17 40
17 87
17 103
17 108
18 50
18 73
18 88
18 96
18 104
19 41
19 63
20 79
20 91
21 33
23 79
24 93
24 110
26 112
26 121
28 79
28 95
29 117
29 122
31 66
31 89
31 125
32 67
33 66
33 91
33 99
33 127
34 97
34 121
35 88
38 55
38 120
38 126
39 135
41 64
41 84
41 85
41 139
42 80
42 138
43 89
43 133
44 51
46 50
46 80
48 53
48 65
48 145
49 92
49 94
49 118
49 135
49 142
50 94
50 110
51 97
51 111
51 124
51 147
52 89
52 138
53 82
53 90
54 58
55 79
55 80
56 111
57 83
57 121
58 79
58 157
60 73
60 106
61 86
61 124
61 146
62 98
62 149
63 88
63 117
63 143
63 163
64 107
65 75
65 111
66 82
66 109
67 70
69 70
69 157
70 134
70 140
71 87
72 83
74 153
75 127
75 162
76 94
76 101
76 121
81 97
81 136
81 150
82 131
82 154
82 160
83 156
84 89
84 95
86 114
86 185
87 93
87 101
87 139
87 168
87 179
88 120
90 110
90 148
91 125
92 166
92 170
93 193
94 134
94 137
94 145
95 183
96 99
96 183
98 132
98 140
101 130
101 135
101 139
103 121
103 184
104 175
105 148
106 166
106 172
106 202
107 152
108 176
109 164
109 167
110 139
111 136
111 194
112 134
113 205
114 135
114 139
114 170
114 208
115 117
116 144
116 187
116 193
116 196
117 121
117 193
118 158
118 194
119 146
119 162
119 168
119 195
120 145
120 186
121 204
122 161
122 200
123 124
125 155
126 132
126 201
127 134
127 197
127 209
129 214
130 154
131 174
131 216
131 226
132 200
133 144
134 224
136 208
137 222
137 233
138 188
138 200
139 206
140 175
140 204
141 182
142 198
143 159
143 183
144 150
144 198
144 224
147 191
147 223
149 158
152 206
153 178
153 226
154 155
154 162
154 201
154 254
155 224
156 222
157 170
157 245
158 169
159 212
159 235
159 238
160 175
161 174
162 171
163 196
164 190
164 192
166 177
168 195
168 221
168 238
169 190
169 211
169 264
170 233
171 180
173 234
173 243
173 257
175 204
175 254
176 183
176 193
176 270
177 212
179 233
179 244
180 203
181 202
181 241
182 263
183 192
183 211
183 234
184 198
185 220
187 212
187 258
187 283
188 277
189 214
190 193
190 237
190 247
190 260
190 282
191 199
191 200
191 222
191 259
192 205
193 214
193 229
193 263
194 227
194 239
194 261
194 267
194 278
196 242
196 270
196 280
197 277
197 281
198 272
199 232
199 270
200 248
200 256
201 227
201 291
202 242
203 209
203 223
203 236
203 246
203 248
204 278
204 292
205 235
205 245
205 257
206 262
207 243
207 268
207 271
208 248
208 273
209 283
210 305
210 306
212 236
212 295
213 272
213 293
214 300
214 304
214 310
215 231
215 288
216 267
216 270
217 224
217 248
218 274
218 286
219 295
220 249
220 283
221 320
222 246
222 286
223 305
224 263
224 313
225 282
225 318
226 243
227 274
229 247
229 267
229 294
231 264
232 273
232 280
232 316
233 273
233 332
234 309
236 244
237 253
237 308
239 258
239 333
240 297
240 324
240 325
240 333
242 312
242 338
243 313
243 318
243 342
244 269
244 310
244 328
245 285
245 340
246 275
246 346
247 253
249 250
249 337
251 268
251 271
251 298
252 303
253 333
253 348
253 350
254 263
255 291
255 306
255 317
257 322
257 342
257 343
258 310
258 330
260 279
261 279
261 285
261 339
262 299
263 293
263 334
263 345
263 348
264 325
266 294
266 303
267 291
267 355
268 278
268 364
269 286
271 339
272 330
273 290
274 293
274 328
274 350
275 313
275 359
276 328
277 334
277 376
278 280
278 318
278 340
278 345
280 297
280 316
280 355
280 368
281 340
284 300
285 320
286 338
287 304
287 315
287 325
287 378
287 385
289 316
289 370
289 377
291 321
291 343
294 346
295 351
296 326
297 333
297 392
298 311
298 346
299 340
300 334
300 338
300 381
300 398
301 354
301 398
302 388
303 345
303 392
303 401
304 322
304 325
304 346
304 348
304 393
304 404
306 373
308 337
308 378
309 319
309 362
309 363
309 398
310 329
310 343
311 316
311 380
311 399
311 404
312 321
313 357
313 403
313 411
314 322
314 389
315 337
316 334
316 395
317 325
317 349
317 416
318 400
320 337
320 392
321 328
321 355
322 378
322 390
323 339
324 360
325 329
325 331
326 351
326 389
326 404
330 346
330 350
331 366
331 370
331 404
332 391
332 430
333 341
333 356
333 403
333 428
333 431
335 354
336 362
336 364
336 381
337 407
339 370
339 379
339 384
339 414
341 354
341 415
341 431
342 345
342 365
343 414
344 357
344 410
344 429
345 348
345 371
345 391
346 360
346 441
347 349
347 388
348 363
349 415
350 394
351 363
351 395
351 446
352 354
352 362
354 364
354 416
356 422
356 450
357 363
357 390
357 425
358 415
359 386
359 430
359 455
361 365
362 448
362 450
363 426
364 373
364 436
365 379
365 404
365 409
365 432
366 427
366 436
367 413
369 371
370 397
370 436
370 451
371 392
371 394
371 403
371 429
371 453
372 391
373 444
374 432
375 397
376 408
377 387
377 439
377 469
378 435
378 450
378 454
380 440
381 481
382 428
382 443
384 444
385 422
385 446
385 456
385 465
385 466
386 425
386 484
387 392
387 428
387 442
387 452
387 459
387 472
388 439
388 454
388 483
389 454
389 475
390 398
390 488
391 392
391 408
392 430
392 433
393 397
395 455
396 437
396 439
397 406
398 418
398 497
400 455
401 423
401 436
402 430
402 431
402 480
403 409
403 417
403 461
404 439
405 429
405 451
407 437
408 449
408 496
410 446
410 461
410 486
410 498
412 508
413 481
413 510
415 500
417 459
417 473
418 434
418 452
418 463
419 446
419 487
422 445
422 484
422 495
423 482
424 432
426 484
427 447
427 466
429 465
429 470
429 497
430 443
430 471
430 491
431 445
431 460
431 503
431 519
435 504
435 514
436 459
437 449
437 463
437 525
438 455
438 498
438 513
438 529
439 446
439 521
439 536
441 511
442 499
442 528
443 535
446 458
446 463
446 499
447 515
448 488
448 537
450 490
450 493
450 532
451 522
452 490
453 540
454 463
455 470
456 503
457 538
458 516
460 554
461 519
464 486
465 511
465 530
466 549
468 505
469 476
469 522
470 472
470 479
470 483
470 548
471 483
472 510
473 556
474 518
476 516
476 519
476 540
476 546
476 556
477 542
478 491
478 495
478 507
478 520
479 549
481 544
481 560
482 518
482 528
482 564
483 520
484 550
485 528
485 572
486 496
487 508
487 529
487 540
487 569
488 506
488 570
488 573
489 490
489 501
489 569
490 552
491 591
493 513
493 585
493 591
495 594
498 523
499 520
499 533
499 552
501 547
501 586
501 592
503 545
503 550
505 554
506 605
507 597
508 526
509 565
510 568
511 562
511 567
512 573
512 604
513 516
513 521
513 557
513 608
514 580
518 546
519 567
520 613
521 590
522 605
522 617
523 588
523 618
524 541
524 594
526 571
526 616
526 626
528 617
529 530
530 628
532 618
533 560
533 588
533 593
533 606
534 576
534 581
534 615
534 617
535 616
536 544
536 579
536 626
537 566
537 586
537 596
538 637
539 542
539 555
539 560
539 606
540 595
541 616
541 624
541 626
542 544
546 581
546 617
547 631
549 552
549 631
550 578
550 589
550 597
551 617
552 555
553 612
554 646
555 647
556 617
558 599
558 607
558 619
560 571
560 643
561 585
562 565
562 589
564 579
564 604
564 607
565 571
565 587
565 610
567 620
567 644
569 649
571 575
572 585
572 609
573 600
575 601
575 625
575 649
575 660
576 605
576 630
576 676
577 585
577 591
577 595
577 603
578 587
578 611
578 629
578 651
579 658
580 611
580 624
580 659
580 660
581 609
581 670
582 603
583 590
584 586
584 616
584 668
585 599
585 674
586 633
586 655
586 669
587 616
587 630
587 642
587 657
588 633
588 644
588 666
589 680
590 597
590 624
590 685
591 655
592 614
592 618
592 653
592 677
593 641
594 611
594 620
594 659
596 611
596 628
597 618
597 686
598 653
598 673
598 680
599 613
599 659
599 680
600 696
601 639
601 640
602 623
602 633
602 692
603 620
603 702
604 672
604 683
604 704
605 669
605 696
606 608
606 625
606 641
606 667
606 674
607 613
607 679
608 636
608 638
608 650
610 649
611 642
611 661
611 702
612 679
612 712
613 639
613 641
613 705
614 624
615 661
616 685
617 627
617 702
618 625
618 649
618 683
619 629
619 635
619 684
619 712
620 657
620 679
621 649
621 710
622 647
623 632
623 639
623 671
624 649
624 691
624 700
626 631
626 715
627 722
629 635
630 729
633 657
633 719
633 721
634 718
634 723
635 660
635 676
635 732
636 710
638 669
638 733
640 682
641 662
641 677
642 704
642 728
643 712
645 690
646 704
646 735
647 715
648 690
648 718
649 670
649 672
649 730
649 734
650 710
650 723
652 673
652 720
654 698
655 690
656 738
657 718
657 734
658 674
659 668
659 697
659 715
660 689
660 720
661 705
661 744
664 673
665 728
665 751
667 680
667 708
667 757
668 709
668 710
668 715
669 768
670 690
670 750
670 753
671 745
672 687
673 735
673 743
673 769
675 698
675 758
676 687
676 764
677 694
677 741
678 690
678 763
678 764
679 744
679 775
681 701
682 695
684 692
684 780
685 712
685 725
686 720
686 782
687 785
688 707
688 773
690 732
691 707
693 706
694 744
695 732
696 750
696 759
697 740
697 765
698 738
698 782
699 771
700 722
700 790
701 710
704 750
704 788
707 733
707 750
709 710
709 754
709 764
709 776
709 784
711 728
711 800
711 811
712 719
712 763
712 810
714 734
714 767
715 779
717 776
717 780
717 811
718 780
718 786
718 797
719 819
720 734
721 737
721 739
721 815
723 749
725 743
726 764
726 813
728 743
728 799
729 790
730 778
730 816
732 743
732 745
732 761
733 785
733 824
734 796
734 832
735 774
739 754
740 807
741 746
741 757
741 781
742 778
742 781
742 800
743 772
743 816
745 765
747 767
748 789
749 817
749 838
750 760
750 814
750 823
751 771
751 779
752 801
753 845
755 768
756 851
758 850
759 764
761 781
761 782
761 786
761 808
761 842
761 843
763 809
763 846
764 837
767 797
767 861
768 800
768 803
768 847
769 795
769 808
769 868
770 834
770 838
771 846
771 865
772 785
772 820
773 863
775 780
775 796
777 781
777 871
779 861
780 789
781 814
782 787
782 792
782 802
782 825
783 839
785 839
785 863
786 844
787 790
787 804
787 832
787 839
787 875
788 798
788 842
789 829
789 887
790 805
790 851
790 864
791 834
793 800
793 838
794 803
797 811
798 844
799 811
799 857
800 835
800 869
800 900
802 866
802 902
803 831
803 872
803 876
803 879
804 813
804 820
804 844
805 843
805 873
806 809
806 879
807 903
808 872
811 880
811 892
812 889
813 882
813 885
813 908
813 911
814 876
814 882
815 867
816 820
816 916
817 856
817 871
817 878
817 879
817 896
818 872
820 826
820 914
821 841
821 881
821 900
821 920
822 884
822 913
823 825
823 853
825 911
826 902
828 863
829 841
829 915
830 862
831 850
831 896
832 846
832 853
832 864
834 926
835 842
836 842
836 889
837 898
838 849
838 864
838 887
839 925
840 886
841 924
842 854
842 910
843 878
843 880
843 912
845 892
845 914
846 902
847 856
847 871
847 915
849 869
849 895
850 871
850 949
851 876
851 894
851 908
852 870
853 917
854 856
854 864
854 904
854 933
854 937
854 947
855 873
855 895
855 920
856 897
856 934
857 923
858 893
858 927
858 945
859 887
859 922
860 886
860 915
860 924
861 887
861 908
861 924
862 870
863 865
863 944
864 870
864 942
867 935
868 872
869 897
870 941
871 941
871 958
872 900
873 888
873 900
873 934
874 898
874 925
874 950
875 946
876 914
876 916
876 970
877 962
878 898
878 904
878 912
879 894
879 918
879 952
879 967
880 882
880 956
881 895
881 941
882 884
882 944
884 909
884 921
885 985
886 908
886 912
886 979
887 898
887 938
889 927
889 951
889 972
890 909
890 954
892 953
893 903
894 975
895 904
895 905
895 941
895 965
896 944
896 971
897 934
897 974
898 955
898 977
898 997
900 911
900 932
901 923
901 981
902 922
902 956
904 941
904 977
906 949
907 914
907 973
909 919
909 926
909 996
911 946
911 951
911 977
913 937
914 937
914 992
915 1000
917 950
917 981
918 921
918 938
919 965
922 951
923 943
924 935
924 980
925 988
925 994
926 928
926 936
926 977
926 984
927 948
927 998
928 971
929 964
932 935
932 986
933 939
934 978
936 963
937 994
940 969
940 992
941 963
941 972
941 974
943 955
944 964
946 962
946 981
947 959
950 956
950 995
951 957
951 972
952 988
952 990
952 995
953 980
953 1000
954 966
954 999
955 989
956 962
958 961
959 993
962 969
962 983
962 990
963 984
964 995
965 994
969 977
971 995
974 986
978 982
985 1000
1 11 8 21 0 13 4 20 16 8
9 27 17 8 2 23 2 11 17 22
16 4 26 7 14 1 12 8 0 25
0 3 11 5 18 38 32 11 4 12
3 10 7 3 0 13 13 6 3 5
12 7 1 9 12 19 6 9 11 13
21 6 6 21 28 8 30 9 4 19
18 25 14 21 9 4 9 20 8 12
14 22 11 16 1 1 2 6 7 15
20 22 18 11 18 6 18 2 5 17
13 23 31 9 3 8 15 22 14 11
8 13 23 2 29 14 6 8 4 41
4 1 4 7 1 5 11 17 9 1
11 4 1 10 13 3 13 17 10 6
2 14 4 3 8 0 13 4 13 1
2 25 21 20 21 6 11 3 8 17
15 15 27 25 9 25 3 1 21 4
11 1 3 8 11 4 3 9 6 9
10 11 1 20 21 11 17 28 10 14
3 22 17 17 27 1 13 6 7 27
15 12 19 22 22 9 4 5 13 9 5 17 20 11 30 14 11 17 5 15
47 29 29 43 62 26 13 23 41 15 30 26 68 42 64 27 32 51 22 27
29 18 16 28 36 17 12 2 17 7 11 19 39 21 32 19 9 26 19 19
21 11 19 23 30 15 11 8 17 9 8 17 38 27 46 22 11 27 18 25
10 4 5 7 9 2 1 1 8 1 1 3 6 3 12 5 2 2 2 7
17 15 8 4 23 8 4 8 16 4 14 7 22 8 18 1 13 7 6 1
31 23 10 9 21 9 1 12 30 3 9 12 24 6 21 13 18 18 1 14
14 9 13 15 28 2 7 1 18 13 3 12 13 1 19 16 11 9 1 14
14 10 3 6 4 6 1 3 12 1 1 8 8 1 6 4 10 13 1 2
5 11 12 7 16 10 7 1 19 14 2 8 8 2 16 13 16 12 2 12
11 4 10 6 9 1 2 6 14 5 5 1 15 8 15 8 2 8 1 12
5 3 6 8 10 1 1 1 4 2 1 5 12 2 11 2 6 5 1 1
7 1 8 6 7 1 1 1 8 9 1 4 4 1 11 9 10 1 1 7
36 36 39 41 52 34 12 7 35 15 14 40 50 29 51 30 30 46 10 29
21 36 44 35 50 36 22 10 43 31 21 40 44 31 47 18 22 51 13 24
22 2 27 29 27 14 16 3 11 4 1 14 39 25 34 10 14 26 10 14
5 1 1 3 7 1 1 1 3 1 1 2 8 1 10 1 1 1 1 1
39 26 27 39 53 32 22 5 24 12 15 27 53 30 49 24 22 41 23 20
30 28 41 26 35 30 11 23 38 23 17 34 43 31 51 34 33 45 11 33
9 7 12 6 10 4 3 3 13 4 4 3 7 7 8 3 5 5 4 6
30 29 50 24 54 28 26 36 58 42 32 23 49 36 56 35 35 45 19 33
36 13 17 35 44 37 27 18 27 10 12 11 52 45 45 6 24 48 30 7
16 11 13 10 14 8 4 8 20 9 6 8 17 13 23 12 11 15 7 14
33 31 36 35 50 26 20 21 39 20 23 32 51 28 41 16 25 43 11 16
18 1 43 23 28 12 30 23 30 28 14 18 37 32 27 27 3 37 17 29
21 7 25 28 32 14 15 1 15 12 5 16 30 14 29 18 14 20 7 16
6 5 3 1 6 3 1 1 6 2 3 1 11 3 5 1 4 3 3 1
14 8 1 2 17 12 7 1 11 2 6 1 24 13 16 1 6 11 12 1
19 23 21 10 28 31 16 9 38 18 1 24 26 21 41 22 31 37 9 22
16 12 21 4 19 9 12 16 27 15 18 4 28 21 28 14 10 19 13 16
23 24 30 22 34 19 7 15 26 9 22 15 40 24 35 5 15 28 6 8
22 6 25 27 29 18 20 6 17 6 3 9 44 31 38 15 1 33 17 19
13 9 16 17 22 1 10 6 14 9 8 14 20 6 11 7 4 13 4 7
15 9 28 33 37 20 16 1 9 14 4 20 37 25 37 13 17 32 10 10
14 7 9 14 14 4 2 1 8 4 1 9 16 4 18 9 13 11 1 7
46 38 29 32 47 23 8 21 44 12 24 26 50 26 44 26 31 39 15 29
30 28 32 20 33 29 18 26 40 21 17 33 34 23 23 24 24 37 19 24
34 21 32 35 48 21 23 23 35 22 24 23 51 33 40 22 23 37 20 24
40 21 37 39 57 19 21 16 32 18 18 25 60 35 55 26 26 38 14 28
10 8 20 15 11 4 9 6 18 11 1 12 12 8 11 8 12 20 2 10
10 1 11 18 16 3 5 1 3 1 1 5 21 7 12 6 1 10 1 6
14 6 15 14 15 1 2 1 15 2 1 2 17 5 12 6 1 12 1 11
39 22 9 28 53 26 19 9 31 14 11 13 50 26 55 22 29 35 18 20
18 12 17 12 23 6 6 8 26 7 5 13 25 12 25 8 10 21 1 13
30 21 16 24 44 13 8 6 25 14 14 21 37 15 45 25 22 16 12 24
3 1 2 1 6 3 1 1 7 4 1 1 10 4 13 3 7 2 3 3
9 1 18 3 13 7 11 9 16 8 5 2 31 27 31 7 7 26 12 12
12 6 31 19 15 12 18 12 19 16 10 6 30 25 22 14 8 26 10 15
2 1 3 5 6 1 1 1 1 1 1 3 6 1 10 1 1 1 1 1
14 5 16 12 20 4 7 5 12 7 4 7 20 13 23 6 13 12 4 11
15 3 28 19 25 1 15 14 21 15 8 10 34 21 31 17 9 24 5 22
34 9 14 20 30 22 13 17 30 13 14 3 48 38 49 18 26 42 20 17
9 5 7 8 10 4 3 1 8 8 1 3 7 4 11 10 11 6 4 6
6 3 7 4 16 6 4 1 8 8 2 6 11 5 10 5 7 8 5 2
22 17 19 5 20 17 11 11 32 10 8 10 34 21 29 10 16 32 10 10
7 9 13 11 16 6 1 1 8 3 7 12 17 6 19 1 2 8 2 4
37 15 30 27 35 40 29 8 25 2 2 20 50 41 36 4 26 48 28 6
31 29 21 17 32 21 9 15 34 9 15 22 31 16 30 10 24 31 10 10
16 11 6 9 15 5 1 1 12 1 5 7 11 4 12 6 6 6 4 5
13 4 22 19 11 5 11 12 15 12 8 5 26 18 25 19 6 20 5 22
11 4 15 15 17 12 6 6 9 7 3 10 23 16 34 12 7 16 11 14
17 16 7 4 9 7 1 4 19 6 6 7 8 1 7 5 15 10 1 4
36 22 26 32 39 33 18 17 31 7 4 25 47 32 49 17 20 45 19 20
7 1 7 6 6 1 1 2 8 3 1 1 11 7 13 6 2 7 1 8
15 7 14 17 14 10 6 1 11 1 1 3 27 15 22 8 5 18 7 11
10 4 12 13 14 5 6 1 6 6 1 9 11 5 16 8 5 6 5 9
4 3 7 8 11 4 1 1 2 1 1 8 5 3 9 1 1 3 3 1
8 6 1 1 2 3 1 1 8 2 1 1 3 1 4 2 8 5 1 1
8 1 5 9 8 2 1 1 2 1 1 2 7 2 6 5 1 3 2 4
19 18 33 40 45 22 25 5 28 25 1 31 35 18 37 30 27 34 8 27
34 29 33 32 50 25 22 15 45 31 16 32 50 35 66 45 35 44 16 46
11 14 15 12 16 13 9 1 20 16 1 12 8 5 16 16 22 18 4 12
11 7 3 3 11 1 1 1 8 1 2 1 18 6 9 1 10 8 1 1
32 26 36 44 52 22 12 14 29 20 20 35 54 34 54 32 21 37 21 34
16 11 14 11 18 9 7 3 18 4 5 8 17 11 19 5 6 14 8 10
31 36 31 34 45 37 16 10 34 18 25 28 55 38 50 10 20 47 17 13
45 24 47 40 62 31 35 20 42 26 23 32 70 47 71 37 31 53 30 38
7 4 12 5 11 1 2 2 13 3 1 1 25 14 19 2 10 15 1 5
6 10 32 24 24 18 21 7 28 23 1 19 19 17 24 20 18 32 9 22
16 3 12 21 31 14 10 1 5 6 1 13 29 17 40 11 11 16 12 9
24 11 21 26 32 22 22 7 27 4 2 12 38 27 30 4 7 36 16 10
16 13 10 10 11 12 5 1 15 1 1 9 18 8 2 1 8 20 1 1
3 2 1 1 1 5 1 1 3 1 1 1 6 5 2 1 4 9 5 1
20 11 20 18 14 4 8 11 21 11 7 8 29 17 29 21 9 24 7 24
10 6 4 5 8 6 1 1 8 6 5 1 10 6 10 6 7 4 6 3
21 24 23 22 33 24 3 5 25 14 12 23 36 22 43 11 15 31 7 14
47 31 37 33 56 25 17 34 50 23 31 20 58 36 53 25 34 44 13 28
16 25 24 13 29 19 14 8 37 22 10 17 23 15 34 21 27 24 7 23
19 19 26 35 38 26 11 2 14 15 12 22 47 34 51 14 16 36 12 17
14 6 16 15 15 5 4 6 14 5 1 7 20 11 22 11 6 13 5 15
19 20 19 13 34 15 6 9 23 9 16 11 31 16 29 5 18 23 7 3
22 16 18 16 23 23 8 10 24 10 5 18 30 22 41 15 17 31 11 14
20 9 37 35 38 23 27 9 26 22 2 23 36 28 41 26 17 40 15 28
4 4 3 1 2 1 1 1 7 2 1 1 4 1 3 1 6 4 1 1
4 2 6 5 2 1 1 1 4 1 1 1 2 1 3 1 3 5 1 1
5 1 15 1 4 1 5 9 17 7 6 1 18 10 17 7 1 13 2 12
7 1 17 6 5 1 7 11 15 9 7 1 14 12 17 11 1 14 4 15
36 28 15 20 34 14 4 13 28 3 16 16 31 10 23 9 20 24 1 7
9 4 5 4 7 1 1 1 9 1 3 1 13 2 9 1 2 3 1 3
29 8 18 32 43 20 23 10 23 12 1 14 46 31 42 15 12 34 22 19
33 30 19 4 26 20 1 20 38 2 16 12 31 17 31 7 25 27 1 9
23 20 27 18 35 13 12 17 29 11 19 10 39 20 26 6 18 24 5 10
22 12 24 27 37 15 20 16 24 24 14 20 34 19 28 25 14 20 16 22
18 10 26 27 47 20 20 6 23 21 4 25 34 21 46 23 22 29 14 22
20 10 20 26 32 8 13 10 20 12 10 17 32 11 21 17 4 16 9 18
14 6 8 13 8 3 1 1 10 1 1 3 18 5 17 7 11 13 1 8
6 4 13 13 8 9 9 1 4 1 1 5 18 12 8 1 4 16 5 1
33 14 24 30 53 19 17 12 30 18 11 17 51 29 52 25 25 36 16 27
52 39 45 45 64 40 29 30 52 29 25 36 65 37 50 35 42 54 19 30
13 10 16 2 5 6 7 14 25 9 7 9 16 12 20 10 10 20 4 14
5 3 12 3 8 1 1 2 12 2 1 3 7 3 9 1 1 7 1 5
8 2 5 8 8 2 1 1 3 3 1 2 8 3 7 6 4 4 2 3
18 13 30 35 40 24 16 8 19 17 11 22 46 34 53 14 9 37 15 18
27 10 31 18 27 21 22 20 33 22 13 21 43 34 49 28 17 44 20 28
23 23 57 53 61 28 34 22 40 42 20 41 59 41 68 42 32 56 12 44
24 16 37 25 40 15 20 24 41 28 15 31 40 25 45 30 20 36 12 30
7 6 4 1 9 4 1 1 15 6 1 9 3 1 16 5 15 6 1 5
27 31 38 26 52 33 28 23 52 31 21 33 40 26 49 27 30 44 19 30
2 1 7 1 3 1 1 2 8 3 1 1 12 4 13 2 4 4 1 5
7 4 9 7 9 6 4 1 6 6 1 5 12 6 12 5 8 6 6 3
20 12 9 14 27 4 3 1 18 7 7 8 23 5 26 11 10 10 4 11
41 37 40 27 51 37 14 21 45 27 18 42 48 30 55 39 45 45 19 36
5 2 11 7 5 1 2 1 6 1 1 2 10 5 6 1 2 7 1 4
18 8 21 23 31 16 14 1 19 13 1 12 34 22 42 21 16 28 12 22
25 19 16 11 15 20 9 10 27 4 7 9 31 21 22 8 13 31 12 10
21 10 32 24 39 23 17 4 20 12 10 18 49 35 45 10 21 36 14 12
32 20 15 34 46 23 8 15 20 12 29 11 52 32 44 10 24 33 13 1
15 7 7 9 14 5 1 1 12 4 1 3 11 4 15 8 8 7 3 7
33 24 35 39 58 22 17 22 34 21 26 29 61 40 61 24 18 42 19 29
7 1 15 8 7 1 4 8 11 8 4 1 14 9 21 11 7 8 1 14
5 4 5 6 9 1 1 1 4 1 1 6 6 1 9 1 2 3 1 1
7 3 1 2 4 1 1 1 5 1 1 1 3 1 2 1 1 1 1 1
28 16 28 9 34 11 16 18 40 25 20 17 37 27 46 27 24 29 15 28
5 3 10 9 9 5 4 1 6 5 1 4 15 7 11 2 6 11 5 1
31 20 32 27 37 18 14 16 34 11 8 24 48 28 38 20 21 39 5 23
26 24 49 45 54 43 46 16 45 37 11 33 52 42 48 34 29 55 27 34
25 19 27 23 34 11 13 12 32 18 14 12 37 17 39 26 18 24 4 27
6 6 16 13 17 14 10 1 16 10 1 7 21 16 28 11 18 22 5 11
20 17 40 40 42 23 21 16 28 20 18 29 46 30 37 19 2 36 16 24
17 9 26 26 23 18 18 6 17 12 1 19 25 18 19 11 18 30 10 10
6 5 9 3 9 3 2 1 9 1 3 4 8 4 6 1 1 4 3 4
11 14 11 13 9 11 1 3 11 1 1 16 17 6 14 2 11 21 1 1
26 15 23 17 29 13 12 14 29 19 8 18 35 24 45 26 24 29 13 27
16 8 8 12 21 4 3 1 13 9 4 5 13 4 14 12 9 6 4 9
21 5 20 18 34 7 8 9 19 16 7 13 32 22 45 23 19 20 7 25
29 22 27 33 43 17 11 7 33 18 9 27 37 20 39 32 26 30 14 33
39 31 17 19 36 16 7 14 30 8 14 26 33 10 29 21 25 21 7 18
24 14 19 7 26 4 8 13 33 16 14 12 33 19 38 17 20 24 6 18
4 2 6 2 1 1 1 1 7 2 1 1 1 1 10 3 6 4 1 4
16 10 11 10 18 6 1 4 15 1 6 6 22 13 22 6 12 12 6 9
20 10 29 27 31 12 15 9 27 18 1 18 36 22 34 25 20 32 5 27
37 33 38 31 51 33 13 25 46 28 27 13 54 36 61 29 41 42 15 24
30 11 32 30 40 22 32 24 36 25 13 21 46 36 55 26 14 45 28 30
7 1 40 27 31 21 30 21 27 28 11 20 43 39 41 24 14 40 21 27
17 6 1 7 16 12 7 1 12 1 3 1 19 12 15 1 1 12 12 1
34 28 38 28 46 30 19 23 44 23 17 36 49 33 40 27 32 44 17 25
20 8 23 10 27 3 10 13 25 8 16 6 40 26 36 10 9 24 7 14
18 14 31 32 37 13 18 16 27 21 13 27 31 16 32 22 8 25 12 24
11 3 2 9 14 1 1 1 4 1 2 5 10 1 10 4 1 1 1 3
6 4 7 8 12 4 1 1 6 1 2 4 21 7 14 1 1 9 3 1
4 4 20 9 16 12 12 11 20 19 7 13 16 19 33 18 13 20 11 20
40 16 40 31 58 24 26 22 33 26 31 28 68 48 67 27 14 48 25 30
25 21 23 31 46 16 11 1 25 17 9 29 30 13 48 32 26 17 9 31
25 3 9 17 30 15 8 5 16 7 2 3 36 25 45 15 20 25 14 16
7 1 7 3 9 8 4 1 5 1 1 2 12 9 13 1 1 8 8 2
26 17 29 25 39 18 17 20 35 15 18 19 47 34 38 12 22 40 15 18
32 35 39 31 51 28 15 16 44 27 12 45 36 14 46 37 35 40 6 35
26 13 35 32 33 19 24 14 24 18 12 15 50 37 42 26 13 39 21 29
9 8 10 9 15 1 4 1 11 7 5 9 13 1 14 5 8 6 1 4
14 6 13 13 21 4 7 1 7 4 7 2 29 14 13 1 12 14 1 1
29 22 35 27 32 23 17 19 37 17 8 25 35 23 24 25 24 38 9 25
33 16 29 31 30 20 17 6 21 4 8 15 41 26 28 13 13 30 16 17
25 7 28 22 24 13 15 11 21 12 6 9 40 30 35 17 19 36 8 18
17 12 19 15 31 13 4 6 20 10 10 13 33 22 39 9 25 26 8 11
28 19 27 37 35 16 14 13 21 15 15 29 33 20 34 29 15 26 19 32
48 30 25 28 46 32 28 31 53 21 19 17 58 40 57 24 21 52 28 27
9 4 32 16 19 6 19 13 22 14 10 7 33 22 21 11 4 26 6 17
45 37 43 38 52 37 23 36 55 24 28 31 56 38 47 26 26 54 21 28
3 4 1 1 1 1 1 1 4 1 1 3 1 1 1 1 3 3 1 1
6 3 12 7 5 4 1 5 10 6 1 1 15 10 14 5 7 10 4 8
32 19 35 41 53 16 18 17 32 22 19 32 56 33 52 33 17 36 18 35
1 1 1 1 1 3 1 1 1 1 1 1 4 4 4 1 1 5 3 1
17 18 13 13 35 9 1 3 11 4 17 14 31 13 29 1 11 12 1 1
25 17 24 18 31 18 13 8 31 12 10 8 40 21 38 17 21 31 8 18
15 9 11 9 16 1 1 2 16 4 5 1 24 7 21 8 10 9 1 9
24 14 15 15 28 5 2 9 22 8 12 6 29 10 29 14 13 12 2 15
15 16 12 14 22 14 5 1 13 6 6 16 24 10 22 3 13 21 7 1
36 30 18 28 38 17 4 7 24 1 17 17 45 16 36 13 18 29 4 11
36 22 23 19 39 22 11 16 32 5 18 2 52 33 45 9 20 34 13 13
33 20 17 16 29 13 7 12 29 9 14 14 40 27 42 22 16 28 14 26
30 18 37 51 52 30 23 21 27 24 22 33 53 37 47 22 24 49 17 20
6 1 6 7 11 1 1 1 3 1 1 6 7 1 10 1 1 1 1 1
18 15 14 10 19 7 4 5 26 9 8 7 25 11 25 10 18 17 2 11
34 25 38 43 61 37 31 17 39 26 17 22 66 51 61 13 21 58 23 20
24 17 40 19 28 33 32 19 42 28 10 24 38 37 44 31 26 55 20 30
8 8 8 1 5 1 1 2 17 1 3 1 10 3 6 1 1 8 1 5
13 11 24 12 18 4 13 13 26 16 11 11 21 13 21 13 9 17 5 17
21 23 27 27 33 14 4 5 24 12 15 23 34 17 34 10 6 26 2 15
5 1 15 13 19 1 7 4 8 6 1 12 13 9 20 5 6 9 2 9
14 13 24 18 26 11 5 8 18 9 8 19 29 21 32 3 19 29 2 9
20 7 27 25 29 24 22 8 23 15 1 8 39 33 42 18 21 35 18 19
6 4 22 8 4 4 9 8 18 8 4 2 18 16 13 7 6 23 1 11
7 2 11 16 7 11 7 1 4 3 1 2 18 14 13 6 5 16 7 5
21 25 36 23 27 28 10 16 27 11 12 28 41 30 34 13 23 42 7 15
44 35 26 33 42 30 11 18 35 15 18 36 41 29 48 34 36 33 24 32
16 12 9 5 17 4 1 5 17 4 10 1 18 7 19 5 11 4 4 6
4 2 6 6 6 5 1 1 6 4 1 2 11 8 9 3 5 9 4 2
30 23 24 36 43 21 11 10 23 19 15 32 37 19 46 36 27 26 19 32
30 15 29 29 37 26 19 7 25 12 1 27 39 21 30 20 25 38 11 15
8 7 13 14 15 1 6 1 10 3 1 9 14 3 3 1 4 13 1 1
20 13 16 22 33 15 10 1 19 13 2 17 25 15 38 24 19 20 13 24
46 38 34 32 49 36 14 24 45 20 20 43 45 33 44 41 33 46 28 40
49 38 46 43 60 47 34 31 48 23 26 39 64 42 48 27 29 61 28 23
3 2 2 1 3 1 1 1 7 1 1 1 1 1 5 1 3 1 1 1
1 1 7 5 7 5 4 1 1 2 1 6 4 5 4 1 1 7 5 1
14 2 26 15 25 12 19 12 24 22 6 9 26 21 34 24 10 27 13 26
1 1 1 2 4 1 1 1 3 1 1 1 13 2 6 1 3 4 1 1
13 9 15 6 20 4 4 4 20 10 4 4 21 14 22 6 15 14 4 9
33 14 16 23 37 20 16 13 27 3 12 4 47 27 41 9 10 28 18 14
11 1 10 13 9 4 1 5 8 1 1 4 15 7 19 10 4 8 4 14
44 35 13 22 34 28 5 13 31 3 17 21 47 24 34 24 25 37 16 19
9 3 21 15 12 11 9 4 11 7 2 4 20 18 15 7 7 18 7 8
19 11 34 33 42 25 24 15 30 27 12 22 39 30 40 24 31 38 16 24
1 2 3 2 1 1 1 1 2 1 1 1 4 1 1 1 5 5 1 1
36 31 26 27 51 35 16 20 34 11 27 16 50 33 50 4 18 35 21 5
12 5 8 7 11 2 1 4 12 4 4 1 15 6 17 7 6 4 2 10
2 4 8 9 14 3 1 1 2 5 3 10 15 6 23 2 9 6 1 2
22 14 17 12 23 11 5 5 24 8 5 10 27 13 25 9 29 25 1 7
10 3 23 11 17 7 13 12 19 17 8 9 24 18 30 16 8 20 10 18
47 35 42 25 53 43 34 43 65 25 29 30 58 47 51 27 27 61 30 31
36 24 13 7 33 22 3 16 31 1 20 3 41 27 38 1 29 32 10 4
10 8 17 12 15 5 9 6 16 9 4 11 9 7 12 6 7 10 5 10
6 6 11 7 5 3 2 1 9 1 1 5 10 6 10 1 6 11 2 4
11 7 1 7 12 1 1 1 8 1 3 2 11 1 7 2 3 4 1 1
22 10 13 16 20 21 13 10 23 5 3 11 28 23 37 10 11 29 17 14
12 7 12 3 22 10 8 1 20 8 3 5 19 13 22 5 8 17 9 7
4 14 18 19 20 11 1 1 9 5 11 14 27 13 19 1 1 17 1 1
20 21 34 34 36 24 13 6 23 16 7 29 37 22 31 13 19 37 5 11
13 11 9 8 7 6 2 1 15 1 2 6 12 6 6 1 7 14 1 2
40 33 14 24 37 18 4 14 29 1 17 21 42 15 35 15 22 28 9 13
41 29 31 27 42 30 17 15 41 13 15 19 48 26 44 20 37 41 9 20
40 41 39 48 58 33 17 9 35 24 24 43 55 27 47 25 22 47 11 23
33 36 46 46 65 33 24 27 45 36 39 43 58 42 57 23 28 47 22 29
13 3 9 17 20 6 2 1 4 1 2 5 28 11 20 5 3 10 3 4
33 16 15 17 29 19 15 11 32 5 9 7 39 23 37 12 8 29 15 16
10 6 3 1 9 1 1 1 12 1 4 1 9 1 9 1 1 1 1 3
50 30 23 36 51 34 15 12 35 14 21 24 58 41 57 31 38 46 29 30
32 31 23 30 46 20 6 6 24 10 19 27 46 24 48 14 16 27 12 17
23 28 33 29 32 24 11 18 35 28 23 30 36 28 48 25 18 37 10 28
17 14 18 24 22 13 7 1 12 6 2 17 21 9 16 8 13 23 1 3
14 1 19 25 30 8 10 5 10 12 5 12 27 16 34 13 22 21 2 12
15 10 26 32 37 25 14 1 10 13 5 19 40 26 47 16 12 30 12 15
34 29 48 27 55 35 33 23 51 30 30 28 63 45 64 25 27 59 23 27
26 27 20 10 33 25 1 13 27 5 15 24 39 28 40 7 26 34 7 10
21 13 26 35 39 12 15 12 21 14 9 30 32 15 35 24 1 21 14 28
18 24 15 11 22 21 3 6 20 7 10 21 22 13 21 6 16 23 8 3
38 25 37 34 41 29 24 16 34 13 16 26 54 37 43 22 13 49 21 24
19 6 10 14 28 15 12 3 13 9 5 4 32 24 28 5 21 27 14 3
1 1 6 5 8 5 3 1 1 1 1 6 4 5 9 1 1 5 5 1
6 2 1 2 4 1 1 1 4 1 1 1 6 1 7 1 2 1 1 1
30 26 24 30 41 35 11 4 24 7 17 22 54 37 42 1 20 47 12 2
8 8 19 11 13 9 5 5 17 3 1 10 25 18 25 3 9 23 5 8
21 4 1 15 25 7 1 1 2 3 3 6 26 15 32 15 15 10 8 11
20 15 23 16 32 20 16 13 26 9 13 7 40 23 24 4 11 30 12 6
9 5 10 7 11 11 7 1 11 1 1 1 27 18 16 1 2 19 7 2
9 5 9 9 10 1 4 1 6 4 4 4 12 3 5 3 4 6 1 1
16 12 10 13 19 3 3 5 17 1 10 7 20 8 17 3 5 10 2 6
32 32 46 43 51 37 28 28 45 32 26 43 56 39 54 30 17 54 24 34
14 14 28 13 20 6 15 15 31 15 14 9 28 20 18 12 6 27 9 18
19 21 31 28 40 16 12 7 29 20 14 23 34 18 41 18 17 29 7 20
6 3 10 9 14 6 5 1 5 4 1 10 11 6 14 1 5 6 6 3
16 7 14 18 19 14 11 1 8 4 2 2 31 20 21 8 13 21 10 5
4 2 17 9 11 1 6 6 14 7 1 8 7 7 9 5 1 10 2 10
5 2 9 9 12 8 2 1 3 2 1 7 10 8 21 4 3 7 7 4
29 14 20 27 41 22 24 17 32 10 8 9 47 30 39 7 5 35 21 16
10 1 6 13 8 3 2 1 4 1 1 1 18 6 12 5 2 7 1 6
17 14 27 26 30 32 28 5 28 19 1 15 29 28 34 18 22 38 19 18
11 7 14 13 13 10 8 1 9 3 5 1 21 13 7 2 3 14 6 1
11 18 34 28 34 18 16 4 24 20 11 24 26 18 28 13 16 29 5 15
15 10 20 15 21 11 12 5 19 6 6 6 29 19 22 5 6 23 10 10
12 8 18 18 21 5 1 3 11 6 6 10 26 11 28 9 4 13 1 11
9 7 16 14 10 5 8 1 10 6 4 4 15 8 7 5 7 12 1 4
18 10 4 12 14 3 1 1 11 1 3 3 21 4 14 7 8 10 1 6
10 1 28 14 17 1 14 10 22 18 6 9 25 17 31 19 10 24 3 20
22 15 26 31 40 26 14 10 26 21 16 20 48 34 56 19 10 36 16 22
26 22 27 36 49 28 27 5 32 26 1 33 37 22 50 32 31 39 17 30
26 19 26 29 38 5 12 14 30 11 12 20 34 12 28 16 9 24 5 21
35 29 34 40 43 30 20 1 34 15 8 30 37 24 38 31 29 40 14 31
36 18 36 36 45 22 19 28 38 19 14 32 54 38 50 32 25 49 16 35
25 18 5 6 22 16 5 4 23 1 10 1 34 17 25 1 15 24 9 1
26 19 29 18 39 18 18 21 41 23 16 22 46 32 43 20 29 42 14 22
29 14 35 36 37 29 27 9 25 18 1 27 38 32 38 25 21 45 22 27
16 13 19 17 23 14 10 5 25 14 7 11 26 17 30 17 16 23 8 18
19 18 22 10 31 13 8 13 28 7 15 10 33 18 32 3 11 27 6 8
1 1 1 1 2 6 1 1 1 2 1 1 8 6 9 1 5 4 6 1
31 33 25 20 43 25 14 14 43 20 12 30 27 9 38 25 36 31 3 21
11 8 29 11 16 5 16 14 25 20 10 10 28 22 29 16 18 28 7 19
24 13 29 25 39 9 13 10 30 21 14 23 39 21 49 34 14 26 12 35
1 1 8 2 3 1 1 1 3 1 1 1 3 1 7 1 1 1 1 2
12 7 25 17 25 13 12 5 20 11 5 11 33 23 29 10 15 23 8 12
36 36 35 31 42 26 5 15 37 16 20 33 53 30 50 30 22 43 6 29
30 5 39 23 42 26 32 35 43 33 26 21 56 51 50 29 24 57 32 29
21 20 27 24 42 24 14 7 22 14 18 18 39 24 36 7 15 33 9 5
18 16 20 24 39 19 11 1 14 17 12 21 28 17 33 14 11 22 11 11
34 17 13 33 44 25 22 11 27 16 2 16 42 26 49 19 16 31 25 21
21 11 26 26 22 13 12 6 19 11 1 17 26 18 27 18 15 28 6 19
27 5 19 26 33 15 10 15 22 8 17 4 46 33 39 13 16 30 10 13
13 11 12 5 15 3 1 6 19 8 9 1 21 7 19 7 11 8 3 9
25 15 9 7 31 15 9 4 28 9 8 6 32 18 39 11 23 22 11 12
34 23 18 31 50 22 18 14 29 12 17 25 49 24 42 23 13 32 23 24
16 6 21 14 19 2 10 10 24 11 5 12 22 11 25 15 4 21 3 20
15 9 20 12 12 9 6 12 22 8 4 10 27 18 29 15 15 26 5 16
20 12 7 7 19 5 1 6 19 1 9 1 27 8 26 7 9 11 2 9
12 13 7 9 22 6 1 1 10 2 7 9 26 11 19 1 12 14 3 1
8 6 9 12 20 4 1 1 6 7 4 10 16 5 25 8 11 4 1 5
10 4 13 14 11 11 7 1 8 1 1 1 24 17 20 6 8 15 9 8
5 5 1 1 5 1 1 1 7 1 1 1 8 1 4 1 1 1 1 1
28 27 32 26 44 23 18 21 42 23 15 35 41 21 34 24 27 36 13 21
35 24 7 10 31 15 1 12 30 3 14 11 36 17 36 9 27 24 6 11
30 27 15 21 39 19 11 5 30 16 10 23 31 10 40 25 29 23 10 21
12 17 40 36 37 18 12 8 24 25 16 25 44 28 49 22 9 33 3 26
27 5 15 23 29 17 8 16 21 9 16 3 44 33 40 14 20 30 15 13
14 12 31 25 25 19 12 7 18 12 7 15 37 29 36 11 15 33 10 12
40 22 17 33 43 28 14 12 30 3 17 15 53 36 46 20 12 38 24 23
32 34 43 38 50 41 16 10 33 21 15 40 49 31 49 26 34 49 11 22
13 7 13 10 18 5 2 1 18 9 1 5 12 5 24 16 12 9 1 17
18 11 40 36 50 30 31 18 34 32 10 33 41 32 57 33 18 40 23 35
21 16 29 11 28 17 17 20 36 15 9 21 39 28 33 16 17 39 13 20
31 15 34 16 41 17 29 24 47 30 21 19 44 32 45 29 16 40 24 31
11 8 5 9 8 4 1 1 9 1 4 1 11 6 5 4 4 9 4 3
49 41 31 28 44 39 4 24 39 15 23 42 51 35 51 39 38 46 30 37
16 7 25 23 20 14 15 3 15 4 3 7 25 20 14 5 2 25 10 10
10 7 16 18 17 6 1 1 9 2 1 12 17 9 24 6 4 15 2 10
18 12 6 7 16 15 9 1 19 1 6 3 24 16 17 1 5 20 14 4
21 18 27 34 36 16 11 10 23 14 7 32 29 18 34 21 8 28 12 26
8 1 21 14 23 11 13 10 15 16 1 10 24 23 30 14 13 21 12 16
1 1 2 1 1 3 1 1 3 1 1 1 9 4 9 1 3 6 3 1
46 32 39 52 66 39 31 26 46 30 25 38 62 48 69 39 20 52 38 45
21 13 8 14 13 10 1 4 16 1 3 10 19 7 17 9 12 16 5 10
36 17 20 23 36 32 16 8 24 3 3 17 46 32 38 14 25 40 17 9
51 25 19 42 62 38 22 16 40 22 21 27 55 39 59 36 42 50 32 27
32 27 40 36 47 33 25 20 46 28 7 39 46 29 49 40 29 50 18 40
23 11 1 10 21 12 3 1 12 3 1 7 24 10 26 12 14 15 10 8
40 25 15 34 38 32 19 14 29 7 2 20 43 28 40 16 14 41 24 18
7 2 12 7 8 1 1 3 10 5 1 1 10 5 12 6 3 6 1 8
10 4 8 8 10 4 1 1 6 6 1 5 7 4 10 8 7 4 4 6
28 34 36 36 52 28 15 13 37 22 25 35 51 32 49 14 16 41 15 22
32 3 37 35 40 34 30 18 20 17 15 14 57 52 49 14 31 50 29 12
34 34 28 41 51 24 5 8 26 16 28 32 51 27 51 26 18 31 17 25
26 19 20 17 32 14 7 9 28 13 5 24 24 9 33 20 28 19 3 18
31 28 22 9 26 19 3 14 36 8 14 14 30 14 23 16 29 29 1 13
18 6 37 27 29 23 28 11 25 12 3 20 42 34 32 10 8 44 19 15
26 13 13 10 32 16 8 9 23 1 12 2 38 21 36 3 11 21 11 7
33 18 21 34 45 33 35 23 35 24 13 18 43 34 34 19 3 37 34 22
8 5 8 8 8 1 2 1 6 1 3 1 13 4 3 1 1 6 1 1
34 15 25 29 53 28 24 17 32 13 13 10 59 42 54 6 22 44 21 13
6 6 11 4 7 7 3 3 12 1 2 2 11 10 10 1 3 12 7 6
43 25 21 29 53 23 6 22 34 7 29 14 54 31 55 13 32 35 14 13
14 17 26 15 22 18 7 10 26 12 2 23 24 16 32 15 28 29 4 15
13 7 12 5 15 1 1 5 16 4 7 2 14 6 15 5 3 3 1 8
14 4 22 24 28 7 11 11 17 13 1 18 27 15 28 20 4 16 10 25
48 41 42 17 43 33 13 35 53 17 32 22 60 43 49 23 43 52 13 25
19 7 24 15 20 13 18 12 24 13 9 5 30 27 29 14 6 31 17 18
11 10 4 2 8 5 1 2 17 1 1 8 7 4 11 1 5 9 1 3
27 30 27 15 44 25 6 18 33 14 29 14 54 37 54 4 23 39 8 9
9 1 5 10 9 1 1 1 5 6 1 4 15 5 15 8 10 7 1 6
7 3 2 2 8 1 1 1 5 1 1 1 11 5 11 1 7 1 1 1
21 11 32 33 29 21 15 1 12 2 2 22 32 23 28 3 9 32 10 7
6 6 11 5 8 1 2 1 11 1 2 3 11 3 8 1 2 7 1 4
7 5 7 6 4 1 1 1 8 1 1 2 7 2 5 2 4 7 1 3
21 10 5 7 20 13 4 1 15 4 1 3 27 16 25 6 19 21 9 3
19 13 15 28 27 9 1 1 10 5 8 20 29 13 37 20 10 17 8 20
33 19 21 9 32 25 21 22 47 18 14 17 42 33 43 21 19 44 22 22
25 12 35 29 36 27 24 3 24 15 1 25 34 28 36 13 31 39 15 14
7 2 10 1 10 1 1 5 14 4 5 1 23 13 19 3 6 10 1 8
26 19 33 15 30 11 14 21 36 13 23 7 39 27 31 10 14 33 5 13
9 1 15 11 15 1 2 5 6 2 2 4 21 15 24 3 9 14 1 7
26 14 24 28 36 14 6 17 26 16 12 23 36 21 47 20 28 33 2 18
29 21 31 35 53 29 24 19 36 22 21 27 48 31 48 19 13 39 23 21
19 25 42 35 52 29 22 12 41 34 17 35 45 29 55 28 19 44 12 32
7 5 25 13 10 5 12 8 17 8 5 3 26 17 17 6 6 21 2 11
48 25 33 30 44 49 27 33 44 17 24 18 66 59 54 24 41 66 33 18
31 16 32 39 47 32 32 12 36 23 2 21 46 36 55 26 31 51 19 30
33 30 29 43 50 34 15 9 20 17 22 37 48 34 53 26 17 37 28 25
30 37 41 45 59 29 17 10 35 33 22 44 46 29 64 33 28 39 13 37
50 42 23 36 44 31 12 20 39 12 31 25 53 32 43 29 30 40 26 29
26 18 33 31 45 10 19 19 40 26 15 25 40 18 41 32 14 31 9 34
39 31 29 23 32 33 12 17 35 10 21 10 42 31 28 6 31 41 15 3
15 30 41 30 33 38 17 12 37 29 15 35 37 34 49 23 23 53 10 25
48 26 17 37 48 27 13 21 37 19 22 20 46 32 50 31 40 39 22 22
12 8 23 5 22 10 13 13 25 19 11 6 31 26 36 17 19 22 13 19
31 14 2 8 33 17 5 7 18 1 13 1 39 21 33 3 17 19 10 1
14 13 9 10 5 10 5 6 16 5 1 10 14 7 8 5 15 19 1 5
11 15 19 9 12 16 4 11 24 12 5 18 17 15 29 13 19 24 7 13
26 13 21 28 34 13 11 4 17 10 8 13 42 26 37 19 15 26 12 21
16 11 24 19 28 9 11 4 26 16 2 14 25 13 29 17 21 23 2 19
4 1 12 16 10 8 7 1 1 1 1 6 19 12 12 1 3 12 4 1
16 10 17 14 25 5 2 5 22 8 7 7 26 12 29 12 11 15 3 13
6 4 7 2 6 1 1 1 10 5 2 1 6 2 8 4 6 3 1 5
11 24 23 21 23 21 3 4 18 14 13 28 16 14 22 4 13 23 4 7
19 17 29 21 32 15 14 11 33 21 6 22 29 20 45 22 35 35 1 23
25 9 7 20 22 12 5 11 15 7 12 5 30 20 25 9 26 25 9 5
7 1 13 13 8 1 4 1 4 5 1 3 12 5 13 7 5 7 1 7
11 11 21 11 28 9 9 5 24 15 8 13 24 11 28 11 17 17 5 14
8 6 15 12 6 5 6 1 10 2 1 5 15 7 10 1 9 14 1 3
15 10 8 10 14 5 1 4 15 7 5 7 11 7 18 10 11 8 5 10
16 14 18 21 23 18 12 1 12 5 5 15 29 17 22 4 11 27 9 1
30 27 21 1 27 21 5 19 37 8 15 14 39 25 35 14 29 31 10 15
38 31 38 23 49 27 22 27 47 19 24 32 55 35 54 24 23 48 18 27
40 21 8 28 48 18 2 11 23 6 20 11 53 28 49 18 29 31 15 12
34 28 56 38 54 35 37 18 47 33 26 38 57 43 59 27 33 58 24 31
5 6 20 11 23 14 13 3 17 15 1 16 16 13 32 11 17 20 10 14
11 7 15 12 12 1 5 8 19 13 4 6 18 12 23 15 13 16 1 16
13 13 10 1 12 1 1 6 21 4 8 4 15 7 13 4 5 10 1 9
3 3 12 9 11 7 1 1 5 3 2 9 12 8 18 2 4 10 5 4
15 15 9 4 19 5 1 4 20 10 10 7 12 5 14 9 15 6 5 7
18 12 20 16 33 4 11 7 27 17 8 14 24 7 28 18 18 13 3 19
23 22 17 28 43 21 5 1 16 16 16 24 43 22 48 18 12 23 13 18
38 21 16 33 47 23 16 8 24 5 16 19 47 26 38 17 10 33 21 17
26 20 22 30 38 8 11 8 23 10 9 26 30 10 32 19 10 19 9 23
16 13 8 7 20 3 3 1 18 9 7 9 14 1 17 10 14 8 1 6
40 27 28 38 45 37 20 11 29 15 11 33 50 35 47 32 33 47 26 27
1 2 8 1 5 2 1 1 8 7 1 2 2 3 9 6 9 3 2 6
17 10 5 13 15 2 2 1 11 4 7 1 20 5 11 9 6 8 2 6
31 19 39 29 45 19 23 17 38 21 19 18 45 27 47 28 21 36 9 29
15 6 14 16 13 5 3 2 12 1 3 1 24 12 16 8 1 12 2 12
31 13 38 34 35 21 25 12 30 12 6 25 42 28 29 15 16 41 13 18
1 4 12 9 13 3 1 1 5 8 3 11 5 2 17 6 8 4 1 5
4 5 4 1 6 4 1 1 7 9 1 1 4 4 8 8 11 5 4 5
8 9 23 13 13 9 10 12 23 12 2 17 13 14 13 8 10 26 5 14
10 1 14 14 15 11 11 2 9 3 1 4 18 16 21 4 1 19 11 9
6 1 22 6 14 1 9 8 17 12 7 2 27 19 22 8 6 18 5 12
27 30 49 39 53 35 27 5 37 26 15 37 55 38 57 19 37 53 10 21
6 6 14 16 18 10 4 1 2 9 5 15 11 9 19 6 6 10 6 2
43 22 42 28 50 24 32 27 43 21 28 17 66 44 54 27 16 50 25 32
15 8 18 17 30 13 15 5 21 7 4 14 27 17 27 4 4 20 14 9
8 7 7 8 5 6 1 1 10 1 1 4 12 8 9 1 7 12 6 5
6 1 18 12 7 6 5 7 10 5 3 5 18 15 20 8 3 15 5 12
13 3 17 17 14 9 10 1 6 1 2 6 19 12 9 2 3 15 5 3
32 18 35 23 32 17 22 19 38 16 17 18 46 29 35 20 12 41 14 24
24 13 32 33 35 22 19 11 19 11 14 21 53 40 51 23 4 43 22 27
7 4 3 5 6 1 1 1 7 1 2 1 13 2 9 1 3 4 1 2
20 7 36 34 45 27 26 17 29 27 12 22 44 38 58 25 31 47 17 25
40 15 35 17 46 24 23 32 40 22 35 14 65 49 60 24 24 48 23 25
26 35 45 42 47 36 21 23 40 33 23 48 46 32 40 27 23 50 14 25
33 13 41 29 49 27 32 18 40 30 20 19 60 45 60 36 27 51 20 37
18 11 17 7 27 11 7 10 27 15 12 8 30 23 39 14 25 23 7 16
51 37 36 24 57 42 23 34 50 25 29 38 60 43 49 30 38 54 31 29
7 6 5 2 10 7 3 1 7 1 4 1 14 7 9 1 1 5 7 1
24 11 14 19 33 11 8 4 19 11 6 14 30 18 38 14 23 22 9 15
28 30 35 25 42 29 23 17 50 27 8 27 40 22 42 30 32 46 9 30
43 44 36 43 61 34 25 16 53 31 21 41 50 26 56 44 43 45 18 44
41 28 27 35 55 33 18 16 34 11 12 40 54 32 50 28 21 45 23 28
23 10 9 14 25 15 12 2 17 2 6 5 24 15 23 6 3 15 15 7
4 3 11 5 3 2 1 5 10 3 1 3 8 7 16 5 3 6 2 9
12 9 7 8 9 6 1 1 11 1 4 5 13 6 12 5 7 10 6 5
3 1 6 8 2 2 3 1 2 4 1 1 9 5 5 3 5 8 1 2
26 12 25 31 32 32 25 4 27 12 1 12 32 28 38 19 19 41 18 21
26 24 20 8 22 15 3 14 32 9 10 20 24 12 24 15 23 23 4 14
3 1 13 4 10 1 1 2 8 4 1 1 16 9 14 1 6 7 1 5
28 25 33 26 57 28 20 13 38 21 17 24 43 25 59 20 29 35 11 22
16 13 38 31 47 23 20 10 28 21 11 23 46 32 44 16 24 41 10 19
16 2 27 19 15 12 17 11 17 13 8 4 32 27 25 16 6 27 12 17
21 8 20 20 21 17 15 7 18 7 8 2 36 27 23 12 4 27 13 15
39 19 41 20 38 34 31 30 48 29 20 31 51 45 55 37 24 56 28 36
52 25 24 24 48 43 12 29 41 12 21 23 57 47 57 24 41 54 31 21
13 8 21 24 27 6 7 4 10 9 6 19 16 7 24 10 4 12 1 14
12 7 17 19 16 8 10 2 13 12 1 11 16 9 14 12 14 18 3 9
14 8 19 14 9 17 13 8 17 8 4 4 27 25 25 10 10 30 12 13
10 9 3 6 1 9 1 2 10 1 1 6 10 6 8 1 9 15 4 1
16 22 46 41 52 36 26 17 36 36 19 38 52 44 57 23 17 50 25 29
12 8 11 11 10 7 1 5 14 6 1 8 11 10 17 8 11 14 6 10
11 6 11 16 21 5 5 1 12 12 1 14 12 1 27 18 14 9 1 16
21 10 1 8 18 14 3 1 12 1 1 9 22 10 24 6 13 16 8 5
38 26 11 16 37 13 5 10 26 6 15 13 36 13 30 11 27 22 5 10
27 15 18 21 33 10 8 5 22 14 4 21 28 12 37 20 29 22 4 19
5 7 11 5 10 7 4 1 16 11 1 5 6 3 15 10 15 11 2 10
29 13 31 27 32 20 19 25 35 21 16 17 45 37 41 21 28 46 18 24
16 6 24 35 32 15 17 4 7 7 1 20 33 19 22 14 1 26 13 14
12 6 10 13 15 6 4 1 9 1 5 6 21 10 17 5 5 10 5 6
5 4 6 1 1 1 1 1 9 1 1 1 4 1 8 1 4 4 1 3
2 1 6 6 1 4 1 1 3 1 1 1 10 7 3 1 1 10 2 1
8 7 20 10 19 7 7 8 21 16 4 12 21 16 34 15 22 19 4 17
21 5 34 29 38 21 24 5 22 15 3 17 42 32 32 13 21 36 17 14
38 24 29 23 46 26 30 29 48 22 23 15 49 38 51 16 16 45 27 23
16 20 20 16 31 17 4 7 16 4 18 11 40 20 29 1 14 23 3 1
34 38 54 52 68 37 32 19 48 34 24 39 58 32 57 33 35 51 11 33
21 13 15 27 24 10 5 1 14 5 1 18 22 11 25 17 13 20 4 16
2 1 13 12 6 3 7 1 1 7 1 3 12 6 7 4 6 10 1 1
31 10 35 34 41 27 24 1 23 11 2 24 43 30 41 11 21 40 19 15
12 7 2 10 8 3 1 1 8 1 1 4 14 2 15 7 9 9 1 7
11 15 25 23 20 14 8 3 16 9 3 21 23 12 22 4 14 27 1 4
12 2 16 13 16 15 11 1 13 6 1 1 23 21 21 7 7 21 11 8
26 10 22 24 23 25 18 11 27 11 1 12 33 27 34 17 17 38 15 16
5 2 20 9 14 4 6 6 18 14 3 8 16 12 25 14 10 15 1 15
31 20 28 37 37 30 18 7 25 8 11 21 50 39 46 18 7 47 21 22
24 14 18 26 39 6 7 3 22 13 9 22 26 8 32 23 11 15 6 24
35 27 41 24 36 26 17 30 41 23 32 3 56 39 43 19 27 43 16 15
9 2 8 8 9 4 1 1 6 1 1 1 12 6 10 3 1 6 4 5
10 9 8 2 6 6 1 3 16 4 1 6 10 7 13 3 10 12 3 6
36 33 27 16 34 26 7 24 50 22 23 10 40 24 45 24 35 40 7 21
13 10 9 13 27 3 1 1 7 6 8 10 25 8 30 5 11 8 1 3
25 24 41 37 41 26 20 16 31 26 19 36 49 38 53 24 10 52 18 31
3 3 9 8 9 1 1 1 4 1 1 6 14 5 12 1 7 10 1 1
33 12 36 43 62 30 24 23 37 27 25 23 67 47 64 25 24 50 23 23
30 14 31 24 33 25 21 12 24 5 14 12 46 34 35 8 13 36 19 12
11 7 25 21 28 13 13 3 18 16 1 15 23 16 37 19 24 21 3 20
11 12 30 27 29 20 20 1 21 19 1 18 23 17 32 19 24 28 7 18
7 8 17 18 20 5 9 5 10 8 4 18 11 5 11 6 4 14 4 6
22 18 16 10 20 15 5 9 26 4 5 16 18 13 20 8 11 21 7 10
1 1 6 4 4 5 1 1 3 1 1 4 6 8 11 1 2 8 5 3
42 30 36 38 65 29 19 25 41 21 31 28 68 45 68 21 25 51 20 26
7 3 8 9 7 2 3 1 4 2 2 1 19 6 8 2 6 8 1 1
31 26 28 21 41 30 8 16 36 19 11 30 35 25 48 28 48 41 8 24
34 22 28 42 49 36 28 8 30 18 8 21 49 34 47 14 15 46 23 17
50 15 34 39 59 37 26 19 31 10 22 11 69 50 58 12 33 52 26 12
5 6 19 12 11 9 5 5 12 3 1 9 19 16 19 3 5 19 7 8
13 12 14 13 13 10 8 5 14 10 1 12 17 10 12 6 20 19 5 4
35 25 33 36 54 25 14 26 39 30 41 24 60 43 64 24 25 41 17 25
34 25 31 20 37 23 15 24 40 11 26 10 52 37 40 8 31 45 10 14
1 1 4 2 3 1 1 1 6 1 1 2 3 1 12 1 1 1 1 3
29 21 3 8 23 11 1 7 22 1 10 6 30 8 23 7 22 17 2 3
16 4 16 19 24 2 7 4 12 8 4 6 27 14 22 8 16 18 1 8
28 20 23 20 39 23 20 13 40 15 10 15 38 26 42 11 19 39 16 15
10 9 25 14 10 12 14 11 21 12 7 10 22 22 22 10 8 29 11 15
1 1 10 5 13 1 1 1 5 4 1 6 10 5 23 3 10 2 1 5
42 29 37 36 52 28 19 24 41 16 28 17 61 42 56 24 15 48 21 26
39 15 45 26 49 16 32 29 39 30 27 27 60 42 53 35 19 46 20 39
6 6 12 7 10 5 6 1 9 5 1 6 5 5 6 1 5 5 5 5
22 28 38 38 37 30 30 17 37 34 14 33 32 27 48 36 38 38 9 36
4 2 7 4 10 1 1 1 5 3 1 6 4 1 8 2 4 1 1 2
6 2 11 4 11 2 2 5 14 11 1 3 15 9 24 11 15 8 1 12
24 15 12 17 20 11 5 3 19 5 5 7 34 17 29 14 12 22 10 15
7 6 12 10 6 15 11 1 9 6 1 1 21 19 18 5 10 22 12 5
30 28 26 21 34 26 14 9 40 18 6 20 35 19 40 28 29 37 8 27
32 17 28 28 31 22 18 9 27 6 11 16 44 30 35 14 11 36 15 18
25 21 21 28 34 19 9 5 18 9 13 19 41 24 40 13 9 29 14 16
35 17 28 30 42 26 27 21 35 21 12 23 44 37 55 22 8 44 27 28
48 40 27 25 49 40 12 25 46 9 25 24 55 35 55 13 28 48 17 15
48 23 24 23 46 32 22 27 45 11 16 13 56 43 54 18 25 49 23 25
8 1 25 18 14 3 12 6 14 7 2 2 26 15 19 9 1 19 1 14
36 22 25 23 50 22 9 24 40 22 30 7 47 29 46 15 42 35 10 9
34 17 25 19 43 15 15 26 44 25 27 10 43 30 48 23 35 35 13 21
5 5 3 1 7 1 1 1 9 1 2 1 4 2 4 1 1 1 1 1
19 12 11 9 17 4 1 8 19 8 11 1 18 8 20 11 10 6 4 12
11 5 8 15 9 1 4 1 5 4 1 1 14 6 11 9 6 10 1 8
47 20 16 40 49 33 17 12 28 7 23 13 63 45 53 23 24 43 31 21
20 10 20 17 20 8 9 11 23 15 12 5 34 21 32 23 9 21 11 24
20 11 29 35 40 24 22 13 27 16 3 20 45 33 45 13 8 42 19 18
8 1 1 5 12 1 1 1 5 6 1 3 6 1 12 10 7 1 1 6
17 9 14 13 16 4 6 10 20 13 8 6 21 15 27 22 8 13 8 23
20 17 32 24 37 25 24 7 31 19 9 17 36 27 37 16 19 36 15 18
18 6 6 10 23 16 8 5 8 1 6 7 25 22 27 1 18 22 14 1
10 6 26 14 24 18 17 9 21 18 5 13 30 25 38 17 18 28 13 19
1 1 9 2 10 2 1 1 7 6 1 6 8 6 21 5 10 3 2 7
33 31 25 15 36 21 8 17 46 19 17 15 28 15 42 24 32 30 1 25
27 8 33 36 34 29 27 2 14 7 1 24 37 31 36 8 17 41 22 10
11 15 21 16 22 14 4 2 20 10 7 15 28 17 30 7 17 24 5 9
14 6 5 17 12 4 1 1 4 6 1 8 15 6 16 15 7 8 6 13
15 8 6 19 19 5 1 1 3 5 1 14 13 6 21 15 6 5 7 12
39 31 32 29 43 25 15 22 43 15 15 23 50 25 38 25 31 40 9 25
11 15 12 8 21 7 1 1 15 4 9 10 21 7 23 1 9 10 4 1
7 3 9 5 7 5 1 3 8 1 1 5 5 7 10 3 3 5 5 6
25 18 30 21 26 15 16 21 39 17 11 19 36 20 26 23 12 34 10 26
49 31 33 13 40 26 17 34 52 25 30 30 54 36 53 40 28 42 24 40
26 2 31 14 30 11 21 18 25 14 19 11 48 37 37 15 7 35 14 19
7 1 6 7 6 2 1 1 2 4 1 1 5 2 12 8 5 1 2 6
5 1 17 12 10 10 11 3 9 8 1 5 15 17 17 5 4 20 10 7
55 27 29 45 58 35 21 15 32 7 22 26 65 42 52 17 33 51 26 18
1 1 10 5 6 1 3 1 3 2 1 3 3 1 6 1 1 1 1 3
3 1 14 5 7 8 8 11 14 13 7 7 14 18 25 12 7 15 10 14
41 41 54 43 56 47 25 19 41 21 26 49 59 44 43 16 31 60 23 19
11 7 20 18 24 19 13 3 16 8 4 10 32 25 31 7 8 27 13 9
14 8 11 6 10 13 6 4 15 5 1 3 16 15 19 6 10 20 11 8
38 30 31 36 52 36 13 26 38 20 26 34 47 38 51 20 37 48 17 14
37 29 14 25 28 17 2 8 28 7 12 21 32 14 26 27 24 27 11 22
12 5 22 26 23 10 16 11 16 16 5 15 21 14 11 17 4 20 11 16
21 12 23 20 30 24 21 15 34 19 3 21 26 25 31 16 16 35 20 18
18 9 12 15 12 20 12 2 15 1 1 7 23 20 22 4 8 27 14 6
10 8 5 9 13 1 1 1 9 2 2 7 11 1 15 4 6 6 1 3
23 16 25 23 28 14 14 9 24 11 13 7 33 19 24 11 14 24 9 13
42 34 42 32 41 28 15 32 47 22 34 6 58 40 49 25 26 45 18 23
32 10 21 23 33 30 15 12 24 4 11 10 47 39 36 3 28 44 20 3
32 23 41 25 31 29 24 21 39 17 14 24 48 35 35 23 23 49 16 23
31 20 11 16 30 17 7 7 19 1 13 4 39 19 28 7 12 25 9 6
52 39 47 45 53 31 26 27 48 18 34 28 65 43 52 33 27 53 25 38
14 14 17 13 18 11 8 5 22 5 4 16 16 11 12 2 8 23 6 7
33 14 37 29 30 26 24 10 28 9 8 22 44 32 31 7 26 40 16 13
31 32 51 51 66 29 23 10 37 33 24 39 63 39 65 31 24 48 10 36
22 15 11 11 17 3 1 3 21 1 7 4 24 5 19 6 10 13 1 10
11 10 4 5 8 5 1 1 11 1 5 1 10 5 7 1 7 6 5 1
21 12 12 12 18 16 9 4 18 1 4 5 31 23 27 5 15 26 12 9
18 13 25 18 32 10 11 4 26 16 7 10 32 16 37 19 24 22 1 20
47 31 18 45 57 36 23 14 29 13 10 24 64 44 61 18 16 49 30 23
28 18 21 29 35 27 16 5 24 15 2 24 36 22 40 24 34 37 9 19
19 9 20 14 24 12 12 10 20 10 11 5 36 23 32 13 9 21 12 17
16 6 11 16 14 8 1 7 11 6 1 7 20 14 23 15 5 14 10 19
27 20 37 33 52 23 21 17 38 28 21 25 49 32 61 28 34 41 13 30
35 21 41 39 56 20 25 32 46 28 29 24 62 39 57 28 28 47 15 30
16 12 40 15 29 19 22 23 28 25 24 27 41 35 47 22 5 38 22 26
28 19 24 15 21 19 11 19 30 10 9 17 34 24 38 25 17 31 14 27
27 16 22 14 19 27 16 18 34 11 7 13 36 33 35 20 20 43 16 19
44 20 37 43 53 30 21 23 32 14 28 25 71 54 65 32 22 52 32 36
31 31 22 14 29 23 2 22 37 11 26 1 37 26 31 8 24 31 14 7
5 1 23 11 10 6 10 9 13 12 5 2 27 23 27 12 12 20 4 13
12 11 12 5 11 7 1 7 21 11 6 4 13 12 17 10 13 12 7 12
1 1 5 1 4 1 1 1 1 4 1 2 1 1 5 1 4 1 1 1
20 9 29 13 24 2 16 15 30 17 16 13 31 21 28 16 4 26 10 21
18 16 33 27 30 10 13 15 22 22 18 24 34 23 43 24 9 29 10 26
14 11 9 10 13 8 5 1 14 3 5 2 25 14 13 2 14 16 4 3
32 14 42 34 50 24 34 28 43 36 21 25 59 44 57 40 18 46 30 42
22 12 18 21 29 8 11 8 20 12 10 13 25 10 21 16 7 11 9 18
36 28 27 24 36 17 11 17 35 11 13 25 41 15 27 22 24 31 6 22
14 14 17 20 27 8 4 1 9 11 12 17 18 7 22 9 7 9 1 6
28 23 36 18 21 27 11 23 33 13 13 22 34 31 29 24 23 41 12 26
13 13 16 17 31 19 6 4 9 14 12 17 32 25 41 8 22 26 11 6
10 1 8 12 17 9 9 1 5 4 1 5 18 10 20 5 6 15 9 5
15 10 9 10 12 9 1 1 14 1 1 9 13 7 17 6 8 13 6 8
34 1 29 45 47 24 23 8 10 13 9 22 47 34 45 15 30 36 19 12
23 16 42 33 45 29 32 25 40 36 15 32 44 39 52 34 27 46 27 36
14 16 35 37 37 21 25 7 29 28 1 29 25 18 35 32 24 33 7 32
12 5 16 11 11 11 10 10 16 8 6 1 27 21 30 13 6 23 12 17
36 32 26 31 53 31 7 19 35 15 34 22 56 38 57 8 31 43 16 11
2 1 8 7 6 4 4 1 1 6 1 6 8 4 7 3 6 6 4 1
29 20 10 14 28 14 5 12 25 3 19 4 39 21 27 1 27 26 7 4
15 13 12 11 15 5 1 4 19 1 7 9 16 9 14 3 7 13 4 7
29 19 31 18 38 11 17 20 45 25 13 19 42 20 40 28 29 36 5 28
16 5 5 12 16 4 1 1 7 1 1 2 23 10 22 8 9 10 4 9
9 10 20 11 20 8 11 4 23 17 1 18 12 5 18 13 18 19 3 14
45 35 38 35 51 29 20 24 47 15 29 25 64 41 57 28 24 52 21 33
24 10 36 45 51 29 27 12 22 19 8 28 56 40 53 21 11 43 22 23
15 11 10 15 22 5 1 1 11 6 6 11 22 6 25 10 13 9 4 8
1 3 10 1 1 3 1 4 10 2 1 1 3 8 8 2 2 7 3 7
20 13 22 16 21 18 13 7 24 3 6 13 36 26 25 3 13 32 9 8
27 15 29 28 32 26 22 11 24 14 5 22 42 29 22 13 25 41 16 8
17 7 19 26 40 11 10 4 14 14 3 20 35 18 40 17 17 24 9 16
7 5 1 3 1 7 1 1 7 3 1 1 7 4 11 4 10 11 4 1
15 7 12 19 20 6 3 1 8 2 1 10 25 12 26 11 7 12 8 13
7 5 1 1 4 1 1 1 6 1 1 1 9 1 6 1 6 4 1 1
11 10 3 1 3 7 1 1 13 3 1 5 2 2 4 2 12 8 2 1
39 20 16 30 38 16 4 13 27 5 19 10 51 32 43 19 21 32 15 21
43 26 13 23 43 27 11 15 30 7 21 11 47 29 47 17 17 30 21 18
14 7 18 15 13 13 9 4 14 6 6 2 25 20 13 6 6 20 9 7
16 6 10 12 15 7 2 4 11 2 3 6 21 11 24 11 2 9 8 15
35 17 44 32 53 30 30 32 44 27 29 15 67 51 54 24 31 54 24 26
14 13 16 16 33 11 10 3 15 7 7 17 31 16 24 3 10 22 9 4
1 2 4 1 2 1 1 1 3 1 1 2 1 1 2 1 3 3 1 1
9 3 13 11 12 5 5 1 6 2 2 2 21 12 14 2 9 10 3 3
35 26 38 43 48 33 28 2 30 20 5 32 44 29 46 31 31 41 14 30
15 15 50 25 36 23 26 21 35 37 25 33 42 39 50 27 14 48 19 30
17 18 26 24 32 15 5 7 18 14 16 19 36 20 37 11 9 22 8 13
30 29 32 32 36 33 23 12 42 25 8 29 45 33 54 40 30 50 16 40
6 2 6 8 7 2 1 1 4 3 1 5 11 4 10 3 4 6 2 2
24 36 40 35 51 34 13 8 39 27 11 45 35 21 54 30 34 40 2 31
21 20 24 28 33 23 19 4 27 21 1 21 30 21 43 30 25 32 14 30
6 2 3 7 9 1 1 1 2 1 1 5 8 2 14 4 4 1 1 3
28 20 16 26 23 17 3 5 23 2 10 13 36 25 28 19 10 29 15 23
45 26 36 46 46 39 37 29 48 26 14 28 58 50 52 36 18 63 38 42
33 12 32 43 48 40 38 9 22 16 3 24 52 42 47 8 22 48 35 11
1 1 6 4 3 4 1 1 3 1 1 3 12 7 15 1 6 11 4 1
44 38 48 45 58 51 26 11 38 18 23 43 61 47 51 15 27 61 25 16
4 1 9 4 7 1 1 1 6 1 1 1 7 1 7 1 1 2 1 2
2 1 8 5 7 1 1 1 2 1 1 1 14 2 5 1 2 4 1 1
16 14 19 12 26 11 10 11 23 7 13 10 28 15 20 4 8 21 9 9
34 14 27 24 27 28 21 13 29 5 4 15 46 35 37 18 11 45 19 20
10 6 11 6 6 2 1 3 13 1 1 3 5 4 10 4 6 9 1 8
12 5 34 26 28 25 30 19 32 25 7 16 37 36 35 21 12 42 24 24
33 13 34 35 44 20 23 30 36 29 29 16 54 44 61 32 34 47 22 24
22 9 24 9 22 8 11 15 29 15 13 15 28 21 35 19 7 25 13 22
40 33 21 21 44 26 9 12 37 15 18 17 36 19 42 21 30 32 11 20
11 6 13 12 13 7 4 1 10 2 2 1 24 13 15 4 9 13 3 3
21 13 4 10 17 5 1 1 17 1 5 6 21 4 18 7 10 9 2 9
26 14 42 36 45 36 42 30 47 38 16 27 41 42 52 37 18 48 34 40
39 10 29 31 38 35 24 4 19 1 1 22 49 39 43 7 26 46 23 10
5 2 7 6 11 1 1 1 5 1 1 6 8 1 8 1 1 2 1 1
43 33 42 53 66 43 27 8 30 20 23 41 66 43 64 35 31 49 32 32
47 18 23 22 47 15 16 32 43 22 35 11 60 37 57 30 28 38 21 29
52 45 28 15 50 40 3 31 51 19 31 22 52 34 56 26 47 43 20 18
35 20 11 23 33 26 21 17 34 13 4 5 37 31 37 14 5 30 26 21
7 2 2 4 2 1 1 1 7 1 1 1 5 2 8 1 2 6 1 4
39 14 42 32 50 24 35 28 39 29 21 29 63 50 58 39 12 53 35 44
9 1 12 9 7 8 1 6 9 7 1 1 14 12 20 10 7 11 8 12
33 15 25 20 33 21 15 10 29 11 8 9 49 32 40 18 25 39 10 17
15 9 7 1 20 11 5 4 20 6 8 1 22 12 25 5 11 13 9 7
5 1 11 11 11 2 1 1 4 4 1 6 10 6 16 4 3 7 2 4
4 3 22 16 18 7 10 9 13 12 1 17 15 12 19 8 5 16 8 13
12 18 15 18 28 21 3 1 12 7 11 17 30 19 31 1 3 25 9 2
8 1 7 3 12 9 6 1 6 1 1 2 14 10 13 1 1 9 9 1
29 14 27 40 55 34 31 22 28 19 14 25 56 43 49 12 13 47 31 18
17 11 18 7 16 6 7 11 26 10 11 8 18 16 23 12 7 18 8 16
17 4 8 15 26 12 6 1 12 1 1 6 28 16 35 4 2 14 11 8
14 11 5 8 10 6 1 1 13 1 1 10 5 1 10 5 9 9 1 5
4 2 7 6 4 4 3 1 4 1 1 1 11 7 4 1 1 8 3 2
7 4 11 9 11 1 6 1 7 8 3 6 8 1 5 4 6 7 1 4
18 14 18 12 25 15 11 6 21 1 9 6 38 23 29 1 9 26 11 6
8 2 8 6 12 1 1 1 14 8 1 1 10 3 16 11 8 7 1 12
17 14 37 30 36 27 30 8 28 23 7 22 36 26 26 19 20 38 19 19
2 1 4 2 4 2 1 1 1 1 1 1 6 2 5 1 2 1 2 1
9 6 17 10 15 7 6 10 17 13 6 9 23 19 33 13 17 18 7 14
9 4 15 11 18 9 9 4 12 5 3 11 14 12 19 3 2 13 9 8
5 2 4 3 12 1 1 1 4 4 1 4 5 1 6 1 3 1 1 1
20 11 22 18 28 20 20 1 18 5 6 7 38 27 22 1 11 29 16 5
20 20 14 14 18 20 1 9 16 1 6 22 22 12 24 11 15 25 6 8
32 20 18 28 35 17 4 6 19 4 14 18 43 28 40 22 18 26 19 24
14 7 27 28 22 16 16 6 17 7 1 17 26 20 22 9 6 30 10 14
15 10 15 11 11 7 4 7 17 5 1 9 11 9 17 10 9 15 4 14
47 42 48 27 48 34 17 35 54 22 35 29 63 41 55 27 35 57 12 26
9 9 16 5 11 3 3 6 19 8 8 1 19 12 14 7 6 13 3 9
6 3 20 15 18 3 8 8 15 9 1 12 18 14 23 8 8 17 4 13
10 6 12 9 23 1 7 1 16 13 4 9 14 1 14 11 11 6 1 8
32 14 25 20 43 14 20 15 33 21 17 17 45 27 51 29 11 31 20 31
14 5 27 21 17 12 14 4 17 5 1 7 27 20 16 5 2 28 7 10
5 5 3 1 3 3 1 1 7 2 1 1 5 3 3 1 6 6 3 1
7 1 12 10 9 5 5 1 6 4 1 7 5 6 11 6 4 4 5 8
14 24 43 37 43 22 17 10 34 35 18 34 35 24 54 30 19 38 6 35
41 37 30 32 51 27 8 15 37 20 23 35 55 34 60 30 30 41 14 29
25 14 37 38 44 21 19 18 29 18 16 31 51 36 50 32 5 42 26 37
5 5 6 4 3 4 1 1 7 6 1 3 4 4 7 5 9 6 4 4
32 20 41 18 34 19 19 28 38 25 21 34 39 28 46 33 18 43 13 32
30 28 34 29 42 21 11 17 39 27 24 31 54 34 57 28 21 43 13 30
13 18 16 19 25 18 1 1 11 11 11 20 27 20 35 5 18 24 5 5
8 8 26 15 21 12 12 5 21 17 4 10 24 16 26 14 17 21 5 16
2 3 10 1 1 1 1 3 11 2 1 1 3 4 9 1 4 7 1 6
19 15 19 7 17 8 9 15 29 11 17 5 25 19 26 13 8 18 11 17
25 11 38 21 27 23 26 18 33 21 11 23 40 36 39 21 19 45 21 21
45 37 34 37 49 23 15 24 45 18 30 30 51 32 49 32 25 41 21 37
8 6 12 6 12 1 1 3 15 2 3 5 13 4 14 2 1 8 1 6
13 2 7 7 16 10 6 1 7 1 1 1 20 12 21 3 2 9 10 5
1 1 5 6 7 1 1 1 1 1 1 6 1 1 6 1 1 1 1 1
5 7 11 11 18 6 1 1 10 8 5 11 18 7 20 6 8 11 2 5
5 5 3 1 5 1 1 1 12 3 1 1 6 3 9 2 7 5 1 4
14 17 42 22 43 23 22 14 33 33 23 29 41 34 48 21 11 42 16 26
23 15 9 17 17 13 4 4 15 5 1 14 21 11 22 14 13 19 11 14
9 7 8 1 11 1 1 1 10 1 6 1 14 4 12 1 6 1 1 5
29 21 16 25 45 18 5 4 26 14 15 20 35 16 47 18 31 25 5 16
14 12 13 5 10 11 2 6 23 10 3 6 17 12 21 10 16 19 7 11
27 25 40 28 40 29 21 23 42 27 13 40 34 23 30 31 27 43 13 27
21 10 35 21 35 11 21 16 34 28 13 16 39 29 52 32 30 39 7 33
8 9 14 5 4 7 1 7 16 5 1 6 11 10 15 5 10 13 5 10
4 1 5 5 8 1 1 1 2 3 1 5 7 1 7 2 4 3 1 1
34 22 26 39 51 30 16 8 26 14 11 29 51 39 62 21 18 44 23 24
16 7 12 8 19 1 1 6 16 10 6 1 21 12 27 12 17 8 1 13
37 25 21 35 37 23 11 5 23 3 15 21 46 27 33 21 15 31 20 22
17 5 24 20 24 7 11 12 18 14 9 10 35 24 38 20 14 21 8 21
34 30 28 21 48 26 10 11 39 15 9 30 41 21 55 27 35 34 6 26
3 1 9 3 3 6 1 4 7 5 1 1 6 9 10 4 6 8 6 7
34 38 60 39 50 41 35 34 63 44 18 46 50 38 51 51 44 62 14 51
14 10 7 8 19 2 2 2 13 6 8 7 15 2 18 7 9 2 2 4
15 5 15 19 18 1 6 1 9 6 3 8 21 5 17 10 5 9 1 12
13 6 16 5 16 1 5 9 18 9 9 3 24 14 25 10 10 11 2 13
8 7 3 2 8 1 1 1 12 6 3 1 6 1 8 5 9 2 1 4
11 5 10 15 19 1 3 1 6 6 3 9 19 4 19 8 9 6 1 4
33 36 37 45 56 24 12 13 30 23 30 35 55 28 54 22 14 36 11 26
6 4 13 3 8 1 2 6 15 5 6 2 16 9 12 4 1 11 1 9
15 16 24 28 39 18 8 1 14 21 14 25 32 16 39 17 16 21 7 14
37 25 34 41 52 16 16 18 35 15 20 29 57 32 48 29 20 36 16 34
22 23 38 40 53 21 16 10 28 30 14 35 42 27 62 31 29 39 6 33
8 8 3 1 5 7 1 1 10 1 1 6 4 4 6 1 6 8 4 1
56 34 19 31 53 26 6 29 44 16 34 13 60 36 59 25 42 41 16 22
2 1 4 1 5 6 1 1 4 2 1 1 11 11 16 1 8 5 6 4
36 14 41 41 49 40 35 5 28 20 5 35 47 37 51 18 37 49 27 21
17 6 12 24 26 12 9 1 4 6 1 14 29 16 34 15 7 18 14 12
39 34 47 43 50 49 19 15 30 16 20 43 62 48 56 19 33 57 23 22
35 22 23 32 50 26 23 16 35 16 17 26 42 23 38 19 12 35 22 19
2 7 19 14 14 5 3 3 8 3 4 13 16 9 20 1 3 13 2 6
10 1 17 22 23 9 11 7 11 10 1 17 21 10 22 16 1 14 11 18
15 8 30 9 25 8 16 16 31 24 13 19 26 22 38 21 14 26 14 23
7 4 9 9 9 1 2 1 6 3 1 4 9 2 6 3 4 6 1 2
57 35 24 22 53 39 16 32 50 8 22 14 65 45 59 15 37 54 21 20
32 29 45 30 38 40 23 19 36 19 20 30 55 46 47 19 21 58 20 18
15 7 12 14 17 11 7 2 11 3 1 11 17 11 25 8 7 16 9 11
22 17 35 40 36 20 17 9 19 12 8 25 44 29 40 19 7 38 14 24
1 2 2 7 5 1 1 1 1 1 1 5 7 1 7 1 1 6 1 1
34 20 16 24 38 13 10 10 22 10 17 10 43 21 34 14 28 26 6 10
38 24 27 42 58 45 26 16 34 22 21 25 60 47 58 14 36 57 26 9
21 15 28 20 31 23 23 17 35 23 11 19 33 27 30 19 12 34 22 22
23 17 22 17 29 19 9 10 31 17 10 14 33 25 40 17 34 34 9 18
1 1 1 1 1 2 1 1 2 1 1 1 6 3 9 1 3 2 2 1
1 1 13 3 4 1 1 3 8 1 1 1 15 11 14 1 1 9 1 6
21 18 42 30 36 21 19 18 36 20 7 29 43 27 36 23 21 43 6 23
30 16 7 10 27 17 8 4 25 1 6 4 30 17 30 3 15 19 12 6
22 14 7 18 21 5 1 1 12 6 7 10 22 7 18 16 8 10 7 14
30 20 17 17 37 15 9 9 30 13 11 16 38 17 47 21 20 24 13 22
26 25 30 13 33 14 7 24 37 16 25 5 37 20 33 10 20 26 5 11
28 17 29 37 43 23 17 12 25 12 10 27 48 34 43 26 15 36 25 31
20 16 5 7 17 5 1 5 17 3 11 4 14 5 11 5 10 7 5 4
33 25 26 31 53 27 19 10 36 17 13 23 47 23 60 26 24 35 16 27
26 3 12 17 29 22 11 14 20 5 10 2 40 34 40 6 16 31 21 8
33 31 28 17 43 18 4 18 37 13 23 16 40 24 43 6 32 30 4 8
12 8 18 9 10 9 7 7 20 6 4 6 20 17 20 8 6 23 7 12
27 34 49 40 56 39 30 26 49 41 23 49 48 37 56 33 35 53 24 36
37 30 39 37 60 31 22 27 47 34 27 29 41 25 49 35 30 35 17 31
28 21 16 18 29 24 5 9 20 4 6 21 39 22 37 16 25 32 10 11
13 12 9 7 10 13 4 4 16 7 1 12 9 10 16 6 15 15 9 6
8 5 12 8 12 3 3 7 16 10 6 6 19 12 21 9 7 12 3 11
14 7 26 18 31 14 15 17 24 16 10 17 34 27 30 13 14 27 14 19
10 6 9 1 9 3 1 3 16 1 2 1 18 14 19 1 10 13 1 6
24 15 18 18 30 3 5 10 24 7 14 10 39 19 38 12 15 23 1 16
6 6 3 1 6 1 1 1 7 1 1 1 7 1 2 1 1 2 1 1
12 14 22 24 33 5 6 2 16 9 9 19 29 9 25 6 5 17 1 9
30 23 31 11 29 29 8 20 31 11 10 25 40 34 39 18 29 42 17 20
5 1 6 7 5 1 1 1 1 1 1 1 7 2 5 1 1 3 1 2
48 25 26 46 73 33 21 22 37 23 28 33 68 40 67 34 34 47 31 30
30 26 15 12 27 22 9 13 32 6 13 17 34 18 31 7 21 31 14 8
43 21 35 43 52 37 29 13 26 12 3 37 58 39 45 24 28 51 26 21
15 11 23 25 35 25 22 4 23 18 3 21 21 18 39 17 18 29 17 16
6 1 9 8 5 7 2 2 5 1 1 3 11 10 15 4 1 10 7 7
34 20 27 23 40 14 8 19 32 11 19 22 45 25 47 17 23 35 5 19
40 32 18 30 42 17 3 10 31 7 21 23 41 18 40 24 24 26 14 22
41 38 30 25 46 30 1 28 43 15 33 19 59 39 55 10 39 50 5 8
21 12 27 23 24 28 23 6 20 14 1 19 27 24 20 11 22 38 17 9
27 19 50 43 55 33 33 18 36 26 19 37 52 35 45 21 22 46 23 24
7 3 4 1 13 1 1 1 9 1 2 2 14 5 17 1 8 1 1 3
17 4 6 14 23 6 1 1 7 1 2 8 27 12 30 8 7 9 6 10
14 8 21 27 33 12 12 4 15 17 1 25 19 12 33 25 11 18 12 25
35 26 25 11 26 28 8 21 35 11 13 19 36 27 37 23 25 34 17 25
7 1 4 6 4 1 1 1 6 1 1 1 4 3 11 4 1 2 1 8
29 20 24 29 42 17 20 19 31 21 19 22 39 20 31 24 15 23 18 23
21 14 7 16 12 12 1 4 16 1 1 12 25 14 26 14 9 23 8 17
9 6 1 4 11 1 1 1 7 1 5 5 10 1 7 1 1 2 1 1
2 1 16 9 9 1 3 4 10 5 1 7 10 9 13 2 2 11 1 7
21 14 14 18 23 10 6 8 20 8 6 14 26 17 32 17 9 20 11 20
9 7 25 9 11 2 12 12 22 12 9 5 21 17 17 10 4 22 6 15
8 1 11 9 7 8 4 4 9 2 1 1 21 16 20 5 1 16 8 9
17 14 8 9 7 14 1 8 19 8 1 10 10 9 18 13 19 16 7 11
18 15 8 9 12 11 1 8 17 1 2 17 11 4 16 9 14 16 1 8
33 17 30 30 38 30 29 27 41 20 8 25 47 36 50 26 20 49 25 30
22 14 22 23 33 17 13 1 22 11 5 11 34 15 32 17 19 24 7 15
10 3 6 9 17 1 1 1 6 2 2 6 6 1 7 2 1 1 1 2
22 28 41 40 57 38 31 10 40 26 15 30 51 34 55 17 22 50 13 20
27 13 17 26 39 20 18 10 20 17 1 25 33 22 38 22 23 28 18 19
13 4 11 9 15 10 6 1 11 1 1 1 26 19 24 1 7 19 9 5
12 12 11 5 14 10 6 1 15 7 6 9 14 9 14 5 11 12 9 5
17 23 17 21 34 13 3 1 21 18 17 21 29 10 33 13 15 19 1 11
25 23 14 17 32 23 11 7 31 18 7 18 26 16 35 20 40 30 4 16
47 39 29 16 37 35 11 32 50 15 28 13 48 35 44 20 31 46 17 18
20 5 25 19 30 1 13 13 22 19 10 18 25 15 35 26 4 17 8 28
35 32 30 19 33 30 12 21 39 4 18 19 42 29 32 9 25 41 11 11
12 6 16 18 17 9 7 1 10 4 4 10 18 13 18 7 1 13 8 9
30 25 20 19 41 13 9 8 35 16 12 20 31 12 46 21 33 21 4 22
8 3 12 7 9 6 3 3 9 2 2 3 11 9 14 3 2 7 6 7
10 7 5 6 5 3 1 1 10 2 1 4 10 1 11 3 10 9 1 4
14 17 22 19 24 21 13 6 27 17 4 21 25 18 38 17 24 32 11 18
23 27 39 36 42 34 27 7 35 23 9 28 38 30 43 25 28 44 10 26
7 1 2 8 8 1 1 1 1 1 1 1 15 4 15 3 4 3 1 4
25 31 37 26 45 23 17 13 44 30 17 31 43 24 56 31 33 41 4 31
19 20 24 12 16 21 9 13 22 6 7 17 29 20 20 12 27 29 6 11
37 20 25 21 46 19 8 26 37 19 28 7 45 31 48 16 35 31 10 16
40 38 40 47 70 38 21 15 37 25 28 34 66 41 74 29 40 51 16 29
29 22 41 24 44 31 24 30 42 27 17 35 50 42 57 31 36 54 21 31
28 14 44 30 29 24 31 29 40 26 15 27 43 37 34 32 13 51 22 35
21 11 6 10 21 10 5 1 13 4 7 4 23 10 21 10 7 11 10 8
40 35 24 26 43 42 32 24 56 29 10 24 43 34 55 28 29 49 27 31
11 1 11 15 13 5 6 1 5 4 1 5 22 11 18 7 10 11 1 7
30 22 16 19 22 15 1 10 25 5 4 17 34 17 32 23 22 27 5 22
2 1 11 9 9 3 7 3 4 6 1 7 7 4 4 3 1 7 4 4
17 2 17 27 37 16 18 6 12 9 1 19 34 22 37 14 7 23 17 15
9 10 6 3 6 11 1 3 10 1 1 12 7 4 8 1 12 12 4 1
21 13 13 17 27 10 1 2 20 8 1 19 23 13 39 22 21 18 6 23
28 29 44 43 52 40 27 17 36 27 10 44 48 31 49 35 37 53 15 30
14 9 13 15 18 4 7 2 12 3 7 5 21 7 8 3 1 11 2 3
23 15 25 24 25 15 15 15 29 19 5 19 29 21 30 25 16 33 13 27
20 17 14 8 17 19 5 8 23 11 2 16 14 9 21 18 25 20 6 12
21 21 20 7 21 19 8 10 33 13 8 16 26 15 25 14 23 27 9 14
22 9 30 27 35 24 20 7 18 10 11 13 52 39 45 10 10 38 17 12
17 7 38 33 31 18 26 14 24 17 7 19 38 27 24 15 7 33 15 19
25 20 25 27 48 12 7 13 26 16 18 20 41 13 39 16 19 22 2 14
30 31 35 12 35 19 9 25 43 15 26 28 50 31 44 19 22 41 10 22
30 14 42 39 41 39 39 13 28 18 10 33 46 40 28 13 17 51 33 17
13 6 17 13 23 11 10 8 19 8 3 11 23 19 21 5 14 22 9 10
49 37 30 36 54 42 31 21 53 23 14 26 53 31 55 28 36 52 23 30
41 19 17 29 40 28 6 20 28 8 13 21 48 35 50 24 34 42 18 19
21 5 6 20 27 13 12 1 11 1 1 11 24 12 26 7 3 19 13 7
38 18 33 44 46 21 21 1 21 9 9 29 43 27 37 19 19 34 19 21
16 9 22 18 14 19 13 6 16 6 1 5 29 24 23 8 13 29 13 11
8 3 11 12 12 6 6 1 5 9 1 8 10 6 16 9 8 7 6 7
20 8 27 14 26 14 12 18 31 17 11 15 36 27 40 17 31 38 5 16
20 6 33 29 29 11 20 9 20 12 6 13 38 21 22 13 7 27 8 17
46 16 29 33 50 22 23 31 40 25 34 17 69 49 64 34 27 46 28 31
13 10 18 13 20 12 6 4 21 9 3 10 31 21 35 10 17 26 6 11
21 28 26 12 40 27 13 12 39 19 16 14 32 21 45 15 30 30 7 17
32 19 18 12 35 9 2 16 26 5 20 2 37 19 37 7 23 17 1 11
34 25 47 31 41 39 26 21 41 21 13 34 54 41 56 31 37 56 21 30
19 4 23 8 28 6 14 14 27 19 16 11 35 22 40 21 6 22 14 22
6 5 18 13 18 4 11 7 15 13 1 14 15 6 14 9 9 12 5 11
15 13 7 5 18 6 1 6 18 3 11 4 21 8 21 2 10 10 3 3
15 13 22 8 14 9 10 9 27 6 11 5 30 20 21 5 6 26 6 10
20 13 7 12 17 1 1 1 17 5 9 1 20 4 16 10 8 8 1 11
39 28 36 37 54 36 30 27 55 39 24 27 50 39 62 40 50 54 20 35
30 23 17 21 34 10 3 5 30 9 12 13 33 13 35 22 19 22 6 23
22 20 18 15 27 13 4 5 28 11 3 21 18 2 32 19 24 18 1 17
26 10 27 40 34 21 20 3 11 8 3 22 40 26 25 19 10 32 20 18
15 20 34 22 34 21 19 15 31 25 16 26 33 28 36 17 14 37 15 20
29 33 30 14 30 31 11 18 39 23 14 31 28 20 27 29 39 39 11 24
8 1 1 6 9 1 1 1 1 1 1 1 7 1 9 3 1 1 1 2
10 17 17 19 22 12 1 2 14 10 12 17 23 13 27 4 7 17 3 7
20 9 22 14 20 1 9 8 24 8 8 5 33 16 27 13 8 22 1 17
43 19 29 34 39 27 13 17 26 3 8 24 52 36 45 18 30 44 14 20
22 14 6 9 21 8 1 7 17 7 13 1 20 7 20 11 13 7 6 8
16 8 6 11 26 12 4 2 6 1 8 9 29 18 29 1 11 16 9 1
27 30 28 31 41 26 5 9 22 17 16 36 39 24 45 18 27 33 5 17
31 29 32 43 54 34 28 6 38 27 9 39 44 28 46 39 27 47 22 36
26 20 23 22 27 16 4 12 26 10 3 24 32 20 36 26 24 31 7 26
26 20 14 7 23 9 3 13 31 5 14 7 34 19 31 7 20 25 3 11
39 20 30 37 45 29 22 16 37 17 10 25 58 43 52 31 26 53 24 32
2 1 1 1 7 1 1 1 1 1 1 1 12 3 7 1 2 3 1 1
11 16 16 13 15 11 1 4 14 5 7 18 10 7 17 1 10 16 1 6
12 7 4 8 11 14 8 1 8 5 1 7 14 13 20 6 11 15 13 3
16 11 25 14 12 22 12 9 22 9 1 10 24 24 20 12 18 34 10 11
7 2 11 5 9 5 1 4 11 8 1 3 9 9 17 9 8 8 5 10
23 16 10 7 14 11 1 10 22 1 2 11 19 8 22 12 18 16 1 14
44 35 26 13 44 26 2 26 41 9 25 26 47 29 44 15 41 38 11 16
36 18 42 54 52 41 27 6 17 21 17 40 59 45 60 25 25 47 32 27
36 16 5 25 38 11 1 8 20 5 13 14 36 16 39 15 25 20 9 11
30 22 24 21 43 22 15 14 31 6 18 14 45 28 44 5 17 32 16 10
34 25 44 35 41 43 29 13 36 21 5 32 48 42 53 28 49 57 18 27
27 27 41 46 46 31 31 15 41 35 8 40 38 25 45 43 28 44 17 43
48 19 34 35 53 37 35 21 44 21 21 14 69 53 64 25 35 58 30 26
10 9 15 11 12 11 7 1 14 7 1 7 17 11 11 6 14 18 4 4
41 17 30 35 50 26 23 7 28 11 11 21 65 44 61 23 23 46 25 24
12 8 1 9 7 10 4 1 8 7 1 5 10 9 15 10 12 11 9 6
14 14 16 13 14 7 9 5 18 10 5 13 17 6 10 6 15 19 1 6
31 20 27 29 37 17 15 9 26 8 14 15 37 20 29 10 16 28 9 12
15 8 19 25 30 6 12 8 13 15 6 20 20 6 20 17 8 13 6 14
35 11 21 37 48 32 22 14 25 21 17 13 52 37 53 28 35 40 22 19
5 5 3 2 6 1 1 1 9 7 1 2 4 1 8 6 10 3 1 4
5 2 1 1 4 2 1 1 6 1 1 1 7 3 4 1 1 1 2 1
40 31 22 37 52 32 18 6 35 18 17 29 43 28 50 35 27 39 27 31
9 5 32 28 27 14 19 1 17 17 1 17 18 13 28 18 14 25 2 20
21 17 27 23 43 27 19 12 30 21 9 31 38 28 42 16 24 38 18 16
7 4 13 7 11 1 1 5 12 4 2 7 9 6 15 4 3 6 1 8
3 6 10 11 18 9 6 1 11 13 1 14 8 4 17 12 14 12 3 9
24 20 17 21 41 11 1 1 19 12 10 20 32 14 43 17 21 17 3 16
17 7 6 10 21 1 1 1 9 3 6 5 16 1 15 7 4 1 1 5
16 6 5 9 24 10 8 1 9 1 2 5 24 13 21 1 5 13 10 1
33 27 36 23 45 39 18 22 43 22 12 35 41 35 54 24 28 50 21 25
44 27 26 29 51 39 25 22 35 13 22 7 63 46 49 7 28 46 26 7
19 12 18 21 37 31 20 9 26 22 8 14 33 31 49 21 36 34 14 19
7 7 32 23 24 9 14 14 20 19 10 20 24 20 26 15 4 26 8 19
3 3 9 1 6 1 1 1 10 1 1 1 6 4 5 1 1 3 1 3
41 33 35 48 54 31 23 15 32 16 25 36 58 36 51 31 22 41 30 33
7 3 12 11 5 3 3 1 7 1 1 1 11 7 5 1 1 11 1 3
4 11 37 28 30 19 26 13 31 32 4 27 19 16 29 28 21 30 8 31
25 21 24 23 29 14 9 12 29 9 7 25 27 11 24 13 15 27 6 16
34 22 41 39 57 28 21 14 29 19 23 27 56 36 56 16 34 42 13 17
16 13 6 9 8 11 1 4 15 4 3 9 14 8 11 5 13 17 6 4
27 32 33 24 42 22 5 20 34 17 32 20 45 27 49 10 17 29 4 16
32 1 43 47 51 38 39 14 22 16 9 29 58 52 51 13 25 54 34 21
18 12 14 17 27 4 1 1 14 1 10 11 28 7 27 8 7 9 1 10
25 13 18 23 29 17 10 7 17 12 8 16 33 23 38 24 11 23 19 25
8 1 13 12 13 6 4 1 5 1 1 6 19 15 21 4 9 12 5 6
9 5 15 12 13 4 4 8 14 6 4 9 15 11 24 10 3 11 4 14
4 1 10 10 8 11 7 1 1 1 1 1 15 14 11 1 3 16 7 1
46 23 19 28 46 37 13 18 35 14 13 23 47 38 60 31 41 45 25 28
37 27 35 35 57 27 22 18 39 23 20 22 54 31 50 24 36 42 12 22
31 19 31 24 48 27 28 24 38 23 22 21 51 37 44 19 19 38 27 24
9 1 3 11 11 3 1 1 1 2 1 6 11 3 16 7 4 3 3 6
47 16 35 25 50 25 30 27 38 19 30 14 72 51 60 28 16 50 29 32
9 3 13 12 15 7 4 1 10 6 1 3 17 9 15 9 7 11 2 7
5 6 5 4 2 3 1 1 6 2 1 4 6 1 4 1 9 8 1 1
1 1 19 3 9 3 8 7 18 17 3 5 13 9 27 16 14 13 1 18
14 5 18 23 24 12 15 4 9 7 1 11 30 20 24 10 10 25 10 10
32 21 21 23 40 16 13 14 30 12 18 18 45 24 44 23 11 29 16 27
4 20 26 21 29 18 6 1 23 21 8 24 14 12 34 13 16 21 1 16
22 20 25 21 31 19 12 14 33 10 7 26 30 17 23 12 13 32 11 14
51 29 47 42 64 32 21 31 39 21 38 23 80 55 72 25 31 56 22 27
11 8 10 10 17 3 1 1 10 1 6 8 16 3 16 2 2 5 2 4
18 3 5 9 28 18 8 4 19 8 5 3 30 24 38 7 24 26 14 7
33 15 48 49 55 44 46 12 37 29 7 36 47 41 47 30 24 56 33 30
15 10 48 38 46 20 32 20 40 39 9 35 43 30 55 43 18 43 15 45
26 18 14 21 23 11 1 8 24 4 11 15 33 20 34 22 9 24 12 26
15 9 28 27 28 19 19 4 19 18 1 15 32 24 41 26 13 33 12 28
18 17 33 42 47 18 21 8 30 27 5 37 33 15 45 37 17 31 12 37
3 1 4 1 6 1 1 1 4 1 1 1 8 1 5 1 1 1 1 1
35 18 12 14 32 19 2 10 23 1 8 14 38 21 36 13 27 28 7 12
21 22 41 38 42 20 18 13 31 26 21 25 49 31 46 23 12 39 9 25
18 22 27 28 29 21 9 3 19 14 11 23 31 18 28 9 18 30 4 6
15 18 33 29 41 14 10 5 25 25 14 27 31 18 44 24 10 26 3 27
26 23 5 11 27 9 1 7 22 2 13 12 25 4 25 5 19 13 1 3
25 22 36 25 33 30 22 20 37 21 11 29 38 27 22 24 21 42 16 21
29 28 50 34 49 32 22 24 44 37 31 38 57 49 65 28 30 59 18 32
23 24 23 21 28 17 5 8 27 9 15 15 33 19 31 9 17 29 6 10
20 12 7 11 15 11 4 1 15 4 5 3 20 10 16 9 10 16 9 8
1 1 2 2 1 1 1 1 4 1 1 1 8 5 11 1 6 6 1 1
4 1 10 9 9 1 1 1 5 1 1 7 3 2 13 3 1 2 1 6
19 14 28 23 33 19 17 15 32 26 10 14 33 27 51 30 36 33 6 31
16 5 27 21 23 11 14 5 15 6 5 6 33 23 21 6 6 22 7 11
16 13 3 5 11 4 1 1 16 3 5 7 9 1 8 4 10 9 1 4
33 36 38 21 42 39 21 16 48 21 11 26 50 35 47 27 44 50 10 27
48 32 26 22 52 33 16 24 49 14 16 25 50 28 49 26 32 41 19 25
32 16 48 20 38 21 35 30 42 31 30 22 49 40 35 28 10 44 25 32
26 20 9 14 37 22 12 2 26 15 9 15 29 18 40 17 33 27 9 13
13 6 21 19 31 13 16 3 13 6 5 12 36 22 20 3 7 24 10 5
4 2 17 11 8 3 7 5 14 6 2 3 19 15 15 5 3 18 1 8
28 25 27 35 45 33 16 5 18 11 22 22 51 34 37 5 10 39 16 6
10 10 5 7 7 5 1 1 11 1 1 7 12 3 2 1 5 14 1 1
12 8 20 7 14 11 9 8 20 7 3 8 27 23 25 4 15 30 6 10
13 5 7 10 17 10 6 1 7 1 2 5 21 11 20 4 2 13 10 4
9 8 17 11 25 6 8 6 19 13 5 13 18 12 25 9 15 11 6 12
32 16 36 35 34 33 24 7 28 15 4 26 42 36 45 28 26 49 22 29
