1000 20 11 1547
22 3 10 1 17 9 2 16 3 3 3
5 3 7 2 3 3 2 0 0 1 1
4 3 3 11 19 1 0 13 16 11 9
6 3 5 7 1 1 15 7 1 3 7
3 1 3 1 4 5 5 5 1 0 6
0 0 2 5 2 2 1 8 13 4 3
6 18 15 1 11 1 7 11 3 1 6
2 5 7 2 7 5 9 5 1 5 3
8 5 8 4 25 7 0 19 1 5 5
0 0 0 3 8 4 9 5 2 3 4
3 7 5 6 5 2 12 1 3 6 5
13 5 11 4 5 1 5 7 6 7 7
20 2 11 10 2 4 8 7 15 10 3
0 1 5 1 2 4 4 1 2 2 9
6 0 2 0 6 3 9 0 0 12 0
5 11 5 1 13 6 5 12 17 1 10
3 0 3 6 0 0 5 5 3 2 8
5 5 1 3 5 0 10 15 4 4 3
1 4 2 1 4 4 0 0 8 5 0
2 9 10 9 5 3 5 11 0 9 3
4 3 4 1 1 6 4 2 5 10 4
9 2 14 4 0 1 4 3 2 3 13
4 5 1 8 4 6 7 3 2 1 9
3 2 1 3 5 5 2 6 1 4 13
0 0 2 4 1 13 2 12 11 2 9
3 1 9 7 1 2 0 6 3 3 0
13 12 12 4 5 0 4 17 2 0 7
11 3 4 12 8 13 4 8 9 9 8
7 4 1 3 8 6 8 5 3 4 4
1 4 3 2 5 2 3 7 2 3 1
6 13 8 4 8 9 1 5 10 0 2
0 10 0 3 0 2 1 11 7 8 1
16 7 6 5 5 3 2 4 8 4 18
7 6 3 3 2 5 3 5 5 1 1
1 1 9 8 8 1 2 6 5 5 3
5 6 3 6 2 1 5 2 2 2 3
2 6 4 2 3 6 8 2 0 3 2
12 9 0 6 10 18 18 5 9 21 6
3 3 0 3 1 3 7 2 1 7 1
0 5 7 1 0 1 1 3 4 1 0
7 5 2 10 17 19 5 8 8 4 7
5 8 4 0 6 8 5 3 8 2 9
4 4 19 16 9 2 1 4 14 19 13
4 14 3 8 13 8 0 7 1 1 5
4 5 6 2 1 6 3 8 5 3 6
2 0 14 1 1 1 2 1 3 5 6
2 5 4 2 3 10 13 1 11 0 4
6 1 6 21 17 4 12 16 3 3 2
4 2 5 4 0 6 1 0 7 2 8
5 1 8 7 4 8 12 5 8 10 4
0 12 5 3 4 13 11 1 23 2 2
2 3 3 2 2 4 2 4 2 2 5
5 9 3 24 4 7 2 13 2 6 5
19 10 3 4 3 0 15 1 8 23 8
1 2 9 6 9 12 12 3 2 6 5
10 0 16 5 10 13 8 4 8 2 6
5 8 2 7 1 1 2 3 6 0 3
0 1 7 0 7 3 2 1 1 1 1
7 2 17 11 4 17 0 7 16 9 2
24 13 3 3 5 14 0 18 2 0 7
1 0 5 2 2 2 6 5 1 1 2
21 10 3 18 7 2 22 5 0 6 0
1 2 0 5 5 5 4 2 3 7 1
6 1 4 16 8 5 0 4 5 13 6
7 8 0 12 16 4 4 6 14 4 6
18 4 22 6 15 5 5 3 0 20 2
2 3 3 5 5 2 3 6 1 3 1
6 0 3 1 1 8 14 1 10 17 16
2 3 1 1 1 4 3 3 8 5 2
8 6 2 3 5 8 3 8 10 8 13
4 8 3 1 2 4 3 2 3 1 4
13 15 12 6 8 5 8 18 2 16 5
2 8 1 3 5 3 7 6 2 7 12
23 3 11 19 6 6 7 3 9 11 4
7 3 6 5 1 9 13 4 7 11 4
9 19 9 5 18 10 5 0 10 2 15
14 9 5 6 11 4 15 7 11 13 6
5 8 7 1 9 1 8 7 9 1 10
2 4 4 2 1 4 4 4 2 2 2
6 13 11 20 7 6 10 14 3 6 2
6 3 6 8 4 2 2 7 5 2 4
2 2 10 5 5 0 4 2 3 0 1
8 2 1 9 8 12 13 14 6 12 11
1 27 3 2 3 10 9 6 1 11 6
1 1 13 13 1 3 4 5 7 4 6
0 15 18 10 2 10 6 18 4 2 18
4 8 1 9 7 6 1 6 8 6 2
8 13 7 3 6 9 6 10 11 4 0
0 9 4 21 5 8 2 17 1 11 6
0 1 13 11 3 9 1 5 4 18 6
4 4 5 12 14 3 5 16 3 8 7
6 2 4 5 5 3 4 3 6 2 2
3 3 5 2 3 4 5 3 3 2 9
9 6 4 1 2 5 3 12 3 1 1
6 17 2 7 9 13 8 12 5 0 8
11 2 2 7 15 1 9 3 15 17 5
5 9 5 2 6 11 7 4 3 5 3
4 2 0 3 7 1 2 5 4 8 7
1 18 8 14 0 11 20 2 0 4 12
15 1 1 1 6 8 13 3 18 10 1
7 9 8 2 0 10 9 23 5 6 16
5 20 17 8 7 2 3 1 0 20 1
6 1 1 1 5 1 0 7 6 0 2
6 6 8 2 7 5 1 0 4 5 11
5 6 4 8 2 3 3 3 0 4 0
5 3 10 2 6 9 6 3 9 0 6
5 3 1 8 6 14 9 4 18 8 3
1 18 10 6 4 1 2 2 1 4 3
6 11 15 7 0 15 6 13 4 9 6
6 7 4 1 18 4 4 4 3 8 3
11 1 4 15 17 0 8 5 2 9 13
2 3 1 2 6 0 4 0 5 1 3
6 12 8 2 8 4 1 2 18 8 17
11 1 11 12 14 2 1 5 2 3 6
2 2 2 2 2 2 5 6 8 1 0
6 7 4 5 17 13 0 9 2 1 14
16 6 1 5 14 12 1 15 13 2 13
6 4 1 5 5 4 0 7 4 7 2
4 5 5 5 4 9 0 3 4 4 1
3 2 4 0 5 1 3 3 7 4 2
0 1 5 1 0 9 4 3 8 1 2
10 10 15 15 2 11 10 8 3 21 14
7 7 15 11 20 2 5 2 0 13 22
0 3 6 6 6 18 10 3 9 3 23
2 3 0 0 22 12 11 8 12 18 12
2 2 1 3 6 7 11 2 5 9 9
2 3 5 5 1 3 1 3 1 1 5
7 0 7 7 7 9 6 1 7 9 6
2 13 4 8 5 13 0 8 11 4 3
1 3 21 2 2 23 10 9 2 7 1
4 8 3 8 0 4 11 4 1 2 15
2 1 1 9 2 4 6 5 5 3 2
11 1 1 10 0 4 15 9 5 7 15
8 8 1 4 1 15 5 10 0 0 7
19 3 12 19 5 1 20 6 5 1 14
6 1 4 3 4 1 4 0 1 2 1
10 7 3 7 1 1 2 0 7 7 4
5 11 1 5 2 2 4 2 2 3 1
1 9 3 7 10 1 11 5 2 8 1
8 3 4 5 10 11 8 19 16 11 9
15 5 15 8 15 7 3 9 7 10 11
13 10 16 1 0 25 3 10 1 14 6
1 10 3 1 9 1 14 14 8 1 2
2 3 7 8 3 12 4 17 6 1 1
3 2 1 2 3 0 2 5 1 4 8
2 10 4 21 17 1 15 16 5 2 13
5 6 5 5 3 1 4 1 3 4 5
8 6 9 16 6 3 12 14 11 3 12
1 0 1 4 3 3 2 7 5 0 2
6 2 4 5 1 7 1 10 3 9 4
8 2 2 8 5 6 13 3 8 14 18
6 6 1 9 12 9 7 9 1 0 1
8 7 2 9 3 0 12 15 1 4 7
17 11 2 8 5 3 11 6 11 11 6
8 1 14 3 2 9 16 2 8 4 22
7 8 3 10 6 6 2 5 12 7 10
12 2 0 2 14 13 16 5 1 10 1
1 2 4 7 2 2 2 4 2 5 2
8 6 5 15 7 12 6 15 16 6 6
2 14 6 12 16 18 2 7 6 17 4
13 19 6 0 7 17 9 13 19 2 3
3 3 1 10 12 1 21 15 7 18 4
10 7 4 3 12 2 14 2 3 3 4
7 3 4 3 2 1 3 0 4 4 8
13 6 21 8 1 6 4 10 12 11 12
0 2 4 1 1 3 4 0 1 6 4
6 4 1 0 5 14 1 2 5 8 4
2 7 10 13 10 7 15 0 15 18 2
10 1 16 4 10 12 2 4 6 4 5
13 9 8 2 31 4 5 13 4 3 3
1 7 1 13 11 16 3 14 15 5 13
7 16 17 19 1 11 10 6 11 15 4
11 1 13 1 2 17 7 1 9 22 0
1 15 12 4 1 21 9 0 8 6 6
4 1 9 14 7 5 0 8 1 7 20
5 8 1 8 4 9 18 5 6 4 6
6 5 12 5 8 3 7 5 8 2 1
11 6 2 1 15 8 4 8 6 15 2
0 6 5 0 6 4 1 2 2 7 1
2 9 5 0 17 10 5 3 28 5 12
3 1 1 5 4 5 6 1 2 1 8
12 2 7 4 1 3 7 5 4 6 9
6 0 25 15 11 7 0 1 3 1 7
0 5 10 2 5 12 7 5 13 3 1
5 7 5 14 19 10 9 7 5 10 5
1 10 19 14 8 12 4 7 3 6 2
8 6 0 6 10 1 4 1 2 0 1
12 7 15 15 3 7 20 4 10 2 12
9 9 2 16 1 2 0 5 1 5 18
5 4 1 5 4 2 2 2 6 4 1
18 14 21 8 5 11 2 3 3 12 1
16 16 4 6 2 3 1 4 8 10 2
8 5 0 1 3 5 5 5 2 1 2
15 3 15 7 2 15 4 9 3 4 13
3 12 5 0 4 5 6 2 11 1 15
10 2 9 9 15 11 5 21 9 5 16
11 6 5 7 5 2 13 20 13 1 5
10 1 2 12 3 12 6 1 0 9 3
14 13 1 2 6 3 10 1 5 8 6
2 5 4 1 2 3 0 1 3 5 3
1 6 4 19 17 14 5 5 10 14 13
10 17 6 13 11 4 13 12 7 5 8
1 1 2 6 1 4 3 5 4 2 3
16 7 3 11 16 11 11 4 13 12 12
5 2 2 3 0 13 10 9 2 6 9
6 6 14 10 7 22 3 21 9 4 1
3 13 1 2 8 17 5 8 11 15 1
11 1 3 14 22 3 5 2 16 10 21
2 8 4 3 2 4 2 1 5 7 4
3 8 2 5 3 6 3 2 4 3 9
5 8 17 5 9 8 1 8 5 6 2
0 11 3 1 1 14 16 8 7 9 1
4 9 4 3 0 8 1 5 3 1 7
3 5 6 14 7 10 1 5 4 2 20
19 0 1 2 1 10 22 4 7 15 11
2 1 4 2 4 1 9 0 7 1 3
8 3 2 4 3 8 1 3 7 0 2
2 14 2 15 7 11 9 7 8 18 7
3 1 1 3 0 3 8 11 3 5 2
10 17 9 15 4 4 20 6 10 11 6
3 2 7 6 3 5 6 1 7 20 15
7 8 5 3 1 15 16 6 3 15 15
15 5 5 2 16 0 15 19 3 13 13
11 9 3 1 6 0 3 4 3 4 4
3 7 4 3 4 0 9 16 7 2 6
1 1 3 2 3 6 5 0 0 4 7
2 3 1 5 12 7 0 4 2 11 4
6 11 15 8 16 6 10 14 8 5 1
1 2 1 0 1 5 9 3 6 4 2
6 1 5 22 5 1 17 14 2 2 4
7 14 0 6 1 0 4 7 4 8 5
1 5 7 1 6 1 4 1 6 1 1
7 4 23 4 10 11 3 16 5 4 9
1 18 3 12 5 1 2 12 3 1 9
5 4 4 5 3 3 0 3 4 2 5
3 4 13 7 5 2 10 1 4 5 4
19 9 5 11 14 3 5 7 4 19 9
1 17 1 18 9 17 3 9 10 9 8
5 4 14 20 3 3 7 2 12 3 10
3 10 23 15 7 11 4 7 5 14 4
6 12 16 1 7 14 26 4 12 0 5
5 5 1 3 1 3 2 1 1 5 2
5 4 4 8 3 10 2 4 2 2 13
3 2 0 3 17 9 5 1 17 24 5
1 5 1 2 2 2 6 4 1 8 13
4 6 3 7 6 2 5 3 2 4 7
6 6 13 3 7 18 1 3 4 2 4
12 3 2 5 8 5 0 8 4 13 10
3 17 8 11 2 0 10 5 13 5 24
4 3 4 5 15 6 17 6 2 13 17
7 1 6 8 17 17 17 14 9 1 3
9 8 3 2 15 1 1 8 12 10 4
5 1 1 1 15 4 2 4 0 2 2
16 2 3 3 18 2 6 24 5 13 10
1 7 8 9 1 5 3 1 1 6 8
1 6 15 9 2 1 1 5 0 3 0
22 2 1 10 2 9 2 9 2 17 6
2 2 4 3 3 6 4 1 2 3 3
7 4 3 2 6 11 7 6 5 7 0
2 0 20 7 13 6 6 7 4 3 8
3 5 5 4 6 6 6 9 10 9 4
1 2 4 4 3 4 1 5 1 6 3
12 11 4 5 2 3 4 6 9 1 4
11 5 3 6 2 7 2 4 7 4 1
6 2 3 2 8 10 2 6 10 4 7
16 7 18 2 11 0 12 5 5 2 15
3 6 10 7 4 4 13 3 10 0 10
5 5 1 7 3 18 2 1 5 6 4
13 5 25 12 8 3 3 1 4 6 5
6 12 3 13 16 10 5 7 19 9 6
2 3 18 1 12 6 12 9 5 10 24
19 10 15 4 10 6 15 4 9 5 16
5 17 14 13 0 1 25 4 0 2 8
5 1 9 7 7 4 2 2 11 15 16
3 5 0 6 5 2 6 5 6 2 3
6 9 13 5 16 2 4 1 2 12 0
6 5 0 16 4 1 4 8 15 9 19
6 6 0 6 4 3 1 6 6 4 0
1 1 3 2 3 4 4 1 8 3 5
5 8 5 3 3 3 5 1 1 4 1
2 10 9 7 6 12 1 4 10 3 2
19 14 14 15 4 14 4 8 14 4 4
1 1 0 0 1 2 3 6 4 5 6
0 6 8 8 7 26 10 13 4 2 5
3 4 5 6 2 9 4 5 2 4 4
8 13 2 7 2 9 16 21 6 10 14
1 0 2 8 9 10 29 1 7 12 8
7 13 10 2 15 18 1 6 6 4 1
5 0 8 6 5 3 4 6 1 6 1
6 6 1 13 2 1 6 9 22 25 4
8 13 0 1 10 3 4 8 4 3 7
1 1 16 8 8 25 4 9 5 2 17
7 4 4 2 5 1 3 3 3 5 5
12 5 14 19 15 0 5 5 4 4 10
9 1 4 3 1 4 4 1 0 4 1
22 1 1 13 6 13 7 7 2 17 9
6 5 2 7 4 5 5 2 2 5 1
8 13 6 1 2 4 7 1 3 8 5
1 6 3 5 1 3 3 0 3 2 4
5 3 6 4 3 0 0 5 5 0 6
21 3 10 8 0 7 10 10 12 2 4
18 25 6 0 1 16 3 17 6 3 5
2 6 7 10 1 1 2 3 3 16 17
3 5 1 4 1 4 6 7 6 9 13
5 2 3 7 1 6 3 2 0 9 4
2 5 9 1 9 11 2 3 3 6 2
3 15 10 2 12 20 4 1 1 0 6
4 10 4 6 1 5 0 0 3 4 1
5 2 2 5 3 1 4 2 3 5 0
0 5 1 11 3 2 3 5 1 3 3
0 10 2 2 3 3 13 5 2 2 7
4 13 5 0 9 1 10 14 6 9 1
3 7 28 2 10 3 4 4 17 12 6
21 4 21 10 8 5 3 8 18 2 4
10 19 2 2 13 9 2 4 2 5 3
2 0 15 4 5 2 9 6 13 9 2
6 4 4 9 3 1 2 6 0 6 0
0 2 2 5 3 7 0 6 6 1 3
3 7 2 8 3 6 5 5 4 4 13
4 1 2 2 0 12 2 2 3 2 4
3 9 5 6 6 14 9 5 3 1 1
10 2 7 6 1 7 3 3 6 2 8
2 1 6 3 5 4 0 4 4 7 7
6 5 4 4 7 8 8 14 15 11 4
5 6 8 9 5 1 6 6 3 1 9
8 7 5 3 6 2 1 3 5 2 9
5 3 2 9 3 10 7 7 3 33 0
1 3 5 9 4 2 2 5 1 5 4
5 12 3 2 3 0 9 0 1 5 16
1 8 1 5 13 5 1 11 8 4 3
5 14 15 2 6 15 7 6 14 1 9
2 5 4 2 3 2 1 3 7 1 2
0 13 18 5 0 14 5 5 8 2 13
1 11 9 4 2 3 7 2 7 6 5
4 0 3 8 3 4 1 5 2 7 3
2 2 4 7 4 3 2 3 1 4 1
5 5 3 4 5 8 6 2 6 4 3
21 13 12 9 1 13 5 6 4 5 11
1 7 2 3 5 2 1 4 0 4 0
2 3 4 9 0 0 3 4 5 0 6
18 11 6 4 7 2 9 4 10 1 12
2 9 9 13 9 4 9 1 13 4 8
3 3 9 1 2 5 3 2 7 7 7
11 1 3 11 9 1 14 14 1 11 17
1 0 2 1 7 4 1 1 5 3 2
24 8 2 4 3 7 5 7 6 11 2
5 1 2 2 8 2 2 0 2 2 1
12 3 18 7 6 8 10 3 1 15 5
5 3 2 5 3 2 6 8 5 4 3
5 1 10 5 3 7 10 3 5 13 7
10 9 5 4 5 2 15 10 4 4 4
9 5 3 3 5 5 6 21 19 8 3
2 2 15 14 12 1 4 18 6 1 17
4 1 3 4 2 4 2 6 9 5 0
1 5 22 8 6 15 6 7 4 1 12
16 13 2 6 13 9 2 12 13 1 8
5 9 5 7 11 5 16 3 8 11 13
3 1 2 1 3 7 6 4 3 2 2
2 4 6 12 14 26 17 0 0 4 11
8 8 4 3 2 5 1 13 6 8 1
7 6 5 9 8 4 4 8 8 4 8
10 2 24 3 15 16 3 6 5 4 9
1 13 3 6 12 2 5 5 2 6 2
4 5 5 9 1 9 14 16 0 10 5
14 7 3 9 5 3 6 9 15 3 9
1 6 9 15 7 3 3 1 4 7 1
2 2 12 3 1 2 3 2 14 8 11
4 12 9 2 3 8 10 15 12 14 4
1 1 12 3 5 3 10 1 3 4 8
4 16 9 22 1 3 21 9 2 3 13
7 7 6 1 2 1 0 2 3 4 1
9 7 10 8 9 4 9 1 0 1 8
5 9 0 1 2 1 0 5 7 10 4
9 0 3 4 1 1 2 5 6 4 7
7 4 3 4 4 6 16 7 1 12 11
11 9 9 11 3 5 2 14 1 3 25
1 19 6 5 3 11 16 7 11 6 20
10 2 3 5 1 3 2 3 1 4 3
3 1 0 3 12 15 2 2 4 4 2
9 10 8 9 1 0 7 8 1 1 1
7 0 6 0 3 0 2 2 3 3 4
1 5 2 11 0 0 2 7 15 6 8
0 2 11 4 1 11 7 8 8 7 5
0 8 11 1 0 12 1 3 22 8 13
3 11 6 9 5 16 16 12 8 0 5
1 6 4 5 5 6 2 3 5 1 2
6 11 1 3 1 15 8 6 10 4 16
2 5 4 5 3 2 12 2 3 15 11
6 11 1 13 1 14 10 0 5 3 2
1 4 4 3 7 10 10 13 2 13 13
13 3 3 1 14 7 16 20 6 3 19
6 0 4 1 2 5 8 5 3 2 1
5 1 2 2 7 2 1 4 6 0 8
1 1 4 1 6 2 2 3 2 2 4
5 5 17 21 4 12 1 14 1 4 6
8 11 4 5 9 1 4 1 30 10 2
13 18 2 16 6 2 16 12 6 17 5
8 4 9 7 4 11 4 3 10 12 14
3 9 15 8 13 8 16 15 16 2 11
17 2 2 7 6 6 12 12 5 1 8
5 5 2 3 3 3 2 0 1 2 3
5 1 1 4 3 5 5 5 5 4 0
5 11 12 5 3 5 1 14 2 7 8
3 1 2 13 3 3 5 6 5 2 2
1 12 1 2 2 10 2 8 23 9 1
14 7 9 5 2 5 8 2 4 7 19
20 16 6 8 3 14 2 4 12 20 8
5 2 3 7 4 8 1 8 9 1 6
2 2 6 3 10 5 1 7 3 4 8
4 1 1 8 8 1 4 3 8 0 10
17 3 5 8 11 4 14 3 11 6 14
9 15 4 6 11 19 8 5 10 9 5
3 0 1 2 4 2 11 5 5 3 3
6 9 3 1 8 8 9 2 2 3 7
6 4 10 8 7 1 9 1 2 6 7
10 3 4 5 5 7 1 7 4 10 3
4 1 4 1 2 1 0 7 5 3 5
1 20 7 11 2 4 16 4 12 0 13
2 3 13 0 2 1 5 4 2 11 4
3 1 1 1 2 7 4 1 1 9 5
3 9 1 2 0 2 14 6 2 1 7
6 2 0 6 3 5 5 5 1 1 8
6 7 12 4 22 3 2 9 18 16 14
5 11 4 1 6 6 4 1 4 5 6
8 5 7 16 3 3 4 4 2 8 2
2 4 1 5 6 0 4 2 1 2 1
7 1 20 7 9 4 1 7 11 14 6
6 3 1 3 0 1 2 5 5 7 3
4 6 2 13 6 2 6 12 12 3 2
3 2 2 2 6 11 12 9 3 3 13
5 0 0 1 1 12 2 5 3 5 7
5 5 0 2 4 5 4 1 3 2 4
5 6 2 6 7 3 6 6 0 4 3
12 12 4 1 3 5 22 2 5 2 9
2 13 12 4 12 9 3 2 14 13 10
0 4 3 3 5 9 2 1 6 4 6
13 10 7 0 11 7 1 1 13 3 14
7 5 4 3 8 9 9 4 3 3 8
2 9 1 4 0 3 8 2 15 5 9
3 5 3 9 3 3 3 7 22 14 10
4 5 0 2 6 1 6 1 1 1 2
1 7 9 2 5 7 8 20 13 9 0
3 2 0 13 6 6 6 4 1 7 8
8 17 2 17 4 4 3 6 4 3 2
14 2 5 9 7 4 13 13 5 24 3
15 5 14 0 24 7 1 6 9 11 8
11 22 4 16 4 6 8 12 14 10 11
11 16 5 8 0 8 5 3 13 9 1
3 4 25 2 2 16 4 9 2 9 11
8 1 3 6 5 12 8 3 5 9 6
1 0 2 7 7 1 6 4 14 7 9
1 16 5 3 13 6 5 1 5 15 10
4 10 1 3 5 9 4 19 15 10 7
15 6 1 12 10 7 9 6 8 3 12
0 0 8 12 3 5 5 4 3 0 16
7 9 9 11 7 2 2 9 9 3 8
10 5 0 7 4 0 3 8 10 9 2
1 6 6 5 0 4 3 4 5 3 4
3 7 4 1 6 7 2 3 3 0 1
10 4 11 12 15 1 18 3 0 5 8
8 5 11 9 10 6 14 3 7 14 16
3 5 13 1 10 1 9 4 1 1 3
4 7 7 3 9 4 4 1 3 1 6
1 14 2 12 10 10 6 4 6 3 7
5 1 7 8 1 2 2 2 7 5 9
2 1 6 1 7 12 4 18 3 10 18
4 11 18 5 7 9 4 11 4 4 15
4 1 8 12 5 8 5 7 1 6 5
6 0 3 2 12 1 1 2 7 0 16
3 6 5 2 4 1 2 7 8 5 3
4 11 5 6 5 4 2 10 0 3 17
7 4 9 12 7 3 7 17 1 22 10
5 4 8 8 6 5 8 12 1 5 1
6 6 23 9 15 0 3 15 4 12 3
2 10 4 1 1 20 5 3 13 7 6
1 1 1 3 4 2 8 3 5 4 1
3 3 6 5 0 1 3 1 1 6 1
9 17 4 8 2 24 7 11 13 9 8
1 9 4 5 15 7 11 16 10 7 3
2 4 6 0 0 14 0 1 1 12 1
4 16 5 1 3 3 1 7 10 5 9
0 3 1 4 1 0 7 4 5 6 3
8 1 3 2 8 4 2 4 12 1 5
3 1 1 5 6 5 7 6 9 1 8
6 2 6 1 2 1 2 4 5 7 1
5 1 14 18 2 0 12 2 10 10 5
11 6 15 9 3 9 10 11 2 10 12
2 4 3 19 7 0 3 4 20 7 4
10 2 1 6 8 13 7 8 5 15 4
0 4 1 1 2 0 6 2 10 4 4
2 4 1 1 1 1 5 7 4 6 10
7 15 11 8 13 8 4 12 0 5 13
8 3 16 10 7 1 3 5 1 4 5
7 2 2 6 5 9 6 5 3 8 0
7 1 0 3 3 3 1 6 4 3 6
7 5 3 15 13 7 5 9 2 10 4
3 3 4 6 5 1 5 17 1 12 16
1 9 4 4 4 10 3 5 4 4 3
6 8 0 4 3 2 1 4 1 2 1
13 4 3 6 12 4 4 13 8 16 20
14 8 7 6 6 1 10 5 12 3 11
1 10 0 4 1 14 8 4 2 11 0
15 1 3 5 7 8 7 4 9 0 8
22 11 1 6 2 4 5 4 9 14 2
12 2 2 6 11 16 2 18 5 11 6
3 5 9 8 6 1 1 5 7 5 1
13 8 15 8 7 12 8 4 2 3 2
3 2 1 11 11 9 11 17 6 25 9
5 8 8 15 10 3 8 1 1 8 11
6 1 11 9 11 11 6 3 3 1 9
1 3 3 10 4 4 11 4 2 11 8
13 11 5 11 5 1 2 4 9 11 2
7 9 5 2 9 4 6 12 21 12 9
11 5 3 5 12 4 5 15 12 3 2
3 1 13 9 5 17 2 19 1 12 3
4 17 1 7 20 2 9 22 5 9 3
9 16 12 7 2 7 3 10 0 7 13
1 1 2 3 4 1 1 5 6 0 6
9 6 10 27 4 10 14 3 8 12 0
12 19 6 6 9 0 13 16 8 3 12
3 1 6 6 13 1 2 4 2 11 6
19 8 5 12 0 12 2 14 4 8 2
4 4 0 10 3 8 9 7 3 0 3
15 1 4 1 11 0 11 11 6 0 5
4 21 5 7 7 19 16 1 3 2 18
15 12 11 3 12 16 14 20 4 2 4
6 16 15 11 17 16 5 3 16 7 6
13 10 5 6 8 6 26 15 2 9 11
13 4 0 6 10 1 11 1 9 4 14
6 2 6 13 7 12 11 15 5 8 12
4 2 5 1 1 3 1 2 8 5 5
7 4 3 1 2 9 4 3 3 3 2
8 4 2 3 3 12 7 2 11 10 4
10 11 7 12 6 17 8 9 10 13 11
4 4 4 6 4 1 4 2 5 5 2
13 4 16 6 11 21 5 3 11 15 9
11 17 11 0 1 7 14 5 2 11 8
6 6 13 3 1 6 12 19 2 6 2
3 1 5 3 5 4 1 3 2 5 5
11 14 12 1 3 15 12 7 21 4 8
7 5 0 2 3 7 8 2 8 1 3
7 2 4 2 3 7 2 2 7 2 9
7 6 8 19 10 6 3 28 4 2 0
1 4 1 7 19 10 4 2 7 6 5
3 1 8 2 5 3 2 4 7 3 3
1 5 1 9 7 4 3 0 5 6 3
11 4 8 9 16 15 5 14 7 8 7
13 7 3 4 4 7 11 4 5 2 15
1 0 3 3 4 7 5 1 8 6 7
4 4 2 2 0 0 3 6 12 2 5
12 4 1 4 3 15 1 5 3 7 2
2 7 0 3 2 4 3 1 0 8 2
3 3 1 3 4 2 2 4 16 6 2
2 7 1 10 6 3 18 2 0 18 13
17 0 2 1 5 4 4 0 12 9 8
9 3 16 5 3 2 7 6 4 19 8
1 7 5 1 5 1 0 2 1 3 0
18 10 7 4 1 0 11 4 1 2 1
5 2 5 5 0 2 4 3 2 4 0
2 2 3 4 3 7 4 3 11 4 3
9 17 2 2 6 8 1 12 1 16 9
16 8 10 6 1 0 16 6 11 13 17
4 8 18 15 3 16 8 5 11 5 1
9 9 0 7 22 19 3 8 0 6 12
4 7 2 1 2 2 4 1 8 7 12
8 2 9 7 0 0 18 2 8 11 15
2 4 0 6 1 2 4 0 3 1 10
0 3 13 7 13 6 1 5 4 1 14
9 14 8 13 4 6 13 16 5 3 10
14 7 11 4 4 18 11 23 13 5 0
4 11 7 7 8 4 1 1 3 0 4
5 9 10 0 7 2 5 6 1 0 8
5 7 4 5 6 7 9 7 4 10 12
9 11 14 6 8 6 9 2 12 1 6
4 0 5 6 2 3 4 1 2 2 15
22 4 10 12 7 12 1 3 0 14 2
7 5 3 3 3 5 0 5 7 2 1
4 3 0 19 18 3 8 23 9 3 14
8 2 1 0 1 2 3 4 3 4 1
18 1 7 13 0 7 14 11 11 11 11
2 1 8 3 12 2 7 2 2 3 1
4 2 5 5 4 1 2 2 9 5 2
17 13 1 11 4 10 12 3 8 9 5
5 7 3 11 12 8 18 3 1 5 4
10 16 8 18 11 3 13 1 13 9 6
2 1 4 4 1 5 1 6 1 0 5
7 5 0 6 3 3 3 13 7 7 4
6 2 9 3 15 12 10 2 6 4 5
8 1 6 4 4 2 9 1 1 2 2
4 10 13 13 2 0 11 13 7 18 20
5 3 6 5 0 3 0 4 4 11 3
8 9 7 11 2 17 13 9 2 10 3
2 2 2 6 4 6 3 2 1 3 2
11 4 10 3 5 6 14 9 1 7 9
2 3 2 6 0 3 3 2 1 4 5
2 15 0 8 4 0 0 14 7 0 1
12 2 10 0 7 4 12 2 4 11 8
2 7 12 18 13 18 11 0 2 16 4
12 2 2 6 4 2 2 0 2 1 6
11 1 2 5 0 3 18 13 10 9 3
2 8 1 1 3 4 5 2 1 1 2
4 1 2 0 8 2 10 1 1 1 12
2 4 0 14 5 14 12 13 3 4 2
5 7 5 5 2 1 2 13 7 15 10
4 2 7 4 1 0 9 24 9 11 10
3 8 9 2 19 0 2 23 5 9 14
3 15 13 9 3 10 7 16 6 3 13
6 2 2 4 3 3 3 3 7 0 8
3 1 4 4 3 4 4 6 1 0 7
6 1 4 5 7 0 4 3 1 5 1
8 3 6 18 1 7 5 22 0 21 7
2 1 4 2 6 4 3 3 5 3 1
16 5 17 3 7 16 19 0 5 1 6
7 6 3 3 8 4 8 7 16 10 6
10 9 2 1 14 10 2 20 10 5 8
6 2 12 10 18 4 12 15 3 6 9
14 2 9 8 4 3 2 17 5 13 7
11 6 12 14 7 4 6 1 7 9 6
4 14 7 2 12 5 4 6 18 4 6
2 0 5 1 2 4 2 5 1 1 4
5 3 3 4 1 0 8 2 6 0 0
8 13 7 4 15 5 4 1 2 9 11
7 8 2 4 19 12 4 1 20 16 3
6 4 10 3 13 2 9 2 6 7 18
9 6 6 9 4 11 8 3 32 10 1
0 1 5 5 12 2 19 3 13 4 6
3 27 7 1 3 8 15 7 1 5 10
0 2 1 12 12 11 5 17 8 4 18
1 13 0 4 7 1 3 7 7 5 13
0 20 7 4 7 6 13 2 4 4 0
7 0 2 1 9 4 0 3 4 13 0
10 7 6 6 18 6 11 2 0 1 12
6 1 0 0 6 6 5 3 5 4 8
11 6 14 12 7 3 5 2 13 7 4
5 9 3 3 5 4 2 6 3 9 7
2 9 5 11 12 4 16 12 3 7 6
1 3 1 8 8 2 5 6 5 6 4
0 0 2 3 6 8 7 6 0 3 3
3 6 4 3 3 2 2 1 1 2 4
12 3 5 4 0 2 17 4 4 11 3
9 6 10 4 3 2 2 6 1 2 4
15 4 14 9 16 7 17 1 5 11 11
4 2 8 11 4 4 1 14 21 3 3
6 7 5 1 1 3 11 9 4 1 2
1 7 1 1 5 3 0 0 1 2 2
5 5 5 4 0 6 4 13 1 1 6
12 2 1 4 16 9 13 1 2 6 11
6 7 19 11 1 4 0 8 2 4 2
2 3 4 0 6 1 3 4 5 12 1
9 8 2 4 10 16 7 8 13 2 4
0 11 7 2 2 7 1 1 6 6 0
11 6 3 11 24 0 14 5 4 3 17
14 1 7 1 1 8 5 5 3 4 7
0 8 2 6 0 6 8 16 8 6 9
16 3 15 8 2 15 22 0 6 14 2
2 5 5 1 4 9 2 6 9 14 11
1 3 8 7 5 7 5 24 12 7 3
4 1 7 10 5 7 12 2 9 3 0
0 2 3 8 1 5 2 0 4 7 2
4 6 1 13 1 4 12 3 3 3 9
2 12 6 2 5 5 6 3 2 8 3
18 12 11 5 10 2 9 22 5 4 13
8 5 1 16 7 9 10 8 3 4 7
3 8 21 16 9 12 6 12 8 5 11
7 4 0 16 11 9 11 2 9 13 1
9 5 8 3 3 0 1 3 2 2 3
3 3 7 4 6 6 6 2 5 2 2
5 6 3 20 22 19 0 8 6 7 7
4 10 1 2 4 6 3 13 7 1 12
5 1 2 6 2 9 3 0 3 4 1
2 4 11 11 1 9 15 11 1 12 7
7 2 12 8 6 4 0 9 10 2 2
1 3 5 5 3 1 7 4 2 2 5
2 1 4 4 1 6 7 5 2 4 3
6 8 16 1 0 7 8 4 1 5 13
2 2 0 3 5 12 3 10 4 3 9
6 4 5 15 10 2 3 3 5 2 3
22 4 1 11 15 7 8 5 1 1 14
3 6 0 2 4 1 8 3 23 10 11
15 7 17 5 21 5 2 9 11 3 12
4 5 1 2 4 2 3 1 3 7 4
5 5 7 6 13 2 3 2 12 9 1
2 1 3 9 10 6 12 5 14 2 9
9 10 1 7 11 1 14 15 3 2 3
2 7 8 0 26 11 6 3 9 10 10
8 4 8 6 14 18 10 6 6 0 8
7 4 5 1 12 26 18 5 2 7 5
22 8 6 6 1 11 8 14 13 12 6
1 1 7 1 4 6 5 8 4 3 5
3 3 9 5 8 8 1 12 2 2 4
1 8 10 2 1 3 7 9 20 12 15
12 7 3 2 8 6 6 2 3 4 1
7 7 10 5 4 7 1 3 2 7 9
2 1 25 3 2 2 5 7 2 12 10
3 4 8 2 4 1 19 8 12 11 3
21 1 6 10 2 13 9 6 2 16 3
6 6 2 2 16 0 20 8 6 24 9
22 2 19 2 17 1 7 4 12 1 6
6 10 6 7 1 4 1 8 5 8 3
4 0 1 0 1 9 0 0 5 9 3
10 3 5 8 1 6 12 2 15 4 9
7 16 14 2 4 5 0 2 5 1 10
0 4 9 3 7 3 2 10 7 2 6
5 14 6 7 1 1 10 9 5 0 0
12 3 2 2 4 5 2 4 4 5 4
8 1 1 1 7 7 4 1 17 9 11
7 7 2 3 10 6 10 5 9 6 4
1 4 3 1 2 5 1 2 2 5 11
1 7 9 6 1 2 19 5 3 1 15
9 27 3 12 10 12 10 0 1 4 4
5 5 7 1 1 4 16 3 5 3 2
7 6 2 1 4 1 0 3 1 3 3
5 11 11 25 3 8 8 5 1 14 10
0 3 6 9 7 6 0 3 5 2 1
1 12 1 0 20 12 2 3 9 17 10
1 8 2 4 1 9 3 1 3 11 7
3 6 2 1 3 0 6 5 11 7 10
1 8 1 0 5 3 4 6 2 1 0
4 2 3 6 9 6 10 12 9 2 3
5 13 6 19 19 7 15 10 8 1 4
5 1 8 7 4 4 3 2 2 1 2
12 10 9 2 2 0 0 11 4 4 19
3 0 2 3 3 5 5 6 2 5 1
2 7 5 3 12 17 7 8 10 4 16
9 3 13 2 1 13 3 9 6 5 15
10 0 6 5 9 0 1 18 4 19 24
7 10 18 13 11 2 12 6 3 11 6
3 9 11 8 22 9 12 4 4 23 4
6 17 1 2 11 7 21 13 0 21 2
14 12 12 15 14 2 8 2 13 14 9
2 10 3 11 4 1 1 4 12 6 5
22 5 4 15 12 9 13 2 12 10 10
6 2 1 3 0 6 1 3 4 0 1
5 2 7 2 3 1 1 1 2 1 2
18 3 3 2 8 2 1 5 1 8 8
6 3 2 4 3 1 2 2 3 2 5
11 5 8 1 2 7 6 1 1 1 2
1 15 5 5 7 15 3 8 12 4 7
3 3 7 20 7 1 3 2 0 8 19
9 4 11 4 2 29 6 11 13 6 7
3 3 6 8 6 8 6 7 5 9 2
2 1 5 4 4 3 5 0 0 1 14
4 0 9 1 3 0 4 6 2 9 5
0 7 2 13 5 4 5 1 8 1 4
1 2 1 3 0 1 3 5 8 5 1
1 2 9 12 1 1 2 0 3 10 11
9 1 10 8 3 2 11 28 6 5 7
3 9 4 2 3 0 13 1 2 3 1
3 14 9 4 7 12 10 1 3 2 12
9 6 1 11 3 6 1 7 6 14 16
7 5 6 12 2 7 1 4 5 6 3
3 2 8 2 1 9 3 1 3 4 1
3 1 11 8 1 3 1 9 12 2 0
3 0 2 5 6 2 2 12 11 3 7
14 3 3 6 9 20 14 7 4 1 18
12 6 6 1 13 2 7 8 0 17 7
5 0 2 8 8 4 14 2 3 10 5
0 0 9 18 0 6 1 1 25 16 8
7 3 3 2 11 1 2 5 1 6 11
11 6 18 5 7 19 8 6 6 7 10
0 0 3 1 2 2 3 7 5 3 4
0 7 4 8 9 1 2 6 6 4 2
2 2 1 1 5 1 2 6 2 3 6
6 0 21 2 1 0 4 3 1 9 3
3 3 8 5 1 1 9 11 6 11 1
13 6 0 20 7 1 3 15 4 11 14
9 23 2 5 7 9 12 2 3 1 18
10 6 3 2 0 4 7 4 5 5 3
27 1 12 6 4 7 1 6 14 16 1
1 2 2 3 1 1 9 7 1 2 11
0 2 1 0 6 11 2 4 3 6 3
6 2 6 11 5 13 1 5 6 10 10
16 12 2 4 18 6 6 6 6 4 3
5 8 2 4 2 3 2 6 3 1 3
11 6 7 6 1 4 9 6 13 19 2
12 27 11 0 12 6 13 1 3 7 4
2 2 2 3 7 0 2 0 1 6 2
7 10 1 13 0 0 15 8 8 16 1
5 3 5 6 1 1 2 12 4 2 1
7 1 8 8 6 1 8 10 6 6 3
8 1 9 0 7 7 11 0 4 7 11
9 14 5 3 10 6 1 17 7 2 2
3 23 4 5 4 0 8 2 2 20 11
2 7 2 4 2 5 2 0 5 3 3
4 5 1 2 11 2 13 9 1 5 13
2 7 1 3 4 8 1 4 11 2 8
5 8 13 1 13 2 4 3 19 13 6
2 4 4 2 1 5 7 4 0 5 7
1 3 6 1 1 6 2 1 3 4 0
3 6 12 7 11 14 21 0 3 8 4
1 21 14 3 17 9 2 4 3 6 2
2 1 10 2 8 16 9 7 2 4 11
16 2 1 2 2 5 4 0 6 14 9
13 3 8 3 7 5 7 2 3 15 4
3 1 5 0 2 4 6 3 4 6 1
0 1 7 1 10 4 3 4 2 2 5
1 1 10 10 6 7 2 7 10 10 5
6 2 7 3 3 6 0 0 1 1 3
8 1 4 11 4 3 5 1 3 8 0
3 12 13 6 6 21 2 13 1 2 8
14 8 6 7 3 8 15 20 11 9 6
5 16 4 2 12 13 2 4 9 20 3
3 3 1 11 3 4 0 0 2 0 6
11 0 6 6 1 6 2 3 5 9 9
13 1 5 11 11 12 3 10 18 2 20
5 20 5 15 17 2 7 0 1 7 17
1 9 1 8 5 6 1 13 1 15 7
6 4 9 4 4 6 11 1 1 7 2
1 10 9 4 17 11 5 4 0 18 2
1 4 11 2 15 17 9 23 10 12 5
4 8 1 3 7 4 7 4 1 1 2
8 6 1 2 2 0 13 1 2 8 11
2 4 7 9 2 9 5 14 6 3 4
12 7 2 2 11 1 21 1 9 8 10
1 3 0 4 8 14 2 2 3 6 3
9 9 7 2 5 5 3 8 4 9 3
1 3 8 11 1 5 15 16 17 17 15
0 7 4 4 3 1 4 10 2 9 4
27 3 15 2 4 3 4 15 4 10 1
1 3 2 16 3 4 16 10 1 11 9
4 12 1 1 8 5 22 8 1 3 0
1 5 7 3 0 4 2 5 1 0 6
6 4 10 3 2 12 4 0 9 10 6
3 2 2 2 11 2 3 9 4 7 0
1 0 12 12 8 0 0 2 10 11 5
1 3 0 8 2 6 1 2 1 3 9
1 0 4 2 1 3 4 4 5 4 4
10 13 5 7 0 14 5 3 0 7 14
5 11 17 23 3 14 8 10 1 5 5
8 2 9 14 19 7 5 7 5 5 7
2 2 8 1 2 10 5 3 13 3 3
8 20 8 8 4 6 1 16 17 2 8
9 8 15 7 11 11 13 18 2 3 14
0 13 4 0 6 3 1 4 1 10 10
2 2 2 8 6 4 6 4 1 3 2
4 19 0 3 11 4 7 1 8 2 1
5 9 0 6 3 1 3 4 2 0 2
2 0 2 2 5 5 1 7 6 2 3
4 6 0 1 2 6 3 1 2 1 2
5 11 15 2 3 16 11 6 10 3 12
5 1 17 2 12 7 4 8 3 7 11
13 2 5 8 1 1 10 23 16 5 2
9 5 9 15 1 13 3 4 1 2 7
4 3 5 1 3 4 3 1 3 0 5
14 2 8 6 4 25 11 0 17 6 8
9 20 11 14 3 9 10 9 1 3 1
3 3 9 5 0 12 9 5 5 14 5
7 2 2 8 4 0 2 2 4 3 4
4 11 4 1 24 2 13 3 17 4 14
1 16 0 1 8 8 21 17 5 4 10
2 0 1 7 6 5 0 5 6 8 3
7 5 5 5 8 13 10 9 9 5 2
4 8 15 3 3 13 3 10 8 3 4
10 2 6 8 10 6 1 12 10 2 5
1 1 9 0 8 4 2 8 0 8 14
5 12 2 2 1 1 1 9 6 2 10
2 8 3 8 22 11 3 13 12 12 5
7 7 1 3 6 1 1 5 12 15 13
13 4 0 11 3 2 27 12 7 5 12
6 10 9 0 1 4 1 1 1 14 4
8 10 1 2 14 16 15 12 3 5 0
4 3 2 2 3 8 1 5 2 3 12
5 4 2 1 4 4 1 3 2 5 2
7 7 3 1 15 1 2 14 13 0 1
14 12 8 13 17 7 4 10 8 20 0
3 7 2 7 7 18 2 0 6 6 3
12 9 6 0 14 1 11 19 0 5 16
8 6 12 1 10 8 14 4 6 11 4
3 7 5 12 7 0 3 4 6 5 4
1 10 14 7 1 9 5 14 16 8 3
1 4 5 8 7 1 4 9 2 8 6
6 1 15 8 4 9 19 17 6 0 3
2 0 2 9 2 6 2 8 2 1 1
4 16 0 9 8 4 18 10 0 5 3
4 4 1 4 8 4 9 11 4 7 5
2 14 8 1 7 13 7 5 19 18 4
1 4 2 6 2 7 3 1 5 6 2
2 7 6 5 8 14 4 0 4 1 1
6 8 12 2 10 15 8 18 6 2 7
3 7 26 2 4 3 11 13 13 12 16
14 1 4 13 12 6 14 14 1 5 3
6 7 8 1 14 2 7 0 4 6 8
2 6 11 6 3 6 6 6 0 1 12
11 3 18 7 13 21 18 2 9 4 2
10 1 10 11 1 3 16 5 15 8 10
2 1 8 4 5 2 5 7 6 14 1
5 9 2 15 10 4 12 14 4 7 0
8 8 3 7 6 2 12 11 7 9 3
4 0 1 5 4 0 6 7 1 1 2
2 6 13 9 6 9 5 5 13 1 10
3 6 3 13 5 9 1 10 9 16 14
4 10 3 7 5 1 2 4 3 4 9
8 4 6 3 1 4 2 3 5 4 5
4 0 6 3 1 3 9 5 7 5 4
17 3 4 6 8 3 0 12 2 11 4
0 9 0 2 5 4 3 3 7 3 3
5 6 1 6 4 2 6 2 8 5 3
3 23 12 5 2 14 5 12 4 1 3
3 1 1 3 2 2 5 5 3 1 5
2 5 21 3 4 0 11 7 10 7 7
6 2 6 1 10 14 2 4 2 2 4
22 16 18 13 0 8 11 2 5 2 8
2 22 1 21 4 1 7 21 2 9 3
6 4 7 3 7 7 15 5 2 10 6
4 12 6 18 2 6 14 12 9 17 11
11 2 4 17 10 5 5 13 28 5 2
6 4 5 5 4 0 9 4 2 1 1
4 3 0 4 2 8 5 4 1 20 11
5 4 5 11 1 4 13 2 20 13 14
2 0 11 15 4 0 13 3 13 6 3
9 3 5 9 4 11 7 17 9 2 13
20 10 0 10 16 8 8 13 1 0 11
12 17 20 24 5 0 0 3 5 5 3
9 7 1 5 7 5 3 14 2 8 10
6 3 21 9 4 7 4 10 1 2 11
3 0 1 4 4 1 0 13 4 6 10
4 20 9 9 15 2 2 12 10 5 2
1 4 3 5 4 4 2 9 6 1 6
0 10 16 0 11 19 1 9 3 4 22
3 7 4 1 3 4 0 5 2 2 2
5 14 19 5 8 4 8 2 1 3 20
8 19 18 2 7 6 0 1 3 2 2
0 10 0 2 1 3 11 5 2 1 0
9 6 0 9 4 4 6 12 9 4 15
22 7 1 3 18 2 0 6 8 2 2
10 16 4 12 8 1 16 17 7 5 9
3 9 3 0 3 4 2 0 12 4 5
20 8 13 9 12 13 8 2 12 11 3
3 3 5 5 1 4 6 7 13 1 4
3 1 12 3 4 9 7 3 3 17 0
12 6 7 3 1 2 13 7 4 5 12
25 13 8 6 11 2 15 5 16 1 9
14 3 4 1 2 1 3 3 1 9 6
2 3 6 3 2 5 9 4 7 2 0
1 2 0 7 1 3 1 0 11 9 1
0 5 2 1 8 4 5 4 1 2 4
4 3 0 6 1 5 1 3 1 2 0
1 19 11 4 17 0 3 6 7 2 12
5 24 6 11 5 19 6 4 4 4 3
5 4 6 7 7 5 1 3 10 2 0
3 4 3 0 0 6 1 7 9 8 0
5 9 8 22 2 13 16 7 8 5 3
5 9 1 1 4 18 5 11 1 3 3
1 5 1 3 2 4 0 5 4 1 1
2 2 3 9 2 6 9 4 4 6 21
2 9 1 8 9 18 10 10 1 7 7
15 20 1 3 5 1 12 19 2 9 2
1 3 18 7 9 2 12 4 5 9 7
7 10 4 15 4 14 13 2 2 14 12
9 5 4 5 1 5 6 8 1 6 6
3 9 19 3 17 9 9 1 6 0 3
8 18 8 16 13 2 11 13 3 5 17
8 19 4 1 4 6 13 22 9 10 6
2 1 3 3 1 7 3 0 0 5 2
7 2 4 2 13 13 9 1 6 2 1
23 4 13 8 3 8 4 9 1 13 7
8 1 2 3 11 7 5 2 4 8 0
14 13 2 12 6 18 16 20 1 0 1
7 5 1 3 3 5 1 5 9 8 2
12 5 10 2 5 14 1 6 9 0 16
6 27 5 1 6 3 5 4 0 18 12
7 3 6 2 2 0 1 1 5 0 9
5 5 2 3 3 6 3 1 10 1 4
9 4 4 13 1 8 11 0 7 4 9
4 7 10 5 18 9 5 7 19 19 11
1 13 6 4 12 3 20 22 4 1 15
4 5 2 2 5 2 7 2 0 3 1
2 9 0 2 1 11 2 4 1 15 0
3 4 12 3 6 6 10 4 4 11 9
16 19 7 11 2 7 17 3 3 10 11
2 14 5 2 9 1 15 1 4 10 15
3 17 8 7 6 15 1 10 9 6 2
6 2 15 3 10 13 11 10 1 0 2
12 13 0 3 6 6 1 2 2 7 1
12 9 10 5 10 3 9 3 12 22 1
2 3 1 3 2 12 12 0 26 11 2
5 5 4 5 7 6 15 1 3 4 3
8 1 9 23 13 3 4 9 5 15 3
21 19 4 9 3 1 1 14 2 9 8
1 6 11 7 14 21 3 16 14 7 2
8 3 2 6 1 10 1 2 1 2 5
2 11 6 1 16 6 12 3 2 9 7
4 6 7 5 1 1 5 12 8 1 0
9 8 2 4 1 2 19 0 8 25 0
3 14 7 12 7 9 11 13 12 11 3
7 8 10 19 3 2 18 9 3 5 5
3 4 1 9 11 3 6 3 8 17 1
0 2 2 22 7 11 10 9 9 12 3
10 7 14 2 5 1 3 6 5 1 15
7 2 1 12 1 8 5 8 9 15 16
11 4 4 12 8 11 4 13 11 11 6
5 2 7 1 0 4 2 1 4 3 6
7 2 3 8 9 6 2 1 2 1 12
3 5 2 0 3 12 3 0 10 16 10
4 10 3 14 5 10 5 4 10 0 1
5 4 3 1 12 1 2 3 6 5 2
8 9 1 4 11 2 1 7 22 8 3
20 13 7 17 11 5 1 3 7 1 6
13 4 1 4 11 14 8 1 2 8 9
4 1 3 12 5 6 16 7 0 0 7
1 67
2 52
4 50
4 58
4 71
5 71
8 19
8 78
8 90
9 46
10 72
10 83
11 64
11 73
12 35
12 48
12 70
13 61
13 82
13 89
15 46
15 54
15 74
15 94
17 37
18 113
19 40
19 59
19 60
20 102
20 108
21 57
21 119
22 24
22 109
23 37
23 63
25 44
25 125
26 94
27 48
27 65
27 83
28 98
28 103
29 108
30 35
30 80
30 100
31 58
31 76
31 117
32 50
32 61
32 125
33 55
33 100
34 63
34 68
34 104
35 40
35 112
35 118
35 133
36 48
36 85
37 124
38 79
38 138
39 118
39 119
39 127
40 49
41 139
43 132
45 99
46 126
46 138
46 145
48 108
49 87
49 97
50 73
51 52
51 72
52 58
52 64
52 107
53 129
54 85
54 123
54 129
55 67
57 62
58 96
58 105
58 128
58 144
59 60
60 73
60 93
61 86
61 114
61 120
64 96
64 114
65 106
66 92
66 124
67 137
67 142
67 143
67 144
68 96
68 103
69 95
69 127
69 132
70 127
70 136
72 137
72 147
72 150
73 87
73 124
75 170
76 139
76 164
77 85
78 81
78 95
78 98
78 122
79 111
79 127
79 179
80 99
80 124
81 118
81 162
83 111
84 116
84 162
84 164
84 170
85 183
87 111
88 130
89 107
89 110
89 144
89 169
89 189
91 108
92 98
93 144
94 112
94 173
94 189
95 179
96 137
97 100
97 109
97 127
99 189
100 157
101 124
101 198
102 181
102 202
103 126
104 124
105 184
106 189
107 152
108 187
108 202
109 120
109 164
109 195
110 149
110 201
112 144
113 114
114 128
114 190
114 214
115 140
116 143
117 118
117 167
118 125
119 120
119 165
119 166
119 207
121 137
121 217
122 152
123 128
123 142
123 150
123 177
124 126
126 133
127 181
127 215
128 186
129 138
129 150
129 162
129 220
130 137
130 162
130 195
132 146
132 190
133 178
134 204
135 184
136 163
136 197
136 218
138 165
140 192
140 201
140 209
141 172
142 199
142 218
142 227
143 186
145 211
146 221
148 185
148 188
148 192
148 222
151 152
151 246
151 247
152 178
152 184
153 184
153 186
153 194
154 248
155 189
156 193
156 242
157 169
158 160
158 204
158 241
160 213
160 239
161 177
161 180
161 253
162 227
162 237
162 256
163 182
164 187
165 258
166 175
166 177
166 233
166 253
167 225
168 173
168 212
168 220
168 265
170 258
171 227
172 267
174 176
174 227
174 240
175 204
175 266
175 271
176 203
176 239
178 223
178 247
179 270
180 241
180 278
181 230
181 253
182 205
182 243
183 197
183 237
183 238
183 281
185 236
185 263
185 275
187 207
187 244
187 267
188 249
189 206
189 263
190 203
190 266
191 215
193 199
194 213
194 258
195 281
196 244
196 263
197 242
198 250
200 242
201 228
201 256
201 257
201 298
202 211
202 217
202 254
202 255
203 264
204 258
205 281
205 289
206 295
208 209
208 264
209 257
209 259
209 262
210 237
210 250
211 229
211 276
211 298
212 220
213 214
213 256
213 276
213 277
213 311
215 264
215 312
216 246
217 252
217 263
218 226
218 272
218 284
219 308
220 270
221 236
221 293
221 320
222 232
222 304
223 236
223 265
223 275
224 234
224 280
224 307
224 323
227 250
227 270
227 325
228 308
229 290
231 298
232 321
233 240
234 242
235 244
235 265
235 307
236 241
236 276
238 242
238 244
238 246
239 295
239 313
239 324
242 245
242 327
243 293
244 280
244 313
245 273
246 321
247 309
247 323
247 324
248 257
248 263
248 268
248 282
249 252
249 264
250 257
251 325
252 278
252 348
253 338
254 306
254 339
257 350
258 271
258 305
258 351
259 290
259 359
261 274
261 350
261 357
263 266
264 269
264 278
264 300
265 279
265 288
265 295
265 329
266 309
266 342
269 283
269 326
269 356
271 291
271 302
271 344
272 327
273 325
273 337
273 349
274 302
274 339
274 340
275 291
275 354
276 289
276 291
278 317
279 375
280 360
280 379
281 282
281 360
281 376
282 322
282 344
282 367
282 380
283 328
285 306
285 319
286 288
286 330
286 346
287 362
288 297
288 342
288 386
289 304
289 344
289 359
290 306
291 383
292 343
292 386
295 343
296 352
297 341
297 363
297 375
298 304
298 329
300 302
301 347
302 303
302 314
302 391
302 393
302 399
303 308
303 344
304 337
304 373
305 327
306 325
306 335
307 390
308 356
308 381
308 382
309 312
309 393
310 346
310 392
311 342
312 335
312 347
313 343
313 371
313 394
314 338
314 344
315 321
315 333
315 396
317 416
318 382
319 329
319 367
320 357
321 389
321 413
323 417
324 353
324 415
325 338
325 349
326 339
327 373
327 411
328 368
329 356
329 385
330 371
330 400
330 428
331 393
331 406
332 375
332 391
335 361
335 369
335 435
337 338
337 435
338 401
339 390
339 408
340 369
340 430
341 371
342 390
342 410
342 438
343 408
343 420
344 415
345 404
347 371
347 410
350 372
350 415
351 378
351 446
353 445
354 432
354 437
355 361
355 395
356 371
358 446
359 421
359 442
360 367
360 415
360 429
361 432
362 372
362 410
362 420
363 417
363 431
365 393
366 394
369 463
370 431
370 464
371 470
372 456
373 376
373 408
373 409
373 411
373 458
374 412
375 389
375 404
376 442
377 429
378 381
378 436
379 432
380 435
381 394
381 465
382 450
383 399
383 447
383 479
384 449
385 418
385 460
385 469
387 416
387 417
387 425
388 457
388 460
390 425
390 468
391 395
391 414
391 461
391 478
391 484
393 417
393 476
395 451
396 416
397 434
397 464
397 479
397 487
399 419
399 444
399 476
402 471
403 487
404 429
404 461
405 431
406 488
407 499
408 500
409 465
409 482
409 483
410 424
410 485
410 488
411 454
411 491
412 464
412 509
413 420
413 436
413 495
416 514
417 473
417 491
417 509
419 432
419 492
419 497
421 433
421 438
421 451
421 489
421 502
421 512
423 437
424 459
425 428
425 468
425 476
426 488
426 524
427 512
428 469
428 504
429 457
431 478
432 456
432 484
432 492
432 500
433 444
433 511
434 468
435 445
436 506
436 520
436 527
439 481
440 524
440 528
441 461
442 446
442 470
442 472
442 478
442 496
445 455
445 479
445 508
445 519
445 530
446 451
447 461
448 489
449 450
449 547
449 548
450 497
451 536
453 464
453 468
453 505
455 481
455 529
455 538
456 521
457 460
457 474
459 519
460 461
460 489
462 471
462 504
462 512
462 533
462 559
462 561
463 543
464 522
464 553
467 487
467 505
467 526
468 479
469 541
471 517
471 538
473 498
476 483
476 575
477 531
478 487
478 516
478 562
479 546
480 547
482 492
483 495
483 547
483 575
484 506
484 584
485 501
485 548
485 563
487 519
487 565
489 539
490 533
490 562
490 588
491 536
491 547
491 567
491 579
492 530
492 545
492 577
493 516
493 556
493 585
494 557
494 585
495 532
495 538
495 540
495 593
496 502
496 582
497 502
498 542
498 581
499 521
499 529
499 593
500 540
500 566
500 600
501 535
501 551
502 550
502 563
502 576
502 599
503 543
503 545
503 566
504 586
504 600
505 532
505 547
505 584
505 593
506 513
506 555
507 575
507 578
507 584
509 514
509 554
509 565
510 519
510 566
511 596
512 608
513 540
513 606
514 533
514 604
515 533
515 608
516 603
516 605
517 536
517 577
517 599
519 549
520 575
520 612
521 529
521 536
522 535
522 596
525 537
525 587
526 586
526 613
526 620
526 624
527 569
527 579
527 588
527 614
528 540
531 542
531 575
533 583
533 618
536 581
536 607
536 611
537 576
537 594
537 603
538 594
539 633
540 548
540 591
540 632
542 574
542 606
542 607
542 629
543 553
544 596
545 591
547 581
547 625
548 618
549 604
549 609
551 559
551 561
551 627
552 620
552 621
553 567
554 583
554 653
555 589
556 640
556 642
557 567
559 609
559 617
560 579
561 597
562 579
562 621
562 632
563 568
563 630
563 646
563 661
564 600
564 615
565 615
566 567
566 622
566 653
567 616
567 666
568 628
568 636
569 608
569 640
570 612
570 651
571 610
572 575
572 591
572 635
572 641
573 577
573 609
575 602
575 653
576 632
576 634
576 659
576 668
577 610
577 667
578 676
579 612
579 660
579 675
580 594
580 628
580 654
581 640
583 675
584 676
585 637
585 674
585 679
586 645
587 595
587 610
587 626
588 613
588 685
588 686
589 641
590 620
590 622
590 651
590 684
590 685
591 665
593 604
593 677
594 634
594 661
594 666
594 688
595 683
596 618
596 664
597 672
599 672
600 602
600 650
600 662
600 671
602 617
602 638
602 642
602 672
602 690
603 650
604 637
604 682
606 651
606 698
607 650
607 705
607 706
609 666
609 696
610 627
614 622
614 666
614 669
615 674
615 682
616 677
616 698
617 622
617 623
617 692
618 661
619 658
619 692
619 694
622 683
623 650
623 667
623 683
624 641
624 676
626 712
627 641
628 678
628 699
630 644
632 716
633 679
633 700
633 704
633 721
634 637
634 666
635 641
635 681
635 706
635 713
635 725
636 697
636 733
637 722
638 661
638 722
641 664
641 701
642 667
642 717
643 653
643 708
644 661
644 714
645 666
645 683
645 707
645 733
647 698
649 666
649 736
650 656
650 710
651 683
651 701
652 747
653 662
653 669
654 671
654 680
655 729
656 703
657 715
657 753
657 754
658 667
658 718
658 737
658 752
659 665
659 704
660 691
660 692
660 696
661 691
663 676
664 671
666 668
666 703
666 708
666 746
667 743
667 749
668 703
669 686
669 696
669 724
670 724
671 702
671 704
671 743
671 765
672 683
672 714
672 748
673 680
673 725
673 756
674 716
675 677
675 711
676 767
677 717
678 704
678 746
679 763
679 772
680 776
681 683
682 739
682 744
683 731
684 760
685 707
685 745
685 765
686 688
686 759
686 767
686 773
687 754
687 775
688 705
688 730
688 761
689 712
690 696
691 772
692 708
692 713
693 776
694 717
695 702
695 743
695 774
695 783
695 787
696 722
696 761
696 770
698 787
699 731
699 791
700 785
700 791
701 713
701 727
702 774
703 711
703 803
704 713
704 723
705 753
705 754
705 767
705 772
707 714
707 751
708 774
709 792
710 752
711 734
711 788
712 719
712 729
712 741
712 747
712 783
712 794
713 798
714 737
716 735
716 807
717 746
717 762
717 789
717 790
718 721
718 735
718 803
719 818
720 734
720 752
721 767
721 768
722 751
722 760
722 815
724 810
724 817
726 744
726 787
726 815
727 784
727 821
728 732
728 775
728 798
729 778
730 760
732 741
732 752
732 782
732 818
733 758
733 793
734 784
737 754
737 787
737 830
739 749
739 769
740 800
740 820
742 786
742 812
742 838
743 821
745 776
745 783
745 784
745 793
746 801
747 811
747 816
749 769
749 817
750 793
751 767
751 794
751 816
752 780
752 844
753 849
755 764
755 769
756 778
756 827
757 774
758 760
758 768
759 849
761 842
762 776
762 851
763 780
764 835
765 784
766 789
766 817
767 769
768 819
769 798
769 830
770 784
770 843
771 789
771 839
773 780
773 792
773 794
773 822
773 847
775 818
775 822
776 868
777 804
777 809
777 826
778 795
779 797
780 851
781 820
781 846
782 873
783 788
783 824
785 786
785 809
785 811
785 844
786 868
786 871
786 886
787 805
787 808
788 796
788 876
789 861
790 806
790 834
790 853
790 869
790 880
791 796
791 823
791 864
791 880
793 795
793 839
793 861
794 824
794 883
795 815
795 892
796 831
797 804
797 856
797 860
797 896
798 860
799 802
800 890
801 814
801 836
801 882
802 867
803 808
803 845
803 869
803 872
804 901
805 843
805 890
806 824
808 891
809 831
809 848
809 867
809 887
810 859
811 879
814 826
815 861
816 859
816 884
816 908
817 900
818 850
818 851
819 831
820 832
820 913
822 875
823 859
823 894
823 923
824 901
825 828
825 837
826 892
826 901
828 860
829 879
830 893
831 879
832 833
832 865
834 917
834 921
835 855
836 837
836 881
837 840
837 856
837 912
838 858
838 910
838 927
839 844
839 907
841 846
841 925
842 936
843 847
844 853
845 881
846 864
847 901
848 898
849 925
850 906
850 924
850 938
851 854
851 896
853 931
853 932
854 856
855 862
855 879
855 904
855 923
859 913
860 865
860 871
861 867
861 892
861 904
861 917
861 937
862 899
862 916
862 925
862 937
862 956
862 957
864 926
865 875
865 886
866 915
867 871
867 874
867 875
867 900
867 913
869 942
870 948
872 933
872 967
872 970
873 881
873 951
873 953
874 969
875 917
875 955
876 904
876 931
878 959
878 974
879 907
879 959
881 921
881 936
882 896
882 955
883 903
883 917
883 951
883 956
883 974
883 979
884 901
884 934
884 948
884 962
885 907
885 946
886 902
886 925
886 936
887 897
888 969
889 970
890 900
891 961
892 906
892 964
893 904
894 929
894 932
894 940
895 934
896 938
896 980
897 920
898 961
900 913
900 922
900 927
900 934
901 958
902 925
904 923
904 925
904 937
905 962
905 983
906 922
906 958
907 931
907 952
907 981
909 946
911 949
911 997
912 966
913 942
913 949
913 998
914 939
914 942
914 946
914 948
914 950
916 938
916 945
917 968
921 930
921 957
921 990
922 924
922 959
922 967
922 978
923 958
926 964
927 963
930 936
931 959
932 964
933 948
933 966
935 995
938 961
939 995
940 994
941 954
943 967
944 972
944 987
945 960
945 961
945 983
948 953
948 961
948 968
948 988
948 995
949 959
950 978
951 965
952 996
953 964
953 969
954 993
956 973
956 993
957 969
957 970
959 960
959 970
963 988
964 977
964 996
967 968
967 973
974 981
974 994
991 992
997 1000
1 9 7 3 14 7 16 12 5 9 4
0 7 0 0 2 13 8 0 2 13 4
17 22 4 4 19 5 1 3 13 26 18
4 5 3 15 11 0 18 13 9 11 6
13 23 16 8 6 6 2 4 4 3 2
22 43 16 14 4 1 16 5 15 10 7
4 5 6 4 13 0 2 3 21 6 4
13 1 9 27 13 9 14 19 8 1 24
17 3 11 19 8 1 6 6 0 7 3
6 4 3 3 3 12 10 4 3 9 11
2 0 0 2 17 3 13 14 5 4 6
2 21 11 24 4 15 7 2 2 7 1
12 4 5 10 15 15 20 12 7 24 17
17 2 8 1 20 19 12 7 3 31 15
8 6 21 29 27 16 8 17 2 14 25
22 5 16 5 1 9 5 9 22 18 14
3 16 11 20 4 5 9 8 4 0 19
18 1 11 1 20 33 7 4 3 3 7
17 18 8 6 2 1 0 6 9 4 3
23 13 20 16 6 1 15 8 21 8 14
31 63 27 41 34 30 46 16 33 47 39 48 19 15 13 21 45 16 40 25
6 17 6 10 1 4 7 4 4 6 15 5 4 4 1 4 5 5 7 4
38 70 23 22 55 30 37 29 47 51 43 57 18 33 17 31 47 47 52 24
9 32 19 3 18 1 23 2 12 11 17 20 1 7 4 9 9 16 18 1
4 16 6 5 8 4 12 1 8 2 7 9 1 1 1 3 1 1 14 4
12 28 8 8 17 6 10 10 18 18 15 21 8 17 13 3 15 21 10 3
24 56 25 28 21 13 40 23 34 41 37 30 24 27 13 27 20 28 31 13
1 20 11 7 10 5 13 6 8 8 13 8 1 2 1 8 6 8 17 3
28 63 28 36 40 41 42 20 41 46 39 48 21 23 2 34 44 29 45 36
1 15 10 4 12 7 13 2 9 6 2 12 1 2 1 11 7 5 19 5
3 21 11 3 13 1 14 8 13 9 16 9 1 7 3 11 7 16 17 1
19 43 13 17 15 1 24 10 11 23 32 25 6 10 7 2 18 15 17 1
40 60 28 33 36 4 44 25 26 44 55 41 21 26 24 8 37 34 33 4
8 15 7 12 12 8 14 4 14 5 13 11 1 1 1 4 5 5 16 6
6 11 6 4 14 4 16 9 8 4 12 11 1 1 1 7 15 9 21 4
21 56 16 26 36 23 28 16 45 38 35 43 14 25 17 18 27 32 39 13
8 21 7 1 9 1 10 1 7 3 9 11 1 4 1 1 1 6 9 1
5 29 19 1 19 9 19 5 17 13 9 22 2 12 2 13 13 20 20 5
1 9 1 1 3 1 1 4 9 3 8 3 1 4 3 1 6 7 3 1
13 40 26 17 21 12 33 20 18 30 34 17 13 24 6 17 16 32 28 9
5 15 5 8 13 6 13 12 15 5 19 12 1 4 4 1 14 12 17 8
22 36 10 21 10 3 22 5 12 14 29 20 6 6 1 1 9 10 17 1
15 25 13 11 14 9 22 6 18 9 22 13 3 12 1 10 5 15 24 7
11 25 4 12 14 12 17 4 15 6 14 18 1 2 1 4 5 12 19 4
21 35 21 21 32 24 30 11 38 21 26 30 7 19 12 10 24 24 31 19
10 28 13 10 4 4 13 4 6 14 18 8 6 9 3 4 5 10 5 3
28 56 24 29 19 12 40 13 26 39 40 33 20 26 10 18 20 27 25 8
30 49 21 20 33 17 39 12 27 28 44 32 1 16 7 15 31 27 37 12
5 22 9 8 11 8 16 5 11 6 13 16 1 3 1 9 12 7 19 6
1 16 6 2 4 4 7 5 5 5 7 6 1 3 1 4 4 7 8 1
20 45 12 27 14 14 25 16 30 30 40 22 17 23 17 17 19 25 18 12
1 19 5 4 12 4 14 13 18 14 14 12 3 15 6 4 11 24 8 1
34 54 5 32 24 14 33 12 29 32 45 40 10 17 15 10 22 27 22 6
5 20 3 8 2 3 11 4 11 5 16 10 1 7 2 1 5 9 6 3
6 32 12 6 7 4 10 3 4 19 16 12 3 9 2 9 9 12 11 1
7 16 6 3 4 1 8 6 5 5 16 5 2 9 1 3 4 10 5 1
1 8 5 5 3 2 10 4 7 1 10 1 1 2 1 3 1 4 11 2
45 65 34 40 60 36 67 42 63 54 64 59 10 24 33 39 63 49 63 37
1 7 5 2 8 1 8 7 3 1 7 1 1 2 1 1 6 7 11 1
1 12 2 4 1 1 1 3 5 5 11 2 2 3 1 1 1 4 1 1
36 59 31 31 45 36 45 23 45 41 42 42 10 20 11 33 41 25 50 31
12 27 6 15 15 10 19 7 25 12 25 19 4 10 7 7 12 13 21 6
58 79 31 41 53 28 52 39 49 60 72 55 29 41 19 25 45 61 62 17
13 39 9 17 13 16 24 11 25 26 28 18 8 17 6 22 12 21 21 13
5 25 10 9 10 8 14 6 17 10 16 16 2 7 3 1 6 11 13 5
9 20 10 11 5 1 10 8 8 10 14 8 8 5 1 1 7 4 11 1
12 26 19 15 26 11 23 10 32 15 24 20 7 15 16 13 18 21 28 11
28 67 41 22 44 32 48 4 31 47 31 36 16 27 3 44 29 35 53 25
7 19 1 7 6 3 7 1 14 4 15 11 1 4 2 1 4 6 8 2
15 38 24 15 27 8 31 10 26 20 32 24 5 12 11 13 23 25 30 10
25 38 27 34 33 18 29 29 47 31 44 24 22 30 28 19 29 35 37 12
1 10 1 2 1 1 4 1 5 1 5 4 1 1 1 1 1 1 5 1
29 52 35 23 34 26 45 15 30 38 45 20 22 38 5 32 21 45 41 21
44 61 19 37 52 17 57 41 50 47 61 57 17 24 40 25 52 50 45 18
13 33 27 20 27 18 30 11 24 19 28 17 6 8 6 21 23 16 37 16
34 54 32 35 28 21 42 15 35 35 43 36 15 20 11 19 35 18 42 19
12 25 7 8 6 1 11 10 14 14 22 13 7 18 9 8 7 19 6 1
1 13 4 7 1 5 4 1 3 8 8 3 2 1 1 6 4 1 9 3
42 59 36 38 33 17 42 30 38 42 60 32 21 29 12 15 40 36 42 14
46 64 34 51 41 32 63 31 51 48 58 48 30 34 27 31 44 37 42 27
1 15 10 6 7 3 10 1 4 5 7 6 1 3 1 4 3 4 9 3
44 71 43 33 45 16 62 32 30 55 61 42 27 41 33 43 42 50 48 13
1 9 1 2 3 2 6 4 4 1 7 1 1 1 1 1 5 6 11 1
25 42 14 12 26 14 30 13 19 26 35 25 7 18 4 19 22 28 33 12
25 51 12 17 30 13 25 16 30 37 30 35 11 25 11 22 27 29 32 10
45 67 23 49 38 29 54 40 35 55 62 51 21 20 15 21 55 34 51 25
3 19 6 2 3 3 7 4 2 6 9 5 1 5 1 4 4 8 7 1
32 42 17 28 49 24 46 19 49 25 42 45 4 11 18 12 35 38 49 19
7 16 5 7 10 6 8 9 14 8 12 11 4 9 9 1 12 12 10 6
25 44 13 24 32 20 33 17 36 22 39 37 8 17 11 8 26 32 33 10
1 10 1 5 1 1 6 5 10 2 12 4 2 4 1 2 1 5 5 1
42 69 34 45 40 29 66 34 46 58 62 48 27 35 19 32 43 50 50 28
12 27 12 15 24 12 26 16 22 12 22 19 7 11 5 12 11 23 27 5
51 70 38 40 44 17 58 28 29 55 69 41 31 37 25 25 42 42 49 14
13 31 19 14 26 8 29 11 26 14 31 24 1 9 9 7 25 23 28 10
46 71 16 53 39 32 53 28 58 53 61 44 26 30 23 34 37 38 46 29
29 62 22 25 44 16 47 26 43 47 49 53 12 24 26 26 45 43 43 14
15 42 15 14 26 11 23 9 26 24 27 31 9 13 10 15 14 21 24 4
2 13 5 6 3 4 8 5 7 2 10 4 1 4 1 1 3 5 8 4
29 62 41 27 31 20 53 16 28 45 48 21 24 37 7 36 17 44 44 13
12 34 13 9 8 5 14 5 10 16 21 17 3 12 5 8 8 16 11 3
8 25 12 9 4 3 9 4 5 13 17 4 7 8 3 6 3 7 11 1
30 53 34 22 49 29 55 14 44 31 38 46 1 18 8 26 39 40 56 22
26 37 22 33 30 12 50 38 45 28 45 22 24 27 23 30 28 40 39 27
20 39 23 13 16 2 25 7 14 25 27 15 11 21 5 8 9 20 21 2
45 68 43 50 40 33 69 23 57 53 62 40 29 45 10 31 22 54 54 23
14 34 11 11 13 11 19 14 20 23 28 18 7 21 10 15 17 27 18 8
22 50 22 30 24 18 36 21 36 35 42 28 18 27 19 18 27 32 27 13
29 50 36 24 41 29 51 19 35 42 48 26 22 38 4 33 26 50 49 25
24 36 19 23 23 13 36 18 25 26 40 20 6 13 3 5 21 26 34 15
17 51 24 10 35 21 31 9 25 32 26 32 4 20 1 25 25 29 41 16
11 28 7 9 7 6 11 5 11 11 17 14 1 10 7 7 11 11 12 5
4 17 2 6 7 2 9 1 9 1 10 8 1 1 1 1 1 2 12 1
6 25 9 10 7 9 19 3 14 12 17 16 1 7 1 3 9 11 11 6
25 49 25 27 29 23 47 18 43 32 38 28 11 26 12 30 20 32 37 21
32 53 11 22 42 16 30 24 35 39 39 48 6 16 18 18 45 33 42 16
11 26 17 21 16 15 25 17 23 13 29 13 8 11 7 16 18 14 25 13
5 21 2 1 11 2 7 7 8 5 9 16 1 2 1 5 11 9 14 1
36 55 38 36 39 18 61 27 47 40 58 23 20 36 23 38 22 48 46 19
26 42 17 25 33 9 31 18 32 28 36 38 11 13 25 10 42 25 36 6
30 55 34 39 45 33 55 15 50 34 47 43 16 24 10 22 28 41 47 23
38 53 16 38 17 12 45 43 34 47 59 22 25 31 17 24 32 46 35 18
9 25 7 6 8 6 10 1 10 11 10 18 1 6 7 7 9 9 7 1
11 28 2 16 10 9 15 7 17 10 24 17 3 4 1 5 9 11 17 3
12 23 9 9 5 5 13 11 8 11 22 7 5 14 1 8 9 16 10 5
14 32 14 16 15 9 19 3 19 15 25 17 6 9 6 5 12 8 22 7
32 43 30 27 38 21 32 27 38 28 44 31 14 26 20 20 38 34 44 16
12 29 6 18 1 1 17 18 13 22 29 1 16 20 9 14 3 20 3 2
27 48 36 32 29 19 51 27 39 33 49 25 15 26 4 16 28 33 40 17
12 35 7 19 23 20 21 21 24 22 24 27 9 8 5 22 28 14 30 18
31 56 17 18 39 17 39 9 22 32 36 37 4 11 1 26 27 25 44 9
1 11 2 1 3 1 1 1 4 4 3 6 1 3 2 4 3 4 7 1
35 58 9 38 36 20 30 28 45 39 53 41 22 28 22 17 29 42 37 8
25 53 17 20 17 11 27 5 12 34 31 27 8 14 3 20 21 12 26 9
2 16 5 1 7 1 6 1 7 5 5 8 1 4 4 1 3 7 4 1
23 46 12 29 32 33 35 11 38 26 33 34 2 8 1 19 23 19 38 21
45 72 23 44 51 40 51 21 55 51 52 63 18 29 22 26 51 39 50 29
5 22 3 4 5 4 10 7 7 6 14 11 1 5 1 2 9 13 8 1
8 22 7 12 5 9 11 8 15 8 22 6 2 9 3 4 10 11 11 9
3 17 1 1 4 1 1 3 6 6 8 8 1 3 4 3 7 5 5 1
4 14 7 10 8 7 10 1 15 6 14 7 1 4 5 1 8 4 11 7
54 70 40 50 52 30 78 35 53 51 77 47 19 28 14 24 37 57 64 21
48 69 25 44 48 33 56 29 44 54 62 50 22 27 1 33 38 43 62 26
39 54 33 40 48 37 49 16 52 35 51 40 14 22 13 31 30 34 53 28
35 53 22 36 65 42 52 32 61 40 41 57 9 10 14 27 50 38 67 34
6 23 12 10 24 10 24 9 24 6 16 19 1 4 6 11 16 17 32 7
6 18 4 7 5 4 7 4 7 6 13 7 1 7 1 1 3 8 7 4
17 35 16 17 22 12 26 9 21 18 31 21 3 11 6 10 24 17 29 11
24 42 19 26 22 18 32 24 37 32 41 20 15 29 18 21 22 34 23 14
31 46 51 42 40 32 54 35 42 35 48 29 25 22 10 26 38 26 52 25
20 35 16 17 23 12 33 9 27 15 30 23 5 14 6 14 6 27 29 5
6 19 11 3 6 2 14 1 7 8 9 6 1 9 2 5 3 10 11 2
31 55 29 23 41 18 51 10 35 31 37 44 1 19 16 19 26 39 43 8
18 28 20 22 22 18 34 12 26 15 29 19 3 11 1 9 16 15 26 15
51 82 45 37 48 16 66 15 31 55 62 50 21 33 24 31 29 44 51 6
2 12 1 1 1 1 2 1 1 1 7 1 1 1 1 1 2 1 3 1
16 26 5 10 10 1 14 13 13 16 29 17 4 16 9 5 18 21 8 1
8 17 4 9 2 1 12 12 11 9 18 3 7 13 5 7 5 14 5 1
3 28 14 4 18 5 20 14 15 17 20 13 4 12 5 20 15 23 23 3
41 66 36 35 60 37 51 25 56 45 53 59 19 33 19 27 54 48 62 31
41 75 28 42 40 28 54 26 43 52 59 56 17 26 15 20 46 38 51 21
44 55 38 52 38 30 64 42 48 47 66 43 25 22 15 19 48 28 49 29
5 40 23 6 28 13 28 8 31 30 16 30 8 21 15 26 20 30 28 8
16 38 30 19 22 22 32 4 27 24 28 18 6 20 3 15 18 24 28 19
3 13 1 1 5 1 3 1 3 1 3 8 1 1 1 1 1 2 5 1
35 79 43 28 60 36 61 14 51 59 43 49 22 41 13 53 30 56 64 23
9 21 7 7 8 1 9 10 10 8 19 10 4 10 3 5 8 12 9 1
38 72 39 24 45 20 52 10 39 47 47 45 18 35 13 29 26 48 48 8
1 15 3 1 2 2 5 1 6 4 1 7 1 3 1 1 1 6 4 1
4 23 7 7 12 8 17 6 13 6 19 15 1 4 1 1 13 14 14 6
37 53 20 28 45 24 50 17 45 32 47 47 5 19 14 22 32 44 51 18
12 34 20 12 19 19 27 4 19 21 23 18 1 13 1 17 15 17 30 14
17 40 26 7 26 8 34 7 22 22 22 28 4 19 3 19 17 29 27 5
36 57 20 27 37 8 48 30 36 41 50 45 19 27 29 22 38 42 33 8
38 60 34 41 43 24 54 11 49 36 51 46 16 25 15 21 31 36 50 18
25 45 9 18 22 9 26 16 28 24 40 28 8 23 11 12 21 32 27 4
20 41 27 26 39 24 44 19 34 28 33 37 1 7 14 30 46 21 48 25
2 14 3 1 1 1 4 3 1 3 10 1 1 4 1 1 3 7 3 1
41 65 40 29 49 27 47 22 43 47 54 42 20 40 15 28 41 47 53 20
34 58 25 38 44 35 50 38 51 52 56 34 14 23 14 37 41 41 51 34
49 73 40 55 46 33 59 40 63 61 66 50 34 41 39 38 52 47 50 30
27 61 37 13 57 30 49 25 46 50 37 54 3 30 21 37 47 54 58 28
7 34 11 10 18 7 20 6 19 19 19 25 1 7 8 20 21 13 24 5
9 19 1 6 7 1 8 4 8 2 14 13 1 3 1 1 7 6 7 1
48 70 32 43 39 21 57 31 47 50 67 54 24 36 15 10 42 50 47 11
1 5 3 4 7 2 5 6 4 1 8 3 1 1 1 1 6 4 9 2
13 17 10 17 17 15 19 16 22 7 25 13 1 5 4 10 23 11 23 14
32 57 32 28 48 19 46 31 46 52 57 38 18 33 24 28 42 52 57 19
29 50 24 34 19 20 33 16 29 31 40 32 14 17 9 15 34 15 34 18
33 71 32 44 40 40 52 30 45 57 45 55 28 28 16 40 47 32 46 35
40 63 35 32 55 37 48 24 55 49 50 45 17 36 14 32 40 48 59 26
56 72 47 50 49 23 72 43 54 60 81 39 38 50 23 34 40 65 57 24
43 46 27 45 40 28 52 34 43 39 59 35 12 11 19 15 49 27 46 30
32 43 33 41 34 21 47 35 48 36 53 21 26 28 22 27 28 29 39 23
33 57 23 26 34 24 41 7 25 35 44 31 12 21 1 22 13 35 41 12
15 37 26 12 26 9 36 13 33 21 29 25 3 21 15 21 20 29 32 10
13 38 15 12 10 4 17 6 12 21 25 16 7 14 4 7 12 13 17 2
18 40 10 23 30 25 33 20 32 31 33 38 1 7 7 14 38 23 36 22
1 10 1 6 3 4 5 10 7 6 14 1 1 3 1 5 8 8 10 2
40 63 27 49 56 42 38 39 63 49 53 53 30 34 31 29 49 42 60 29
11 19 9 10 13 8 17 1 14 6 13 11 1 7 1 7 4 8 20 7
19 37 13 20 18 6 26 8 15 15 28 25 4 6 8 4 17 13 19 4
39 61 35 33 28 24 43 17 31 43 48 33 26 32 6 30 28 29 46 17
13 28 18 20 18 9 20 12 24 18 29 12 9 13 8 6 17 13 24 8
28 56 31 26 47 29 48 25 41 41 45 38 14 23 8 37 36 36 55 27
27 49 37 31 23 18 44 25 28 39 50 17 22 30 3 25 23 34 41 11
7 20 2 3 3 3 7 2 4 11 13 9 1 6 1 8 8 7 9 1
49 76 45 39 43 17 65 22 48 52 68 49 22 42 26 30 35 50 54 12
34 47 13 23 26 13 38 11 22 28 44 26 11 24 3 18 10 36 26 4
8 20 3 4 4 2 5 7 9 7 13 8 1 10 5 4 9 12 6 2
45 58 26 50 21 15 56 40 37 47 70 31 29 30 16 20 41 36 36 13
28 44 2 26 13 1 32 26 25 31 46 25 16 23 23 12 26 31 8 6
4 12 3 6 1 1 11 1 5 1 10 7 1 1 1 1 3 2 7 1
40 55 30 42 27 21 52 16 31 32 52 34 10 13 5 6 28 21 36 12
21 36 5 24 23 11 26 13 35 22 34 23 11 17 14 11 7 26 25 4
50 84 41 48 59 49 63 15 57 59 59 63 18 33 16 37 50 46 64 37
30 62 32 22 38 16 41 10 39 43 38 48 15 33 21 25 34 42 37 12
20 23 17 15 18 8 30 8 10 10 32 9 1 8 1 10 20 14 26 9
17 33 7 19 17 2 31 18 23 20 28 24 9 12 16 16 21 21 21 1
1 9 1 4 3 2 3 8 7 2 10 3 1 3 1 1 5 6 3 2
47 65 32 39 64 43 58 31 54 52 62 45 18 31 10 38 44 50 69 35
32 73 31 26 39 17 54 19 44 52 47 42 16 36 22 40 30 48 43 15
4 17 7 5 4 4 10 2 8 6 9 8 1 7 3 2 3 8 7 4
51 73 27 44 61 32 62 33 57 52 66 62 18 28 26 34 57 47 64 27
15 26 23 17 30 18 33 10 27 6 23 21 1 4 2 9 18 16 33 13
45 70 51 42 41 38 56 27 49 55 60 41 27 40 15 35 46 39 52 33
25 38 18 28 36 25 39 34 44 34 43 27 12 18 15 20 35 34 39 22
59 82 24 44 64 36 54 27 54 60 63 65 25 35 18 38 51 50 67 28
1 14 1 8 7 3 8 13 14 7 17 6 4 10 5 4 8 15 9 3
10 22 5 13 9 8 17 10 21 8 21 12 5 12 5 6 5 15 16 6
20 49 25 29 17 19 32 23 29 35 41 27 19 25 8 15 26 29 31 13
10 29 28 19 34 15 41 24 41 22 34 21 6 17 17 21 27 32 35 14
8 23 6 15 9 8 18 9 21 8 23 13 6 10 5 5 6 12 13 8
32 51 21 27 30 25 38 6 32 30 45 28 9 22 2 22 11 32 40 16
43 55 30 39 55 25 63 30 51 36 53 58 10 18 32 19 53 38 53 24
1 13 5 1 8 1 5 1 7 3 4 6 1 2 3 4 1 4 8 1
11 23 3 12 5 7 12 2 14 7 20 13 1 8 5 2 11 9 9 7
35 51 27 26 45 22 55 30 46 41 53 31 14 29 17 29 29 50 50 20
1 18 14 2 14 7 16 3 11 6 4 12 1 5 1 4 7 11 15 4
44 74 38 31 45 10 64 34 48 57 67 42 25 45 33 40 36 60 46 15
29 41 10 27 37 22 37 20 36 26 43 33 2 9 11 7 23 35 39 17
31 46 29 36 50 28 58 29 52 28 54 41 4 12 12 21 36 40 53 23
37 73 32 34 62 36 60 23 52 52 47 70 13 20 18 36 55 45 62 27
7 23 1 8 1 1 10 8 7 10 18 14 2 4 4 6 11 6 5 1
7 33 18 3 23 8 21 4 24 18 14 24 4 17 4 13 10 23 21 5
5 12 7 9 11 7 14 5 11 1 10 8 1 3 1 4 7 4 17 7
8 25 7 11 20 18 17 15 20 16 21 20 1 8 1 14 24 17 27 18
27 69 36 32 34 26 49 23 45 52 43 41 21 35 13 34 36 41 47 21
3 12 10 7 12 6 14 6 15 5 8 10 1 5 7 6 8 9 15 6
24 56 43 10 38 16 44 1 22 37 31 27 11 30 6 35 19 38 42 11
12 27 6 9 10 1 20 17 16 15 24 14 7 15 7 7 9 24 8 1
2 19 7 6 5 3 5 5 9 12 14 7 4 7 5 6 6 8 9 1
36 66 40 40 38 36 50 22 46 43 47 48 22 31 5 25 41 35 52 25
25 50 20 19 21 12 38 19 32 35 36 22 18 34 15 29 10 40 25 11
10 24 4 8 6 5 9 7 12 7 17 13 1 10 5 5 7 11 8 5
15 34 24 15 15 5 23 14 16 20 27 15 11 17 7 14 12 20 25 4
44 72 21 41 49 28 58 36 42 56 61 57 16 23 24 27 48 44 51 24
42 62 34 35 48 30 57 34 51 51 60 31 26 41 20 41 34 52 52 27
42 59 33 28 34 12 40 15 28 38 51 26 25 37 11 20 17 38 41 7
37 57 40 36 36 24 55 35 40 49 62 31 26 36 6 27 33 48 52 17
42 67 47 47 44 26 59 39 61 52 63 47 30 41 34 39 45 44 57 25
3 9 1 3 1 1 3 7 4 1 10 3 1 4 1 1 6 7 4 1
20 30 10 18 14 14 24 4 21 7 30 16 1 8 1 5 8 15 23 8
32 46 9 33 51 34 32 34 50 40 39 47 9 13 22 19 51 35 55 32
12 20 9 12 23 10 21 14 18 6 20 18 4 7 1 5 11 19 24 4
10 24 7 4 9 3 12 8 10 9 17 11 2 10 1 8 7 12 15 1
23 38 23 32 16 21 29 20 28 24 40 19 14 13 5 17 24 11 30 19
26 44 9 22 27 20 35 17 26 25 36 40 1 10 9 10 29 27 31 14
50 73 31 42 48 20 54 28 55 53 65 44 33 47 27 37 24 62 44 17
21 51 18 21 48 28 44 16 42 31 36 46 1 9 6 26 31 35 55 21
32 71 46 31 54 40 55 17 54 52 41 52 10 26 18 45 50 34 59 36
16 45 4 15 29 13 19 21 29 32 30 39 8 16 12 16 34 27 25 10
3 22 1 7 7 12 6 1 8 10 4 15 1 1 1 12 13 1 16 10
40 70 25 37 57 39 56 25 46 50 43 67 18 20 17 32 56 37 56 33
12 24 12 15 12 6 20 12 15 15 29 8 7 14 2 7 7 19 18 5
12 28 16 12 1 1 16 11 5 19 26 5 10 17 1 4 5 16 9 1
37 45 19 30 34 16 49 23 28 33 47 39 7 13 14 3 38 30 35 15
3 13 6 9 5 7 10 5 9 3 12 4 1 4 1 4 6 5 12 7
9 24 14 13 16 12 22 10 16 7 22 13 1 4 2 8 19 11 23 9
22 53 29 27 24 21 35 13 29 35 30 32 15 19 2 19 22 20 41 12
7 32 12 8 22 10 18 13 22 18 25 22 3 14 7 5 18 24 24 6
4 18 5 8 8 6 9 9 7 6 14 8 1 6 1 5 9 11 10 6
18 37 6 17 10 2 22 10 19 23 31 23 8 18 15 6 14 21 6 1
18 32 9 17 8 9 20 10 18 16 30 19 4 15 11 5 20 17 11 9
19 37 12 17 23 17 21 10 26 17 25 29 6 11 11 11 25 15 25 14
34 65 24 35 32 14 46 16 34 42 45 50 17 15 13 19 30 27 40 3
23 47 24 20 28 9 32 11 33 27 35 28 13 23 16 17 13 30 32 6
20 24 18 20 19 18 23 19 26 14 32 13 5 12 6 14 23 16 25 18
38 58 29 32 20 13 39 23 22 43 51 33 22 30 9 21 32 31 36 7
41 69 30 36 52 29 45 36 53 52 58 47 26 40 25 33 46 50 56 22
32 66 37 39 52 35 57 19 53 46 47 55 19 23 6 29 35 44 66 23
44 79 29 48 44 20 61 27 51 55 64 59 25 30 29 26 43 42 51 11
39 64 41 31 31 7 56 30 38 46 56 30 27 43 25 37 21 47 40 11
34 51 9 27 34 20 32 17 35 33 46 38 8 16 10 10 27 35 38 13
7 22 10 3 9 3 11 6 10 11 12 12 2 12 5 7 6 14 11 2
20 43 15 26 23 17 29 28 26 35 39 25 16 18 5 21 31 25 34 17
45 62 25 25 50 19 42 21 39 41 53 45 19 37 15 21 25 55 47 8
9 24 5 6 5 3 11 8 11 11 15 12 2 12 4 5 9 16 5 2
2 13 1 2 7 1 5 1 11 3 6 8 1 4 4 1 5 4 8 1
4 16 5 9 4 2 10 10 8 6 17 3 4 8 2 5 6 10 8 2
15 34 13 21 9 10 21 13 25 23 35 10 10 19 9 12 15 19 16 8
59 79 42 55 41 18 65 39 47 65 79 42 39 47 32 28 43 48 45 15
1 10 4 1 8 1 7 3 7 2 1 10 1 1 1 1 4 4 7 1
28 53 49 33 42 37 53 24 46 41 44 35 18 26 15 37 33 26 52 32
9 21 14 13 11 10 17 8 14 8 22 9 1 9 1 4 10 12 15 10
36 64 38 35 53 29 68 23 61 43 55 52 16 36 21 32 39 59 55 22
31 50 38 25 53 31 52 28 51 38 44 45 10 29 27 37 46 44 61 31
27 54 23 41 27 30 39 28 41 41 45 28 18 18 14 32 35 20 34 27
7 27 11 8 6 3 12 4 2 11 16 7 2 4 1 4 8 9 10 1
47 60 28 30 55 25 42 42 46 51 59 51 20 36 30 17 46 62 50 18
17 39 11 19 18 14 28 17 27 26 23 29 12 16 12 20 17 20 23 9
44 67 44 48 43 41 59 23 50 48 55 44 20 26 11 28 32 28 60 29
7 21 2 5 6 1 6 7 6 4 14 12 1 3 1 4 10 6 9 1
42 72 32 32 34 20 45 15 24 49 51 39 20 29 7 29 28 32 45 13
8 17 3 10 3 3 11 3 3 4 14 7 1 2 1 1 10 3 7 3
49 55 31 39 49 24 64 28 36 40 58 44 12 16 16 18 45 34 54 20
11 21 9 9 7 6 15 10 10 8 21 6 3 11 1 7 10 14 15 6
14 26 10 21 15 5 26 21 22 16 32 14 12 13 10 13 15 19 18 5
5 13 6 7 6 5 9 9 12 7 15 7 5 11 4 4 5 12 9 5
7 26 4 4 6 1 5 2 8 7 14 14 1 6 3 2 3 8 4 1
38 64 35 37 36 14 50 19 34 45 52 46 22 29 28 12 36 33 35 11
49 67 33 57 36 27 66 38 57 56 64 44 34 37 33 35 49 40 39 36
29 40 11 23 31 17 33 21 30 27 45 28 5 16 4 10 17 38 33 12
12 27 8 10 25 10 23 11 23 9 22 23 1 8 3 1 10 24 24 3
6 15 4 5 7 3 12 7 6 2 19 6 1 4 1 1 10 11 13 4
8 24 13 18 12 16 15 12 17 14 25 9 6 5 2 11 18 8 23 14
23 40 21 35 23 24 35 23 36 32 40 16 18 14 10 29 20 12 35 24
9 20 4 13 3 6 14 14 16 12 24 5 8 15 7 8 7 17 6 6
7 17 5 3 5 1 6 6 4 3 12 5 1 5 2 3 8 8 7 1
8 18 11 2 6 1 12 6 4 10 15 5 2 13 1 8 3 15 10 1
6 23 16 11 19 4 26 12 24 12 15 17 8 12 11 17 8 19 22 4
8 40 19 10 27 12 29 18 29 28 24 26 9 19 11 24 22 32 28 8
38 60 30 37 42 22 36 43 48 50 54 49 34 38 21 21 46 45 51 16
53 81 38 48 37 18 48 33 39 63 66 57 35 43 28 16 47 43 45 6
24 44 9 34 16 20 33 25 34 32 39 24 18 21 18 29 31 24 26 24
21 45 25 21 27 6 27 22 26 30 33 28 19 23 15 11 26 30 32 5
10 25 8 3 5 1 10 7 1 8 20 7 1 9 1 5 8 15 7 1
6 21 9 10 9 10 14 4 15 10 15 13 1 10 7 5 8 13 10 9
15 29 10 14 15 10 25 8 22 11 25 17 2 12 2 6 4 21 22 4
9 12 9 13 9 12 13 5 16 1 15 7 1 2 2 4 11 2 15 12
9 25 19 17 13 12 26 10 22 13 27 6 2 9 2 16 9 13 23 10
19 36 11 21 12 9 23 4 19 16 30 22 4 10 8 3 15 12 16 8
2 21 1 6 7 2 7 4 9 4 11 9 1 1 1 2 6 5 11 1
21 46 23 18 40 20 32 21 39 31 37 40 11 25 13 14 37 38 42 17
18 39 19 13 16 6 24 7 14 19 29 19 7 14 3 12 6 19 20 1
11 30 1 12 7 4 12 6 15 11 21 19 2 8 3 6 9 11 11 1
39 47 29 35 45 36 54 37 42 35 53 37 11 13 22 26 42 45 52 36
3 19 6 1 3 1 6 3 1 7 13 3 1 6 1 4 2 10 7 1
18 28 7 17 22 8 26 14 25 12 28 19 7 11 6 14 6 24 23 1
2 33 6 7 17 16 14 7 24 25 14 23 2 16 5 14 17 21 18 11
37 56 29 43 31 17 45 29 48 39 54 31 25 29 18 20 27 31 41 13
3 17 1 3 3 1 2 4 10 6 11 7 1 8 5 2 4 9 3 1
37 51 31 45 30 22 50 28 49 37 56 29 24 31 14 16 23 36 39 14
11 29 14 18 17 5 21 18 23 21 29 12 14 20 13 12 12 23 17 5
10 23 8 6 8 5 13 8 7 8 17 9 1 9 1 7 10 14 12 5
6 19 5 5 2 3 7 5 4 7 12 2 1 7 1 6 5 9 8 3
9 23 10 11 12 10 15 9 17 9 21 12 3 11 6 7 14 13 18 9
50 65 34 54 34 19 64 33 41 45 69 38 27 30 24 18 34 35 39 14
1 13 1 4 1 2 5 9 5 5 10 3 3 7 1 6 5 9 5 1
8 23 7 1 6 1 8 1 7 8 13 9 1 10 2 3 1 11 8 1
35 60 14 34 31 11 40 19 34 37 48 44 19 22 26 18 27 29 28 4
22 47 19 17 28 6 28 13 28 34 37 22 15 27 12 21 15 31 33 3
8 22 6 11 12 3 12 7 14 9 20 11 3 5 4 1 9 9 14 3
38 68 34 23 54 28 59 13 39 44 44 56 6 24 12 34 38 48 58 18
1 11 1 2 1 4 2 1 6 4 1 5 1 1 1 4 5 1 7 2
28 44 18 31 29 12 43 29 30 32 47 37 17 20 23 8 37 31 28 11
7 18 4 6 5 8 6 4 6 8 9 10 1 4 1 10 11 4 12 6
37 52 32 38 30 19 52 28 32 37 55 38 16 20 10 17 40 33 48 17
6 24 11 3 11 4 13 5 8 8 11 14 1 8 3 3 7 13 10 1
13 29 15 15 22 6 28 10 22 12 28 19 2 5 2 4 16 16 29 8
13 46 25 17 25 10 35 15 28 29 29 33 8 20 17 22 23 30 27 6
31 56 29 28 42 25 34 24 41 39 43 47 22 35 22 17 43 44 42 17
42 78 41 32 47 33 52 9 42 57 47 50 22 38 7 34 27 47 57 21
7 23 3 3 8 3 6 4 11 8 13 12 1 8 6 1 10 12 5 2
38 56 43 42 34 31 53 25 43 38 53 33 20 27 5 23 26 33 52 18
37 69 17 38 37 26 45 21 48 51 50 52 20 32 27 25 41 37 37 20
21 53 18 18 41 17 40 19 44 33 43 41 5 21 16 26 30 41 46 12
4 14 10 9 7 8 14 3 11 1 10 7 1 1 3 5 6 1 15 8
34 58 44 34 54 37 54 24 48 41 49 38 11 22 16 46 40 26 65 32
11 35 12 15 18 14 26 16 25 21 28 24 7 19 8 10 22 28 18 11
20 46 15 13 21 12 25 9 22 26 30 29 4 19 7 13 17 25 24 6
39 65 34 48 37 35 49 26 44 43 49 46 18 18 6 27 45 21 51 26
5 29 6 9 11 7 15 15 15 20 20 10 7 14 5 18 12 19 16 5
17 41 36 14 38 19 44 13 33 26 34 30 5 22 6 20 28 38 43 18
36 58 20 26 31 11 37 18 32 38 44 43 15 29 22 13 29 35 31 5
15 34 19 11 14 7 21 12 10 26 32 6 12 21 3 18 11 25 24 4
19 35 8 18 22 2 15 14 22 17 30 21 11 14 9 1 16 21 22 1
25 50 30 30 43 22 47 29 50 40 47 39 21 30 19 21 35 47 43 21
12 30 20 17 18 7 24 9 18 14 19 16 10 9 6 12 10 11 27 5
44 74 48 36 48 24 68 23 47 54 61 34 28 46 22 43 18 60 52 17
4 15 1 7 1 1 4 7 5 5 16 4 2 3 1 1 6 5 1 1
17 37 15 17 13 6 27 4 13 21 30 18 5 11 1 14 9 13 25 3
10 21 5 9 16 1 15 20 20 14 23 20 8 14 11 8 18 23 10 5
12 27 2 6 8 1 10 2 9 7 13 19 1 5 4 1 11 7 5 1
16 37 19 14 34 12 39 15 30 14 32 33 1 8 7 13 23 30 39 9
43 69 31 42 36 31 58 11 41 48 57 45 20 35 6 28 23 46 43 21
37 64 29 43 49 24 59 29 64 45 60 41 22 37 29 34 29 57 49 22
11 21 2 9 2 2 10 4 3 6 16 11 1 4 2 1 11 6 4 2
11 23 12 17 17 23 16 10 23 14 16 13 1 4 3 18 23 5 27 21
17 38 21 16 11 4 28 10 12 25 33 14 10 18 6 12 8 22 13 1
6 17 3 6 2 1 3 2 4 4 11 9 1 1 1 2 7 1 4 1
21 37 13 7 25 2 14 15 22 23 29 24 9 24 12 5 16 32 20 1
14 31 25 20 26 14 29 12 24 19 30 17 8 13 7 5 18 18 28 11
37 47 25 45 42 26 34 35 51 35 58 36 27 30 24 8 35 39 44 14
20 52 39 22 37 20 48 16 46 38 41 29 7 28 16 32 24 37 42 17
2 19 3 8 1 6 8 5 13 9 16 6 2 10 3 5 4 11 10 5
34 44 22 36 40 26 46 23 49 26 46 34 12 21 15 19 25 34 38 18
15 27 11 11 30 9 28 17 27 11 27 23 1 6 5 8 17 28 32 7
25 31 28 23 23 14 40 18 31 22 39 12 11 24 11 25 18 28 31 14
15 35 22 18 41 27 42 14 37 18 30 33 1 8 1 14 25 31 48 18
38 78 37 41 60 45 65 10 60 53 46 72 13 27 22 42 48 44 66 34
4 16 8 7 6 3 14 1 8 1 9 8 1 1 1 3 4 1 11 3
11 28 3 7 11 7 10 1 14 9 11 21 1 6 6 8 9 7 14 4
1 12 1 2 1 2 1 1 3 3 4 5 1 1 1 4 3 1 7 1
42 62 49 35 36 29 55 19 34 45 54 27 27 40 1 29 27 42 50 23
34 54 18 30 35 17 24 38 39 43 52 40 27 37 30 19 43 45 35 11
44 75 36 31 49 19 71 35 50 62 62 50 21 43 32 43 44 66 52 20
38 50 20 34 37 22 42 21 40 29 56 36 10 19 11 10 32 35 41 17
39 85 50 42 57 33 60 27 67 64 58 62 29 48 27 38 46 58 69 24
25 54 25 22 30 16 46 6 28 31 30 43 6 14 17 18 27 24 34 10
3 10 1 3 1 1 3 4 4 1 10 4 1 4 1 1 3 5 4 1
5 19 6 6 6 4 11 3 9 4 9 9 1 5 3 2 7 7 10 4
20 46 21 25 21 15 36 20 29 29 37 24 17 25 6 14 17 31 27 11
14 30 18 5 13 5 20 3 9 16 17 11 5 16 5 12 5 18 17 4
22 36 19 29 31 18 25 33 43 30 41 27 22 30 25 8 31 40 30 10
32 47 14 36 28 16 43 13 30 28 49 33 11 15 9 11 18 28 32 9
60 70 20 58 46 24 64 50 59 56 82 50 26 33 38 23 54 51 45 28
14 33 10 8 14 9 18 1 20 14 21 20 1 12 6 4 10 16 15 6
5 31 6 10 14 13 13 4 15 13 13 19 1 2 1 9 10 8 19 8
17 34 7 5 16 7 13 1 15 15 17 22 1 12 6 10 9 15 19 2
39 69 20 31 45 19 45 16 38 43 49 54 11 20 26 24 41 36 45 10
33 54 23 34 38 23 46 32 47 39 54 34 16 23 19 32 40 32 41 24
1 16 9 1 9 1 10 1 8 2 1 10 1 1 3 6 3 5 11 1
12 27 14 18 19 14 27 13 25 13 25 19 8 10 7 18 16 13 29 12
16 34 18 11 16 3 21 9 10 16 27 15 5 11 1 13 12 15 24 1
9 28 4 11 9 6 19 8 11 11 25 18 1 3 1 1 17 14 14 5
2 18 2 1 5 1 4 1 6 4 5 12 1 1 1 1 3 3 1 1
32 60 23 30 33 6 48 22 49 42 51 30 21 38 29 30 16 50 36 8
7 17 12 9 11 1 15 14 7 10 21 9 6 4 1 1 11 10 16 1
5 9 7 9 14 8 15 10 13 1 14 9 1 1 1 3 13 8 19 9
7 25 18 9 21 4 26 10 23 13 15 20 7 12 11 15 8 20 21 3
14 24 10 11 12 7 20 3 12 6 16 16 1 7 1 5 6 10 17 6
48 79 22 48 59 39 47 42 61 61 62 67 27 30 18 22 52 51 62 26
8 23 4 14 8 7 17 14 20 12 22 12 7 10 7 11 10 13 17 5
18 34 17 10 13 2 23 9 5 18 34 8 7 16 1 11 11 22 19 1
5 16 6 1 4 4 5 6 4 7 10 4 1 8 1 7 6 9 10 1
36 60 23 29 32 18 38 27 35 44 48 45 19 26 9 14 39 37 40 12
6 19 4 4 8 1 7 9 6 4 13 13 1 6 4 1 12 12 6 1
19 44 22 5 24 9 24 10 21 31 27 24 9 29 9 17 17 33 26 4
16 35 24 19 32 23 37 6 33 13 21 29 1 4 6 15 16 19 40 12
14 17 12 16 16 13 20 9 20 3 16 15 1 1 3 5 16 5 20 13
4 11 3 6 4 4 8 5 10 2 10 7 1 4 1 3 4 5 11 4
10 27 13 8 12 9 17 11 8 14 18 15 5 12 1 12 12 16 16 6
26 48 22 29 29 13 46 21 41 30 41 37 11 23 28 27 26 31 34 12
32 54 15 38 38 22 37 33 50 43 55 36 23 29 19 19 36 40 46 19
4 15 4 8 9 8 10 5 17 4 14 9 1 6 3 3 10 8 15 7
28 51 2 34 24 17 29 13 37 35 45 39 12 15 17 12 28 23 28 8
11 29 12 14 17 12 23 5 20 7 22 20 1 4 1 10 14 8 27 9
20 32 12 19 29 7 21 22 34 21 29 25 16 25 19 10 19 31 26 5
39 53 23 26 45 21 31 34 44 37 50 45 19 33 23 9 35 51 43 12
3 11 5 1 4 2 5 4 3 4 7 5 1 4 1 6 4 5 10 1
18 46 31 26 38 22 38 20 41 37 39 33 21 30 15 20 33 40 41 19
19 31 19 11 22 11 28 10 14 16 25 15 6 15 1 17 13 21 33 8
32 50 21 25 15 10 40 21 24 36 44 16 23 35 16 30 12 38 22 11
32 62 25 26 43 25 55 22 36 46 44 51 1 14 21 25 45 44 48 22
40 67 19 43 41 28 48 32 44 51 55 57 23 18 13 22 52 27 46 26
56 82 33 45 51 21 71 39 60 61 75 49 34 54 34 40 42 70 57 23
31 47 12 32 20 7 36 28 35 34 54 23 18 31 24 14 29 38 23 11
36 49 41 43 41 32 53 34 45 31 53 35 21 22 4 17 35 33 52 22
17 28 16 16 23 12 29 11 23 9 28 19 1 7 3 11 23 14 30 12
19 37 11 10 27 6 16 13 21 20 23 26 8 18 13 10 21 24 27 2
21 43 8 31 33 24 37 31 45 34 42 31 14 20 16 25 28 36 41 24
30 52 28 30 46 26 42 28 53 39 45 45 24 37 22 22 41 48 47 24
33 56 20 24 33 17 44 8 30 34 42 41 7 19 13 20 26 29 37 9
19 35 14 17 18 10 28 1 17 16 27 15 2 9 1 8 1 17 26 3
26 56 21 19 22 11 31 13 26 37 40 31 14 28 12 18 18 32 24 5
21 38 13 10 20 6 21 17 19 24 31 28 7 20 13 8 25 30 17 4
1 17 4 6 2 1 6 5 10 7 14 6 1 8 1 1 2 9 5 1
2 16 3 10 1 8 9 6 13 7 16 5 3 5 2 7 4 6 12 6
28 62 31 20 36 13 41 14 24 40 40 37 7 21 11 33 31 27 45 11
39 66 29 34 48 27 55 22 47 45 58 50 10 24 14 27 37 46 59 20
6 28 16 9 10 4 14 6 8 16 17 13 7 6 1 11 7 6 20 2
2 22 3 7 6 5 8 3 11 10 15 10 2 4 1 7 4 5 14 3
22 42 20 21 24 16 36 17 33 30 36 19 13 27 13 28 17 28 34 15
18 34 10 12 14 5 15 6 16 15 25 18 4 13 7 5 12 17 14 3
24 44 24 29 43 35 44 9 41 26 35 37 5 11 1 19 27 29 50 25
32 61 31 40 30 28 50 23 45 41 50 38 21 29 8 18 23 39 45 14
14 34 22 12 17 9 25 4 10 18 27 11 4 10 1 10 10 16 25 6
18 39 1 13 22 16 14 1 23 17 18 31 1 5 4 12 13 13 23 7
2 22 3 1 7 1 3 6 9 10 13 11 1 7 3 1 6 13 3 1
23 47 13 25 23 21 34 14 31 28 36 29 9 21 7 17 9 33 28 10
42 66 34 32 51 33 59 25 39 47 54 48 12 25 9 28 39 50 58 27
11 38 25 12 17 14 28 8 15 22 25 17 4 15 1 15 14 22 26 9
37 71 41 33 42 33 49 35 43 58 52 52 26 39 7 35 48 49 54 26
27 35 21 32 36 21 33 33 44 27 44 24 19 21 21 18 33 25 36 21
1 14 8 3 9 2 9 4 9 4 4 6 1 5 4 7 6 7 12 2
5 16 6 5 5 1 4 8 2 6 16 2 2 6 1 1 7 10 6 1
49 67 36 47 50 29 64 43 62 50 69 44 27 40 30 34 46 46 50 30
9 49 23 17 39 25 34 15 41 37 27 36 9 24 11 28 33 36 41 20
10 9 10 17 16 14 19 18 19 7 28 4 1 1 1 4 20 11 20 16
18 38 3 18 16 4 21 19 30 22 30 21 13 19 16 11 10 27 11 3
1 10 5 1 8 1 4 5 4 1 6 5 1 4 1 1 5 8 7 1
17 36 4 13 15 9 12 6 19 18 20 28 7 12 12 9 20 12 18 7
13 31 11 8 19 9 19 2 20 14 15 22 3 11 8 8 9 14 21 5
2 17 1 3 2 1 2 4 2 2 12 6 1 1 1 1 8 4 2 1
30 49 32 13 33 1 35 13 21 33 42 23 17 27 9 18 21 36 36 1
38 60 40 38 39 22 62 23 41 37 58 42 15 26 8 17 33 42 52 16
29 48 22 12 32 10 15 18 19 34 39 23 19 34 15 17 23 39 33 1
25 37 22 24 34 25 41 20 30 26 37 33 1 9 7 15 36 25 40 22
8 15 8 4 16 1 7 11 15 10 13 14 6 12 11 5 13 14 11 1
10 22 11 8 20 8 17 11 16 7 14 19 1 6 5 1 9 16 18 1
32 67 27 39 33 30 51 21 41 46 51 37 18 29 10 29 26 38 45 21
23 44 21 17 8 2 24 11 7 26 32 20 10 17 1 10 16 17 21 1
11 24 13 12 13 9 22 8 12 7 23 11 1 5 1 6 17 12 21 8
7 20 2 5 5 2 10 1 8 3 6 15 1 2 1 1 6 4 6 1
20 46 24 13 33 21 35 14 23 31 37 28 7 20 1 23 27 31 42 17
23 43 18 15 37 22 36 11 28 25 31 35 3 15 1 13 20 36 38 13
2 18 7 13 6 7 15 10 17 8 20 5 3 9 3 6 7 12 12 7
8 18 3 9 1 3 10 10 9 7 16 8 6 11 4 7 7 12 5 3
44 72 19 35 54 40 55 20 51 51 54 66 8 25 15 24 46 50 55 30
29 55 15 25 26 5 33 13 28 31 42 39 12 19 19 13 24 28 24 1
8 10 14 16 19 11 28 21 25 8 27 4 3 8 1 10 17 18 25 13
22 40 8 18 18 8 27 1 19 18 28 29 2 7 11 5 20 8 21 5
37 47 14 33 30 9 44 35 34 39 53 39 21 27 28 10 40 38 25 11
33 55 29 29 42 36 48 18 42 39 42 46 7 18 8 27 49 30 48 33
14 37 14 10 9 5 13 11 12 23 27 14 8 18 8 11 13 21 12 1
28 44 28 34 11 12 42 16 22 30 47 20 13 18 5 16 25 17 31 10
42 68 38 33 67 47 66 28 60 52 50 60 10 26 21 40 52 58 74 42
23 44 21 16 30 12 34 13 20 27 40 20 11 19 1 24 15 30 38 5
26 46 25 26 24 21 34 6 24 24 36 23 8 13 3 19 19 12 39 17
10 24 14 3 22 2 26 9 16 8 21 14 1 7 1 11 10 21 29 3
30 49 12 20 18 4 31 23 23 36 49 28 13 27 19 18 29 36 19 5
30 59 23 29 48 25 35 32 48 43 47 52 19 31 22 16 42 46 48 14
19 51 14 14 25 18 24 7 27 34 26 38 6 21 10 14 31 25 27 13
34 51 43 34 37 33 51 23 37 41 49 30 17 25 3 26 38 34 50 31
29 64 29 30 45 32 51 32 51 52 39 45 26 36 18 48 40 48 48 32
35 58 24 41 25 19 52 26 36 38 56 30 21 29 13 17 20 40 33 13
6 22 5 4 10 1 8 1 12 8 8 15 1 8 7 6 5 9 9 1
42 61 45 34 46 22 59 16 39 47 65 27 23 37 11 34 37 50 54 22
36 75 26 31 37 18 53 17 48 51 47 49 18 34 25 35 33 48 37 14
7 30 4 4 17 8 9 8 12 16 17 19 1 3 1 11 18 11 21 8
37 56 33 36 34 23 54 26 34 42 56 36 18 30 18 21 40 38 36 20
13 26 23 10 17 11 27 5 17 12 21 14 1 13 4 13 6 19 24 9
14 46 16 10 26 11 27 1 19 27 17 39 1 5 12 16 24 12 25 6
44 64 32 48 43 31 65 32 63 46 63 35 21 31 26 48 31 45 57 31
35 72 45 47 45 35 65 21 52 56 54 49 23 28 21 42 47 34 54 30
54 79 37 55 48 30 56 47 61 64 72 43 36 45 25 41 51 47 61 30
35 72 40 36 51 32 67 28 52 49 56 58 15 34 26 39 47 53 58 25
31 50 14 20 33 15 33 9 30 29 33 43 5 15 17 18 29 28 32 6
34 62 43 28 51 32 57 14 43 35 46 42 10 25 9 32 34 43 59 22
7 19 1 5 9 2 4 5 12 7 13 12 1 5 6 1 10 8 6 2
11 18 10 15 8 11 17 8 15 4 21 11 1 5 4 4 14 6 15 11
20 26 14 19 28 12 26 19 29 12 35 22 5 13 10 8 30 21 29 14
47 66 37 42 52 30 65 33 54 49 70 45 17 30 17 30 42 49 56 23
7 22 6 3 6 1 6 8 7 8 16 7 1 10 4 5 8 13 8 1
54 70 33 51 48 33 58 38 53 53 72 54 21 24 19 22 59 34 60 31
31 50 27 39 31 11 57 31 42 36 54 33 22 23 23 24 30 36 38 16
17 44 36 24 27 18 41 13 30 28 33 28 16 22 5 17 25 31 36 15
3 18 1 6 5 4 5 4 7 4 10 7 1 2 1 4 6 4 10 3
50 70 43 56 48 25 57 40 61 52 67 48 33 36 36 26 45 44 51 17
6 15 6 7 9 3 13 1 15 4 14 11 1 6 3 2 8 8 12 3
10 23 1 11 8 5 12 1 16 3 17 15 1 2 2 1 8 5 12 3
42 75 50 37 43 42 56 18 39 59 56 42 33 47 16 46 36 51 54 35
17 36 13 20 30 26 24 17 32 26 25 26 6 14 7 23 31 18 37 24
7 27 8 10 6 5 8 4 11 13 14 13 5 7 7 6 9 7 9 4
6 19 7 4 8 6 10 9 10 13 16 8 1 13 3 10 10 17 16 4
36 68 36 36 48 37 53 21 45 48 49 47 8 23 10 32 49 32 54 32
27 46 16 30 27 17 42 10 35 22 39 37 7 13 15 15 20 26 34 10
7 20 7 9 17 7 14 6 19 7 15 13 2 8 7 4 13 11 20 7
11 25 5 3 14 1 5 8 15 11 15 20 5 12 10 1 11 15 8 1
23 29 15 26 17 17 29 18 21 14 35 18 1 8 8 11 29 14 22 17
4 9 5 9 9 6 12 16 11 6 16 5 6 10 4 6 11 16 13 6
16 30 8 12 18 5 6 18 20 17 22 21 12 19 17 6 21 23 17 4
29 44 24 20 45 21 49 28 40 33 43 37 4 21 16 26 30 48 53 16
25 35 1 20 24 3 24 14 20 20 30 33 8 7 17 2 30 14 21 2
36 52 25 33 32 15 46 30 31 34 49 40 14 17 11 8 33 34 40 15
1 13 2 6 1 2 4 9 6 8 13 2 4 6 2 7 5 7 4 1
19 39 15 23 14 1 30 15 14 24 35 22 14 12 17 11 19 16 12 1
8 20 7 7 5 3 8 6 5 6 15 6 1 6 1 1 8 8 7 3
9 23 6 10 13 7 10 8 18 10 18 13 5 12 10 3 14 14 14 7
31 49 14 35 32 26 51 33 45 36 48 38 15 23 16 22 34 42 38 25
44 69 26 37 51 14 58 28 46 50 65 58 17 27 27 18 40 51 43 9
39 54 43 34 33 16 48 28 38 42 59 21 25 36 9 25 29 38 44 13
43 63 30 48 50 47 57 35 52 46 53 49 19 19 10 40 47 31 58 37
16 24 5 12 22 8 17 14 24 11 25 21 6 12 9 5 14 22 19 3
31 53 25 19 41 11 42 15 36 31 46 41 5 18 16 16 29 39 39 7
7 12 2 3 7 1 9 1 9 1 9 7 1 4 1 1 1 8 9 1
17 45 12 23 17 18 25 3 24 26 29 26 5 10 1 11 10 16 31 9
35 70 40 33 38 20 62 16 46 47 50 40 21 37 18 36 24 49 45 15
45 70 47 49 49 32 61 28 53 54 62 48 28 34 26 31 52 41 52 29
7 28 4 12 2 5 12 8 13 18 24 8 7 13 4 13 3 14 10 3
13 34 15 18 14 8 23 11 15 20 26 19 12 11 5 12 7 13 20 4
14 35 14 16 27 14 33 14 29 14 32 27 2 9 3 10 15 27 34 7
27 52 19 29 19 7 34 17 32 36 44 29 19 27 15 16 21 27 30 5
20 30 9 17 18 13 21 4 19 12 23 19 1 8 1 6 6 16 21 6
44 54 27 41 32 19 51 30 25 42 64 33 18 21 15 17 44 30 41 19
5 21 1 5 1 1 7 2 10 4 15 10 1 6 2 1 6 8 2 1
49 80 43 33 66 47 60 15 52 60 45 59 26 42 14 49 39 54 68 33
7 14 3 6 2 1 8 4 4 2 9 9 1 1 1 1 9 2 4 1
43 72 37 33 55 18 64 19 44 48 59 56 16 28 26 20 44 47 51 13
1 23 8 6 9 7 7 1 6 12 8 6 1 1 1 11 9 1 16 5
10 26 4 4 8 1 3 7 10 12 18 11 3 11 8 4 12 14 6 1
33 49 21 29 32 7 50 23 35 34 51 31 14 24 24 23 33 36 33 8
14 41 26 11 30 16 33 13 28 27 32 25 3 20 10 31 26 28 41 15
45 76 33 35 48 16 55 31 46 60 64 42 32 45 31 45 39 57 51 16
5 19 5 8 7 7 11 1 9 6 11 10 1 5 1 1 1 7 9 6
12 32 14 6 19 10 20 10 19 18 19 24 2 18 5 7 19 26 17 7
15 40 21 24 29 22 28 9 30 21 26 26 4 6 6 22 28 10 37 20
11 25 13 12 10 4 16 4 8 10 18 12 4 6 4 10 10 8 15 4
46 73 38 34 57 27 66 28 54 56 64 52 19 38 14 28 30 66 59 19
5 19 1 4 6 1 8 9 7 5 19 10 1 3 1 1 10 12 6 2
29 49 43 32 41 23 57 28 40 36 54 29 13 23 12 30 35 39 46 22
6 16 7 8 3 7 11 5 8 6 13 3 1 7 1 6 6 8 12 7
17 46 25 22 27 11 40 9 23 22 33 31 4 9 8 12 22 22 35 5
5 13 4 3 5 2 7 5 5 3 9 4 1 6 1 1 4 8 7 2
15 38 14 10 12 8 24 13 26 30 22 16 12 30 13 20 8 34 11 7
20 39 17 21 25 8 35 12 22 22 32 31 5 3 10 13 26 16 34 7
37 52 43 37 51 34 57 31 42 49 60 27 19 24 6 40 39 39 66 32
17 25 4 11 5 2 15 2 7 11 19 16 1 6 5 5 11 7 9 2
21 50 29 12 39 13 41 15 34 32 31 44 5 24 22 18 38 38 34 12
1 7 3 6 2 2 9 6 8 3 9 1 3 5 1 4 1 6 8 2
12 24 10 9 21 11 19 1 16 7 12 21 1 1 3 13 8 9 27 4
21 39 41 15 35 23 45 12 31 27 28 20 6 22 6 30 23 32 44 19
24 44 16 17 35 19 33 23 36 29 38 39 7 22 10 10 28 41 30 15
25 50 29 16 45 20 37 14 38 30 35 43 13 23 12 16 30 40 38 16
27 65 23 32 48 37 42 22 48 47 39 52 20 23 8 32 37 39 50 26
39 65 40 42 37 28 61 23 52 46 55 35 25 40 15 28 22 47 47 21
13 26 3 8 11 4 11 2 15 6 15 18 1 8 6 3 7 10 12 3
8 23 8 8 11 6 14 1 10 6 12 13 1 5 1 4 1 7 14 5
10 26 7 6 8 6 8 7 4 10 16 11 1 7 1 9 14 9 13 4
47 65 41 37 55 38 65 25 40 50 61 46 19 33 12 29 42 55 60 35
3 20 4 7 4 7 7 4 10 8 8 8 1 5 5 7 8 5 12 5
40 61 43 44 38 23 59 28 45 45 57 45 19 24 23 29 46 27 52 21
20 42 14 15 34 10 24 22 31 25 33 37 11 19 14 11 30 31 34 7
26 56 20 30 39 32 39 14 47 40 37 48 13 24 13 26 42 31 41 26
30 70 38 28 46 30 51 15 39 45 35 47 14 22 6 36 35 33 57 23
33 57 25 27 31 18 45 15 29 40 43 43 12 21 10 15 35 34 34 17
32 52 25 23 26 8 39 18 21 37 49 27 15 27 10 19 26 31 36 7
22 53 13 27 28 15 21 25 39 39 37 34 22 27 23 19 26 31 29 10
1 11 2 4 1 1 4 1 3 1 4 4 1 1 1 1 1 1 4 1
6 18 7 1 8 1 7 2 8 4 12 8 1 7 4 3 4 9 8 1
20 46 6 30 26 19 32 22 33 28 40 29 11 14 7 22 25 25 34 14
39 53 17 42 51 37 36 43 56 46 55 49 21 26 22 24 58 40 55 32
26 54 17 28 39 24 33 13 34 30 38 39 9 15 8 23 24 28 44 15
49 62 42 46 50 30 46 43 53 48 70 45 31 44 34 26 53 53 55 26
14 46 19 9 36 11 21 12 33 31 22 36 5 20 21 24 30 26 36 10
28 53 30 39 33 13 55 32 50 36 48 30 26 29 29 35 26 43 42 22
33 58 30 26 50 39 48 4 46 41 37 44 7 27 4 30 29 40 55 27
16 37 6 16 21 11 23 16 28 23 25 25 9 18 12 14 11 30 20 1
15 41 19 28 16 11 36 25 36 32 35 14 21 26 24 32 19 33 28 16
7 19 1 6 10 8 11 9 11 9 14 16 1 1 1 5 19 8 16 8
25 52 16 31 32 25 39 12 34 31 36 38 8 11 7 27 26 21 42 18
7 18 3 8 9 6 13 1 13 3 8 15 1 1 1 3 9 2 17 3
33 54 21 25 22 4 30 20 21 40 49 28 18 30 13 13 29 32 31 2
10 29 7 13 16 8 21 19 21 12 26 20 8 12 7 11 15 21 20 7
10 52 31 10 38 17 40 15 34 37 29 32 5 25 11 34 25 38 45 13
8 28 14 5 16 9 15 10 10 17 15 17 1 13 6 13 14 19 20 6
1 13 10 6 8 8 14 1 6 3 6 6 1 1 1 5 6 2 16 5
1 10 1 2 1 1 1 4 4 1 10 2 1 4 1 1 1 5 3 1
18 39 21 15 27 6 34 18 23 22 34 33 1 13 18 15 31 27 28 9
12 30 10 15 4 2 15 7 6 15 25 14 7 9 1 3 8 10 7 1
37 70 31 37 45 22 59 24 44 48 56 53 11 21 17 29 47 36 59 19
33 61 33 25 34 21 27 19 35 45 41 38 23 38 22 17 30 42 34 12
7 28 19 11 16 8 24 8 20 14 18 20 5 10 8 10 9 18 18 5
1 3 1 2 1 1 2 4 4 2 5 1 1 2 1 3 1 3 2 1
11 32 18 12 18 16 24 7 21 16 21 22 5 15 1 7 12 19 22 13
25 46 18 29 38 26 40 11 35 25 30 40 3 6 11 25 37 19 47 20
26 45 28 25 12 10 34 20 20 32 41 20 19 28 2 12 16 30 22 4
6 19 5 5 13 6 11 15 12 11 17 14 1 5 5 7 17 15 17 6
29 49 25 31 37 27 37 23 42 36 43 37 14 23 17 24 37 27 40 22
1 15 2 14 3 3 11 12 17 11 22 1 6 10 6 4 7 14 6 3
38 70 24 29 46 27 50 15 42 45 43 54 9 20 8 39 33 35 52 18
14 28 9 20 10 4 24 1 11 10 23 19 1 1 4 1 15 1 13 4
12 33 20 12 29 15 32 9 33 21 24 26 6 22 5 11 16 32 28 10
50 62 48 48 47 26 70 40 49 52 72 47 18 30 28 29 58 44 57 29
18 30 8 18 29 16 26 17 33 16 34 27 2 8 6 2 22 26 29 13
24 53 34 26 37 26 37 17 36 40 40 35 20 33 17 21 34 41 39 22
12 35 20 9 16 5 22 1 19 19 24 13 2 13 9 14 13 18 23 4
4 12 4 4 3 3 9 6 7 5 15 2 1 7 1 2 6 12 10 3
16 29 18 6 20 3 27 5 19 12 22 15 3 14 3 14 5 22 26 1
6 23 9 17 12 7 20 20 18 15 26 7 11 13 8 14 11 19 19 6
47 84 38 49 49 32 66 26 49 61 59 61 32 37 27 35 42 46 50 21
23 42 28 13 28 14 39 5 21 22 31 23 5 17 1 20 15 25 37 7
45 74 51 40 50 35 63 27 50 55 63 43 28 45 9 35 36 52 63 20
28 43 25 14 39 19 39 15 31 32 41 28 7 22 9 26 34 37 46 17
10 25 5 11 2 1 8 6 5 10 22 11 5 6 2 3 9 7 3 1
6 26 12 13 8 10 14 6 13 13 19 10 5 9 6 9 9 10 18 8
45 69 38 38 56 45 55 30 48 52 56 41 23 29 7 47 43 37 61 38
12 35 10 14 20 15 27 6 32 18 21 26 4 16 6 9 8 25 23 7
7 12 6 8 3 6 11 1 9 1 14 2 1 3 1 1 8 4 9 6
22 46 41 20 41 17 52 18 34 32 42 29 8 23 8 19 26 38 49 16
19 46 16 15 9 7 21 5 15 28 29 22 8 18 6 6 14 19 15 2
5 19 11 5 10 1 11 5 7 6 13 8 1 7 1 6 4 8 12 1
5 18 12 10 11 8 16 6 11 6 13 8 1 6 1 5 8 8 15 8
26 40 25 35 23 15 41 21 32 22 43 27 18 17 5 9 18 24 36 9
10 24 15 14 19 18 24 5 24 8 14 18 1 5 1 7 12 11 26 12
19 42 16 8 16 10 18 6 11 25 28 18 7 20 5 21 14 21 23 7
40 62 23 37 41 24 52 14 33 40 46 48 11 17 14 23 33 26 48 15
30 40 19 23 43 14 23 31 41 26 38 39 20 27 23 10 31 40 40 6
46 81 22 49 39 30 51 28 49 59 57 62 27 28 16 22 45 34 47 19
6 14 5 5 10 4 7 13 10 5 14 9 4 7 4 6 11 12 13 4
17 44 10 15 25 13 13 19 25 30 34 27 11 20 13 16 31 27 26 12
24 51 23 17 36 16 31 10 36 30 29 37 10 22 19 23 25 30 42 12
13 48 25 10 26 14 35 7 27 33 22 34 6 21 9 29 24 30 30 9
31 52 24 39 51 37 44 33 53 40 48 44 21 19 10 32 45 30 55 34
27 55 31 32 38 29 42 13 39 32 40 37 6 10 8 28 31 17 44 25
30 54 43 34 52 37 51 32 48 37 47 44 13 17 22 43 51 21 60 36
42 61 32 40 51 20 58 33 50 48 61 53 22 32 26 13 51 45 45 19
4 25 16 13 13 11 19 5 16 13 14 15 5 5 5 6 7 8 19 8
8 36 19 15 15 19 22 4 17 22 22 19 5 12 1 11 14 15 23 14
29 49 22 31 45 18 35 28 45 37 47 41 19 25 17 3 26 44 42 5
14 29 9 19 10 12 23 12 15 17 26 18 6 9 9 13 21 11 20 10
16 32 9 22 12 8 23 13 18 14 35 14 8 11 1 5 13 16 20 6
27 42 28 28 31 16 39 26 29 27 38 32 19 18 3 9 25 30 38 9
14 43 26 9 37 6 29 21 31 29 32 34 7 19 20 16 28 36 32 6
38 45 29 36 38 17 54 25 28 33 54 34 8 11 14 12 40 27 39 18
29 61 21 23 59 32 49 34 53 44 40 61 1 14 23 34 49 46 59 28
44 73 26 43 39 15 43 27 37 54 47 57 30 25 23 20 48 22 43 10
12 35 12 16 13 8 23 18 20 21 32 18 9 19 9 9 14 28 13 5
7 10 6 11 13 10 14 10 17 4 16 11 1 4 5 1 17 10 15 11
26 44 16 20 26 4 28 9 29 22 35 31 5 17 16 7 23 26 28 2
24 43 8 32 7 5 31 18 30 25 39 18 19 21 11 12 7 22 17 5
4 32 11 7 12 8 13 2 15 18 14 19 2 10 3 5 8 13 15 3
16 42 23 17 17 7 31 16 26 27 31 19 14 25 16 19 8 32 17 5
14 27 5 16 7 7 17 9 12 11 21 20 1 6 9 6 17 9 13 7
25 37 8 23 31 14 22 16 32 19 33 35 9 13 14 5 31 23 35 7
10 34 12 11 23 11 21 12 25 18 24 27 5 13 10 16 23 21 26 9
8 15 1 11 12 9 13 8 16 1 16 11 1 3 1 2 6 10 15 5
19 44 27 20 31 12 39 11 33 26 35 30 7 18 13 18 11 32 33 6
40 54 29 39 29 17 55 32 43 42 56 25 25 36 24 46 35 41 45 29
1 24 15 6 12 1 17 5 17 10 16 14 1 6 8 8 10 12 16 1
7 16 1 6 2 1 6 8 5 5 14 9 3 5 1 5 8 6 3 1
42 56 38 38 43 23 61 23 36 41 65 22 26 34 3 29 22 48 53 20
4 24 6 7 1 6 9 1 8 13 17 5 1 9 1 8 5 10 11 4
31 44 8 37 46 36 42 37 57 38 45 42 14 15 15 28 44 33 50 33
6 11 4 11 15 7 19 15 22 5 24 9 2 7 1 1 13 16 20 9
12 25 5 5 22 1 12 12 19 9 20 20 4 10 7 2 12 19 17 1
1 15 9 9 7 7 14 10 12 11 12 8 7 9 5 10 5 12 12 5
8 39 19 4 23 15 23 1 23 21 16 27 1 14 7 15 17 21 26 10
32 76 40 31 50 31 57 19 49 60 50 43 24 40 20 51 32 49 56 24
8 23 8 9 1 2 10 1 4 9 17 3 2 5 1 4 2 5 8 2
28 53 13 31 24 17 38 11 31 33 41 38 11 18 9 12 15 30 21 7
5 18 10 8 10 8 14 7 9 5 10 8 1 5 1 5 8 9 14 7
31 55 27 36 50 39 44 22 53 38 45 42 11 19 13 28 33 32 52 27
32 48 25 37 30 24 43 14 35 26 44 34 8 12 5 5 24 23 36 14
49 76 26 42 57 46 57 20 52 55 56 68 16 27 12 30 48 54 58 36
32 63 37 25 36 12 51 28 34 46 51 38 22 30 9 32 32 43 49 9
37 66 32 46 53 41 61 43 57 56 59 49 20 22 20 42 50 45 67 41
29 60 30 32 50 35 63 41 57 51 49 49 13 29 29 43 49 56 58 37
53 79 28 43 51 20 58 36 47 65 72 52 30 40 25 35 47 52 56 17
20 38 10 11 19 1 17 20 23 26 33 18 14 29 16 16 16 33 17 1
52 77 35 39 62 23 62 29 51 55 68 59 24 35 32 32 56 50 64 19
4 14 1 7 1 4 7 1 8 1 10 6 1 2 1 1 3 3 5 4
1 13 1 3 1 1 1 1 1 1 9 1 1 1 1 1 1 1 1 1
18 35 1 15 16 3 21 11 6 15 25 28 3 1 7 4 24 7 15 1
5 15 1 1 1 1 2 1 3 1 9 7 1 2 1 1 3 3 3 1
12 22 12 20 6 7 21 5 10 12 27 11 5 4 4 3 12 5 13 7
23 44 16 28 26 17 32 24 41 32 40 22 13 24 16 19 22 29 28 14
35 53 23 24 37 22 37 10 19 34 47 24 15 25 1 27 12 39 43 11
45 64 43 46 50 33 53 34 50 45 60 46 25 31 24 23 47 25 51 30
8 31 18 11 16 11 23 10 15 16 26 14 1 10 3 9 15 20 25 8
15 26 8 16 18 12 19 1 16 10 19 16 1 6 1 6 4 13 23 5
5 21 10 5 12 1 11 7 5 7 15 11 3 1 1 1 9 7 12 1
14 26 14 7 15 5 19 7 17 21 25 11 8 23 8 15 7 24 20 4
5 18 6 3 10 1 6 7 10 8 10 11 3 9 8 1 11 13 6 1
21 32 16 14 22 6 25 12 16 18 34 16 8 14 3 9 12 25 25 4
38 68 47 32 44 26 54 16 40 45 43 49 23 35 21 32 37 42 46 23
3 19 13 6 12 1 16 11 16 10 15 8 6 10 9 15 8 16 15 1
25 42 23 35 27 21 42 19 40 24 43 21 16 18 13 25 15 26 38 15
32 44 10 23 31 18 41 16 33 27 45 36 1 16 3 9 21 39 34 11
16 33 14 14 11 7 20 10 14 17 33 13 5 17 4 9 14 21 16 7
7 17 12 16 7 10 14 6 13 7 19 4 5 3 3 1 10 5 13 10
17 40 16 13 12 5 17 6 16 26 25 17 10 20 9 2 10 20 13 2
11 36 9 3 18 8 13 3 20 19 11 26 2 15 7 6 14 18 17 3
42 65 33 41 48 36 61 13 47 39 51 52 7 12 17 32 36 28 55 25
20 43 11 21 33 18 33 19 24 31 34 39 1 3 5 13 33 21 36 15
11 31 17 5 24 7 26 9 19 15 19 22 1 9 7 19 21 21 33 7
47 57 31 37 49 25 40 31 43 49 61 38 29 39 24 15 37 52 51 18
13 33 3 9 18 11 13 7 12 10 18 25 1 2 1 10 17 11 21 5
42 61 39 46 38 27 56 30 43 40 60 41 19 21 10 22 41 29 51 19
1 13 5 1 6 2 6 1 7 4 2 10 1 1 2 1 3 4 5 1
9 32 11 7 11 9 13 12 14 23 21 17 6 18 8 16 14 22 14 6
1 12 1 1 3 1 3 1 2 1 1 7 1 1 1 1 1 1 5 1
17 30 18 18 12 3 20 18 11 16 28 17 14 12 1 3 20 15 20 1
10 34 23 8 26 9 26 14 20 21 25 22 5 14 7 8 18 28 23 8
43 64 29 25 44 26 54 14 31 46 50 45 15 31 6 27 30 50 48 14
43 61 20 47 33 25 60 25 55 40 56 38 23 31 26 38 27 45 48 26
7 20 5 9 7 1 15 7 10 6 17 13 1 5 3 1 11 8 9 1
49 67 25 48 39 17 50 37 39 53 66 50 28 29 32 8 52 40 39 17
10 24 15 9 22 9 22 5 16 6 13 20 1 5 4 7 5 15 21 1
4 10 8 11 9 12 12 8 13 3 13 7 1 1 1 7 14 4 18 10
30 44 22 25 31 19 37 17 31 22 45 27 5 16 7 17 27 28 37 17
24 53 9 32 25 20 37 22 30 39 35 38 15 16 18 25 34 20 27 17
6 20 5 8 4 4 11 8 11 8 16 11 5 10 4 5 4 13 5 3
29 46 14 26 32 11 36 26 32 34 48 37 8 17 18 5 34 38 29 12
36 63 28 48 30 16 56 37 47 52 57 37 32 32 34 44 43 39 47 28
2 13 2 1 5 4 1 7 2 5 8 5 1 3 1 7 10 7 10 2
25 46 26 11 37 7 43 23 33 36 42 32 8 27 17 21 28 49 34 6
4 27 10 1 5 4 10 1 7 11 12 12 1 9 1 1 5 13 5 1
13 41 22 9 18 7 23 5 12 23 23 22 3 13 4 12 16 20 20 2
18 36 19 24 26 15 33 8 25 16 30 27 6 4 7 14 21 15 36 9
23 57 19 29 23 26 37 17 39 42 38 37 18 31 17 29 30 35 28 22
39 49 12 36 35 17 49 44 48 37 55 30 22 28 26 29 30 51 42 25
4 13 3 9 4 6 9 10 15 8 15 7 5 12 6 5 6 13 8 6
13 40 19 10 35 19 29 9 28 20 17 35 2 8 6 19 19 25 38 8
14 27 6 16 17 10 17 12 29 14 24 20 9 17 12 7 14 19 19 9
33 56 21 33 41 20 27 37 44 47 50 46 27 30 22 18 44 38 46 16
5 16 8 8 13 5 15 8 11 2 13 9 1 4 1 3 6 7 17 5
1 9 3 8 1 4 5 4 7 2 11 1 1 1 1 1 4 2 6 4
22 45 39 26 38 24 44 26 39 35 46 27 9 22 13 33 36 30 52 23
27 55 19 45 20 24 41 37 44 45 47 23 31 30 19 35 34 31 39 30
23 41 32 31 35 28 41 14 32 22 32 25 9 6 4 21 22 14 44 20
24 27 1 21 23 8 30 15 21 16 31 31 2 2 10 1 27 16 22 8
22 37 13 26 23 15 33 19 20 25 39 29 7 6 10 11 31 19 31 15
4 15 8 8 9 5 10 7 9 5 12 6 1 3 4 4 8 6 13 5
1 20 5 7 7 8 7 1 8 10 8 11 1 1 1 8 7 1 15 6
17 41 19 15 22 10 26 12 22 28 34 22 8 18 8 10 20 26 28 8
8 20 7 15 4 8 12 4 9 7 20 9 5 5 1 5 8 6 9 8
15 27 11 8 11 2 19 7 6 12 24 8 1 10 1 9 13 15 18 2
30 53 35 37 27 28 48 25 41 39 47 26 20 25 8 26 24 25 40 22
33 66 38 32 48 21 58 20 50 47 54 53 18 35 26 27 47 50 47 19
32 48 10 36 36 30 40 39 51 40 53 35 14 21 23 28 43 39 40 33
10 16 5 2 5 1 11 1 6 6 13 4 1 9 1 6 1 10 10 1
15 31 3 16 11 4 20 5 15 10 27 20 1 4 3 1 16 12 15 3
51 77 28 43 50 36 49 11 50 52 59 58 13 30 18 23 40 41 55 21
40 63 15 34 39 22 49 26 40 47 52 29 20 31 11 43 23 44 48 19
16 34 16 16 27 20 37 23 32 28 32 27 7 21 5 16 23 37 34 18
7 24 15 13 12 4 20 8 11 8 24 8 3 5 2 8 12 13 21 4
23 44 19 38 37 34 42 35 40 39 46 30 15 15 11 26 40 30 48 34
33 62 45 39 62 45 56 30 59 52 49 51 20 27 14 38 54 39 67 42
3 18 7 7 6 6 13 7 10 8 13 8 4 8 2 11 5 9 15 4
15 25 13 11 26 5 26 13 22 8 23 24 3 7 6 11 18 22 26 1
9 33 24 11 18 14 26 2 21 20 22 16 1 17 1 7 12 21 22 11
23 49 17 15 39 12 35 18 36 31 36 45 3 18 22 25 38 32 38 8
7 14 9 13 13 16 13 11 15 7 17 6 1 3 1 11 18 7 22 14
9 34 11 19 13 9 25 17 19 20 31 21 8 11 7 9 17 21 18 6
46 75 44 38 70 34 64 30 64 58 62 63 20 39 27 26 46 70 69 24
1 18 9 3 15 4 14 13 12 10 17 12 2 10 1 4 10 20 14 2
36 61 34 38 32 15 51 29 30 45 48 45 26 26 19 12 43 33 38 13
20 43 34 8 43 13 47 14 28 27 33 29 6 23 8 25 20 42 47 9
12 39 26 16 26 17 37 21 32 29 26 27 10 21 20 31 21 30 34 13
1 17 5 7 4 2 8 3 8 5 13 7 2 4 1 1 1 6 7 2
18 26 14 19 22 9 24 15 25 12 36 17 5 10 5 2 23 16 24 11
3 28 9 3 16 13 11 8 12 15 9 18 1 5 3 11 16 13 20 8
24 44 18 12 25 7 22 17 19 34 36 23 14 24 10 16 24 29 28 7
10 16 5 9 7 7 15 4 12 5 15 8 1 8 1 4 4 11 14 5
1 12 2 2 4 1 4 1 6 1 2 6 1 1 1 1 3 2 5 1
36 44 19 40 29 22 47 25 36 26 55 24 11 19 11 17 25 31 35 15
44 62 55 43 41 28 65 27 40 49 64 22 32 43 5 36 27 47 55 22
31 64 28 29 37 26 43 14 30 43 40 38 15 19 6 30 31 24 46 22
12 24 12 18 16 8 14 8 21 14 24 13 8 9 10 1 16 10 17 8
44 74 26 43 31 19 48 29 54 55 59 42 33 48 29 28 33 53 35 20
40 74 47 44 47 37 67 17 54 51 55 53 20 31 9 34 40 44 63 25
9 22 1 14 13 5 20 19 21 12 25 14 7 9 5 11 10 20 18 2
4 18 8 2 2 3 11 1 2 6 9 3 1 5 1 7 3 6 13 1
16 35 6 18 14 10 23 19 31 28 26 15 16 24 19 26 17 25 20 14
9 20 7 8 3 1 12 10 10 10 18 8 7 14 5 9 4 15 6 1
3 21 5 6 7 8 10 2 12 9 6 13 1 5 5 5 6 8 10 5
5 8 5 9 3 7 10 7 12 4 13 5 4 6 1 4 5 7 10 7
33 52 32 39 34 18 49 24 48 31 50 32 18 21 13 18 25 30 41 12
19 48 21 26 25 20 32 12 27 25 31 32 10 9 1 10 23 17 40 10
42 68 40 32 44 22 45 20 40 49 48 53 24 39 30 25 46 48 40 18
29 38 25 23 18 11 35 7 17 21 43 13 8 16 1 12 14 16 27 10
6 16 5 8 6 5 8 4 10 4 13 9 1 3 3 4 3 4 11 5
52 65 41 51 52 28 53 33 52 46 65 49 26 26 34 27 53 29 53 25
37 60 37 38 23 13 59 24 34 44 57 18 27 37 18 32 20 41 36 17
18 29 24 22 30 16 35 19 29 17 36 21 5 9 5 8 23 23 34 18
12 24 6 4 3 1 8 4 6 9 16 11 1 9 3 7 8 10 8 1
39 70 23 40 57 32 42 35 62 51 46 59 28 30 27 39 44 44 57 21
21 53 34 27 43 28 55 22 55 40 33 42 15 32 23 39 30 45 49 24
4 21 3 3 7 4 10 5 9 9 11 10 1 7 2 5 10 13 11 2
21 44 28 21 32 23 34 16 33 26 36 30 6 18 12 19 31 27 35 18
18 38 26 26 18 15 31 17 32 26 37 21 13 21 6 8 20 22 26 12
23 56 19 19 24 21 29 7 28 37 33 39 7 22 13 18 29 26 28 16
15 37 14 21 26 20 27 10 20 21 26 27 7 5 1 10 15 19 32 8
16 35 8 15 17 9 23 14 27 18 24 25 10 18 12 9 9 25 13 3
30 58 25 29 51 38 45 33 55 49 45 48 17 30 12 33 49 43 55 35
29 42 3 21 33 14 27 25 35 26 40 41 9 17 13 8 30 37 30 8
44 72 45 29 54 27 63 23 48 48 50 60 12 39 32 36 43 55 53 20
13 20 5 20 13 7 22 22 19 17 34 14 10 9 4 5 17 20 16 9
19 51 36 30 43 34 50 24 48 38 35 38 9 19 14 40 43 30 51 29
11 21 4 13 12 11 17 3 17 1 17 15 1 1 1 1 6 8 17 6
3 12 1 4 1 2 4 6 5 1 10 4 1 1 1 2 6 4 6 2
18 50 13 16 29 21 20 14 33 37 24 40 12 23 13 22 31 27 28 16
43 77 24 43 46 33 61 34 48 66 65 51 18 29 23 33 51 50 51 30
17 25 16 19 18 19 22 19 26 19 32 12 5 13 6 18 23 17 26 17
30 66 28 35 48 33 51 13 43 46 41 56 13 20 12 35 37 38 50 21
17 44 26 23 31 15 38 19 33 30 39 34 10 14 11 20 34 25 42 15
9 30 9 1 9 1 9 7 8 18 22 10 2 16 2 12 7 19 13 1
25 51 33 31 32 16 39 27 41 42 48 30 24 38 16 10 31 44 37 12
6 29 13 2 16 6 16 9 9 15 18 15 1 10 1 8 11 19 20 1
26 60 48 25 33 20 52 8 39 40 39 38 12 31 12 25 29 36 46 18
9 23 14 8 7 10 18 1 11 12 14 8 1 11 1 7 4 14 14 7
18 48 29 15 28 14 43 23 32 37 32 27 12 31 20 36 21 42 35 13
2 27 13 1 20 10 18 6 15 11 10 20 1 7 1 10 12 17 25 5
36 50 26 44 46 27 43 45 55 46 60 37 25 28 29 21 44 45 49 24
5 15 8 9 8 8 12 10 14 7 18 6 1 11 5 4 11 15 13 8
11 23 16 20 13 18 20 12 22 17 28 7 5 11 4 15 15 12 24 16
27 55 39 34 39 32 49 16 45 39 41 37 16 24 6 29 33 26 49 27
45 72 42 43 60 31 62 39 64 55 60 62 31 41 20 27 43 63 65 19
27 63 36 21 39 24 50 7 28 44 35 43 9 23 14 35 38 33 47 19
13 36 13 19 25 15 21 15 24 23 26 26 9 9 6 20 22 14 30 12
14 32 16 19 14 9 27 5 15 14 28 13 6 10 1 3 1 15 22 3
44 73 49 44 45 32 58 30 52 56 61 49 20 30 24 40 57 32 59 29
38 65 34 28 44 7 46 19 37 40 51 45 16 30 25 19 35 42 44 5
12 32 15 13 22 11 22 16 18 22 25 20 6 9 7 7 20 23 23 10
18 52 33 10 35 19 42 14 29 37 31 28 12 29 9 35 24 42 43 13
12 42 21 8 26 8 32 14 25 25 28 30 3 19 10 18 24 34 27 4
7 21 12 1 9 4 11 1 4 8 8 10 1 6 1 6 4 9 11 1
28 49 23 27 24 12 32 13 32 31 43 26 15 26 10 9 17 28 35 7
33 50 18 21 42 25 44 19 42 34 49 37 5 23 7 12 26 47 44 16
10 27 2 6 5 1 12 9 13 9 20 11 3 11 2 8 3 15 9 1
9 25 4 12 6 4 10 7 12 8 19 15 2 7 4 1 11 9 8 4
2 21 9 3 12 1 9 1 10 5 9 12 1 3 3 1 6 8 10 1
21 45 11 17 24 14 32 16 15 30 33 36 5 11 9 11 33 23 22 11
1 14 1 7 4 3 8 9 15 10 11 8 4 11 7 7 6 12 8 2
8 20 5 2 9 1 8 7 10 9 16 9 1 12 4 4 9 15 8 1
32 53 34 43 22 22 53 32 46 43 52 20 28 37 21 29 24 38 35 29
1 11 3 1 4 1 5 1 3 1 1 6 1 1 1 1 1 1 5 1
21 47 29 18 30 5 30 22 30 29 34 31 18 23 9 12 23 32 33 1
9 23 10 16 11 16 14 4 15 9 20 12 1 1 1 11 17 1 21 14
51 71 38 51 31 7 68 31 44 53 69 38 35 40 27 24 31 42 42 7
41 62 41 32 42 23 61 31 41 54 54 24 38 54 20 50 29 64 48 28
10 37 23 15 29 11 33 15 26 17 30 28 4 9 9 18 26 23 37 11
38 67 37 28 56 25 64 26 53 50 60 44 17 38 20 31 31 65 56 18
50 81 44 36 53 36 47 27 43 63 58 55 31 49 31 33 50 55 57 23
10 26 14 7 10 1 14 6 9 8 19 11 1 9 4 10 7 12 14 1
26 29 11 25 34 24 36 24 32 15 36 30 1 7 9 6 27 29 39 22
39 54 25 26 50 16 38 25 46 35 52 44 12 28 21 12 33 51 50 6
25 49 30 12 31 1 27 12 20 34 34 20 17 28 16 21 19 33 33 1
33 55 29 26 37 25 46 3 38 30 41 38 4 22 5 16 25 32 40 16
38 67 29 39 45 31 61 19 43 49 46 52 16 26 16 32 37 34 51 22
51 73 34 44 22 13 52 29 31 59 68 24 40 50 16 37 28 50 32 10
19 41 15 18 26 20 34 14 27 23 29 33 6 17 3 14 24 29 32 12
34 57 36 34 26 22 47 17 31 33 46 34 18 27 1 15 21 32 42 11
8 29 8 3 18 9 15 3 16 10 8 21 1 8 1 5 9 17 16 3
26 66 18 26 24 17 34 25 39 53 42 30 21 37 20 34 29 42 28 19
7 28 10 6 13 9 15 5 18 13 14 18 1 13 6 5 6 17 15 6
37 59 33 50 41 41 55 26 55 47 55 42 23 22 5 30 31 32 55 29
1 12 1 5 1 1 6 5 7 3 11 3 1 3 1 2 1 5 2 1
40 61 26 45 30 24 51 26 43 43 55 36 28 33 9 29 19 40 46 13
27 46 14 38 2 9 35 27 30 35 45 17 27 27 13 21 20 25 20 11
1 12 11 7 9 1 18 8 15 7 9 6 5 8 6 10 2 14 12 1
31 52 21 21 34 20 41 11 35 32 36 40 6 25 10 15 21 38 34 10
27 53 7 28 26 15 29 20 27 40 32 44 16 16 20 18 38 18 21 12
34 73 34 23 42 15 56 18 44 51 47 46 16 40 22 41 32 53 43 12
8 18 1 9 10 1 7 13 21 12 19 13 8 14 11 4 10 16 9 1
48 67 34 48 46 23 57 38 46 57 72 47 27 33 26 27 56 39 53 23
12 31 11 10 18 5 13 7 18 17 21 20 6 15 11 1 10 19 15 3
16 27 17 23 21 14 30 18 22 17 33 13 6 5 3 4 21 16 33 16
22 47 22 24 29 11 38 12 28 23 34 37 7 11 14 12 21 27 28 4
50 87 35 48 52 16 57 35 55 65 66 65 36 42 47 34 50 50 48 10
13 22 1 10 10 1 15 9 4 7 22 18 1 1 4 1 18 6 9 1
4 22 12 9 11 5 14 4 15 8 15 10 2 8 7 6 6 11 14 5
10 17 3 5 13 2 9 12 15 12 18 11 4 14 9 2 16 21 11 3
1 10 2 1 4 4 5 2 4 3 5 6 1 1 1 4 3 1 12 2
3 10 1 2 1 1 4 1 2 1 8 1 1 3 1 1 1 4 2 1
26 60 10 32 25 17 33 23 39 43 38 31 21 25 16 28 19 30 29 15
37 52 29 40 21 17 49 34 41 39 56 15 24 31 21 38 27 33 36 27
16 37 8 13 10 10 12 9 18 21 28 18 7 18 11 11 16 19 15 8
9 23 8 9 16 10 15 14 20 12 22 17 5 11 10 1 17 20 14 8
35 60 51 32 47 24 58 20 42 46 59 27 23 39 19 39 30 50 48 21
13 25 23 21 21 21 32 17 27 17 26 15 6 9 3 16 19 13 27 18
1 13 3 5 2 4 7 5 10 4 9 6 2 7 3 2 2 9 4 4
26 40 20 23 32 21 38 8 32 19 34 28 6 17 5 18 11 31 39 14
20 40 33 23 38 27 45 23 37 28 35 25 8 17 7 30 28 28 47 22
34 60 29 35 35 17 58 31 42 46 47 41 28 34 29 38 42 49 37 21
16 45 27 16 25 6 32 17 24 27 30 28 11 17 5 17 23 26 38 3
38 47 31 31 46 22 59 26 44 31 58 28 10 22 8 30 30 44 55 18
9 25 8 8 12 4 19 6 9 8 20 15 1 5 1 1 9 12 14 1
22 50 29 37 29 26 39 24 42 40 39 32 23 25 10 29 29 25 45 21
45 85 37 39 51 31 66 22 51 61 59 48 25 40 17 50 29 58 56 22
34 63 32 34 45 22 60 31 59 47 50 47 27 39 30 38 42 55 46 27
1 5 1 4 1 3 5 1 3 1 7 1 1 1 1 1 4 1 7 3
12 29 15 18 22 20 22 5 25 15 21 19 1 3 4 19 24 6 31 18
43 59 33 42 36 17 58 31 32 43 61 44 21 24 17 8 41 34 43 15
7 26 6 11 14 13 16 7 14 11 18 16 1 3 2 10 22 8 24 11
46 72 54 44 48 35 76 26 53 58 62 45 25 40 27 52 46 49 58 31
9 23 1 7 10 3 11 11 15 8 21 16 2 10 6 1 16 17 9 3
36 52 17 38 28 23 40 10 36 30 49 36 7 12 10 10 23 21 31 14
41 54 12 43 33 18 52 44 47 39 57 37 24 26 26 28 35 47 44 27
13 26 4 11 10 4 10 4 13 8 19 18 3 6 5 3 7 9 9 1
8 19 2 7 8 4 7 5 17 7 18 13 3 11 7 1 9 12 10 4
29 42 25 20 30 12 39 9 29 22 39 27 6 21 12 17 21 29 34 10
44 71 24 47 60 40 47 40 61 55 62 59 22 26 22 19 52 48 64 30
31 75 41 36 56 40 60 22 63 56 46 58 21 39 27 49 35 56 61 29
5 15 8 4 7 4 9 8 6 5 11 5 3 6 1 8 7 7 13 3
14 15 11 22 20 18 28 27 28 14 31 13 8 11 7 9 24 24 26 20
12 33 17 16 21 8 29 14 23 13 29 21 5 7 2 8 14 18 34 6
45 69 31 45 41 14 70 36 50 48 71 42 25 35 34 36 39 52 46 19
15 41 12 18 33 10 35 20 37 26 33 29 7 14 14 25 18 35 37 4
30 54 27 35 26 24 42 31 44 43 52 22 21 33 21 29 29 40 29 23
20 46 37 28 27 24 41 12 29 28 33 28 11 13 4 21 26 18 43 19
13 25 1 20 2 5 21 16 15 16 28 10 7 11 9 11 17 16 11 3
37 61 16 37 39 21 44 35 41 50 58 45 16 23 27 22 46 43 43 21
31 36 33 31 48 25 34 35 49 29 44 36 21 28 30 17 45 42 49 21
7 29 17 9 17 9 22 9 20 14 21 18 2 11 9 17 17 18 26 7
36 66 34 28 44 30 47 15 28 52 49 36 18 28 5 31 35 42 50 25
43 66 21 37 32 11 56 35 38 48 57 41 27 37 27 26 37 47 29 14
35 67 42 41 50 41 46 32 53 57 54 43 25 35 17 35 51 38 57 36
14 19 7 14 7 9 17 4 12 5 22 10 1 6 1 2 12 7 12 9
11 40 17 24 34 20 34 24 38 28 29 29 12 12 12 31 28 24 43 19
11 37 20 9 18 10 19 8 20 24 24 21 8 21 9 7 13 25 14 7
31 45 18 25 43 19 46 36 45 38 49 43 6 21 31 24 45 49 41 22
30 62 37 27 45 22 53 29 49 50 54 37 22 40 23 34 35 56 49 20
26 57 42 17 35 10 48 14 24 39 44 26 16 32 11 30 17 41 39 6
20 36 11 10 29 17 24 20 25 28 30 26 2 16 10 16 29 31 34 17
33 50 42 22 51 30 52 18 37 40 47 30 17 32 12 33 33 48 55 25
27 49 15 29 17 10 32 11 24 28 38 33 12 14 6 7 13 22 24 1
39 50 21 26 45 25 49 17 40 32 49 42 5 20 9 10 28 44 45 17
34 57 27 21 41 23 45 18 36 39 48 42 7 27 12 20 41 39 45 20
9 21 7 12 7 6 11 6 13 8 16 13 5 4 5 1 8 5 11 6
18 33 5 14 12 14 20 1 16 12 24 20 1 6 1 10 10 12 24 7
23 21 7 20 32 18 27 22 37 13 36 25 2 8 8 3 27 25 33 17
21 37 18 14 17 8 27 10 24 24 37 11 11 26 10 17 11 27 24 7
2 23 1 1 7 5 1 4 8 9 9 14 1 2 1 8 14 5 10 3
22 48 10 20 29 14 14 26 31 35 36 38 17 26 20 11 35 35 26 4
42 70 20 36 29 15 46 20 31 54 58 37 27 35 25 31 29 35 32 11
22 31 13 23 28 19 33 12 25 15 33 25 1 2 2 15 31 11 37 15
15 40 28 7 26 8 35 2 20 20 23 23 2 15 8 22 10 23 35 6
