1000 20 10 1551
6 2 4 1 2 2 0 1 3 6
16 20 3 3 18 4 11 8 10 3
13 16 12 10 4 8 4 14 4 7
7 24 4 10 14 5 13 6 6 6
11 6 5 11 16 1 4 6 1 3
0 2 4 0 6 7 3 1 4 1
4 8 2 1 5 4 0 5 3 1
0 4 1 6 4 2 4 0 4 2
5 6 5 5 19 5 4 12 9 4
5 2 7 11 4 3 3 9 2 4
2 3 10 4 11 2 0 7 2 3
2 7 6 10 4 2 6 13 13 7
8 8 2 2 3 12 4 2 2 5
10 8 9 27 5 11 6 2 10 1
3 10 11 2 8 0 4 21 10 1
1 3 4 4 7 8 6 3 3 1
4 11 4 17 12 2 6 5 5 13
15 4 1 11 3 3 5 1 15 16
5 11 3 1 12 6 20 2 11 7
6 0 10 1 11 13 16 16 4 10
2 1 4 4 32 9 16 2 4 5
7 4 0 5 1 3 7 4 3 4
11 5 14 8 3 5 3 4 13 14
15 4 11 5 3 5 29 4 9 11
6 16 10 12 14 5 20 8 19 2
2 4 3 6 2 4 0 3 5 6
3 3 9 1 10 7 3 4 2 9
5 13 10 6 4 4 1 11 6 5
1 3 8 19 0 10 9 10 6 1
4 6 6 9 13 4 0 6 4 12
3 3 1 2 4 10 0 11 6 3
23 11 1 12 8 13 12 3 13 5
0 7 12 8 4 1 5 2 7 3
13 1 5 7 5 3 18 20 7 0
5 6 4 9 12 8 5 4 3 4
2 2 5 9 2 5 10 6 10 1
2 2 1 4 1 2 4 2 3 7
7 6 4 4 2 1 5 9 0 6
1 5 2 2 1 2 1 1 2 7
5 6 10 14 1 4 4 3 3 9
9 8 2 1 1 3 7 12 2 3
4 4 2 2 4 2 2 8 1 3
4 1 4 3 3 4 3 6 6 4
15 16 3 5 3 4 2 15 9 11
4 6 2 8 11 5 4 11 16 10
1 14 13 7 1 7 7 8 3 1
17 9 8 5 12 5 10 12 5 7
4 1 10 3 4 3 15 1 2 1
3 0 11 1 4 1 16 8 8 2
11 6 5 9 1 3 12 5 19 9
2 13 9 9 7 19 2 12 13 15
0 3 1 5 7 12 5 2 10 6
12 3 13 11 3 8 11 20 5 3
0 0 5 9 0 4 7 1 2 1
18 1 2 3 4 1 13 6 3 1
5 3 8 0 2 8 1 3 1 4
2 7 8 8 1 2 4 6 6 9
8 6 4 15 7 7 9 22 2 1
3 5 1 1 4 4 3 0 3 4
15 2 14 3 23 2 6 15 4 1
2 5 2 7 2 0 4 2 6 3
5 1 0 9 4 11 7 4 0 2
9 4 6 22 5 6 7 8 25 5
16 2 3 7 6 12 5 1 19 7
3 3 9 5 2 7 14 8 8 9
14 2 3 8 4 5 6 2 7 7
8 0 18 4 13 1 3 4 5 4
5 4 2 2 4 1 4 2 4 2
2 1 1 6 0 6 5 1 5 0
6 8 11 8 6 4 1 13 2 7
8 4 8 9 9 11 6 9 2 10
11 1 22 5 15 17 8 7 3 9
7 6 0 13 1 17 4 9 6 7
5 10 11 20 4 21 6 2 7 10
0 4 4 3 2 1 3 0 10 6
9 6 10 5 6 2 9 2 3 19
4 9 1 14 14 7 7 6 5 4
1 15 1 14 5 4 2 1 7 13
3 2 7 1 5 3 0 0 1 3
6 7 7 2 1 4 6 3 3 6
8 3 2 4 4 1 3 2 2 3
7 17 10 3 17 3 5 9 15 9
10 0 4 7 2 6 33 5 9 2
3 4 13 7 10 15 0 1 6 4
5 7 7 6 6 8 0 14 5 16
7 2 2 6 18 2 2 13 7 10
4 24 6 2 11 8 3 1 22 0
22 11 18 1 7 14 18 2 8 3
6 10 11 11 8 14 5 9 1 14
5 5 2 3 5 1 2 8 3 4
10 4 3 3 1 8 9 4 1 0
11 6 3 1 5 2 4 0 3 4
1 5 3 14 21 14 13 4 2 3
12 10 7 20 4 2 11 4 5 11
10 1 4 3 2 3 11 9 7 1
5 1 5 9 5 13 0 1 3 1
4 1 10 0 6 6 12 29 8 9
22 2 5 20 8 2 8 1 10 5
2 2 6 1 4 11 10 5 4 13
3 5 9 13 16 1 3 6 13 11
10 16 1 14 4 10 11 17 6 3
5 1 2 7 2 6 3 3 6 8
0 6 1 5 5 2 4 4 3 3
7 3 9 13 8 10 1 4 0 7
1 1 3 4 2 6 2 1 1 18
11 12 2 9 15 5 8 15 6 1
5 5 6 0 9 7 6 11 9 5
8 9 15 11 21 9 9 5 1 2
7 4 6 2 1 6 10 11 4 2
2 4 2 6 2 4 2 3 3 3
1 5 7 7 1 2 8 2 1 8
11 6 9 7 9 1 6 10 3 1
10 8 9 2 0 15 16 17 8 7
13 13 8 1 21 7 16 7 0 6
16 6 3 8 5 12 3 24 1 2
5 15 15 1 20 2 7 6 13 13
18 1 20 2 4 3 9 7 4 19
3 5 6 5 8 12 14 4 3 16
13 7 8 6 1 16 12 1 5 3
5 8 4 9 1 6 3 4 2 6
1 3 14 13 12 13 11 12 0 15
11 9 16 3 10 8 8 0 1 11
3 1 2 4 2 4 2 1 4 6
16 5 8 5 15 12 0 6 3 7
5 12 1 13 3 18 3 4 4 5
10 4 8 1 15 3 5 1 9 6
8 9 9 13 4 18 1 4 0 4
2 2 5 17 4 6 13 20 10 13
16 4 3 13 11 4 7 11 3 14
3 5 4 9 21 1 6 6 3 2
3 20 12 7 2 2 4 7 1 11
18 4 0 1 4 1 9 3 11 3
0 1 12 2 5 6 1 2 3 10
6 1 4 5 0 20 28 6 9 6
11 10 5 9 3 10 7 1 10 4
2 6 9 17 16 8 6 14 1 4
8 1 8 2 1 11 34 5 5 4
4 2 6 15 23 9 17 4 5 0
2 6 13 10 7 3 12 11 6 3
0 2 3 2 4 9 6 3 1 2
13 23 0 2 17 10 2 2 7 7
10 19 1 8 12 8 1 3 5 18
8 12 1 7 15 13 17 10 8 20
8 2 4 0 6 23 17 2 4 8
11 10 4 19 3 15 8 13 6 2
2 0 3 4 1 5 8 7 1 1
15 2 3 1 4 15 7 19 15 10
0 7 21 17 0 15 16 12 8 11
3 1 1 5 9 5 6 5 5 12
2 12 7 4 0 12 1 4 21 6
6 0 3 2 1 1 5 4 6 0
7 5 4 2 10 2 10 1 5 6
8 6 1 0 13 9 1 3 1 4
7 6 5 8 8 1 2 4 2 1
9 11 8 3 10 2 7 1 7 0
2 9 8 1 16 1 2 1 1 3
5 14 4 0 28 10 6 0 4 19
8 1 18 7 9 17 2 4 25 10
2 5 9 11 12 13 14 3 0 1
9 15 11 4 4 5 18 13 0 1
8 4 3 1 6 2 4 0 6 3
7 1 6 18 6 17 4 3 23 17
0 8 2 7 9 6 1 2 9 1
17 12 2 23 6 15 10 11 8 1
15 18 1 5 2 2 9 12 11 3
10 6 11 10 0 5 11 10 27 2
6 8 5 2 4 8 13 6 2 14
7 8 14 10 1 10 8 17 5 13
3 7 7 6 0 9 16 5 15 18
15 1 1 12 11 3 2 8 0 3
6 6 0 1 3 1 0 5 13 1
7 3 5 5 10 3 1 2 2 2
9 3 2 3 6 7 0 10 3 17
13 11 9 4 15 4 7 6 3 12
2 8 9 2 11 0 2 5 2 6
4 1 4 6 4 1 4 6 5 8
4 6 4 1 0 7 4 2 4 5
3 2 0 2 3 1 6 6 0 4
10 5 5 2 4 18 5 3 2 7
6 6 2 10 13 1 7 10 16 7
10 18 18 5 7 2 11 13 8 14
5 1 14 4 1 5 1 0 7 13
1 5 0 12 15 0 15 22 7 1
9 1 3 23 18 8 1 1 1 6
0 13 7 2 7 6 26 7 13 10
6 7 13 3 6 5 16 25 0 5
6 4 1 6 18 17 2 9 4 4
2 18 1 5 2 14 6 10 13 4
1 4 14 6 5 5 3 5 0 12
13 1 4 27 8 9 11 2 4 6
3 0 10 20 8 6 9 24 9 11
0 13 6 3 2 5 0 3 7 4
3 0 3 2 0 3 3 8 2 2
8 1 11 5 6 8 7 8 16 1
4 4 3 2 8 12 2 8 9 10
11 8 11 12 1 8 1 6 2 5
5 5 3 1 0 1 6 1 10 7
8 6 3 1 20 2 1 1 2 10
20 14 0 10 6 3 11 18 10 4
1 1 5 6 1 3 1 1 3 5
7 3 3 9 6 5 7 5 4 5
5 6 0 4 5 7 5 2 7 2
10 13 5 15 3 3 10 13 3 0
5 2 5 3 1 6 5 5 0 7
17 11 3 17 3 3 8 10 3 3
18 14 13 6 9 9 0 3 3 17
11 15 3 13 4 11 19 3 13 12
10 2 3 4 3 7 4 2 3 2
5 1 1 11 2 2 9 1 14 9
4 8 3 2 4 15 3 7 10 15
0 12 5 8 3 16 11 9 17 13
2 1 2 7 13 14 5 3 2 3
2 14 11 18 3 4 5 2 15 4
1 1 1 4 5 4 1 1 9 10
17 4 5 6 16 2 2 21 4 11
4 3 4 0 3 8 7 3 8 9
18 8 1 2 6 22 13 12 9 4
4 1 1 9 4 0 13 8 2 1
20 11 8 1 23 7 1 8 18 8
25 7 3 7 4 16 7 0 4 18
8 3 3 4 1 5 18 14 9 4
2 9 1 3 6 8 4 4 7 2
1 7 10 13 20 3 12 17 11 6
12 2 6 6 0 0 2 0 2 9
0 9 2 15 0 2 2 4 17 14
1 6 11 7 14 3 0 1 2 11
6 6 9 3 4 8 7 0 8 3
1 4 1 21 15 3 10 2 9 4
6 28 11 2 1 5 9 1 1 11
6 5 16 1 14 5 2 10 5 11
3 1 7 2 2 0 7 5 4 1
5 7 15 14 10 3 2 7 14 5
1 9 3 10 11 16 17 9 19 5
5 5 9 10 2 6 4 14 5 15
7 13 2 7 5 25 13 9 16 10
3 1 8 0 3 10 2 6 1 4
6 15 1 3 21 2 4 1 5 7
1 1 3 8 0 1 8 9 7 1
16 8 1 1 1 1 1 1 6 1
7 10 0 2 1 11 11 5 7 10
5 7 11 16 3 17 12 1 2 2
4 4 2 2 4 0 0 8 6 7
2 6 17 20 2 9 11 13 6 19
0 5 4 1 4 4 6 9 10 8
12 10 6 11 11 3 0 6 0 18
0 2 0 5 7 2 4 8 6 5
16 15 5 6 5 28 10 2 4 6
0 2 3 2 1 10 3 7 4 1
5 14 5 12 4 6 2 9 23 19
5 1 0 0 6 6 1 5 1 1
8 11 9 6 22 8 1 5 8 5
21 5 17 1 0 15 13 18 6 2
0 4 12 10 12 1 4 2 6 3
3 2 4 4 4 2 5 2 4 5
16 0 8 18 16 0 5 5 4 2
2 6 3 11 4 10 13 2 8 22
4 2 8 7 4 12 7 5 4 8
13 5 17 9 13 11 8 15 3 5
19 0 9 0 11 6 10 10 2 3
5 6 13 12 13 15 13 9 10 11
7 0 7 1 1 2 7 4 2 1
4 12 13 7 1 9 6 3 5 2
10 5 3 1 6 2 1 4 2 0
13 2 1 12 15 2 2 2 10 3
2 7 1 24 6 3 3 9 11 7
1 18 1 0 12 5 5 2 1 0
6 4 1 7 16 11 10 4 6 13
3 1 0 12 7 2 3 6 6 1
10 3 11 2 3 8 2 8 24 1
2 1 13 3 2 2 7 3 0 4
14 1 19 8 0 0 0 5 7 19
9 2 20 16 0 9 2 13 4 7
2 15 9 12 5 14 19 7 3 4
8 13 11 9 4 9 3 8 7 13
1 9 2 6 4 2 1 4 2 13
4 1 2 0 7 3 1 2 4 7
2 4 5 4 2 0 11 2 4 6
1 9 8 9 7 9 5 20 3 2
13 19 12 9 7 4 7 2 3 5
3 6 0 8 6 6 1 4 3 26
9 4 3 8 2 1 3 16 9 6
2 7 12 12 22 1 4 4 0 1
4 8 4 2 2 5 5 6 1 6
3 0 5 3 8 5 4 7 3 7
3 13 5 18 9 3 6 9 9 11
0 18 11 25 13 1 17 1 3 4
3 14 12 2 3 5 7 4 1 6
11 20 3 4 12 16 13 13 1 12
5 1 3 2 4 5 2 6 6 2
11 24 3 3 6 19 6 6 8 13
3 6 6 27 7 8 5 2 10 3
3 12 5 0 2 0 17 3 4 12
8 9 2 6 12 1 2 2 16 27
3 4 7 7 5 3 9 2 10 8
15 4 13 10 9 4 8 2 8 2
3 3 0 6 4 2 2 6 0 1
4 7 18 14 8 12 3 7 3 14
1 4 11 1 4 3 1 2 10 13
2 4 3 7 20 4 1 6 8 10
13 7 12 14 16 13 15 9 4 2
10 7 9 4 9 8 6 10 2 1
0 3 1 2 8 8 1 7 4 4
9 4 6 6 0 1 4 1 4 3
13 8 11 23 10 10 14 14 4 8
6 3 6 11 1 8 2 6 9 1
13 31 2 6 1 7 6 2 8 8
4 1 18 1 8 3 5 10 7 7
11 18 12 8 20 5 1 5 15 0
11 5 6 6 6 15 17 14 9 2
1 1 16 1 17 4 4 4 4 8
5 5 3 13 11 10 1 4 2 4
3 4 3 10 4 12 9 17 1 1
3 4 19 1 12 7 18 1 4 5
15 15 10 1 4 12 3 6 2 7
6 1 1 14 3 4 5 1 14 2
12 2 16 18 20 4 4 2 3 11
9 2 8 0 4 2 0 7 8 4
4 9 7 8 5 2 6 2 2 13
1 2 3 3 2 10 3 10 1 11
4 0 0 2 3 3 8 3 1 0
6 4 2 5 4 5 1 5 6 4
3 9 19 6 11 10 8 7 9 4
1 7 6 8 10 6 10 10 1 3
10 3 6 11 24 2 3 13 13 5
16 20 3 12 9 7 1 7 1 0
0 6 8 8 0 5 2 0 3 2
17 6 3 3 2 5 1 2 12 14
5 11 2 3 14 7 13 12 13 16
4 11 2 6 11 12 10 7 2 10
8 2 11 3 7 11 11 2 7 15
5 7 9 5 0 2 4 7 11 13
20 3 1 2 9 4 6 1 3 10
3 6 5 9 6 1 3 2 3 3
8 5 4 0 4 9 6 10 10 18
1 9 11 0 3 15 11 2 3 1
2 4 9 9 7 13 10 1 4 9
18 3 15 0 1 1 2 8 8 0
7 0 1 3 0 5 11 7 1 5
11 5 14 4 2 5 4 1 11 1
1 0 3 7 4 4 7 2 1 3
3 2 16 13 9 9 7 8 6 3
3 11 13 7 14 8 8 2 17 12
2 1 0 17 5 5 8 0 11 25
8 2 5 18 2 6 17 24 5 10
11 1 2 14 17 2 11 2 12 17
13 2 5 9 0 8 1 1 4 7
4 0 9 23 5 9 8 11 4 3
8 0 9 9 5 5 3 7 9 13
15 4 24 0 18 8 3 13 13 1
2 1 10 6 6 3 9 10 13 15
4 13 10 0 4 9 16 1 0 11
2 3 1 6 7 3 7 1 3 3
10 7 12 6 8 8 3 11 15 11
6 10 13 5 7 28 3 18 2 2
7 7 2 9 0 8 1 5 5 7
15 1 4 9 3 18 0 24 8 14
16 1 16 2 8 4 5 7 4 4
17 11 1 3 11 0 20 9 10 5
21 3 12 5 3 11 9 8 5 22
22 8 1 23 4 4 6 1 17 8
2 8 17 11 3 3 5 6 4 16
16 14 14 5 18 5 19 2 9 10
30 9 3 2 0 3 3 3 12 1
14 17 5 3 22 3 7 15 7 1
12 2 3 1 6 13 1 17 12 5
6 4 1 10 6 10 3 8 9 10
5 7 3 3 1 2 0 1 6 2
4 3 6 10 8 7 9 10 18 2
1 13 4 11 9 1 11 14 3 1
4 4 5 3 2 4 0 5 1 1
3 2 6 5 10 11 6 8 3 14
12 1 8 10 9 3 10 14 10 18
1 2 15 3 7 9 16 1 6 3
0 3 4 0 4 4 7 0 3 4
1 1 5 3 1 5 20 13 5 8
4 7 8 8 3 23 19 3 15 3
10 9 2 4 1 0 2 4 3 11
0 7 11 4 1 7 19 7 2 1
9 8 3 15 4 7 12 9 8 20
3 14 1 10 10 18 2 8 11 10
2 6 10 3 8 2 1 5 11 1
19 17 12 6 1 10 3 8 3 12
0 12 8 4 5 5 0 5 9 7
4 10 10 10 16 8 2 11 1 9
4 5 7 3 4 1 8 18 14 17
4 9 10 2 3 8 8 3 9 5
5 3 9 5 2 2 3 1 3 4
1 3 5 4 1 3 3 4 1 4
9 2 5 14 3 16 10 1 4 12
4 7 1 4 6 0 4 2 1 5
6 2 6 4 3 2 10 12 12 5
2 9 17 15 10 24 9 1 4 1
16 13 3 6 17 10 20 9 7 11
4 1 8 2 1 6 15 4 13 12
10 2 5 8 1 2 4 4 1 3
5 6 2 1 5 4 1 2 1 4
12 0 11 6 2 14 1 2 9 6
0 8 0 13 3 1 4 8 6 4
1 1 3 5 11 2 3 5 3 5
5 1 20 14 5 9 9 1 11 2
6 2 8 4 4 7 1 9 3 0
9 1 18 7 6 1 7 27 2 17
3 17 4 7 10 6 6 17 18 9
1 2 10 12 3 5 4 5 8 4
0 11 5 3 17 6 2 1 6 23
17 3 16 5 3 19 7 8 2 21
16 9 3 2 2 6 22 16 14 13
7 3 8 8 2 6 1 1 7 4
1 8 1 2 3 0 3 5 1 3
6 7 0 5 2 8 4 6 3 2
3 1 9 6 5 2 3 3 4 8
6 14 7 6 9 2 4 24 3 7
14 8 7 1 1 15 11 1 7 23
10 12 4 4 1 8 5 2 1 4
1 3 0 0 6 16 2 5 7 4
2 8 14 11 1 10 9 6 1 2
4 7 6 5 6 3 2 4 3 12
4 2 4 4 4 1 2 6 4 4
20 4 1 26 11 3 5 11 11 1
12 1 20 12 3 6 4 4 9 20
3 2 4 5 8 8 1 5 7 1
23 2 20 6 2 4 7 12 9 14
0 1 10 3 7 0 6 11 19 4
16 2 11 10 9 7 0 1 2 4
18 7 14 7 9 6 1 15 1 6
5 17 4 9 9 1 5 7 5 0
1 1 5 3 4 2 2 6 3 4
6 12 1 13 12 7 2 1 7 7
18 7 1 7 0 10 6 9 2 7
4 2 1 25 8 16 4 6 8 2
27 1 6 3 5 7 1 9 14 16
8 3 1 3 7 7 6 2 2 7
10 8 0 5 4 9 11 11 1 29
23 4 16 4 11 5 7 4 7 1
1 3 0 5 2 2 1 8 2 1
6 4 5 5 5 16 1 9 3 10
3 11 2 19 12 10 9 7 16 8
26 3 1 7 3 0 4 1 2 18
11 2 16 4 13 15 20 6 0 6
6 5 0 1 9 4 2 2 3 2
5 14 6 4 2 20 3 6 21 19
11 4 10 2 2 0 5 5 0 5
6 2 2 1 4 3 1 6 4 5
1 6 5 7 7 5 0 7 4 1
0 4 2 7 10 15 13 5 1 0
0 1 5 6 8 1 5 5 2 3
3 5 2 9 9 5 1 8 5 7
2 9 5 10 3 4 14 4 12 14
0 5 2 0 14 5 10 7 8 8
10 3 5 5 2 9 3 1 3 3
4 3 4 6 6 3 0 9 2 3
14 0 7 7 2 8 8 9 12 1
1 3 3 8 6 5 2 0 1 0
0 1 2 5 0 8 13 14 13 5
15 8 3 7 17 0 7 4 4 2
7 1 5 2 16 12 3 5 10 22
5 2 7 4 6 2 1 6 0 2
6 18 13 7 4 9 5 15 1 9
2 7 12 1 5 8 23 21 3 13
1 0 1 5 7 1 5 11 7 4
13 0 8 4 0 7 6 6 3 7
3 8 3 3 3 3 6 4 6 6
9 0 0 6 8 7 5 1 13 1
6 0 2 5 1 6 8 8 3 3
8 11 11 7 22 14 15 3 1 1
0 3 11 2 1 3 12 4 2 0
6 15 9 6 5 1 5 7 7 10
7 1 10 4 4 3 4 15 1 9
11 3 2 7 1 10 5 2 6 1
4 8 0 8 2 2 9 10 0 9
5 7 3 4 0 2 8 1 2 2
0 0 10 2 4 10 10 5 4 12
9 1 3 7 1 6 3 0 4 2
8 14 7 3 6 18 23 6 5 2
0 3 0 0 5 11 2 10 3 6
5 28 4 6 4 25 2 7 5 2
16 5 9 8 8 17 7 14 2 8
2 4 10 5 10 7 7 8 2 2
18 11 8 11 11 7 4 0 11 2
0 1 5 4 2 3 6 3 4 1
2 2 1 4 0 4 4 2 0 7
9 6 2 8 1 9 13 0 3 2
3 9 5 3 0 13 14 14 4 14
8 11 2 2 9 0 16 18 9 17
6 6 6 20 3 6 6 10 1 9
15 19 7 10 3 7 1 14 2 2
1 22 21 5 4 5 7 3 3 8
1 9 1 2 2 3 1 4 3 5
12 2 15 18 14 10 6 10 5 4
12 5 12 11 19 2 14 7 13 14
6 6 5 2 7 9 6 1 22 6
2 5 5 5 1 0 2 1 1 5
16 7 3 4 11 3 3 10 3 4
18 2 3 4 3 10 9 2 2 0
7 16 23 23 1 1 6 11 3 7
9 18 9 7 12 4 3 9 6 22
14 10 1 3 1 1 29 7 14 8
25 3 17 19 5 9 0 3 11 6
9 2 7 6 8 2 3 2 13 8
13 3 0 18 8 5 10 0 18 16
4 3 5 3 1 5 12 3 8 10
2 3 12 12 6 6 4 5 4 0
1 28 1 3 10 8 10 13 6 6
8 9 9 2 35 2 8 3 6 0
18 11 3 8 10 9 2 9 14 7
3 1 4 2 6 3 1 0 6 6
9 9 11 6 8 20 1 14 3 4
7 1 3 4 0 5 2 2 1 1
5 1 4 5 7 4 7 3 5 7
17 9 1 7 12 18 6 0 11 9
7 3 5 1 1 1 12 23 2 15
7 2 1 4 1 1 5 2 8 1
2 1 4 6 17 15 6 1 12 26
5 4 1 1 6 7 13 14 8 5
1 7 12 10 0 2 6 1 2 17
1 7 4 6 5 4 3 2 6 2
6 7 2 6 6 4 4 0 3 1
20 12 5 3 14 6 5 2 0 16
7 9 7 3 6 6 12 2 8 26
20 9 2 8 8 7 7 1 7 8
5 2 1 2 1 0 2 1 0 9
14 15 9 7 15 1 6 3 3 16
2 3 9 4 2 3 8 1 8 3
2 3 1 4 1 4 2 6 3 4
11 1 6 2 8 1 10 20 3 10
7 4 13 0 6 12 0 14 4 16
2 6 0 14 12 1 6 3 0 10
15 15 6 9 18 1 15 7 12 14
6 7 2 11 6 0 11 5 4 2
15 6 1 10 7 3 0 4 6 9
7 19 0 8 2 1 7 12 2 16
13 14 4 4 6 1 6 5 4 8
11 17 8 20 4 12 10 1 18 3
7 7 5 16 3 2 3 3 6 4
8 3 6 4 3 4 0 7 8 9
23 2 6 9 3 7 2 19 7 1
4 3 10 3 8 13 6 18 1 19
5 1 14 2 21 8 12 1 21 0
10 3 28 6 4 9 12 1 3 2
3 21 1 2 18 12 17 4 8 6
7 6 0 3 3 6 9 2 1 3
2 1 8 1 5 3 1 4 11 4
9 16 8 8 2 4 19 5 0 14
5 1 10 1 1 6 4 16 5 9
11 7 2 0 9 5 0 8 2 0
3 3 2 1 9 1 9 11 6 9
3 14 3 7 7 10 11 1 17 9
3 5 1 4 4 3 1 1 4 5
3 3 2 1 11 7 2 14 0 3
6 4 4 7 5 3 1 3 4 4
1 1 0 16 1 5 0 2 6 5
4 4 9 8 4 0 11 4 2 2
7 3 2 2 2 6 8 21 8 7
2 17 8 14 3 3 6 7 3 2
19 13 20 0 8 10 11 3 7 3
15 0 16 7 12 2 9 10 3 7
4 8 7 0 7 1 3 2 1 7
15 17 3 12 12 1 1 25 4 4
11 12 11 12 13 1 27 7 4 2
1 10 1 2 9 2 2 4 14 4
4 4 2 5 2 2 1 7 14 6
12 14 12 2 7 14 1 1 13 2
5 2 2 3 6 3 1 1 3 7
3 2 15 2 7 12 0 2 4 12
2 0 3 11 3 5 4 4 4 8
2 3 1 11 2 5 2 32 3 5
24 12 4 5 15 15 4 15 9 5
1 6 2 9 4 10 10 22 4 10
3 2 11 7 3 15 20 1 0 6
2 3 6 7 1 0 2 3 1 1
11 0 11 3 9 21 14 4 6 4
2 6 13 15 2 7 17 7 3 11
9 2 22 4 6 16 24 2 8 6
1 2 8 1 7 11 6 0 4 4
1 7 2 2 3 1 2 1 6 6
9 10 4 3 12 10 10 12 5 29
1 1 4 2 4 4 3 6 1 1
9 5 8 9 2 13 9 4 5 5
7 7 1 12 6 3 11 7 4 7
3 10 1 9 8 1 1 9 9 13
4 3 4 0 3 1 6 2 1 3
0 16 1 10 11 1 1 8 4 6
1 6 5 2 0 2 4 2 4 7
5 0 5 3 4 0 5 1 0 4
6 5 11 14 15 3 4 4 2 16
10 5 4 21 2 1 4 2 6 23
4 13 3 3 13 2 1 5 3 2
9 3 8 8 12 1 6 0 10 7
3 8 10 8 23 5 3 11 11 12
10 19 12 5 18 14 5 2 5 6
5 2 8 3 4 5 5 6 6 4
8 15 7 7 15 13 4 6 7 3
3 4 3 6 3 9 2 1 3 3
1 6 11 13 7 3 0 9 12 0
0 2 2 2 1 1 7 5 2 5
0 9 12 8 3 1 13 14 1 22
2 3 2 2 1 6 3 9 6 5
11 1 13 15 7 2 23 7 16 5
1 2 2 4 2 4 6 5 1 3
0 0 0 18 3 6 19 8 12 6
10 1 13 2 2 1 6 6 14 3
0 9 2 11 1 6 0 5 13 7
2 5 1 0 6 0 6 0 4 8
19 17 9 5 8 12 1 0 20 12
1 2 21 1 12 13 1 8 4 6
2 10 5 9 3 3 5 1 4 9
14 22 5 13 8 3 12 14 13 2
11 7 1 17 9 13 8 6 9 11
4 11 19 5 7 8 2 1 9 6
1 4 5 9 3 3 5 9 14 3
13 3 13 16 13 7 20 10 4 10
16 8 6 11 3 13 5 8 3 4
7 6 1 6 5 7 10 0 3 10
1 3 3 0 9 7 1 2 8 1
15 6 4 14 1 5 6 7 4 2
6 5 10 6 8 1 16 13 3 9
7 8 8 11 1 4 9 0 9 9
5 4 0 0 7 2 4 3 6 0
11 15 2 1 1 12 10 28 9 3
14 12 11 16 17 1 13 0 1 15
3 4 4 4 5 12 2 12 3 6
6 6 0 1 5 1 6 3 3 1
10 9 2 6 6 10 4 5 3 7
2 1 2 3 1 1 3 1 5 9
9 2 7 1 16 5 6 4 12 6
3 0 2 2 1 3 1 0 2 10
2 11 20 7 5 3 3 12 2 0
1 7 1 1 12 0 1 5 1 2
10 5 5 8 12 14 10 10 4 18
9 5 1 8 5 13 3 0 26 7
17 3 7 2 9 10 14 3 12 2
8 1 19 3 4 12 6 15 1 7
8 1 6 8 1 5 12 4 2 4
15 5 11 5 7 0 13 11 8 11
5 6 11 5 1 14 8 2 14 3
2 5 3 6 5 4 0 2 1 0
4 17 9 5 2 14 7 3 7 5
8 8 3 16 10 8 4 6 25 17
1 4 2 5 2 7 5 8 4 4
7 3 3 6 2 2 2 5 1 5
5 1 2 7 8 1 29 1 17 5
1 3 2 1 2 1 3 11 8 0
13 7 11 18 2 16 7 1 7 13
0 6 11 11 7 26 13 2 3 2
8 3 1 7 13 10 7 5 10 12
4 1 13 11 10 5 3 5 9 18
1 4 3 4 3 12 4 15 3 10
15 26 2 5 18 3 6 1 2 2
1 12 1 13 4 10 23 5 4 8
17 5 16 12 5 6 5 6 13 1
9 0 13 11 6 3 10 8 5 12
16 7 6 3 9 6 9 6 22 6
22 7 1 7 6 5 8 22 0 6
1 11 14 0 3 4 1 7 0 9
4 5 17 19 17 7 14 15 6 0
8 9 21 11 3 4 7 15 4 4
14 10 0 10 17 3 10 12 14 7
9 12 6 10 11 1 1 3 1 5
12 1 6 3 18 4 12 14 8 10
6 6 14 23 14 5 2 13 15 8
7 1 3 15 4 0 12 12 4 6
15 7 14 9 12 19 4 19 3 7
3 23 4 7 18 7 9 12 16 6
0 3 2 0 1 2 14 4 5 7
17 10 8 29 12 1 10 1 6 0
14 2 8 4 4 15 2 9 10 6
9 0 7 1 2 3 2 2 1 0
24 9 10 3 14 6 16 6 13 6
3 11 1 2 3 4 6 6 9 5
3 14 10 8 3 0 0 1 1 3
8 13 2 2 2 2 4 2 0 2
6 0 4 0 6 8 1 6 1 5
3 7 2 13 4 9 3 11 0 2
4 2 13 3 1 6 0 4 1 9
12 14 6 8 7 1 16 1 16 16
6 1 11 12 0 1 3 1 6 0
7 4 0 5 2 6 2 6 10 7
7 0 1 2 2 3 8 2 1 5
2 14 11 2 1 3 3 14 4 14
6 4 6 5 1 17 5 10 13 3
8 1 7 2 8 5 6 26 10 9
2 7 9 7 16 14 7 1 11 14
1 15 3 12 6 2 15 10 9 7
3 5 9 19 11 4 12 9 25 10
0 3 5 0 7 4 19 15 11 1
11 6 12 5 8 4 26 5 21 6
4 1 4 3 6 3 5 1 0 3
9 4 3 23 4 3 23 8 15 4
16 2 15 0 7 7 2 5 13 3
1 3 14 11 6 2 7 22 7 1
14 4 9 0 2 0 3 5 6 4
4 9 8 8 6 9 13 8 6 1
6 3 6 1 5 6 8 6 15 5
8 18 13 1 9 2 6 5 8 8
13 6 2 4 4 0 1 4 9 6
11 4 6 5 5 3 16 16 12 9
2 2 7 15 15 11 5 19 5 12
11 1 22 15 5 8 7 3 3 8
2 5 0 7 3 5 8 6 7 6
6 3 6 6 1 4 8 5 6 3
5 2 4 9 5 5 1 2 4 13
4 11 3 0 10 2 2 18 14 17
8 10 8 14 5 14 9 2 9 3
1 2 1 1 10 5 3 8 3 7
4 10 10 13 11 16 2 6 0 14
6 6 7 15 1 2 12 4 17 21
6 3 8 4 10 6 5 5 19 0
3 6 4 1 8 1 9 3 7 4
4 2 1 9 2 8 15 15 0 7
14 17 5 1 6 5 10 12 6 12
1 0 6 7 9 3 5 6 9 2
2 9 7 6 12 1 10 8 4 7
9 4 5 4 1 4 13 1 1 12
1 7 5 7 3 4 3 4 9 2
2 14 4 6 5 19 23 1 2 9
3 2 11 2 2 1 13 25 11 13
1 1 2 6 1 3 5 4 1 4
4 1 9 15 7 2 9 14 11 2
14 12 1 10 5 7 5 3 6 9
7 14 15 4 4 0 7 1 14 7
2 3 2 5 6 2 5 3 6 4
0 4 1 6 3 1 2 3 4 5
1 1 12 11 9 1 18 5 13 13
1 4 7 4 3 4 4 3 3 1
5 3 0 2 2 21 0 0 1 11
4 12 7 4 7 0 0 4 2 7
12 9 18 5 21 15 13 7 9 6
1 7 15 3 8 2 5 3 10 1
3 2 2 6 4 2 2 4 3 0
13 9 0 11 4 16 16 3 12 18
23 2 1 10 0 3 15 9 4 5
4 22 3 16 7 5 2 5 14 19
3 7 2 5 3 4 7 5 12 9
1 3 1 4 4 0 2 0 8 3
1 7 1 6 1 3 2 5 6 14
0 2 3 5 2 6 2 10 2 4
3 3 7 6 1 3 5 1 5 7
7 4 8 17 3 6 14 14 6 2
3 3 1 2 4 4 2 8 3 3
12 11 16 8 1 2 8 25 7 4
7 8 5 7 3 4 2 2 5 8
2 2 15 8 11 22 13 2 11 7
24 8 14 11 1 8 6 15 9 7
13 16 24 3 3 4 14 10 8 7
19 7 4 14 1 3 21 8 15 6
4 5 2 3 0 12 8 2 4 1
1 11 7 1 2 9 1 0 1 9
5 9 13 5 3 10 22 2 12 22
2 14 3 4 4 18 3 2 6 2
2 3 4 19 8 1 3 12 0 17
1 1 7 3 19 8 2 8 7 6
11 3 6 0 9 10 9 2 6 7
7 8 8 10 7 10 3 11 7 12
18 2 4 3 5 19 1 1 5 28
7 3 2 1 1 3 8 4 2 6
6 11 7 5 11 5 17 3 5 22
1 5 17 6 9 5 1 1 2 5
0 12 1 11 8 1 9 15 1 2
3 4 21 3 0 1 24 12 17 7
0 0 11 2 1 5 5 5 13 7
3 1 9 1 8 11 9 11 4 7
3 2 8 1 2 1 11 6 13 3
4 18 2 1 4 1 7 2 1 8
7 2 7 3 11 13 0 5 2 6
3 9 1 10 1 5 11 4 1 6
7 3 3 0 13 3 5 1 9 13
8 5 1 1 7 8 7 0 1 1
14 9 2 13 6 7 2 0 2 15
0 5 1 22 15 6 4 8 11 14
1 3 1 6 2 8 2 10 5 7
7 6 11 10 4 0 12 4 12 3
10 13 18 11 13 18 1 5 1 6
1 10 13 11 13 4 2 6 3 15
3 2 3 6 5 5 5 0 5 9
17 17 16 1 2 1 2 13 10 6
9 18 7 10 4 1 18 2 9 4
18 6 3 2 11 10 1 7 11 17
7 6 3 9 6 9 1 1 13 11
4 3 7 13 25 3 10 16 5 9
14 13 6 5 16 5 15 7 5 7
3 7 5 7 3 8 2 1 5 9
0 2 5 0 4 6 7 3 0 1
20 14 4 6 9 2 1 6 10 2
7 6 7 2 9 5 6 6 1 7
6 11 2 18 7 5 0 4 1 2
1 5 8 13 18 7 19 0 7 6
1 0 2 6 7 2 0 12 7 1
1 3 2 4 2 10 3 0 4 6
8 12 24 10 10 4 7 20 4 8
4 9 2 0 0 5 11 4 5 6
5 5 2 4 9 4 2 2 4 3
8 1 9 7 17 1 7 1 2 10
3 4 2 3 6 11 6 4 11 7
15 1 6 12 11 4 12 3 15 5
11 3 5 1 17 1 1 10 22 8
4 4 2 9 13 12 1 2 3 0
7 6 2 4 13 7 4 5 0 5
6 0 3 1 0 11 2 3 6 3
12 9 7 1 5 4 18 5 14 4
16 10 14 9 14 4 25 5 7 1
10 7 1 24 18 4 10 12 8 11
2 4 1 4 8 12 16 5 5 8
6 1 3 1 5 2 2 0 5 6
5 11 3 1 10 0 2 3 2 3
9 14 20 14 17 2 3 10 14 10
12 16 10 5 8 0 7 5 9 3
7 5 4 4 26 7 14 3 9 16
4 3 7 3 0 11 22 5 6 3
1 11 4 3 8 3 10 2 1 12
1 2 4 3 5 0 3 2 5 7
22 6 3 1 16 3 0 2 3 9
17 16 18 3 0 17 10 5 1 7
5 7 5 1 10 6 3 1 1 4
12 5 5 11 2 8 3 4 5 1
14 6 15 2 15 18 2 15 14 4
2 6 3 5 5 3 10 16 7 7
1 10 1 6 1 5 2 3 1 11
2 11 9 1 8 4 11 14 2 2
8 6 9 11 5 5 3 0 3 4
0 1 2 0 8 8 1 6 9 16
0 7 2 1 10 10 15 4 6 23
4 7 4 4 0 2 3 8 8 3
5 9 18 10 4 2 0 9 5 6
3 7 7 0 5 13 7 7 9 11
0 12 0 6 13 14 4 2 5 29
0 2 1 3 1 9 3 4 0 11
12 8 7 7 10 26 7 7 10 13
7 7 8 0 1 4 0 7 0 1
2 6 2 3 4 8 4 9 6 18
2 1 5 0 3 9 3 6 3 4
9 16 4 4 17 10 12 0 5 16
4 5 9 6 2 10 1 7 8 10
5 2 1 5 2 8 5 0 1 3
8 1 2 1 8 3 1 10 11 4
6 4 12 15 7 12 2 13 1 17
0 8 1 2 3 6 4 3 4 2
0 2 1 5 3 6 8 9 0 11
4 0 2 6 10 11 2 6 8 2
8 0 1 0 1 11 8 7 6 1
5 5 1 10 7 7 6 3 3 3
7 7 10 4 6 4 11 9 10 3
5 15 12 1 5 0 0 4 7 2
4 9 26 0 4 5 3 4 0 13
9 6 15 5 4 10 10 3 13 9
0 6 4 4 1 14 2 4 3 0
1 2 2 2 5 1 4 8 0 3
21 6 7 16 8 3 5 10 4 3
2 7 4 2 3 2 2 0 4 7
1 2 6 8 7 13 1 6 0 11
3 6 7 1 1 6 8 11 4 3
5 3 4 1 0 5 3 0 1 4
0 7 6 32 11 4 7 2 4 2
12 5 8 18 5 7 4 8 6 5
19 3 11 8 14 4 3 3 1 8
2 3 6 6 2 6 8 2 0 6
1 1 2 16 11 18 16 9 4 2
2 22 8 8 14 5 8 0 11 12
0 13 2 3 9 2 1 4 1 11
0 1 0 7 1 7 2 4 4 7
3 1 12 4 7 4 6 8 1 0
9 2 8 4 7 2 4 2 8 7
13 0 8 2 1 1 10 5 13 2
1 1 12 6 8 19 1 2 17 2
7 2 1 8 1 2 7 4 7 1
4 12 13 16 7 5 7 0 1 0
6 0 1 6 3 5 7 1 4 1
5 4 3 0 9 0 0 0 7 2
6 9 22 5 6 14 5 4 12 2
6 1 0 2 7 3 10 5 6 4
7 0 4 5 12 11 3 2 2 3
12 2 6 5 14 8 7 7 11 6
8 3 4 2 3 8 2 3 6 3
5 0 5 1 5 5 1 1 3 0
6 8 4 17 2 4 9 5 14 6
3 0 14 4 5 1 1 3 5 5
2 2 4 2 5 3 10 2 2 2
10 5 14 9 24 8 3 11 4 7
0 4 3 6 3 1 5 0 0 7
8 12 12 3 16 18 1 7 3 20
5 0 2 8 8 12 1 5 4 2
6 1 8 7 27 16 9 7 12 12
3 2 8 14 15 5 20 20 11 1
4 4 6 2 6 3 6 0 6 0
16 8 0 2 5 9 1 4 1 1
1 4 7 0 3 10 3 6 3 3
7 2 1 3 11 7 4 2 5 4
4 2 4 5 0 1 6 4 1 3
5 0 16 4 9 8 2 17 4 10
9 1 1 19 5 8 8 6 3 16
10 3 5 17 5 20 10 2 3 0
3 7 1 0 2 5 3 4 2 2
15 15 1 10 16 12 4 3 8 19
7 9 10 11 12 5 19 4 3 12
10 18 7 10 1 11 19 0 3 1
3 9 0 1 0 4 11 3 7 4
16 3 4 4 21 3 3 1 25 8
10 5 10 9 1 15 5 2 2 3
8 5 4 5 5 2 4 3 5 2
0 8 4 8 7 5 14 7 21 6
5 9 18 16 14 9 3 2 6 12
17 2 1 4 4 18 2 3 8 17
7 2 19 14 5 4 0 13 19 5
12 3 9 3 1 1 2 1 7 9
17 7 2 11 12 7 10 3 6 8
0 3 1 5 9 4 3 4 7 5
1 2 13 19 9 17 2 0 12 3
1 19 3 9 21 1 5 12 8 10
13 16 24 8 3 10 4 4 7 15
10 1 10 7 7 13 5 2 6 0
4 6 10 1 0 16 3 5 0 24
14 17 1 17 12 7 9 2 7 10
5 5 0 4 9 3 7 1 1 2
3 2 14 2 7 13 14 7 9 8
1 6 1 8 4 5 5 2 7 2
8 4 6 5 8 12 18 2 11 11
16 13 15 11 6 12 7 12 10 12
7 0 11 21 15 1 4 2 19 5
8 5 2 10 8 8 10 20 0 8
7 3 7 14 3 11 14 10 20 7
3 5 6 0 1 3 0 4 4 1
2 1 7 7 5 4 3 1 6 8
5 15 18 2 10 8 0 8 21 2
0 13 1 4 2 1 20 11 10 1
2 8 2 4 4 6 1 1 6 8
4 2 23 4 8 7 11 3 1 22
4 1 2 6 5 4 12 7 7 1
4 10 6 4 18 4 6 22 10 8
4 2 2 12 0 1 2 1 2 1
5 11 7 20 1 1 2 5 3 6
5 4 9 1 1 8 1 1 3 0
4 9 1 3 3 2 0 2 0 2
3 6 2 2 1 1 8 2 6 2
5 5 17 3 9 12 11 7 4 10
8 14 12 13 0 6 14 2 13 12
18 3 8 3 2 15 15 5 5 7
0 7 2 3 10 17 12 11 6 16
6 10 11 6 3 10 7 3 10 7
1 3 12 8 20 15 8 2 10 6
0 5 11 2 3 2 4 12 8 7
8 3 5 11 7 4 2 2 4 4
5 1 0 2 8 1 3 4 7 6
2 2 1 1 2 5 5 0 6 3
5 9 6 6 12 6 1 4 2 1
3 4 11 3 2 5 6 4 4 5
9 1 6 0 2 3 1 3 14 3
1 1 3 0 3 3 8 1 2 2
3 2 1 9 27 7 13 2 6 8
5 3 6 3 10 0 4 15 0 4
4 10 8 8 1 3 1 8 2 11
2 22 8 5 15 3 17 11 16 5
7 9 11 9 7 6 6 4 15 2
5 2 2 7 4 2 2 3 2 3
6 2 8 4 0 1 7 1 5 1
1 5 5 1 11 3 4 1 6 10
8 10 9 1 21 10 3 6 3 4
7 4 1 0 10 6 4 5 2 10
3 9 1 9 16 21 1 21 2 1
2 7 2 12 3 1 9 2 0 2
0 6 5 5 7 1 3 3 2 1
1 3 5 1 0 3 1 4 13 8
10 11 9 4 2 1 4 4 6 3
13 8 15 13 10 9 5 8 6 10
6 11 12 7 14 8 2 12 24 5
9 10 0 23 5 9 0 8 4 3
6 0 6 3 1 5 18 1 1 1
3 4 7 3 1 6 7 6 7 7
21 17 2 6 3 4 2 21 4 9
2 15 16 11 5 4 18 3 1 2
10 2 5 13 17 1 9 2 13 8
2 5 14 3 6 2 0 10 0 5
4 10 1 8 15 5 11 3 8 4
6 13 3 2 4 2 2 7 10 8
8 11 6 9 6 7 10 1 8 4
0 6 3 1 11 15 2 6 6 2
0 4 18 4 13 9 22 5 10 4
5 9 7 5 6 0 1 14 14 6
4 4 2 0 2 4 4 6 2 3
10 1 11 11 2 10 3 5 8 8
9 6 9 4 7 11 1 12 10 5
12 17 1 7 17 5 25 4 3 9
10 1 4 7 9 1 12 1 2 2
1 1 13 6 9 16 2 5 9 17
5 2 6 0 2 2 0 1 3 6
2 4 5 16 6 1 3 5 0 18
1 1 0 7 1 4 1 9 3 11
7 12 13 4 0 1 5 11 10 1
5 7 11 18 8 6 4 2 11 2
13 9 12 2 2 5 1 11 5 6
0 0 4 1 1 7 3 0 4 5
3 1 9 1 9 16 16 3 3 5
5 1 13 16 10 0 10 1 10 5
2 10 17 10 23 21 10 4 5 0
2 3 2 9 5 4 2 1 5 2
4 2 4 4 6 8 1 17 6 7
2 7 8 5 0 0 0 5 2 1
6 4 3 4 2 2 5 3 7 8
16 4 3 7 9 5 8 15 21 16
2 7 1 5 1 1 1 1 1 9
8 12 9 19 0 7 17 15 8 7
3 4 1 1 1 4 5 0 6 3
1 94
1 100
2 47
3 35
3 37
3 99
4 62
5 78
6 67
6 86
8 18
8 22
11 32
11 62
13 85
13 97
14 46
15 89
16 70
16 80
17 74
19 108
20 35
20 38
21 38
22 49
24 26
25 42
25 89
25 105
27 78
27 96
28 44
28 78
28 121
28 127
29 98
29 113
30 64
30 120
32 89
32 126
33 94
33 96
33 105
34 72
34 77
34 111
34 116
36 44
36 50
36 58
37 55
38 106
40 53
40 77
40 89
40 108
41 47
42 122
42 141
43 81
43 105
43 136
44 110
44 120
45 79
45 138
46 128
47 67
47 96
47 129
48 64
48 67
48 139
49 77
49 121
50 147
51 88
51 93
52 117
52 129
53 86
53 123
53 142
54 97
55 86
55 110
56 57
57 126
57 139
57 152
57 156
58 139
60 116
60 135
60 152
62 72
63 68
63 119
64 131
64 149
66 72
67 128
67 151
68 121
70 98
70 107
70 136
70 166
71 89
71 133
71 139
73 100
73 102
73 109
73 152
73 159
74 167
75 90
75 95
75 111
76 161
77 86
77 163
78 109
79 95
79 96
79 161
79 173
80 160
81 88
82 86
83 155
84 113
84 159
85 112
85 184
86 121
86 141
87 97
87 122
87 168
87 174
88 92
88 99
89 145
89 170
90 106
90 147
90 160
91 162
91 186
92 102
92 108
93 169
93 181
94 95
95 96
95 147
95 167
96 145
96 148
96 151
97 101
97 132
97 196
97 197
99 193
100 109
100 123
100 175
100 177
100 196
100 197
101 145
102 112
103 149
104 142
106 127
106 143
107 159
107 168
107 169
107 171
108 132
108 149
108 154
108 161
109 139
110 203
113 198
114 156
114 172
114 179
115 130
115 212
116 150
117 129
117 130
117 182
118 153
118 188
118 216
119 146
119 204
120 165
120 191
121 133
121 204
122 179
122 201
123 171
124 134
124 158
124 168
124 184
124 211
125 198
125 217
126 149
126 152
126 218
129 215
129 217
131 135
134 178
134 216
136 171
136 208
136 219
137 198
137 209
138 205
139 209
140 164
140 195
140 204
141 201
141 228
141 230
142 211
142 223
143 222
144 182
145 174
146 166
146 184
147 206
148 163
149 227
149 244
150 225
151 225
153 167
154 200
155 163
155 189
155 252
156 158
156 199
156 212
157 169
158 174
158 185
158 220
158 234
158 248
159 222
160 182
160 188
160 214
160 217
160 239
162 196
162 199
162 251
163 224
164 171
165 185
165 190
166 188
166 196
166 248
166 256
166 258
169 235
169 262
170 218
171 232
171 242
171 257
172 186
176 241
178 236
179 198
179 213
180 191
180 270
181 198
182 213
182 214
182 234
182 282
183 223
183 264
183 271
184 264
184 273
185 188
185 215
185 228
186 230
186 241
186 253
186 286
188 237
188 285
189 216
189 224
190 290
191 211
191 237
191 265
191 291
192 212
192 243
192 261
194 208
194 239
194 253
194 262
195 221
195 227
195 238
195 289
195 295
196 240
196 276
198 228
198 232
198 282
199 200
199 249
199 289
199 297
201 230
202 227
202 243
202 262
207 241
207 274
207 280
207 297
209 234
210 213
210 233
210 249
210 275
210 294
211 267
212 302
213 299
214 262
214 267
215 272
216 296
216 311
217 227
218 256
220 244
220 249
220 305
221 257
222 270
222 306
224 317
225 237
226 256
227 248
228 277
231 280
231 298
231 328
232 304
233 268
234 251
234 312
234 321
235 271
235 278
235 320
235 324
236 256
236 273
236 331
237 308
238 266
239 299
240 247
241 311
242 327
242 336
244 258
245 281
245 291
245 294
245 308
246 298
247 253
247 304
249 266
249 309
253 268
253 280
253 281
254 261
254 350
256 354
257 339
258 267
258 327
258 358
259 264
259 339
260 332
261 298
262 358
263 282
265 288
265 303
266 267
267 291
267 296
268 288
269 302
270 304
270 356
271 278
271 291
271 299
271 316
271 364
271 369
272 285
272 309
272 353
274 306
275 331
275 362
277 338
277 372
278 344
279 311
279 316
279 362
280 298
280 315
280 374
281 326
281 341
281 347
281 374
282 287
282 335
282 342
283 291
283 340
283 357
284 296
284 365
285 347
285 360
285 364
286 384
286 385
287 378
288 358
289 322
289 325
289 330
289 336
289 364
289 369
290 321
290 361
291 331
292 296
292 346
292 378
294 318
294 387
298 341
298 354
298 398
299 305
299 344
299 375
300 353
301 359
301 393
304 377
305 372
305 377
306 367
306 382
307 330
307 396
307 405
308 398
312 396
313 331
313 384
313 398
313 413
314 385
315 330
315 339
315 402
315 408
318 345
318 410
319 348
320 331
322 334
323 362
323 419
324 385
327 330
328 356
328 413
330 357
330 364
330 389
330 413
330 416
331 415
332 388
333 418
333 430
334 344
334 401
336 352
336 416
336 431
337 357
337 402
337 409
338 343
338 416
339 346
339 368
339 406
340 344
341 422
342 361
343 355
346 388
348 364
348 401
348 406
349 351
349 372
350 430
350 444
351 404
351 412
352 374
352 380
352 388
352 396
352 418
353 446
354 384
354 396
355 429
357 369
357 438
358 449
359 400
361 366
361 413
361 437
361 447
362 389
363 409
363 435
364 367
364 395
364 443
364 463
367 382
367 383
368 377
368 414
369 415
369 448
370 384
370 462
371 393
371 415
372 384
373 432
375 457
376 402
376 432
376 446
377 414
378 410
378 439
379 386
380 407
380 430
381 402
381 407
384 459
385 399
386 411
386 472
387 441
387 463
389 481
390 414
390 476
391 405
391 412
392 396
392 403
392 447
394 460
395 423
395 436
396 482
396 489
397 431
397 443
397 457
399 419
399 425
399 448
399 451
399 494
399 497
400 443
401 410
401 459
402 454
403 405
404 461
405 421
405 432
406 472
407 427
407 498
408 428
408 499
410 456
412 432
412 471
412 491
413 430
413 433
413 448
413 458
413 472
413 498
414 461
414 476
415 451
415 460
415 462
415 478
415 513
416 425
416 471
416 472
417 515
418 437
418 441
418 467
419 508
420 428
423 435
423 460
423 468
423 469
423 483
423 521
424 441
424 443
424 480
424 521
425 465
426 436
426 458
426 463
427 446
428 482
429 477
429 506
430 459
431 521
434 482
434 503
435 515
436 449
436 527
437 463
437 477
437 486
438 461
438 533
439 456
441 486
441 519
441 530
443 488
443 504
443 513
443 516
444 456
444 538
445 449
445 516
445 542
447 523
447 546
448 471
448 538
449 464
449 471
449 478
449 490
451 519
451 543
452 509
452 536
452 547
453 484
453 486
453 550
455 469
456 472
456 475
457 491
457 551
458 470
458 518
458 521
459 539
459 551
460 476
461 518
461 531
461 533
462 471
463 476
463 492
463 553
464 480
465 565
466 476
466 502
467 476
468 538
469 472
469 569
470 555
471 517
471 566
472 480
472 520
473 516
473 556
474 483
474 531
475 501
475 502
475 534
476 494
476 549
477 497
477 576
478 513
478 556
478 559
479 516
480 501
480 516
481 512
481 558
483 504
483 556
484 508
485 515
485 572
485 579
486 501
486 527
488 535
489 500
490 494
490 543
490 544
491 501
491 513
491 558
491 586
492 582
492 592
493 535
493 576
494 501
495 563
495 568
496 536
497 528
497 540
497 581
498 547
498 585
498 595
499 547
500 502
501 502
501 555
501 578
504 532
505 555
507 513
508 549
508 608
511 567
512 530
512 544
512 550
512 570
512 609
513 576
513 600
514 542
514 549
514 571
516 614
517 518
518 536
519 528
519 565
520 593
521 561
521 601
521 610
522 544
523 528
525 558
525 562
526 585
526 591
526 619
529 596
530 538
530 541
531 544
531 603
531 617
532 564
532 617
533 631
534 559
535 577
535 593
535 613
536 550
536 556
536 580
537 559
538 554
538 624
539 589
541 607
542 624
543 548
543 579
543 632
544 635
545 549
545 574
546 643
546 646
547 559
547 633
548 611
549 607
550 634
551 601
551 627
552 575
552 638
553 639
554 613
555 573
555 609
556 570
556 579
556 599
557 601
557 602
557 616
557 628
558 600
558 640
559 602
559 650
559 651
560 594
560 595
560 614
560 620
560 636
561 599
561 635
562 596
563 588
563 603
563 654
565 604
565 607
566 577
566 594
566 602
566 611
566 640
568 594
570 578
570 644
571 653
573 577
573 589
573 670
574 631
574 646
574 674
576 632
580 603
580 656
580 667
581 627
581 631
581 635
582 661
582 668
583 598
583 618
583 661
583 678
584 611
585 625
585 632
585 685
586 658
587 603
587 614
588 649
588 657
589 596
589 607
590 628
590 645
590 667
591 649
592 603
592 625
593 652
594 636
594 686
595 652
595 672
597 626
597 636
599 681
600 650
600 698
602 604
602 654
602 685
602 695
603 681
603 697
604 611
606 610
606 698
607 613
608 620
608 636
609 655
610 642
610 655
610 665
610 682
611 635
611 671
612 626
612 652
612 677
614 709
615 651
615 684
616 641
616 706
617 672
617 686
617 715
618 648
618 703
619 621
619 691
619 704
620 683
620 703
621 622
621 689
622 639
622 640
623 640
624 663
624 667
624 696
625 692
625 697
627 701
627 724
628 717
629 630
629 658
631 672
631 730
632 653
634 651
634 708
635 658
636 637
636 680
636 712
637 681
638 687
638 719
638 734
639 650
640 646
640 719
641 710
644 698
645 658
645 702
645 714
645 726
645 730
646 676
647 694
647 701
647 728
648 678
649 656
649 666
649 667
649 675
650 738
650 750
651 667
651 669
651 686
651 748
652 666
652 728
653 684
653 742
654 660
654 675
654 719
654 746
656 718
656 728
657 743
658 671
658 679
659 758
660 667
660 673
660 682
660 702
663 714
664 666
664 676
664 677
664 732
664 750
665 697
665 721
665 737
667 669
668 673
668 697
668 753
668 767
669 703
670 739
670 746
671 702
671 712
671 758
672 760
674 749
675 748
675 762
676 706
676 722
678 768
679 707
679 725
679 763
680 686
680 709
681 715
681 716
681 728
681 754
682 686
682 711
683 701
683 722
683 728
683 748
684 686
684 695
684 754
684 774
685 704
686 742
686 778
688 761
689 764
690 773
690 775
692 757
693 746
695 720
695 730
695 750
695 783
697 785
697 790
698 714
698 796
699 764
700 714
700 759
701 718
702 769
703 759
705 799
706 771
706 804
707 717
707 803
708 727
708 788
709 710
709 735
709 748
709 807
710 790
710 801
711 750
713 728
714 781
716 732
717 724
717 778
717 784
718 766
718 798
720 774
720 792
720 805
721 756
721 802
722 727
722 814
724 760
724 819
729 794
730 757
731 808
731 826
732 741
732 769
732 792
733 773
733 784
736 804
738 757
738 801
739 759
740 789
740 808
741 811
742 781
743 799
743 841
744 800
744 834
745 768
745 824
745 828
746 822
746 829
747 799
747 816
748 785
748 789
748 801
751 757
752 802
752 852
753 762
753 767
753 818
754 800
755 758
755 854
755 855
756 824
756 830
757 762
759 788
759 818
759 854
760 793
762 777
763 777
763 810
763 830
764 829
765 797
766 768
766 822
766 824
767 774
767 777
767 863
768 771
769 831
769 836
769 851
769 863
770 813
770 863
771 792
771 795
771 823
772 826
772 828
772 871
773 791
773 811
773 829
773 849
773 872
775 828
775 852
775 862
776 811
776 876
777 817
778 787
779 809
780 816
781 842
782 788
783 811
783 826
783 852
785 831
785 866
786 790
788 812
789 808
789 826
789 867
790 807
790 840
790 844
790 845
790 852
791 851
791 874
792 862
793 829
794 823
794 882
795 817
795 861
796 866
796 871
797 808
797 828
798 896
799 876
800 828
801 816
801 862
802 854
802 857
802 867
802 890
803 830
803 849
806 812
807 900
808 836
809 825
809 853
809 868
809 874
809 886
809 889
809 905
810 832
810 854
810 904
812 911
813 856
815 859
816 897
817 858
818 883
819 838
819 913
820 865
820 877
821 907
821 911
822 826
822 840
822 865
822 881
823 832
823 857
824 907
825 859
825 919
826 882
827 844
828 889
829 867
830 835
830 926
831 865
831 872
831 902
832 869
832 910
834 849
835 919
836 899
837 845
837 873
839 875
839 925
840 869
840 919
841 851
841 890
841 909
841 925
843 936
844 901
845 851
845 856
847 873
847 886
848 877
849 883
850 897
850 924
852 925
853 863
853 903
853 924
855 926
856 872
856 896
857 866
857 873
858 880
858 922
858 932
858 947
859 862
860 942
860 954
861 870
862 937
863 882
863 907
864 938
864 940
865 926
867 918
867 919
867 933
867 950
867 965
868 932
868 962
869 900
869 961
870 878
870 891
870 952
871 879
871 940
872 910
872 914
873 908
874 910
875 920
875 934
875 952
876 896
876 972
877 922
878 899
879 890
880 952
881 936
882 935
882 953
883 887
883 942
883 968
884 901
885 893
885 895
887 925
887 980
888 905
888 912
888 943
889 943
889 956
889 984
890 901
890 905
890 968
890 987
891 921
891 956
893 939
894 907
895 899
895 912
895 943
896 951
897 908
897 919
897 950
897 955
897 958
897 966
897 989
897 993
900 914
900 933
901 915
901 918
901 992
901 1000
902 990
903 944
903 992
903 999
904 911
904 953
904 983
905 948
905 988
905 995
906 964
906 969
907 975
908 981
909 998
910 911
911 988
915 954
916 969
917 942
919 982
920 979
922 933
922 982
922 1000
923 931
923 973
923 996
924 927
924 974
926 941
927 947
927 956
927 990
928 982
928 996
930 949
931 967
932 948
932 992
934 943
935 998
937 975
940 941
940 978
940 989
940 990
941 952
941 971
947 952
947 992
951 977
955 990
959 988
960 984
963 979
963 983
967 998
968 988
969 986
970 980
972 981
973 977
973 980
977 978
981 990
985 997
986 1000
987 1000
989 993
991 993
991 996
991 999
20 28 5 32 2 1 26 16 14 12
16 4 4 1 10 7 16 4 7 16
8 18 1 4 5 24 1 4 10 7
24 16 1 16 4 9 9 3 0 33
9 3 14 9 14 1 10 6 10 1
9 7 3 7 3 10 4 12 4 15
10 22 17 15 15 7 5 6 2 7
12 3 7 0 13 13 3 2 5 2
4 33 12 7 1 7 23 12 4 1
2 9 14 4 2 10 6 1 6 11
6 9 4 8 9 7 9 11 2 18
16 20 22 8 16 2 16 15 12 2
3 17 4 15 22 18 4 21 2 7
7 11 6 11 11 6 4 4 6 13
11 21 27 1 11 9 3 13 3 4
11 6 13 14 29 15 13 40 2 4
21 16 28 0 7 1 6 17 34 21
6 8 10 6 11 4 5 10 10 16
11 1 14 0 4 11 13 7 17 6
10 12 20 14 5 1 13 0 6 6
2 1 4 7 7 2 2 6 9 5 2 5 5 1 3 4 3 1 3 3
19 33 39 37 36 48 25 49 37 57 40 5 31 40 29 27 26 35 42 42
13 37 32 23 36 25 11 44 21 36 27 10 17 26 14 14 14 26 32 26
19 38 41 37 37 46 17 54 29 53 34 16 27 30 33 27 39 36 46 34
16 23 32 22 13 23 4 25 30 37 18 6 11 13 18 1 22 17 30 20
13 1 9 12 9 7 5 1 8 7 5 8 5 4 4 5 9 6 6 11
7 6 3 8 9 4 2 10 5 10 2 3 3 2 1 4 5 1 10 9
5 7 7 6 5 3 4 10 6 6 4 1 4 1 9 4 9 1 11 3
22 27 31 38 22 24 18 32 28 36 20 9 11 20 20 8 22 12 31 34
9 21 23 17 13 12 6 23 14 23 9 9 8 9 13 1 16 8 17 14
14 12 17 21 3 14 1 12 11 14 7 1 5 6 2 1 8 1 12 13
6 31 30 30 24 21 21 43 24 29 19 10 17 20 27 17 13 13 25 24
12 10 4 6 20 3 5 11 15 10 7 13 5 7 6 3 13 10 10 13
16 41 37 31 33 38 24 41 39 39 39 27 33 32 37 22 36 32 34 28
18 35 34 43 23 32 24 39 23 33 27 7 16 27 18 13 8 15 30 29
12 4 10 9 7 7 3 8 7 7 2 6 3 4 6 1 11 5 9 12
11 25 34 18 28 26 11 41 33 32 16 19 13 9 30 19 22 15 41 22
6 16 30 13 29 21 25 39 41 33 23 19 33 19 38 27 11 17 26 25
18 20 32 35 33 39 27 40 28 38 28 16 30 25 32 27 28 25 30 30
28 27 47 46 39 36 34 41 33 43 30 22 28 37 29 13 29 28 28 43
38 27 45 42 36 42 32 39 37 41 34 26 24 36 39 9 47 37 35 40
1 3 6 3 5 2 2 13 5 9 1 2 7 2 7 1 7 2 7 5
17 25 33 28 25 24 20 40 35 28 27 17 37 21 28 23 13 16 21 25
16 28 52 42 42 46 42 56 36 46 45 27 57 43 49 36 34 37 35 39
26 53 58 54 42 63 34 66 36 65 50 18 42 46 47 34 37 42 47 45
4 6 5 8 10 2 4 13 8 5 4 7 4 1 10 6 10 1 10 7
15 2 14 14 11 10 1 9 14 9 3 9 4 1 2 2 7 1 9 15
8 25 16 21 20 14 7 30 8 19 12 3 10 11 7 10 7 4 20 13
14 33 38 26 25 26 21 37 19 29 24 21 19 27 30 11 33 25 26 26
14 16 24 20 16 14 6 25 24 23 8 12 9 3 18 9 17 4 28 22
12 12 8 16 17 4 13 14 11 14 8 10 5 12 6 5 12 8 9 21
19 35 38 22 44 46 35 50 48 53 41 24 37 37 45 27 31 43 38 36
8 17 18 17 5 14 4 21 8 7 12 1 13 7 12 5 7 3 13 2
8 24 44 37 27 32 34 42 23 48 30 7 29 36 33 11 23 30 27 30
19 15 21 17 15 15 4 20 20 23 8 11 6 6 13 3 23 10 24 20
6 16 22 20 6 18 15 27 11 20 13 6 17 14 24 10 19 11 12 16
2 4 4 4 8 1 2 11 7 2 2 6 2 1 8 5 6 1 7 5
1 12 14 11 13 4 5 22 11 15 3 6 7 8 9 4 6 3 13 11
2 3 2 4 10 1 1 10 7 1 1 6 1 1 5 4 4 1 8 4
8 21 24 12 19 14 3 29 16 15 13 15 11 7 19 6 17 8 22 9
2 12 16 12 15 4 8 21 7 19 4 2 9 13 4 2 4 7 13 14
1 3 4 5 4 1 1 8 3 9 1 1 1 2 1 1 1 1 4 7
3 3 6 11 5 2 3 9 6 7 3 3 4 1 4 3 5 1 2 8
5 30 27 24 42 24 26 48 32 40 28 12 24 28 24 29 9 23 38 36
12 23 27 29 24 18 19 37 29 32 13 12 15 14 24 17 13 7 25 32
12 27 23 18 17 18 3 32 1 14 13 3 11 16 8 7 12 13 19 14
19 26 43 32 32 33 23 41 33 43 25 11 29 29 25 17 20 23 35 33
12 11 26 20 10 22 13 21 6 16 15 4 21 18 17 5 17 13 8 8
5 9 26 27 6 22 16 24 5 19 17 1 22 20 15 6 8 9 2 10
8 25 36 29 27 30 28 46 33 38 28 17 37 27 39 23 18 25 20 25
31 49 36 44 52 37 38 59 44 46 35 33 26 36 40 34 28 29 47 50
17 13 8 17 17 14 14 17 23 14 14 15 10 12 19 11 17 9 12 20
20 36 49 36 29 33 26 44 27 42 33 15 28 37 28 4 26 34 27 29
3 9 15 6 3 7 2 13 2 6 2 3 4 3 12 1 13 5 9 4
5 9 28 14 15 22 20 26 20 33 20 5 28 25 22 11 13 23 13 17
12 7 9 10 12 7 3 6 8 7 7 10 8 6 1 1 9 6 4 12
1 13 15 13 10 5 3 23 8 6 5 4 7 1 13 7 6 1 14 7
20 37 45 30 34 31 23 47 31 49 23 22 14 32 32 4 32 33 41 34
2 1 1 1 5 1 1 2 3 1 1 1 1 1 1 1 1 1 2 1
31 36 54 48 25 42 25 39 38 48 39 7 27 41 24 7 20 31 35 39
1 9 9 9 6 4 6 14 7 6 6 3 6 1 12 6 9 3 13 4
14 14 13 5 13 9 8 17 13 17 7 12 7 10 16 1 22 14 11 16
23 48 52 45 43 47 37 59 52 58 45 37 44 42 51 35 31 41 38 43
23 26 30 29 36 31 31 35 46 39 35 25 34 32 38 28 21 31 22 36
11 15 29 27 21 21 20 35 14 20 17 13 24 21 26 13 20 13 13 21
6 7 17 9 15 12 10 20 23 20 13 8 18 10 20 11 12 12 13 12
22 18 25 30 5 24 2 17 24 22 21 1 20 13 5 6 8 10 15 10
3 2 5 6 3 2 3 5 6 7 3 1 5 1 4 3 3 1 6 3
5 5 6 5 5 2 3 8 1 2 3 4 4 1 9 3 11 2 6 6
15 29 26 26 23 16 9 35 17 26 11 9 12 16 12 7 13 8 26 20
20 21 29 22 23 16 11 29 27 27 11 18 14 15 19 6 21 13 23 27
48 42 49 49 38 46 25 45 51 48 42 24 35 44 28 19 33 39 35 41
16 29 17 20 32 15 17 34 27 29 20 25 8 18 27 9 29 21 27 26
29 47 35 34 48 42 29 53 44 36 40 40 28 33 45 28 41 36 44 34
1 3 3 11 4 5 6 11 10 2 6 2 6 2 9 8 1 1 4 2
15 13 30 12 20 17 15 32 26 22 9 15 28 15 23 14 7 8 23 15
19 25 28 19 21 25 6 32 25 31 15 14 8 13 23 7 29 18 33 22
9 26 19 10 34 22 13 41 28 24 19 21 13 10 28 25 19 17 38 17
4 1 3 5 1 3 1 1 3 1 1 1 1 1 1 1 1 1 1 1
2 4 8 6 9 3 1 11 4 3 1 3 6 1 3 1 2 1 5 3
1 1 1 1 1 1 1 2 6 6 1 1 2 1 1 1 1 1 3 1
22 40 36 43 34 42 19 49 37 44 35 11 25 30 26 28 15 20 36 39
14 28 43 40 32 38 37 46 25 47 37 23 45 38 44 29 41 37 29 35
30 23 20 30 18 24 12 19 23 17 22 15 13 16 15 4 24 15 20 20
16 21 27 23 33 10 20 35 24 26 9 19 16 15 19 15 12 7 30 31
20 25 32 35 24 22 21 35 36 39 20 13 15 20 25 14 21 14 34 35
23 38 29 40 38 44 21 38 27 40 38 18 28 29 21 36 19 30 35 40
32 36 49 41 47 57 38 49 42 49 53 20 52 50 35 31 26 49 36 35
29 37 38 28 40 27 19 46 35 35 20 29 20 22 29 16 27 20 39 35
4 8 7 11 8 3 4 14 9 14 2 3 4 5 3 2 4 1 10 9
9 5 14 6 11 8 7 14 9 16 7 8 14 12 10 1 15 14 8 13
1 1 5 3 6 1 1 4 11 9 3 1 6 1 1 1 1 2 4 1
31 31 39 30 31 37 20 37 35 42 28 23 8 29 37 1 47 35 37 32
7 30 42 20 35 34 22 48 37 39 29 23 33 24 39 23 28 30 37 20
1 5 18 16 5 10 12 18 8 20 9 1 17 14 12 3 8 8 3 10
14 14 8 11 11 8 6 8 12 13 8 11 3 6 11 1 20 11 11 12
25 30 46 46 36 37 36 47 32 40 31 23 29 37 33 9 21 26 25 38
6 26 41 19 26 40 25 40 45 45 34 18 34 29 40 23 22 30 33 24
13 6 20 13 21 10 16 21 18 12 8 19 15 11 18 10 14 11 8 21
15 29 36 33 18 31 13 38 37 33 25 12 17 16 31 15 19 12 31 26
11 40 34 22 41 31 23 51 27 47 31 16 17 34 28 13 27 38 38 29
7 8 9 9 14 4 7 17 13 10 6 12 9 1 15 10 14 5 11 12
1 3 1 2 3 1 1 9 3 4 1 1 1 1 2 1 3 1 8 2
19 20 20 14 19 17 3 22 25 23 14 18 9 9 16 3 23 14 20 17
11 5 14 3 22 3 11 20 18 7 1 20 11 5 17 14 9 4 16 18
16 31 36 29 24 29 16 38 27 45 22 3 15 23 21 9 22 24 38 29
13 11 20 26 16 15 12 20 17 22 8 7 12 12 9 7 7 4 12 23
35 38 44 32 23 39 10 40 32 38 28 13 19 27 24 3 34 30 35 27
6 10 21 18 12 9 12 19 4 19 6 4 14 13 9 2 11 9 9 16
2 4 3 3 5 1 1 8 2 3 1 2 1 1 4 1 8 1 8 5
1 8 15 5 8 6 2 18 5 4 1 4 6 3 13 2 8 2 11 3
14 22 32 26 12 19 10 26 18 31 14 1 19 18 12 4 12 10 23 18
18 31 37 42 42 33 35 46 28 40 35 19 29 41 31 13 25 32 26 36
27 26 45 34 38 44 20 42 33 49 33 13 25 35 26 13 30 35 34 35
20 32 34 26 38 22 27 35 33 44 26 17 14 33 24 3 24 32 35 39
33 43 49 49 38 52 27 58 47 46 42 19 36 37 35 34 19 29 42 42
28 27 54 29 38 38 32 51 45 43 33 22 52 41 32 33 9 31 30 32
23 13 32 22 33 22 25 35 28 27 14 25 23 20 31 15 26 18 26 30
20 23 27 24 29 26 24 27 23 27 28 17 27 28 27 9 29 28 21 21
4 11 9 5 14 3 1 19 7 10 1 8 1 1 9 3 13 4 15 8
32 36 53 34 35 34 24 49 37 40 25 27 23 33 34 10 33 27 37 38
26 20 34 22 27 28 9 32 31 21 19 15 28 20 14 13 15 19 24 18
3 3 2 5 8 1 2 8 6 1 2 6 2 1 6 4 7 1 4 4
27 21 28 27 27 26 12 23 37 35 26 15 18 23 19 9 24 22 27 34
21 34 14 17 37 22 16 35 27 30 24 27 7 18 26 15 33 28 34 24
17 10 22 26 9 23 6 14 29 23 20 4 18 12 13 8 10 7 14 15
22 32 16 17 29 22 10 29 26 27 22 22 9 17 20 5 29 23 27 20
10 34 49 34 40 34 36 59 37 45 29 27 24 33 47 18 30 29 36 37
17 23 48 23 36 27 24 46 44 49 21 22 27 25 34 19 24 23 43 37
21 24 33 28 12 25 10 28 25 32 16 8 5 16 23 3 25 16 32 24
11 36 29 23 32 25 8 47 14 24 22 12 18 21 17 24 15 18 34 24
1 5 18 10 12 21 20 21 25 27 20 2 28 20 20 15 3 16 10 15
13 7 12 13 12 9 2 13 11 2 7 10 10 4 5 5 5 2 5 9
20 32 32 44 41 39 42 48 29 44 38 33 35 42 47 28 45 38 28 42
8 19 16 13 19 16 12 25 21 19 17 9 18 13 18 10 17 16 16 13
24 39 46 32 30 32 12 41 30 39 24 16 8 27 24 2 32 24 40 34
22 29 42 42 38 38 37 40 24 40 39 30 43 40 37 25 41 39 24 37
29 31 49 37 29 44 24 40 32 47 35 21 19 31 41 7 49 37 38 34
13 25 36 30 13 25 14 37 12 25 16 2 19 20 19 2 16 13 20 13
10 3 7 3 9 3 3 6 6 4 2 7 2 5 4 1 10 6 3 11
24 30 23 28 42 37 14 34 37 42 37 17 21 29 19 27 28 34 40 39
20 24 22 13 38 24 12 38 34 38 18 19 20 16 21 27 20 21 43 33
36 40 51 41 55 45 44 64 50 62 36 33 40 44 52 35 41 39 55 55
25 16 20 30 35 29 30 29 31 34 27 27 25 30 32 17 32 32 20 30
15 41 37 28 41 30 27 45 33 45 31 24 20 34 32 13 35 37 38 33
6 8 14 9 7 6 6 16 1 10 1 5 6 9 10 1 12 6 6 13
23 34 41 42 50 36 47 48 52 51 41 31 34 47 41 26 21 39 29 54
28 51 58 49 53 47 39 70 39 46 46 29 39 50 45 26 39 44 45 38
12 6 17 13 16 10 10 22 21 15 4 14 11 4 18 12 12 3 17 20
17 30 14 28 33 25 21 32 24 20 27 20 19 20 23 24 12 20 17 27
1 1 5 8 1 2 3 6 3 6 3 1 7 1 5 3 1 1 1 3
11 4 19 17 10 17 10 17 20 19 8 6 15 8 14 7 12 8 14 9
22 10 11 13 17 13 5 9 24 22 11 12 8 9 5 1 17 12 17 22
8 12 14 13 5 10 1 15 13 20 4 1 7 1 9 1 11 5 19 9
12 13 19 20 9 22 7 18 17 19 15 1 18 8 10 10 8 8 19 8
18 16 20 21 11 21 2 13 18 15 12 2 5 8 6 4 11 7 22 13
42 34 43 32 52 39 31 46 49 42 30 37 24 32 37 25 30 33 50 47
44 45 40 53 41 46 34 49 55 46 46 33 42 40 39 33 22 36 31 44
26 24 35 25 20 32 15 27 21 30 22 14 15 21 26 1 36 24 26 23
9 29 34 26 28 29 17 43 6 36 24 2 24 31 15 11 17 25 26 22
3 1 4 8 2 3 2 3 11 8 4 1 7 1 2 2 1 1 4 1
32 43 43 37 51 42 41 54 61 52 41 48 37 36 56 37 31 37 40 49
10 10 6 13 8 10 5 14 11 12 5 2 5 1 10 7 12 1 17 12
15 44 43 30 47 44 36 55 43 59 41 26 31 44 43 24 38 46 47 41
1 27 22 19 28 26 21 43 18 39 25 1 24 30 19 22 8 23 28 26
21 42 49 44 30 40 33 53 31 47 38 18 44 40 39 23 17 31 26 33
9 7 23 11 26 11 14 31 17 19 4 16 18 12 19 10 14 10 15 19
18 37 43 31 36 23 24 51 27 29 23 21 25 27 28 13 19 23 32 31
14 21 37 27 37 27 34 49 27 30 22 23 36 28 41 28 21 20 24 34
8 13 23 9 12 16 4 19 25 34 12 3 9 10 12 1 15 12 21 18
1 6 1 12 3 6 8 12 10 13 8 1 11 5 7 8 1 1 3 9
9 4 9 11 2 8 1 4 12 14 2 1 4 1 3 1 9 1 12 8
18 12 22 16 29 8 18 29 29 29 7 23 20 16 18 17 12 10 24 31
17 19 33 22 24 26 8 32 31 30 18 9 21 15 18 13 13 13 30 25
11 10 14 17 8 13 1 14 13 11 5 2 3 2 1 2 4 1 14 9
1 5 9 9 5 1 2 15 9 9 1 4 3 1 10 5 4 1 6 6
7 3 7 8 14 2 3 9 5 4 3 9 4 2 4 4 8 4 7 9
2 4 8 4 4 3 2 12 6 8 1 3 3 5 5 1 3 2 4 7
21 16 12 17 28 15 13 19 28 22 18 23 11 18 17 8 21 20 16 23
13 29 33 33 20 28 20 41 35 41 20 11 20 21 31 17 17 14 28 29
23 44 50 44 44 45 29 67 38 51 39 14 44 43 29 35 15 33 45 34
11 10 16 17 13 11 8 21 15 3 12 11 20 6 13 12 5 2 8 9
17 33 48 41 25 39 29 48 30 50 30 9 15 33 38 5 32 30 42 33
20 28 32 21 27 28 9 29 41 39 25 24 11 20 28 8 38 28 34 27
13 33 43 44 45 46 37 57 28 43 36 24 40 36 41 38 28 32 35 40
23 33 47 41 35 36 28 50 23 40 28 14 26 38 26 3 23 28 30 31
35 31 24 35 30 25 21 28 35 40 24 22 8 26 24 7 36 23 34 41
15 39 17 29 40 28 25 44 22 32 29 17 16 32 24 25 22 26 30 38
17 17 24 17 17 14 6 28 18 11 11 14 16 10 14 10 11 6 17 16
11 25 41 21 33 34 22 37 40 43 29 27 28 29 36 16 38 36 30 26
25 48 61 48 45 48 39 65 48 53 39 35 31 42 50 21 37 35 47 47
7 15 7 14 19 14 7 20 9 9 13 7 9 5 8 14 9 8 17 11
2 5 8 9 5 1 2 8 1 8 1 1 1 4 1 1 4 1 3 10
21 27 30 35 17 28 21 32 24 31 26 12 31 27 23 16 15 17 10 28
16 11 12 22 22 11 16 20 25 19 11 17 10 12 15 12 13 7 14 28
10 22 20 12 18 13 1 25 14 19 14 10 12 11 9 1 16 13 16 11
1 6 9 14 10 10 11 18 15 9 10 7 14 8 15 13 3 3 8 8
22 15 23 23 22 20 11 22 35 27 16 15 11 13 18 9 18 14 29 24
6 38 41 27 39 41 34 58 37 57 36 10 30 39 36 23 16 36 43 35
1 5 5 6 5 1 1 8 3 1 1 3 1 1 5 1 7 1 5 2
11 12 18 13 11 11 7 22 17 22 7 10 12 7 17 6 17 10 16 13
11 7 6 10 12 8 7 13 11 10 7 7 10 5 11 7 12 5 12 11
6 36 38 21 29 27 16 46 20 43 23 11 18 27 24 12 24 29 36 20
6 5 10 7 12 4 1 14 8 8 2 10 5 3 8 4 9 3 6 12
6 33 40 16 35 29 20 47 30 45 26 15 24 29 30 18 24 31 39 25
25 26 35 17 41 31 18 42 38 35 26 21 32 25 22 26 13 24 39 33
12 36 40 27 51 42 35 60 40 50 41 28 39 37 48 34 36 43 39 36
7 3 7 5 8 1 1 5 9 10 5 5 8 4 4 1 10 7 5 8
1 17 21 14 15 19 18 33 24 21 15 12 21 13 32 17 15 13 14 13
22 22 18 25 37 16 28 35 34 26 19 29 20 21 28 24 19 14 25 37
19 39 35 35 46 33 38 57 36 39 29 29 28 33 44 30 27 30 32 41
22 14 14 15 13 13 5 10 19 18 9 11 1 9 13 1 24 11 17 22
11 42 33 27 31 38 16 47 27 30 35 17 24 25 31 25 21 24 31 20
3 2 1 7 9 4 7 13 15 3 4 7 7 1 12 10 4 1 6 8
22 32 50 40 39 34 31 45 49 53 33 18 23 34 34 17 22 29 48 47
9 3 12 12 16 9 12 16 16 9 8 14 13 8 15 12 9 7 6 16
26 33 32 38 48 40 45 49 43 54 40 25 36 48 38 24 31 41 35 46
2 12 21 11 5 12 10 25 5 23 5 1 10 13 18 1 16 11 10 8
36 45 52 51 53 56 39 55 61 62 52 30 41 46 42 36 25 42 45 58
28 29 39 14 52 29 39 47 50 42 30 39 38 36 46 32 27 36 44 42
4 17 29 31 23 21 28 37 14 34 21 7 26 28 25 12 20 20 18 26
11 8 4 10 14 8 6 14 10 8 6 6 5 3 7 8 10 5 13 13
25 47 57 52 34 49 31 60 41 53 39 15 22 40 43 11 33 30 44 38
3 9 16 9 13 8 6 15 18 14 10 9 15 7 13 8 8 8 13 7
9 32 30 22 36 26 25 50 37 31 25 27 25 19 41 32 19 20 34 28
17 16 23 19 12 16 1 21 20 12 9 7 8 5 13 4 13 2 24 14
13 11 14 16 12 14 9 16 12 9 12 7 17 10 11 6 11 6 8 9
15 27 36 26 19 37 18 37 36 38 27 16 19 23 37 14 35 24 35 24
7 29 29 20 36 31 11 43 9 23 23 17 27 24 18 26 18 23 31 23
24 20 32 34 19 22 8 27 27 24 17 9 19 16 9 10 9 7 22 25
1 2 10 9 1 4 1 6 1 3 2 1 5 2 3 1 1 1 1 2
23 40 40 41 24 39 16 46 37 39 33 15 28 26 28 19 22 20 30 25
26 39 41 46 42 44 38 54 38 50 35 24 27 38 44 23 37 35 35 44
10 23 33 22 28 10 17 38 20 24 11 17 16 13 22 12 13 8 28 26
29 47 31 44 55 44 46 65 46 55 41 35 37 45 51 37 38 42 40 48
11 7 8 10 10 3 1 5 6 5 5 8 2 6 1 1 7 4 1 13
21 25 20 23 27 28 10 30 30 30 22 11 7 15 19 16 19 18 36 23
1 10 16 13 1 6 9 20 2 13 3 1 7 8 14 3 8 3 8 8
1 5 9 7 13 11 11 12 15 15 15 1 18 10 9 12 2 11 14 8
11 13 15 14 28 15 19 31 20 18 14 18 20 15 22 16 18 17 16 21
26 38 36 26 33 35 21 40 26 32 31 26 21 32 35 8 41 34 31 22
2 5 5 12 9 3 6 15 11 11 4 5 5 4 7 7 2 1 7 9
30 51 66 41 54 44 39 73 45 47 39 39 44 48 48 32 36 41 50 43
2 6 11 16 12 7 10 21 13 11 5 5 8 8 11 9 1 1 6 15
19 24 36 16 32 25 14 39 40 40 15 21 23 13 26 20 18 16 41 29
9 11 13 17 10 9 9 19 15 16 7 6 7 7 12 8 9 1 13 14
28 36 25 27 49 41 32 46 40 46 39 28 30 39 37 29 35 44 41 36
8 6 6 10 9 1 5 6 2 5 4 7 1 6 2 1 10 5 2 15
25 48 45 35 55 40 38 67 48 53 34 38 38 34 48 46 19 32 48 48
9 1 2 5 5 3 1 3 6 11 1 4 2 1 1 1 5 2 2 11
28 29 25 33 24 30 11 31 31 33 26 12 13 17 19 9 25 17 31 28
27 39 53 45 45 46 41 49 37 49 49 19 42 55 32 16 21 47 31 41
19 21 29 27 6 25 6 21 20 19 19 5 14 9 16 6 17 9 23 11
4 4 8 8 6 4 3 10 8 5 3 4 4 2 8 4 6 1 6 4
16 27 44 26 18 36 11 30 38 45 32 9 22 24 29 10 26 26 34 25
23 24 38 17 40 27 34 49 37 32 22 33 32 26 46 26 30 27 34 31
13 13 15 13 15 8 7 18 12 11 8 13 8 9 15 3 16 8 8 15
35 42 54 44 34 40 22 45 41 49 36 15 30 41 24 10 29 36 37 38
20 17 42 27 23 32 20 27 29 41 23 10 29 29 17 10 15 22 20 32
35 43 51 49 38 47 33 56 45 48 39 28 34 39 45 17 41 32 39 42
2 2 11 8 1 6 1 6 2 8 3 1 9 3 3 1 2 2 1 4
15 24 19 16 17 17 5 25 4 9 16 6 14 12 10 8 14 13 17 10
3 1 3 5 2 2 1 3 9 13 2 1 5 1 1 1 1 2 5 4
17 22 27 24 14 30 14 24 39 40 28 8 21 18 27 13 24 20 29 23
6 35 29 27 31 27 21 46 35 37 25 22 18 23 34 23 26 19 35 28
11 13 8 8 16 18 1 14 8 17 9 1 1 6 1 9 8 9 22 16
28 19 32 25 28 25 23 35 38 34 19 23 22 19 35 16 33 21 32 35
3 10 11 9 1 8 1 14 10 16 5 1 1 1 11 1 10 3 12 6
27 33 34 42 27 32 28 34 32 37 37 21 39 35 25 25 12 26 15 36
10 12 19 13 5 14 3 17 6 4 10 3 13 11 7 1 6 6 4 5
20 25 40 26 27 28 22 43 38 33 28 16 42 27 28 28 7 21 28 22
23 42 42 33 34 27 15 45 31 37 33 20 25 33 19 14 24 31 30 24
17 37 34 28 38 37 20 47 16 37 30 18 18 31 29 13 35 34 33 26
14 27 24 19 29 17 12 39 23 24 18 16 20 13 18 18 14 13 26 22
4 10 9 4 19 3 6 25 15 9 1 11 6 1 14 12 7 1 21 12
4 1 1 5 5 1 1 2 9 5 1 3 1 1 1 2 1 1 1 4
1 5 15 11 8 10 9 18 7 7 6 5 11 8 15 5 10 7 8 3
23 38 37 33 32 25 20 39 22 32 20 16 9 25 20 7 23 22 36 33
14 30 29 19 26 33 5 37 20 32 26 5 23 22 14 16 15 24 31 16
21 17 22 4 31 13 18 35 29 25 7 26 18 11 27 21 16 12 33 28
1 23 23 26 18 12 19 33 23 31 17 7 15 19 20 11 10 13 22 21
27 34 39 30 15 33 7 33 26 31 25 10 8 18 23 1 27 19 36 21
3 6 8 6 13 2 1 16 5 6 1 6 1 2 4 3 5 1 8 9
7 3 10 12 8 4 1 11 10 10 1 5 1 1 3 1 5 1 5 12
8 33 35 25 33 31 17 50 33 36 21 19 16 18 32 24 21 17 41 27
20 52 58 44 44 63 26 63 36 55 49 23 35 44 43 31 47 47 58 33
14 21 19 15 22 21 4 30 9 13 15 9 13 14 9 12 9 13 17 12
23 37 38 34 53 38 28 53 37 54 32 22 23 40 27 21 33 39 46 48
5 2 4 10 4 2 3 6 6 9 3 2 5 1 3 3 5 1 1 9
20 34 22 30 50 34 25 48 37 43 35 29 27 33 29 34 26 34 40 44
10 31 31 26 27 31 18 35 32 31 27 23 20 20 32 18 31 22 32 25
1 10 25 16 27 20 19 34 12 18 14 11 21 14 23 20 11 16 21 13
24 29 34 22 35 32 31 45 50 42 25 26 36 23 39 37 14 18 40 37
5 10 16 15 8 15 11 23 15 13 9 5 15 8 21 10 10 3 11 8
19 20 37 26 13 34 15 29 29 32 27 5 32 22 24 11 18 20 23 17
4 8 6 4 2 2 1 11 4 11 1 1 1 3 6 1 8 1 9 8
29 35 39 28 35 26 12 43 35 30 23 25 20 22 23 14 23 21 34 26
10 9 15 19 14 14 13 21 20 8 14 11 20 8 15 16 2 1 10 14
21 19 25 29 19 21 14 30 32 28 17 14 9 13 26 12 23 10 30 30
30 38 53 40 33 44 22 43 35 52 39 14 28 40 34 4 41 38 37 34
17 17 24 21 15 14 5 20 14 23 9 5 13 15 5 1 12 8 17 20
13 5 6 12 11 5 4 9 11 12 3 8 2 5 2 2 10 4 8 17
1 4 8 6 1 1 1 6 4 6 4 1 7 1 4 1 3 1 6 1
26 49 66 47 54 51 37 65 49 62 46 32 41 50 45 23 46 47 51 46
11 20 18 20 12 15 11 22 15 22 16 12 15 10 19 10 21 12 16 19
12 36 30 27 48 37 23 50 23 41 38 25 36 34 32 40 30 37 43 37
21 20 30 35 16 24 10 29 22 22 19 6 21 20 9 13 4 8 13 17
31 49 40 47 33 52 20 49 39 54 47 11 31 37 29 26 28 35 42 41
17 27 35 39 32 31 34 38 26 45 31 12 28 37 30 9 29 30 25 35
26 16 28 30 12 24 2 20 24 17 19 6 12 13 9 6 11 9 15 18
15 14 14 10 15 11 1 16 20 21 7 12 1 3 10 1 23 10 21 16
12 25 27 18 22 14 18 30 14 28 11 12 3 22 20 1 22 21 22 26
31 20 43 40 25 40 18 33 23 29 30 11 32 30 19 15 25 27 23 20
16 22 18 15 33 22 8 26 23 26 24 13 16 22 8 14 10 22 19 24
4 20 18 14 13 18 12 25 22 23 18 10 16 12 26 12 17 12 14 12
35 42 58 39 36 47 18 47 55 48 43 28 32 34 38 19 37 36 46 34
6 8 11 19 5 10 7 11 15 17 13 2 16 9 5 6 1 3 1 10
5 13 19 7 17 9 5 26 15 10 1 9 10 1 17 10 7 2 22 8
7 9 12 9 21 1 9 18 12 7 1 15 2 8 8 5 10 4 10 22
6 4 10 4 5 7 6 11 5 10 1 4 8 7 9 1 9 6 5 8
7 6 4 10 9 4 5 13 11 12 5 6 8 2 8 5 10 2 9 10
31 33 35 38 23 34 15 39 27 27 26 9 25 26 16 15 20 18 25 24
16 20 31 22 17 19 11 30 14 27 6 7 10 14 16 3 22 11 25 22
24 41 47 48 28 39 27 44 47 56 37 15 22 32 34 12 29 28 39 40
10 27 24 13 31 28 4 35 22 43 22 6 13 20 13 16 21 28 38 28
8 14 13 11 9 7 2 13 3 5 6 4 6 3 8 2 13 4 14 5
8 12 22 16 32 18 26 32 37 27 23 18 33 19 29 28 9 16 24 29
23 28 43 38 42 35 35 55 39 48 24 21 32 32 38 29 24 23 39 45
18 19 22 16 27 18 12 32 22 25 8 16 8 13 19 9 23 14 26 26
26 15 32 26 27 25 25 32 33 25 22 24 34 23 29 18 20 18 18 26
3 16 19 20 16 10 13 31 17 14 11 8 19 8 19 16 3 1 15 17
13 8 27 11 26 22 18 24 36 28 18 17 26 18 22 19 10 18 25 25
7 14 15 12 8 10 4 16 12 14 6 5 5 1 11 4 12 6 19 6
17 15 26 21 32 14 27 35 33 29 13 24 27 22 25 23 9 11 20 35
19 18 18 19 19 20 13 18 8 10 16 11 13 19 12 2 17 17 10 14
18 16 23 17 18 18 12 23 19 14 12 16 12 13 22 4 22 14 17 15
9 17 28 26 11 24 15 22 20 25 28 1 31 25 11 14 1 16 10 17
3 4 12 6 9 6 6 18 6 15 2 5 10 9 10 1 11 7 2 10
14 19 21 25 10 21 11 21 18 15 25 4 28 18 13 11 9 12 9 12
4 5 10 2 4 3 1 11 4 6 1 2 2 2 9 1 10 2 6 4
27 31 39 32 19 31 11 35 25 28 24 14 20 23 20 8 25 21 23 21
31 38 44 40 34 43 25 50 40 34 33 22 34 28 37 29 24 25 34 36
20 29 39 13 37 33 32 51 45 37 25 35 33 27 50 33 27 25 37 31
12 38 56 39 47 38 38 61 37 53 36 31 30 40 49 16 40 41 43 40
23 28 50 30 32 42 31 50 56 54 33 24 37 32 51 25 32 30 40 35
7 10 14 8 17 8 6 15 18 16 12 12 13 8 14 7 16 14 13 12
17 38 43 30 31 30 22 42 26 38 26 25 22 31 30 13 35 28 30 30
12 18 24 22 17 15 14 31 27 25 15 15 23 10 23 16 13 6 17 21
44 46 59 62 40 54 36 47 53 60 54 13 45 53 23 28 20 42 39 51
13 22 36 30 22 23 26 43 27 28 16 14 29 23 31 21 10 6 19 28
17 19 30 18 36 28 19 37 17 20 21 18 25 23 22 19 20 23 22 20
5 3 8 4 2 5 1 9 6 6 1 1 2 1 7 1 7 1 9 3
20 31 35 37 31 25 22 42 34 34 25 17 31 26 23 20 13 15 24 34
44 56 37 53 49 43 35 51 39 48 40 31 24 45 30 19 35 39 47 49
9 15 9 10 19 5 6 23 15 16 8 14 9 5 15 9 18 10 18 15
31 43 45 44 57 36 50 57 58 58 43 41 31 46 50 26 36 43 48 59
18 14 31 25 14 24 7 22 24 26 22 2 26 21 7 8 4 14 11 17
8 22 38 33 32 41 32 47 32 51 33 7 37 34 32 26 20 28 34 32
32 34 55 26 48 38 42 54 48 46 37 37 52 46 45 34 22 37 37 48
8 40 44 22 47 44 35 57 55 50 44 32 43 38 52 39 25 39 41 36
18 28 37 22 26 20 10 45 25 20 17 17 24 16 24 19 12 11 30 17
26 34 53 43 41 57 30 57 42 50 48 13 45 42 41 30 30 39 44 37
11 24 27 19 30 30 29 33 33 35 33 14 36 28 28 31 12 26 28 30
19 36 41 39 35 42 24 44 34 53 36 4 17 36 23 16 19 32 45 41
17 24 22 34 32 22 29 26 36 39 28 16 19 31 19 12 13 24 17 38
13 18 16 17 22 11 15 29 27 24 12 18 13 11 22 13 19 10 20 25
4 8 5 11 9 5 7 11 7 6 7 1 9 1 8 8 7 1 12 5
16 27 35 33 19 29 23 36 24 37 19 12 23 23 29 15 19 18 19 30
4 26 31 21 18 23 12 38 11 33 10 1 5 16 16 5 15 17 32 16
1 1 2 4 1 1 1 4 1 3 1 1 1 1 1 1 3 1 3 5
21 14 27 21 25 13 15 26 26 21 8 21 12 12 19 11 18 8 21 31
20 30 53 36 33 36 36 53 46 53 26 21 40 34 41 25 20 23 37 40
23 15 31 30 17 30 17 26 15 16 24 8 27 24 18 9 21 21 11 14
5 1 9 6 6 5 3 6 6 3 1 4 4 3 4 1 4 2 2 3
7 19 36 33 31 23 29 40 12 29 20 16 24 28 28 17 24 22 21 29
25 39 32 44 40 43 41 49 30 42 41 26 36 41 47 26 41 38 30 38
1 5 5 2 14 1 2 18 13 8 2 6 9 1 7 8 1 2 14 6
15 22 34 29 23 26 18 36 1 22 20 11 25 27 22 10 26 21 19 22
17 29 44 20 42 28 30 58 40 46 22 31 34 30 45 26 28 27 39 33
24 37 19 30 40 31 24 45 38 39 27 25 11 23 31 25 29 24 40 40
15 18 17 29 8 22 12 21 17 18 18 1 18 13 13 12 8 4 15 17
15 35 34 20 45 28 19 47 28 34 32 20 29 31 21 27 15 29 36 36
12 20 10 21 21 19 9 28 17 15 16 10 13 9 14 18 10 7 19 15
23 32 33 27 27 23 6 36 24 30 14 12 6 15 16 6 23 13 35 29
8 25 38 32 31 24 34 47 32 34 19 17 27 28 33 22 3 13 26 34
16 18 19 21 20 21 14 27 15 13 17 12 21 16 16 14 14 11 13 16
8 12 14 14 7 9 4 12 8 7 9 5 11 6 7 4 9 1 10 5
2 4 6 6 5 2 1 8 3 3 1 3 1 1 3 1 6 1 6 6
17 24 30 17 32 22 22 35 35 30 23 31 21 22 37 12 34 29 27 23
3 5 3 2 7 2 1 11 8 6 1 2 1 1 4 1 3 1 11 2
1 15 21 24 10 14 18 28 13 23 11 1 18 17 17 8 6 6 7 16
42 48 39 40 37 49 22 47 38 38 39 28 25 37 35 18 43 40 44 29
24 33 52 40 52 46 38 59 44 58 41 22 38 43 45 31 39 42 50 50
7 10 28 26 23 24 25 34 19 21 20 14 31 19 30 20 15 14 9 23
3 10 15 8 6 6 1 14 11 17 7 3 10 5 10 1 11 8 11 7
8 4 3 5 11 4 1 8 10 9 1 6 4 1 1 1 6 1 9 7
18 20 15 23 20 19 15 18 25 19 26 15 22 20 18 9 18 16 9 19
1 19 15 10 13 8 5 27 12 16 8 6 3 5 15 5 12 6 20 7
8 4 10 12 3 6 1 9 12 12 1 1 1 1 3 1 8 1 10 10
28 37 40 33 23 40 20 41 32 32 35 15 34 32 29 18 27 30 23 16
8 9 9 13 6 3 1 9 2 11 2 2 5 5 1 1 7 1 4 12
31 42 59 43 39 36 32 60 45 49 31 25 37 42 35 16 16 30 42 37
21 46 42 45 49 42 33 62 39 51 34 22 23 36 36 35 19 31 46 50
11 20 22 20 11 17 7 25 15 16 17 10 13 9 18 7 17 8 14 12
31 24 33 23 38 30 22 37 40 29 20 26 21 16 30 28 20 18 43 35
42 41 52 35 53 42 40 57 54 49 41 40 47 51 44 33 27 42 42 51
9 34 56 45 59 44 54 68 42 58 43 27 52 50 51 41 26 43 43 54
5 8 8 11 5 6 2 10 8 7 7 3 10 1 8 2 10 2 7 4
1 3 1 1 4 1 1 8 1 2 1 1 1 1 1 1 1 1 6 2
6 9 5 5 11 1 1 13 4 9 1 5 3 3 4 1 11 3 10 12
6 8 11 11 6 6 1 13 9 6 5 4 6 1 8 4 5 1 7 4
18 38 35 35 36 29 19 45 28 41 22 14 10 24 20 12 16 20 42 32
30 25 41 24 50 36 42 44 46 38 34 37 45 38 43 32 25 35 35 40
8 13 10 5 21 9 2 18 11 13 9 9 9 8 6 7 12 13 16 10
21 12 5 20 20 14 16 12 22 17 16 18 7 14 13 8 17 14 11 24
19 30 31 19 18 22 8 34 11 16 17 12 16 20 18 4 24 20 19 16
7 9 13 11 17 6 6 21 16 11 3 11 9 1 12 10 7 1 19 13
1 2 3 7 1 1 1 7 3 6 1 1 1 1 1 1 1 1 2 3
8 38 49 33 34 43 32 49 49 61 40 20 35 38 41 27 29 33 46 43
28 32 46 28 35 34 24 49 46 39 34 25 44 29 34 30 16 27 32 27
12 5 7 15 6 8 5 9 10 12 5 5 4 3 7 4 12 3 9 15
25 40 59 39 44 41 40 62 48 49 43 23 55 47 39 38 14 33 40 41
13 25 30 37 15 26 21 32 22 26 21 7 23 24 19 15 1 9 10 24
21 18 30 19 19 26 8 22 28 29 21 11 22 17 16 7 20 20 23 19
23 34 43 33 34 31 19 43 34 42 28 12 27 32 19 13 16 26 35 34
4 21 16 15 12 18 1 27 9 26 9 1 3 7 9 11 9 9 27 13
2 4 6 9 3 2 1 8 5 6 1 1 1 1 1 1 3 1 2 6
18 24 19 17 27 25 7 31 30 29 18 17 10 8 22 16 26 17 35 18
7 17 21 7 29 9 13 30 21 25 13 13 15 20 18 9 14 18 21 25
18 33 26 28 29 30 22 33 36 39 29 28 14 25 34 15 38 28 32 34
18 24 39 26 43 31 38 45 49 46 32 29 44 34 38 37 12 25 29 47
12 3 8 6 13 7 2 12 17 13 3 11 8 5 9 4 10 7 10 12
27 30 42 11 48 24 35 54 39 44 19 34 36 36 37 27 26 29 39 42
29 25 44 32 23 43 22 35 38 39 38 12 42 32 25 22 17 28 30 30
1 7 4 6 2 1 1 10 1 7 1 1 1 3 3 1 5 1 7 8
18 19 13 21 28 10 16 24 24 22 11 22 8 15 17 8 20 12 20 28
20 41 40 32 40 41 26 54 44 46 32 28 23 30 42 27 35 32 38 39
12 17 34 3 33 19 26 37 40 34 19 25 33 23 35 28 11 22 35 28
39 35 50 47 36 49 27 43 39 49 43 24 39 46 33 15 41 42 30 39
10 1 5 8 6 6 1 3 11 12 1 2 4 1 1 1 6 1 10 9
32 45 30 38 57 39 42 57 48 44 38 42 35 38 45 45 21 34 41 53
8 11 20 14 10 13 4 17 15 16 14 6 18 13 7 4 5 8 8 9
5 3 4 9 7 2 3 9 10 12 3 5 6 3 3 4 4 1 3 9
8 11 11 14 7 5 2 14 5 13 2 2 2 2 6 1 10 1 14 12
20 13 20 18 16 19 14 21 15 25 11 11 7 17 20 1 29 18 18 22
7 8 15 13 3 9 1 13 10 13 2 2 3 3 8 1 8 1 11 9
12 14 15 17 15 10 6 23 18 21 5 10 4 5 14 7 16 5 21 18
8 22 34 24 31 27 28 50 28 29 20 18 30 19 41 26 23 18 29 24
14 7 21 22 12 19 11 22 22 22 10 7 11 12 17 8 13 7 14 22
6 5 7 5 9 1 1 4 9 7 6 6 7 4 2 1 11 7 5 7
3 7 8 10 4 1 1 11 4 13 1 1 1 2 2 1 5 1 9 9
7 18 27 22 15 19 19 26 18 29 20 4 26 23 21 11 14 16 10 24
8 7 8 5 4 4 1 8 6 8 1 3 1 1 7 1 12 3 12 5
4 18 24 26 22 17 25 35 13 25 16 7 17 25 23 9 16 16 9 25
18 20 33 23 18 27 14 28 31 38 22 4 20 20 24 11 21 21 34 24
32 20 30 28 31 27 26 30 47 37 23 27 25 22 31 23 20 17 28 44
7 8 9 11 2 7 1 8 7 12 3 1 5 3 3 1 5 1 7 8
16 40 30 25 38 24 11 48 17 30 22 12 14 27 13 15 15 22 33 30
24 37 57 48 52 40 42 61 27 43 35 31 35 45 38 22 30 36 40 46
7 13 16 20 10 10 12 22 14 19 7 4 8 11 12 7 7 3 14 16
9 9 19 13 16 11 5 18 15 16 12 10 17 13 11 6 10 11 7 16
5 8 9 11 14 7 7 20 11 7 6 7 8 4 12 10 7 3 12 8
9 8 10 14 6 12 8 13 18 19 11 3 15 8 14 8 10 6 7 14
7 10 15 11 11 6 8 19 6 16 3 7 10 10 11 3 14 7 8 15
39 39 44 40 34 46 24 42 32 46 37 18 23 36 34 7 44 38 40 35
6 6 19 14 2 14 5 15 1 7 8 1 13 11 8 1 8 6 2 4
7 24 20 20 22 20 9 37 18 22 16 8 17 12 17 20 6 7 25 15
11 22 27 24 21 13 13 30 19 23 13 10 14 17 13 7 8 8 17 22
6 6 8 5 8 2 5 7 9 10 9 5 10 6 9 1 13 9 6 9
1 16 19 6 17 6 9 33 9 17 1 6 7 10 17 6 11 5 20 13
1 4 7 2 4 2 1 11 1 3 1 1 4 2 6 1 5 1 8 1
16 11 24 17 20 14 15 25 17 11 12 18 19 15 18 10 15 11 8 20
5 6 8 6 6 1 2 7 6 10 5 4 8 2 7 2 12 6 7 5
23 35 31 39 42 42 32 43 22 45 38 23 30 38 33 24 37 40 35 36
15 12 9 15 21 5 11 14 15 15 7 15 3 13 6 5 12 9 8 22
26 50 20 40 51 39 28 48 24 47 40 31 23 39 30 35 42 41 47 47
27 34 41 34 41 32 28 43 40 46 29 22 23 37 30 12 27 32 37 42
18 13 24 21 9 16 3 18 9 16 6 4 8 11 7 1 14 4 14 18
18 28 34 25 27 37 17 33 36 39 32 10 28 19 26 21 21 24 35 25
2 4 9 8 2 4 3 8 1 2 3 1 5 2 7 2 6 1 4 5
6 6 6 1 12 1 1 13 9 4 1 10 1 1 10 6 10 1 9 9
6 9 16 6 13 8 9 19 7 16 8 5 14 12 15 1 21 16 11 6
14 24 34 28 43 19 32 44 21 28 17 23 20 28 29 16 23 23 29 35
13 24 43 36 41 34 39 57 38 50 24 17 33 33 37 27 14 24 41 38
5 27 32 15 29 16 10 39 23 28 12 21 12 15 25 9 23 15 29 22
6 34 27 19 35 24 10 38 16 40 24 4 14 25 11 14 16 28 36 29
22 39 32 29 37 37 8 49 19 26 31 11 27 29 13 29 16 28 35 20
5 9 1 7 15 5 4 16 8 6 4 7 4 1 5 8 7 4 13 9
33 43 54 41 31 42 18 42 44 48 40 22 30 38 29 12 36 35 36 36
29 39 64 50 36 53 36 62 54 60 45 21 47 42 52 25 34 35 42 42
18 18 20 26 25 23 20 26 30 22 20 18 23 18 22 19 7 15 12 24
1 8 8 7 8 4 1 12 6 3 3 5 3 1 7 3 7 1 11 3
14 16 27 22 23 18 14 25 28 35 16 6 17 18 11 10 13 13 28 27
11 9 21 6 19 15 16 17 20 22 16 11 21 21 18 8 17 23 13 20
21 63 56 43 50 50 24 72 39 53 46 24 37 46 31 36 26 44 55 31
25 36 39 28 40 33 20 50 37 46 26 20 29 25 26 32 16 19 48 39
6 34 45 41 46 46 45 61 36 53 44 24 52 46 49 42 29 41 36 40
30 48 51 34 45 53 32 55 58 53 56 33 50 47 44 36 33 47 41 38
12 17 21 26 14 21 15 23 31 26 20 10 24 13 22 18 11 9 16 18
19 29 49 26 41 42 37 54 57 53 35 34 45 35 54 35 28 34 38 37
1 1 15 12 12 11 13 21 10 9 7 8 16 7 19 9 10 5 6 10
13 17 21 16 5 14 1 18 7 13 11 5 7 5 10 1 14 7 13 8
13 34 31 33 42 35 21 49 16 41 26 16 19 32 19 26 27 30 40 39
39 37 46 46 29 47 28 40 41 44 38 20 32 33 34 14 34 31 42 35
13 27 28 25 35 28 22 40 39 43 26 13 24 24 25 24 16 23 31 36
4 1 2 9 5 4 2 5 10 3 2 3 2 1 4 4 2 1 2 1
31 40 26 39 36 27 22 37 30 38 27 20 16 31 17 9 26 25 34 36
1 1 1 1 1 1 1 1 1 3 1 1 1 1 1 1 5 1 1 3
10 6 14 13 11 11 7 17 16 14 5 9 10 5 15 8 11 4 11 11
24 26 24 25 37 33 27 36 47 38 31 21 24 27 35 23 26 27 36 36
12 22 44 31 35 23 34 46 30 39 19 23 25 31 32 13 15 23 30 34
1 2 2 6 1 3 4 7 5 6 5 1 9 1 8 4 2 1 3 2
40 32 40 31 41 38 37 43 54 40 31 35 28 33 48 29 32 27 40 50
7 8 20 22 19 15 19 27 13 26 10 5 14 19 14 4 11 12 10 20
11 19 30 11 20 14 9 35 17 10 8 15 18 10 23 12 9 6 25 11
4 6 5 8 6 3 2 9 5 4 2 1 2 1 6 3 7 1 11 3
10 11 10 9 10 6 4 14 10 13 4 5 7 1 9 5 12 1 17 7
20 18 37 13 39 30 18 36 43 38 22 21 27 20 27 26 14 22 42 35
27 23 39 21 40 34 34 47 39 35 23 30 42 26 40 33 21 23 35 32
14 18 29 14 32 27 20 36 36 32 21 17 28 20 30 23 18 24 33 25
1 3 5 1 10 1 4 11 11 5 1 9 6 1 8 7 4 1 8 6
18 24 38 19 30 31 12 40 36 38 23 11 25 20 25 22 12 18 42 27
6 9 15 16 4 14 9 15 7 4 11 2 15 9 13 6 8 3 6 5
5 7 5 8 8 1 3 12 5 7 3 6 3 4 5 3 9 1 8 11
12 20 40 31 26 25 25 36 32 39 19 14 21 27 22 8 11 21 24 29
29 26 34 34 37 20 26 35 33 31 22 26 26 28 19 16 13 18 25 38
9 16 24 7 16 17 3 28 26 21 8 13 4 5 22 5 18 9 30 13
21 39 58 43 45 55 38 67 53 66 45 17 44 42 52 37 31 40 53 46
2 12 18 9 6 12 6 24 10 22 5 1 10 6 17 1 14 9 17 4
10 14 20 13 23 18 14 29 33 30 18 13 21 11 24 16 15 16 28 19
1 27 25 11 34 14 14 49 17 33 9 11 15 19 20 22 9 15 38 26
4 14 16 11 22 17 7 28 21 24 14 6 15 12 13 16 4 14 23 13
23 55 46 37 51 56 35 59 47 56 54 32 42 48 47 36 39 52 41 39
1 16 15 7 12 10 2 21 16 17 11 7 7 2 15 4 14 8 19 3
2 6 7 14 9 4 6 16 15 12 7 6 12 3 10 8 4 1 6 12
11 29 38 25 30 26 28 36 30 43 30 14 24 30 27 14 16 29 31 36
35 34 46 36 45 30 34 45 40 39 23 34 24 36 32 18 20 24 38 49
40 35 49 52 25 52 31 40 39 41 43 18 37 41 36 18 27 34 21 37
34 32 43 34 27 36 22 37 29 33 35 14 41 37 16 17 21 35 23 18
26 32 31 38 44 47 25 47 30 46 39 17 22 37 31 26 39 39 40 42
6 4 8 1 10 5 4 13 7 10 1 5 9 5 8 1 11 7 8 7
8 8 8 20 6 14 9 12 14 11 13 3 13 7 8 9 3 1 2 11
8 27 38 19 38 30 21 53 20 38 24 17 32 26 33 26 24 27 37 26
7 15 23 24 20 9 12 23 11 15 11 9 10 13 8 5 3 5 10 21
11 7 12 13 12 8 3 10 15 23 5 3 8 8 1 1 6 6 12 17
6 6 21 19 12 12 14 23 17 20 3 6 10 11 13 8 5 4 14 17
20 32 29 28 39 34 29 48 33 33 28 23 27 28 37 31 24 29 29 31
2 2 1 2 6 1 1 7 5 1 1 2 1 1 3 1 4 1 6 1
12 8 15 16 13 7 5 11 11 20 2 3 1 8 1 1 8 4 14 23
8 9 9 11 9 6 5 14 12 15 5 6 8 1 10 5 12 4 14 8
1 12 9 3 12 8 2 17 12 10 9 11 2 2 16 4 17 8 13 5
7 13 23 14 4 16 7 22 6 17 8 1 14 11 16 1 14 9 12 5
12 21 27 29 28 19 26 36 25 31 19 17 16 25 24 11 15 19 21 31
5 32 24 14 22 23 2 36 9 24 18 6 6 15 15 11 16 17 29 13
30 31 43 33 38 48 26 42 38 41 43 12 44 40 21 27 15 40 30 26
23 27 47 34 20 34 15 39 33 41 26 6 31 31 21 12 17 22 26 25
4 4 7 7 8 6 1 7 9 5 1 2 1 1 1 2 1 1 8 2
21 49 47 39 47 45 28 56 45 65 42 18 20 39 31 19 28 42 60 44
21 46 61 48 36 56 29 57 32 61 46 18 43 42 41 25 42 43 49 33
9 15 10 21 16 20 13 23 22 20 14 5 13 9 13 17 6 7 17 18
1 14 9 19 12 10 13 24 16 17 12 6 13 11 17 14 6 4 8 16
27 34 22 34 33 38 22 29 33 33 39 15 30 31 19 22 17 29 24 29
9 5 5 9 11 6 4 11 15 10 4 9 6 1 8 7 8 1 10 8
24 15 19 22 21 16 10 18 23 9 16 18 16 13 11 10 11 11 12 19
6 11 14 8 14 5 4 21 14 12 6 13 4 1 17 7 16 7 14 11
17 35 33 29 33 21 24 41 26 35 22 23 9 25 27 1 27 25 35 33
34 49 47 44 55 49 41 54 57 64 49 27 31 48 40 30 33 45 55 59
14 28 33 23 34 16 26 44 24 29 15 21 9 25 29 5 24 23 30 32
24 28 35 30 32 32 26 37 18 27 29 24 26 33 34 12 38 31 22 25
1 6 7 4 1 1 1 6 1 3 1 1 1 1 4 1 5 1 7 1
34 24 31 40 30 40 29 32 35 39 36 22 33 35 29 12 34 33 20 31
14 29 46 27 33 31 18 52 20 28 25 22 27 28 35 13 32 27 29 23
35 38 45 52 41 51 38 49 38 45 50 25 49 49 37 28 36 45 30 32
16 6 12 14 11 10 5 5 11 4 8 9 6 7 4 1 9 6 3 10
1 4 2 7 9 2 4 11 9 1 4 4 4 1 6 7 2 1 8 1
33 31 47 24 47 31 36 51 45 48 23 32 34 34 35 29 26 29 45 48
3 1 5 5 1 1 1 4 1 5 1 1 1 1 1 1 3 1 1 7
14 18 20 16 17 15 12 22 18 20 16 14 17 15 20 3 23 18 14 15
5 16 21 11 16 14 8 33 18 27 8 9 12 10 22 5 18 12 20 10
9 23 21 21 24 17 18 40 28 28 11 14 15 10 25 22 12 7 33 24
1 1 8 4 2 3 1 4 4 4 1 1 3 2 3 1 1 1 2 2
9 26 16 16 21 20 4 33 18 29 13 6 2 9 12 14 14 12 33 18
4 7 10 11 13 5 5 14 9 4 6 8 6 1 9 8 6 1 11 7
5 6 11 7 6 7 1 10 10 8 4 5 7 4 7 1 6 1 6 4
27 28 44 26 27 30 11 41 40 37 21 23 21 17 32 14 26 15 41 28
14 31 44 17 40 29 29 49 48 41 29 37 36 26 46 33 26 29 45 29
12 15 11 16 12 16 1 16 13 21 9 1 2 5 4 8 10 7 24 15
10 13 21 22 3 20 6 19 26 22 15 2 17 8 18 8 10 4 16 9
28 39 44 45 33 34 25 49 39 40 27 18 19 26 33 17 26 15 42 42
38 44 34 40 41 45 15 40 38 42 43 20 23 35 24 20 34 36 42 37
6 5 10 13 4 6 1 10 6 7 5 2 8 2 4 1 4 1 1 7
26 32 23 30 26 29 10 28 28 36 27 11 12 19 18 13 26 22 33 31
11 9 7 7 13 1 5 10 8 6 5 10 3 5 7 3 16 7 11 11
16 34 31 34 17 29 16 37 23 31 25 9 20 21 24 13 18 13 26 22
1 1 5 2 1 1 1 9 1 2 1 1 1 1 3 1 1 1 1 2
20 38 54 29 40 32 33 63 28 38 21 22 34 36 38 23 18 25 41 32
8 9 11 16 15 5 10 16 9 11 7 10 7 8 8 8 10 5 9 17
14 40 57 47 31 53 32 58 36 56 47 19 48 45 46 24 31 39 26 30
1 2 5 2 3 1 1 9 1 2 1 1 1 1 4 1 5 1 3 6
9 32 41 32 35 37 32 54 29 44 33 24 31 35 47 25 39 33 28 32
10 21 27 31 9 25 15 27 22 23 27 5 32 24 17 14 4 14 4 16
5 22 12 16 22 15 11 33 19 18 14 13 11 8 23 17 16 11 20 18
2 1 5 4 7 3 2 9 10 2 1 4 3 1 6 4 1 1 6 1
26 42 37 35 55 48 36 52 53 48 48 30 43 40 39 44 17 39 42 47
41 32 34 44 29 33 17 28 34 30 31 18 22 30 11 15 21 24 23 31
1 12 12 5 14 5 1 22 9 4 2 6 3 1 13 8 8 2 18 3
7 46 49 40 43 51 29 62 34 65 43 8 35 44 35 29 27 42 47 39
16 26 30 19 33 27 20 40 43 39 24 26 22 23 35 15 30 25 32 31
29 32 25 33 28 32 13 36 27 21 28 13 26 21 15 23 15 19 26 16
1 18 19 21 9 12 12 26 13 19 11 2 11 11 18 9 8 4 11 16
25 37 65 43 40 49 28 56 40 57 41 25 41 43 43 19 42 40 43 40
14 26 28 17 31 19 15 30 27 32 22 16 17 21 21 8 23 24 26 26
7 5 12 3 16 6 7 22 14 12 1 11 12 5 16 5 14 7 14 8
11 1 4 13 4 8 4 1 10 8 4 3 4 1 3 4 6 1 5 12
2 16 26 9 18 14 7 26 17 27 15 7 14 14 19 4 16 17 21 14
14 24 43 36 26 28 24 45 21 37 19 10 27 28 26 12 20 17 29 25
5 19 23 15 17 19 12 33 19 17 14 11 21 9 26 13 16 9 20 8
3 1 2 6 1 3 1 1 6 7 1 1 3 1 1 1 1 1 3 3
22 41 36 38 48 38 39 50 34 50 40 23 27 46 30 15 26 42 36 45
26 39 62 30 43 52 25 60 51 55 40 24 38 37 47 24 35 39 54 29
13 15 11 18 22 4 11 18 13 16 6 13 1 13 7 2 14 9 13 22
6 5 8 7 6 7 5 11 9 12 4 1 9 5 6 4 4 4 10 6
11 12 8 7 20 4 2 19 18 16 6 11 6 6 8 5 13 9 15 14
1 3 6 7 9 2 6 11 10 1 4 8 6 1 10 9 4 1 7 5
23 17 28 34 16 30 15 23 36 33 26 10 24 19 22 15 17 15 17 28
4 3 6 5 13 1 5 12 11 3 1 11 5 1 9 8 6 1 8 8
23 40 35 34 25 26 12 41 15 28 22 4 19 25 9 15 12 19 32 17
11 7 9 12 6 10 1 9 13 15 4 1 1 3 2 2 7 2 16 13
29 26 43 29 37 26 29 42 42 46 18 28 27 29 35 16 30 24 38 42
24 30 20 28 33 25 27 33 41 34 30 27 27 26 34 24 17 27 22 30
16 11 32 27 22 34 27 24 31 36 30 7 35 29 26 15 19 26 14 28
24 30 31 31 28 21 14 33 25 26 23 12 19 30 10 6 11 22 15 24
2 6 17 8 6 9 4 18 5 16 4 2 12 6 13 1 15 9 5 5
9 18 41 31 24 29 26 43 29 36 24 7 36 29 28 15 10 17 23 23
16 24 19 26 19 23 19 25 17 16 23 12 22 22 22 9 17 15 10 20
4 4 2 2 3 1 1 6 2 4 1 1 1 1 3 1 7 1 9 3
18 30 16 22 32 27 15 33 16 20 26 16 15 22 19 18 21 22 25 23
29 39 47 34 48 38 33 59 58 54 33 40 37 31 49 38 24 30 46 48
7 9 11 11 13 2 5 17 5 9 3 8 4 7 8 3 12 4 10 15
3 8 8 7 7 1 1 14 10 13 3 5 6 3 8 3 9 3 10 8
10 27 40 40 28 41 37 46 29 44 33 19 40 34 45 30 29 30 25 29
1 6 8 15 3 2 9 11 3 10 4 1 4 7 3 4 1 1 5 11
20 34 39 24 42 33 26 45 43 33 36 33 32 30 41 20 32 32 36 29
34 36 31 35 32 39 26 39 28 34 32 25 23 32 35 10 41 34 32 27
22 18 25 24 22 21 20 31 38 32 19 20 23 17 30 18 25 15 26 34
27 25 39 30 24 30 19 41 37 32 21 23 29 17 31 22 19 12 30 30
9 16 16 17 27 2 15 24 16 14 7 15 1 14 12 4 12 10 17 27
19 35 36 28 37 43 14 40 30 48 36 10 24 33 24 25 29 36 49 36
13 33 35 23 44 33 26 53 21 37 29 28 24 29 40 24 41 37 38 28
22 36 44 35 26 41 21 45 38 43 41 13 41 34 32 23 20 31 28 28
12 21 37 23 15 22 13 38 25 28 17 12 27 17 25 9 15 14 18 15
22 25 40 36 34 40 31 43 44 46 33 19 41 33 35 29 14 29 25 38
15 32 42 20 41 29 30 49 37 49 26 19 23 36 32 13 18 32 40 38
13 20 18 17 20 15 3 27 12 9 12 9 12 11 5 11 3 7 13 13
31 48 65 53 35 53 26 58 36 55 43 15 30 45 38 12 41 41 46 37
18 41 42 34 28 28 15 48 23 34 26 5 25 28 15 11 13 24 32 17
14 34 42 34 31 38 26 51 42 54 30 8 26 32 36 19 23 28 38 36
12 22 20 15 16 21 1 25 24 29 14 7 10 5 12 9 16 13 30 11
21 24 47 42 30 36 30 41 41 48 30 13 29 33 32 14 24 25 30 39
26 55 57 55 40 50 29 61 52 56 45 27 35 41 41 27 34 33 46 46
4 24 34 20 21 19 17 40 21 37 16 13 16 22 28 7 23 21 22 15
38 48 48 48 45 42 29 50 49 53 42 25 22 43 31 12 32 39 46 48
21 47 43 46 44 46 25 60 31 55 35 15 22 40 33 30 31 35 45 49
2 1 15 13 12 12 13 19 8 12 9 6 14 11 17 8 10 10 5 8
14 42 58 36 36 56 31 51 49 56 46 23 43 38 46 30 39 43 53 31
18 22 18 28 26 21 22 24 31 30 27 16 22 26 20 12 17 18 13 30
3 2 7 6 1 3 1 1 5 7 5 1 8 2 1 1 2 2 1 3
23 30 51 39 37 53 33 51 44 53 44 14 47 42 40 29 25 35 34 41
1 9 4 9 12 8 5 21 8 9 6 2 6 4 8 10 2 1 9 9
4 21 11 8 11 13 1 21 3 9 9 1 4 5 5 6 6 6 19 1
1 7 1 1 9 3 1 10 3 8 3 1 2 1 1 4 1 4 11 1
13 5 8 11 13 6 3 9 14 15 3 11 5 6 3 3 9 6 4 16
13 27 22 12 25 10 10 29 15 25 10 15 1 15 15 4 24 16 26 22
10 8 11 11 10 7 1 15 6 2 6 8 9 4 4 2 5 2 4 9
15 31 48 34 44 46 39 60 45 52 37 21 49 36 49 41 21 34 41 33
4 16 18 14 1 13 2 15 7 10 13 2 12 4 12 2 10 5 10 1
6 10 5 14 13 7 9 21 17 16 10 10 13 7 15 12 11 4 10 17
1 1 6 1 5 3 2 9 7 7 1 3 7 3 6 1 5 3 1 3
8 26 27 23 32 15 15 39 13 19 15 11 14 17 11 18 2 9 28 24
14 25 16 30 23 17 22 26 20 25 20 14 14 22 21 10 18 13 14 30
22 29 38 43 32 31 31 41 39 41 28 21 25 30 29 13 16 20 28 40
31 29 34 34 31 31 24 37 40 28 26 22 22 23 36 18 28 17 34 36
7 32 33 28 33 34 23 55 23 41 25 11 20 27 34 23 24 25 36 23
25 46 61 50 42 53 38 65 50 56 42 32 41 41 53 32 30 33 42 44
11 22 39 43 25 34 35 38 19 40 27 8 28 34 29 18 19 23 22 34
26 42 58 58 43 58 44 62 42 58 52 28 60 51 50 37 32 42 34 43
7 3 9 6 5 6 1 7 8 7 1 3 3 2 5 1 6 1 6 5
4 40 52 42 39 46 40 61 37 60 44 27 45 45 53 31 41 42 36 37
18 15 26 29 16 29 14 21 29 28 29 4 32 24 12 15 3 18 7 23
18 36 43 39 17 32 21 42 22 32 27 8 17 28 25 4 16 21 28 23
6 8 19 18 11 15 10 13 18 18 19 4 22 13 8 9 1 10 8 11
16 23 29 25 20 23 17 33 11 25 15 8 19 19 21 8 24 17 20 18
7 9 16 21 11 17 13 20 18 20 12 7 19 12 15 11 5 7 1 17
17 26 24 30 24 34 9 38 25 29 27 7 25 21 13 23 7 17 26 21
2 7 6 11 12 10 10 18 22 19 14 4 17 9 13 11 4 7 11 10
4 21 38 36 29 29 32 45 29 42 27 7 32 32 32 16 15 22 22 29
26 39 49 38 39 32 23 44 43 42 29 28 10 28 36 10 33 27 43 44
30 36 45 28 33 37 14 44 40 37 35 22 34 32 25 18 26 35 29 19
7 11 14 12 13 9 10 26 12 14 7 9 11 9 19 9 15 7 13 13
2 6 13 11 3 7 5 14 4 10 4 1 11 3 11 2 9 1 6 6
8 8 14 8 16 5 8 20 19 14 3 15 10 1 18 11 13 4 18 13
17 30 37 38 42 30 35 49 42 44 23 21 24 27 30 31 6 17 39 44
17 30 23 20 25 29 16 32 27 29 25 17 19 20 28 9 28 24 25 16
14 6 13 16 14 9 5 14 17 17 4 10 3 6 5 6 10 3 12 20
32 37 35 27 40 31 17 43 39 36 24 32 15 20 30 16 33 22 43 36
14 33 48 26 38 38 35 59 42 44 30 30 42 31 53 32 21 27 34 31
18 17 23 31 11 25 14 21 23 26 19 8 22 14 18 14 9 8 11 25
6 2 14 14 6 14 9 15 13 13 5 2 10 6 10 5 5 4 10 7
4 17 27 15 24 13 17 36 10 27 9 9 9 21 22 2 22 19 18 22
6 20 31 21 38 26 22 43 26 38 21 11 25 25 19 24 8 23 31 30
7 9 15 19 1 12 4 14 11 15 6 1 7 3 11 4 8 1 9 12
12 19 28 24 14 21 9 30 17 23 9 5 11 12 17 8 15 7 24 16
1 2 20 7 16 9 11 23 14 13 6 10 19 9 19 6 12 9 11 8
4 12 9 14 8 7 7 17 8 10 8 2 8 3 12 8 10 1 13 10
21 34 29 30 50 38 32 50 24 36 31 31 22 35 40 27 41 39 41 34
14 31 48 45 33 35 40 54 31 37 32 19 33 38 38 16 15 23 26 35
4 7 9 5 7 3 1 14 5 7 1 5 3 3 9 1 10 1 8 8
9 32 39 32 16 31 20 40 23 38 23 6 19 26 28 9 18 17 24 22
8 16 17 6 28 17 9 31 26 25 16 13 17 9 21 17 15 18 27 15
12 31 24 28 22 33 14 41 25 22 29 7 30 23 21 25 5 18 19 12
2 1 4 6 1 3 1 8 7 4 1 1 2 1 6 1 3 1 6 2
1 4 2 3 4 1 1 10 5 4 1 2 1 1 6 2 5 1 8 2
16 28 50 41 26 43 31 54 34 40 32 18 40 29 45 26 26 24 29 29
6 6 9 9 4 4 1 7 2 3 4 2 4 1 4 1 7 1 7 6
20 15 4 13 30 11 18 19 26 14 14 28 9 15 20 13 22 17 19 25
8 15 9 13 16 14 1 21 13 14 7 6 5 3 7 10 5 5 20 8
45 46 52 56 42 56 32 54 51 54 50 21 38 50 38 17 39 43 38 41
16 18 20 27 5 23 7 22 15 12 18 1 19 13 10 10 4 4 13 10
6 8 7 8 4 4 4 11 6 11 4 1 4 1 8 4 10 1 10 8
23 31 40 26 52 40 44 58 50 51 36 33 43 39 55 33 36 40 41 42
4 20 39 15 28 27 27 42 25 43 26 12 32 31 34 16 22 30 26 25
16 44 38 27 52 42 25 64 43 52 34 32 31 31 42 45 26 32 53 44
3 12 12 14 16 10 13 29 17 13 9 8 14 9 21 15 8 3 13 16
3 5 2 9 3 6 7 9 10 5 7 2 7 3 9 7 5 1 7 3
6 11 13 10 21 4 13 28 17 11 6 15 13 4 20 17 10 1 22 17
8 13 13 14 15 1 7 18 7 13 1 9 1 9 7 1 13 5 12 18
7 11 15 14 11 9 6 16 10 6 9 9 10 5 15 9 11 1 12 7
8 29 42 29 26 28 22 42 19 39 25 12 23 27 30 7 29 26 27 22
2 2 2 5 4 1 1 6 2 7 1 1 1 1 1 1 2 1 2 8
24 50 54 47 39 44 32 60 35 48 42 15 37 44 32 17 22 38 42 32
1 8 6 6 12 1 1 15 10 7 2 5 6 1 9 6 7 1 13 4
42 40 39 51 34 51 34 48 44 41 43 27 35 41 43 23 42 36 31 37
23 49 55 37 47 44 35 63 44 49 46 25 43 46 40 29 24 40 43 43
25 43 49 45 46 50 31 63 35 50 47 11 48 49 25 35 16 40 37 30
6 39 56 38 47 49 43 66 41 61 47 25 49 48 56 35 34 45 40 39
9 6 6 6 11 4 8 8 3 5 5 8 5 8 9 1 14 9 6 11
9 11 7 6 23 7 3 15 10 1 6 13 4 3 4 9 8 7 13 10
27 37 50 37 49 44 44 62 35 38 38 33 53 43 50 39 30 34 37 41
18 23 3 16 28 17 14 20 16 15 19 15 3 14 14 14 20 19 23 20
14 30 44 22 35 23 23 47 38 41 15 29 17 23 34 21 23 19 44 34
29 22 28 36 22 26 15 24 30 28 22 16 11 19 19 10 25 15 22 33
14 2 17 14 14 15 9 9 23 17 11 10 16 10 10 4 11 12 5 14
19 29 31 28 33 18 20 39 31 30 17 22 20 16 24 17 21 14 32 31
36 27 33 18 53 34 43 40 57 44 36 44 39 38 44 37 27 38 41 48
3 1 9 5 8 5 4 13 9 11 2 6 9 5 8 3 6 5 4 7
26 23 45 27 41 38 31 49 35 41 23 25 38 24 39 31 26 23 43 34
21 17 20 21 11 18 1 19 15 10 11 4 11 9 4 3 10 6 16 7
3 26 26 14 18 19 10 36 12 30 7 1 2 14 15 3 12 15 31 15
22 48 61 64 44 54 47 69 32 51 51 21 55 57 43 40 24 42 33 39
11 16 19 26 14 19 12 25 16 12 19 10 20 15 17 15 7 6 4 18
20 16 26 26 21 17 15 23 17 21 11 14 12 20 12 5 15 12 10 25
2 11 21 24 5 20 16 22 11 17 16 1 21 17 17 10 5 8 1 12
5 17 11 7 25 18 6 29 13 18 12 9 9 13 11 19 7 15 23 13
26 16 16 24 20 18 9 13 27 24 15 18 10 12 11 5 22 13 16 26
3 13 15 3 16 11 5 29 7 14 3 8 6 6 18 4 18 11 17 7
11 2 17 17 11 13 10 14 29 18 9 9 15 3 16 13 5 1 15 18
14 4 10 6 11 9 5 9 13 14 5 8 10 8 6 1 11 10 10 11
13 17 26 5 35 16 12 34 35 29 13 23 19 12 26 17 19 19 35 20
20 35 43 33 37 34 25 51 49 46 29 30 23 25 44 27 35 23 46 44
10 15 12 15 20 4 11 22 12 14 7 14 6 11 13 9 16 7 15 21
5 20 26 23 7 25 14 33 16 25 20 1 26 16 24 7 13 12 12 7
40 47 34 37 38 43 11 43 43 45 39 22 20 31 22 16 33 37 42 30
26 31 39 28 27 28 10 42 32 29 19 19 19 14 24 17 21 13 39 27
8 6 11 9 13 5 6 16 14 7 4 11 7 2 15 9 11 2 12 8
11 38 34 36 36 38 22 49 30 41 41 5 34 39 15 30 2 29 31 29
7 33 33 29 30 41 23 49 22 43 36 9 34 30 33 27 27 33 35 19
24 18 33 26 40 27 32 38 51 43 27 26 35 28 31 30 16 21 33 47
11 17 14 16 23 13 16 28 30 20 14 17 18 9 24 17 16 11 20 21
28 43 59 47 36 44 31 54 44 54 34 24 19 36 44 9 38 33 49 42
17 22 38 30 31 37 17 40 30 44 28 6 25 26 27 16 25 27 33 28
5 8 7 6 16 1 3 15 9 2 2 10 3 1 10 6 11 2 13 8
6 1 9 3 4 5 1 4 2 4 1 3 3 2 3 1 5 3 1 7
8 24 23 21 24 31 18 34 31 41 27 4 25 22 21 25 9 20 33 27
16 11 20 18 16 15 4 20 20 20 7 11 12 8 10 6 11 6 16 18
12 27 20 11 25 22 6 31 23 31 15 16 9 10 20 12 25 19 34 17
27 30 49 40 32 46 24 45 33 41 35 21 26 30 43 15 45 33 39 28
4 11 11 18 5 5 9 16 7 17 4 1 3 7 7 3 5 1 12 14
11 8 5 8 16 1 7 10 11 1 7 14 4 6 9 6 15 8 8 11
33 52 56 49 43 46 25 63 42 52 38 16 30 38 24 22 19 35 51 33
2 3 9 7 14 8 7 18 4 8 3 5 9 5 10 6 7 6 6 6
7 1 3 7 4 3 1 4 8 8 1 1 1 1 1 1 6 1 10 6
22 21 35 26 15 26 10 28 32 28 18 12 19 16 25 9 21 14 27 20
17 13 11 20 21 16 17 23 25 17 16 17 14 15 21 15 16 12 12 24
11 19 39 27 20 38 22 35 38 44 30 9 32 23 34 15 22 24 20 23
21 27 36 44 26 34 26 34 46 47 32 15 28 30 27 22 9 21 24 39
21 15 13 15 11 13 5 9 18 20 10 10 1 7 12 1 25 12 21 20
15 7 11 10 11 8 1 12 17 18 3 6 2 2 5 1 14 4 16 17
9 3 2 9 11 2 7 3 9 6 7 9 6 4 4 3 10 6 1 12
8 18 32 32 27 35 27 36 25 37 30 8 38 29 27 21 16 24 16 23
26 40 62 50 34 60 33 57 36 58 50 14 51 45 44 29 40 44 47 38
22 46 59 43 46 46 36 65 57 64 40 32 35 42 52 27 45 39 57 48
19 11 22 23 27 22 22 29 22 24 17 18 18 21 27 12 28 21 19 26
1 1 1 5 3 1 1 2 9 4 1 1 3 1 1 2 1 1 1 1
5 4 5 7 7 8 1 8 9 12 1 1 1 1 1 2 1 1 14 5
33 61 59 55 45 57 26 69 57 62 52 19 39 44 38 35 27 39 55 39
9 23 22 22 16 30 9 31 20 30 24 1 23 19 13 16 5 14 23 15
36 24 48 41 41 42 38 51 50 49 32 31 36 34 49 22 39 30 43 46
12 16 28 29 24 25 25 27 8 23 24 16 26 25 26 13 29 24 14 24
5 6 17 6 18 13 7 25 15 11 1 8 8 3 14 10 7 5 20 10
4 3 6 10 7 5 4 9 12 5 4 6 4 1 8 7 4 1 7 4
18 14 29 17 28 26 16 24 41 35 24 14 22 20 21 17 13 21 32 30
29 40 36 29 47 45 23 51 35 41 43 21 34 45 26 26 23 45 35 33
14 5 12 12 13 10 1 8 14 12 3 7 4 1 1 2 10 3 14 12
9 15 19 12 16 12 8 17 17 22 16 11 15 9 15 6 20 17 18 15
37 45 43 57 40 47 33 43 51 53 49 17 31 48 27 17 24 37 34 51
5 18 24 24 21 15 20 36 17 24 11 7 11 19 21 8 11 11 21 20
3 10 6 1 20 2 3 22 9 4 1 11 3 1 11 10 9 2 19 11
16 25 34 30 24 27 17 34 13 29 15 5 15 23 12 8 13 16 25 23
11 17 17 12 12 12 1 18 15 16 11 8 11 4 10 1 15 8 17 4
14 2 12 14 19 8 14 19 25 16 5 17 13 7 15 16 5 1 11 26
30 15 38 23 42 30 35 43 38 34 21 31 33 27 37 28 26 25 34 39
1 9 7 14 7 3 6 16 4 9 4 1 5 4 6 5 3 1 9 9
16 33 28 28 20 22 7 38 19 23 19 6 19 17 13 13 11 13 24 10
20 20 22 27 30 20 23 29 28 20 19 23 20 20 24 18 16 14 17 30
43 38 37 21 52 36 34 46 50 41 30 41 27 29 42 36 35 31 54 48
6 2 4 1 16 1 4 12 10 1 1 14 2 1 7 5 9 3 7 15
33 35 32 40 43 37 35 47 51 47 34 32 34 33 41 28 33 28 40 47
6 10 10 11 8 5 1 10 3 11 5 2 8 5 1 1 3 1 6 10
18 15 23 16 33 9 22 34 26 20 8 25 18 15 23 21 13 9 25 31
11 7 10 12 13 4 5 8 9 8 6 11 4 7 1 3 10 7 1 16
25 22 33 22 39 31 21 41 37 37 24 20 23 25 30 22 26 27 39 32
16 21 19 24 24 13 16 29 20 15 17 19 18 15 20 15 18 9 17 25
9 7 7 3 11 3 3 10 7 6 3 9 5 5 8 1 14 6 8 9
9 11 12 24 11 13 14 18 22 27 12 4 15 13 9 10 5 4 9 21
31 40 47 31 44 29 25 50 41 43 25 35 24 32 33 17 29 26 42 41
4 3 1 2 9 1 1 7 1 1 1 2 1 1 1 2 5 1 7 6
4 7 15 4 16 2 8 24 10 10 1 11 6 7 14 5 10 3 11 17
16 10 9 18 9 10 8 11 16 18 9 7 5 7 10 4 17 5 10 21
11 8 11 13 12 8 13 12 11 16 11 10 14 14 11 5 13 13 1 18
11 10 13 6 11 9 2 17 12 16 3 8 5 3 12 1 16 8 17 11
14 22 27 31 15 25 19 34 18 28 19 5 27 22 20 11 14 9 16 19
7 16 8 17 10 19 2 19 6 13 16 1 12 8 1 11 1 6 13 5
30 29 35 28 36 28 17 40 31 23 24 20 31 22 11 27 6 20 29 23
24 29 33 32 27 31 24 42 34 27 32 19 39 31 30 21 21 25 17 25
14 13 5 13 17 6 9 11 8 8 9 13 2 9 9 2 18 11 13 18
1 3 6 5 2 1 1 8 4 8 1 1 1 2 1 1 1 1 3 6
13 33 46 23 32 33 20 41 37 48 30 17 27 29 30 16 21 27 40 30
2 4 4 7 11 1 2 11 8 1 2 5 2 1 5 6 3 1 9 2
21 20 20 18 25 14 13 24 26 20 11 23 9 12 21 10 23 14 22 28
8 13 21 19 16 9 11 20 3 14 6 6 10 13 7 3 9 7 11 17
1 1 2 1 4 1 1 1 1 1 1 2 1 1 1 1 2 1 1 1
11 35 43 30 29 37 19 38 34 37 28 24 22 22 34 19 38 26 43 27
15 29 35 24 29 26 14 35 32 37 27 21 23 22 26 13 27 24 28 23
23 23 39 23 22 32 12 29 38 37 27 13 26 22 24 14 20 21 32 28
3 4 11 2 7 4 1 12 3 2 1 5 3 1 9 1 10 2 5 4
28 34 41 36 36 39 30 43 33 49 32 26 17 36 40 12 49 37 37 39
16 34 34 31 32 40 14 47 29 34 28 12 24 22 29 30 24 21 42 31
10 13 11 10 23 14 6 26 20 16 6 11 6 4 11 16 8 7 27 17
5 5 3 4 11 1 1 13 5 5 1 9 1 1 9 4 12 3 7 10
12 12 19 17 2 12 1 15 3 10 5 1 7 9 3 1 4 1 5 10
11 10 15 20 9 15 8 16 23 17 15 7 18 8 14 11 7 5 11 10
1 9 22 20 5 21 16 19 16 23 20 1 28 19 17 10 3 12 1 12
35 36 24 43 27 37 28 30 34 30 36 23 25 31 30 20 26 25 19 35
1 7 10 8 1 7 7 16 7 14 6 1 12 4 15 5 10 5 9 6
16 31 31 15 19 30 2 34 15 22 19 10 13 15 18 7 20 19 29 7
7 7 10 6 6 5 6 12 6 10 4 5 10 5 12 4 13 5 8 7
9 1 8 16 4 11 7 5 15 13 7 1 9 3 6 7 4 1 10 7
34 39 29 41 30 37 22 38 33 30 35 12 32 31 20 22 18 25 26 26
10 5 15 15 8 15 12 18 16 20 8 6 16 10 14 7 11 8 8 12
19 9 12 14 11 10 3 5 19 17 7 9 3 5 6 1 19 8 12 18
18 16 27 28 15 25 13 23 32 33 21 8 21 19 20 10 18 14 15 28
5 1 1 6 6 1 2 2 8 6 4 4 6 1 1 1 6 3 1 7
8 2 5 9 5 5 2 2 6 7 3 4 5 1 1 2 6 2 3 6
1 26 27 18 23 25 16 42 26 30 19 15 20 18 33 17 21 17 22 17
13 14 14 20 5 15 4 16 12 7 14 4 14 9 7 6 5 5 6 4
3 1 10 5 1 7 3 7 3 6 1 1 4 4 6 1 6 3 2 2
35 38 45 42 28 32 14 40 37 42 30 17 18 30 22 3 30 26 35 35
3 7 10 4 9 3 1 16 10 5 1 7 3 3 12 5 8 1 12 3
49 45 41 42 51 43 30 51 52 49 37 37 30 38 35 29 32 34 50 52
18 14 10 15 13 9 8 12 16 20 8 11 5 8 12 3 21 11 14 20
41 42 48 51 40 46 39 51 54 52 39 33 30 40 50 17 43 33 39 54
24 46 63 57 35 55 38 58 36 62 45 18 29 46 49 16 43 39 46 46
4 1 8 10 1 7 2 4 4 3 3 1 6 1 4 1 1 1 4 1
9 5 6 1 18 8 6 11 16 18 10 5 11 10 4 5 8 13 13 16
12 8 10 13 12 4 4 6 7 6 7 9 4 7 1 1 9 6 3 15
16 4 10 13 10 10 4 7 18 16 7 8 8 2 6 4 14 5 12 15
1 6 11 7 4 5 3 13 4 8 1 3 5 4 9 1 7 3 8 6
26 29 36 38 29 24 17 36 28 28 21 16 19 25 14 11 13 17 25 32
12 19 32 8 30 17 16 40 35 35 14 29 22 19 33 16 26 21 28 26
20 28 26 19 26 29 19 29 31 37 27 25 17 27 32 7 38 34 27 22
4 3 2 3 9 1 1 6 2 4 1 3 1 1 1 1 4 1 6 8
34 37 41 25 52 42 31 52 58 55 38 31 32 33 44 36 32 38 56 50
20 27 47 32 33 38 21 49 30 40 25 20 32 21 36 19 34 24 40 28
10 31 30 21 34 33 17 39 11 35 31 12 25 29 25 17 33 37 31 20
3 5 10 9 13 12 11 20 6 9 7 4 12 8 12 8 9 7 9 7
31 31 44 44 37 46 35 41 59 51 44 24 36 37 43 31 19 34 37 45
20 24 21 18 20 17 9 20 19 20 20 16 15 18 17 1 24 19 18 17
5 6 8 10 5 5 4 10 11 13 6 1 9 2 8 4 7 3 11 5
15 27 35 35 29 33 28 48 28 37 23 15 28 27 37 23 19 22 22 28
32 39 44 32 35 38 12 44 43 32 32 24 25 22 28 21 30 26 43 26
21 14 17 14 38 20 31 30 44 32 25 29 27 25 33 25 18 23 26 37
25 49 46 48 33 41 26 54 41 48 41 18 36 38 30 24 17 30 29 29
4 7 15 15 11 12 9 14 19 11 16 7 21 9 12 11 3 6 9 7
13 13 31 13 24 26 14 32 34 35 19 12 22 15 28 12 23 22 30 22
13 7 10 16 10 12 8 15 18 15 8 8 8 4 12 9 13 1 15 15
32 43 35 41 31 44 25 38 42 36 41 28 24 33 36 18 38 32 32 32
20 44 40 40 39 38 22 57 36 48 31 15 13 30 32 26 27 27 54 42
34 44 45 34 52 40 28 59 46 43 44 25 45 38 28 41 19 39 46 36
21 17 19 21 12 17 9 12 19 19 19 10 17 14 14 3 18 13 11 15
34 28 31 20 43 24 28 37 34 27 23 38 26 28 29 23 21 22 31 40
18 33 39 19 44 44 20 51 45 50 35 24 28 29 38 30 34 38 50 34
8 3 9 5 4 8 1 9 9 10 1 1 4 2 6 1 8 1 12 6
29 25 35 41 27 36 27 38 29 29 31 20 31 34 29 16 25 25 14 30
6 9 8 7 8 6 5 15 8 8 5 3 6 2 13 5 12 3 13 7
17 16 30 31 30 30 30 35 32 32 26 20 33 25 36 20 28 23 22 30
25 46 49 38 48 43 32 62 46 49 42 23 40 41 37 30 23 37 43 41
25 45 50 46 27 50 24 46 51 50 45 24 35 33 43 26 30 31 35 33
17 27 36 23 31 22 21 43 30 41 15 19 12 25 27 4 25 25 33 32
17 37 43 38 37 36 33 51 36 46 35 26 33 37 44 20 30 33 22 34
1 1 2 7 1 1 1 1 1 1 1 1 1 1 1 1 1 1 1 3
8 9 12 13 10 8 5 14 13 6 7 8 8 1 13 8 10 1 10 6
37 47 39 51 39 49 25 49 37 45 43 17 37 39 21 35 14 32 33 40
1 26 26 29 25 28 28 45 7 32 23 4 24 29 27 22 18 21 27 23
10 10 5 10 20 7 8 19 15 5 7 13 8 1 13 13 12 5 16 11
38 26 48 27 35 37 25 47 37 33 23 24 40 32 27 26 15 26 32 29
9 11 20 19 9 16 16 25 10 23 11 5 17 15 21 8 18 10 10 14
24 38 40 46 35 37 27 48 38 42 29 15 13 29 31 14 21 20 42 42
1 13 12 5 5 7 1 14 7 12 6 6 3 3 13 1 14 8 15 3
4 32 26 17 26 23 8 37 21 27 20 18 13 13 23 16 22 19 32 13
11 6 8 11 8 6 2 4 2 3 7 6 8 5 1 1 8 4 4 8
4 9 1 1 10 4 1 11 5 6 1 1 3 1 4 5 6 3 13 5
1 2 7 6 3 5 6 10 2 3 3 1 7 3 8 3 3 2 6 1
28 22 34 32 25 27 15 34 26 24 20 16 25 25 18 10 19 19 18 24
14 38 43 31 40 43 27 60 32 39 38 22 41 31 43 30 28 33 35 25
19 19 34 28 36 33 31 34 32 36 35 22 35 36 34 17 28 35 21 32
27 21 32 31 41 24 34 43 35 35 17 28 20 28 33 18 27 20 34 41
15 23 17 20 21 19 12 31 18 14 18 12 20 15 19 14 15 10 15 16
36 33 34 40 22 39 21 33 36 31 32 18 17 29 33 7 34 24 27 32
11 21 24 30 18 15 15 30 15 17 17 8 16 18 13 12 6 6 15 19
9 12 15 12 9 11 3 14 18 20 9 8 9 2 12 3 15 8 17 8
7 2 6 13 6 9 6 11 17 14 6 5 8 2 8 8 4 1 7 9
3 1 3 5 5 2 3 4 4 1 3 3 4 1 4 3 4 1 1 3
19 17 17 19 14 17 1 17 15 21 8 7 7 4 9 6 19 7 25 19
10 9 15 15 9 10 3 16 5 4 9 6 11 7 7 3 7 3 6 8
4 10 11 20 9 14 13 12 19 18 18 5 21 11 12 13 3 8 1 14
2 1 8 3 2 3 2 4 2 2 1 1 3 3 4 1 3 2 1 2
29 23 38 31 27 35 23 38 35 37 25 21 17 24 39 6 40 28 33 30
7 13 22 21 10 11 7 17 14 23 5 1 2 9 3 1 4 3 17 18
5 21 19 14 21 9 6 31 11 14 5 10 9 6 14 11 10 4 23 15
18 46 49 54 42 55 29 62 28 56 43 9 34 45 35 33 30 35 43 45
20 31 30 32 20 32 17 37 26 30 25 11 29 19 26 19 17 17 23 23
1 3 2 1 1 1 1 6 3 7 1 1 1 1 3 1 5 1 5 1
5 9 15 14 1 11 7 11 5 7 9 1 15 7 11 5 7 4 7 3
9 1 14 15 11 10 5 11 19 7 5 7 6 1 8 8 5 1 14 11
35 30 31 35 29 30 13 27 33 34 27 18 14 23 14 8 27 23 30 34
14 2 13 11 16 8 4 14 22 18 3 13 8 2 8 7 9 4 14 20
36 47 30 41 40 34 27 42 37 48 29 23 1 34 30 6 39 34 50 49
4 17 20 4 11 13 7 25 11 16 7 7 8 9 20 4 18 13 21 5
5 7 9 9 3 6 1 9 6 8 1 1 1 1 4 1 5 1 13 5
3 8 9 19 13 12 13 18 17 11 13 9 14 8 15 16 4 4 6 16
2 13 11 13 9 11 2 17 9 11 13 1 14 4 5 7 2 5 12 2
26 33 44 31 33 33 14 44 40 36 30 20 29 25 25 16 24 24 34 28
39 54 49 57 42 47 32 56 43 53 42 24 36 40 34 31 24 32 42 49
10 33 23 16 32 20 13 36 28 36 22 22 15 20 22 14 30 26 33 24
4 5 21 14 11 16 12 17 1 15 10 4 18 13 16 4 18 13 7 9
5 5 12 14 10 8 5 17 7 6 6 7 9 5 11 6 7 2 5 11
13 43 39 27 55 34 33 58 39 53 38 23 25 40 32 31 17 38 52 46
14 32 36 23 25 38 10 45 10 29 27 4 23 25 22 14 23 28 30 11
13 24 37 28 16 35 16 35 42 41 27 11 23 21 36 13 24 22 27 21
13 18 19 21 10 13 3 22 10 12 9 2 9 13 2 1 3 3 11 11
16 18 23 20 15 26 11 30 21 28 14 4 13 12 23 9 24 14 27 18
4 17 8 17 20 14 11 29 19 21 13 7 13 10 13 20 4 6 17 16
12 19 21 17 18 23 12 30 19 24 15 9 20 11 21 12 20 17 22 11
25 15 13 26 20 17 14 13 23 21 16 15 6 13 11 6 21 13 19 28
35 35 50 54 31 52 31 48 32 42 44 18 43 43 34 25 37 35 32 37
4 27 20 31 21 19 18 34 21 27 16 4 15 17 16 15 3 7 20 21
5 4 8 8 8 1 1 9 5 9 1 5 3 4 3 1 5 1 5 11
14 21 22 20 18 16 9 26 24 20 22 16 20 14 19 9 19 15 12 17
20 26 20 33 24 18 19 28 26 29 22 13 20 23 14 10 15 13 18 29
20 36 46 35 48 49 28 57 35 59 40 21 34 39 41 31 42 44 53 43
5 4 21 11 2 14 5 14 13 22 5 1 13 9 13 1 13 10 10 3
32 24 27 32 28 26 23 34 36 25 22 26 23 22 28 18 20 13 24 35
1 1 3 6 4 1 1 2 5 1 1 2 3 1 1 1 1 1 1 1
7 16 28 5 22 14 9 33 28 24 6 21 10 8 26 13 13 9 30 17
6 14 15 12 19 1 11 26 13 14 4 14 8 8 16 11 13 4 17 20
9 31 24 31 15 23 14 36 11 23 22 1 23 21 13 15 5 10 20 16
14 28 28 24 17 28 9 30 24 26 23 11 18 14 23 11 21 13 25 16
14 24 26 27 27 19 14 30 19 24 21 10 24 22 10 13 9 15 19 21
8 1 7 9 12 3 4 6 6 1 4 10 4 3 4 5 9 5 3 8
29 17 30 33 28 33 24 26 24 29 25 20 21 28 24 9 31 26 17 28
13 24 35 26 8 35 11 34 27 28 24 8 23 19 27 8 20 15 19 9
55 57 51 56 42 60 32 56 47 51 50 30 28 46 44 19 52 49 53 44
4 6 5 5 2 3 1 7 6 6 2 1 1 1 8 1 10 1 10 2
10 15 15 23 22 9 14 23 17 20 9 11 3 13 11 5 9 9 16 24
1 10 7 9 2 3 1 11 1 3 2 1 2 1 2 1 3 1 9 3
1 3 7 9 9 4 6 16 13 7 5 6 10 2 13 9 5 1 9 7
22 31 55 40 47 38 46 60 55 60 33 26 45 42 48 36 15 31 42 54
1 10 6 4 15 1 5 19 11 4 1 10 5 1 12 9 8 1 17 7
10 44 50 39 47 43 31 65 29 51 39 22 33 40 42 24 36 39 43 33
5 1 6 8 8 5 6 8 6 3 6 5 7 3 7 6 6 1 6 5
