1000 20 12 1010
1 13 7 6 6 1 6 2 9 2 3 2
5 10 7 6 2 3 8 11 11 8 13 1
1 1 1 1 7 6 7 6 2 1 2 4
4 2 9 0 1 1 8 1 8 3 1 3
4 5 1 4 6 2 1 3 1 1 6 7
14 22 9 9 2 1 1 4 12 0 3 23
11 3 10 3 7 10 1 3 2 2 1 6
4 9 8 4 11 6 10 5 4 4 6 4
3 5 11 9 7 6 2 6 4 9 2 3
10 12 7 5 5 4 6 2 20 5 7 0
4 4 1 17 7 7 4 3 4 1 4 8
5 2 4 3 4 4 3 6 5 10 8 6
1 3 4 0 5 2 4 4 8 3 3 4
8 1 0 15 4 3 3 3 5 9 7 1
4 15 5 10 5 13 2 4 5 6 2 6
3 5 6 2 2 0 0 3 2 4 0 5
5 1 7 6 11 12 25 8 9 2 5 2
8 3 8 5 10 12 3 4 5 3 6 2
2 9 2 1 7 3 4 16 1 2 6 19
0 2 3 8 0 6 0 8 1 2 2 2
5 9 4 13 7 27 4 17 1 5 13 2
12 8 1 6 11 3 19 15 10 12 8 2
9 17 4 3 1 20 8 5 3 6 1 1
10 1 9 12 4 2 0 6 7 3 4 4
3 2 5 6 1 4 0 1 11 0 8 4
3 2 11 5 6 5 7 0 1 3 1 9
3 3 3 2 11 2 2 8 0 1 7 2
10 4 2 5 3 5 0 10 14 16 2 2
2 2 2 1 0 0 7 1 1 1 2 5
9 3 17 3 9 2 18 5 6 17 4 19
13 7 18 11 4 6 11 20 9 12 2 4
5 1 2 10 4 5 12 5 11 14 8 4
6 6 2 6 0 6 1 0 5 4 4 2
2 6 4 0 1 3 3 0 4 3 7 7
5 7 18 7 16 3 0 11 8 9 9 0
3 4 4 10 10 0 5 2 5 21 0 3
1 6 3 5 1 5 9 2 9 6 4 4
6 4 4 16 5 13 21 9 3 10 8 13
18 10 11 17 2 9 9 19 2 1 8 4
3 8 3 2 6 0 0 2 1 4 8 6
5 0 4 4 7 7 5 2 0 3 8 4
1 1 3 7 1 2 6 3 2 2 0 1
3 1 0 1 9 3 5 10 11 9 3 27
0 1 0 2 6 4 6 5 2 4 4 4
10 8 7 6 1 13 2 7 8 14 3 2
9 7 3 1 2 7 1 12 1 12 4 5
4 4 5 7 3 1 5 7 1 9 3 2
4 4 13 2 6 6 13 2 5 8 8 2
2 8 4 1 6 3 0 7 2 3 4 3
7 5 4 15 12 5 2 14 2 0 0 13
8 8 11 1 7 12 4 1 5 6 0 4
1 5 0 3 0 1 1 3 8 0 1 1
16 2 4 4 12 0 5 21 5 4 8 1
8 3 8 8 2 5 2 6 15 14 2 7
15 4 0 13 16 8 2 3 2 13 3 11
6 1 2 1 11 3 10 2 2 7 10 2
6 1 5 7 2 5 13 5 3 5 1 4
14 11 0 1 7 2 11 7 4 3 4 11
6 1 9 4 2 4 3 4 2 6 10 4
5 4 7 0 2 1 1 1 2 1 3 1
6 2 11 12 6 2 8 4 3 1 3 10
1 1 5 4 4 2 6 1 2 1 1 4
9 6 3 4 0 5 1 6 1 0 7 11
4 2 2 12 29 18 6 1 9 4 5 3
4 2 4 0 1 2 8 3 3 7 2 1
8 3 18 10 3 1 15 13 2 5 20 13
6 21 2 9 7 6 8 5 8 9 6 12
2 25 7 12 12 7 7 12 8 8 5 9
11 11 8 4 0 1 5 8 0 5 6 10
2 2 6 9 4 1 6 4 4 5 4 1
1 4 6 2 2 2 1 8 2 5 8 8
4 12 6 2 0 4 14 9 13 10 14 1
9 6 7 3 3 0 10 3 7 4 3 5
15 11 1 25 6 2 10 13 2 2 4 17
6 22 8 5 6 1 5 13 4 10 8 13
2 5 3 1 10 5 6 2 12 4 11 3
3 3 5 10 6 8 2 3 2 14 6 11
3 0 0 3 4 3 3 4 3 7 0 3
8 10 21 4 10 10 9 7 14 3 1 8
2 2 7 8 8 6 16 3 11 5 5 3
3 8 2 6 4 1 1 6 1 2 3 2
2 4 15 12 13 0 7 7 17 1 0 11
1 0 0 0 1 3 5 3 6 1 7 6
1 7 1 2 2 4 6 5 3 2 0 0
9 16 1 22 3 12 10 17 9 7 4 9
14 4 4 10 5 6 8 16 3 5 5 6
8 4 1 7 10 2 11 11 17 3 6 15
4 23 2 11 1 4 0 2 1 5 5 4
0 4 2 0 6 4 8 0 2 1 1 3
1 1 7 1 1 3 5 3 5 1 0 1
3 3 4 7 4 2 13 1 5 2 7 12
3 5 17 1 3 12 5 9 6 15 8 16
15 2 7 0 4 1 2 2 2 1 2 0
6 5 5 5 3 2 7 4 0 1 3 2
6 6 4 4 1 4 8 2 3 3 4 6
11 13 6 0 6 8 1 2 10 11 3 0
11 7 15 16 1 7 4 9 4 22 14 8
8 5 3 8 4 3 4 11 2 0 1 11
3 6 3 5 5 1 1 13 6 3 8 2
9 18 1 4 5 7 11 4 1 10 1 24
0 2 10 6 13 17 10 14 5 9 20 6
21 21 3 0 2 15 11 1 8 0 7 3
1 5 14 2 2 4 4 7 9 7 6 3
7 5 0 3 7 6 1 6 9 0 0 7
1 2 1 1 1 3 1 8 6 6 1 7
8 23 7 6 2 2 10 3 6 6 7 4
8 6 3 3 0 2 2 3 1 3 3 2
10 2 13 15 12 15 1 4 15 4 18 12
13 14 1 4 2 3 7 0 2 19 2 0
5 7 4 7 11 2 1 7 9 6 1 14
10 8 3 11 10 6 20 3 4 4 2 1
1 2 3 11 1 4 2 5 5 7 2 10
9 11 0 4 8 12 1 1 2 0 10 2
7 2 4 4 7 21 2 12 2 5 3 7
1 1 5 3 1 12 4 18 4 7 3 0
2 0 2 9 6 2 3 5 2 9 3 0
16 9 19 13 9 19 1 4 5 3 1 2
11 3 6 2 10 7 4 4 6 3 10 10
6 1 2 6 9 2 1 10 5 5 9 13
3 6 4 1 3 3 5 1 5 5 1 3
2 10 0 1 3 6 19 2 9 1 1 10
9 3 7 3 1 5 14 1 3 16 6 3
10 2 3 3 2 9 3 27 10 7 7 8
1 14 9 7 1 18 1 0 10 1 12 9
7 2 1 0 4 8 4 5 2 5 10 5
18 5 5 5 12 5 10 14 18 7 10 2
10 1 2 2 7 1 4 6 3 1 0 6
8 1 15 3 12 0 0 12 3 14 11 6
3 11 10 5 4 2 1 1 5 2 11 5
4 14 8 3 3 15 5 16 5 4 1 5
4 10 3 8 6 7 5 8 18 8 3 18
3 4 14 4 9 1 2 0 2 8 4 2
2 12 9 14 0 23 2 3 6 4 3 8
0 2 2 3 7 1 2 4 6 6 8 1
3 1 2 5 4 4 2 12 4 1 5 2
1 6 1 1 6 12 8 6 1 2 1 8
3 4 3 0 14 3 5 6 1 2 5 1
5 1 4 6 4 3 10 3 1 3 6 0
4 7 13 2 2 2 4 8 3 4 11 3
2 2 3 2 6 4 3 2 4 11 7 8
8 1 5 9 13 14 9 1 1 2 4 15
0 2 7 7 10 3 9 3 8 10 24 15
14 8 6 0 20 14 3 5 3 12 3 1
5 0 10 7 11 0 3 6 11 4 5 4
4 10 1 3 11 1 4 19 16 4 0 16
14 6 1 12 2 5 6 2 0 9 5 3
5 5 1 9 2 1 9 2 3 5 3 5
3 3 10 3 3 6 3 8 6 5 7 5
2 4 10 3 6 4 1 2 1 4 3 8
2 4 2 5 6 7 4 7 4 20 3 3
21 6 12 9 16 4 2 11 3 14 9 7
2 5 11 2 5 5 3 11 5 3 5 4
1 7 3 14 20 6 6 10 11 16 6 6
2 6 4 4 9 7 30 3 9 9 3 12
3 5 3 6 5 4 2 6 7 10 9 7
11 1 2 5 6 3 8 0 7 5 7 4
5 1 8 0 5 2 4 3 4 2 6 4
6 20 3 5 7 4 9 5 11 15 16 8
3 2 5 0 9 6 13 3 1 8 15 16
4 1 1 6 3 2 1 5 3 8 3 3
1 2 7 13 13 7 2 13 3 8 6 9
2 15 15 12 7 15 5 1 11 10 6 8
22 1 13 3 6 5 5 12 6 1 4 11
9 0 8 5 4 5 14 18 25 4 5 4
3 5 3 11 8 2 5 11 6 9 1 2
2 11 4 3 13 1 10 0 6 6 0 20
5 6 4 2 3 7 4 2 4 0 0 2
4 13 3 11 0 4 14 4 11 1 11 2
8 5 3 1 1 3 0 8 9 2 4 2
2 5 11 1 2 6 10 3 8 1 3 8
3 1 1 6 22 13 6 0 12 12 19 3
4 3 2 16 7 13 19 7 3 12 18 11
3 5 1 8 8 10 18 16 5 4 8 16
5 14 18 8 3 2 7 6 7 8 21 3
0 5 1 0 5 1 13 13 12 4 0 10
1 7 7 1 7 14 5 2 4 11 1 20
18 4 6 9 5 8 1 7 3 2 7 8
12 5 4 8 2 18 5 4 20 7 4 5
6 9 6 8 3 20 13 1 16 0 2 2
8 8 5 3 13 9 12 16 7 1 4 7
2 5 7 11 2 7 6 3 3 1 4 2
1 0 13 1 18 5 9 3 22 4 5 3
20 0 3 12 12 16 8 2 6 16 8 5
16 4 4 14 6 23 5 9 0 10 6 5
22 0 2 15 1 8 11 5 5 2 1 11
4 10 2 17 11 4 9 1 25 8 0 16
1 10 3 1 1 7 6 17 4 7 7 5
10 2 5 2 7 3 2 4 7 5 2 12
5 8 14 16 5 10 2 9 25 5 13 4
3 0 3 4 8 5 3 0 0 1 1 2
9 1 0 11 1 3 8 9 14 1 6 5
5 14 7 0 7 1 6 11 4 2 2 9
12 7 1 7 12 4 0 5 2 10 26 13
1 1 1 4 3 5 13 3 2 6 9 4
16 5 4 3 14 1 5 2 5 3 7 12
3 25 6 10 1 0 18 5 1 1 1 7
2 18 4 2 10 12 12 2 1 4 11 5
3 5 5 2 3 4 2 2 2 1 4 9
8 5 3 5 8 9 10 4 5 3 24 4
21 9 4 11 8 7 2 18 5 11 2 7
4 1 1 1 8 8 5 7 8 13 26 8
4 2 4 4 3 3 6 2 5 2 2 1
6 5 4 3 1 11 8 11 4 1 8 6
5 2 4 4 0 3 1 1 7 6 7 3
11 12 12 2 4 1 14 2 9 3 18 17
6 8 5 11 3 5 4 5 5 2 8 3
0 6 8 2 8 2 0 1 3 2 3 11
3 8 13 1 0 7 9 4 18 22 1 0
4 1 1 3 5 4 4 11 5 1 1 4
6 5 0 0 2 8 5 5 3 5 1 4
1 1 6 1 2 1 13 8 7 5 3 2
18 8 8 3 13 1 3 3 18 9 9 16
5 5 7 3 2 3 0 8 6 3 4 2
9 4 5 3 9 4 4 1 0 7 0 1
8 3 12 11 13 1 6 15 15 15 4 10
0 18 7 4 7 1 10 5 5 15 4 6
2 1 14 1 7 7 3 1 17 4 1 20
2 11 6 6 10 1 13 2 1 14 2 10
5 3 0 2 1 2 5 2 5 0 2 5
18 3 4 1 17 12 1 1 6 3 15 11
4 9 12 7 15 6 1 2 4 5 3 2
14 10 4 7 2 6 6 2 0 10 5 9
10 4 2 3 8 4 4 1 9 10 5 9
1 8 1 15 1 7 2 3 11 2 8 10
11 5 3 7 11 2 2 1 3 11 0 8
9 3 2 3 0 3 3 4 9 10 5 7
11 2 1 6 3 15 2 7 10 2 7 4
2 5 4 7 8 13 9 7 4 2 3 8
1 2 4 1 0 9 1 0 3 7 1 2
0 5 1 0 10 0 5 2 5 1 2 1
8 8 7 16 4 11 8 3 11 13 9 1
3 4 2 1 7 9 1 2 11 6 0 2
3 0 4 3 1 6 10 8 16 8 3 13
5 3 18 6 18 7 2 5 6 9 6 5
2 18 6 10 14 7 8 0 10 3 14 7
4 3 2 1 8 3 2 1 1 5 0 0
7 10 7 9 8 12 13 7 17 1 8 4
7 2 1 5 4 1 8 1 4 3 3 11
1 4 3 2 6 2 0 3 7 7 6 3
2 4 0 3 3 0 3 4 6 5 3 8
2 2 2 2 3 3 0 2 5 2 3 5
19 5 1 3 1 5 6 18 7 2 5 8
2 11 15 6 2 6 4 9 11 12 5 10
2 7 2 4 8 7 6 11 4 2 2 8
5 6 8 16 25 8 3 0 5 6 12 8
2 7 9 2 12 1 2 4 2 6 1 4
4 6 1 3 8 5 3 6 6 1 7 8
1 9 12 4 1 6 1 2 2 0 0 1
10 11 5 6 9 1 2 6 10 16 8 6
7 16 4 4 9 21 3 2 25 2 8 2
5 5 0 13 2 11 2 7 3 12 7 16
3 1 2 3 10 3 6 3 3 3 4 4
3 7 2 3 2 8 2 1 7 3 9 4
2 6 1 6 11 2 4 9 5 4 4 10
2 5 7 1 11 7 6 15 5 12 7 19
5 3 2 2 11 2 6 18 7 18 5 9
3 2 5 1 2 3 10 0 1 0 5 0
2 0 1 6 1 1 6 4 7 7 2 7
0 3 1 3 2 1 3 5 2 3 0 6
1 1 3 7 6 2 11 5 11 2 2 5
12 3 1 1 16 5 7 9 4 0 4 4
4 1 2 26 8 8 12 0 8 4 14 7
1 6 2 5 10 3 2 6 18 6 3 8
5 0 1 5 4 9 2 4 2 4 15 4
8 21 11 5 9 7 2 14 10 4 15 11
6 12 12 0 14 3 3 1 2 3 5 6
2 1 2 1 4 3 2 3 2 7 1 0
2 9 6 4 2 1 7 8 7 0 0 2
5 2 2 1 9 1 5 0 1 2 3 1
6 6 2 1 7 2 2 2 4 2 2 1
13 4 21 7 10 9 2 6 3 1 2 8
1 9 10 12 3 4 6 11 5 12 7 3
16 5 9 16 4 6 0 8 1 5 19 3
1 1 2 2 1 1 5 3 5 4 2 4
7 1 3 3 2 4 1 5 1 0 1 3
8 15 17 1 2 1 4 2 5 16 0 12
0 9 7 0 0 3 2 14 14 7 10 6
2 4 5 9 14 5 19 4 12 9 15 4
4 3 20 6 5 16 4 18 3 7 0 18
2 7 3 1 4 5 0 1 2 5 1 2
6 2 1 4 2 2 2 3 3 5 2 3
10 6 2 2 4 9 2 4 6 2 3 2
4 5 10 1 12 2 7 11 13 1 4 26
7 4 2 2 22 13 2 2 10 11 8 2
2 7 7 2 12 6 8 3 4 3 4 8
3 0 1 5 0 6 3 2 4 3 1 5
11 11 4 12 5 9 7 2 15 3 11 8
10 5 2 11 3 9 3 13 5 2 8 1
17 5 6 4 6 1 15 1 9 3 6 7
1 6 1 1 4 4 9 18 12 0 6 14
5 4 12 5 8 6 5 1 10 4 20 8
1 7 7 6 4 5 2 6 10 0 1 11
8 1 17 1 14 2 20 8 2 4 16 6
4 7 7 7 2 8 7 9 7 0 5 0
11 1 10 12 10 10 11 12 9 5 14 6
6 16 18 7 7 7 2 18 3 2 7 13
12 6 12 11 0 9 16 17 2 2 4 11
4 1 4 5 2 6 3 1 0 4 1 3
2 2 3 1 1 6 2 6 0 2 1 2
8 0 7 5 2 3 12 12 1 1 2 2
5 10 7 2 2 5 6 8 0 16 7 8
10 2 0 7 6 9 11 9 0 6 6 6
7 26 8 14 2 6 9 11 8 7 13 10
1 0 9 3 1 7 6 17 16 6 4 10
2 1 4 5 6 6 2 8 4 1 1 3
7 16 9 2 10 11 13 7 5 8 13 7
3 15 6 19 11 3 2 1 8 6 24 5
2 1 2 6 9 3 5 10 3 9 1 7
5 6 11 6 5 1 4 1 10 4 6 14
2 0 4 1 6 5 7 6 3 7 9 9
1 4 2 4 2 1 3 6 4 4 4 3
10 14 2 8 3 0 1 9 1 9 4 4
1 7 7 2 1 1 5 5 5 7 5 1
1 5 3 4 2 3 3 2 2 3 5 2
11 7 15 15 9 4 7 10 19 1 5 13
6 1 4 3 2 1 0 1 0 7 5 8
0 1 0 0 4 2 6 5 0 1 9 4
4 8 12 9 2 20 11 5 11 5 9 7
4 3 6 18 4 4 1 1 4 8 3 2
3 1 10 4 8 3 0 7 11 5 23 1
4 1 1 4 6 3 4 5 2 2 1 1
1 7 8 6 14 10 3 10 11 3 11 2
2 4 7 1 6 2 0 1 1 6 2 1
12 14 7 6 20 1 7 8 5 3 2 5
5 12 0 19 17 11 16 2 11 2 1 8
10 1 5 3 4 7 4 2 3 4 0 8
7 1 5 17 5 10 7 5 8 17 8 7
1 6 6 3 3 9 4 8 7 2 6 2
4 6 10 7 3 2 0 4 5 6 2 9
12 14 7 12 7 7 6 2 9 12 12 15
1 0 6 2 0 7 1 9 4 3 1 2
5 10 17 7 8 5 3 13 2 0 5 4
5 2 5 7 5 3 8 0 7 3 2 0
1 3 1 3 10 1 11 18 12 2 5 8
6 0 7 2 0 0 5 0 4 1 1 1
12 0 0 2 6 0 8 6 2 0 4 1
13 1 7 9 9 20 3 4 9 20 8 8
1 5 2 4 1 8 3 6 3 6 4 2
9 1 3 3 9 5 5 3 3 3 3 7
11 12 1 1 5 1 13 10 10 8 3 6
11 2 3 2 0 2 3 3 0 9 0 1
9 8 11 4 15 11 6 4 11 21 17 4
6 1 1 6 0 1 1 9 3 11 2 7
12 2 6 8 2 6 10 11 6 14 8 4
12 3 1 4 6 3 1 8 24 14 1 3
5 7 17 9 5 1 1 9 6 1 14 23
18 5 1 8 9 11 18 4 18 12 6 5
11 14 1 6 4 2 14 7 19 3 1 1
3 1 0 8 16 1 5 11 8 2 14 4
3 9 12 5 0 3 1 0 7 3 9 11
10 2 5 7 11 14 6 11 6 10 14 16
7 13 1 4 3 8 5 12 3 7 1 0
4 0 6 5 1 5 2 3 0 6 1 4
0 3 1 1 9 3 1 1 1 5 2 2
3 2 12 0 4 2 1 1 0 0 1 8
2 9 3 5 9 15 23 5 5 5 12 1
11 8 0 8 23 12 13 5 10 9 4 2
6 6 2 0 4 4 3 1 5 9 5 3
1 7 3 13 8 0 4 18 2 1 15 2
6 5 1 7 3 0 13 8 0 9 1 6
3 1 2 4 1 4 3 4 3 4 2 7
4 2 10 3 2 4 9 3 13 4 1 8
13 4 10 8 5 4 2 16 19 7 3 13
0 0 5 2 6 0 6 1 1 3 3 8
13 7 2 11 10 2 4 10 6 10 1 5
25 0 6 1 10 10 7 11 4 0 7 8
1 10 6 11 4 10 4 7 1 5 15 11
3 9 23 4 6 7 3 15 22 8 3 1
6 5 12 13 13 5 2 9 4 7 0 9
3 1 4 6 6 0 1 3 2 0 7 3
0 14 6 14 1 3 1 2 2 1 6 12
6 8 7 7 2 8 8 6 10 6 5 6
4 2 0 15 2 16 5 1 19 6 19 7
2 19 11 2 3 10 4 1 2 5 4 4
6 8 2 2 3 5 4 3 14 0 1 3
4 1 13 12 4 0 8 5 13 2 0 1
4 15 16 6 6 9 15 14 4 7 15 4
9 7 5 4 9 1 0 0 5 1 2 0
9 10 1 13 25 15 2 3 9 11 8 5
2 9 8 7 11 14 10 5 5 7 3 8
9 14 11 3 4 4 2 7 3 2 10 3
5 5 11 4 2 7 4 4 2 5 1 2
5 7 12 14 10 3 1 20 7 5 12 18
0 12 1 6 6 11 22 1 8 11 13 3
8 5 3 4 16 2 2 8 6 14 10 1
0 2 13 0 3 3 5 1 1 10 6 2
11 5 9 14 2 1 3 4 14 0 2 4
1 15 3 10 8 10 2 11 7 4 1 1
6 5 3 5 0 4 11 0 11 4 5 2
3 2 12 1 7 2 0 3 4 1 5 12
1 4 13 3 11 7 9 4 13 6 6 5
8 3 2 4 1 6 0 9 5 1 0 5
2 0 7 9 7 4 3 4 1 7 4 7
15 9 12 1 2 9 22 2 2 5 9 12
7 2 6 2 4 7 3 7 4 7 1 0
1 16 7 4 4 7 10 11 2 11 3 16
4 7 7 3 12 6 17 4 14 4 9 4
6 5 11 6 0 4 2 6 14 0 9 0
13 7 11 3 1 2 4 11 4 8 1 0
9 16 6 4 5 22 5 8 7 8 9 5
7 0 6 3 12 2 24 2 5 10 10 9
0 29 10 11 8 1 5 0 13 4 2 11
7 4 15 1 11 15 11 4 11 1 10 12
1 2 6 3 26 3 1 4 8 20 1 16
1 7 1 0 2 5 0 4 0 1 0 7
1 1 0 2 0 10 4 0 9 4 2 12
1 8 11 4 0 9 6 12 10 29 9 9
10 9 17 5 7 6 5 16 19 14 10 3
1 0 2 4 4 4 16 12 4 4 6 1
3 2 2 5 0 0 4 4 4 7 6 0
10 20 3 13 1 6 13 10 24 0 0 4
0 1 9 1 9 6 3 5 11 3 2 3
3 8 8 6 5 13 0 6 2 4 2 9
8 3 2 0 5 0 6 6 11 2 3 1
2 3 3 12 1 1 4 0 6 1 2 14
13 2 13 2 2 8 3 7 11 10 15 20
1 2 6 1 1 1 7 2 0 1 2 3
7 12 5 0 10 16 1 15 5 4 6 3
4 9 5 0 2 1 7 4 3 2 0 3
2 6 2 3 9 4 10 3 6 4 2 1
9 8 4 0 7 1 4 2 15 3 2 2
0 3 11 2 4 2 1 5 2 3 3 14
4 11 28 2 3 12 15 3 2 6 3 9
1 0 4 5 3 0 1 5 2 2 0 8
4 14 3 4 5 7 0 28 13 9 10 1
3 20 13 8 14 5 5 12 4 0 9 10
13 0 2 1 1 4 5 8 8 20 9 16
11 4 9 7 6 5 19 4 4 8 1 6
1 3 8 1 1 14 3 14 8 13 14 2
5 15 2 9 3 3 11 1 2 1 9 5
3 9 3 4 2 3 0 2 1 4 5 5
2 2 0 5 0 2 3 4 3 6 2 2
5 14 1 2 1 0 1 5 1 1 10 1
2 2 2 11 4 1 3 1 5 5 4 6
2 3 3 5 0 6 7 1 3 6 18 2
1 4 9 1 8 13 0 9 2 6 3 1
1 0 9 3 5 7 13 17 7 6 3 15
3 3 3 1 0 2 5 8 4 8 10 0
12 12 12 8 7 2 5 2 23 6 3 1
9 4 15 5 1 7 1 0 9 6 12 9
3 1 2 13 1 1 4 5 6 0 7 3
6 5 2 3 11 8 11 12 6 8 3 11
3 3 3 8 7 4 4 6 9 6 2 2
7 1 2 5 1 2 4 11 3 2 4 3
1 7 26 8 7 7 8 5 14 6 11 7
13 0 1 1 4 5 1 11 0 14 1 16
1 2 5 0 7 4 1 7 3 0 7 2
5 4 2 6 7 4 2 7 2 4 21 2
8 1 5 5 15 3 9 8 19 1 10 11
4 7 3 1 5 3 1 5 3 4 3 9
9 5 6 4 4 5 2 3 3 8 7 2
1 7 14 6 1 8 2 16 4 8 3 10
18 2 9 7 1 11 3 6 1 8 14 17
2 5 1 1 3 5 2 2 2 1 7 3
11 2 20 19 6 7 9 4 2 2 8 3
3 3 3 2 0 4 5 1 6 3 7 4
8 11 9 5 11 17 16 4 15 10 2 4
2 5 4 3 6 5 0 3 8 7 2 12
3 2 5 5 0 9 3 8 2 0 2 6
8 7 3 4 11 1 1 0 3 6 8 8
1 1 7 1 4 3 0 2 6 5 4 7
16 7 9 7 9 10 15 3 7 18 16 1
0 8 6 6 0 7 6 13 6 9 6 9
17 6 5 3 6 3 1 4 27 15 10 7
4 5 9 5 0 11 6 2 4 3 5 1
12 4 7 0 2 6 1 2 0 9 6 5
5 0 0 3 7 1 3 4 4 5 1 1
7 2 1 10 13 2 12 10 4 5 1 27
7 1 7 4 4 12 3 5 2 5 4 3
7 9 2 2 19 5 2 3 3 10 5 4
4 8 11 2 2 3 4 7 6 6 3 2
5 3 4 6 12 7 11 12 0 0 1 2
12 10 1 6 2 5 2 1 1 10 5 4
13 6 19 15 16 8 5 6 4 4 12 3
3 3 0 12 6 5 15 1 2 12 0 6
0 3 4 2 3 6 1 0 9 7 5 3
13 1 4 1 4 3 8 5 4 3 3 1
23 2 5 6 3 5 5 3 3 3 6 4
1 2 12 3 4 2 12 12 6 10 10 17
8 5 5 3 5 8 5 3 0 16 5 5
8 9 7 5 8 8 2 1 19 2 6 1
2 2 0 22 0 3 0 0 0 10 12 9
2 7 6 6 6 5 3 5 5 0 6 1
2 3 0 5 4 2 3 3 5 1 4 0
6 11 2 25 4 4 8 14 16 5 4 2
9 0 8 4 7 13 11 3 12 4 7 4
1 0 9 5 6 15 9 14 3 2 6 20
3 5 1 7 3 7 6 3 2 1 3 12
10 3 4 3 3 6 6 4 3 4 3 5
0 0 1 2 13 5 1 8 1 5 3 2
11 11 4 20 8 5 5 3 20 8 3 12
10 2 5 13 10 12 3 2 7 2 7 0
3 13 12 6 11 5 4 8 3 3 9 15
4 2 1 3 7 2 1 0 3 4 1 6
9 5 9 14 16 12 3 2 7 8 4 8
1 4 4 3 4 6 6 10 8 4 7 1
8 11 14 5 17 1 4 3 2 4 2 7
3 1 12 11 1 3 17 7 5 0 3 4
4 6 3 7 6 4 5 19 7 12 10 2
6 5 1 5 3 1 10 5 1 7 15 9
0 19 5 8 6 8 12 8 13 10 6 15
2 10 4 2 2 4 9 14 1 9 12 7
0 1 5 1 1 8 4 9 5 5 0 8
1 2 5 3 10 2 11 8 5 10 12 2
6 7 18 4 6 3 7 7 10 8 2 3
2 8 15 6 12 19 13 2 14 13 3 5
2 17 3 10 11 1 8 8 24 5 2 0
2 12 1 15 9 2 17 14 5 6 16 7
4 4 7 1 8 5 1 3 3 9 4 4
0 4 7 15 6 15 2 6 4 13 11 3
1 5 6 12 5 8 3 4 1 5 3 1
13 16 9 6 2 2 14 9 5 3 7 19
8 14 2 5 0 2 6 3 4 8 1 2
7 7 8 8 15 5 0 3 7 23 1 3
11 14 10 7 2 8 2 11 9 1 2 4
7 11 14 13 8 12 10 9 7 16 3 5
7 0 4 6 1 1 0 2 9 0 3 11
14 18 6 6 8 0 3 9 22 0 15 3
3 12 11 8 9 8 5 9 4 6 5 0
3 12 18 8 15 7 12 4 9 9 9 4
2 2 7 5 2 3 6 2 2 6 3 2
6 1 5 8 0 6 1 3 11 14 9 0
21 4 7 3 19 5 9 8 5 14 2 12
5 13 4 20 4 13 11 9 10 6 22 1
5 2 6 4 5 1 8 4 3 6 1 3
3 9 7 9 11 6 4 4 6 11 0 3
5 2 2 3 8 10 7 17 17 7 8 1
1 1 1 5 7 1 2 0 7 2 6 1
5 15 12 5 8 10 12 1 6 6 15 3
2 5 1 2 6 6 4 1 4 7 3 0
8 12 0 11 6 0 10 12 0 6 12 0
0 4 15 4 11 16 6 6 7 2 21 17
1 6 0 15 6 0 2 2 2 10 9 4
4 2 8 3 2 3 3 5 7 1 0 9
1 3 5 1 3 4 11 2 4 7 6 9
1 3 0 4 3 4 1 3 2 3 3 8
9 5 5 3 7 4 2 4 6 0 6 9
6 8 16 11 2 17 5 7 4 20 12 2
18 21 10 4 4 4 7 6 6 1 7 5
7 1 8 0 6 4 0 3 0 6 3 3
3 0 4 1 0 6 7 12 3 5 8 4
15 2 13 10 7 2 1 6 3 4 3 12
5 6 2 7 6 11 7 1 1 5 9 1
2 4 4 1 5 2 3 3 1 7 3 6
7 1 2 11 14 2 1 4 3 3 4 2
7 2 3 1 5 9 1 10 1 3 12 4
13 15 10 13 2 2 5 18 13 5 12 2
5 4 11 3 5 7 1 1 7 19 26 13
1 5 3 1 0 8 2 9 5 9 11 6
2 3 6 4 5 3 20 11 4 11 13 2
3 6 15 0 8 15 3 1 9 9 4 8
3 4 2 1 0 0 6 0 2 2 6 4
5 16 5 9 8 10 13 9 5 7 11 4
0 7 11 3 3 0 7 3 4 3 7 3
5 9 18 14 13 4 7 0 3 13 14 7
16 5 8 4 14 19 8 1 14 11 7 2
5 6 15 11 11 1 8 8 1 3 4 12
1 12 2 4 2 10 20 14 4 6 2 10
9 2 14 7 8 16 5 0 0 7 3 11
0 2 16 7 1 4 7 6 0 5 3 1
2 11 2 2 2 6 4 2 3 6 8 3
5 10 0 15 10 4 5 4 4 4 3 7
5 1 1 2 1 2 3 0 3 6 0 2
3 9 1 2 1 6 5 2 3 7 2 2
4 0 3 0 2 3 0 2 1 5 3 6
2 2 0 5 1 7 1 2 6 5 2 1
7 0 0 3 5 1 4 0 8 1 5 6
7 8 13 6 15 17 13 19 0 15 0 4
0 1 5 1 0 6 3 8 5 4 2 2
5 5 4 4 0 5 0 2 1 5 3 3
12 3 8 4 4 13 8 2 6 13 1 7
7 13 2 9 10 9 7 22 7 12 2 6
3 0 0 3 2 8 2 2 4 7 7 3
4 7 20 2 2 1 15 6 14 4 1 9
2 3 7 0 2 5 6 1 2 4 5 0
15 0 1 10 4 11 12 3 5 9 6 27
2 2 4 0 2 32 2 4 5 15 2 4
3 6 4 10 3 1 5 2 7 12 5 9
1 2 7 2 16 23 3 2 5 19 16 2
1 3 1 3 11 5 0 6 3 6 2 3
3 9 4 9 3 11 3 13 14 3 7 0
2 13 5 1 4 10 14 4 6 1 16 6
6 3 13 3 11 2 7 3 4 7 7 10
0 1 3 3 2 1 0 4 2 1 6 6
7 12 5 12 11 21 8 2 6 12 16 9
14 0 2 7 21 3 9 2 4 22 3 11
12 14 14 8 4 24 5 14 8 4 4 10
3 1 10 4 1 9 18 16 3 1 1 10
4 13 11 7 6 18 12 0 4 1 16 8
4 3 2 5 0 9 0 0 0 2 6 3
6 10 5 16 5 1 9 12 4 7 4 2
8 24 12 2 9 11 4 2 3 7 9 8
2 20 0 4 6 8 8 10 4 6 9 4
1 4 0 2 3 4 6 10 2 1 0 6
3 4 3 6 1 2 0 1 2 2 5 1
9 8 13 17 11 5 0 12 7 14 8 15
3 8 8 6 13 1 0 1 9 4 4 0
7 6 5 5 4 2 1 5 6 10 7 2
1 2 0 1 6 1 4 3 1 1 4 2
5 4 1 2 15 7 0 16 10 8 17 9
1 4 8 2 12 5 6 10 10 2 1 18
2 15 4 11 1 3 2 4 19 6 4 8
3 0 4 5 1 1 1 5 4 0 2 2
5 10 10 9 15 8 3 5 5 11 4 3
2 3 5 1 1 5 8 1 7 1 6 4
8 0 8 4 1 8 10 3 6 3 1 4
9 7 7 16 4 10 11 10 1 5 14 0
11 11 2 0 15 6 0 2 4 0 5 8
0 3 6 4 7 3 2 0 1 1 3 2
1 2 12 2 0 11 3 8 15 10 2 12
15 2 16 13 3 4 5 0 19 5 2 3
11 17 7 10 7 5 14 6 11 1 8 0
4 7 0 4 0 0 11 9 11 3 12 8
5 3 3 2 5 6 4 2 4 0 1 8
3 5 1 3 12 5 3 2 5 3 10 2
3 1 0 6 3 0 1 3 7 2 4 7
4 3 2 14 5 5 3 6 5 1 1 9
7 13 8 0 4 3 6 11 9 8 1 4
10 3 8 8 1 5 1 2 5 2 5 3
1 6 0 5 3 3 0 6 6 4 6 2
11 2 10 8 2 3 1 10 8 10 13 1
2 3 6 8 5 6 2 8 2 3 3 3
9 15 3 17 0 16 7 7 7 5 14 1
1 0 4 0 4 4 3 3 3 1 3 5
8 7 1 17 14 7 8 21 4 12 15 5
6 14 10 2 9 1 11 12 0 9 27 3
11 2 17 4 12 9 3 4 3 1 9 6
2 8 4 11 10 6 3 1 3 6 0 14
6 15 8 4 6 7 11 10 4 3 5 5
21 1 3 2 4 0 5 2 7 3 2 8
3 1 6 0 2 5 4 6 8 0 6 3
4 1 5 2 0 6 0 0 3 1 1 3
5 3 6 5 6 0 4 3 4 5 1 1
6 6 9 15 10 13 9 11 20 2 9 6
5 8 1 1 13 0 0 0 8 11 4 3
10 15 1 5 10 2 13 1 3 1 10 7
3 12 6 1 4 0 9 6 13 6 1 7
7 1 15 8 2 13 4 10 17 5 1 8
1 1 6 2 1 3 1 1 5 10 9 2
6 13 13 14 3 10 3 12 12 12 6 7
5 0 4 2 0 5 1 3 4 13 5 1
11 12 5 13 4 3 9 4 0 0 14 10
12 8 12 7 6 0 8 1 2 4 2 8
6 10 12 2 9 16 8 18 9 7 3 14
2 1 2 3 7 0 6 2 5 1 0 4
20 1 15 10 4 4 5 2 20 2 4 11
3 6 9 3 14 5 0 28 0 2 13 0
4 4 2 1 3 1 3 5 1 1 11 3
2 1 9 2 8 2 11 7 1 4 8 2
7 23 8 2 7 7 15 13 10 1 9 17
4 8 10 8 0 4 7 5 6 1 5 1
3 2 6 20 9 5 6 17 4 9 2 10
5 7 11 9 2 2 16 8 19 4 5 0
4 9 6 1 3 3 5 3 9 2 7 3
2 5 10 2 9 1 3 0 4 2 3 3
2 6 0 1 3 2 4 2 1 5 4 2
10 9 4 2 3 13 0 9 2 9 7 10
9 10 6 1 7 3 15 14 14 1 6 1
7 4 3 14 6 1 14 9 9 5 13 4
12 20 5 1 9 1 12 18 13 0 13 3
2 5 1 4 11 0 7 4 5 1 15 5
3 2 2 2 3 2 5 1 4 7 2 3
12 2 7 11 3 5 2 2 3 14 10 6
5 3 2 10 11 10 4 5 2 3 2 4
5 4 9 1 12 2 11 9 1 18 6 7
10 2 0 3 7 8 9 7 2 7 11 7
5 0 2 7 8 5 4 2 2 6 2 8
2 1 18 9 8 0 4 8 5 3 0 12
7 8 3 4 8 12 3 14 19 9 11 21
16 9 5 0 8 2 2 3 12 2 4 11
1 8 22 4 9 4 22 9 6 5 17 1
4 1 1 6 13 7 8 6 6 2 2 3
2 3 10 4 2 7 4 0 4 0 3 2
7 2 1 0 10 9 2 18 6 7 1 16
7 6 1 3 1 2 11 1 4 1 2 2
4 2 3 1 6 1 9 2 4 0 1 1
15 4 6 9 9 18 3 8 11 14 10 9
4 8 0 3 3 1 3 1 9 4 4 4
9 15 5 11 10 9 15 3 1 3 1 13
6 4 8 11 7 1 4 5 5 6 9 2
5 15 3 5 6 10 13 4 12 0 2 10
2 4 5 5 3 0 4 3 4 1 3 0
2 2 2 1 4 0 5 2 5 4 2 0
4 1 1 7 8 2 3 3 3 11 9 1
15 6 8 4 5 10 5 1 3 3 4 14
23 3 1 2 8 9 7 10 4 4 3 2
7 4 2 4 11 14 5 2 12 14 11 22
7 6 2 5 6 1 2 11 11 15 11 4
14 2 3 1 3 2 1 8 11 0 2 12
6 3 4 6 4 3 1 5 0 2 3 7
8 4 1 10 16 4 1 15 1 0 0 2
7 0 0 0 3 6 6 10 7 5 7 2
4 5 1 9 5 19 21 6 10 2 4 3
14 14 4 1 10 4 2 22 15 8 16 3
4 5 15 6 8 1 10 6 12 9 7 2
2 2 2 11 11 4 7 5 7 6 7 1
1 5 2 18 4 6 12 3 10 8 8 16
1 2 5 1 0 4 7 5 4 8 2 6
4 0 6 4 2 8 16 4 13 17 10 2
6 2 14 3 4 6 1 16 5 12 14 5
1 3 0 6 1 1 1 7 2 1 1 0
10 4 3 4 9 2 5 10 12 1 10 8
4 7 2 1 1 1 6 3 4 1 3 8
8 3 2 9 2 16 13 1 10 14 17 4
12 9 5 5 15 1 3 17 12 3 6 12
6 3 12 12 14 5 1 1 0 7 9 8
4 6 10 1 5 4 0 13 10 3 1 2
8 3 5 6 1 12 5 6 6 19 0 9
0 4 10 6 6 5 5 3 11 1 3 1
10 6 1 1 5 16 2 9 2 2 9 2
11 5 7 9 8 5 13 8 12 19 3 2
5 0 7 2 14 2 7 8 15 17 1 9
1 5 1 1 2 3 1 1 1 2 8 1
1 2 2 16 6 16 15 3 12 2 10 13
2 1 0 6 2 3 3 6 5 2 5 2
6 22 12 10 2 12 12 10 0 13 8 7
2 13 10 7 25 10 10 10 7 11 8 8
10 10 5 17 10 15 0 2 12 8 2 7
14 8 13 11 14 14 2 8 4 14 10 0
5 3 4 6 0 1 4 1 5 0 1 4
3 8 2 8 17 1 1 2 11 11 8 13
6 2 3 1 5 1 0 3 2 1 2 2
2 6 3 7 3 2 2 0 4 0 3 2
2 6 8 6 3 1 3 2 11 2 4 0
10 4 7 3 19 3 10 8 9 13 3 6
1 3 6 5 5 14 2 7 2 9 7 0
13 1 3 5 5 6 6 12 2 12 23 10
2 4 3 2 4 1 3 2 6 1 2 4
6 14 12 17 6 0 8 10 4 5 15 7
6 0 9 10 1 5 12 13 11 2 3 14
5 18 1 5 4 11 7 14 1 1 13 2
5 5 5 6 9 7 4 3 5 2 3 3
6 0 12 11 1 9 9 9 8 11 0 9
2 1 4 2 1 9 2 1 1 0 0 2
5 0 2 4 1 1 8 2 4 4 4 4
1 7 7 5 5 3 3 5 1 7 4 2
4 4 1 2 5 11 2 20 1 10 3 13
21 17 8 13 10 2 3 15 5 7 2 1
2 9 7 4 1 6 1 1 6 7 13 12
5 5 1 1 1 2 4 6 5 4 10 4
1 2 4 11 8 1 10 17 4 5 1 22
4 6 6 11 6 16 0 2 11 9 12 4
2 1 2 1 3 2 4 6 3 2 1 3
1 9 3 2 8 17 8 4 2 1 10 18
3 2 8 7 6 14 19 21 4 5 4 5
5 8 0 7 3 11 11 22 13 0 4 17
2 7 3 13 9 0 13 17 15 4 0 8
6 3 1 0 4 0 2 2 5 1 1 8
6 7 9 3 22 1 7 2 0 6 5 22
5 1 6 3 5 5 7 1 9 3 7 9
1 10 3 2 6 4 17 5 3 10 4 2
5 0 4 6 3 0 4 0 5 5 1 3
1 14 5 25 7 5 1 1 15 0 21 0
5 1 14 24 1 0 12 6 1 5 11 5
3 12 4 1 4 5 1 4 9 2 0 3
5 6 5 2 3 6 7 0 4 1 4 1
1 7 10 5 1 5 10 11 19 5 4 8
6 2 4 2 1 16 3 5 13 23 4 4
1 8 10 13 9 2 19 6 13 3 1 4
1 3 4 6 0 5 5 3 0 3 8 7
15 9 15 11 5 10 2 5 11 8 12 5
5 3 6 15 6 7 14 4 4 5 8 4
9 3 2 9 3 0 2 2 7 1 8 0
4 2 15 8 3 2 8 16 4 14 4 5
3 3 7 14 11 0 8 9 6 2 4 7
2 2 5 10 7 0 8 0 3 1 1 10
7 5 7 3 12 7 7 5 0 9 10 4
7 4 6 9 1 3 7 0 12 6 4 8
17 3 10 3 6 13 4 4 12 11 12 0
10 3 3 6 4 1 5 2 4 3 6 0
0 12 5 1 26 6 1 0 3 2 10 3
5 12 4 5 0 1 8 1 4 3 2 3
1 9 7 7 5 7 8 4 0 2 1 8
20 3 1 2 15 9 1 1 9 11 0 10
4 7 8 8 1 13 6 1 4 1 9 1
4 6 8 2 11 3 6 11 2 6 8 5
3 9 19 5 6 5 13 10 5 3 6 5
0 0 12 4 2 2 12 5 3 2 2 2
10 10 15 5 1 0 3 7 11 6 5 2
1 5 9 6 18 3 3 5 13 8 7 13
1 0 7 5 1 1 6 4 6 1 1 2
2 2 2 14 21 18 12 1 9 0 8 17
14 18 11 12 7 6 16 1 4 13 6 5
3 9 2 12 2 2 16 1 18 2 12 6
7 5 4 7 8 1 3 1 9 5 2 12
4 5 10 20 12 9 2 2 8 6 3 8
5 5 1 1 11 9 12 5 13 4 5 25
10 2 1 6 3 1 3 7 1 6 10 2
1 20 3 4 2 13 12 13 8 4 7 1
5 5 0 2 6 4 13 18 4 8 3 3
2 4 9 6 5 1 4 3 7 9 4 11
1 16 13 4 9 1 18 13 5 5 3 7
3 11 1 1 6 17 6 3 7 4 14 13
4 6 18 6 11 12 4 1 1 1 12 2
9 7 6 0 21 3 4 11 15 5 11 9
4 1 2 0 5 18 4 6 14 23 19 6
8 12 6 10 17 5 3 5 1 1 8 22
7 6 0 2 3 2 11 11 9 8 6 3
2 2 9 12 11 14 12 4 25 1 3 4
9 6 13 1 9 5 2 4 3 6 9 2
3 9 10 15 4 0 2 16 11 21 5 9
6 9 2 1 6 10 7 3 2 3 2 7
3 1 1 6 5 5 6 4 7 5 8 0
4 16 1 7 5 22 14 14 12 2 5 8
6 1 1 5 5 3 2 3 3 0 5 4
7 1 6 7 2 3 13 6 22 1 3 0
6 1 3 2 4 8 4 4 4 5 0 2
0 3 1 4 6 14 7 7 3 1 6 4
7 5 3 2 1 7 2 5 8 4 11 1
8 2 6 1 13 1 3 6 1 9 8 4
2 8 15 1 5 4 4 9 8 20 8 20
7 0 1 9 3 3 3 4 13 8 8 14
1 1 2 7 2 1 3 1 5 0 5 2
4 2 2 3 3 7 0 1 0 0 2 4
9 2 3 4 0 5 11 10 5 11 15 7
2 0 7 6 8 10 12 9 5 10 0 4
9 7 5 4 1 6 6 4 1 9 7 6
3 2 6 0 3 2 2 0 2 6 3 2
0 4 4 2 6 6 2 1 3 8 8 2
3 7 4 3 18 19 10 8 2 4 9 7
20 5 10 5 6 4 7 9 6 11 2 13
7 1 6 3 3 9 4 3 0 6 2 9
0 2 4 7 2 11 4 14 5 11 12 3
6 8 3 1 2 2 1 15 2 3 2 5
3 5 10 8 9 6 6 1 1 9 6 8
1 0 7 5 7 1 5 22 2 8 6 4
3 2 10 2 4 3 1 10 2 8 9 1
10 8 5 2 10 10 0 4 10 0 9 5
1 6 11 6 10 3 2 18 13 12 6 5
5 3 6 7 0 19 10 12 5 8 16 11
21 3 8 6 9 6 1 5 9 14 4 11
2 3 3 6 2 8 3 6 4 8 5 7
3 5 8 20 3 14 14 3 9 1 22 7
11 3 6 2 18 1 10 0 5 1 3 1
4 2 2 1 4 3 3 1 0 5 3 1
9 3 2 11 5 10 16 18 3 5 7 11
0 5 11 5 11 2 5 1 7 9 10 5
4 16 11 15 6 6 10 15 15 8 9 3
4 2 9 12 8 15 7 4 5 19 3 10
3 5 1 0 4 8 1 3 7 6 16 0
7 3 3 0 0 9 7 3 6 9 7 1
2 7 0 3 6 2 2 0 3 11 1 12
2 0 6 3 7 2 2 1 4 1 6 9
0 5 7 8 8 11 12 1 5 5 8 5
1 0 4 1 8 3 0 1 3 1 3 3
6 1 3 6 3 1 2 1 10 5 10 2
5 2 15 1 2 5 7 3 12 13 9 5
17 1 1 5 5 3 15 9 4 4 3 6
3 7 19 2 3 5 3 5 1 1 10 2
10 7 10 7 5 0 2 3 1 1 1 2
6 7 12 10 7 8 3 4 8 8 6 11
1 18 6 11 9 5 3 3 11 2 12 5
6 11 6 13 14 7 15 4 2 18 2 7
2 4 10 7 3 8 0 2 12 13 0 9
2 1 4 1 0 3 5 4 0 1 6 3
5 4 9 12 3 4 15 4 3 8 7 0
8 3 7 1 3 5 0 9 7 6 2 11
3 2 11 1 6 1 5 10 10 9 5 12
3 7 5 2 5 4 5 21 2 8 10 14
2 0 4 19 5 15 10 0 11 11 6 16
2 7 5 5 11 13 1 16 15 6 2 11
2 1 8 0 1 2 1 10 4 5 8 10
0 6 3 7 4 11 2 4 6 2 1 7
1 1 5 1 3 2 2 4 3 6 3 2
2 2 11 6 2 9 5 7 3 4 6 12
1 5 6 10 9 16 0 5 4 8 2 2
2 2 6 4 6 1 3 2 1 0 4 4
2 8 7 10 13 0 12 11 7 12 2 8
13 4 13 7 14 7 0 4 17 2 19 2
8 18 6 18 13 13 1 0 7 1 6 12
11 1 12 7 2 2 26 1 17 7 6 6
4 7 6 1 3 3 3 1 9 2 0 5
6 15 3 1 9 4 6 4 5 2 2 11
2 0 14 0 3 4 12 9 1 4 8 6
9 0 4 1 7 4 4 3 6 11 2 5
3 3 3 4 0 6 12 1 8 9 5 0
6 7 2 4 1 5 7 8 1 18 6 3
2 7 0 9 1 2 8 1 2 2 10 5
4 0 0 4 0 2 1 3 0 7 1 1
6 0 13 11 4 14 11 1 12 8 6 16
7 3 9 10 5 2 12 1 7 2 7 3
8 21 4 7 7 12 5 6 10 8 11 4
5 0 9 1 1 0 13 7 8 1 13 3
10 2 2 1 1 3 1 4 0 5 4 2
3 1 2 1 2 7 0 8 5 1 1 2
7 2 4 2 5 5 8 2 1 2 0 2
0 7 24 1 5 9 2 8 5 8 5 1
10 16 1 5 7 12 8 14 10 6 14 8
6 8 8 4 22 3 12 4 9 5 4 11
2 1 1 9 1 1 5 2 3 2 0 0
10 8 2 10 3 5 2 8 1 4 3 1
5 0 10 5 3 14 4 3 0 9 4 2
3 10 11 5 1 9 14 3 6 3 17 4
9 5 1 4 6 11 0 5 12 5 16 6
3 3 4 2 1 1 4 4 5 2 3 4
2 1 2 3 6 1 3 12 14 2 12 3
3 0 9 2 5 9 5 4 2 5 5 5
1 4 2 1 4 3 3 1 8 1 14 1
1 2 0 3 1 1 9 2 3 1 0 2
9 17 9 3 1 16 7 10 11 19 10 12
4 2 6 15 1 9 0 0 1 23 6 7
4 6 1 6 16 1 1 11 16 9 5 17
7 6 5 4 13 1 4 2 7 7 1 10
2 2 2 9 5 6 9 2 5 11 8 4
6 3 4 0 1 2 0 1 4 0 5 1
8 10 4 18 3 0 13 7 9 8 0 6
4 6 2 2 8 13 2 2 1 5 6 2
4 1 4 1 0 4 4 9 2 1 2 3
15 6 12 15 7 3 1 11 24 6 12 3
1 1 2 1 5 11 3 4 3 4 6 7
14 10 2 3 7 3 4 7 4 18 1 7
0 5 17 2 19 6 13 0 8 13 2 9
7 14 15 10 8 11 12 6 7 3 6 14
2 7 1 2 3 0 5 2 1 3 3 4
1 12 13 4 4 12 18 23 1 8 9 4
5 5 0 6 7 6 19 1 2 8 3 3
1 8 1 0 6 3 1 10 7 0 9 8
10 2 8 22 3 1 12 0 11 1 18 4
5 1 6 3 0 5 4 0 3 2 2 0
3 1 4 9 10 11 6 2 7 1 13 8
9 1 5 9 6 5 4 4 7 1 2 3
10 6 7 3 2 15 4 14 1 4 8 1
5 0 6 4 5 8 1 6 2 8 6 3
14 2 9 11 8 3 7 3 1 0 3 2
7 6 7 10 3 2 13 9 8 8 3 9
1 1 5 7 9 8 1 12 1 1 9 13
3 4 8 24 4 7 11 1 4 3 0 1
1 18 2 7 6 2 9 2 3 5 2 0
0 1 1 3 3 1 7 7 3 3 7 1
18 10 13 8 9 5 10 0 7 8 11 18
12 6 1 9 1 4 7 9 14 4 6 14
2 13 6 12 8 9 11 0 12 7 2 9
15 3 10 8 19 1 3 11 3 9 18 14
3 7 12 0 2 0 1 3 1 6 12 3
1 1 2 3 7 1 7 0 2 1 3 1
8 19 3 1 2 15 2 1 15 16 2 3
2 8 3 9 14 13 6 3 7 4 17 19
9 8 6 12 2 1 2 1 2 8 0 3
3 8 6 0 1 0 1 8 5 3 14 0
1 1 3 6 3 6 3 0 3 2 7 3
19 12 12 5 12 4 5 7 1 3 6 11
0 4 3 3 1 0 3 1 4 4 2 5
3 12 6 5 2 1 5 7 1 12 6 4
2 0 2 2 3 5 0 1 3 1 8 2
3 3 3 8 1 3 9 6 3 3 1 5
1 10 8 4 1 3 6 4 1 0 2 0
9 13 4 2 11 6 8 0 2 5 6 15
5 7 0 1 2 5 1 8 1 3 3 2
0 4 6 2 2 14 2 4 3 1 12 2
1 2 15 6 4 8 11 8 8 5 8 12
7 3 5 12 1 6 7 19 12 3 11 5
9 11 1 16 1 7 8 9 4 5 11 12
4 4 7 2 5 0 19 3 2 4 4 1
11 24 18 7 3 7 7 4 3 1 12 2
6 5 0 4 0 3 3 8 2 4 4 6
1 3 11 3 5 11 10 2 25 5 2 8
6 6 3 0 3 4 1 3 4 2 3 5
13 20 8 3 2 6 10 12 5 18 5 12
1 5 2 2 5 6 1 6 2 4 3 0
2 12 6 16 2 4 9 2 4 5 11 2
6 12 7 6 1 6 4 1 1 1 1 7
11 10 6 0 0 11 10 2 5 1 6 1
6 8 11 2 8 10 6 1 1 0 4 1
2 15 2 4 24 9 1 8 5 6 4 2
6 5 2 1 2 4 2 2 0 9 2 5
8 10 1 4 17 2 22 4 12 9 9 2
8 3 7 25 3 5 4 4 7 18 2 16
8 4 1 2 5 15 12 16 8 4 4 9
4 15 6 3 14 6 24 12 3 19 1 2
5 2 6 9 16 15 11 1 6 6 8 9
1 3 7 1 10 10 4 4 8 4 5 8
0 6 16 11 1 1 14 6 2 1 1 0
1 6 3 2 7 3 0 1 7 2 4 0
5 9 1 2 3 3 1 10 2 5 1 3
0 5 2 10 5 7 10 0 4 1 5 4
7 11 6 0 6 11 7 16 15 10 1 2
7 6 0 1 4 2 4 3 5 8 8 2
11 5 6 2 6 9 5 10 10 4 7 2
9 3 10 20 20 9 2 5 3 5 10 13
8 13 3 1 0 10 4 6 5 1 2 2
2 7 0 9 1 5 0 5 5 12 5 10
7 11 2 7 7 8 4 8 7 8 8 1
7 7 1 8 11 3 5 19 11 9 12 8
10 1 5 3 8 2 6 5 5 4 9 3
0 7 11 1 5 13 6 7 10 12 15 1
2 10 5 8 8 3 0 20 0 5 5 1
2 7 2 25 15 14 4 2 4 2 2 0
3 1 2 10 10 3 5 6 3 5 2 3
2 3 0 4 1 3 2 5 7 1 3 0
7 8 1 10 7 1 3 6 2 0 9 3
10 1 4 13 16 10 13 16 8 4 10 4
7 0 10 7 11 4 0 6 5 3 3 5
2 3 14 1 2 7 9 3 4 0 7 8
2 6 7 2 1 1 3 3 3 1 1 5
11 1 5 13 1 6 9 2 2 1 11 6
8 1 1 10 2 3 7 2 1 2 9 7
3 7 9 20 8 7 5 7 3 5 5 9
4 0 9 7 9 1 2 5 0 8 5 4
2 9 2 0 1 3 0 4 5 8 5 2
2 2 3 3 2 2 6 8 4 1 2 6
1 35
1 37
2 48
4 53
5 36
5 49
6 82
7 94
8 83
10 55
11 104
12 96
13 18
13 26
15 32
15 85
15 111
17 113
18 109
19 78
22 93
23 49
23 78
23 121
24 45
25 110
26 110
27 86
28 104
29 39
32 72
32 108
33 35
33 70
33 75
35 63
35 82
36 136
37 106
38 114
38 126
39 50
40 59
42 142
44 77
44 113
44 114
47 99
48 51
48 132
49 97
49 116
49 145
51 136
51 146
51 151
52 55
52 98
52 103
52 112
54 61
54 77
54 79
58 120
59 130
59 139
60 64
60 67
60 141
61 81
63 128
64 65
64 81
64 114
66 82
67 81
68 166
69 103
70 133
73 78
74 158
76 162
78 138
78 147
79 99
79 116
79 123
81 120
81 136
82 88
82 162
83 85
83 106
84 121
86 100
86 138
87 108
87 154
88 173
89 99
89 100
91 94
91 119
91 169
92 179
93 142
93 145
94 157
96 118
97 176
98 195
99 140
100 121
101 164
104 117
104 130
104 146
105 190
106 144
106 173
108 125
109 137
110 147
111 207
112 176
112 178
114 171
116 171
117 142
117 196
118 124
122 179
125 142
126 140
127 227
128 159
132 189
133 224
134 135
134 163
134 183
136 187
136 204
137 165
138 194
138 198
139 186
140 213
142 204
143 234
144 187
145 153
145 183
145 206
146 164
146 173
147 160
148 228
148 238
150 161
153 160
154 197
154 209
155 162
156 182
156 185
157 212
158 215
158 233
158 242
159 186
160 250
161 250
162 243
163 185
165 224
165 247
166 169
166 244
167 210
168 202
171 175
172 184
173 272
174 228
175 233
181 211
181 217
181 250
181 278
182 193
184 243
185 215
187 232
188 266
189 218
192 265
193 234
195 252
195 282
196 242
198 247
199 255
200 205
200 228
200 231
201 221
202 246
203 248
205 213
205 262
205 268
206 260
209 308
210 300
211 212
211 224
212 260
215 220
215 299
217 228
217 271
218 271
223 256
225 250
225 282
226 269
226 281
226 287
226 305
227 230
229 298
231 270
231 310
232 293
232 296
233 273
234 254
234 263
234 266
234 325
235 328
236 272
236 278
236 315
238 266
238 307
239 311
242 272
242 304
243 244
243 264
243 342
244 245
244 251
244 262
244 298
245 300
245 316
247 311
249 328
251 295
252 296
253 275
253 295
254 284
257 303
257 317
257 333
258 267
258 305
259 266
259 314
260 342
263 324
264 343
265 282
265 300
266 272
266 359
267 272
267 304
268 269
268 330
268 359
269 366
270 318
270 354
272 319
272 354
273 299
275 336
275 364
275 366
276 301
278 280
281 381
283 327
283 367
284 332
286 321
286 385
287 303
287 324
287 357
288 341
290 312
291 378
292 320
292 342
294 378
294 381
294 385
297 392
299 310
299 358
299 380
302 377
302 402
303 309
303 322
304 317
304 326
304 385
306 348
307 403
310 367
310 368
311 370
311 408
313 335
314 395
315 398
317 362
318 337
319 386
320 338
320 358
321 329
321 341
322 404
326 336
328 336
328 379
328 401
329 403
330 345
331 339
331 405
331 427
332 387
333 334
333 402
333 433
334 367
334 415
336 340
336 367
336 378
336 417
336 434
338 377
338 417
339 365
341 420
343 371
343 400
344 401
345 363
345 368
347 447
348 376
349 357
351 413
351 421
353 437
354 382
354 386
355 431
358 447
359 376
359 443
359 451
361 383
362 369
363 438
366 390
369 458
373 375
374 375
375 387
377 470
379 411
379 442
383 462
384 400
385 387
385 450
386 389
386 440
386 463
386 485
387 433
387 477
388 468
389 458
390 391
391 473
394 414
394 419
394 436
395 431
396 470
397 448
397 475
398 421
398 471
398 484
399 438
399 480
399 481
400 466
401 434
401 435
402 472
403 456
406 413
408 435
409 427
411 467
411 468
411 489
414 418
416 465
416 488
416 499
416 502
418 462
418 513
420 439
420 469
420 502
422 431
423 511
423 518
425 433
425 482
425 488
425 516
425 521
427 482
427 518
428 435
428 510
429 509
429 526
430 520
433 511
433 514
435 473
437 479
437 528
438 443
438 519
440 530
441 446
442 532
444 507
446 487
446 504
449 498
450 517
450 523
450 533
450 536
451 485
453 457
453 537
454 462
455 532
456 471
456 483
457 502
457 531
458 483
458 494
459 559
460 531
462 561
465 485
466 511
467 566
468 507
469 562
471 517
473 483
473 522
473 528
473 542
475 485
476 532
478 498
479 518
479 577
480 513
480 529
482 521
483 485
484 496
486 505
487 499
488 541
489 524
489 530
491 535
491 588
492 511
493 550
493 559
493 571
494 550
494 587
496 543
497 519
498 539
498 591
500 509
500 532
500 587
503 573
504 511
504 528
504 582
504 595
505 532
505 563
506 524
506 551
507 596
507 606
508 516
508 605
510 565
510 583
512 577
515 565
515 610
516 547
516 575
517 537
517 553
517 567
517 579
517 592
517 607
518 555
518 572
518 595
519 572
520 529
521 582
523 536
523 617
524 580
524 606
525 587
526 567
527 558
527 593
530 608
530 624
531 533
531 619
533 571
535 568
535 570
539 584
540 551
540 596
540 613
542 571
543 601
543 623
545 609
548 608
549 642
550 600
550 621
551 613
553 580
554 592
554 611
554 619
555 636
556 558
556 651
557 585
557 640
558 588
559 653
562 608
562 613
563 647
563 658
564 596
565 588
565 630
568 665
570 603
570 630
572 584
572 660
573 595
573 613
574 639
575 661
577 589
577 609
577 655
578 628
579 590
580 607
580 652
580 653
580 655
582 671
583 588
583 637
585 586
587 616
588 654
592 603
593 600
594 636
594 646
595 604
595 692
596 655
596 658
598 662
599 601
599 611
600 653
604 607
606 653
606 670
606 682
607 642
607 688
608 627
608 685
609 675
609 687
610 611
610 710
611 709
614 623
614 671
614 689
614 705
617 693
618 652
619 717
620 640
622 657
625 660
626 645
626 684
626 716
627 636
628 636
628 698
628 699
629 679
630 698
633 641
633 679
636 653
636 667
636 729
637 737
638 664
638 677
644 704
644 720
644 730
644 739
645 666
645 674
645 703
645 729
646 665
646 730
647 718
648 678
650 725
650 732
651 707
653 662
653 753
655 665
655 668
655 684
655 718
660 760
661 707
661 724
662 723
663 714
664 712
664 726
666 693
667 708
667 720
667 759
668 695
669 701
669 757
670 736
671 756
672 752
673 710
676 714
677 688
677 690
677 700
677 760
679 711
679 713
679 735
680 734
680 744
681 703
683 738
685 705
685 752
685 775
686 772
688 763
689 701
689 769
689 776
690 786
691 719
691 739
692 728
692 762
695 766
696 710
696 720
696 738
696 784
698 699
698 765
699 720
701 723
701 768
701 795
703 728
703 738
703 787
703 791
705 761
706 786
707 741
708 725
711 760
712 755
713 728
713 769
713 783
716 742
716 753
721 734
722 759
723 794
723 800
725 759
725 772
728 734
729 743
729 784
731 769
732 735
733 782
734 758
734 799
735 752
735 789
736 769
736 793
736 826
737 771
737 775
737 783
738 753
738 780
739 780
740 809
741 773
741 814
741 817
742 797
743 827
744 841
745 813
745 833
747 765
747 781
748 801
750 764
751 818
751 847
753 757
754 837
756 850
757 829
758 773
758 783
759 778
759 851
760 854
761 823
761 847
762 826
762 833
763 820
765 832
767 856
768 785
769 862
770 842
770 864
771 798
772 825
772 837
772 852
773 799
773 844
773 849
774 818
777 855
778 817
778 845
779 831
780 861
780 872
781 813
782 841
782 867
783 786
783 815
783 861
785 792
787 791
787 865
789 839
789 856
790 844
791 806
791 889
794 816
795 833
796 802
796 837
796 878
796 886
797 839
797 850
799 824
800 808
800 881
800 883
801 880
802 824
803 807
805 823
805 862
805 870
805 883
805 890
809 878
809 909
810 838
810 903
812 848
812 889
813 908
814 897
815 833
818 865
820 845
821 893
821 916
824 905
825 843
825 909
827 869
827 884
827 913
827 924
828 880
828 907
829 834
829 891
829 895
830 856
830 877
830 901
832 918
833 928
834 855
838 934
840 849
840 926
843 907
843 917
846 867
846 920
847 904
848 879
851 897
853 894
853 918
856 906
856 934
858 901
859 910
860 944
860 960
863 951
864 873
864 875
864 930
865 898
866 924
867 908
869 914
872 954
874 946
875 944
877 967
878 967
879 917
880 915
881 888
882 910
883 898
884 950
886 921
886 977
887 956
889 979
890 909
890 987
891 929
891 958
891 959
892 951
894 913
895 938
898 963
898 970
899 927
900 966
901 919
901 943
901 953
903 927
903 938
905 937
905 939
905 952
905 956
907 942
908 940
909 941
909 961
910 992
911 943
912 919
912 955
915 921
915 948
916 977
926 958
930 981
932 941
933 940
934 942
934 943
936 964
939 964
942 977
942 989
945 970
945 996
948 955
954 982
957 964
963 987
968 988
970 994
970 997
977 986
978 994
984 988
987 998
989 998
996 1000
2 1 11 28 1 9 6 4 0 6 16 8
3 33 17 6 14 12 7 5 23 10 2 1
11 16 12 27 1 18 15 11 3 20 7 2
6 2 3 4 16 3 2 2 9 12 0 7
4 2 4 3 9 1 19 16 16 1 3 12
2 11 8 1 1 5 1 6 3 3 13 1
13 9 17 3 20 6 11 30 28 23 13 8
8 18 3 1 1 13 9 18 4 28 17 19
7 8 15 5 9 14 33 4 7 4 14 9
3 12 7 7 14 16 23 8 29 28 2 19
23 2 34 13 1 12 5 5 13 3 13 22
2 7 17 6 2 13 1 6 8 7 0 3
9 11 7 17 8 8 20 16 1 9 10 5
11 11 0 7 8 21 14 43 21 6 6 10
6 4 12 6 26 15 3 20 5 23 6 7
1 15 1 2 3 3 2 15 4 5 3 20
15 6 13 18 3 5 7 16 1 4 4 7
14 3 11 1 5 2 11 16 2 6 10 11
13 15 11 1 38 3 4 9 14 3 7 22
10 2 1 10 3 7 11 16 18 11 9 12
29 5 14 27 21 27 10 22 11 5 20 22 13 12 19 25 21 26 10 23
35 20 15 44 34 34 4 17 18 16 23 35 13 16 24 40 28 27 22 18
14 7 11 17 8 19 1 9 5 1 12 17 4 4 7 15 9 9 9 7
12 3 5 12 6 16 1 9 1 2 2 9 8 8 7 20 7 5 3 7
10 9 8 8 6 14 1 6 1 3 6 14 1 1 1 9 3 4 1 4
60 36 39 62 51 63 34 36 43 29 21 56 46 37 51 45 42 48 16 42
21 14 11 23 25 30 5 19 5 12 8 19 10 11 6 32 11 13 10 19
26 8 10 29 22 27 1 16 1 3 20 26 4 8 9 31 17 18 10 19
20 6 8 25 29 29 6 22 11 6 16 14 7 16 4 30 13 21 17 17
46 15 24 45 39 44 8 33 24 15 27 43 24 12 34 48 34 36 18 23
13 19 11 25 21 35 13 20 10 11 10 28 4 9 11 27 8 24 18 11
15 11 7 12 15 21 1 4 5 5 8 18 3 7 1 19 12 8 8 1
16 6 13 11 6 17 1 11 3 3 7 12 9 6 6 13 11 8 1 8
20 22 8 25 33 36 15 21 19 21 14 31 7 15 15 34 16 24 23 9
32 14 13 38 41 41 23 19 17 10 24 26 17 15 18 32 28 38 25 28
10 6 6 9 10 10 1 7 1 1 7 5 3 8 3 9 3 5 4 10
51 30 29 52 32 61 26 43 12 10 36 47 23 24 29 64 45 45 38 36
23 8 9 25 26 29 6 17 1 8 8 20 9 8 1 36 18 20 11 18
35 30 25 38 17 34 8 3 20 9 21 39 11 8 15 9 18 14 4 16
9 9 1 18 14 14 8 10 10 4 6 9 1 7 5 14 4 14 13 5
48 47 26 70 58 59 30 32 35 38 41 57 22 22 31 59 39 48 51 41
65 38 25 51 35 67 9 33 28 20 47 60 16 16 31 56 41 37 34 23
42 17 5 48 46 42 24 13 22 17 31 34 22 12 28 40 33 37 30 33
20 19 9 26 24 30 9 25 12 16 4 21 9 14 12 32 7 16 11 11
13 9 11 15 12 17 3 14 5 6 1 13 10 7 8 23 14 16 7 4
13 11 15 22 18 30 6 20 1 7 10 21 11 14 9 28 8 11 12 16
17 9 10 14 8 16 1 11 6 5 14 20 3 7 1 16 11 7 1 11
45 21 15 30 31 45 4 20 30 11 25 32 23 14 15 38 27 32 22 10
6 7 6 10 1 13 1 1 1 1 5 13 1 5 7 10 1 1 6 4
64 44 36 58 44 78 18 36 28 18 36 61 38 42 36 62 51 42 36 43
64 41 29 67 57 78 10 43 42 38 39 53 31 31 34 69 33 43 48 33
30 22 12 31 28 46 6 20 18 9 19 37 13 13 19 45 28 28 29 4
14 6 2 13 18 14 3 6 1 5 5 8 4 2 2 15 5 15 9 5
6 8 3 10 9 6 1 1 1 2 1 10 2 2 1 6 3 3 1 4
52 22 31 44 50 53 8 43 28 28 35 38 29 35 19 56 39 41 26 38
36 20 16 24 33 48 10 23 26 6 32 34 21 27 9 43 31 36 31 25
15 5 6 16 14 22 1 7 2 1 9 12 6 1 10 19 10 15 12 4
47 50 22 65 46 73 35 32 26 19 37 61 17 29 36 63 42 44 50 30
48 53 21 81 61 66 25 38 42 48 33 62 20 32 39 66 23 39 45 40
12 9 8 12 12 11 1 4 1 4 10 15 1 3 4 10 7 5 1 9
10 12 10 17 16 22 3 11 1 9 7 22 1 7 5 26 11 11 10 8
1 1 1 6 4 9 2 4 1 1 1 4 1 1 2 9 1 4 6 1
49 33 42 37 26 58 20 24 34 12 25 49 34 22 29 30 42 34 14 22
6 3 5 10 5 13 1 4 1 1 5 12 1 1 1 7 2 2 3 1
37 15 4 35 42 39 9 14 17 7 19 20 17 14 10 41 26 34 25 20
27 19 3 24 26 27 1 1 16 10 20 22 1 7 4 20 9 13 14 6
14 6 2 18 15 22 4 10 10 2 12 14 1 8 3 19 5 10 13 6
27 15 10 35 29 35 3 22 5 14 21 28 11 18 14 42 23 17 22 20
16 5 5 15 10 7 1 5 2 1 12 9 1 3 3 7 5 6 1 11
39 36 27 38 28 53 19 28 29 20 27 45 15 21 19 35 18 30 23 23
29 10 12 29 35 35 8 17 5 11 17 18 14 13 9 36 21 22 14 27
13 1 6 6 4 8 1 7 2 1 4 2 8 1 5 6 8 11 3 4
47 34 28 40 28 49 3 26 28 31 27 50 19 14 14 43 22 19 20 22
34 18 18 28 31 44 5 24 24 7 16 29 22 17 14 42 24 31 21 11
46 38 31 37 52 67 20 37 37 24 30 55 28 29 23 54 33 41 32 29
20 14 12 17 18 27 1 10 4 10 18 31 3 9 10 30 20 7 12 9
17 14 4 23 16 29 7 14 5 4 12 20 3 6 12 28 10 13 20 7
42 28 18 38 22 39 5 13 14 12 22 43 13 3 26 26 19 11 7 16
7 14 6 20 23 17 1 10 2 13 4 17 3 13 4 25 9 5 10 9
6 1 1 6 3 1 1 2 1 1 1 3 1 4 1 7 1 1 1 5
17 20 13 30 19 39 11 24 8 13 8 31 11 16 14 34 9 13 15 15
2 1 2 4 1 11 1 5 1 1 1 6 1 2 1 8 1 1 2 2
20 24 11 26 20 22 6 6 8 13 7 24 8 7 12 20 9 11 7 8
46 30 32 42 48 65 27 46 30 23 33 48 36 25 16 63 45 55 26 37
6 1 1 7 4 10 1 1 1 1 4 8 1 2 2 11 3 1 5 1
43 53 31 71 45 66 21 32 26 39 27 60 27 36 41 59 34 29 43 31
50 24 28 49 45 60 24 23 29 20 36 52 26 21 35 45 42 44 29 26
56 25 34 62 54 69 28 38 41 26 49 59 30 33 37 55 45 54 37 41
24 23 7 36 27 28 4 10 12 12 13 31 7 7 16 24 10 10 5 16
7 4 3 17 12 18 5 13 4 3 5 13 2 7 5 18 4 9 11 5
7 13 5 17 11 10 1 2 2 3 5 12 1 5 1 7 4 1 1 4
45 26 19 53 37 40 9 20 23 16 33 47 20 21 37 48 43 36 28 25
27 16 11 25 17 31 1 15 4 9 14 24 8 9 16 28 11 12 11 12
55 63 29 75 53 77 38 40 51 40 42 77 30 33 55 52 32 43 39 40
49 26 23 51 40 52 17 15 30 22 37 52 21 25 25 35 35 29 21 28
28 14 26 26 22 29 1 20 9 12 17 31 17 13 19 35 28 24 12 17
19 20 12 25 30 38 10 14 15 5 15 29 10 15 6 32 21 22 23 10
6 1 2 1 6 12 1 3 1 1 5 3 1 1 1 5 4 3 4 1
52 17 32 51 39 60 7 37 17 16 21 39 31 20 30 57 37 42 22 35
30 17 18 34 20 43 11 33 9 5 21 32 11 11 22 45 28 29 25 17
12 1 1 13 8 8 1 6 1 1 8 5 1 1 2 6 1 8 3 6
40 15 35 41 24 58 9 45 23 10 19 38 32 23 26 50 29 36 18 25
8 12 9 13 8 14 1 4 1 7 1 16 8 3 6 11 10 7 3 1
14 1 4 16 12 10 1 5 4 1 10 8 5 4 9 8 6 11 7 8
54 46 20 72 56 79 32 29 44 35 45 63 26 21 43 55 37 52 48 31
35 34 15 44 29 49 7 19 24 24 21 43 7 9 16 37 7 14 25 10
57 37 39 50 24 67 14 33 30 15 30 60 31 11 34 47 40 34 21 15
23 10 7 32 36 27 20 13 20 17 21 27 10 16 22 22 17 30 19 21
15 6 9 13 8 17 1 8 1 1 13 15 4 5 8 14 8 7 8 9
2 1 1 5 2 3 1 2 1 1 1 1 1 4 1 7 1 1 1 3
21 22 14 27 10 34 9 14 4 4 11 31 10 6 16 26 18 11 14 6
44 30 25 56 50 56 14 18 25 17 21 38 36 34 20 47 40 36 29 32
18 11 6 14 13 16 1 13 7 11 2 17 6 10 8 20 1 1 1 11
12 6 3 17 10 18 3 9 1 5 8 15 1 6 6 18 1 7 8 8
16 13 6 18 15 21 3 6 1 7 9 20 5 6 9 20 5 11 10 9
38 7 9 25 34 31 3 14 16 7 21 25 12 10 16 32 26 27 10 18
45 54 20 73 75 68 16 31 39 39 33 60 34 49 32 73 38 51 50 43
23 21 10 23 12 32 6 8 11 7 10 25 5 3 8 16 4 8 7 4
24 14 9 23 12 19 1 9 8 10 15 18 4 4 4 15 10 10 8 7
54 33 28 52 49 63 27 15 33 17 35 56 27 26 42 37 43 40 26 30
50 43 37 66 57 71 24 36 32 31 47 60 35 35 26 70 53 47 52 43
59 32 22 62 54 57 29 25 29 32 29 52 36 24 44 57 45 44 33 40
18 5 7 25 22 21 1 15 5 8 7 8 12 12 5 23 11 13 6 13
25 10 16 10 10 25 1 12 3 3 9 14 9 1 5 18 12 16 4 6
13 11 10 9 9 16 1 4 8 1 8 9 9 3 3 5 9 7 5 1
38 15 12 44 40 41 16 17 18 20 29 38 16 19 29 39 29 28 21 26
11 6 1 9 10 9 1 1 1 5 3 9 1 2 3 9 1 4 1 5
47 44 43 66 60 75 28 49 30 35 22 61 45 37 39 79 50 56 39 41
42 20 4 34 43 41 7 10 28 13 32 39 19 20 22 34 25 29 23 24
36 17 27 21 19 41 9 21 15 1 19 26 19 10 14 25 25 25 8 17
39 22 12 38 27 46 14 29 7 8 28 40 3 12 27 45 23 32 27 22
10 14 10 16 17 26 10 11 11 4 4 15 9 8 8 15 10 16 15 3
26 12 7 28 30 22 6 8 2 11 13 24 2 1 11 28 21 21 12 17
35 28 16 34 29 46 17 19 17 15 25 33 17 5 8 34 23 25 27 22
22 14 8 32 20 29 6 4 17 11 17 18 9 6 1 21 15 17 24 11
9 2 3 10 13 19 4 11 8 1 9 12 1 5 1 15 7 10 12 2
51 28 21 59 62 60 26 49 25 32 20 37 33 29 31 65 32 50 37 50
28 25 23 30 26 36 3 18 6 16 10 37 14 12 14 37 23 15 8 15
26 25 21 23 15 35 6 12 10 10 13 32 11 7 7 21 20 12 8 6
12 1 4 8 9 12 1 3 1 1 7 6 3 3 3 8 4 6 2 6
37 23 22 34 15 38 13 19 7 1 26 33 15 7 31 28 30 28 20 18
29 24 1 31 30 36 2 11 13 9 22 34 8 16 13 42 22 18 26 14
43 40 29 44 34 55 2 19 31 30 26 44 24 4 17 42 30 28 29 14
31 23 17 49 45 36 20 21 13 14 16 31 28 16 25 41 38 41 24 32
14 18 11 23 23 22 4 5 4 14 7 24 3 7 8 23 14 8 12 5
65 37 40 60 43 69 8 43 39 30 38 64 31 22 38 67 42 38 34 26
19 13 10 10 6 23 1 9 5 7 7 19 4 2 5 16 6 4 1 5
37 27 20 34 36 45 1 22 19 23 26 40 18 29 7 45 27 20 21 25
21 15 14 30 29 18 6 17 5 14 14 22 10 17 14 26 19 18 10 23
38 17 10 45 31 38 12 10 17 10 27 27 13 9 10 26 20 27 21 25
47 21 33 45 31 56 14 23 30 1 23 43 27 11 31 35 38 42 18 16
21 5 12 19 23 27 3 24 6 11 17 16 11 19 4 29 14 15 13 23
28 24 11 48 48 42 28 28 19 14 20 29 23 16 23 40 27 44 31 35
13 6 10 10 10 15 1 10 2 6 9 14 5 4 3 14 15 8 6 5
19 14 8 20 10 20 5 10 11 10 13 18 6 5 1 13 8 11 11 5
20 11 13 27 18 28 8 7 4 1 15 19 9 3 10 20 14 16 15 14
20 4 13 14 12 18 1 13 7 3 16 22 6 9 2 20 12 11 1 15
12 10 4 19 12 21 4 11 2 7 9 21 1 5 8 24 7 7 12 5
16 13 5 32 24 15 1 10 2 14 8 16 7 16 8 23 8 7 6 17
17 15 14 12 19 26 1 8 9 7 15 24 10 11 4 20 19 13 12 7
34 28 25 39 33 57 21 23 15 9 18 45 21 17 19 47 29 32 24 24
40 39 44 47 43 60 22 30 26 22 31 56 34 36 36 55 50 40 35 31
54 23 23 40 54 52 10 30 28 19 37 43 29 28 13 55 39 40 22 41
24 8 18 20 16 33 2 28 8 6 10 22 14 11 5 34 17 19 5 15
58 28 43 41 18 57 7 23 33 10 34 49 30 8 25 28 37 35 13 21
18 19 2 28 34 34 7 15 16 16 9 27 2 9 16 32 3 17 19 7
16 14 6 20 16 28 8 11 7 7 12 21 4 5 12 20 7 13 17 5
17 14 10 27 22 23 1 15 7 10 10 17 10 13 4 24 12 12 9 12
9 8 11 14 14 17 1 14 1 4 8 12 6 10 1 15 4 6 4 14
28 14 6 24 28 34 2 8 18 1 25 23 13 15 1 28 23 26 24 14
59 47 33 55 65 70 15 46 43 38 37 63 35 44 24 68 37 42 34 43
18 10 6 26 16 18 1 12 5 8 11 14 6 9 1 17 5 7 3 13
53 35 32 47 51 69 12 40 43 20 45 57 31 33 21 60 44 56 33 34
52 34 38 45 29 64 24 37 9 7 42 50 25 25 37 52 48 44 38 31
23 15 16 20 25 29 4 13 10 8 16 22 10 11 7 26 20 19 16 8
26 20 14 22 22 37 5 18 8 16 13 31 11 6 16 33 17 14 13 8
13 11 9 16 12 16 1 11 1 9 6 18 6 10 3 20 9 4 1 11
51 29 31 50 50 59 14 17 28 23 41 60 32 29 37 55 52 47 34 33
25 31 27 38 26 41 9 11 9 10 20 46 14 20 25 38 34 19 22 19
13 7 6 11 14 19 6 10 9 5 10 10 5 6 1 13 9 11 13 1
28 27 21 36 33 47 12 28 25 15 25 39 11 20 9 37 22 28 25 19
45 20 23 57 59 64 24 38 25 20 29 42 33 28 29 59 44 55 35 41
41 35 27 46 29 52 9 30 22 28 9 43 27 22 21 42 16 17 16 24
60 37 37 63 34 68 8 42 37 23 41 60 30 15 37 62 38 38 40 23
30 14 12 25 22 39 10 21 20 9 24 26 7 12 11 29 17 24 21 13
42 20 31 29 24 46 12 17 18 1 27 39 23 17 26 24 36 29 9 28
15 4 4 12 12 14 2 5 1 3 7 8 4 5 4 14 6 12 6 8
33 23 12 46 30 36 15 22 15 15 20 40 13 14 36 42 31 35 25 19
25 13 8 17 13 17 1 7 9 9 8 15 10 5 9 17 10 12 1 7
19 13 14 29 17 28 1 16 3 7 11 19 16 13 14 28 14 14 11 15
49 32 45 46 57 68 20 38 34 27 40 56 44 36 25 72 63 60 40 38
42 52 28 65 50 72 34 30 26 24 39 65 22 33 40 69 50 49 58 34
49 44 31 60 28 64 23 23 21 14 34 56 16 13 28 42 37 34 36 21
40 25 25 59 56 48 17 29 23 33 28 40 29 37 37 54 38 41 34 39
39 24 24 32 7 43 5 17 16 6 25 34 17 2 22 22 23 15 15 8
38 22 25 37 39 47 20 12 18 1 21 32 26 22 18 30 37 34 20 30
28 31 16 39 35 38 12 24 17 21 7 34 13 15 16 39 13 19 17 17
48 26 25 52 47 63 20 37 31 17 24 42 35 10 32 60 38 47 36 24
49 21 18 52 36 55 22 36 20 9 29 39 28 8 34 57 40 48 36 28
49 28 25 43 23 54 3 21 16 14 35 46 13 9 16 42 26 27 22 22
10 10 3 29 23 21 11 17 8 8 7 16 4 13 11 27 6 20 18 12
47 14 41 43 36 55 1 48 27 16 34 46 40 27 27 59 42 41 21 34
52 42 25 51 61 76 24 37 35 26 29 61 33 31 27 75 45 50 47 35
45 44 18 59 59 68 31 37 38 32 30 54 23 22 28 64 30 42 44 34
37 45 25 52 41 62 29 34 31 30 11 51 26 25 40 53 25 34 38 22
56 28 43 51 44 75 20 44 42 8 40 61 35 24 49 56 48 58 35 32
28 22 11 39 26 28 3 1 19 15 26 29 5 6 11 19 17 17 19 12
24 16 18 13 11 31 2 12 5 5 6 23 12 5 9 18 14 8 1 6
49 33 37 73 63 65 18 52 36 31 32 53 37 35 44 72 45 58 45 42
8 1 7 4 5 14 1 10 1 1 7 10 1 3 1 14 5 9 5 7
27 23 13 33 17 41 7 20 19 14 7 35 12 3 21 35 15 22 13 1
32 14 12 31 15 29 4 8 11 5 23 31 8 8 13 16 15 13 2 20
48 45 41 49 55 58 21 29 32 32 35 59 32 32 35 53 44 40 32 33
9 14 4 21 14 21 1 7 1 5 11 21 1 2 11 20 12 6 17 1
41 30 31 30 27 47 8 26 18 19 17 47 25 19 20 39 25 20 7 24
38 20 16 51 31 46 29 27 22 15 35 44 15 26 39 40 29 37 32 34
33 15 15 44 36 37 13 11 8 12 30 40 11 15 25 38 35 30 23 31
13 13 12 15 11 16 4 8 1 5 8 16 8 8 6 11 6 8 5 10
36 35 30 48 42 48 18 22 13 29 28 48 21 23 30 55 38 35 35 29
59 44 32 53 51 68 18 33 43 33 36 56 23 24 26 52 30 42 40 30
37 37 37 41 42 52 15 20 25 25 32 50 30 28 26 51 47 38 35 25
8 1 2 5 2 12 1 5 1 1 1 8 2 2 1 11 2 5 3 1
22 20 5 34 19 29 4 2 6 11 11 26 6 5 7 27 13 14 16 9
10 8 4 7 12 14 1 6 1 6 2 9 5 4 2 16 10 8 5 2
50 45 33 62 45 56 18 25 20 27 25 60 34 30 48 52 44 33 21 38
22 19 9 33 30 26 11 18 10 16 11 25 7 14 15 31 13 24 16 14
16 9 14 14 8 16 1 11 1 1 9 15 7 7 4 10 9 6 1 14
48 15 19 50 45 51 2 25 30 7 35 37 37 30 25 57 42 45 35 30
15 7 5 10 1 18 1 4 4 1 7 12 1 1 1 7 3 4 2 1
14 7 4 16 17 18 3 2 3 4 7 11 3 1 4 14 7 10 9 5
22 14 8 26 9 25 5 14 8 4 17 20 9 9 15 22 16 10 14 10
67 40 53 55 51 71 16 46 41 26 32 67 46 35 44 63 54 46 22 38
16 6 2 15 10 10 1 7 2 2 5 7 3 5 1 12 3 7 1 7
22 9 11 13 20 27 1 16 8 9 17 20 4 10 7 27 12 13 10 15
61 39 39 55 43 82 13 45 45 26 41 65 38 33 26 66 41 44 35 30
42 15 14 38 35 44 10 15 22 8 39 40 18 23 21 35 34 32 24 30
41 22 43 41 31 53 16 34 24 11 14 37 41 27 30 39 39 37 14 28
34 16 14 29 25 43 6 18 13 1 34 37 9 13 17 34 28 25 22 23
10 6 5 6 3 14 1 2 1 2 1 11 4 1 2 8 4 4 2 1
43 38 40 40 45 51 13 26 19 28 16 51 35 27 23 54 41 32 19 34
27 3 13 23 32 29 2 27 8 6 21 19 13 17 4 32 18 27 10 28
28 24 12 35 39 41 8 15 18 15 18 36 11 12 21 36 15 22 20 16
31 17 19 15 21 40 1 15 10 9 15 31 13 5 10 30 21 18 9 7
23 27 20 38 33 37 18 24 18 17 11 32 18 14 27 32 24 36 22 14
34 20 19 15 30 44 7 22 18 11 24 32 15 14 11 34 21 23 17 17
25 18 14 15 22 33 1 11 13 12 11 25 14 9 10 26 18 17 12 5
28 18 8 29 26 35 9 15 9 10 4 21 15 1 8 33 19 23 14 6
27 16 16 35 22 40 13 16 7 3 19 26 13 6 11 33 21 26 23 19
5 1 1 8 14 9 3 1 3 1 4 1 3 5 1 11 9 9 10 5
16 1 9 6 2 13 1 8 1 1 10 12 4 1 1 9 9 8 1 8
38 26 13 51 54 55 18 29 25 21 25 44 17 26 30 63 34 45 39 25
21 1 14 10 15 23 3 13 6 1 11 9 11 2 6 21 20 19 9 9
30 17 22 32 11 43 3 14 19 1 14 32 21 7 22 30 27 22 16 2
37 13 27 31 43 49 3 37 17 19 22 29 24 29 5 51 32 35 20 31
44 25 36 52 51 54 20 33 25 23 35 56 30 32 38 57 47 52 29 39
12 1 7 1 7 12 1 7 1 1 10 9 1 2 1 9 6 4 2 7
50 23 23 58 36 56 14 35 18 11 28 47 19 10 33 61 41 44 29 25
20 18 15 17 9 32 7 9 4 7 8 27 11 4 12 18 11 8 10 3
16 6 10 9 12 16 1 9 3 4 11 10 6 4 2 13 14 9 5 7
8 5 8 6 3 15 1 3 1 1 3 8 5 1 1 2 4 4 1 1
11 8 10 6 6 12 1 7 1 4 5 9 7 5 1 6 7 8 4 4
42 39 25 44 27 47 6 16 26 29 17 44 21 9 20 33 14 19 21 14
41 20 22 47 43 48 9 27 24 14 25 32 28 23 22 42 32 38 23 26
22 11 12 23 11 28 1 8 5 1 17 21 4 1 5 15 10 15 9 9
40 43 40 52 62 62 23 48 32 36 37 58 30 43 22 67 43 52 31 46
19 3 13 14 18 20 1 18 5 2 19 13 7 13 3 19 13 12 4 22
19 11 13 16 9 20 1 8 1 3 9 19 5 1 2 15 11 12 1 6
10 1 1 18 20 7 1 11 1 4 6 1 5 11 4 15 4 13 6 17
50 27 22 36 41 49 7 25 26 15 33 44 21 20 20 47 38 37 21 26
64 21 33 58 52 61 22 40 32 18 42 55 42 15 40 62 59 61 33 43
32 35 17 43 45 50 25 15 28 15 17 39 21 21 20 36 30 37 31 17
12 4 10 8 5 19 1 10 1 1 9 18 3 3 2 15 8 8 3 7
18 13 12 22 23 18 5 9 1 10 9 15 9 8 11 21 18 20 12 10
25 13 18 20 12 31 3 14 7 1 17 24 10 2 4 15 13 15 4 10
47 35 33 47 36 55 12 15 31 12 33 51 24 26 17 35 37 30 21 25
52 37 31 37 29 61 4 17 33 18 43 54 27 20 10 41 36 29 30 22
10 8 3 17 7 13 1 6 1 5 8 17 1 7 9 18 6 3 8 6
7 5 8 9 8 23 2 7 3 1 4 10 7 1 4 13 8 10 10 1
8 7 7 7 5 12 1 5 3 1 4 7 4 3 1 4 3 4 4 3
19 6 13 16 3 30 1 17 4 1 8 19 7 1 12 23 14 13 10 2
39 22 21 27 23 40 1 21 19 16 24 40 16 12 12 34 18 18 7 18
21 42 22 49 42 59 25 37 20 30 27 55 20 27 38 61 36 43 44 27
35 10 31 23 17 40 3 28 17 2 23 28 23 5 17 27 28 30 12 13
5 15 10 21 23 18 4 4 1 12 3 19 4 7 6 23 14 13 16 6
55 35 38 64 51 60 18 27 28 35 37 59 33 30 35 52 45 42 26 39
28 8 14 22 28 26 1 19 6 8 20 28 11 16 5 27 16 17 1 29
9 1 6 5 11 11 1 6 6 1 10 7 4 6 1 8 8 5 7 5
24 7 8 24 13 20 4 13 8 1 16 13 9 9 14 19 12 17 9 15
16 6 11 9 5 18 1 11 1 6 11 20 4 6 5 17 9 7 4 10
19 3 7 6 8 12 1 6 1 3 10 12 3 2 2 10 7 7 1 9
35 20 23 40 38 48 8 35 14 21 9 29 23 22 15 47 19 27 19 31
28 21 5 43 40 38 9 21 23 16 25 31 10 22 15 36 18 28 25 19
28 44 20 58 57 45 21 33 29 40 19 46 17 35 33 56 18 31 34 33
3 1 2 4 1 9 1 1 1 1 1 5 2 1 1 3 2 2 1 1
6 4 1 4 4 8 1 1 1 2 1 4 1 1 1 8 1 2 1 1
45 21 17 39 44 48 9 15 24 17 26 34 31 32 23 36 33 31 18 33
30 19 18 35 22 26 1 11 18 11 18 27 11 9 15 22 22 17 9 11
44 31 36 48 38 59 16 41 20 15 37 55 22 30 35 66 50 47 39 31
51 37 34 61 48 69 25 28 33 23 25 40 37 28 20 47 37 38 39 38
10 1 2 7 12 5 1 2 1 1 9 2 1 2 2 5 3 6 3 7
12 8 5 6 11 16 4 7 4 6 6 10 5 4 1 10 6 7 8 1
22 9 6 19 19 21 3 8 3 8 7 14 7 2 7 19 10 15 7 8
58 36 47 53 30 63 20 36 35 18 28 57 42 32 34 44 42 37 11 37
49 22 30 29 46 53 10 29 24 19 33 41 31 24 9 54 48 44 21 29
21 8 16 22 17 26 1 14 1 1 17 24 8 9 7 24 14 16 6 18
2 1 1 3 6 10 1 1 1 1 1 3 1 1 1 6 1 7 4 1
37 28 24 50 41 51 12 28 20 20 15 49 19 12 36 53 31 38 23 19
26 24 5 38 29 33 9 13 16 20 11 29 4 6 10 30 10 20 19 5
39 29 19 33 21 46 6 28 9 15 15 41 15 10 25 44 20 17 15 19
41 30 29 42 12 43 4 9 22 12 22 41 20 3 20 21 23 18 13 7
28 27 33 40 38 45 9 29 9 25 17 40 27 26 22 52 32 31 23 29
21 8 16 20 12 23 3 15 5 1 6 11 12 5 9 16 12 17 4 9
46 41 37 57 41 59 13 39 15 30 36 59 25 40 35 66 42 31 33 44
22 9 5 34 21 25 6 14 7 5 12 17 6 7 10 29 11 21 14 12
44 45 30 63 50 69 17 40 26 35 28 60 25 28 34 71 38 38 40 30
52 33 28 63 46 56 16 25 29 31 31 48 26 25 24 41 32 36 25 36
46 49 19 71 41 66 21 32 28 31 29 55 19 22 32 56 21 29 39 28
4 4 3 8 11 14 3 7 1 2 3 6 1 5 1 14 2 9 9 4
5 4 1 10 8 5 1 1 4 1 3 4 1 5 1 8 3 6 5 4
21 17 1 28 10 28 2 11 8 8 14 24 1 6 10 25 4 5 14 6
29 25 9 38 37 34 3 8 20 9 28 36 12 20 13 33 22 23 20 21
21 22 6 32 23 41 4 12 9 9 15 32 1 1 10 33 12 11 19 2
55 43 33 78 66 69 33 34 42 43 43 68 34 41 53 65 48 53 47 42
34 26 30 46 21 49 6 23 28 16 22 38 26 12 20 36 26 25 24 12
11 3 5 10 5 14 1 8 2 1 6 6 1 2 1 11 5 9 5 4
47 28 21 57 49 52 13 20 15 20 37 52 20 24 29 54 45 37 29 38
38 36 32 52 58 54 30 39 33 34 40 55 27 40 42 55 44 54 35 47
22 13 15 16 15 35 5 15 14 4 21 24 7 8 4 21 15 16 15 9
29 20 24 31 24 40 10 24 10 11 10 29 23 16 16 32 21 20 7 19
15 18 16 25 18 25 3 8 7 9 14 27 8 10 11 24 17 8 13 8
9 4 2 10 6 9 1 3 1 1 4 5 2 1 1 4 2 5 3 2
31 17 3 30 31 31 9 10 21 12 23 27 3 8 15 20 12 20 12 12
14 4 3 21 17 12 1 7 5 4 10 10 5 9 6 15 10 10 7 12
7 4 1 9 10 7 1 4 1 3 4 7 1 3 1 7 2 6 3 5
60 39 40 70 46 78 19 54 38 31 30 63 39 29 46 68 36 49 30 35
9 16 10 10 13 21 1 7 6 9 8 17 6 8 4 16 8 6 9 6
1 7 4 13 4 8 1 1 1 4 1 14 1 1 3 8 3 1 1 1
42 32 21 63 52 59 23 37 19 22 26 42 32 20 32 63 40 44 40 33
10 12 1 19 25 26 12 20 14 10 11 17 1 16 9 26 5 20 20 12
30 24 32 38 34 35 12 31 18 25 22 35 27 28 24 46 36 30 22 29
10 1 5 6 4 13 1 8 1 1 5 10 1 1 1 10 4 5 3 3
37 15 25 41 36 38 7 30 16 12 23 32 20 19 14 45 34 36 17 28
6 1 2 5 8 5 1 6 1 1 7 3 1 4 1 8 2 1 1 8
54 24 27 43 41 53 10 35 29 19 38 49 24 25 22 46 31 36 10 39
55 36 33 54 48 76 31 50 32 19 45 62 30 26 43 66 49 64 40 44
13 13 8 12 15 25 1 8 2 6 3 17 5 4 5 20 5 7 6 4
31 34 15 44 48 61 18 26 27 20 24 47 19 28 21 60 31 41 41 22
17 7 5 26 17 17 2 9 3 3 8 11 6 5 4 19 11 16 7 10
12 7 8 17 17 22 2 13 1 1 6 9 8 7 2 16 5 9 6 10
50 40 30 57 60 65 21 29 33 25 27 62 28 32 42 59 45 47 30 32
11 7 3 17 12 10 3 6 7 3 6 6 5 8 1 11 7 10 7 7
36 17 16 44 32 37 5 27 15 20 23 28 11 17 12 35 15 25 18 29
20 7 11 16 13 27 7 18 5 5 10 19 9 8 11 27 12 15 13 9
45 30 34 38 10 52 1 24 23 16 32 47 21 6 19 33 29 22 21 13
10 5 3 10 7 12 1 7 1 5 1 11 5 9 4 16 5 5 4 8
19 11 4 18 7 21 1 8 5 9 7 23 2 1 9 19 3 1 3 3
54 45 26 54 62 75 21 38 35 23 34 58 40 29 23 75 51 52 44 38
6 1 1 14 14 9 1 1 1 1 4 3 1 1 1 8 4 9 8 2
17 12 12 11 10 26 1 10 1 6 7 24 4 3 4 21 7 9 4 7
48 24 14 37 23 46 4 16 20 10 31 41 12 3 27 31 26 20 14 14
10 5 1 4 13 15 1 1 6 5 3 10 1 3 2 14 2 1 4 1
60 39 38 62 72 74 13 36 35 29 46 64 46 47 30 84 63 61 44 53
14 11 2 8 12 23 1 2 10 1 9 14 3 3 1 12 6 8 10 1
34 30 5 40 35 47 2 15 22 16 20 39 10 15 15 46 20 20 27 7
51 17 26 29 31 52 1 30 34 7 29 38 29 11 23 43 34 33 22 13
46 44 41 62 48 54 23 33 26 32 16 47 38 41 37 46 39 39 23 40
66 38 36 60 48 82 22 48 33 20 38 65 33 20 43 77 53 55 47 29
56 18 20 48 29 51 12 32 27 11 33 45 24 5 41 43 35 37 21 19
34 28 32 33 27 44 9 29 21 21 25 44 22 20 18 42 33 31 20 21
20 17 15 30 27 23 5 16 3 12 7 20 17 16 14 25 18 17 7 18
46 40 31 53 47 66 18 20 24 19 24 56 28 23 23 56 44 38 32 25
34 14 6 34 31 32 10 8 19 12 27 26 7 7 15 21 18 24 19 15
5 7 5 11 16 16 5 10 5 4 6 8 1 9 1 17 5 10 12 8
12 2 9 4 8 12 1 9 2 1 12 10 2 3 1 7 8 6 3 8
4 5 7 9 7 13 1 10 1 3 1 7 6 10 1 12 1 1 1 10
46 30 24 57 41 49 24 30 5 11 39 46 18 20 32 56 49 45 43 39
61 27 28 49 51 70 15 41 29 19 41 52 29 18 25 66 48 52 30 33
21 9 7 12 20 20 1 5 6 7 14 16 5 6 3 17 12 12 8 7
30 35 23 48 30 38 13 20 24 30 28 44 9 19 21 36 21 27 30 24
26 20 8 26 19 39 8 14 13 5 24 28 3 6 14 27 13 15 23 7
4 6 5 6 7 13 1 3 1 1 1 9 4 2 1 7 2 6 5 1
17 7 14 19 9 30 1 16 3 1 3 18 15 7 12 27 12 12 6 6
57 38 40 56 37 69 12 40 42 25 29 53 35 19 31 50 31 32 26 20
3 5 8 7 1 15 1 5 1 1 3 14 1 2 1 8 1 1 1 4
45 27 20 33 36 54 11 29 28 19 29 40 15 17 20 41 22 30 21 20
46 41 31 52 38 57 17 30 27 31 20 55 27 24 26 53 30 27 25 31
19 29 19 50 42 35 17 15 14 16 16 36 12 19 24 35 25 29 26 23
59 15 37 59 44 59 6 44 37 22 34 40 35 24 31 53 41 47 36 34
32 22 20 32 37 49 11 33 20 15 23 32 17 24 10 41 18 29 19 27
5 4 3 8 4 10 1 8 1 2 2 9 1 2 1 13 4 3 2 3
22 26 13 39 33 30 23 19 21 16 16 33 14 21 26 23 19 29 16 24
25 13 11 33 28 35 5 16 8 5 13 22 9 6 14 35 17 24 17 12
32 36 33 55 50 62 27 34 30 25 21 51 36 20 38 63 45 53 47 24
26 8 10 41 41 30 17 15 15 16 24 24 18 22 19 28 23 28 17 33
28 6 15 18 13 24 1 14 8 4 10 17 14 3 15 21 16 22 4 8
23 8 14 31 19 38 9 33 14 12 6 22 18 18 20 41 14 24 17 15
47 31 20 71 51 57 15 26 20 29 40 49 19 28 33 55 41 39 41 40
23 3 7 9 9 17 1 12 1 3 10 13 2 3 3 18 8 11 1 12
61 39 35 51 69 73 26 45 39 30 44 59 35 32 23 70 56 65 34 42
34 14 18 41 36 47 12 24 9 2 28 30 17 12 14 43 31 34 27 29
30 19 8 40 36 23 6 15 12 21 18 29 10 19 18 29 18 17 7 25
8 1 1 18 20 16 1 10 1 4 4 5 3 9 1 20 2 8 7 11
49 49 40 62 48 63 18 33 33 33 29 57 29 32 27 48 35 39 29 37
46 28 23 52 45 52 21 26 12 10 39 46 17 21 36 54 52 48 44 31
45 24 23 25 38 43 3 22 24 17 34 42 20 25 10 44 36 30 19 24
11 6 4 20 24 20 1 13 7 11 10 15 8 18 4 24 9 8 11 13
29 20 15 35 27 41 12 34 21 18 7 29 18 17 24 42 14 28 14 17
35 9 10 35 31 35 16 18 18 8 26 24 11 9 16 24 24 36 18 22
27 14 11 24 18 31 5 16 7 9 13 25 13 6 18 32 18 20 16 8
16 13 16 19 10 22 3 14 2 7 5 19 14 13 4 18 12 5 1 14
33 12 26 37 29 46 3 33 12 12 21 32 23 18 17 47 30 29 18 24
18 13 5 13 11 19 1 4 6 6 5 11 4 2 2 14 5 10 6 2
8 11 11 17 19 26 6 18 7 4 10 18 2 10 3 23 7 13 13 10
48 48 27 68 50 59 23 33 16 27 30 57 25 32 44 60 37 30 34 39
15 4 2 13 15 17 1 5 4 2 7 9 1 5 1 17 7 7 7 4
46 28 19 53 40 52 19 13 31 10 38 47 21 25 30 30 35 33 26 27
41 18 25 40 22 44 3 32 7 5 27 41 14 14 26 50 36 32 18 23
23 10 12 31 23 23 2 22 9 13 4 19 16 13 12 35 17 20 7 12
31 17 4 33 30 31 1 16 18 18 17 22 12 16 12 29 9 11 10 19
51 29 16 56 55 54 23 22 25 22 35 45 24 16 28 51 43 42 30 35
42 35 30 36 28 56 12 30 7 11 35 55 15 26 26 54 42 27 30 26
48 12 36 51 41 59 28 41 32 21 32 49 36 30 41 46 41 47 23 39
47 29 33 54 38 60 12 32 9 19 20 47 34 23 26 62 44 33 25 32
58 39 46 35 46 66 16 36 43 14 44 53 49 46 14 50 57 51 21 43
9 8 8 11 11 9 1 3 1 1 8 6 4 3 5 4 3 9 4 7
15 12 17 17 13 28 9 7 6 1 2 16 18 3 11 15 19 18 10 4
49 41 26 63 56 62 11 18 36 16 40 51 38 37 23 58 47 46 42 36
64 29 33 65 53 68 1 38 37 30 38 54 31 26 31 67 43 44 37 29
24 19 5 30 9 28 5 12 7 7 21 28 2 3 12 21 14 11 19 6
6 3 1 10 10 12 1 3 2 3 3 9 2 2 1 12 7 6 7 1
65 30 28 69 48 71 24 41 47 24 43 62 34 22 57 62 45 58 41 32
20 2 17 17 12 22 1 21 5 2 8 14 13 10 6 25 17 17 3 14
18 7 8 28 25 24 8 11 1 1 10 10 8 5 3 22 12 18 13 18
27 9 14 18 8 25 1 13 9 8 9 22 12 4 13 23 14 11 4 6
12 17 13 18 10 28 13 11 10 3 1 20 12 10 13 15 10 16 9 5
45 44 38 58 54 60 16 25 31 30 12 52 41 38 36 54 43 36 23 30
2 2 1 10 2 8 1 3 1 1 2 8 1 6 4 10 1 1 3 5
47 23 15 44 35 39 12 14 17 14 33 35 14 7 9 33 29 30 19 29
13 1 1 14 7 9 1 1 1 1 8 8 1 3 7 10 3 5 1 9
23 3 11 16 10 23 1 13 1 1 18 18 6 3 10 20 14 15 10 11
33 5 16 18 11 27 1 17 8 4 12 23 12 2 16 26 18 18 1 11
13 13 14 21 12 19 5 11 5 4 3 15 13 14 6 10 8 3 1 13
44 27 23 60 47 55 22 32 16 21 22 39 28 27 35 51 38 38 39 43
5 7 8 6 3 13 2 7 1 1 2 6 4 4 1 6 2 4 4 3
56 29 31 53 43 49 4 23 38 28 42 48 24 10 27 43 44 42 32 26
46 22 27 56 44 52 15 29 26 23 35 51 26 29 24 44 33 37 19 38
46 46 24 44 42 55 9 10 35 18 21 53 34 28 25 43 38 28 22 18
38 28 16 40 31 52 14 32 12 12 28 39 10 18 24 50 24 25 30 24
33 28 16 46 42 37 10 11 21 20 24 32 23 24 12 43 36 30 34 23
27 21 8 37 29 32 13 13 12 15 22 37 6 12 26 28 20 22 18 15
12 8 5 13 16 11 2 5 2 4 10 11 1 4 6 9 5 11 5 10
5 2 1 7 9 11 3 5 3 1 4 5 3 1 1 7 5 6 8 1
17 9 2 24 19 6 4 1 6 11 11 19 2 7 13 10 13 11 3 12
7 10 7 10 11 22 6 12 5 4 3 14 3 4 3 13 4 11 10 1
5 14 8 25 25 17 4 2 3 13 8 21 7 12 13 27 16 14 21 9
18 3 4 25 21 19 4 10 4 1 14 9 5 6 1 21 13 12 10 18
41 36 30 50 23 56 13 22 24 15 30 44 22 17 23 35 30 22 29 19
15 13 6 22 18 15 1 1 10 10 11 20 5 11 8 19 15 6 11 6
51 12 27 49 44 55 8 45 30 16 29 44 31 17 36 55 34 40 21 32
23 23 20 35 39 36 3 21 5 23 4 25 21 20 17 43 23 22 19 18
9 15 5 22 15 22 11 15 10 12 1 19 6 10 11 23 9 17 13 5
43 26 24 35 22 54 6 17 17 9 32 42 15 9 15 35 29 23 23 14
18 2 10 12 12 25 3 16 7 1 9 12 6 2 5 21 12 16 9 5
17 16 3 19 10 21 4 6 9 11 8 19 4 4 4 15 4 7 8 3
47 30 43 64 54 63 18 49 27 32 21 47 38 35 41 67 46 49 40 39
38 36 20 31 31 46 9 9 31 14 21 40 21 18 17 25 21 17 16 12
14 9 7 16 9 9 1 9 4 6 9 14 3 7 2 14 10 6 2 9
19 21 17 28 27 23 8 12 8 18 16 28 9 14 12 29 19 18 18 16
52 32 45 45 28 63 8 38 28 17 30 61 34 20 33 58 45 35 20 21
14 7 8 10 7 12 1 1 1 1 7 11 3 1 2 4 4 3 1 6
16 9 1 16 23 17 1 7 3 8 8 15 1 6 2 22 7 8 7 6
28 20 15 42 31 39 6 15 17 15 20 21 14 15 7 25 14 21 24 18
34 46 30 59 57 54 25 23 28 30 8 49 31 34 32 54 34 32 32 31
8 7 3 12 11 5 1 2 1 5 5 9 1 2 2 7 4 5 2 3
31 36 17 60 53 58 22 45 25 41 17 47 20 36 36 67 22 35 39 34
7 6 3 10 8 10 1 1 1 3 1 11 3 2 2 12 6 5 1 1
63 22 25 56 47 70 20 42 23 8 44 51 29 18 34 70 54 55 38 40
21 10 19 13 12 26 3 11 6 1 11 14 13 6 8 15 17 15 7 8
8 8 4 18 11 18 5 6 4 1 3 10 3 5 1 16 5 11 10 6
27 20 19 18 24 31 3 15 7 13 20 30 10 10 10 27 20 16 9 17
6 5 8 5 7 11 1 6 1 1 2 7 4 4 1 7 4 2 1 4
59 46 28 69 67 72 20 39 29 31 43 65 35 40 40 85 55 53 53 48
28 22 14 40 30 38 7 12 17 11 23 29 11 11 12 28 20 24 23 13
64 40 46 53 55 67 7 44 44 25 38 63 45 33 42 67 51 47 37 35
14 6 3 29 26 21 9 12 1 8 6 14 10 11 6 30 12 19 16 17
19 19 7 23 31 24 1 11 12 15 11 22 5 13 8 29 10 10 11 12
12 1 6 3 4 15 1 7 1 1 7 10 2 1 1 9 7 5 3 3
54 45 39 47 35 71 28 33 35 18 32 61 31 27 35 42 40 37 26 27
13 7 3 21 22 23 6 9 1 5 4 12 4 6 1 25 9 12 13 11
35 12 17 16 32 32 1 16 14 9 29 31 11 14 3 29 25 26 7 21
22 8 7 27 23 21 1 15 8 9 15 13 12 14 9 21 12 14 7 19
29 14 12 28 14 38 4 19 12 6 25 30 4 8 8 33 15 17 19 13
25 15 4 23 34 27 4 10 14 12 16 23 4 6 12 24 11 19 14 10
44 35 30 61 65 61 15 49 28 41 22 51 28 42 32 72 32 45 33 46
24 20 8 23 24 44 12 21 14 4 24 32 4 11 17 36 19 24 32 10
17 8 12 13 17 19 1 12 8 6 10 10 11 8 7 18 16 16 11 7
20 11 5 19 12 21 1 8 6 10 5 22 6 5 11 21 4 2 3 6
28 28 17 34 33 36 14 25 18 25 3 34 17 18 20 39 13 19 19 18
39 37 26 50 31 53 11 20 23 18 25 47 24 28 25 38 34 19 25 20
23 17 6 24 31 35 1 7 12 7 19 28 6 14 4 34 17 19 20 14
41 10 24 36 31 38 5 31 15 10 21 33 19 8 22 45 32 37 15 21
7 35 13 33 40 37 21 22 24 26 17 38 13 26 25 36 21 29 34 16
19 6 9 24 19 16 5 16 4 6 12 14 6 8 5 22 12 18 9 15
13 5 8 11 8 14 5 11 1 5 7 11 7 1 1 11 8 10 7 5
48 38 22 63 44 65 27 42 46 32 44 59 26 23 45 53 33 51 41 29
35 20 18 39 30 48 9 26 8 13 15 35 18 10 20 53 31 27 22 18
40 38 27 58 34 56 24 19 23 14 22 46 27 20 20 37 33 29 27 28
15 15 14 25 15 29 11 10 7 3 8 22 10 5 12 17 10 16 14 5
16 13 6 19 16 24 1 8 4 9 6 20 4 5 8 21 4 8 9 5
19 7 14 13 14 20 1 15 11 3 19 18 7 8 1 14 13 14 7 12
51 33 33 55 47 71 22 45 41 21 34 61 30 20 47 59 39 53 32 29
25 16 10 29 31 39 13 25 9 15 6 29 10 11 11 45 20 29 18 16
37 23 24 48 38 40 13 23 17 12 23 41 21 24 20 34 29 29 9 32
10 4 8 1 2 14 1 6 1 1 5 9 1 1 1 6 4 3 1 2
39 26 26 38 51 62 18 39 23 20 25 42 24 27 16 59 32 44 28 34
19 9 7 24 13 20 1 9 6 6 11 17 6 4 6 19 11 12 8 5
40 17 26 32 39 45 7 34 15 18 29 37 22 26 15 42 24 30 11 39
24 24 9 42 21 40 17 31 12 13 17 30 12 22 22 41 17 24 27 21
39 26 19 37 31 43 3 14 24 19 31 38 11 12 10 37 25 25 29 13
16 25 15 30 23 31 3 5 3 14 14 33 7 9 17 28 17 10 20 7
60 31 34 65 48 70 28 30 39 15 42 60 34 26 45 52 55 53 34 32
28 28 15 42 29 31 2 4 18 17 29 38 5 14 19 26 20 16 24 15
10 11 8 17 12 20 2 3 6 1 6 11 7 5 2 12 9 9 7 5
25 15 13 26 18 30 1 13 8 7 22 32 6 14 11 33 26 13 18 11
37 7 18 32 30 42 1 28 12 13 18 20 19 19 17 40 21 25 17 24
57 18 26 53 50 71 15 45 22 9 40 43 37 23 27 70 52 56 41 42
54 7 30 48 34 55 13 37 36 6 42 48 30 16 39 45 42 49 25 29
48 51 32 67 44 64 27 34 31 31 50 68 17 27 44 53 43 45 47 37
19 7 10 14 19 19 1 12 6 4 16 16 3 11 1 22 13 12 9 14
26 26 10 44 50 42 20 24 21 16 22 32 14 26 13 49 31 38 39 27
12 10 7 28 28 25 14 21 11 9 12 17 1 14 10 26 9 22 21 16
55 43 21 66 44 58 23 22 29 21 27 58 28 25 42 41 35 31 15 34
22 3 1 18 23 22 4 1 8 4 15 17 3 4 12 15 12 16 8 10
50 23 23 31 50 53 6 30 29 8 40 38 29 34 9 55 39 47 30 37
36 15 6 40 33 36 8 19 18 13 16 24 13 10 17 31 16 27 10 20
56 31 18 63 60 72 20 36 30 21 40 50 26 32 28 68 41 53 45 42
18 16 16 12 7 27 7 12 6 6 1 18 15 6 10 19 13 13 6 4
66 33 43 68 52 62 18 42 42 34 41 66 41 29 51 64 52 51 28 43
27 7 7 40 34 32 8 21 12 7 23 25 7 12 10 33 19 26 14 25
48 16 27 51 52 58 8 41 20 17 34 43 24 30 29 63 45 46 31 37
1 1 1 9 9 11 1 6 1 1 2 5 1 4 1 12 1 2 6 3
20 13 7 20 29 28 2 13 14 8 8 22 12 14 8 37 23 25 20 4
64 43 40 48 49 73 12 38 41 23 38 64 39 38 26 62 43 39 28 38
49 46 26 78 66 68 38 37 39 38 45 63 32 36 53 72 52 61 55 45
16 8 8 15 12 25 4 13 5 5 13 17 5 9 8 23 10 7 13 10
31 7 15 24 34 37 7 25 15 3 26 23 11 18 11 37 25 34 20 22
44 20 28 43 23 52 4 22 26 17 29 43 19 5 18 45 34 30 28 10
13 4 10 7 6 15 2 13 1 4 6 12 6 1 2 13 12 11 4 4
36 20 17 53 48 46 13 23 8 21 30 41 19 23 28 53 40 36 29 37
13 1 5 10 13 14 1 5 2 1 11 9 2 1 1 10 9 10 7 5
37 33 14 52 39 43 14 19 24 26 33 50 6 14 31 40 25 25 30 20
48 41 47 67 56 65 29 36 22 28 27 53 49 41 35 63 55 51 37 51
13 16 6 21 28 27 9 16 13 12 15 24 1 12 11 24 12 19 20 9
16 12 15 14 9 22 4 14 4 5 4 13 14 11 7 18 11 11 5 10
12 13 7 18 11 22 1 3 1 1 10 20 4 3 7 16 11 2 9 2
7 9 9 8 8 13 2 6 1 2 4 10 5 1 2 4 3 6 5 2
21 15 13 16 12 24 1 10 1 7 6 22 6 2 4 20 10 9 1 8
43 33 8 65 69 56 16 25 26 24 28 41 31 37 20 67 41 50 49 41
45 22 18 52 44 44 15 25 23 29 22 44 24 25 32 44 24 28 15 34
7 4 3 8 12 12 1 7 1 3 5 9 1 5 1 15 2 1 1 7
16 19 7 30 17 22 1 4 12 13 14 25 5 9 9 21 11 8 15 6
34 32 24 40 34 48 16 35 21 25 11 37 24 25 22 41 14 19 17 24
14 7 4 26 26 25 6 8 1 6 10 20 1 2 7 29 12 16 18 9
11 8 10 10 11 17 1 7 5 3 12 13 3 7 1 11 7 4 6 9
24 15 16 17 23 32 11 26 14 13 16 29 11 15 9 31 16 23 13 16
17 22 11 27 22 20 3 4 6 16 9 25 3 9 7 25 14 9 12 9
56 44 28 74 57 62 19 37 45 45 32 62 30 31 44 59 35 42 32 36
42 44 35 50 55 56 16 23 28 27 32 51 41 44 25 58 50 41 38 37
18 19 11 27 27 21 3 2 11 11 14 21 7 12 7 21 20 16 16 9
38 34 18 46 29 43 12 23 16 16 36 46 10 26 26 46 36 25 37 23
38 15 25 37 41 49 12 29 11 13 23 26 29 21 13 47 34 36 25 34
5 6 1 11 5 8 1 1 1 3 2 12 1 1 2 9 2 1 1 2
44 27 15 57 45 52 19 22 20 18 37 48 12 18 30 50 40 39 33 30
13 7 4 26 18 16 1 12 1 9 9 14 7 12 8 20 7 8 5 15
40 31 29 52 62 60 12 39 25 31 32 54 27 44 30 67 38 47 40 44
64 30 32 54 59 73 19 47 35 24 37 58 42 27 32 79 52 52 36 41
33 24 23 44 29 50 12 32 15 16 20 39 18 24 20 42 16 24 18 27
46 34 21 55 29 53 22 18 20 9 41 44 14 12 31 32 35 34 37 26
32 25 21 43 43 58 20 31 14 17 18 35 24 19 16 52 27 30 30 30
9 3 4 29 23 22 4 19 6 10 5 10 9 16 9 26 4 13 17 15
17 11 6 25 27 14 5 5 8 9 16 18 5 7 13 16 17 17 11 13
25 18 15 28 28 38 13 23 13 11 20 34 7 10 17 28 14 30 17 20
9 6 1 4 10 13 1 4 5 5 6 8 5 4 1 9 7 5 7 1
14 2 1 16 19 13 1 2 5 1 12 10 3 3 8 11 10 14 10 8
7 10 8 6 9 13 1 4 4 5 6 11 4 6 1 8 4 4 5 5
10 1 6 10 15 14 6 9 4 1 5 5 8 1 4 13 11 16 13 1
14 9 10 5 2 21 1 7 1 4 1 16 5 1 2 14 7 5 1 1
66 37 24 63 59 80 15 37 35 22 58 56 30 28 17 72 45 50 51 48
8 3 1 13 8 8 1 2 3 1 3 5 3 4 1 8 4 6 3 3
8 5 1 9 13 10 1 4 1 3 5 6 1 4 1 11 1 8 7 6
36 22 14 32 40 52 10 19 16 12 20 32 22 18 14 49 26 27 29 21
59 32 29 51 47 69 14 25 37 22 49 55 22 15 22 50 39 48 40 29
5 5 1 10 15 13 1 1 1 3 3 7 1 1 1 12 10 9 9 1
45 22 28 48 25 51 9 36 15 15 20 33 31 22 35 46 32 31 23 29
7 5 3 18 15 9 1 7 1 5 6 12 3 9 5 17 4 5 7 9
52 52 35 61 55 77 35 32 37 28 22 63 36 29 43 57 44 43 39 27
41 30 21 39 47 48 28 24 31 18 35 33 36 26 19 46 44 44 43 34
20 15 11 19 22 35 6 13 11 4 13 24 11 11 10 26 15 21 17 6
46 35 29 46 61 56 18 29 31 21 43 52 41 38 16 66 60 53 44 48
15 1 9 7 10 15 1 10 4 1 13 9 3 2 1 10 10 10 5 7
35 15 14 44 28 36 10 20 20 11 17 28 15 6 17 34 24 34 19 13
30 26 19 50 34 34 14 12 7 15 26 40 16 17 31 40 37 31 26 29
28 19 22 29 27 43 4 24 8 16 19 35 19 20 11 39 22 15 13 23
6 12 8 11 6 11 1 6 1 7 4 12 5 6 1 9 6 5 5 5
55 46 34 65 71 75 33 35 32 30 46 69 37 32 41 76 60 63 53 48
59 45 36 41 50 77 10 33 42 20 44 67 41 36 20 62 46 42 32 35
61 40 25 73 59 72 27 37 33 32 34 52 38 19 34 57 36 46 35 42
29 30 15 46 14 45 12 18 12 10 23 35 10 13 17 35 19 17 29 17
39 35 22 65 53 54 25 28 14 23 33 51 29 24 34 60 45 43 39 44
3 6 1 13 14 11 4 3 1 4 1 7 1 1 1 15 5 10 9 3
30 22 3 40 28 40 11 18 21 15 27 35 1 12 19 32 11 22 24 17
41 16 21 50 53 49 17 21 17 26 31 44 24 27 24 48 38 35 22 40
39 19 17 49 40 41 17 13 23 20 37 41 15 15 27 32 34 32 26 25
10 7 3 12 2 14 1 1 3 1 7 10 1 1 1 2 1 1 2 1
8 5 1 11 11 8 5 7 3 5 4 8 3 5 1 12 4 8 7 6
53 45 27 59 58 70 18 37 37 29 35 58 27 38 28 59 35 46 32 36
30 3 19 18 22 26 4 28 8 4 20 19 15 14 9 30 21 26 7 24
27 13 9 21 27 26 5 14 10 12 17 20 9 13 8 28 18 18 14 12
10 6 8 10 4 12 1 8 1 5 8 14 1 1 4 9 6 4 1 6
49 40 46 43 39 57 9 24 31 29 39 55 30 24 21 47 45 37 30 25
39 21 33 33 19 44 9 22 20 2 18 36 26 19 18 27 28 26 5 23
35 16 24 40 34 43 16 28 29 11 24 36 27 14 33 32 32 42 20 20
8 3 3 9 4 9 4 7 3 1 1 5 5 6 1 10 5 8 6 5
36 10 16 32 44 43 8 29 19 9 29 31 15 23 8 45 29 38 20 29
9 6 4 15 7 12 1 3 1 2 2 12 4 3 5 17 7 6 4 3
16 11 5 22 18 27 3 11 1 6 5 17 6 8 10 31 11 13 14 8
29 37 10 62 50 47 18 25 20 29 25 47 6 24 32 56 22 31 39 26
37 19 21 23 29 32 2 17 13 12 23 36 15 9 13 28 23 24 3 23
10 3 7 8 7 12 2 13 1 2 8 10 1 7 1 12 5 7 4 11
31 14 22 37 27 45 9 21 21 5 12 25 30 18 15 36 31 29 18 15
38 19 25 45 41 57 10 47 28 25 8 36 31 24 34 57 20 35 26 22
49 23 13 55 38 48 15 31 21 19 28 49 15 15 38 53 33 37 21 26
32 29 22 39 20 36 4 15 12 15 18 38 18 9 27 33 27 21 18 11
14 10 12 9 8 21 1 6 1 3 6 16 7 4 3 14 8 8 5 6
20 8 15 15 18 18 1 13 2 7 13 22 7 8 4 22 18 16 6 12
13 11 14 10 8 21 6 13 4 5 5 13 11 1 5 13 9 13 8 1
17 19 14 22 17 32 13 19 12 9 8 23 9 10 11 23 9 20 16 9
36 11 9 29 25 32 2 11 16 7 24 25 9 10 15 24 18 18 7 17
15 14 3 21 23 19 5 15 6 12 1 15 6 9 6 27 5 13 9 8
12 3 2 12 11 8 1 5 1 1 5 4 2 1 1 5 4 9 2 1
27 24 10 35 37 33 3 20 18 23 11 29 14 20 15 42 20 19 19 12
9 5 2 17 12 14 2 11 4 1 5 8 1 4 1 14 1 8 7 5
42 38 14 69 65 55 34 26 30 34 31 53 25 28 43 60 40 54 44 39
7 6 7 8 4 10 1 5 1 2 4 10 3 5 1 7 4 4 2 5
53 51 34 63 61 74 16 31 43 40 51 72 21 31 30 67 41 51 52 34
50 39 28 63 50 54 17 26 30 35 51 61 22 36 37 55 44 34 35 43
32 22 24 39 40 45 6 33 11 27 13 35 22 26 15 52 26 26 19 30
28 21 24 28 30 41 17 23 17 7 21 30 16 17 19 28 24 31 19 22
39 20 10 45 31 38 9 16 14 13 30 38 9 13 20 33 23 24 16 24
32 28 26 24 22 41 11 23 17 21 6 35 24 16 23 32 17 16 13 17
9 4 4 14 6 9 1 5 1 1 1 7 4 3 1 15 6 6 1 2
7 5 3 8 8 8 1 5 1 3 1 5 4 7 1 12 5 8 6 6
14 2 6 9 10 18 2 12 1 2 8 11 3 6 1 17 7 7 6 9
54 35 34 69 49 73 21 47 33 25 35 60 31 24 37 74 43 53 41 34
32 4 15 7 19 27 1 13 9 1 23 20 11 8 4 22 23 21 5 13
40 26 16 38 29 42 9 18 10 17 29 49 10 10 28 36 29 23 15 22
30 6 15 26 14 29 1 12 11 1 18 23 12 4 19 22 20 17 5 13
39 21 26 49 38 60 14 35 22 17 15 31 34 18 22 53 30 39 29 22
9 8 4 12 19 11 1 5 6 7 7 12 5 13 3 17 15 9 10 5
47 30 18 58 56 63 19 33 35 25 30 46 26 28 25 55 33 49 34 31
15 9 2 11 20 16 1 3 10 6 11 15 8 12 1 20 14 14 14 6
30 40 20 54 43 45 18 22 19 28 20 54 14 22 39 46 24 28 26 26
25 16 10 31 27 38 2 22 5 12 13 28 10 11 15 34 6 11 10 20
59 33 31 60 41 68 15 24 26 17 38 49 31 16 21 49 40 38 30 36
8 1 7 1 1 15 1 6 1 1 4 8 1 1 1 9 5 4 1 2
46 31 39 53 41 66 15 50 31 28 8 50 42 26 40 61 29 37 26 25
46 37 39 54 44 42 1 34 32 36 43 51 26 25 20 50 35 35 32 42
8 11 6 16 9 7 1 1 1 9 3 15 1 6 4 12 6 1 3 4
13 10 5 25 11 19 1 13 1 5 13 22 1 8 7 25 10 1 7 10
73 46 42 78 48 73 31 32 38 31 48 75 37 34 53 57 58 49 33 44
17 6 3 31 22 20 5 16 4 8 8 16 8 11 11 28 8 18 11 15
30 33 21 43 30 58 17 28 32 20 32 47 11 21 18 41 18 30 35 20
45 22 20 55 30 51 13 41 22 13 29 41 24 17 35 54 31 36 28 23
20 7 8 20 15 15 1 9 2 5 8 16 7 6 11 19 13 13 1 11
16 3 10 14 10 16 1 16 1 4 11 12 7 11 1 17 9 9 1 18
9 4 3 11 11 9 1 3 2 3 9 9 1 1 4 5 2 4 3 5
35 27 11 40 38 38 10 7 16 14 21 31 13 9 14 31 24 22 18 17
55 27 20 50 20 46 5 26 21 16 34 49 13 7 30 43 31 26 16 21
34 36 18 44 29 49 13 27 16 22 22 47 10 16 30 49 27 27 30 17
67 37 34 66 36 59 9 25 34 35 43 68 27 20 43 55 45 35 25 34
21 18 24 26 19 28 4 15 4 14 18 33 13 14 15 30 24 20 15 18
10 3 5 6 8 16 1 4 4 1 7 9 4 4 3 9 7 5 7 2
26 33 12 33 45 41 10 22 23 23 15 39 13 26 17 46 20 24 28 15
20 10 13 22 23 34 12 20 9 6 12 23 7 9 6 31 15 24 17 14
38 26 14 34 30 47 1 17 20 7 36 45 15 23 6 44 27 18 20 24
23 25 14 31 26 37 1 9 8 15 15 36 4 5 14 35 19 11 19 6
15 13 16 13 17 32 7 16 7 5 13 23 7 5 6 23 12 15 14 9
24 15 22 30 19 40 8 28 11 10 7 21 19 19 12 30 16 19 12 19
66 41 48 63 48 73 19 26 38 20 33 63 38 21 37 52 57 51 31 29
44 25 30 31 23 41 6 25 17 15 14 39 24 11 26 33 24 21 3 22
53 38 37 69 48 57 20 44 15 30 40 53 29 41 44 65 50 46 44 51
22 3 14 16 12 31 2 17 5 1 14 20 8 4 4 27 16 20 11 8
9 4 4 19 16 15 4 13 1 6 4 8 8 12 3 20 7 12 9 12
46 34 35 35 26 55 13 13 27 16 28 42 23 12 13 28 32 26 21 17
19 9 1 16 8 19 1 4 1 4 10 17 3 1 11 16 7 7 9 4
18 6 9 11 1 19 1 8 1 4 12 18 6 6 9 18 11 6 8 8
60 47 33 60 61 76 24 41 37 27 33 61 39 28 30 74 50 50 42 36
20 6 10 11 10 18 1 9 2 3 9 12 8 1 8 11 10 14 3 6
43 29 18 50 37 58 24 26 18 11 30 51 13 17 35 45 32 38 25 30
22 19 13 31 30 32 11 25 12 18 14 29 8 18 12 38 18 19 18 17
44 17 22 42 25 51 16 21 13 5 26 40 22 7 31 38 37 37 20 23
8 1 2 10 4 9 1 7 1 1 3 6 2 4 1 9 2 6 3 5
11 1 7 7 5 12 1 6 1 1 6 10 6 4 4 9 7 5 4 4
18 11 10 15 22 26 5 14 10 9 16 25 5 10 5 27 20 16 17 6
29 24 17 36 31 39 10 16 10 12 5 32 17 13 17 33 13 16 10 20
42 28 21 41 32 47 14 24 23 24 17 41 19 14 22 39 21 23 23 22
54 37 40 45 49 69 20 22 27 13 22 57 40 27 27 55 57 49 27 30
44 29 21 33 33 45 4 18 24 18 29 40 19 18 16 40 33 29 24 16
35 26 24 24 12 36 6 16 19 12 6 30 23 9 20 23 16 11 2 7
12 12 10 12 11 20 5 11 4 6 6 15 4 6 1 15 3 8 7 7
35 21 18 23 22 39 6 23 23 16 26 32 7 11 5 28 12 22 15 14
23 18 9 26 19 27 1 8 10 14 13 25 9 4 10 23 14 12 11 1
45 28 17 50 29 55 27 34 12 6 29 38 19 8 29 52 37 43 39 25
69 44 45 64 52 63 9 31 46 41 48 68 36 24 40 58 51 45 30 39
38 11 19 39 29 46 3 33 13 14 22 30 19 19 19 50 29 27 21 22
18 8 12 21 20 31 6 21 9 7 13 25 7 8 10 31 17 21 15 8
31 36 23 47 37 57 22 27 25 15 21 47 19 21 36 43 31 37 32 16
9 5 5 13 11 17 1 2 5 1 7 12 4 7 4 13 7 6 9 4
34 23 12 40 30 46 5 20 16 6 23 39 17 20 22 54 40 33 34 15
31 29 19 39 36 39 1 14 17 27 21 34 15 25 7 40 22 19 28 17
8 3 1 10 5 7 4 6 5 1 4 3 2 1 1 5 2 6 6 2
36 26 25 30 16 42 1 20 13 16 14 41 15 7 17 36 23 17 7 10
15 12 10 17 8 18 1 1 1 5 9 18 9 5 10 11 8 9 5 9
42 40 20 52 53 63 22 22 23 22 29 51 29 23 32 68 49 47 51 24
61 37 40 46 30 61 6 32 33 23 33 57 29 15 23 44 34 32 12 26
24 26 24 33 44 46 12 36 18 23 21 39 17 30 13 50 23 28 23 28
28 8 11 23 13 21 1 15 10 7 14 13 10 8 5 19 9 11 3 13
30 20 7 29 35 46 7 6 16 2 15 25 20 15 4 40 26 29 28 15
17 1 11 20 13 22 1 22 3 2 5 12 11 8 6 26 11 17 6 12
30 22 5 36 31 27 9 8 9 14 15 26 9 3 9 29 18 16 14 14
54 29 14 47 39 62 6 32 30 9 35 49 21 20 24 61 35 39 33 23
45 17 29 26 23 56 1 26 27 1 31 44 29 21 13 46 37 31 16 20
7 7 3 12 12 2 1 2 1 7 5 9 1 4 4 6 5 4 2 4
41 44 30 60 39 68 34 39 24 19 24 57 29 21 42 61 47 48 44 27
8 5 3 12 8 11 3 7 3 3 2 7 4 1 1 9 5 9 5 1
49 32 13 71 65 67 27 26 34 29 43 56 26 35 33 63 41 47 46 39
61 36 37 64 63 73 19 43 38 25 55 62 37 38 24 68 57 56 31 47
47 28 24 45 52 64 25 40 29 18 30 44 24 20 29 59 37 54 34 35
58 36 24 63 74 67 20 43 35 32 38 54 34 41 25 75 44 51 41 48
11 6 5 8 6 17 4 8 2 3 2 9 5 5 2 15 5 9 6 5
43 22 34 25 33 50 8 28 24 8 28 42 27 20 18 39 41 38 14 20
14 7 7 6 5 12 1 7 1 6 7 12 4 6 1 12 6 1 1 7
13 5 5 12 11 13 6 10 4 3 8 8 5 5 5 10 5 13 8 8
18 2 10 18 13 17 3 19 5 3 6 10 11 8 8 21 10 17 5 11
54 28 29 32 36 61 1 33 29 14 39 50 26 26 16 54 37 33 19 27
22 12 7 31 33 28 13 15 11 8 18 18 10 13 4 32 23 22 24 18
40 49 31 51 47 59 14 19 32 35 31 60 26 28 30 53 34 27 37 22
11 2 7 4 1 11 1 5 1 1 4 6 4 2 1 6 5 5 1 4
33 37 17 61 50 52 19 28 24 33 31 54 16 32 33 50 25 34 30 37
34 32 20 45 19 51 12 23 21 12 13 41 19 14 24 38 20 23 21 9
38 24 15 56 40 39 17 8 21 26 31 44 14 16 26 35 29 32 30 26
17 2 8 14 12 22 1 13 1 1 8 13 2 3 1 22 9 16 6 10
24 20 9 35 33 51 9 20 16 10 13 27 16 18 13 45 19 26 27 11
1 1 1 6 7 6 2 1 1 1 1 1 1 3 1 9 3 7 6 4
11 10 5 12 8 20 3 5 1 6 6 17 5 4 7 16 6 7 10 3
10 1 1 15 16 12 1 9 1 1 10 6 1 5 1 12 3 7 5 10
36 28 23 36 25 46 9 6 25 13 27 35 15 7 5 22 23 20 26 12
63 37 28 62 56 65 28 42 48 39 40 59 27 35 37 53 33 44 34 45
18 21 18 31 31 21 4 8 6 10 10 23 14 16 17 25 25 21 15 16
11 11 4 16 12 9 1 1 1 7 2 14 1 2 3 11 7 2 1 1
44 42 35 48 24 62 23 23 34 17 27 52 22 21 28 30 29 28 27 21
35 25 22 43 48 47 20 30 19 17 21 34 22 21 22 55 39 44 36 27
7 3 3 7 2 7 1 2 2 1 3 5 2 2 1 4 2 1 1 1
39 33 28 52 38 46 23 14 15 11 24 46 25 17 29 36 41 34 24 33
43 34 20 56 28 58 17 27 17 13 36 43 12 10 15 49 30 31 43 27
61 44 40 66 35 71 20 25 36 20 33 57 35 9 35 45 42 45 36 23
52 35 35 50 22 66 15 38 32 18 39 52 22 13 34 47 32 39 34 22
14 10 11 3 3 17 1 4 1 3 4 13 7 1 1 7 6 3 1 2
48 37 43 44 44 60 18 34 30 21 33 56 35 37 24 45 40 36 10 44
19 16 18 20 14 30 2 15 3 8 7 27 13 8 12 29 16 13 8 8
35 15 9 33 23 32 9 16 11 4 34 32 5 12 22 29 27 24 24 21
8 2 3 4 6 17 1 7 1 1 2 6 2 2 1 12 3 6 5 1
37 36 30 62 55 51 33 45 39 37 38 57 34 39 52 60 48 62 39 45
18 42 12 59 47 52 25 40 25 38 24 48 18 39 37 60 23 31 43 33
22 1 8 13 13 11 1 7 4 1 11 7 7 3 10 11 13 17 1 12
17 6 5 20 14 16 1 7 1 6 10 16 5 7 8 19 6 12 9 10
36 18 22 47 25 45 2 27 20 8 24 34 24 10 25 38 24 28 21 15
40 22 12 34 37 48 7 11 25 2 21 32 31 18 6 47 39 40 31 21
42 22 23 47 24 52 17 45 15 8 28 39 15 21 34 51 31 39 26 31
2 12 6 18 15 15 3 6 1 6 1 16 2 6 4 17 4 8 9 4
44 31 27 59 62 57 14 40 24 34 16 42 28 31 34 65 34 42 33 35
25 30 12 44 34 46 19 30 14 19 22 41 6 19 25 49 23 28 34 20
20 17 9 19 19 24 8 16 8 16 5 22 8 8 12 26 12 15 11 4
33 23 12 40 29 49 3 19 23 18 25 33 14 22 8 38 14 19 31 15
29 24 21 35 22 46 14 32 19 13 22 39 13 20 17 40 17 26 20 22
16 16 16 20 10 33 11 19 8 5 11 26 9 10 14 25 12 14 15 10
23 13 14 28 31 33 1 15 7 10 20 32 2 16 8 40 20 17 16 17
19 14 13 22 19 36 4 17 9 6 5 25 12 6 14 31 12 18 12 5
46 29 28 51 54 55 14 34 25 30 18 45 34 30 28 67 42 37 32 32
14 8 1 13 12 18 1 7 1 8 1 17 1 1 3 19 3 4 3 1
41 24 31 37 43 31 11 29 23 22 37 41 23 30 14 39 40 37 8 40
23 8 5 23 18 21 8 8 7 5 16 20 7 8 16 19 13 18 11 16
15 10 11 29 22 27 6 15 4 1 15 20 4 8 13 24 10 18 15 16
53 31 40 27 44 63 15 35 32 21 26 46 37 25 24 51 42 39 25 28
13 8 1 34 29 20 9 9 1 7 4 15 6 9 8 33 14 21 18 15
23 14 11 27 19 27 1 13 8 8 21 28 2 10 4 25 12 8 6 16
38 19 15 49 31 41 4 28 9 16 23 31 14 17 20 41 22 25 22 28
9 3 1 21 8 17 1 13 1 2 5 10 4 9 6 20 4 3 9 9
38 16 14 41 37 37 6 28 17 21 16 25 22 18 22 40 22 27 14 25
39 18 35 31 31 49 5 34 22 8 22 38 29 22 13 41 37 33 7 24
3 1 1 9 2 10 1 7 1 1 1 3 2 4 1 12 2 5 3 3
55 49 43 59 51 80 35 47 36 23 35 67 44 32 37 68 59 60 38 41
53 34 13 61 59 67 21 35 30 27 40 60 20 32 38 65 37 43 37 40
41 33 29 53 32 51 17 36 22 18 27 52 23 18 46 53 40 43 35 21
27 14 21 14 12 37 6 17 6 2 10 24 13 4 10 23 17 17 6 9
23 21 20 34 40 52 18 39 19 16 22 33 19 25 17 48 23 39 26 31
55 35 44 50 33 64 22 29 26 12 25 56 37 20 37 45 49 42 19 28
15 18 5 22 21 22 3 9 9 15 7 22 1 5 8 22 8 5 11 1
44 16 9 53 35 42 17 10 19 15 33 35 18 10 26 34 34 35 28 24
37 22 12 32 14 39 1 8 16 11 32 33 3 1 9 23 16 12 23 8
23 15 20 24 22 36 9 21 11 7 15 23 17 16 10 28 20 17 14 15
51 26 21 54 28 55 15 31 18 16 45 47 18 23 28 38 32 32 26 39
34 27 25 46 38 39 17 10 8 11 20 40 25 10 26 35 40 33 22 26
30 15 23 46 45 40 12 32 8 24 16 29 22 29 17 54 30 35 28 39
54 34 41 44 36 55 1 33 28 23 33 56 30 22 22 50 41 33 7 28
48 40 31 53 52 61 15 18 34 17 35 54 44 29 23 64 59 51 44 33
52 42 40 54 53 58 27 34 35 23 29 62 30 36 34 47 42 47 15 42
32 17 6 26 15 33 1 7 10 8 20 26 5 1 12 23 15 10 12 1
44 16 31 53 35 64 15 49 24 5 28 45 32 18 32 66 43 50 38 30
27 16 13 32 35 27 1 21 6 21 17 26 11 19 11 37 17 15 11 24
51 42 24 57 47 65 13 31 44 22 41 53 29 33 22 51 34 44 39 32
18 6 7 19 17 23 1 2 1 1 11 19 2 1 6 18 9 12 7 11
13 7 10 19 17 22 4 13 3 7 8 18 7 4 8 23 14 14 13 3
61 35 23 66 39 68 27 29 30 17 43 56 30 4 36 49 46 49 38 31
11 9 6 7 8 16 2 8 1 6 4 14 2 1 1 12 5 6 4 2
35 11 18 36 15 41 4 30 17 3 17 33 19 5 27 43 25 27 21 9
10 3 3 8 12 17 1 3 1 2 4 8 2 2 1 14 7 8 7 3
21 13 9 30 20 29 11 11 5 6 14 21 10 3 6 26 18 19 19 13
15 10 6 19 20 12 1 2 1 10 1 14 5 5 7 21 13 12 7 4
28 18 18 21 26 32 1 18 15 14 22 33 8 19 7 35 22 14 10 18
54 39 31 57 52 58 12 21 33 16 31 48 41 41 26 44 46 40 23 39
29 27 26 29 26 46 13 20 20 13 8 37 22 12 22 32 28 26 15 3
9 8 6 12 9 15 7 11 5 6 4 11 7 5 4 13 8 12 9 4
8 7 7 9 9 14 4 7 1 4 5 9 1 5 1 12 5 10 9 4
32 38 18 40 35 45 6 10 19 24 24 47 16 20 23 45 29 22 32 11
30 14 13 32 26 45 10 22 14 3 27 26 9 13 11 41 27 26 29 17
15 14 2 24 27 25 1 4 5 9 10 22 1 7 8 27 8 12 12 7
5 1 1 5 7 7 1 4 1 1 4 5 1 5 1 7 2 1 2 4
12 6 5 13 18 13 1 6 3 5 11 13 1 7 1 16 13 9 9 7
43 29 24 46 40 51 12 26 17 13 37 46 23 16 16 50 38 35 26 34
52 37 31 49 44 64 17 33 32 24 25 50 32 30 29 51 29 29 26 29
5 9 6 14 15 24 1 4 1 1 2 14 2 3 1 18 5 6 8 4
27 26 15 41 36 39 12 12 22 19 21 31 14 18 11 37 28 28 35 13
24 16 7 20 10 17 1 1 10 9 16 17 1 2 3 6 2 4 5 7
18 14 15 29 31 38 6 23 9 9 19 29 8 16 8 38 16 21 19 19
29 25 20 35 22 39 3 19 23 19 29 34 8 10 5 30 18 15 24 17
17 14 7 26 23 18 1 13 12 14 15 19 6 17 5 23 13 6 11 12
32 15 18 28 26 31 1 17 4 11 12 27 11 7 13 36 25 24 7 17
45 21 27 38 31 51 1 29 28 16 33 37 21 17 8 41 29 31 21 22
40 47 25 64 49 61 26 20 26 26 31 53 30 22 29 58 44 37 48 28
53 37 36 42 47 63 17 39 33 24 23 49 36 31 26 58 38 38 30 31
11 10 7 18 20 23 5 6 7 3 8 12 5 5 1 18 11 15 15 4
34 48 27 69 55 64 36 41 24 33 31 56 31 36 45 73 43 54 54 42
38 17 20 23 20 39 1 27 14 14 24 38 17 17 13 40 23 18 8 23
3 1 1 1 3 6 1 1 1 1 2 6 1 1 1 3 1 1 1 1
47 51 24 62 36 68 23 25 28 28 34 60 15 13 29 51 31 29 43 18
24 12 20 25 30 35 2 25 7 12 19 27 13 21 9 38 25 20 14 22
51 29 21 69 48 64 16 36 38 28 40 56 20 26 38 58 37 44 35 29
36 28 16 45 45 63 19 26 23 8 27 43 27 26 12 57 36 42 41 30
14 13 15 24 27 16 4 5 3 13 11 18 11 10 12 24 23 18 16 11
19 11 5 23 26 26 5 4 7 11 11 22 8 9 9 31 19 16 17 7
24 13 16 12 17 28 5 8 11 1 19 20 12 8 9 12 19 15 11 9
14 15 17 14 9 21 4 14 1 7 9 21 10 9 5 17 14 9 5 12
27 20 16 40 33 42 14 25 7 10 22 32 10 13 17 44 28 28 29 22
9 2 7 3 1 8 1 7 1 1 6 8 1 3 1 7 6 4 1 7
16 12 12 13 16 22 3 13 5 11 4 18 9 7 9 24 16 13 10 3
26 13 15 30 31 37 1 18 11 14 10 27 20 22 14 44 24 21 18 13
39 34 17 37 22 49 12 25 17 18 21 43 14 10 25 36 17 16 22 15
18 10 11 36 30 17 1 18 4 19 6 15 11 22 13 29 12 15 13 23
16 6 1 18 18 19 1 16 2 7 6 11 1 7 5 22 1 7 3 13
27 18 17 35 36 45 9 25 9 12 13 27 15 15 11 41 22 27 17 18
37 20 27 45 41 40 18 29 21 21 25 43 21 25 32 43 37 44 21 32
49 31 17 47 50 65 16 33 29 8 46 57 17 30 25 61 40 49 41 38
25 12 18 23 31 40 7 23 16 3 14 18 22 17 10 36 25 30 21 14
1 4 1 10 3 4 1 1 1 2 1 8 1 2 1 8 1 1 1 1
21 20 1 38 30 35 12 24 10 13 18 31 3 17 18 42 16 20 27 15
23 17 13 20 15 26 1 7 8 4 8 18 10 6 6 17 10 6 3 5
27 16 19 27 14 38 1 16 14 6 13 28 17 13 9 27 20 10 5 10
35 34 26 44 27 40 3 7 23 18 27 42 12 12 14 25 23 14 20 16
40 41 28 55 49 74 35 35 35 18 28 55 34 29 37 61 46 52 46 28
52 24 38 46 29 59 14 29 28 10 34 38 30 11 19 41 39 40 27 25
9 17 7 21 11 13 1 2 5 6 4 16 6 7 2 10 8 1 1 4
14 5 9 16 17 23 7 9 1 1 5 7 8 1 2 16 10 20 12 9
3 1 1 5 5 5 1 2 1 1 3 3 1 3 1 3 2 1 1 2
9 14 8 32 21 27 7 11 4 5 1 17 11 10 4 24 10 11 10 9
24 7 7 28 32 33 15 21 10 1 18 15 10 10 4 33 22 31 25 21
8 6 8 9 5 14 2 12 1 3 6 12 1 7 1 14 4 5 4 9
47 26 24 40 33 59 10 33 26 8 42 46 19 23 22 47 34 36 30 26
51 31 44 57 55 60 13 51 30 35 27 54 43 36 36 75 46 49 29 40
50 33 28 56 56 65 35 35 31 26 34 55 31 31 35 57 43 57 30 45
47 35 28 53 35 66 17 47 17 18 28 51 28 23 39 66 38 36 34 25
22 8 14 12 13 19 1 13 5 4 10 11 11 9 10 17 12 15 1 13
37 16 22 29 22 36 12 12 12 9 25 37 18 12 21 22 26 24 6 24
16 19 8 36 20 27 1 15 4 13 13 25 7 15 12 29 9 5 13 13
24 11 12 10 18 31 1 10 9 6 14 23 7 9 5 26 16 13 9 7
21 9 6 20 18 28 3 11 7 4 15 20 8 7 13 30 20 18 21 5
31 23 4 33 35 35 4 6 21 10 28 32 12 17 10 34 20 25 26 16
10 16 6 26 20 19 6 8 4 10 8 22 1 6 15 21 9 12 15 6
1 1 1 1 5 6 1 1 1 1 1 1 1 1 1 4 1 1 4 1
42 34 28 56 47 71 25 35 23 18 17 47 35 26 31 62 41 42 36 26
26 22 11 33 24 38 10 27 7 16 14 32 10 15 19 43 18 17 19 14
50 20 25 54 54 55 23 23 26 24 32 46 25 22 33 55 47 48 32 34
24 26 15 38 19 27 5 17 7 18 13 32 15 19 23 40 25 14 18 17
6 7 1 7 10 8 1 1 1 6 1 9 1 1 1 8 1 1 1 1
12 5 4 12 7 10 2 3 5 1 5 5 5 3 1 9 7 9 5 2
10 3 1 7 5 15 1 3 1 1 4 12 1 1 3 16 1 1 4 2
37 16 21 46 45 37 13 29 20 23 20 22 25 29 18 40 30 32 27 35
53 35 28 61 48 62 15 17 25 28 35 57 25 13 34 49 43 40 32 27
49 27 35 36 32 56 6 36 17 13 35 48 28 22 20 48 38 33 12 32
1 1 1 6 5 10 4 6 2 1 1 5 1 1 3 9 1 7 7 1
22 15 2 27 26 23 7 13 12 11 12 20 1 5 12 20 2 17 12 7
15 9 4 28 33 32 12 16 7 9 12 16 11 15 3 36 16 21 23 18
27 27 17 55 43 37 15 21 7 21 23 37 19 24 31 51 35 34 32 33
29 23 25 34 34 38 7 15 9 18 11 32 19 9 19 40 31 29 20 15
7 3 3 8 1 9 1 2 1 1 1 7 3 3 1 7 3 3 1 3
29 21 25 30 12 30 1 19 17 16 15 32 17 10 17 28 26 19 12 9
7 7 7 22 19 21 3 11 1 5 6 15 4 9 2 23 9 8 10 12
17 15 18 20 18 14 4 10 4 15 9 21 14 13 14 21 21 15 10 12
10 6 1 10 1 14 1 5 1 1 7 11 5 1 9 11 7 6 10 1
68 46 25 77 68 75 25 22 44 26 45 67 46 37 39 68 61 56 43 44
22 34 9 38 48 47 16 18 30 14 23 38 18 32 10 49 26 39 41 25
58 29 44 38 30 63 13 33 38 10 35 51 36 20 24 39 45 43 16 23
31 12 23 12 18 39 2 19 7 3 19 26 15 10 8 28 21 19 6 17
19 16 10 24 27 35 7 14 12 9 17 28 7 12 12 34 21 21 26 4
8 4 1 5 4 3 1 1 1 4 1 7 1 2 1 8 2 1 1 2
40 32 14 43 36 56 20 31 27 18 32 42 12 19 36 47 24 37 33 23
17 5 5 18 21 20 5 6 1 3 12 13 3 1 1 20 14 16 11 14
6 4 1 10 1 7 1 1 2 1 1 7 1 1 1 6 1 1 1 1
57 41 38 70 60 69 15 57 45 39 33 61 37 34 46 73 38 47 38 39
8 9 8 16 15 18 4 3 1 3 4 14 6 1 1 14 11 9 8 6
44 25 13 28 35 44 1 12 24 9 29 38 17 15 13 32 23 24 16 22
51 22 35 39 43 64 3 41 22 15 39 43 36 35 21 58 45 42 29 39
54 33 28 68 52 67 26 36 20 23 29 52 31 27 38 59 43 47 31 40
6 1 1 8 4 7 1 1 1 1 4 6 1 1 2 1 1 2 1 2
53 39 23 75 51 61 17 30 27 28 49 52 18 23 30 57 41 40 49 42
29 16 10 27 18 39 10 20 4 2 27 29 1 6 16 34 21 22 27 14
24 18 16 23 13 19 1 7 5 8 15 22 8 3 9 11 16 11 2 8
30 47 23 57 44 58 25 41 28 39 23 58 25 35 47 68 33 39 40 29
3 1 1 6 5 5 1 2 1 1 1 5 1 3 1 11 1 3 1 2
19 21 25 32 27 40 11 21 5 13 10 35 17 15 16 44 29 30 24 18
19 11 10 18 16 29 6 19 6 8 5 19 6 7 9 29 9 17 10 7
29 23 3 44 33 31 7 9 12 17 16 27 6 7 7 33 12 16 19 16
10 6 2 15 18 17 1 7 3 3 7 10 1 5 1 21 9 8 10 5
24 20 12 32 27 39 11 31 15 20 11 34 9 18 19 42 7 16 16 20
36 28 15 39 26 50 11 24 16 10 24 36 12 13 23 39 20 23 24 13
24 29 24 37 21 37 13 18 16 13 17 35 11 14 12 28 22 20 18 14
18 24 6 42 37 42 24 35 21 20 24 33 13 27 28 47 18 33 36 26
31 6 10 31 28 31 16 14 16 9 30 29 12 12 24 22 23 26 19 23
10 8 3 18 7 12 1 5 4 6 7 16 3 3 6 11 6 4 6 1
59 47 41 67 62 72 22 40 30 32 27 65 37 38 47 66 45 43 32 43
42 34 25 47 30 53 13 23 27 17 13 46 26 9 32 38 23 29 14 9
41 21 26 47 39 58 20 34 23 9 31 43 21 17 35 49 39 45 31 28
52 52 43 57 56 69 16 38 40 38 34 68 37 43 28 63 42 35 26 40
8 10 5 25 25 9 1 8 1 13 7 11 5 16 7 21 9 5 7 17
9 1 6 8 1 14 1 8 1 1 8 14 1 2 4 11 5 4 5 5
53 13 14 40 47 50 16 12 30 9 33 36 33 18 24 44 46 49 27 29
40 34 41 52 50 58 25 21 19 14 23 51 35 28 32 49 49 50 28 37
16 11 1 17 26 24 6 13 10 8 9 13 1 10 10 23 4 15 13 10
16 14 8 28 20 5 1 3 3 11 9 17 7 13 11 18 15 11 6 15
5 7 3 13 13 12 3 7 1 5 2 10 2 4 1 14 6 10 8 2
49 34 30 54 48 54 16 37 26 27 25 53 28 28 29 50 27 30 15 41
6 3 3 4 4 9 1 1 1 1 2 5 2 2 1 3 2 4 2 3
26 14 6 31 31 27 8 11 18 7 25 26 7 16 13 26 19 22 17 19
3 5 1 8 7 2 1 1 1 4 1 7 1 2 1 7 4 3 2 1
10 8 2 16 9 19 4 6 4 1 5 13 1 3 7 16 3 8 11 2
11 1 1 22 16 9 3 9 3 2 10 11 2 9 10 14 5 12 6 16
41 26 24 39 34 45 12 14 17 12 27 48 17 15 26 32 30 26 11 26
14 6 1 15 11 6 1 1 3 2 8 7 1 1 2 5 1 6 1 4
14 15 8 32 28 15 10 8 1 12 7 16 12 14 8 27 21 19 19 19
30 25 23 48 31 49 10 27 11 15 15 32 23 20 22 43 28 23 25 17
36 38 25 52 33 50 10 23 28 30 18 48 16 16 24 49 23 30 32 13
32 41 15 57 45 48 20 16 25 25 21 51 11 17 35 40 24 32 29 17
21 12 5 25 6 23 5 16 1 1 18 24 1 9 13 26 12 7 14 15
48 24 24 71 65 52 24 35 28 44 29 50 33 40 45 62 38 45 37 46
15 14 5 15 13 18 2 4 5 6 8 16 3 1 2 10 2 7 5 4
35 10 30 42 29 53 3 34 17 2 22 34 32 13 26 48 35 32 27 22
13 6 4 7 8 9 1 1 1 2 4 8 1 1 1 6 1 5 1 4
61 39 17 64 52 64 12 14 40 23 43 61 31 30 32 49 39 36 31 32
15 5 7 16 14 10 1 8 5 4 12 9 4 5 4 9 7 10 8 9
16 19 3 41 37 26 13 16 13 15 17 31 2 18 26 33 16 26 24 20
18 11 7 24 25 22 8 11 7 5 12 19 5 10 11 22 9 20 10 18
29 15 2 38 30 26 6 8 6 12 13 27 9 6 18 35 19 19 14 18
23 8 10 32 28 28 7 19 1 12 17 23 9 14 10 35 15 20 13 27
47 17 26 38 44 43 15 28 29 16 43 37 26 23 12 35 41 45 13 38
13 8 5 7 17 17 1 2 6 4 11 12 1 6 2 12 6 8 8 5
64 33 36 47 41 64 15 42 23 17 49 62 24 26 39 63 56 48 31 35
36 46 19 50 54 68 29 32 41 22 29 54 33 42 32 55 35 48 40 32
46 34 21 46 24 56 11 14 15 15 28 42 18 1 16 37 26 22 29 13
71 35 23 59 48 68 19 33 35 9 68 64 26 39 32 59 55 54 44 50
34 25 23 36 37 57 13 29 11 9 24 43 21 15 13 55 37 33 28 23
19 9 19 21 18 29 3 16 1 2 10 20 13 8 4 27 20 18 7 16
20 11 2 39 22 29 9 26 7 11 12 17 8 18 20 34 9 19 23 21
18 2 10 8 8 11 1 10 1 2 10 9 6 3 4 10 10 12 1 10
22 10 4 17 15 15 1 4 9 5 17 12 2 2 6 5 6 9 5 8
15 12 6 25 17 27 7 13 4 5 11 21 2 4 11 24 10 17 18 5
56 18 24 49 35 54 9 21 31 14 38 42 20 12 24 46 36 37 28 23
20 11 6 16 20 19 1 4 4 10 12 19 4 4 6 18 13 8 6 5
32 17 10 34 25 34 1 16 11 13 12 28 10 5 12 35 17 17 8 12
36 45 32 55 59 65 24 45 33 35 28 59 28 41 26 64 37 43 29 40
25 6 1 27 23 18 7 1 7 5 11 16 7 4 11 18 15 20 6 15
22 19 12 25 30 30 10 11 16 7 16 22 14 10 11 22 19 26 21 8
33 13 10 33 34 33 7 14 12 9 22 28 5 5 13 33 25 28 16 14
50 37 37 45 37 60 5 25 29 26 35 55 21 14 21 47 36 35 29 19
20 15 11 21 16 26 1 13 3 13 8 27 4 7 9 29 13 7 6 8
36 21 22 51 50 42 12 21 18 20 27 34 29 29 23 54 42 37 32 33
35 23 19 40 29 33 9 21 25 19 35 33 7 9 11 26 18 25 23 24
32 25 18 44 50 54 33 42 29 22 36 41 27 30 26 53 35 55 38 43
15 7 10 15 14 27 7 18 9 3 12 19 4 7 6 21 10 16 12 8
8 1 2 5 2 6 1 4 1 1 1 2 4 1 1 4 4 7 1 1
22 18 9 27 22 24 7 15 7 14 13 26 1 7 12 25 12 16 11 10
53 46 32 58 44 73 18 40 33 33 37 64 20 24 30 68 39 41 41 27
25 14 18 22 23 32 7 27 9 11 14 23 13 16 5 33 15 20 10 20
16 17 13 35 24 28 4 15 1 15 9 23 16 18 13 32 15 13 15 17
9 5 4 12 8 8 1 6 1 1 5 6 3 8 3 9 3 6 2 11
17 34 11 40 34 38 13 20 15 26 7 41 8 19 26 46 14 20 27 13
6 19 5 19 17 25 4 7 3 12 1 26 1 4 10 23 2 7 11 1
24 30 17 49 42 48 22 35 22 21 26 40 14 25 24 45 19 35 29 31
10 5 7 14 15 23 1 17 4 3 10 15 1 9 1 24 8 9 8 11
16 5 3 15 19 9 1 2 6 4 13 9 5 5 6 9 13 13 6 9
13 11 9 15 4 19 1 6 7 1 8 15 7 6 6 11 6 7 7 5
