1000 20 16 1090
4 7 8 5 5 2 8 2 10 3 17 3 0 7 3 8
3 9 2 1 1 6 12 8 5 2 5 7 4 6 3 6
0 4 2 2 3 9 3 2 3 5 2 2 2 2 6 4
13 9 6 7 9 11 1 2 16 11 2 11 2 2 3 5
14 11 16 4 3 0 8 5 6 1 10 8 6 2 18 6
5 2 1 1 1 0 3 3 5 1 2 3 5 2 1 2
0 9 6 3 1 3 2 2 8 1 0 5 1 3 5 3
11 8 0 8 6 11 1 0 4 9 5 22 14 4 17 0
7 2 1 1 1 6 8 10 8 3 2 6 8 8 1 4
5 1 3 1 0 2 4 3 1 1 6 6 1 3 3 8
1 1 23 15 10 8 10 15 11 3 6 6 8 0 4 3
5 2 6 5 3 1 7 7 3 2 4 6 10 7 0 7
12 0 6 7 4 5 2 10 4 9 1 2 5 3 0 6
2 10 8 0 8 5 2 2 6 13 5 2 8 12 10 10
9 8 1 18 3 6 18 6 10 2 4 12 0 9 17 6
26 2 4 12 7 4 4 1 2 8 14 9 7 3 2 13
8 6 5 7 10 8 4 2 2 4 15 8 10 1 6 10
6 6 5 6 1 0 14 1 1 1 6 0 6 7 6 12
3 7 9 9 13 7 1 6 4 10 11 2 12 17 3 0
1 0 13 0 6 0 4 4 4 1 0 9 10 8 7 1
11 1 3 6 4 7 7 9 1 9 5 2 13 12 1 5
5 9 10 5 9 9 8 6 9 17 12 4 15 4 4 11
2 0 1 0 8 6 6 3 3 7 3 9 2 1 13 0
2 7 4 15 11 1 8 20 13 6 11 4 3 13 10 6
6 0 0 1 2 2 3 1 6 9 5 5 0 6 2 6
9 7 1 11 5 2 18 8 4 9 9 7 15 2 7 2
7 10 1 2 0 21 2 2 3 10 11 3 11 2 4 3
4 2 5 0 5 1 3 0 1 0 4 3 0 1 3 3
2 14 13 6 13 2 4 6 3 5 5 3 12 4 18 11
2 7 3 1 0 0 3 0 1 3 4 2 3 2 1 2
1 13 8 0 12 5 1 4 0 10 9 10 9 15 1 3
6 16 7 29 8 0 7 7 9 4 6 8 1 1 1 3
2 1 5 5 3 0 12 8 17 3 13 16 5 10 3 3
17 10 12 10 5 7 3 1 15 6 11 1 6 1 17 5
4 4 6 1 2 0 1 2 7 4 9 5 15 8 12 4
2 5 2 15 8 1 0 6 12 8 19 4 2 9 1 4
1 5 7 2 4 1 2 4 2 4 1 3 6 2 0 2
1 9 1 14 6 6 4 2 18 2 5 7 8 2 4 1
5 3 5 13 0 3 4 10 7 20 0 11 1 8 7 6
10 1 7 1 7 1 3 16 1 2 9 5 4 20 3 2
3 6 0 2 17 5 9 8 2 5 13 5 3 12 7 12
9 2 17 1 7 0 4 7 8 8 5 6 11 7 11 11
1 7 1 2 4 3 4 16 1 8 8 5 10 0 0 4
5 17 2 1 3 4 3 1 9 5 13 3 4 3 1 11
3 0 3 5 0 0 2 4 2 4 1 2 1 6 3 6
10 7 9 12 10 3 0 1 9 1 3 17 8 8 10 9
13 4 10 13 15 11 1 10 11 7 0 8 1 12 5 0
1 1 2 0 2 5 3 4 3 2 6 4 1 4 1 3
3 3 9 7 5 1 5 5 1 5 3 3 8 0 10 0
6 25 2 5 12 4 2 0 0 17 10 6 9 1 1 12
7 6 3 2 1 3 2 26 11 2 19 2 4 3 5 7
1 7 3 3 1 4 3 3 5 1 1 0 2 0 0 4
3 6 10 2 1 6 4 10 0 5 14 4 5 17 1 2
6 3 1 4 0 1 4 3 13 6 6 14 2 3 1 0
4 4 5 12 0 10 11 0 1 7 9 3 4 6 7 5
9 14 7 8 2 16 0 1 7 15 2 11 4 2 7 5
2 1 2 1 5 2 8 2 15 1 3 1 2 1 1 18
13 15 13 4 5 2 17 5 4 9 6 2 4 5 12 11
12 8 6 7 16 5 15 13 7 4 2 1 6 2 9 6
1 3 2 1 6 15 4 9 1 1 4 2 3 2 6 7
6 1 9 1 6 11 3 12 1 1 14 13 10 5 10 1
13 2 1 5 3 6 7 3 3 4 2 7 1 5 5 5
2 0 4 6 4 2 1 3 6 6 9 2 9 2 4 9
12 1 3 4 2 1 3 2 7 14 11 8 11 6 5 4
5 2 9 3 3 3 9 5 23 18 1 12 9 0 1 16
5 1 11 14 0 7 5 4 7 1 14 0 13 2 8 7
7 1 4 3 6 2 9 3 1 2 9 3 3 7 5 2
7 4 5 1 4 1 3 6 3 0 2 0 0 1 6 1
3 2 2 2 5 15 2 1 5 1 11 4 0 8 11 5
0 0 1 8 1 2 5 2 4 3 5 3 1 5 1 1
2 4 7 6 2 4 3 7 8 2 7 2 2 5 3 4
2 12 3 11 10 8 5 4 10 4 2 12 2 5 3 6
2 3 10 0 1 8 16 9 1 5 9 7 0 9 3 1
12 0 0 10 2 6 10 1 14 10 2 19 6 7 3 5
4 22 4 0 0 6 1 6 13 2 4 8 4 9 2 5
0 0 2 1 1 1 2 3 3 4 0 1 1 8 0 2
6 4 4 3 1 1 0 3 2 4 2 1 1 2 1 1
2 7 4 8 12 9 14 8 1 2 14 6 4 15 2 2
1 7 8 5 3 9 8 3 7 0 1 4 1 9 1 3
16 4 4 2 10 0 8 8 5 8 2 8 7 5 1 8
8 11 4 11 13 5 5 11 4 17 9 6 3 10 1 1
1 0 3 2 1 6 5 3 7 1 7 1 5 3 5 2
1 14 1 5 4 1 4 9 9 1 3 6 2 8 6 13
6 0 15 4 7 2 1 8 12 6 16 15 9 1 16 1
7 8 9 0 0 0 14 2 5 1 4 13 1 2 0 10
2 5 1 4 1 5 1 1 3 1 3 0 2 0 1 2
2 3 0 2 1 6 7 2 4 1 2 1 4 0 4 5
6 8 6 9 1 1 1 4 9 3 6 2 2 4 2 2
5 13 2 9 5 5 2 1 9 10 4 1 15 11 10 1
2 5 7 4 7 0 2 1 4 4 2 6 14 5 2 2
8 1 12 8 20 2 6 7 9 7 4 1 6 18 2 5
12 0 3 1 3 11 3 8 1 3 8 8 5 9 7 4
4 1 5 7 5 2 6 4 3 4 10 7 3 3 1 11
3 7 2 1 8 10 5 7 13 4 6 7 5 4 2 0
11 7 8 11 7 3 7 4 5 6 13 2 11 10 11 19
7 3 10 10 18 11 4 12 4 2 3 5 11 3 21 2
7 1 1 4 8 9 1 16 3 4 3 7 2 2 13 5
8 5 10 0 3 2 5 4 9 13 10 13 1 4 1 4
7 9 4 1 5 10 4 7 7 13 16 9 3 8 12 3
3 4 3 3 4 0 0 1 2 2 7 2 3 6 2 3
2 6 8 7 3 14 7 6 3 14 14 2 10 8 2 12
9 24 5 2 6 4 12 11 3 13 6 0 11 1 1 10
1 6 6 6 2 0 2 4 3 7 7 4 6 3 2 6
14 7 3 7 0 1 1 16 12 10 2 3 0 1 0 1
2 4 3 16 5 5 10 4 5 10 9 4 1 9 1 6
1 8 15 0 6 1 14 5 4 7 8 9 2 5 1 3
9 11 5 3 3 1 3 12 1 2 3 6 6 2 3 0
2 2 2 1 8 0 4 5 3 2 4 1 3 1 7 3
8 4 1 13 9 11 2 2 6 21 14 9 8 7 3 2
7 2 2 0 5 13 13 9 5 11 8 3 10 5 17 1
2 5 4 4 8 1 2 2 1 2 3 8 3 2 5 6
10 0 5 7 10 5 1 2 9 2 5 4 5 2 1 2
6 4 4 5 3 5 6 5 3 2 4 5 7 8 7 1
6 12 9 1 9 4 2 6 18 13 8 1 18 6 5 10
4 4 2 0 4 2 1 5 9 7 1 10 11 17 6 7
1 1 8 3 2 6 4 1 4 1 4 7 13 4 5 0
2 4 2 1 0 2 3 5 4 4 1 0 3 3 7 4
8 4 5 2 20 7 3 7 4 3 3 11 5 10 2 7
11 2 13 2 6 0 14 6 3 2 18 19 6 3 4 4
0 1 6 5 15 7 3 4 0 5 1 5 12 10 6 13
3 2 6 10 1 1 5 3 1 1 3 3 0 2 2 1
0 2 3 3 11 14 4 10 7 2 10 4 2 1 5 2
5 6 6 5 5 22 5 12 6 2 0 19 11 10 7 2
6 4 3 7 1 1 8 13 2 3 6 8 4 4 2 1
5 9 5 16 5 4 5 8 10 2 3 1 6 5 2 3
10 10 14 6 5 5 19 4 10 9 12 7 12 5 0 13
1 1 1 2 2 13 4 2 8 3 4 10 3 2 5 2
1 5 0 5 0 4 7 9 0 7 2 4 6 9 1 2
1 1 2 1 4 4 0 2 1 2 3 3 5 2 3 0
1 2 3 4 4 4 4 4 3 0 2 4 1 0 3 0
4 10 5 11 10 4 1 8 15 0 1 5 13 10 3 5
2 4 6 0 3 8 6 7 2 1 3 0 4 1 1 2
2 9 9 5 12 1 0 3 0 7 4 11 16 2 4 15
5 7 14 9 8 9 8 8 12 3 7 5 3 2 14 0
11 0 3 10 7 13 12 12 2 11 1 12 6 2 4 7
2 12 1 0 1 6 19 17 8 15 1 1 6 0 8 4
2 5 2 7 4 11 6 9 1 7 6 4 2 2 9 10
11 5 6 15 15 13 16 9 3 4 2 4 4 1 12 2
3 4 2 4 2 1 1 5 1 2 2 1 1 1 1 4
3 3 16 6 8 1 6 3 10 4 1 2 1 5 4 2
9 5 4 0 0 4 0 2 10 1 12 3 2 1 2 2
3 5 5 8 9 7 5 1 5 4 4 3 11 2 10 7
5 9 16 9 1 8 10 7 14 1 6 13 5 7 1 2
1 14 3 3 8 4 14 13 14 4 14 0 3 7 2 6
18 11 0 3 1 1 5 2 10 6 9 2 13 11 8 13
3 5 2 0 0 2 2 3 16 9 5 4 5 1 1 2
12 0 2 1 4 1 9 1 16 13 4 12 4 6 2 1
2 5 7 7 9 4 7 3 1 8 9 5 14 6 6 2
2 3 2 3 6 4 2 1 7 4 4 4 1 3 5 4
4 2 8 1 6 2 7 1 1 6 1 2 1 10 10 4
15 17 1 5 5 12 1 9 4 10 16 1 10 15 5 4
0 6 1 1 4 3 5 4 4 1 2 4 2 1 2 1
3 4 2 3 4 2 3 1 4 1 3 2 2 5 4 1
5 7 5 1 3 6 1 1 1 2 6 2 3 2 5 3
3 0 1 2 17 6 7 8 1 6 4 4 4 6 15 10
4 6 5 1 5 5 4 3 1 6 2 1 6 1 1 17
5 4 17 20 4 1 7 2 11 1 3 15 5 2 10 17
5 5 1 1 0 5 6 18 21 10 3 1 3 5 9 5
0 7 6 3 6 2 13 18 2 5 14 2 2 14 17 5
1 20 15 1 5 5 4 4 5 1 7 4 9 2 9 12
11 1 11 2 6 10 2 4 4 7 8 1 0 2 6 9
5 5 5 16 5 0 6 6 2 2 7 6 1 4 12 18
7 15 9 5 7 15 6 1 9 5 4 13 5 9 8 2
7 0 6 5 8 2 18 11 6 6 13 16 13 6 2 4
3 10 0 6 1 4 5 7 1 1 1 1 3 7 0 4
3 4 1 1 4 9 1 5 4 5 10 3 12 6 3 1
5 2 13 0 2 5 5 4 3 0 1 8 7 0 18 1
5 1 4 1 4 7 3 2 1 5 2 2 2 2 3 3
16 3 5 6 2 1 3 8 1 9 15 2 1 7 8 1
4 3 3 4 0 1 2 5 6 26 0 7 2 2 12 5
1 0 2 1 1 4 1 5 1 1 2 4 1 6 1 7
4 11 7 9 3 13 4 7 4 11 9 1 1 7 1 5
3 3 0 1 5 3 2 0 1 4 3 7 3 3 3 3
8 7 3 1 2 0 3 1 0 6 6 10 7 0 5 7
3 2 1 3 3 10 2 2 2 9 7 0 3 4 3 3
8 8 7 6 7 10 2 13 12 15 8 12 8 8 2 16
4 4 1 1 1 8 2 0 14 15 3 2 2 3 10 18
9 3 12 5 4 16 3 1 3 7 11 1 9 11 1 5
6 12 0 9 3 11 3 10 6 0 3 0 2 5 2 6
1 16 16 1 5 5 8 15 14 3 6 12 16 2 4 5
0 5 3 1 2 1 3 5 6 0 2 7 0 2 1 3
2 2 3 7 4 2 4 4 3 2 3 2 1 1 4 1
18 9 12 8 1 3 6 10 8 4 1 11 0 1 18 13
18 8 0 1 6 15 5 9 3 3 6 5 16 8 1 6
8 3 2 0 6 0 1 1 0 9 7 12 2 2 6 0
5 3 2 8 0 3 19 10 1 0 5 1 11 8 4 9
10 8 4 1 13 2 6 1 15 1 0 3 8 3 9 3
3 1 0 3 4 3 3 7 3 3 4 0 2 0 1 2
3 1 15 1 6 4 1 6 7 2 1 9 6 2 0 11
0 2 1 4 10 2 1 4 4 1 4 1 4 4 5 5
5 7 3 4 5 2 3 1 4 6 1 0 1 2 3 5
1 4 4 6 0 6 6 1 2 2 1 7 7 1 16 4
4 1 1 0 2 3 1 1 2 3 2 5 3 5 16 4
1 2 0 4 5 11 1 1 2 4 0 2 3 4 2 0
1 3 0 6 2 5 0 2 2 1 1 1 4 5 10 0
13 1 2 6 5 3 10 15 9 3 7 2 8 16 13 8
1 3 4 8 8 7 2 2 4 2 1 2 0 3 3 3
16 14 3 8 11 7 7 1 5 19 4 15 2 6 5 9
1 4 14 7 0 13 9 3 7 4 16 5 7 4 9 3
8 4 1 2 1 3 10 2 9 4 1 7 1 4 1 4
4 4 3 1 2 3 0 3 2 3 2 5 0 3 6 1
2 4 4 1 1 1 4 2 2 0 0 1 4 6 2 1
6 2 4 0 1 2 2 5 6 1 4 0 0 2 1 1
1 7 2 7 4 5 5 9 3 2 2 7 2 1 6 9
1 4 5 18 3 6 4 1 7 4 1 4 16 10 5 10
2 3 3 1 5 2 3 6 1 0 3 2 3 3 5 3
7 1 15 9 7 5 2 1 9 1 3 0 16 4 1 11
1 5 3 3 0 7 4 3 4 2 3 1 10 2 1 4
5 4 1 1 21 10 3 0 3 10 5 9 4 7 2 5
1 8 3 4 20 8 11 5 4 13 5 6 7 11 5 16
1 3 4 1 5 6 1 4 3 1 1 0 2 4 3 2
1 10 3 6 5 2 7 9 3 1 4 2 0 3 4 2
4 4 1 1 2 4 3 8 3 4 4 1 3 1 2 2
14 1 3 3 12 2 5 7 2 3 4 7 7 1 5 4
8 0 8 6 8 5 6 12 7 8 8 20 3 2 4 16
5 5 6 4 6 5 2 5 1 0 2 4 4 2 2 6
2 2 3 4 2 1 2 1 0 0 2 5 4 3 4 5
7 1 6 9 14 1 13 1 13 3 6 13 2 2 0 4
0 3 0 4 0 4 5 3 3 6 2 2 7 2 4 2
6 0 3 13 5 8 9 14 4 1 6 17 14 4 10 10
3 0 6 8 11 1 10 3 2 2 2 10 11 0 5 3
2 5 5 3 1 2 2 5 3 1 10 1 4 8 2 2
5 3 1 0 4 2 7 9 1 8 3 2 4 3 2 2
8 2 6 8 1 14 9 8 2 2 7 1 5 5 3 14
7 3 1 2 2 2 13 5 18 4 9 7 13 8 0 5
1 10 3 7 0 5 9 4 8 3 7 10 10 19 7 6
10 5 8 0 7 15 16 10 6 6 4 0 5 12 6 1
3 2 1 5 0 1 0 6 0 3 1 1 1 4 3 1
5 2 4 0 4 4 4 0 5 1 2 2 3 0 4 6
2 5 4 13 8 16 17 1 6 14 4 4 3 7 9 9
0 0 7 3 5 1 20 15 5 1 10 7 4 7 11 8
1 12 12 6 13 5 1 1 11 14 2 4 6 4 3 7
12 5 3 0 3 3 6 4 3 3 4 2 8 4 7 2
11 14 8 4 9 22 6 3 1 10 3 2 10 5 7 6
5 0 12 6 1 2 0 4 10 1 1 5 7 8 0 7
4 8 19 12 6 10 1 8 4 3 12 11 5 2 18 6
4 13 4 0 1 9 16 0 0 4 3 6 2 9 9 8
6 2 1 10 5 15 8 10 13 4 6 3 4 3 2 5
11 16 3 0 2 11 0 4 3 5 2 10 1 0 1 4
4 15 3 0 5 1 6 14 1 11 11 5 4 5 14 0
3 4 6 1 6 0 0 5 5 10 10 0 11 12 7 1
9 1 1 6 4 12 11 2 14 7 5 12 4 8 4 9
18 6 16 6 6 4 6 2 14 6 12 8 15 4 7 4
1 3 3 9 4 10 12 4 11 14 5 3 6 11 11 0
13 1 10 3 9 2 7 17 8 4 19 8 1 4 18 6
12 18 2 9 17 8 2 8 13 6 2 4 13 10 12 1
3 8 7 24 1 3 10 6 13 2 6 9 7 5 13 0
6 10 7 4 5 5 3 15 8 1 14 6 3 15 10 9
3 3 1 0 1 1 1 0 0 3 1 1 7 2 1 5
1 13 11 8 11 4 11 10 16 3 6 6 5 1 12 7
12 9 4 7 7 14 15 8 14 11 7 4 11 4 3 7
14 9 3 14 1 7 9 2 2 14 10 0 1 5 5 20
5 6 4 3 2 2 7 5 0 11 2 20 7 6 7 6
10 0 12 9 15 4 9 8 10 6 9 3 3 10 3 1
9 8 1 5 8 3 18 3 2 2 5 13 3 15 8 16
5 2 1 3 9 3 4 7 6 10 2 5 5 1 2 9
2 3 4 1 1 0 2 0 2 4 5 2 4 5 1 5
2 3 4 0 0 4 3 3 2 3 2 3 2 3 7 5
6 5 11 1 1 6 7 3 7 7 1 5 2 2 6 8
5 10 3 10 12 6 1 6 1 4 0 10 1 5 10 10
0 4 12 11 17 7 4 1 9 3 10 0 16 2 1 2
1 2 3 2 0 5 2 1 2 5 5 7 4 2 3 0
7 2 5 10 3 12 3 1 2 1 6 0 6 1 5 6
1 0 8 1 4 3 2 0 3 3 2 4 1 6 2 3
2 9 2 9 2 1 4 5 3 2 0 2 4 3 8 2
5 7 10 21 1 7 8 4 6 3 9 4 8 9 4 4
1 2 3 6 3 1 1 0 2 0 2 3 6 1 1 3
6 3 4 6 0 3 9 10 6 0 12 4 2 3 3 6
0 3 2 0 3 6 3 2 0 0 4 1 2 2 1 2
16 6 7 16 2 4 1 13 15 0 18 10 8 2 0 6
3 0 6 3 4 1 5 14 8 5 5 8 10 2 7 7
5 3 1 3 1 0 1 1 2 1 2 5 6 5 4 1
9 7 2 0 1 4 2 4 6 8 4 4 2 0 2 1
6 16 4 7 14 0 11 2 10 2 5 14 2 6 6 3
0 8 7 5 10 4 3 4 2 9 7 14 4 11 6 10
2 1 3 2 7 1 5 9 2 3 0 2 1 1 14 11
4 0 3 3 10 1 4 2 2 4 4 3 6 1 3 5
3 4 5 9 3 5 1 9 6 4 17 7 1 2 5 2
8 9 8 10 0 3 2 0 13 3 3 1 3 5 10 2
3 3 5 6 2 7 5 4 3 1 0 5 9 1 4 5
2 5 1 1 5 4 4 4 9 3 1 1 7 7 3 6
1 0 1 1 7 2 1 2 4 4 5 2 2 6 4 3
4 7 10 1 13 3 9 2 2 3 5 6 13 7 3 2
5 10 1 6 12 5 5 3 2 5 12 4 6 4 5 2
8 0 2 7 7 2 3 17 12 4 9 5 19 7 2 1
4 0 2 5 1 3 2 2 3 1 4 7 3 3 3 6
0 4 2 4 2 4 4 1 1 1 4 4 1 4 0 1
4 10 7 9 5 9 3 10 4 1 8 11 1 6 8 6
6 10 6 5 1 4 11 7 14 10 15 6 4 15 3 14
3 5 1 12 5 9 3 6 3 5 9 1 7 5 1 14
3 1 2 2 0 2 2 1 1 3 0 3 4 2 5 3
3 7 10 1 16 1 11 15 14 1 8 14 5 0 16 2
8 3 13 8 10 1 8 4 7 10 6 7 4 1 5 3
8 2 3 4 3 4 14 5 5 3 24 14 12 5 4 6
2 6 1 10 5 0 5 4 6 2 3 7 2 2 3 6
2 6 14 2 2 8 3 2 4 3 0 4 8 10 5 11
0 8 9 1 12 7 5 6 4 3 6 2 5 2 5 1
12 2 6 14 4 3 6 3 9 3 13 1 11 1 5 2
1 0 7 1 0 1 6 1 0 7 0 7 4 7 3 1
9 13 2 5 2 4 10 9 8 8 4 1 17 3 1 1
4 7 1 1 2 2 5 13 13 5 3 11 0 4 4 11
2 0 4 1 2 0 1 1 5 8 6 1 2 5 1 1
7 9 6 3 21 1 6 8 11 5 3 7 7 3 11 15
2 9 0 4 0 3 1 1 2 1 1 0 0 4 3 0
5 5 1 6 3 2 1 1 1 10 11 3 6 6 4 2
15 2 3 2 3 2 7 6 9 8 7 10 2 6 11 5
0 2 1 1 5 3 1 4 4 2 0 2 0 6 1 3
6 6 1 2 4 5 2 11 1 11 5 5 6 3 6 3
1 4 8 8 7 2 16 3 20 2 8 4 4 2 9 11
6 6 5 11 3 9 15 6 9 10 10 7 9 7 10 10
1 1 10 1 0 0 5 4 1 4 2 1 7 2 4 0
6 3 1 5 6 3 7 5 11 1 2 7 3 6 1 7
2 2 0 1 5 6 3 4 0 3 3 1 3 0 1 3
1 3 3 3 4 5 0 4 6 3 6 2 7 8 2 2
2 7 3 0 4 2 2 3 1 6 4 5 4 14 2 7
6 3 2 5 6 1 5 6 2 5 7 7 19 5 2 5
7 8 1 8 1 2 0 2 2 1 3 1 5 4 0 4
15 10 9 4 4 2 5 1 3 5 4 3 3 4 4 1
11 4 2 9 5 2 13 7 7 6 6 4 6 2 7 10
4 5 8 7 3 8 5 2 1 6 6 7 0 8 0 6
3 1 3 4 3 0 6 10 10 9 1 14 1 6 2 10
3 12 2 12 2 6 14 11 0 9 1 8 5 6 12 7
4 4 12 4 2 3 5 1 3 1 4 6 1 1 7 1
0 2 0 0 3 1 2 7 3 7 3 8 4 6 8 5
2 13 3 1 9 0 4 3 3 3 1 5 3 16 9 15
5 2 0 5 2 5 8 2 2 7 4 6 1 0 3 3
13 9 7 10 4 4 8 16 4 12 10 7 7 6 8 7
10 1 1 6 3 11 10 10 4 9 1 9 11 3 4 4
10 4 5 4 2 4 3 2 1 2 3 8 1 4 2 2
11 1 0 21 17 8 3 4 10 15 4 4 5 10 8 2
2 6 19 4 5 5 2 6 11 4 7 4 11 9 3 11
7 8 0 4 3 7 3 1 5 11 11 3 4 3 1 8
3 1 19 13 6 4 6 0 6 11 7 5 11 2 11 10
11 5 9 2 3 9 3 2 8 3 4 1 1 7 0 6
14 10 22 1 1 6 7 2 6 8 2 3 10 12 16 7
1 2 4 17 7 6 1 10 15 6 11 10 4 0 1 2
0 10 9 1 12 4 5 4 14 2 1 8 0 6 1 14
6 13 9 4 1 1 3 9 2 9 9 8 3 15 11 1
1 3 4 2 0 4 3 8 3 8 4 8 6 1 2 3
14 7 2 3 7 7 5 4 0 5 3 7 2 10 5 6
4 3 16 1 2 11 3 5 4 12 4 1 19 1 3 6
15 8 3 9 16 6 1 7 2 8 10 9 2 9 10 6
5 12 0 7 6 23 7 6 16 3 12 1 12 9 1 6
5 0 1 2 5 3 5 5 1 4 2 7 2 4 5 4
10 5 1 1 3 1 1 2 2 8 5 3 4 0 10 9
2 7 0 1 8 1 4 2 5 11 5 1 1 3 12 8
0 5 6 2 0 1 4 2 3 1 2 2 0 2 1 6
9 17 22 1 1 2 0 2 6 2 5 2 12 21 7 3
2 6 5 0 2 5 7 14 1 11 5 13 5 1 0 2
4 1 2 2 7 8 1 4 3 0 1 4 3 5 1 0
5 0 8 2 1 5 1 1 2 3 1 9 1 1 8 10
4 5 9 5 7 3 6 8 1 4 6 9 2 7 7 1
5 7 8 14 11 1 2 7 14 3 3 9 2 10 8 4
23 8 3 2 19 4 7 1 11 6 7 13 1 3 5 7
0 6 7 1 4 5 3 2 8 4 0 4 4 3 10 5
3 8 5 3 13 7 11 3 3 2 3 0 7 6 2 1
8 3 9 13 9 9 10 3 10 4 8 2 4 9 5 3
5 5 3 5 3 2 0 0 6 9 29 4 12 10 3 1
4 10 2 13 1 12 0 6 11 7 10 18 16 2 1 5
5 12 1 8 4 2 7 7 15 11 10 16 11 9 1 1
0 5 1 17 3 19 1 6 4 7 3 4 6 1 5 8
2 10 13 4 1 10 8 15 16 4 4 0 3 12 2 4
7 2 15 2 1 4 6 3 12 9 15 4 10 8 6 13
8 0 7 3 0 4 2 20 9 7 4 6 5 15 13 1
4 3 3 2 8 1 4 2 3 0 3 5 1 5 1 2
3 3 7 6 0 3 3 1 1 2 6 1 3 7 2 6
2 6 2 3 10 2 7 2 6 13 1 5 2 5 7 9
2 0 2 4 1 4 2 6 4 1 4 4 9 11 2 1
7 0 13 6 0 4 3 4 3 4 2 5 2 0 1 8
6 7 3 5 1 3 4 1 2 6 4 2 7 4 8 0
4 5 6 1 9 0 5 5 4 0 3 4 7 1 4 8
1 3 7 2 3 3 3 0 4 4 1 2 9 2 2 0
0 1 5 3 3 5 7 5 4 0 4 9 7 0 4 3
6 14 0 3 1 8 2 2 1 6 1 4 12 10 6 0
2 2 1 6 2 10 1 1 3 1 4 2 3 9 2 2
1 1 3 3 7 0 5 1 4 4 1 2 0 5 0 5
3 12 1 3 3 1 6 5 3 5 8 5 1 9 7 6
7 10 11 2 3 3 2 3 3 10 2 2 13 5 10 4
3 0 6 4 0 4 4 27 4 2 2 2 1 4 7 0
1 0 0 1 7 5 4 3 5 0 1 3 2 3 1 3
1 13 5 10 3 8 3 13 4 0 16 7 0 11 11 5
4 1 12 4 7 10 6 3 3 0 2 10 10 13 6 9
4 2 4 5 4 2 0 4 5 7 6 1 0 2 5 1
12 4 6 10 6 5 0 3 9 7 5 5 13 3 5 2
14 3 4 1 7 0 3 1 6 2 3 3 10 2 6 1
6 2 6 1 2 3 7 4 3 1 4 2 6 6 0 1
4 4 9 8 22 16 6 1 9 8 11 1 3 4 4 5
1 1 0 4 4 1 5 6 4 9 6 4 5 2 6 1
3 1 1 1 3 9 5 11 5 20 14 20 2 3 11 5
0 15 1 1 1 2 8 3 4 5 8 5 3 6 8 4
7 1 12 7 6 2 1 9 17 9 3 8 6 0 1 4
9 3 2 6 6 3 6 3 1 4 1 2 7 3 10 6
6 1 3 0 1 7 2 1 0 0 1 0 3 7 4 3
3 5 2 2 2 3 2 1 0 2 1 1 0 4 5 2
13 1 7 20 3 3 3 1 3 8 7 10 7 20 1 4
2 3 4 7 0 0 2 5 2 2 2 1 1 7 2 2
5 4 2 3 7 3 6 8 3 7 3 1 3 1 1 6
11 1 2 2 3 2 7 4 4 6 2 1 2 7 6 1
5 3 2 2 4 2 6 4 4 3 6 2 0 4 2 4
11 7 2 3 6 7 4 6 6 7 4 4 11 6 7 9
2 8 8 3 8 7 7 6 5 5 2 8 1 4 7 1
1 4 4 3 3 4 7 5 9 6 12 2 12 9 9 22
13 1 6 1 3 7 3 3 4 4 1 1 4 2 3 4
6 2 8 4 8 3 7 4 3 9 3 3 11 14 6 0
0 8 1 0 5 0 2 5 4 3 10 10 1 8 11 4
1 6 5 2 3 8 4 0 1 3 11 4 2 1 14 3
6 3 5 24 2 2 4 3 1 5 2 16 1 16 9 6
9 1 2 2 4 3 5 5 4 2 8 10 12 5 7 9
2 1 3 6 0 6 8 4 5 7 17 3 19 1 9 14
3 3 4 7 6 27 6 12 1 7 7 6 12 5 6 13
0 0 4 5 3 7 2 1 3 18 3 5 1 12 14 2
8 3 5 8 4 10 7 6 6 2 8 4 5 2 9 3
5 2 5 15 2 4 5 2 13 6 1 7 8 3 4 5
11 1 5 8 0 2 6 0 0 0 5 4 5 2 1 3
4 2 6 2 5 6 8 12 0 1 3 7 4 3 4 6
4 9 5 1 2 2 0 0 15 1 5 5 2 2 4 13
3 1 8 2 2 3 3 8 5 1 7 4 5 2 3 5
1 2 1 1 3 9 2 4 2 1 0 5 10 1 3 2
7 11 6 2 8 3 8 16 11 4 7 7 11 6 10 2
5 0 5 12 3 5 13 14 6 12 10 7 2 9 12 5
5 8 5 3 3 10 4 7 8 1 16 5 7 7 3 2
4 3 10 1 5 3 3 4 8 1 4 1 3 1 7 3
13 7 6 9 0 3 7 7 0 3 5 4 9 9 7 1
9 5 2 1 8 7 9 4 1 4 7 2 4 11 19 0
10 8 7 11 2 1 2 6 2 5 6 16 14 4 7 3
4 3 0 2 1 4 4 6 6 5 1 5 8 2 1 1
3 3 3 2 12 9 1 1 7 5 8 0 3 8 2 5
10 2 12 12 14 5 6 7 9 5 1 1 3 2 11 8
10 11 3 3 17 9 9 2 12 3 5 22 0 2 0 10
6 6 5 3 5 3 1 15 0 7 5 3 20 9 8 4
11 7 14 2 5 4 3 3 1 8 3 5 6 2 2 14
2 2 5 1 9 4 7 4 3 7 1 4 7 9 8 6
1 0 15 8 4 4 8 6 7 11 4 6 2 4 11 7
5 10 2 1 3 10 6 5 15 0 5 5 3 2 0 7
3 1 2 5 1 1 6 1 10 11 5 14 8 10 9 0
4 7 1 2 3 10 0 3 3 6 1 3 5 4 1 4
2 0 6 0 3 4 6 4 1 5 2 1 2 9 1 0
10 10 3 1 2 5 13 6 6 18 1 10 4 11 4 12
19 2 5 15 5 5 9 5 6 3 7 9 15 7 4 5
8 4 6 2 5 3 4 1 2 1 2 5 10 1 8 8
5 4 1 2 6 6 2 3 2 0 0 0 0 6 3 4
8 8 0 2 15 7 10 5 3 15 5 0 4 5 4 3
3 0 0 0 1 2 2 5 1 3 2 4 4 3 4 4
2 7 4 7 12 1 1 5 15 3 8 8 10 11 8 11
13 5 7 2 13 3 1 16 14 4 2 13 4 5 6 2
2 0 2 5 1 9 0 1 3 3 3 2 6 2 7 2
17 6 13 9 8 3 5 10 9 11 4 4 6 15 6 1
1 0 4 0 7 1 7 1 7 1 2 14 7 4 0 1
3 4 13 9 1 6 3 10 8 5 0 8 4 1 1 1
6 9 7 3 6 7 1 16 6 0 9 2 1 7 12 2
5 3 3 5 6 1 2 0 3 0 12 2 3 1 3 8
2 9 9 6 11 11 9 0 12 9 8 5 1 10 13 7
3 10 5 6 10 6 1 5 3 3 4 7 2 3 4 4
9 16 7 3 1 2 0 6 14 8 0 9 3 1 9 5
16 3 2 5 4 1 1 5 1 5 1 0 6 5 0 5
2 20 20 5 10 6 7 7 12 4 7 4 3 2 8 3
0 9 1 2 9 12 2 9 14 2 19 3 7 11 8 5
2 0 2 8 3 4 0 1 2 1 8 1 3 2 0 3
10 1 6 9 3 7 2 8 12 9 10 12 6 2 5 2
2 7 4 5 3 3 6 7 5 6 3 1 2 3 3 3
11 6 1 1 2 1 6 2 5 11 2 6 4 3 3 10
5 3 4 15 1 6 13 5 1 6 5 4 7 11 5 3
0 1 1 10 13 9 1 4 5 8 2 2 0 1 6 10
7 2 1 5 9 0 5 5 5 9 4 3 2 5 9 23
5 4 10 4 2 11 0 0 5 5 1 4 9 7 7 3
2 6 3 1 11 7 2 9 0 7 2 6 6 5 4 2
2 1 2 10 4 7 5 7 6 7 7 2 5 1 9 8
6 9 4 2 1 0 6 8 5 5 4 9 11 2 15 0
6 3 12 4 11 12 13 3 6 11 9 10 13 13 16 4
10 0 10 5 7 12 2 20 12 0 1 7 10 17 3 14
5 1 1 3 1 1 2 0 2 3 6 4 1 6 1 3
7 1 4 6 1 3 5 5 2 0 2 2 9 1 1 5
2 5 11 3 8 4 3 6 2 3 2 1 2 1 1 1
1 3 6 5 7 7 0 0 0 5 5 13 2 1 1 3
2 9 11 13 2 4 12 5 4 10 3 1 7 9 1 4
3 0 4 4 3 2 3 2 1 0 4 4 1 4 0 1
12 0 13 3 6 7 4 5 6 4 3 5 5 6 12 11
1 1 7 5 14 16 7 8 3 7 0 9 15 10 11 9
0 1 4 1 2 4 1 3 0 12 1 5 0 1 3 1
12 23 3 6 3 2 1 2 4 5 8 3 6 6 6 7
1 4 0 8 1 11 7 7 12 4 1 8 6 14 3 11
0 1 2 2 1 0 1 10 7 4 4 0 3 1 3 8
12 6 2 14 4 4 3 6 8 3 1 7 9 9 12 8
1 1 6 2 5 1 1 4 4 0 2 1 1 3 1 5
4 2 3 2 5 6 2 5 6 2 0 8 0 2 1 3
4 1 5 2 0 6 7 0 5 2 8 1 2 2 2 7
1 5 19 2 3 7 1 18 6 1 4 0 14 5 7 6
4 5 17 7 6 2 5 10 11 12 21 2 13 4 6 7
6 3 8 1 2 5 3 1 7 12 6 8 2 4 2 1
4 6 4 11 10 9 3 2 2 6 1 10 8 3 2 4
6 7 4 1 5 13 1 2 8 1 4 4 1 3 3 12
1 2 0 1 3 4 5 3 1 3 1 4 5 8 5 1
4 1 0 1 1 3 3 6 3 1 3 4 2 2 3 1
8 11 6 3 1 6 1 1 2 5 3 1 2 4 0 8
10 8 12 6 1 6 7 19 1 7 5 25 2 6 1 2
4 2 2 5 1 0 1 3 2 2 2 0 2 4 5 2
9 1 4 3 6 3 1 5 6 3 5 9 16 9 1 1
10 9 4 6 5 3 13 2 5 3 8 7 4 3 10 4
10 10 4 5 3 1 8 9 3 10 5 1 1 3 15 4
0 1 5 3 4 2 6 6 2 5 2 5 2 6 2 3
5 7 9 6 6 8 5 20 3 5 10 11 5 1 9 19
9 7 3 1 1 0 3 1 10 0 4 2 2 3 2 8
9 3 10 8 1 3 0 3 10 8 7 7 5 6 9 21
10 14 0 4 9 9 6 3 1 11 2 3 11 1 1 3
3 1 6 4 7 1 4 2 6 6 4 3 5 9 8 4
5 10 10 13 10 1 2 6 7 6 18 5 13 19 2 9
0 1 2 6 5 2 2 3 4 0 4 3 1 2 3 7
1 6 1 5 5 4 5 6 6 2 3 11 3 6 5 2
2 14 3 7 8 1 2 5 5 1 11 10 1 12 1 0
3 2 2 1 3 4 2 0 1 3 5 6 0 1 3 3
7 11 9 0 2 1 19 2 2 2 1 3 9 1 11 8
2 1 8 7 4 2 2 5 8 4 8 7 7 9 2 7
2 4 12 2 7 1 9 12 10 6 5 23 2 2 4 4
0 8 2 3 1 10 6 9 0 6 1 3 0 0 0 12
1 4 7 2 0 2 0 1 6 1 6 3 6 1 1 6
1 1 1 5 1 7 4 4 4 6 4 2 3 7 0 2
0 15 7 19 3 1 4 9 7 1 1 1 3 2 1 0
19 11 6 9 3 10 13 0 16 11 5 10 1 4 6 1
4 2 6 6 6 3 2 2 8 1 5 1 2 5 0 4
7 1 4 3 3 6 3 1 12 0 9 3 9 9 6 0
9 2 2 2 18 8 9 14 2 3 8 3 5 15 6 2
9 7 6 15 8 5 6 6 15 5 1 3 2 12 10 8
9 4 1 8 9 2 7 1 4 2 1 1 6 13 1 1
1 4 3 7 1 4 10 2 2 1 2 1 2 2 3 4
10 3 7 0 7 7 9 4 7 9 1 7 5 6 1 9
1 13 25 10 13 4 8 4 5 6 5 12 1 5 6 12
1 5 1 3 2 1 6 2 4 4 4 9 3 8 11 3
11 2 18 2 0 2 3 8 17 4 13 8 16 9 5 4
3 9 9 8 0 0 8 8 7 1 7 15 1 16 6 8
6 1 14 3 26 11 2 2 8 5 1 1 10 10 2 2
1 1 5 2 6 0 2 9 4 9 1 7 3 1 2 2
4 1 1 5 10 5 17 22 5 2 0 3 5 7 4 10
6 3 1 0 3 5 5 4 5 1 0 1 2 0 0 6
12 9 1 1 6 9 8 4 1 2 6 3 1 0 6 1
7 1 2 1 1 1 7 3 6 0 0 3 4 5 2 2
1 6 2 4 1 0 15 4 2 2 11 9 14 12 8 0
3 11 6 3 0 5 1 2 2 15 2 2 10 2 0 10
7 3 7 4 16 11 1 5 1 7 6 2 6 4 12 8
8 7 4 4 5 4 2 6 1 1 2 2 6 2 3 1
2 10 2 3 5 1 15 3 2 2 8 2 3 3 9 10
2 3 0 0 5 0 2 2 2 1 3 2 5 2 5 2
5 2 5 10 1 19 9 4 6 10 2 18 3 4 5 19
2 7 5 2 4 13 6 6 12 0 8 3 6 0 19 6
7 9 8 16 0 6 11 12 4 6 12 4 0 10 5 17
7 3 7 1 4 8 3 18 1 11 16 11 2 1 2 12
7 4 11 8 0 8 0 0 3 3 2 7 2 3 3 4
3 6 7 5 2 1 1 3 8 7 17 1 3 3 24 7
6 5 7 14 10 1 10 7 1 2 7 9 8 10 13 6
4 3 9 6 2 1 1 2 3 5 6 7 2 3 2 2
3 5 1 4 0 4 2 2 0 3 1 4 2 5 4 3
4 4 7 5 7 10 5 6 6 8 2 0 9 0 4 3
0 12 1 7 14 1 0 4 6 4 1 8 2 7 7 5
5 7 5 3 0 2 1 8 11 20 7 10 11 6 9 2
2 10 3 5 4 7 2 4 4 1 0 5 13 2 10 3
1 7 11 2 16 7 2 4 7 2 0 8 8 9 8 6
10 8 1 12 12 0 2 16 22 7 2 13 0 2 0 3
8 17 9 17 2 10 6 3 1 21 8 10 5 1 3 9
5 2 0 1 4 8 2 4 6 1 0 4 4 3 6 0
2 5 4 1 2 2 2 0 4 5 2 0 3 1 3 4
0 5 2 4 4 2 5 11 0 5 1 7 7 2 3 4
3 12 2 14 7 6 8 8 4 2 11 9 10 1 3 9
20 1 0 5 5 10 6 9 7 9 14 19 4 9 9 7
12 9 14 10 7 7 7 10 12 21 2 7 8 5 2 2
6 8 9 5 4 6 1 7 1 10 4 6 3 1 8 9
9 2 6 1 7 1 6 6 2 2 3 0 0 7 3 3
15 9 2 6 2 1 0 0 1 11 1 5 10 3 5 9
6 8 1 3 3 4 4 0 3 1 2 3 2 6 2 3
10 7 12 10 8 6 21 2 10 1 6 15 1 2 5 11
7 0 16 3 5 10 3 3 4 1 7 3 4 0 6 1
12 3 2 5 5 3 5 1 11 1 9 4 7 2 3 6
2 6 2 4 3 5 5 2 2 2 1 2 3 5 1 2
3 2 1 4 0 1 4 4 4 1 1 3 3 1 4 1
9 12 3 3 3 2 4 1 2 1 1 3 3 1 4 2
5 6 5 1 6 5 8 2 3 4 2 2 1 0 0 4
6 3 2 6 10 0 8 12 0 1 8 13 19 14 3 5
5 0 1 1 4 4 2 1 4 4 7 3 4 4 4 8
10 3 14 7 4 2 1 3 1 8 18 5 3 4 18 6
3 6 4 2 3 11 6 2 4 3 11 8 1 5 0 1
4 4 1 8 0 2 3 2 12 0 4 0 2 4 5 1
0 6 2 4 0 6 4 9 7 10 4 4 0 3 2 2
2 6 7 5 3 3 3 14 4 3 1 12 3 14 8 19
6 3 8 6 3 7 6 3 5 5 1 5 6 5 8 0
14 5 8 3 5 7 11 9 8 10 15 7 1 8 2 8
11 6 6 16 8 1 3 3 5 5 4 7 16 8 2 0
7 6 1 9 0 7 5 4 2 5 3 11 9 4 0 4
6 1 12 3 10 9 7 6 7 2 0 2 6 2 6 12
1 1 2 5 3 2 1 8 2 8 6 4 3 8 1 4
3 4 6 0 5 1 1 5 1 0 1 0 2 1 1 2
2 1 13 7 4 2 4 6 5 10 10 8 10 1 7 8
4 4 8 6 10 3 12 1 16 1 2 1 4 0 2 8
7 11 2 13 14 6 7 14 6 4 11 3 7 6 3 11
3 4 4 3 2 3 2 1 7 1 4 3 0 0 2 5
14 9 6 5 7 3 11 8 0 9 14 6 13 7 6 2
5 10 0 1 5 0 3 7 6 5 3 5 1 5 4 8
3 4 28 4 3 7 4 2 11 9 3 8 2 4 5 2
3 1 2 1 2 5 3 2 2 1 1 6 2 11 0 1
3 10 0 5 7 6 1 4 6 7 6 1 8 5 2 11
1 6 6 2 0 6 5 4 2 0 5 3 3 4 1 3
4 13 11 5 9 9 5 13 7 7 7 3 14 0 8 6
12 1 8 10 2 8 3 8 1 2 7 5 2 9 3 0
2 2 1 2 1 1 1 3 4 1 0 5 2 5 1 3
8 5 4 14 6 15 3 0 5 8 1 5 6 5 8 11
6 8 1 7 2 4 6 3 3 3 2 1 3 0 0 1
8 3 2 1 4 1 0 4 5 5 0 2 1 3 2 9
9 3 4 12 8 2 8 8 11 16 1 4 10 4 4 19
5 4 15 7 13 5 15 0 12 6 13 8 2 6 1 6
4 8 1 7 2 1 9 8 1 7 2 1 1 6 8 7
2 7 7 8 2 2 2 14 1 4 7 2 1 11 11 6
6 1 2 2 0 8 1 1 0 0 1 3 5 1 1 1
3 0 2 0 2 6 3 1 4 4 2 6 5 3 4 1
2 10 5 4 2 11 7 1 6 3 2 4 4 0 9 5
12 11 13 3 12 7 5 5 1 1 8 8 1 3 14 5
3 2 9 9 3 6 0 5 9 1 5 2 7 6 8 2
1 2 4 0 5 4 8 6 1 1 3 4 2 2 1 3
7 3 1 11 10 1 4 6 0 9 2 17 9 1 16 5
3 8 1 10 0 3 13 3 9 0 10 9 6 0 1 7
1 8 0 0 2 1 2 6 2 3 1 5 0 1 6 3
1 7 5 7 18 4 11 6 9 6 5 8 3 8 7 1
12 7 12 2 4 7 5 3 5 3 7 1 7 2 7 8
4 5 2 1 3 3 2 0 2 2 4 4 6 10 6 4
3 7 4 11 5 12 15 2 0 12 1 5 6 16 9 3
4 0 9 0 4 9 7 3 17 2 13 6 1 5 6 3
1 4 0 1 10 2 8 2 0 11 10 0 1 7 11 16
1 7 2 1 4 4 0 2 4 7 1 3 1 3 7 2
5 6 14 2 2 9 1 5 1 3 1 2 1 2 7 7
2 17 1 5 3 2 2 2 10 2 2 7 4 6 15 3
13 3 1 1 6 7 18 7 8 7 15 14 1 10 0 1
3 1 11 4 4 2 2 2 6 0 2 13 8 5 7 0
8 3 2 1 14 9 2 5 4 1 1 1 6 9 14 12
4 1 1 5 3 0 2 8 2 10 11 7 5 4 3 4
18 3 13 7 4 9 8 14 7 1 9 4 8 5 6 2
3 3 4 4 4 1 1 2 3 18 10 5 10 16 10 6
10 5 6 2 12 5 4 12 1 7 4 2 1 2 1 2
2 12 6 11 12 13 3 4 9 8 4 7 13 7 1 7
9 4 2 4 6 1 25 3 8 12 5 5 1 1 1 11
2 0 4 4 0 4 2 10 1 5 1 7 6 2 6 4
5 5 0 0 2 1 4 2 6 3 2 1 7 1 1 4
1 2 3 6 2 2 11 4 0 17 4 3 13 1 3 3
5 2 2 3 10 16 10 0 4 7 5 19 3 7 12 8
2 6 11 14 6 1 9 13 16 1 0 19 6 6 4 12
10 9 12 4 1 4 2 3 5 5 3 9 12 11 6 8
2 4 3 1 9 0 5 3 3 2 1 3 2 0 5 2
3 1 4 11 14 9 15 0 3 2 11 1 1 10 4 3
4 0 1 4 1 6 0 0 0 0 3 1 3 4 2 3
17 4 12 1 5 5 0 8 7 5 1 9 6 1 13 15
1 6 6 2 1 6 3 26 11 9 4 6 2 0 8 18
6 2 3 8 11 5 3 2 13 1 1 2 6 4 2 3
2 2 2 12 1 12 13 1 2 5 8 2 1 3 5 1
3 0 2 3 2 4 6 3 3 1 0 1 5 6 2 2
2 1 4 1 3 3 1 4 4 3 6 1 1 5 1 0
8 5 7 17 6 5 2 16 7 6 7 2 15 9 5 10
5 8 6 17 4 4 8 3 1 8 1 17 2 11 9 3
5 2 1 3 6 7 4 1 3 4 3 5 7 0 5 2
3 1 1 3 0 0 6 3 0 0 4 2 6 2 3 1
11 4 5 2 3 4 1 2 6 2 4 3 0 1 1 1
8 1 10 8 4 8 2 5 2 7 9 10 4 4 9 1
1 4 4 2 2 1 11 0 6 3 9 1 7 9 10 1
2 3 1 7 2 3 0 2 6 4 0 4 1 4 3 6
1 0 5 4 1 6 2 1 7 2 2 1 1 4 5 4
5 3 2 14 10 6 4 5 2 12 8 0 1 11 0 4
5 15 18 4 7 2 3 6 5 8 3 1 8 6 8 0
3 8 3 4 3 11 9 4 11 2 14 3 7 3 5 12
4 12 4 5 23 4 3 5 5 0 2 5 3 5 1 7
5 0 2 2 2 1 1 1 6 4 1 3 6 5 1 0
1 8 9 4 0 5 10 9 8 0 0 8 7 4 11 7
5 0 5 5 2 5 1 10 1 5 0 0 3 3 3 1
2 4 3 13 8 7 0 5 10 14 1 5 1 9 17 1
7 11 14 4 1 16 11 3 6 14 16 1 7 2 1 13
2 0 6 2 1 3 6 5 10 6 4 1 2 4 1 0
0 14 2 5 6 10 11 4 6 4 1 14 1 3 6 2
2 5 2 6 1 3 2 0 3 2 3 0 2 4 0 0
21 8 1 6 0 0 10 5 0 6 8 4 8 4 1 2
1 4 2 0 0 2 1 3 5 5 6 2 5 6 2 3
0 1 4 1 7 1 0 4 7 2 1 2 1 5 4 2
7 3 2 0 3 2 2 2 5 1 6 6 4 8 1 4
13 8 2 10 1 8 3 11 13 14 6 0 5 15 15 2
0 3 1 2 3 4 1 3 0 4 0 3 6 1 6 7
3 6 1 1 9 4 1 2 1 6 1 4 2 1 0 6
1 0 4 8 1 1 3 6 14 5 30 4 8 4 4 2
5 3 16 2 0 5 8 10 0 8 4 11 3 4 9 9
1 3 1 2 6 1 3 4 3 3 0 3 4 7 4 5
4 3 3 5 2 2 2 4 8 4 2 7 4 9 3 6
1 0 1 1 1 1 3 3 0 1 3 0 3 1 7 8
24 1 4 16 1 8 9 7 0 3 2 4 1 9 0 8
2 18 8 0 6 6 5 14 7 7 2 4 2 19 7 2
7 11 5 1 7 2 2 11 7 2 1 3 8 4 9 5
0 6 5 4 3 2 6 3 1 3 7 10 10 8 4 5
2 11 2 8 3 18 6 9 13 2 7 10 12 4 2 5
4 8 21 4 5 5 7 2 3 4 16 2 9 8 6 4
8 4 1 1 2 4 2 1 2 1 3 4 1 1 1 1
13 4 7 2 1 0 4 16 0 6 2 9 2 11 5 6
4 4 12 2 8 1 7 2 3 3 13 1 9 19 2 11
3 0 2 3 2 3 7 6 0 1 7 2 3 3 2 8
14 3 1 11 5 7 21 13 3 11 11 11 4 2 1 12
7 5 5 15 4 1 5 17 3 4 4 5 4 4 5 1
6 7 7 4 3 12 9 1 3 2 0 8 2 4 8 5
6 6 4 4 3 1 6 5 1 12 1 6 3 2 8 0
2 1 5 0 5 1 4 2 3 2 3 2 2 4 3 7
8 3 3 6 8 6 3 6 5 4 5 7 0 1 7 3
8 4 7 3 9 7 24 9 5 5 22 7 10 0 4 1
3 5 1 0 0 1 9 4 1 1 3 0 1 4 5 3
5 5 3 7 1 4 6 5 1 0 1 0 1 6 6 4
11 10 10 3 6 7 6 9 6 7 9 3 10 2 9 2
17 5 1 1 2 3 6 8 2 8 3 5 5 12 4 15
0 5 1 8 5 6 1 7 1 3 1 4 3 1 0 2
3 1 5 10 4 8 8 7 8 6 5 6 10 3 2 2
18 2 6 3 1 4 1 6 8 9 2 5 12 9 3 3
1 7 2 1 1 2 5 2 0 5 5 1 6 5 7 6
3 1 2 3 4 6 2 0 10 1 2 2 0 3 2 2
2 1 12 3 13 1 9 12 13 6 11 4 4 7 8 4
5 5 3 6 8 5 6 1 5 16 2 3 5 11 5 11
3 1 1 5 1 3 5 3 4 3 10 6 4 2 2 7
3 5 5 3 2 1 4 1 1 8 1 3 3 1 0 0
13 5 13 5 7 9 8 12 12 5 8 7 4 12 12 2
2 3 2 10 1 0 1 11 7 5 10 3 10 11 5 5
1 2 7 1 3 7 5 6 8 2 9 5 1 4 6 6
4 5 5 9 8 13 2 1 4 2 8 0 2 5 8 0
6 2 7 5 7 6 1 2 10 4 5 0 9 1 9 7
1 12 0 4 2 7 1 8 5 13 3 5 3 2 3 5
14 11 5 24 11 2 5 10 8 0 6 2 2 3 17 1
8 8 3 8 3 1 0 10 7 5 8 6 3 9 2 13
3 11 1 0 1 3 1 2 2 2 7 0 1 3 4 1
15 8 10 15 10 5 13 13 9 2 9 1 0 5 7 4
2 1 2 3 1 24 1 1 11 5 21 13 13 3 0 1
1 3 0 7 3 3 3 4 2 4 9 7 7 3 1 3
1 1 2 9 2 2 3 3 5 2 3 4 0 1 1 2
0 0 4 2 14 4 1 3 0 1 14 10 11 7 12 6
3 5 3 2 3 0 6 4 5 4 1 2 2 5 0 7
1 4 2 8 6 4 8 7 5 7 8 12 14 8 4 12
2 2 0 1 0 9 3 1 3 1 1 1 3 0 0 0
2 3 2 4 3 1 0 4 1 8 14 6 2 3 1 3
1 1 3 8 5 2 2 1 2 2 3 0 2 1 2 0
6 6 2 2 7 6 8 2 9 6 1 9 7 13 1 6
10 2 13 3 7 24 8 11 13 7 6 3 9 6 1 9
4 7 8 15 13 4 15 9 5 8 6 5 1 6 16 11
5 3 13 1 2 8 7 14 1 3 11 4 2 1 1 8
2 4 1 1 3 3 1 8 5 3 1 4 1 0 4 3
20 7 7 13 1 18 0 6 1 8 2 6 6 2 12 3
6 2 3 2 9 5 1 5 1 2 2 2 1 0 1 7
5 13 7 1 7 6 8 5 6 3 3 4 7 8 2 11
4 1 1 2 1 4 3 2 0 1 7 0 3 1 2 1
3 8 5 1 4 3 3 4 7 2 1 0 3 1 1 6
15 5 1 5 0 6 2 4 4 8 5 4 2 4 8 15
3 7 2 2 2 11 3 3 17 1 1 3 4 4 8 4
12 7 1 2 5 2 3 2 4 4 2 2 0 1 5 8
7 6 1 6 2 4 3 5 8 4 10 12 2 1 3 0
2 1 0 3 0 2 2 4 4 0 0 0 3 5 6 12
2 3 7 1 10 7 1 2 10 10 7 4 9 6 10 8
2 4 15 4 10 5 7 6 1 13 4 7 1 4 6 13
3 4 6 7 1 7 8 3 1 2 3 7 1 10 3 1
2 2 6 3 3 3 8 8 2 1 2 10 6 8 4 10
10 2 10 3 7 7 4 13 3 2 9 20 8 4 14 7
7 2 8 12 5 13 5 14 4 6 12 4 1 6 3 11
8 1 0 11 2 1 15 2 3 3 1 1 7 4 0 4
4 5 5 15 14 3 9 15 8 2 10 3 3 14 10 9
7 3 5 1 3 1 2 3 1 5 1 1 2 3 2 2
6 11 1 3 12 11 1 2 5 1 2 1 6 3 6 5
5 8 5 4 2 8 6 7 6 2 7 10 4 3 5 4
8 7 4 3 9 11 5 2 1 0 0 6 0 7 4 5
4 14 10 7 9 3 6 2 12 10 17 3 9 2 8 0
2 5 3 1 2 3 1 4 5 1 3 3 3 3 0 1
1 1 1 2 1 3 5 3 5 2 1 1 4 0 1 4
4 3 2 3 6 1 3 14 0 6 2 1 4 10 5 7
3 3 2 3 6 6 7 8 7 6 4 11 2 1 2 4
16 13 7 1 2 3 3 7 10 11 6 8 1 0 3 5
10 14 7 2 3 12 6 5 2 0 6 1 7 4 8 2
4 13 3 3 10 11 0 4 4 0 9 7 0 2 3 3
11 7 13 14 3 1 2 1 5 6 2 2 2 8 2 9
4 1 1 5 5 8 2 4 3 1 2 3 3 1 4 0
3 6 12 7 15 1 2 9 15 3 4 7 0 10 6 3
3 1 6 9 6 4 5 10 4 0 2 7 3 5 2 2
9 7 2 7 7 17 2 9 13 12 9 5 4 1 5 10
0 1 5 10 1 8 8 4 3 5 4 4 3 1 3 4
5 2 3 1 6 4 5 0 2 1 7 4 19 3 3 3
5 5 10 8 7 7 6 4 5 0 6 1 13 3 10 3
1 9 6 1 6 7 1 6 10 3 2 1 2 15 11 8
2 7 1 7 5 3 4 15 4 5 8 13 2 10 3 2
11 2 1 1 7 0 3 3 5 8 4 9 9 4 5 2
15 1 7 4 5 6 6 3 2 6 4 6 2 6 4 0
12 8 1 4 11 7 4 1 13 17 5 8 6 12 8 1
6 17 11 6 1 3 1 2 5 10 7 11 0 4 4 7
6 0 4 20 2 2 3 5 6 18 2 2 3 6 2 1
8 0 2 1 16 3 11 8 2 7 5 0 6 0 2 17
6 7 4 3 17 12 12 9 8 5 5 5 23 0 4 4
20 9 3 8 6 1 8 10 16 15 8 0 4 14 8 5
3 1 3 3 0 6 1 1 7 2 4 0 1 1 3 0
14 14 11 0 8 13 7 21 2 0 14 6 1 0 2 4
19 7 1 3 3 1 0 14 15 0 4 19 16 6 5 6
0 1 1 3 2 5 1 5 3 3 1 1 1 5 0 1
8 4 8 4 7 1 18 13 10 1 1 3 7 7 4 6
3 2 10 1 9 15 9 0 12 2 4 10 7 19 2 0
5 3 4 5 0 3 1 8 2 5 5 1 4 7 1 1
8 2 0 1 2 5 7 2 0 5 6 4 3 3 1 9
2 8 1 0 3 1 4 2 1 8 2 3 4 4 0 4
4 2 2 1 3 2 6 1 5 3 3 4 9 1 4 2
9 5 0 0 8 6 0 4 0 7 10 6 2 2 1 27
7 0 5 0 4 6 8 8 7 3 2 1 1 7 1 5
6 7 2 14 5 12 1 10 7 3 2 1 0 15 11 2
3 4 6 3 2 1 0 3 3 4 4 1 1 2 2 0
3 1 3 0 2 3 2 0 2 6 1 1 0 1 0 5
7 4 17 19 0 16 2 6 4 14 3 0 9 6 10 13
3 3 3 11 3 0 0 0 5 1 2 4 1 1 3 4
6 3 6 1 0 5 3 7 1 4 5 7 7 3 4 8
3 2 8 5 5 9 5 6 4 9 14 4 3 8 4 11
3 12 11 10 10 1 5 2 12 10 9 8 12 4 22 6
5 7 10 8 0 3 6 1 0 0 6 2 0 1 7 8
7 13 2 16 10 3 4 1 3 9 15 5 7 11 4 2
8 1 4 6 1 0 17 2 3 2 2 1 4 4 5 9
1 10 7 13 15 4 8 7 5 1 6 19 15 2 9 3
12 12 10 16 4 12 6 6 6 6 13 9 2 7 1 7
8 3 2 16 7 10 2 9 4 3 9 4 7 14 18 1
13 9 1 3 17 1 18 0 13 19 4 3 9 3 5 7
9 3 2 1 4 9 9 1 7 4 1 4 5 2 1 1
5 1 4 1 17 3 11 3 2 17 11 1 1 8 5 8
4 1 6 22 8 16 4 3 3 6 15 3 7 20 1 1
4 2 3 4 5 20 9 4 1 0 6 13 7 2 1 2
0 2 4 1 2 4 2 0 6 3 3 4 2 2 0 0
0 4 3 4 6 9 4 6 2 1 6 2 3 3 1 9
0 11 2 12 5 4 14 1 8 12 11 4 1 14 16 0
3 2 6 1 8 7 3 23 9 7 2 12 16 1 4 0
0 4 2 6 4 1 3 2 1 5 7 8 2 7 1 0
2 12 6 9 3 14 6 18 10 13 13 13 4 2 5 2
3 11 3 8 24 5 8 7 1 1 6 8 1 5 4 3
14 4 11 5 3 7 2 7 10 12 4 2 8 3 13 7
7 3 4 4 3 3 15 7 3 9 6 1 6 8 4 10
0 2 4 1 2 5 4 3 2 2 5 6 4 2 2 0
1 20 3 7 0 10 0 10 11 4 5 0 3 7 0 4
6 11 2 5 7 11 9 0 3 8 3 2 5 2 3 6
2 2 4 2 1 8 11 14 0 2 4 10 7 8 5 2
3 11 13 8 7 18 6 8 2 7 4 3 0 11 12 4
9 8 4 14 15 10 11 4 20 6 4 1 6 4 3 1
2 1 13 0 9 1 7 4 3 8 1 6 5 7 4 2
4 7 1 13 13 20 4 11 4 0 1 2 9 8 4 3
10 0 3 3 13 5 5 19 18 11 8 5 6 5 2 15
2 3 2 3 3 1 1 1 1 3 3 0 1 2 7 4
6 4 6 4 11 13 2 4 5 3 2 1 8 6 7 7
3 2 1 2 3 1 5 1 2 3 2 5 2 2 2 1
6 4 1 9 15 3 7 1 0 5 1 7 8 2 3 2
3 2 6 5 4 12 4 16 3 5 17 7 9 1 3 0
1 16 9 6 6 0 25 2 3 5 17 3 10 4 10 1
5 0 10 0 3 2 15 8 4 5 8 4 5 8 2 13
6 5 2 8 11 11 6 0 5 1 5 3 4 2 5 6
1 4 4 1 6 2 8 10 2 6 3 1 0 12 0 4
3 8 1 2 4 8 2 6 7 15 2 2 6 3 3 8
3 5 4 1 1 6 2 4 9 8 11 5 9 1 6 2
0 3 9 3 3 8 6 4 18 5 12 0 14 0 3 7
1 11 1 2 2 11 3 2 5 1 1 21 1 8 4 8
5 7 12 4 5 2 0 5 3 7 7 4 4 1 7 8
2 1 4 1 1 5 3 5 0 1 0 2 4 2 3 7
5 3 9 6 3 5 11 4 3 2 3 7 6 7 6 4
2 7 1 7 10 8 4 2 8 3 8 12 3 5 1 6
5 1 2 4 1 14 15 3 16 2 1 16 5 5 2 2
3 9 8 1 21 3 13 3 2 4 17 8 3 1 3 10
0 5 5 3 2 4 8 3 5 12 3 1 2 11 14 5
2 3 1 1 1 2 5 4 3 1 0 2 4 4 4 1
4 6 22 17 4 6 9 5 11 2 7 10 3 7 12 5
5 2 6 4 3 0 11 6 3 10 13 1 4 1 1 1
17 3 3 6 11 17 9 1 8 2 0 2 5 6 1 1
2 4 2 3 7 1 2 4 14 4 17 8 6 0 0 5
3 1 1 23 18 0 2 12 13 7 4 1 4 2 3 4
1 5 5 5 7 4 0 7 6 8 8 12 12 6 3 3
15 8 22 8 3 14 0 13 1 5 5 2 8 4 6 5
8 9 7 2 3 3 7 11 6 0 4 4 8 10 8 1
6 0 6 10 2 1 14 10 1 4 16 12 3 9 10 6
1 3 8 1 4 0 2 4 3 1 3 1 12 1 4 1
3 1 6 1 0 2 3 0 3 5 3 2 1 1 2 2
1 5 0 7 14 2 2 5 2 2 4 1 2 3 3 4
5 11 7 11 1 9 6 4 22 1 2 4 9 4 0 5
1 0 11 2 7 7 7 3 6 17 16 3 12 7 9 5
4 3 1 1 2 5 3 1 5 1 3 9 5 6 1 7
0 3 3 7 5 1 7 3 3 1 4 2 2 4 10 1
12 7 15 7 7 2 2 5 4 4 11 5 3 1 13 13
4 3 4 1 3 1 3 1 2 5 5 0 4 1 3 1
2 2 5 4 4 3 3 1 4 2 4 5 0 5 3 3
1 4 0 6 2 10 4 4 2 5 5 5 1 3 6 11
2 0 8 1 2 2 15 4 8 1 3 0 3 2 0 7
2 5 7 6 3 6 1 22 5 1 0 2 7 1 6 13
5 3 4 0 1 8 2 1 1 7 3 3 1 3 2 2
0 11 4 3 10 3 2 4 3 4 5 9 6 0 1 8
4 2 1 5 3 2 1 3 0 6 5 0 7 1 3 3
2 0 6 3 16 4 5 2 15 6 5 2 16 6 3 15
1 3 12 4 5 10 15 1 13 3 13 13 11 0 12 4
6 0 5 1 0 1 8 10 7 2 1 7 1 3 5 4
0 3 1 1 2 2 2 2 2 4 4 1 4 2 5 7
3 3 2 1 3 10 13 3 2 2 1 10 2 6 1 3
3 5 5 15 3 5 8 7 5 4 7 4 12 8 6 3
3 6 8 5 2 11 2 3 2 6 2 5 1 14 6 5
1 2 2 2 8 3 0 0 9 9 3 2 5 3 0 4
3 3 10 11 4 6 6 10 7 3 1 4 2 5 3 17
4 2 5 3 2 9 1 6 3 2 9 6 1 1 0 4
5 2 3 1 2 2 5 2 0 5 5 4 1 2 3 1
6 8 4 5 4 4 1 12 0 4 12 1 6 4 1 4
5 3 1 1 6 2 2 1 0 3 7 4 2 4 2 4
4 2 8 2 6 5 1 5 7 14 5 0 3 1 0 5
16 2 9 5 9 7 19 8 4 1 4 1 5 21 3 6
5 5 6 5 6 4 7 1 5 10 4 11 1 8 10 7
4 3 9 0 6 5 2 5 4 5 8 7 6 12 7 0
0 2 4 5 9 3 3 1 4 6 4 2 3 9 2 5
9 4 5 10 17 2 0 3 11 5 10 5 10 5 3 10
8 16 2 6 10 21 2 3 2 7 5 18 8 1 1 6
9 6 8 10 2 1 8 4 2 0 8 7 5 7 6 3
9 8 7 9 3 7 0 8 4 10 2 10 4 8 6 14
2 2 2 6 15 4 1 13 6 11 15 10 1 17 7 5
9 10 2 4 1 3 4 1 10 3 1 4 4 13 10 1
10 1 5 7 4 0 4 4 7 8 2 5 1 1 4 7
2 4 1 8 4 10 4 2 10 7 5 1 4 2 3 4
6 2 7 7 1 1 3 4 3 7 5 2 2 11 1 6
4 3 1 4 6 4 0 4 2 0 1 2 1 3 1 1
2 9 4 17 11 16 5 5 4 0 8 8 8 3 16 2
1 5 2 3 3 2 1 5 4 1 3 2 1 4 1 4
4 3 2 11 2 7 6 9 7 4 5 9 12 5 3 7
3 7 20 5 8 2 11 3 4 2 4 21 4 0 5 3
8 2 9 4 2 2 2 2 3 11 4 6 10 3 2 3
4 11 14 11 1 10 10 3 4 1 7 4 2 2 8 5
4 9 3 1 2 6 3 10 3 1 1 6 1 6 0 6
7 0 2 0 2 5 7 1 4 5 3 7 2 2 7 1
1 6 0 11 6 14 8 0 6 10 1 12 10 5 1 2
2 6 5 3 1 1 3 6 1 5 0 4 5 1 4 3
8 0 0 2 1 2 2 3 1 7 2 0 1 4 4 2
5 16 1 16 12 0 8 1 17 3 7 0 10 4 10 8
2 4 4 3 4 3 1 6 1 3 3 1 4 4 0 1
7 7 13 20 3 3 3 9 2 1 3 10 20 13 9 5
2 1 1 4 7 13 3 6 3 7 11 2 4 7 5 14
2 12 4 1 9 11 3 2 2 5 3 6 5 3 0 16
3 1 0 11 1 3 8 6 1 1 6 1 9 8 2 1
2 1 11 2 3 11 7 1 7 3 2 4 0 5 8 2
2 0 2 5 4 6 1 1 7 4 4 3 0 1 0 3
3 0 7 7 5 0 5 0 2 0 1 2 8 3 0 5
12 6 2 3 8 5 6 9 7 3 0 0 2 2 15 6
5 10 5 9 3 1 2 7 0 8 5 4 4 6 4 1
1 5 5 1 1 3 5 8 6 0 5 4 5 2 2 4
13 2 4 5 2 3 1 5 1 1 8 0 9 1 3 6
4 6 0 1 2 2 1 2 0 1 4 4 2 3 4 2
5 10 6 4 1 2 7 12 12 4 5 9 8 0 2 4
4 2 3 3 1 4 4 1 1 4 1 1 2 2 3 6
13 7 11 6 2 0 2 6 8 6 16 2 11 10 6 7
2 9 2 3 0 0 1 8 7 3 7 6 6 1 6 6
5 4 13 8 1 11 1 1 2 4 14 1 2 6 0 7
3 1 0 2 1 2 2 3 1 5 3 2 5 3 3 1
3 13 3 1 2 3 17 0 1 13 3 5 2 13 8 3
10 2 1 1 4 8 2 9 2 7 9 4 10 7 11 6
8 4 6 5 8 1 6 1 0 6 0 4 5 0 1 3
2 5 4 10 4 0 4 2 7 0 2 4 12 3 3 2
10 7 20 8 11 2 5 10 7 9 5 1 6 7 11 0
10 1 2 5 9 8 3 4 8 5 3 11 2 7 6 1
1 3 4 2 1 6 3 5 4 2 1 1 2 6 1 1
0 1 0 10 7 3 1 1 0 5 10 10 0 5 1 2
5 7 6 1 1 3 1 7 4 4 3 5 2 1 3 9
7 3 7 4 0 15 5 3 6 2 6 13 6 10 1 5
3 17 9 1 10 1 15 10 12 9 6 0 6 2 10 3
0 14 2 8 1 3 1 5 4 2 11 3 5 3 7 1
3 7 4 4 2 2 1 6 1 1 1 5 5 1 0 1
6 4 2 11 19 17 10 6 18 6 8 8 5 4 7 1
7 10 9 4 5 1 0 4 0 1 10 3 3 2 0 7
12 8 3 6 6 2 5 5 5 6 9 9 9 12 21 4
5 2 3 0 2 10 6 6 1 8 3 1 0 1 7 1
2 7 4 3 5 6 3 10 16 12 16 7 2 5 2 6
6 3 3 3 3 2 3 6 4 4 0 9 1 12 1 5
5 5 6 0 6 3 3 2 2 6 1 6 5 7 2 1
5 10 5 5 13 2 11 2 4 4 5 2 10 13 3 8
17 13 9 2 6 19 11 10 5 7 5 3 7 1 3 0
0 1 2 5 1 2 6 2 1 5 6 3 1 0 2 2
22 5 10 8 6 5 7 5 4 2 13 16 10 10 3 8
7 3 3 7 4 3 6 7 0 7 11 5 4 2 9 2
3 12 6 4 6 8 2 3 7 1 2 2 7 4 6 5
14 14 1 2 0 10 1 3 2 0 3 12 1 6 6 8
11 1 8 2 2 13 15 3 2 9 13 2 3 3 2 2
16 3 7 4 2 5 1 2 5 15 10 2 9 8 4 4
12 4 5 0 7 2 6 16 7 5 21 1 2 3 3 5
3 7 4 1 4 4 3 3 2 4 9 4 7 8 7 3
1 2 7 13 4 0 9 12 9 1 19 11 6 10 2 16
8 3 4 5 1 13 8 15 10 1 6 11 10 7 2 6
2 6 3 1 1 2 3 0 0 2 1 1 5 0 0 4
7 9 14 12 6 12 2 6 1 15 2 4 3 12 5 4
12 5 5 4 6 17 7 8 6 1 0 4 0 4 10 6
9 17 0 2 8 7 14 5 3 1 0 1 2 9 8 2
2 2 1 1 6 5 9 1 2 1 4 9 0 2 5 4
4 1 1 2 0 2 1 3 0 5 3 2 4 3 7 6
6 18 4 9 5 2 15 1 6 11 10 7 2 8 6 4
5 9 11 5 5 13 4 1 2 4 5 4 4 4 4 5
12 8 11 1 8 8 5 5 5 3 0 21 3 7 5 6
0 3 7 2 7 2 10 5 6 4 6 3 4 10 2 2
2 4 1 2 5 16 6 4 1 1 6 11 4 4 14 9
2 3 0 3 0 4 7 1 3 1 2 3 2 0 3 1
3 1 3 8 1 0 1 1 2 4 5 4 1 5 4 1
6 2 4 8 15 3 9 16 2 10 5 3 6 12 1 10
3 2 12 2 2 0 4 4 3 1 2 1 0 0 3 0
6 0 3 5 5 4 7 5 2 1 0 1 7 2 2 1
4 14 8 4 8 1 4 4 2 7 1 1 10 8 2 9
3 3 5 2 6 1 3 2 2 0 12 8 1 6 6 8
4 5 0 3 5 4 8 2 1 3 1 5 4 5 16 2
3 5 4 2 4 2 2 3 8 1 4 3 4 6 2 2
2 2 2 2 3 4 6 5 3 1 0 7 5 0 3 2
17 5 8 9 2 12 13 3 8 3 8 3 10 6 12 15
10 0 9 1 11 0 10 11 14 2 2 1 6 12 2 8
6 4 2 7 1 8 13 6 10 3 6 1 4 3 20 13
14 8 1 6 21 10 6 10 0 4 2 10 17 13 5 4
16 0 2 5 10 6 1 1 0 1 2 4 2 9 12 4
8 4 6 8 8 3 3 3 5 7 4 5 4 5 4 10
3 0 4 5 1 1 2 0 3 0 2 2 3 2 1 5
2 19
2 80
2 94
2 95
2 102
3 68
5 16
5 22
5 62
5 83
5 87
8 47
10 44
11 104
12 92
14 69
16 22
17 76
17 93
17 117
18 90
19 85
19 87
19 115
20 33
21 40
21 69
21 76
21 108
21 119
22 116
23 104
24 47
24 103
25 93
26 66
29 46
29 64
30 43
30 96
31 124
32 132
34 130
36 82
37 63
37 94
37 111
37 114
38 75
38 107
38 109
39 78
39 132
40 113
41 110
41 127
42 95
43 111
45 76
46 113
47 67
47 75
48 78
48 118
49 86
49 147
50 52
50 57
51 59
52 99
54 84
54 134
56 69
58 107
58 156
60 74
60 117
60 122
60 145
61 64
62 64
62 158
63 84
65 158
66 158
66 162
67 75
67 107
70 144
70 148
70 155
71 103
71 171
72 125
72 163
73 85
74 110
75 124
75 156
76 99
76 109
76 132
76 156
77 79
78 166
79 122
80 180
81 133
81 175
83 133
84 135
84 149
86 108
87 132
90 112
91 119
91 176
92 161
94 133
94 181
96 101
97 188
98 106
99 145
101 103
101 117
102 114
102 133
103 113
104 105
105 111
106 126
106 142
109 152
110 149
112 174
113 115
113 131
113 174
113 189
114 201
115 118
116 148
117 167
119 144
121 159
121 207
122 141
123 132
123 195
124 161
125 142
126 186
126 203
127 146
127 173
127 201
128 148
128 151
130 190
131 163
131 203
132 139
133 151
133 178
133 206
134 161
134 205
135 158
135 200
135 207
136 169
137 189
137 221
139 148
140 171
141 148
143 219
146 164
146 229
149 156
151 185
152 172
152 199
152 236
153 203
153 223
154 182
155 164
156 228
158 199
158 215
159 255
160 164
161 163
161 187
161 197
161 233
162 173
162 174
162 202
162 261
163 224
166 173
166 180
166 196
166 208
169 217
173 212
174 176
174 204
174 207
175 178
175 184
175 221
175 250
176 256
176 276
178 221
185 190
185 204
188 204
188 274
189 202
191 256
191 286
192 232
192 239
193 194
193 276
194 246
195 237
195 252
197 209
199 211
200 204
200 273
200 278
201 263
202 247
202 287
203 209
206 264
207 268
208 224
208 284
208 308
209 277
210 232
210 259
210 310
211 228
211 253
211 307
212 244
212 292
212 298
212 305
214 300
215 228
216 230
217 222
217 291
217 316
217 317
218 221
218 282
219 295
219 303
220 246
220 307
222 266
222 285
223 277
224 276
225 268
227 269
227 326
228 236
228 270
231 324
232 296
232 308
233 251
234 297
235 241
236 247
237 323
238 271
238 302
239 287
241 313
242 265
242 283
242 301
242 314
244 342
247 311
248 284
248 304
251 268
251 291
251 338
251 345
252 322
254 341
255 275
255 336
256 313
257 266
257 289
257 296
257 320
258 312
259 334
259 337
261 310
261 340
263 272
263 288
264 308
268 292
268 327
268 351
270 343
271 288
273 285
274 276
274 360
275 305
277 291
277 304
277 312
278 293
279 293
279 359
280 335
280 347
280 355
280 366
281 318
281 359
281 372
283 361
285 375
287 302
288 326
288 338
288 349
288 364
289 290
289 296
289 374
290 295
290 297
290 333
292 302
292 321
292 357
294 335
295 370
296 391
297 305
297 308
297 382
297 392
298 300
298 371
299 345
299 393
302 314
302 321
302 392
302 395
304 392
306 394
307 360
309 318
309 346
310 382
313 314
313 320
314 320
314 328
314 355
314 378
315 386
316 329
317 338
317 351
317 398
319 337
319 349
319 411
320 390
322 331
322 394
323 352
325 396
325 403
328 362
328 375
329 340
329 402
331 339
331 344
334 356
334 379
335 362
335 413
340 395
341 403
342 345
342 352
344 356
344 378
345 378
349 408
350 356
350 365
350 406
353 370
354 440
355 369
355 398
357 363
357 375
357 442
358 380
358 421
358 440
359 384
359 436
360 377
362 363
364 439
365 446
365 451
366 402
368 417
368 426
369 375
371 408
372 391
372 395
373 442
375 446
375 460
376 450
376 465
377 410
378 472
379 468
381 448
382 431
382 433
382 467
384 471
385 479
387 477
389 452
390 462
390 482
391 408
393 418
395 400
396 416
396 486
397 438
398 488
399 439
400 470
400 478
402 468
403 443
405 482
405 501
406 423
406 455
407 424
409 465
410 412
410 483
410 505
412 431
412 437
412 502
413 460
414 429
414 474
414 508
415 419
415 434
415 443
415 485
415 497
416 456
417 446
419 431
419 435
420 482
422 462
423 444
423 490
427 503
429 435
429 438
430 448
430 506
431 524
432 458
433 513
433 514
434 453
434 478
434 507
436 477
436 517
437 438
437 524
438 500
439 513
440 516
441 447
441 533
443 478
443 482
444 536
445 514
445 517
447 513
448 480
449 465
449 515
450 550
451 456
451 527
452 499
454 476
454 553
455 527
457 548
458 476
458 495
458 505
460 497
460 546
461 543
461 550
464 488
464 500
465 475
465 502
466 549
466 563
470 542
471 495
471 546
474 513
475 515
475 533
476 527
476 533
478 485
478 516
481 564
481 573
483 507
483 539
484 506
484 582
485 557
486 566
487 504
488 528
490 569
491 583
491 585
494 574
496 515
496 527
499 516
500 588
500 596
501 587
502 530
502 554
502 555
502 564
503 505
503 579
504 577
505 518
505 588
506 592
508 553
508 582
508 590
508 597
509 572
509 574
509 584
510 602
511 516
511 557
511 579
512 551
513 538
513 590
514 582
515 529
515 567
515 574
516 601
518 551
518 554
519 592
520 572
521 617
522 579
524 613
524 623
525 570
525 571
526 533
527 544
527 584
527 591
527 601
528 537
530 532
530 604
530 620
532 555
532 578
532 602
533 593
533 612
534 578
534 600
535 567
536 595
538 567
539 541
539 566
539 570
540 544
540 581
541 628
541 640
544 588
544 614
544 631
546 578
546 599
549 569
549 607
549 646
551 611
551 623
551 628
552 606
552 639
555 640
555 641
556 642
561 658
562 637
563 655
564 626
565 622
566 639
567 596
568 590
571 656
571 671
572 575
572 596
572 632
572 656
572 664
573 583
574 583
575 597
575 636
576 603
577 579
578 600
578 619
579 583
579 607
580 595
581 586
585 601
585 616
585 629
585 679
586 594
586 595
588 626
588 660
590 650
590 652
590 661
591 690
593 642
595 665
596 682
597 639
598 628
599 607
599 669
599 689
600 611
600 635
600 680
601 650
601 698
602 633
602 702
603 617
606 628
606 633
606 647
606 665
606 683
606 689
606 703
606 704
607 608
607 622
607 623
608 632
608 664
610 633
610 663
610 667
611 639
611 666
611 706
613 634
614 656
615 623
615 663
617 620
617 712
618 629
620 622
621 705
621 709
621 718
622 627
622 704
623 627
623 650
623 701
624 675
625 717
627 652
628 684
629 682
630 656
633 635
633 665
637 684
642 706
645 649
645 712
649 691
649 729
651 659
651 689
651 726
654 746
655 742
655 754
656 716
657 675
657 676
657 732
658 674
658 700
658 747
659 683
659 741
659 746
660 678
664 667
664 760
665 733
667 704
668 739
670 716
670 770
671 729
674 701
676 702
676 727
678 755
679 714
680 758
680 777
681 691
684 721
684 773
685 736
685 773
688 784
688 785
691 786
694 723
694 736
694 763
695 771
697 766
698 735
698 744
698 764
699 750
699 761
701 734
702 733
702 757
703 784
706 715
706 725
707 710
707 795
708 756
708 807
709 729
710 716
710 810
712 751
712 755
713 813
714 716
714 773
715 729
715 774
720 790
724 750
724 757
725 793
729 813
730 773
730 778
731 756
731 767
733 797
734 748
734 788
734 819
736 756
737 751
737 767
738 764
740 789
740 796
741 742
741 793
744 768
745 804
746 768
746 841
747 810
749 786
750 773
752 762
752 812
753 838
755 780
755 797
755 801
755 848
756 767
757 787
758 770
758 849
759 837
759 846
760 761
760 794
761 794
761 797
761 859
762 782
762 808
763 800
765 786
765 829
766 813
766 821
766 826
768 774
772 831
773 860
774 781
774 799
774 846
776 836
777 785
777 788
778 788
778 837
778 848
779 782
779 816
779 871
782 878
783 808
783 830
783 850
784 807
785 824
785 826
785 852
785 874
786 843
787 838
788 844
789 832
789 838
789 850
791 882
793 815
794 807
795 860
795 865
796 872
796 888
796 892
797 810
798 815
798 868
798 870
799 889
801 896
802 817
802 844
802 869
803 863
804 858
804 895
805 836
805 856
805 861
807 861
808 907
810 818
810 899
812 902
813 907
814 866
814 886
814 893
814 913
815 860
815 861
815 896
816 916
817 851
817 898
818 876
819 824
821 829
822 916
824 880
831 876
831 919
832 839
832 925
833 900
834 836
834 875
835 836
838 897
838 928
840 852
840 939
841 939
842 871
842 891
842 901
843 850
843 938
846 926
849 910
849 931
852 916
854 888
854 931
854 939
855 890
855 924
856 866
856 875
856 897
856 913
857 926
857 955
858 876
859 921
860 948
861 930
862 911
862 959
866 915
866 924
866 943
870 880
870 936
871 920
874 949
875 890
875 966
876 903
876 956
877 929
877 947
878 905
878 950
880 917
884 969
885 946
886 903
886 933
887 892
888 966
889 974
889 982
892 909
892 987
893 938
893 966
894 958
894 969
896 915
897 916
897 923
898 959
899 928
899 974
902 955
902 969
902 974
903 966
905 942
907 941
908 959
909 928
910 924
912 993
912 999
914 921
916 977
916 982
916 985
917 929
917 961
917 985
918 929
918 972
919 955
920 951
921 960
923 954
923 956
923 976
924 967
927 998
930 963
931 975
934 963
935 952
936 987
939 990
942 973
944 945
945 993
946 980
946 996
947 984
947 1000
954 982
961 996
964 985
974 979
981 994
986 993
10 2 12 1 10 5 4 7 18 25 1 23 18 9 26 14
10 3 12 15 1 3 4 18 8 6 7 2 9 2 5 28
1 7 19 4 4 5 34 21 12 1 2 9 16 0 3 1
23 10 3 18 4 7 19 8 4 10 9 5 22 18 17 8
4 1 1 0 8 1 8 2 7 1 0 5 1 4 16 19
15 5 16 28 6 8 21 18 27 13 17 2 6 0 1 4
0 13 20 2 8 5 14 4 5 10 2 4 15 5 2 14
3 3 5 6 5 7 0 5 5 7 5 6 7 0 8 8
7 17 8 4 1 9 5 2 14 3 15 16 5 9 2 4
6 2 13 2 6 7 10 2 2 6 2 3 11 16 3 2
1 2 7 5 5 11 4 0 6 1 5 8 1 4 13 11
4 11 5 7 15 2 13 10 12 16 10 6 9 17 9 5
6 11 0 5 2 2 2 4 4 2 10 8 4 5 2 13
1 2 8 3 3 0 4 1 6 5 3 8 1 3 5 12
4 5 2 3 18 20 7 1 9 12 15 5 2 16 27 29
5 3 2 13 5 6 8 5 2 3 2 2 1 2 5 5
15 21 8 17 1 15 5 8 1 2 1 16 9 2 2 23
4 4 7 4 2 4 8 13 0 0 2 6 2 4 1 13
8 11 12 11 6 4 18 8 8 8 16 9 2 4 2 5
6 10 12 7 8 8 3 4 18 4 4 4 14 4 2 13
31 32 38 22 46 18 32 42 17 39 38 15 36 43 17 44 41 43 12 24
21 26 20 3 38 19 16 28 16 29 31 6 23 38 20 32 20 28 8 20
6 8 14 1 19 6 6 6 6 8 7 5 16 12 1 7 10 17 7 4
21 45 48 29 66 22 43 47 29 54 49 26 54 59 33 57 32 63 27 24
32 43 46 20 61 32 45 57 41 60 54 32 51 63 42 67 42 64 30 44
1 1 5 1 8 1 3 5 1 2 9 1 2 8 4 6 3 8 1 1
11 12 11 9 21 16 10 17 5 21 13 4 16 15 11 22 13 20 5 6
25 62 66 24 77 55 60 60 52 66 60 47 68 82 45 76 48 87 52 49
9 17 20 7 35 14 22 29 14 20 35 7 30 39 20 30 20 26 14 18
7 7 20 3 15 15 14 12 8 16 10 6 8 13 7 15 9 11 6 8
44 35 30 39 78 17 44 58 55 56 64 34 77 74 56 63 51 67 38 42
13 18 24 7 38 21 20 25 21 22 30 8 26 33 25 32 18 24 16 15
9 9 28 3 43 3 21 21 25 26 33 11 31 36 26 28 14 28 10 15
12 35 48 13 49 33 21 36 34 36 39 9 46 48 16 57 42 56 32 23
41 58 58 13 70 40 66 71 52 74 65 40 69 81 47 65 50 77 36 59
40 40 70 21 72 33 53 56 49 62 60 44 54 64 42 64 38 66 33 45
28 34 49 21 60 28 40 38 30 46 43 24 43 54 25 52 32 56 26 25
21 16 29 3 34 18 17 29 21 26 28 7 23 32 17 32 20 27 15 17
34 44 51 15 80 32 39 50 43 38 64 13 59 72 29 63 51 70 34 34
4 25 17 19 34 28 17 30 25 17 28 15 37 31 29 41 28 39 21 19
22 30 43 3 63 22 34 41 38 29 53 18 51 61 32 45 33 48 29 30
32 53 59 34 82 39 40 66 53 64 70 30 69 80 41 79 59 76 41 35
4 27 23 7 19 21 19 17 23 21 16 10 31 27 5 24 27 33 14 21
51 47 59 31 78 35 67 71 59 73 75 22 75 83 41 73 70 77 45 58
4 11 27 2 19 12 12 15 9 16 16 3 11 16 2 22 21 23 4 9
35 37 35 1 69 21 38 50 50 52 64 18 53 69 45 54 43 65 17 42
33 34 46 14 62 27 32 40 25 37 49 23 37 57 17 50 28 58 28 27
1 3 7 1 7 2 5 3 3 1 1 1 8 5 1 4 6 6 1 1
26 44 56 28 64 52 34 55 56 57 55 30 60 66 39 71 48 68 44 32
11 7 11 1 20 7 7 12 1 10 13 1 8 12 7 12 7 13 4 1
29 52 50 23 73 42 30 51 32 40 59 14 50 63 31 68 42 62 32 37
52 46 55 35 73 23 53 63 42 67 65 35 59 67 55 60 38 66 28 43
29 50 42 33 68 29 53 58 24 54 59 21 55 61 42 65 50 61 29 44
35 44 63 22 78 24 60 60 44 65 63 39 69 78 44 71 52 85 37 37
10 26 33 6 39 31 27 30 22 31 33 10 35 39 18 48 39 46 27 21
32 33 49 19 58 12 42 43 28 51 53 14 44 56 21 47 46 57 15 31
4 6 6 4 23 3 1 8 7 5 15 2 13 13 12 14 6 13 4 1
24 28 27 17 52 15 34 35 23 42 38 17 39 48 32 38 27 53 22 13
14 29 49 21 57 30 47 44 39 53 48 16 52 51 35 46 35 50 26 43
30 31 43 19 58 28 48 51 37 34 53 19 47 57 34 56 43 46 32 41
30 44 54 18 51 38 37 48 41 45 51 12 44 57 8 53 48 49 30 40
10 31 47 26 56 36 32 48 50 45 50 28 59 55 37 69 49 62 35 32
23 15 17 9 49 10 21 27 28 32 41 9 31 42 26 39 26 32 17 23
25 24 40 17 42 21 22 35 9 40 36 16 21 37 13 43 24 40 13 15
5 5 18 1 16 11 9 9 8 10 12 2 8 11 7 8 9 12 5 4
21 43 58 33 67 48 54 56 41 62 55 35 61 66 45 69 38 71 41 39
31 43 55 31 77 31 60 60 48 55 61 28 72 71 38 63 43 70 36 44
4 6 10 1 13 5 4 7 2 8 5 2 5 11 2 8 9 9 1 1
9 10 17 6 33 11 17 12 23 16 23 4 32 27 20 22 17 29 13 11
38 52 68 36 74 46 42 56 46 64 65 26 48 70 37 71 39 66 43 40
42 27 40 35 65 21 55 53 34 62 59 31 46 62 38 59 50 54 31 41
6 4 2 1 16 1 1 6 1 11 8 1 6 11 4 8 3 8 1 1
32 32 39 16 66 22 36 45 22 28 51 15 44 54 24 53 37 42 22 33
8 17 22 17 35 14 29 26 3 29 28 10 21 27 17 32 21 32 9 14
33 25 43 5 51 16 32 32 25 31 34 13 40 47 18 32 28 42 16 30
29 43 54 29 70 35 44 45 30 57 48 28 52 58 33 59 25 64 30 37
9 14 23 21 14 14 16 28 21 29 23 15 26 25 7 27 22 24 19 9
35 43 54 16 67 30 32 59 50 56 59 31 57 68 44 68 46 66 27 43
38 39 43 23 67 25 44 55 55 58 63 19 67 72 43 58 46 60 32 42
16 18 25 11 31 17 22 19 25 26 17 15 30 31 9 21 13 25 19 17
26 42 43 31 65 34 51 50 33 45 46 32 56 65 38 63 37 56 34 41
14 21 30 4 31 17 25 25 19 23 24 16 25 29 17 20 17 28 13 20
14 6 27 5 34 14 17 12 21 25 23 5 21 25 15 29 23 34 14 10
18 30 47 15 56 25 40 42 29 42 48 16 40 48 28 56 41 58 27 35
12 42 48 46 66 28 41 58 48 58 65 34 64 61 46 71 43 60 44 35
26 16 38 13 56 16 36 37 29 40 41 26 47 53 32 42 29 53 22 22
18 21 29 6 30 15 23 28 16 15 28 6 24 33 13 24 28 29 10 21
5 7 12 4 19 8 15 12 13 13 16 5 17 18 13 11 12 15 6 9
23 36 44 14 35 30 36 29 22 34 19 18 34 40 1 37 35 45 26 29
10 3 12 1 15 4 7 10 2 9 7 1 6 11 4 7 9 13 1 3
12 5 16 7 33 6 17 17 8 23 17 3 18 24 13 22 17 19 1 7
25 39 38 22 52 30 30 41 22 47 40 18 40 49 27 41 25 50 17 20
24 29 22 9 51 14 25 38 21 24 37 13 41 42 25 41 31 34 9 31
20 45 51 25 66 28 49 56 31 50 60 31 58 64 42 56 38 65 33 42
23 39 35 24 54 33 33 40 9 44 44 17 33 50 32 50 22 46 24 22
1 8 14 1 12 10 5 12 4 4 12 1 9 10 4 10 12 13 6 6
6 2 11 2 18 3 8 7 3 5 14 3 7 11 7 6 5 9 1 1
48 55 46 17 71 29 44 56 36 44 58 13 54 72 26 57 46 57 24 44
18 26 17 11 34 15 15 29 8 19 20 11 30 30 14 28 19 24 11 12
14 30 39 10 46 20 25 37 37 37 47 16 41 45 29 47 26 40 20 29
33 45 57 19 77 28 47 58 41 56 67 10 53 74 34 61 46 62 24 44
6 2 9 1 18 4 9 9 1 10 8 1 14 15 3 13 13 19 5 5
22 28 34 18 38 37 26 38 26 49 33 13 27 37 22 45 26 35 23 22
23 47 48 41 72 34 59 58 42 61 64 35 69 73 45 79 58 79 36 47
18 25 23 16 35 21 17 37 15 33 30 19 27 29 28 40 16 29 8 20
7 3 2 1 15 1 4 2 1 6 5 2 3 10 1 4 3 6 1 1
7 6 7 1 14 4 5 7 5 7 10 4 11 15 3 5 8 12 6 6
21 10 24 10 38 10 23 24 9 28 28 7 18 31 20 26 18 30 3 6
25 42 46 10 64 38 33 46 37 43 54 16 53 65 29 55 47 70 35 28
8 21 14 9 35 20 7 21 17 15 25 8 25 25 20 33 21 29 15 4
30 38 56 29 71 33 47 58 48 41 66 17 66 68 32 63 55 67 32 37
13 25 38 4 46 21 38 30 17 30 30 16 32 43 19 38 19 39 21 28
14 12 28 6 28 12 17 17 15 26 18 4 13 22 10 24 16 20 4 9
13 28 20 15 40 13 23 28 11 31 30 7 31 41 14 37 25 38 13 9
37 36 72 24 69 43 50 65 55 61 68 36 65 77 35 73 47 76 42 45
29 45 54 31 71 44 58 59 60 57 57 37 75 77 36 66 48 69 49 44
21 29 37 19 41 26 43 32 37 43 32 24 43 48 24 39 35 41 29 31
13 29 38 24 52 15 32 43 17 41 43 16 37 42 24 51 34 46 10 28
24 50 56 19 64 29 49 50 28 55 48 20 52 65 19 64 49 67 23 44
12 10 18 1 22 9 12 11 5 11 14 1 8 16 4 15 16 17 5 7
36 42 58 26 77 30 38 54 41 52 57 28 56 66 27 65 39 60 36 37
37 41 50 23 75 28 31 57 49 53 70 25 59 73 49 66 35 59 33 41
14 7 20 2 35 8 9 10 11 21 21 1 13 20 14 25 14 23 4 5
22 14 23 13 52 1 35 36 28 43 48 13 38 46 32 40 25 38 17 23
30 28 43 1 51 12 26 36 31 36 41 12 40 48 19 33 35 44 13 31
25 34 21 17 49 14 12 40 27 30 41 13 37 41 30 47 38 42 3 27
18 14 16 8 42 14 22 26 16 27 35 7 21 34 30 32 9 23 10 15
5 11 17 6 15 11 12 10 17 15 14 1 18 17 7 12 19 22 10 9
35 53 69 33 81 34 60 60 44 61 65 33 62 78 36 68 53 82 37 50
29 49 53 13 61 34 45 54 54 48 56 26 67 75 28 63 55 70 40 51
8 15 16 8 20 16 12 11 12 19 12 3 13 14 8 17 12 18 7 7
8 12 23 11 33 6 22 18 13 22 24 7 26 33 15 27 19 33 9 5
12 19 22 2 36 19 22 19 15 18 26 6 25 35 16 25 20 28 16 15
16 48 57 31 79 37 37 63 48 62 72 28 63 75 46 79 59 77 44 26
9 31 35 9 44 37 30 31 30 28 43 7 39 43 18 47 36 48 29 26
4 13 7 5 31 18 9 16 10 11 12 10 24 18 17 27 14 24 14 5
3 5 15 1 16 10 9 8 10 14 14 1 12 14 6 10 12 16 7 7
17 40 45 23 56 36 37 40 28 38 45 20 43 52 23 50 32 47 29 29
30 46 46 35 70 24 46 61 36 49 63 37 59 64 51 65 44 64 22 50
14 35 45 21 49 44 24 36 42 33 39 19 47 46 21 50 34 45 42 21
13 3 12 4 21 5 13 13 8 11 12 5 15 14 14 7 3 11 1 6
23 25 28 19 41 17 31 29 25 36 26 11 37 39 9 35 29 39 19 24
35 59 52 42 81 56 62 64 46 59 63 42 73 79 47 74 41 70 55 53
26 16 21 11 42 14 31 31 20 30 35 10 24 38 28 29 20 22 10 23
24 16 26 7 49 8 27 34 21 35 40 10 34 47 31 30 16 38 10 14
38 48 47 25 85 27 34 69 50 62 74 35 62 79 51 83 54 74 25 36
11 18 17 14 27 18 22 18 7 22 11 14 23 20 6 24 14 30 13 14
11 14 15 1 35 9 11 20 13 13 29 1 21 31 12 22 14 16 8 15
1 3 2 1 11 3 1 1 2 1 5 1 6 8 2 4 4 9 2 1
5 7 1 1 15 5 5 5 7 7 5 3 11 10 6 5 8 8 2 3
17 36 33 16 59 29 33 45 31 44 54 10 48 62 37 51 33 52 26 15
12 13 10 7 29 4 12 15 11 12 18 10 23 25 15 16 9 14 9 9
19 36 41 29 59 47 24 42 44 49 50 28 45 49 37 62 31 53 36 22
31 40 38 26 60 24 46 52 40 52 49 25 63 68 34 55 47 62 27 31
34 43 52 24 71 27 49 54 54 55 61 34 67 71 45 55 32 60 34 50
36 39 29 20 63 16 35 51 48 56 64 18 61 68 42 58 49 59 30 48
25 23 38 8 43 22 30 24 34 40 26 15 37 41 13 32 23 34 21 24
44 46 52 19 71 26 54 59 60 58 60 31 74 78 40 55 39 67 36 51
4 1 5 1 12 1 4 1 2 7 8 1 1 8 3 1 1 1 1 1
9 15 15 20 29 7 11 27 19 17 26 8 34 27 17 26 29 32 8 7
17 14 23 13 34 6 27 24 5 27 28 12 20 33 12 31 23 31 6 14
18 25 35 10 42 25 24 23 32 31 29 13 43 42 19 36 29 46 27 14
30 40 29 29 72 19 39 56 20 46 55 26 52 66 47 59 33 55 21 27
46 50 43 31 70 24 38 64 33 61 66 19 56 71 38 65 57 60 24 40
29 36 60 11 62 42 42 58 38 54 62 25 45 63 32 70 42 68 43 34
8 16 20 13 34 4 18 19 10 26 31 5 23 30 13 32 27 33 13 7
8 37 36 20 46 15 35 45 22 36 46 16 43 45 25 49 38 51 22 29
19 30 32 8 52 24 20 33 31 28 41 8 43 48 22 43 36 45 20 20
3 6 13 2 13 6 7 5 6 11 5 1 13 8 1 9 17 18 1 1
3 20 29 6 21 18 16 23 18 8 19 3 33 23 5 22 26 26 13 19
53 58 75 20 94 38 60 67 44 62 78 33 66 91 41 78 47 86 45 56
7 10 2 1 14 6 1 10 6 10 11 2 8 14 5 9 8 11 1 3
9 10 12 1 16 11 10 12 8 10 10 1 10 13 1 11 16 15 6 6
8 6 13 1 23 5 10 7 2 9 11 2 10 17 4 10 7 16 3 2
16 38 50 15 36 39 33 37 46 40 37 17 47 50 9 44 42 44 35 34
11 12 29 15 30 18 10 21 25 23 29 18 26 30 13 29 12 24 20 10
32 36 50 40 59 36 50 62 49 66 56 46 64 62 47 65 35 65 44 43
19 28 36 25 53 12 41 46 37 50 52 19 52 57 29 49 49 48 33 32
44 48 49 19 65 32 50 63 51 53 60 20 65 70 28 65 66 61 34 59
28 33 39 29 56 39 21 43 36 48 42 30 46 52 39 60 29 55 35 25
11 13 39 11 41 11 23 23 25 26 25 22 34 34 16 34 24 40 14 15
27 19 50 11 35 30 39 38 42 51 33 23 37 44 20 37 21 39 25 31
32 54 53 35 71 45 47 56 23 50 51 31 60 65 33 68 35 71 35 37
33 48 42 26 75 29 45 62 40 54 68 26 62 72 51 72 51 66 24 47
13 13 16 1 28 11 11 20 6 18 23 1 10 29 14 15 4 13 3 7
14 20 23 2 41 15 17 19 15 17 30 9 23 38 13 31 25 37 17 11
3 25 20 15 33 25 26 28 27 24 27 24 39 38 24 38 25 36 24 24
4 8 15 2 19 5 9 8 7 2 12 7 17 15 5 7 9 15 5 3
27 26 50 8 56 15 45 38 30 42 46 17 41 50 25 44 34 47 18 39
8 35 46 23 42 35 40 33 40 49 38 17 43 42 25 44 42 47 31 39
4 10 15 1 15 14 6 10 9 12 10 7 9 14 7 11 8 7 7 6
35 34 50 14 66 21 34 43 27 46 44 17 41 55 25 46 29 49 17 29
1 7 9 1 12 7 5 3 3 4 5 1 4 7 1 7 7 10 1 1
10 13 25 5 35 18 21 17 13 25 27 10 18 24 17 31 13 30 11 15
14 15 27 4 31 9 16 14 11 14 17 9 19 25 3 20 20 27 10 12
32 49 65 44 89 42 58 69 49 76 73 35 68 84 47 90 49 75 48 44
8 24 47 23 33 25 31 34 31 45 32 19 40 40 5 45 34 45 35 21
25 27 47 17 67 20 35 41 25 27 44 24 46 55 21 52 31 55 24 25
32 25 35 13 48 21 30 36 22 41 34 18 27 47 27 33 17 35 15 17
35 50 28 44 85 37 39 69 42 64 72 39 73 77 66 78 50 71 42 40
7 11 7 7 17 10 8 12 7 18 11 4 10 11 10 15 10 11 1 7
6 1 6 1 15 2 8 4 8 8 6 1 9 9 6 1 7 12 1 1
27 38 56 27 64 43 56 65 54 73 59 45 63 66 48 71 35 62 38 45
32 47 49 11 70 36 42 56 42 49 60 35 53 73 39 62 30 61 41 35
5 17 28 7 28 15 23 17 14 21 23 8 21 23 9 25 20 31 6 20
27 20 25 1 49 18 27 38 36 32 44 12 38 51 33 36 27 33 19 27
9 30 31 19 36 22 30 39 25 35 40 7 43 47 21 44 33 49 27 17
3 1 5 1 15 1 7 3 6 7 10 1 6 12 4 4 7 8 1 1
1 13 14 21 30 13 9 20 21 23 22 18 26 25 23 35 15 25 10 7
9 14 21 9 20 16 12 13 18 20 15 1 15 21 9 17 23 24 12 8
11 11 19 4 23 10 11 14 12 15 18 4 15 18 8 13 15 22 4 6
11 23 22 4 28 23 24 18 20 26 17 13 31 31 13 26 17 30 22 21
1 16 24 1 7 21 17 13 13 15 10 6 15 19 1 17 19 20 14 14
10 15 15 6 21 9 10 10 8 7 7 10 15 18 3 11 10 19 9 4
4 9 12 1 15 12 11 5 9 10 6 2 10 18 4 9 11 16 10 7
38 39 58 16 66 37 62 61 58 55 63 25 68 78 38 67 59 68 48 54
11 13 17 6 22 8 11 11 13 13 11 7 20 20 9 10 13 22 7 3
31 61 74 29 76 46 51 64 46 69 65 34 64 73 41 70 41 76 42 50
35 33 37 24 59 18 35 41 26 40 39 23 52 54 23 53 39 55 20 30
12 18 20 10 24 12 18 28 10 20 26 9 22 26 13 24 20 23 4 15
2 6 10 1 12 10 8 4 5 7 9 1 8 10 2 6 8 9 3 4
1 3 5 1 10 5 1 9 1 1 8 1 5 9 3 8 3 5 2 1
6 1 12 6 17 5 13 11 6 12 13 5 10 15 11 12 11 14 1 4
15 16 16 4 31 18 18 17 22 32 19 8 21 26 16 20 11 20 10 14
19 24 37 5 53 30 27 38 36 37 39 25 48 44 30 43 27 50 35 21
6 8 13 4 18 10 11 10 14 12 13 1 15 16 10 9 13 13 7 8
10 18 26 20 47 19 17 38 33 30 36 28 42 44 33 45 29 44 23 5
11 9 11 1 31 8 7 13 8 12 18 8 18 23 13 18 8 21 13 3
23 45 50 25 52 34 34 39 30 38 39 19 41 50 11 48 40 52 29 31
39 58 65 31 71 51 40 59 59 60 65 24 65 73 24 73 57 70 51 48
1 8 6 1 14 5 2 4 6 3 5 3 11 13 4 5 8 10 2 1
21 15 13 2 29 11 14 21 17 23 21 1 19 27 17 16 15 20 3 11
6 3 10 1 22 2 10 9 8 11 18 2 10 19 8 10 8 11 1 4
10 19 29 8 37 15 28 25 26 28 34 9 32 36 22 30 17 35 18 21
20 31 54 38 62 36 47 53 43 62 55 36 57 59 39 65 36 55 31 41
9 13 15 7 28 9 10 12 12 15 18 8 16 25 14 15 8 13 6 3
1 2 6 1 9 7 4 2 1 5 2 1 2 3 1 5 2 2 1 1
27 39 38 31 52 22 42 49 27 47 46 15 50 50 32 48 40 53 18 31
4 1 7 1 21 4 2 5 6 4 14 1 12 14 6 8 7 15 5 4
31 40 49 21 67 41 54 55 52 61 54 39 63 73 51 59 37 60 44 44
18 29 22 18 40 25 24 30 32 25 36 11 41 39 31 33 25 39 21 23
11 8 15 1 29 6 12 14 1 13 18 1 6 22 6 20 14 17 3 8
11 12 19 4 27 7 14 20 20 14 30 4 22 28 14 17 18 19 6 16
25 16 41 13 48 20 30 37 28 35 34 24 34 47 22 37 12 32 21 22
20 38 35 17 58 22 35 50 27 41 57 15 43 58 36 55 47 54 26 25
38 45 45 13 67 47 42 51 34 47 54 14 50 63 34 60 44 63 34 38
35 44 45 21 69 26 43 57 45 40 59 26 69 69 34 62 46 63 32 45
3 1 8 1 12 5 8 4 5 6 9 1 4 10 6 2 3 5 1 2
1 4 10 2 12 5 7 6 7 8 6 4 13 11 4 8 10 13 4 3
42 54 61 21 66 33 43 55 58 60 52 28 70 68 25 60 52 71 37 48
35 39 31 17 52 26 40 48 45 53 42 20 51 53 36 60 53 47 26 49
21 40 41 33 63 28 23 44 36 46 50 15 52 54 30 60 44 60 27 20
12 14 26 1 33 14 21 24 20 20 31 11 27 35 20 26 18 32 17 16
38 52 64 30 77 44 39 59 47 52 63 36 67 74 36 67 36 71 45 40
2 8 17 12 32 12 15 19 10 18 25 7 22 28 20 32 16 25 10 2
41 51 55 31 78 38 56 58 49 70 58 44 65 78 45 69 47 76 36 49
28 42 38 6 43 33 23 38 22 34 34 14 39 45 19 43 28 39 21 30
31 27 37 20 53 13 42 40 29 42 42 19 45 55 25 36 29 46 20 23
21 30 32 14 46 21 25 28 10 34 33 24 26 39 26 35 6 37 15 20
30 40 45 13 51 29 37 47 35 50 51 12 44 60 24 55 43 50 26 44
15 28 38 8 50 24 25 28 30 25 43 4 40 45 18 47 44 51 25 27
24 43 49 24 58 31 46 47 28 47 45 28 51 57 28 56 40 60 31 34
31 47 46 28 81 26 47 63 42 57 67 36 68 74 51 77 55 79 35 36
26 43 43 12 60 23 39 43 39 41 45 10 61 62 21 51 52 64 33 38
39 50 64 42 69 37 71 74 59 76 66 45 76 76 43 81 69 74 40 63
37 62 66 29 86 52 61 71 53 68 79 31 79 94 47 80 53 91 56 45
43 46 47 26 72 31 58 61 45 66 59 31 64 73 53 66 46 69 38 48
39 43 52 24 68 39 55 56 37 59 53 22 52 68 30 70 53 57 33 43
1 1 9 1 10 3 2 2 2 3 10 1 4 9 4 5 1 7 4 1
33 46 42 32 68 31 42 56 45 65 57 19 65 70 45 67 51 65 31 34
45 56 58 25 89 30 50 69 56 68 77 31 76 90 50 79 52 82 39 42
48 35 76 19 68 32 51 65 53 65 66 39 56 72 33 58 34 67 39 50
7 33 37 14 48 31 27 33 24 35 43 13 37 43 25 41 23 38 24 32
26 31 45 24 66 20 44 56 39 39 60 15 60 65 31 56 50 60 19 35
36 53 57 20 57 50 46 62 48 55 58 29 51 68 32 65 44 62 36 48
6 18 30 11 31 16 15 21 28 29 31 9 28 31 13 31 25 31 15 15
5 3 16 1 18 6 5 7 2 7 9 1 6 9 4 12 10 12 3 2
1 2 11 1 11 8 4 3 4 6 5 1 10 8 1 4 6 8 2 2
8 14 25 12 32 15 15 23 19 22 27 16 33 28 14 30 21 29 10 13
22 39 49 17 46 41 36 37 38 50 38 20 38 50 26 40 26 46 25 26
32 34 37 30 71 25 35 51 40 44 53 27 60 62 34 56 47 66 31 24
8 10 12 5 26 12 11 8 6 10 11 7 13 13 8 17 12 19 7 9
20 10 30 6 39 10 28 17 16 23 18 16 27 32 16 20 10 32 15 12
1 9 10 5 16 9 2 11 3 3 5 4 13 7 6 13 11 12 2 2
18 14 21 1 28 17 19 19 18 26 24 5 18 28 19 17 13 27 11 13
40 30 46 13 69 19 41 50 30 42 55 26 51 63 40 49 33 58 27 32
9 6 8 1 19 5 8 5 8 8 9 1 10 12 11 10 7 12 7 1
24 12 24 7 36 8 27 27 16 31 29 5 23 35 17 27 23 22 3 20
6 6 7 1 14 3 4 6 3 4 5 5 9 11 2 4 6 6 3 1
45 35 51 31 88 14 68 64 39 76 71 41 61 78 60 72 35 64 32 45
12 11 19 14 40 19 27 23 28 34 30 8 37 31 26 41 27 33 19 21
4 6 10 1 14 11 9 8 3 5 12 1 5 12 5 11 7 12 7 4
6 7 15 1 27 3 10 12 7 17 23 5 13 23 8 20 12 23 1 5
34 51 46 31 56 41 42 55 25 53 52 14 48 58 33 56 39 61 25 36
20 42 51 23 61 43 32 42 32 47 43 19 43 50 26 58 38 53 30 33
2 14 26 5 11 20 17 19 30 26 14 9 27 22 7 20 19 21 18 17
4 9 18 5 18 8 9 10 12 9 17 1 17 17 5 14 15 21 8 3
26 18 28 13 47 9 35 23 18 39 30 11 30 35 19 31 27 35 4 24
18 19 32 14 45 18 33 35 15 36 32 13 34 40 26 37 26 44 15 14
10 10 13 3 29 12 13 9 13 15 18 6 22 26 17 17 6 20 13 6
1 11 14 4 22 10 7 15 9 14 20 1 18 24 6 19 17 24 9 3
7 13 21 6 16 13 10 12 12 11 13 1 14 16 4 16 24 24 8 8
19 36 27 19 49 31 19 42 29 22 45 12 44 49 27 47 36 44 24 20
29 32 40 13 48 23 28 34 22 34 42 8 30 49 17 37 33 47 16 20
27 32 35 22 68 27 49 55 42 52 64 23 54 69 46 63 53 62 36 31
5 4 12 1 14 10 11 5 2 12 5 1 2 10 4 10 5 9 1 2
10 9 8 1 17 8 6 11 3 9 5 4 8 11 3 9 8 6 1 3
28 32 38 13 54 28 39 35 23 48 31 15 36 49 29 43 24 42 16 26
41 52 63 28 80 38 49 69 38 63 73 23 57 76 33 80 57 67 33 45
26 17 44 9 48 17 26 29 30 39 36 21 28 46 19 34 20 39 21 16
1 1 7 1 6 4 3 1 1 1 5 1 3 4 1 1 1 7 2 1
33 56 41 45 68 39 61 69 50 71 67 28 75 78 45 81 64 72 45 55
18 23 35 21 50 14 28 36 34 35 44 14 46 45 28 43 39 50 12 25
34 46 45 23 68 33 43 54 33 51 59 31 51 64 43 60 45 61 25 45
15 12 16 4 23 11 15 15 14 26 16 4 14 18 12 14 11 22 1 8
8 18 25 12 39 23 10 27 18 17 26 18 31 31 17 39 19 33 24 8
15 20 20 13 41 14 14 24 18 23 28 8 33 35 17 30 23 36 14 12
32 19 41 15 61 13 45 44 32 42 51 25 50 56 37 43 33 59 23 31
1 11 11 4 19 12 5 14 4 3 13 1 17 10 7 20 10 13 4 11
26 29 28 8 63 22 24 47 33 40 59 17 45 61 41 50 32 50 19 25
12 20 24 21 36 23 29 36 21 44 34 13 28 32 22 41 25 28 18 19
2 3 14 1 16 2 3 5 3 6 9 1 8 7 1 15 16 15 1 4
23 40 52 33 54 46 42 53 48 62 55 20 55 58 27 68 43 59 39 33
13 11 10 1 18 13 8 14 4 12 12 4 5 16 8 11 7 13 4 4
15 14 29 1 36 7 18 17 11 18 28 1 14 30 5 25 23 31 7 14
13 29 43 8 43 23 40 38 29 43 38 15 41 44 20 46 35 48 18 37
1 5 7 1 6 3 1 4 3 2 4 1 3 8 1 3 8 8 1 1
13 18 26 4 42 12 22 21 25 27 35 6 28 39 17 31 24 31 15 20
28 36 38 25 51 18 35 46 40 54 42 19 51 51 33 54 48 54 26 25
41 48 59 17 78 35 50 58 51 65 63 25 65 77 39 71 53 74 34 48
1 1 4 5 21 4 1 10 7 1 15 3 18 10 14 13 5 14 5 2
11 22 22 13 28 16 22 26 16 27 26 8 22 33 15 26 24 25 10 12
6 10 11 4 19 1 7 6 9 7 12 7 12 17 7 6 10 13 6 1
7 10 14 1 30 9 9 9 6 11 17 2 16 23 8 20 19 25 9 5
14 23 29 1 33 24 15 21 16 16 28 3 19 28 8 31 23 28 15 14
15 26 31 6 48 27 25 32 29 30 41 15 31 44 30 38 30 41 20 19
18 10 22 1 29 10 17 18 7 19 24 7 9 28 18 17 8 21 6 5
20 19 28 6 43 13 21 32 16 23 32 15 28 32 25 34 16 35 10 14
27 21 42 8 49 18 34 36 43 46 46 16 44 51 31 42 34 49 19 31
15 18 28 5 39 12 19 20 7 18 19 8 24 26 10 26 14 23 6 10
8 25 30 19 37 25 27 34 23 40 34 13 34 31 21 41 25 31 17 26
38 45 47 10 64 35 38 51 48 57 56 21 54 67 41 52 36 53 27 48
11 11 12 12 27 13 17 17 12 16 14 10 23 19 14 22 17 19 7 11
3 17 23 4 24 21 16 13 19 22 19 3 17 19 12 25 22 26 11 19
21 41 52 17 36 51 25 44 36 39 41 14 37 44 14 51 34 47 37 29
9 10 13 1 20 4 11 8 8 8 14 2 13 17 4 8 12 14 1 9
38 35 53 14 78 23 50 55 49 63 65 22 58 73 45 66 43 61 29 49
21 30 33 11 56 22 34 39 37 35 46 21 48 54 35 44 25 47 24 33
5 9 14 3 25 9 15 15 2 12 12 8 10 16 12 16 3 11 1 6
37 54 77 30 79 34 67 64 60 65 72 31 76 84 37 69 61 88 54 53
21 31 30 28 65 30 23 45 35 41 49 26 49 55 36 62 44 55 33 19
18 19 35 1 41 8 18 22 11 29 29 9 16 34 6 33 23 35 8 12
27 31 47 23 61 29 31 46 55 49 47 31 64 58 36 59 48 66 35 36
12 16 30 12 39 10 22 29 9 22 24 19 30 31 15 32 19 32 12 9
32 54 60 23 74 48 41 69 55 51 70 43 76 79 46 80 55 80 52 50
29 29 35 23 65 8 47 38 30 52 48 21 48 55 37 48 35 55 20 30
11 36 33 33 41 33 18 46 24 45 36 19 36 39 23 52 29 39 23 13
29 39 48 12 65 38 42 49 28 42 51 11 42 56 29 61 39 54 24 41
5 8 11 3 34 7 10 9 11 17 20 3 18 20 15 23 10 19 3 11
20 35 43 8 47 27 32 36 26 31 39 20 37 44 20 37 25 41 23 26
15 29 31 19 64 21 20 37 40 33 47 31 53 53 35 51 36 53 34 22
37 54 71 19 76 42 61 56 50 66 63 25 58 76 33 65 48 73 35 52
45 57 59 32 81 36 52 66 36 61 70 30 59 85 34 68 49 76 41 33
6 15 20 6 19 16 15 15 14 14 17 6 17 19 10 12 15 17 6 12
4 9 31 1 23 12 18 11 20 23 21 8 17 24 6 25 18 29 13 14
8 23 36 5 21 21 15 21 28 32 20 5 27 27 2 31 34 38 17 18
6 3 8 4 14 5 1 10 3 9 6 3 9 6 6 9 4 6 2 2
39 46 50 29 76 49 38 62 38 43 67 33 60 71 51 75 48 75 47 41
15 22 17 14 49 10 22 28 20 31 38 11 35 40 25 38 19 26 14 28
1 13 11 1 13 5 4 7 5 3 9 3 10 19 1 9 8 11 4 1
2 13 22 12 22 22 17 13 13 20 10 16 20 14 12 22 9 19 13 12
15 24 25 13 42 21 27 29 21 27 29 8 33 36 20 34 25 30 9 22
25 41 47 29 62 34 52 52 35 56 53 19 55 58 38 54 43 61 29 33
36 53 61 28 66 43 55 62 43 65 61 32 61 64 32 67 50 71 38 47
5 17 18 9 24 17 12 17 14 22 15 7 28 22 10 27 22 29 12 9
21 31 21 10 40 17 12 29 20 17 34 4 33 42 16 31 25 34 16 14
33 33 50 22 64 20 45 52 32 40 52 24 59 63 32 47 45 63 25 32
37 43 51 23 68 33 43 47 33 43 57 24 47 60 29 62 55 65 32 38
37 47 52 27 87 39 54 56 35 70 68 36 57 78 50 67 34 76 37 38
32 56 53 29 83 38 52 67 32 63 77 21 57 80 48 74 49 76 35 43
33 23 42 10 55 20 33 26 39 45 38 28 41 46 21 35 17 48 29 27
36 38 34 33 74 21 41 60 29 45 58 26 60 66 41 62 46 53 32 28
17 28 47 28 62 25 31 52 30 42 55 26 52 56 26 67 48 59 29 28
24 30 40 22 62 33 54 48 40 44 51 22 59 60 32 65 52 55 38 45
2 11 12 2 8 8 4 11 5 5 8 1 9 11 1 10 12 9 1 1
14 8 24 7 31 13 16 16 7 16 15 7 15 21 12 20 13 17 8 8
11 32 38 14 29 26 17 30 33 35 31 6 35 33 5 37 37 38 21 24
10 14 16 1 33 19 16 18 12 13 24 4 19 30 15 26 17 24 16 11
9 7 20 12 34 9 14 17 16 18 23 18 22 24 22 24 12 20 6 5
11 8 21 1 31 13 16 14 11 14 21 2 18 26 11 21 15 27 10 8
4 11 16 6 21 12 7 12 17 18 20 2 20 21 11 22 13 19 11 4
1 1 2 1 21 3 1 6 4 1 9 1 14 9 9 13 4 14 4 1
8 14 5 6 28 11 11 10 11 16 15 6 21 20 16 20 12 19 8 12
16 28 31 3 46 30 18 30 13 17 39 12 28 44 20 37 17 42 25 14
12 14 19 2 26 11 16 12 3 9 9 7 13 22 3 15 12 20 11 6
1 8 13 1 8 5 1 10 6 5 6 1 11 5 1 7 12 12 1 1
24 29 38 5 37 30 24 30 18 34 34 5 23 35 14 34 30 37 15 25
11 26 34 9 52 27 16 36 30 27 44 16 40 47 31 47 32 49 23 17
24 14 17 22 40 19 33 31 30 33 30 20 38 36 31 32 30 26 24 29
1 13 11 7 11 8 4 12 10 9 9 6 14 15 5 11 14 14 5 4
49 49 55 23 72 38 56 55 35 65 50 26 53 68 36 62 46 59 30 49
14 35 35 20 49 37 28 39 30 24 34 23 48 47 25 49 29 44 32 23
12 7 21 5 27 9 17 7 16 18 17 1 18 19 10 16 23 26 6 11
14 17 31 7 53 14 28 26 29 31 40 16 43 46 29 40 27 50 17 14
7 13 23 6 29 13 20 22 22 18 27 11 30 28 20 29 18 37 19 12
5 7 12 2 23 5 8 16 5 4 18 3 14 22 12 16 11 13 5 5
47 49 64 43 73 35 53 58 45 58 56 30 67 68 20 63 55 71 35 42
10 11 18 1 27 10 14 12 18 20 21 1 20 22 10 21 23 28 9 16
22 55 63 36 67 40 61 55 42 68 55 32 63 67 33 67 54 67 40 61
27 30 35 8 36 29 19 32 15 34 34 7 24 37 17 37 29 39 16 27
13 26 31 31 61 9 37 37 32 42 50 20 49 50 43 53 38 51 18 18
9 14 31 3 28 16 22 19 25 21 26 9 29 34 16 20 18 31 16 15
1 8 16 1 15 9 11 11 1 1 10 6 11 17 3 9 6 11 8 4
4 5 10 1 11 8 6 8 4 5 7 1 6 9 1 4 6 7 3 3
40 39 65 14 79 30 58 57 43 47 62 33 59 65 46 64 38 68 37 50
6 3 11 1 19 6 8 8 4 7 11 1 7 12 8 5 5 9 1 2
6 7 17 1 24 1 8 12 16 14 23 1 18 23 6 12 13 15 1 7
6 12 25 1 24 12 17 22 17 12 26 7 23 25 10 18 21 26 10 18
9 7 17 1 17 5 9 13 6 11 14 1 9 17 4 8 15 15 1 5
12 24 39 4 48 25 24 29 32 33 39 17 39 47 22 44 28 48 25 17
14 29 20 13 36 21 16 25 20 25 24 10 35 30 17 31 24 32 10 16
28 29 53 25 55 43 38 50 44 52 54 26 54 59 18 64 46 60 42 38
2 6 19 1 26 1 13 13 8 9 18 12 20 21 14 16 5 22 8 5
12 28 34 8 48 26 21 35 31 13 43 7 46 45 20 41 37 45 25 22
14 31 31 6 30 28 26 26 15 35 23 5 19 31 11 34 31 39 13 25
15 22 25 2 29 14 22 18 11 24 11 9 25 27 1 26 22 30 13 17
31 41 62 18 62 39 57 51 39 46 51 29 54 55 38 49 32 57 39 49
6 18 30 3 36 27 24 26 22 30 29 14 24 36 21 37 21 37 19 19
26 32 47 14 55 32 32 39 43 50 48 29 49 56 26 54 44 56 35 33
39 40 57 30 71 45 46 49 58 57 55 35 61 68 32 64 40 56 47 40
14 43 48 12 45 36 37 34 36 33 30 15 48 43 13 45 47 51 36 38
25 22 35 9 46 16 37 27 24 36 30 15 39 47 22 33 26 43 18 24
14 13 28 12 44 13 30 28 20 31 35 12 38 36 28 31 19 40 16 16
17 8 24 5 32 7 23 21 12 19 22 11 21 28 21 21 8 20 9 13
13 17 15 10 31 13 19 21 21 20 22 9 29 29 20 22 16 13 11 18
11 17 26 18 28 21 20 24 13 37 22 11 18 25 13 37 21 27 17 4
5 1 10 3 25 4 10 10 6 15 14 1 14 17 13 20 9 14 1 5
6 14 8 4 23 13 9 10 12 8 15 10 18 23 13 17 7 21 16 5
32 41 39 28 67 36 45 59 42 54 63 18 60 72 45 70 53 63 35 38
36 41 53 15 67 26 53 55 50 59 56 17 63 68 34 58 57 60 27 57
25 28 29 13 52 15 32 34 9 34 36 12 32 48 16 45 27 42 12 20
3 5 12 11 22 6 13 12 12 15 14 5 23 20 11 19 20 23 5 4
20 18 32 1 53 19 32 35 24 29 43 10 38 50 31 37 16 38 19 24
15 38 46 3 40 28 36 41 32 28 41 17 45 57 9 40 42 50 29 33
23 31 44 17 70 37 44 46 33 50 55 29 47 58 52 55 24 58 28 32
2 4 9 2 23 7 8 10 9 11 21 2 15 20 11 17 8 17 6 5
15 24 36 13 36 17 22 23 14 23 25 7 29 34 2 32 33 39 16 14
14 21 45 21 51 21 39 43 46 45 45 23 59 54 29 43 35 54 23 28
33 61 61 45 70 48 54 67 37 69 61 38 61 71 38 70 44 70 42 42
18 28 34 8 62 30 34 37 40 36 52 17 49 58 36 52 42 47 34 30
10 16 33 17 46 17 12 32 30 28 39 26 33 38 26 44 17 35 17 12
6 28 34 10 33 27 16 23 29 20 32 6 40 37 14 34 33 37 23 22
15 26 32 15 43 19 23 32 39 38 31 15 49 40 23 42 40 42 15 27
19 28 26 14 39 15 25 30 11 37 30 14 27 41 17 34 21 33 16 8
14 36 40 19 49 35 40 38 24 39 41 11 46 46 21 53 41 56 32 37
9 14 18 1 26 7 7 10 5 10 18 6 13 24 5 17 8 20 7 2
2 11 13 2 21 8 5 15 6 1 16 2 19 16 6 13 13 11 4 8
22 51 56 22 67 43 38 62 46 56 65 25 54 65 39 68 44 61 35 48
35 39 50 10 74 32 49 56 48 53 61 36 62 70 54 56 38 68 35 43
1 9 18 1 24 16 12 12 17 14 16 7 23 23 13 23 10 22 14 7
2 11 14 1 12 6 6 10 5 3 10 3 9 18 1 4 9 11 3 1
27 44 49 19 57 25 31 46 40 38 55 12 47 62 22 46 46 56 27 35
1 2 10 1 10 7 5 4 4 6 11 1 3 10 5 5 4 8 3 2
19 39 46 23 57 40 41 42 35 54 47 9 44 55 26 62 46 61 37 23
23 41 42 42 69 31 55 58 40 59 62 30 62 65 47 68 46 60 40 41
12 10 18 4 26 11 17 6 9 13 11 9 19 21 8 14 12 25 16 8
32 40 54 21 80 26 50 63 53 49 72 23 73 76 43 71 52 73 36 43
6 25 14 18 22 20 15 25 12 19 21 10 28 24 18 31 19 28 13 16
16 12 14 20 49 8 25 27 21 29 34 17 36 36 32 35 18 31 8 15
31 32 38 19 54 25 44 43 32 45 39 21 45 57 29 51 44 47 27 33
13 7 22 2 21 4 16 10 8 18 12 3 7 19 2 15 16 19 2 6
30 54 56 23 61 38 43 54 38 54 43 17 64 64 17 66 57 69 34 37
18 26 26 11 39 21 19 18 17 30 25 6 23 33 18 26 19 31 9 9
18 34 39 26 56 30 38 39 21 53 48 19 43 49 38 55 28 53 22 29
8 9 26 1 31 4 17 16 17 17 28 9 17 28 19 18 7 23 10 10
38 47 38 39 70 32 34 55 37 57 58 26 63 68 43 63 46 67 32 34
34 51 51 28 66 31 48 52 30 56 54 18 54 71 23 65 52 69 36 35
12 2 13 1 20 1 12 5 4 11 8 1 6 15 4 6 8 13 1 3
17 23 37 16 64 13 46 35 23 46 46 17 45 52 34 49 29 55 17 29
12 8 12 1 29 6 9 14 12 17 20 1 18 20 11 16 14 18 1 8
5 14 29 2 26 13 12 23 18 25 28 9 18 24 9 30 15 26 11 15
29 21 37 1 55 16 30 33 30 25 45 11 44 51 28 30 26 43 19 30
16 20 38 13 33 19 20 18 34 34 23 14 34 32 9 24 26 39 20 16
19 22 57 23 33 38 32 38 46 47 40 23 40 44 11 46 34 48 32 30
9 17 25 10 41 19 18 19 14 15 22 13 33 32 15 34 18 35 20 10
13 28 26 12 42 21 19 23 27 24 35 8 34 40 18 34 25 32 19 19
17 12 33 1 38 12 27 15 28 34 25 10 34 36 15 26 25 39 15 20
15 28 28 7 44 33 31 35 29 37 40 14 38 44 29 47 27 46 23 27
34 70 67 30 85 53 56 75 61 58 71 35 87 90 38 90 74 93 52 59
29 39 47 40 76 42 56 67 54 55 63 39 70 76 46 81 45 64 55 39
10 9 21 1 17 11 14 14 1 10 12 4 6 14 4 13 14 15 5 7
10 4 16 4 30 8 15 15 13 14 24 7 19 28 22 15 5 17 10 7
8 12 10 14 31 5 7 18 16 12 22 10 25 24 16 18 15 18 4 4
14 24 23 17 39 16 21 14 12 22 16 16 27 25 17 27 16 27 11 14
26 24 31 5 61 11 16 40 29 29 50 11 44 51 34 39 28 44 11 24
9 9 11 4 15 9 10 10 5 8 7 1 9 11 7 11 10 7 1 1
12 29 47 20 47 30 33 39 39 38 35 33 50 47 29 53 36 51 32 25
22 55 52 26 66 55 42 53 56 51 50 29 71 67 29 69 44 65 50 44
1 14 15 6 23 9 7 10 15 12 17 5 20 16 7 17 15 17 8 13
33 29 52 11 56 31 35 37 23 45 47 20 31 50 33 49 23 54 26 28
25 36 39 20 55 34 39 44 30 43 41 20 44 51 23 50 30 47 34 28
7 1 13 5 20 7 11 9 14 21 16 3 14 13 10 18 14 16 7 7
18 27 47 5 53 32 45 42 39 50 46 23 47 58 33 47 27 56 31 32
5 8 11 7 14 7 4 8 10 10 7 4 12 9 10 10 12 10 1 1
5 16 13 9 20 11 14 11 10 16 12 9 16 18 11 14 12 18 5 8
10 5 17 1 19 4 9 11 3 12 9 4 13 16 1 13 11 14 2 6
30 28 21 31 67 27 28 46 48 45 50 36 59 59 49 61 47 53 42 30
40 45 53 41 86 26 48 66 57 66 76 31 75 80 49 79 68 78 38 44
9 20 27 16 40 14 21 26 13 24 25 13 28 27 14 37 27 33 8 17
16 25 30 12 45 18 23 25 20 26 32 13 34 40 21 30 13 39 14 13
16 21 30 16 29 22 20 24 17 30 17 20 23 29 7 32 16 30 17 6
1 12 12 1 17 14 7 13 6 4 14 2 14 16 5 12 12 16 10 9
5 5 9 1 14 9 11 10 8 10 13 4 8 15 8 9 8 10 4 6
17 16 31 7 38 17 14 22 10 22 25 15 18 27 17 27 11 24 8 7
30 37 42 37 83 30 52 62 38 54 66 42 61 71 57 66 36 54 30 47
5 2 12 1 12 8 10 6 5 6 8 1 5 9 4 3 7 9 3 3
7 27 25 10 48 27 26 31 22 26 38 17 34 43 30 44 30 44 21 18
30 33 37 7 47 23 33 37 27 42 38 11 36 49 28 43 35 49 14 31
20 26 41 1 42 20 32 37 34 42 39 10 39 47 22 38 32 42 16 32
4 11 11 1 20 9 4 12 9 7 14 1 16 13 7 13 12 11 1 8
38 30 47 36 67 34 52 52 47 65 55 37 56 66 38 68 36 58 39 42
6 5 18 4 20 8 14 19 4 22 17 6 11 17 7 22 11 19 4 1
22 18 57 29 55 37 44 43 39 56 48 30 47 53 27 64 35 58 32 32
20 33 36 10 53 18 17 37 25 28 48 16 39 55 25 40 19 47 23 18
5 16 28 7 26 17 17 16 14 15 19 1 29 23 8 29 30 33 14 13
49 53 72 29 90 47 55 72 55 64 82 32 68 84 48 83 61 85 40 44
6 3 11 1 11 6 5 2 9 12 2 1 5 8 3 5 9 11 1 1
11 22 15 9 31 20 19 21 12 26 19 7 20 26 15 24 18 27 8 16
34 43 40 19 52 34 34 42 19 44 42 11 29 49 26 48 34 49 17 29
1 4 7 1 11 4 6 1 1 4 1 1 4 5 1 4 5 7 1 1
24 31 27 7 42 25 21 41 33 33 43 18 41 47 36 46 26 44 20 27
10 13 25 8 40 16 21 19 12 26 25 3 23 28 18 36 23 33 9 10
14 32 29 37 56 24 36 47 33 44 49 23 56 48 39 54 41 47 20 35
17 15 22 8 33 14 11 22 20 27 23 15 23 27 11 24 6 16 14 12
9 3 11 7 24 5 7 7 4 15 10 4 12 13 10 22 11 16 6 3
11 11 20 1 29 9 12 13 8 11 16 7 16 22 8 17 17 22 9 8
34 19 26 15 50 13 27 40 25 43 40 19 37 42 41 35 12 37 15 24
44 59 57 25 82 29 56 67 42 67 62 34 70 74 49 71 48 78 33 46
8 7 17 8 21 4 13 12 6 14 10 1 15 19 7 17 18 18 1 1
12 21 27 10 42 19 32 30 11 23 31 8 33 40 16 39 33 43 23 16
38 44 53 22 65 34 53 57 46 38 61 19 61 72 24 55 54 58 42 49
27 41 59 21 64 33 52 57 46 56 59 27 66 69 37 56 46 66 37 36
19 26 34 8 37 19 27 36 24 19 39 9 32 44 17 30 27 38 20 21
12 5 5 1 17 1 4 11 6 6 10 1 13 15 6 2 5 7 1 5
6 25 34 11 38 15 16 30 24 25 34 16 38 39 19 40 25 35 14 18
42 52 55 44 72 50 32 63 53 66 59 38 62 64 47 69 49 68 35 43
13 27 26 7 27 28 24 25 15 26 20 8 23 25 9 31 28 32 17 24
21 42 43 35 83 31 50 67 38 56 71 37 65 71 55 80 57 75 40 38
33 39 46 20 60 43 47 53 30 51 49 18 48 53 35 58 35 51 26 41
26 43 47 40 66 37 38 54 40 31 55 31 64 63 30 63 49 67 42 29
4 14 13 8 27 8 10 12 19 17 21 2 22 18 15 24 17 21 4 14
30 32 27 21 46 23 32 47 48 44 49 22 49 57 34 47 44 42 30 37
4 7 12 3 13 4 8 10 8 12 14 8 11 18 7 8 8 12 4 4
20 23 25 2 32 9 22 25 17 22 27 13 26 39 14 21 15 32 11 16
1 5 10 1 8 5 6 15 1 4 14 1 8 15 5 11 8 11 1 4
29 41 25 4 54 33 29 44 28 34 46 9 38 51 27 50 40 50 24 36
12 20 31 11 47 20 9 25 23 27 36 10 28 36 22 38 16 33 21 12
22 34 55 21 54 33 39 32 40 42 36 22 50 55 18 49 38 52 35 29
8 8 9 1 30 5 12 13 10 12 22 5 15 28 17 14 5 17 4 4
29 29 31 4 33 23 18 32 29 36 30 8 26 37 17 33 31 36 14 24
4 5 9 2 10 7 7 5 8 5 9 1 8 10 5 6 11 15 7 4
35 44 67 41 64 51 51 59 50 65 56 48 64 64 31 63 30 63 45 50
20 36 33 15 46 25 39 35 29 48 33 19 48 54 14 49 36 51 32 28
47 29 61 18 72 30 48 64 45 60 65 32 56 69 38 61 36 57 29 46
32 33 49 35 70 21 48 50 38 58 53 39 51 58 34 63 39 48 28 43
15 14 23 13 40 12 22 20 10 19 20 19 25 27 21 24 11 26 7 8
27 38 57 26 54 33 49 43 37 59 45 29 48 53 16 60 55 60 29 41
30 41 53 15 61 38 50 54 47 50 53 20 57 67 38 55 40 59 32 45
9 5 15 6 27 7 13 9 4 12 13 3 11 12 11 19 11 16 1 4
5 7 11 1 15 9 6 8 1 7 10 1 5 13 1 7 5 7 2 2
15 19 24 14 46 11 19 21 25 23 31 12 42 40 21 32 22 38 18 14
19 34 35 16 36 34 22 28 24 40 31 2 26 35 16 36 29 43 16 19
11 36 39 21 65 33 42 43 33 50 54 8 48 58 34 64 44 60 31 35
12 24 16 1 34 24 14 17 20 25 23 8 25 37 20 29 16 35 20 7
13 38 33 25 49 37 26 36 30 35 37 14 46 47 22 53 36 52 30 22
36 45 53 45 77 25 65 67 51 75 75 37 65 74 57 66 49 70 38 44
43 48 69 31 90 36 54 64 41 69 68 43 62 76 54 70 28 73 38 50
2 11 12 2 14 9 12 8 8 10 10 6 13 19 5 12 12 20 9 3
7 6 12 4 20 6 6 8 7 10 13 1 11 11 6 13 12 16 5 5
9 9 7 3 30 8 11 14 15 18 23 1 19 22 16 19 8 14 7 12
41 36 42 14 64 29 37 46 38 55 54 23 42 64 40 48 26 55 22 33
38 63 79 29 83 46 75 68 48 76 69 45 72 85 44 81 56 84 48 68
30 51 51 38 91 27 50 71 55 61 80 32 78 86 61 77 51 77 37 43
13 21 32 7 47 19 22 19 27 34 30 13 31 37 21 36 20 33 14 16
2 11 20 4 21 8 13 21 12 8 20 4 21 22 12 15 14 18 4 10
15 20 39 1 44 21 22 27 30 34 39 14 28 38 24 39 13 40 23 18
10 14 15 1 21 12 9 19 3 10 15 5 8 20 6 14 10 15 3 4
37 46 44 34 70 30 49 66 46 65 58 43 66 68 51 66 44 69 26 41
19 19 22 19 43 10 24 25 20 21 25 24 35 38 23 34 27 40 18 16
18 16 29 10 39 11 31 28 17 33 31 12 28 39 19 34 25 40 16 16
5 8 5 1 16 3 1 10 1 3 9 1 6 14 1 5 3 7 1 1
1 1 1 1 7 2 4 2 1 4 5 1 2 6 2 2 2 6 1 1
11 11 15 1 24 11 11 19 5 14 20 5 11 21 13 16 4 20 4 7
11 16 14 6 22 3 7 16 11 9 20 6 22 23 9 11 15 17 3 7
28 47 44 18 67 45 49 59 45 46 64 21 55 70 42 60 46 55 40 44
4 5 22 1 16 10 10 8 8 12 11 4 7 15 1 15 16 19 5 3
23 33 56 18 56 24 45 43 39 48 46 30 49 56 25 56 47 58 21 38
22 27 23 9 36 14 21 25 4 23 18 11 19 29 6 29 19 28 7 17
11 6 14 7 21 7 21 17 6 21 16 1 15 21 8 15 18 21 6 3
12 12 15 3 34 6 11 18 13 24 22 3 23 25 9 23 18 23 4 11
24 29 43 27 51 46 42 47 40 51 44 26 45 49 28 59 29 41 39 39
7 14 20 3 32 12 16 14 12 13 20 7 28 27 14 24 16 28 11 9
31 41 50 16 68 15 41 53 32 50 55 24 55 61 27 62 43 55 16 42
23 30 40 10 63 27 34 46 37 40 54 25 48 56 43 52 30 59 28 24
14 16 24 3 43 14 21 23 10 22 31 12 22 36 23 25 5 30 9 10
6 16 29 21 33 17 18 30 29 26 29 20 40 37 18 35 22 35 21 10
13 15 26 1 35 13 18 17 17 21 25 1 19 27 13 25 23 24 8 17
1 2 2 1 10 1 1 1 4 2 7 1 7 9 5 3 1 1 1 1
13 17 30 12 52 18 23 25 33 36 35 11 38 38 28 47 32 47 16 22
14 24 20 21 36 7 19 31 22 30 32 9 38 37 21 34 30 33 15 9
47 37 59 25 73 32 48 61 48 64 67 25 53 76 38 60 44 63 33 39
4 1 5 1 12 1 5 2 1 10 3 1 5 6 1 8 7 8 1 1
35 46 49 11 76 27 40 57 43 48 68 19 58 74 42 66 44 63 25 43
10 17 26 3 24 20 13 20 17 27 24 4 14 22 12 25 19 26 6 8
22 34 26 32 56 23 26 39 28 36 38 27 50 41 30 50 43 49 23 26
3 17 14 2 17 16 12 15 4 4 13 4 13 18 3 15 12 12 9 10
16 18 33 6 39 19 10 19 21 30 29 8 18 37 14 35 22 37 14 4
10 9 9 2 25 5 4 12 1 9 10 4 12 18 8 14 6 9 2 2
31 34 39 25 72 29 33 46 43 52 57 23 62 69 42 65 43 63 33 27
21 18 35 6 52 14 38 34 19 28 34 20 35 44 28 34 15 34 14 23
1 3 5 1 3 5 1 3 1 3 3 1 1 4 1 6 3 3 1 1
29 33 59 18 56 32 40 39 44 49 40 33 51 55 24 49 27 58 34 31
17 11 13 1 28 5 13 17 8 15 24 6 12 27 14 11 8 18 3 5
2 5 23 3 15 10 9 10 14 16 17 9 11 14 8 14 12 18 5 4
23 30 59 30 59 34 43 60 62 61 69 26 66 70 39 62 40 64 40 38
39 51 45 38 72 23 41 62 39 53 59 24 62 66 34 67 62 66 20 39
20 20 31 1 32 20 21 26 28 29 33 3 27 35 17 23 22 26 11 22
29 22 39 12 52 27 40 37 33 42 37 12 39 46 27 42 35 37 25 32
3 5 8 1 16 1 8 5 1 1 9 7 8 16 4 7 1 8 6 1
2 9 10 1 16 10 8 6 4 6 10 4 12 12 4 12 10 16 7 4
23 27 24 10 36 21 20 22 15 30 20 11 31 33 13 30 19 34 18 16
23 41 46 19 54 32 39 48 34 47 40 25 47 57 29 53 33 54 23 32
13 13 23 11 41 14 26 17 19 25 24 10 34 36 22 30 25 37 16 12
9 14 9 5 18 7 7 14 14 10 14 5 20 19 11 10 12 9 1 10
15 41 56 21 55 42 50 46 49 55 55 28 58 63 38 51 35 63 37 45
31 23 21 8 44 11 26 32 17 42 37 7 24 43 24 37 23 37 5 22
8 12 11 1 16 14 10 11 11 18 16 1 9 15 10 12 9 16 6 9
33 47 40 27 61 37 40 47 41 49 50 10 56 58 25 56 53 59 26 39
19 18 35 12 51 17 26 31 26 32 37 25 40 45 29 43 25 47 22 18
5 13 20 1 22 15 13 13 6 9 16 1 13 21 2 18 16 21 12 8
42 57 54 11 69 35 43 53 50 41 57 18 68 72 27 56 47 66 37 50
20 36 35 27 44 16 38 40 15 37 33 20 44 44 19 45 42 46 20 22
19 35 56 18 32 35 27 43 43 43 38 15 39 45 4 46 46 45 32 37
7 15 16 1 20 14 8 9 14 14 15 4 18 17 5 16 19 24 7 10
8 11 19 10 32 10 12 16 15 16 19 16 25 26 15 19 10 22 11 6
17 34 30 12 32 34 28 32 13 40 27 10 25 38 17 41 26 43 22 22
35 55 50 21 70 22 53 62 34 52 65 32 61 72 35 65 52 68 19 55
4 19 15 18 33 24 20 22 14 20 21 13 29 26 25 36 20 32 16 15
10 36 53 17 37 40 36 38 39 40 35 24 43 53 13 46 36 49 42 28
13 15 27 2 35 9 22 18 15 26 28 1 15 28 12 28 22 27 4 19
38 29 39 20 71 17 49 54 43 47 56 32 62 70 48 60 40 57 32 38
18 39 53 8 55 37 39 36 38 35 46 3 45 52 16 56 51 58 37 39
13 15 27 14 44 7 23 29 27 25 36 11 37 39 20 30 22 27 12 19
35 49 53 28 77 42 36 52 42 57 57 26 59 69 37 67 39 70 35 27
29 35 34 16 47 14 30 44 43 48 47 22 45 48 25 49 45 48 17 34
9 10 16 8 33 15 20 13 18 22 23 6 24 24 21 23 12 19 13 17
2 1 8 1 13 1 4 8 1 7 15 1 6 13 5 10 6 14 3 1
18 27 26 10 50 18 18 31 37 26 43 8 41 43 30 36 33 40 24 25
22 57 62 28 54 50 48 49 41 50 41 33 59 60 18 59 44 64 42 48
26 40 43 43 69 33 50 67 47 66 64 38 66 67 58 68 39 58 39 39
17 30 40 17 65 40 31 44 30 37 50 27 44 51 40 61 32 55 29 24
1 9 8 3 9 6 4 8 10 7 11 1 14 11 1 7 11 14 4 4
40 42 46 15 53 22 39 47 33 36 41 14 50 56 18 39 45 54 21 38
6 5 11 1 14 5 8 5 1 4 5 4 5 13 2 5 4 5 3 1
12 30 47 25 53 34 41 44 50 54 47 41 56 55 39 64 31 56 36 35
34 29 40 41 61 36 46 48 52 68 53 36 60 57 35 68 46 53 45 42
9 20 24 17 33 11 24 27 16 24 29 8 31 38 18 27 25 36 16 5
34 20 31 5 42 11 28 30 24 26 26 15 36 36 15 20 23 38 12 27
3 7 8 1 13 6 4 11 2 2 12 1 9 16 4 8 7 9 4 4
8 8 15 4 20 8 9 10 7 11 12 4 10 15 8 14 17 16 4 6
32 22 50 17 78 26 47 55 53 56 64 34 63 71 49 63 43 64 39 36
26 43 50 13 60 35 44 49 33 43 51 23 54 58 35 45 27 53 26 44
5 11 14 1 22 7 12 6 10 6 14 5 19 19 5 13 13 24 10 4
6 1 5 1 12 3 6 7 3 3 11 1 7 11 5 6 4 7 4 3
10 9 17 7 27 5 17 15 9 16 18 12 18 21 14 20 13 21 6 8
15 22 35 10 51 17 35 25 21 30 30 17 35 42 25 38 25 44 11 22
16 21 23 1 31 17 19 26 15 19 24 1 29 31 9 33 34 36 16 24
5 3 14 1 12 8 7 4 6 13 7 1 7 9 3 8 9 13 1 1
5 5 11 5 16 8 9 8 3 11 3 4 15 9 4 10 12 15 5 3
23 27 51 7 53 14 34 37 32 33 44 11 41 52 15 29 35 47 19 29
26 35 36 26 62 30 21 43 36 38 54 20 50 57 41 56 40 59 27 27
32 31 37 19 50 22 31 39 22 46 38 19 36 49 16 47 32 46 24 21
31 41 42 26 48 38 27 39 32 46 42 16 34 50 24 45 33 40 25 23
2 6 13 3 15 7 7 10 4 5 15 2 9 13 6 15 12 17 6 2
16 26 18 13 41 26 23 34 26 38 30 12 40 41 29 45 24 33 17 24
8 5 13 5 29 6 16 12 14 12 21 5 19 23 17 14 9 13 6 9
18 46 54 16 52 33 47 43 47 52 47 21 62 62 20 49 52 65 37 40
46 46 61 38 83 26 38 66 42 60 68 39 60 75 35 77 44 70 32 41
6 6 12 9 25 4 10 16 7 13 18 2 22 18 9 20 19 18 2 6
29 45 31 21 47 32 25 39 21 40 34 20 41 45 28 39 24 48 19 29
9 3 8 1 17 3 6 7 1 8 6 1 3 11 2 6 5 8 1 1
36 28 40 1 56 18 33 42 31 36 54 18 35 54 37 44 25 44 20 30
7 5 16 1 22 7 6 9 3 11 16 1 8 16 5 18 16 20 5 5
1 6 8 4 6 6 1 6 7 6 6 1 11 8 2 9 14 15 1 1
6 12 21 2 21 12 16 15 2 14 17 3 8 21 7 22 17 20 6 9
39 52 71 20 86 36 73 70 54 69 75 29 76 91 41 77 61 85 53 56
4 7 15 1 18 12 6 4 14 12 14 6 14 15 8 12 10 16 12 6
2 12 16 3 15 7 2 7 11 10 16 1 12 17 1 12 10 14 2 1
39 36 47 35 66 27 51 48 33 55 56 26 52 57 41 59 52 63 31 35
16 27 33 22 51 26 27 38 36 37 40 24 47 45 32 47 31 35 21 33
1 8 13 1 11 9 2 8 7 5 11 1 8 12 2 8 12 15 4 2
7 14 22 7 29 19 19 17 9 21 22 3 15 23 11 25 20 24 10 10
4 4 15 1 9 13 9 6 12 14 7 5 9 9 5 10 9 11 11 7
37 33 55 2 60 23 47 51 41 44 52 37 53 60 42 40 21 44 32 40
37 47 46 26 66 41 40 55 38 43 58 21 64 63 36 63 46 58 36 44
11 19 26 10 35 21 21 28 24 32 35 2 30 42 26 38 22 36 15 14
14 21 20 6 41 24 17 25 11 22 27 4 23 30 19 33 18 30 14 17
39 45 38 27 73 36 45 54 31 60 54 25 50 68 38 61 30 61 31 29
34 37 36 24 64 22 26 48 27 34 52 23 50 59 30 53 46 57 23 31
4 5 9 1 14 3 9 9 2 6 10 6 5 13 4 7 4 8 1 2
15 17 32 13 50 21 36 39 27 32 41 18 39 37 30 43 22 29 21 34
30 36 51 23 56 34 31 53 36 30 53 20 48 55 23 59 47 53 32 30
9 3 15 1 17 6 9 11 9 14 13 2 8 17 4 10 8 6 2 7
49 46 56 20 82 18 57 65 60 72 72 42 63 79 51 67 45 65 30 59
30 10 27 10 50 10 38 35 32 38 42 17 38 44 35 32 23 35 17 27
21 32 27 13 36 25 26 30 17 27 20 17 32 34 16 31 17 30 15 21
9 20 23 4 32 14 19 19 21 23 29 2 26 29 12 24 19 26 11 20
4 8 16 5 11 11 6 10 10 9 7 4 13 9 6 12 13 13 5 4
13 19 29 9 35 16 28 16 22 30 23 11 29 33 17 24 24 35 11 15
50 55 40 32 84 24 53 62 52 58 73 37 73 79 52 74 60 73 30 54
7 6 8 1 7 5 4 12 6 6 11 1 8 12 2 3 8 6 1 6
14 13 22 1 26 14 19 20 14 19 21 6 20 28 13 11 12 16 9 13
26 29 40 13 66 21 35 43 36 40 53 19 54 62 37 57 36 60 23 29
22 30 54 10 51 34 36 48 42 42 55 27 42 53 26 53 28 44 35 38
14 14 13 4 30 6 13 11 16 18 20 8 18 27 15 11 8 18 6 7
20 18 23 8 47 12 25 24 25 26 34 10 41 42 26 33 23 38 12 16
12 26 37 8 58 24 31 38 30 31 50 21 47 50 34 52 30 49 28 27
7 7 18 1 21 12 6 11 7 13 15 1 12 17 4 17 12 19 8 7
5 10 8 7 15 5 11 11 4 10 7 5 15 14 2 10 15 17 5 1
23 34 38 31 56 21 39 50 37 44 53 9 58 56 27 60 59 55 25 35
13 33 48 14 45 28 24 36 35 33 40 10 42 45 12 42 39 46 30 25
12 6 19 1 22 8 14 10 3 20 14 1 4 18 5 17 11 17 2 8
3 4 8 1 19 1 2 6 4 4 13 1 11 9 2 11 5 9 1 3
36 51 54 31 80 32 63 68 48 57 65 32 76 82 43 78 61 74 42 50
25 14 36 7 52 21 36 32 28 36 44 5 35 44 25 40 34 45 21 27
14 18 25 11 32 17 23 22 15 29 17 11 29 26 13 30 26 29 11 17
27 27 38 13 41 20 32 26 23 32 23 14 33 42 10 31 27 42 19 19
6 12 26 10 35 13 22 14 19 23 21 7 33 33 15 31 25 39 18 5
17 23 25 5 43 14 14 20 18 33 31 5 22 34 16 31 18 32 10 16
47 46 66 23 70 31 68 70 61 77 67 36 70 82 50 67 48 75 42 55
22 18 42 10 48 25 33 35 25 46 42 12 24 42 23 47 26 37 15 20
14 8 15 1 19 11 9 13 1 14 15 1 3 18 6 13 9 18 1 5
46 36 50 21 75 16 53 68 52 64 67 28 68 78 50 60 46 66 26 47
42 55 51 45 77 42 57 57 32 59 58 45 60 66 32 73 48 74 44 44
15 10 18 2 33 9 16 12 10 20 20 2 10 23 14 20 14 23 5 8
10 3 9 1 16 3 9 7 7 13 8 2 8 10 8 6 7 13 1 2
18 43 44 21 47 41 36 38 32 41 36 16 43 51 18 54 43 52 32 35
5 8 15 1 15 7 2 12 8 12 15 1 10 12 3 12 11 11 2 3
17 31 38 11 55 34 26 39 37 43 45 18 42 50 28 50 34 48 25 27
6 8 7 4 15 3 8 7 1 5 6 9 10 14 3 8 4 12 8 3
14 13 22 3 29 4 15 10 6 20 20 1 10 19 2 20 19 19 1 13
11 6 10 3 18 4 10 7 10 9 8 3 11 12 8 5 9 15 1 3
14 35 32 12 42 25 24 36 20 22 41 10 38 45 14 41 32 43 19 21
36 44 57 44 83 33 51 67 55 56 70 43 78 80 44 79 53 71 46 41
38 46 61 17 63 38 46 61 64 68 58 26 69 71 34 65 54 65 32 51
27 18 28 21 51 9 29 36 26 32 39 25 38 45 27 39 27 27 16 24
2 4 5 1 14 4 7 4 9 13 12 1 10 12 6 8 8 11 1 5
44 45 64 19 80 37 61 52 54 63 60 46 68 75 46 61 28 69 45 51
1 9 16 4 17 5 7 7 13 10 14 6 13 19 6 7 8 12 5 1
19 32 36 16 44 29 13 37 22 31 39 16 35 45 25 43 24 38 21 14
8 2 10 1 15 3 10 8 1 6 10 3 5 15 3 8 7 9 2 4
3 5 7 2 17 3 2 8 4 14 13 1 9 15 7 13 6 13 1 1
17 18 48 6 39 23 28 27 32 42 32 24 27 40 15 39 20 38 24 21
10 26 23 15 32 15 25 25 11 30 22 12 29 36 12 31 23 35 22 7
9 10 25 1 22 11 15 17 17 21 21 11 16 21 11 17 13 26 10 9
20 20 25 14 44 16 34 27 10 37 33 13 20 37 20 33 22 37 6 19
2 4 20 4 9 18 7 11 14 18 9 7 4 11 4 15 10 11 13 5
7 28 41 14 44 26 23 26 30 34 32 9 46 44 12 51 42 52 29 19
12 31 38 26 47 25 18 38 43 39 37 20 46 41 20 46 36 37 23 25
19 24 21 7 36 19 22 24 11 15 22 9 27 30 15 22 16 21 12 17
6 18 18 8 31 23 16 24 18 21 22 9 25 25 19 29 13 17 14 19
20 43 56 32 70 43 59 57 46 60 54 42 65 71 49 72 43 64 44 49
35 23 51 21 63 19 44 46 36 48 42 31 48 54 28 48 30 46 22 33
21 14 23 1 31 5 18 29 21 19 34 10 25 35 26 19 16 29 5 18
46 39 60 23 67 35 60 63 57 63 63 17 65 76 30 63 58 63 40 53
4 6 17 5 20 7 10 12 8 6 18 6 13 14 11 12 9 14 1 5
20 29 33 14 36 24 21 26 19 29 28 11 27 41 13 31 21 41 21 12
21 23 24 11 45 19 29 27 11 35 28 12 26 37 22 34 18 33 11 19
14 30 30 11 31 23 22 29 14 22 22 13 29 35 10 27 15 28 15 15
37 44 50 33 72 26 40 55 34 55 64 17 62 70 35 68 53 75 27 34
5 5 5 1 16 4 3 6 3 9 10 1 5 12 5 11 8 9 1 1
4 3 6 3 12 1 3 7 3 8 10 3 8 11 6 8 6 11 4 4
9 10 25 5 31 14 20 21 24 18 30 3 26 29 12 23 24 20 16 18
11 20 18 11 33 11 20 19 16 25 25 9 29 29 13 24 20 27 4 17
21 29 38 16 59 17 33 41 24 50 47 18 39 47 34 53 25 49 15 29
27 29 37 13 53 25 29 36 20 33 36 21 39 52 29 42 17 43 24 24
24 31 29 12 39 21 21 24 11 33 24 9 20 38 11 32 18 35 11 14
18 11 38 9 48 13 23 36 26 29 38 23 33 36 28 36 19 40 12 16
6 8 8 1 16 3 10 3 7 6 7 4 10 18 4 4 7 14 5 1
24 41 41 37 62 33 47 51 37 51 52 14 56 56 34 59 52 58 30 28
12 14 14 8 31 10 18 20 17 20 20 5 24 28 21 21 13 16 3 13
31 38 55 25 69 24 50 47 42 65 55 24 52 67 23 61 40 65 33 32
19 11 19 3 33 5 14 14 14 17 19 9 26 25 15 14 12 23 6 10
7 19 18 1 32 19 14 24 19 14 25 12 27 33 18 27 23 31 17 10
16 21 26 8 45 17 22 28 28 26 31 14 42 47 25 35 28 43 20 11
14 34 36 9 41 31 27 31 26 31 30 9 41 43 12 42 36 44 26 20
27 28 30 16 55 25 39 39 24 41 42 13 34 47 28 44 33 41 18 33
6 20 31 10 35 21 23 25 25 24 33 12 30 32 22 37 26 43 16 19
13 21 29 5 39 12 24 25 18 17 26 16 33 32 19 28 18 30 12 19
20 55 57 25 70 36 53 55 38 53 59 16 61 70 27 70 56 77 43 41
26 29 44 22 58 31 28 38 17 45 41 22 33 43 33 52 25 49 14 25
20 22 44 13 52 12 35 38 35 37 46 17 40 46 32 35 30 46 22 30
23 25 46 23 43 26 28 41 48 40 52 20 45 53 21 46 33 44 28 32
42 56 45 27 79 42 47 61 57 59 70 30 74 80 42 71 56 74 45 43
40 55 71 18 83 30 66 72 56 69 81 18 73 87 45 75 65 82 44 54
6 3 7 3 15 3 10 4 1 8 5 4 11 10 1 8 10 15 3 1
57 52 50 44 82 27 57 72 45 67 70 48 68 83 52 74 42 65 36 53
23 47 43 28 76 42 59 64 43 70 71 40 60 73 61 76 43 67 51 42
2 6 7 1 14 5 2 6 4 5 8 3 6 11 4 4 7 8 2 2
22 26 20 16 49 12 29 46 34 36 49 13 50 52 37 48 37 39 16 28
28 54 40 34 63 39 43 56 32 33 48 24 64 61 26 65 45 63 39 35
10 5 19 1 34 7 17 13 9 13 23 2 14 26 14 18 13 17 5 9
6 7 24 1 20 8 10 15 9 12 17 9 11 19 4 16 10 13 4 7
8 13 17 1 20 9 3 15 8 11 20 1 11 17 7 17 12 17 3 6
7 9 12 4 20 12 10 13 12 9 19 1 19 18 10 17 15 23 12 8
23 17 52 22 39 28 30 34 35 44 43 28 29 47 6 45 22 40 24 25
7 15 20 5 25 8 16 24 13 15 24 7 28 29 14 18 19 20 5 13
34 35 48 10 56 30 51 45 39 42 43 20 52 62 23 40 35 56 32 36
5 1 7 1 17 1 4 2 1 5 8 1 6 6 4 7 6 8 1 1
1 1 10 1 8 1 1 1 3 1 5 1 6 4 1 2 4 6 1 1
39 41 72 34 87 38 52 65 68 67 69 51 75 81 49 75 42 78 57 49
15 7 16 4 20 8 16 9 13 19 12 7 15 14 12 9 11 19 4 8
2 5 19 2 32 13 14 10 11 17 19 7 17 22 16 23 6 17 8 6
25 32 50 19 56 24 32 36 27 40 36 23 42 46 17 49 38 46 22 29
30 59 65 34 78 52 53 70 56 74 70 31 74 80 42 86 66 90 44 46
20 9 25 8 33 14 21 22 17 26 20 12 24 27 17 22 14 22 9 12
44 45 66 17 74 32 47 58 35 52 67 22 52 72 31 60 45 74 28 44
20 16 25 3 29 14 19 28 24 24 28 13 26 29 23 25 21 27 10 20
34 53 47 30 77 50 48 61 51 67 63 29 69 76 54 66 42 72 41 46
50 46 66 26 87 30 56 66 38 67 64 43 60 75 47 69 34 72 25 47
39 46 68 11 71 40 67 57 53 56 60 33 65 82 33 61 50 76 47 52
39 62 62 34 78 38 52 74 64 70 81 25 76 81 45 80 68 87 47 52
8 14 15 3 24 3 13 19 8 10 21 10 25 27 8 18 13 25 7 8
25 45 60 24 52 32 37 50 45 42 53 10 52 56 15 50 58 56 31 45
57 54 74 28 85 32 63 64 49 50 68 38 72 81 34 68 51 79 46 53
25 34 27 19 46 23 31 30 20 28 30 22 36 45 17 34 15 34 22 26
1 1 2 1 11 1 1 2 1 3 1 1 6 2 1 7 6 7 1 1
12 11 19 3 27 7 10 12 12 19 10 9 16 23 6 16 10 15 8 4
46 59 61 11 66 38 48 65 50 59 60 17 65 74 23 64 67 79 30 57
16 32 18 31 63 28 36 42 42 43 53 29 62 57 44 59 42 55 37 31
12 14 17 2 27 12 14 14 6 15 14 1 10 16 6 19 16 19 2 10
52 50 52 43 93 30 63 67 42 78 70 34 70 80 46 77 48 76 37 57
39 46 42 24 55 38 38 47 37 49 46 15 42 57 28 43 36 46 22 35
15 28 48 16 64 20 42 41 44 49 48 27 59 60 34 59 39 61 34 30
19 21 35 2 48 16 21 33 31 30 42 10 36 44 23 39 33 37 15 28
5 8 7 3 21 8 6 7 3 8 8 4 10 13 8 13 7 12 4 5
38 34 39 24 64 26 37 41 18 50 45 19 41 56 34 49 25 49 26 24
23 26 31 5 40 13 14 26 18 22 29 9 28 40 12 26 18 37 10 12
18 23 16 10 45 18 26 30 20 22 32 11 37 40 26 35 21 26 20 28
38 50 57 25 70 40 44 55 47 47 52 28 66 70 29 59 43 65 33 40
38 44 51 28 74 17 48 59 43 53 65 25 66 76 40 56 46 72 33 29
2 21 20 14 29 15 7 25 22 10 30 6 34 28 16 32 28 31 10 15
41 41 49 27 67 37 49 55 49 51 58 27 59 73 31 50 33 59 43 39
27 39 60 43 73 29 54 67 57 72 73 35 67 77 39 80 60 68 50 42
8 7 16 1 14 11 12 6 10 12 8 1 12 8 1 6 13 15 8 8
15 27 38 17 44 27 25 26 27 29 30 16 38 44 16 37 25 42 29 15
3 6 6 1 8 6 4 7 2 2 7 1 6 5 1 4 5 7 1 3
18 23 28 13 37 20 24 28 27 22 36 6 32 38 16 26 20 34 16 18
39 30 33 29 70 18 47 40 33 45 46 28 51 57 35 55 36 50 28 38
53 55 40 25 73 30 39 61 42 53 63 27 63 69 47 70 55 74 26 47
16 19 31 9 41 17 16 38 28 28 40 13 32 38 24 45 30 32 12 22
20 20 31 9 33 14 24 22 19 27 19 10 28 36 6 22 19 35 15 11
15 21 24 6 33 13 16 28 23 14 31 1 32 31 13 24 28 22 11 22
11 23 30 9 41 14 16 22 25 31 34 9 30 38 15 34 25 38 19 14
11 13 21 5 40 9 19 15 12 25 30 2 26 34 9 34 25 38 11 13
21 31 31 26 64 15 30 40 27 41 47 27 52 51 33 54 43 56 31 15
14 40 36 20 41 41 27 36 12 39 26 25 28 37 21 42 16 40 26 25
13 12 27 9 41 14 17 15 23 27 29 10 25 32 19 33 25 34 9 11
1 5 12 4 17 10 7 8 10 11 12 8 13 16 11 10 4 9 9 5
18 25 24 11 43 20 22 28 21 22 31 12 34 37 27 31 25 32 15 21
24 35 37 21 46 26 32 35 17 43 32 16 31 44 18 42 30 46 17 19
24 48 32 31 55 27 41 51 19 43 46 30 49 57 34 51 29 52 30 32
45 53 51 37 64 36 38 57 41 56 57 26 51 59 29 64 50 58 25 43
14 33 39 6 38 26 23 33 30 30 31 8 43 39 7 38 42 40 24 33
4 5 8 1 11 9 6 11 6 7 12 1 8 14 7 8 8 11 6 6
39 46 44 28 71 31 49 61 45 61 56 35 66 72 46 61 49 69 33 46
24 21 27 9 45 3 22 29 21 25 39 7 31 37 19 32 32 33 6 27
32 41 45 22 52 23 41 49 35 38 46 29 53 60 23 46 30 54 33 32
20 29 28 24 44 8 31 28 13 41 37 11 28 38 17 42 37 44 12 17
36 29 47 30 60 14 51 47 49 57 59 20 56 59 35 48 46 59 34 36
12 27 26 12 54 23 22 26 23 33 37 9 35 43 26 47 30 45 15 20
47 36 49 31 87 27 48 56 54 57 65 44 67 76 57 66 34 65 42 41
19 24 26 9 48 25 29 38 24 30 41 8 40 48 29 46 29 37 21 25
35 40 50 17 62 28 52 53 34 52 53 19 51 60 36 54 42 52 18 51
6 9 6 8 29 13 7 14 17 10 20 9 23 19 22 22 15 24 15 5
4 1 11 5 16 4 6 7 4 4 8 3 12 6 6 10 9 12 1 3
14 14 20 8 25 11 14 15 18 21 19 1 14 24 6 13 17 22 7 6
29 33 36 24 62 16 34 47 22 45 48 23 46 59 42 47 24 49 25 12
22 47 53 28 66 29 35 51 43 42 54 22 67 64 28 66 62 71 34 40
1 11 13 2 17 13 8 10 1 13 9 5 6 14 4 18 8 13 5 4
10 11 14 1 14 10 12 11 15 14 7 1 18 18 4 9 18 18 5 9
24 28 50 20 53 26 37 43 43 54 44 29 41 54 30 57 37 55 26 27
8 5 14 4 21 6 11 8 8 7 15 1 13 13 7 13 14 18 6 6
7 10 12 3 18 11 9 9 5 10 5 2 11 10 5 14 14 14 3 4
14 12 28 4 27 18 16 12 17 26 9 12 16 19 4 19 12 21 14 8
16 15 13 12 27 8 10 26 19 22 24 10 28 24 21 27 23 22 6 15
27 15 24 27 50 23 32 31 42 47 38 29 42 45 37 45 27 34 36 25
4 6 16 1 20 3 7 6 2 2 10 5 13 13 1 9 6 13 2 1
16 25 24 13 40 22 12 19 18 33 28 8 19 31 20 36 18 33 12 10
8 2 15 1 24 4 11 3 10 8 17 1 10 18 9 12 11 18 6 4
15 36 45 34 55 40 29 50 43 46 51 25 57 54 26 64 50 59 45 21
30 51 34 32 70 27 45 54 33 52 48 31 69 66 38 69 53 73 32 40
8 11 15 10 20 13 21 23 15 22 22 4 24 21 18 21 16 17 6 18
6 3 17 1 16 11 7 6 10 12 11 4 8 10 5 10 12 16 9 5
12 27 14 5 26 13 12 23 9 13 18 9 22 27 10 19 12 19 6 17
29 24 36 5 59 23 33 38 35 37 48 16 48 55 34 40 32 49 25 29
19 27 34 8 44 26 25 25 17 19 24 11 33 33 10 32 22 33 20 19
1 10 17 7 21 3 4 10 11 13 16 1 20 17 1 20 23 26 5 3
19 12 32 20 39 21 24 36 34 38 34 24 40 39 24 35 18 30 17 18
15 14 20 6 32 7 21 11 6 21 15 8 15 24 10 20 12 18 6 11
3 2 11 1 13 4 7 7 2 2 9 1 8 8 1 6 7 9 1 3
24 14 25 6 48 5 25 25 14 29 36 6 20 42 22 31 20 25 6 14
7 9 20 2 15 7 10 11 5 9 12 1 6 16 1 11 14 14 1 3
3 13 24 12 35 1 12 14 18 20 24 4 29 27 11 26 25 29 6 10
46 55 54 17 78 32 53 67 57 47 68 35 73 79 51 68 53 68 40 52
14 36 42 13 42 30 29 32 27 36 29 13 41 39 14 42 37 43 19 30
11 25 31 10 44 23 26 24 20 20 32 8 34 38 17 40 34 41 18 22
10 18 29 9 31 17 13 19 16 16 20 4 24 24 8 25 28 30 12 11
25 28 51 23 59 29 40 42 37 50 52 14 43 56 25 57 41 59 28 23
37 55 62 37 78 47 48 51 34 60 61 39 54 73 38 65 25 71 40 39
22 18 30 5 44 16 30 33 16 29 34 10 27 39 26 32 19 32 9 23
16 28 48 13 60 32 33 38 34 48 45 25 40 50 31 52 22 46 24 28
38 53 63 30 72 41 60 55 49 61 60 14 62 68 21 68 67 68 36 58
13 25 31 4 37 27 30 35 12 27 33 5 29 40 12 38 27 42 20 19
8 9 28 6 29 11 21 17 22 27 24 9 27 22 17 24 19 30 7 13
16 12 22 7 35 4 20 15 11 23 19 7 26 29 7 21 20 34 9 7
11 9 32 3 36 12 19 19 12 15 24 4 20 25 13 24 19 24 7 10
4 7 8 2 12 3 6 5 7 5 9 2 7 15 4 2 7 6 1 1
46 54 60 23 70 46 59 57 53 68 53 36 64 77 36 64 39 75 46 49
8 7 9 1 16 5 5 8 6 13 9 1 5 11 5 8 10 9 1 2
19 18 27 6 49 21 29 29 26 35 36 15 35 44 28 35 20 38 16 18
28 46 28 38 60 32 29 49 36 45 51 31 52 55 47 55 40 56 28 37
7 13 25 9 43 13 16 22 17 17 31 10 27 29 23 36 19 32 12 12
37 27 34 14 53 19 28 39 26 38 36 20 41 51 30 38 25 45 13 24
9 16 15 1 26 14 12 19 9 21 20 3 13 26 13 20 7 11 5 8
2 10 14 1 15 10 13 11 7 9 12 4 16 14 2 12 13 18 3 11
25 39 34 16 54 24 26 40 30 35 39 21 46 51 23 43 23 52 22 28
5 4 8 1 23 6 6 7 7 11 18 1 13 14 11 14 4 13 4 4
3 4 20 1 17 8 11 12 9 6 17 5 10 15 7 10 11 16 3 8
43 48 65 29 66 40 53 65 48 69 67 27 63 76 44 64 50 79 46 37
3 3 5 1 20 1 3 4 4 5 11 1 7 13 6 7 5 6 1 1
38 49 54 21 89 49 60 71 60 60 74 43 73 82 67 74 46 75 49 51
21 26 49 17 43 27 28 31 31 38 32 21 32 43 8 41 31 43 27 24
19 29 39 20 37 31 13 30 23 34 29 20 28 36 13 42 14 35 24 11
17 8 19 1 33 10 19 23 16 15 29 3 21 36 19 17 12 23 9 15
11 21 20 15 27 17 16 24 15 15 13 15 36 24 9 27 24 30 14 14
5 4 8 1 15 1 7 1 2 8 3 1 10 9 1 6 11 15 1 1
4 3 10 2 18 3 5 9 8 5 9 1 16 13 12 10 3 11 3 1
12 26 36 8 31 21 33 36 35 41 35 18 43 47 17 34 29 41 22 27
21 18 30 3 46 17 22 24 20 28 36 4 23 37 24 30 19 32 7 15
12 8 11 7 29 8 12 16 9 22 19 4 19 23 16 24 12 17 6 10
12 3 23 1 37 6 22 15 16 21 26 9 17 32 22 23 7 25 12 11
8 8 11 1 13 10 9 9 4 9 11 1 3 13 3 10 8 9 3 3
26 24 19 22 57 18 33 38 19 44 47 10 37 48 38 49 26 39 17 21
1 1 11 1 12 4 4 5 2 3 6 1 8 6 1 2 1 5 1 1
27 26 50 17 71 23 43 49 32 46 60 23 49 60 36 64 42 64 24 31
14 9 17 2 31 14 18 13 11 32 24 1 14 24 14 28 15 27 7 11
27 19 39 17 52 10 28 31 13 27 29 23 30 40 15 35 23 36 10 15
2 1 9 1 14 4 4 4 3 1 12 1 4 9 4 7 6 11 3 1
27 45 38 3 48 28 22 43 30 31 45 4 43 48 17 46 40 46 19 39
12 24 44 1 48 24 35 30 32 32 39 15 39 52 21 44 32 48 27 28
6 10 17 5 24 2 9 14 11 9 22 3 21 22 11 18 10 18 3 5
16 14 14 7 33 16 16 23 20 21 26 9 28 28 23 26 18 31 14 8
26 34 44 26 69 25 38 55 50 51 61 21 65 70 41 65 52 68 31 39
9 28 35 16 40 24 34 30 20 31 30 17 36 39 17 36 29 45 18 20
1 4 5 1 17 3 1 6 1 3 7 1 8 12 3 6 4 7 1 1
19 21 29 10 33 15 23 22 15 25 21 9 17 26 13 24 22 30 4 18
10 10 20 7 30 16 14 15 15 25 23 10 16 22 16 25 11 18 8 8
24 35 42 25 59 32 41 41 13 37 36 28 41 49 26 51 21 46 28 30
35 47 42 30 67 28 36 58 44 58 66 14 68 70 44 69 54 69 30 43
28 18 27 5 42 18 21 22 11 35 30 5 16 37 20 29 18 37 10 17
11 11 6 4 26 9 11 10 8 16 20 1 10 22 16 17 4 11 6 6
49 63 67 45 84 41 71 69 57 72 72 36 77 87 37 72 63 85 47 51
20 15 26 8 38 11 17 22 10 26 27 9 13 31 20 29 14 24 3 7
22 45 58 8 63 42 52 51 41 52 56 20 52 68 27 65 47 71 35 45
12 17 25 6 30 12 21 17 20 17 22 12 31 29 10 17 18 26 14 19
26 42 42 27 65 15 40 45 26 56 50 16 46 56 23 58 49 53 18 30
9 22 27 7 32 23 24 25 14 20 27 8 20 26 15 26 20 25 11 18
6 19 21 9 29 15 12 19 11 9 25 6 22 26 13 26 18 24 9 10
27 35 40 8 51 32 22 41 31 27 47 2 39 52 21 47 37 49 25 21
44 44 45 23 78 23 38 55 44 47 64 33 65 73 43 65 31 65 31 41
12 4 11 1 18 3 8 8 5 8 10 1 10 11 4 8 10 13 1 7
41 56 66 27 89 44 61 70 45 63 74 47 68 83 57 78 44 77 43 53
19 17 33 2 41 13 32 22 23 30 33 5 29 40 16 28 26 34 9 25
16 21 22 10 35 17 13 19 12 24 22 7 26 34 18 29 17 33 13 5
22 35 43 12 45 34 32 36 15 41 32 28 27 43 26 41 9 40 25 26
36 36 44 18 62 12 34 48 29 34 48 29 50 55 27 49 35 51 17 39
18 26 48 10 63 16 35 38 27 35 48 16 43 52 28 52 35 54 28 32
36 27 45 29 57 12 47 51 37 51 56 26 51 57 33 53 47 50 20 41
10 17 23 1 33 16 15 16 9 16 24 1 19 30 8 27 22 30 11 11
46 41 56 40 72 37 58 69 47 70 64 38 62 68 45 73 48 61 36 54
31 32 35 27 67 29 49 51 30 50 50 28 52 65 39 59 31 49 33 36
6 5 7 1 17 3 4 8 1 8 12 1 7 13 7 10 1 9 5 1
33 45 58 25 79 30 43 56 46 44 61 29 63 71 39 56 40 66 32 38
22 33 39 14 40 24 37 37 34 41 30 23 47 49 17 39 22 40 24 29
25 42 36 8 41 27 23 43 24 30 44 14 40 56 25 37 28 46 20 30
11 22 15 9 18 16 15 18 15 15 12 9 22 19 9 14 19 21 7 17
6 6 23 1 17 14 13 8 13 13 16 4 12 15 7 13 14 17 11 9
41 47 51 13 63 28 36 52 29 51 54 11 46 59 30 55 44 63 15 43
26 27 34 18 50 22 24 31 19 27 27 21 34 40 21 36 21 40 16 12
10 42 45 28 57 35 36 49 26 43 48 34 51 55 39 54 26 55 28 30
11 18 18 6 31 10 8 23 13 10 24 1 27 27 11 27 28 27 6 13
24 43 45 20 40 42 39 36 34 46 25 31 40 48 14 45 28 44 35 35
7 5 1 1 11 3 4 7 3 3 7 2 8 10 1 3 6 6 1 5
12 6 19 1 20 11 15 9 8 12 11 2 11 12 7 11 13 18 4 6
33 34 53 22 65 28 41 52 53 44 61 15 57 66 30 56 49 50 36 41
5 4 5 12 21 5 7 14 11 6 14 10 18 12 16 14 12 14 4 5
5 6 7 1 19 2 8 10 10 4 17 2 15 24 12 6 5 13 3 3
15 26 36 14 46 29 10 34 23 26 42 11 33 41 27 43 20 39 21 12
15 23 32 12 27 23 24 21 15 27 17 9 19 23 9 30 27 27 11 20
11 30 27 3 19 25 22 26 23 21 23 11 28 35 6 24 27 28 19 23
6 9 10 4 20 7 8 12 3 11 14 1 10 18 5 19 16 18 3 1
2 9 1 1 15 6 6 6 6 7 11 2 11 14 8 9 5 10 3 7
39 39 62 18 69 36 49 63 51 61 56 39 65 74 38 71 38 70 44 42
16 33 39 27 53 23 37 55 37 37 57 17 57 57 36 57 44 49 32 30
24 32 48 14 46 30 42 45 41 54 42 26 47 58 19 48 41 51 33 31
42 66 62 28 89 57 62 74 60 62 79 37 76 90 49 76 49 78 58 54
15 37 47 9 36 30 39 35 32 32 30 22 41 47 17 36 31 43 32 30
15 18 41 13 40 22 22 25 28 33 31 15 30 35 20 37 27 37 15 13
2 1 6 1 9 1 3 1 1 4 1 1 1 4 2 2 1 2 1 1
