1000 20 12 1394
5 3 7 6 19 10 1 19 22 2 6 2
12 8 5 1 4 1 6 7 2 6 2 10
2 10 2 9 7 14 6 9 8 9 24 5
6 8 18 13 8 17 2 6 3 4 20 3
2 4 8 4 4 3 1 9 2 3 3 6
7 8 17 4 9 4 5 2 9 10 12 12
3 1 9 9 13 10 8 15 4 2 4 4
10 2 5 1 1 0 4 4 5 4 11 5
7 6 6 1 4 2 5 13 1 2 1 4
5 5 3 12 7 15 5 10 1 9 13 8
8 10 0 1 5 13 8 2 10 3 2 2
19 5 13 8 2 3 6 3 13 11 10 2
5 5 7 2 1 0 4 0 2 1 2 8
1 9 4 2 2 8 6 1 0 14 11 3
4 25 3 2 3 0 4 4 3 6 17 2
1 4 6 8 3 2 15 7 14 3 5 5
16 2 8 2 8 1 2 2 13 3 1 11
13 5 7 25 4 11 10 6 11 13 6 9
7 4 6 9 1 11 2 5 5 2 4 8
1 2 6 8 1 3 11 0 6 0 5 5
7 5 8 6 0 9 2 4 6 5 1 8
10 14 1 1 8 2 1 3 0 11 6 8
6 5 15 7 5 1 16 11 5 1 16 15
8 9 3 2 0 9 4 4 12 6 7 8
1 16 12 1 6 4 16 9 16 3 1 0
6 1 1 1 8 4 2 1 2 4 1 2
1 0 1 1 0 3 11 0 1 3 4 0
8 2 1 6 4 2 2 4 3 7 2 6
7 3 9 1 1 5 5 6 16 2 10 6
3 1 9 1 0 9 18 16 2 11 4 6
3 4 3 1 5 2 0 5 6 1 0 2
2 8 5 2 5 6 5 6 4 5 4 4
2 19 7 4 10 1 4 0 4 3 8 9
5 6 13 11 17 4 0 2 10 18 2 6
1 1 1 2 2 3 2 6 2 8 4 1
12 1 5 2 5 0 4 2 5 7 5 0
7 13 9 6 0 0 2 3 16 3 2 3
14 8 1 8 7 1 6 3 3 2 3 1
6 2 5 1 1 13 17 6 7 7 2 5
0 11 3 9 11 3 3 2 1 5 8 6
17 2 8 5 9 17 6 9 3 11 13 15
1 3 5 13 17 13 6 8 3 28 2 0
6 3 5 1 4 0 2 1 3 2 1 3
12 3 6 3 1 9 11 14 1 5 4 17
0 1 5 2 0 2 9 17 7 0 1 8
11 0 8 12 17 0 8 9 10 6 1 2
3 0 2 4 6 1 1 2 2 2 0 5
4 8 1 1 11 9 2 7 9 1 4 20
2 15 8 8 1 8 5 9 1 5 6 3
4 3 1 5 6 1 5 2 1 8 2 4
1 6 9 5 7 3 3 19 2 8 7 2
6 1 11 11 2 10 10 26 6 1 9 6
8 26 9 3 4 18 12 12 4 8 2 1
2 3 4 8 7 2 5 6 4 3 10 2
9 1 3 2 1 4 1 3 0 1 0 3
0 1 1 6 9 6 14 6 1 8 2 13
4 3 3 5 11 8 2 1 1 5 10 2
5 1 5 1 2 0 2 8 1 5 1 5
11 4 9 9 7 4 4 7 12 6 2 1
3 1 3 9 2 4 13 7 3 5 7 13
4 9 6 4 1 4 21 4 15 3 4 5
3 6 9 2 7 9 2 2 1 5 11 7
11 2 5 1 8 8 18 2 1 7 11 4
4 4 5 6 3 4 2 5 3 2 2 6
4 4 2 4 1 3 1 4 0 3 6 6
18 11 9 9 9 5 2 1 8 5 10 18
0 2 1 2 6 3 0 8 0 2 0 0
2 6 1 4 10 3 4 4 5 0 0 7
2 21 2 11 3 19 6 4 1 2 0 1
11 15 1 6 3 8 4 19 2 6 15 5
2 1 4 4 1 2 4 5 3 0 1 9
6 17 5 17 5 2 2 7 4 10 5 0
1 9 0 14 3 3 1 9 2 11 5 1
2 1 5 8 0 3 6 3 12 5 3 9
10 9 18 7 2 13 6 1 5 17 4 9
7 1 4 11 14 14 12 5 10 1 13 16
8 8 7 19 15 2 10 7 2 6 6 6
5 4 7 4 6 1 9 7 5 0 16 1
3 3 1 5 6 3 3 1 2 3 1 1
13 1 2 0 3 8 0 3 1 5 2 9
1 3 4 3 1 7 3 0 12 9 3 2
8 0 5 14 4 3 9 1 1 3 5 4
3 1 2 5 6 1 1 3 5 7 4 4
6 1 17 2 7 5 3 1 14 3 15 9
3 1 2 7 8 5 4 3 4 10 15 7
8 2 15 18 4 2 7 5 5 23 5 8
12 4 1 2 6 7 10 6 1 9 3 5
3 1 0 1 1 6 7 0 0 5 0 4
0 4 2 6 10 10 3 1 17 1 8 2
4 4 3 0 3 3 1 1 9 3 12 7
4 2 14 2 25 10 6 12 6 4 1 4
4 6 9 4 8 1 2 7 1 3 8 6
6 2 7 1 3 2 2 4 2 5 2 3
5 12 10 8 4 20 8 7 9 13 3 10
0 4 12 1 4 4 0 1 3 0 8 2
6 1 2 2 1 5 6 3 1 7 4 6
20 3 10 24 16 9 0 6 1 6 3 3
4 0 1 5 4 2 8 4 0 3 2 0
14 10 0 5 2 4 3 1 0 4 3 21
2 9 6 4 12 21 1 21 13 6 8 11
18 1 7 10 6 7 13 3 5 10 2 5
1 6 4 5 1 1 4 4 3 0 2 2
7 12 4 7 0 6 9 7 5 4 23 7
4 0 7 3 3 8 6 4 3 6 1 1
1 3 4 1 9 3 0 1 4 13 22 19
1 1 0 4 0 2 4 12 6 3 3 0
8 6 8 7 9 1 1 13 11 0 5 4
1 6 7 11 17 0 10 5 8 16 9 7
5 3 5 0 1 2 2 7 3 7 2 3
1 6 6 1 8 6 7 6 13 1 9 6
5 3 4 1 8 4 1 0 6 8 9 6
11 10 6 1 9 2 3 12 17 6 8 19
6 4 6 10 10 10 7 3 3 2 5 3
17 4 9 2 23 1 3 12 6 13 1 10
6 5 3 3 0 3 1 2 0 7 2 1
16 4 6 10 4 1 9 2 4 6 15 4
7 1 10 5 14 11 3 5 1 0 1 5
20 2 2 7 2 3 2 3 5 12 3 2
5 8 10 2 6 2 1 7 9 2 2 1
2 2 7 5 0 0 5 1 1 5 2 5
4 12 9 2 4 1 5 3 9 5 3 8
5 11 6 16 15 6 3 16 9 4 3 12
10 9 6 1 11 4 16 2 3 5 25 14
4 2 3 0 0 2 7 0 1 0 5 5
6 9 9 9 8 9 6 9 2 12 10 2
11 7 13 9 9 11 3 11 19 8 8 15
5 2 3 8 3 0 5 3 3 4 5 4
3 4 4 3 0 6 6 2 2 12 0 4
9 9 6 15 1 10 4 20 2 21 3 8
4 2 5 2 1 2 1 2 0 5 9 7
2 3 2 4 6 2 4 1 6 0 0 2
1 2 6 6 6 5 3 3 5 11 0 7
11 15 23 1 7 4 8 2 5 10 5 9
3 13 4 8 8 9 0 1 14 4 8 15
10 3 5 4 21 1 5 2 5 10 13 6
3 2 6 4 1 1 3 2 2 3 2 4
4 0 7 2 11 0 8 2 10 2 1 1
0 6 2 6 2 3 9 3 4 1 9 1
8 7 3 3 7 3 31 1 7 5 2 15
7 14 9 5 7 8 1 18 5 16 4 11
8 5 3 4 15 0 15 15 7 7 7 4
4 2 2 4 4 13 2 8 0 2 14 8
6 2 4 6 1 0 2 1 1 0 3 5
7 7 17 1 16 2 7 4 0 0 4 3
3 1 4 3 1 0 8 0 7 2 2 2
10 7 9 18 1 6 12 2 10 0 2 16
2 10 3 6 3 26 5 15 8 7 1 1
1 4 23 5 14 14 5 6 18 2 9 11
17 1 6 6 7 7 10 12 15 10 3 19
2 5 5 14 1 18 5 6 6 2 0 5
2 4 0 1 2 5 12 15 2 10 4 2
5 10 23 6 7 2 2 1 16 0 14 4
7 12 1 9 11 1 4 7 15 10 12 6
5 10 1 2 12 2 12 2 14 7 2 3
3 7 7 10 3 3 11 11 19 2 12 4
4 24 19 2 6 12 7 1 7 5 3 12
3 4 6 1 0 1 3 2 5 3 3 2
3 23 3 14 6 0 14 6 6 6 20 2
5 12 4 6 15 9 6 8 9 9 5 8
0 9 3 3 7 2 3 6 7 1 6 9
2 7 3 2 11 1 3 0 18 8 4 8
8 1 2 3 16 4 3 16 2 14 8 12
5 3 11 6 2 16 7 7 12 2 16 1
4 0 2 3 4 4 0 1 1 6 9 4
8 4 4 2 4 1 0 11 8 5 15 2
3 2 1 8 11 0 7 10 9 5 8 4
6 11 4 2 12 7 1 1 9 7 7 5
2 6 5 1 4 5 1 7 3 12 3 4
2 7 6 4 2 7 5 19 4 13 6 5
3 19 26 11 5 1 2 3 10 1 7 3
6 9 0 14 10 7 7 4 1 14 12 9
6 2 13 5 6 8 23 1 6 11 4 5
0 9 0 1 0 0 6 1 4 4 3 3
9 6 4 14 2 14 1 4 7 3 12 9
7 2 9 8 2 1 7 7 6 1 14 1
1 6 4 15 14 3 1 8 5 3 2 2
4 8 2 1 8 6 19 8 7 3 9 3
4 6 2 11 8 5 10 23 3 4 8 11
2 2 11 5 4 5 4 11 0 8 3 4
8 10 1 11 7 3 2 15 14 0 13 0
16 14 6 5 5 0 9 3 6 8 1 1
5 0 0 14 2 0 1 1 4 3 3 6
4 1 1 1 2 2 7 3 4 10 2 0
2 0 2 0 2 0 1 9 0 2 3 3
2 1 2 6 1 4 2 6 3 5 4 1
12 2 13 0 12 19 10 5 4 3 6 7
11 8 6 2 3 1 4 1 7 4 8 2
2 12 3 4 4 3 4 7 3 1 5 12
7 9 8 15 4 10 6 10 0 1 2 8
9 24 13 3 6 6 5 9 3 5 7 11
9 10 7 17 19 3 0 18 7 3 13 5
1 5 1 2 7 1 6 5 6 7 3 0
5 2 14 1 0 12 0 11 1 1 15 2
2 2 1 6 1 12 4 7 1 6 8 9
13 10 2 5 5 6 2 3 5 2 5 8
1 1 4 12 13 5 12 6 5 5 4 9
9 9 3 3 3 6 7 2 4 12 9 7
3 4 2 13 1 6 2 8 6 11 6 17
0 1 4 9 11 4 3 1 6 4 3 4
4 4 4 8 9 0 9 4 3 4 6 11
4 16 0 3 9 2 3 4 1 12 1 9
6 2 1 1 0 6 5 6 3 1 4 4
3 2 2 1 7 5 3 6 3 4 7 1
2 2 2 4 14 10 8 10 2 2 12 10
2 5 1 0 5 3 7 1 2 4 3 3
18 17 4 10 17 3 7 19 0 4 0 8
4 15 16 13 2 7 7 6 14 10 6 3
1 0 4 2 4 0 2 5 4 9 6 1
25 3 2 7 3 18 9 3 4 9 12 14
0 3 6 7 1 11 13 1 8 2 1 4
2 4 12 14 9 0 1 11 8 3 12 9
8 2 4 9 5 6 12 3 3 10 3 4
8 10 8 0 0 0 3 0 7 2 7 9
4 11 7 7 1 3 4 24 4 1 20 1
3 11 3 4 4 4 11 4 6 8 11 6
0 2 5 5 1 1 3 1 1 4 2 4
1 5 14 8 16 4 1 3 6 4 2 6
7 5 4 10 1 5 3 3 2 1 4 6
1 0 3 7 3 1 6 1 3 1 3 7
2 9 12 15 2 1 4 17 3 7 1 22
20 4 6 10 16 7 1 14 5 12 6 7
3 5 1 5 10 8 1 5 7 19 6 0
3 1 1 2 1 5 1 7 1 3 17 6
3 2 3 2 6 2 3 1 4 4 4 1
7 6 4 1 5 9 10 9 4 3 4 1
3 1 3 4 1 4 7 1 7 1 4 1
3 1 1 6 4 2 4 4 0 5 1 2
6 9 3 13 7 21 6 5 15 11 0 19
2 2 11 14 4 12 7 16 11 17 14 3
7 6 7 6 12 0 1 2 10 14 0 0
3 2 7 7 9 0 3 16 12 7 3 10
0 2 9 13 1 4 11 8 3 7 4 2
2 15 5 1 5 6 9 3 3 15 9 10
3 1 3 1 2 6 3 12 3 1 10 1
4 1 1 2 3 1 7 2 2 3 3 2
5 5 2 4 4 17 9 14 7 4 13 1
4 9 7 3 5 9 4 10 4 11 3 7
4 7 11 5 17 5 3 0 6 16 11 10
9 3 3 1 4 17 1 7 2 14 9 1
1 8 8 6 8 7 31 9 3 8 4 2
3 9 1 16 4 5 2 2 3 4 1 2
7 6 21 15 3 6 2 7 13 2 9 6
14 15 8 13 5 4 6 9 6 19 5 6
16 3 7 6 6 13 3 7 7 5 2 12
5 1 0 15 7 9 4 2 6 2 5 14
5 4 2 1 15 10 10 4 4 1 16 10
16 5 20 12 3 18 1 2 16 2 4 11
2 0 1 2 1 7 4 2 6 2 4 1
9 9 11 5 12 4 4 8 4 3 7 1
13 2 8 5 3 5 10 4 6 10 1 8
8 7 10 8 7 13 6 0 14 7 4 6
6 1 1 0 5 3 1 5 2 3 6 1
1 1 2 10 5 3 4 5 3 3 14 5
1 6 5 5 2 7 7 2 3 1 11 5
9 6 6 8 26 17 7 2 12 12 1 5
1 3 3 2 7 9 18 12 1 11 12 3
5 4 14 8 7 5 13 3 4 0 11 22
13 2 11 3 2 12 1 2 5 3 16 4
1 1 9 5 4 1 0 1 4 3 9 2
8 9 12 8 15 8 7 1 15 4 12 7
5 2 1 2 6 3 7 1 2 1 2 6
3 2 4 5 4 5 3 3 4 1 3 5
8 11 3 9 1 9 2 8 2 6 1 7
3 1 2 1 1 5 6 4 1 7 0 3
6 1 5 3 8 4 9 5 18 5 0 4
12 7 0 5 9 6 4 3 14 7 15 1
16 5 1 3 9 14 23 3 1 0 8 20
5 19 2 2 7 6 6 11 14 2 7 23
6 2 3 13 1 2 1 9 3 7 10 6
6 3 4 2 5 0 4 2 15 7 6 1
1 3 7 0 1 1 2 1 1 2 5 4
10 14 5 9 8 8 4 8 6 0 22 10
5 1 6 22 6 5 10 9 13 11 1 1
6 1 8 0 7 12 1 10 5 5 0 23
7 6 4 3 2 1 4 7 9 7 3 8
2 5 0 2 3 1 19 5 12 3 4 13
4 4 2 3 0 7 2 3 5 2 3 0
3 3 8 0 2 4 0 10 6 5 4 5
6 10 15 10 7 3 1 8 12 9 1 4
5 9 4 9 22 6 5 9 8 5 2 6
10 0 10 6 10 13 13 4 4 1 3 15
16 21 6 9 2 5 17 13 1 5 7 8
1 16 5 15 7 0 8 6 2 0 3 12
1 4 3 11 11 9 5 12 7 3 1 8
4 2 7 6 18 3 10 8 10 11 1 7
2 1 13 6 6 10 7 23 10 8 20 5
7 8 8 1 9 20 7 3 8 7 1 5
3 4 6 1 0 6 0 3 0 2 1 2
8 4 4 1 4 6 1 13 17 9 20 1
8 15 7 12 13 11 2 6 5 8 18 6
9 10 1 8 2 0 15 5 2 1 1 8
3 1 11 9 7 4 2 13 2 6 6 6
6 0 1 6 4 13 8 3 2 5 10 1
6 1 8 8 25 3 17 7 10 7 2 1
3 10 14 4 10 15 4 0 11 13 0 8
7 16 5 1 9 4 14 7 15 14 3 7
6 1 13 7 0 8 6 8 1 11 5 3
1 1 6 0 5 9 4 2 2 10 3 2
6 9 15 13 1 6 9 9 3 12 0 6
22 12 0 11 17 0 5 6 1 14 5 0
3 9 6 11 1 2 12 10 3 5 16 4
1 0 1 2 3 0 1 2 4 6 3 5
6 1 6 1 1 6 14 4 8 15 5 5
6 4 6 14 3 1 24 7 8 5 7 7
11 12 2 1 2 3 9 9 1 7 5 0
1 11 2 7 12 16 13 16 4 12 11 7
10 6 15 19 13 4 14 5 9 1 8 4
1 8 4 12 4 3 7 8 2 19 2 12
0 2 3 1 7 3 3 4 2 2 1 3
13 11 11 9 13 4 5 2 16 7 2 7
2 2 18 15 3 11 2 4 2 3 2 8
1 5 4 6 2 1 8 4 4 15 12 2
2 12 2 10 6 12 4 16 1 5 1 10
3 0 6 11 9 6 4 4 8 12 1 1
6 5 24 6 3 6 1 4 1 6 7 11
2 1 4 0 7 0 3 1 2 0 9 1
23 5 1 4 7 4 5 1 4 18 17 1
5 3 5 2 3 1 3 1 0 2 1 4
2 2 1 8 7 5 0 2 12 7 6 12
2 4 1 3 6 8 0 12 6 9 8 7
2 4 5 6 1 5 1 6 6 4 4 4
3 8 13 5 1 2 2 1 3 9 2 7
19 7 4 1 13 4 0 10 6 15 16 11
1 2 6 4 2 10 17 1 2 10 7 5
2 0 4 2 3 2 6 10 5 4 5 5
10 3 0 3 2 3 17 7 7 9 6 5
2 2 1 1 0 3 12 3 6 7 3 3
3 1 7 6 4 4 2 7 6 4 1 8
4 3 5 13 1 4 33 12 9 5 1 4
7 14 3 10 1 4 8 8 2 17 18 6
13 1 16 1 5 6 14 5 7 10 9 7
5 2 11 7 0 16 11 6 5 9 2 3
2 5 4 3 6 1 7 3 1 11 2 7
0 7 1 7 1 7 0 3 4 5 4 6
15 14 3 6 3 7 17 4 12 11 4 3
1 1 2 2 2 26 1 7 7 10 18 11
7 12 11 2 2 1 6 5 12 2 3 7
5 9 5 3 14 14 1 11 6 4 5 0
5 27 1 1 8 6 2 2 8 3 10 0
6 3 9 9 6 1 11 24 15 6 2 15
2 1 1 4 10 6 1 9 3 8 1 3
9 11 2 2 7 3 11 6 1 2 5 1
1 6 11 1 13 1 10 8 3 6 1 9
3 3 7 2 14 4 4 4 17 7 6 4
3 1 5 5 7 4 5 2 15 5 7 5
4 3 7 6 5 1 4 1 2 7 4 2
0 2 2 1 3 2 1 6 4 2 5 4
7 6 12 12 6 1 2 12 7 0 9 0
11 12 2 3 5 7 11 6 4 16 0 10
4 6 2 1 3 13 2 3 1 10 20 15
12 10 5 3 7 5 11 14 5 1 22 4
5 10 6 5 4 1 1 3 6 8 6 1
11 4 2 14 12 7 7 5 7 3 6 1
11 4 8 1 10 3 4 9 6 6 4 1
8 3 10 6 1 2 3 1 4 4 2 3
4 4 0 5 7 4 5 12 2 8 16 15
8 6 3 2 3 13 29 8 1 6 6 5
4 8 8 12 1 2 21 12 1 6 23 1
7 3 3 7 4 6 13 2 7 9 4 3
8 7 8 7 12 1 11 1 24 10 12 3
2 4 0 1 7 19 0 2 7 6 4 10
3 13 10 5 0 7 10 0 3 5 3 7
6 22 2 10 2 1 6 5 13 11 14 4
23 7 11 16 7 12 12 9 2 8 3 5
3 12 4 6 1 4 0 7 7 6 1 11
10 0 7 5 8 2 3 10 1 1 1 2
7 2 9 8 1 3 9 1 4 3 2 7
11 4 7 13 1 8 6 11 2 11 3 3
1 5 4 5 1 5 3 1 1 5 5 2
11 7 2 12 3 9 3 17 10 7 4 14
8 10 2 10 8 13 8 14 8 21 2 3
6 1 1 9 5 4 2 8 3 5 1 5
7 5 4 8 7 18 4 3 5 6 5 10
6 11 0 3 4 9 11 4 3 5 3 8
4 1 2 8 2 0 2 4 5 5 10 1
3 0 4 2 1 2 9 2 5 1 7 1
23 16 0 3 12 7 1 11 1 0 3 9
2 20 2 4 9 10 0 11 8 2 3 3
7 12 1 2 10 6 2 2 4 6 3 3
1 1 7 12 1 1 10 2 13 5 4 4
7 8 15 4 0 8 10 6 16 7 9 3
2 12 3 5 7 4 17 7 0 7 5 4
7 4 1 2 12 6 1 0 16 7 4 3
11 5 11 1 15 1 8 12 1 5 7 9
6 0 6 18 7 14 3 12 5 8 4 16
2 15 0 14 5 6 4 16 1 9 8 8
7 22 14 7 5 13 6 2 9 2 1 13
0 3 4 2 6 0 4 0 2 4 2 2
0 4 1 3 1 8 2 5 3 8 1 3
2 2 5 4 2 2 0 4 3 4 5 3
1 2 0 2 8 5 0 6 1 5 3 3
11 3 2 5 6 1 6 6 5 6 2 3
14 2 4 8 10 18 6 2 5 7 16 6
5 1 14 4 6 4 1 3 12 2 5 3
11 3 2 2 0 1 1 4 0 4 1 1
10 11 1 5 1 1 9 6 12 2 2 2
0 6 4 1 6 3 7 2 2 2 4 5
7 8 7 7 6 16 6 17 8 4 5 3
9 14 5 13 12 11 3 8 3 11 8 5
5 0 2 4 5 5 6 8 10 3 2 5
1 2 5 0 5 4 4 3 0 1 3 4
8 10 6 14 9 1 3 17 12 7 10 11
8 11 4 1 12 26 10 10 1 6 0 19
10 8 12 8 2 11 8 0 1 1 15 7
4 17 4 2 6 3 10 7 5 3 16 4
10 9 7 12 10 1 2 9 4 3 0 7
7 8 4 4 10 1 0 11 4 5 6 4
4 0 5 1 4 6 3 11 4 6 2 5
2 1 9 1 4 5 9 2 2 1 1 0
1 3 12 5 6 4 4 2 9 1 6 10
6 3 18 3 6 18 0 5 1 13 16 12
5 2 7 4 3 5 1 2 5 2 1 4
16 7 6 7 6 9 1 0 8 3 10 9
10 1 14 5 3 3 0 0 7 13 11 2
4 5 2 6 1 7 3 8 2 3 9 1
14 12 0 22 3 11 7 3 10 1 6 10
2 0 7 0 0 6 14 8 0 6 3 7
2 1 1 5 6 2 4 5 3 9 5 3
4 10 1 4 1 1 3 3 0 1 3 1
2 8 1 13 5 6 11 1 3 1 4 1
1 6 11 10 1 11 7 5 19 18 2 2
5 4 4 1 1 5 3 4 4 5 1 4
2 5 8 5 1 7 13 6 10 12 1 5
11 13 3 22 7 18 10 4 8 7 1 12
4 7 2 12 2 4 2 7 4 1 3 2
3 3 3 2 3 4 3 2 1 4 8 2
7 7 1 6 16 8 4 24 1 5 5 5
5 1 7 1 1 9 15 7 2 5 4 4
5 5 1 2 10 4 1 6 6 5 12 1
5 5 7 3 11 5 8 1 5 13 2 15
0 4 2 2 1 3 7 6 3 6 3 2
3 7 1 8 3 2 1 2 18 0 9 1
4 2 4 6 3 1 5 0 8 8 17 10
0 1 10 13 17 11 5 2 7 1 8 7
6 7 7 0 3 6 8 2 12 8 3 4
18 11 3 6 9 8 10 3 1 2 10 2
4 10 6 6 2 8 9 5 5 7 16 11
7 3 8 12 5 2 8 0 15 1 8 8
2 6 2 12 3 0 10 7 10 1 3 7
2 6 3 5 1 2 0 1 1 3 2 4
1 8 0 10 11 5 1 3 5 8 2 1
3 2 4 6 1 5 5 5 10 8 2 14
6 7 3 1 8 3 5 10 1 15 4 4
3 0 4 3 2 2 0 5 7 0 1 1
14 21 2 9 2 10 8 0 16 3 7 4
0 2 9 4 1 10 0 5 5 11 5 5
3 9 9 10 12 2 3 6 4 1 3 1
12 2 4 8 3 21 2 1 4 8 1 11
1 1 3 8 6 6 6 10 2 21 14 4
5 2 5 5 8 3 14 10 13 8 5 17
7 2 4 6 2 2 2 2 5 4 3 0
1 8 10 9 11 6 0 1 10 3 7 6
11 5 10 4 11 3 10 2 11 10 2 3
6 3 15 6 6 5 5 1 2 12 4 4
0 12 16 5 6 1 3 7 8 5 7 24
4 1 5 1 6 5 1 1 7 4 1 6
1 6 5 4 1 1 3 2 1 5 4 1
0 2 0 2 8 0 1 2 1 10 3 9
16 3 1 8 6 7 21 11 7 10 4 9
8 0 1 7 7 5 6 4 9 4 4 5
8 5 1 3 3 3 8 7 3 15 13 2
4 7 18 4 2 12 0 2 0 20 13 5
4 2 3 1 3 1 2 3 8 1 1 3
3 9 3 3 2 4 3 11 6 3 4 3
5 6 9 2 4 1 2 8 5 7 5 6
13 5 1 2 7 9 11 13 1 3 16 1
0 2 5 7 1 1 2 4 3 0 1 4
2 8 8 17 4 21 7 8 2 11 15 9
0 1 6 2 2 5 10 9 5 6 7 1
3 1 14 8 3 10 0 8 3 7 11 1
3 0 2 1 1 3 3 6 5 2 4 4
15 10 3 8 15 3 3 8 1 6 14 5
3 7 3 7 1 1 2 3 7 1 5 2
2 1 5 5 9 7 1 2 4 0 1 8
12 0 8 10 5 2 1 14 8 7 3 4
22 26 8 5 4 6 7 8 9 1 4 5
14 24 1 4 12 4 10 1 1 9 11 4
4 5 1 1 6 1 2 2 4 1 1 3
4 3 20 9 13 7 5 13 6 6 5 24
1 1 6 1 3 1 1 1 2 4 1 6
4 15 16 5 4 14 10 1 7 3 2 1
5 2 8 4 7 8 4 11 4 4 2 10
5 6 8 6 4 4 0 0 1 4 9 4
21 13 10 8 5 3 5 17 6 9 2 7
4 2 4 2 1 2 5 1 1 0 1 5
3 1 22 6 17 10 8 2 4 14 1 12
12 1 5 5 2 17 17 0 3 3 10 13
4 0 6 7 10 9 13 9 6 6 5 16
5 4 1 9 3 3 13 11 4 3 2 4
6 6 4 5 1 5 4 1 3 4 6 6
13 4 3 10 6 16 7 9 4 8 3 2
9 6 7 11 0 13 1 24 14 8 2 14
1 2 6 5 5 9 1 1 1 11 3 2
8 0 14 8 16 11 8 4 8 5 8 16
3 4 3 16 6 1 2 16 7 5 20 4
3 12 9 12 1 10 4 13 1 7 21 5
1 6 3 3 10 5 5 4 1 9 5 2
1 0 1 4 3 3 3 5 2 4 5 1
2 5 4 2 0 4 2 0 2 5 1 2
2 10 2 14 16 3 3 20 11 12 2 15
4 4 1 1 1 4 1 3 6 3 0 3
6 5 5 0 6 5 2 1 3 2 3 3
2 5 2 2 1 2 7 2 1 9 2 1
0 9 2 0 1 6 5 11 8 1 11 4
3 1 3 3 9 13 0 11 1 5 8 13
5 8 11 4 9 2 2 1 3 0 5 5
0 2 0 3 5 6 1 2 2 9 7 3
1 2 13 12 6 10 5 3 16 5 3 17
2 1 5 8 5 5 2 3 0 11 6 6
9 13 5 5 17 11 1 2 8 1 12 3
10 13 5 9 8 6 7 6 1 4 5 8
22 9 19 13 3 5 3 2 14 10 4 10
14 1 11 5 14 9 4 1 3 12 7 3
10 1 17 10 1 19 3 5 5 15 15 5
2 11 4 2 6 11 13 11 6 10 4 10
4 11 0 0 0 4 2 2 6 0 3 0
1 6 3 6 2 0 2 1 1 1 8 5
6 4 2 5 1 11 3 7 2 7 5 0
6 14 5 1 13 21 4 4 10 2 0 3
6 5 11 5 3 3 12 0 10 1 4 9
4 10 5 4 5 8 9 8 5 2 5 5
9 1 3 1 12 6 4 5 8 3 1 5
8 1 6 6 4 2 15 8 11 1 0 0
3 4 0 10 7 8 8 1 7 5 1 3
1 8 16 9 7 11 1 9 7 1 11 0
6 3 1 3 10 0 2 24 12 11 12 8
5 2 1 3 0 13 2 3 7 3 7 2
5 1 9 5 6 6 1 0 2 5 6 1
0 7 11 2 11 1 0 0 3 4 2 6
4 2 3 24 10 16 17 4 6 11 5 1
3 0 3 11 5 0 15 8 1 3 7 5
12 7 13 2 16 5 8 3 13 6 10 9
3 8 13 13 2 6 5 5 5 2 8 9
4 3 2 1 8 1 1 4 3 2 5 7
1 5 8 7 10 1 11 0 9 5 3 1
12 8 6 9 1 6 2 5 4 5 1 11
9 2 7 0 3 3 8 9 3 2 3 0
4 3 3 8 2 5 2 2 2 1 7 4
15 15 4 3 4 1 8 6 6 4 13 5
10 9 3 1 7 4 4 20 5 5 11 1
6 3 19 4 16 10 11 5 3 12 12 6
3 0 8 7 6 1 5 11 8 10 3 22
15 14 7 8 0 10 14 12 2 15 7 10
5 0 2 2 7 5 2 0 3 1 0 3
6 3 4 9 1 2 7 6 4 7 3 6
1 3 4 7 1 2 5 3 5 1 14 0
1 4 2 1 4 2 7 2 4 2 8 7
1 20 5 7 9 23 2 7 15 5 1 13
5 2 2 4 0 1 9 1 4 0 2 5
3 3 5 4 8 3 5 0 3 5 3 2
0 6 5 1 0 2 6 1 5 3 2 3
9 2 8 1 8 3 15 0 21 10 1 7
4 6 1 1 2 2 5 4 2 0 6 5
15 6 8 15 14 5 6 3 6 4 13 16
5 6 3 8 1 4 1 4 1 7 4 6
12 9 2 5 1 11 3 4 3 22 3 7
1 5 4 6 0 3 3 3 2 1 2 0
1 5 3 2 3 7 1 1 0 0 5 0
4 14 9 2 7 5 5 4 5 2 10 4
4 5 10 9 5 3 8 9 9 1 14 11
3 7 3 6 3 13 23 17 8 5 2 6
3 15 3 4 2 12 13 14 3 2 7 10
2 2 6 3 9 1 7 3 10 0 5 1
11 4 3 13 14 10 11 0 8 1 6 9
13 9 7 2 25 10 4 7 7 9 1 18
8 2 0 10 2 1 7 7 6 4 0 10
6 10 12 12 5 6 6 9 1 7 7 1
2 2 2 3 17 11 2 8 4 4 4 5
3 4 12 23 13 7 8 9 4 3 7 2
8 10 2 4 6 16 5 3 14 5 2 6
1 11 1 8 5 3 7 12 14 16 5 4
1 17 15 2 3 1 7 4 7 7 19 3
3 4 7 1 3 2 4 8 13 2 5 1
7 2 15 5 5 8 7 1 7 6 0 10
9 1 0 0 7 1 1 3 3 8 4 9
1 5 1 5 0 7 1 13 1 6 5 1
7 4 12 4 11 8 11 0 1 6 3 1
3 1 8 3 4 3 7 2 0 8 6 4
2 5 4 3 1 1 1 3 5 6 4 2
1 9 6 3 2 2 2 1 7 6 2 1
5 2 1 0 3 5 1 3 4 9 4 1
0 4 9 2 1 0 10 0 1 3 6 1
3 0 15 1 12 14 1 8 8 21 4 10
9 9 22 3 14 7 1 5 3 15 5 1
3 9 5 2 2 4 2 2 0 3 2 2
1 20 2 14 15 3 5 0 2 6 0 2
2 0 10 3 4 1 8 4 8 8 7 10
11 7 6 4 9 3 9 6 12 3 4 11
5 3 5 5 3 1 1 1 18 7 9 11
2 3 4 14 15 8 0 17 7 4 2 7
3 2 3 0 3 2 2 4 4 1 9 1
7 5 3 1 11 6 1 8 4 0 12 1
6 4 7 1 0 3 14 15 10 5 9 17
0 12 7 15 2 6 14 0 16 13 17 4
3 5 3 0 3 4 0 7 0 1 3 1
0 3 1 2 2 2 1 6 1 7 1 6
4 16 2 6 5 0 11 11 6 3 2 3
1 6 6 19 4 1 0 10 4 10 6 4
5 5 9 8 5 3 0 7 13 1 6 6
0 10 1 4 2 3 7 8 3 4 0 7
3 1 10 11 4 9 9 13 23 15 9 4
1 3 1 11 8 4 15 1 9 2 4 3
5 3 7 4 4 1 6 9 0 5 8 2
5 1 5 3 0 2 8 2 1 9 1 0
11 1 7 6 6 7 5 4 10 8 6 5
2 2 2 3 0 1 1 6 14 6 2 3
2 2 2 1 4 2 5 6 2 2 7 4
7 1 6 6 3 2 7 6 1 3 0 9
17 12 5 12 5 8 8 4 3 3 9 3
5 5 10 2 9 22 2 4 2 8 25 0
12 11 6 10 10 5 7 6 2 9 1 6
1 5 6 8 1 8 7 4 18 1 3 13
0 4 1 19 13 6 3 15 0 15 16 0
3 5 2 4 1 11 11 10 4 0 4 2
11 1 19 1 7 6 2 10 25 8 0 14
8 3 2 1 0 1 3 6 5 3 6 3
8 2 3 15 6 5 4 10 6 6 3 15
2 1 8 4 5 0 7 14 3 15 6 1
2 2 9 7 10 3 2 5 3 4 21 13
17 20 5 5 21 12 6 6 2 2 8 1
5 7 3 0 8 8 3 5 2 9 9 3
2 7 6 3 6 13 11 0 12 6 17 3
5 6 5 2 5 4 2 1 5 1 6 4
0 5 9 2 7 16 10 4 2 1 7 1
10 1 9 2 3 27 0 12 2 1 15 6
0 3 7 4 2 2 3 2 1 1 2 3
9 22 14 4 1 3 0 1 3 4 10 15
1 2 4 7 5 5 8 2 2 4 3 4
14 10 1 12 10 5 12 2 0 3 14 8
2 1 1 1 2 6 1 5 1 7 0 2
1 1 2 6 2 3 11 1 1 2 2 1
8 6 2 12 5 4 0 6 10 4 5 11
8 0 7 9 19 8 4 11 6 18 9 2
7 1 4 2 5 0 3 0 5 3 4 4
3 9 4 10 4 2 3 5 9 5 1 3
7 6 8 7 2 2 0 2 8 5 13 2
8 1 4 9 16 3 14 13 1 5 6 12
1 5 4 9 14 6 7 8 2 5 5 4
0 7 7 1 16 6 8 7 9 3 8 2
6 2 6 1 2 2 0 1 2 2 1 6
3 3 6 6 8 5 9 11 0 3 2 12
9 2 11 13 8 1 15 2 8 1 2 5
9 13 0 13 11 3 7 18 0 7 7 7
1 3 13 11 12 3 6 11 1 16 4 4
5 18 9 5 15 4 9 14 12 6 5 5
2 1 0 2 0 2 3 8 4 2 2 1
8 12 1 7 17 3 3 8 10 9 4 9
3 3 0 1 5 2 1 4 5 5 3 2
8 4 2 1 4 6 3 2 3 3 5 5
3 4 3 3 4 1 3 3 4 4 4 0
8 4 3 3 0 7 9 3 2 4 5 6
10 5 11 6 3 5 3 5 11 9 8 8
10 7 0 2 1 11 6 7 0 10 0 7
1 3 0 3 6 2 3 2 2 2 3 7
7 1 7 5 4 13 1 9 20 6 4 11
2 1 4 1 5 1 6 11 8 1 3 6
5 4 5 6 3 1 5 5 1 10 1 4
4 3 6 2 2 1 1 3 1 5 3 5
3 5 2 4 0 6 2 4 3 1 4 1
4 2 2 13 5 7 5 2 4 19 4 5
4 7 1 0 7 3 4 6 3 5 16 4
4 6 0 1 7 8 12 0 1 4 13 9
13 2 1 2 8 7 14 4 26 8 1 7
5 3 5 3 3 2 4 4 0 4 6 1
0 10 21 1 3 15 1 5 9 5 3 6
2 7 4 0 1 1 6 16 2 9 12 4
4 1 2 5 9 3 10 2 8 5 2 9
1 3 4 4 12 3 1 8 10 9 6 9
8 3 1 5 3 1 2 4 6 2 2 3
3 11 2 4 15 9 10 4 12 8 13 12
5 14 19 2 10 2 9 12 1 3 12 10
2 2 2 2 4 8 2 1 9 0 5 0
10 17 2 0 9 6 14 4 2 4 6 8
1 10 0 2 5 1 3 1 8 5 3 2
2 9 8 3 7 3 3 6 2 11 3 8
15 0 5 4 17 5 10 10 15 2 10 17
2 2 19 13 7 15 9 2 4 4 6 1
7 13 7 9 4 7 1 3 7 2 5 9
1 3 1 4 23 3 7 4 5 6 9 1
4 7 5 1 2 1 4 2 4 14 1 8
7 4 12 5 5 2 7 5 8 1 5 13
12 8 4 4 4 10 4 5 8 18 14 1
5 7 4 6 15 0 3 5 1 2 3 7
4 1 15 7 2 16 1 2 4 4 14 14
4 0 5 8 14 4 3 1 8 5 4 2
0 7 4 4 2 19 3 12 2 8 10 7
12 0 1 1 6 1 3 9 4 2 11 0
3 0 16 3 12 4 5 0 12 2 3 17
1 3 2 5 1 7 1 2 5 3 2 1
5 4 6 9 8 9 19 1 16 9 4 6
9 2 12 6 7 7 13 0 7 0 10 6
1 12 5 1 2 5 1 3 1 1 3 1
2 4 3 3 4 5 3 8 8 15 6 6
4 2 6 1 2 6 5 2 1 6 1 3
4 6 1 6 4 3 0 4 3 9 1 1
2 5 13 3 17 1 4 3 6 18 1 1
3 8 3 0 12 5 5 8 2 9 6 4
4 12 6 2 0 0 2 14 2 3 1 2
11 0 11 1 7 2 4 8 3 5 5 5
0 12 11 2 4 12 5 4 4 15 13 5
0 4 6 4 0 2 1 4 3 6 0 0
0 2 6 15 10 2 14 19 2 13 14 15
4 4 7 3 7 14 1 6 4 6 1 2
0 3 1 1 8 7 1 7 7 5 4 4
3 9 3 5 1 4 2 4 1 1 2 7
1 0 1 5 8 4 6 4 5 1 2 4
15 22 4 3 10 2 5 10 2 18 7 13
15 2 3 1 15 3 4 6 1 6 0 1
0 2 8 13 9 23 10 3 14 9 17 8
0 5 8 19 18 1 11 12 10 19 3 9
8 11 5 1 0 7 1 2 6 1 7 4
7 5 1 24 0 8 0 18 8 9 14 10
6 18 2 5 9 1 2 19 8 10 2 13
10 11 9 11 20 2 3 15 3 11 0 9
3 4 3 1 5 3 4 5 3 0 7 0
11 4 1 2 9 6 4 4 1 11 0 3
1 4 4 3 7 1 7 3 6 3 4 5
5 4 5 2 4 1 9 7 2 3 1 3
12 3 4 7 4 4 7 10 3 2 1 6
4 5 2 3 2 3 8 3 8 14 2 5
2 5 8 1 10 6 6 7 3 1 10 1
1 6 6 5 3 5 0 3 5 2 0 5
8 15 8 1 11 1 5 13 0 0 4 2
5 2 6 9 4 12 1 1 6 12 20 5
4 8 12 20 4 4 12 5 2 9 2 1
3 1 3 8 12 3 6 6 4 6 1 5
2 4 1 4 1 6 0 3 1 2 2 2
4 6 4 11 4 6 13 12 9 3 7 3
3 1 0 3 4 2 1 9 1 3 6 10
8 14 3 5 10 3 5 5 11 12 4 1
4 5 1 0 4 1 5 1 1 0 1 6
6 10 3 3 12 8 1 15 4 0 5 4
11 2 5 10 9 1 4 0 8 8 8 5
2 16 1 2 6 4 3 1 11 5 4 3
2 11 9 0 5 2 14 13 23 2 8 1
4 3 5 4 3 2 10 8 5 1 1 7
1 1 7 3 3 5 5 2 2 2 4 4
8 3 9 2 3 16 2 6 1 28 16 7
16 1 7 13 8 1 1 4 7 1 14 14
6 5 4 10 7 11 4 7 14 8 6 4
0 9 1 0 6 3 1 0 5 11 3 7
1 2 1 10 10 11 5 4 5 5 10 2
1 9 10 4 11 4 15 0 5 2 14 6
4 1 6 16 22 3 4 16 5 8 15 9
7 4 0 1 12 6 10 8 5 5 5 2
2 3 1 3 22 6 9 0 5 1 2 3
27 13 4 2 7 1 7 13 11 3 3 10
4 1 4 6 6 1 9 1 9 8 6 9
3 4 0 0 0 1 5 3 0 2 5 7
7 2 10 11 7 1 2 1 10 21 2 20
3 6 1 3 6 6 3 7 0 3 7 3
3 3 6 4 5 16 3 12 3 17 2 4
0 3 6 3 3 8 8 1 7 5 11 8
1 3 11 2 0 6 2 3 7 4 0 3
1 1 3 3 0 1 1 2 7 4 4 0
4 3 2 2 4 0 3 0 7 5 4 1
8 15 2 23 0 2 15 3 5 0 10 9
0 1 2 4 2 5 1 0 2 6 4 7
0 5 7 5 5 2 2 2 3 3 1 3
7 3 6 0 16 7 16 1 10 10 22 7
3 3 1 4 5 2 6 2 3 3 3 1
2 6 2 6 2 4 6 3 4 4 1 3
5 3 3 5 5 12 2 0 0 9 6 9
6 2 4 1 3 3 1 4 2 0 2 3
3 4 17 1 9 17 1 1 7 3 3 15
1 1 6 3 4 4 3 2 0 5 0 1
7 12 14 11 1 5 25 6 5 10 4 8
1 6 4 22 2 5 3 6 11 4 10 1
0 1 2 1 5 15 3 5 6 0 17 1
6 3 1 10 7 2 2 1 6 2 6 2
1 1 1 2 3 9 2 1 6 3 2 16
9 14 4 9 9 0 8 8 5 8 13 13
18 5 17 1 10 1 1 4 2 7 5 6
5 5 6 7 5 3 7 11 0 8 2 4
5 3 6 3 0 6 3 2 4 1 2 9
4 7 21 8 14 9 1 1 3 6 8 15
1 11 4 7 20 0 18 3 2 1 7 6
1 8 9 1 8 0 7 4 17 2 5 11
4 0 6 3 3 3 10 2 2 9 2 1
3 4 15 7 6 5 5 27 7 1 4 13
2 3 7 1 4 4 7 5 2 4 0 0
5 3 1 6 4 4 4 0 2 1 4 2
10 10 13 6 1 4 4 0 17 5 8 4
5 0 4 15 5 1 0 3 8 5 17 9
3 0 6 2 2 3 11 2 1 3 4 2
2 6 5 6 6 6 2 5 8 4 4 1
7 3 2 3 1 2 7 0 2 8 6 4
3 2 0 2 4 6 1 2 3 6 3 8
3 1 10 6 15 3 10 3 4 8 3 9
6 8 2 1 4 3 5 3 5 4 0 0
5 1 1 1 6 6 1 0 2 1 1 1
1 6 8 3 4 9 3 19 8 3 8 6
6 2 12 9 11 19 16 7 3 6 1 5
2 1 9 4 2 3 4 1 2 4 1 4
1 15 1 3 1 8 1 7 5 2 3 5
12 4 2 0 6 3 5 0 5 10 21 5
9 1 5 5 4 2 2 5 12 2 8 4
5 20 2 15 6 2 6 7 9 4 14 22
4 9 12 4 10 16 5 3 6 0 3 2
5 6 2 4 4 2 14 0 9 1 7 5
4 2 1 1 4 1 2 5 1 3 2 7
1 3 7 2 3 1 2 7 3 8 3 2
4 3 8 2 15 3 5 2 5 1 2 4
7 1 3 2 5 5 6 5 8 0 8 10
4 2 3 9 14 18 18 11 4 9 3 17
8 14 3 5 1 1 6 13 13 1 3 7
4 4 8 3 5 4 7 1 5 0 2 5
7 9 1 3 6 8 4 11 7 2 9 19
6 2 7 16 12 7 12 5 15 11 11 11
11 3 3 15 7 4 4 2 2 8 5 2
3 8 5 4 16 2 18 15 9 3 8 4
4 1 11 4 5 5 9 6 15 8 12 9
6 10 17 15 7 2 6 10 13 19 6 7
4 3 3 14 10 0 7 4 16 26 2 7
7 4 4 3 1 5 4 3 0 2 5 0
2 7 2 0 5 2 4 3 2 2 3 4
3 6 3 12 10 2 5 0 7 0 4 3
15 18 4 3 12 2 3 1 5 1 9 20
3 18 3 3 13 4 8 13 10 3 2 13
0 5 4 1 5 2 5 4 6 5 7 10
4 1 2 8 7 3 6 2 3 0 10 0
2 17 4 9 4 3 11 3 20 15 4 13
5 9 8 8 3 4 6 4 7 0 12 2
9 4 7 0 13 5 2 5 1 8 10 16
4 5 3 6 11 4 3 0 5 1 3 1
3 9 3 12 15 9 14 4 9 6 8 3
9 9 24 2 4 7 11 9 4 0 6 14
7 3 7 15 7 3 3 12 14 19 5 6
2 5 2 4 4 0 2 2 0 6 4 1
0 0 5 4 3 1 0 3 4 8 0 0
11 6 13 3 1 6 8 16 0 2 3 13
5 0 4 0 1 3 4 8 1 1 1 4
3 5 2 4 0 2 2 5 2 7 6 3
5 15 2 3 4 1 2 15 2 7 5 19
3 6 5 1 12 17 10 3 7 2 22 1
7 4 2 8 19 3 8 7 6 9 2 16
3 2 6 5 5 7 2 6 10 11 1 4
6 14 11 6 3 1 9 7 3 8 4 4
7 1 10 8 21 3 11 19 10 8 11 1
6 5 6 5 12 9 7 15 8 5 17 1
3 2 0 2 11 7 3 7 0 6 4 6
4 6 9 4 11 7 4 4 2 2 16 1
5 2 6 1 3 5 4 8 9 1 2 4
0 6 6 4 8 2 7 8 3 5 4 7
1 4 12 16 20 5 4 1 10 22 5 7
8 4 4 6 12 3 6 3 2 2 1 3
2 3 3 1 1 7 5 1 0 2 5 0
5 13 21 9 2 3 15 3 11 2 2 4
1 1 1 6 2 2 4 6 0 3 0 2
4 6 2 7 2 20 13 8 8 18 5 0
3 0 10 1 7 3 4 1 3 4 4 2
5 5 7 4 4 6 0 6 0 2 3 2
5 8 2 3 3 4 4 4 5 13 0 7
3 8 8 7 2 16 6 5 10 3 3 17
1 0 4 2 10 3 3 3 2 1 5 12
4 4 3 5 1 6 5 1 2 2 2 2
2 12 4 5 2 5 15 5 3 0 4 6
5 6 7 2 25 16 0 8 10 14 12 2
0 4 4 4 10 1 3 13 2 10 1 8
15 7 12 2 11 6 1 10 16 9 8 10
8 7 1 7 1 8 7 3 6 2 9 0
8 2 4 0 3 4 7 10 11 5 1 13
1 10 4 1 17 5 0 5 7 1 9 6
1 7 6 2 2 1 1 3 2 5 13 1
6 2 1 2 1 2 6 3 1 0 2 2
18 7 15 8 2 14 7 9 15 0 1 5
11 4 4 4 15 4 6 14 2 6 8 4
2 3 1 4 2 4 5 3 1 1 2 5
3 4 6 3 7 2 3 9 6 6 9 2
1 4 3 5 2 0 6 0 1 2 1 4
5 1 2 2 1 5 3 6 2 0 3 4
2 4 2 4 3 4 1 3 0 1 6 6
8 1 4 0 4 2 0 1 8 4 4 7
15 6 11 5 3 8 10 9 9 1 8 12
5 8 13 12 8 7 10 0 15 0 10 1
11 0 5 2 2 1 6 1 10 10 8 4
2 5 1 8 10 1 0 3 12 7 5 9
8 1 12 1 9 7 3 4 5 10 7 5
10 13 5 8 5 18 5 24 7 2 4 15
3 6 6 4 1 5 10 3 0 2 1 1
3 11 1 1 6 5 1 4 4 0 2 4
2 8 1 5 5 4 4 3 6 2 0 4
2 2 15 16 7 12 2 7 2 13 8 10
12 8 1 4 5 8 5 1 2 2 8 5
4 3 3 11 1 1 1 5 7 3 0 1
3 4 1 1 1 3 4 7 12 4 15 0
15 1 4 1 3 5 4 3 1 10 3 3
2 5 0 14 2 4 11 6 1 1 6 5
1 1 1 3 7 2 2 4 6 1 11 4
4 4 4 0 4 2 10 7 3 4 9 9
7 0 7 3 9 7 11 1 1 7 7 4
10 9 13 7 9 5 4 1 4 8 1 8
8 14 3 3 1 7 0 9 2 9 9 9
2 1 2 5 8 2 4 3 2 2 1 2
22 5 6 10 5 8 4 2 6 4 16 12
5 7 14 5 14 7 12 1 7 12 6 9
10 1 2 1 1 2 2 6 0 5 3 4
14 22 7 3 3 7 1 9 18 4 5 8
7 23 0 2 4 9 8 14 6 9 10 3
6 5 2 0 6 2 2 4 5 1 4 1
5 17 2 1 0 2 1 1 2 2 9 5
1 4 9 1 5 5 8 18 5 7 4 4
4 3 3 7 5 1 7 4 3 11 7 9
1 4 9 4 9 1 3 3 7 8 9 1
3 3 8 3 11 12 1 1 9 7 3 3
3 3 4 2 3 2 2 4 3 9 2 2
5 5 2 15 5 11 3 14 1 2 5 2
11 5 0 4 1 5 0 15 8 5 4 4
6 11 5 13 15 2 10 8 6 2 18 5
6 2 10 7 4 1 7 1 1 2 2 1
6 8 3 9 10 8 3 1 0 9 5 3
9 8 0 10 6 1 3 16 5 12 27 7
3 2 1 1 4 5 3 4 2 4 1 7
1 4 5 1 1 6 3 8 2 0 8 1
3 12 2 8 1 10 4 16 9 3 4 3
4 4 4 4 0 6 2 3 4 4 2 3
2 4 4 16 4 5 7 2 7 3 5 4
3 4 2 0 6 8 2 1 1 6 4 1
6 4 11 0 6 7 0 2 5 13 0 8
1 5 1 10 14 5 1 4 1 2 2 7
4 7 12 3 4 7 6 3 0 0 5 15
5 5 1 11 3 10 4 3 10 10 1 4
1 1 2 6 3 10 6 5 5 15 8 9
4 2 5 0 1 4 3 0 3 3 0 5
5 3 4 6 9 2 7 0 1 1 1 0
5 4 8 2 3 11 8 9 7 4 6 0
5 1 18 1 4 3 1 5 12 5 11 8
2 3 0 8 7 9 7 12 4 5 4 7
4 5 9 0 11 1 6 6 3 7 5 4
6 13 12 2 4 16 7 2 11 5 5 0
0 2 6 1 6 6 2 2 9 5 3 2
1 7 8 9 22 7 1 1 6 7 21 12
2 0 15 0 5 5 4 4 4 7 6 3
2 14 9 6 7 13 5 9 27 6 4 10
1 5 3 7 2 7 1 8 4 0 1 2
10 14 3 4 2 14 5 14 14 17 2 2
5 6 1 3 2 5 12 14 10 1 4 10
3 2 1 8 2 1 2 3 6 8 4 6
7 2 6 9 3 1 3 12 7 4 2 1
5 5 12 5 9 2 3 16 9 9 13 7
4 4 2 0 3 1 2 0 2 3 7 2
11 11 9 8 15 12 15 7 2 3 1 5
0 6 13 14 5 8 5 5 3 12 1 5
11 8 8 4 0 4 10 4 1 1 5 3
1 10 13 8 3 1 10 10 4 6 3 6
1 6 4 9 11 4 6 5 11 1 0 2
2 3 1 1 3 9 7 5 7 0 5 7
3 5 2 5 17 14 7 0 7 1 5 2
3 15 16 8 12 11 10 10 15 9 3 11
9 13 12 4 2 0 5 8 18 4 18 17
9 4 2 4 11 7 6 5 7 5 10 5
1 3 1 1 2 4 5 2 2 3 7 2
6 1 3 10 0 2 9 13 1 9 4 13
2 3 10 3 9 3 5 20 12 0 12 5
11 2 6 8 8 2 3 6 5 4 2 7
3 7 7 2 5 13 5 17 11 11 6 0
4 14 0 0 10 5 4 11 5 3 3 20
2 8 1 3 2 0 3 0 7 5 5 1
4 1 0 0 5 1 0 1 8 1 3 1
0 1 0 5 4 2 2 2 2 5 3 6
8 6 7 2 7 1 1 3 10 6 4 5
7 17 3 7 9 2 3 4 2 2 3 1
5 8 0 5 1 4 2 24 19 21 0 4
22 5 8 7 5 2 4 1 2 20 6 13
0 4 0 10 4 1 14 5 4 0 6 4
4 6 17 1 7 1 3 6 6 10 6 6
6 4 9 6 4 2 8 5 9 9 2 4
6 8 5 1 7 4 17 3 7 10 15 12
2 5 1 2 9 3 3 3 7 14 5 12
7 14 10 6 1 6 1 10 5 1 20 5
3 2 2 2 1 5 4 2 2 3 4 5
0 1 0 1 2 3 1 6 10 11 2 1
13 15 10 14 4 3 7 7 16 3 2 18
3 3 4 4 3 4 1 3 2 7 1 2
9 5 9 4 5 20 9 7 3 18 2 0
26 4 8 3 0 6 12 3 11 10 10 6
1 3 4 5 1 0 2 3 7 1 6 0
2 10 0 16 9 15 13 2 8 2 4 11
7 2 1 4 1 2 8 2 4 12 6 3
5 2 10 4 7 3 1 11 1 8 4 16
5 5 3 1 0 1 3 4 2 2 1 2
4 3 6 4 4 1 5 5 1 1 1 4
4 0 5 6 7 3 14 17 2 2 0 10
0 6 8 4 5 8 4 2 1 7 2 4
1 7 4 20 1 11 4 8 0 2 2 14
13 5 4 3 5 3 2 1 8 3 2 5
6 13 12 17 2 7 13 0 6 2 2 9
2 10 3 1 0 7 1 7 2 1 7 8
10 7 3 6 4 4 6 4 5 2 3 8
1 3 4 9 1 8 10 8 4 24 18 7
10 1 4 6 5 9 16 18 4 3 6 14
12 4 0 9 4 1 15 5 8 8 18 0
14 5 6 12 8 5 1 8 6 11 11 15
1 0 2 2 1 4 2 1 4 8 6 5
12 9 4 16 1 2 9 2 11 9 1 7
1 2 1 3 2 6 5 2 7 1 11 4
4 1 1 5 2 0 6 4 3 0 0 1
3 11 15 1 4 0 9 10 11 5 8 2
6 0 3 6 0 4 11 0 2 7 9 2
1 4 1 2 0 8 8 5 9 3 4 0
1 50
3 14
4 24
4 102
5 15
5 27
6 23
6 81
7 81
8 21
8 69
9 13
9 19
10 17
10 74
11 33
11 70
11 83
11 111
12 88
12 106
12 111
13 43
13 81
15 32
15 113
16 21
17 94
18 42
18 98
18 113
19 47
20 43
20 77
22 36
23 27
23 35
25 92
25 99
27 63
28 37
28 115
32 48
33 90
34 126
37 39
38 39
38 76
38 105
38 130
39 131
40 67
41 73
43 50
43 125
44 106
44 123
45 88
45 127
46 61
47 81
47 105
47 139
49 79
49 90
49 104
49 128
50 79
51 54
51 70
52 60
52 93
52 127
53 82
53 93
53 145
53 146
54 125
54 151
55 69
55 102
56 95
57 97
58 158
59 104
63 115
63 147
64 129
64 135
64 137
65 103
66 73
68 76
68 164
72 128
73 118
73 119
73 164
74 78
74 111
74 138
75 86
75 151
76 94
77 120
78 94
78 176
79 96
79 128
79 165
80 92
80 100
80 171
81 93
82 180
83 87
84 158
85 90
87 115
87 157
88 108
88 118
89 175
91 106
91 128
91 136
92 109
92 150
93 139
93 174
94 155
96 127
96 137
96 156
97 187
100 160
100 192
100 199
101 152
102 122
104 166
105 141
106 147
106 150
108 130
108 194
108 208
110 119
110 161
112 132
112 164
113 133
113 186
114 210
116 212
117 132
117 137
117 196
118 168
119 177
120 124
120 203
121 163
121 220
123 164
124 179
124 185
124 194
125 163
125 222
128 130
128 163
128 199
132 199
132 219
133 137
134 150
134 167
134 168
136 188
136 194
136 209
137 206
138 142
138 151
138 166
138 188
138 197
138 228
139 238
143 184
144 160
145 218
146 148
146 149
147 214
148 171
148 214
152 227
152 243
153 192
153 241
155 199
156 178
158 212
159 189
159 197
160 257
161 185
161 201
161 211
161 243
162 231
162 233
162 251
165 257
166 184
166 204
166 211
166 236
167 187
167 212
167 221
167 267
170 196
170 248
172 188
172 196
173 180
173 243
173 265
174 233
174 243
175 184
175 225
175 246
176 179
176 270
177 254
178 200
178 205
178 243
178 250
178 273
179 212
180 245
183 259
183 271
184 245
186 275
187 208
187 228
188 242
189 279
190 264
191 193
191 242
191 281
192 236
193 287
194 277
195 209
195 237
196 218
196 284
197 211
198 201
198 214
199 211
199 287
200 205
200 265
200 279
202 239
202 283
203 297
204 216
205 295
206 292
206 298
208 245
209 214
209 263
209 280
210 262
211 230
211 265
211 283
211 297
211 311
212 222
212 274
212 304
212 310
213 293
215 275
215 295
217 227
217 265
218 223
218 262
218 302
219 223
219 232
219 256
219 265
220 256
223 261
223 298
224 304
224 322
226 248
227 312
227 321
228 289
229 311
229 312
231 278
231 296
231 304
232 238
233 257
234 284
235 249
235 267
236 239
237 288
237 327
240 300
240 308
240 320
241 263
241 282
241 289
242 245
242 249
243 290
245 281
246 346
247 251
247 318
248 277
248 332
249 318
249 341
252 260
252 286
252 313
252 319
253 265
254 334
255 337
255 339
256 275
257 261
258 313
259 339
260 307
260 311
260 330
261 273
261 340
262 334
263 299
263 346
264 301
264 351
267 311
267 348
269 329
269 344
269 351
270 281
270 295
271 325
274 361
274 373
275 325
276 304
277 329
277 353
278 326
278 353
279 330
279 331
280 340
281 323
281 347
282 294
282 303
283 286
285 304
286 349
289 345
292 297
292 346
293 327
294 355
294 367
295 308
295 343
298 332
300 304
300 339
301 347
304 310
304 314
304 315
305 329
305 394
306 385
306 386
306 404
308 326
308 330
308 335
308 348
308 356
308 373
308 406
309 323
309 388
309 397
310 402
311 357
312 380
312 389
314 317
317 412
320 358
320 398
324 405
325 380
326 344
326 348
326 350
326 376
327 347
328 337
328 338
330 354
330 374
330 378
330 409
330 429
332 347
332 379
332 424
333 423
334 335
334 425
335 345
335 362
335 376
336 340
337 348
338 343
338 347
338 417
340 399
341 348
341 418
341 431
342 431
343 351
345 365
345 402
345 436
346 428
347 373
347 376
347 388
347 414
348 370
348 375
349 435
350 418
351 403
351 414
353 399
354 413
355 359
355 419
355 440
356 397
357 362
358 383
359 413
359 452
360 414
360 458
360 460
361 459
362 400
364 384
364 423
366 416
366 449
367 392
367 406
367 413
368 435
371 454
372 417
372 466
373 383
373 394
374 453
376 414
376 449
377 390
377 407
377 453
378 476
379 401
379 470
380 383
380 407
380 441
380 448
380 452
380 454
380 473
381 417
381 468
382 390
382 407
383 465
384 391
384 422
384 446
385 400
386 393
386 467
387 435
389 398
390 400
391 417
391 474
392 405
392 456
393 481
394 407
394 410
394 473
394 493
395 418
395 442
395 478
396 421
396 426
396 465
396 491
397 412
397 436
398 425
400 464
401 408
401 430
401 457
401 498
402 429
402 470
402 490
402 497
403 425
403 477
404 413
404 443
404 444
404 483
405 430
405 464
406 438
406 466
407 412
407 444
407 498
410 417
410 418
410 453
410 507
411 444
411 484
414 416
414 444
414 445
415 438
417 479
417 507
418 441
418 454
419 473
419 513
420 492
420 507
421 461
422 475
424 465
424 481
425 459
425 468
425 516
426 435
426 475
429 445
430 454
430 460
430 520
431 441
431 453
431 472
432 438
432 469
433 440
433 518
434 454
434 460
435 448
435 520
435 531
436 482
436 512
437 480
437 484
438 518
439 449
439 525
440 517
442 467
443 444
443 541
444 515
444 532
445 459
445 489
448 476
450 471
450 502
450 516
451 464
451 490
452 465
452 496
455 511
455 530
456 487
456 494
456 551
457 551
458 496
458 498
460 495
461 479
461 494
462 463
462 557
464 549
465 472
465 494
466 502
469 540
469 558
471 527
472 568
473 493
475 495
475 535
475 539
476 519
477 526
478 532
480 487
481 527
481 545
481 550
482 495
482 512
483 487
483 525
483 575
486 586
490 513
491 512
491 523
492 574
493 582
494 506
494 516
494 521
494 523
494 539
497 506
498 582
500 558
502 513
502 548
503 508
504 508
504 563
505 560
505 601
505 605
506 518
506 540
507 524
507 541
507 550
508 555
508 591
510 534
512 550
512 553
512 565
512 578
512 594
512 609
514 558
514 573
515 519
518 530
518 613
519 522
519 586
520 523
520 600
521 589
522 576
522 612
523 531
523 569
523 570
525 609
528 608
529 588
529 619
531 576
532 539
532 582
533 540
534 537
535 552
535 565
535 587
536 544
536 605
537 549
538 624
538 637
539 550
539 601
540 604
540 610
542 543
542 638
543 571
545 593
545 637
546 627
546 643
547 615
547 631
548 640
549 565
549 602
550 607
550 608
550 618
551 556
551 618
551 626
552 617
554 600
555 582
557 575
557 623
557 656
558 578
558 633
559 594
559 611
559 617
559 650
560 611
561 636
561 656
563 604
563 644
563 651
565 632
568 616
568 648
569 639
570 596
570 608
571 593
571 605
571 671
572 576
573 589
573 612
574 597
575 592
575 650
575 669
575 671
576 632
576 645
577 594
577 640
577 650
578 589
578 598
578 676
580 639
580 679
581 606
581 647
582 624
582 646
583 664
585 588
585 627
585 662
585 680
586 642
587 618
587 649
587 665
588 657
588 668
590 677
591 594
591 675
592 602
592 619
592 643
592 690
593 630
593 640
594 605
595 613
595 639
595 694
597 613
597 625
597 631
597 665
597 672
598 614
598 683
598 686
599 622
599 649
599 664
599 670
600 660
601 659
602 608
602 625
603 616
604 610
604 681
605 620
605 684
605 700
605 704
607 652
607 682
607 687
608 672
608 674
609 687
611 647
611 665
611 670
611 682
612 641
613 669
614 620
614 633
614 683
615 632
615 672
617 687
620 627
620 683
622 648
622 708
624 642
624 646
624 650
625 675
626 635
626 665
626 679
629 636
630 675
630 689
630 697
631 671
632 654
634 652
635 679
636 686
636 728
638 655
639 658
639 669
641 701
641 737
643 696
643 704
643 721
643 734
645 712
646 685
647 697
648 684
648 715
648 729
649 695
649 699
650 678
650 683
650 707
651 655
651 680
651 697
651 719
651 721
652 713
654 656
654 674
654 712
656 754
658 672
658 694
659 660
660 689
660 697
660 707
660 724
661 723
661 733
662 686
663 721
664 703
664 747
664 754
665 702
666 690
666 733
667 764
668 709
668 726
669 687
669 769
671 679
671 758
673 678
673 727
674 707
674 741
675 739
676 758
678 735
678 765
679 748
680 761
682 694
682 695
683 694
683 717
683 728
688 690
688 749
689 770
692 760
693 744
694 697
694 724
694 726
694 753
695 709
699 706
699 722
699 762
700 720
700 732
701 722
701 738
703 740
703 765
703 773
703 785
703 799
704 735
704 768
705 707
705 733
705 736
707 710
707 751
708 757
709 764
709 808
710 775
711 775
711 782
712 777
714 725
716 800
717 760
718 729
718 761
718 800
719 729
720 749
720 809
721 732
722 742
722 759
722 792
722 816
722 821
723 800
724 782
725 743
725 772
725 805
725 820
726 748
727 778
727 784
727 798
727 821
731 747
731 822
732 745
732 831
733 825
734 738
734 759
736 808
737 807
738 771
738 784
738 801
738 835
741 743
741 785
741 803
742 789
742 821
743 777
745 769
746 766
746 775
747 782
748 793
748 833
749 760
749 762
749 768
750 757
750 820
751 822
752 786
753 788
753 807
754 765
754 791
754 802
755 765
755 846
756 811
756 854
757 786
757 805
757 850
758 808
759 837
760 776
760 815
760 825
761 816
761 855
762 857
763 842
764 836
766 850
766 851
767 800
768 849
769 792
769 863
770 819
771 775
771 814
772 786
773 788
773 833
773 860
774 791
774 821
774 837
775 872
776 837
776 876
777 807
778 791
778 848
778 851
779 788
779 826
781 817
783 802
783 821
783 851
783 878
785 793
785 827
787 880
788 850
792 889
793 878
794 799
794 858
794 873
796 876
797 884
798 879
798 884
798 885
799 807
799 819
799 865
800 809
800 890
801 829
801 861
802 818
802 821
802 857
803 834
803 892
804 844
804 883
805 853
805 859
805 876
805 893
806 809
806 900
806 904
807 810
807 812
807 842
807 903
808 834
808 899
808 900
809 845
809 864
809 873
811 838
813 846
813 850
813 874
814 829
814 900
814 905
815 835
815 871
815 890
816 851
816 872
816 888
818 862
818 886
819 853
819 855
820 823
820 904
821 867
822 917
823 837
823 862
824 825
825 862
826 828
826 832
826 854
826 895
827 856
827 870
827 926
828 918
829 832
829 876
829 884
831 838
831 839
831 860
831 867
831 868
832 841
832 877
832 905
833 903
835 842
835 888
835 915
835 934
836 858
836 864
836 932
837 846
837 868
838 839
838 865
838 937
841 933
842 922
843 867
843 912
844 893
844 897
844 898
845 904
845 911
845 916
846 909
846 939
847 856
848 857
849 883
851 858
851 941
852 866
852 940
853 904
853 943
854 867
854 940
857 887
857 895
857 916
859 914
860 893
860 922
860 936
861 945
861 956
863 869
863 873
863 897
863 926
863 953
864 955
865 905
866 921
866 963
868 895
868 909
868 922
869 911
871 905
871 947
872 947
873 877
873 951
875 972
875 973
875 974
876 914
877 928
878 896
879 932
880 897
880 924
881 903
881 913
882 894
882 907
882 959
883 934
884 909
885 926
885 964
886 914
888 969
889 949
890 930
890 954
890 963
891 921
892 929
893 895
894 900
894 946
894 968
894 982
895 929
896 907
896 947
898 976
899 910
899 953
899 957
899 964
899 969
899 996
899 999
900 963
901 938
901 954
902 918
904 961
904 989
905 916
905 933
905 945
906 974
908 949
909 989
910 934
910 983
910 986
910 991
911 968
912 923
912 977
912 981
912 997
914 947
914 951
915 975
915 977
917 931
919 953
919 970
919 987
921 929
921 981
922 988
925 939
925 982
925 988
927 969
928 945
929 983
930 964
931 956
932 977
934 940
935 989
937 940
937 967
938 953
938 967
939 977
939 979
940 989
942 973
943 950
943 977
943 996
944 987
945 956
945 962
946 986
950 956
950 981
951 985
956 958
961 971
963 994
966 979
967 972
970 983
972 979
973 974
976 997
980 995
980 996
982 993
984 987
985 995
985 999
990 996
992 997
993 1000
3 9 17 1 17 2 20 7 18 1 5 6
5 11 37 13 19 3 0 17 25 5 24 7
24 3 31 10 4 4 2 25 6 7 6 31
10 7 7 3 21 16 17 6 10 15 16 14
5 19 6 10 18 16 9 16 9 31 6 3
18 1 7 5 3 17 26 4 4 12 9 9
4 22 1 10 13 7 3 15 0 6 12 3
6 8 1 1 11 12 5 23 8 3 3 12
2 7 5 3 15 4 8 7 5 3 16 9
14 9 5 6 8 8 11 7 15 9 13 5
34 8 7 6 8 34 28 3 3 3 7 3
2 6 10 7 1 15 5 3 12 9 10 16
4 0 12 9 13 7 1 4 2 0 12 5
13 4 4 10 7 8 7 1 3 5 10 18
11 4 7 6 7 19 15 5 23 5 10 2
6 16 7 8 17 4 6 17 5 2 20 14
18 5 4 6 22 13 5 10 7 5 16 7
4 6 3 13 3 6 8 7 4 7 0 9
14 1 2 8 8 1 13 4 4 15 1 4
28 4 5 6 17 5 14 32 6 6 15 3
37 12 39 30 20 54 44 38 49 36 48 49 52 56 28 29 29 63 67 27
19 18 10 5 15 13 25 15 16 6 15 21 36 13 17 11 10 17 21 12
53 24 49 23 23 44 39 44 41 26 44 36 57 46 37 28 26 51 59 37
52 20 42 30 34 47 46 55 49 39 38 45 49 49 38 34 35 58 68 44
6 1 1 3 3 8 10 8 4 4 8 7 11 10 7 1 2 9 18 4
34 21 28 15 31 37 46 40 36 24 41 28 47 36 36 26 31 51 53 35
25 15 21 17 4 27 21 22 25 22 24 30 26 29 23 11 16 32 36 13
18 11 9 1 14 6 20 19 11 1 12 12 20 9 6 8 3 22 18 4
13 9 8 9 5 17 14 8 14 9 13 20 26 18 14 3 8 16 21 6
45 20 28 11 12 23 23 30 30 17 28 22 38 24 23 20 11 30 43 23
19 21 27 3 4 17 25 10 23 6 9 17 38 20 6 19 11 25 28 18
41 28 23 25 31 26 50 55 48 19 31 28 50 36 25 38 27 50 42 25
7 7 6 1 8 6 17 9 7 7 7 5 15 6 9 1 6 9 16 10
24 18 24 1 3 10 13 23 15 3 14 9 27 13 14 14 12 22 25 14
38 22 38 22 20 35 17 40 27 23 34 34 43 35 32 16 25 39 44 26
8 14 21 9 12 18 32 29 21 6 18 18 35 26 6 18 20 24 27 13
23 19 13 12 27 20 42 25 29 13 21 24 37 21 18 22 16 36 27 20
61 50 45 28 35 37 67 60 62 34 48 46 73 48 40 54 43 54 57 48
24 13 8 6 7 9 22 15 19 10 12 9 21 11 9 9 6 16 27 15
11 14 12 8 7 9 24 23 13 6 10 10 19 12 8 9 13 16 17 8
22 11 7 4 9 8 23 15 19 7 12 6 23 12 8 11 5 14 24 13
24 15 18 6 9 17 15 20 22 9 18 24 33 18 22 12 15 28 22 19
35 27 29 20 41 39 52 49 38 35 42 40 52 41 38 21 34 53 56 29
19 12 17 1 9 13 23 14 20 1 16 7 34 16 9 15 8 22 32 17
16 25 42 26 23 43 43 41 40 25 35 41 56 53 25 30 42 48 51 34
8 4 4 1 1 5 4 1 5 1 1 11 8 1 1 2 1 8 3 1
6 14 12 1 5 1 12 10 6 1 1 9 16 7 1 9 9 10 8 1
18 9 1 5 8 5 13 13 15 3 10 12 18 7 8 9 4 9 7 6
16 12 21 11 22 22 35 27 24 9 27 15 32 26 10 18 17 34 41 20
25 29 24 12 14 13 35 29 36 23 25 28 43 37 25 27 29 35 36 19
1 1 1 1 1 6 6 1 1 1 3 5 8 5 1 1 1 2 6 1
9 8 11 1 1 11 11 8 5 1 7 9 21 11 7 5 4 10 20 6
23 16 28 15 11 27 19 27 17 20 23 24 33 24 27 6 21 34 39 25
30 13 31 16 11 42 42 44 40 31 44 34 40 42 39 29 30 43 42 33
10 6 2 1 1 3 5 8 6 1 9 5 13 9 5 7 4 6 8 3
13 10 1 1 4 1 16 14 11 1 3 11 19 3 1 8 1 15 5 1
17 8 22 19 14 29 29 29 31 11 22 18 36 31 14 17 24 32 34 25
22 18 15 13 12 17 19 19 21 5 5 25 29 10 12 11 9 22 12 9
20 30 25 1 11 6 36 21 28 11 13 19 40 27 8 27 15 25 27 15
17 2 17 9 4 21 5 19 11 8 14 16 18 11 17 3 8 20 25 12
61 45 32 14 33 22 53 48 48 29 33 36 57 35 34 34 22 59 54 31
50 38 49 24 2 43 44 48 46 40 45 46 54 48 42 39 31 46 48 36
3 2 1 1 1 2 8 3 3 1 1 6 8 1 1 1 1 5 4 1
41 35 15 14 24 21 39 28 37 22 28 29 51 21 26 23 23 37 41 20
15 12 10 13 8 18 26 11 15 15 25 20 32 25 20 7 15 19 26 8
28 17 27 16 13 35 37 39 35 22 34 41 42 35 24 23 19 37 32 15
2 1 1 1 1 1 3 2 1 1 1 4 1 1 1 1 1 1 1 1
24 23 22 10 19 36 30 12 25 21 32 24 39 25 30 17 20 35 47 30
29 17 22 20 5 26 14 29 27 16 21 19 33 26 22 11 19 27 40 22
12 8 6 2 1 5 6 9 9 1 6 7 15 4 5 6 3 6 3 3
23 5 6 14 4 23 13 18 20 13 20 19 28 25 18 7 15 27 32 5
43 26 18 31 23 33 42 33 45 32 39 37 44 40 33 26 32 45 54 18
55 51 51 32 21 40 45 51 60 40 38 51 73 60 37 43 46 58 61 44
15 6 11 6 5 13 10 18 6 3 10 11 15 7 4 2 3 16 17 3
10 7 1 1 5 1 8 7 8 1 1 8 8 3 2 4 1 6 5 1
26 29 23 6 18 16 27 23 23 15 22 23 35 20 20 19 21 22 22 16
20 7 15 2 4 11 4 15 10 3 8 12 10 4 4 7 1 20 22 3
4 1 1 1 1 1 5 3 3 1 6 6 9 5 3 1 1 2 5 1
21 10 10 10 10 22 26 26 27 5 19 19 31 19 6 17 12 25 24 11
24 21 13 8 16 12 26 26 19 14 20 17 31 13 17 12 18 17 24 14
9 22 34 12 20 19 40 33 29 11 16 25 45 36 14 26 30 34 38 24
18 7 15 1 11 12 14 18 11 6 11 7 15 9 9 9 5 23 32 13
27 32 30 3 22 9 31 35 28 8 10 31 35 18 10 27 17 38 27 10
7 1 1 1 1 3 8 7 3 1 3 4 8 3 2 1 1 2 11 1
9 2 2 2 4 4 5 8 4 2 5 4 9 4 5 2 1 7 13 4
51 30 22 26 37 38 47 48 47 29 36 35 52 26 39 28 28 56 56 33
1 1 1 1 1 5 1 1 1 1 2 7 5 4 1 1 1 1 4 1
7 6 13 3 6 15 12 5 3 6 11 12 16 12 12 1 3 10 15 8
43 35 41 28 9 31 21 35 40 31 22 30 45 35 25 26 31 31 44 39
49 19 24 22 17 33 17 29 36 17 33 38 47 32 31 12 17 42 48 13
9 9 5 4 9 4 16 9 4 7 11 5 13 7 10 1 5 5 12 9
33 15 22 22 5 30 18 35 32 17 29 31 40 30 28 15 26 26 33 25
25 7 13 15 3 21 10 23 22 11 22 19 29 22 22 14 17 14 24 17
13 6 8 5 7 9 23 16 12 4 17 1 23 10 7 8 9 11 18 12
46 37 31 21 25 29 56 47 52 33 37 31 58 40 38 41 36 48 49 46
44 34 42 10 27 35 48 42 39 29 39 34 47 33 29 27 25 53 55 31
26 17 30 15 14 33 30 38 27 20 27 40 40 31 29 18 22 33 38 19
15 8 19 1 10 16 21 25 6 4 14 21 22 18 7 2 6 25 26 2
4 1 1 1 1 2 1 1 1 1 1 3 5 1 1 1 1 1 1 1
26 18 7 6 17 1 21 13 20 7 11 16 23 5 12 17 5 16 16 12
14 10 11 1 2 9 17 14 15 1 14 1 23 12 3 16 8 14 19 10
24 16 14 14 11 13 23 28 21 11 12 23 23 10 13 15 16 17 18 12
12 5 4 4 3 6 10 12 9 1 9 8 13 8 6 7 4 10 6 4
20 6 20 12 30 28 39 33 24 16 33 22 30 27 20 19 20 43 46 24
28 10 18 3 12 12 16 25 12 5 20 13 20 13 16 8 5 22 20 8
49 37 32 34 28 39 60 60 54 42 52 46 57 46 47 45 47 47 46 47
20 22 13 1 7 5 18 15 18 1 8 20 29 9 6 17 6 16 11 4
9 11 8 1 2 1 6 5 6 1 4 4 13 1 3 7 3 1 6 3
14 8 25 8 8 22 19 18 19 4 15 12 23 17 1 16 8 30 32 14
10 1 8 1 8 9 13 10 4 1 13 4 14 6 5 3 1 15 23 5
24 17 29 15 14 38 36 28 32 31 36 38 38 42 32 22 14 43 47 21
12 5 12 7 11 18 15 19 10 8 13 16 17 17 14 6 9 22 27 12
8 4 1 1 3 2 11 9 9 3 4 8 11 7 2 4 4 9 9 3
48 39 42 20 17 33 53 44 51 33 38 31 63 49 34 38 40 46 56 49
7 3 5 7 10 11 16 18 9 9 8 7 7 10 7 7 10 20 25 9
15 13 7 1 6 1 13 10 11 3 9 7 18 6 8 8 5 8 11 6
53 34 32 35 34 42 46 55 54 39 36 54 48 44 43 43 28 54 53 28
8 9 7 3 1 2 6 8 5 1 2 10 11 5 1 4 4 4 3 1
33 24 5 13 24 18 25 21 27 14 18 19 39 7 25 14 16 26 28 21
47 26 38 24 22 47 44 30 46 36 43 37 61 54 36 31 34 61 74 35
37 34 18 14 19 8 40 41 39 12 14 32 40 22 18 31 19 32 19 13
5 5 6 3 1 6 8 8 3 1 2 2 11 6 3 1 2 4 9 3
38 14 34 16 22 30 31 38 24 15 31 31 45 30 28 10 18 34 46 21
11 9 5 1 1 1 10 9 8 1 1 3 10 4 1 5 2 4 9 2
46 23 30 14 35 35 43 42 29 31 46 30 45 27 42 21 29 48 46 33
7 1 1 4 1 7 4 1 4 2 9 6 16 11 4 1 1 7 10 1
14 1 10 10 5 27 20 17 22 8 19 21 25 25 13 6 10 30 29 9
27 18 36 6 7 31 37 43 27 22 37 31 43 36 30 21 23 39 36 22
5 1 1 1 1 2 6 5 4 1 5 4 13 6 2 2 1 2 7 1
10 12 26 5 12 23 27 20 13 4 20 15 29 22 10 13 13 28 37 16
18 8 11 1 9 12 18 17 12 4 16 13 20 10 11 10 6 22 22 8
33 20 24 20 30 44 43 34 41 22 44 36 60 35 31 24 30 54 56 32
18 12 15 4 1 12 14 15 15 6 3 15 16 6 5 6 5 18 21 7
40 28 25 15 25 35 49 40 42 34 44 48 57 45 45 29 17 52 42 22
15 7 5 1 4 7 8 11 11 1 7 7 17 7 6 8 5 7 11 5
37 21 17 13 21 15 31 43 26 9 17 29 36 15 17 19 11 32 25 6
18 14 19 6 9 16 21 18 20 15 14 21 13 21 14 12 7 28 27 14
36 25 6 15 16 7 29 31 32 11 13 23 35 19 18 25 11 26 13 8
4 1 10 5 4 21 19 11 13 5 13 14 21 22 9 7 11 20 25 12
5 2 1 1 1 1 8 9 3 1 1 1 8 1 1 1 1 3 5 1
8 4 12 4 5 16 21 13 14 7 16 8 28 18 13 6 12 18 26 17
43 16 33 29 17 55 35 31 42 38 51 46 55 46 48 18 33 46 63 33
39 28 44 9 40 35 49 45 33 28 33 45 56 34 35 20 31 56 53 27
1 7 5 1 2 1 9 6 2 1 2 4 8 1 3 1 2 5 8 2
34 18 26 11 6 23 21 32 30 11 22 24 33 25 20 16 18 34 36 20
47 26 31 26 35 48 54 47 57 31 50 36 61 44 34 38 36 61 67 45
9 2 1 2 1 1 6 9 6 1 1 3 9 1 1 1 1 3 3 1
18 17 13 1 2 4 16 16 13 4 11 6 22 9 10 13 9 7 11 9
62 36 32 33 17 42 45 40 58 39 49 46 65 48 50 37 41 46 55 39
13 3 5 1 9 3 10 15 6 4 10 4 11 4 7 5 3 13 18 6
6 7 7 4 1 10 11 7 5 1 6 8 13 6 1 4 1 8 8 1
21 13 10 5 6 8 21 20 15 7 16 9 22 14 13 12 10 13 15 12
37 29 27 28 32 38 52 49 45 32 41 44 60 42 42 34 42 52 51 42
32 15 28 15 18 35 30 29 32 16 31 17 40 21 24 16 24 39 49 34
28 14 27 1 15 22 30 35 19 12 28 29 33 23 23 13 3 40 30 8
5 3 1 1 1 1 8 8 3 1 1 1 7 3 2 1 2 5 6 2
5 10 19 1 4 16 23 14 11 7 12 17 19 18 6 9 11 21 16 8
9 8 12 2 2 5 10 15 3 1 2 4 16 6 1 2 4 9 14 1
34 44 39 17 39 26 55 39 41 32 23 41 63 33 34 35 38 45 44 35
49 26 26 23 14 39 37 32 47 32 45 40 56 44 44 21 36 49 52 34
26 22 30 12 13 32 31 31 30 21 30 44 50 39 25 20 19 43 36 7
28 13 17 3 13 11 14 16 13 10 17 14 20 16 13 9 1 23 34 13
9 4 1 4 4 3 9 9 8 1 3 5 6 1 4 1 1 7 7 3
6 11 23 12 15 31 28 27 20 22 21 33 26 30 25 14 19 37 35 17
6 11 10 1 1 6 18 11 6 1 7 7 18 8 1 7 6 9 9 4
38 34 28 19 33 34 54 42 45 28 34 27 52 29 31 31 38 37 47 37
43 29 33 24 9 33 31 26 42 26 22 28 56 44 24 29 25 36 49 29
31 19 38 25 36 47 57 46 44 38 49 34 52 51 32 38 34 63 73 46
52 44 27 27 36 35 61 48 57 25 45 43 69 39 36 42 35 56 50 33
32 23 25 15 10 20 31 25 28 20 18 15 35 26 15 23 16 19 37 26
17 16 12 6 1 11 12 12 17 7 16 18 33 21 12 12 14 16 18 1
20 1 25 25 30 44 39 45 35 18 36 31 36 39 25 24 30 52 53 32
29 10 34 15 15 38 24 34 31 9 39 31 43 35 26 18 21 41 40 25
8 12 31 5 6 26 23 19 21 4 19 25 39 28 12 18 19 28 23 13
20 8 29 18 17 33 31 38 28 11 31 27 41 35 14 18 25 36 45 20
41 36 39 31 29 46 47 41 50 42 45 38 61 45 44 36 43 54 66 53
1 2 1 1 1 3 9 4 1 1 1 1 11 4 1 1 1 6 9 1
50 31 55 34 30 52 35 62 45 35 48 55 64 52 42 29 43 52 56 35
26 16 32 8 3 31 26 24 25 13 31 27 43 32 27 14 13 34 43 21
7 6 12 3 7 18 16 9 5 5 15 13 24 15 14 3 7 17 26 13
13 10 28 11 17 31 30 22 21 12 31 20 39 28 19 22 20 31 34 25
37 18 19 7 11 27 25 23 27 26 39 36 40 30 36 11 17 41 35 14
34 21 34 11 19 26 41 39 32 18 27 19 39 37 13 25 18 44 53 25
14 2 3 1 4 1 3 12 5 1 6 5 6 1 3 4 1 10 11 1
22 1 10 3 10 19 16 18 13 4 21 20 27 18 9 6 1 27 28 1
14 4 14 6 1 20 11 14 12 5 19 18 23 16 10 5 3 21 19 3
20 9 24 5 5 25 18 18 20 7 20 21 28 21 18 13 11 31 35 16
11 7 6 1 1 6 11 10 7 1 11 7 19 13 10 8 6 8 14 6
34 20 17 15 6 23 25 22 28 18 30 23 42 33 29 17 22 30 38 16
30 9 22 38 22 50 35 51 46 35 41 37 44 46 39 29 43 50 56 44
45 25 38 14 18 30 26 37 32 20 35 34 41 27 35 23 26 34 39 30
23 32 28 11 21 9 45 40 39 19 16 29 40 31 20 34 30 39 32 24
2 5 9 1 1 7 6 2 2 1 2 3 19 5 5 1 4 5 9 4
41 17 22 9 18 18 30 28 28 16 22 16 33 19 17 20 10 28 43 24
23 12 16 11 16 19 26 32 18 10 21 20 24 21 13 8 12 28 29 9
15 1 15 11 2 28 11 17 10 13 19 23 20 20 18 5 7 15 25 8
10 20 30 3 11 17 22 19 17 7 9 28 36 26 11 16 15 29 31 9
44 25 22 28 22 40 31 25 35 30 38 41 50 32 38 19 31 36 48 18
16 7 2 9 4 11 12 17 16 8 16 10 18 18 13 9 9 15 21 7
33 5 26 24 16 44 20 30 34 14 36 37 41 35 24 14 22 43 47 19
27 24 18 13 9 15 29 32 29 6 12 28 44 23 16 18 16 28 19 11
14 1 1 8 4 6 9 10 11 6 9 8 9 2 9 4 5 2 7 8
7 9 5 1 1 1 9 6 6 1 5 3 16 5 2 6 4 2 1 1
5 3 1 5 1 7 3 3 4 4 8 9 9 10 7 1 1 7 9 1
12 4 1 4 1 4 5 10 6 1 6 4 11 6 2 4 1 5 9 1
32 35 33 13 24 21 49 36 37 27 19 37 42 35 19 34 22 50 45 28
13 8 8 1 6 8 18 15 12 1 4 11 25 8 2 7 3 21 19 4
11 8 9 5 7 16 13 9 7 8 15 11 25 12 18 1 10 13 27 15
28 15 18 16 11 23 23 21 28 17 20 24 33 22 23 12 16 20 38 24
40 29 29 26 25 39 32 39 40 31 38 39 51 37 39 22 32 47 57 37
47 9 37 29 24 58 37 45 43 36 51 57 52 52 48 18 27 60 66 24
5 6 7 1 1 9 8 4 3 1 7 7 20 8 1 4 1 7 7 1
27 10 18 13 18 22 24 26 25 20 24 21 22 30 19 16 12 38 46 17
26 16 12 4 8 5 13 13 14 8 14 4 23 11 10 12 3 14 27 13
21 13 9 7 12 11 19 15 17 3 8 18 27 9 13 8 5 20 22 11
19 14 20 7 9 18 23 24 14 14 22 25 27 18 18 12 13 18 24 10
31 24 24 5 14 11 28 28 23 8 20 20 39 17 20 19 16 25 28 19
41 23 12 17 19 27 31 31 33 24 39 17 42 21 33 22 25 23 39 29
16 7 11 9 4 17 13 15 11 9 14 15 14 10 12 7 6 17 16 7
14 10 10 2 5 11 17 15 8 6 10 13 20 4 10 2 7 13 15 7
21 14 21 6 3 18 10 16 17 12 22 21 31 21 25 7 17 19 19 21
5 7 3 1 1 1 6 1 4 1 2 5 10 3 1 1 1 4 9 1
9 6 7 1 2 8 5 7 4 1 5 11 12 6 2 4 1 12 14 1
23 15 25 2 10 19 16 16 8 13 22 22 23 18 19 5 3 28 36 9
5 8 9 1 1 7 7 4 2 1 2 7 16 2 3 4 3 6 9 2
48 27 30 36 19 48 32 40 46 38 42 62 62 44 52 18 26 50 52 20
34 20 34 31 18 43 40 52 50 25 44 32 53 47 34 35 43 42 56 43
13 9 5 1 1 5 13 16 9 1 12 8 16 12 7 10 7 13 11 6
70 58 33 24 42 23 60 56 56 34 27 37 66 36 36 46 31 56 54 31
13 18 17 1 2 5 25 16 17 4 4 5 24 13 1 14 9 15 17 8
26 1 15 18 19 34 26 30 22 21 35 24 26 28 27 12 17 33 44 20
27 24 17 7 8 8 25 28 26 6 12 21 29 13 11 20 16 18 12 10
15 11 13 7 15 16 27 18 17 11 16 13 30 17 17 8 14 26 32 19
43 12 25 31 24 44 29 34 34 30 40 39 46 45 38 8 29 47 57 16
17 12 20 2 7 12 18 24 12 1 16 14 31 18 12 9 12 20 25 9
4 1 1 1 1 1 3 6 1 1 1 1 5 1 1 1 1 1 2 1
10 1 12 10 9 27 23 24 15 18 22 18 17 23 21 8 10 26 30 13
17 8 5 8 6 10 12 15 14 6 8 9 14 4 10 5 5 9 18 9
7 6 4 4 4 2 12 9 4 3 5 3 9 1 6 1 2 3 6 5
49 26 16 41 34 52 45 43 51 46 55 37 59 43 56 28 48 41 59 44
52 28 22 26 20 35 40 46 47 32 39 51 52 41 44 30 20 53 49 18
29 20 25 6 1 22 21 23 25 12 24 22 31 26 18 23 14 30 26 18
20 5 14 4 16 13 11 17 5 7 19 14 15 15 15 4 3 19 27 7
1 1 1 1 1 1 3 2 1 1 1 3 7 1 1 1 1 4 3 1
12 15 14 1 1 9 16 7 11 1 4 17 27 12 3 8 3 14 20 3
4 7 5 1 1 2 12 7 3 1 3 2 12 3 1 2 1 6 9 1
9 4 2 3 1 2 1 7 6 1 3 5 9 3 1 3 1 2 1 1
58 44 47 28 32 47 61 48 62 37 47 37 74 45 38 47 47 50 62 59
59 31 42 30 21 46 50 55 56 38 56 40 60 56 42 42 41 58 63 39
25 15 25 6 7 26 30 29 29 14 25 24 34 30 19 21 19 32 23 19
24 7 11 15 10 29 26 19 27 17 34 21 37 30 23 11 19 30 34 16
24 17 15 17 11 18 26 34 25 15 21 20 31 24 17 20 23 17 26 15
31 28 32 7 9 19 28 32 23 16 27 22 43 25 28 17 27 31 35 27
13 5 6 5 3 8 4 8 7 4 11 10 12 10 6 1 1 14 22 1
3 6 4 1 1 1 5 2 1 1 1 5 9 1 1 1 1 2 1 1
38 23 30 10 8 22 26 24 28 16 22 26 44 32 13 20 12 37 45 14
25 17 19 7 6 17 23 18 23 11 22 19 36 26 22 15 14 23 33 21
32 18 32 6 16 32 36 40 27 26 39 27 37 34 36 19 22 45 46 25
41 31 26 5 11 11 30 30 34 17 20 24 38 27 14 31 16 36 33 23
28 36 40 20 22 22 38 42 38 23 13 39 50 42 27 33 34 41 43 26
24 10 16 18 9 23 12 20 21 13 15 19 25 15 18 14 17 11 23 18
29 7 18 28 30 39 42 44 41 24 40 29 40 38 29 30 31 39 56 36
48 31 29 27 14 36 42 50 49 26 40 45 60 41 41 29 33 44 42 34
40 30 14 11 22 16 41 25 36 17 20 24 44 22 18 25 9 35 37 21
31 18 14 11 15 20 25 17 25 18 22 16 27 9 20 12 15 21 30 23
24 19 35 1 17 22 28 22 11 16 24 28 30 22 21 9 7 35 39 12
46 28 25 33 41 36 65 52 62 37 37 35 58 43 31 49 37 56 64 50
10 11 8 1 1 5 10 5 7 1 6 1 12 7 1 7 1 10 14 5
18 10 18 11 11 26 21 24 19 12 16 28 27 26 18 9 12 34 35 12
29 27 13 7 17 5 39 31 28 8 18 21 38 19 15 23 16 23 18 13
32 24 31 15 18 29 43 34 41 16 26 20 45 30 17 31 23 40 44 33
10 5 4 1 4 6 7 6 7 1 5 13 10 7 1 4 1 13 11 1
20 3 10 6 9 12 8 20 6 4 14 12 11 7 10 2 3 15 18 5
12 8 13 1 4 4 10 15 2 1 3 1 11 2 3 1 1 11 22 3
49 40 55 14 19 40 58 51 54 34 41 41 63 50 34 44 28 57 53 41
27 27 31 4 12 14 22 30 25 12 19 29 38 28 16 23 18 35 32 10
31 27 18 17 33 29 44 43 33 27 30 26 35 21 27 20 32 42 44 27
35 18 18 7 24 13 34 32 25 13 16 19 26 20 14 20 7 40 37 15
10 1 3 4 6 3 12 18 6 4 5 3 6 6 2 3 5 16 15 4
31 17 43 19 27 44 43 46 37 20 39 35 43 37 29 26 26 55 59 32
6 9 9 1 5 6 12 5 5 3 5 12 13 1 6 3 4 8 8 5
8 6 3 3 3 3 10 8 5 1 4 5 8 4 4 2 1 6 11 3
28 11 12 11 6 17 13 17 24 8 17 17 29 15 18 11 9 13 26 17
10 11 6 1 1 1 7 7 7 1 6 4 14 6 4 7 4 1 5 2
13 13 25 10 13 22 33 24 22 5 22 25 35 25 5 21 18 26 23 15
32 15 29 7 20 27 26 31 26 2 23 25 39 24 12 21 10 39 35 12
48 59 41 19 45 22 58 46 51 37 20 45 62 33 35 44 33 61 54 37
41 33 34 30 26 53 39 35 44 32 50 40 64 41 42 23 39 53 65 44
29 5 8 14 12 16 15 26 21 11 24 17 23 14 18 11 10 15 25 12
10 6 11 4 6 14 21 17 17 1 15 10 27 14 1 14 9 21 19 9
4 5 1 1 5 5 11 11 5 5 4 1 9 6 5 1 6 12 14 6
46 18 35 19 26 40 33 39 32 21 37 40 45 32 35 10 20 47 55 28
36 25 32 23 15 32 41 42 42 19 38 35 49 39 24 34 33 32 34 27
34 24 8 11 20 23 36 17 31 25 29 21 37 21 24 18 17 32 40 27
13 8 7 1 6 12 21 10 12 2 18 9 31 15 11 9 5 11 20 10
8 23 23 2 21 15 36 19 20 14 19 16 43 24 14 19 23 25 29 20
12 9 7 1 1 7 9 6 8 1 5 5 13 7 1 6 1 8 15 5
6 1 1 2 1 8 12 7 7 3 12 6 15 13 6 2 1 11 20 2
24 7 19 23 15 39 33 36 39 17 36 28 40 38 28 25 30 35 39 31
22 8 28 9 4 37 23 22 24 17 31 32 37 30 28 11 5 29 39 16
32 36 26 7 25 17 47 30 36 24 19 26 37 24 19 24 22 41 35 25
52 43 37 35 29 35 39 56 55 35 35 56 68 46 43 33 39 54 56 31
30 23 30 24 17 37 28 32 27 26 32 33 41 27 35 12 32 27 40 33
28 14 20 16 8 30 21 14 22 19 28 25 33 23 24 13 10 22 35 17
20 16 30 5 7 27 37 33 26 17 34 31 41 37 25 19 17 33 31 16
48 20 29 27 28 43 46 40 44 30 50 37 51 50 37 27 31 57 62 23
30 30 35 8 12 23 40 24 34 18 15 24 45 33 15 29 21 37 40 29
3 1 1 1 1 1 3 3 2 1 1 1 4 2 1 1 1 2 10 1
41 14 33 21 28 40 38 40 39 18 46 37 52 43 25 26 24 50 54 23
54 23 46 22 24 46 35 51 42 31 45 46 50 46 42 22 27 55 63 36
14 18 18 6 13 11 22 20 20 8 9 23 32 16 12 10 16 15 14 12
19 1 1 14 5 18 12 21 19 13 20 17 15 17 17 6 11 21 26 9
28 19 19 3 5 3 15 18 18 5 5 10 20 8 1 14 3 20 21 8
26 27 41 12 20 36 47 47 41 29 36 46 50 48 28 31 27 47 40 22
28 22 34 9 12 28 42 31 38 23 31 19 45 39 27 32 27 41 45 39
28 32 47 16 18 38 46 41 42 19 41 45 65 50 31 32 39 49 43 34
26 18 12 12 8 12 24 29 29 12 20 15 25 22 17 19 17 24 26 17
18 17 13 1 1 4 16 14 15 5 9 7 18 11 7 15 9 16 16 11
30 18 21 21 14 27 35 38 38 21 32 29 43 34 33 26 31 23 36 30
47 34 35 27 20 41 36 51 48 32 34 56 58 44 46 33 27 52 39 23
30 14 29 16 17 29 25 40 23 15 27 30 40 30 25 14 20 31 39 15
3 1 1 1 1 1 3 1 1 1 3 1 5 1 1 1 1 1 1 1
19 26 22 1 6 5 35 26 26 8 18 18 35 25 11 24 20 26 17 13
27 26 30 19 25 19 44 43 37 24 23 36 50 34 24 30 30 33 40 25
22 20 18 11 8 18 18 22 23 7 16 28 41 22 16 15 15 23 24 11
52 36 52 21 16 38 38 43 46 34 42 45 63 53 40 32 34 57 57 32
29 25 37 23 30 42 49 52 43 30 35 47 46 44 30 34 35 52 50 28
37 26 24 16 11 29 33 32 30 24 36 27 47 27 37 22 30 22 32 32
2 3 4 1 1 5 4 2 1 1 1 7 6 3 1 1 1 5 4 1
31 18 32 25 26 42 44 44 44 21 38 37 49 38 31 30 29 48 46 33
31 16 15 26 25 25 36 34 35 31 29 22 28 28 29 29 27 27 42 36
27 19 23 4 7 12 22 33 16 7 20 14 30 19 14 16 14 22 18 11
38 16 20 21 6 31 15 15 31 24 29 26 42 26 30 12 19 25 41 25
25 14 17 8 1 16 21 24 24 10 21 17 23 20 14 18 15 19 17 15
33 12 7 22 30 26 36 37 35 27 31 23 33 27 30 25 27 34 46 31
6 5 9 1 5 6 7 11 1 1 4 8 5 1 1 1 1 16 12 1
51 34 27 15 26 24 39 46 35 19 23 40 50 29 30 30 16 48 32 12
1 1 1 1 1 1 3 2 1 1 1 2 5 1 1 1 1 1 2 1
24 10 11 8 13 20 23 19 21 10 25 8 27 13 15 14 15 22 27 19
25 9 11 6 6 16 14 13 16 7 23 14 28 18 16 12 6 22 30 10
12 4 3 4 2 9 12 12 7 1 9 4 15 10 4 5 2 9 18 2
11 4 5 7 9 11 20 20 16 8 14 4 20 15 17 11 14 14 21 17
54 32 34 16 35 40 48 46 38 31 47 52 60 46 50 30 20 61 54 24
25 32 28 4 14 4 33 34 27 13 12 17 34 22 13 28 22 29 28 18
9 8 6 6 4 9 15 10 6 5 14 12 20 13 10 4 3 12 17 4
22 29 21 4 18 11 35 30 28 9 19 28 45 27 14 27 19 29 23 12
4 11 7 1 1 1 13 8 6 1 4 4 21 9 1 9 6 6 4 1
10 2 1 2 4 5 15 10 6 3 11 6 14 10 6 1 2 6 15 5
38 35 38 33 29 31 48 48 49 35 31 46 60 48 35 40 41 39 47 31
51 27 40 21 18 37 33 51 37 25 44 41 54 39 42 21 31 41 45 32
29 31 23 13 31 16 51 45 40 18 29 34 46 33 22 37 27 46 36 22
27 25 20 5 4 7 33 29 31 12 13 11 33 27 8 25 18 24 26 18
12 12 12 1 3 6 16 14 7 3 11 8 23 8 11 9 7 9 9 9
17 6 9 6 5 10 9 11 11 4 9 3 17 8 10 8 5 8 19 11
39 42 41 19 23 24 46 49 52 16 26 40 64 42 25 41 34 47 38 28
53 34 39 14 31 27 46 39 36 31 35 26 51 42 32 33 25 47 56 38
9 8 18 10 13 23 31 20 22 10 22 15 34 27 16 11 19 27 33 23
21 10 24 5 1 26 17 13 19 14 17 25 31 30 16 11 5 34 41 12
32 22 37 21 13 37 15 27 29 19 28 32 39 31 25 18 24 42 45 27
44 30 22 34 34 50 56 38 55 36 55 43 66 47 40 32 47 52 55 30
16 7 9 4 1 12 5 8 10 4 13 15 15 14 11 8 3 11 12 3
14 18 23 7 9 19 18 19 17 5 9 30 33 19 11 11 15 25 21 10
7 11 18 4 10 21 24 18 10 14 21 21 28 24 21 10 14 20 26 12
8 5 21 5 8 24 25 24 17 8 24 18 27 27 9 15 13 32 32 13
9 3 13 4 6 12 20 18 12 1 13 7 20 11 1 10 6 21 21 8
13 7 4 4 2 6 11 17 12 3 5 7 14 6 3 6 6 11 11 4
4 4 1 1 4 6 9 6 1 1 8 8 11 9 6 1 1 8 11 4
26 6 13 22 15 33 25 31 30 20 28 28 28 29 22 14 19 34 40 18
35 34 29 5 13 18 35 29 32 13 26 33 52 27 26 25 25 27 24 25
44 24 28 4 25 21 31 28 27 22 31 14 40 23 29 17 17 35 46 30
38 19 35 18 25 36 35 38 29 16 30 48 51 37 29 13 21 50 47 13
13 2 6 3 1 10 12 17 13 1 8 8 21 14 7 5 8 16 18 7
30 19 23 13 11 26 24 26 26 13 19 32 32 18 14 19 11 28 29 12
18 13 11 7 10 20 23 18 20 9 17 26 31 21 11 13 7 29 25 5
11 4 1 4 5 4 15 15 13 3 3 4 13 5 2 5 4 11 10 3
36 14 15 6 19 25 19 22 17 15 32 20 35 17 26 4 10 29 37 12
33 43 39 14 25 12 41 36 40 24 11 37 54 37 23 38 26 39 44 27
39 20 41 26 31 35 37 55 41 32 33 45 54 47 36 25 37 46 54 26
22 22 16 4 6 8 25 24 24 3 11 16 32 15 6 19 13 18 14 6
33 19 48 19 28 41 47 54 42 18 39 39 53 44 19 35 35 57 47 29
23 17 17 1 7 10 23 8 18 13 11 7 29 14 6 18 7 22 30 19
16 14 19 9 7 13 21 23 19 9 12 11 28 16 15 11 17 18 29 18
47 27 45 28 20 44 30 52 45 23 49 37 58 45 37 28 37 48 49 38
51 42 29 30 31 32 52 51 56 29 24 48 59 43 36 46 31 48 48 27
23 10 13 12 11 23 21 18 19 12 26 14 35 22 23 9 15 16 32 20
14 8 5 6 6 11 13 14 15 5 7 22 15 13 6 4 3 19 12 2
15 11 7 7 9 6 25 20 15 8 9 10 20 8 9 7 11 12 14 10
43 26 19 19 13 21 30 35 40 18 26 29 42 25 23 26 21 27 32 20
10 4 3 1 1 3 3 10 4 1 1 1 11 1 1 3 1 5 13 1
52 26 18 23 23 39 38 28 49 28 44 33 60 33 37 26 29 38 52 31
55 39 44 26 5 44 41 38 55 31 42 48 67 49 39 39 35 49 46 37
15 1 1 5 1 7 4 7 10 1 9 12 11 4 6 1 1 3 6 2
35 24 20 6 10 13 29 21 27 16 13 14 35 15 11 18 10 26 33 22
20 19 22 4 8 11 20 13 18 6 11 19 34 15 13 13 13 17 24 16
16 1 3 4 3 4 5 16 8 1 9 4 9 4 1 2 1 10 9 1
1 7 6 1 1 1 12 10 1 1 1 3 10 3 1 1 2 8 8 1
40 29 23 26 23 35 25 27 36 27 25 49 45 36 41 19 18 45 47 19
27 16 30 19 1 36 12 16 27 18 26 30 38 35 25 13 17 35 42 23
16 8 16 4 1 17 6 8 14 4 9 19 23 13 12 6 7 18 19 8
15 10 17 12 9 16 29 30 23 8 19 11 29 19 8 19 20 19 21 16
26 22 33 19 25 32 45 44 41 14 33 27 50 41 19 36 33 45 52 31
13 19 25 6 7 16 16 26 18 7 11 26 36 24 14 14 19 22 24 11
12 5 18 3 6 21 17 13 19 2 18 17 25 17 5 16 8 25 24 9
24 18 22 13 20 30 33 30 24 24 30 38 40 30 29 16 16 41 41 15
55 33 24 24 23 34 43 35 48 36 42 31 51 33 37 29 30 41 52 38
48 20 28 32 14 40 18 34 39 29 43 36 50 37 43 18 32 34 51 31
39 32 33 23 20 38 41 35 47 33 35 27 52 37 34 24 34 46 56 46
1 1 1 1 1 2 3 2 1 1 1 2 7 1 1 1 1 3 2 1
12 7 3 1 1 1 3 4 6 1 4 1 13 4 1 7 1 1 8 2
8 1 1 3 1 3 9 12 4 1 4 4 9 6 3 4 3 9 11 1
9 3 6 1 1 9 2 4 4 1 6 11 10 7 4 5 1 9 10 1
16 12 5 2 5 7 15 13 13 1 7 17 25 7 2 8 1 12 5 1
52 33 35 12 25 21 41 43 36 19 23 33 44 26 21 28 11 48 41 21
8 2 8 10 11 18 26 22 20 9 16 12 16 21 8 14 15 28 27 15
13 8 1 2 7 3 9 9 11 1 3 11 15 4 1 8 1 9 3 1
11 11 18 5 5 17 21 16 19 1 12 17 36 20 5 11 12 19 18 10
2 7 10 1 2 8 11 6 1 1 2 7 14 3 5 1 3 8 13 4
39 23 27 18 6 31 33 23 40 23 23 30 50 38 20 20 21 43 50 22
43 21 33 16 8 31 23 36 37 19 30 36 42 32 31 21 20 39 44 27
9 6 8 1 1 10 15 5 9 1 12 11 19 12 4 5 2 10 14 4
1 2 1 1 1 1 3 1 1 1 1 1 3 1 1 1 1 4 6 1
46 14 28 28 24 49 37 38 45 28 50 40 58 42 40 21 34 49 58 31
53 50 47 24 31 45 51 39 51 42 34 49 70 45 43 38 38 55 63 45
32 19 25 9 22 19 32 35 26 14 17 20 29 19 19 16 14 35 42 21
23 15 33 10 11 29 19 30 13 10 24 32 38 29 22 5 16 33 38 14
23 7 14 14 12 27 22 22 23 14 20 31 31 22 23 9 13 22 27 17
18 4 13 9 5 23 13 14 15 8 16 26 27 20 17 6 6 25 25 7
14 7 3 5 2 8 10 7 11 4 14 13 17 13 10 6 3 9 17 3
1 9 6 1 1 1 14 10 4 2 1 5 8 6 1 4 7 7 9 2
12 9 8 8 14 17 29 20 15 13 19 8 20 16 14 10 14 25 32 18
52 30 33 14 35 30 52 49 45 38 42 33 48 43 36 37 33 58 60 44
9 3 1 1 2 2 13 9 7 2 3 5 8 6 2 1 3 7 11 3
36 20 17 10 21 16 33 28 27 9 15 20 34 14 16 19 8 36 38 17
33 16 15 12 21 16 36 42 34 16 28 22 30 26 19 27 21 40 30 20
18 7 9 5 3 9 3 12 9 1 7 7 14 8 4 4 1 11 22 3
46 34 34 25 26 32 44 37 46 24 31 34 56 30 32 32 28 40 49 38
11 18 14 2 10 4 21 18 14 8 12 14 25 18 9 14 13 14 20 7
9 5 3 1 1 1 4 9 5 1 5 4 12 5 2 4 1 7 3 1
7 5 10 6 1 11 1 7 8 3 4 8 15 10 8 1 7 9 13 8
14 12 18 9 3 15 12 17 14 5 5 16 22 9 9 10 14 9 18 10
34 26 37 21 13 34 47 45 47 24 39 22 51 43 21 42 37 39 44 41
11 7 5 1 3 5 11 7 8 1 7 6 16 6 4 6 1 5 11 3
22 26 27 5 11 15 37 32 29 10 24 16 41 32 15 28 24 25 27 20
58 46 46 25 27 38 54 45 57 34 37 43 70 41 34 42 39 46 53 47
11 1 3 7 1 13 4 9 8 3 8 10 14 9 8 1 5 1 15 6
11 6 5 1 4 4 5 11 4 1 4 5 11 3 1 4 1 10 15 1
34 16 20 19 10 38 18 14 30 23 31 40 40 33 32 13 14 39 44 6
14 22 19 2 9 4 25 20 20 8 8 18 27 19 5 18 14 20 22 9
16 2 14 1 6 18 7 12 6 2 15 17 17 14 7 4 1 22 24 1
30 28 24 3 15 22 38 26 24 21 29 22 41 21 28 17 24 30 31 24
8 9 7 1 1 6 9 8 4 1 7 6 20 7 3 6 4 4 10 1
13 3 21 15 14 25 20 25 21 7 21 13 25 21 7 15 17 26 31 19
32 14 20 7 21 18 30 30 18 12 30 14 33 18 21 12 11 27 32 16
23 11 27 11 11 26 31 30 24 24 26 20 23 25 23 15 11 35 43 21
11 12 16 1 3 11 25 15 17 1 12 7 31 17 5 14 13 16 23 12
36 30 31 17 20 20 27 36 31 9 9 36 39 21 18 22 13 41 34 12
33 18 26 4 16 19 28 31 18 9 25 17 38 22 21 10 15 27 42 18
20 11 20 15 19 23 37 34 27 12 25 20 33 19 13 18 22 29 35 23
15 13 20 13 11 24 27 22 19 11 24 19 35 23 18 16 18 14 26 19
3 1 1 1 1 2 1 3 1 1 1 1 6 1 1 1 1 1 5 1
19 6 14 8 1 21 7 14 14 7 14 15 20 15 15 9 10 14 18 10
20 14 6 1 9 11 25 14 17 6 22 1 29 11 12 9 10 12 22 14
20 15 18 3 1 19 16 14 18 8 19 24 33 22 20 12 11 22 17 12
5 1 4 1 1 7 13 8 6 1 9 7 9 11 1 5 1 8 10 4
45 36 43 32 22 38 38 47 51 20 32 39 60 36 27 36 33 50 50 38
24 16 13 6 8 8 26 24 22 11 19 7 23 22 14 20 14 23 27 19
6 1 12 8 1 23 9 16 11 9 12 18 14 18 14 1 10 18 23 10
50 37 21 15 23 13 42 33 42 24 19 22 44 20 20 32 20 31 33 31
41 23 28 13 7 24 23 37 26 16 33 28 33 27 27 19 17 32 29 17
25 24 21 9 20 26 42 31 32 15 33 25 50 28 21 22 26 37 36 20
15 7 1 6 5 6 14 13 12 1 6 9 16 6 1 6 1 11 10 1
18 5 21 12 11 30 24 25 21 14 21 16 22 23 20 14 17 32 40 22
22 22 26 7 14 23 39 33 31 10 22 26 41 29 15 27 21 37 26 16
25 18 14 14 14 17 30 32 30 16 21 20 27 21 20 22 21 29 25 20
33 23 17 29 34 47 46 43 40 35 47 31 53 39 43 27 39 50 60 44
7 3 4 1 3 6 14 5 6 1 8 7 11 5 4 5 1 9 12 4
9 5 6 3 1 7 7 12 5 1 4 1 15 6 4 5 4 8 13 4
13 8 7 1 6 6 11 8 7 5 13 8 16 7 13 8 7 11 8 10
42 43 28 20 29 18 47 41 48 23 27 45 61 36 31 38 26 43 36 22
16 10 10 3 4 10 17 11 15 1 10 13 19 8 3 8 3 16 12 5
32 23 25 3 12 16 24 31 20 8 24 26 38 23 18 19 15 27 23 12
41 23 31 16 20 28 38 46 40 27 35 25 38 39 34 36 30 47 50 38
1 1 1 1 1 4 9 1 4 1 4 3 9 6 1 2 1 4 5 1
8 2 5 5 1 15 6 4 6 2 10 11 23 16 10 1 3 11 22 3
10 4 3 4 6 13 18 15 12 6 16 11 23 18 13 7 8 15 23 10
37 25 29 10 20 24 24 27 25 10 19 39 42 24 17 18 9 41 36 6
8 4 1 6 3 5 10 12 6 3 5 3 6 6 5 1 4 5 6 4
59 37 47 23 29 35 48 54 44 36 39 35 58 46 39 37 36 47 65 45
10 10 7 1 1 3 14 15 6 1 8 9 21 13 2 6 5 12 17 1
28 9 11 14 13 16 20 32 26 14 22 14 18 22 15 18 14 27 35 17
1 1 1 1 1 1 4 1 1 1 3 1 6 4 1 1 1 2 5 1
33 11 24 12 17 30 17 35 22 10 25 38 34 25 28 10 5 39 35 7
7 3 6 5 1 12 10 11 8 2 6 3 15 10 5 3 4 10 15 6
10 5 7 1 4 5 12 7 4 3 6 7 5 4 7 2 1 9 13 6
31 10 3 18 10 22 25 26 34 14 26 28 32 24 19 17 15 29 25 11
47 44 35 38 30 42 46 51 53 31 34 52 64 50 42 36 35 56 59 33
42 34 41 19 18 31 21 44 35 16 28 44 49 31 32 24 25 49 37 21
1 1 1 1 1 4 1 1 1 1 1 4 6 1 1 1 1 1 1 1
47 28 16 37 36 56 49 47 52 49 59 45 54 45 54 33 41 57 68 42
3 1 1 1 3 1 10 6 2 2 4 2 6 2 4 2 2 4 6 4
28 28 34 22 14 30 39 36 40 26 23 28 46 39 23 29 31 41 48 35
22 12 9 7 9 14 21 11 17 12 18 17 25 15 15 7 8 19 28 13
14 1 4 2 4 6 8 17 8 1 3 4 9 4 3 1 3 14 20 4
49 27 16 36 25 38 43 42 52 30 37 45 62 46 45 26 30 49 48 23
5 8 6 1 5 4 11 7 5 1 5 5 9 1 6 1 1 5 8 5
38 30 33 19 26 36 55 47 44 41 46 38 49 43 45 36 36 49 47 40
42 44 32 5 30 5 49 39 38 23 13 25 47 20 14 31 23 44 41 25
31 29 22 9 17 23 36 28 30 20 28 25 40 24 23 19 21 34 37 19
18 14 13 12 6 15 17 17 19 10 14 24 30 18 12 10 13 13 15 5
16 9 8 4 6 7 14 13 10 3 6 6 19 4 8 5 3 11 20 7
43 32 22 14 9 17 31 30 38 15 17 29 45 21 14 29 13 29 29 18
60 33 23 31 31 47 55 35 63 39 54 35 69 49 42 38 41 52 67 39
21 13 10 2 1 3 13 17 16 4 8 6 15 9 6 14 8 15 15 10
36 26 27 12 24 32 48 39 38 31 37 28 40 29 30 24 23 50 51 30
45 7 26 29 23 45 27 38 33 28 45 40 44 37 35 15 22 40 48 19
51 15 35 29 23 42 28 46 41 30 43 34 47 43 41 19 29 44 62 33
16 14 18 1 1 15 11 15 10 5 12 13 22 15 12 11 8 17 19 8
7 3 1 1 1 1 2 6 2 1 3 4 7 4 1 2 1 5 7 1
8 4 3 1 1 5 6 7 3 1 3 1 12 2 2 4 1 3 10 2
49 23 35 31 23 61 43 37 50 44 65 47 68 54 59 27 43 52 61 38
7 4 3 1 1 7 8 1 5 1 5 4 13 7 3 4 1 4 10 1
6 4 4 1 1 6 8 3 4 1 1 8 10 1 1 1 1 9 12 1
6 8 6 1 1 1 6 7 3 1 3 1 17 3 2 5 3 1 3 1
16 10 20 9 8 23 14 12 13 6 21 14 29 23 16 7 8 24 36 11
31 16 16 5 12 17 19 13 20 18 22 17 27 17 19 12 7 29 37 18
2 1 7 3 4 14 13 12 8 4 4 11 8 10 10 1 7 19 20 9
17 9 7 1 2 4 6 13 9 1 7 5 12 6 6 10 5 12 13 5
37 25 26 27 33 40 52 41 47 32 44 21 47 31 30 36 37 43 55 46
19 8 4 3 1 3 10 20 12 3 11 5 12 7 10 8 7 12 12 8
32 17 40 10 12 35 27 33 29 18 26 34 35 33 24 15 12 51 51 19
28 18 21 12 10 23 20 26 23 10 17 29 34 16 20 10 15 25 31 18
47 28 20 38 43 41 62 59 62 33 43 41 65 47 46 49 43 53 59 43
38 29 26 13 18 18 36 41 37 19 22 32 33 26 25 30 17 47 32 19
58 35 34 21 31 29 54 61 55 36 41 36 50 46 33 45 34 58 53 42
26 26 28 6 8 20 31 20 26 14 25 24 50 31 23 20 20 30 37 21
3 1 6 2 1 10 4 1 5 1 4 5 14 9 5 1 4 8 15 5
11 5 8 6 7 9 8 15 6 1 6 4 11 5 8 1 4 11 17 7
25 17 12 6 4 9 13 14 20 6 11 11 25 14 7 15 5 15 23 10
26 24 41 10 5 31 29 21 31 21 17 29 41 38 17 20 19 41 45 28
12 16 17 7 17 15 38 25 22 12 18 15 32 21 13 16 20 25 30 18
15 16 21 8 4 18 20 17 14 4 13 21 30 20 14 9 12 20 31 13
14 13 16 1 8 16 20 8 14 6 15 22 21 16 10 11 3 21 18 7
12 19 19 7 12 14 33 26 25 7 14 25 34 26 4 18 17 24 19 8
22 16 18 10 1 18 16 17 19 7 13 16 26 8 8 16 10 13 18 11
22 6 18 16 12 31 23 28 26 16 23 20 24 29 18 16 15 37 47 22
42 18 23 21 24 41 34 25 37 25 51 39 51 44 37 24 27 51 48 17
19 12 11 1 1 4 14 7 14 5 4 3 18 11 1 12 1 18 22 9
17 6 6 6 5 7 13 19 15 6 6 10 9 7 4 9 7 18 19 7
5 1 12 5 9 19 17 13 8 11 12 13 14 15 16 7 10 20 22 13
47 46 50 20 21 28 49 50 52 35 31 43 56 46 28 48 38 47 44 36
14 14 15 9 9 11 17 25 16 9 11 23 22 15 10 12 14 16 16 7
28 22 36 13 30 37 49 44 33 22 38 35 49 37 29 29 25 53 54 26
26 13 18 20 21 26 31 32 25 22 27 18 30 25 27 16 24 24 45 29
6 4 7 1 7 10 11 6 5 5 8 13 11 7 9 1 1 13 12 7
9 10 19 4 3 18 23 21 15 5 11 14 26 17 5 12 12 22 18 7
30 16 7 9 15 14 25 21 24 10 16 16 31 11 17 12 12 16 25 17
7 9 3 1 2 3 16 9 8 1 3 15 19 9 1 2 3 11 12 1
10 1 1 2 1 2 2 10 5 1 1 1 2 1 1 1 1 4 10 1
31 22 25 13 19 23 28 35 23 7 22 34 44 25 22 14 13 37 34 13
34 15 18 18 16 33 21 19 27 15 28 37 44 29 23 12 16 40 41 7
37 29 41 16 28 34 49 53 41 31 42 44 46 46 37 36 31 58 53 31
33 23 8 16 19 28 38 28 33 24 39 19 42 26 31 18 25 33 35 27
58 48 39 24 25 29 50 54 58 32 37 47 70 46 42 37 39 55 50 36
4 2 2 1 1 2 3 1 2 1 1 7 2 1 1 1 1 3 2 1
20 13 8 9 7 11 20 20 17 7 17 14 26 11 13 10 10 9 15 10
14 4 10 3 7 9 11 19 3 1 9 3 12 7 4 1 1 15 18 1
4 6 7 1 5 3 12 7 1 1 5 4 15 1 4 1 1 8 13 3
51 39 52 32 26 53 47 45 54 38 44 39 68 54 38 38 43 57 70 56
7 11 9 3 4 3 16 10 7 1 5 9 15 5 5 5 6 6 5 4
11 8 10 4 1 10 12 12 7 1 5 11 16 5 4 6 4 13 12 1
2 6 7 1 1 6 12 5 1 1 2 1 17 5 3 1 3 5 11 2
17 21 32 9 25 21 50 37 37 13 27 31 49 33 9 34 30 40 28 24
4 7 8 1 4 7 8 5 4 1 5 6 12 7 7 1 3 8 14 6
50 29 30 20 37 40 47 49 38 30 39 38 49 28 40 23 24 51 55 27
16 3 2 4 2 7 7 13 11 2 9 4 14 6 9 4 4 4 13 7
44 35 29 13 11 18 36 31 40 18 25 27 48 28 28 33 21 34 30 31
8 5 5 5 1 7 7 10 5 1 1 1 10 5 3 1 1 5 11 3
3 2 2 1 1 1 1 2 1 1 1 1 2 1 1 1 1 3 12 1
14 8 20 7 6 19 14 20 12 7 13 15 21 18 12 1 12 27 32 13
25 11 19 11 19 29 32 31 20 16 32 20 32 25 23 9 17 31 44 19
34 34 37 21 19 25 42 29 44 29 25 37 61 46 28 33 29 40 50 26
35 31 34 19 14 27 29 26 33 26 27 32 52 36 30 17 27 37 50 27
1 4 11 1 1 10 16 10 3 1 5 7 13 10 1 3 4 17 13 2
34 28 33 13 19 28 40 33 33 21 26 36 42 23 23 26 18 37 40 22
46 39 37 13 30 44 55 40 47 33 46 43 65 41 46 33 24 56 58 38
20 12 4 7 9 11 20 13 15 8 18 15 28 8 13 7 8 6 13 10
31 14 19 22 12 30 22 35 33 18 25 28 34 28 25 18 24 28 41 23
16 11 21 3 3 20 16 12 12 14 19 22 22 22 17 10 1 25 29 9
34 23 34 29 21 42 34 43 34 32 35 41 36 38 33 27 29 40 51 27
27 21 32 8 11 22 33 20 33 10 18 18 45 27 10 26 15 33 37 28
31 19 32 21 7 38 30 34 37 17 40 31 54 41 30 25 31 37 36 29
26 12 30 18 19 34 30 43 26 21 35 27 42 39 30 14 27 42 47 26
1 1 7 2 2 13 17 10 9 1 12 6 21 17 1 5 6 16 23 6
21 16 9 8 16 13 34 22 25 13 20 14 29 14 15 18 15 21 28 19
17 11 5 1 11 5 17 10 13 5 12 14 20 6 11 10 6 15 9 9
17 3 2 6 1 10 1 6 11 3 10 7 17 11 7 4 1 9 20 1
15 16 18 3 7 13 21 21 20 7 8 20 21 14 7 16 12 25 22 7
12 11 7 2 4 3 15 20 10 4 8 7 16 9 7 9 10 14 14 7
7 2 2 1 1 5 8 9 3 1 5 1 14 6 2 4 1 6 10 1
4 1 4 1 1 8 9 8 5 1 5 1 18 9 3 3 4 8 14 4
11 5 1 1 1 1 6 5 8 1 5 3 12 5 2 6 2 5 6 1
5 11 10 3 5 6 17 18 7 5 3 6 17 9 3 8 11 15 16 5
35 29 32 14 14 33 49 34 42 36 45 32 44 48 38 38 30 51 51 41
32 19 27 17 20 38 39 44 41 29 36 43 42 44 37 34 32 52 45 33
3 1 4 1 1 6 2 4 1 1 1 3 11 5 3 1 3 5 13 3
29 15 34 23 4 39 10 32 26 25 29 34 36 28 32 13 23 26 33 23
17 16 12 5 14 11 33 25 16 12 23 9 28 20 16 16 18 23 26 18
16 16 19 1 14 21 35 19 18 5 18 22 40 20 12 13 14 29 30 15
19 5 13 8 18 16 30 26 22 7 27 9 31 16 9 16 16 26 32 19
36 9 23 25 12 42 26 24 31 30 41 38 38 35 36 17 18 34 47 19
3 1 2 1 2 1 5 7 1 1 3 3 5 3 1 1 1 8 10 1
16 6 17 2 8 19 9 12 8 4 14 22 14 15 10 3 1 24 28 2
33 27 22 14 27 30 45 32 37 27 39 28 57 33 27 21 32 45 51 22
44 27 54 23 29 41 50 64 48 25 46 38 62 50 33 38 45 52 56 39
1 1 1 1 1 6 1 1 1 1 3 6 8 6 2 1 1 2 12 1
5 1 1 1 1 2 3 3 2 1 8 2 11 5 5 3 1 1 5 2
16 13 20 14 1 24 12 17 19 8 16 27 37 26 16 4 15 20 22 9
31 11 15 20 10 26 23 33 27 18 29 23 34 28 27 19 21 22 31 21
11 1 10 11 10 23 25 23 20 7 21 13 22 22 11 10 13 24 32 17
10 7 12 6 4 13 11 8 6 4 12 12 27 13 14 3 7 5 18 10
44 23 39 29 21 39 49 54 54 29 51 37 56 50 26 43 42 52 53 39
11 14 19 6 5 16 20 20 17 7 9 19 26 14 5 14 15 19 16 7
16 8 8 6 5 10 12 19 12 6 11 15 21 13 6 5 6 18 21 4
10 10 6 1 1 1 12 13 7 1 4 4 16 5 2 7 6 4 2 1
27 19 14 5 11 11 30 27 28 3 16 16 29 17 7 20 10 29 24 13
8 3 9 5 6 14 16 13 13 1 18 6 23 18 4 14 9 13 15 9
3 5 4 1 2 4 6 5 1 1 4 6 10 5 3 1 1 8 10 1
13 10 4 2 7 2 18 12 8 4 8 11 18 6 7 2 5 5 11 6
38 24 23 19 15 18 26 37 31 10 11 32 38 17 19 20 15 32 34 15
53 28 48 21 32 37 45 50 43 35 31 37 46 47 30 35 30 59 61 38
30 19 21 12 9 23 24 30 28 9 20 31 37 20 23 16 17 25 25 17
20 18 23 13 19 25 38 25 27 14 28 10 37 21 14 18 23 26 40 29
52 19 37 22 16 45 19 42 35 32 48 45 43 42 42 23 25 45 47 21
16 20 19 6 3 11 18 12 16 7 9 15 28 19 7 13 7 16 24 8
36 18 22 29 43 45 60 44 55 33 54 41 59 46 31 42 40 54 56 44
8 6 1 1 3 5 10 6 6 1 5 9 17 7 2 3 1 11 10 1
40 21 11 18 21 29 31 25 33 23 35 27 42 19 29 17 19 24 35 22
25 17 14 10 2 16 23 27 23 16 24 23 33 27 20 15 20 28 21 12
34 9 22 12 29 30 31 35 19 24 33 23 27 24 29 6 18 39 43 22
44 35 45 19 15 36 32 44 41 28 26 50 52 41 34 24 14 58 55 24
19 11 17 1 2 11 8 13 12 1 9 12 20 11 8 10 5 19 22 8
33 25 44 6 19 28 39 38 27 13 25 22 47 34 15 28 20 45 49 23
4 1 2 1 1 6 9 6 1 1 1 5 10 3 2 1 1 10 15 1
15 21 24 1 3 8 24 20 16 10 1 11 22 18 1 16 11 27 30 14
50 31 34 21 33 28 44 42 42 33 24 38 42 42 28 31 23 55 59 31
4 4 2 2 2 3 8 10 4 3 1 2 7 5 2 1 4 7 10 3
37 20 20 21 28 32 30 41 36 29 34 24 41 25 35 16 32 45 52 36
13 11 9 5 2 6 12 14 7 2 4 8 14 3 4 6 5 7 10 3
36 21 31 13 24 25 25 36 26 11 19 38 39 19 25 17 16 36 33 14
7 3 1 1 1 1 1 1 3 1 3 1 6 3 1 4 1 1 3 1
7 11 9 3 2 1 10 12 6 1 1 7 13 4 1 5 6 5 3 1
23 5 7 6 11 21 22 16 20 9 22 15 30 13 15 10 11 16 28 17
45 24 34 13 7 34 35 44 41 28 41 42 42 40 33 25 19 51 43 21
4 2 1 1 1 1 9 3 2 1 1 6 9 1 1 1 1 8 3 1
14 4 11 10 1 21 13 17 17 5 16 13 26 16 11 10 11 12 20 13
23 3 13 6 12 17 20 27 18 5 16 10 22 16 8 9 8 26 29 9
33 24 26 15 19 31 33 34 32 29 34 44 44 30 32 16 22 41 38 14
17 10 19 8 1 23 11 20 11 10 17 22 21 15 16 7 5 18 26 6
7 9 27 1 1 25 21 18 7 8 17 21 28 26 12 7 8 29 37 7
6 3 1 1 6 3 14 7 7 4 5 7 9 4 6 1 4 8 10 6
22 18 14 10 11 20 22 16 16 14 19 22 30 17 19 7 14 20 28 12
18 19 22 14 20 22 40 35 33 17 18 31 32 25 15 24 25 31 23 18
46 19 29 31 17 45 23 33 41 30 41 50 54 38 43 18 30 41 48 24
27 14 19 17 6 31 25 35 30 25 34 31 31 33 32 20 24 33 30 21
29 18 39 25 8 49 31 39 38 27 44 44 55 52 37 18 32 52 57 26
2 2 1 1 1 3 3 1 1 1 5 4 10 7 2 1 1 2 5 1
24 10 26 8 7 34 24 24 26 15 35 30 44 33 30 11 14 34 37 19
3 1 1 1 1 4 4 1 2 1 4 5 10 4 1 2 1 5 5 1
9 7 2 1 3 2 8 3 6 1 1 7 12 1 1 3 1 8 11 1
7 5 4 1 1 6 8 8 4 1 4 6 14 5 1 4 1 7 9 1
13 14 9 1 4 1 15 11 9 1 2 8 19 2 2 8 2 9 14 3
26 13 11 6 17 15 33 31 28 7 24 11 33 22 13 20 14 29 34 18
30 27 21 4 12 12 24 16 25 9 18 18 40 20 18 22 11 18 25 20
1 1 1 1 1 2 3 1 1 1 1 2 6 1 2 1 1 3 5 1
35 20 25 17 24 26 45 30 42 22 36 24 47 36 16 31 23 41 50 34
7 9 10 8 6 16 20 7 10 8 19 16 24 18 13 6 6 17 20 8
15 9 6 2 1 4 12 15 12 1 9 7 19 9 6 7 5 6 6 4
4 1 1 1 1 1 6 6 3 1 2 1 6 2 1 1 1 4 7 1
8 6 5 2 1 5 5 6 5 1 2 3 9 5 2 3 1 5 13 3
39 26 25 17 8 21 28 33 34 20 29 25 34 22 27 28 24 22 23 27
19 6 21 1 13 21 11 17 6 5 17 20 24 16 14 5 4 23 27 7
19 17 25 1 14 11 16 16 9 3 11 16 25 8 10 10 8 21 27 9
29 27 37 16 31 25 49 37 43 13 30 39 55 34 11 42 28 42 30 25
9 5 3 1 1 3 7 11 5 1 3 7 12 5 1 3 2 10 12 1
24 15 23 19 20 31 42 30 38 27 31 21 43 42 26 34 28 41 54 40
22 8 14 8 5 19 11 17 13 7 23 15 31 22 20 5 11 23 29 5
16 15 18 5 10 13 25 15 14 8 17 18 28 14 12 13 11 17 16 11
17 7 14 3 7 21 22 18 13 9 28 16 28 23 19 12 9 25 30 13
7 2 1 1 1 1 7 3 6 1 1 6 11 3 1 1 1 5 2 1
36 27 49 10 23 40 39 38 31 20 43 32 53 40 34 25 27 50 56 31
29 16 31 26 27 45 34 39 32 32 42 45 47 44 43 17 34 52 59 32
10 10 10 1 1 10 14 8 11 1 9 6 14 9 1 11 5 16 20 9
23 27 31 8 13 20 23 25 25 13 15 35 41 23 19 15 20 33 30 17
5 2 10 2 1 14 7 4 7 1 8 7 22 10 5 5 5 12 14 7
12 7 11 1 4 12 16 15 10 5 15 11 24 17 16 7 12 16 21 15
41 35 38 21 38 43 58 49 43 28 48 48 60 40 37 30 27 64 59 26
28 18 21 19 13 22 36 38 34 25 18 22 32 26 16 30 25 33 39 28
27 13 16 14 11 22 24 24 26 15 20 19 29 20 21 9 18 26 38 25
20 13 28 4 9 24 20 27 13 16 24 26 29 23 18 12 5 31 29 7
14 12 11 1 3 6 20 13 11 6 15 7 27 13 16 10 11 9 11 14
18 18 12 10 21 22 39 24 24 18 25 18 32 20 19 13 20 30 35 22
48 33 36 9 17 26 39 40 38 14 31 32 51 34 24 33 19 47 41 25
11 5 18 5 6 22 13 14 8 11 15 22 19 17 18 1 4 20 23 9
39 19 18 10 26 18 38 36 32 27 27 11 28 23 23 20 20 39 49 31
12 2 11 3 1 16 11 15 10 6 13 14 12 11 7 4 2 19 17 2
40 24 27 12 13 19 25 27 28 20 23 17 41 30 20 23 15 33 48 25
17 9 7 4 11 9 11 13 11 1 10 21 18 9 5 5 1 23 14 1
13 13 14 11 24 31 40 24 24 24 33 16 29 23 26 16 24 38 41 28
11 5 3 2 1 3 6 5 5 1 2 1 9 3 1 4 1 4 10 2
26 30 40 15 21 25 47 43 44 16 26 31 50 34 17 38 33 42 40 30
20 20 21 7 20 14 35 33 26 9 14 22 24 17 8 19 15 36 30 12
6 4 10 5 1 11 5 8 6 3 4 7 13 11 8 1 8 11 20 8
22 16 14 3 4 16 23 20 18 9 26 15 33 23 18 18 12 21 24 15
7 6 2 1 1 1 5 5 5 1 1 1 9 1 1 3 1 1 7 1
12 1 2 1 1 4 3 8 8 1 4 3 13 6 3 4 2 1 4 2
21 19 30 11 9 34 37 37 28 28 35 30 37 40 32 25 24 40 31 23
15 13 21 5 3 22 12 14 12 7 18 21 27 22 20 10 9 22 27 10
13 2 8 12 1 20 6 9 14 10 14 18 25 22 16 1 12 16 24 8
16 13 8 10 16 15 26 22 21 10 16 24 23 17 13 15 10 28 22 11
39 28 38 12 17 26 36 40 34 22 33 23 42 39 31 28 27 45 47 35
10 4 3 3 1 5 10 13 7 3 6 3 13 8 3 6 5 5 10 3
57 35 38 27 34 46 49 53 48 43 57 51 62 48 52 30 46 57 56 30
18 11 12 1 1 7 15 11 15 6 5 9 19 14 1 12 3 15 21 9
11 7 10 3 3 15 10 5 9 1 13 13 18 13 7 10 1 15 19 6
10 6 9 7 7 11 10 10 8 5 9 8 16 11 13 1 7 8 19 12
5 6 7 1 1 5 8 4 1 1 3 8 8 5 2 1 1 7 4 1
58 47 42 29 26 46 42 50 52 38 50 56 71 47 56 33 38 62 53 42
19 16 14 6 11 16 18 19 17 9 14 31 27 17 15 14 2 24 15 1
52 32 53 20 31 37 57 58 47 30 38 33 57 48 28 42 36 56 62 43
44 32 49 26 19 54 57 55 50 44 61 53 68 60 53 39 43 54 55 40
16 10 14 6 7 14 17 15 16 4 9 13 22 14 11 8 9 23 29 12
65 26 32 33 33 47 41 41 51 35 58 41 60 45 48 32 34 48 64 34
46 25 27 28 16 48 31 25 45 33 51 43 62 46 48 17 36 47 49 32
41 15 28 21 15 44 34 40 43 35 46 48 53 44 48 19 27 44 47 28
1 1 2 1 1 3 3 3 1 1 1 4 6 1 1 1 1 6 10 1
22 18 13 1 5 8 13 13 18 2 9 19 24 10 8 15 5 16 8 5
2 5 7 1 1 7 13 6 1 1 3 6 15 3 1 1 1 9 9 1
5 9 8 1 1 7 13 9 4 1 4 14 19 9 3 4 5 6 9 1
22 16 6 11 11 12 22 18 18 6 12 23 28 10 12 8 4 15 16 5
18 18 18 1 3 11 25 18 17 6 19 12 33 19 14 18 14 14 13 14
10 10 19 3 7 17 14 16 6 6 11 15 16 15 8 4 6 23 30 6
7 1 3 1 1 5 11 8 3 1 3 1 10 7 4 1 2 3 14 4
18 13 23 17 6 33 14 18 24 19 22 36 33 32 25 4 18 37 36 15
44 15 25 8 14 17 31 37 30 16 28 19 30 24 21 18 14 36 37 22
30 24 27 23 19 29 35 43 37 22 27 31 40 35 27 30 36 27 34 28
12 6 11 4 1 13 10 13 8 5 14 16 15 11 11 3 3 9 9 3
8 3 3 1 1 3 1 3 3 1 1 1 6 2 1 2 1 2 9 1
23 15 20 13 5 24 22 25 25 11 19 25 37 25 14 16 17 23 33 10
11 4 1 3 7 7 8 5 4 7 13 10 14 8 12 1 3 10 17 7
24 16 28 8 3 26 23 25 28 8 25 26 42 30 18 16 18 33 27 19
1 2 2 1 1 2 3 1 1 1 1 2 7 1 2 1 1 1 3 1
20 7 19 12 2 29 10 9 19 13 20 31 26 26 23 4 10 30 36 10
28 14 13 9 11 17 25 29 25 6 19 21 28 12 13 17 10 29 20 11
16 11 23 12 4 27 13 17 19 9 20 17 34 22 15 11 17 26 30 19
19 16 42 28 26 44 44 42 40 25 38 41 58 53 19 30 41 54 56 30
3 7 5 1 2 4 17 9 3 1 8 11 19 10 5 1 3 4 11 1
5 6 3 1 1 1 10 8 2 1 1 1 6 3 1 1 2 7 11 2
58 40 42 14 19 28 51 52 46 35 42 36 52 46 36 41 30 56 56 41
39 16 13 13 31 23 38 38 30 18 27 29 31 18 26 14 14 40 35 18
28 15 22 11 6 25 26 25 31 6 24 18 37 23 11 23 13 28 35 21
9 4 9 1 1 9 11 6 7 1 12 7 22 10 13 6 7 11 13 11
25 11 18 5 2 13 9 16 14 7 12 11 17 9 5 10 2 21 23 8
14 15 33 5 20 24 30 33 14 13 18 26 30 28 19 11 19 39 39 13
53 17 38 26 27 51 40 50 39 42 60 52 52 50 53 21 25 53 62 26
11 13 17 1 1 15 13 9 10 3 11 24 26 15 6 8 3 19 19 1
13 17 29 3 6 24 22 19 12 16 18 27 26 21 18 12 6 25 25 8
39 32 24 29 29 40 46 33 42 26 28 48 66 41 39 27 27 50 49 19
15 12 11 1 4 7 24 19 13 2 15 9 26 9 8 11 9 15 15 9
2 5 4 1 4 3 6 2 1 2 4 1 12 2 5 1 1 5 10 4
45 30 19 20 22 37 52 45 49 34 47 28 49 29 39 34 40 44 38 43
10 6 9 1 1 11 1 6 3 1 4 10 14 8 5 3 1 10 19 3
37 27 23 8 1 16 28 25 33 21 23 22 39 32 20 26 18 31 31 23
21 15 17 1 11 8 24 21 10 5 16 7 25 9 8 12 7 20 31 11
8 5 3 4 5 9 17 12 11 6 9 1 13 13 5 10 7 11 19 8
4 1 1 1 1 2 8 5 2 1 4 1 9 4 1 3 1 6 6 1
6 3 2 1 1 6 8 5 6 1 6 5 15 4 1 5 1 8 8 1
44 37 45 31 35 37 44 52 44 34 38 44 57 39 38 29 42 44 50 38
11 3 1 1 3 1 6 7 4 1 6 1 8 1 5 4 1 3 9 3
5 1 2 1 1 5 8 9 3 1 1 3 9 4 1 1 2 6 9 2
37 28 53 7 31 35 53 51 37 27 42 45 55 45 33 30 28 60 54 25
2 3 2 1 1 1 3 1 1 1 1 3 9 1 1 1 1 2 2 1
9 6 6 2 1 5 7 7 3 1 1 1 16 4 2 1 1 1 7 1
26 15 9 1 4 2 15 13 17 6 10 5 21 6 9 13 4 15 22 14
1 1 1 1 1 1 4 1 1 1 1 4 1 1 1 1 1 2 3 1
28 25 22 14 26 30 47 26 36 34 29 20 39 30 27 29 27 45 53 39
10 6 3 1 1 3 7 11 5 3 4 5 10 5 1 5 4 6 9 3
34 34 35 26 30 25 51 54 50 33 31 41 59 47 40 37 46 43 50 40
30 12 24 18 16 30 24 33 25 14 29 17 34 25 17 21 19 25 41 21
22 12 21 1 8 10 17 15 10 8 12 10 18 18 4 9 1 27 30 9
14 3 3 7 1 13 8 12 12 4 7 13 13 3 4 3 4 14 12 4
22 19 7 4 15 11 23 7 15 14 18 4 24 6 16 11 11 16 25 19
45 27 33 18 24 39 34 42 33 21 41 39 53 31 38 15 27 43 46 28
19 14 6 16 25 19 34 32 30 17 18 31 30 25 25 25 13 38 29 15
22 12 11 11 3 17 15 20 19 8 17 19 29 18 15 9 11 15 20 8
9 6 1 1 4 1 14 5 4 3 5 1 11 2 5 1 2 4 15 6
36 16 21 20 29 40 38 41 37 35 38 28 36 29 40 24 30 47 57 37
13 19 41 9 15 29 30 38 23 23 19 37 37 33 28 15 20 40 37 18
8 13 27 12 21 31 39 23 21 14 27 19 39 29 18 17 26 35 40 29
11 13 9 1 1 1 16 17 10 1 5 8 17 9 3 10 10 8 6 3
34 21 8 31 28 44 43 24 40 37 45 33 46 39 40 19 33 44 56 20
5 8 5 1 1 4 12 9 3 2 3 7 14 7 1 3 5 5 11 2
9 5 2 3 1 4 4 6 6 1 1 6 8 1 1 1 1 6 8 1
23 11 23 20 24 30 38 40 37 12 27 21 41 30 15 26 25 42 44 27
36 5 20 14 23 25 29 34 22 18 33 23 28 20 24 14 14 28 35 20
6 13 11 1 4 1 16 15 7 3 1 10 15 9 1 8 10 12 11 3
15 8 12 6 1 17 15 14 12 1 11 10 21 15 5 10 6 16 24 8
14 12 6 1 3 2 13 14 10 1 6 7 20 3 5 8 5 10 8 3
10 4 1 1 3 1 6 2 4 1 6 2 10 1 5 4 1 2 10 4
14 13 18 4 9 14 28 26 14 14 20 18 24 21 19 11 14 23 22 11
8 7 9 2 2 10 11 3 7 1 4 10 22 9 5 3 4 7 11 5
8 6 6 1 1 5 5 1 7 1 1 10 5 1 1 4 1 7 7 3
24 9 11 12 8 24 22 12 21 15 24 17 33 28 19 10 13 31 45 12
34 35 37 16 20 24 44 41 44 30 21 38 42 40 20 36 30 42 41 29
10 7 5 6 7 5 15 15 9 7 7 4 11 8 7 7 8 10 12 8
16 11 17 10 3 19 9 10 13 7 16 14 25 20 17 5 11 16 29 17
38 20 27 10 27 22 34 35 25 12 28 30 41 21 23 18 13 39 30 15
17 9 11 7 13 13 25 23 19 1 16 15 23 17 5 13 9 27 23 10
57 34 41 36 35 60 42 53 48 40 60 47 67 43 53 27 44 54 68 49
16 16 25 6 4 20 26 17 23 15 9 15 24 27 11 16 13 32 37 21
4 11 16 1 5 8 21 15 11 1 5 12 25 12 2 9 9 17 16 4
6 4 1 1 6 5 7 1 4 4 8 9 11 6 7 3 1 5 8 6
7 4 1 1 1 4 10 11 6 1 8 5 15 11 4 5 5 7 11 3
2 4 13 1 2 15 16 11 4 9 10 15 12 14 10 1 3 19 18 3
16 14 11 1 12 9 24 11 11 6 16 13 22 10 9 6 6 19 24 10
48 47 42 17 25 32 50 43 50 42 38 42 61 43 38 37 36 50 53 37
19 10 20 17 9 29 24 18 27 11 28 24 44 30 21 8 17 28 35 19
4 7 6 1 3 6 17 10 4 2 4 7 12 5 3 1 5 9 14 4
36 25 20 14 23 33 30 19 29 20 33 26 46 22 30 14 19 39 50 27
43 29 44 17 29 36 50 51 45 24 47 38 52 41 30 35 37 50 52 35
30 15 10 12 10 15 18 27 25 8 13 22 26 8 11 17 11 18 16 10
18 20 40 14 14 38 34 33 28 25 30 45 51 47 30 19 26 50 49 14
23 15 24 9 22 21 38 37 25 9 34 18 35 30 16 23 23 34 41 22
38 20 35 33 22 52 53 54 55 34 55 45 63 54 46 39 45 53 56 48
39 28 43 27 14 43 49 47 46 29 50 41 55 43 36 41 39 40 37 41
9 7 3 1 1 2 6 7 5 1 1 4 11 1 1 1 1 8 12 1
3 6 9 1 3 10 7 3 1 1 3 7 14 7 7 1 4 8 11 6
12 6 16 10 3 23 14 15 13 9 13 16 19 12 13 7 8 15 20 10
44 36 30 25 33 41 39 42 38 32 38 43 53 28 44 20 29 57 53 34
26 20 32 16 9 44 25 20 25 26 40 36 51 38 37 8 26 38 49 26
13 11 10 1 11 12 21 12 7 8 16 8 26 10 12 7 6 16 24 11
12 4 9 3 2 6 5 14 5 1 3 8 5 1 1 1 1 12 9 1
39 32 44 25 22 43 49 51 49 29 50 35 67 45 36 34 49 47 48 48
15 4 14 5 5 15 15 22 12 2 11 10 17 15 7 1 8 21 28 8
33 22 18 4 24 24 29 29 24 20 30 23 32 18 25 14 17 39 41 19
11 7 13 6 1 17 10 10 8 6 8 15 14 10 8 1 1 15 17 4
24 19 39 9 7 30 26 34 28 15 23 31 40 31 19 23 20 35 39 16
30 26 18 22 35 36 51 39 41 30 36 39 52 38 38 28 37 47 56 37
40 19 27 24 14 39 42 43 47 25 46 38 52 42 32 32 33 43 42 33
7 2 1 1 1 4 1 7 3 1 2 2 11 2 1 3 1 4 6 1
13 6 4 4 1 1 13 15 9 1 9 5 13 10 6 9 7 6 6 5
32 24 12 18 24 28 36 24 33 26 30 29 44 28 31 16 26 34 45 22
6 6 4 4 3 6 9 5 6 3 8 10 11 9 7 1 1 6 10 3
10 4 2 1 1 5 4 11 6 1 6 3 14 7 4 5 2 6 11 2
37 20 12 22 16 36 21 23 33 28 39 30 49 28 40 10 29 34 44 28
36 27 52 10 21 33 41 37 27 25 26 34 45 41 22 24 20 52 55 25
35 26 27 11 19 37 40 33 31 27 42 34 50 29 37 18 21 35 37 23
16 9 9 1 1 8 18 16 17 1 16 7 21 17 6 14 8 14 16 10
18 14 17 13 5 19 22 29 24 9 18 21 34 26 19 11 21 22 26 17
43 22 38 23 22 49 46 50 48 34 52 51 55 55 39 28 31 63 56 19
35 11 30 9 9 33 23 25 23 15 30 33 39 32 20 9 8 43 48 7
13 10 13 3 5 14 5 7 9 6 15 17 16 13 13 9 3 15 20 7
19 6 23 1 11 20 13 22 8 8 13 17 13 18 12 3 4 29 34 7
8 8 8 4 3 12 19 8 12 4 14 12 20 17 7 7 6 14 21 7
12 10 15 6 7 17 19 16 8 7 14 17 27 15 14 7 8 16 23 10
46 30 48 28 22 55 58 61 53 47 60 46 56 54 53 45 41 58 60 47
15 12 16 6 6 16 15 15 12 7 7 21 18 10 9 5 4 18 14 1
3 6 3 1 1 1 1 1 1 1 1 1 6 1 1 1 1 3 10 1
20 17 28 27 24 37 45 46 44 27 31 34 48 44 28 30 42 42 44 35
9 6 4 5 1 5 3 7 5 1 5 6 11 7 3 3 1 1 5 1
45 45 45 15 10 26 46 42 48 27 28 32 61 47 22 44 33 42 41 34
5 5 6 4 5 8 14 12 8 6 5 8 9 7 4 6 7 16 14 6
7 1 1 1 1 4 4 6 5 1 1 6 7 6 1 1 1 6 15 1
20 14 14 2 5 10 20 14 15 7 18 13 31 18 18 12 12 11 15 16
31 27 23 7 15 23 41 23 32 22 23 7 44 25 19 20 23 32 48 35
5 5 4 1 6 7 11 3 1 6 8 6 7 2 10 1 2 13 15 6
7 5 3 1 1 1 3 3 3 1 1 1 7 1 1 1 1 1 7 1
8 16 21 5 7 10 19 20 13 6 7 17 27 18 10 8 15 16 23 10
47 29 54 7 16 43 47 48 45 34 46 41 55 57 35 38 23 64 64 36
18 7 9 6 3 17 12 11 12 10 22 18 26 18 20 6 7 16 18 7
32 18 24 17 29 35 45 37 40 17 39 34 49 40 30 31 23 52 53 28
25 18 19 7 9 13 18 19 18 4 9 12 27 11 7 11 8 21 26 10
18 14 7 2 12 15 29 10 18 8 24 14 37 14 13 9 9 17 25 12
9 3 26 4 7 28 18 18 9 12 23 23 23 25 21 4 6 32 39 11
10 1 8 1 4 7 5 15 1 1 5 2 10 7 3 1 1 14 19 1
5 8 5 1 2 2 7 3 5 1 1 6 10 3 1 1 2 5 4 1
35 30 27 28 29 32 55 43 52 23 29 34 54 44 26 40 25 48 52 34
28 14 18 10 9 25 18 24 20 14 23 35 34 22 20 9 6 35 32 1
7 8 5 3 4 4 7 5 3 1 4 3 10 4 5 1 1 4 9 4
10 1 5 1 1 11 8 13 5 1 11 10 18 11 2 2 1 17 20 1
3 4 3 1 1 1 5 5 1 1 1 1 9 1 1 1 1 1 2 1
4 3 1 1 1 1 3 1 2 1 2 4 4 3 1 1 1 2 6 1
6 2 1 1 3 3 4 7 1 1 3 2 6 2 4 1 1 6 13 3
9 3 2 1 7 5 19 7 10 2 10 9 17 5 5 7 1 14 13 6
33 30 20 14 27 22 47 34 36 16 26 27 47 28 24 25 20 41 47 23
21 12 33 19 18 35 35 40 34 12 25 26 33 29 15 25 29 40 46 27
18 14 10 1 7 3 26 22 18 1 13 9 27 10 4 15 7 23 13 6
14 2 12 5 7 20 17 15 14 6 21 8 24 15 13 10 9 18 21 14
21 15 13 5 12 12 26 24 23 9 18 18 20 20 15 18 13 31 25 15
63 44 31 34 29 49 53 33 60 45 46 46 73 49 45 30 40 61 71 39
8 13 13 2 2 6 13 14 7 2 1 7 18 10 3 6 9 7 14 4
4 2 10 3 1 12 4 2 5 1 5 11 12 10 8 1 5 9 14 7
10 8 11 6 4 14 11 7 7 1 7 9 20 12 9 4 6 9 15 8
47 28 28 25 27 32 44 47 45 36 43 31 42 38 39 38 35 43 52 44
25 20 18 7 14 12 18 17 19 1 6 19 26 7 11 13 6 25 25 12
16 4 5 11 4 15 13 15 15 8 14 11 17 12 8 9 8 6 13 9
16 6 20 5 14 22 18 19 11 4 24 12 29 22 9 11 7 25 32 8
23 20 5 4 9 1 19 18 20 1 6 15 24 8 9 17 4 17 8 3
14 11 13 9 6 13 13 20 12 6 11 15 21 12 11 9 12 8 19 9
6 1 6 1 4 6 5 8 1 1 7 6 5 5 1 1 1 15 11 1
14 15 15 4 13 10 22 18 8 7 16 17 28 12 12 9 10 16 25 9
16 16 15 1 4 3 17 20 14 1 3 16 17 8 3 11 8 21 15 3
25 15 15 12 17 22 30 28 28 13 20 22 32 20 23 17 18 27 28 21
33 15 18 9 11 17 16 23 23 10 25 19 35 21 24 11 14 25 37 20
7 6 8 4 1 7 6 7 4 1 1 9 8 5 3 1 1 8 3 1
54 31 19 19 36 27 44 44 37 23 26 33 47 22 32 25 15 46 50 19
25 24 32 8 16 26 42 38 31 22 31 30 42 35 30 27 27 42 42 26
8 4 1 1 3 1 5 4 7 1 3 8 12 2 1 4 1 6 2 1
38 26 34 30 27 40 39 43 48 23 41 42 60 45 31 32 32 52 59 39
47 33 38 25 11 37 21 34 41 23 39 40 59 42 34 24 30 46 52 27
3 3 4 1 1 8 8 2 4 1 3 10 12 6 1 1 1 10 9 1
12 4 14 7 2 13 3 13 10 5 10 11 17 10 13 1 9 18 23 12
23 16 12 17 9 25 26 19 23 18 27 25 38 30 22 14 21 27 35 9
24 17 13 6 9 8 22 24 16 9 18 13 27 11 16 12 13 15 16 14
17 9 15 6 9 17 20 25 15 8 17 11 22 19 10 13 11 28 25 10
17 11 17 1 1 15 21 13 19 9 13 10 21 19 7 17 7 26 28 13
11 8 4 1 1 4 11 12 9 1 9 6 16 9 6 9 6 7 8 5
32 12 15 19 4 25 11 16 28 18 19 25 29 21 18 13 12 21 34 15
23 5 2 8 4 16 13 8 21 5 17 18 31 17 10 9 3 20 23 1
31 10 41 17 18 44 31 42 23 21 37 46 43 39 35 9 20 43 49 18
11 9 6 8 6 8 17 18 14 7 5 10 13 7 5 5 10 13 11 7
25 13 18 7 1 18 8 18 21 5 11 17 22 11 15 12 10 20 22 13
58 17 34 29 29 46 36 45 44 32 52 50 60 45 48 22 31 52 51 30
9 7 4 1 6 4 8 3 5 4 8 7 12 5 7 5 1 4 10 6
9 7 7 3 3 8 7 10 4 2 7 6 11 9 4 3 2 12 23 2
28 11 19 19 1 30 14 13 29 15 24 20 39 30 21 10 16 27 39 17
13 7 5 3 1 5 9 9 8 1 4 4 13 5 3 6 1 5 13 3
18 10 12 11 5 16 19 20 14 8 13 12 23 9 10 11 10 11 22 10
13 10 9 1 1 8 5 7 10 1 5 8 14 3 3 10 3 11 15 5
24 16 14 6 13 14 31 22 25 15 23 16 27 20 20 20 18 23 25 22
14 3 13 7 4 20 6 12 8 12 15 17 11 11 17 3 4 13 20 9
14 15 8 3 15 15 23 16 15 14 14 6 19 10 18 6 16 20 34 21
26 13 15 5 1 13 18 16 26 5 17 7 29 15 10 19 10 12 19 17
30 22 17 1 5 3 24 21 18 9 20 8 29 15 14 16 10 18 20 17
2 1 1 1 1 1 6 1 1 1 1 1 5 1 1 1 1 1 5 1
7 7 10 3 1 9 9 10 6 1 1 13 11 2 2 1 2 9 6 1
15 13 12 1 1 9 21 12 15 5 9 11 27 17 2 11 4 19 29 7
17 3 12 14 26 24 36 32 26 17 34 18 28 29 19 22 21 37 42 25
21 10 10 8 1 14 11 9 14 7 15 15 25 10 11 6 3 13 21 7
7 8 13 2 4 16 16 15 10 7 13 16 20 17 12 7 8 19 20 7
26 23 32 12 9 25 37 30 37 19 20 19 44 34 14 27 25 41 48 32
10 7 9 1 1 11 16 10 11 3 10 7 17 11 1 11 6 16 19 7
48 17 42 15 32 49 43 50 34 37 50 37 45 40 47 19 23 54 65 34
9 7 3 7 8 9 19 20 14 9 13 9 14 16 10 13 12 19 21 10
42 25 48 33 29 50 51 44 52 34 49 36 66 54 30 38 39 56 70 51
10 3 3 4 1 8 4 6 6 1 5 4 9 7 3 1 1 1 13 2
47 33 39 19 7 35 39 34 53 23 39 35 67 49 28 35 30 48 47 35
17 16 17 7 10 21 26 11 20 12 24 21 41 26 18 11 17 22 33 12
11 2 1 2 1 3 8 10 9 1 10 1 13 5 6 4 2 4 5 4
23 8 5 15 5 19 18 18 23 12 20 21 27 20 13 9 10 19 21 8
33 8 21 18 18 37 31 33 32 20 42 30 40 40 32 17 21 46 49 19
6 3 3 1 2 4 4 6 3 1 1 5 9 1 1 2 1 8 10 1
27 28 38 11 15 28 36 35 35 21 18 41 43 36 22 23 21 42 39 21
28 16 18 15 11 21 28 32 30 17 25 17 29 24 24 24 23 19 29 27
13 17 13 4 9 8 22 22 16 3 2 17 25 14 6 10 12 21 20 7
15 10 14 17 10 23 25 28 23 14 23 21 34 28 23 13 21 21 29 18
10 7 19 7 2 25 17 15 12 6 16 15 22 18 9 7 9 16 22 10
5 10 8 1 1 3 14 1 4 1 7 3 16 6 2 5 1 8 18 6
15 17 30 1 1 20 22 16 16 14 12 18 27 20 10 12 2 29 32 10
36 28 44 29 23 52 50 46 53 33 53 41 64 57 43 35 43 57 66 48
38 18 34 24 42 49 53 50 43 29 53 34 61 44 37 23 36 59 67 42
23 14 20 1 10 16 18 17 15 3 16 20 25 12 7 11 1 27 26 5
8 8 6 1 3 4 6 6 1 1 1 3 12 3 1 3 1 9 13 1
36 23 12 17 14 21 27 26 31 21 33 24 41 21 30 15 24 22 28 20
25 10 22 21 21 40 32 26 27 21 39 29 35 40 27 15 23 48 51 15
21 11 7 8 12 14 23 20 18 7 14 22 24 12 11 9 6 20 15 9
32 20 25 11 3 27 31 21 35 18 29 21 49 40 20 23 21 40 47 22
32 25 23 21 20 42 26 17 28 29 38 34 48 30 40 11 26 37 48 30
9 6 10 4 1 13 10 9 8 1 9 6 23 11 7 8 6 13 17 8
1 1 2 1 1 5 7 1 4 1 4 5 7 4 1 2 1 8 5 1
5 1 1 1 1 1 2 3 1 1 2 1 5 1 1 1 1 1 2 1
9 3 8 1 5 13 20 13 14 1 10 10 22 13 4 9 6 20 18 8
17 9 18 12 1 22 5 16 17 8 10 23 22 16 14 1 11 21 19 12
49 29 35 39 22 54 48 37 58 36 59 48 71 62 44 43 48 52 54 36
53 43 19 23 30 26 53 51 49 32 30 36 55 30 41 36 31 49 39 30
10 14 13 7 6 10 16 21 13 7 8 17 21 12 6 10 13 13 12 5
14 11 13 13 17 26 32 29 25 17 29 22 33 31 25 22 22 32 34 24
13 10 9 2 2 10 25 20 18 1 14 9 27 17 5 12 11 15 15 8
30 29 36 1 27 23 43 35 26 16 28 30 51 31 26 21 26 43 42 21
23 19 18 1 11 20 26 16 18 15 27 15 35 20 24 16 16 26 24 21
39 12 30 24 25 38 30 41 32 23 36 33 38 40 34 9 22 45 56 26
5 5 2 1 1 1 5 2 1 1 1 1 7 1 2 1 1 3 8 1
13 9 10 1 3 10 17 12 15 4 20 8 24 20 9 16 11 14 13 11
41 28 28 33 35 48 54 49 52 30 47 39 65 37 39 30 43 47 57 46
8 1 1 1 1 1 3 7 3 1 1 1 7 1 1 2 1 1 4 1
45 44 38 12 12 21 48 42 45 26 22 34 54 40 20 41 30 42 38 33
42 40 26 17 34 19 55 52 45 17 21 31 56 36 24 42 27 50 43 15
4 1 1 1 1 4 9 9 3 1 3 1 9 5 1 1 1 9 11 1
34 31 41 15 17 31 39 28 36 26 25 28 50 32 26 28 29 36 45 35
19 17 11 1 2 1 18 19 15 3 10 11 26 10 8 13 10 14 7 6
26 12 3 10 16 21 25 21 24 19 28 16 28 18 25 10 18 27 32 19
1 1 1 1 1 1 2 1 1 1 1 1 7 1 1 1 1 1 2 1
6 7 5 3 3 6 11 10 6 3 5 9 11 8 4 1 4 7 9 4
23 18 16 15 14 20 27 19 23 19 22 32 34 25 21 9 21 24 26 8
12 8 7 1 1 5 9 11 9 1 3 1 14 6 4 7 4 8 16 7
39 27 24 20 22 31 30 25 31 28 31 20 41 24 33 20 24 23 46 35
15 10 5 3 10 10 22 12 14 1 7 15 24 6 6 11 1 18 14 5
33 27 32 26 25 32 43 41 41 29 31 33 46 34 33 26 38 33 46 36
8 4 9 2 4 10 7 6 4 2 9 6 15 10 12 1 4 10 27 11
15 11 6 1 8 7 19 10 9 1 6 12 24 6 7 2 2 10 15 6
53 35 42 20 18 32 44 53 37 27 46 36 52 39 39 32 30 42 46 32
40 34 19 14 24 21 41 27 39 25 26 37 51 27 25 20 25 41 41 16
36 24 28 9 24 21 35 43 32 11 25 34 46 27 14 24 18 38 27 10
50 25 17 15 27 29 39 42 38 19 37 31 46 23 33 23 21 41 42 24
9 4 1 1 1 1 7 8 3 1 6 1 9 2 4 4 1 5 7 2
35 25 28 20 21 28 43 40 40 14 31 28 54 28 27 32 28 28 31 29
15 11 14 1 9 9 13 13 7 1 12 5 15 9 6 7 1 17 22 6
6 7 5 3 1 1 7 6 5 1 2 6 8 4 1 1 2 1 1 1
10 7 20 15 11 30 29 29 25 13 27 23 40 35 18 18 23 35 41 20
23 18 15 6 9 4 18 26 17 1 9 13 22 9 5 13 11 17 15 4
6 10 11 1 1 6 12 3 5 1 5 2 20 8 1 8 2 8 16 3
