1000 20 12 1123
6 7 0 2 13 10 4 5 2 0 0 2
6 2 4 4 3 15 4 1 19 8 2 1
6 10 3 8 3 13 18 13 12 3 6 4
7 9 7 8 6 2 24 1 4 10 0 2
0 3 12 7 1 4 8 1 7 3 2 4
14 1 4 12 11 9 12 9 4 15 13 5
3 2 3 3 10 11 5 7 12 4 27 5
2 1 1 4 19 2 5 6 11 12 4 9
17 17 3 12 5 4 4 14 2 0 1 5
11 2 4 17 0 7 3 7 3 4 0 2
15 13 12 1 16 1 3 5 10 7 5 14
2 7 4 6 11 3 13 2 9 11 1 11
5 2 5 8 5 8 2 2 12 6 12 6
2 3 1 9 1 2 1 4 0 3 1 1
5 9 7 2 5 9 7 9 2 5 3 9
0 9 4 7 3 2 5 0 6 4 2 1
5 4 2 4 1 9 6 17 11 4 1 4
2 0 6 3 4 4 1 0 13 4 11 8
13 5 5 1 5 5 10 3 2 2 8 9
1 10 0 2 7 1 7 9 12 6 9 2
1 6 7 4 4 3 2 1 4 2 7 1
7 3 3 0 2 2 6 6 7 12 4 10
6 6 1 2 6 5 1 1 5 8 3 9
2 6 9 3 6 1 0 9 4 4 3 9
11 7 17 1 2 13 5 11 5 8 0 2
5 7 7 2 18 9 4 9 1 2 1 11
0 2 1 3 1 8 3 1 4 5 5 7
2 5 1 6 17 0 2 5 4 1 6 2
6 1 3 5 12 11 0 4 2 4 2 4
2 10 3 10 1 2 3 9 1 4 2 0
1 4 2 4 1 3 5 4 3 1 3 7
8 7 12 8 16 11 20 13 1 3 5 4
6 6 3 8 3 2 5 5 7 3 3 4
12 7 9 6 8 1 3 2 23 7 1 10
12 8 8 13 1 8 11 1 9 12 1 9
2 9 1 0 5 6 9 3 4 5 0 3
1 5 9 4 2 2 4 5 9 6 8 4
5 0 3 3 1 3 5 4 1 6 5 2
3 2 11 1 11 4 4 1 11 1 17 19
6 20 13 6 11 4 6 2 12 18 1 5
10 8 5 2 2 13 5 5 9 3 4 3
5 1 3 6 0 8 3 10 1 0 0 18
1 1 1 5 5 2 5 1 4 12 1 5
11 15 12 14 9 8 4 7 8 19 9 9
1 0 2 14 2 3 0 2 5 8 4 0
8 6 1 20 4 0 7 22 5 9 11 13
14 0 4 3 11 5 6 3 5 12 2 5
1 6 0 1 1 1 2 5 6 10 6 8
3 5 1 4 5 3 6 2 6 1 2 9
1 1 4 1 5 1 1 4 3 3 3 7
6 7 3 4 7 1 8 1 1 1 3 6
5 1 4 1 8 2 1 4 2 3 3 3
14 0 15 1 6 9 9 5 20 0 16 6
11 4 6 11 6 11 13 12 5 19 7 0
3 6 9 7 4 3 1 1 2 3 4 1
8 3 7 0 18 8 16 0 15 20 3 9
5 8 15 1 6 7 3 8 5 17 5 5
1 3 6 0 4 7 3 6 3 1 6 3
4 0 1 5 1 5 1 1 7 4 6 4
3 2 7 0 6 3 3 6 5 8 1 4
3 3 3 7 5 1 1 2 1 0 1 2
15 5 7 4 20 3 1 10 4 7 2 8
10 1 18 2 8 6 11 8 7 6 6 7
7 3 7 10 1 2 1 7 1 5 1 2
0 1 3 3 8 6 5 2 0 0 2 3
2 3 3 5 0 4 7 7 6 9 9 12
8 12 3 7 8 0 9 1 8 5 15 0
11 6 12 4 10 16 0 3 26 7 2 1
1 14 1 5 2 8 1 13 6 1 0 0
10 4 5 12 4 3 7 4 7 10 0 10
2 7 3 7 2 3 7 3 2 0 7 2
1 7 1 14 8 10 0 2 27 20 2 3
0 6 10 3 6 4 1 11 16 4 10 3
3 2 8 0 5 2 7 5 2 5 0 1
5 10 9 6 12 1 0 13 19 1 3 4
4 11 3 7 8 4 6 5 4 1 2 5
2 3 22 11 14 14 5 14 0 2 15 6
13 6 10 2 9 8 5 7 11 3 1 18
1 3 8 4 1 3 3 1 4 0 4 1
2 1 1 6 2 2 5 1 4 2 1 3
1 11 12 5 4 14 5 5 1 5 6 8
8 3 7 5 6 4 8 9 7 3 7 4
3 14 1 4 3 9 4 10 7 9 3 0
0 4 4 6 0 4 2 9 2 5 1 6
8 8 5 2 2 5 6 5 23 1 9 20
2 3 1 6 1 2 2 3 1 1 0 7
5 0 2 2 8 6 5 3 3 3 6 7
4 2 4 1 5 1 2 2 6 3 9 1
7 4 5 0 12 10 3 10 1 9 3 3
3 8 4 5 6 7 10 7 6 7 4 0
2 14 17 1 5 5 5 3 11 20 3 16
3 3 8 8 11 6 16 2 0 7 3 17
1 1 1 1 6 0 8 2 5 2 12 2
12 8 3 11 7 1 4 9 2 17 8 5
5 3 4 5 2 2 1 9 2 4 11 5
5 7 2 3 2 3 1 1 0 4 0 7
1 1 1 1 4 3 6 2 2 3 7 1
7 9 6 2 1 3 0 2 1 1 4 5
6 4 6 2 2 5 3 2 5 5 5 1
4 1 4 2 3 6 13 6 2 15 21 2
3 3 11 4 3 1 1 1 10 6 2 8
0 5 2 17 8 5 3 3 1 1 9 10
3 12 16 0 5 2 10 0 15 4 8 12
6 5 6 3 7 1 5 8 0 5 2 6
1 5 3 4 6 0 0 2 1 2 4 4
4 0 0 1 3 1 4 7 5 2 1 3
2 7 2 7 10 2 9 1 4 5 18 3
1 5 4 3 3 1 2 6 3 0 5 3
12 11 3 6 11 14 4 10 21 6 9 12
18 10 2 1 6 6 8 4 10 4 3 18
15 1 3 8 7 7 12 16 12 5 15 17
9 4 1 4 10 17 15 16 4 4 0 8
17 11 5 4 11 3 2 2 3 19 2 25
2 15 1 9 2 9 3 9 3 1 12 7
0 5 1 1 4 1 2 1 2 1 8 1
2 13 11 5 1 3 1 1 20 11 1 15
15 5 12 8 1 4 0 23 14 5 4 4
17 10 12 1 10 7 3 16 11 2 12 12
2 9 1 3 0 2 1 3 5 2 3 4
4 2 6 6 1 16 1 1 2 12 5 9
8 11 12 4 6 12 10 13 3 14 12 5
1 2 2 0 11 5 8 4 5 19 13 0
15 6 1 11 13 7 4 1 1 21 13 13
17 1 25 2 12 3 7 3 0 5 6 17
9 0 0 9 5 3 2 1 4 5 1 15
4 1 0 0 11 3 0 2 10 5 2 7
3 3 4 5 6 2 2 1 4 5 4 5
1 1 6 2 5 6 6 3 1 0 2 1
3 5 2 1 4 2 6 0 4 3 2 1
6 2 2 6 2 8 1 4 1 1 3 0
13 5 5 6 15 7 3 0 5 2 3 3
4 3 1 0 6 3 0 3 4 3 1 2
12 1 13 11 2 3 4 1 0 4 13 2
7 12 3 10 3 1 11 7 5 1 5 5
4 6 2 6 1 1 3 1 4 9 3 1
15 9 8 12 4 3 1 3 6 13 1 12
18 14 1 9 2 6 11 8 13 6 10 12
12 19 11 19 8 3 10 8 10 0 14 5
4 3 15 5 6 2 16 5 6 5 11 21
0 1 2 0 9 5 2 8 2 2 4 3
4 13 4 7 4 13 6 0 11 6 4 2
3 1 0 8 5 3 9 11 16 8 13 16
1 2 9 0 1 5 5 1 4 4 13 1
21 2 2 11 2 1 0 2 2 3 8 0
7 8 2 1 4 3 5 3 4 3 17 12
4 2 8 10 5 0 8 14 15 1 7 12
6 7 3 4 2 3 3 7 2 11 5 8
1 6 1 5 1 3 4 5 2 0 3 0
8 2 0 1 0 5 1 2 4 4 0 5
5 7 3 18 9 11 17 7 10 6 7 15
14 3 9 0 8 11 10 3 2 5 6 2
1 6 7 6 1 9 4 0 2 1 3 1
2 3 3 8 7 0 13 7 4 5 17 13
9 6 3 0 4 1 5 9 0 8 1 3
3 2 3 5 2 1 2 2 1 8 1 5
6 11 6 2 4 4 11 5 5 10 7 15
9 3 17 10 2 4 13 2 4 9 6 12
9 19 4 14 0 8 11 4 22 7 4 8
14 6 2 4 8 1 8 1 6 8 2 5
6 4 2 4 5 3 1 0 1 10 3 0
2 7 6 17 1 4 10 7 2 12 2 13
5 3 22 4 8 6 6 7 5 2 4 0
15 3 9 5 3 0 5 14 3 0 9 15
2 10 1 3 6 4 2 8 4 5 7 8
4 3 12 4 11 1 13 3 1 13 9 4
11 6 6 4 5 2 13 2 2 22 10 7
16 9 18 10 0 1 6 13 5 11 3 1
5 2 1 3 3 7 0 2 1 1 8 6
3 13 14 8 3 0 1 8 13 4 11 1
7 7 8 3 3 1 7 2 3 1 2 3
1 4 3 3 5 0 2 0 7 2 3 1
20 1 0 8 9 12 8 20 9 11 10 0
16 0 2 6 0 18 1 5 16 5 17 7
15 8 14 9 7 10 2 13 12 10 3 16
2 9 5 9 6 8 17 10 2 10 2 1
3 1 3 0 4 5 6 1 4 2 1 3
4 23 6 7 3 4 7 8 14 0 6 14
1 0 0 2 3 8 2 2 2 2 2 2
5 1 18 9 11 6 8 7 11 8 13 6
7 7 3 7 2 6 1 5 2 4 3 1
1 10 4 2 7 2 2 8 2 3 1 5
12 12 3 7 8 0 8 2 2 4 5 2
12 4 7 6 4 1 21 0 14 7 5 6
9 9 4 13 4 8 12 9 1 16 8 6
0 18 7 5 10 5 2 6 12 4 1 18
7 4 7 3 1 1 1 2 3 1 4 8
3 7 4 2 23 2 6 5 11 15 3 0
1 1 9 7 4 5 6 0 4 3 1 7
1 2 4 2 1 10 2 2 2 5 7 2
5 0 2 1 3 8 1 7 0 5 2 6
15 7 8 4 11 14 12 5 4 13 11 9
7 4 14 3 16 2 5 20 9 21 1 7
2 0 6 0 8 8 5 13 5 2 11 8
3 6 2 12 5 9 8 6 1 2 0 2
5 2 3 0 0 7 1 14 1 13 16 11
1 1 5 4 6 6 2 3 4 0 16 5
3 6 5 4 2 0 2 2 4 2 2 3
10 4 17 4 12 19 5 1 12 5 6 2
20 6 5 1 4 1 4 8 2 12 1 0
2 12 11 7 6 1 24 2 13 5 2 7
3 2 0 13 10 8 11 3 3 0 11 10
8 7 7 12 5 16 4 14 17 4 12 2
13 1 9 2 2 6 9 6 5 6 4 2
2 4 3 2 4 8 1 1 2 1 2 0
2 1 3 9 0 2 4 4 5 5 4 4
14 5 11 8 10 5 13 3 1 0 10 23
0 1 2 0 10 7 4 10 2 2 1 1
8 7 13 6 8 18 11 5 10 5 5 3
0 3 8 6 0 4 1 6 0 2 5 8
2 9 6 13 12 8 10 2 7 2 23 9
2 0 11 0 1 2 3 2 10 6 2 3
4 2 0 3 9 5 7 10 1 1 2 0
2 12 9 7 4 1 7 9 7 4 11 3
11 13 5 7 3 1 17 1 1 3 2 5
12 8 7 2 15 3 5 13 12 5 11 3
5 4 3 5 1 0 2 4 0 1 3 2
1 0 14 6 9 16 7 1 9 14 1 18
2 9 6 4 6 7 10 3 4 4 9 5
21 4 1 8 3 3 8 6 13 5 12 17
5 5 11 0 1 7 3 2 2 1 4 2
12 6 15 8 18 6 10 9 3 14 2 14
3 6 0 4 10 15 3 7 5 1 4 7
3 3 2 2 2 1 5 8 0 11 4 6
1 5 2 5 9 9 4 1 15 19 0 10
6 12 4 2 6 5 4 11 3 4 0 4
3 7 3 6 2 4 12 3 0 3 3 7
12 14 6 0 5 2 0 3 12 11 5 20
10 7 8 5 2 14 3 9 7 1 3 7
5 13 16 5 4 4 4 10 1 9 8 7
7 6 0 4 3 5 4 4 3 2 1 1
12 1 2 0 10 24 1 9 3 1 12 7
2 9 14 5 14 1 2 6 0 9 12 14
0 12 1 2 1 6 12 5 9 3 1 7
10 7 18 7 4 26 9 1 9 7 3 2
0 20 9 10 2 3 21 4 4 3 15 7
6 2 0 4 12 0 5 3 3 2 1 3
7 5 7 8 4 2 11 32 1 8 2 2
4 1 16 4 8 4 5 3 4 2 7 7
8 1 3 1 2 3 3 6 8 2 7 5
2 1 2 5 3 1 7 2 1 2 6 10
4 3 5 0 5 4 1 6 1 7 9 2
4 2 0 5 3 2 2 2 2 7 6 0
2 1 6 5 2 5 6 3 3 4 0 11
3 4 18 2 10 7 12 5 16 9 1 5
17 4 7 14 14 2 1 8 6 9 5 11
14 12 11 4 3 14 12 11 3 7 23 9
23 3 4 1 18 3 2 3 3 5 11 6
1 11 0 0 9 10 1 23 1 5 7 7
8 4 5 1 1 11 15 3 4 2 8 16
1 11 6 4 0 9 4 8 9 7 4 12
3 3 6 1 0 7 4 1 2 9 0 5
11 2 3 3 10 7 13 11 3 9 10 0
3 0 14 10 1 6 0 4 3 18 12 3
2 8 11 3 5 4 11 14 12 19 4 8
3 4 9 3 12 14 14 6 8 7 3 7
7 0 3 3 7 1 2 1 2 2 1 2
6 5 1 5 4 2 5 14 6 1 3 4
2 5 8 1 4 6 10 4 6 9 9 16
5 8 2 7 8 1 10 7 10 4 4 3
2 10 2 7 2 2 1 12 2 5 5 1
4 1 4 3 6 2 4 1 3 5 0 3
18 8 5 2 2 3 1 18 5 2 4 4
6 1 5 4 6 4 2 3 6 6 4 1
1 3 2 1 2 1 2 6 1 1 3 7
0 3 5 7 21 3 4 3 8 6 15 14
6 2 3 16 15 8 3 3 5 19 12 11
6 2 7 9 16 10 12 14 22 4 10 4
17 4 1 3 8 14 1 10 7 10 1 3
2 13 20 2 1 19 17 3 9 12 3 5
9 6 0 3 7 7 10 1 16 4 5 8
11 1 8 6 5 1 0 10 11 1 2 2
12 9 12 9 6 12 4 16 16 10 3 11
2 7 5 6 0 11 8 4 1 8 11 4
10 4 3 4 14 19 21 11 12 4 10 6
0 2 2 6 5 5 3 8 11 1 3 2
11 4 2 20 5 6 8 7 15 1 12 11
2 9 17 12 3 2 1 16 0 3 4 2
2 22 10 13 4 1 1 6 13 1 3 1
5 27 4 8 3 14 3 2 7 11 13 3
10 7 3 7 6 9 8 1 9 5 10 8
3 9 0 23 4 25 4 1 8 1 3 10
10 21 6 1 3 1 1 19 10 11 11 1
4 3 2 6 1 6 4 9 7 5 3 2
6 8 1 10 3 3 6 12 13 11 11 4
18 2 20 11 1 3 14 5 8 9 4 5
23 5 2 7 9 6 5 17 17 7 11 4
5 10 11 3 13 0 7 11 11 16 9 5
16 8 4 4 4 10 3 16 21 10 9 5
5 7 1 2 1 12 11 0 12 1 8 1
1 19 9 20 7 8 8 9 7 9 11 13
1 5 17 3 12 7 10 1 5 17 2 2
5 2 13 7 2 14 16 1 6 6 5 13
9 12 10 2 2 1 1 5 5 2 5 1
20 3 0 2 4 9 8 10 0 1 2 11
23 3 9 1 12 0 17 11 12 10 5 6
6 3 0 21 25 15 4 9 2 1 6 5
7 1 10 1 9 10 7 8 1 1 5 6
7 2 12 13 12 4 7 8 2 4 7 9
9 8 21 5 0 3 4 2 0 9 4 18
7 3 6 3 5 1 1 5 0 1 9 9
4 6 2 1 3 8 2 7 3 17 9 5
5 4 1 2 0 2 5 0 7 1 3 4
12 10 2 1 7 9 8 0 1 6 10 5
8 2 1 4 15 0 20 18 18 12 6 6
4 3 2 1 3 4 5 6 8 4 2 8
23 9 5 6 1 7 24 5 1 3 7 5
1 5 2 12 7 10 27 14 1 7 8 13
8 1 1 3 0 4 8 4 7 5 9 4
9 3 8 13 12 2 20 9 4 0 6 14
2 10 13 7 2 6 3 6 8 5 4 19
1 7 11 6 24 2 14 5 4 5 8 15
9 4 2 5 3 2 5 3 8 3 3 5
2 4 3 1 8 7 15 0 3 6 15 7
1 12 9 8 8 6 5 2 0 1 8 8
19 7 1 9 4 12 13 10 22 9 4 4
18 0 0 8 13 6 4 8 13 9 9 17
9 8 4 5 3 4 1 6 2 3 0 2
6 13 1 7 9 11 3 5 4 4 10 9
1 11 9 5 1 1 15 9 9 1 1 15
1 5 10 6 1 2 20 25 7 7 6 13
8 8 0 1 1 5 4 14 6 5 1 2
11 20 7 2 9 13 4 0 3 2 4 3
13 6 1 2 9 12 5 12 4 2 8 3
4 3 2 10 9 2 8 6 1 7 2 5
0 3 9 4 5 1 5 7 5 0 5 4
1 2 0 3 0 8 8 1 3 7 4 8
6 2 0 2 2 1 5 6 2 3 2 3
6 7 3 6 4 2 3 3 1 3 1 0
4 2 3 0 2 7 5 6 2 5 2 5
11 4 2 3 25 15 4 9 11 3 15 6
8 1 6 0 1 4 7 0 5 3 2 2
1 0 2 4 3 0 3 17 12 11 4 5
4 1 7 4 8 2 2 6 5 5 2 1
2 4 2 6 2 10 5 4 4 3 0 7
1 6 14 11 13 0 20 6 14 11 17 5
5 10 9 3 7 6 2 1 8 5 10 6
2 15 5 3 8 13 29 9 3 0 1 1
12 8 10 9 14 8 15 1 1 12 16 0
4 12 2 4 3 3 1 2 9 5 7 5
1 7 1 1 5 2 1 4 1 2 1 6
1 5 3 2 5 2 8 4 1 0 3 1
12 5 11 6 4 0 6 14 6 8 2 0
3 10 1 16 13 2 0 6 8 1 8 7
2 4 5 4 2 5 0 9 3 6 3 3
0 6 7 8 1 7 9 3 6 11 6 8
2 4 3 14 11 1 6 6 13 12 4 9
5 12 12 4 8 12 5 18 5 12 7 7
16 5 11 6 16 10 10 5 0 14 3 10
0 3 0 2 4 9 4 0 3 2 1 2
3 2 22 23 9 6 13 0 7 3 2 13
19 4 2 8 2 10 4 13 13 3 9 2
2 4 5 7 0 1 0 8 1 1 1 8
9 3 0 4 3 8 12 14 1 15 2 11
5 4 3 7 6 12 4 4 8 1 6 8
9 13 2 5 15 19 3 3 13 10 11 6
16 10 9 3 9 1 3 18 13 10 10 11
2 3 2 3 8 2 0 2 2 2 3 2
6 3 3 1 5 3 0 7 3 2 7 5
17 8 12 3 3 5 13 5 1 7 16 4
0 7 5 8 1 20 4 5 1 18 23 4
6 0 2 0 2 2 0 5 4 2 19 3
11 4 15 5 19 10 12 14 1 6 2 16
6 6 6 2 15 2 3 0 6 7 1 21
5 2 12 12 3 6 16 6 17 1 11 15
5 1 1 1 11 0 4 2 2 5 1 9
4 4 1 5 8 6 11 6 2 10 2 14
12 11 6 1 2 7 2 17 10 7 6 18
7 6 4 4 24 5 3 3 4 6 19 11
2 6 2 2 0 7 2 0 3 5 0 5
14 12 6 0 2 11 10 4 13 18 5 14
2 2 9 5 1 7 1 7 1 1 4 1
25 10 2 3 3 18 5 3 1 13 1 5
3 6 6 12 2 2 9 8 1 5 5 3
0 1 4 6 4 6 9 8 8 2 1 12
3 7 6 0 1 3 3 4 1 1 2 2
18 5 8 1 7 4 7 9 11 12 11 9
4 10 0 2 4 7 8 5 5 6 2 5
7 3 3 11 12 3 5 5 1 10 6 0
7 6 7 0 11 7 10 4 22 6 7 16
1 6 6 7 6 1 3 1 3 2 2 0
7 4 2 2 3 4 4 5 0 6 7 2
5 3 0 9 8 6 6 0 4 1 2 0
2 1 1 11 9 16 9 3 4 5 0 0
7 6 14 7 4 0 14 9 2 5 10 8
7 10 8 6 2 8 9 4 0 1 3 9
18 6 13 12 0 11 8 2 3 7 9 11
7 3 2 9 0 9 5 6 7 10 10 1
10 2 8 7 3 3 7 3 2 16 1 3
2 0 1 13 2 4 10 8 4 16 2 4
13 10 7 5 7 4 4 3 2 2 6 16
3 1 2 0 1 3 2 1 1 0 9 2
9 3 9 5 1 8 2 14 12 3 5 2
2 7 14 9 30 1 1 1 4 13 2 10
6 12 9 9 5 5 6 8 5 1 2 6
8 11 4 8 8 2 2 2 1 6 2 8
2 13 12 8 4 20 10 13 11 7 1 9
9 9 14 1 2 9 10 3 3 15 5 10
2 8 8 5 2 2 2 14 22 5 1 9
0 2 2 1 3 4 1 2 1 3 8 5
6 5 4 21 6 3 12 5 23 8 13 1
10 6 16 9 4 6 9 15 10 16 13 11
8 3 0 4 6 1 4 1 0 7 4 9
2 5 2 10 8 3 9 5 2 4 9 5
2 6 4 2 14 6 2 1 0 2 3 11
1 0 8 6 4 6 1 1 2 1 3 5
4 20 6 6 2 17 2 14 0 3 20 14
12 17 2 0 4 0 1 1 6 10 2 11
1 4 2 5 3 1 1 1 3 2 5 1
4 3 0 0 0 2 9 2 12 1 13 15
4 19 13 1 4 6 2 4 2 2 3 5
3 1 2 2 6 3 5 3 3 3 2 3
7 0 1 2 2 8 17 4 16 16 12 12
1 4 13 8 12 6 4 9 0 10 7 10
8 7 0 3 8 3 8 15 4 5 13 2
14 14 6 4 6 5 15 1 6 7 1 9
2 7 6 4 6 1 15 6 3 6 7 2
5 2 3 5 5 3 6 2 3 4 2 1
0 5 10 11 8 10 9 3 3 4 2 10
2 16 4 10 11 1 7 16 10 9 12 9
1 2 1 2 10 5 3 3 4 3 1 1
2 4 1 5 1 2 3 8 6 3 6 2
6 7 2 8 1 1 0 5 8 3 3 0
12 3 1 2 13 9 9 5 2 6 4 10
2 3 2 9 4 0 1 0 1 4 6 3
2 5 6 5 6 2 2 5 4 16 4 3
7 15 5 4 4 12 3 0 1 0 22 6
2 6 4 12 6 4 1 12 17 3 4 0
4 20 3 9 10 9 1 1 1 10 6 13
2 3 5 3 3 5 9 13 4 4 0 0
2 1 4 9 3 0 5 2 0 5 7 5
4 11 12 9 10 18 2 4 5 3 0 20
5 5 0 3 13 18 2 7 4 6 5 7
4 5 5 2 4 6 6 0 1 6 1 0
6 9 0 3 5 2 8 5 6 5 2 1
3 1 1 4 8 3 4 17 2 9 5 4
5 18 6 8 6 5 9 3 5 12 3 5
5 4 3 5 4 10 1 11 1 5 7 11
2 18 6 1 3 1 4 5 4 8 1 2
4 2 5 4 5 3 2 6 6 0 1 3
12 13 16 5 11 15 19 10 11 4 2 1
1 4 10 8 4 4 2 8 6 0 12 7
1 11 13 6 2 4 8 8 8 2 1 16
5 1 5 1 9 2 3 6 1 4 5 6
7 1 13 3 7 6 8 2 4 4 5 1
3 3 1 1 1 7 2 8 2 1 5 5
5 13 8 8 9 1 7 2 6 13 14 7
2 14 10 0 0 8 2 5 8 2 18 8
10 0 7 8 3 9 5 8 2 7 1 9
1 5 3 1 4 4 1 3 3 2 1 5
11 3 11 9 1 2 0 15 2 0 27 12
9 2 1 12 8 16 1 6 28 6 2 3
6 1 0 4 1 2 3 1 7 0 2 0
6 0 8 15 4 3 2 3 6 18 9 4
6 5 5 8 1 4 0 11 13 2 1 3
0 10 2 3 15 7 9 8 15 9 15 13
14 9 10 10 18 0 12 6 19 5 3 2
12 1 4 0 20 21 2 8 13 5 15 4
11 8 8 2 5 1 14 14 12 13 12 11
11 28 6 7 2 16 11 0 5 2 9 6
1 1 7 4 2 3 5 3 2 5 2 2
1 14 8 13 2 7 18 7 5 3 6 4
11 0 7 4 11 5 8 2 14 18 12 3
11 2 14 1 5 1 1 2 5 5 8 2
3 19 4 21 4 3 2 3 19 7 14 5
4 2 13 0 3 3 3 2 7 5 1 8
3 3 7 4 7 11 2 6 4 7 2 11
10 1 15 3 4 0 4 15 3 3 2 5
5 7 9 19 9 4 4 3 5 5 2 7
9 2 2 8 0 4 10 2 2 5 0 7
7 11 3 9 10 5 6 1 4 9 3 2
7 16 1 19 22 0 8 6 1 7 4 8
3 4 5 6 7 3 1 2 8 2 6 2
0 0 11 3 4 7 7 11 1 4 5 6
1 6 6 5 3 8 1 7 5 12 1 14
13 6 0 2 0 14 1 6 6 12 24 9
8 3 9 5 4 7 6 6 1 1 1 2
1 4 2 2 3 2 2 4 2 6 0 1
28 4 6 9 4 11 5 4 2 15 11 3
13 9 4 4 3 10 12 22 17 10 6 6
1 14 6 9 20 7 11 3 5 9 3 12
13 2 6 7 9 3 0 5 6 2 10 5
2 8 3 4 4 6 12 11 4 6 4 2
3 5 7 1 11 5 4 4 3 1 4 4
3 11 10 1 10 1 1 18 3 6 4 7
10 14 2 0 7 7 0 2 11 7 5 25
14 4 20 17 1 9 1 8 8 7 11 15
0 8 1 3 4 13 2 3 17 3 5 4
7 7 1 14 6 9 4 1 1 12 6 0
0 5 13 11 1 9 6 21 3 5 18 3
1 12 5 16 13 0 7 7 6 2 3 4
10 0 5 2 9 9 9 6 8 9 4 5
5 1 6 3 2 2 7 3 3 9 1 6
10 5 2 2 6 3 0 12 9 1 2 3
5 2 24 0 12 0 2 3 9 7 10 6
4 2 5 0 1 6 1 2 5 2 5 5
5 1 2 1 2 4 7 0 3 6 7 2
5 6 1 13 28 8 8 5 4 6 9 6
9 9 7 5 6 6 10 0 0 7 2 14
14 2 10 2 10 15 4 16 2 14 3 9
10 1 6 0 4 9 5 23 8 15 8 17
14 1 3 15 14 7 16 14 0 4 3 3
5 5 3 3 16 5 10 4 2 7 2 2
4 4 5 2 8 6 3 2 1 3 5 3
7 1 11 0 9 7 5 9 5 6 4 6
10 15 8 4 13 4 8 5 16 10 13 7
3 14 6 6 11 9 4 0 7 1 4 3
10 8 11 3 7 5 1 1 18 3 8 6
4 5 5 15 6 0 5 11 4 3 7 5
0 1 4 0 3 3 3 8 17 8 4 11
9 5 7 8 10 19 8 14 8 14 7 10
7 4 4 17 2 9 10 11 3 16 3 0
9 12 6 4 2 5 30 8 2 2 11 0
3 5 3 6 3 9 5 5 5 15 2 1
15 0 9 5 5 5 9 9 24 16 5 9
11 3 4 1 15 7 2 11 3 2 9 2
0 3 1 10 7 22 8 6 2 13 17 9
0 4 7 2 6 1 2 2 1 0 7 1
6 3 7 5 7 1 2 4 2 4 0 2
10 18 14 1 7 0 3 18 3 8 8 3
0 4 3 5 5 3 3 9 1 2 7 5
5 3 0 1 3 6 2 3 2 6 0 1
12 8 16 9 14 6 13 5 1 12 6 18
16 3 14 2 0 8 8 11 5 2 8 19
2 5 3 2 6 4 5 2 7 4 5 10
11 0 0 3 5 3 4 2 1 3 6 2
3 7 10 2 5 5 11 2 5 4 3 3
3 19 3 5 6 7 8 14 12 12 18 1
0 1 1 10 5 1 5 5 5 8 6 7
9 12 2 8 1 11 2 15 6 13 15 3
0 4 0 8 9 3 5 3 12 2 5 6
4 1 5 0 2 4 10 2 4 6 7 6
10 12 9 7 2 2 2 4 0 5 2 4
2 2 2 4 15 18 4 4 2 8 13 8
22 12 10 10 13 2 2 14 3 15 8 3
8 1 11 7 12 4 0 5 2 8 12 7
2 1 3 2 6 0 1 1 2 0 0 10
1 15 10 2 9 3 13 6 2 13 5 4
8 1 3 9 9 1 10 15 5 3 9 16
0 0 4 0 8 5 6 1 2 8 4 4
11 3 1 4 1 2 3 1 1 1 0 1
6 10 4 2 6 2 2 4 10 1 3 1
0 1 1 2 5 3 8 8 5 2 4 9
2 8 9 12 1 0 5 18 6 8 1 6
1 9 12 2 2 13 6 14 4 12 3 18
0 3 5 5 4 5 2 6 1 2 1 5
10 6 1 2 0 5 16 21 3 3 8 9
8 8 3 7 21 5 5 16 11 14 6 2
2 1 1 3 9 7 2 6 1 1 1 2
6 9 2 8 2 1 6 11 2 6 9 4
7 5 1 0 11 5 1 5 13 4 4 3
18 1 0 8 8 2 9 2 8 17 11 10
12 0 4 5 3 7 8 4 5 3 5 13
5 5 6 14 9 9 10 7 11 16 1 5
9 4 1 5 15 3 1 5 11 5 5 6
12 13 15 10 7 1 8 9 1 6 1 5
1 9 3 7 8 14 9 2 8 0 4 3
11 6 12 4 4 1 0 3 17 2 14 16
19 3 16 9 5 2 8 16 1 4 6 16
5 9 18 12 2 5 13 4 22 5 6 5
5 0 6 11 19 13 0 8 6 12 17 8
4 8 11 4 2 4 14 15 1 2 9 4
0 3 0 3 6 8 2 2 5 6 5 5
3 3 3 9 4 5 0 3 1 3 2 1
16 7 0 1 1 0 11 11 16 8 16 8
4 0 6 8 9 4 4 11 9 10 0 3
1 7 0 10 5 13 5 0 11 6 1 0
23 1 14 8 2 8 7 7 2 9 9 3
1 6 6 1 2 2 4 7 4 7 0 2
1 4 6 0 1 1 1 1 1 6 3 7
4 7 2 5 8 2 6 10 7 1 4 5
0 17 12 4 7 4 2 16 6 8 10 7
5 2 4 8 10 7 3 6 0 1 14 2
1 4 7 4 2 2 5 1 3 4 3 12
1 6 1 3 8 2 2 11 1 10 9 7
6 0 21 13 2 10 15 4 4 2 2 8
5 0 2 0 5 5 1 8 3 0 3 1
3 5 1 7 4 2 6 7 0 0 2 6
5 3 2 4 2 1 1 1 3 1 12 4
3 1 4 4 6 2 4 4 0 0 2 2
11 4 3 5 13 10 9 20 2 9 6 7
3 2 0 1 7 4 5 4 3 7 2 0
3 4 3 0 13 2 5 15 4 3 11 7
4 3 2 6 4 6 11 9 5 9 2 5
5 8 5 10 9 6 2 3 6 11 18 4
13 7 6 10 9 3 7 1 9 7 6 5
23 12 0 7 4 7 2 20 12 0 7 4
2 4 2 2 3 2 0 5 2 4 3 1
1 16 5 11 12 13 4 2 2 6 13 3
9 5 3 6 13 10 15 9 13 5 0 4
6 2 4 13 2 10 10 11 1 1 3 2
4 5 4 8 1 0 5 3 8 16 4 7
4 10 6 5 1 8 6 3 5 0 7 2
10 1 4 22 5 7 6 2 6 16 8 19
2 11 3 11 3 15 10 1 12 4 5 7
13 4 3 3 3 2 8 0 4 5 8 7
1 4 14 12 1 7 9 19 6 19 7 9
3 9 4 8 7 8 3 2 1 6 4 11
9 3 13 16 12 21 12 8 2 4 7 12
2 7 1 1 7 12 5 18 5 5 2 16
0 2 3 7 1 5 4 0 0 2 5 6
3 3 0 8 3 6 4 2 2 1 1 5
6 12 16 8 12 18 2 21 4 2 1 5
5 1 1 2 2 6 3 0 7 5 1 2
6 8 4 15 1 15 5 7 12 3 9 2
11 3 22 4 5 7 12 24 11 2 2 3
0 2 6 3 4 7 1 4 3 3 1 5
10 4 7 1 6 5 15 14 1 6 11 14
0 4 6 1 2 3 2 1 5 1 3 2
1 12 5 23 1 5 5 5 9 2 14 11
2 3 4 8 7 4 8 1 3 1 4 1
3 10 9 3 8 3 2 8 5 8 5 15
1 3 6 0 11 20 2 8 19 2 18 1
1 1 1 5 1 6 2 3 3 7 1 0
4 5 3 5 1 4 3 3 1 5 3 0
2 1 6 2 8 1 2 1 7 0 3 6
6 2 6 18 16 1 2 18 17 12 2 4
8 6 8 11 10 4 14 27 5 13 8 1
16 4 8 6 2 3 6 6 0 1 4 14
12 10 9 12 19 7 1 5 16 9 4 3
5 5 12 12 9 9 9 7 4 17 4 6
1 5 3 6 3 8 2 5 1 4 2 6
4 11 6 6 3 13 7 4 10 2 13 13
4 4 13 16 9 24 1 8 13 1 3 9
6 11 12 12 12 5 0 4 0 11 5 10
18 11 7 6 1 5 5 3 5 9 7 4
4 19 7 6 8 1 2 4 5 6 10 1
1 1 2 2 3 0 4 1 6 2 6 1
10 1 17 15 13 12 0 12 12 5 13 1
5 16 7 0 4 7 5 1 8 3 10 1
1 2 7 9 7 1 3 8 4 1 26 23
0 14 4 1 7 1 0 2 1 3 5 1
16 11 5 21 13 1 15 0 2 5 5 12
4 2 9 4 6 1 7 2 11 8 2 1
1 6 1 5 5 9 6 13 3 0 3 10
10 2 3 7 7 1 7 1 1 5 2 3
14 7 9 4 17 16 13 4 13 2 13 6
4 8 5 4 8 0 5 9 5 3 4 2
0 10 9 15 3 11 23 3 10 8 10 5
4 7 3 3 6 7 14 2 9 13 2 1
0 2 2 10 3 0 7 7 4 9 1 5
12 12 1 17 17 3 5 7 22 0 3 3
3 4 10 9 3 0 1 8 1 4 0 16
18 3 21 1 2 1 0 1 3 4 13 10
3 3 5 2 14 4 1 15 3 3 3 13
13 16 11 1 2 1 5 10 9 3 14 14
6 11 6 1 8 7 7 13 21 1 16 1
5 3 2 5 6 4 3 7 4 3 2 1
0 3 7 1 4 1 3 5 2 15 2 2
8 2 6 4 14 0 0 8 2 18 8 0
7 7 2 11 2 0 3 2 0 3 5 4
15 1 9 9 2 6 5 13 4 3 6 7
7 6 4 4 4 7 7 9 6 2 6 2
3 1 8 1 0 2 2 2 10 6 13 7
2 4 3 6 5 4 1 3 1 4 3 3
6 0 8 2 11 6 11 1 5 22 2 6
10 6 1 19 15 5 9 1 1 6 0 12
2 7 20 10 12 5 4 2 0 2 6 7
8 4 6 5 5 1 1 6 2 6 3 4
10 6 8 1 6 4 4 11 8 1 5 5
0 12 11 1 3 2 7 1 7 3 4 1
12 1 9 12 20 14 1 14 16 3 11 9
14 9 19 11 2 14 1 3 2 16 1 2
7 1 16 10 0 2 15 1 6 1 1 3
9 7 5 9 3 3 3 10 14 2 11 0
3 8 5 19 16 7 1 10 6 10 10 14
19 11 7 10 11 1 7 10 1 13 8 14
4 1 10 9 9 6 0 0 6 10 5 13
2 2 5 6 1 2 0 3 5 3 1 0
1 3 4 0 8 2 3 1 6 0 8 0
5 12 9 10 2 0 4 3 6 10 1 7
5 0 1 4 2 1 7 3 1 7 1 3
2 9 7 3 2 6 3 12 5 10 3 5
9 5 11 3 12 3 1 4 8 6 14 14
5 6 2 3 3 26 6 1 0 2 1 1
3 4 4 0 5 1 6 3 6 2 1 0
6 15 5 2 9 13 9 10 3 12 17 10
3 2 23 7 5 2 5 5 8 5 6 6
8 20 5 5 9 6 5 9 4 1 1 11
8 2 4 6 3 1 6 11 4 9 2 5
19 2 14 8 2 3 10 0 10 8 14 18
4 8 8 6 0 11 8 10 2 1 6 2
9 6 1 11 5 7 6 4 8 1 2 3
2 3 1 3 2 4 3 3 7 4 5 1
1 4 7 3 9 15 1 10 12 15 1 10
2 1 2 1 5 10 14 4 4 9 0 3
11 22 7 2 4 5 21 2 8 7 11 10
2 1 4 2 4 4 2 2 3 1 11 0
3 1 7 5 2 2 5 4 2 17 6 8
4 4 1 3 2 4 14 28 1 7 5 2
4 9 16 4 4 9 3 5 10 7 6 6
6 3 5 25 9 2 6 6 3 1 7 7
2 8 2 3 2 0 2 2 0 4 4 0
7 7 3 8 2 4 10 6 6 1 1 2
4 3 7 1 3 0 5 5 1 1 1 2
1 3 13 0 2 11 12 19 9 2 4 6
13 8 8 14 8 11 20 10 7 12 3 8
24 7 10 6 1 14 8 5 4 2 3 3
0 6 1 5 9 5 2 2 1 12 6 3
2 3 7 11 13 2 5 9 2 2 0 1
0 21 10 11 7 1 12 13 6 7 0 8
6 5 1 10 4 1 6 5 10 4 14 4
10 14 6 1 1 7 1 7 1 1 11 11
0 0 2 7 1 1 1 6 0 1 4 2
8 7 8 12 4 4 6 13 1 7 1 9
3 24 16 12 1 6 6 6 6 9 6 2
4 3 1 9 1 12 2 3 3 1 3 1
3 7 2 14 9 6 11 5 8 7 4 2
8 13 1 8 6 5 5 9 4 9 11 7
6 12 5 5 4 1 3 23 15 3 15 13
7 7 15 14 8 13 6 5 5 5 3 20
0 0 16 12 3 13 8 15 17 5 2 10
7 14 2 6 10 16 16 2 9 5 2 7
4 6 4 13 5 10 11 7 24 1 6 14
8 15 22 3 13 7 9 12 4 5 10 0
6 2 8 2 2 2 4 1 3 9 6 2
8 12 3 3 8 13 7 7 0 0 4 2
10 6 9 9 10 9 2 1 8 10 9 6
5 7 15 1 6 8 3 7 2 5 11 4
2 3 6 0 3 13 1 2 9 14 3 3
1 2 13 4 3 3 11 7 10 10 10 0
2 8 6 1 16 6 1 6 7 8 4 1
5 12 1 4 3 1 7 3 13 12 3 3
19 4 6 10 2 0 3 8 0 12 2 3
7 3 3 4 10 5 5 6 5 4 1 5
6 7 8 3 1 9 2 0 4 1 1 11
3 3 6 1 12 2 13 17 2 5 8 16
3 3 7 12 6 4 2 14 14 5 8 9
12 6 2 13 1 8 23 8 6 17 12 10
1 12 9 11 3 8 18 1 1 3 5 6
2 6 9 3 12 4 5 6 17 15 1 1
4 4 0 1 3 1 9 6 1 1 7 3
1 7 6 1 3 1 14 4 1 7 0 4
11 3 12 4 4 14 8 0 4 5 10 12
16 6 9 11 3 6 7 15 11 9 10 4
12 12 2 1 5 4 5 10 24 5 18 11
6 4 7 14 2 8 1 6 5 17 8 16
5 2 1 3 2 5 6 1 0 1 6 7
12 5 11 4 7 6 12 6 3 2 0 9
2 3 12 2 11 7 4 5 14 7 5 8
9 3 1 1 7 2 14 2 3 3 6 1
7 2 8 2 3 0 5 3 1 2 3 8
4 5 1 0 0 2 10 5 3 12 4 3
5 4 2 2 7 4 2 1 1 2 1 1
12 9 11 3 10 4 12 10 5 1 4 12
7 2 4 4 1 1 3 3 5 0 1 2
8 2 13 6 4 7 5 9 0 10 21 2
1 10 0 9 3 1 13 5 7 10 25 10
2 11 3 1 2 6 7 8 7 0 4 4
5 0 1 2 4 3 4 3 2 3 4 6
6 3 5 9 0 2 9 3 1 8 16 6
5 2 2 3 4 2 3 1 1 1 5 2
3 2 0 0 5 5 2 6 7 1 3 5
5 1 9 0 9 5 12 5 7 9 9 7
5 5 2 8 9 0 2 6 2 3 1 1
4 3 8 1 2 6 5 2 3 4 3 1
3 6 8 2 4 1 2 3 5 6 4 0
2 1 6 4 0 11 5 2 7 7 0 1
0 14 1 3 10 7 10 5 8 0 15 4
2 9 3 5 2 15 7 20 4 17 1 4
9 5 1 8 9 11 13 3 3 10 22 2
5 3 12 3 2 3 9 0 1 6 0 8
11 1 5 12 2 6 1 4 8 12 4 8
4 3 1 8 3 4 1 7 2 6 4 1
24 4 4 5 9 5 14 18 3 8 3 4
9 6 6 4 23 1 4 4 14 0 3 9
5 1 13 0 4 18 3 9 4 8 8 10
1 5 2 1 7 10 1 7 7 14 11 2
10 15 2 15 9 7 3 17 6 15 2 7
1 3 4 6 7 5 4 2 9 6 7 1
6 3 13 10 5 6 1 8 13 2 3 5
13 6 3 1 5 3 1 1 2 2 7 4
5 2 4 4 8 6 3 4 1 4 2 7
1 6 0 2 0 2 4 10 5 4 2 1
5 5 1 2 3 2 4 3 5 5 3 1
7 4 6 4 2 8 12 18 16 10 1 0
2 6 4 4 12 9 5 4 3 3 1 2
7 4 2 13 8 5 5 12 7 18 8 15
5 6 5 4 25 5 5 7 6 10 5 3
6 12 17 5 17 4 10 20 11 4 2 6
4 9 3 8 3 3 4 1 2 4 8 2
8 5 15 8 1 1 10 5 1 13 14 0
5 2 1 2 2 1 8 1 5 0 0 0
9 4 17 0 9 17 20 0 14 8 11 3
8 5 4 1 2 5 2 2 3 3 3 3
19 16 1 5 2 9 2 6 5 9 13 12
3 1 3 4 4 2 5 6 1 4 12 3
5 6 2 6 6 8 3 2 4 5 4 0
1 12 0 15 5 3 8 11 7 10 10 3
2 5 2 1 6 4 3 5 6 0 9 6
6 1 2 5 8 15 0 7 6 0 4 5
13 2 13 5 12 2 1 12 2 4 2 10
0 3 2 1 2 3 7 1 1 4 1 2
21 3 17 2 1 1 2 5 2 6 5 6
11 8 14 12 7 2 1 4 6 1 1 2
4 4 1 11 7 3 3 4 2 8 11 1
3 8 8 21 0 2 1 8 8 15 6 4
4 3 2 6 1 8 3 4 3 5 6 3
5 0 6 3 1 7 7 3 7 3 1 6
4 6 2 1 5 2 4 1 0 7 1 1
4 5 7 5 3 1 0 0 10 4 6 12
2 15 3 8 15 1 2 4 2 3 1 7
1 1 7 1 2 13 2 4 1 1 5 3
0 9 3 1 5 9 4 3 1 5 6 1
6 7 2 3 2 1 9 3 3 0 4 1
6 7 1 7 4 8 5 3 8 12 5 8
6 23 0 1 1 6 6 16 1 5 5 14
3 2 13 8 10 9 3 8 4 1 5 6
19 15 2 9 5 12 14 12 12 4 0 8
6 2 5 8 12 18 12 0 16 6 2 5
8 4 1 7 6 2 2 4 3 3 7 5
4 2 1 9 19 6 5 0 4 12 1 7
15 8 7 18 10 10 2 5 23 8 3 2
0 0 2 3 1 5 2 2 6 2 6 3
1 4 5 5 5 9 10 0 1 7 8 2
5 6 5 1 12 13 12 8 10 7 14 4
6 2 2 5 4 13 4 11 8 1 7 3
7 10 12 11 6 7 6 10 11 0 11 9
3 1 2 2 2 17 7 11 22 1 3 24
6 2 1 5 15 5 6 8 1 6 7 9
16 7 5 10 7 16 11 10 12 11 7 1
2 16 3 5 1 2 11 11 1 21 1 8
8 0 4 11 7 11 5 1 6 4 3 5
5 3 15 20 19 12 2 10 4 1 16 4
20 4 4 9 3 2 10 5 18 14 6 4
4 0 9 10 3 3 6 18 1 9 10 13
1 1 8 5 11 4 8 1 7 2 16 7
10 10 12 1 11 0 11 8 1 1 1 7
1 6 4 6 1 6 2 5 2 4 2 4
9 1 3 3 12 0 3 12 1 4 4 31
8 2 0 10 5 3 1 4 1 1 2 1
2 11 10 2 11 2 15 8 22 14 14 0
9 4 7 6 5 9 7 0 1 7 13 14
1 1 2 0 3 5 2 2 6 4 4 4
11 10 17 3 7 8 4 9 6 10 0 1
2 8 4 1 2 7 10 3 15 4 3 2
5 2 1 2 3 2 7 4 6 3 0 4
1 2 2 0 9 13 1 10 7 4 0 3
2 1 6 2 4 2 6 3 4 2 2 3
10 1 4 8 13 7 11 16 7 10 1 6
2 5 5 5 2 2 6 8 1 0 2 2
12 5 5 3 10 2 19 4 6 21 5 12
6 11 11 6 4 12 2 8 2 12 14 2
2 12 3 3 3 6 11 15 3 2 5 13
7 5 1 6 0 1 3 2 4 4 4 11
2 6 6 4 4 3 2 4 4 1 5 6
6 5 11 17 6 13 12 0 16 2 2 10
10 9 5 10 10 2 6 8 2 0 0 14
1 4 10 8 11 10 17 1 0 23 1 1
19 10 0 4 10 19 6 3 7 5 0 13
5 1 0 26 8 8 2 7 2 3 12 22
16 8 3 13 2 7 6 20 12 11 2 0
1 3 4 7 1 10 9 4 7 6 2 4
3 7 17 6 11 2 3 18 9 12 5 7
9 3 9 5 1 1 1 8 7 4 3 2
1 5 2 6 4 8 5 5 7 2 3 12
6 8 10 15 10 0 2 4 3 3 19 0
1 2 3 4 3 1 0 3 5 10 18 7
12 5 11 4 0 1 1 5 13 9 6 7
3 3 8 1 11 1 11 12 12 1 3 13
4 7 15 0 4 3 8 2 5 2 2 4
5 1 4 4 1 2 1 7 2 2 0 0
2 2 5 11 8 6 1 4 3 16 15 10
17 7 1 12 1 11 7 5 16 22 5 7
6 8 4 7 1 1 8 3 0 14 7 6
2 2 5 3 2 3 5 3 6 0 2 1
1 7 1 10 8 1 3 11 7 3 2 4
8 2 12 7 1 2 15 18 8 9 21 7
12 10 3 17 2 11 6 17 10 8 1 10
2 3 1 2 2 1 5 0 1 8 1 5
8 6 13 17 6 2 10 14 0 1 11 0
9 0 3 7 4 5 4 8 4 2 0 0
3 1 3 4 1 7 9 8 5 5 0 2
1 5 1 4 13 3 9 2 2 7 0 0
9 3 8 2 10 18 7 2 10 9 16 11
0 5 5 4 3 9 4 4 2 3 0 4
1 2 13 3 14 10 8 15 2 0 4 7
0 5 12 6 1 9 7 5 4 4 8 1
12 10 3 1 3 9 10 12 8 0 10 10
1 3 4 3 4 0 2 6 3 6 4 4
8 0 4 8 1 8 6 8 1 13 13 11
15 15 4 10 12 10 1 0 12 10 3 6
6 1 14 8 16 14 17 8 2 4 4 9
5 2 3 2 5 0 12 1 1 1 5 8
2 8 8 3 3 4 1 5 0 2 2 0
4 2 7 2 1 2 2 3 2 1 4 4
12 8 1 2 7 1 5 11 0 2 3 14
15 5 0 7 18 0 5 10 8 9 6 10
6 5 2 2 4 3 9 2 6 1 1 2
1 6 5 3 2 3 4 3 1 4 6 4
8 3 2 3 4 8 3 1 1 2 2 7
1 8 7 5 2 9 8 11 15 22 14 10
0 5 5 1 1 3 2 5 2 1 1 4
2 16 8 7 15 9 9 2 8 3 4 1
16 8 3 4 5 13 8 2 1 5 13 10
7 2 3 3 0 5 0 3 3 6 2 6
9 8 8 7 4 4 14 3 20 5 12 2
6 5 10 3 3 0 12 0 10 2 4 3
10 2 9 3 2 2 0 9 1 8 2 3
11 3 4 2 4 2 11 1 0 5 1 2
6 3 1 1 0 4 2 1 2 2 3 5
14 4 0 0 2 16 8 4 3 2 6 22
7 2 1 1 1 16 3 5 9 12 4 0
2 5 10 10 12 25 7 1 7 12 5 1
0 3 7 1 3 5 3 11 5 2 5 9
9 4 0 9 5 5 0 1 8 1 2 5
19 9 13 3 6 5 9 5 6 12 14 15
5 14 4 14 6 18 6 1 10 11 13 15
9 9 10 12 13 1 3 24 16 5 7 3
8 4 5 2 7 4 14 0 4 5 24 19
5 8 14 10 4 5 6 1 7 14 9 12
3 1 2 2 3 2 5 2 4 5 0 2
5 15 18 7 5 4 2 15 20 5 7 2
6 6 2 2 3 5 1 1 2 2 3 2
1 0 8 0 2 4 1 8 2 2 5 1
1 7 9 14 11 3 16 2 4 15 11 11
3 9 0 1 8 6 5 5 6 2 3 1
0 4 20 6 5 5 11 5 9 10 2 10
6 21 1 10 14 3 12 6 16 8 1 6
13 8 1 2 7 4 11 0 8 11 2 14
11 4 9 12 12 11 6 6 3 8 11 0
9 1 17 3 1 1 15 18 0 20 3 12
12 17 1 11 1 7 5 3 11 6 4 14
13 7 12 2 8 10 14 19 8 5 15 10
2 12 9 1 13 2 2 3 7 3 7 1
12 1 7 2 4 2 3 0 1 4 1 5
11 7 5 8 9 1 9 12 6 15 9 5
4 2 6 3 1 1 2 2 2 2 5 0
2 11 1 5 5 3 2 5 1 10 4 2
3 1 2 0 4 1 6 11 3 8 6 18
10 2 5 15 10 7 16 4 6 3 8 0
1 7 9 2 6 6 9 1 5 2 16 12
11 10 1 7 3 4 0 1 4 14 4 1
0 1 4 3 4 0 5 4 7 4 2 1
12 3 7 2 1 3 9 1 9 4 6 13
0 3 1 6 2 11 2 6 6 1 14 2
6 9 8 9 1 11 15 0 17 2 18 8
14 1 5 2 9 23 3 3 3 4 4 1
5 3 6 5 1 2 1 6 5 3 7 6
0 2 3 1 4 1 12 9 8 7 2 0
7 2 17 3 8 6 1 12 3 3 2 10
5 6 8 11 4 11 18 2 1 9 0 3
10 9 4 3 1 3 9 7 4 9 1 5
20 14 13 4 4 8 12 12 14 4 12 3
16 4 9 3 2 1 14 10 2 18 18 10
4 1 10 1 4 1 1 4 1 2 4 6
3 4 15 2 2 1 7 5 7 5 8 2
5 0 5 4 2 6 8 1 7 18 10 1
10 1 1 15 19 5 12 0 3 7 13 6
6 3 8 4 6 1 8 8 3 8 1 17
9 13 2 5 7 0 9 7 13 1 1 7
6 15 5 10 0 6 1 3 1 1 8 7
1 18 10 2 4 1 5 4 9 0 6 18
13 15 3 10 4 6 4 1 10 15 13 4
3 8 2 5 2 4 1 5 2 2 0 6
7 2 10 8 11 2 13 14 8 4 2 6
5 1 13 12 5 6 7 2 4 3 10 1
6 12 17 7 8 10 10 5 3 8 3 0
1 2 5 3 5 1 2 5 0 2 2 7
13 12 8 6 6 3 9 7 13 3 4 10
6 8 7 11 17 6 4 11 2 4 1 8
6 13 0 2 3 9 15 12 6 3 8 9
4 3 2 4 5 12 7 8 0 7 7 7
7 11 2 8 1 4 16 1 3 3 4 1
3 5 7 5 1 6 2 11 3 1 2 3
1 5 12 12 6 9 7 2 1 5 5 13
2 0 3 9 0 1 0 5 5 7 8 8
5 5 11 4 7 8 6 0 2 1 10 6
6 11 3 10 18 11 6 12 4 1 10 15
3 2 2 1 3 4 4 3 3 5 1 4
13 11 22 7 9 0 3 13 9 0 9 14
4 16 1 11 1 11 9 3 4 7 4 6
3 2 17 2 1 8 0 4 5 11 8 1
0 2 1 2 1 5 1 5 1 2 5 3
1 5 8 2 14 10 12 7 4 6 14 1
5 5 3 1 2 14 7 15 12 8 3 7
4 1 0 5 6 1 3 2 4 0 3 8
6 4 6 4 5 2 8 4 2 1 1 3
5 10 3 3 2 22 8 3 11 7 5 5
2 20 18 23 3 12 1 1 2 5 5 1
3 3 7 3 2 6 1 17 7 6 6 6
4 5 6 0 2 2 1 1 0 1 6 5
7 1 4 7 10 1 6 0 5 7 2 0
3 2 1 3 4 2 7 0 2 5 7 5
11 6 3 15 5 13 6 0 0 4 2 0
8 5 7 7 0 4 10 11 0 9 1 11
0 9 10 2 3 14 9 18 0 4 8 3
1 1 9 5 1 1 4 2 10 5 18 2
8 2 8 7 2 18 11 18 8 11 12 7
5 1 3 0 7 6 1 2 7 0 0 7
3 3 2 4 3 3 3 5 0 4 3 3
7 6 1 10 4 1 5 3 15 2 3 2
3 1 2 9 4 5 5 3 6 9 10 4
23 10 6 1 5 4 0 3 0 4 12 8
1 4 4 6 3 5 1 4 3 2 3 11
9 5 5 2 9 0 13 10 3 8 12 1
5 0 6 9 5 8 0 8 3 2 1 3
7 14 21 20 2 4 13 1 8 5 0 5
3 6 2 12 0 2 5 8 4 0 3 3
13 4 4 6 0 26 2 4 4 9 9 11
10 21 4 7 3 3 20 11 6 6 15 4
2 47
3 34
3 91
4 64
4 104
5 16
6 57
6 97
7 37
8 89
8 107
9 93
11 31
12 64
13 34
14 53
14 70
15 34
15 88
16 59
17 79
17 91
20 77
21 30
23 36
23 60
25 32
25 47
26 125
27 43
27 47
28 98
28 101
30 50
32 91
33 45
34 75
38 77
38 99
39 59
39 107
39 134
40 109
43 91
44 53
44 74
45 69
45 83
45 87
46 145
47 110
48 88
49 99
50 67
50 84
50 98
50 124
51 78
53 144
53 149
54 107
56 66
56 109
56 125
56 147
58 75
60 148
61 70
61 102
62 63
62 151
62 153
63 114
63 138
63 162
65 163
66 118
66 127
69 90
70 149
70 158
71 80
71 160
72 82
73 81
73 106
73 110
73 167
74 136
74 138
75 98
75 134
75 172
76 173
77 153
78 142
78 159
79 111
79 142
79 163
80 87
80 110
80 131
81 139
81 146
82 171
83 160
84 98
86 182
87 131
87 155
89 144
90 153
92 172
92 184
93 96
93 145
95 122
96 189
97 101
97 123
98 146
102 127
104 196
105 127
105 152
105 195
107 122
110 203
112 151
113 129
113 183
114 170
117 187
118 131
119 182
121 164
121 206
122 132
122 147
122 187
122 206
123 128
123 136
124 135
126 160
127 191
127 200
127 210
130 179
131 155
131 174
131 210
133 185
133 214
134 175
136 213
136 221
137 182
137 195
137 228
138 182
138 215
140 155
141 193
142 228
146 236
147 177
147 220
148 202
148 228
149 181
149 183
150 171
152 238
153 251
154 187
154 241
155 182
155 204
157 237
157 253
159 248
160 195
160 209
160 216
160 236
161 237
162 180
162 256
163 217
163 243
163 260
166 217
166 233
168 242
169 208
170 228
173 256
174 231
175 184
175 271
176 187
178 192
178 202
179 260
179 274
180 201
180 215
180 247
181 228
181 260
182 209
182 257
183 185
184 220
185 223
185 253
186 229
186 259
187 266
189 209
190 229
190 254
192 254
193 260
194 233
194 243
194 281
195 200
197 227
198 229
198 250
198 262
202 248
202 259
203 280
204 251
204 292
205 251
206 262
208 233
210 225
210 243
211 232
214 260
215 223
215 233
215 266
216 277
219 280
222 280
224 267
225 307
227 315
230 262
230 301
231 258
231 263
235 243
236 253
240 329
241 320
243 248
243 277
243 316
243 320
244 267
245 259
246 342
247 286
247 299
248 266
248 274
248 347
250 269
251 280
252 315
252 350
254 335
255 343
256 310
256 316
257 269
257 272
257 336
258 268
260 319
260 335
262 286
262 358
265 357
266 359
267 342
267 361
268 276
268 278
268 321
269 336
269 337
269 339
269 354
269 365
270 289
271 308
271 364
272 311
273 366
274 343
274 365
275 294
275 369
278 286
279 302
279 316
282 286
282 313
283 353
283 370
283 375
284 358
284 368
285 288
287 295
290 386
291 313
291 332
292 315
292 321
292 343
294 361
294 382
296 305
297 377
299 394
300 399
301 380
302 367
303 374
304 325
305 312
306 406
309 394
310 312
310 375
310 386
313 329
315 360
315 415
316 326
317 384
322 351
323 337
323 391
324 360
325 352
325 394
326 375
326 384
326 389
327 421
328 329
329 370
329 390
331 340
335 351
337 407
337 423
338 385
338 399
338 400
339 361
340 358
340 427
340 428
341 433
342 392
342 419
345 425
347 422
348 444
350 360
351 414
352 436
353 372
353 399
355 362
355 443
356 360
358 360
359 370
359 439
360 457
361 454
362 371
363 400
364 422
364 445
365 421
365 434
366 368
366 424
368 417
369 411
369 424
369 452
370 455
371 400
371 466
372 377
374 381
374 470
375 392
375 407
375 457
375 470
377 454
377 470
378 446
379 400
379 464
380 461
381 441
383 395
383 409
384 428
384 482
385 387
385 441
386 419
389 412
389 470
389 478
390 418
391 401
392 422
392 431
392 460
396 435
396 464
397 430
399 405
399 438
399 439
400 474
402 479
404 468
404 469
404 474
404 475
407 434
407 478
408 499
411 498
413 443
413 480
414 484
415 448
415 474
416 446
416 493
419 425
419 478
421 443
421 449
421 483
422 436
424 461
424 471
425 427
425 468
427 497
428 495
428 521
428 528
430 469
430 490
431 478
432 449
432 480
433 471
433 533
435 445
435 510
436 482
439 496
440 463
441 522
442 514
442 526
445 474
445 543
446 502
446 503
446 506
447 455
447 476
448 459
449 486
449 525
450 508
451 509
452 538
455 555
457 549
459 489
459 507
459 553
460 482
460 546
461 536
461 549
461 560
462 496
462 539
462 558
463 544
464 521
464 543
465 526
465 540
466 475
466 491
466 512
468 473
468 548
468 561
469 518
471 568
472 565
474 534
474 553
475 510
475 521
476 497
476 512
476 575
477 500
477 554
478 483
478 531
479 570
480 514
480 551
481 506
481 520
481 531
482 527
483 533
484 486
485 530
489 547
490 538
491 548
491 579
492 571
492 583
493 502
493 593
494 577
495 560
495 579
497 541
498 524
500 560
500 569
501 555
501 571
501 587
502 526
502 544
502 548
503 595
504 521
505 549
505 550
506 514
507 601
508 573
509 520
509 594
510 511
510 567
511 547
511 570
512 519
512 558
512 573
512 589
513 611
514 526
514 542
514 587
515 534
515 593
516 593
516 597
517 533
517 601
518 542
518 543
518 564
519 559
520 538
521 539
521 552
521 607
523 550
526 550
531 559
531 624
532 567
532 629
536 553
537 541
537 607
538 582
538 583
538 594
538 610
538 624
539 554
539 562
539 602
539 611
540 578
541 557
541 573
542 543
542 559
543 597
543 608
544 574
545 550
546 597
549 643
551 581
551 612
554 578
554 606
554 631
555 651
558 631
560 570
560 585
561 580
562 628
563 570
563 660
565 644
566 626
566 637
567 661
568 576
568 628
568 641
569 588
569 646
570 618
571 586
571 659
572 575
572 626
573 648
574 596
574 603
575 665
577 585
577 669
579 581
579 646
579 662
582 593
582 597
582 604
582 605
582 676
583 632
584 625
585 624
586 593
587 619
589 649
589 661
591 626
593 659
593 661
595 603
595 667
598 690
601 668
602 639
602 668
604 638
604 660
605 610
605 617
607 611
610 621
610 707
611 648
611 658
611 711
614 622
614 708
615 635
616 632
621 655
621 698
621 707
621 708
622 661
622 678
622 713
623 687
623 703
624 705
625 635
625 644
626 655
626 673
626 719
627 661
627 677
627 719
628 634
628 666
628 702
628 703
629 711
630 676
633 635
633 636
633 642
634 652
634 695
635 685
637 678
637 737
639 643
640 670
640 673
640 687
640 737
641 699
642 723
642 725
642 726
644 661
646 708
647 687
647 734
649 729
650 679
650 697
650 728
652 715
653 696
655 750
656 668
656 675
657 679
657 698
657 699
660 669
660 674
660 696
662 725
667 702
667 706
668 674
668 681
668 737
668 745
669 693
669 702
670 687
671 730
673 733
673 765
675 736
675 740
676 704
679 681
679 683
682 753
683 769
684 783
685 718
685 751
686 723
686 751
687 720
687 743
688 729
688 744
689 705
689 716
689 721
689 777
690 736
691 746
691 747
691 774
692 782
693 714
693 728
693 777
694 791
696 722
696 744
697 703
699 719
699 726
700 762
701 711
702 763
703 728
703 788
709 737
710 720
710 742
710 746
712 745
712 756
712 762
712 769
713 813
714 754
715 752
717 749
717 755
717 760
717 803
718 793
719 752
720 783
720 790
721 738
724 811
725 742
725 760
725 808
727 735
728 820
729 733
729 764
729 780
729 793
729 816
731 812
732 761
732 771
733 806
733 811
733 826
734 825
735 737
736 771
737 755
739 822
741 754
741 759
742 750
742 775
742 780
744 808
746 809
747 847
748 819
748 827
749 775
749 847
750 760
750 785
751 846
752 754
752 794
753 836
755 789
756 779
756 838
758 779
760 767
760 799
762 794
763 782
767 780
768 847
768 852
769 809
770 824
771 780
771 811
771 831
772 792
772 841
773 828
773 866
774 783
774 842
774 854
775 781
775 816
775 831
775 859
776 790
777 842
777 856
778 831
779 789
779 801
780 781
780 853
780 868
781 824
782 807
784 870
788 840
789 799
789 834
789 844
790 838
791 801
791 808
791 852
793 812
793 824
793 853
794 858
800 881
801 863
801 895
803 834
804 813
806 848
806 856
807 810
809 821
809 909
810 883
810 884
810 886
811 905
812 904
813 850
813 861
813 878
813 884
815 829
816 828
816 898
818 827
818 901
820 841
821 896
823 828
824 879
824 908
825 898
826 828
826 857
826 873
826 902
826 918
827 865
827 878
828 858
830 911
831 914
831 923
832 912
833 868
833 910
834 862
834 934
835 868
835 877
835 881
835 896
836 842
837 905
837 914
838 894
839 880
841 868
841 885
841 928
843 872
844 877
846 848
846 921
847 943
848 921
852 916
852 946
854 866
854 905
855 876
855 929
858 913
858 928
858 931
860 918
860 921
862 886
862 947
864 925
866 872
867 880
867 926
868 900
868 927
870 970
872 883
872 932
872 968
873 877
873 938
874 886
874 964
876 912
876 949
876 966
876 968
877 884
877 892
877 976
878 974
881 958
882 943
883 900
884 885
884 982
885 950
886 931
886 940
886 941
887 969
888 912
891 893
891 976
892 896
893 913
893 974
893 991
894 972
895 909
895 929
895 938
896 918
896 992
897 953
897 971
898 913
898 952
899 922
900 1000
901 961
902 920
902 980
904 948
904 989
905 907
905 951
908 927
908 933
908 959
909 940
912 971
914 927
914 996
915 931
915 939
915 952
915 968
919 933
919 990
920 938
920 950
920 972
921 926
921 975
922 962
923 969
923 999
924 932
924 940
924 949
925 953
926 936
926 956
926 986
927 956
931 996
933 957
933 975
938 991
940 962
943 951
944 985
945 982
946 993
948 1000
949 981
951 996
953 990
955 961
956 976
962 978
962 982
962 993
963 995
965 967
965 969
966 969
967 986
969 989
972 985
973 990
982 999
983 991
990 991
3 4 27 15 0 1 4 9 1 3 12 5
2 1 10 2 8 4 7 11 16 5 7 3
12 3 5 5 17 32 11 9 13 26 6 9
1 7 13 12 3 3 8 3 0 5 3 7
0 5 19 1 8 6 18 13 22 6 9 8
5 5 5 20 3 13 14 14 10 2 0 3
4 15 0 0 15 8 30 9 20 10 1 3
13 11 3 6 3 8 6 0 2 12 12 13
4 3 8 5 1 17 2 8 0 4 3 2
27 21 7 5 21 20 25 7 16 6 14 11
0 3 26 9 23 41 18 2 1 7 12 6
8 9 6 25 8 1 25 2 5 10 4 1
7 9 1 2 17 7 0 6 5 12 1 2
9 15 10 18 12 21 23 7 16 10 1 3
1 15 17 3 6 10 0 11 3 8 1 10
0 2 4 24 28 2 24 10 11 2 1 8
15 0 2 13 6 7 5 8 11 9 2 8
9 17 22 34 9 2 18 9 3 10 9 20
2 10 1 1 8 6 9 4 5 3 0 8
6 19 30 11 26 7 18 4 26 18 5 7
31 23 6 28 20 15 8 19 24 1 16 20 9 3 18 21 19 14 17 6
42 23 5 38 19 19 17 25 28 4 24 27 31 3 31 33 19 28 39 7
52 41 20 52 24 19 27 41 51 8 34 35 53 11 46 34 39 23 50 15
44 39 22 34 26 27 16 28 47 5 23 1 34 1 36 23 32 5 38 5
16 13 11 10 8 13 23 20 23 9 8 16 31 6 19 15 18 8 23 1
53 52 16 60 43 44 45 37 65 17 35 41 54 25 58 45 34 23 64 23
49 35 22 58 31 41 38 43 52 14 35 52 50 29 48 42 38 38 51 30
42 24 1 39 21 35 18 29 46 4 22 30 23 16 33 14 18 18 34 2
41 46 31 42 41 29 37 32 51 14 47 36 45 19 34 38 26 15 46 22
22 31 15 29 31 11 31 23 26 15 29 18 29 5 30 21 11 10 36 17
60 49 26 57 39 60 41 41 69 10 46 48 48 28 43 50 43 21 57 18
46 32 8 32 19 27 18 24 50 5 22 19 32 8 31 19 26 9 30 3
30 24 10 34 18 24 29 19 36 4 17 28 36 15 32 29 18 19 39 9
4 11 6 4 12 4 12 9 6 6 6 5 10 1 10 6 5 1 11 1
30 22 8 24 14 20 19 17 27 2 22 24 27 10 13 28 21 7 24 9
15 12 7 7 9 7 11 5 18 1 10 1 14 1 12 9 10 2 12 1
29 17 6 32 12 5 14 24 25 7 28 29 27 8 22 20 13 20 28 12
22 9 5 24 5 22 23 14 29 1 15 24 30 14 21 19 14 13 26 6
30 25 4 26 13 23 27 10 36 1 19 21 33 16 28 27 19 6 24 11
31 13 11 33 8 25 11 25 40 3 27 22 27 11 26 23 23 10 26 10
11 7 6 9 5 11 17 8 14 1 7 6 16 6 10 15 16 2 16 2
26 18 1 24 12 20 15 8 29 3 23 15 18 9 20 20 9 3 23 3
26 17 1 18 9 18 11 5 24 1 15 10 8 6 8 20 6 3 12 1
16 12 7 16 6 19 20 20 21 4 18 18 21 10 4 16 16 1 20 7
36 33 17 39 21 25 31 32 35 15 28 35 35 12 19 46 30 16 43 17
36 31 8 35 23 27 21 28 34 1 20 35 24 15 20 22 29 15 31 10
18 13 1 14 7 15 15 6 16 1 7 17 17 11 11 16 9 10 14 4
23 19 5 26 18 22 16 23 28 3 12 17 13 12 25 12 22 11 23 4
30 22 1 28 22 18 18 19 20 1 12 22 15 5 18 21 15 15 25 7
8 16 11 10 15 8 13 12 14 6 16 8 17 2 11 12 11 1 18 4
6 7 1 2 2 5 10 3 10 1 5 8 13 4 6 4 3 1 5 1
56 53 29 55 34 40 39 56 60 16 27 41 57 19 51 40 56 24 64 19
13 13 3 11 11 4 13 9 19 1 15 6 16 1 18 10 5 1 16 1
51 36 20 44 23 44 33 34 56 11 42 34 46 17 39 41 30 23 48 9
46 46 13 36 33 27 34 22 51 12 34 24 43 8 39 36 22 14 45 8
27 14 8 15 8 11 3 12 25 1 14 10 12 1 13 18 15 7 4 1
12 6 5 14 1 14 18 15 21 1 11 15 24 5 15 17 15 3 24 1
6 2 1 6 4 6 8 1 6 1 4 3 9 1 10 11 1 1 12 1
43 32 27 48 25 48 44 37 57 15 31 48 53 33 44 39 42 20 48 24
60 47 25 51 40 52 35 44 67 18 44 42 48 17 42 51 46 23 56 1
34 24 5 32 21 13 21 19 26 1 26 23 26 4 26 32 19 18 29 11
20 23 8 25 19 12 23 12 19 8 22 29 27 15 15 18 12 4 25 15
16 9 1 10 8 12 7 2 19 3 6 4 8 1 9 8 1 1 11 1
65 67 34 68 54 64 59 50 81 30 58 56 67 30 55 67 51 25 76 22
10 12 6 8 13 7 16 10 17 8 8 1 13 1 13 8 1 1 20 1
53 61 43 61 50 44 61 44 76 38 58 42 66 40 61 49 46 20 68 44
43 28 4 37 27 33 24 18 42 8 26 22 23 12 33 30 13 16 33 10
19 16 4 18 7 21 12 10 25 5 18 14 15 11 13 19 12 4 16 4
16 10 1 9 4 7 9 5 20 1 10 8 14 4 10 6 4 1 5 1
6 1 1 3 1 7 8 5 9 1 3 5 8 3 1 1 1 1 3 1
19 17 5 11 12 14 15 8 24 1 11 6 19 6 18 14 14 1 13 1
15 6 1 15 8 12 11 13 14 1 11 8 10 5 12 11 9 1 12 1
52 38 27 58 22 49 43 45 64 12 38 56 64 30 52 54 40 34 59 20
54 47 12 56 37 32 43 41 56 22 38 33 52 20 50 47 37 23 62 18
7 9 7 4 8 9 17 7 10 2 5 3 15 1 8 15 13 1 17 1
76 51 9 66 34 53 31 49 72 13 37 45 51 23 60 42 48 36 61 6
34 30 13 36 18 36 28 29 40 18 28 31 29 17 20 44 30 12 39 2
13 6 2 15 3 9 12 12 12 1 8 15 15 6 9 15 12 6 15 4
10 4 1 12 5 6 9 3 9 1 7 8 10 3 12 11 1 4 12 1
20 9 5 19 8 16 11 19 20 5 15 13 14 4 10 16 10 6 18 5
6 9 3 6 10 4 11 6 8 3 4 2 9 1 8 5 5 1 11 1
44 36 9 43 29 39 32 33 45 2 28 35 29 21 30 26 24 18 44 14
40 29 15 43 13 39 37 40 51 14 25 37 47 21 34 39 31 11 45 11
9 16 8 12 17 9 21 16 11 6 14 9 17 1 15 15 9 1 27 5
16 5 1 10 4 9 9 9 13 1 1 9 12 3 10 7 6 6 8 1
25 21 7 28 14 26 26 13 33 5 21 26 33 18 25 25 18 6 30 13
41 35 23 41 30 36 31 23 53 6 30 20 40 17 44 38 35 14 39 15
66 46 25 60 34 49 40 53 54 18 42 50 50 17 47 60 46 42 64 16
29 23 16 29 17 10 11 21 24 7 29 25 19 7 9 23 21 14 21 11
36 35 11 28 29 23 32 21 45 13 31 19 36 10 33 26 14 8 36 10
14 14 10 10 13 12 19 8 21 5 11 10 23 9 21 17 18 4 18 5
60 47 24 53 36 41 32 47 61 31 46 40 44 19 47 46 37 39 55 6
30 10 18 36 5 28 25 36 38 8 28 36 38 14 24 30 31 19 41 13
15 5 6 11 6 11 11 16 15 4 10 9 17 1 12 13 13 1 14 4
40 24 20 43 17 29 21 43 45 10 39 34 36 10 31 29 35 21 44 7
23 18 9 18 15 14 12 12 27 1 17 11 18 2 16 15 14 2 13 1
34 50 34 52 33 44 58 55 55 26 16 60 65 35 45 48 54 25 67 24
55 39 21 52 31 41 39 37 55 13 46 48 47 22 39 43 31 21 47 25
5 3 2 4 3 6 14 7 5 1 3 3 14 2 7 9 10 1 13 1
9 6 3 7 9 3 9 5 12 3 7 5 12 1 12 4 3 3 8 1
27 27 12 20 16 26 30 18 26 2 11 30 36 9 13 35 29 9 30 7
27 16 6 31 15 20 26 26 32 5 24 22 34 12 30 24 20 9 33 12
35 26 13 34 22 20 10 20 30 7 31 24 22 6 15 32 20 13 29 9
10 13 5 12 8 10 16 13 13 6 12 18 19 8 8 10 10 5 19 8
55 41 30 55 26 46 40 36 62 17 53 50 56 33 52 51 44 24 52 21
5 11 2 3 8 5 12 4 8 2 5 9 12 5 7 4 4 1 6 1
22 11 1 20 8 18 16 11 24 1 11 16 18 11 18 17 8 6 13 3
10 4 2 16 3 11 12 8 15 1 8 5 13 7 15 12 10 2 14 3
31 21 1 33 17 20 12 22 24 5 17 22 16 4 17 26 18 11 31 9
32 20 6 26 13 16 13 20 29 2 19 13 22 4 21 23 18 9 23 4
56 47 28 49 31 56 41 40 66 27 45 50 54 30 32 56 47 19 52 9
44 39 19 33 23 35 32 31 45 11 14 26 46 16 37 28 35 6 41 10
11 3 3 14 1 12 10 7 22 1 2 6 16 8 18 9 11 2 9 4
35 41 13 41 36 39 38 23 51 19 37 26 38 21 40 40 25 10 49 14
4 11 2 17 8 12 19 7 13 1 10 16 20 11 14 15 12 1 24 8
10 12 2 2 7 6 8 1 9 1 8 6 6 2 3 11 5 1 5 1
11 1 3 9 3 11 10 5 15 1 4 7 14 8 14 11 9 3 9 4
10 13 5 8 10 11 14 3 12 1 11 4 9 3 7 18 13 1 13 1
13 6 1 12 5 8 12 6 11 1 9 3 10 2 12 18 9 3 15 1
43 37 20 47 29 37 34 29 47 19 29 35 42 28 46 44 39 24 48 21
15 9 3 11 3 14 18 14 20 1 11 14 22 4 9 13 9 4 21 1
23 32 21 25 21 24 37 22 40 15 18 22 38 18 30 19 23 6 31 16
42 31 27 39 14 44 32 33 59 10 32 39 55 22 33 42 45 12 42 8
18 15 6 17 11 17 18 18 21 4 17 14 21 8 15 18 13 1 22 7
7 7 2 5 4 8 11 5 11 1 3 3 9 4 4 7 8 1 9 1
10 4 1 14 6 3 3 12 12 1 15 9 8 1 11 6 1 4 8 5
28 24 16 26 19 28 24 18 41 4 13 17 31 15 34 25 29 9 27 11
5 4 1 7 2 4 10 7 9 1 8 6 10 3 5 7 9 1 11 1
72 55 25 75 39 56 43 44 71 11 55 63 63 29 56 60 48 37 68 29
62 46 25 51 36 44 37 30 61 10 51 43 47 29 45 47 30 23 39 26
68 54 31 73 41 50 57 47 78 19 54 61 74 43 67 53 41 33 71 41
58 46 13 55 29 26 32 44 47 10 30 41 46 15 42 35 37 25 43 27
71 65 28 62 58 66 53 35 71 26 57 48 50 39 50 62 47 24 60 29
23 33 20 31 24 24 24 16 34 4 22 33 35 15 19 31 26 8 31 12
4 3 2 6 1 7 7 1 10 1 1 2 7 5 7 8 9 1 6 1
46 35 26 38 23 43 26 28 50 14 41 38 43 15 26 43 37 16 45 5
48 40 32 52 34 40 51 50 55 26 53 51 58 30 47 52 37 35 67 30
59 49 34 67 34 54 52 44 71 14 53 62 61 38 48 58 47 31 62 34
8 8 4 6 6 6 5 4 11 1 11 3 4 1 4 9 8 1 3 1
32 33 3 30 27 26 33 13 21 8 14 27 31 13 22 36 23 17 38 12
55 52 28 59 37 48 48 39 62 22 39 49 57 28 42 64 54 24 63 26
43 29 10 43 24 41 26 28 49 16 23 30 31 24 41 36 34 23 36 12
59 66 22 60 55 62 55 27 72 22 41 49 52 39 60 59 40 29 64 25
43 46 31 48 35 62 57 41 63 22 27 51 59 40 47 54 45 13 59 20
28 26 10 22 24 22 26 10 31 8 21 17 24 12 22 20 7 2 25 11
30 12 1 24 10 20 8 21 29 1 17 19 14 8 19 12 9 13 17 1
9 5 1 7 4 9 11 4 11 1 3 2 11 2 7 7 4 1 11 1
11 1 1 5 1 4 8 7 8 1 1 5 11 1 6 7 5 3 7 1
10 4 1 6 2 3 3 2 12 1 7 1 7 1 9 7 5 1 3 1
12 13 1 12 13 4 12 4 5 1 8 9 9 2 11 14 4 6 15 1
37 30 5 34 27 24 23 18 34 2 20 21 21 10 32 25 19 18 32 8
14 6 1 12 6 7 3 10 11 1 10 6 1 1 6 9 5 4 5 1
13 26 19 19 24 28 42 15 30 10 13 21 40 16 33 34 21 6 44 12
28 32 16 27 25 18 24 22 40 7 28 15 34 8 32 23 24 4 30 6
12 14 3 10 12 10 9 2 13 3 11 1 9 1 12 16 6 1 16 1
42 45 19 33 38 36 40 19 49 13 39 24 35 15 31 39 20 10 44 12
60 54 27 60 39 47 41 34 70 5 52 50 62 27 54 52 36 23 58 25
57 60 46 65 51 50 59 58 82 21 57 48 77 27 65 52 55 20 73 29
41 41 30 44 21 45 46 40 58 16 25 39 61 31 43 40 47 4 53 19
13 1 1 15 1 9 4 13 11 1 6 12 8 3 7 5 5 2 9 3
40 28 11 32 24 17 18 18 32 1 23 22 32 2 26 32 23 18 33 5
49 34 25 54 27 43 38 39 64 17 42 49 60 32 50 39 35 23 55 27
9 6 9 14 3 17 19 8 16 1 3 14 23 10 16 21 18 6 20 6
23 32 19 29 33 27 39 17 33 8 26 19 33 21 37 31 16 14 40 20
29 30 18 30 21 32 30 10 41 3 26 26 31 24 29 34 26 9 26 17
39 27 22 43 21 29 41 43 53 17 40 41 60 25 44 29 33 20 52 20
24 25 6 22 18 24 21 9 27 7 24 18 20 12 18 27 15 4 27 6
5 7 2 3 5 3 7 4 6 1 7 4 8 1 7 7 6 1 7 1
13 10 1 13 8 7 7 4 11 1 11 8 5 2 9 13 2 4 7 2
63 57 31 61 38 35 44 50 71 18 42 39 65 19 59 37 45 17 62 25
41 27 9 36 22 30 30 25 35 5 19 26 37 13 34 40 28 17 37 16
12 14 6 8 10 6 16 5 8 1 5 9 18 2 9 17 14 7 17 2
34 34 20 38 22 34 37 27 50 8 22 30 49 26 40 27 33 9 40 21
21 18 6 21 15 16 11 13 23 7 23 13 16 5 16 22 11 1 23 11
8 11 1 7 10 10 11 3 10 3 5 5 11 3 7 10 4 1 14 1
42 32 13 35 21 33 25 16 47 5 30 22 34 15 28 37 31 1 32 8
34 41 20 32 23 36 44 27 51 17 19 26 52 19 35 39 32 1 50 7
64 59 35 58 40 45 38 47 72 17 56 45 66 19 57 52 43 28 62 9
33 23 3 25 18 23 17 11 37 1 21 9 21 6 26 23 9 6 22 6
17 14 1 13 13 14 10 2 14 4 10 2 6 2 11 19 6 1 18 1
34 42 22 29 32 26 37 26 46 21 33 23 44 14 34 28 29 5 42 16
23 23 19 33 13 28 32 36 34 17 16 28 35 17 25 33 30 8 36 5
35 37 23 44 29 37 52 27 47 15 40 43 55 35 39 42 32 13 53 33
20 12 5 19 6 20 12 10 24 1 17 17 15 9 7 18 12 1 12 4
29 26 10 29 15 34 26 26 41 10 9 19 35 12 33 30 35 3 40 2
44 43 7 40 29 41 39 21 54 13 28 25 45 24 44 43 36 12 47 11
37 47 33 44 35 41 48 39 55 28 43 33 50 25 39 52 36 15 61 20
15 15 5 17 11 14 18 5 16 1 8 18 15 13 14 20 11 8 17 6
22 24 24 32 17 30 29 31 39 8 28 30 41 12 25 35 33 9 45 7
15 12 7 9 11 9 15 9 18 1 13 4 17 1 14 17 15 1 16 1
8 1 1 6 1 2 5 4 9 1 5 1 6 1 5 2 3 1 6 1
65 49 23 70 44 43 46 45 65 18 47 50 56 31 61 55 36 37 67 37
53 45 18 61 40 45 49 36 49 3 39 57 57 26 55 55 31 43 62 33
66 58 33 64 43 53 56 49 70 27 56 58 64 32 45 62 41 28 73 31
43 37 20 37 23 23 19 32 43 14 23 18 37 7 30 28 31 10 40 10
12 1 1 8 2 1 2 3 11 1 5 5 8 1 8 5 2 3 3 1
52 41 30 50 35 41 38 39 59 9 52 48 60 26 43 44 43 20 52 17
14 7 1 10 7 5 6 5 7 1 5 11 7 4 6 11 4 9 8 4
38 35 23 47 21 43 42 44 59 16 21 44 54 22 43 40 35 17 57 10
19 21 9 16 18 12 18 9 15 5 18 11 13 5 16 23 12 7 21 5
15 11 7 14 7 13 8 13 18 1 15 12 11 3 3 10 13 1 9 4
32 28 12 26 26 27 23 12 37 3 23 10 28 8 30 29 22 4 27 7
49 37 16 44 22 35 29 33 56 3 30 21 54 11 51 30 32 18 52 10
41 47 14 41 34 31 35 25 52 17 32 27 44 15 42 40 30 9 50 11
52 37 25 45 28 41 29 38 51 6 41 43 42 17 27 34 37 13 40 12
8 12 1 9 7 11 19 5 12 1 10 6 15 6 8 13 9 1 15 1
51 32 10 45 30 39 21 38 52 11 28 30 26 18 42 23 34 27 42 1
16 11 7 8 8 12 21 11 20 5 6 14 25 5 12 11 10 5 16 1
15 9 3 15 8 12 16 7 9 1 4 15 16 8 10 20 14 10 19 7
14 9 1 12 6 7 7 6 7 1 9 16 8 3 5 14 1 5 12 3
67 60 19 64 44 55 51 38 66 11 37 49 57 28 55 61 49 29 63 28
59 48 19 60 37 52 45 58 69 33 47 54 49 34 47 46 48 33 65 18
30 18 13 38 9 25 28 27 37 9 22 35 37 24 25 26 24 17 30 20
21 24 12 16 20 5 17 19 23 9 15 15 23 1 21 16 13 9 20 7
33 35 17 45 24 35 35 19 39 16 32 43 36 33 29 43 30 20 45 25
21 18 13 26 14 24 29 17 28 5 12 25 29 20 22 24 21 15 26 14
9 10 5 8 9 5 12 8 11 1 11 4 12 3 9 11 11 3 12 1
54 42 16 56 33 46 46 48 51 13 25 48 53 16 47 54 45 33 62 20
30 27 8 31 24 25 21 15 31 4 32 17 20 11 24 32 14 10 33 15
50 38 30 38 21 38 23 44 60 6 30 22 56 7 40 25 42 16 45 6
33 36 16 34 25 27 32 25 47 10 16 28 43 19 39 23 26 11 34 14
49 42 27 58 34 32 46 48 52 14 42 48 60 18 53 52 42 35 67 28
28 15 4 25 13 19 22 17 25 1 20 17 25 6 25 28 13 9 28 8
13 8 2 10 6 4 7 3 7 1 5 8 6 2 4 12 7 7 8 2
4 5 1 5 7 5 13 7 12 1 5 3 15 1 13 5 1 1 13 1
54 56 34 52 40 53 59 39 68 20 35 47 67 36 58 52 50 14 61 30
19 6 2 21 4 9 4 18 16 4 10 17 10 4 9 6 8 8 12 7
51 37 13 44 27 31 37 43 45 7 24 35 49 7 42 45 40 23 50 14
3 8 1 4 2 10 20 8 6 1 3 14 19 6 5 8 9 1 16 1
49 50 30 47 37 41 45 39 65 15 30 38 56 26 51 38 45 25 48 21
17 5 9 15 5 15 15 21 20 7 14 16 23 5 15 17 12 10 23 1
16 4 1 17 5 6 3 15 14 1 10 11 11 2 12 6 7 2 11 4
23 21 21 29 18 26 27 25 38 7 25 25 40 13 27 30 32 7 36 12
36 41 21 29 28 25 25 20 43 5 24 14 41 8 35 28 31 5 35 8
49 31 17 55 26 41 32 40 58 7 40 42 42 23 47 40 38 26 54 22
5 11 3 7 11 5 13 6 4 1 10 5 11 4 12 11 8 1 14 1
59 45 19 49 35 46 47 41 55 23 28 49 55 23 39 47 41 24 55 20
29 22 12 24 12 23 22 17 34 1 14 18 30 12 23 28 27 8 22 6
51 46 25 53 38 46 49 31 65 7 47 49 60 35 59 47 32 24 57 32
12 12 9 12 7 11 16 11 11 5 9 13 17 5 11 24 17 6 19 1
62 61 22 58 44 58 50 46 72 24 39 52 54 32 49 50 48 20 66 18
31 24 2 30 17 17 17 23 23 1 15 26 21 6 19 22 19 15 21 10
11 11 1 13 8 15 10 7 15 5 12 11 14 7 12 15 6 1 18 3
54 35 6 45 25 36 25 29 51 14 34 38 36 17 33 35 27 29 38 7
24 15 9 24 12 12 9 15 24 2 24 17 15 3 7 20 15 3 16 5
19 21 7 8 11 11 16 10 22 2 10 11 26 7 20 14 17 3 15 1
60 47 24 54 39 53 37 29 63 15 54 40 45 26 38 53 37 14 52 20
33 31 7 33 24 18 31 25 25 3 28 32 35 9 24 33 22 17 37 16
27 33 24 32 20 39 34 26 42 15 26 35 42 20 18 44 35 3 45 9
15 13 3 12 11 4 7 5 13 1 14 6 6 1 11 14 6 3 9 1
46 41 6 57 35 41 41 33 42 6 22 50 43 23 41 45 33 29 48 35
33 40 25 37 27 53 40 28 50 12 21 38 40 27 28 42 44 7 48 15
29 19 7 20 5 10 4 16 30 1 18 18 21 1 15 12 16 7 9 1
54 51 17 48 37 40 49 44 51 18 20 42 57 14 45 58 45 29 60 21
42 50 42 40 30 43 39 40 61 5 27 32 64 20 45 36 53 11 51 11
19 12 1 18 14 12 7 14 21 1 10 8 9 1 18 7 9 4 13 1
44 42 29 42 34 30 41 43 48 29 39 32 49 25 43 41 39 22 54 28
18 14 12 20 7 27 30 23 31 9 9 23 33 16 18 24 22 3 27 2
13 5 1 19 5 9 13 9 18 1 16 13 15 5 18 12 4 3 17 3
8 7 1 5 5 10 16 1 16 1 3 8 21 9 12 6 6 1 10 1
10 5 1 15 2 13 10 7 11 1 5 10 10 5 9 18 10 1 18 3
8 6 1 8 7 9 8 1 8 1 3 1 8 3 10 12 4 1 14 1
19 14 5 12 11 13 21 9 19 1 12 17 25 10 12 14 11 5 15 6
43 26 16 42 8 34 20 45 52 12 22 36 41 8 31 34 34 17 42 1
49 51 22 53 45 48 49 42 61 16 44 38 48 26 48 39 29 19 62 25
67 66 38 69 49 58 62 46 71 19 49 64 76 39 53 73 61 34 74 43
48 43 20 51 38 53 43 33 55 1 29 43 39 36 49 41 37 29 50 26
45 35 25 44 24 37 28 33 44 18 33 44 36 28 24 42 39 24 36 26
42 39 15 41 22 26 34 23 42 6 24 31 46 21 38 36 36 11 38 19
36 30 14 34 20 27 25 21 35 5 31 33 36 15 18 33 25 15 34 13
16 15 4 15 10 13 12 7 15 6 9 13 15 5 10 21 10 8 16 1
40 26 5 45 17 27 21 23 42 4 21 23 31 12 34 30 23 8 40 14
25 35 22 34 29 39 45 28 40 26 21 35 41 25 32 46 33 17 52 9
51 32 13 44 18 36 33 43 58 21 41 40 50 22 35 39 39 22 48 9
47 31 7 40 17 25 23 40 40 2 15 32 39 5 32 28 33 19 39 8
15 9 1 15 12 10 12 8 14 1 11 4 8 1 12 10 5 1 13 4
23 18 10 26 14 9 19 22 27 10 28 20 24 13 23 18 15 11 25 13
36 26 13 31 11 31 28 19 42 7 21 28 38 19 27 34 29 5 30 11
30 18 7 27 14 14 13 25 35 2 24 12 26 3 30 16 17 7 24 3
13 13 10 15 11 11 14 11 17 5 18 11 16 7 9 17 15 1 20 6
12 3 1 9 6 6 7 6 12 1 6 3 9 1 7 7 3 1 9 1
33 28 17 36 24 22 31 25 35 8 40 28 30 21 27 34 23 18 36 23
18 5 1 15 7 10 12 10 14 1 10 3 10 1 12 14 4 3 17 1
4 6 1 4 1 7 9 6 7 1 6 10 10 6 4 4 4 1 6 2
48 43 23 49 34 51 46 37 61 9 22 46 49 37 49 30 43 27 53 20
49 54 16 55 46 47 46 32 63 21 32 39 44 28 52 40 36 23 58 15
65 46 27 71 30 43 40 64 70 19 41 58 66 29 66 45 54 42 73 20
46 31 4 48 28 24 21 27 34 4 32 31 23 8 26 36 15 22 38 21
57 55 30 54 30 46 38 50 58 18 25 46 60 15 41 57 58 24 59 11
45 23 5 36 12 26 16 22 45 1 28 25 33 8 35 28 19 17 27 3
23 12 4 29 15 13 22 25 24 4 28 19 25 5 21 15 8 10 34 10
65 52 28 62 39 47 49 48 67 21 54 55 63 23 45 60 41 32 70 26
24 28 12 24 20 22 27 13 28 5 11 24 34 13 25 35 28 13 32 12
72 55 18 77 37 47 39 59 68 5 35 54 66 20 67 43 54 39 70 32
17 4 1 18 3 4 8 17 15 1 14 15 16 1 14 3 1 9 17 2
48 47 27 56 37 34 49 39 67 16 48 42 63 24 60 36 32 22 58 29
19 33 35 24 23 26 42 39 36 29 28 30 43 22 22 35 37 10 46 16
31 29 29 31 28 26 29 40 42 9 38 26 41 6 28 29 30 12 43 4
59 60 37 61 54 48 47 36 59 17 43 48 55 28 50 66 52 34 64 26
39 31 8 33 20 26 29 13 44 1 22 25 37 13 34 32 19 13 33 10
52 57 24 48 49 29 48 41 52 22 33 35 55 17 47 36 39 27 49 32
57 49 37 66 42 50 43 43 65 20 61 47 52 33 47 62 50 28 66 30
16 11 2 20 10 7 11 15 13 4 18 16 17 5 17 15 6 9 21 6
37 31 18 42 25 28 28 27 52 15 38 31 40 17 42 36 26 17 48 14
39 47 28 43 30 39 48 44 59 20 30 34 60 22 49 43 32 13 62 11
61 44 29 69 34 48 44 46 70 11 53 55 59 33 61 55 37 39 66 33
49 34 18 53 27 47 33 43 63 18 40 41 45 22 42 43 45 20 55 11
61 45 24 66 30 44 37 39 62 15 55 53 54 28 49 59 37 37 65 26
38 25 9 36 17 15 18 22 34 1 23 25 33 10 36 31 28 22 30 11
57 58 43 59 45 49 52 47 75 23 49 47 70 27 47 50 52 13 66 26
45 36 16 38 21 40 30 38 50 23 19 31 35 17 30 40 41 19 42 1
47 44 21 40 26 32 43 34 46 12 19 36 58 19 40 41 41 17 52 15
23 21 17 25 20 24 24 19 27 6 28 15 22 7 18 32 26 5 28 7
43 37 14 40 30 29 32 24 39 6 36 41 40 26 32 35 21 22 36 29
65 44 22 66 30 51 37 56 72 9 45 43 60 24 59 42 43 27 66 23
47 53 22 57 50 32 45 51 51 20 26 42 48 23 54 23 41 27 59 22
29 18 8 30 15 24 26 27 28 7 16 29 32 11 23 28 23 11 31 11
28 29 16 30 24 33 40 34 44 14 21 30 44 15 35 26 26 5 45 11
33 49 32 35 33 51 51 27 49 26 30 37 50 31 32 55 41 3 53 16
13 16 4 18 10 20 26 10 20 1 13 16 22 14 15 19 15 1 23 8
26 24 3 30 15 24 17 10 27 8 21 25 18 14 19 34 19 10 28 5
11 8 2 12 7 5 8 6 15 1 13 7 12 4 16 10 6 5 10 1
38 32 12 34 22 33 24 8 41 1 20 24 30 15 30 41 25 12 28 14
72 48 23 74 31 52 28 60 79 19 48 45 57 26 68 38 50 34 69 19
18 8 1 15 3 8 8 11 18 1 16 16 15 5 13 9 2 6 10 2
50 53 30 49 37 40 36 33 54 1 36 29 55 21 53 41 42 23 52 24
58 57 37 56 33 41 39 48 67 20 35 40 68 29 51 37 49 23 62 33
23 14 6 25 13 19 20 14 29 1 19 18 25 12 30 24 14 9 24 9
44 45 22 47 30 36 39 44 59 11 30 27 57 15 51 22 38 3 55 17
39 38 30 34 27 39 42 32 46 19 36 41 47 25 28 43 37 12 43 17
56 50 32 49 34 55 48 49 69 15 24 46 58 35 51 33 59 19 57 15
16 13 1 14 11 8 14 7 20 1 16 8 17 2 20 12 3 3 16 1
36 28 15 34 10 30 23 19 44 2 10 24 37 19 33 28 31 12 28 11
22 22 15 16 12 26 26 13 31 2 9 19 32 9 16 24 24 1 22 1
69 53 25 65 36 39 34 49 67 14 52 48 61 21 60 53 37 38 66 22
65 51 22 70 44 58 46 42 72 15 51 57 56 35 61 50 30 29 66 32
16 16 4 14 15 7 13 6 13 1 18 8 8 1 10 17 9 1 15 4
41 40 18 42 30 35 30 21 43 4 27 34 34 17 28 40 31 13 34 14
40 36 25 37 21 27 29 36 48 11 36 33 51 17 31 25 39 9 39 16
50 44 34 49 23 40 44 48 61 22 38 41 67 30 46 37 51 19 60 27
28 19 12 29 14 12 12 20 26 9 32 20 16 9 19 26 16 13 22 14
45 36 17 41 33 31 27 23 37 1 28 28 33 8 26 44 34 14 36 10
40 28 10 46 23 24 27 25 38 6 30 34 31 17 32 37 25 19 36 24
20 19 6 16 16 16 16 19 27 7 10 11 22 4 23 12 10 1 22 3
12 7 6 15 5 14 20 20 19 4 11 14 24 7 14 12 15 4 21 5
23 17 1 15 9 17 14 7 22 4 8 17 22 11 14 18 11 9 15 5
10 8 1 13 10 7 8 9 12 1 14 9 10 4 14 11 5 1 12 5
14 17 8 10 16 9 14 7 15 4 14 5 12 1 14 15 11 1 15 1
15 10 1 14 7 9 8 8 12 1 11 16 13 5 11 15 5 7 13 4
64 55 21 76 48 53 49 53 65 10 37 66 56 37 63 44 48 48 67 31
16 6 1 13 8 7 11 7 14 1 12 4 14 1 17 14 7 4 13 2
29 15 7 32 12 19 19 26 34 14 30 26 29 15 24 20 13 17 35 12
17 5 3 17 8 13 13 19 14 1 13 7 12 2 12 12 9 3 18 3
14 14 1 10 8 2 11 5 12 1 6 14 15 1 7 10 4 6 7 1
55 52 37 58 30 56 42 61 81 19 32 42 68 22 63 41 58 24 73 14
31 22 16 30 14 30 26 18 36 3 20 24 29 13 22 35 27 11 29 6
56 44 28 52 30 29 11 47 48 4 32 27 47 6 33 30 49 20 42 20
56 56 26 54 42 51 42 33 65 13 24 33 50 20 57 53 50 21 64 16
21 14 7 18 11 16 11 7 25 1 18 13 17 5 14 21 14 4 18 1
12 11 6 6 5 10 7 8 15 1 9 10 7 5 3 8 9 1 3 1
9 3 1 2 1 3 5 6 11 1 3 1 10 1 8 4 8 1 4 1
33 27 16 34 22 24 33 29 39 16 34 24 37 14 29 35 23 13 45 18
29 33 19 34 27 26 27 31 47 10 28 23 29 11 33 17 25 8 33 9
8 4 1 10 2 4 8 9 6 1 9 10 9 1 1 11 6 1 15 2
30 27 8 21 14 23 26 16 35 8 15 19 33 11 25 26 21 9 29 2
38 31 10 37 25 31 28 33 53 15 32 25 38 11 40 20 20 14 42 7
54 44 26 54 32 44 42 40 56 22 40 47 49 25 33 57 47 23 55 21
64 59 17 54 46 55 48 40 62 16 35 49 51 28 49 53 44 29 62 20
17 10 1 13 7 5 6 6 11 1 5 12 9 1 7 11 8 10 8 5
42 51 38 46 31 36 53 51 66 32 27 33 66 25 48 29 45 5 55 15
43 36 18 54 30 27 39 34 46 9 43 45 49 24 47 43 25 32 55 29
1 11 1 6 6 4 15 9 8 1 9 11 15 4 3 3 5 1 13 3
49 43 10 45 29 29 30 25 46 18 36 37 40 23 35 39 28 18 44 20
28 23 2 28 16 13 24 17 27 1 16 24 29 9 23 21 13 14 25 6
66 54 13 66 45 53 34 37 61 2 33 49 45 14 51 55 44 33 59 19
62 48 30 68 37 59 50 44 74 17 59 53 60 35 50 59 45 27 67 33
11 4 1 9 5 9 8 8 10 1 4 3 5 3 6 6 7 1 7 1
11 7 1 17 5 11 13 9 15 1 12 13 11 7 10 13 8 1 15 4
39 41 26 39 27 41 41 26 51 5 26 34 49 23 41 51 39 15 50 20
47 56 22 51 47 47 54 36 47 22 27 50 55 29 49 60 51 38 62 30
15 15 12 26 15 19 21 13 23 4 18 20 19 17 23 23 16 10 24 14
63 59 26 61 39 51 52 53 66 20 34 59 61 35 47 49 54 25 68 27
43 33 13 36 26 36 25 24 45 8 26 26 25 18 28 27 29 7 33 11
45 41 31 48 22 36 44 45 63 14 34 45 69 22 55 37 42 17 61 14
22 14 1 18 11 20 11 12 25 1 11 13 13 8 15 11 9 4 12 4
39 31 7 32 19 27 19 18 38 8 22 23 28 13 26 26 20 5 26 10
58 46 26 59 34 43 43 33 58 18 56 51 51 33 39 55 38 23 55 31
50 47 22 51 37 52 43 31 58 5 24 43 39 35 45 36 43 26 49 16
14 12 5 10 7 8 8 3 12 1 9 12 8 4 5 16 8 7 7 1
75 59 19 66 46 54 44 36 71 17 58 53 61 30 54 65 47 34 61 21
8 8 5 12 8 9 18 14 4 3 8 15 17 4 8 16 12 6 21 4
62 60 23 54 54 47 44 29 50 10 42 46 44 24 45 63 38 38 52 33
13 19 12 12 16 11 23 21 24 9 16 11 32 6 25 17 18 1 29 6
30 19 6 25 11 13 21 21 31 5 21 27 33 12 21 10 13 11 22 11
4 5 3 2 3 3 5 5 4 1 7 3 7 1 4 10 9 1 6 1
50 35 14 54 25 46 39 31 60 7 43 43 49 27 45 46 29 21 53 23
30 20 9 21 13 16 7 13 28 1 20 16 15 5 16 24 15 9 12 3
24 23 4 24 23 23 20 17 31 8 13 9 19 3 30 20 13 2 33 1
64 39 22 57 20 49 31 43 66 11 43 47 53 25 52 48 45 26 51 12
12 12 8 8 10 9 16 11 16 4 8 1 16 3 10 10 12 1 15 1
13 9 2 14 8 13 13 5 14 1 11 10 11 6 16 21 9 2 18 4
17 11 1 13 10 4 8 7 17 1 5 2 11 1 17 8 3 2 10 1
32 22 4 23 21 10 18 25 24 4 6 15 25 1 26 17 15 13 21 7
24 32 19 28 13 29 36 28 44 9 18 26 48 18 31 31 34 1 44 10
28 30 11 18 20 19 25 12 26 2 19 20 31 8 20 28 23 6 23 4
46 57 32 43 42 47 61 32 59 17 34 45 65 31 47 59 40 21 63 28
27 28 9 35 24 21 25 16 31 9 21 21 27 10 33 33 15 13 39 11
27 23 3 20 24 21 25 12 28 11 19 13 25 5 26 27 15 6 33 2
24 23 5 22 21 14 19 22 32 16 21 15 27 6 28 16 9 6 29 3
37 35 16 33 29 37 38 13 42 4 31 27 38 21 29 38 27 5 34 16
1 1 1 6 1 6 7 1 4 1 1 5 8 5 9 9 5 1 8 1
28 17 7 36 14 14 26 28 24 7 30 30 33 9 26 29 19 18 41 12
53 56 33 46 45 60 51 47 66 29 28 44 46 35 41 35 51 27 59 9
24 23 14 21 18 16 21 20 30 4 22 18 28 2 17 22 17 2 25 1
27 28 11 19 21 25 22 10 31 3 18 10 21 6 17 22 15 1 22 3
61 50 25 53 34 37 43 53 58 16 37 55 65 15 37 49 48 31 58 25
47 45 17 38 28 43 38 24 51 17 31 34 43 21 30 53 40 13 44 9
39 25 22 37 11 28 26 39 42 14 43 40 44 19 27 31 32 24 42 12
6 4 2 7 1 11 12 2 11 1 1 11 12 9 8 10 8 2 9 3
54 48 36 59 33 37 42 52 72 25 47 32 64 22 67 40 45 25 67 19
59 60 34 65 39 55 64 49 80 32 51 61 74 42 57 65 53 29 77 28
19 18 1 15 13 21 17 4 22 1 11 8 17 9 15 18 6 1 18 4
16 16 8 15 9 16 20 15 30 3 7 12 27 8 25 14 16 1 19 3
28 22 6 20 14 24 17 14 26 1 11 22 17 13 15 16 21 10 17 5
10 8 4 6 6 9 18 7 9 2 2 11 17 4 6 11 7 4 15 1
57 65 43 65 53 52 61 44 54 17 49 68 71 42 46 69 64 34 69 43
43 38 15 36 30 37 20 11 45 3 38 22 25 13 20 38 20 5 30 9
4 5 1 4 4 4 10 1 7 1 3 1 8 3 6 6 6 1 9 1
30 25 14 35 16 28 25 19 43 5 26 32 42 25 39 26 27 14 30 17
27 28 25 23 19 29 23 24 30 7 24 29 30 12 12 37 32 7 27 1
12 2 1 9 5 7 6 8 13 1 7 6 9 2 9 7 2 2 6 1
59 42 16 60 25 44 30 31 64 9 37 43 52 24 55 45 37 26 54 12
27 28 12 28 16 37 32 28 39 13 14 33 37 16 21 30 28 5 42 8
34 24 17 38 18 27 25 25 43 8 29 25 31 20 34 34 30 12 34 21
56 45 19 43 29 36 27 25 56 2 34 25 43 12 33 38 30 12 38 11
25 17 10 22 7 18 16 22 31 1 12 8 28 6 23 19 26 1 26 4
11 4 1 6 6 3 7 2 9 1 4 1 9 1 10 6 1 1 9 1
32 29 15 20 17 22 32 27 36 10 12 24 40 9 21 23 25 9 29 7
52 46 31 56 35 46 39 43 72 17 44 45 58 27 45 41 44 19 57 21
17 4 1 13 4 9 3 12 14 1 5 7 3 1 8 5 6 5 4 1
6 5 1 14 5 6 10 11 10 1 13 10 13 5 13 9 7 2 14 4
16 18 9 17 17 9 16 15 19 5 22 8 14 4 19 16 10 7 21 3
41 29 1 34 20 29 19 16 37 1 17 26 24 11 27 26 17 11 26 9
5 9 4 6 10 9 16 4 12 4 2 4 15 5 13 10 7 1 16 1
25 19 4 23 17 23 21 18 26 11 20 13 19 10 18 25 19 8 28 2
39 45 26 42 37 36 38 19 41 6 27 38 43 22 31 50 41 21 43 21
29 16 16 31 13 15 21 36 36 12 33 24 34 8 28 19 19 18 37 8
47 47 22 41 38 43 30 18 48 7 28 32 36 17 26 44 34 8 42 7
20 8 4 18 4 2 12 20 18 6 16 15 21 6 13 12 15 8 16 9
3 6 2 2 7 9 18 3 14 1 1 4 21 5 15 8 5 1 17 1
56 56 32 50 46 45 50 45 51 20 34 50 53 21 37 52 50 21 50 26
44 35 5 43 27 31 25 32 32 1 19 37 27 12 29 35 29 24 36 17
19 12 5 12 8 9 10 6 15 1 9 8 13 1 12 19 12 7 14 1
22 11 3 14 9 9 3 10 22 1 17 2 8 1 14 14 9 1 9 1
23 12 6 27 11 19 16 20 27 11 19 19 21 13 18 20 13 7 26 11
46 40 21 35 33 34 26 26 49 11 32 22 36 11 31 40 32 10 37 1
24 22 5 28 15 18 26 13 22 3 19 30 28 17 13 27 18 9 31 15
27 22 18 23 19 23 12 19 29 4 26 15 20 5 11 28 24 4 22 3
12 4 1 13 6 2 8 13 10 1 12 8 9 1 8 5 4 3 12 1
70 57 30 69 37 46 38 62 66 12 41 49 65 13 51 51 56 28 69 21
15 19 16 23 12 23 34 23 30 8 15 29 37 17 22 23 23 9 34 12
32 29 22 25 18 26 30 27 41 11 30 34 43 15 20 27 31 5 32 11
16 9 1 18 8 18 16 16 19 1 11 14 17 9 16 14 12 1 18 4
26 14 10 21 11 23 25 22 28 8 12 15 27 9 22 28 21 7 27 3
8 8 1 15 4 7 8 8 7 1 10 17 11 7 8 13 6 5 11 4
39 38 21 38 30 43 34 22 55 8 26 24 41 17 37 41 37 8 43 6
35 35 30 41 24 39 34 29 44 9 33 45 45 24 27 45 41 22 39 18
30 29 7 28 24 21 30 17 28 7 22 27 33 10 21 28 10 10 36 14
12 8 4 7 3 6 8 7 13 1 8 10 8 4 3 8 8 4 5 1
39 52 40 53 43 49 68 41 57 30 46 56 66 46 48 54 48 26 69 43
58 42 21 57 35 35 34 50 49 18 42 44 46 12 51 44 29 38 57 16
11 6 1 12 9 3 7 6 10 1 12 3 8 1 14 7 1 4 11 1
30 34 17 35 33 32 43 29 44 24 30 23 40 18 41 36 25 13 51 9
24 16 9 29 15 7 19 28 26 9 31 24 26 6 22 17 15 16 33 9
61 42 20 60 27 52 27 37 69 5 37 51 47 26 46 41 43 27 49 18
63 47 27 57 38 49 36 57 71 12 44 40 54 17 63 41 46 31 65 11
66 48 12 76 45 54 45 53 59 3 33 64 53 27 62 50 46 49 69 34
60 48 25 64 30 48 45 41 74 16 51 46 62 32 54 52 48 23 65 27
64 65 34 61 53 48 55 40 62 12 43 50 68 29 57 64 57 32 62 30
11 5 5 5 7 10 15 10 10 1 6 8 17 4 10 12 9 4 16 1
39 42 32 37 26 27 30 40 49 12 28 26 52 9 38 31 40 10 45 9
54 33 8 55 31 47 36 33 60 11 34 37 46 20 55 46 34 28 56 11
18 14 10 22 10 27 28 17 27 6 14 15 24 12 19 30 19 3 31 7
48 49 43 53 40 43 41 44 68 17 49 38 61 22 52 44 46 21 62 16
17 11 8 11 4 17 18 17 22 6 12 18 23 8 10 17 13 5 19 1
27 19 1 24 12 18 20 16 19 1 12 22 21 6 7 22 13 7 23 7
17 18 14 25 12 20 31 27 29 14 23 26 33 15 16 26 19 5 35 13
26 28 19 20 23 18 31 28 38 13 22 11 32 3 27 18 20 1 31 5
23 24 6 16 19 14 22 11 27 6 14 13 27 7 26 17 10 5 21 6
39 32 15 30 29 28 20 16 40 10 23 12 22 5 29 31 21 8 30 4
55 61 34 51 53 48 41 47 70 18 38 34 48 22 52 31 45 15 55 14
17 9 3 18 9 11 17 15 20 2 12 9 18 6 18 13 13 7 20 2
17 8 8 16 3 17 23 21 21 8 9 26 31 12 11 19 17 7 26 7
37 33 12 31 23 27 27 17 33 12 29 30 26 16 16 32 23 13 33 14
53 54 20 60 43 48 46 26 52 14 43 51 43 33 45 61 37 34 55 35
17 14 4 16 13 9 18 13 13 2 12 14 18 1 15 19 11 5 22 4
7 3 1 3 1 3 3 3 6 1 4 2 2 1 1 6 3 1 4 1
50 54 24 54 49 46 54 29 54 11 37 43 53 31 53 61 37 32 64 29
73 53 26 70 38 45 41 47 72 21 59 54 64 29 58 60 47 40 68 30
63 55 25 48 41 49 34 40 66 11 28 38 46 22 41 36 46 21 48 8
27 24 9 34 22 28 34 20 36 3 22 23 30 16 32 26 18 10 36 14
30 18 9 25 9 13 13 21 29 5 20 16 25 8 19 21 22 8 23 8
21 13 7 20 9 18 15 20 23 1 12 16 18 7 17 18 20 8 17 1
32 24 21 32 15 33 26 32 39 13 29 29 31 17 16 32 34 9 33 13
63 47 26 56 37 50 33 29 61 14 49 43 41 26 36 52 34 18 45 21
40 60 38 59 41 49 67 43 64 28 42 55 69 35 48 58 41 16 76 31
39 22 12 34 15 21 17 27 32 4 25 32 30 9 26 31 26 28 29 9
32 37 15 30 33 25 28 15 37 17 23 14 25 9 32 36 19 11 38 9
31 39 37 39 27 33 51 41 47 27 28 47 59 31 38 47 45 25 59 29
30 31 20 29 28 21 24 35 45 11 27 17 34 4 32 14 28 7 33 8
43 23 1 39 19 25 20 25 39 4 24 23 28 7 31 29 15 14 33 9
15 9 1 9 8 10 11 6 17 1 8 5 15 1 10 12 5 1 15 1
30 16 8 33 14 13 17 25 30 8 33 23 19 10 20 20 12 14 27 15
26 29 22 41 15 45 36 39 50 17 13 37 41 25 33 38 37 11 47 4
9 5 1 11 2 5 9 5 8 1 6 8 10 4 8 11 6 4 9 1
13 2 1 11 3 9 8 1 14 1 5 5 12 4 15 15 6 1 12 1
52 52 27 50 42 44 41 43 63 17 25 42 45 29 55 29 41 28 52 12
43 38 15 29 26 33 31 14 41 6 25 22 36 14 27 37 27 6 32 12
58 46 14 58 38 46 48 40 50 20 39 52 49 26 39 54 37 30 60 30
68 53 28 72 44 54 56 44 69 34 60 62 63 46 55 64 46 35 70 41
50 47 23 51 37 28 36 46 55 18 33 33 50 17 55 28 31 21 57 23
35 23 3 27 17 21 10 22 32 2 11 16 15 6 26 18 22 11 23 1
16 9 3 16 7 13 13 11 15 1 7 10 14 6 14 18 14 6 14 1
29 15 7 30 10 26 21 27 31 7 19 25 26 10 20 27 17 8 30 7
60 42 22 58 33 56 31 38 70 2 42 44 51 15 49 51 45 21 57 10
37 28 15 33 25 24 18 22 35 3 22 22 28 5 23 29 29 15 29 4
43 27 21 42 18 41 33 32 50 9 35 36 42 17 36 44 34 22 44 10
13 20 14 24 17 12 29 26 33 13 23 15 35 11 26 15 17 2 33 12
33 13 7 31 6 26 16 25 35 5 29 31 33 14 22 20 15 16 32 9
67 54 14 66 42 45 53 48 63 18 41 53 61 24 54 56 47 32 68 30
38 41 14 40 35 18 34 32 42 25 35 22 40 11 39 32 27 14 50 15
49 50 36 54 35 41 27 38 55 8 39 28 56 20 51 42 52 19 55 27
28 23 2 24 19 14 15 11 23 9 19 15 16 5 19 26 13 13 25 2
66 44 18 64 32 55 45 48 69 22 57 55 65 32 58 55 36 36 68 16
32 22 4 42 18 26 21 24 32 3 21 30 21 16 28 25 23 14 35 15
52 53 16 52 41 47 50 36 54 17 20 49 55 26 49 49 42 31 55 31
9 6 7 11 4 15 18 12 14 1 4 7 17 9 11 14 17 1 17 5
10 7 1 10 8 7 12 10 8 1 7 2 9 1 8 10 7 1 13 1
43 39 34 50 29 48 39 40 56 19 43 40 47 25 29 56 46 10 55 20
4 5 1 10 1 8 13 8 12 1 5 13 17 7 8 6 8 1 15 4
13 7 1 9 4 3 1 2 6 1 6 5 1 1 5 13 2 3 5 1
65 68 33 60 47 65 57 46 79 28 39 51 63 35 57 61 57 16 71 21
46 44 29 53 32 46 55 38 56 21 44 56 62 40 43 54 42 19 58 35
26 14 6 20 8 20 19 13 30 1 17 18 24 14 17 18 14 9 16 6
14 9 1 15 12 14 14 3 16 1 10 7 13 6 18 17 3 2 16 5
21 9 6 11 3 11 11 16 22 1 8 7 20 1 14 18 19 2 14 1
59 44 30 63 35 44 33 40 65 14 50 48 52 27 46 54 46 29 58 20
16 14 4 14 10 17 19 13 28 6 9 10 22 8 18 10 4 1 20 1
46 48 24 56 40 35 38 26 49 16 42 41 41 22 39 55 37 24 56 25
25 14 5 21 9 17 16 22 34 4 14 18 27 8 27 9 12 11 21 1
16 6 1 12 1 11 11 7 20 1 4 8 21 6 17 14 11 1 14 1
20 25 15 15 23 22 24 12 22 4 21 14 24 3 16 29 19 1 28 4
40 36 5 43 28 39 31 25 37 1 7 40 34 18 33 34 31 24 39 18
58 56 34 63 51 58 53 47 70 22 52 48 54 31 52 60 50 25 73 27
27 27 13 32 22 39 36 22 39 7 13 28 31 15 27 33 25 7 43 9
15 10 4 12 8 13 15 7 18 1 10 12 14 10 5 7 7 1 8 6
41 29 18 33 19 37 19 30 47 9 23 23 34 7 24 35 40 3 36 1
40 35 19 46 26 32 42 33 55 16 34 33 50 28 45 29 31 7 45 25
22 7 1 15 4 18 10 9 22 4 4 9 16 6 13 14 9 5 14 1
10 13 1 11 14 6 12 1 9 1 11 4 9 2 14 12 3 2 12 5
26 14 8 23 13 13 11 17 25 1 25 10 14 3 17 17 14 8 17 1
22 10 1 18 5 15 15 18 26 4 16 19 23 13 16 8 10 6 13 9
28 32 27 28 25 23 35 36 42 24 34 27 42 16 27 29 27 14 42 17
54 47 30 48 33 42 46 38 52 28 42 52 52 31 30 56 49 22 54 30
10 10 1 9 6 6 14 11 9 1 6 14 14 4 6 7 8 5 13 4
45 42 24 49 23 32 36 34 53 16 39 39 50 30 44 39 39 18 44 28
63 46 18 64 41 45 36 46 66 19 44 44 40 27 55 40 41 34 62 15
17 7 1 17 8 9 6 14 11 1 8 14 5 1 8 9 6 7 9 4
15 19 11 21 14 16 20 10 28 4 19 14 25 10 21 23 17 1 28 8
34 14 3 33 11 20 8 25 31 1 25 21 14 4 26 21 15 16 23 3
53 45 13 52 38 49 44 26 66 12 37 35 50 31 55 43 27 21 51 19
32 25 2 27 20 21 29 8 32 1 23 23 32 15 28 25 11 8 26 10
46 38 9 43 29 22 27 39 51 16 33 27 40 5 41 28 24 18 46 5
33 20 1 32 17 25 15 23 35 1 20 22 17 7 29 16 13 12 29 1
35 42 28 34 32 39 38 36 52 18 33 31 48 15 30 41 34 6 48 14
37 24 7 27 18 13 18 22 31 1 13 17 29 2 26 22 24 16 22 6
43 39 29 48 28 49 49 33 59 11 43 47 56 31 44 50 42 21 57 23
48 54 39 52 41 53 68 48 66 30 46 56 74 46 51 56 47 20 70 38
47 46 39 46 22 42 42 54 67 26 39 43 67 23 53 50 50 24 62 4
58 57 23 66 50 52 53 49 62 19 33 55 50 34 54 47 44 37 70 26
29 29 26 33 15 23 33 34 40 15 25 32 48 21 33 35 43 11 43 18
22 12 1 18 6 16 11 10 19 1 6 14 13 8 10 17 9 10 14 3
10 13 6 8 13 6 15 9 10 6 6 7 12 3 11 11 6 5 15 1
52 40 22 58 26 45 34 36 66 7 50 46 56 30 53 47 35 28 54 28
33 17 9 35 19 18 19 32 35 14 27 22 28 7 26 20 14 13 36 10
35 25 10 25 20 11 16 21 30 6 17 19 26 1 24 22 14 20 27 7
36 38 23 41 32 40 46 28 45 10 28 39 50 23 40 51 28 17 58 22
9 4 1 7 1 4 4 9 10 1 9 4 7 1 2 9 7 1 9 1
9 11 5 5 4 15 15 7 12 1 6 9 16 9 6 14 12 1 14 1
19 10 2 20 7 10 10 17 25 1 19 12 19 5 17 9 11 2 16 3
40 33 30 42 19 43 36 37 52 14 33 42 46 24 21 44 42 11 47 15
22 24 13 31 22 23 28 20 27 5 13 25 27 15 31 25 22 13 34 13
14 14 6 8 8 16 22 6 18 1 10 13 25 11 10 14 14 1 17 5
20 15 6 23 6 25 16 14 29 6 15 19 19 14 12 20 17 1 23 9
31 45 28 34 24 25 44 42 47 22 17 33 56 17 36 32 32 9 48 6
15 6 1 18 7 7 7 13 10 3 15 12 8 5 9 12 3 5 13 6
9 13 4 7 9 6 12 9 15 2 10 11 17 4 13 7 6 1 12 3
7 14 7 17 12 14 20 3 17 1 8 12 18 13 18 18 14 4 20 8
6 2 1 5 5 4 8 7 6 1 4 3 9 1 7 3 2 1 8 1
56 46 13 55 35 40 38 36 55 17 35 44 46 26 44 44 36 26 53 26
17 4 1 13 4 11 2 9 15 1 7 5 6 1 9 11 3 2 7 1
25 20 11 35 11 26 22 26 39 7 20 31 30 22 28 20 27 12 29 16
25 18 1 23 10 10 9 16 25 4 15 14 21 3 19 15 8 4 21 3
38 38 21 40 31 36 34 24 48 13 26 25 33 18 38 41 31 16 43 12
42 33 14 35 29 33 35 25 52 9 29 21 41 14 43 34 23 14 43 11
58 48 32 63 42 40 42 41 61 13 59 53 53 32 50 53 36 37 58 33
3 1 1 2 1 2 3 2 2 1 4 1 1 1 1 5 2 1 4 1
41 44 26 41 37 37 34 29 47 6 18 34 43 13 34 43 42 18 47 14
56 37 9 53 25 24 19 43 52 5 32 35 41 6 45 27 31 24 46 13
19 22 7 21 19 1 22 22 20 9 16 16 31 3 24 14 13 7 31 9
23 24 2 20 18 19 22 13 31 10 21 13 26 10 26 21 13 8 29 1
23 20 11 22 17 15 19 11 22 1 18 15 24 8 21 28 23 10 22 5
62 62 32 62 56 50 64 38 74 38 53 40 64 37 64 50 40 18 69 33
46 39 16 35 29 23 31 29 45 8 26 32 49 10 39 33 31 24 38 10
26 22 5 22 16 24 27 5 34 1 19 17 30 16 29 26 15 6 26 11
44 47 25 45 30 41 54 47 61 36 39 49 63 34 43 48 44 24 62 18
27 27 10 19 18 23 22 8 28 2 13 16 24 10 14 25 17 5 22 4
59 64 27 62 50 50 65 59 65 23 32 55 75 22 61 53 56 25 75 36
46 32 18 41 21 26 27 30 41 14 34 40 35 23 23 35 29 19 30 26
8 12 4 6 8 10 19 3 12 4 1 12 21 9 14 9 8 5 15 1
6 10 1 4 7 1 7 1 9 1 1 6 10 1 8 5 1 1 6 1
55 57 35 59 44 43 50 58 54 26 37 57 55 22 37 55 56 32 62 28
14 2 1 11 3 1 1 2 8 1 8 5 2 1 8 9 1 5 6 1
36 39 20 45 34 20 38 36 40 12 35 34 47 10 46 37 30 24 51 21
52 46 33 61 29 38 49 60 63 32 43 55 65 32 50 50 46 30 65 25
12 7 1 9 3 6 11 9 9 1 4 12 10 2 1 8 6 5 9 1
48 42 25 52 22 40 43 34 57 13 34 42 57 32 44 45 43 14 53 30
10 5 4 7 1 6 11 9 9 1 7 5 11 4 8 9 11 5 10 1
40 50 39 46 40 34 51 36 61 20 44 36 61 28 47 33 42 16 52 28
16 9 3 10 9 8 15 11 19 3 4 3 20 3 18 8 11 2 14 1
35 26 17 33 19 37 28 24 39 9 30 27 31 17 17 34 29 3 32 12
56 37 21 66 29 45 37 56 49 10 33 58 55 23 52 49 51 47 60 32
13 8 1 9 7 7 7 5 7 2 5 7 6 1 5 11 2 5 10 1
8 9 2 5 8 6 10 3 5 1 7 4 10 2 10 14 7 2 13 1
14 2 1 12 2 11 12 13 17 1 7 6 14 4 10 5 7 3 10 1
58 47 29 65 44 41 42 63 69 33 54 43 52 22 60 35 42 34 73 23
65 57 38 66 45 49 54 59 75 37 51 42 63 33 66 56 57 29 74 31
26 30 12 24 25 27 38 13 30 3 27 27 39 19 29 30 18 6 36 17
63 49 25 59 45 51 38 49 66 14 44 43 44 15 53 47 39 33 65 10
40 39 13 35 28 32 36 36 48 20 25 29 42 12 35 38 31 12 47 3
14 16 4 9 9 8 14 6 11 2 7 16 15 5 7 14 8 7 14 3
42 39 19 42 29 28 37 20 45 1 29 40 50 20 36 41 37 20 41 18
47 46 17 51 36 34 50 58 49 19 30 50 60 12 43 39 39 29 61 25
39 44 23 32 34 44 38 28 49 17 27 29 35 14 27 41 34 7 46 4
38 36 18 36 32 36 34 15 42 4 33 24 36 16 34 46 24 14 41 14
31 28 23 34 24 35 26 24 38 1 26 19 31 13 25 37 34 5 35 5
7 1 1 8 1 5 8 4 12 1 5 2 10 4 11 5 4 2 8 1
48 48 32 66 39 45 57 60 64 25 38 55 62 26 52 51 46 31 79 29
30 22 17 31 16 23 16 15 33 1 23 21 28 8 22 35 27 9 27 3
45 50 43 55 44 55 64 48 62 32 44 54 67 49 52 47 50 24 62 44
17 13 11 14 9 19 9 10 20 1 11 6 12 4 5 17 20 1 12 1
61 66 36 55 52 47 52 40 77 18 44 28 64 25 62 38 48 12 62 26
22 5 1 17 6 13 11 18 23 1 12 6 21 1 17 13 8 5 23 1
25 19 5 21 8 10 17 14 24 3 18 25 25 12 9 16 14 8 18 11
19 14 2 14 16 14 17 7 22 2 10 4 19 2 22 14 6 1 20 4
69 56 19 69 42 51 48 52 69 2 33 57 63 25 66 52 55 41 67 25
19 12 6 22 11 14 13 20 23 3 21 9 18 6 17 16 17 3 19 6
50 51 35 47 30 34 36 44 63 12 27 28 64 9 50 35 47 20 59 16
42 25 5 31 14 16 8 19 37 5 20 11 21 2 27 24 19 12 26 1
17 17 7 14 14 12 16 16 26 10 13 11 22 4 18 9 6 3 22 5
62 53 32 63 46 45 34 55 73 20 57 44 51 18 64 38 41 33 62 17
13 22 15 15 17 18 30 19 22 11 18 23 31 12 13 19 18 1 29 11
24 40 28 39 24 49 53 24 47 12 23 41 49 37 31 50 36 11 50 21
31 21 8 33 15 24 23 27 32 8 23 32 25 20 18 18 25 11 29 15
42 42 31 52 32 48 44 30 60 7 49 49 58 30 38 51 42 13 54 26
55 33 31 62 20 40 29 45 61 13 49 47 52 26 49 50 48 34 52 20
13 7 1 15 8 5 8 11 10 1 12 7 8 1 10 9 2 2 12 2
16 11 1 14 8 17 13 12 16 8 11 9 12 5 10 17 13 4 20 1
38 32 6 46 32 42 32 31 41 16 29 27 26 21 36 36 32 16 50 12
9 21 10 8 19 11 21 7 19 6 13 4 19 5 21 17 10 1 21 1
30 29 16 35 24 26 43 27 38 13 31 35 46 22 34 34 18 16 45 20
26 17 5 28 14 12 18 18 26 4 24 19 23 9 24 23 17 10 26 9
14 10 8 21 5 22 23 14 25 1 12 21 29 14 21 21 16 9 27 6
7 5 1 3 5 5 9 3 6 1 2 4 8 1 5 8 4 1 9 1
50 33 3 41 26 37 28 32 48 17 25 27 33 16 38 35 30 20 38 4
48 51 21 39 41 32 36 30 58 16 30 25 40 15 46 26 30 11 41 18
20 32 23 21 17 35 38 31 41 17 7 29 40 18 25 30 34 5 37 1
12 12 1 13 10 12 16 9 13 1 12 5 12 1 10 16 7 1 21 2
26 14 7 30 10 18 22 24 31 4 28 23 28 10 21 24 17 9 29 10
21 12 15 13 7 18 15 16 27 4 15 11 25 4 14 21 25 4 18 1
67 56 28 77 48 54 62 64 73 17 46 71 71 35 66 51 51 47 83 33
45 59 28 45 46 43 52 35 48 28 33 40 46 20 36 62 40 23 62 15
20 26 19 21 15 14 28 30 35 13 12 13 39 5 30 18 24 2 36 1
27 23 14 36 20 20 29 26 39 6 33 26 38 12 37 28 23 14 44 14
50 53 27 57 42 43 44 41 65 22 40 40 46 26 45 36 42 15 60 24
58 59 31 59 51 61 55 36 73 19 51 46 60 35 54 56 46 17 67 30
32 24 10 28 19 31 30 17 36 10 16 21 29 11 21 28 18 4 35 3
3 2 1 3 4 1 8 5 3 1 4 1 5 1 3 1 2 1 7 1
12 1 1 14 1 11 9 9 17 1 4 4 12 5 13 7 11 1 10 1
24 29 16 18 23 22 22 16 34 9 23 12 27 2 18 26 18 1 29 1
10 6 1 6 8 5 5 3 11 1 5 2 9 1 11 9 1 1 10 1
25 18 10 24 11 18 16 18 25 8 24 19 20 8 10 27 19 8 25 7
45 39 24 48 29 51 46 33 57 10 33 43 45 28 40 46 41 17 52 22
34 31 3 27 28 15 24 19 19 6 8 25 27 5 26 33 26 24 27 19
12 4 1 10 3 3 4 10 15 1 10 2 10 1 11 5 7 3 6 1
60 52 23 62 39 49 38 34 62 10 40 49 51 26 38 57 51 20 54 25
15 21 18 25 11 30 36 32 38 16 11 29 42 19 25 28 25 4 39 1
48 42 22 46 34 36 30 31 49 5 43 37 39 18 27 37 33 11 37 15
20 16 2 22 15 13 18 13 25 7 21 12 22 6 18 16 7 2 28 8
58 59 39 59 46 61 68 41 77 22 46 56 78 45 64 62 48 26 75 36
18 18 7 21 14 9 20 17 16 2 15 20 29 5 17 25 24 7 28 8
28 24 9 23 21 9 18 17 31 6 23 14 22 1 28 19 7 10 23 3
12 3 1 11 4 7 8 8 11 1 9 7 10 4 12 11 6 6 10 1
50 31 3 48 22 31 28 38 40 10 31 43 36 13 23 33 29 26 44 15
36 20 6 28 12 12 8 21 29 6 12 16 22 1 20 20 16 12 19 6
70 61 40 65 40 59 43 42 78 5 47 43 68 29 56 57 57 23 63 23
9 4 5 14 5 12 16 5 14 1 4 10 15 10 13 14 12 4 15 6
21 20 1 20 17 27 28 12 27 10 17 19 29 16 22 25 17 6 30 1
42 35 26 43 25 27 30 39 43 25 34 34 44 28 41 38 39 24 45 27
32 28 17 32 15 30 29 28 38 10 22 33 36 14 19 40 29 14 39 4
26 31 18 31 28 20 39 31 43 17 26 12 41 14 39 12 24 1 39 15
10 11 8 6 10 12 11 5 10 1 10 1 10 6 9 16 13 1 11 1
24 21 8 19 17 6 15 17 26 4 21 10 20 1 25 15 14 6 20 4
5 4 2 6 4 3 8 9 6 1 7 5 11 1 8 8 8 1 10 1
36 25 16 35 9 17 29 42 38 15 23 40 49 18 27 29 35 22 40 16
67 62 28 62 42 43 44 50 71 19 46 36 63 16 56 44 42 22 67 23
42 40 19 37 36 27 41 30 35 1 31 35 45 14 38 46 32 25 45 23
22 15 1 17 10 21 11 6 22 4 6 9 9 5 14 20 14 3 18 1
18 18 10 21 19 14 20 30 26 10 14 16 25 5 23 8 18 6 28 7
47 42 33 40 26 34 35 48 61 15 37 34 55 16 31 32 41 10 46 11
25 27 18 32 23 22 30 23 42 8 26 24 37 17 41 27 21 15 37 13
30 36 19 37 25 34 31 13 35 1 31 35 34 19 21 42 30 8 35 17
1 3 1 2 4 2 10 5 1 1 2 3 8 1 6 1 1 1 11 1
30 33 19 25 24 22 35 26 39 16 30 25 39 13 25 29 21 7 40 15
42 49 42 44 39 46 45 45 57 25 41 41 55 23 38 56 46 17 59 12
12 16 1 12 15 1 13 8 4 1 4 9 13 1 12 14 6 7 16 2
32 25 10 26 17 14 16 27 39 7 19 10 27 1 32 17 16 6 27 1
37 38 19 41 29 37 28 19 49 9 32 29 35 17 30 40 24 7 39 14
54 48 38 64 38 49 50 43 68 19 60 57 65 40 51 54 52 32 63 35
50 54 34 45 41 42 56 45 58 26 37 43 58 24 42 51 43 13 57 24
48 38 29 45 22 31 47 56 56 25 36 56 69 23 39 40 38 31 62 21
66 52 20 53 36 35 27 40 56 4 30 35 48 8 45 40 41 24 45 13
59 50 30 57 32 37 42 50 66 22 50 51 68 27 57 43 43 32 60 19
50 49 38 61 32 55 43 52 67 22 35 51 55 29 41 60 60 16 62 17
15 10 4 16 11 18 18 8 17 5 11 7 17 6 16 23 13 1 25 2
38 29 11 34 26 21 20 21 28 1 24 23 26 5 24 34 27 13 28 13
40 35 12 39 26 35 34 22 45 8 21 26 35 10 34 40 25 12 46 8
18 20 16 25 8 27 25 19 28 5 12 28 28 13 14 37 27 5 32 7
35 21 2 30 18 17 18 20 23 9 18 23 22 7 20 31 20 22 31 7
27 17 11 28 8 25 25 29 38 9 17 24 39 11 29 27 27 8 41 7
39 23 9 35 18 30 14 30 35 5 21 22 14 10 22 26 27 18 29 5
40 26 12 32 24 26 13 19 42 9 35 19 26 7 31 32 23 15 31 1
29 37 16 32 36 29 36 23 34 14 34 23 34 16 35 36 17 14 48 19
27 17 1 26 15 17 15 19 26 1 18 17 15 5 21 16 11 9 19 6
24 24 9 19 16 15 22 8 19 1 18 20 21 8 9 25 18 8 20 6
43 32 19 45 18 36 34 38 52 14 28 38 49 29 39 30 43 10 44 24
30 20 14 35 13 23 34 36 42 11 31 34 46 17 31 24 21 15 45 13
61 69 29 66 47 50 47 40 75 19 48 41 67 28 66 49 44 26 71 27
31 36 24 21 18 22 25 23 39 6 10 17 45 5 28 25 34 4 34 1
44 19 9 39 16 33 15 37 44 10 31 29 27 4 31 30 29 22 39 1
12 10 5 15 7 10 10 12 19 1 12 12 19 9 21 15 16 1 14 7
19 15 7 9 3 8 7 14 23 1 6 4 20 1 13 12 19 1 13 1
43 40 16 40 29 39 49 22 44 8 22 41 53 24 37 50 37 18 49 24
46 40 25 50 31 34 46 37 59 17 44 42 57 23 50 48 29 24 63 24
64 48 35 69 33 59 41 41 75 15 63 61 63 39 55 60 46 36 61 29
39 47 19 44 38 37 48 27 48 23 38 36 44 25 39 45 31 13 55 16
13 11 1 10 8 11 15 2 15 1 7 13 18 10 16 14 8 4 12 2
36 30 9 30 16 23 29 25 39 4 23 26 36 10 25 27 23 7 29 10
40 20 11 37 11 37 26 37 44 9 23 38 37 14 28 31 27 21 38 5
27 17 4 25 10 16 13 16 30 1 12 5 22 6 29 17 18 1 19 5
13 13 5 10 10 15 22 10 17 3 12 12 22 9 15 15 11 1 18 4
21 17 3 19 11 15 7 11 24 7 17 9 15 6 21 21 16 3 18 2
11 5 1 9 5 4 4 4 8 1 5 2 2 1 6 8 4 1 5 1
47 36 17 43 24 37 35 34 54 8 36 33 45 19 34 35 37 9 41 17
7 6 1 9 8 1 9 5 7 1 10 1 6 1 10 5 2 1 10 1
32 36 24 41 30 41 43 29 41 20 27 38 45 25 37 50 34 17 57 23
49 52 33 47 36 45 40 33 67 19 37 36 55 31 49 43 44 20 49 24
24 14 9 22 9 12 9 15 25 2 23 19 21 6 16 19 17 9 14 5
10 6 1 8 6 9 10 4 13 1 7 8 11 6 11 10 2 1 8 1
19 30 14 23 23 26 34 15 35 8 12 19 39 18 35 29 24 7 37 11
9 7 1 10 9 8 12 4 10 1 7 5 11 6 13 11 7 1 13 1
12 2 1 13 1 4 1 10 11 1 10 11 6 1 7 5 1 4 5 1
35 18 6 33 7 28 20 26 41 3 15 22 33 10 30 26 23 5 31 3
11 12 3 13 11 6 9 12 14 1 10 3 7 1 12 7 6 1 13 1
15 9 6 12 7 11 14 11 10 4 9 10 17 5 13 20 13 7 16 1
11 5 4 8 3 11 11 10 12 1 9 1 10 1 7 16 12 1 14 1
18 8 1 15 8 3 10 10 10 1 5 9 15 1 9 15 6 10 16 1
39 28 17 39 17 29 16 25 47 1 21 30 32 12 30 28 33 14 26 8
52 44 17 48 37 29 34 35 43 24 39 42 41 21 34 47 40 32 46 24
54 51 23 54 39 40 38 32 57 15 27 32 46 21 53 50 41 22 53 24
14 13 4 5 4 13 18 9 19 2 4 12 24 4 10 16 14 1 16 1
37 36 10 34 31 28 37 21 41 16 33 25 34 15 35 32 12 16 43 10
14 14 6 15 14 11 15 12 13 6 13 11 14 6 15 17 8 5 22 6
61 49 26 59 37 40 42 46 61 14 45 41 54 30 52 46 39 28 58 33
45 32 8 42 26 36 28 36 50 1 27 32 34 16 40 18 29 22 40 2
33 28 8 38 18 32 35 29 30 7 17 41 41 16 20 42 29 14 44 19
33 22 6 38 14 26 18 19 32 7 20 27 19 13 21 33 22 17 31 11
63 62 33 63 52 46 44 46 71 32 60 45 50 24 47 52 38 25 61 24
19 5 1 17 3 12 13 11 21 1 6 8 18 3 17 12 8 6 19 1
26 22 14 29 16 20 30 36 33 13 26 31 37 9 26 25 18 15 41 5
21 18 6 21 15 20 21 4 25 1 18 14 18 12 20 25 13 6 21 10
15 9 1 11 5 10 11 7 12 1 5 10 11 2 8 9 3 1 9 1
6 2 1 9 1 2 1 10 9 1 13 6 6 1 4 5 5 1 7 3
16 10 5 12 9 9 9 9 16 1 15 5 9 5 15 16 9 5 12 1
52 31 15 51 21 22 22 41 47 15 42 34 43 11 41 38 32 28 51 16
24 15 2 19 12 11 8 15 19 1 8 14 11 1 12 13 15 9 13 1
49 45 18 54 36 41 46 35 63 27 46 40 49 30 48 42 30 16 56 20
49 36 14 48 33 39 27 38 49 11 26 33 29 20 41 28 35 25 46 6
63 52 35 62 36 51 44 65 74 26 46 58 60 32 49 47 58 32 64 19
15 19 13 14 17 16 20 5 22 5 13 9 21 9 21 23 18 3 22 5
25 39 23 33 27 38 43 26 45 18 21 25 45 21 40 46 39 8 53 12
15 8 1 12 9 1 7 9 16 1 12 1 11 1 17 8 8 5 7 1
66 52 29 70 28 54 42 56 69 13 27 48 69 18 60 59 60 31 72 22
15 12 3 13 9 8 12 5 12 1 13 7 10 3 12 18 9 4 13 3
57 60 31 61 49 55 45 23 60 5 50 51 49 33 41 64 38 24 56 31
4 5 3 13 6 12 15 4 14 1 4 12 18 8 16 13 9 1 18 6
24 18 6 19 15 13 14 9 19 3 13 9 14 5 16 23 11 9 19 3
32 31 23 35 25 25 24 28 51 16 32 22 39 11 33 28 27 6 40 14
18 11 7 21 4 17 16 14 26 1 14 19 19 13 17 17 14 7 14 7
31 21 1 34 20 15 22 24 20 1 17 25 21 6 21 23 14 17 27 12
34 31 14 36 24 37 39 32 40 12 29 37 38 21 24 30 26 11 45 19
6 1 1 1 1 1 1 1 5 1 1 1 6 1 5 2 3 1 1 1
23 31 20 30 21 39 42 26 35 9 24 32 39 25 25 42 26 11 44 15
28 33 24 26 28 26 36 32 40 17 29 19 32 9 27 30 24 8 38 9
19 24 15 24 21 24 25 16 31 11 14 14 25 13 28 26 17 6 31 9
33 41 27 41 38 30 43 40 48 30 44 25 45 18 41 34 35 13 56 18
14 13 2 16 12 10 14 6 11 2 9 14 16 6 15 20 9 7 19 3
18 9 1 14 7 5 12 11 16 1 11 13 18 2 14 12 5 8 13 1
15 11 5 9 8 11 5 5 14 3 9 3 7 1 9 15 8 1 10 1
20 16 5 19 10 17 24 10 25 1 19 17 27 12 17 19 16 5 26 4
30 32 16 25 27 29 16 23 37 4 19 22 22 8 18 17 26 7 23 1
15 10 3 15 9 8 18 14 6 1 4 19 20 5 10 20 16 12 19 7
17 10 3 11 4 12 7 3 14 1 4 8 10 2 6 19 13 4 10 1
15 13 4 10 10 7 10 7 18 1 13 1 14 3 17 14 13 1 11 1
34 28 3 26 19 21 18 8 35 5 22 18 21 8 24 28 11 10 26 1
48 44 32 47 33 40 33 29 50 14 48 47 46 32 32 50 41 17 42 23
24 23 13 28 17 25 31 32 30 12 14 31 35 13 21 25 24 11 36 8
72 60 30 66 44 36 39 50 70 10 55 53 65 21 51 48 39 33 59 28
60 39 9 52 31 31 30 45 50 5 23 38 50 5 52 35 36 34 52 13
11 13 1 15 11 13 17 6 19 1 10 7 14 5 16 14 6 1 16 1
40 34 6 33 29 31 20 21 42 10 13 24 19 13 32 18 18 17 31 1
63 52 31 61 42 42 41 51 63 20 53 39 53 13 55 50 36 33 67 18
8 1 1 9 1 4 8 4 8 1 3 7 9 3 8 6 2 4 8 1
25 19 5 20 11 17 20 11 24 3 4 15 28 9 21 25 22 9 26 7
51 36 12 55 23 30 26 40 51 2 25 40 44 15 45 39 40 26 48 19
30 19 5 38 19 11 24 25 25 6 24 31 31 12 27 26 18 20 35 17
40 39 27 45 27 36 44 37 58 15 38 43 55 22 39 40 34 17 52 16
62 40 25 62 30 39 39 51 52 22 50 64 63 32 50 47 43 39 56 33
33 25 3 34 20 32 22 22 36 3 17 30 26 18 30 22 20 11 32 10
64 49 14 63 41 37 42 45 60 12 43 41 57 16 57 51 36 31 66 26
42 41 13 37 30 34 25 28 47 17 38 33 41 19 26 34 36 11 38 9
29 24 6 25 23 14 26 18 28 6 15 15 28 4 27 21 8 12 29 6
48 60 41 66 51 46 64 65 65 31 34 57 65 36 57 45 60 32 78 34
54 42 17 52 35 41 38 37 63 13 47 37 54 22 60 45 31 29 60 15
32 35 27 37 28 36 48 29 47 24 31 40 55 31 37 40 32 12 55 26
33 23 16 32 18 34 35 28 44 6 15 31 43 22 37 25 32 18 35 14
31 28 12 27 16 28 21 28 40 4 22 22 31 6 23 24 29 1 27 6
10 12 4 7 7 6 12 6 8 1 8 11 12 2 6 12 8 4 12 1
47 40 24 51 37 46 44 38 51 24 43 44 45 35 41 38 36 16 50 34
11 14 4 10 16 6 14 9 13 4 10 3 10 1 15 9 1 1 16 1
64 43 34 67 25 58 31 56 76 18 46 47 60 24 59 53 62 30 66 13
33 35 13 33 25 34 39 7 39 2 16 29 42 20 31 41 27 8 41 17
15 4 1 11 3 9 8 8 13 1 8 10 11 6 10 11 5 8 9 1
39 34 18 42 23 34 26 30 43 15 32 29 30 10 19 45 28 10 41 10
36 16 10 26 9 16 10 24 32 1 25 21 28 5 28 24 23 20 22 1
11 2 1 8 3 1 2 6 13 1 9 4 7 1 11 3 1 1 2 1
32 14 4 33 12 11 11 29 21 6 18 28 18 6 14 17 16 19 21 15
9 1 1 5 2 3 8 8 11 1 5 3 12 1 8 4 5 1 7 1
54 39 10 51 30 29 28 39 55 16 33 34 39 14 43 29 25 21 48 16
4 5 1 5 4 1 9 8 6 1 8 6 14 1 8 5 7 1 12 2
65 53 12 58 35 51 39 38 70 15 41 32 52 26 55 42 44 18 55 14
37 41 23 44 34 38 38 23 38 12 28 37 38 17 29 55 40 17 53 18
38 31 18 34 17 22 25 21 42 9 32 33 40 21 22 29 33 9 28 16
15 21 5 15 15 16 21 4 21 1 17 10 19 11 17 18 10 1 18 5
11 9 3 8 5 10 16 9 15 1 9 9 16 6 8 12 12 1 12 1
53 46 26 47 32 26 44 48 59 17 36 38 64 10 49 36 39 25 56 16
34 36 15 31 30 26 31 21 43 8 31 23 34 12 29 23 22 1 32 14
51 44 13 40 30 36 31 40 48 21 16 27 44 11 40 36 44 21 50 6
69 56 19 58 48 46 41 33 57 3 41 48 47 21 46 53 37 33 45 32
46 55 40 58 49 43 57 41 60 32 44 42 59 38 54 39 41 11 59 41
60 53 31 59 47 36 44 43 64 29 61 43 53 25 56 51 29 36 65 31
27 20 5 20 14 10 18 19 23 5 12 19 28 5 21 18 15 15 23 6
44 40 27 48 25 46 43 48 60 29 38 45 49 29 35 44 44 20 58 15
16 14 6 22 15 15 23 21 15 5 23 15 22 5 19 21 13 6 31 9
25 20 5 19 11 12 18 10 25 1 17 22 24 10 15 15 10 9 17 6
25 37 32 35 34 35 44 34 46 17 27 22 41 17 40 36 38 10 47 17
22 23 12 25 17 30 28 12 33 8 16 21 26 21 22 26 20 11 30 13
31 26 9 34 19 34 33 25 40 8 33 29 37 14 30 37 21 14 45 9
38 19 8 38 9 24 22 38 44 6 29 32 42 15 31 16 29 12 34 12
18 15 14 11 6 16 17 20 27 8 12 14 25 7 14 22 23 3 18 1
7 7 1 12 10 1 11 10 5 1 13 8 9 1 8 7 5 1 14 5
38 40 18 41 32 43 45 26 50 19 26 35 42 29 36 39 31 18 46 15
65 57 17 59 49 47 47 41 68 21 56 50 59 26 62 58 34 40 65 19
23 28 7 18 22 25 25 8 32 9 18 12 27 12 28 29 22 3 30 1
11 3 1 8 5 3 10 10 11 1 9 5 13 2 11 6 6 5 10 1
22 18 14 23 15 14 18 28 32 12 24 17 24 9 20 12 15 9 23 10
51 51 37 59 34 47 56 52 69 28 43 49 72 37 59 51 51 26 73 32
56 55 26 55 44 27 44 37 61 22 54 42 55 18 43 42 29 25 57 30
10 9 1 7 7 11 7 1 14 4 5 6 10 4 8 11 5 1 9 1
29 41 35 38 30 28 51 44 53 27 33 29 58 22 46 37 43 9 58 26
20 16 5 23 18 8 18 15 19 6 21 14 18 4 20 15 4 7 22 10
19 9 1 18 8 4 8 15 14 2 14 14 16 2 15 12 7 8 14 5
27 16 3 16 11 16 6 16 27 2 5 8 12 2 18 11 17 6 13 1
61 46 15 61 37 50 48 37 57 6 29 49 56 23 51 55 43 31 59 29
15 14 4 11 8 4 13 9 12 1 7 15 16 3 7 14 12 9 12 4
38 28 16 35 17 30 33 42 41 16 18 43 43 22 25 28 38 21 41 16
17 16 12 17 8 17 26 18 21 6 8 21 31 9 18 27 25 8 29 6
44 35 12 46 20 26 29 20 49 2 37 38 43 21 33 37 29 16 36 21
7 3 1 7 1 8 9 7 9 1 5 5 9 2 3 7 5 1 12 1
34 40 14 42 33 37 41 15 42 13 28 37 43 26 38 42 24 15 50 21
66 56 23 58 49 48 35 35 64 12 45 41 45 14 44 50 32 29 58 15
49 46 16 47 28 37 38 49 49 9 14 41 53 16 42 32 43 17 56 11
20 16 3 16 8 14 17 11 26 1 9 10 26 11 22 11 15 1 16 3
10 8 8 5 7 8 12 10 7 1 10 8 10 1 3 15 14 2 12 1
5 5 3 7 6 8 14 8 6 1 7 7 14 5 9 11 10 1 14 1
33 29 13 32 23 29 27 17 38 8 35 27 30 21 24 28 20 6 28 21
50 42 9 53 35 44 33 33 60 7 37 38 38 26 45 31 24 20 51 18
22 12 4 15 9 5 8 12 22 1 15 6 13 1 19 12 11 6 10 1
9 9 5 6 6 12 16 7 14 1 7 10 18 8 11 16 15 3 15 3
17 16 1 13 11 9 13 1 13 1 8 12 12 4 10 15 3 5 12 2
60 47 20 61 34 51 47 43 67 20 50 59 65 36 49 57 52 38 65 25
5 5 2 4 1 2 7 7 6 1 6 8 8 1 2 5 8 1 6 1
49 36 20 40 31 33 22 37 47 5 24 29 38 9 34 33 41 20 38 4
43 43 14 39 32 36 40 12 44 1 23 35 44 23 36 47 29 19 40 24
14 12 1 12 9 11 13 4 12 1 10 10 8 4 7 15 3 3 14 1
49 36 27 47 22 37 32 37 58 8 35 32 55 16 55 45 43 23 55 11
27 17 11 23 11 13 21 24 33 6 20 14 34 6 30 21 25 10 30 1
16 14 5 20 15 18 20 16 16 7 19 16 18 5 11 23 11 2 31 10
21 14 1 13 11 10 12 7 19 1 10 4 17 1 20 14 10 1 17 4
5 6 1 6 4 4 6 1 5 1 5 5 5 2 7 9 2 1 5 1
50 46 15 47 37 36 41 24 43 10 34 45 48 28 43 48 33 20 41 32
35 23 1 36 21 17 16 18 20 4 21 22 17 3 26 32 14 20 31 9
58 47 15 51 43 44 46 47 53 22 19 40 51 13 51 51 48 35 60 21
19 11 6 21 3 15 22 20 22 6 18 25 27 16 11 15 17 9 21 11
20 18 3 18 15 8 15 10 23 2 15 10 14 1 18 13 2 6 18 1
64 60 37 62 45 67 60 37 78 18 51 54 63 42 54 70 52 25 65 33
67 68 35 67 57 53 56 39 73 20 46 53 69 27 58 63 51 30 70 32
54 41 35 59 38 47 46 59 69 25 53 46 58 22 57 48 48 30 70 24
54 47 30 53 33 48 48 32 64 16 35 39 57 37 53 48 48 16 51 31
38 41 23 34 27 41 44 22 55 19 28 32 47 23 35 46 35 9 49 7
11 2 1 7 5 4 5 5 11 1 7 3 7 1 9 7 2 2 6 1
50 40 43 58 25 48 40 57 63 27 51 55 62 28 40 59 54 27 68 15
12 9 2 8 7 4 7 1 8 1 9 4 3 1 7 14 6 2 8 1
4 1 1 8 1 6 10 11 3 1 6 10 12 3 3 9 7 1 14 2
48 51 28 43 32 47 45 38 69 19 25 29 57 22 50 37 48 10 56 12
23 10 5 19 6 11 2 13 21 1 16 8 7 1 13 15 11 6 5 1
39 37 21 36 15 37 37 39 53 21 22 37 50 21 29 35 34 12 45 7
63 47 25 54 37 42 20 49 70 5 43 38 45 9 49 35 39 21 50 2
52 36 8 39 25 34 22 13 53 5 34 22 30 14 34 34 20 9 30 11
39 40 17 44 35 36 41 31 46 11 22 31 42 12 42 43 31 16 55 18
54 57 31 57 37 54 58 52 66 39 47 52 69 42 49 57 55 22 72 27
55 53 28 48 44 42 39 27 60 12 50 41 51 22 44 48 28 19 50 16
67 55 35 69 34 52 56 52 76 18 48 60 72 39 55 62 57 33 69 38
31 19 17 30 17 32 19 28 36 5 21 21 24 10 23 27 34 11 27 5
12 9 1 10 10 12 16 2 13 1 9 7 14 2 11 14 3 1 16 3
43 37 11 46 28 36 36 30 57 15 36 27 42 20 44 38 32 11 49 15
3 4 1 7 6 6 13 5 4 1 5 1 12 4 9 10 9 1 14 1
24 21 11 19 19 23 12 10 23 7 19 11 13 6 13 26 17 4 20 4
25 16 8 28 12 25 21 15 33 10 24 25 30 21 18 22 16 1 27 16
41 38 18 44 28 24 34 37 51 11 24 18 45 9 52 25 29 11 46 12
35 29 22 31 16 35 36 21 46 6 20 32 43 25 29 35 37 14 30 17
35 33 10 29 31 28 23 7 34 11 29 12 16 10 25 37 18 10 31 6
9 1 1 6 1 2 5 8 10 1 5 1 9 1 7 1 1 1 7 1
36 26 8 32 20 29 34 17 40 4 29 27 42 20 36 31 23 12 35 15
22 23 12 31 18 17 26 18 22 4 14 29 27 16 25 26 22 20 30 18
58 54 36 58 35 42 47 44 66 13 39 48 71 26 61 52 54 35 63 21
47 34 4 45 35 33 37 30 31 5 19 32 35 12 37 43 27 28 42 26
7 9 1 14 7 10 19 10 12 1 11 11 17 7 13 13 10 1 19 2
20 5 1 18 1 5 2 19 22 1 11 7 18 1 15 3 8 2 16 2
28 25 17 34 12 30 35 33 35 16 24 36 34 21 12 31 26 8 36 13
39 40 20 29 25 17 24 29 37 11 13 15 40 1 33 30 30 10 41 5
31 27 8 26 21 21 17 15 33 5 28 15 22 5 22 27 17 5 25 9
66 54 41 71 40 54 50 54 76 14 57 63 75 33 58 68 58 37 75 33
51 54 24 59 39 54 55 37 66 19 45 48 65 40 54 56 48 23 68 30
8 7 7 9 6 15 19 14 13 5 8 13 19 8 9 15 13 1 17 1
10 7 10 15 1 18 21 20 24 5 10 16 27 9 17 23 22 1 26 1
32 22 2 32 19 24 25 14 34 10 20 19 29 15 34 33 21 15 35 3
44 47 18 47 38 40 39 31 62 9 17 29 44 21 56 28 32 16 51 14
29 23 8 26 17 25 25 20 32 7 23 21 31 12 18 23 18 1 30 11
40 27 9 35 20 23 15 26 45 1 36 23 32 3 29 21 19 9 26 5
20 32 18 21 24 22 27 12 29 4 20 21 30 10 19 30 23 3 29 2
40 32 29 36 25 40 35 31 51 10 38 38 48 23 27 38 40 7 38 12
55 55 28 57 48 49 43 25 67 17 47 41 51 25 52 58 36 27 60 18
12 15 6 9 11 7 11 6 13 1 13 12 10 4 6 12 9 3 8 2
36 24 12 35 15 19 27 41 44 10 23 25 41 8 35 17 26 9 41 8
15 18 16 17 14 18 32 20 30 10 8 15 35 9 27 25 19 3 33 3
38 36 20 33 22 31 27 30 41 11 18 23 36 6 20 42 35 5 39 1
10 9 1 7 6 11 16 12 12 1 8 12 16 8 6 6 8 1 12 4
45 32 12 39 24 33 30 27 50 1 40 31 46 11 34 33 25 12 39 10
36 36 15 34 28 28 29 34 42 10 25 31 30 14 28 22 27 14 38 8
44 35 17 44 17 23 19 26 47 3 32 33 40 16 29 33 34 11 33 13
26 20 1 25 14 18 20 15 21 2 11 26 28 11 19 26 15 10 27 11
32 33 19 26 23 18 19 17 35 6 20 8 31 6 33 25 27 5 28 4
11 10 6 16 7 4 15 16 9 4 16 17 18 5 7 15 13 6 20 7
29 32 21 19 21 29 40 23 39 15 14 28 46 17 24 32 28 8 38 10
12 16 7 17 12 19 25 12 24 6 12 15 23 13 17 15 8 3 24 6
23 22 14 24 13 25 30 14 31 6 10 25 34 15 23 32 27 9 30 8
57 56 28 61 45 45 46 39 65 15 38 53 52 33 48 43 49 24 57 26
9 2 1 5 2 4 3 3 9 1 5 6 6 1 5 7 1 1 4 1
46 53 39 62 34 56 60 46 73 25 47 56 67 40 46 56 51 13 67 26
39 42 21 30 33 25 24 23 40 9 25 25 38 9 28 37 28 12 33 6
22 22 16 30 13 31 29 23 28 17 15 27 26 17 16 40 28 11 38 6
3 1 1 5 1 3 5 3 2 1 1 8 4 2 3 5 3 1 5 1
37 26 11 39 14 29 22 32 39 1 10 29 33 12 31 30 38 16 38 12
47 30 10 44 19 19 25 34 39 12 35 41 41 16 32 36 26 29 41 20
14 11 1 12 9 12 13 8 17 1 10 8 15 8 12 7 3 2 10 2
13 9 1 9 8 4 11 10 15 1 9 4 15 1 13 9 10 1 12 1
46 33 4 38 26 24 24 25 36 1 20 31 37 4 33 39 29 25 35 12
38 53 45 40 42 36 51 43 49 26 31 32 56 19 31 48 51 10 59 15
23 14 8 28 7 16 24 24 24 8 22 28 28 16 16 25 19 14 31 12
7 10 5 8 6 11 15 6 11 1 8 9 16 9 11 16 15 1 15 3
23 13 1 19 15 15 14 11 25 2 10 1 14 1 22 12 7 2 21 1
14 8 4 12 8 16 15 5 21 1 7 11 20 11 18 15 12 1 15 5
27 33 10 22 30 10 28 13 25 7 17 12 29 1 29 26 13 10 32 12
27 28 8 24 18 19 26 18 31 7 24 21 34 10 21 25 19 2 34 11
36 28 22 34 18 24 34 34 33 14 22 39 45 18 27 42 44 21 41 24
15 11 13 22 11 22 28 19 26 3 13 20 34 14 27 23 21 13 34 10
55 50 18 61 37 38 52 43 54 17 34 51 64 25 54 54 45 32 68 32
19 6 1 15 2 5 5 8 16 1 9 10 7 1 7 6 1 5 4 1
8 7 1 6 8 7 10 7 6 1 8 9 11 4 10 11 6 3 12 3
26 19 11 23 18 13 17 22 33 6 27 13 26 3 33 18 12 13 28 2
20 17 8 22 15 19 21 11 30 7 11 15 25 10 26 22 9 7 27 5
41 43 28 41 34 48 45 21 48 1 36 38 42 33 36 51 35 22 42 28
17 18 6 12 11 13 22 8 18 3 13 18 21 12 9 13 12 5 16 6
36 29 14 44 19 31 27 29 47 8 25 21 37 17 38 33 34 7 43 19
18 16 7 21 17 6 18 19 15 7 15 17 18 3 12 15 7 8 25 7
39 52 41 40 34 29 43 46 63 26 33 27 59 12 42 38 45 4 54 7
6 15 9 10 14 3 15 15 17 7 17 8 20 2 18 8 6 1 19 4
49 53 7 53 43 44 52 24 43 9 25 46 50 24 43 56 34 28 56 33
55 53 37 59 37 44 37 41 68 4 44 37 62 23 53 46 51 16 62 22
