1000 20 10 2334
2 5 1 5 2 5 6 1 8 1
0 3 3 10 3 9 10 5 1 6
8 12 11 8 1 18 2 19 3 4
6 10 14 1 11 11 1 4 6 14
7 3 7 0 16 14 6 2 6 2
3 4 7 10 6 7 0 0 4 6
4 7 2 6 5 4 2 1 4 1
9 14 11 12 4 12 4 8 13 18
7 17 7 0 9 6 16 4 12 15
7 5 1 1 2 2 0 7 2 3
1 19 2 9 11 11 20 0 7 11
3 5 3 1 0 4 4 2 6 5
2 13 9 8 2 0 12 6 4 1
3 6 4 0 4 0 1 9 4 9
10 15 9 13 1 5 10 7 9 5
9 11 8 15 0 13 4 7 8 16
7 12 10 1 2 9 3 1 2 7
7 13 2 9 7 6 19 6 2 11
1 3 5 3 1 10 5 11 2 9
22 7 1 8 21 2 7 5 15 12
5 5 7 7 3 1 4 6 3 7
1 10 4 3 7 8 1 5 0 3
3 5 4 3 7 14 15 4 13 13
10 8 19 4 20 20 3 1 6 7
0 1 17 1 2 3 16 1 6 0
7 13 16 13 8 3 16 11 1 10
6 9 17 18 3 3 12 9 17 19
11 3 13 2 10 5 2 4 3 3
24 6 3 3 16 5 12 18 13 4
13 10 1 14 5 2 7 6 7 1
11 6 2 5 1 7 2 1 8 3
1 5 7 12 9 0 8 4 14 25
9 10 5 12 0 4 7 13 24 12
5 3 1 7 9 2 1 2 1 1
8 12 6 3 9 6 4 8 9 5
17 13 2 6 15 9 16 14 4 9
8 1 19 9 16 7 3 1 2 10
27 9 11 4 13 6 5 2 6 1
2 8 2 12 6 0 1 11 4 9
7 7 3 3 11 13 1 2 2 16
3 1 1 5 8 11 10 2 15 15
5 6 5 9 5 4 8 3 4 7
1 6 5 3 6 6 2 0 5 5
3 8 11 8 5 13 6 2 3 4
12 27 8 2 1 13 2 2 9 13
5 2 4 1 9 2 5 10 2 1
4 8 5 9 12 4 6 3 9 4
0 5 6 2 9 1 6 5 5 5
11 4 24 11 16 2 2 3 7 7
2 11 3 6 0 4 2 16 11 2
2 1 6 13 8 9 1 8 5 1
3 0 14 10 3 4 2 5 8 1
15 0 6 11 11 2 2 3 4 14
6 5 14 3 5 14 11 19 0 6
9 0 0 1 1 0 1 10 6 5
9 5 12 4 2 16 7 20 7 22
4 18 17 9 10 9 8 6 7 4
5 1 7 8 7 3 7 8 8 12
4 15 15 3 21 14 4 15 5 13
2 7 11 4 2 3 3 3 2 4
9 0 1 6 3 14 31 4 14 5
6 3 4 6 8 5 13 9 4 0
1 7 8 5 2 2 10 3 6 4
6 3 5 6 8 0 4 5 4 4
3 5 7 4 7 6 12 8 11 13
5 4 4 2 4 3 5 4 2 1
3 0 0 19 2 0 5 1 7 13
3 4 3 2 6 1 7 6 3 5
12 4 7 1 9 5 8 5 13 14
12 5 2 5 1 2 1 0 10 1
2 6 12 9 2 3 24 6 12 10
9 12 3 0 13 2 14 5 4 7
14 3 9 4 16 14 4 6 0 1
1 5 18 19 0 0 3 1 1 12
17 6 6 16 2 3 22 10 9 10
5 9 5 3 5 3 4 13 2 4
22 2 11 12 9 21 10 2 3 10
9 9 2 12 1 2 2 7 13 23
10 16 11 9 7 7 1 17 6 5
13 21 11 5 5 10 3 1 3 8
5 11 6 5 12 21 0 0 3 16
6 9 29 8 2 1 10 8 13 11
10 0 9 3 6 7 6 4 6 3
7 1 8 2 18 12 4 3 5 7
7 10 9 12 11 9 4 14 9 2
1 5 1 15 9 26 1 15 14 12
13 0 0 1 10 5 2 2 3 8
3 5 2 3 2 1 6 7 7 5
0 3 2 1 5 2 4 7 4 5
6 3 2 10 3 7 13 3 10 1
5 8 8 0 3 2 7 0 7 7
6 21 7 6 15 18 3 12 16 9
13 3 2 8 10 8 3 15 7 7
12 4 4 6 3 5 8 18 18 12
1 11 25 8 5 4 6 19 2 8
4 0 10 10 6 5 14 6 9 8
10 17 12 11 8 6 5 5 14 0
1 2 2 1 8 20 0 5 9 2
5 6 4 9 4 6 4 14 11 3
0 2 8 6 1 3 4 17 0 13
2 10 17 13 2 6 4 11 8 1
10 9 12 3 4 7 3 6 5 4
7 3 11 18 3 8 9 20 9 9
4 0 0 6 1 2 0 1 2 7
18 1 12 6 3 9 8 2 0 10
5 13 10 5 13 7 15 6 2 10
3 5 0 3 3 7 0 1 9 4
10 12 1 3 1 8 3 7 15 7
1 5 3 2 3 9 24 11 1 2
4 0 18 0 1 7 5 13 19 13
12 15 0 5 0 1 0 1 2 9
3 5 12 11 6 22 8 5 7 2
18 4 11 8 4 2 7 14 0 14
8 16 2 1 6 7 1 9 12 16
0 0 9 2 6 13 29 6 8 14
4 3 10 10 1 5 4 8 2 2
0 1 4 3 8 5 8 5 11 0
4 1 1 5 9 2 7 11 9 15
19 10 2 1 11 17 12 15 11 9
8 10 16 18 9 5 12 14 4 7
2 3 0 3 9 7 3 8 4 3
11 13 7 12 20 10 9 10 13 0
0 3 1 5 1 5 3 3 8 2
6 10 2 1 1 0 2 4 0 1
12 8 15 3 5 1 3 1 4 6
4 1 1 13 1 10 9 4 0 1
9 14 10 14 1 4 2 10 2 4
3 8 4 1 2 3 1 1 2 3
9 2 0 5 1 7 12 13 2 9
13 7 9 10 12 16 2 2 2 3
1 3 19 15 9 2 1 5 1 1
3 1 3 0 6 6 3 5 4 2
14 2 2 4 1 9 24 8 14 5
0 5 2 8 3 5 2 1 15 4
4 18 9 3 10 6 10 15 17 3
3 14 1 10 1 22 3 2 8 25
4 5 3 8 1 4 5 3 8 2
22 10 12 8 18 6 4 5 9 6
15 4 1 8 6 0 3 13 3 12
2 2 5 2 0 3 1 7 0 5
11 8 0 7 1 3 2 19 17 21
17 10 1 12 17 13 12 2 11 1
5 15 12 2 5 2 19 1 1 2
10 1 3 5 2 4 3 6 5 3
1 3 5 3 2 3 2 2 4 9
14 5 4 5 1 10 3 14 11 28
12 7 20 3 10 1 11 1 12 23
19 19 9 3 8 8 9 6 6 15
1 2 15 4 11 1 16 4 3 23
5 2 1 8 20 2 2 11 11 1
12 15 6 12 6 12 5 5 15 6
1 7 6 4 6 12 2 5 4 4
5 8 0 1 2 2 7 5 1 3
1 0 4 3 4 3 6 3 2 1
20 7 24 3 6 12 2 7 3 14
8 3 6 14 0 5 21 4 1 3
2 8 2 0 0 2 6 4 6 6
2 7 7 3 16 7 12 2 21 1
9 3 21 8 3 5 15 6 21 9
22 12 12 4 15 1 2 8 7 8
4 2 17 18 8 13 4 4 16 16
4 5 2 5 2 1 3 1 6 3
13 0 16 13 7 3 14 16 7 6
24 2 1 2 8 1 8 14 8 16
15 8 2 10 7 4 1 10 1 0
8 0 1 0 3 1 10 14 12 4
0 6 5 6 5 17 6 2 1 8
5 10 6 1 7 11 19 8 13 10
19 1 15 10 5 1 12 7 2 2
2 2 10 1 18 3 5 12 14 7
5 10 1 1 3 1 7 2 4 8
8 0 6 1 4 0 8 10 5 8
2 14 7 14 0 11 15 7 15 18
15 1 2 14 5 7 21 5 6 2
8 7 3 10 8 6 7 3 7 10
11 4 21 10 3 11 4 7 13 2
13 17 18 10 6 10 1 1 2 10
0 6 8 1 7 5 8 15 6 4
14 15 3 8 7 4 4 14 10 1
6 3 3 1 0 2 1 1 7 6
4 6 15 8 1 6 1 0 5 5
14 1 1 0 1 5 6 10 13 2
24 1 16 0 6 15 14 7 6 3
17 9 10 2 8 4 12 0 0 10
14 5 8 2 3 1 1 18 4 7
8 6 21 2 4 11 6 6 12 3
3 6 19 2 17 16 12 1 5 5
6 8 2 10 8 1 8 7 4 11
2 11 0 5 8 6 5 7 3 2
1 2 6 5 4 12 1 13 1 7
9 14 14 9 5 2 6 10 0 4
2 4 5 4 2 1 1 2 6 1
2 2 8 6 5 7 18 5 13 5
23 8 15 11 8 14 5 8 1 1
5 4 4 9 1 11 3 0 7 2
3 8 2 3 5 12 4 6 6 1
9 6 2 14 13 4 17 15 18 2
1 1 1 6 3 3 0 3 2 8
2 19 12 1 3 5 7 12 5 17
7 2 1 6 5 2 1 2 2 4
11 6 2 3 1 4 1 2 4 1
11 10 3 2 10 8 5 3 8 2
8 1 2 2 4 8 6 13 7 9
1 10 1 6 5 3 3 9 3 9
24 0 8 9 15 7 3 6 9 15
11 13 14 4 7 16 8 14 8 8
2 8 19 18 1 5 2 1 15 12
18 8 11 9 1 3 9 3 2 11
8 5 11 13 5 4 6 1 5 11
21 1 4 1 14 7 4 3 12 3
5 1 6 1 3 3 2 3 6 1
12 15 6 1 22 6 1 2 15 3
5 9 11 25 13 19 3 4 13 4
1 3 1 0 5 1 8 3 1 4
9 6 11 2 2 7 28 7 6 16
8 5 0 9 1 8 6 5 25 15
3 9 12 2 15 21 10 4 6 2
6 9 3 1 6 0 0 18 4 1
8 14 8 19 6 1 5 2 12 11
4 3 1 3 4 5 4 10 17 3
1 5 3 4 6 9 2 4 7 4
2 2 4 6 12 1 3 1 14 4
1 5 3 4 1 4 9 7 4 9
0 10 1 1 1 8 0 10 3 1
1 22 1 3 19 12 4 5 16 5
3 3 3 9 6 6 1 2 1 2
2 0 9 10 4 2 4 2 6 1
1 4 4 2 8 5 4 20 8 9
6 1 13 10 15 9 9 1 0 10
5 4 3 2 19 13 7 6 2 4
4 2 10 7 16 2 7 6 9 2
9 3 4 17 16 17 7 2 2 17
3 0 4 18 5 6 4 5 13 5
7 6 4 2 2 3 4 6 3 1
5 4 4 12 2 1 12 4 7 12
5 4 2 5 8 8 5 2 11 5
6 19 6 20 14 9 5 6 15 2
18 9 0 4 3 11 1 27 7 8
10 9 19 11 5 11 5 2 5 0
2 6 4 1 4 13 10 2 8 4
6 11 5 11 0 8 2 5 4 19
3 7 0 11 12 10 0 8 3 5
2 3 1 9 17 3 5 0 6 17
4 1 4 17 6 6 14 3 7 9
18 2 7 17 2 7 5 4 14 12
8 1 4 9 8 17 6 5 9 7
5 6 1 9 0 3 7 0 15 2
10 1 7 1 5 5 5 1 3 7
18 3 11 10 21 3 18 8 5 11
12 3 11 6 16 4 15 3 24 11
12 2 5 11 16 3 14 1 3 14
10 5 0 3 4 10 7 0 24 5
6 3 4 3 5 3 4 4 6 8
3 2 1 1 3 1 7 1 12 4
6 10 3 11 4 8 19 0 0 7
3 9 0 14 13 14 21 5 2 1
6 5 4 10 3 3 3 3 7 5
7 2 5 3 14 8 3 12 4 5
13 12 3 10 9 25 7 9 1 6
13 0 2 12 0 11 8 11 25 14
2 7 0 15 12 0 17 11 17 6
14 10 7 4 5 21 0 4 1 6
10 20 8 6 10 10 20 5 2 2
4 1 4 2 6 9 3 10 3 5
1 11 12 13 11 2 10 16 1 6
3 4 6 4 3 8 2 6 3 2
6 5 21 8 8 4 22 12 9 0
6 1 3 9 7 5 2 9 2 7
16 2 17 14 15 1 1 6 19 3
1 7 11 3 10 6 16 7 7 9
0 21 10 12 2 3 18 8 9 11
3 13 13 11 4 1 5 15 2 10
5 1 1 1 5 4 1 3 3 4
5 3 1 2 5 10 2 3 13 3
4 1 7 3 1 0 2 7 1 6
2 1 7 5 11 3 2 4 8 2
2 8 4 3 5 1 3 5 4 9
3 2 5 0 6 15 16 4 1 0
2 3 3 4 7 4 2 1 8 2
6 2 7 7 5 6 5 1 2 0
1 3 5 11 2 5 2 1 11 5
6 2 8 14 4 5 5 14 7 1
4 19 6 6 1 9 2 3 0 8
4 5 13 7 9 6 3 3 2 9
5 8 0 0 3 1 8 9 7 7
3 4 2 30 15 12 13 5 9 0
9 4 8 2 13 7 6 5 2 0
0 0 6 10 6 9 6 0 1 1
0 12 21 13 7 6 3 3 4 5
6 12 7 2 7 8 3 2 5 4
2 2 6 5 13 15 16 6 12 2
7 18 1 10 19 1 3 9 8 16
12 12 12 2 2 1 7 1 6 15
6 7 7 8 9 22 8 15 6 1
9 7 11 15 14 4 1 27 3 12
6 11 4 3 4 11 14 16 5 22
17 14 6 8 10 4 1 5 3 18
8 5 1 3 3 6 2 2 9 2
7 1 4 2 8 3 16 3 8 1
4 6 2 9 5 19 7 14 16 14
1 3 3 0 2 6 4 3 2 12
1 7 0 8 23 3 0 6 7 2
3 0 2 1 9 8 3 7 2 2
1 8 2 14 19 25 3 7 10 5
13 3 11 3 2 4 9 4 11 2
1 3 2 1 1 2 4 9 5 0
12 24 12 1 5 3 9 1 12 14
1 5 2 10 5 2 1 2 7 0
14 14 18 3 2 16 4 5 2 8
6 4 2 6 1 1 10 3 1 2
3 1 2 6 2 3 4 1 1 10
14 7 4 8 20 10 5 10 1 0
14 16 4 0 8 2 15 20 0 11
5 2 1 2 0 3 1 9 3 2
2 4 3 2 4 8 4 7 4 1
9 4 1 1 12 2 13 2 13 10
5 8 4 8 8 6 13 6 11 10
6 6 0 10 9 1 4 13 3 8
9 2 14 4 15 3 17 4 6 9
2 7 8 3 7 18 25 1 4 13
10 8 4 9 7 2 10 7 1 22
20 5 6 1 9 9 21 3 1 14
23 10 7 14 20 3 2 5 8 2
9 1 1 6 12 8 11 6 7 11
22 10 4 9 8 8 5 13 7 15
6 1 20 4 8 4 15 4 16 23
5 0 9 5 4 7 1 12 7 3
7 6 8 13 11 4 8 11 0 1
14 3 4 12 1 14 14 12 17 3
9 1 8 1 1 7 9 7 0 8
6 4 1 1 9 8 25 3 19 3
6 6 12 1 11 24 15 4 6 7
1 5 4 3 4 1 6 5 0 6
8 2 11 15 9 19 5 8 26 2
7 1 7 11 6 1 7 0 3 1
4 7 15 3 9 2 17 11 1 7
1 2 7 17 6 11 11 13 1 12
3 8 2 4 7 2 5 4 12 6
3 11 6 9 7 4 3 1 1 9
14 19 1 13 3 7 4 19 8 17
5 8 4 14 1 6 3 4 1 8
17 3 14 3 2 1 5 10 16 4
0 1 10 1 3 7 7 2 5 5
20 3 10 11 14 15 4 1 16 6
10 5 0 6 4 2 6 7 7 5
15 3 3 9 6 3 8 0 11 12
8 1 6 10 5 4 4 13 20 5
19 2 14 10 0 21 6 5 10 12
6 2 5 2 3 8 4 2 4 0
3 3 0 2 17 17 14 3 11 8
8 18 15 22 10 2 5 10 14 9
1 6 6 4 2 3 2 5 1 1
9 10 2 8 2 2 11 5 11 2
3 7 10 4 13 1 1 2 11 4
7 21 10 4 7 4 1 3 1 21
20 11 11 5 8 6 4 5 1 1
7 10 4 11 13 2 19 1 22 4
1 6 11 3 9 2 3 15 2 2
3 3 4 14 4 7 7 12 8 3
9 5 1 5 4 2 8 8 2 1
10 3 4 21 13 0 3 4 18 8
5 5 2 3 10 1 2 6 0 1
6 2 3 3 3 4 4 1 1 6
10 7 7 27 1 9 2 6 1 3
2 6 6 8 5 5 1 4 1 2
6 13 1 3 5 12 6 7 1 16
3 2 6 4 0 4 0 5 4 1
8 5 2 9 17 3 9 10 5 1
1 12 11 2 1 8 8 3 8 14
6 13 12 7 6 5 2 10 2 19
19 4 6 4 11 13 12 3 9 12
10 11 1 0 10 3 12 2 7 7
3 19 4 4 6 13 7 13 13 9
9 8 8 6 8 17 9 4 11 12
6 16 6 3 15 7 13 2 15 6
0 5 2 0 1 10 3 9 4 5
17 0 1 2 5 8 6 10 8 24
0 1 5 8 0 4 5 5 4 4
1 9 9 5 3 4 1 6 10 3
11 4 8 3 6 7 0 23 1 8
14 1 2 16 4 8 9 9 1 8
1 4 4 0 0 1 3 5 6 7
8 20 10 17 7 17 14 2 10 4
2 7 10 10 16 13 11 5 6 12
5 4 1 2 5 5 0 4 4 2
8 3 5 5 10 2 6 13 2 7
1 11 0 8 2 1 4 6 10 12
4 10 6 10 2 6 3 2 5 1
2 1 1 6 6 2 6 3 6 6
2 9 2 5 3 15 2 1 8 3
7 3 10 1 2 1 3 9 8 4
13 0 11 4 11 23 15 7 9 10
11 12 5 1 9 11 4 5 3 3
17 8 10 5 2 11 2 9 14 1
2 4 8 11 11 16 14 1 10 24
8 15 1 1 16 7 20 0 8 3
1 0 1 1 4 2 1 3 7 6
9 5 3 5 0 5 7 1 0 3
7 2 5 4 6 20 5 7 14 22
7 8 10 17 16 7 2 23 7 1
5 4 3 2 5 2 6 2 6 5
6 2 1 5 3 2 6 4 4 6
1 1 7 9 2 5 0 11 3 2
4 1 21 14 20 9 1 5 5 6
2 7 16 0 1 28 2 7 9 3
9 2 3 12 11 10 7 3 2 7
2 2 1 1 9 1 6 3 1 7
6 14 1 7 0 18 8 1 6 7
12 4 10 7 3 4 1 3 2 1
11 19 4 3 5 4 9 22 6 3
6 1 1 6 6 5 0 6 5 2
4 1 7 2 8 4 16 13 8 7
0 5 7 5 0 3 8 5 8 5
5 6 2 5 3 1 4 0 4 5
6 13 3 10 9 14 5 14 16 13
10 9 11 6 24 13 8 9 9 12
4 6 5 0 5 5 2 6 4 3
4 3 1 7 8 5 12 4 7 0
5 1 9 17 7 4 3 3 2 4
5 7 7 3 1 5 2 0 3 1
3 3 11 7 2 6 1 8 2 7
7 6 0 7 1 2 5 0 2 1
6 4 7 4 5 4 2 7 6 6
6 12 5 5 4 6 7 0 6 8
9 12 7 1 4 8 24 1 7 4
3 3 0 5 1 2 4 10 1 2
1 2 2 5 3 1 4 10 2 4
5 14 7 1 8 15 6 0 3 3
8 4 4 5 14 4 10 2 4 4
11 0 15 0 10 2 12 7 16 7
3 9 1 17 10 6 9 2 17 9
13 12 0 6 16 16 25 3 1 8
1 3 1 1 13 1 2 4 7 12
8 2 13 5 7 11 4 13 1 10
19 11 15 5 8 3 5 1 5 2
3 3 2 7 3 1 1 3 6 9
1 4 1 3 5 1 2 3 4 5
10 12 24 4 15 0 4 13 1 11
3 3 9 1 17 2 2 7 4 2
10 0 8 12 3 15 5 7 2 4
8 2 8 3 5 7 4 5 10 5
7 6 4 2 7 4 11 4 15 11
5 10 1 3 11 5 22 14 9 8
3 1 10 6 4 3 3 2 7 5
4 2 1 2 3 2 4 3 4 8
6 9 1 8 6 12 14 24 19 5
1 4 21 0 7 2 6 14 12 14
5 3 7 3 6 3 5 5 1 3
0 1 3 4 1 1 14 12 21 2
3 1 15 18 8 10 16 10 14 3
4 12 9 1 7 18 12 5 7 22
7 4 4 6 9 3 4 0 2 8
5 6 6 1 1 1 2 3 2 1
14 4 1 2 7 11 11 10 5 5
21 13 17 7 3 10 1 0 9 6
2 2 18 8 0 4 6 1 5 0
6 2 4 9 3 4 3 4 6 9
3 9 11 5 3 3 16 8 12 28
2 2 26 3 3 3 7 8 9 8
16 8 17 24 2 2 12 5 1 0
4 2 4 1 2 2 6 4 4 7
1 6 9 3 2 1 4 1 3 3
4 6 4 1 2 0 2 12 4 2
0 7 23 9 6 5 16 6 2 1
0 3 6 0 3 4 12 7 6 12
7 1 3 6 2 6 2 8 1 4
17 11 4 2 13 1 6 5 10 27
5 5 2 2 2 2 7 3 2 2
0 11 2 4 2 5 1 9 1 3
1 3 20 0 2 12 3 19 4 3
3 1 9 4 5 8 23 12 8 16
7 4 5 15 16 5 2 23 2 3
5 2 6 6 7 1 1 2 4 12
0 0 4 4 1 4 1 13 6 1
5 5 3 9 16 7 12 4 4 7
4 9 4 4 3 1 5 3 2 3
1 4 6 7 6 3 0 1 19 7
0 6 6 16 11 7 2 3 4 11
3 7 2 1 0 2 1 7 1 3
1 19 12 19 15 6 9 2 2 8
10 12 0 5 16 9 9 6 3 7
7 19 18 13 5 9 9 12 5 7
4 7 1 2 6 1 3 3 4 0
4 0 19 3 10 20 5 5 19 7
3 3 8 9 7 6 2 3 9 1
9 4 2 2 7 20 0 6 9 8
3 4 4 5 1 16 5 10 1 12
2 5 4 7 2 3 1 6 1 12
9 2 6 12 0 2 6 4 1 2
2 8 16 0 0 2 7 15 13 5
2 3 3 4 10 10 13 15 4 26
9 6 3 11 6 1 5 4 12 15
11 12 6 6 1 1 2 3 2 2
10 10 8 4 9 6 5 11 0 0
2 3 4 8 1 1 6 2 0 13
15 6 1 14 14 12 15 5 1 17
6 1 7 2 7 1 3 17 10 2
1 3 2 7 1 2 3 5 3 5
2 0 1 9 3 2 7 0 1 9
5 2 1 7 4 3 6 4 3 4
1 1 7 9 8 1 2 3 11 1
1 2 0 6 3 1 8 9 1 5
7 10 6 7 6 3 1 2 1 5
4 7 16 7 5 19 8 11 10 5
2 3 3 5 5 10 4 1 4 1
1 2 9 10 2 2 3 21 3 2
10 1 16 10 4 3 4 0 14 5
15 8 2 11 3 8 6 5 1 6
4 10 1 1 17 3 2 5 4 3
3 2 12 13 8 6 7 8 9 7
11 2 5 2 6 3 0 22 24 4
23 3 7 10 3 3 6 7 7 7
3 4 12 11 20 4 16 12 14 6
2 10 2 2 3 15 19 9 22 2
6 13 5 13 2 8 0 21 13 7
6 4 5 2 4 14 2 5 16 22
17 14 8 6 13 6 12 7 14 18
1 11 5 5 18 5 0 12 0 9
4 1 2 10 10 5 6 10 1 3
7 5 8 11 1 5 7 3 9 4
13 7 0 3 2 2 12 11 3 13
17 2 3 8 3 8 1 2 1 1
7 7 8 5 1 1 8 0 13 15
2 6 11 4 9 13 8 25 4 17
5 19 3 5 6 2 5 8 4 9
3 6 3 20 6 24 19 2 13 4
2 7 9 1 3 6 0 2 0 0
22 9 14 0 3 7 4 4 3 24
2 5 4 1 5 5 14 10 5 6
17 1 14 2 8 7 11 0 11 3
5 10 1 15 11 3 13 8 6 8
3 7 2 4 12 8 5 13 4 2
3 1 8 11 2 9 1 1 3 1
14 6 20 4 9 9 5 16 5 10
15 6 10 1 5 2 2 1 4 12
3 1 1 3 8 3 4 3 0 5
3 2 4 2 1 1 6 3 5 1
5 1 6 2 7 2 1 1 3 1
1 11 0 17 3 4 2 1 1 1
3 6 20 1 13 11 9 3 2 17
18 16 2 20 2 8 4 10 12 7
2 18 8 12 3 15 9 25 5 2
11 1 5 1 1 8 2 1 2 4
1 5 10 11 7 7 2 4 19 19
20 15 12 2 17 4 7 4 5 10
7 4 6 8 2 5 2 2 0 14
7 4 6 8 1 9 7 14 3 9
6 4 20 6 0 21 1 15 1 4
1 2 5 1 3 3 6 2 4 2
22 3 9 1 0 13 7 3 24 13
6 2 5 3 1 1 2 1 0 5
3 5 2 1 6 9 5 9 3 1
8 0 3 1 1 0 0 4 3 15
9 9 6 8 3 5 16 2 6 17
0 12 14 2 5 7 9 14 7 28
14 5 12 9 5 5 13 8 2 4
2 2 3 15 1 7 8 5 6 0
1 2 4 8 2 5 0 4 8 2
13 20 6 2 14 20 13 1 6 2
10 6 3 14 19 10 5 18 10 4
1 1 3 1 5 1 3 10 5 5
1 1 3 2 5 1 2 2 9 2
15 1 12 2 6 1 16 13 14 17
2 6 5 8 3 1 11 6 4 5
3 3 4 11 10 2 6 1 1 3
5 1 19 13 5 3 18 8 7 7
5 4 1 6 2 2 2 2 3 3
8 13 8 8 7 21 21 8 3 14
7 6 2 4 25 1 16 11 4 12
1 5 2 1 5 9 3 7 4 5
21 12 2 3 11 7 12 8 2 4
8 8 13 3 9 7 11 19 0 1
5 1 1 0 0 6 0 2 6 6
3 6 6 2 1 10 3 1 3 10
5 2 3 1 0 2 1 5 1 7
0 5 12 10 11 6 8 8 3 14
2 3 12 4 10 14 16 2 5 1
3 5 5 4 3 28 1 8 4 7
3 3 6 6 1 7 0 6 3 1
12 3 15 2 16 4 8 7 4 6
6 9 3 7 13 4 6 10 7 0
7 1 6 21 3 7 0 26 8 16
3 0 4 0 1 10 12 2 15 2
18 6 13 8 7 7 2 7 13 15
3 5 6 5 3 6 2 0 8 1
8 4 4 6 9 12 10 1 3 2
4 4 6 5 6 2 5 3 2 4
1 2 1 3 5 3 3 6 5 4
5 1 0 9 17 4 2 8 1 14
2 7 19 7 1 3 12 7 8 17
2 17 7 8 3 1 11 7 4 10
1 8 5 8 6 5 6 4 6 3
8 22 1 14 4 0 24 2 7 3
28 7 2 10 7 11 4 0 6 3
0 3 20 11 8 6 0 17 15 10
4 4 3 3 1 1 1 5 2 5
1 2 2 1 12 12 3 6 3 3
1 2 1 12 4 12 10 6 8 11
10 6 6 4 4 2 9 1 7 1
1 1 8 9 4 5 4 2 6 4
2 1 11 1 17 17 6 1 16 3
17 16 2 11 5 1 11 7 6 13
13 11 5 1 3 1 1 7 18 9
9 1 1 1 1 1 0 4 6 11
4 9 5 19 4 18 0 4 6 2
0 12 9 6 12 10 10 6 12 8
6 3 2 1 3 2 4 2 4 5
8 1 5 7 12 16 4 20 4 4
3 6 1 10 1 0 1 7 1 5
6 1 1 12 10 7 6 1 5 7
0 2 0 5 4 0 2 5 8 1
17 23 1 12 9 0 1 2 1 16
10 4 4 18 19 3 18 17 10 4
16 16 4 7 5 19 16 2 4 5
4 2 3 3 5 6 7 9 5 2
6 4 1 9 17 10 17 6 0 5
1 4 0 0 4 7 7 16 4 2
9 1 10 3 5 1 9 7 5 2
4 3 8 6 8 5 1 5 14 5
6 2 0 7 7 11 1 2 1 4
10 9 4 1 26 4 5 1 12 18
17 4 2 0 11 6 12 1 11 1
2 11 19 7 5 14 0 13 2 0
16 6 9 11 7 1 6 4 7 13
8 1 3 19 0 1 12 3 0 4
3 4 1 17 7 4 6 15 2 6
17 4 4 10 4 2 9 4 7 6
4 5 2 2 4 5 12 3 8 3
8 18 12 16 9 2 0 9 19 4
13 3 17 8 3 3 3 1 9 2
4 9 0 1 3 4 3 10 5 8
22 22 5 6 8 8 15 10 6 1
10 7 7 11 7 1 4 16 0 4
4 6 3 2 3 3 3 2 3 9
0 15 17 2 3 0 10 11 2 13
9 7 3 4 4 2 9 13 21 1
13 8 4 9 18 11 7 3 14 2
13 7 13 0 1 5 9 22 10 10
7 13 6 6 7 4 1 10 17 4
20 0 2 0 11 4 3 8 7 7
2 1 6 7 18 3 2 13 21 6
6 4 15 4 7 10 6 1 9 0
3 1 3 10 1 0 3 6 9 4
5 7 7 3 10 4 5 2 24 10
10 4 1 4 2 4 6 4 6 1
6 10 8 6 8 5 5 3 2 6
4 2 4 4 5 0 5 0 2 4
0 7 5 3 5 1 7 1 4 7
11 14 2 1 9 2 3 12 10 14
7 1 0 4 1 9 8 3 2 0
15 6 4 7 13 2 4 11 6 0
4 5 2 8 10 6 1 16 8 2
9 11 1 9 12 10 3 8 8 2
4 6 2 4 5 6 7 3 5 1
2 12 4 2 4 15 2 16 5 1
10 14 11 14 5 3 7 13 8 15
3 1 1 4 1 2 4 4 6 0
9 8 5 20 6 21 1 1 2 1
9 4 8 9 4 12 2 3 14 14
4 2 13 6 13 2 4 5 5 2
7 15 13 10 13 2 1 4 2 1
7 2 0 4 3 7 2 16 12 2
10 2 5 3 5 7 13 14 7 14
10 3 8 0 0 1 14 12 2 1
1 8 2 7 11 19 12 10 1 2
10 2 1 4 2 0 1 2 0 4
1 6 2 4 0 0 3 6 0 4
11 1 15 2 4 1 7 14 20 22
4 6 2 16 18 6 1 6 21 15
9 7 7 7 16 14 4 6 3 6
1 7 7 3 5 3 1 7 2 12
2 7 1 6 1 0 3 2 0 1
22 3 9 9 10 15 4 6 11 7
19 2 12 7 14 17 16 11 6 5
13 2 8 4 2 8 1 0 4 3
1 3 4 2 0 1 1 6 5 3
1 8 4 6 0 7 5 7 7 11
12 11 0 4 22 2 2 17 16 15
3 2 12 11 4 4 5 1 14 12
2 0 7 5 4 12 4 19 4 12
4 4 0 1 4 1 2 11 1 4
15 2 20 9 9 7 2 1 5 3
4 3 1 9 8 4 2 9 9 6
9 1 5 26 2 5 18 3 1 8
15 18 7 16 3 15 4 21 5 1
13 10 4 5 4 2 7 8 7 0
6 6 7 2 2 2 6 2 3 6
3 0 0 3 0 9 6 5 2 8
10 6 7 8 6 6 18 1 1 16
7 10 4 2 6 19 12 3 13 1
4 7 3 0 6 8 0 2 4 2
13 4 12 1 22 0 8 22 2 10
11 4 3 2 5 3 1 3 1 3
9 11 15 1 1 6 20 13 12 18
13 8 1 10 9 8 1 6 1 8
1 15 4 13 10 8 1 4 4 5
4 5 7 9 4 2 17 9 23 18
10 19 13 4 0 3 6 3 7 1
0 8 3 0 7 9 2 4 8 6
8 8 10 11 3 5 2 2 10 0
4 1 11 1 13 21 4 11 7 2
3 4 13 8 1 5 4 2 5 2
4 5 12 11 12 0 8 10 5 7
0 8 1 9 2 1 5 16 19 6
13 8 6 3 8 11 0 8 8 5
4 5 18 9 1 1 6 3 6 4
0 2 2 5 6 0 6 1 0 7
8 3 1 4 2 5 6 14 7 9
3 6 12 9 6 13 2 3 14 3
1 5 7 1 8 8 12 8 14 4
16 1 11 12 6 2 12 0 18 5
0 9 16 12 11 2 11 9 0 9
15 0 1 7 9 10 12 4 8 9
3 8 11 10 0 13 5 10 14 2
11 8 22 13 15 3 5 0 0 2
0 2 3 9 7 8 1 12 2 0
8 6 5 20 10 1 15 8 5 9
3 7 12 4 8 3 4 5 5 1
19 6 12 1 9 19 5 4 9 6
0 8 0 2 1 8 4 7 1 5
9 3 6 1 3 0 3 10 0 4
11 1 5 5 5 12 4 9 6 4
5 17 19 8 6 3 18 6 11 5
4 4 1 9 2 0 5 8 2 9
11 6 2 5 13 4 0 25 11 2
3 5 0 4 30 8 7 4 4 5
0 4 9 0 1 12 5 3 4 1
10 20 14 4 11 6 19 5 6 8
2 0 1 0 2 7 2 3 1 6
8 16 6 1 12 8 4 13 5 4
9 4 13 10 5 10 25 7 6 15
8 12 4 10 4 18 2 1 16 12
8 1 4 4 1 3 1 3 1 3
2 2 6 12 3 3 6 1 0 2
9 2 0 0 6 6 4 4 17 1
8 2 4 4 9 7 6 6 7 10
3 7 4 2 2 3 1 7 5 3
4 5 4 6 5 11 0 2 2 7
0 0 9 0 2 2 4 2 2 3
10 5 2 2 19 10 5 21 6 6
9 5 2 0 3 4 11 1 7 10
7 3 12 3 0 9 1 9 3 8
3 5 7 7 3 11 10 14 1 0
7 1 8 2 2 1 17 11 4 4
3 2 11 2 1 7 1 4 3 7
20 11 6 7 8 12 7 13 16 11
8 14 11 1 13 17 1 2 10 4
13 8 2 13 15 9 27 0 4 5
15 11 15 23 0 19 2 5 0 4
9 8 12 2 19 18 4 5 6 1
2 5 3 4 5 3 1 2 0 5
3 6 3 2 6 4 6 4 1 8
6 11 6 4 4 3 6 15 0 3
5 1 4 3 3 6 3 8 3 1
4 1 3 2 7 2 6 2 1 2
5 3 4 4 4 5 1 4 4 2
12 3 18 4 11 14 6 6 18 10
0 9 9 5 7 5 4 2 7 2
3 3 2 12 2 1 4 3 6 6
2 4 0 4 1 9 3 5 0 4
8 9 19 14 4 4 2 14 5 18
3 2 1 5 3 6 11 8 9 7
7 1 1 2 8 7 6 7 4 3
3 5 3 1 5 0 5 21 17 0
2 4 12 7 9 11 10 3 6 5
2 6 11 6 3 2 3 12 6 3
14 8 8 5 0 4 13 6 13 2
10 4 10 5 21 3 13 17 10 5
0 7 3 3 3 3 5 0 8 2
5 9 1 7 1 11 9 2 4 33
0 2 3 4 0 3 6 1 6 0
3 3 3 2 5 7 11 4 8 17
15 5 2 6 15 17 4 10 11 16
6 1 4 3 4 1 7 3 5 8
11 15 12 3 7 6 22 8 7 6
11 1 8 6 13 2 25 2 7 10
15 5 10 2 2 9 15 7 15 19
13 5 2 14 14 24 1 0 6 7
8 1 2 2 3 15 7 6 5 12
4 3 2 2 4 9 8 2 1 1
9 15 11 6 6 8 1 13 12 2
6 2 1 6 2 8 1 1 5 6
0 3 3 1 1 5 5 2 5 5
1 9 3 3 2 12 1 4 10 3
7 6 2 6 18 0 8 12 3 25
13 7 3 10 21 9 7 2 2 14
8 4 4 9 4 22 4 6 14 10
4 12 20 1 5 15 4 6 9 7
6 6 9 5 2 8 9 6 4 1
2 18 6 1 19 9 18 7 9 0
5 18 3 6 2 9 4 19 7 9
3 1 4 6 4 1 5 2 10 5
0 13 3 0 10 8 25 7 9 2
2 1 5 5 6 6 13 2 2 4
2 10 11 1 4 17 7 10 4 4
9 5 3 8 1 9 7 2 6 4
2 2 5 7 5 2 3 8 1 9
1 4 5 5 2 2 9 6 3 5
0 16 1 9 7 0 3 11 0 7
4 11 6 11 0 6 8 2 7 21
3 7 1 2 2 10 6 5 2 6
6 22 2 11 10 7 4 12 16 2
2 2 0 5 0 6 1 1 3 11
15 6 2 15 19 4 11 6 10 10
1 1 3 1 5 2 3 11 12 4
3 9 3 5 4 3 4 21 10 1
10 8 5 13 6 7 8 1 18 4
1 2 1 6 1 6 5 3 1 3
9 10 7 6 2 12 7 1 0 3
1 5 19 0 1 2 5 7 7 7
8 4 3 7 0 2 14 6 1 1
6 18 14 6 5 7 15 12 19 10
11 8 5 1 2 11 5 29 5 2
15 12 2 1 12 2 2 8 6 1
10 7 14 10 1 7 12 7 9 10
6 7 1 0 12 8 19 1 11 4
1 1 19 8 20 2 8 18 11 4
0 1 12 4 4 1 11 9 5 5
4 5 1 1 1 5 12 5 9 11
6 4 4 9 8 7 17 13 2 18
11 3 5 2 7 3 3 0 4 19
4 8 6 20 17 4 5 2 3 11
1 13 10 9 4 1 11 4 6 1
11 5 27 11 10 18 3 7 9 3
3 14 3 14 3 3 10 13 1 2
13 10 1 18 5 23 3 8 14 13
6 5 2 4 3 3 6 3 5 3
1 1 5 4 5 8 9 1 10 2
15 6 6 4 2 4 4 24 1 14
3 5 0 4 6 0 8 16 12 6
7 5 0 8 4 3 3 3 7 3
2 1 10 3 7 1 1 3 4 4
3 13 7 5 4 6 2 4 3 7
0 13 0 1 2 9 28 14 8 10
12 5 0 6 12 0 1 2 3 1
2 2 2 2 5 7 1 4 7 6
11 25 2 15 1 18 8 5 9 7
9 5 2 1 1 7 3 5 1 6
3 4 7 3 2 5 4 1 5 4
0 20 0 7 5 3 12 11 0 13
18 25 10 12 2 1 2 2 3 8
2 2 2 11 12 1 8 4 0 6
6 1 6 6 11 4 3 15 2 19
4 3 5 0 1 4 8 2 7 17
2 6 2 1 1 1 1 0 2 11
18 21 0 1 14 1 2 17 9 4
0 1 9 0 29 3 5 2 12 12
6 3 14 3 8 20 5 1 9 17
10 8 2 2 1 5 1 9 16 1
8 25 4 2 6 24 4 10 3 7
8 8 3 4 2 2 9 3 4 4
4 3 3 8 5 12 17 7 8 5
2 4 2 3 8 13 5 7 7 16
13 1 0 4 2 4 2 5 1 1
2 2 3 2 1 6 0 22 15 7
8 1 14 4 23 13 8 4 1 9
1 4 13 0 5 7 18 9 11 17
15 2 11 5 8 2 13 12 10 2
1 23 2 0 16 14 2 13 11 5
4 22 11 13 0 11 17 4 2 6
1 4 5 4 8 5 12 9 6 2
9 9 5 19 7 19 4 1 5 14
0 14 20 1 7 2 0 1 9 11
13 3 15 12 8 20 3 3 1 14
5 1 0 6 1 5 3 4 1 1
3 13 14 3 9 2 6 4 12 9
5 9 8 6 13 7 12 3 11 1
6 0 3 13 3 3 3 15 11 11
10 1 0 5 4 1 7 6 2 0
0 1 2 12 11 2 6 2 14 1
13 10 13 18 10 10 8 11 3 10
6 5 3 5 2 1 4 1 5 2
3 1 7 15 9 2 15 12 7 6
7 12 8 9 2 2 2 0 10 19
9 5 0 4 6 4 3 4 5 11
12 5 12 2 5 0 13 5 7 19
2 0 7 9 5 8 3 6 8 3
3 0 1 2 0 27 8 10 3 9
4 0 14 14 7 2 1 6 0 1
5 1 1 6 7 0 4 0 0 1
4 1 6 7 4 22 12 12 7 5
7 2 2 1 2 2 7 3 1 1
0 9 26 7 19 9 11 3 3 13
9 4 4 3 14 21 5 9 2 21
14 9 16 14 6 9 8 7 6 8
20 15 9 2 1 19 2 10 6 2
15 2 9 5 2 5 5 2 18 3
4 6 0 7 2 9 19 4 7 2
5 8 6 1 10 10 8 2 3 3
5 0 7 5 11 4 5 6 19 20
17 5 6 7 7 2 1 6 3 6
8 6 13 1 5 11 9 1 9 3
7 2 3 4 4 9 2 6 6 7
2 3 4 22 4 0 12 5 6 8
1 4 5 1 6 1 8 6 6 2
9 10 4 8 1 8 18 2 12 25
0 9 7 4 14 1 13 3 8 1
3 5 7 1 2 0 8 0 7 3
4 4 12 14 5 9 3 5 8 12
5 2 1 17 2 2 10 7 8 14
23 18 16 4 0 9 0 10 1 4
2 1 11 20 6 10 3 6 2 6
2 1 2 7 7 5 6 3 3 3
1 0 6 2 2 6 2 1 6 2
3 2 1 12 1 1 2 2 1 2
8 15 16 10 5 16 14 8 8 6
1 1 6 6 4 6 2 10 1 5
7 29 2 4 9 6 0 2 11 7
2 8 0 1 11 19 15 2 14 4
0 2 4 1 2 5 4 10 0 2
3 10 1 8 3 5 4 11 3 1
3 6 4 5 4 5 0 0 1 8
26 2 4 5 11 6 17 1 1 10
8 10 8 4 2 2 3 3 5 3
1 22 3 0 0 4 2 1 2 1
4 4 1 5 4 6 13 11 1 1
8 19 1 0 2 10 6 2 12 18
15 17 5 11 1 7 12 1 15 3
2 8 13 4 4 5 13 9 6 8
12 0 0 4 4 7 4 7 2 7
5 0 0 2 5 0 5 5 4 4
4 10 3 10 14 2 6 3 3 1
9 6 3 17 20 5 0 3 5 3
2 2 2 1 3 2 5 8 1 1
0 3 2 16 4 15 15 11 22 6
7 10 4 0 5 8 1 8 9 2
5 4 7 18 6 5 2 1 2 5
2 2 4 19 15 2 4 19 2 16
16 7 18 13 18 9 12 3 11 8
8 20 14 4 1 1 8 2 1 3
5 14 1 9 14 11 2 6 16 6
1 5 9 10 4 9 0 4 12 3
3 4 8 9 5 16 2 13 5 22
3 2 2 10 8 17 5 4 5 9
2 3 14 15 7 5 0 1 5 9
4 6 8 3 2 5 10 9 1 4
7 4 5 4 1 7 4 2 0 14
6 13 14 1 1 19 17 15 1 1
7 9 8 8 6 12 22 4 5 4
11 21 15 12 5 7 5 3 13 6
7 2 4 2 2 2 13 2 7 6
3 0 8 13 6 6 2 29 10 8
1 6 6 6 5 4 5 1 6 2
5 0 4 4 5 1 1 6 4 4
10 8 13 1 4 11 11 12 7 4
13 5 6 0 3 2 4 5 1 2
10 1 2 10 4 1 12 2 11 7
7 13 13 5 16 6 2 22 11 5
12 8 7 8 10 5 3 1 4 10
7 2 0 16 5 1 3 11 11 2
1 6 8 4 7 3 5 1 6 9
8 1 7 5 8 9 10 7 1 5
1 10 10 3 9 5 4 7 11 3
3 3 0 2 10 4 2 7 2 3
1 5 10 5 3 6 5 1 2 4
10 6 3 2 1 2 7 11 4 21
28 5 4 15 0 2 6 3 1 16
6 4 1 1 3 1 0 0 7 4
0 6 12 0 6 9 6 1 9 4
7 12 6 3 6 1 6 2 15 13
2 8 6 1 12 4 8 6 4 7
12 0 11 7 12 5 1 6 8 3
11 8 11 3 12 10 2 11 18 10
7 1 9 14 13 4 6 28 5 6
2 1 7 2 3 0 3 2 2 4
2 15 9 6 3 12 4 12 19 18
10 1 20 7 15 6 5 5 0 7
13 10 10 3 6 15 13 9 10 9
0 22 2 19 11 5 2 13 5 6
11 10 12 10 7 19 2 10 23 10
4 1 1 8 9 17 13 0 15 13
6 5 10 1 5 3 6 5 10 3
6 23 6 1 14 6 8 11 2 16
0 7 3 3 4 1 2 6 7 3
2 0 2 5 15 3 18 5 5 10
5 5 4 2 1 2 10 3 2 0
18 9 10 13 0 16 14 13 2 7
16 10 5 28 4 14 1 6 3 7
2 1 5 6 11 3 3 5 9 17
4 6 20 19 3 2 1 19 12 12
4 12 7 3 16 10 9 6 3 4
7 3 8 6 8 3 14 7 5 8
11 0 0 8 2 21 1 6 6 8
0 11 1 0 0 1 6 5 6 9
9 2 2 9 11 2 1 11 28 3
17 6 5 15 11 9 16 9 7 4
9 3 7 2 1 1 3 5 4 3
14 6 18 17 8 4 12 21 7 2
18 10 8 1 7 1 4 0 6 13
6 20 3 14 0 10 1 15 20 8
2 9 13 7 4 2 6 5 2 0
16 9 6 8 3 2 5 7 3 6
3 25 0 7 1 5 1 14 1 19
0 1 4 21 1 9 5 9 6 10
5 2 9 1 4 3 5 1 0 3
3 5 5 22 8 8 15 6 11 3
10 1 1 9 3 1 9 0 4 3
23 1 2 15 4 11 3 1 17 4
2 4 1 1 4 4 6 2 3 2
1 0 8 3 3 5 0 6 12 1
2 9
3 39
5 15
5 49
5 57
5 66
6 100
7 43
7 59
7 87
8 24
8 50
8 97
9 73
10 78
11 35
11 50
11 89
12 31
12 43
12 60
13 32
13 36
13 38
13 88
13 112
14 27
14 38
14 54
14 96
14 106
14 107
15 18
15 93
15 106
16 63
18 85
19 57
19 60
19 82
19 86
19 113
20 61
20 88
20 117
21 95
21 97
22 28
22 85
22 102
23 105
23 109
23 116
24 88
25 58
25 84
26 77
26 119
27 43
27 56
27 91
28 33
28 44
28 71
28 111
29 123
30 89
30 103
31 72
31 87
31 128
32 83
32 132
33 78
33 88
34 38
34 123
35 82
35 125
35 135
36 65
37 62
38 65
38 107
38 122
38 131
39 47
39 118
40 44
40 93
40 109
40 130
41 54
41 110
41 140
41 141
42 73
42 105
42 106
42 124
43 52
43 72
43 120
43 129
44 85
44 88
44 104
45 77
45 83
46 63
46 65
46 138
47 50
47 136
48 104
48 129
49 71
49 77
49 84
49 85
49 91
49 139
49 145
50 124
52 84
52 116
53 75
53 101
53 120
53 151
54 92
54 115
55 75
55 112
55 114
55 127
56 93
56 152
57 74
57 98
57 101
57 146
58 139
58 154
59 131
60 85
60 128
60 148
61 70
61 74
61 99
61 122
61 136
63 112
63 152
64 80
64 84
64 90
64 110
64 130
64 142
64 143
65 145
66 84
66 111
66 161
67 71
67 128
68 74
68 76
68 112
68 163
69 103
70 119
70 162
71 75
72 90
73 153
75 165
76 121
77 102
77 129
77 157
77 162
78 87
78 89
78 168
79 92
79 97
79 117
81 92
81 111
81 118
81 125
82 98
84 106
84 125
84 148
84 154
85 120
85 121
85 132
86 113
86 154
87 126
88 133
89 117
89 125
89 130
89 133
89 153
89 157
90 124
90 173
90 182
91 100
91 125
92 156
93 113
94 153
95 132
95 165
95 192
96 99
96 113
96 133
96 153
96 157
97 125
98 119
98 175
98 180
100 136
100 143
100 155
100 174
100 179
101 112
101 173
102 140
103 108
103 153
103 166
103 196
104 149
104 183
105 115
105 150
106 151
106 172
107 120
108 141
108 163
108 198
109 145
109 207
110 142
110 145
110 188
110 208
113 136
114 208
115 128
116 171
116 178
117 118
117 164
118 166
119 122
119 154
119 204
121 148
121 159
121 189
122 154
122 188
123 130
123 198
125 215
127 173
127 174
127 177
127 222
128 150
128 215
129 188
130 181
130 226
131 183
131 207
131 211
131 228
132 151
132 156
132 178
132 196
132 204
132 219
132 225
134 172
135 159
135 163
135 164
135 170
135 227
135 232
136 149
136 190
136 223
137 173
137 193
137 194
137 212
137 224
138 149
139 145
139 171
139 186
139 209
139 237
140 145
140 216
141 226
142 153
144 146
144 207
145 177
145 196
145 225
146 192
146 224
147 150
147 220
147 243
148 190
148 211
149 166
150 151
150 164
150 209
150 223
150 238
150 239
151 159
151 242
152 154
152 198
152 208
153 166
153 246
154 155
154 184
154 213
156 172
156 248
156 249
157 192
157 212
157 229
158 170
159 208
160 181
160 215
161 260
162 163
162 189
162 223
162 232
163 260
164 171
164 189
165 169
165 177
165 202
165 211
165 217
166 175
166 235
166 266
167 239
168 219
168 267
169 172
169 208
170 188
170 207
170 211
170 225
170 231
170 252
171 187
171 201
171 220
171 231
172 189
172 192
172 238
172 251
172 267
173 231
173 234
173 239
173 265
174 184
174 210
174 211
174 213
174 219
174 229
174 231
174 234
174 243
174 257
174 271
175 233
175 264
176 198
176 227
176 233
177 252
177 261
177 275
178 213
179 220
179 234
180 194
181 184
181 235
181 255
182 201
182 210
182 237
182 244
183 214
184 220
184 269
185 192
185 213
186 189
186 194
186 237
186 285
187 269
187 280
188 204
189 197
189 219
190 207
190 227
190 235
191 199
191 205
191 289
192 194
192 197
192 201
192 253
192 267
193 212
193 241
193 245
193 276
194 241
194 247
195 231
195 276
196 220
196 241
196 243
196 250
196 272
196 289
196 293
197 216
197 296
198 201
198 220
198 229
198 247
198 268
199 232
199 243
199 293
199 299
201 221
201 227
201 248
202 213
202 227
202 253
203 212
204 208
204 277
205 220
205 296
206 259
206 262
208 223
208 246
208 262
208 281
208 292
208 301
209 212
209 222
209 230
209 239
209 308
210 254
210 286
211 295
212 225
212 269
212 302
213 249
213 284
213 311
214 219
214 285
215 223
215 244
215 281
215 285
215 300
217 279
217 295
218 237
218 256
219 267
219 274
220 235
220 295
220 314
221 222
222 223
223 228
223 235
223 290
224 265
224 318
227 293
227 306
227 323
228 249
228 297
228 309
229 256
229 282
229 287
229 289
230 311
230 320
230 321
231 237
231 271
231 292
231 304
231 320
232 251
232 262
232 286
232 293
232 325
234 251
234 299
235 292
235 301
235 305
235 319
235 323
236 255
236 309
236 328
237 280
237 314
237 321
238 251
238 253
238 276
238 323
238 338
239 249
240 276
240 289
240 300
240 330
241 293
242 287
242 316
242 325
243 249
243 317
243 322
244 254
244 331
245 279
245 292
245 305
245 332
246 311
246 313
246 314
246 338
247 306
247 320
247 325
248 291
248 332
248 347
249 344
250 260
251 327
251 333
251 350
252 263
252 267
252 270
252 322
253 271
253 328
253 336
254 329
254 330
257 259
257 273
257 350
258 269
258 271
258 284
258 303
258 316
258 317
258 346
258 350
259 309
260 272
260 315
260 325
261 285
261 286
261 320
261 356
262 270
262 287
262 296
262 307
262 314
262 349
263 281
263 298
263 307
263 335
264 284
264 326
265 283
265 342
265 352
266 275
266 286
266 301
267 318
267 353
268 314
268 331
269 285
269 322
271 289
271 305
272 297
272 321
273 287
274 288
274 323
274 327
274 331
275 297
275 300
275 304
275 373
276 304
276 322
276 331
276 332
276 356
276 361
277 290
277 300
277 329
278 353
279 289
279 294
279 336
279 370
280 290
280 293
280 313
280 333
281 299
281 338
281 345
281 348
282 354
283 299
283 364
284 287
284 347
285 307
285 343
286 333
286 343
286 359
287 334
287 376
287 378
287 380
288 320
288 367
289 291
289 349
289 373
290 350
290 356
291 315
291 342
291 387
292 307
292 308
292 342
292 349
293 329
294 369
294 387
295 314
295 332
295 338
295 390
296 360
297 349
297 353
298 348
298 372
298 385
298 396
299 302
300 307
300 340
301 308
301 337
301 366
301 374
301 378
301 401
302 327
302 350
302 365
302 392
302 400
303 304
303 318
304 358
304 367
305 337
306 336
306 405
307 321
308 320
308 373
309 352
309 357
310 345
310 376
310 407
311 322
311 399
312 330
312 339
312 351
312 382
312 386
312 393
313 393
314 350
314 370
315 407
316 345
316 347
316 363
316 416
317 355
317 366
317 410
317 411
317 416
318 331
318 344
319 320
319 333
319 377
319 398
320 332
320 402
320 411
321 322
321 338
321 340
322 343
322 393
322 405
323 395
323 409
324 392
325 338
325 353
325 389
326 348
326 382
326 390
327 336
327 365
328 342
328 403
328 424
329 366
329 413
331 416
332 338
332 384
333 366
333 380
333 431
334 370
334 375
334 384
334 412
335 415
335 421
337 424
338 394
338 417
339 394
340 345
340 425
342 390
342 432
343 385
343 412
344 386
344 390
345 406
347 350
347 369
347 425
347 431
347 441
348 365
348 369
348 370
349 353
349 398
349 409
349 423
349 425
350 361
350 403
350 447
351 403
351 413
351 424
352 400
353 359
353 370
353 404
353 406
353 429
354 388
354 405
354 443
354 454
355 362
355 378
355 394
355 411
355 436
355 439
356 410
356 416
357 409
357 418
357 448
358 369
358 445
358 446
359 378
359 439
360 456
361 370
362 381
362 397
363 427
363 457
364 390
364 426
364 447
365 446
365 461
366 394
366 405
366 433
366 435
366 437
367 442
367 462
368 448
369 395
369 419
369 433
370 446
370 450
371 380
371 460
372 430
373 384
373 408
373 409
373 452
374 378
374 437
374 458
375 377
375 380
375 442
376 389
376 406
377 396
377 468
378 417
378 435
378 469
379 383
379 401
379 415
379 417
379 451
379 469
379 474
380 419
380 462
380 468
380 476
381 414
381 448
381 456
381 458
383 471
384 389
384 433
384 463
384 477
385 468
386 434
386 459
387 443
387 463
387 475
388 397
388 407
388 443
388 450
388 454
389 397
389 445
390 480
391 471
392 417
392 438
393 403
393 469
396 421
397 415
397 450
397 471
398 451
399 454
399 487
400 430
400 474
400 479
401 430
401 440
401 457
401 464
401 488
403 466
403 472
403 478
403 503
404 456
405 443
406 435
406 441
406 502
407 418
407 436
407 445
407 480
407 503
408 503
409 414
409 444
409 445
409 483
409 486
409 489
409 504
410 439
410 461
410 500
412 425
412 436
412 456
412 467
412 486
412 498
413 430
413 443
413 464
414 512
416 424
416 506
418 449
418 459
418 491
419 465
420 424
420 429
420 432
420 473
421 471
422 455
423 428
423 451
423 454
424 426
424 461
424 500
425 472
425 495
427 435
428 436
428 462
429 450
429 451
429 453
429 464
429 477
431 460
431 499
431 521
432 459
433 465
433 498
433 513
434 508
434 531
436 459
436 461
436 463
436 472
436 495
436 528
437 468
439 507
440 471
440 478
440 511
440 512
440 519
441 506
441 526
441 534
441 539
442 451
442 488
442 492
442 542
443 461
443 464
443 502
443 533
444 447
444 462
444 483
444 502
444 540
445 457
445 505
445 528
446 467
446 504
447 483
447 544
448 546
449 470
449 514
450 470
450 481
450 525
452 458
453 481
453 497
453 528
455 498
455 525
456 483
456 506
457 479
458 462
458 463
458 467
458 513
459 493
459 506
459 519
459 549
459 551
460 477
460 501
460 541
460 559
461 469
461 523
461 547
462 470
462 529
462 551
463 468
463 471
463 508
463 520
464 489
464 535
465 502
466 547
467 488
467 558
468 535
469 496
469 510
470 516
470 554
471 479
471 500
471 501
471 543
471 551
472 512
472 548
473 539
474 513
474 548
475 504
476 498
476 562
477 478
477 506
480 481
480 564
481 484
481 494
481 502
481 513
481 541
482 504
482 525
482 531
482 537
483 484
483 520
484 509
484 513
484 529
484 558
484 576
485 500
486 526
486 549
486 584
487 557
487 571
488 521
488 562
489 514
489 526
489 530
489 576
490 534
490 575
490 580
490 581
491 563
492 513
492 520
492 570
493 529
493 570
493 576
493 586
494 549
495 499
495 539
496 525
496 578
497 541
497 547
498 513
498 584
499 562
499 570
500 508
500 559
501 510
501 514
501 522
502 514
502 523
502 572
503 547
503 603
504 524
504 525
504 545
505 511
505 553
505 564
507 553
507 554
508 592
509 510
509 563
509 573
509 585
511 552
511 562
512 515
512 533
512 580
513 559
514 547
514 560
514 585
514 606
515 583
515 613
516 571
516 572
516 585
518 544
518 586
519 545
520 595
520 617
521 553
521 595
522 544
522 549
522 569
522 596
522 597
523 561
523 623
524 551
526 539
526 590
527 534
528 541
528 628
529 550
529 568
530 608
530 610
531 543
531 596
531 627
532 539
532 630
533 546
533 568
533 575
534 630
534 631
535 542
535 548
535 552
535 573
535 574
535 576
535 602
537 538
537 568
537 607
537 631
538 539
538 549
538 571
538 619
539 622
539 630
540 544
541 558
541 602
542 585
542 586
542 622
543 558
543 560
543 573
544 553
544 555
544 577
544 630
545 554
545 582
545 605
545 640
546 579
546 601
546 607
546 631
546 636
546 639
547 573
547 599
547 632
548 615
548 629
549 602
550 617
551 581
551 606
552 635
552 649
553 620
553 628
554 625
554 629
554 633
554 647
555 565
555 579
556 623
556 635
557 630
558 650
559 571
560 616
560 617
560 623
561 563
561 567
561 593
561 610
561 629
562 594
563 635
564 599
564 631
564 636
566 618
566 643
566 661
568 604
570 659
571 580
571 583
571 664
572 671
573 590
573 637
573 643
573 653
574 587
574 614
574 635
574 654
574 665
574 667
575 618
575 625
575 636
575 643
575 661
576 601
576 652
576 672
577 658
577 676
578 606
579 612
580 582
580 593
580 604
580 622
580 634
580 636
581 644
581 656
582 608
582 639
583 606
583 607
584 619
584 625
584 635
584 667
585 590
586 612
586 650
586 655
586 659
586 662
586 672
587 675
588 604
588 613
588 622
589 596
589 598
589 619
589 629
590 668
591 629
591 664
593 636
593 668
593 680
593 687
594 610
594 634
594 644
594 657
594 684
595 635
595 671
596 624
596 653
597 661
597 662
598 692
599 602
599 608
600 650
600 658
600 678
601 621
601 649
601 683
602 623
602 642
602 651
602 658
602 700
603 668
604 609
604 675
604 692
605 628
605 667
605 674
605 676
606 607
606 705
607 608
607 658
607 687
607 705
608 618
608 675
608 681
609 624
609 643
610 698
611 622
611 626
611 631
611 669
611 678
612 652
612 690
612 699
613 621
613 635
613 645
613 647
613 671
613 695
614 661
614 670
614 678
614 687
616 638
616 642
616 671
616 685
617 644
617 666
618 652
618 703
619 649
619 663
619 717
620 649
620 718
621 637
621 639
621 642
621 648
623 661
624 670
624 720
625 636
625 663
625 687
626 662
626 703
626 714
627 649
627 661
627 680
627 699
627 713
628 645
628 696
628 711
628 724
629 664
629 708
630 649
630 729
631 641
631 694
631 697
632 642
632 644
632 669
633 648
633 691
633 710
634 644
634 725
635 708
636 640
636 681
637 692
637 720
637 724
638 710
638 719
639 653
639 730
640 721
641 649
641 694
641 732
642 739
643 646
643 677
643 681
645 680
645 701
645 722
646 716
647 682
647 730
648 690
648 712
649 734
650 679
650 700
650 725
651 702
651 732
651 749
651 750
653 721
654 716
654 738
655 694
655 723
655 755
656 731
657 681
657 698
657 702
657 714
657 721
658 670
658 711
658 745
659 663
659 704
659 729
660 715
660 734
660 744
661 668
661 709
661 726
662 678
662 714
662 755
664 680
664 698
664 751
665 668
665 693
665 698
665 712
665 728
665 730
665 750
665 765
666 668
666 672
666 707
666 719
667 678
667 712
667 737
667 757
668 711
668 728
668 735
668 763
668 765
669 766
670 712
670 740
670 756
671 682
671 724
671 744
672 674
672 690
672 709
673 767
674 687
674 696
674 697
674 716
674 730
674 736
675 746
676 691
676 694
677 734
677 752
677 773
678 740
678 753
679 690
679 694
679 717
679 747
680 690
680 715
680 744
680 770
681 767
682 726
682 781
683 711
683 718
683 725
683 750
684 753
685 691
686 774
686 776
686 777
686 781
687 690
687 713
688 712
689 722
689 753
690 721
691 736
691 759
692 702
692 743
692 792
693 695
693 722
693 729
693 773
694 730
695 749
695 751
695 786
696 757
697 702
698 722
698 727
698 754
698 755
698 766
698 775
699 702
699 704
699 746
699 764
699 769
699 776
699 791
700 748
701 736
701 798
702 732
702 753
702 786
702 792
703 758
704 724
704 731
704 736
704 789
705 724
705 747
706 765
706 794
707 727
708 775
708 808
709 745
709 761
709 776
709 781
709 802
710 760
710 761
710 767
710 768
710 801
711 713
711 720
711 728
711 758
712 738
712 764
713 733
713 754
713 763
713 766
713 792
714 737
714 763
715 718
715 778
715 780
715 791
716 740
716 784
718 750
718 753
718 813
719 758
720 721
720 781
720 790
720 793
721 784
721 793
722 728
722 748
722 752
722 758
722 777
722 804
722 811
723 755
723 774
725 762
725 792
725 817
726 740
726 742
726 745
727 819
728 812
729 758
729 822
730 772
730 804
730 818
731 750
731 776
731 793
731 826
732 765
733 746
733 771
733 788
733 797
733 804
733 807
734 784
734 800
735 750
735 775
735 792
735 799
736 802
736 808
736 826
737 797
737 804
738 770
739 773
739 785
739 830
740 763
740 784
740 812
740 817
740 837
741 760
741 780
741 836
742 775
742 829
743 780
743 783
743 817
743 820
744 746
744 817
744 826
745 771
746 780
746 825
746 832
746 846
748 754
748 843
749 795
749 814
750 771
750 802
750 810
750 825
750 848
751 801
751 816
751 837
752 842
753 779
753 808
753 835
754 767
754 779
754 838
754 847
755 805
755 849
756 834
757 778
757 813
758 854
759 773
759 774
759 804
759 852
760 771
760 815
761 785
761 800
761 803
761 809
761 816
761 817
761 832
761 833
761 843
762 775
762 777
762 781
762 783
762 789
762 791
763 789
763 847
764 858
765 772
765 791
766 834
767 827
767 832
768 839
768 847
769 794
769 800
769 804
769 820
769 827
769 852
769 857
770 782
770 784
770 789
771 786
771 818
772 784
773 835
774 794
774 825
774 865
775 776
775 795
775 797
775 806
775 813
776 813
776 858
776 865
777 787
777 804
777 810
777 839
778 835
778 870
779 814
779 823
779 830
780 833
780 838
780 865
781 839
781 842
781 860
781 870
782 822
783 825
783 844
783 864
783 868
784 838
784 845
784 856
784 882
785 793
785 845
786 873
787 794
787 815
787 884
788 806
788 868
789 793
790 803
790 837
790 886
791 794
791 809
791 819
791 843
792 810
792 827
792 836
792 853
792 861
792 871
792 878
793 798
793 833
793 851
793 882
794 805
795 859
796 869
797 830
797 849
797 869
797 876
798 806
798 830
798 841
798 861
798 871
799 811
799 852
799 858
799 862
799 879
799 885
800 848
800 863
800 879
801 859
801 865
802 816
802 831
802 886
803 849
803 872
804 820
805 810
805 822
805 841
805 885
805 901
806 812
806 842
806 861
806 862
806 883
808 848
808 863
808 873
808 891
809 827
810 865
811 852
811 864
812 857
812 869
812 896
813 851
813 858
813 878
814 847
814 860
814 868
815 899
816 874
816 905
817 858
817 861
817 903
817 904
818 869
818 897
818 918
819 832
819 836
819 885
820 829
821 913
822 842
822 858
823 841
823 859
824 848
824 866
824 907
824 922
827 859
827 892
827 910
828 880
828 903
828 916
829 843
829 884
830 858
831 852
831 920
831 926
834 847
834 923
835 848
835 860
835 885
836 889
837 852
837 885
838 877
838 903
839 856
840 862
840 909
841 907
841 916
841 922
841 926
843 916
843 931
844 908
845 851
846 854
846 855
846 862
846 944
846 946
847 885
847 916
847 926
848 871
849 891
849 897
850 854
851 910
851 950
852 870
853 856
853 885
853 888
853 929
853 937
853 942
854 861
854 933
854 938
856 868
856 886
857 867
857 877
857 920
858 870
858 901
859 864
859 871
859 931
860 872
860 912
861 864
861 955
862 888
863 932
864 915
865 922
866 919
866 954
868 920
868 942
869 876
869 906
870 922
871 883
871 923
872 875
872 944
873 884
873 903
873 930
873 932
873 956
873 959
874 920
874 965
875 958
875 964
876 928
876 933
876 937
876 941
877 939
877 974
878 919
878 965
879 933
879 978
880 895
880 897
880 919
880 962
882 948
882 976
883 887
883 932
883 954
884 970
885 906
885 945
885 977
886 894
886 897
886 930
886 963
886 971
888 907
888 918
888 919
888 970
889 893
889 966
890 894
890 908
890 948
891 907
891 956
891 960
891 986
892 913
892 963
892 987
892 991
893 931
894 912
894 915
894 922
894 932
894 950
895 964
896 935
896 976
897 919
897 929
897 954
897 986
899 907
899 966
899 985
900 919
901 903
901 921
901 936
901 971
902 912
902 978
902 994
902 996
903 942
903 950
903 961
903 995
904 915
904 921
904 974
904 993
905 933
905 974
906 950
907 968
908 937
908 939
908 941
910 912
910 926
910 965
911 928
912 941
912 976
912 1000
913 980
914 927
914 980
914 997
915 931
915 947
915 999
916 936
917 942
917 951
917 974
919 954
919 973
920 959
921 971
922 925
922 926
922 971
922 975
922 978
922 1000
923 982
924 945
925 929
925 943
927 936
927 943
927 965
928 942
928 947
929 938
929 968
929 979
929 983
929 1000
931 967
931 996
932 951
932 975
932 1000
933 947
934 944
936 945
937 963
937 971
938 949
939 963
940 991
940 993
941 973
941 996
942 950
942 972
943 952
943 957
944 980
944 995
945 975
945 984
947 959
949 967
949 970
950 959
950 991
953 970
953 987
954 988
954 1000
955 980
956 970
956 976
956 993
958 959
958 967
960 969
961 982
963 968
966 986
970 975
970 980
970 992
971 987
972 994
976 983
976 984
977 995
983 992
985 989
989 993
995 996
996 999
7 8 18 6 2 1 15 5 15 4
4 8 10 11 2 6 15 5 2 8
8 3 11 5 2 1 3 3 1 14
2 15 15 2 7 2 1 6 3 22
15 25 11 9 23 36 7 4 6 25
7 17 15 17 10 3 13 13 9 2
7 13 2 6 11 9 9 1 14 8
4 25 3 7 2 3 12 3 20 12
21 4 32 3 26 5 7 14 25 1
0 6 15 5 13 12 11 14 2 9
1 5 6 3 18 1 4 12 2 1
13 11 20 9 6 12 12 12 7 15
9 11 4 15 5 0 4 1 3 6
7 22 21 0 18 6 25 26 18 6
9 24 11 28 15 17 8 5 12 12
19 8 12 2 6 5 2 18 3 2
11 6 5 12 3 3 4 19 5 3
11 7 21 2 26 23 18 21 18 0
17 1 13 1 5 6 9 13 2 9
9 10 4 12 10 3 9 12 3 5
2 4 14 14 1 1 1 1 1 6 13 1 10 3 1 10 5 2 12 5
13 2 21 22 3 8 8 10 17 3 24 1 17 11 1 22 13 12 13 6
38 36 47 42 15 24 39 44 34 29 52 14 44 21 15 26 28 15 37 31
33 34 37 22 5 23 25 35 27 21 47 7 43 16 7 32 43 19 32 33
24 26 32 31 1 14 13 29 7 13 24 9 31 5 1 23 26 1 22 20
19 10 22 18 4 11 12 18 17 13 26 4 15 14 1 18 15 17 19 12
8 7 16 12 1 3 1 6 8 10 15 1 7 8 1 7 6 7 15 4
47 48 57 45 17 34 41 43 46 47 73 18 54 35 13 54 50 38 53 46
30 34 49 34 12 19 23 22 34 36 57 15 49 6 8 46 50 22 40 36
3 5 8 6 3 1 6 7 3 7 9 1 8 1 2 1 1 3 4 1
46 39 63 48 15 28 26 28 51 35 62 22 51 20 13 61 56 33 56 40
5 5 12 10 1 5 3 2 6 8 14 1 9 2 1 9 5 6 9 5
11 11 31 21 10 1 20 13 22 18 30 5 24 11 8 25 22 16 27 15
11 9 14 5 5 7 11 9 10 5 13 1 12 3 4 8 7 9 7 5
25 25 46 39 14 9 27 25 29 35 54 11 34 17 6 36 29 25 35 22
37 32 42 37 8 23 32 33 39 35 58 6 35 31 3 42 34 30 41 31
18 13 21 17 1 14 11 19 21 16 34 4 20 8 1 17 24 15 17 19
27 18 41 31 11 15 18 20 35 25 47 7 32 11 9 37 34 22 31 19
21 12 21 19 8 15 16 18 14 2 19 1 26 11 7 17 15 11 9 13
47 56 63 60 19 44 38 42 22 52 61 34 58 34 24 53 54 31 52 45
6 4 11 11 2 5 11 9 11 8 16 1 10 8 1 12 6 12 11 5
17 12 24 10 4 9 9 16 14 8 17 4 17 8 1 11 16 10 18 8
25 27 43 36 13 26 19 20 28 22 47 10 45 16 7 43 42 12 35 33
43 50 56 49 7 38 39 56 25 34 56 21 54 23 16 46 54 9 48 47
3 12 26 21 15 5 22 18 9 11 29 4 31 1 14 22 25 1 15 23
33 31 52 39 25 12 40 40 37 29 57 12 46 17 19 44 43 27 38 28
36 47 63 50 35 27 51 40 42 49 77 22 61 30 25 62 56 36 56 49
18 21 22 18 4 9 20 30 4 14 26 6 26 8 6 8 19 5 11 15
50 60 75 70 37 38 45 53 19 45 58 35 68 22 36 40 47 20 46 44
23 25 40 35 10 8 21 24 19 33 39 7 20 22 7 25 17 20 29 12
9 13 18 22 1 8 3 10 7 16 26 1 13 9 1 10 6 5 15 10
32 35 44 31 10 26 29 28 33 34 48 21 42 29 13 51 41 33 45 32
40 44 57 55 32 30 39 29 28 47 64 23 49 28 22 50 38 33 47 33
9 8 10 10 1 1 2 8 4 7 9 3 7 7 1 8 6 6 12 1
18 22 32 21 4 4 9 19 10 18 27 3 23 1 1 17 19 8 21 10
54 50 71 61 24 35 38 50 36 37 62 24 61 25 28 47 52 28 43 39
32 31 34 34 9 24 29 41 18 21 42 11 38 16 10 36 39 18 28 31
35 38 46 42 10 24 30 43 11 32 44 19 42 22 16 23 38 19 31 32
19 12 25 14 8 5 15 15 19 11 21 1 13 13 4 16 9 18 19 3
33 27 28 21 1 25 14 26 26 16 35 7 30 20 4 28 32 17 28 22
25 29 36 33 10 25 10 15 23 20 45 8 40 17 6 42 39 16 30 29
14 8 23 22 3 8 10 11 17 13 28 1 15 12 1 21 13 16 17 7
12 9 18 10 1 8 5 11 9 6 15 1 12 5 1 9 10 8 13 8
14 9 25 20 1 9 13 19 17 7 30 1 20 12 1 17 20 8 19 14
48 49 51 43 8 39 38 29 46 48 69 22 53 29 10 47 52 37 48 51
15 15 20 15 8 1 13 18 1 7 8 5 18 3 7 8 9 3 7 1
13 14 30 24 1 2 6 12 10 14 24 5 19 6 1 22 16 9 26 7
10 12 20 11 3 5 10 14 7 5 11 5 17 4 1 14 13 7 14 6
34 41 45 42 17 25 39 47 15 35 49 17 43 20 17 41 39 20 41 35
16 22 34 24 16 5 15 13 12 18 26 7 26 5 10 14 11 9 26 13
26 19 33 25 10 8 20 28 16 15 24 8 25 18 5 21 15 14 23 13
9 12 22 18 8 2 21 19 8 15 27 3 24 11 4 16 14 10 17 17
32 27 25 27 1 20 24 28 20 27 37 8 26 26 7 26 23 26 22 18
33 32 46 41 23 22 38 44 25 14 46 10 50 12 21 27 33 8 24 32
8 14 13 14 6 5 11 12 4 13 16 1 12 3 5 6 3 5 4 3
53 54 57 50 21 45 55 57 43 40 70 22 69 35 29 47 48 27 45 53
29 33 54 34 9 10 27 32 27 26 52 10 46 11 6 41 43 21 41 30
22 21 28 25 8 12 20 18 18 19 34 4 31 16 5 29 23 20 20 17
55 54 62 40 12 32 46 52 30 28 53 21 65 18 18 47 55 19 48 48
2 1 7 5 1 2 11 8 7 3 14 1 12 4 1 5 8 6 9 7
35 44 60 66 34 41 34 39 42 46 69 30 57 24 27 58 51 24 49 46
11 11 27 25 8 1 11 15 6 8 20 1 23 3 6 15 13 1 13 4
4 7 20 18 6 5 12 8 14 9 23 1 20 8 5 19 15 10 18 11
3 7 10 10 1 1 4 9 3 6 10 1 6 3 1 8 3 5 9 1
24 24 38 30 16 18 22 20 22 19 40 7 43 13 10 35 35 17 27 27
5 4 10 9 1 1 6 6 1 6 8 1 8 3 1 4 3 2 5 1
24 20 24 28 13 15 20 15 30 28 38 12 18 28 3 37 22 32 29 21
5 5 13 6 1 2 5 6 3 3 9 1 9 1 1 7 7 4 5 1
24 30 33 30 7 21 18 23 12 26 42 7 39 12 4 29 32 13 21 25
4 14 14 18 2 4 3 6 1 18 20 1 10 8 1 8 4 3 14 8
24 27 48 43 29 25 38 29 37 33 58 20 52 16 21 49 44 26 42 40
20 21 37 26 7 10 13 19 20 19 33 9 26 2 5 28 29 11 25 12
33 31 35 36 1 22 27 42 8 17 28 11 38 17 5 21 29 4 22 25
22 21 24 23 18 16 34 28 29 22 40 11 25 26 8 35 30 30 31 29
37 36 56 58 30 24 45 39 36 44 63 20 48 27 24 45 37 31 38 35
17 16 26 18 12 5 18 19 11 11 17 4 19 6 11 9 9 10 13 5
55 46 58 61 14 42 47 57 39 41 72 25 57 47 20 49 55 32 40 45
28 32 37 27 10 24 26 22 33 41 52 14 32 28 11 39 28 32 41 25
36 35 47 33 11 12 32 37 25 29 48 9 39 11 11 22 25 19 32 24
34 30 36 29 1 22 23 26 30 28 51 9 32 16 3 27 36 26 28 31
43 36 40 28 1 32 23 34 38 25 46 14 38 28 6 40 44 21 42 32
27 42 54 48 35 30 43 37 26 42 67 18 57 24 27 54 52 30 48 45
16 18 24 25 1 11 16 24 7 17 29 1 25 10 4 14 17 7 11 16
33 31 35 34 1 25 21 36 16 18 31 15 37 12 6 31 34 10 26 28
36 36 53 45 18 10 28 42 22 27 43 14 41 17 11 31 28 17 39 22
59 57 69 59 25 40 44 50 46 41 63 33 61 41 21 58 50 28 59 47
21 17 18 17 1 13 6 18 6 13 23 3 16 8 3 9 15 9 5 8
2 6 14 11 3 2 5 3 4 7 12 1 12 2 1 11 5 5 10 3
8 8 13 6 4 4 7 8 5 3 8 1 10 2 3 7 5 6 5 2
12 13 32 37 12 6 11 12 16 22 36 6 26 12 6 29 19 10 25 16
2 4 14 10 1 2 3 4 7 9 21 1 11 1 1 11 11 5 9 7
54 60 71 57 16 36 38 41 39 42 62 32 66 19 10 58 59 25 59 49
34 32 39 39 10 16 20 33 13 20 36 5 34 15 12 21 18 13 21 16
36 44 50 53 29 33 34 29 21 38 57 19 52 19 24 37 31 19 34 35
34 33 49 34 27 21 41 41 22 22 47 10 45 12 26 31 33 20 33 31
16 11 34 31 12 8 21 20 20 18 41 4 34 11 6 31 28 15 21 21
27 34 50 38 11 10 25 29 21 38 52 16 39 13 3 34 35 18 40 29
23 25 33 23 2 15 13 23 14 14 25 10 31 13 1 21 24 1 23 21
19 21 36 33 15 7 18 20 11 18 29 6 27 9 9 19 10 10 23 13
21 15 16 17 11 13 25 18 16 6 22 3 28 11 11 15 11 15 12 15
23 26 45 33 22 8 35 34 20 25 41 8 37 16 15 29 26 18 34 25
13 16 24 18 3 9 18 24 10 16 31 1 23 7 3 9 16 7 14 15
42 39 54 57 32 22 43 47 36 35 63 21 53 25 18 43 35 27 37 38
3 1 2 5 1 4 1 1 8 4 12 1 2 6 1 8 3 10 4 1
29 25 29 37 8 28 27 33 20 23 50 8 38 27 13 25 34 24 13 31
26 18 40 28 7 14 20 26 27 14 41 9 40 7 5 35 41 16 29 24
10 12 20 16 6 9 1 8 9 13 21 5 16 7 1 14 12 8 17 13
18 26 35 29 11 18 9 14 16 28 41 8 28 8 5 25 24 12 27 21
22 17 38 33 22 15 24 25 21 12 27 10 37 3 20 24 24 6 21 19
27 39 43 37 29 28 38 30 14 28 52 13 57 9 23 38 42 14 27 43
20 19 20 16 1 15 11 11 24 24 34 7 14 16 6 20 19 24 21 15
28 25 45 39 4 17 30 36 26 22 45 10 41 25 4 34 33 9 34 29
38 35 35 39 16 27 44 41 21 29 49 10 45 30 23 26 31 30 20 30
37 41 44 26 13 24 22 24 31 37 51 13 42 15 10 35 39 27 36 32
38 35 49 41 23 35 39 39 40 27 56 16 59 18 21 49 53 22 37 46
9 1 14 16 3 1 17 15 6 7 17 1 16 8 1 8 5 8 9 6
13 18 30 23 10 7 9 14 4 12 20 9 27 6 1 20 20 4 17 13
22 24 26 21 7 10 14 15 13 14 27 2 31 11 6 27 22 15 18 13
55 58 75 65 26 39 39 51 33 40 68 24 67 28 25 45 55 21 43 44
40 39 61 50 31 13 45 50 34 31 61 16 49 22 20 43 43 28 41 30
18 15 23 15 6 7 9 18 6 6 13 5 21 6 5 11 12 6 13 7
45 49 70 60 16 23 32 46 23 41 53 23 54 20 12 49 44 14 51 33
5 7 12 14 3 3 3 3 4 7 14 2 13 6 1 10 6 6 13 8
1 3 7 4 1 1 2 2 5 9 9 1 2 1 1 1 3 3 8 1
9 17 18 13 3 8 17 22 8 15 29 1 15 7 6 9 17 8 12 15
14 4 22 27 4 5 9 12 15 10 25 2 16 15 1 21 11 10 14 6
22 17 30 24 9 3 26 25 22 24 36 6 20 14 3 18 15 21 24 11
1 1 5 1 1 1 1 1 3 2 6 1 1 1 1 1 1 1 4 1
23 17 29 35 16 15 20 21 19 12 35 3 32 13 14 24 20 14 11 14
34 28 39 38 1 21 25 40 22 22 40 10 32 25 3 25 28 12 31 23
21 23 31 22 18 7 33 36 15 18 29 12 28 18 11 26 26 17 29 21
8 5 13 7 1 2 4 8 1 4 9 1 11 1 1 2 5 1 2 3
27 36 52 56 28 31 28 32 25 38 57 19 51 13 25 41 39 15 33 36
8 15 25 23 10 11 4 5 10 17 26 9 18 9 4 21 14 11 25 15
33 41 61 43 23 13 28 27 19 30 48 22 55 1 15 37 42 13 40 32
54 47 57 41 5 44 38 37 60 50 71 27 52 47 20 62 54 42 62 50
7 8 19 21 4 3 7 4 9 15 21 3 14 10 1 16 7 10 19 8
43 46 58 51 13 31 39 50 19 42 55 24 51 24 18 37 48 27 42 40
27 25 24 25 6 15 23 23 13 19 29 1 22 19 11 14 13 19 12 11
6 3 7 3 4 4 10 7 5 3 8 1 11 3 3 4 3 6 3 2
40 49 51 43 26 37 39 32 33 47 61 23 52 26 30 39 32 27 46 39
48 50 72 68 18 32 33 46 31 46 62 26 53 32 17 52 51 23 54 39
15 17 33 21 13 6 22 20 24 22 37 11 29 2 12 24 33 11 25 23
5 8 10 15 1 3 7 8 2 11 17 1 10 6 1 5 1 4 5 2
10 6 8 7 1 10 8 5 11 6 15 1 12 9 1 12 9 13 9 9
47 50 50 45 16 41 41 43 33 40 60 18 56 36 28 41 39 32 39 43
32 49 51 37 17 32 38 42 27 40 64 15 56 23 24 50 56 23 44 46
45 43 52 37 5 29 34 35 31 39 62 13 53 23 12 37 50 33 34 39
30 32 39 23 14 26 39 38 33 22 46 18 51 22 24 46 51 26 35 38
24 31 37 33 9 9 18 25 2 21 18 15 32 7 8 25 20 4 29 15
34 38 55 45 12 23 24 30 31 40 59 14 38 22 5 42 36 24 44 31
14 11 23 13 1 10 10 17 13 3 18 1 19 9 1 11 14 5 17 11
1 1 12 9 1 1 4 3 6 7 13 1 9 1 1 6 5 4 7 1
4 2 8 7 1 1 4 3 1 1 4 1 7 3 1 5 3 2 2 1
44 47 48 38 19 41 48 54 21 34 62 9 56 31 26 31 50 25 33 47
16 10 29 38 16 9 25 23 24 24 38 11 24 12 10 29 19 15 24 15
5 6 17 10 1 6 5 3 11 10 18 1 12 1 1 13 10 9 13 6
25 33 52 43 19 21 20 22 9 25 36 23 47 6 13 40 43 4 41 33
25 39 55 55 36 32 43 35 22 42 71 19 60 17 28 54 52 19 43 48
36 42 45 34 10 23 33 42 14 32 44 16 43 18 14 25 40 23 31 32
41 47 54 46 23 32 42 44 36 39 68 20 56 33 12 58 55 30 51 51
1 4 7 10 1 1 1 1 5 8 11 1 4 5 1 8 1 6 12 3
36 41 58 54 32 18 50 51 27 35 61 14 53 22 29 39 36 22 33 34
44 49 47 43 22 32 38 41 19 37 50 17 51 29 28 32 38 29 26 33
26 22 33 28 8 10 22 28 12 23 28 5 22 19 12 10 12 14 19 8
13 26 32 34 21 9 17 18 8 20 30 9 31 3 13 21 16 6 14 14
22 13 25 23 1 19 11 18 23 5 28 4 22 18 1 25 22 11 20 17
28 31 53 40 21 24 23 27 31 27 52 12 49 8 13 42 45 12 36 33
20 24 36 36 16 11 37 36 12 24 42 6 35 21 19 20 27 17 15 23
25 32 39 30 13 15 23 29 3 16 23 16 43 1 9 28 31 4 23 24
7 6 15 10 1 6 1 2 13 11 21 1 8 3 1 14 12 11 11 4
11 13 17 18 6 6 13 15 7 10 20 1 18 3 4 13 10 7 2 6
41 40 65 49 26 33 40 33 53 46 74 23 59 32 19 66 57 38 60 49
34 31 53 56 23 23 35 39 31 41 56 19 40 26 22 39 33 24 33 30
22 17 30 29 2 12 10 16 20 20 38 3 22 15 1 28 21 18 24 12
22 35 45 44 19 20 33 39 12 31 52 6 44 17 13 33 30 8 34 35
41 39 48 35 11 27 36 41 37 36 64 10 42 27 14 39 46 33 39 40
17 17 32 20 10 4 18 22 5 3 19 2 30 1 8 10 13 2 11 10
31 37 48 36 12 8 23 26 14 32 39 9 33 13 12 21 20 16 30 18
4 8 8 9 2 5 2 3 6 12 17 1 7 2 1 9 6 7 8 6
11 11 22 17 7 9 18 19 15 13 33 1 22 11 7 18 18 14 20 19
14 24 30 32 11 11 14 17 1 23 29 5 29 5 9 12 13 3 9 15
36 44 58 52 23 31 47 54 21 34 62 15 61 25 27 34 49 15 28 46
27 23 34 30 8 20 24 28 20 23 45 7 34 17 13 22 36 19 17 24
21 23 24 22 11 14 27 28 8 17 26 4 26 7 15 3 7 7 9 15
18 34 43 36 19 20 28 36 11 25 48 7 45 9 12 30 35 4 30 35
35 40 57 45 16 30 36 47 25 22 49 18 56 15 17 47 54 8 43 43
16 12 25 19 2 6 10 12 19 14 28 1 17 12 1 23 16 17 20 4
16 12 27 13 3 3 6 13 11 8 17 2 16 5 2 12 14 9 18 4
22 14 21 18 7 12 17 22 13 1 18 1 25 10 6 13 13 8 9 12
22 25 35 25 11 6 29 30 21 23 39 5 28 13 10 23 24 20 24 16
1 6 8 7 1 1 6 4 3 8 8 1 8 6 1 7 3 5 12 6
14 19 40 37 20 17 20 21 21 22 42 13 40 8 12 36 34 10 28 28
46 44 59 52 21 30 49 60 26 36 59 19 53 38 24 33 44 26 39 39
12 10 20 24 1 7 6 11 12 13 25 1 14 13 1 17 9 8 20 11
17 16 30 20 4 11 10 17 13 11 22 1 22 11 3 15 16 5 21 14
42 50 73 70 41 24 41 44 28 44 59 34 57 19 28 52 42 17 55 35
4 1 2 2 1 3 1 1 7 1 9 1 4 5 1 7 2 9 2 1
34 31 40 19 7 17 34 24 29 24 45 8 46 10 11 31 37 27 27 31
2 4 4 7 1 1 1 4 4 6 11 1 1 4 1 4 1 6 4 1
4 6 9 10 1 2 2 5 1 10 13 1 5 4 1 1 1 1 6 1
23 27 36 29 4 11 9 22 12 23 32 7 25 10 4 19 22 7 25 14
24 23 29 29 11 14 15 22 12 14 31 2 30 9 9 19 17 10 9 15
17 12 22 11 6 8 10 10 18 8 20 1 15 10 5 15 13 17 16 5
53 51 53 52 16 41 44 52 27 45 60 24 58 38 21 45 50 37 41 46
42 46 59 45 16 24 36 47 29 28 61 10 56 20 14 38 45 16 35 38
22 30 41 33 23 20 31 26 27 34 57 14 38 21 8 42 40 26 43 39
21 16 26 30 3 18 26 22 20 24 46 3 29 23 8 21 26 24 16 20
23 18 25 28 6 13 22 24 23 23 42 6 22 21 1 28 22 24 23 19
29 37 40 40 9 23 18 31 1 29 35 18 36 13 9 21 29 10 21 26
3 6 8 8 1 1 6 5 1 9 10 1 10 1 1 3 2 1 4 5
37 48 55 41 9 27 24 34 14 43 45 28 45 10 13 37 43 12 44 37
52 55 71 64 26 36 46 58 47 49 70 39 60 41 6 61 60 32 67 52
5 5 10 9 3 4 4 5 6 3 9 1 9 1 1 10 9 6 4 1
37 36 48 45 26 37 46 43 42 39 65 19 59 20 28 47 50 28 39 46
35 39 46 49 23 38 29 24 27 44 62 21 48 31 19 52 42 32 46 40
33 34 52 39 3 22 29 40 24 20 42 17 50 16 6 36 46 3 38 34
15 19 25 14 11 2 15 18 6 12 14 3 16 1 10 1 3 1 13 4
33 37 44 38 18 17 27 27 38 44 57 20 31 27 1 46 39 37 46 32
10 19 27 24 14 8 9 8 1 16 21 7 25 1 7 15 12 1 16 13
12 12 21 14 1 8 4 11 9 6 17 1 17 7 1 12 12 6 16 10
13 25 27 25 11 12 6 14 9 18 22 16 22 9 5 27 22 11 28 16
8 3 16 12 3 6 6 3 10 1 17 1 17 5 1 15 10 9 7 4
12 8 21 8 4 3 7 10 7 3 11 1 15 1 3 3 7 2 10 3
47 54 68 49 14 36 29 31 32 40 50 36 57 13 11 56 57 24 60 46
9 1 10 9 1 1 2 6 5 4 11 1 5 6 1 5 3 6 8 1
6 5 13 13 1 1 11 10 6 10 15 1 10 9 1 12 5 8 12 7
32 30 38 28 20 18 24 28 16 15 28 13 37 7 17 20 19 11 22 21
34 26 37 38 8 22 24 37 25 17 44 13 40 20 6 40 41 21 26 28
31 27 39 33 3 22 19 32 12 13 24 15 36 11 6 29 31 5 26 20
16 21 31 27 4 5 18 23 4 15 22 11 32 6 1 25 24 6 24 17
54 43 49 50 6 35 36 47 40 35 55 23 43 39 4 55 47 30 46 35
19 19 34 32 15 9 16 18 18 25 35 13 21 16 1 30 19 19 26 17
1 2 8 6 1 1 4 4 1 5 7 1 5 1 1 1 1 1 4 1
13 10 23 27 8 9 17 7 24 20 36 2 21 17 3 33 18 21 24 13
13 17 25 24 4 9 1 11 8 13 26 5 20 6 1 21 18 7 20 12
49 54 73 59 25 24 36 42 40 51 62 38 54 26 7 59 53 35 65 44
46 45 54 49 24 36 36 44 29 36 56 17 49 20 28 25 30 22 33 36
21 25 39 34 8 13 26 35 17 24 46 1 29 17 7 26 26 9 30 24
15 16 32 26 6 13 9 14 17 10 30 3 26 9 3 24 22 5 20 17
27 17 28 18 1 19 20 19 33 26 43 3 24 23 4 30 23 29 31 19
27 17 35 24 5 11 13 25 19 10 25 7 23 14 2 22 18 13 27 8
33 28 31 25 1 22 18 22 22 22 30 13 30 20 7 39 30 24 34 22
24 15 37 37 15 10 20 19 29 23 44 9 27 19 5 38 28 23 26 20
38 39 46 53 21 32 36 35 29 47 64 22 44 37 13 43 39 36 36 41
32 31 42 43 7 23 21 32 27 27 47 12 36 25 1 39 32 17 32 25
5 14 27 29 9 6 4 3 9 22 30 8 18 9 3 24 13 9 26 12
10 7 10 12 1 7 5 12 3 8 19 1 8 2 1 5 8 4 1 5
52 49 63 63 22 39 56 58 31 46 64 30 66 32 31 53 56 29 45 47
41 51 60 63 29 41 43 41 24 47 68 33 67 25 26 60 62 25 51 53
35 28 38 41 8 23 28 31 27 29 44 13 35 23 11 42 34 23 32 23
24 34 42 44 18 28 14 19 10 32 47 17 35 16 13 35 32 12 32 29
9 9 12 12 1 6 5 7 7 10 18 1 11 5 1 12 8 9 8 6
1 11 16 16 6 5 1 1 3 13 18 5 13 1 1 16 11 4 11 9
21 10 36 35 12 14 14 18 33 22 44 7 22 12 9 34 27 18 29 15
38 28 59 50 19 21 30 39 38 26 46 22 42 21 12 47 42 17 48 27
7 7 15 18 1 2 7 6 11 15 22 1 8 9 1 15 3 12 17 3
25 24 29 26 6 10 15 29 5 8 17 6 28 3 5 15 16 4 14 9
53 45 62 55 8 34 37 49 42 39 60 20 47 37 18 46 44 25 45 31
51 53 62 67 33 45 44 40 32 51 74 24 62 41 28 59 48 36 47 46
34 40 65 56 37 21 34 34 33 37 51 30 47 18 23 55 44 22 53 31
34 30 37 33 1 29 27 36 28 27 45 10 32 26 9 24 32 14 27 27
36 34 56 46 13 19 31 35 37 33 54 20 48 12 12 42 46 20 43 32
17 12 20 14 5 8 10 17 7 4 15 1 18 4 4 7 10 4 5 5
35 29 49 36 22 10 35 39 29 18 40 15 39 15 16 33 32 23 34 19
12 8 17 13 5 8 12 15 8 7 15 1 18 9 4 8 9 7 12 10
29 41 61 53 37 17 46 48 22 34 54 16 60 9 32 44 45 11 43 38
18 10 19 17 4 6 11 16 11 9 20 1 15 9 3 12 9 13 9 3
33 51 55 50 25 25 44 47 11 44 54 27 50 22 19 41 43 19 43 41
23 20 42 30 15 15 25 29 23 14 39 10 45 8 12 33 39 12 27 27
32 28 53 40 19 16 39 21 45 36 60 19 49 15 11 52 44 33 47 36
27 21 34 22 14 9 31 27 26 17 37 6 30 14 11 25 23 24 24 19
9 8 11 8 1 6 5 8 6 9 14 1 9 4 1 5 7 7 4 4
9 16 21 19 4 9 1 8 4 13 23 3 19 3 1 13 14 1 15 14
3 1 3 4 2 3 10 7 4 3 8 1 8 2 1 4 4 6 1 3
12 16 20 15 3 2 9 15 4 9 14 7 21 6 1 14 14 6 17 10
8 6 13 4 1 7 7 6 12 6 14 1 9 6 1 10 10 11 11 5
19 14 32 29 9 15 19 23 19 11 28 7 32 9 8 24 27 1 18 20
6 9 13 8 1 1 1 4 1 6 10 1 9 2 1 6 6 2 11 4
9 5 13 17 1 3 6 12 5 8 16 1 10 7 1 9 8 5 7 6
11 10 21 22 8 8 9 9 13 17 26 7 15 12 1 21 11 15 22 12
26 24 37 38 19 6 30 32 14 23 33 10 30 17 12 22 14 16 23 17
20 11 22 15 1 11 9 6 26 15 32 5 20 8 1 22 22 21 23 17
18 11 19 15 2 10 15 20 14 6 27 3 24 10 2 18 23 14 14 16
10 13 25 19 9 7 10 10 13 14 24 1 20 3 6 17 14 10 14 8
47 44 69 64 30 26 38 47 39 38 55 32 55 35 6 60 51 27 58 41
21 19 27 25 3 11 16 29 4 11 20 9 27 7 1 15 21 1 15 13
14 5 18 18 1 4 6 14 9 3 15 1 12 11 1 14 10 7 11 6
22 21 37 21 11 9 25 29 20 19 40 4 26 10 7 28 29 18 32 21
17 17 26 15 1 8 7 17 15 16 27 3 18 5 1 14 19 10 20 13
30 35 55 49 20 24 27 36 25 23 43 22 54 17 12 46 45 8 42 36
45 46 50 36 6 22 31 31 34 41 46 21 43 19 10 49 42 33 51 31
23 28 27 22 4 21 25 23 25 31 48 4 31 19 10 28 33 24 25 29
41 40 58 52 13 22 35 46 28 26 46 17 51 25 16 36 34 8 40 29
59 52 59 53 32 34 56 61 42 41 60 32 55 27 25 43 42 34 50 40
42 38 54 37 17 30 36 36 41 30 57 11 52 22 25 42 41 25 39 35
41 36 40 24 1 25 29 32 30 36 49 12 36 28 12 30 36 35 33 26
5 10 14 16 1 2 1 6 1 13 18 1 11 2 1 6 5 1 11 7
8 15 27 26 10 2 10 13 8 17 25 6 24 1 7 20 19 1 16 11
46 47 60 55 22 38 36 36 37 36 62 20 58 32 19 53 45 23 48 42
14 5 8 8 1 14 8 4 13 5 17 1 15 7 1 14 13 13 6 11
27 28 40 28 4 14 20 26 10 21 21 18 31 14 10 28 24 9 37 18
19 14 22 15 6 8 9 19 7 6 13 6 21 6 5 10 14 5 9 8
53 50 69 58 13 36 39 51 40 40 52 35 53 35 15 57 50 21 62 41
6 16 22 27 4 6 15 16 1 19 32 1 28 6 2 13 17 2 10 17
3 5 10 6 3 1 6 4 1 2 2 1 10 1 2 2 1 1 3 1
39 48 51 40 12 30 35 25 38 48 69 21 52 19 10 47 54 35 41 46
7 7 16 11 1 1 4 5 7 10 12 1 6 9 1 11 3 7 17 3
33 35 44 34 9 30 36 41 29 30 57 9 45 23 13 33 43 20 31 40
1 3 10 18 4 1 4 3 8 8 16 1 10 7 3 13 7 7 10 2
8 2 4 9 1 8 2 1 12 5 16 1 7 10 1 14 7 14 6 5
43 39 51 49 8 26 32 46 15 27 34 17 42 23 17 30 31 11 34 24
46 44 57 44 26 27 42 39 38 38 56 21 52 14 29 36 40 25 35 33
7 7 11 8 6 1 9 8 2 7 9 1 12 3 5 1 1 3 4 1
11 8 18 11 3 5 7 11 3 4 10 1 15 4 2 6 6 1 8 6
16 25 32 31 10 13 7 13 12 20 35 10 30 4 3 32 30 7 23 18
23 22 45 37 16 16 18 19 28 25 47 10 38 15 9 39 35 20 34 23
24 19 29 25 11 7 17 23 17 13 23 6 20 13 9 20 12 17 20 5
25 30 40 38 14 19 31 36 20 22 45 15 46 10 13 39 42 12 28 31
40 33 50 41 17 37 35 38 45 28 56 19 52 21 18 49 53 20 43 43
29 24 33 22 3 20 26 25 31 26 43 5 30 25 12 33 28 27 28 16
47 41 50 50 22 42 40 46 35 38 60 22 56 28 29 42 53 29 34 43
43 45 57 50 13 23 39 47 17 46 47 27 41 29 16 34 37 26 46 31
25 24 34 34 5 16 11 21 18 15 38 4 34 13 2 33 29 13 21 17
54 50 59 51 19 35 41 47 32 43 62 14 52 37 26 39 42 38 40 35
32 48 56 43 28 37 45 42 32 44 71 23 68 22 32 60 64 26 48 55
16 17 24 22 10 6 19 23 7 11 23 1 28 7 8 11 12 7 11 14
24 19 35 33 11 1 22 31 12 14 25 8 27 12 5 21 16 11 22 6
35 41 62 67 29 28 39 38 27 41 62 18 54 27 23 46 36 16 41 35
11 5 14 18 2 9 11 15 8 6 25 1 21 3 1 12 14 5 1 8
28 38 55 52 31 28 23 27 23 37 52 28 51 4 24 46 46 11 42 37
33 33 52 45 7 27 32 43 33 24 54 18 54 18 13 43 50 6 37 39
1 1 6 3 1 1 3 2 3 1 4 1 4 1 1 6 3 4 3 1
47 54 65 65 28 32 46 52 26 47 66 33 59 35 17 54 51 21 54 47
12 11 19 23 5 1 13 18 11 17 22 5 11 14 1 17 11 13 15 6
16 17 35 23 18 6 28 29 16 8 31 5 38 1 16 24 31 5 19 18
39 25 42 39 19 16 34 34 33 14 42 7 40 26 9 38 32 25 26 24
7 14 24 15 5 6 2 5 9 14 22 5 16 3 1 18 16 8 21 9
19 9 20 12 1 8 8 11 21 12 25 1 11 12 1 19 17 20 20 8
56 51 61 50 18 31 44 39 45 51 69 20 51 29 21 44 35 40 48 40
17 4 20 21 5 9 13 13 23 16 30 5 11 16 1 20 12 21 20 8
16 36 36 37 21 19 33 31 3 31 42 13 42 13 20 21 28 11 19 31
5 2 12 10 1 4 6 9 3 1 17 1 16 1 1 9 11 2 1 9
45 49 58 61 15 38 35 49 21 42 62 27 52 31 13 45 49 22 45 45
9 15 21 22 4 6 9 12 8 16 24 1 15 9 3 15 7 9 14 5
28 31 35 39 9 23 19 20 21 34 49 9 31 26 9 34 29 26 26 24
26 34 42 44 25 17 28 25 12 32 41 16 36 14 17 31 22 16 28 22
42 44 51 54 11 39 46 47 32 42 72 17 58 41 15 45 49 26 37 50
11 10 15 17 1 8 7 13 6 11 17 1 14 7 1 9 8 1 9 10
38 38 55 50 15 33 24 34 29 27 47 25 54 18 11 52 52 11 43 40
48 58 69 53 33 21 47 48 43 51 72 33 58 28 13 60 57 42 59 46
4 1 9 6 3 1 10 7 5 3 6 1 11 6 1 4 3 5 10 4
8 17 33 32 11 5 11 9 17 26 37 5 22 11 4 26 18 12 28 11
8 17 22 14 2 4 8 15 4 10 18 8 21 1 1 16 20 3 23 14
38 34 33 15 1 24 31 25 38 34 50 17 39 19 9 35 43 37 37 34
25 24 32 27 4 14 24 33 8 23 35 7 29 16 9 10 26 15 18 20
27 37 59 54 27 21 24 25 26 42 55 28 41 12 18 53 44 18 54 29
16 16 22 12 9 1 21 25 2 1 9 4 25 1 8 3 10 1 11 8
23 19 37 35 15 5 21 23 15 18 30 6 26 15 7 25 13 15 22 11
11 13 20 22 8 5 12 15 7 12 18 1 16 10 6 12 8 7 11 1
34 41 45 48 22 23 27 31 23 40 48 28 33 24 5 46 35 25 44 29
8 9 12 7 1 1 4 11 1 4 3 3 10 2 1 4 6 1 10 1
5 2 4 9 1 4 1 3 4 5 12 1 3 2 1 6 3 6 2 1
31 24 37 39 18 18 32 37 31 31 44 16 28 31 1 28 22 26 33 23
6 1 11 6 1 1 6 7 5 2 9 1 7 5 1 3 2 5 9 1
33 26 33 21 3 23 17 22 31 20 41 3 32 19 6 31 33 23 27 23
5 4 10 8 3 3 10 8 3 7 10 1 13 6 1 5 4 5 8 6
29 30 43 41 11 11 22 31 12 22 26 14 34 13 11 30 22 11 30 12
18 16 25 15 1 14 14 12 22 15 39 1 32 9 1 27 32 16 22 25
33 28 33 16 6 18 30 30 30 24 44 5 37 19 12 26 34 29 28 26
39 40 48 49 10 31 27 35 23 29 55 12 51 27 12 39 46 20 32 37
21 24 37 29 8 10 9 16 20 23 38 6 25 6 7 28 28 13 25 13
37 39 55 38 13 20 22 22 29 25 49 13 47 11 6 40 40 20 37 31
29 32 43 40 4 25 20 28 29 26 54 8 43 22 1 40 41 14 35 30
30 38 57 44 16 20 18 24 26 34 50 24 47 5 9 48 50 17 46 35
13 9 19 13 4 9 8 12 9 1 14 1 18 3 3 9 8 4 9 7
46 46 47 38 11 38 36 41 27 39 55 15 51 33 26 35 40 31 25 38
7 4 15 15 3 5 11 8 10 7 16 1 13 10 1 14 5 12 11 5
4 9 20 10 4 1 10 9 7 10 20 1 19 3 1 10 11 6 18 11
36 30 34 32 19 24 32 40 18 20 36 11 38 10 20 14 19 11 17 24
33 22 37 42 13 17 24 31 24 24 44 7 28 26 9 29 22 24 16 16
1 1 5 2 1 2 3 1 3 2 7 1 6 1 1 6 2 4 4 2
43 44 68 59 17 20 39 40 50 48 75 26 52 27 4 59 56 30 59 45
35 26 47 38 3 23 28 33 30 16 45 9 47 20 1 45 43 17 39 31
9 8 14 9 1 4 5 9 3 9 13 1 11 4 1 3 6 4 8 5
18 17 20 21 6 3 13 21 5 5 16 2 20 4 5 13 10 7 8 1
14 16 24 16 6 11 11 4 23 20 30 3 19 14 1 28 19 22 28 15
10 4 20 17 1 2 8 8 13 15 22 1 10 9 1 13 7 11 20 6
4 5 11 9 1 1 1 1 5 4 13 1 7 3 1 12 6 7 7 1
19 20 31 25 5 16 9 16 22 17 32 7 23 17 1 23 21 11 30 20
7 16 16 18 10 5 19 19 6 16 22 4 23 4 7 11 12 7 11 14
46 48 61 60 15 38 44 54 37 37 68 22 68 32 20 53 59 15 41 50
27 26 36 25 3 15 15 28 18 20 32 6 25 12 4 18 22 10 23 15
21 31 40 39 12 20 25 31 9 28 44 8 41 17 11 17 27 8 25 30
46 40 58 46 10 35 36 42 46 35 64 22 58 36 15 63 57 30 54 46
32 36 55 43 14 18 18 29 27 34 46 22 42 2 12 42 44 12 42 30
7 9 11 6 3 6 4 4 7 8 13 1 10 3 1 10 8 8 7 7
8 7 13 21 1 7 5 9 7 11 21 1 10 9 1 11 7 8 10 4
44 50 51 42 12 43 35 41 38 41 61 23 57 35 18 52 50 25 45 47
49 47 63 56 28 20 46 58 29 38 49 29 52 18 19 36 35 19 50 36
4 7 12 10 1 2 1 3 3 8 14 1 7 1 1 9 6 4 7 2
4 5 9 13 1 4 3 4 7 8 17 1 8 5 1 12 5 9 7 2
16 10 21 18 10 5 21 19 10 9 16 1 21 12 9 10 7 12 12 8
38 37 50 41 15 25 39 50 19 28 46 19 46 18 14 44 43 17 41 37
32 40 51 38 14 30 42 45 31 30 52 21 55 25 21 37 44 11 41 46
30 20 32 36 4 16 13 27 21 17 36 9 23 20 1 31 23 18 23 11
12 9 12 9 1 7 4 9 8 4 11 5 12 4 1 14 14 9 7 4
30 27 43 38 4 23 14 20 37 29 52 12 32 23 4 41 35 22 38 27
11 10 13 18 1 7 17 18 5 15 23 1 16 13 4 6 8 8 10 11
37 41 54 42 19 16 32 30 26 35 47 17 42 6 19 26 24 16 32 24
11 12 18 15 4 4 7 13 6 12 18 1 15 8 3 8 7 8 11 6
18 18 36 29 17 6 21 22 12 12 29 5 37 1 13 23 24 4 14 16
4 7 19 17 5 4 10 7 9 7 20 2 20 6 1 18 12 9 15 9
2 4 8 10 1 3 1 2 8 7 13 1 2 5 1 9 2 8 11 1
51 53 66 54 24 33 33 38 40 41 65 22 57 28 17 55 49 30 55 40
50 52 62 56 10 37 41 52 28 36 61 21 64 28 14 53 57 18 49 45
11 9 19 10 5 6 11 13 7 9 15 1 15 1 4 5 7 6 10 7
10 10 27 25 5 1 6 8 8 11 23 1 22 6 3 20 16 4 18 8
17 10 19 20 6 1 18 21 15 15 25 7 13 15 1 17 13 17 16 9
5 3 11 9 1 3 6 8 4 8 13 1 9 4 1 2 6 3 10 6
13 5 14 13 5 9 18 17 12 6 23 1 22 9 4 12 14 13 9 13
1 1 7 12 1 1 1 1 4 7 11 1 1 5 1 6 1 4 9 1
8 9 14 11 1 3 9 12 4 8 17 1 14 2 1 7 7 6 8 6
14 11 24 19 1 8 2 8 17 15 32 1 15 6 1 21 18 15 18 11
23 26 45 39 17 19 21 27 30 32 50 12 35 4 15 34 36 14 32 28
3 2 6 8 3 1 6 4 1 1 3 1 8 2 2 2 1 2 3 1
9 9 13 13 9 5 12 11 8 4 8 1 13 8 8 10 4 10 8 1
27 24 37 23 1 14 13 24 23 18 34 9 27 11 1 24 30 11 27 20
13 15 23 25 1 5 5 15 5 8 20 5 18 3 1 19 16 4 16 4
22 39 47 40 25 19 31 34 14 29 51 16 51 8 19 38 43 10 27 34
33 32 54 46 22 19 17 22 31 34 54 23 37 21 7 50 42 27 45 27
51 45 64 60 16 41 34 47 45 39 63 26 55 22 20 56 58 24 51 42
19 20 18 11 1 13 9 12 11 9 16 7 22 7 1 21 21 12 18 14
32 29 30 30 13 19 30 39 19 11 38 4 40 17 12 23 29 15 15 25
25 34 39 30 10 14 27 35 12 29 44 10 32 19 16 18 31 19 26 26
7 6 8 9 1 7 4 1 12 9 18 1 9 10 1 15 7 14 12 7
7 8 10 6 1 6 5 6 7 6 9 1 7 6 1 8 7 9 10 4
38 45 45 34 19 23 41 47 16 26 43 12 46 12 19 35 42 18 34 32
18 19 23 14 3 7 19 25 1 9 9 11 26 1 4 12 18 2 16 13
29 22 34 39 9 20 30 36 25 23 41 9 30 27 6 28 20 17 23 20
13 18 23 24 7 11 13 20 8 18 29 5 24 7 1 17 18 8 14 17
16 25 35 30 14 17 12 12 17 23 41 10 34 8 7 32 31 12 26 22
37 37 60 48 30 21 28 35 30 29 49 21 52 7 25 42 43 18 40 29
5 7 11 12 1 3 9 9 7 9 20 1 14 6 1 12 10 9 10 10
7 4 7 7 1 7 3 2 8 7 14 1 8 5 1 10 6 9 5 5
42 49 74 67 40 34 38 39 38 42 68 26 62 15 32 51 46 17 55 42
25 38 39 25 23 19 35 33 10 19 40 6 50 5 18 32 37 11 26 34
9 8 13 12 4 4 12 14 5 8 13 1 15 6 1 8 9 7 8 6
16 29 43 42 33 16 27 15 12 25 34 19 43 10 25 35 29 10 30 26
32 39 64 55 35 16 41 46 30 32 60 21 58 21 18 51 48 18 44 41
41 37 53 30 4 32 34 35 44 32 61 12 55 26 12 49 55 24 43 43
13 10 13 15 1 6 2 11 10 8 18 3 9 8 1 15 11 12 12 3
1 1 3 3 1 1 5 3 1 4 4 1 4 1 1 1 1 1 4 1
25 25 38 34 7 15 17 27 11 14 34 1 33 11 10 18 21 5 13 14
34 43 51 42 17 29 33 41 25 41 66 14 45 27 20 34 45 29 39 44
2 8 17 15 4 1 15 14 2 8 23 1 19 5 4 15 13 3 13 14
14 10 16 20 1 10 11 10 16 16 28 1 15 14 1 20 10 18 15 10
33 38 53 38 23 33 44 35 44 41 65 23 61 28 28 54 54 34 49 47
15 24 32 24 19 14 28 26 4 17 37 5 40 7 15 29 30 11 20 28
28 32 50 49 28 18 49 45 30 40 59 18 43 33 17 37 39 28 37 35
3 1 7 7 1 4 4 1 5 5 13 1 8 1 1 9 5 6 2 2
1 4 9 7 1 4 10 9 7 5 10 1 9 6 1 7 7 7 11 8
6 8 14 9 7 1 12 9 2 5 6 1 11 1 6 1 1 1 6 1
20 21 47 35 25 15 38 37 20 20 43 9 44 13 23 34 38 12 34 30
11 8 19 14 5 8 14 6 13 5 23 1 26 3 3 20 17 9 9 13
9 7 12 17 5 6 9 12 8 9 18 1 14 7 4 8 5 9 6 4
47 54 55 38 9 39 37 42 33 48 58 26 51 33 23 46 52 37 45 41
4 4 11 12 1 1 5 4 5 8 12 1 10 5 1 8 6 5 8 1
11 7 18 8 5 3 8 8 10 5 13 1 13 4 4 6 7 9 13 3
25 30 37 29 22 19 37 40 12 11 34 5 45 4 21 17 22 1 21 31
39 36 50 44 28 31 42 40 37 30 55 15 60 18 28 47 48 25 34 42
47 41 52 50 27 21 41 51 25 31 37 29 41 17 21 31 24 20 40 25
14 13 10 9 1 11 10 10 15 12 21 2 14 13 1 17 15 17 14 11
10 11 17 13 8 1 13 11 1 3 8 1 18 3 7 4 1 2 6 4
23 15 36 33 2 12 12 19 17 12 29 7 28 8 2 32 26 11 26 13
1 1 7 5 1 1 1 1 5 4 8 1 1 1 1 4 1 4 8 1
16 23 29 24 15 17 12 9 12 22 31 14 25 11 9 28 24 15 29 22
29 17 29 22 4 11 16 22 24 12 29 9 21 19 1 28 22 22 28 15
2 1 8 1 2 1 5 3 4 3 6 1 7 1 1 1 1 2 5 1
43 31 53 38 10 15 31 34 38 27 50 24 41 18 1 48 49 34 43 32
33 29 44 35 4 20 13 29 22 20 38 11 33 12 4 33 34 15 30 17
37 38 59 44 19 14 38 40 35 32 62 10 48 15 13 44 42 28 39 32
2 4 9 3 1 1 1 2 1 5 5 1 3 1 1 1 2 1 8 1
38 51 60 51 25 39 40 46 24 36 62 27 65 22 21 54 60 12 47 53
13 12 22 19 3 3 11 15 7 14 22 3 20 9 1 15 14 8 19 13
33 34 39 33 7 27 20 32 24 26 43 13 37 22 6 30 32 10 29 28
31 22 28 29 9 26 25 24 27 13 34 7 35 24 8 30 26 18 23 23
14 7 11 8 4 12 14 6 18 9 20 1 16 15 3 17 11 19 15 9
12 9 16 25 6 5 18 17 13 19 24 6 12 17 1 17 6 15 15 5
13 28 40 27 24 11 29 26 10 18 37 10 42 1 17 23 27 7 24 26
51 44 56 41 20 35 40 44 40 26 52 21 61 30 31 49 48 30 41 38
21 25 28 28 7 17 17 16 23 30 41 6 23 21 2 33 22 23 31 18
10 13 16 16 1 6 12 12 14 20 23 3 10 12 4 10 9 13 18 8
23 21 31 25 7 6 19 29 8 14 23 3 26 7 7 11 17 5 16 8
11 5 6 11 1 11 10 3 17 9 20 1 11 15 1 21 12 19 13 8
55 44 62 59 17 41 44 52 47 40 67 23 56 42 21 58 54 36 50 42
16 26 27 23 16 4 20 24 3 16 19 8 28 1 11 8 10 1 14 14
3 1 7 7 1 3 5 2 8 4 10 1 6 7 1 9 2 10 9 1
9 1 9 12 1 6 3 2 13 5 18 1 7 11 1 18 8 15 7 3
6 5 13 15 1 3 5 5 8 9 17 1 9 8 1 12 5 10 9 1
8 14 19 16 4 1 9 11 5 13 15 5 16 8 1 16 12 7 19 10
5 4 12 13 5 2 7 6 7 1 10 1 12 5 3 12 5 8 5 1
7 6 12 8 1 1 3 7 11 10 18 1 4 4 1 7 7 10 13 1
32 39 57 47 20 24 38 43 29 26 56 13 55 23 16 42 44 13 39 38
15 12 19 18 1 10 5 13 10 7 17 1 14 12 1 14 12 7 15 11
23 19 28 27 20 10 33 29 17 16 24 12 29 12 18 14 8 12 21 16
10 24 28 30 12 10 19 22 9 26 42 6 25 11 6 26 21 11 22 22
21 12 29 31 1 15 15 21 18 21 37 2 18 19 4 18 14 18 17 10
18 18 28 14 1 7 9 16 7 13 13 10 19 1 1 14 17 5 22 7
25 21 38 32 13 9 25 30 18 19 40 9 35 15 5 31 28 19 24 21
36 50 51 47 36 30 38 36 11 41 47 27 49 12 31 27 26 11 34 34
31 30 39 43 16 24 34 34 18 36 48 14 36 30 19 28 25 30 25 26
33 37 61 54 25 20 39 42 19 30 47 24 58 10 20 49 46 12 44 35
32 40 65 53 33 31 32 28 29 37 56 25 57 15 25 48 48 10 49 41
39 39 56 47 29 23 31 34 36 40 57 22 43 17 18 38 28 25 46 32
35 41 42 31 12 39 29 30 31 36 54 19 49 27 15 43 43 23 40 43
51 57 70 55 21 40 41 45 39 51 75 27 69 31 25 58 65 38 53 52
34 26 36 22 7 16 21 28 16 10 19 11 32 7 9 24 27 15 26 15
18 10 24 22 4 1 10 17 6 6 15 2 18 7 2 14 8 8 11 1
9 10 24 29 5 4 13 14 12 20 33 4 20 11 1 22 13 13 21 12
22 21 29 28 12 17 24 18 20 20 36 1 31 16 15 22 21 16 16 15
23 19 23 30 5 18 17 23 11 23 31 7 20 23 11 12 14 16 13 16
9 19 20 23 6 15 11 9 18 23 39 4 26 12 2 30 26 16 25 22
51 45 54 41 21 36 45 51 38 23 54 18 63 21 24 41 45 22 40 42
23 21 30 16 3 8 14 9 24 19 31 7 22 7 2 24 22 23 24 13
45 46 73 69 30 36 41 45 53 49 72 36 56 38 19 66 56 24 64 49
8 3 12 6 1 5 10 12 6 5 13 1 14 3 1 3 10 1 8 10
41 40 42 28 8 39 44 45 29 39 61 16 49 32 26 30 46 35 29 44
14 11 31 22 13 7 16 15 13 8 23 2 26 1 11 18 17 6 12 10
23 34 43 40 15 18 25 35 9 27 49 11 44 14 15 25 38 10 18 33
31 25 50 40 18 9 22 26 33 27 45 14 32 19 10 42 32 26 39 16
24 21 35 25 8 6 12 24 7 5 16 6 28 5 7 14 15 3 19 8
10 1 13 14 1 3 8 12 9 7 18 1 10 11 1 10 6 7 11 7
41 46 52 44 21 29 42 53 18 25 54 8 56 18 25 30 38 15 29 38
19 19 16 14 1 17 19 20 12 19 32 1 20 14 5 10 19 15 9 19
10 7 10 8 1 4 3 7 5 4 9 3 9 4 1 9 8 7 6 1
1 1 4 5 1 1 1 1 1 3 4 1 4 1 1 3 1 1 2 1
7 8 9 4 1 1 5 10 1 7 7 2 7 3 1 2 6 2 5 3
17 9 23 17 7 1 10 11 20 17 22 7 5 16 1 17 10 19 25 6
39 38 46 32 14 34 36 44 29 19 51 12 56 20 18 46 55 20 36 42
45 45 61 54 23 24 34 36 35 50 65 23 43 31 11 42 38 38 44 36
49 42 67 53 24 23 45 43 45 36 59 24 55 19 19 44 36 25 50 37
12 10 12 17 1 12 8 15 7 12 21 1 12 8 3 6 7 5 3 9
38 37 46 34 18 34 35 31 32 37 56 22 50 29 17 48 46 32 47 43
43 44 51 37 5 28 35 41 19 36 52 21 50 18 13 33 49 26 33 38
18 11 10 17 1 16 15 13 20 17 30 1 18 18 4 20 16 22 17 15
22 15 27 30 8 12 18 22 15 9 31 1 28 12 7 20 14 13 13 12
32 37 43 41 20 27 44 49 23 22 48 12 51 21 23 30 34 8 32 37
4 4 10 8 1 1 5 4 2 4 8 1 9 2 1 6 3 3 4 3
42 49 50 55 22 48 40 36 18 46 70 24 61 33 23 45 54 27 37 54
3 4 1 8 1 5 5 6 6 8 11 1 4 5 1 6 4 8 5 3
18 14 26 17 7 8 10 18 7 6 14 1 21 6 6 9 12 3 11 8
14 14 6 8 1 16 14 10 16 17 24 1 14 13 5 15 14 17 9 12
23 20 35 33 8 21 24 20 34 31 52 5 33 20 12 38 32 24 33 25
48 48 60 33 21 33 47 47 41 32 62 18 64 27 31 47 55 35 41 47
19 17 35 35 10 10 30 31 15 19 40 1 33 15 13 19 23 13 15 18
12 6 25 25 5 1 11 11 12 13 24 3 15 13 1 21 9 10 17 7
8 8 17 16 4 4 9 7 8 12 18 3 15 10 1 13 7 10 16 9
50 52 69 57 7 31 36 43 39 43 61 27 57 23 13 50 56 18 52 45
48 49 64 61 21 25 36 50 23 35 47 25 48 20 16 40 30 14 47 30
11 13 16 10 8 5 12 12 6 6 9 1 14 3 7 8 6 7 5 4
1 8 9 5 1 1 1 1 1 6 6 1 6 1 1 4 4 1 6 4
34 47 51 46 27 31 46 43 25 40 61 16 62 21 30 40 49 21 29 45
4 3 20 16 5 2 11 6 14 6 19 1 14 7 3 18 8 10 15 3
11 5 15 15 1 1 4 10 7 6 12 3 6 8 1 15 6 9 14 1
25 29 50 45 31 17 43 40 30 32 57 13 47 17 24 46 40 21 35 34
1 1 4 7 1 1 1 1 4 6 10 1 2 5 1 4 1 6 8 1
52 45 63 53 18 39 46 49 57 43 73 21 61 32 22 59 60 29 54 46
37 38 49 45 17 27 34 37 22 28 39 22 49 16 23 45 42 13 39 29
14 10 20 11 3 9 6 13 9 3 14 1 16 4 2 9 10 5 9 7
33 31 49 39 12 18 21 32 15 25 41 11 38 15 16 23 34 17 24 19
26 27 42 35 19 9 30 39 13 13 35 8 43 3 17 15 25 1 20 20
9 7 12 12 1 9 3 6 8 11 20 1 12 1 1 10 9 8 6 9
12 4 11 8 1 12 4 7 13 2 19 1 13 7 1 11 12 7 9 11
5 2 4 4 2 6 6 4 7 6 12 1 8 3 1 6 5 8 2 3
31 21 34 25 7 16 27 31 23 11 36 6 39 18 6 32 33 22 25 21
20 20 37 32 8 12 21 30 17 10 34 8 40 10 7 29 35 1 26 26
31 25 35 29 1 27 26 30 28 18 35 13 35 24 11 28 26 11 28 26
5 1 10 8 1 2 7 8 3 3 10 1 12 5 1 4 3 3 7 4
28 33 39 32 10 18 31 41 8 19 36 12 42 9 12 26 34 9 20 25
21 24 38 30 7 4 13 21 9 16 23 7 27 7 5 21 18 7 27 8
58 53 58 57 39 38 55 55 50 51 68 31 58 35 28 51 40 43 50 48
9 17 32 32 14 13 8 8 11 17 33 8 31 4 7 27 25 2 20 22
37 43 46 39 15 32 37 41 23 38 61 12 52 29 17 33 43 28 33 42
7 8 16 15 3 4 5 8 5 10 16 2 14 6 1 10 8 5 15 11
21 20 31 33 5 12 9 23 16 12 31 5 24 15 4 24 23 8 22 12
8 7 12 12 1 5 9 10 8 7 13 1 11 8 1 11 9 10 11 5
3 4 9 3 1 1 2 3 1 1 5 1 7 1 1 3 1 2 3 1
32 23 25 23 2 18 20 24 17 16 24 9 29 15 5 28 24 19 23 15
16 23 36 24 15 16 33 22 25 21 49 1 45 15 16 39 37 19 32 32
18 14 31 18 5 6 19 8 29 17 35 4 26 10 3 31 25 24 26 16
10 8 25 17 1 3 8 10 11 10 20 1 15 8 1 14 10 10 19 6
35 38 58 53 24 19 35 26 49 52 63 29 37 16 17 54 42 37 55 34
39 37 49 48 13 29 26 39 24 37 51 16 34 35 18 29 30 27 36 29
35 42 53 41 32 25 41 43 20 27 53 16 56 14 23 39 39 18 39 40
1 1 4 3 1 3 5 2 4 4 7 1 5 3 1 4 2 6 5 1
23 19 27 18 3 13 10 23 10 3 15 7 25 8 2 16 19 4 16 12
30 22 40 37 13 21 21 22 32 19 45 7 36 26 6 42 30 24 30 24
6 13 20 22 3 3 7 11 5 15 22 1 14 7 2 13 9 3 13 7
7 4 14 14 1 2 8 9 7 7 17 1 11 7 1 12 6 9 10 7
30 39 47 41 8 27 23 35 12 23 38 23 49 10 4 39 45 1 35 39
36 34 47 38 10 20 30 24 35 40 57 10 36 27 13 39 35 36 34 26
19 31 34 26 14 21 19 15 14 33 41 10 29 9 11 24 25 14 25 24
10 13 8 11 1 12 9 7 11 16 23 1 13 9 1 13 10 12 7 10
36 30 48 41 13 20 31 35 38 34 48 19 32 34 4 37 30 24 45 29
30 31 52 37 13 20 17 28 28 19 47 14 47 14 5 44 46 19 40 31
1 3 4 6 1 1 1 1 2 6 10 1 2 1 1 4 1 3 2 1
39 38 45 45 13 22 29 43 21 19 36 15 41 15 12 26 21 6 29 22
5 1 10 8 2 1 8 5 11 6 12 1 4 8 1 9 1 11 12 1
26 18 31 32 6 12 9 22 20 19 34 10 20 17 1 30 20 20 23 11
1 7 10 8 2 1 3 3 1 5 7 1 8 4 1 7 3 3 10 4
51 45 46 36 6 31 36 30 44 49 59 24 36 34 13 43 43 49 45 33
48 52 72 71 36 24 49 54 31 46 56 35 57 21 26 53 41 19 54 36
39 37 58 51 8 29 31 34 41 40 64 17 43 27 15 43 45 22 41 35
15 13 25 21 8 6 12 15 5 10 18 1 22 6 7 12 11 6 9 8
29 22 44 43 10 19 21 32 23 18 35 14 38 11 10 39 34 10 33 20
17 14 27 20 10 5 13 17 3 3 14 2 24 1 9 6 6 1 7 7
10 16 21 22 8 5 19 22 6 15 24 1 23 8 6 13 15 6 8 11
13 20 28 23 11 12 12 17 9 19 30 11 29 8 4 22 23 11 24 19
14 10 15 16 1 8 2 13 11 6 20 1 12 10 1 12 11 7 12 6
42 48 49 39 6 36 27 35 19 42 49 25 45 21 15 46 47 17 45 37
24 31 43 42 12 16 13 25 6 27 38 13 36 10 12 24 31 7 21 23
29 31 45 28 17 15 35 40 20 15 38 3 41 15 16 24 32 9 30 28
26 25 30 30 2 18 27 27 20 29 44 4 29 25 6 27 25 25 24 22
15 13 24 35 16 6 21 17 25 24 35 11 16 21 5 30 17 22 22 11
30 20 36 31 18 6 24 27 19 15 28 11 23 16 9 23 14 20 22 9
20 21 32 36 7 15 20 21 15 28 40 6 23 21 10 24 18 21 18 14
3 5 21 18 4 1 2 1 5 8 20 1 17 1 1 13 11 1 11 7
34 46 56 41 23 11 36 32 27 45 57 26 43 15 9 42 41 27 50 33
13 26 27 30 11 10 25 27 8 27 40 4 28 16 12 20 20 12 22 25
17 13 24 15 9 10 12 12 15 13 23 1 20 6 8 13 12 13 14 9
49 51 73 61 23 29 44 43 35 49 65 27 61 25 27 44 51 33 48 42
26 24 33 32 16 10 30 34 18 21 29 9 24 16 14 16 10 15 23 10
6 1 6 3 1 5 1 1 8 3 13 1 5 3 1 6 4 7 5 2
26 29 38 19 19 16 36 27 29 18 42 7 43 12 18 34 40 24 27 30
22 37 47 45 29 17 25 21 9 32 40 18 40 12 21 30 26 9 31 22
36 43 58 56 9 28 23 37 18 37 48 20 45 21 10 42 40 13 46 32
34 40 50 46 27 27 41 41 23 32 58 14 56 11 25 28 34 14 25 38
22 35 44 31 19 13 18 21 17 32 40 15 35 8 12 28 28 16 36 22
32 34 36 33 11 21 21 32 7 26 34 13 34 15 15 17 25 17 15 20
33 41 48 41 22 22 29 28 7 26 30 25 46 8 18 37 33 12 36 28
15 24 31 26 8 8 15 27 7 14 34 4 32 9 5 22 28 3 22 25
2 5 13 14 3 1 7 3 7 12 16 1 8 7 1 14 2 9 13 3
23 30 37 31 15 21 15 15 9 26 39 18 36 10 9 34 35 14 33 27
5 9 14 19 1 3 5 7 1 13 18 1 12 6 1 8 3 2 9 4
17 13 24 19 1 9 11 18 17 14 28 5 18 9 1 18 21 16 20 10
1 1 3 5 1 1 1 1 1 1 5 1 1 1 1 4 1 3 1 1
5 4 13 7 1 4 2 4 8 2 12 1 6 3 1 11 9 7 9 3
32 38 37 23 9 14 19 22 20 29 38 6 34 10 8 26 27 18 27 19
9 7 15 22 2 7 3 10 7 8 20 1 16 8 1 13 11 3 7 7
25 30 36 33 5 9 21 29 4 19 22 7 27 13 10 15 13 7 21 10
26 25 38 30 14 6 17 25 10 15 24 9 31 8 11 16 13 8 25 12
31 32 45 37 7 12 15 30 20 25 37 8 30 16 4 28 25 14 36 16
8 6 19 16 1 3 2 6 4 7 16 1 13 4 1 10 8 3 11 5
31 29 42 26 12 15 23 28 20 16 29 8 33 11 11 16 19 6 27 20
44 43 52 42 19 19 43 40 38 42 63 13 46 29 15 44 39 37 41 33
1 3 7 8 1 1 2 1 1 6 7 1 7 3 1 6 1 1 6 2
41 34 47 45 12 24 32 43 38 36 49 21 29 38 5 35 32 21 43 28
26 29 30 34 6 26 20 23 24 28 50 5 35 23 2 35 31 19 32 31
9 14 19 14 1 1 14 20 1 5 15 4 22 3 1 13 15 3 14 11
22 23 32 18 2 2 21 27 17 20 30 11 25 9 1 22 26 16 30 16
20 28 33 34 20 12 17 23 8 21 30 11 33 7 13 15 13 6 20 19
28 27 35 35 14 17 26 26 18 19 41 1 40 12 14 27 25 12 16 22
10 13 23 27 15 4 25 22 7 13 21 2 27 3 14 12 13 1 7 10
31 25 48 39 9 15 21 30 26 11 32 10 40 18 9 32 32 6 33 18
5 8 4 12 1 7 6 8 6 12 15 1 4 9 3 6 3 8 6 3
4 4 9 7 5 5 8 6 9 4 8 1 8 7 4 8 4 9 11 1
38 55 51 40 28 36 50 42 21 42 63 22 63 24 33 45 48 24 35 49
49 48 59 49 24 36 36 35 30 45 55 33 52 28 16 58 50 32 58 43
35 31 42 38 4 25 25 39 23 20 36 14 35 19 4 32 32 13 34 23
13 7 12 1 1 8 13 9 12 3 14 1 16 7 1 9 12 11 9 8
1 1 7 8 1 1 3 1 8 6 8 1 3 8 1 7 3 7 13 1
46 47 56 56 16 36 38 51 25 40 61 22 54 36 16 41 46 27 40 42
51 53 70 69 23 38 53 64 31 38 66 25 71 32 27 47 57 20 42 48
15 15 17 22 1 14 14 21 8 17 28 1 19 14 6 9 12 9 10 16
4 7 10 5 5 4 10 7 5 7 8 1 11 5 4 6 1 6 9 5
12 8 21 15 1 10 8 6 16 8 25 1 20 9 1 19 14 13 17 11
55 66 65 54 25 43 43 47 27 51 58 32 62 24 31 49 50 24 56 46
21 23 30 30 14 19 22 19 22 27 46 12 33 20 6 36 31 24 29 30
33 26 31 28 13 23 28 29 23 10 33 5 38 15 12 22 19 13 19 25
8 8 11 8 7 2 10 10 3 4 6 1 11 1 6 2 2 4 3 1
28 34 39 37 11 20 31 43 12 29 47 7 37 20 17 25 31 16 26 30
21 20 30 25 11 8 14 18 14 18 27 7 24 12 7 22 16 16 23 11
35 25 43 53 30 26 38 36 43 39 58 25 37 32 12 48 37 34 36 31
56 52 68 60 21 26 51 52 41 48 64 25 51 30 19 38 33 27 49 41
15 22 31 27 6 7 16 18 9 23 29 1 21 12 8 15 13 9 19 9
5 5 11 11 1 6 8 8 9 9 18 1 10 4 1 10 9 8 9 6
12 3 14 14 1 12 4 8 11 3 19 1 17 8 1 15 13 9 5 9
28 20 33 34 10 24 26 27 33 26 49 6 34 20 14 36 34 21 28 26
25 34 51 44 13 21 18 25 26 31 49 14 41 16 8 37 40 5 39 30
14 11 21 12 1 8 5 12 10 10 18 1 14 5 1 7 12 5 14 9
50 51 53 50 21 36 51 58 19 32 46 27 59 16 30 35 43 14 31 40
7 8 7 8 1 3 5 8 1 9 12 1 5 4 1 1 1 1 2 1
38 47 61 47 33 32 49 45 39 43 73 18 67 16 31 51 57 25 43 50
28 18 31 26 2 16 14 26 20 19 35 3 22 19 4 19 19 18 21 11
29 20 38 20 3 7 13 20 27 19 32 11 20 14 1 28 23 23 34 11
35 40 56 49 33 35 44 29 35 45 63 25 59 27 31 59 50 31 51 45
17 26 32 25 4 6 23 17 17 29 41 9 30 8 4 23 26 16 27 24
17 16 28 15 4 12 6 14 15 10 24 4 21 5 1 16 20 9 20 14
10 12 24 25 5 3 14 17 11 23 33 4 18 11 1 15 13 9 24 14
38 39 47 40 9 22 34 46 18 19 35 17 51 17 11 30 37 3 29 33
8 8 17 17 4 4 16 15 8 11 24 1 19 10 4 13 12 10 15 15
20 17 32 26 7 4 22 27 13 10 27 5 28 9 3 25 21 13 21 11
20 28 42 37 25 17 23 15 17 25 36 16 33 10 18 30 20 15 35 21
24 27 36 27 4 15 17 29 12 19 33 1 30 12 5 15 21 7 21 17
4 13 22 21 8 6 22 18 11 16 31 1 23 10 8 23 18 12 22 18
4 1 4 5 1 2 1 1 5 1 7 1 1 3 1 9 6 7 3 1
19 19 24 28 11 11 15 17 9 13 29 2 27 8 9 17 12 11 11 12
20 26 38 32 10 17 20 26 19 21 42 9 36 17 4 28 30 11 34 30
13 20 39 28 14 9 12 17 9 11 28 6 37 1 6 25 27 1 21 19
23 33 45 49 20 20 30 28 17 39 57 16 39 20 16 37 36 19 30 31
25 21 41 27 16 8 30 32 25 10 38 7 37 14 11 35 34 20 29 18
33 32 45 47 10 25 20 29 25 27 52 9 42 25 13 38 37 21 26 28
20 24 43 38 14 14 25 27 19 22 42 8 40 16 6 29 27 10 34 27
27 31 41 37 12 13 32 42 12 27 40 12 31 15 10 30 30 12 35 23
25 17 29 22 11 8 18 24 12 7 16 4 24 14 10 14 12 10 16 8
31 28 47 45 23 13 32 35 35 30 47 18 35 24 10 44 32 27 38 21
11 14 23 13 5 1 17 20 7 10 19 5 23 7 4 11 16 6 18 13
37 42 49 44 6 30 33 46 19 31 54 16 49 24 11 28 43 12 29 39
11 5 18 11 4 9 7 10 12 3 15 1 15 5 3 9 10 7 11 6
5 8 6 10 3 1 12 13 1 6 8 1 8 1 2 1 1 1 1 1
20 22 27 29 3 13 16 25 10 13 28 1 24 13 4 15 11 5 12 13
23 36 59 41 26 14 37 31 33 39 63 16 52 8 19 49 50 21 48 39
11 4 13 15 4 7 11 7 14 8 18 1 11 12 3 17 7 16 11 4
37 46 51 46 25 21 29 40 15 30 38 23 45 8 21 24 22 8 37 26
39 35 48 42 10 31 25 37 16 25 34 27 43 21 18 41 40 14 39 29
13 10 19 17 1 11 14 17 9 4 19 1 23 8 1 13 16 3 13 17
38 40 60 45 17 23 37 39 38 37 65 22 57 10 16 49 56 25 44 42
8 1 6 6 1 8 2 4 7 2 12 1 9 1 1 6 7 6 1 5
33 34 44 29 8 9 20 31 17 20 31 11 35 3 7 22 25 12 26 17
42 39 54 52 25 35 48 49 45 39 71 15 59 26 25 54 52 31 43 46
34 37 45 41 8 30 19 22 36 39 60 14 35 26 2 45 39 22 46 34
2 3 1 8 1 1 4 4 2 7 11 1 4 4 1 2 1 4 2 1
10 3 14 17 4 1 11 10 11 10 16 4 8 13 1 15 4 13 13 3
12 23 27 27 10 12 7 12 1 23 27 9 23 1 4 16 17 1 16 16
24 23 28 27 6 16 13 22 15 17 33 6 29 13 4 26 24 15 18 16
2 3 12 3 1 1 6 3 3 5 9 1 9 1 1 1 1 1 8 1
15 7 16 14 1 12 4 11 15 4 21 1 12 11 1 14 13 10 13 9
4 1 6 6 1 4 11 9 5 1 9 1 11 1 1 6 7 6 1 8
48 48 56 51 18 32 33 49 19 28 39 23 50 11 22 32 31 7 36 31
10 11 19 21 3 9 4 5 12 13 30 1 17 4 1 19 15 8 10 10
19 16 20 19 9 15 21 27 14 11 31 1 30 11 8 14 21 12 11 20
22 16 34 33 14 10 23 25 15 6 26 3 34 13 12 20 17 6 18 15
8 13 25 27 17 6 24 21 13 15 26 5 29 2 15 18 17 4 11 13
10 4 10 7 1 10 13 14 9 5 21 1 19 5 1 8 15 8 5 14
53 59 71 63 27 41 41 47 31 46 71 22 64 34 26 48 54 32 47 46
32 39 45 32 2 19 20 35 23 27 46 16 41 11 1 32 42 9 38 33
45 39 64 62 22 32 33 47 40 41 60 26 45 22 21 51 46 26 50 33
49 47 60 55 22 35 55 60 47 48 73 26 51 47 15 46 50 36 50 48
38 42 51 43 4 28 35 50 19 29 41 21 49 19 8 33 43 4 40 37
5 2 6 2 1 2 1 2 5 1 7 1 3 3 1 4 3 6 6 1
8 1 11 5 1 4 1 3 6 1 12 1 9 1 1 7 8 5 4 1
15 15 25 19 9 1 16 17 9 10 19 1 19 2 8 8 7 7 13 4
8 5 12 11 3 2 8 10 1 5 9 1 12 2 2 2 2 1 2 2
3 2 6 4 1 1 1 2 1 1 4 1 4 1 1 2 3 1 1 1
3 2 7 6 1 1 2 4 1 4 9 1 6 1 1 1 1 1 4 1
37 52 56 51 21 37 37 46 19 34 64 18 63 21 17 49 55 13 41 49
13 14 25 16 4 5 11 16 11 11 22 4 20 8 1 14 18 10 22 14
7 4 12 16 2 3 7 4 13 13 19 2 5 11 1 18 3 15 16 3
10 5 13 13 3 10 6 10 10 4 15 1 15 9 1 11 9 8 11 8
38 40 46 34 22 22 48 46 32 35 59 9 45 26 22 37 35 31 39 34
10 9 25 24 9 6 7 7 11 8 27 1 25 4 4 22 16 8 12 11
15 15 23 19 4 6 7 18 5 10 19 3 20 4 3 11 12 4 8 6
21 34 41 34 28 16 24 21 8 25 27 19 35 1 21 20 17 1 27 23
22 21 36 31 7 14 19 27 20 11 38 6 37 15 6 31 33 13 26 23
7 11 18 13 6 1 18 16 5 5 15 1 21 4 5 7 5 5 12 8
12 23 40 40 16 13 23 21 14 30 45 9 38 13 13 25 27 10 27 25
36 44 56 55 22 21 40 46 14 30 45 23 57 10 23 38 38 7 38 33
3 7 16 11 2 1 1 1 4 7 12 1 9 3 1 9 5 3 14 5
42 35 47 38 11 40 30 31 50 37 62 19 46 40 23 52 47 41 46 38
1 2 8 9 1 1 1 1 1 2 7 1 6 2 1 7 1 1 6 1
25 22 31 24 9 22 18 16 25 20 40 6 36 17 11 34 33 20 23 26
56 59 61 57 13 45 39 51 33 41 59 23 62 37 17 51 51 26 48 46
3 4 7 10 1 3 1 2 4 6 15 1 7 2 1 11 6 6 2 2
30 33 53 38 18 17 33 36 29 33 56 12 48 4 17 35 43 16 33 33
32 35 44 47 19 27 31 36 30 32 51 20 46 14 19 46 43 21 35 34
36 43 55 50 23 42 43 41 34 45 71 20 66 29 28 49 55 26 40 53
54 48 58 57 7 38 34 51 39 41 58 27 43 41 13 49 43 24 50 38
26 23 27 28 3 24 17 21 22 18 39 4 32 19 2 28 25 13 17 22
9 4 14 15 1 5 1 7 4 3 14 1 13 4 1 9 10 1 5 5
30 39 48 35 17 12 27 34 20 31 47 12 43 12 10 25 32 16 34 29
10 8 13 17 1 10 1 8 12 11 24 1 11 9 1 14 9 11 12 9
5 3 10 9 1 5 2 2 4 3 12 1 9 1 1 8 5 5 5 4
11 14 26 17 3 10 6 9 13 11 24 2 21 8 1 16 16 5 23 15
44 44 47 36 9 31 35 41 30 30 39 22 47 25 23 45 41 29 40 28
45 35 44 44 1 33 26 37 25 30 46 14 39 28 10 42 39 22 37 28
31 34 42 44 7 30 23 28 29 32 52 14 39 27 5 42 33 14 37 32
30 37 50 32 17 25 32 38 27 28 54 9 47 14 13 38 46 15 37 41
11 10 25 25 7 8 15 19 12 11 28 1 27 10 5 17 17 7 16 14
40 42 67 46 17 21 32 36 29 34 44 28 58 5 16 49 53 11 50 40
39 36 49 39 18 22 27 25 36 30 50 16 43 14 16 34 28 26 38 31
4 11 15 17 5 5 4 4 8 13 19 4 11 7 1 18 10 10 14 8
34 36 61 42 26 19 25 32 33 30 46 23 50 4 21 43 46 17 44 32
12 7 23 22 9 8 11 13 15 7 23 4 21 8 8 20 19 10 12 11
28 26 42 29 9 19 29 34 24 16 38 8 40 15 8 25 32 10 25 25
10 10 21 27 1 8 4 10 11 14 29 1 14 11 1 18 9 8 16 7
16 10 14 12 7 10 15 13 15 7 17 1 16 13 6 16 11 17 10 8
1 1 10 8 1 1 5 2 5 1 10 1 10 2 1 10 4 5 5 1
25 19 30 15 7 5 16 15 24 14 23 6 18 10 6 22 18 23 25 8
31 22 38 27 5 23 24 20 38 33 52 9 33 27 10 43 34 35 38 27
11 4 19 14 1 11 5 9 13 4 20 1 16 6 1 13 13 6 11 8
43 48 66 52 22 18 29 29 31 44 53 28 49 14 13 46 40 28 53 31
14 6 9 9 1 14 5 5 15 7 21 1 13 12 1 15 13 16 10 11
44 43 60 57 16 27 34 40 27 40 55 24 47 28 14 50 43 27 44 33
13 22 26 19 16 8 14 14 6 14 17 8 24 4 9 15 13 7 13 12
18 24 35 27 18 6 18 17 11 18 24 9 27 2 13 13 8 3 25 13
22 28 46 45 16 17 16 21 19 35 50 14 28 16 6 35 27 15 36 21
6 1 9 13 1 5 3 4 7 3 12 1 10 7 1 10 5 8 7 4
16 14 25 28 1 13 11 19 19 15 34 1 19 15 1 20 19 11 21 13
8 17 24 14 13 10 24 21 8 11 27 1 30 2 11 20 22 8 16 22
4 5 18 24 9 2 13 9 11 13 22 2 17 8 7 17 10 6 14 5
33 43 64 49 29 22 38 29 33 38 69 19 63 9 21 52 56 23 45 46
36 37 48 45 23 26 35 41 24 29 43 15 43 11 24 20 19 9 29 28
29 35 40 27 7 13 19 29 11 28 29 12 29 12 12 16 23 13 25 16
23 24 43 41 17 17 32 30 28 27 58 5 44 20 12 38 35 20 30 31
21 27 47 41 17 17 11 24 21 24 41 17 38 2 11 36 37 5 34 25
32 46 57 47 25 20 42 47 10 25 40 21 58 7 23 40 39 7 39 36
10 14 24 20 13 6 23 20 12 6 24 1 29 7 11 19 20 10 11 15
9 8 23 20 7 9 8 2 14 12 30 1 26 4 2 23 20 9 14 15
39 29 46 40 19 24 35 36 35 25 48 11 47 22 23 42 37 25 32 26
24 23 16 11 1 19 16 19 16 21 30 3 20 17 7 18 18 17 15 16
36 25 39 33 8 17 25 29 28 25 35 19 27 22 1 38 32 27 38 21
12 13 32 22 6 1 18 14 21 18 31 4 24 11 5 26 23 16 28 16
43 51 62 56 22 30 47 60 22 40 63 19 58 31 19 47 46 16 50 44
24 17 39 29 16 1 22 17 24 19 31 8 23 13 9 25 15 20 26 7
54 55 65 60 18 40 41 46 48 54 75 24 52 45 13 56 50 31 56 46
2 5 11 13 1 1 1 2 3 8 14 1 8 3 1 8 1 4 9 1
7 10 22 20 3 3 1 7 4 6 19 1 18 3 1 16 14 1 10 10
39 35 34 37 19 31 40 37 25 29 43 13 42 19 26 21 21 22 23 29
17 25 35 29 19 10 15 17 10 15 26 9 29 4 11 21 17 8 21 14
6 10 15 18 1 1 4 6 8 15 20 1 9 8 1 12 3 9 16 4
3 5 6 1 1 1 8 10 1 2 8 1 10 1 1 3 8 3 4 5
18 11 23 12 1 11 11 13 21 14 28 5 18 9 1 17 20 19 20 14
44 41 64 50 36 33 37 36 46 34 60 24 60 14 32 51 50 29 45 43
18 22 22 22 1 10 10 21 7 17 18 9 14 14 6 13 13 9 20 8
13 11 18 11 3 10 5 10 9 9 19 1 16 5 1 12 13 8 10 11
51 48 68 62 12 33 39 33 54 54 77 29 50 36 5 61 50 39 58 44
7 3 8 11 1 7 3 8 5 6 16 1 8 1 1 4 4 3 2 2
7 6 13 13 1 7 8 9 6 9 16 1 13 6 1 10 8 8 11 10
33 26 41 27 12 14 26 12 37 21 41 9 37 14 11 38 34 31 32 21
37 32 40 36 5 24 37 25 36 44 57 21 32 27 9 32 35 42 36 32
18 11 23 22 4 7 10 16 15 9 19 9 16 12 1 26 17 16 19 4
38 33 32 26 12 22 30 35 23 19 33 13 40 20 18 28 27 24 24 22
17 15 18 16 3 17 14 9 18 18 32 3 26 12 6 26 22 18 16 19
8 4 5 1 1 10 4 1 13 5 13 1 7 7 1 10 9 12 8 7
48 58 62 47 19 25 38 40 23 44 48 30 51 12 21 29 38 25 41 35
34 38 39 33 9 29 27 30 11 26 35 25 46 14 11 42 44 12 34 37
37 41 40 33 5 31 31 40 30 28 55 13 50 27 10 43 49 17 36 44
14 26 34 29 17 14 15 16 6 28 32 11 29 7 11 15 17 4 24 18
52 48 58 44 5 34 38 36 45 39 56 25 48 24 12 42 46 25 44 37
3 7 16 18 3 4 5 5 11 13 23 1 11 6 2 13 9 8 13 2
24 22 45 43 18 19 23 25 29 22 45 9 39 17 14 39 32 14 32 25
32 28 33 22 4 24 18 24 23 15 34 4 37 20 6 32 31 17 27 25
6 6 7 13 1 4 7 9 1 10 13 1 9 7 1 1 1 2 1 2
24 29 37 31 26 22 22 21 14 22 34 17 39 2 19 21 19 7 23 26
42 40 45 45 7 34 36 50 21 22 48 21 54 23 14 45 52 14 32 40
30 33 47 34 24 27 38 35 30 26 53 13 58 13 22 43 49 18 31 43
19 30 39 39 15 6 29 32 6 22 37 5 42 10 15 20 26 6 17 21
51 54 67 45 14 28 32 35 32 32 45 29 57 9 9 45 49 21 50 39
34 23 52 44 13 20 37 27 48 33 62 19 44 17 8 49 46 31 45 36
16 16 33 25 12 4 16 18 9 8 20 4 30 6 10 19 18 6 18 11
52 44 52 49 13 35 37 45 51 44 65 21 39 45 7 52 44 36 52 38
23 33 36 13 14 16 24 24 22 24 43 8 36 8 11 32 41 20 33 34
49 43 43 44 9 37 46 53 39 35 64 15 50 42 15 45 47 28 39 43
6 3 8 14 1 4 5 6 5 8 13 1 10 8 1 7 4 7 7 4
19 28 37 19 10 11 17 20 18 21 40 11 36 7 4 32 38 17 30 27
20 25 45 39 12 11 15 23 17 21 38 13 39 9 6 34 36 9 36 24
27 27 33 35 20 13 25 21 21 26 39 11 30 18 10 29 15 22 25 18
5 8 11 16 1 2 7 10 1 9 13 1 9 7 1 7 3 2 3 1
15 21 32 29 10 5 6 13 8 18 23 14 21 11 1 29 18 10 28 11
49 42 59 50 19 22 42 53 36 32 62 13 49 32 12 42 45 31 37 31
1 3 5 10 1 1 1 1 2 7 9 1 1 3 1 5 1 3 9 1
25 22 44 39 22 5 30 30 24 21 36 11 34 14 13 36 26 18 28 16
20 23 25 17 1 15 17 14 29 32 45 5 24 19 4 32 27 28 34 24
16 15 15 15 1 12 8 11 12 14 25 1 15 11 1 14 12 13 13 9
21 27 31 24 7 20 32 28 23 27 47 3 39 18 14 30 35 18 22 31
17 15 27 23 7 9 16 20 14 15 26 4 24 14 4 20 15 13 19 16
34 26 38 35 5 29 26 29 29 17 39 13 41 24 13 33 32 11 21 26
14 12 20 13 9 1 24 25 10 12 22 5 18 13 3 14 14 12 15 11
6 7 8 11 1 1 1 7 4 7 8 2 3 7 1 8 5 6 8 1
30 28 47 46 12 20 30 31 28 20 43 8 45 21 14 37 31 8 28 26
1 2 4 10 1 1 1 2 1 6 9 1 6 1 1 4 2 1 1 1
41 40 55 42 16 34 39 44 26 24 54 16 58 20 20 54 60 22 48 44
55 49 50 41 5 43 40 51 36 31 49 23 54 35 17 47 48 22 41 38
35 34 53 44 15 21 36 45 29 32 62 7 43 27 13 37 39 26 33 32
45 47 56 45 13 31 43 47 28 42 57 20 53 30 20 27 41 21 37 42
13 25 28 36 10 18 18 17 2 29 40 11 31 11 10 20 22 8 19 26
12 11 35 35 12 11 13 13 22 18 36 6 30 9 10 29 22 7 28 19
19 16 31 23 3 10 8 21 14 10 25 6 24 7 1 18 23 6 19 11
35 42 43 34 17 32 29 28 23 35 49 24 51 22 18 47 45 26 40 38
23 23 27 23 7 17 23 27 13 23 30 8 22 20 12 13 17 20 16 14
15 23 33 30 8 11 15 26 13 16 40 3 32 8 4 22 28 4 18 24
16 15 20 20 4 13 8 16 13 13 27 1 20 10 3 16 14 11 13 13
23 18 36 35 20 12 26 21 32 25 40 14 25 25 5 40 26 29 31 20
5 9 18 10 3 1 8 9 2 5 9 1 15 1 1 9 8 2 8 4
34 36 52 45 14 35 30 28 46 46 70 18 48 28 20 56 49 31 50 40
15 21 37 28 10 6 16 19 14 14 23 12 31 6 7 29 30 7 32 18
1 3 11 10 1 1 3 2 2 6 12 1 9 1 1 9 6 1 7 5
24 18 28 25 6 13 23 24 23 19 42 3 29 20 1 29 26 21 25 25
27 24 34 36 19 15 27 20 33 31 47 12 32 28 9 43 28 32 32 23
39 43 50 38 19 26 44 45 24 36 57 17 51 23 24 26 42 29 32 40
30 19 32 28 13 14 29 35 27 17 37 11 28 24 1 28 27 24 24 23
9 5 15 12 1 2 2 6 5 4 13 1 10 6 1 10 7 7 8 1
6 5 11 9 1 4 5 7 3 6 11 1 12 3 1 5 6 3 6 9
7 2 8 13 4 1 8 6 11 11 13 4 3 13 1 11 1 13 13 1
34 38 62 48 18 19 39 42 40 35 69 11 53 20 13 50 50 21 46 40
11 5 13 11 4 4 11 13 6 1 10 1 15 4 3 6 5 7 3 3
34 38 46 33 7 20 15 15 31 37 49 23 36 10 3 38 40 29 42 30
30 37 60 49 19 29 20 31 32 30 51 25 51 17 14 48 50 8 47 37
8 4 11 9 5 1 10 9 1 1 4 1 13 1 4 1 1 1 1 1
18 13 29 21 10 5 15 15 14 14 20 1 18 11 9 13 9 13 20 5
10 2 9 7 1 8 2 5 11 3 16 1 7 7 1 9 8 11 9 5
39 33 44 49 19 33 29 38 25 31 52 21 44 26 24 37 44 26 27 32
6 11 14 14 1 4 11 11 11 17 23 1 12 7 1 10 9 10 17 8
16 13 22 9 1 5 9 1 17 16 19 10 14 1 1 13 16 15 20 12
13 8 26 26 13 3 14 14 9 6 19 1 25 5 11 15 13 4 11 7
35 39 43 32 6 29 19 17 37 40 59 16 42 17 6 45 44 30 41 38
29 35 57 53 17 20 25 22 31 47 64 19 41 21 14 44 38 27 44 34
13 12 33 22 12 7 22 20 17 9 35 1 35 5 10 22 27 10 17 20
15 10 15 18 1 11 8 15 6 9 21 1 14 8 2 8 7 7 1 6
2 5 9 7 1 1 3 5 2 6 9 1 5 1 1 5 3 3 2 1
17 13 28 20 1 2 8 13 11 13 17 7 13 8 1 20 15 10 26 2
35 32 42 40 8 15 25 35 18 31 34 22 26 21 5 32 24 18 39 19
8 7 12 9 7 1 10 9 1 5 6 1 13 4 6 6 4 4 4 1
40 41 67 64 37 30 39 35 35 37 62 27 55 28 22 59 47 23 51 41
14 19 29 18 6 4 8 16 9 17 25 1 20 1 2 10 14 4 17 10
22 13 24 24 10 7 18 23 20 19 29 10 13 19 1 20 16 22 22 12
54 44 49 42 26 28 46 47 37 31 41 28 45 30 19 44 33 34 43 31
46 52 72 67 24 36 46 57 31 45 73 25 65 29 23 59 62 26 53 52
14 21 26 21 5 6 22 16 21 23 38 10 26 6 4 24 28 19 24 21
36 40 56 41 13 24 17 27 28 33 49 21 42 15 6 45 42 21 50 31
16 17 31 26 9 12 16 20 16 18 32 8 28 15 1 24 20 13 28 22
47 38 45 32 9 33 42 43 38 27 50 12 50 35 18 40 37 29 37 37
33 23 36 33 3 23 18 26 29 18 39 10 31 26 1 36 28 19 29 22
21 15 24 16 7 7 20 24 18 13 34 5 20 16 1 23 22 20 20 19
9 5 21 19 9 5 16 14 9 5 20 1 24 4 7 12 13 6 9 8
14 8 6 13 1 14 8 9 14 10 24 1 15 11 1 16 13 14 10 12
38 39 60 49 27 25 47 49 37 30 58 20 61 17 27 39 48 10 39 43
27 26 50 46 17 22 29 35 37 29 54 12 42 16 16 40 39 18 40 30
36 43 57 46 16 22 35 33 35 46 69 21 45 19 9 47 45 32 47 41
5 10 19 23 9 6 9 7 13 16 28 3 18 4 7 21 16 8 13 11
46 40 54 49 35 28 43 46 35 36 53 26 50 20 26 38 32 29 39 37
3 4 14 10 1 1 1 4 3 3 10 1 7 3 1 7 3 3 11 3
3 6 8 5 1 1 6 7 3 6 9 1 6 3 1 4 2 5 4 1
20 26 42 35 13 11 27 33 15 15 42 1 41 7 11 20 27 3 17 22
6 8 10 12 1 4 12 13 1 11 12 1 10 4 2 1 1 2 2 4
15 20 31 38 14 13 14 14 21 28 42 8 23 17 8 34 22 18 24 17
44 53 62 48 27 25 39 51 26 36 53 28 59 7 22 37 44 17 47 41
28 23 30 28 1 18 17 26 21 23 38 7 24 20 6 23 24 21 25 17
17 24 30 32 17 1 18 21 12 25 27 9 18 14 4 21 10 14 23 10
9 7 14 7 1 4 4 7 8 2 16 1 13 4 1 13 12 8 11 8
17 14 24 26 5 9 12 23 12 7 27 1 26 8 3 19 20 7 10 9
17 22 35 20 10 7 16 22 10 16 26 9 31 5 4 19 25 9 26 18
10 7 13 5 1 1 3 10 1 1 4 1 12 1 1 2 5 1 5 1
8 3 13 13 1 7 10 13 9 3 17 1 15 7 1 11 12 9 10 11
26 26 27 19 6 21 26 22 21 23 35 5 31 19 15 24 20 20 19 17
43 36 38 44 19 35 42 37 35 45 57 22 35 46 23 40 35 46 36 33
2 9 9 9 2 3 1 4 4 12 14 1 6 2 1 7 4 5 9 5
10 14 25 16 2 6 8 17 7 5 25 1 24 1 1 14 21 2 14 18
15 27 28 21 7 15 9 9 18 28 38 7 25 8 2 30 30 17 29 22
19 15 31 17 5 10 12 19 13 8 21 8 26 4 3 20 23 10 18 10
19 24 28 26 2 8 19 29 4 18 30 5 30 10 2 15 19 7 17 17
41 49 55 47 22 33 34 43 21 33 55 20 58 18 17 38 47 15 40 41
44 40 52 51 26 20 41 50 27 30 46 25 45 13 20 36 28 22 36 27
1 1 1 1 1 1 5 4 2 1 4 1 3 1 1 2 2 3 1 2
41 45 54 36 18 32 35 28 35 35 59 16 57 22 17 49 48 28 48 45
28 30 36 35 11 22 31 42 12 20 40 10 40 12 11 32 36 13 24 28
33 35 53 45 13 24 31 37 28 28 58 5 51 19 11 36 44 13 31 35
52 44 62 43 21 16 36 35 41 35 48 29 42 21 10 44 38 40 50 28
49 54 65 56 22 39 45 47 33 46 73 22 61 33 18 50 53 23 52 48
37 39 53 52 18 34 23 27 38 34 61 20 52 29 12 58 52 22 46 41
6 14 22 18 6 3 13 15 4 15 24 4 23 2 1 13 15 4 13 14
51 44 54 36 9 28 36 33 37 32 48 22 54 13 11 45 50 33 39 34
5 10 17 8 5 3 8 7 7 8 11 1 12 5 3 8 6 6 15 6
26 23 38 33 14 20 21 23 24 17 33 17 39 11 12 40 35 15 29 23
1 1 10 11 2 1 4 1 3 4 10 1 9 1 1 7 5 1 5 1
48 38 64 64 26 33 53 55 42 39 70 19 57 38 26 43 46 30 39 40
52 43 58 52 22 36 44 51 46 46 65 24 41 46 8 42 41 41 45 37
22 23 23 15 2 14 14 16 17 16 27 7 29 15 3 29 24 19 24 18
38 46 54 45 39 25 52 45 33 40 62 21 54 24 22 44 37 28 48 45
27 23 42 27 3 14 15 27 17 13 28 10 34 6 2 28 33 9 28 17
14 14 28 27 10 7 17 20 17 14 33 4 30 8 8 26 23 12 18 14
28 24 31 34 1 25 20 26 25 24 43 6 30 26 4 28 21 11 23 23
11 11 21 11 4 10 8 5 18 12 23 1 16 6 1 20 17 16 17 11
35 47 51 49 30 24 30 33 12 40 44 27 44 22 23 39 32 21 42 27
43 41 66 63 25 24 39 50 32 39 59 21 50 30 22 44 40 25 42 32
3 8 7 11 2 4 12 12 3 12 14 1 10 5 1 4 3 4 6 5
46 54 73 66 41 22 60 63 32 45 69 23 63 27 35 43 42 23 48 44
30 33 31 25 6 25 25 28 21 33 43 9 29 22 13 22 32 26 23 27
50 51 68 57 32 31 39 30 42 50 70 32 54 24 20 54 45 37 58 44
2 3 16 7 1 1 13 11 6 4 16 1 14 4 1 8 11 4 11 6
21 20 30 28 7 16 24 24 18 26 35 6 21 20 12 17 16 22 19 13
46 37 44 27 10 28 37 20 43 34 50 20 45 23 17 39 37 42 41 33
35 25 39 38 19 20 29 29 33 23 42 14 33 30 6 39 26 31 30 25
2 1 4 6 1 1 5 7 1 3 10 1 7 1 1 2 4 1 1 3
33 32 60 53 31 18 33 37 36 36 53 25 46 27 11 50 40 26 48 33
7 9 16 24 2 4 6 9 10 16 24 1 8 12 2 16 5 10 10 2
38 44 52 58 24 33 29 36 22 47 61 25 38 35 18 39 36 28 39 38
2 1 8 4 1 1 1 1 1 1 5 1 4 1 1 1 1 1 1 1
3 9 16 10 5 2 8 8 1 8 13 2 20 1 1 7 9 1 9 12
