1000 20 10 1050
17 15 2 3 12 4 9 11 5 4
1 6 5 8 10 2 3 19 2 6
7 2 7 3 9 2 4 4 1 11
3 3 9 1 3 1 1 10 0 5
2 10 16 14 10 4 5 11 9 25
5 5 6 1 3 8 2 6 4 5
7 15 5 11 20 3 8 7 1 1
12 3 5 11 5 6 19 11 16 3
0 5 2 13 3 2 5 14 6 5
7 10 2 10 9 12 10 3 3 10
4 6 2 2 5 1 4 0 10 6
20 3 17 17 8 5 12 4 10 0
2 26 20 13 7 13 3 3 3 5
0 4 10 8 2 3 5 8 13 0
9 4 0 19 2 3 0 3 4 22
7 0 6 13 4 1 16 4 16 4
2 11 5 0 6 4 0 0 6 2
5 5 3 4 4 5 2 6 8 8
5 4 1 2 1 8 0 3 1 8
2 5 13 18 2 8 2 7 2 13
2 10 20 5 19 3 7 6 1 12
7 0 3 12 16 27 6 11 2 8
3 4 1 2 4 4 3 1 2 6
4 2 12 13 8 3 7 2 1 8
2 9 1 5 2 17 1 13 13 12
6 1 4 2 6 1 4 2 1 8
4 5 2 0 0 1 2 0 8 6
12 3 9 20 0 3 1 5 10 18
7 1 11 2 8 14 16 3 19 2
14 15 16 7 11 2 6 5 5 2
8 0 20 5 7 14 20 0 13 15
9 7 9 4 3 2 1 3 2 4
8 7 12 16 15 11 6 12 9 2
6 9 9 0 3 12 4 8 9 2
17 2 3 2 6 13 1 8 3 5
19 4 2 8 6 19 2 0 3 11
5 3 1 4 1 11 4 1 5 10
11 1 20 9 11 6 4 5 5 22
9 1 12 16 19 9 8 14 9 6
7 7 3 9 1 7 3 1 2 2
18 6 10 5 14 5 14 2 23 14
6 2 9 1 4 2 17 5 3 14
4 9 2 9 12 12 0 6 8 0
16 3 3 2 7 6 3 7 5 3
24 12 6 5 17 0 3 6 14 11
8 1 15 3 5 1 5 1 5 6
2 1 1 4 6 1 1 8 6 1
1 6 21 16 15 16 14 11 1 1
8 4 3 4 8 10 14 10 24 4
8 5 4 2 1 0 1 0 13 8
9 7 1 1 6 7 1 4 13 17
6 13 8 4 4 1 11 14 0 15
8 2 20 3 10 4 7 5 1 0
6 4 17 4 3 0 19 0 2 4
14 20 8 7 6 3 5 6 1 17
6 3 6 2 11 11 9 20 2 6
7 3 7 0 12 10 1 14 30 10
3 5 4 3 4 3 10 6 4 1
1 7 9 7 11 7 7 9 2 13
8 2 1 6 20 5 4 7 1 11
6 10 5 17 13 5 5 8 5 15
5 26 3 24 9 4 4 4 9 0
2 6 2 4 4 4 9 5 1 1
8 3 10 2 6 0 10 10 5 5
3 3 11 6 10 5 12 4 10 0
5 6 16 7 14 10 1 5 9 6
4 14 12 19 5 4 7 11 8 20
21 5 7 5 7 14 4 16 6 1
0 1 18 0 6 2 16 3 5 31
3 19 6 0 1 7 2 6 2 8
0 2 3 5 5 1 5 1 7 6
10 9 0 7 9 14 7 27 17 1
3 3 7 17 4 3 5 5 9 0
19 4 12 23 2 8 8 3 10 3
10 3 4 9 17 22 6 9 2 19
8 8 11 9 2 14 0 17 14 14
7 6 1 9 8 7 2 0 28 6
11 12 3 6 9 8 2 6 4 10
11 2 1 2 5 2 19 3 3 11
1 2 2 7 13 1 1 2 4 0
4 4 6 2 4 0 8 1 1 2
9 1 8 10 9 4 7 4 16 0
3 3 8 18 5 9 15 3 5 4
5 5 21 3 7 12 12 6 11 3
6 1 5 6 4 3 3 4 31 7
0 11 14 5 14 5 17 8 9 2
4 3 8 3 3 1 11 15 6 8
6 10 0 4 4 5 4 8 1 4
3 3 8 7 1 3 0 5 3 3
3 3 0 4 8 4 1 11 6 22
10 21 10 1 6 0 2 11 4 22
0 2 3 5 4 0 0 5 5 6
6 13 14 4 7 6 3 14 11 3
17 2 12 5 9 3 3 5 6 2
4 10 12 14 13 7 1 2 29 7
11 0 2 10 5 2 4 0 0 12
6 8 1 1 18 4 2 3 10 6
12 5 7 0 10 18 12 3 7 3
5 15 11 9 17 5 6 4 1 26
3 8 10 18 4 7 4 1 12 4
11 13 16 5 0 12 1 20 1 3
6 17 11 14 4 4 4 7 20 4
0 8 10 12 3 1 4 0 13 10
0 11 0 13 5 6 3 18 9 10
8 19 11 7 12 8 10 4 2 6
15 5 1 10 3 3 5 0 3 5
11 8 8 5 9 8 10 9 7 4
5 6 3 2 0 7 2 3 2 5
16 10 4 3 4 8 5 6 6 8
24 8 9 3 0 9 8 5 14 18
3 2 1 6 2 2 1 7 0 10
3 9 8 9 3 7 4 3 4 4
2 8 8 5 14 5 1 7 13 5
13 17 2 20 2 1 8 6 9 9
6 2 14 3 2 2 5 16 12 4
16 12 4 6 8 15 2 15 2 6
9 1 16 14 2 19 12 1 11 2
3 7 6 5 4 13 1 6 7 15
6 14 2 7 13 3 29 9 6 11
4 21 1 24 1 5 3 9 12 7
5 2 3 3 2 1 2 2 5 5
7 5 11 6 1 17 1 19 3 7
3 2 5 2 2 2 6 2 0 4
0 9 1 7 3 3 5 4 6 9
6 10 2 12 4 2 16 13 7 1
9 16 19 7 7 3 10 12 15 11
6 7 11 10 10 7 32 1 3 4
4 11 1 0 8 1 1 21 0 9
2 3 12 11 13 5 9 5 29 8
9 2 12 3 18 4 12 0 5 2
12 3 10 13 12 13 14 13 11 2
12 3 10 6 2 18 8 18 9 22
14 12 4 7 14 3 4 4 11 12
1 5 7 10 2 12 8 16 8 13
9 8 6 5 4 0 3 2 10 3
1 6 13 4 2 7 10 4 16 12
2 12 16 10 10 3 14 25 11 2
19 0 15 11 6 9 10 5 23 3
2 8 5 3 1 2 2 6 1 7
10 4 14 22 13 10 15 5 7 13
3 5 5 5 8 7 4 8 1 3
6 4 9 2 1 7 5 13 10 6
11 9 7 19 7 0 5 17 5 3
13 16 3 13 3 20 17 10 0 7
23 20 4 3 11 5 2 2 4 4
11 11 4 3 3 1 3 8 4 5
7 7 5 7 21 13 11 6 3 1
3 9 11 20 3 22 1 13 13 7
1 2 3 6 3 3 20 13 11 2
5 1 8 0 0 0 4 2 3 4
1 2 5 6 1 2 4 2 2 2
17 18 10 0 10 1 4 0 4 27
15 4 4 6 0 10 23 13 14 2
4 1 8 11 6 5 4 11 4 1
4 14 3 0 4 14 7 11 6 4
10 0 6 4 14 13 1 7 6 8
3 2 18 6 1 5 7 6 4 3
16 3 9 0 2 1 2 9 6 2
1 14 2 10 7 3 1 1 8 4
4 2 1 2 9 10 23 12 5 6
12 5 31 3 1 6 13 13 6 5
9 0 2 16 11 15 1 14 11 6
9 10 16 1 6 4 4 9 25 7
13 0 13 5 13 5 0 19 12 0
1 1 11 3 0 1 2 1 4 3
8 3 5 4 0 3 1 1 0 1
8 20 4 2 2 3 10 4 11 1
19 8 3 8 17 0 6 5 8 14
18 1 8 5 3 10 2 7 4 1
13 3 9 8 17 11 2 16 5 6
1 8 6 7 5 3 8 4 1 0
9 1 3 4 2 1 2 4 4 6
0 0 3 1 4 10 5 5 1 3
9 8 7 2 19 10 0 13 6 8
4 3 9 11 4 2 3 1 2 29
7 20 2 3 4 16 5 25 1 1
16 12 1 7 0 9 14 5 5 4
4 14 11 5 2 10 1 7 4 5
7 4 7 12 4 1 5 10 11 8
21 6 3 4 3 6 24 2 10 11
6 5 5 10 11 5 11 20 9 5
0 7 13 1 10 17 1 7 13 5
19 6 11 11 7 11 15 8 2 11
0 17 1 7 8 6 5 17 7 6
1 8 16 5 1 8 5 1 5 1
0 12 9 17 7 1 5 7 3 6
17 11 13 1 3 1 0 15 8 13
0 5 2 6 7 2 1 6 6 0
7 6 8 4 2 4 5 9 1 1
4 3 15 4 10 13 1 4 20 8
20 2 14 12 3 10 10 9 14 6
3 19 15 6 17 17 7 11 0 6
12 10 12 8 3 5 14 4 20 8
5 2 1 4 2 11 2 9 6 3
10 18 9 19 16 13 0 16 5 2
5 8 8 18 12 25 7 6 1 12
0 4 6 2 10 17 11 10 9 9
2 14 12 6 2 11 1 11 6 6
11 5 15 4 12 2 13 5 0 5
19 4 3 9 20 8 19 16 1 6
2 11 6 4 3 2 2 1 9 6
11 6 1 8 1 10 1 6 1 8
7 7 9 10 1 9 4 14 9 1
4 14 0 1 1 8 4 5 6 1
3 1 2 1 4 7 4 4 2 6
1 8 1 18 2 4 18 9 16 10
14 7 8 9 11 14 14 7 1 9
2 6 4 6 9 4 0 10 1 5
1 8 1 4 0 11 2 6 3 8
1 2 0 9 4 5 1 0 2 1
3 13 13 6 7 9 10 17 21 11
3 2 19 7 2 9 10 8 7 9
8 14 2 2 8 15 5 18 4 19
11 18 10 2 5 4 6 0 3 7
3 12 8 0 6 1 23 2 20 7
11 7 8 0 12 1 9 1 1 7
12 7 0 6 8 0 9 1 5 28
1 2 1 10 1 3 4 4 2 5
3 28 12 2 0 0 17 4 9 12
9 8 2 3 2 16 6 1 12 2
2 5 17 2 10 1 13 12 4 4
1 3 1 1 7 6 3 4 4 4
1 4 2 0 3 3 5 6 1 2
1 6 4 4 2 4 1 8 2 8
16 5 6 3 3 12 4 11 11 16
13 6 13 1 15 10 0 8 2 4
12 1 5 1 5 2 4 10 8 5
15 8 2 4 3 6 15 1 19 13
4 5 2 3 13 0 6 10 5 10
15 24 12 13 8 4 2 11 1 12
2 5 1 7 2 4 2 2 6 5
15 4 1 1 7 3 5 10 5 2
0 1 1 3 6 0 2 3 2 6
6 1 4 7 6 11 4 1 7 1
9 8 5 13 4 9 19 11 11 6
13 9 7 9 2 8 10 5 11 4
12 5 22 4 3 6 6 3 11 2
0 7 12 5 2 2 0 6 4 1
10 14 12 12 15 10 10 8 6 15
4 6 5 4 1 16 7 5 1 0
12 2 7 10 14 12 12 0 17 13
0 20 16 2 7 11 26 2 8 2
2 4 5 9 4 4 1 11 3 20
3 4 11 7 7 6 4 4 6 3
11 1 2 1 2 5 17 12 3 4
11 9 14 4 6 6 3 4 5 16
3 5 13 10 17 3 2 5 9 6
15 4 1 10 1 2 7 8 4 2
5 13 8 8 2 3 3 6 2 11
14 3 12 2 17 0 7 15 2 14
1 3 1 7 6 5 1 7 3 8
2 17 8 6 8 8 2 5 18 9
8 1 7 3 2 8 5 6 5 3
1 2 3 13 6 12 26 9 5 15
3 7 0 5 1 2 0 3 1 1
0 3 6 2 4 0 1 1 5 8
12 11 15 16 6 1 9 11 15 0
14 16 3 15 10 0 2 15 6 3
4 5 2 1 2 6 5 2 3 1
23 14 10 5 6 19 5 3 15 1
1 2 3 2 3 1 4 6 1 5
1 5 3 26 0 13 7 17 4 9
14 11 3 5 1 6 1 8 9 3
1 18 9 1 4 2 25 10 5 14
2 3 1 6 1 4 6 7 8 8
4 9 6 19 14 8 1 0 4 5
7 1 4 1 23 7 2 1 2 5
6 0 3 5 7 34 10 11 4 9
4 2 1 3 4 4 6 1 0 0
10 7 6 5 4 1 3 1 16 1
15 12 10 10 1 13 14 14 9 13
6 2 4 4 9 7 8 6 5 9
2 11 26 16 12 0 10 14 6 2
2 19 11 2 2 9 5 7 12 6
1 1 1 1 9 5 5 2 3 3
3 3 1 0 1 4 4 5 3 5
1 12 12 2 17 6 27 1 1 15
17 1 1 5 6 9 1 10 3 2
5 6 1 2 1 0 12 5 1 0
14 12 3 10 21 4 11 7 1 3
13 25 11 2 8 2 15 16 3 2
4 2 10 1 15 7 16 26 3 1
17 10 16 7 5 3 4 2 15 7
3 8 4 1 2 2 4 0 0 4
5 6 6 12 5 2 3 26 10 22
6 2 4 11 5 3 2 7 0 1
4 0 1 7 2 0 4 4 0 4
9 2 11 11 1 1 5 4 14 5
7 1 7 4 13 12 1 14 3 1
2 2 1 6 2 5 1 4 5 0
2 13 14 4 7 0 5 10 2 8
10 12 16 8 10 2 17 7 3 7
5 8 9 8 0 6 5 6 0 1
10 21 7 3 1 7 8 10 13 4
5 1 10 1 4 2 1 1 2 3
3 10 5 9 10 8 12 5 4 1
2 17 6 12 7 9 6 1 1 3
2 3 0 3 6 3 5 2 4 1
4 9 3 7 2 9 19 1 11 11
6 3 0 3 2 2 3 2 8 2
14 1 0 11 2 1 1 3 6 1
1 6 5 5 3 6 16 3 4 2
9 8 1 1 13 6 1 6 2 8
15 7 7 1 9 13 8 11 18 0
20 4 5 1 18 7 6 2 3 24
4 1 16 4 8 1 3 13 11 1
16 12 7 2 3 2 3 1 4 5
0 9 15 5 5 5 2 2 1 3
5 5 4 5 18 2 5 12 1 8
8 10 8 3 3 11 9 14 6 4
5 3 5 5 1 0 5 3 6 4
16 14 3 16 4 8 11 24 6 2
9 5 20 7 11 11 12 2 7 13
1 18 8 3 4 6 6 3 11 18
2 2 19 17 14 3 3 0 3 10
7 3 1 3 6 0 8 3 1 5
2 7 1 4 2 0 2 1 4 3
1 4 4 1 5 1 1 0 7 1
13 12 2 6 3 2 5 1 1 8
2 10 4 3 2 1 9 14 7 9
10 0 14 8 0 0 1 10 0 16
6 5 3 8 2 5 3 0 8 5
8 19 14 13 0 1 0 5 10 16
0 6 5 1 0 6 6 5 1 0
5 5 1 5 7 1 1 10 13 7
8 9 4 6 1 2 1 3 3 10
11 3 16 20 10 5 3 8 13 1
5 2 0 6 6 0 3 5 2 1
10 7 14 6 7 1 7 11 7 4
6 5 0 1 9 21 11 16 17 11
2 5 8 16 15 2 22 3 11 2
9 6 4 1 5 8 12 1 7 6
10 2 3 0 4 7 15 7 10 15
10 8 2 21 17 1 9 1 8 14
5 5 11 4 4 9 9 4 7 1
1 9 2 4 1 1 5 0 4 6
0 1 4 1 1 6 2 7 5 1
7 2 4 6 20 4 1 3 16 18
10 9 13 3 5 4 8 16 1 5
1 4 5 3 11 7 1 5 3 3
8 7 0 3 8 6 6 7 2 2
15 2 1 5 2 3 13 4 14 5
1 1 5 5 3 2 1 5 10 7
15 12 2 6 1 13 5 14 23 12
8 11 6 0 6 8 12 23 14 4
5 7 8 4 5 2 3 1 4 8
13 15 10 3 7 6 7 23 10 5
6 1 4 10 1 1 11 6 4 5
1 7 4 5 0 6 1 2 4 2
10 8 7 2 3 4 3 2 8 0
3 2 0 7 8 8 8 9 7 2
18 7 4 13 12 19 7 13 5 3
3 2 14 13 18 0 8 5 14 9
4 1 12 14 10 6 2 1 20 5
9 2 7 1 4 7 5 8 2 6
5 7 3 14 13 6 9 2 9 1
12 7 2 6 0 16 7 24 12 13
1 4 5 7 4 2 3 9 11 0
4 6 3 7 2 18 13 8 19 14
11 25 10 2 3 8 6 14 18 0
6 1 8 2 2 6 11 0 3 2
4 1 13 2 0 7 2 6 4 4
21 6 7 5 7 17 1 1 0 14
2 5 9 6 4 5 5 7 8 0
1 1 1 7 4 5 2 5 1 1
6 6 13 5 0 1 2 3 7 12
9 4 14 3 1 5 4 1 3 4
3 0 1 8 13 8 0 7 0 12
1 8 5 0 1 5 3 5 2 1
21 1 1 14 7 1 7 1 3 5
11 0 8 15 20 11 11 3 1 18
1 0 1 1 11 3 3 1 27 2
0 5 2 7 2 1 3 4 8 9
1 4 14 4 16 1 9 11 1 13
6 11 8 7 1 3 0 22 8 4
21 12 16 2 10 5 2 6 8 4
3 2 5 13 8 4 2 10 1 8
4 6 4 6 10 0 6 2 2 7
4 3 1 7 3 3 2 2 5 1
4 2 1 5 4 8 5 4 7 4
2 3 4 0 4 6 5 7 1 7
7 3 5 1 2 2 9 2 4 1
4 19 1 0 6 21 20 2 10 6
7 1 6 3 2 2 0 7 2 7
0 3 4 7 3 0 0 3 4 3
4 19 5 13 8 15 5 8 8 3
7 6 9 8 2 15 4 1 0 0
5 4 7 2 1 2 5 4 2 3
23 12 5 3 7 5 0 0 15 1
11 12 9 2 2 3 2 10 2 2
7 7 7 3 1 7 0 2 4 4
0 0 17 7 9 3 18 3 20 10
16 15 9 3 4 4 15 10 14 4
1 4 6 2 1 7 1 5 3 2
16 1 5 11 15 18 3 1 6 9
5 2 1 0 4 7 6 0 1 4
3 0 2 2 1 6 6 0 6 3
5 9 5 9 14 1 6 7 5 3
1 9 6 16 14 12 2 21 10 3
7 6 12 0 3 12 9 7 6 3
6 5 3 3 13 4 5 1 12 1
15 9 18 6 10 3 0 18 12 17
1 3 1 9 5 0 3 6 3 8
2 2 5 19 1 8 0 22 15 9
5 11 30 6 0 1 1 2 11 3
1 0 3 4 2 2 3 1 7 2
5 13 6 6 1 1 11 12 6 1
3 6 10 2 7 3 4 1 2 3
6 14 0 3 8 9 9 5 1 12
4 4 5 11 10 1 4 4 0 1
9 4 0 16 2 7 4 6 12 12
2 4 10 1 2 9 4 16 7 1
1 2 1 2 9 15 0 16 18 1
21 8 7 3 0 2 20 21 7 6
3 10 8 2 3 1 11 4 1 9
16 4 17 9 22 0 8 13 13 5
7 12 17 6 17 7 7 19 11 11
4 4 3 9 25 13 17 6 5 7
6 5 5 2 6 9 12 12 4 15
6 2 9 8 4 2 24 16 5 0
2 2 6 8 6 7 0 1 5 0
5 4 1 10 9 2 16 6 1 14
10 2 6 2 4 0 3 2 8 3
11 13 5 9 4 5 2 17 1 1
7 5 18 11 1 5 0 6 5 2
1 3 6 2 17 3 13 2 20 4
3 21 10 17 2 4 3 7 5 2
10 3 5 0 16 4 14 8 12 13
2 1 2 0 6 0 8 1 3 0
1 1 5 5 2 9 2 17 3 6
7 3 3 1 3 3 7 3 1 2
0 1 3 4 1 2 6 0 3 17
6 15 8 9 17 14 2 6 20 12
13 4 3 24 13 3 15 2 16 6
3 6 1 4 3 5 3 8 6 2
7 7 3 5 5 14 5 0 3 8
14 9 4 1 2 17 2 8 6 13
17 4 15 12 3 4 9 20 11 12
7 15 10 22 3 15 19 2 6 6
2 1 0 4 6 5 3 2 2 5
6 24 2 1 5 1 3 3 4 12
7 3 5 7 8 0 9 3 1 10
0 2 2 3 6 0 4 2 5 5
5 5 5 5 6 6 14 0 11 10
7 18 5 6 25 3 12 1 6 14
12 6 7 10 1 15 0 13 10 9
9 6 8 2 2 5 4 9 8 1
24 12 17 9 8 9 2 14 7 6
2 3 9 5 7 0 2 4 20 0
18 3 2 6 1 7 13 2 12 17
12 5 9 7 13 8 1 7 18 14
9 2 5 5 7 6 10 3 2 8
7 9 5 18 4 1 4 0 1 6
15 4 4 5 10 14 23 6 2 13
10 2 11 10 23 17 12 5 10 5
5 19 5 24 3 15 1 3 13 12
1 4 5 5 8 3 11 2 2 5
12 8 5 7 14 2 3 3 4 9
12 3 9 7 10 4 8 8 13 3
5 6 5 5 12 6 12 8 5 10
7 2 0 4 12 4 3 2 1 5
2 4 1 2 0 6 1 2 6 2
19 2 12 6 1 25 16 3 0 6
1 4 6 3 5 3 1 5 0 3
10 29 1 4 2 5 2 13 18 8
1 2 11 7 22 7 14 7 9 23
18 3 1 10 9 0 1 5 4 12
16 10 15 4 2 7 14 4 4 5
5 21 18 2 10 5 1 5 2 17
16 2 18 7 6 10 3 10 2 9
2 11 9 7 3 1 1 12 8 2
1 1 3 5 2 3 4 2 7 10
9 17 10 6 7 11 1 12 11 4
6 3 4 4 2 0 6 8 3 8
5 6 4 14 7 5 8 4 2 24
2 8 6 6 0 1 11 5 3 7
6 25 1 3 8 14 6 0 4 21
7 4 5 6 18 3 15 4 5 2
3 4 0 5 1 1 1 1 6 9
17 1 6 16 6 8 2 8 12 27
7 2 14 12 1 3 12 6 7 20
4 9 17 25 9 12 6 1 5 12
5 0 4 6 5 1 10 15 12 1
8 14 13 4 14 2 3 18 10 3
0 1 2 0 10 2 9 11 6 0
12 19 6 6 5 9 11 10 14 20
5 3 1 3 1 7 1 8 3 2
9 2 3 7 5 6 5 3 4 9
5 4 19 5 3 6 11 23 3 6
2 4 5 10 13 5 4 1 8 3
7 19 2 3 13 1 11 23 9 3
4 7 10 2 23 3 7 18 21 4
19 15 11 4 9 11 5 11 2 2
4 4 1 3 10 6 1 9 5 3
1 1 11 4 1 14 13 5 3 11
12 4 9 22 5 13 8 3 8 5
6 3 11 13 3 2 16 19 6 1
2 3 5 1 6 2 5 1 12 6
2 5 6 1 11 8 12 5 6 0
6 12 16 2 14 10 16 15 8 11
3 12 6 13 15 15 5 9 20 16
7 10 9 7 11 5 17 11 1 6
4 9 7 7 0 8 2 4 2 5
4 5 4 2 15 10 3 10 7 4
2 4 1 10 1 15 1 6 10 0
13 14 14 2 13 2 5 2 3 4
10 8 1 2 0 1 3 0 0 13
4 9 4 16 9 2 5 12 5 12
8 2 6 16 6 6 10 4 11 14
0 11 9 23 14 2 11 3 5 17
7 6 9 3 8 8 2 4 11 8
4 5 16 6 10 4 0 1 22 6
3 17 8 4 26 3 3 12 4 9
8 3 23 9 3 11 3 6 1 1
10 7 0 2 4 7 0 2 1 6
2 0 2 12 2 7 3 1 4 2
6 6 1 1 8 10 6 2 1 4
19 8 2 14 2 9 2 10 1 10
2 8 13 15 17 12 10 14 3 4
2 4 7 2 4 2 3 4 1 2
6 7 6 9 9 12 13 11 14 8
17 4 5 4 17 12 10 10 8 2
1 1 11 7 5 4 10 10 2 1
8 18 12 6 4 2 7 10 3 3
0 9 6 4 23 5 7 16 3 0
1 7 7 0 1 3 4 2 3 1
3 10 2 7 3 2 2 3 1 1
7 14 4 4 8 6 1 9 12 5
13 3 6 6 25 2 1 8 3 10
2 3 2 4 8 2 3 3 3 3
1 1 5 2 5 15 6 6 3 1
3 4 7 4 8 2 3 6 16 3
6 15 10 21 1 3 1 11 0 1
4 4 2 4 23 1 18 1 16 1
1 7 10 1 3 4 3 1 4 1
12 5 16 8 4 1 1 6 1 7
5 1 1 0 7 2 1 3 6 5
9 3 3 4 11 17 23 0 18 1
10 2 4 9 5 1 6 12 7 7
1 3 8 1 9 1 8 4 4 6
11 5 2 1 4 4 9 5 3 5
1 5 5 3 3 1 1 6 11 1
7 10 7 3 9 7 4 7 23 5
6 13 1 6 8 5 11 2 3 5
27 2 19 17 5 5 5 4 4 8
20 8 11 11 11 2 12 6 4 1
11 5 0 4 3 2 3 8 3 3
6 10 21 4 7 5 4 2 3 1
2 1 10 8 5 7 28 20 9 5
4 2 6 1 2 1 2 8 3 1
9 3 4 1 5 1 5 2 16 11
1 5 8 8 1 2 3 6 17 3
8 5 14 10 1 20 11 11 8 19
16 2 2 11 3 14 10 3 3 13
8 10 2 0 7 1 30 5 10 7
10 1 9 11 2 9 0 10 7 1
6 3 4 5 4 6 1 4 0 1
2 17 1 23 4 3 12 18 11 9
6 12 5 8 6 4 0 10 5 1
8 2 1 2 2 8 7 6 1 3
7 4 5 0 8 2 2 0 6 8
9 3 6 8 3 1 5 5 2 1
1 0 11 10 12 19 6 4 14 9
2 1 17 22 1 5 3 8 9 5
2 2 2 7 3 1 2 1 1 7
3 2 8 3 2 8 4 7 8 24
1 2 2 2 2 3 2 5 6 4
10 17 0 2 13 1 2 14 25 10
2 7 12 2 5 0 6 20 0 22
16 4 1 3 13 2 5 13 18 21
4 10 11 6 3 19 6 7 4 5
2 1 7 1 11 5 17 15 16 5
8 2 7 4 3 8 1 9 8 1
18 2 8 9 3 5 2 3 4 7
3 3 7 4 12 1 1 0 3 5
19 2 0 12 16 4 6 8 2 4
4 14 13 5 0 16 9 3 11 10
0 1 6 8 1 8 6 5 10 0
3 16 7 9 5 4 14 11 19 13
1 3 14 1 5 2 6 5 4 2
1 3 7 12 7 4 3 17 25 10
9 6 0 2 6 7 2 3 7 4
16 8 7 8 10 3 6 11 10 9
5 5 8 2 21 12 6 12 2 3
15 2 9 3 16 5 11 5 5 22
3 5 0 2 6 3 4 2 1 5
0 1 4 1 4 4 2 9 1 0
8 4 11 2 8 4 6 8 14 8
1 11 7 22 1 1 0 0 8 15
2 5 3 13 11 12 14 5 4 29
2 12 8 2 9 11 8 0 3 14
3 9 9 4 10 5 4 3 10 7
2 7 11 1 0 8 4 1 7 4
7 13 12 8 16 17 9 11 9 18
2 5 5 7 10 6 0 6 2 9
10 2 4 1 7 0 4 1 3 9
11 3 3 18 12 4 27 11 9 6
6 0 15 1 22 5 2 5 5 6
1 6 3 18 6 15 6 6 1 6
11 7 2 9 4 11 3 2 1 4
4 3 3 3 2 1 3 7 2 1
5 12 7 8 4 3 2 1 9 0
12 3 1 29 0 14 15 0 1 12
11 5 3 7 14 4 11 8 5 11
9 3 1 0 0 6 0 2 1 17
11 2 18 17 5 7 4 5 8 12
15 8 10 4 8 6 1 13 0 3
10 2 7 4 11 3 0 13 2 6
2 3 1 6 10 3 5 1 4 6
9 11 3 0 10 6 0 6 12 4
13 20 9 2 19 13 1 1 3 3
3 11 3 3 2 1 6 10 6 3
13 4 1 6 1 6 5 5 1 5
1 15 3 4 14 16 4 1 7 2
7 12 3 3 0 8 6 5 2 8
8 0 9 7 4 5 1 7 4 1
2 1 13 7 6 15 2 3 1 10
11 7 11 3 6 20 12 13 1 3
1 2 3 0 0 2 0 0 8 8
10 4 10 8 6 9 4 11 13 16
9 12 1 3 14 3 5 3 2 7
6 4 12 0 2 2 2 1 12 8
16 3 20 15 3 5 1 7 1 4
15 3 13 1 7 17 22 17 4 6
12 13 2 1 3 14 7 2 6 7
2 8 6 4 7 4 7 17 10 9
9 11 8 4 0 11 9 3 15 9
12 4 16 7 6 14 6 6 1 7
18 0 10 18 3 6 20 3 8 5
4 14 1 2 4 8 2 6 2 5
1 1 3 3 0 0 2 4 4 8
3 12 2 1 3 4 15 0 14 2
9 6 10 8 0 4 16 5 9 2
7 2 0 1 7 12 11 7 29 0
5 7 17 10 15 5 3 7 13 1
2 0 3 0 7 7 7 2 6 9
3 5 0 9 0 3 1 5 8 7
6 1 6 8 13 5 13 15 3 8
4 4 1 4 2 0 1 7 5 4
6 9 12 2 1 5 13 6 2 3
3 29 10 8 5 2 12 9 8 14
9 13 7 6 7 3 3 3 6 4
3 6 1 3 3 1 5 1 3 2
2 3 8 10 12 6 7 5 4 3
5 4 2 2 12 1 3 4 5 1
10 6 15 6 2 0 5 0 10 6
15 7 7 0 8 8 1 4 23 1
1 5 16 6 4 12 19 6 20 2
5 2 4 3 6 7 20 5 3 20
7 6 4 7 6 3 1 6 3 3
7 12 11 11 8 11 9 6 6 8
3 3 2 13 5 3 14 13 5 15
7 19 2 4 1 7 14 6 7 4
11 10 12 6 7 21 0 18 12 11
12 3 1 1 7 3 5 6 7 7
4 4 5 3 3 3 7 0 5 5
6 1 1 7 2 2 0 1 2 14
5 11 2 5 8 14 19 4 14 4
3 0 0 6 1 5 8 6 6 1
3 1 8 1 11 13 9 9 1 6
2 6 10 1 2 8 4 3 2 8
11 16 6 10 14 2 4 4 0 1
16 2 1 8 19 11 11 12 9 0
16 0 3 5 5 7 4 4 3 4
5 17 11 2 0 5 6 15 9 15
4 8 7 17 14 4 22 8 6 1
7 0 5 6 1 4 5 6 3 0
6 3 0 5 9 10 1 12 3 1
8 17 20 17 3 1 13 5 6 13
1 1 8 11 6 2 4 12 0 7
8 5 12 1 11 8 4 24 3 6
3 3 0 0 8 9 4 5 5 2
0 11 1 13 16 4 2 3 7 4
1 10 6 3 3 9 1 2 3 8
3 5 4 3 3 1 5 3 2 1
11 4 7 3 7 5 11 10 5 6
14 9 11 8 17 8 15 2 1 12
4 4 3 0 5 2 4 9 4 3
11 7 4 9 4 15 6 7 14 1
6 8 17 9 4 5 1 9 3 4
3 7 5 3 2 0 3 4 0 3
15 15 13 2 12 2 1 12 11 11
4 3 8 1 4 0 15 11 19 4
1 0 0 9 3 4 1 1 2 12
5 1 18 6 7 7 1 13 7 15
5 12 1 8 17 13 2 0 3 7
3 18 8 2 3 10 4 12 4 6
4 7 3 10 4 5 13 4 3 5
12 1 8 10 9 5 8 7 12 4
8 9 3 14 20 11 2 9 10 6
2 2 5 2 4 1 1 2 2 7
4 14 5 5 1 3 0 8 3 4
12 3 1 9 6 1 5 4 4 6
9 4 10 16 10 4 6 12 17 7
4 10 11 7 9 7 11 5 11 3
5 9 8 10 9 5 2 7 3 0
4 3 1 4 10 0 14 1 4 13
0 3 4 19 13 4 13 1 4 0
5 3 1 3 7 2 11 7 4 6
4 13 2 18 4 16 1 1 8 12
7 4 1 1 2 2 9 19 2 13
0 8 3 2 1 6 3 2 1 1
1 4 0 2 12 7 13 26 2 17
5 20 10 7 6 0 3 13 4 12
2 7 18 5 8 7 4 11 16 13
1 7 1 10 3 2 1 5 1 0
19 16 10 5 0 7 17 2 10 18
7 8 6 0 6 10 6 4 9 2
3 0 1 8 1 1 3 1 5 0
1 0 3 0 8 0 5 3 1 4
0 1 4 1 7 1 3 1 1 7
5 19 11 22 3 13 7 5 1 2
4 3 0 0 5 5 11 1 2 7
1 10 2 3 12 3 7 1 26 23
11 1 10 4 17 21 13 9 2 14
5 9 7 4 9 3 0 18 8 13
6 7 2 5 0 4 0 12 12 11
3 5 12 7 9 8 9 6 2 5
10 3 12 0 11 8 13 11 3 14
6 6 3 0 2 3 3 2 1 6
1 5 8 17 10 8 5 8 3 5
11 16 10 1 17 5 0 2 5 2
1 5 9 12 6 8 5 8 13 7
6 2 9 10 13 11 13 11 9 3
10 9 1 8 1 3 31 10 8 2
6 14 12 19 6 2 5 13 21 13
1 12 3 3 7 3 5 7 8 1
2 4 5 1 8 1 10 13 16 8
22 9 3 11 5 6 24 3 2 9
10 7 16 1 19 0 0 6 9 5
0 0 4 12 23 8 2 5 4 9
4 2 4 9 5 12 3 6 2 6
1 6 6 6 6 2 9 5 9 8
6 7 2 11 7 3 3 16 4 2
16 9 17 7 7 5 6 19 1 9
5 2 15 14 7 0 8 4 13 2
7 16 2 12 8 0 4 3 19 8
6 1 10 6 16 8 3 3 3 19
1 3 0 1 1 3 2 8 1 4
4 7 17 4 15 1 0 3 1 4
4 5 2 6 8 2 1 3 4 3
4 4 9 15 2 4 7 30 0 15
5 7 19 3 2 11 22 9 1 4
3 11 5 2 20 14 16 3 17 9
2 9 4 2 6 1 2 1 4 1
1 4 6 7 0 5 1 8 2 14
16 5 7 2 3 13 7 7 13 2
4 1 2 3 4 1 3 6 3 9
8 0 5 2 1 1 5 1 0 4
1 10 9 16 7 12 9 2 6 23
4 9 9 1 5 0 1 19 5 10
8 12 8 8 3 2 3 1 7 5
4 2 7 3 8 14 16 3 12 1
2 2 1 1 0 1 5 1 14 4
3 11 1 1 8 7 5 12 4 7
3 14 9 5 9 9 6 14 15 15
19 8 0 10 10 0 15 8 3 9
4 3 7 6 1 6 4 8 2 8
4 1 8 17 2 1 7 20 13 1
7 7 9 18 6 8 2 5 8 2
3 1 2 4 5 9 4 5 1 10
14 1 2 9 1 9 6 6 20 2
11 0 9 6 5 23 2 5 9 10
2 5 0 4 7 1 9 1 11 11
3 3 16 3 26 10 13 5 9 15
2 2 5 0 6 0 2 5 1 8
10 5 22 20 11 0 2 7 1 2
5 8 4 10 8 2 6 5 4 8
7 9 11 15 17 1 17 8 11 9
5 4 2 17 1 11 8 2 1 3
2 6 7 17 3 6 0 4 4 3
4 8 12 4 6 4 3 3 13 5
16 1 9 16 7 11 2 4 4 6
0 7 8 0 0 4 1 0 9 4
6 1 4 3 6 7 3 6 7 10
12 8 5 9 12 7 12 1 6 15
4 5 2 3 3 2 4 7 11 5
3 7 1 9 15 2 6 19 15 6
1 3 0 2 8 3 1 2 3 3
19 0 7 3 6 18 4 13 4 2
3 8 3 6 6 2 3 10 3 8
4 11 9 4 6 5 19 5 4 5
8 11 1 2 5 1 29 2 23 2
4 3 1 2 2 5 2 3 3 5
2 4 2 14 6 1 6 11 5 0
9 11 1 3 6 5 9 1 3 4
3 11 21 5 4 7 12 4 24 7
10 8 20 3 9 1 0 1 12 1
5 6 7 1 14 10 5 13 3 11
13 17 0 3 19 3 1 4 9 4
18 4 31 3 2 11 6 7 1 2
2 5 4 2 8 4 4 0 9 1
1 17 8 12 13 3 5 6 5 15
3 7 4 5 10 6 4 1 8 11
1 7 12 1 9 7 7 1 2 2
7 9 10 1 4 2 13 5 1 6
7 6 15 13 0 16 14 13 7 11
6 6 17 1 8 18 4 13 3 3
9 1 9 3 11 8 7 5 0 3
6 2 2 2 6 7 6 1 10 6
7 7 2 9 6 9 9 11 7 4
3 20 2 4 2 18 28 1 6 3
8 1 13 8 8 21 7 2 10 16
2 5 2 2 11 10 11 6 16 0
10 2 0 16 4 7 12 9 10 15
6 2 5 5 2 2 11 9 2 4
7 2 4 19 12 6 16 3 5 9
0 0 4 1 1 7 5 1 1 7
1 4 8 14 3 8 19 0 5 21
1 0 2 4 1 8 7 1 5 3
5 11 4 2 1 10 2 18 5 2
3 4 23 10 14 3 14 7 21 4
3 15 19 13 8 6 3 15 2 3
15 10 2 3 4 14 5 11 1 18
10 3 2 9 4 3 3 13 19 9
5 1 0 0 5 7 13 2 0 0
10 6 13 10 3 5 2 17 12 10
3 3 2 13 2 4 7 0 3 5
6 12 2 11 12 1 4 8 4 5
4 0 5 0 1 11 3 3 2 1
2 4 8 4 1 2 8 8 19 2
4 3 5 4 0 7 0 4 2 9
0 1 4 2 9 5 6 3 5 10
1 5 3 12 3 1 1 1 1 4
2 5 4 6 1 6 1 1 8 2
7 8 7 0 2 5 5 7 6 6
5 4 4 19 3 0 2 12 2 4
1 6 1 5 1 0 11 8 5 1
14 3 8 5 9 2 4 7 22 3
6 13 28 10 8 17 6 5 6 3
1 2 1 9 1 2 1 1 4 0
7 13 2 5 5 8 5 3 3 9
7 7 15 5 7 3 12 13 3 11
2 4 0 3 5 7 6 2 2 3
0 4 3 3 5 2 4 4 7 5
8 7 4 5 5 4 9 2 18 21
4 7 4 7 1 3 14 14 8 8
8 3 16 9 0 1 20 6 16 14
5 4 7 6 0 0 2 2 4 1
9 0 3 6 6 3 1 2 2 10
11 12 10 1 6 23 1 5 9 1
19 8 6 14 11 5 4 1 16 11
8 1 5 4 12 4 7 4 9 3
11 5 14 2 1 1 6 2 2 1
7 3 10 0 1 3 6 2 1 6
3 4 5 4 1 9 9 0 8 2
7 2 18 5 5 0 13 12 3 23
5 5 2 18 1 5 12 1 5 5
2 2 1 1 7 0 3 3 1 6
3 10 9 3 8 5 2 9 4 2
4 1 4 5 3 4 1 9 5 1
4 2 11 9 11 1 5 5 8 4
12 6 1 19 13 1 1 10 4 16
17 11 2 8 3 8 8 22 14 8
3 10 3 1 0 3 5 12 2 3
2 21 4 28 3 0 1 9 3 2
0 6 6 0 0 3 3 8 3 7
8 1 6 2 3 8 2 5 8 6
3 7 7 16 2 8 6 9 3 15
5 2 8 3 6 1 3 2 3 1
1 1 5 1 7 2 3 1 4 10
2 1 0 4 7 1 1 12 0 6
14 9 4 9 1 10 3 5 0 5
6 2 10 1 4 0 1 4 3 1
1 5 7 2 8 1 0 3 2 1
2 9 3 6 10 4 6 9 4 1
2 3 1 16 4 8 5 9 2 5
2 12 1 1 5 5 13 3 2 9
3 5 5 6 1 12 1 6 1 1
1 10 14 8 6 22 0 2 10 0
3 2 15 1 8 6 3 7 13 24
6 5 0 5 0 2 13 21 1 18
6 12 19 2 14 2 0 19 5 11
7 5 2 1 0 5 18 0 1 1
4 8 1 14 11 13 5 0 11 20
2 3 6 1 6 10 1 15 9 7
5 8 22 8 13 4 4 3 4 2
4 12 2 9 25 4 9 11 2 9
6 2 1 2 0 6 6 4 1 0
11 9 10 8 8 4 10 3 7 7
9 4 1 0 2 12 9 12 3 10
14 2 3 14 5 3 17 1 14 11
9 5 5 1 3 3 2 10 10 7
8 15 7 8 11 6 1 6 26 3
13 4 2 5 6 1 6 6 8 7
6 5 11 12 20 6 8 24 4 1
11 22 16 2 1 4 7 4 1 3
20 9 1 1 16 9 6 16 1 2
8 4 1 1 6 5 1 9 2 4
1 4 4 0 9 6 2 3 9 1
13 12 14 9 0 6 11 9 10 9
1 4 5 3 4 2 8 3 3 1
5 7 1 14 26 5 4 9 7 13
5 6 0 1 5 0 1 8 0 6
12 10 14 8 6 7 20 3 8 9
2 10 3 6 15 6 1 1 3 3
11 15 2 19 13 9 9 7 5 9
1 5 18 13 2 0 0 8 3 2
7 2 9 6 2 10 0 11 1 3
7 9 1 13 5 3 2 2 8 3
1 5 4 4 3 1 6 6 4 1
5 2 10 3 3 8 13 2 10 10
10 1 6 7 3 1 7 5 5 12
5 10 1 15 7 0 9 8 1 9
6 6 7 6 7 5 0 1 3 12
6 8 10 5 3 3 7 21 0 8
0 14 7 4 3 25 1 6 3 15
18 7 8 19 6 9 21 5 6 0
2 3 8 18 12 12 1 4 6 12
5 11 1 0 4 10 5 7 5 5
1 10 9 1 23 5 4 14 6 5
2 2 12 2 4 0 8 8 27 6
13 3 7 4 8 5 3 1 3 3
2 15 14 2 12 3 9 7 8 5
1 12 5 3 11 14 11 10 5 5
8 12 11 3 27 7 17 3 8 1
3 2 0 5 4 1 4 12 2 4
2 9 23 1 6 11 7 17 13 1
4 1 0 4 7 6 8 12 10 4
10 6 0 4 1 4 4 4 10 1
4 3 4 2 4 2 4 1 9 1
1 10 3 5 5 1 1 5 7 16
5 4 6 1 14 7 19 7 2 4
18 6 9 7 3 15 15 15 1 4
6 6 9 2 4 12 6 0 10 9
24 16 12 10 9 7 1 4 8 1
5 11 2 5 5 4 2 4 16 4
28 7 3 10 1 2 13 5 1 6
1 3 1 5 5 2 3 6 3 1
0 5 2 3 6 4 4 2 5 8
2 4 1 3 17 9 1 7 20 20
14 2 4 15 1 6 3 4 19 0
2 8 16 4 1 5 5 14 10 6
4 20 9 17 3 13 6 15 10 1
1 7 9 3 0 5 2 3 3 2
2 14 5 1 1 3 27 6 11 9
4 15 6 1 3 1 1 9 6 5
2 4 0 5 1 2 5 3 6 0
3 6 2 5 11 4 3 1 6 6
0 10 1 8 5 11 5 17 2 10
1 11 9 3 9 13 3 5 3 4
4 2 3 8 6 2 3 1 3 3
0 5 23 8 1 26 2 2 15 4
4 4 1 3 4 7 3 8 11 11
15 15 11 13 7 2 11 9 13 1
3 14 20 5 14 8 2 2 23 8
1 7 7 3 7 1 11 2 9 12
7 3 3 16 11 2 5 6 9 16
20 15 4 13 16 5 11 5 14 6
1 2 9 4 2 1 7 1 1 1
7 4 1 10 8 10 5 2 7 2
1 11 20 5 0 10 17 2 3 5
0 2 6 2 5 4 3 1 3 3
11 6 3 4 1 1 0 9 5 0
6 5 17 1 9 15 16 7 5 1
10 2 4 6 7 1 10 10 10 0
6 4 5 1 7 9 1 5 2 3
1 3 4 5 3 3 2 11 6 2
1 7 5 10 18 5 15 11 23 1
16 16 18 4 1 5 0 14 13 3
5 8 4 18 6 11 2 3 23 15
7 0 6 7 0 4 1 6 4 5
2 0 4 10 4 17 15 5 0 9
10 23 5 7 8 12 4 2 8 9
11 7 5 5 2 14 6 7 9 4
9 1 2 6 5 6 1 8 8 3
2 2 8 7 4 6 9 9 21 4
2 4 5 4 2 10 3 2 7 9
10 10 12 1 12 0 2 11 8 14
2 4 5 2 8 2 12 9 12 2
1 4 2 29 21 0 11 3 0 7
6 6 8 13 19 4 11 5 4 8
12 9 4 0 4 23 14 16 4 9
5 13 5 2 7 8 6 4 12 7
6 10 8 10 26 11 2 4 2 10
7 1 13 1 2 9 9 11 5 6
0 4 8 10 0 25 17 1 7 21
1 16 5 3 3 5 0 5 11 14
0 6 11 0 11 15 14 3 1 4
4 5 18 7 3 4 4 4 4 7
18 0 1 0 6 5 1 0 0 6
5 2 3 7 25 10 9 1 1 1
2 9 6 20 2 8 18 12 8 2
3 3 3 7 19 5 8 22 7 2
16 10 8 7 3 1 7 4 10 9
8 1 0 4 0 2 10 4 8 3
11 20 10 15 7 9 0 10 13 11
0 10 1 3 14 13 1 9 13 3
0 8 5 2 3 7 0 1 8 5
2 5 9 6 10 6 6 4 3 3
6 3 2 1 9 10 2 1 9 2
11 4 7 23 11 1 5 2 10 1
0 3 5 4 1 1 1 8 3 5
6 1 4 3 1 3 0 5 3 1
0 16 21 17 8 15 4 12 2 11
4 12 22 11 4 3 13 7 7 10
0 11 1 8 1 8 0 2 6 1
26 1 1 15 1 10 6 3 4 3
5 1 4 2 14 4 8 25 6 20
1 3 1 0 1 7 3 0 6 4
2 69
2 75
4 95
5 80
6 32
6 53
6 71
7 8
8 38
9 16
9 35
9 58
9 95
10 64
10 68
10 102
13 72
13 81
20 50
22 61
23 71
24 99
26 29
27 47
27 77
27 102
30 78
31 117
32 46
32 48
32 63
33 83
33 107
33 119
35 101
36 53
36 80
39 124
40 65
40 135
41 87
43 58
43 104
44 62
47 80
48 53
48 72
50 149
52 91
52 108
52 116
54 113
56 143
58 102
59 152
60 89
60 115
61 127
61 130
64 80
67 84
68 96
69 157
70 72
70 120
71 100
71 168
72 140
72 158
73 133
73 148
73 155
73 158
74 157
75 121
75 130
76 110
79 108
79 143
79 149
80 112
80 148
81 135
83 105
83 114
83 166
84 119
84 164
85 99
88 185
89 117
90 104
90 155
91 151
93 125
93 134
95 98
95 163
95 177
96 98
96 148
98 143
98 178
99 197
101 156
101 195
102 103
102 183
103 108
103 179
104 164
105 157
106 153
106 155
107 144
108 114
108 123
108 128
108 183
110 125
110 199
112 144
112 176
113 158
113 179
114 153
115 197
116 133
116 190
116 204
118 198
118 210
118 217
119 189
120 131
120 180
121 219
122 144
125 171
126 170
127 205
129 218
129 227
130 168
131 179
133 183
134 150
135 225
136 199
136 221
137 146
137 219
138 154
138 236
139 153
139 168
142 172
142 235
143 171
145 173
145 211
146 211
148 177
148 186
151 210
153 235
154 252
159 221
160 202
163 166
163 173
163 180
163 249
164 169
164 260
167 211
167 243
169 173
169 213
169 223
172 239
172 254
172 256
173 269
174 241
175 211
177 203
178 276
179 182
180 201
182 264
184 248
185 205
185 220
185 273
185 277
188 222
188 232
188 267
190 236
190 284
191 266
192 203
192 239
196 227
197 213
197 296
198 205
198 274
198 298
200 278
203 250
205 252
206 247
207 278
209 231
209 255
210 220
211 221
211 233
211 286
212 294
214 286
214 289
214 300
215 301
218 315
219 224
221 318
222 249
222 262
224 261
226 326
227 257
230 316
231 244
231 277
231 318
233 283
233 289
234 278
235 290
235 293
237 337
240 274
241 256
243 321
244 275
245 297
247 320
247 329
249 325
251 266
251 347
252 307
253 275
255 354
256 267
258 273
258 275
258 306
258 343
260 266
260 271
260 283
261 299
262 280
262 357
266 304
267 299
268 332
269 356
270 330
271 287
272 313
273 314
273 329
274 341
274 367
279 324
280 317
280 330
280 341
280 368
280 378
283 363
284 343
287 359
288 380
289 300
289 304
289 371
290 350
290 356
293 319
294 306
295 314
296 356
297 310
297 311
298 309
298 321
298 347
298 357
299 316
299 324
300 331
300 385
301 331
301 375
302 322
302 340
303 344
304 319
304 397
306 332
306 368
308 337
310 407
311 346
311 358
311 411
313 369
316 333
316 339
316 385
317 389
319 382
319 404
320 349
321 398
321 406
322 347
323 388
324 359
324 370
324 379
324 380
324 407
325 392
326 337
326 409
328 399
328 402
330 370
331 377
332 414
333 358
334 407
334 420
335 363
337 343
337 408
338 360
338 371
339 399
339 434
340 391
341 358
341 400
343 411
343 421
344 371
344 390
344 398
344 429
345 354
345 396
346 390
346 422
347 348
347 384
347 437
349 431
352 360
354 393
355 389
355 401
355 428
356 424
357 364
358 447
359 398
361 411
362 431
363 408
363 430
363 439
365 379
367 450
367 457
368 399
368 403
368 462
369 430
370 406
372 381
372 394
373 381
373 391
373 441
373 466
375 467
376 388
376 405
376 444
377 476
378 442
379 415
379 426
380 440
382 391
384 427
384 460
385 387
386 478
387 481
388 420
388 444
390 487
391 407
391 430
392 412
392 448
392 467
393 487
394 421
395 420
395 461
395 473
396 461
396 486
398 445
400 408
400 490
401 405
401 412
401 489
402 430
403 484
404 439
405 478
406 497
408 497
409 436
409 459
409 479
410 429
410 469
410 510
411 446
412 496
413 479
413 504
414 438
414 439
414 444
414 513
416 472
419 438
419 479
421 470
421 507
423 479
423 486
423 506
424 470
424 487
425 456
425 470
425 492
425 510
426 436
427 499
428 473
429 510
430 438
431 448
432 449
432 496
433 488
435 458
436 501
436 526
437 472
439 466
440 519
441 480
442 485
447 504
447 542
449 459
449 539
452 549
453 497
453 548
455 555
457 491
458 502
460 509
461 537
462 500
463 473
463 526
464 480
464 514
464 558
466 495
467 510
467 521
468 493
468 510
469 514
470 542
471 563
472 517
473 496
473 568
474 516
475 527
476 519
476 522
476 552
477 508
477 518
478 568
480 486
481 499
481 523
484 506
488 503
488 558
489 505
489 545
490 509
491 516
494 517
494 575
494 593
496 519
496 580
496 583
500 536
500 569
501 510
501 546
501 597
503 535
504 541
505 572
505 596
505 597
506 539
506 596
507 578
509 548
510 571
511 553
514 584
515 553
516 552
516 557
516 589
517 586
518 542
518 609
519 562
519 565
521 524
521 543
523 558
523 570
525 540
526 558
526 615
526 622
527 587
527 615
528 548
531 576
531 602
532 589
533 536
533 591
534 578
535 564
536 626
538 633
539 633
539 638
540 589
540 625
541 551
541 566
541 626
542 551
543 564
543 597
543 609
543 632
545 625
545 640
548 611
548 620
549 551
549 590
550 639
552 645
553 571
554 602
558 585
559 565
561 584
561 628
562 566
562 570
562 617
562 653
564 589
564 594
564 651
567 586
567 659
568 586
568 602
568 626
570 571
571 576
571 648
572 643
572 671
573 577
574 592
575 650
579 590
579 643
580 588
582 613
582 625
583 608
585 645
587 605
587 663
588 619
589 627
590 596
590 631
591 679
594 625
594 631
594 693
595 609
595 695
596 674
596 681
598 697
599 635
599 688
601 604
601 605
601 608
601 648
602 695
605 624
605 642
606 671
607 608
607 633
607 644
608 664
610 650
610 671
610 686
611 684
612 642
613 630
617 682
618 655
621 625
623 702
625 638
626 663
626 667
626 700
626 726
627 682
628 651
630 638
631 714
632 648
632 672
632 717
633 686
633 707
635 650
638 677
639 734
641 683
642 706
642 710
642 728
643 706
644 661
647 739
648 709
648 738
650 651
650 713
652 671
652 731
653 724
655 663
655 732
657 699
657 710
658 743
659 705
659 712
660 716
660 739
662 677
663 681
665 701
667 676
668 691
670 729
672 708
672 770
673 739
673 746
674 752
675 683
675 731
677 683
679 744
681 682
681 775
683 744
683 754
684 708
685 750
686 778
690 756
691 704
692 728
692 734
694 697
695 711
695 723
695 757
698 700
698 789
701 712
702 727
702 731
703 729
703 788
704 726
705 787
705 804
706 791
707 728
708 750
710 716
712 776
712 799
712 807
712 811
712 812
713 755
713 789
713 808
715 726
717 756
718 817
719 763
720 743
720 797
722 725
725 749
725 751
725 786
727 792
727 824
728 808
731 793
733 736
733 764
733 824
734 803
735 746
736 778
737 788
738 750
738 790
741 742
741 784
743 777
744 768
744 823
745 821
746 821
749 764
749 797
752 765
752 789
753 815
753 823
753 837
756 841
758 769
758 842
760 802
761 858
763 809
765 827
766 818
766 822
768 839
770 792
770 805
770 822
771 797
772 778
773 858
776 874
777 795
777 831
778 802
778 849
779 865
779 879
780 832
781 862
782 847
783 786
784 832
784 868
785 829
786 804
786 822
786 845
787 843
787 858
788 820
788 850
792 849
794 858
794 893
795 893
796 886
797 798
797 878
798 801
800 818
800 843
800 890
801 882
802 835
802 878
803 817
803 886
803 896
804 829
807 817
807 860
808 889
809 899
809 904
810 829
811 822
811 860
811 873
811 906
813 872
814 822
814 852
815 890
816 865
816 905
817 831
817 842
818 876
819 894
820 862
820 865
820 892
821 851
821 901
822 865
822 886
823 854
823 873
823 896
824 860
825 870
826 831
827 852
829 847
829 904
830 880
830 890
830 922
831 925
832 867
834 871
834 889
835 933
836 867
836 872
837 876
838 849
839 914
841 921
841 940
843 864
844 861
844 865
845 894
845 940
846 858
846 906
846 943
847 860
848 855
848 945
849 854
849 873
849 936
850 860
850 876
850 899
854 894
854 930
856 869
856 898
856 910
857 910
860 933
860 959
861 872
861 908
862 908
862 921
863 875
863 884
863 907
863 948
864 916
865 866
865 943
865 946
865 954
866 959
870 893
870 934
870 970
871 873
871 875
871 923
871 935
872 905
873 901
873 955
876 891
877 885
877 957
878 899
878 928
878 929
878 940
879 889
879 907
880 951
881 920
881 924
881 978
882 900
883 895
883 953
883 977
885 939
886 902
886 954
886 959
893 908
894 993
895 978
897 947
898 973
901 993
904 984
906 918
906 957
907 947
908 909
910 982
911 940
912 933
912 951
912 959
912 977
913 988
915 975
916 975
917 963
917 998
918 927
918 993
919 945
920 986
921 955
921 958
921 966
927 947
927 957
927 979
930 934
930 984
932 978
933 971
937 939
937 947
938 989
940 957
942 973
945 984
946 969
946 978
948 977
951 980
952 969
954 959
956 971
957 983
958 978
959 980
960 967
961 970
961 990
964 991
965 974
965 989
966 969
968 982
973 979
975 998
976 992
982 989
983 992
5 18 8 2 6 8 18 1 8 5
6 5 12 4 17 17 12 7 7 10
1 1 8 12 14 16 18 14 13 9
3 20 9 11 3 5 9 2 13 17
17 22 1 24 21 33 2 7 5 7
3 36 7 21 8 11 26 2 25 10
19 5 29 28 15 16 21 12 19 6
11 14 10 1 27 12 11 6 39 4
7 0 6 9 7 6 3 3 12 4
4 19 10 3 22 3 1 33 6 34
0 3 7 21 7 33 8 5 1 12
14 30 18 7 21 22 15 8 7 20
6 6 31 20 4 19 15 1 4 8
33 11 3 1 25 5 8 7 1 13
6 4 3 14 6 14 16 2 25 9
17 16 6 7 19 5 15 15 22 10
2 10 0 11 12 13 2 6 3 2
16 8 2 8 3 2 7 4 12 8
9 7 11 23 15 20 11 9 10 24
16 19 9 4 8 16 3 32 1 3
32 28 33 35 15 30 13 17 47 25 48 9 42 18 40 1 41 31 21 19
26 14 7 21 14 16 5 19 24 4 19 9 21 19 22 2 20 22 7 7
18 5 12 15 15 11 8 12 17 9 12 1 15 9 15 5 26 17 1 13
13 6 8 11 14 13 1 8 17 1 13 5 12 12 17 6 20 16 4 5
54 39 35 33 43 34 23 44 58 24 47 16 41 49 47 31 55 54 10 50
8 1 11 12 8 9 1 4 14 10 14 1 8 12 11 6 16 15 1 8
32 22 27 27 11 22 16 13 40 19 35 5 33 17 34 6 31 36 14 25
32 30 14 31 33 15 1 21 35 44 41 17 30 40 17 6 48 32 16 35
26 18 7 16 14 14 4 23 25 16 18 14 17 26 15 8 23 17 7 20
26 14 18 21 14 9 11 17 34 30 22 5 16 22 14 12 25 27 5 25
1 2 6 1 6 1 1 1 7 5 14 1 5 8 1 1 15 1 1 11
46 35 35 41 34 29 1 33 46 54 44 19 27 43 35 24 58 41 18 43
42 41 42 35 27 19 24 39 55 42 43 11 28 57 44 41 45 59 31 34
18 9 3 5 19 7 1 7 14 14 17 5 14 25 11 3 23 12 1 17
37 27 28 17 12 16 13 33 31 18 20 11 16 27 19 21 33 23 1 34
25 24 11 20 31 7 1 18 23 39 31 17 18 39 7 8 43 24 12 39
1 7 12 4 6 1 7 1 12 2 16 1 10 8 10 1 10 12 5 6
9 1 7 6 5 5 1 6 11 6 14 1 8 9 4 1 16 6 1 11
7 1 9 8 3 5 4 7 12 8 8 1 4 6 3 5 12 8 1 7
37 20 22 21 20 16 9 32 38 26 16 13 13 33 26 26 34 37 4 31
42 20 32 33 31 32 17 24 53 20 37 4 30 23 45 18 44 45 18 38
53 22 18 48 10 36 13 34 47 40 22 12 30 37 32 26 41 49 9 35
1 1 5 1 1 1 1 3 6 3 5 1 1 2 1 1 7 3 1 4
18 6 6 8 14 3 1 15 18 15 7 3 2 18 8 9 24 18 1 18
36 19 13 23 19 19 12 24 39 23 28 11 28 34 22 14 32 30 9 23
2 1 2 3 3 1 1 2 3 2 3 1 1 1 1 1 13 2 1 3
3 3 9 3 6 3 1 4 9 5 15 3 6 9 3 1 15 1 1 12
46 34 32 23 25 23 13 35 39 30 30 17 27 40 31 25 52 32 4 41
24 15 13 32 36 10 1 7 33 41 36 11 21 42 10 13 45 40 12 31
30 24 34 28 18 25 9 15 40 24 42 1 28 26 39 9 38 29 17 19
41 29 26 39 52 25 8 35 51 52 47 12 25 55 29 32 67 54 20 52
7 3 13 5 6 7 1 1 10 4 14 1 4 8 11 1 16 5 1 1
42 20 19 38 21 24 1 20 43 32 37 12 27 40 32 18 39 44 1 30
17 10 17 19 18 15 7 5 27 20 28 5 18 25 20 13 26 25 5 12
27 15 20 34 6 25 1 14 28 26 25 6 23 15 20 11 26 23 11 8
35 18 24 31 5 23 6 27 34 35 20 4 16 21 18 16 32 24 8 18
9 1 6 7 4 1 3 8 14 12 8 1 2 12 1 5 15 10 1 11
52 31 36 37 37 40 17 37 45 30 43 7 32 40 44 30 54 47 12 44
50 25 20 45 27 33 5 26 48 35 42 16 35 42 38 18 54 51 9 41
12 11 15 9 6 7 5 11 11 18 15 5 5 14 7 7 12 10 1 9
53 38 41 44 49 30 15 26 62 50 63 22 50 42 36 12 74 50 27 56
17 11 14 17 32 14 10 18 33 20 23 4 14 20 17 11 42 27 8 29
23 11 12 22 5 11 5 9 24 18 24 4 21 23 16 10 10 24 3 17
21 13 20 26 6 21 1 10 19 20 25 5 23 9 19 4 25 15 10 7
47 31 37 37 23 32 16 21 48 29 54 14 52 18 43 5 53 34 23 36
12 5 14 13 17 13 1 9 15 13 20 1 4 18 14 9 30 15 4 15
7 1 1 7 1 4 1 3 4 1 8 1 9 7 4 1 4 5 1 3
56 30 25 56 38 37 3 40 67 52 40 17 23 56 44 37 51 69 17 44
32 22 19 37 34 11 3 8 38 41 42 17 33 38 10 5 46 37 16 33
8 5 8 2 9 2 1 2 8 8 19 3 8 11 1 1 23 1 1 14
27 21 25 16 21 18 16 16 28 19 33 9 30 21 19 12 36 21 6 29
25 19 22 17 30 20 18 21 44 12 31 5 26 21 31 6 44 32 10 19
27 13 23 29 27 26 1 15 29 24 27 5 15 22 29 17 34 31 12 20
15 14 20 23 35 15 1 20 33 30 31 6 6 31 19 17 42 29 16 28
36 36 43 21 23 26 29 31 50 22 41 1 41 27 44 16 51 36 21 23
28 12 12 34 24 23 7 16 36 17 26 11 25 24 25 10 34 38 10 12
52 33 28 49 43 27 19 16 50 36 52 31 52 47 31 16 57 54 27 42
7 1 7 7 12 5 1 3 16 10 12 1 6 9 7 1 15 10 1 11
27 10 11 17 21 15 9 18 34 14 17 1 21 17 25 8 28 30 1 21
34 9 17 28 7 24 11 14 29 13 24 1 28 6 24 3 28 27 6 24
37 21 22 22 13 16 11 26 39 19 26 7 25 22 27 12 33 35 1 33
37 43 41 29 12 8 21 35 45 36 41 19 37 46 37 27 43 43 20 37
6 1 6 4 8 3 1 3 14 10 6 1 4 4 5 1 9 6 1 6
16 7 13 20 22 18 1 8 25 15 24 4 16 19 19 6 35 22 3 16
15 4 6 13 24 7 1 6 20 20 22 2 14 25 13 4 28 23 1 23
27 8 15 26 17 18 1 12 29 19 30 1 17 30 24 13 29 32 3 25
46 39 38 26 36 25 23 41 58 27 41 16 35 48 44 28 59 50 10 46
44 28 29 48 25 38 9 29 45 36 42 18 38 34 38 18 45 41 22 15
41 34 35 37 58 36 28 43 56 26 45 15 32 48 41 37 66 54 22 57
11 16 22 8 8 6 18 11 29 7 23 1 20 16 24 7 24 24 14 8
1 1 1 1 4 1 1 3 3 4 3 1 1 7 1 1 11 1 1 9
54 41 34 51 37 36 19 29 55 38 56 29 51 51 37 21 49 47 28 24
22 17 11 12 15 5 1 18 18 23 13 14 11 30 12 13 25 19 1 25
44 36 37 36 25 25 1 33 44 54 37 25 25 44 33 28 56 36 12 40
60 26 31 48 22 44 22 37 57 37 33 4 40 36 42 29 51 54 6 41
49 30 25 31 35 30 15 31 47 29 43 17 35 48 33 21 51 42 12 30
29 25 23 23 20 4 7 7 23 33 35 20 26 34 5 7 32 24 15 32
21 12 20 19 3 11 9 9 27 14 24 1 21 10 19 1 21 19 5 11
18 16 17 24 24 13 8 19 32 28 27 7 18 17 14 8 39 20 13 29
13 3 1 10 1 5 1 6 8 4 10 1 10 9 7 1 4 10 1 11
1 1 3 1 8 1 1 1 6 4 2 1 1 1 1 1 11 3 1 2
23 15 8 14 20 7 1 6 14 26 24 9 20 26 10 2 30 17 3 23
22 20 13 23 23 5 1 24 32 38 18 14 7 40 13 20 36 36 7 34
26 12 20 31 35 20 1 13 37 36 35 6 14 40 23 21 42 39 11 30
35 28 25 26 33 13 15 10 26 34 38 26 32 39 12 11 45 26 23 38
27 19 18 32 35 21 8 18 47 29 44 6 31 35 35 12 42 45 15 36
20 10 8 18 28 17 7 17 31 12 25 9 18 25 20 4 39 23 8 20
11 7 15 11 4 10 6 6 17 9 17 1 12 5 13 1 11 11 4 3
12 6 7 6 10 7 1 9 10 7 9 1 7 16 11 5 13 11 1 8
34 19 20 22 23 24 19 29 33 5 28 8 33 24 27 15 32 31 5 27
34 33 41 23 25 28 29 27 51 6 47 2 42 30 47 18 52 42 14 22
5 1 1 1 1 1 1 3 3 1 1 1 2 5 1 1 6 1 1 5
23 18 20 22 24 19 7 12 29 14 39 7 27 31 30 6 36 32 12 12
27 13 22 27 14 24 1 13 23 20 30 4 23 19 27 7 32 20 10 12
49 39 36 37 37 17 18 20 50 42 52 31 41 54 28 24 51 52 25 52
23 15 15 12 10 12 8 19 16 19 13 5 12 11 10 7 25 10 4 18
17 6 15 18 4 13 5 1 20 7 30 2 23 8 16 1 21 16 3 21
20 4 14 30 15 16 1 5 32 32 24 1 14 24 17 11 34 30 1 16
48 34 44 32 36 36 35 35 59 18 48 11 46 36 52 26 55 55 15 45
24 24 19 13 20 5 5 19 25 30 24 18 12 39 17 19 33 26 5 30
42 33 38 42 30 38 18 26 52 26 47 14 33 41 47 24 45 47 26 10
34 35 33 21 27 12 13 18 40 32 45 20 33 46 26 13 47 38 20 33
21 16 9 1 21 2 6 16 22 18 19 10 12 29 11 8 30 14 3 28
34 28 16 21 19 16 16 30 36 18 29 18 30 32 24 10 30 30 13 24
19 16 25 19 15 12 11 11 39 20 33 1 23 25 30 8 35 35 9 17
16 13 16 10 1 10 1 12 15 20 17 2 7 9 8 1 18 1 4 10
21 12 18 26 20 18 4 8 32 25 32 2 24 23 25 6 35 27 4 17
3 2 10 6 3 4 2 3 9 7 10 1 3 5 4 3 10 7 1 4
17 12 21 18 5 14 4 8 27 18 26 1 18 8 18 1 27 10 7 9
45 36 41 30 41 34 20 29 54 41 50 17 44 30 40 22 64 36 20 41
16 3 5 6 4 6 5 13 13 4 6 1 9 6 7 1 12 6 1 10
6 6 7 1 6 1 1 5 10 10 10 1 2 15 8 3 11 10 1 7
23 11 9 17 16 13 4 7 24 12 30 7 28 22 23 3 25 25 5 22
38 39 38 25 15 16 17 31 49 38 38 17 31 35 32 16 50 27 16 37
24 13 11 19 29 21 1 13 22 13 32 10 20 30 22 6 39 21 9 16
37 25 25 39 9 28 8 22 43 26 35 7 32 24 33 8 33 33 16 4
39 24 22 34 32 24 4 28 41 55 33 12 11 55 22 32 51 43 8 40
26 11 17 16 18 14 14 19 31 16 20 1 19 26 19 16 27 28 1 22
38 32 31 40 35 19 22 34 59 34 53 15 44 37 39 15 53 47 25 47
38 42 34 21 9 10 16 35 44 32 39 22 34 45 33 21 44 36 16 36
2 1 5 2 2 2 1 3 3 2 9 1 2 6 1 1 11 1 1 6
36 13 17 33 20 29 7 25 38 19 27 9 17 37 28 19 36 37 8 9
1 1 1 1 5 1 1 1 2 2 1 1 1 1 1 1 9 1 1 1
15 10 11 5 9 5 10 14 20 11 14 1 12 14 10 1 17 6 5 19
20 20 11 20 20 11 3 20 33 24 32 8 17 28 14 3 29 22 9 24
46 39 39 34 46 30 17 31 58 37 58 14 42 49 45 15 68 48 26 43
30 28 28 37 40 15 13 31 46 45 43 20 24 45 31 27 47 48 21 42
29 23 23 28 19 23 21 23 38 1 32 16 33 17 31 9 29 29 19 9
50 31 25 34 45 19 14 18 48 45 44 28 40 50 25 19 54 48 22 56
18 1 14 24 18 18 1 2 27 16 30 1 15 16 21 3 34 29 2 23
48 29 18 47 35 31 3 26 51 48 46 17 35 51 32 20 51 51 13 37
59 35 35 45 46 48 25 43 63 37 47 15 43 54 47 33 70 54 13 38
36 25 28 25 17 22 14 18 37 23 41 5 39 19 31 3 41 23 12 30
32 16 7 18 27 15 8 25 37 22 19 9 21 33 20 12 36 32 4 25
7 7 12 4 8 3 1 1 7 10 20 1 9 13 7 1 19 2 1 7
22 10 13 9 33 7 4 11 31 24 24 6 16 29 14 8 41 24 5 32
49 43 33 44 53 36 22 39 61 33 61 26 45 59 50 25 59 58 32 38
52 41 37 45 44 29 6 25 48 62 53 27 40 52 30 22 63 46 29 47
11 6 11 7 7 7 7 8 17 4 11 1 10 7 13 1 13 8 4 7
52 30 32 47 34 26 7 38 61 51 39 15 27 50 37 31 62 58 8 56
15 5 9 16 10 9 1 9 16 12 12 1 14 12 14 5 14 20 1 5
20 12 12 19 25 19 4 13 25 17 29 11 21 27 20 8 37 24 7 17
39 33 27 34 18 22 8 28 39 26 32 20 27 35 34 14 40 33 11 20
43 39 33 44 21 28 17 38 65 53 41 11 30 45 35 24 54 49 21 32
24 29 38 25 6 20 16 17 37 20 44 6 36 12 36 7 35 29 24 12
11 9 17 11 2 11 3 2 18 6 22 1 14 4 16 1 18 6 3 2
29 7 16 33 10 20 5 4 36 24 28 1 21 18 22 7 25 35 3 23
56 39 29 41 26 28 14 42 57 46 35 26 29 64 40 37 54 54 13 42
18 17 1 19 29 8 1 18 26 24 28 11 21 30 12 2 33 21 11 26
3 1 6 4 11 5 1 1 6 6 10 1 3 9 7 4 17 8 1 6
4 1 1 1 5 1 1 4 2 5 1 1 1 7 1 1 6 2 1 3
41 42 54 33 32 37 35 34 60 17 57 11 49 32 55 24 62 46 23 33
37 33 21 41 37 21 1 26 46 49 50 19 37 43 26 11 54 35 24 33
17 9 1 11 11 9 1 13 12 11 12 5 10 20 12 4 16 20 1 9
19 16 19 23 15 16 12 10 37 20 29 6 23 24 22 12 28 30 12 13
28 3 8 30 6 19 1 8 24 16 23 1 21 18 19 7 25 28 1 15
22 11 16 16 25 18 1 16 24 22 21 1 8 26 22 15 29 24 10 21
18 10 16 18 9 20 1 6 19 11 25 1 18 11 21 1 27 10 5 3
11 18 15 6 6 1 11 11 17 11 21 6 17 21 13 5 15 15 9 16
19 13 6 33 23 9 1 18 36 26 29 9 22 27 17 10 33 35 12 25
43 32 38 47 48 44 3 34 56 44 56 18 20 47 46 26 65 48 29 39
48 27 13 42 15 26 3 29 36 36 33 20 31 43 24 20 37 40 7 29
41 34 39 37 41 24 14 14 47 36 55 21 40 41 31 15 57 41 25 38
45 26 22 41 31 38 7 22 35 22 50 16 42 37 41 11 47 39 18 21
4 1 3 2 10 4 1 3 6 2 8 1 1 13 8 5 13 9 1 5
7 4 11 7 6 7 1 5 6 7 10 1 4 7 6 1 13 6 1 1
9 19 24 6 15 5 13 5 27 17 35 2 24 21 19 2 34 16 12 16
44 25 33 33 18 32 13 25 45 27 43 7 42 15 36 7 46 25 13 37
24 13 17 25 8 21 1 12 22 24 24 4 18 17 22 8 26 19 9 6
46 21 21 45 18 36 7 22 43 24 41 10 37 33 39 12 42 43 14 21
8 6 7 4 11 2 3 6 14 11 6 1 6 9 9 1 12 8 1 8
7 1 5 5 1 5 1 2 3 4 9 1 3 3 2 1 12 1 1 3
9 1 1 12 8 6 1 1 11 14 1 1 7 8 6 8 10 14 1 5
31 11 17 35 11 25 7 9 38 9 36 2 31 18 32 3 34 35 6 18
37 29 29 17 34 25 26 38 36 13 27 16 24 36 29 29 42 35 8 37
35 32 34 37 20 30 26 29 52 19 42 15 37 38 40 23 40 46 27 1
20 21 25 24 11 15 6 13 36 34 34 1 20 20 20 3 32 18 14 18
15 11 20 14 11 11 10 8 29 11 25 1 15 24 24 11 23 27 8 9
26 15 8 13 18 11 1 18 20 20 22 10 16 27 12 5 33 15 1 24
30 29 30 31 34 16 8 30 45 45 46 16 31 26 24 12 57 27 22 40
34 21 15 31 30 24 8 24 36 24 38 17 31 35 26 8 41 36 11 27
31 11 14 30 22 21 5 12 36 26 29 8 24 36 27 21 33 39 7 23
44 27 29 41 31 28 7 33 55 47 38 10 27 34 33 19 53 44 15 34
27 28 22 24 18 18 20 25 39 15 36 12 37 32 33 7 33 34 21 17
9 6 13 8 16 7 1 8 20 15 17 1 1 22 15 11 19 18 4 12
25 21 18 16 12 8 8 20 32 19 16 11 16 26 24 14 26 28 6 21
42 33 39 34 32 39 19 30 52 21 52 14 42 28 48 13 57 34 23 25
10 2 4 8 2 4 1 5 8 3 8 1 10 10 6 1 5 6 1 7
14 6 13 13 14 14 3 8 18 11 17 3 11 12 17 4 21 15 1 4
35 15 18 30 29 14 2 12 34 29 33 12 24 41 17 16 39 38 13 31
48 33 27 37 35 31 1 29 47 53 46 19 32 44 32 21 59 38 18 40
45 25 33 43 25 34 19 29 65 30 45 5 38 43 52 26 50 62 22 27
32 27 28 23 36 13 5 14 42 41 46 11 26 38 20 4 54 27 17 39
12 1 4 14 2 8 1 5 12 10 13 1 9 15 6 5 10 13 1 4
56 44 41 53 20 36 21 36 66 35 54 23 47 55 56 29 52 67 23 30
48 24 26 39 14 24 15 35 55 41 14 11 22 39 34 32 42 51 3 37
28 6 5 30 24 17 5 16 39 28 21 5 22 31 19 13 37 38 2 26
24 17 20 20 18 16 11 16 37 15 31 5 22 34 30 14 30 34 12 15
25 9 21 30 25 23 1 11 36 25 31 1 17 20 27 9 38 29 8 22
55 40 33 63 33 45 12 39 65 47 58 22 51 34 47 16 62 55 33 42
2 6 9 1 7 1 4 3 11 3 16 1 8 12 8 1 15 5 2 9
23 11 16 18 2 13 4 12 22 20 16 2 11 13 12 7 17 11 3 10
26 18 13 20 21 18 4 17 26 22 30 11 20 34 22 10 30 26 5 15
3 8 15 6 2 3 8 1 18 7 19 1 13 10 12 2 10 12 6 5
5 1 3 6 4 3 1 3 7 8 5 1 4 4 3 3 10 7 1 6
37 34 17 26 32 7 7 33 48 43 35 24 27 44 18 14 48 34 14 51
36 16 18 37 20 22 4 21 47 39 30 1 22 27 25 12 40 37 7 24
19 9 9 17 9 12 4 13 19 7 15 5 17 12 17 1 14 19 4 8
16 6 10 13 4 7 8 10 23 13 12 1 10 14 11 9 10 14 4 10
6 4 1 1 1 1 1 7 1 7 1 1 1 8 1 1 1 4 1 5
49 39 35 39 53 25 23 29 63 39 56 26 49 56 40 17 66 58 30 44
25 8 11 18 28 15 1 19 32 26 23 1 8 32 19 14 38 29 5 29
41 29 32 36 25 32 26 29 55 18 41 8 40 32 39 20 45 47 14 19
7 15 26 8 10 8 11 5 29 10 28 1 15 14 23 3 33 19 10 7
17 28 22 21 40 1 8 12 42 33 44 18 30 37 17 7 51 34 24 40
16 9 18 19 16 15 5 5 29 17 24 1 16 8 21 4 31 19 4 16
33 25 33 22 25 24 21 27 40 16 35 5 29 22 27 15 42 24 4 34
13 8 3 4 4 4 1 12 8 12 4 5 5 12 4 5 8 5 1 12
25 32 36 21 41 9 29 31 57 30 50 4 36 44 39 22 62 44 28 43
19 13 17 19 14 13 5 8 25 31 27 7 15 26 11 13 27 16 5 16
24 11 14 29 32 22 1 16 38 19 32 4 17 28 29 11 37 36 11 24
3 1 1 6 1 1 1 1 3 4 3 1 5 3 2 1 4 7 1 3
3 1 1 2 2 2 1 1 7 2 1 1 3 1 2 1 3 1 1 1
12 2 5 6 5 6 3 9 15 2 8 1 7 6 9 1 12 8 1 6
43 27 29 32 29 32 13 27 44 32 41 12 38 32 33 16 52 32 13 27
31 10 23 37 13 29 1 7 36 19 34 1 25 17 34 12 31 35 6 13
14 8 9 17 10 15 1 4 13 11 22 1 18 10 14 1 27 9 2 8
33 32 33 27 36 17 12 22 46 44 48 15 33 31 19 6 57 26 22 42
23 4 9 20 12 15 5 13 28 6 22 3 22 10 18 1 24 19 2 20
52 45 47 37 24 30 27 43 61 32 50 12 47 40 54 24 58 51 28 28
7 4 6 1 2 1 1 8 7 7 10 1 4 12 2 1 8 3 1 11
19 11 16 23 5 19 1 7 20 14 24 2 21 6 17 1 22 10 6 5
1 1 1 1 1 1 1 1 1 1 1 1 1 1 1 1 2 1 1 1
10 4 6 13 8 4 1 7 8 19 13 1 6 20 2 7 15 15 1 11
30 29 16 31 30 14 2 26 42 43 40 16 25 42 20 13 47 34 11 37
25 23 23 20 23 16 7 13 30 37 34 9 24 30 22 9 39 20 10 26
31 23 32 27 34 28 1 19 32 37 42 11 18 36 30 20 47 27 18 29
9 1 7 4 8 6 1 3 13 1 10 1 3 13 13 3 10 9 1 4
47 27 33 35 29 30 18 26 61 33 47 5 39 38 44 21 54 54 9 42
11 1 5 12 6 6 1 4 19 17 4 1 1 13 6 8 12 15 1 1
47 28 23 37 37 22 10 23 48 49 43 16 37 43 25 17 57 46 14 50
21 32 33 32 40 7 18 26 56 40 49 10 31 52 38 29 53 56 31 36
35 22 18 16 24 22 17 32 31 10 22 8 25 26 25 15 31 29 5 27
14 5 10 11 15 8 1 9 13 13 15 1 10 22 13 8 20 19 1 13
20 18 13 29 24 21 1 15 31 28 32 9 21 19 19 5 37 24 14 20
31 20 34 22 26 26 17 22 37 20 35 1 25 25 33 18 43 31 10 25
33 12 17 24 19 21 5 17 30 17 32 8 25 30 28 13 32 32 7 33
26 17 18 19 7 19 1 16 23 25 23 5 17 14 16 4 23 7 7 14
14 10 15 3 9 5 10 11 22 5 15 1 12 12 17 1 21 14 3 10
48 21 29 42 32 43 14 26 53 19 43 8 42 21 47 11 56 42 15 29
13 2 1 7 1 4 1 10 10 5 4 1 7 7 4 1 7 8 1 9
27 28 25 19 25 7 18 16 38 24 38 14 37 39 26 9 40 37 21 28
8 1 6 11 8 8 1 1 9 12 12 1 7 12 9 3 18 12 1 5
44 33 19 39 39 16 17 44 55 47 33 21 32 48 26 32 50 53 18 51
3 1 6 1 1 1 1 2 5 1 5 1 1 2 2 1 1 1 1 1
3 1 2 1 6 1 2 5 7 1 4 1 1 8 3 1 14 5 1 9
46 40 35 35 36 27 7 27 50 44 50 21 35 47 37 19 56 40 19 39
38 36 30 33 9 24 12 26 42 21 43 13 38 30 36 6 36 32 18 16
4 1 10 5 7 4 1 1 10 10 11 1 4 6 4 4 10 7 1 7
44 38 43 42 29 33 17 24 53 51 52 18 41 43 41 25 57 45 27 29
5 1 1 4 4 4 1 2 7 3 2 1 5 1 4 1 8 3 1 3
52 35 24 41 24 25 11 45 55 42 26 31 26 49 31 32 45 47 14 38
19 17 22 17 6 16 5 8 22 17 32 1 24 13 20 1 24 11 8 8
27 34 31 26 42 15 26 33 61 25 47 13 39 39 43 20 59 49 27 38
12 2 2 4 7 4 1 9 13 10 10 1 9 11 4 1 16 4 1 16
25 19 18 23 5 7 4 19 29 21 20 12 13 27 21 15 22 33 2 26
19 7 15 26 5 19 8 1 19 9 24 2 20 4 19 6 23 27 8 18
45 22 23 46 17 35 21 36 48 44 18 15 29 42 30 29 49 48 16 35
2 1 5 3 5 2 1 3 6 7 5 1 1 3 1 1 8 4 1 4
18 18 20 13 19 9 4 6 16 22 31 11 19 24 12 1 30 11 9 18
44 33 28 35 35 29 13 31 60 41 48 9 35 43 37 15 59 44 16 33
14 1 5 14 10 7 2 7 17 13 12 1 11 9 7 1 22 16 1 15
49 37 31 42 39 33 6 37 59 36 48 21 26 50 48 27 49 55 22 43
14 17 20 9 18 7 12 8 33 15 33 3 25 30 26 10 35 28 12 16
1 1 1 3 1 1 1 1 2 3 2 1 3 1 1 1 2 6 1 2
6 1 6 5 4 5 1 3 9 6 7 1 6 4 5 1 9 5 1 7
35 28 34 37 45 21 25 31 64 32 48 13 39 34 46 25 58 60 25 49
28 18 19 32 6 25 1 17 24 24 27 8 25 16 22 7 23 20 12 7
5 2 10 9 11 6 2 3 18 13 13 1 5 6 6 1 15 7 2 10
35 22 28 33 8 26 10 10 43 25 39 1 34 10 33 2 34 31 13 24
36 40 42 43 36 29 25 30 63 31 61 9 46 42 53 16 61 52 34 23
37 24 20 48 43 36 15 26 52 20 47 20 38 39 41 19 50 57 23 24
32 28 32 22 24 20 3 18 34 32 44 8 25 30 27 7 47 20 18 27
1 1 7 1 3 1 1 1 7 1 6 1 1 1 3 1 7 1 1 1
52 41 32 32 43 36 29 47 48 14 46 26 44 49 40 26 56 44 15 34
15 6 5 9 2 7 1 10 7 10 7 3 6 10 5 3 8 10 1 6
6 1 1 1 1 1 1 4 1 5 2 1 1 4 1 1 5 1 1 3
22 14 10 8 19 9 1 9 14 23 23 8 13 28 10 6 32 11 1 23
31 11 9 36 16 25 5 14 28 16 27 9 26 26 27 11 24 38 8 10
4 1 1 1 1 1 1 2 1 2 3 1 1 6 1 1 1 1 1 3
23 15 21 19 22 17 12 17 36 11 27 4 21 22 31 10 32 29 12 15
30 23 27 33 29 22 7 22 48 32 43 2 23 31 34 12 46 37 16 32
13 8 13 8 12 9 4 8 17 14 14 2 8 15 15 6 16 14 2 7
25 31 31 20 25 17 18 15 41 28 47 10 39 35 35 10 50 33 21 22
1 1 4 2 7 3 1 1 3 1 7 1 1 6 5 2 12 7 1 1
17 12 13 18 16 7 7 11 28 24 22 4 16 22 17 7 19 27 6 21
13 21 18 10 10 1 13 15 27 21 17 6 15 25 18 11 20 29 11 12
4 1 5 5 5 1 1 4 7 6 7 1 5 7 1 1 6 6 1 7
18 21 16 17 31 4 11 23 37 35 33 10 19 33 12 11 41 26 13 39
5 3 9 5 6 5 1 4 5 8 15 3 7 11 1 1 12 1 1 9
18 13 11 10 1 10 1 11 8 16 17 2 10 13 7 2 13 1 3 10
8 9 8 12 21 4 4 12 22 23 18 4 6 21 8 5 23 19 8 20
19 6 15 21 1 15 5 4 23 8 22 1 19 2 18 1 15 16 1 11
40 28 27 42 31 26 4 12 46 42 46 17 41 35 30 11 48 38 18 25
45 27 39 39 26 39 20 27 50 23 44 8 43 15 41 17 53 41 12 38
24 11 8 21 25 18 1 13 19 11 29 6 20 29 23 7 31 25 7 14
8 14 23 10 4 10 4 4 20 11 25 1 13 6 19 1 25 6 9 2
9 6 13 6 12 6 2 7 16 8 12 1 3 14 15 7 14 17 4 5
30 8 13 28 13 23 6 15 32 8 26 5 26 11 25 1 29 26 7 19
20 14 16 23 22 18 7 10 35 20 31 6 21 26 25 8 34 29 8 12
5 1 6 3 8 3 1 4 5 7 10 1 4 11 3 1 16 3 1 9
49 49 43 47 30 36 22 39 62 41 55 28 44 47 45 22 57 47 30 26
35 14 25 31 34 22 4 23 45 36 36 1 16 36 27 20 49 42 7 39
21 27 28 6 30 12 27 22 39 15 35 6 33 32 31 15 46 33 14 30
39 20 19 27 22 18 4 31 36 25 23 11 12 34 28 23 36 40 8 38
8 4 11 11 9 8 1 6 12 13 10 1 8 5 5 1 18 7 1 10
5 5 10 1 1 1 5 6 10 5 12 1 4 9 6 1 6 1 1 6
1 1 4 3 6 1 1 1 5 2 9 1 5 8 2 1 9 5 1 7
14 15 22 9 4 9 8 10 23 15 21 1 12 5 14 1 23 3 8 8
20 14 12 14 23 14 12 17 34 11 27 8 23 19 21 1 32 19 10 20
35 17 20 18 23 26 8 25 28 13 24 1 19 22 28 13 38 24 3 20
8 6 10 4 7 4 1 9 7 14 16 3 5 15 2 2 17 5 1 14
38 36 39 15 27 21 24 33 46 22 44 9 33 43 38 23 52 37 15 36
4 1 5 4 8 3 1 1 11 8 3 1 4 3 7 1 9 8 1 3
20 10 8 14 11 10 1 11 16 10 24 8 21 19 10 1 23 11 4 17
13 7 15 5 5 5 7 10 15 6 15 1 8 7 9 1 17 4 1 10
51 35 31 40 28 28 1 30 40 44 41 22 30 48 37 26 50 44 13 40
5 1 2 5 1 2 1 2 1 3 3 1 3 3 1 1 1 1 1 1
28 16 23 27 26 25 4 16 32 22 35 5 23 28 30 10 40 25 8 20
45 22 20 43 32 27 12 24 53 39 38 16 36 42 25 16 52 47 13 36
31 25 13 30 32 8 1 25 40 38 36 19 26 43 23 17 43 40 11 47
4 3 12 13 14 5 1 2 20 21 21 1 6 13 5 2 28 14 1 17
23 15 16 21 28 17 9 16 33 28 31 3 23 20 15 7 45 25 5 33
44 29 33 31 18 20 13 30 49 34 35 15 30 29 31 18 49 35 4 50
9 1 11 11 19 8 1 4 20 18 18 1 6 22 11 9 25 19 1 14
1 2 6 1 2 1 2 3 11 3 8 1 1 4 3 1 8 1 1 6
9 1 1 9 6 8 1 4 8 7 9 1 10 9 9 4 10 12 1 7
46 26 28 29 28 28 20 22 36 20 44 12 44 29 29 12 49 38 14 47
23 15 21 24 24 24 5 13 35 14 30 5 20 18 30 5 37 26 9 8
12 1 5 15 6 8 1 4 13 6 10 1 13 10 12 4 8 19 1 7
12 4 13 16 4 10 2 3 16 12 16 1 13 4 12 1 11 12 1 4
25 21 19 22 23 17 1 14 27 36 36 11 25 25 14 1 42 12 15 29
10 3 1 2 8 2 1 6 5 5 9 2 9 14 4 1 16 3 1 13
51 40 35 39 31 25 16 23 56 42 52 20 48 40 29 8 55 37 26 32
33 33 29 38 42 28 19 20 47 30 53 24 43 41 35 13 55 44 25 25
2 1 7 1 6 1 1 4 10 1 10 1 1 8 5 1 16 5 1 5
33 33 34 34 32 31 18 20 47 19 52 15 44 36 44 10 55 39 23 13
15 7 6 10 13 8 1 11 15 20 14 4 6 17 6 4 22 11 1 20
4 3 6 1 3 1 2 4 7 5 8 1 2 9 4 1 5 6 1 4
7 9 17 8 11 8 4 2 13 12 23 2 12 13 13 2 22 8 3 8
13 3 1 13 8 5 1 7 14 15 12 1 13 15 7 1 12 15 1 12
53 31 27 51 15 38 6 33 54 46 39 15 34 37 38 21 43 44 13 26
43 19 15 26 30 20 6 21 39 29 34 13 29 36 26 14 47 37 10 48
29 20 13 19 23 5 1 13 21 28 28 17 19 39 10 11 34 32 8 33
10 2 7 13 8 10 1 2 13 11 11 1 8 6 11 1 21 13 1 4
19 12 10 14 11 5 1 11 22 24 22 7 14 21 8 6 21 21 1 27
55 36 32 43 37 40 22 38 57 37 48 22 44 45 38 24 59 40 21 28
19 12 6 11 16 10 1 12 13 14 19 8 18 23 12 1 20 12 4 16
42 23 21 30 35 18 11 26 50 44 35 12 28 44 17 17 51 40 11 44
36 41 39 32 34 21 20 18 53 33 60 15 49 47 43 14 59 45 31 25
1 1 2 3 13 1 1 1 8 12 9 1 1 9 2 1 18 11 1 7
13 4 11 14 15 14 1 7 15 11 17 1 8 19 17 12 21 21 5 11
35 18 28 31 14 25 9 26 39 30 23 4 21 18 27 18 39 32 9 15
8 1 3 3 11 4 1 3 11 8 12 1 7 15 9 1 15 11 1 8
10 4 1 5 1 4 1 7 4 8 2 1 5 7 4 1 2 6 1 4
18 5 18 8 19 12 7 15 21 9 21 1 9 20 16 9 31 15 2 20
10 4 16 10 14 12 1 5 14 13 18 1 2 14 13 7 24 14 2 8
26 6 5 18 5 12 6 16 20 10 11 1 19 10 15 6 14 23 1 18
4 3 7 3 5 3 3 1 10 4 7 1 6 3 9 1 6 7 1 1
27 23 20 23 7 16 1 22 23 32 21 12 16 13 14 9 29 13 10 21
51 27 28 39 27 30 17 28 52 37 34 8 33 33 35 25 54 53 7 46
27 23 17 25 26 8 11 1 22 26 34 23 33 29 10 8 29 27 20 32
14 6 6 4 9 4 5 13 13 10 11 3 10 15 5 1 17 3 1 18
37 10 16 28 31 28 9 22 45 14 27 4 28 20 35 12 42 40 7 30
29 27 25 25 27 26 18 24 34 10 41 17 32 35 34 11 38 30 19 13
33 27 39 36 22 33 9 17 42 28 50 8 36 22 44 14 44 35 22 22
23 10 2 13 6 6 1 18 16 10 7 6 11 15 10 4 16 19 1 12
12 4 9 9 8 4 3 9 16 9 12 1 8 8 8 1 16 10 1 13
3 1 2 1 1 1 1 3 1 2 5 1 1 7 1 1 2 1 1 4
9 4 7 10 8 6 1 7 10 15 13 1 9 16 5 6 15 10 1 13
8 1 3 7 6 5 1 4 12 7 4 1 6 2 6 1 13 10 1 6
1 1 6 2 9 2 1 1 7 9 9 1 1 4 1 1 16 3 1 7
17 26 25 28 20 8 16 22 50 38 38 5 26 42 23 21 46 43 19 31
12 2 7 10 6 10 2 7 9 4 11 1 8 7 10 1 18 8 1 6
5 1 1 1 1 1 1 4 1 2 1 1 1 8 1 1 4 1 1 4
26 23 20 22 9 9 12 20 38 26 29 5 26 38 24 17 29 39 10 16
17 7 13 15 11 11 2 11 20 24 13 2 2 24 11 15 19 21 1 6
6 1 10 7 12 7 1 4 11 8 10 1 6 9 9 4 17 8 1 6
29 34 37 28 22 22 13 16 33 32 48 19 39 21 30 8 42 26 26 23
18 17 24 18 13 20 9 7 28 10 30 4 22 14 29 5 26 20 10 3
4 3 12 6 6 4 2 2 9 7 14 1 3 11 8 3 15 10 1 4
34 25 15 29 48 10 3 24 40 40 39 14 26 47 19 12 56 41 21 51
28 33 31 29 33 23 10 16 48 35 55 11 38 35 35 3 58 33 24 26
6 1 5 7 7 5 1 3 9 6 6 1 6 10 8 4 8 12 1 4
44 19 19 39 9 28 6 27 38 38 30 7 25 31 26 18 39 36 8 28
1 1 3 3 2 1 1 1 4 8 3 1 1 1 1 1 8 4 1 2
1 1 1 1 5 1 1 1 2 7 7 1 1 6 1 1 10 3 1 7
24 12 15 21 11 16 7 12 26 15 27 5 23 17 23 5 21 22 5 21
51 36 22 45 27 29 16 33 50 30 42 28 42 51 40 25 39 54 17 30
16 2 15 19 19 15 1 3 28 22 23 1 9 22 17 13 29 25 1 14
11 3 7 11 10 6 1 1 11 11 23 3 15 11 6 1 18 11 1 16
62 45 45 45 46 49 22 43 61 29 65 17 53 47 58 23 68 49 27 39
16 6 3 7 3 5 3 13 11 9 5 3 7 11 5 3 9 6 1 13
49 38 19 33 31 20 13 39 41 30 33 34 33 52 27 22 48 42 18 35
28 28 34 21 33 23 5 23 33 27 44 14 11 40 32 22 41 29 22 31
1 1 1 1 3 1 1 1 1 2 5 1 1 7 1 1 6 1 1 4
12 12 13 11 17 9 5 8 27 11 27 1 17 20 19 1 27 18 6 12
2 1 8 4 10 2 1 1 10 2 9 1 2 8 9 3 13 12 1 2
17 12 22 16 13 9 16 11 35 17 20 1 21 11 19 7 26 26 8 16
13 4 3 7 3 2 1 7 8 8 5 1 6 9 5 1 6 10 1 7
35 23 19 18 15 13 7 24 27 32 23 15 21 29 13 14 34 20 3 34
15 6 5 16 19 14 1 7 22 7 20 5 15 23 18 6 23 24 4 5
36 21 9 36 23 20 5 15 33 25 32 20 35 38 19 12 29 38 16 19
40 40 36 48 44 37 14 38 60 37 60 25 45 38 46 16 67 40 34 31
10 8 14 7 21 6 11 9 29 13 17 1 11 12 16 5 28 16 6 17
62 39 37 53 39 50 10 30 58 41 64 18 51 42 53 18 69 48 29 48
52 31 35 44 42 40 20 31 60 27 59 14 47 43 52 17 63 55 23 40
39 19 18 44 22 25 12 19 50 36 38 9 30 30 25 19 41 48 17 45
24 11 16 24 28 19 10 20 38 20 26 5 21 22 20 10 40 34 5 25
26 22 12 30 36 16 4 27 36 27 36 15 22 39 25 11 44 34 17 26
8 6 4 7 7 1 1 9 5 11 8 3 5 18 5 5 10 14 1 10
22 11 9 16 18 8 5 21 30 20 16 1 14 15 9 5 27 22 2 28
3 2 7 5 6 4 1 1 2 7 14 1 6 8 4 1 18 2 1 4
29 28 25 24 14 23 13 19 31 16 33 11 28 22 31 4 28 26 16 5
25 13 19 16 16 18 1 17 21 20 24 3 6 28 20 15 24 23 6 19
21 11 9 22 28 6 1 1 28 23 32 10 27 25 11 1 38 30 11 36
28 31 31 15 12 10 18 26 39 21 32 12 24 39 34 21 34 37 16 22
32 13 15 29 28 22 6 12 38 24 38 3 34 18 24 1 49 32 5 38
1 1 1 2 6 1 1 1 5 6 3 1 1 1 1 1 7 3 1 6
22 12 4 20 15 16 6 18 21 10 16 10 17 23 18 7 21 24 9 7
3 1 7 4 6 4 1 1 6 8 6 1 2 1 1 1 12 1 1 3
17 10 11 1 19 10 14 19 20 9 10 1 12 12 11 10 25 13 1 22
46 27 29 34 24 19 16 16 51 31 46 12 44 42 31 12 47 51 17 39
47 39 30 42 26 18 1 31 49 54 45 26 33 45 24 17 58 40 15 55
11 4 9 8 5 8 3 7 13 7 16 1 11 11 10 1 10 9 1 7
14 4 12 15 6 7 4 10 21 20 13 1 3 15 4 9 18 15 1 10
36 19 29 32 14 29 15 22 44 28 32 1 28 22 30 18 39 30 10 19
60 43 37 41 47 44 16 46 59 43 54 26 43 49 46 23 72 44 26 42
36 38 35 38 29 14 12 37 61 54 41 21 21 60 33 35 59 56 18 45
6 1 4 6 4 1 1 7 5 8 6 1 6 7 1 1 7 9 1 6
19 24 34 13 12 9 28 21 35 12 33 1 28 19 27 13 35 25 20 20
17 5 10 11 15 6 5 13 17 16 10 1 10 10 8 1 26 13 1 17
3 1 2 4 4 1 1 4 5 4 5 1 5 7 1 1 10 4 1 8
8 4 6 8 22 1 1 10 19 21 20 1 8 20 1 1 33 16 1 26
34 28 39 29 26 25 31 20 55 20 51 4 42 24 41 12 56 47 22 44
38 20 14 28 17 22 3 23 35 29 30 9 23 36 22 12 38 28 5 19
13 8 14 14 15 15 2 5 18 13 25 3 16 16 18 3 26 15 1 9
54 44 45 52 34 45 16 40 59 43 61 20 46 42 56 26 59 52 33 32
18 12 9 11 21 2 1 2 13 15 21 11 20 27 7 1 24 17 8 18
35 28 28 22 31 23 12 28 39 40 40 10 31 28 21 11 54 23 14 40
45 24 26 32 28 25 8 18 41 29 43 11 41 33 30 10 48 38 11 36
12 3 8 12 12 6 1 7 14 18 11 1 7 9 6 1 25 13 1 13
21 21 22 14 8 6 6 21 23 23 15 13 6 21 14 13 25 17 4 20
44 27 29 49 33 27 12 34 58 49 40 12 36 33 32 23 53 47 21 37
47 18 22 46 26 34 8 16 49 43 42 7 32 41 34 23 53 51 9 43
43 41 36 25 16 11 19 38 51 40 35 22 31 54 31 31 51 47 15 40
7 2 4 8 14 1 1 6 15 13 8 1 6 11 5 1 18 14 1 13
23 9 15 18 4 13 3 9 22 11 24 1 18 8 18 1 23 12 1 15
31 18 16 24 25 21 1 11 27 29 34 8 30 27 24 5 40 24 8 24
18 1 7 18 15 9 2 10 28 14 21 1 15 13 14 1 27 24 1 22
10 1 6 12 1 7 1 3 7 6 11 1 9 2 6 1 8 10 1 5
3 1 6 3 3 1 1 3 6 5 10 1 5 9 1 3 6 6 1 7
43 28 33 48 28 37 10 36 55 58 33 10 23 43 35 30 60 46 22 34
5 1 3 5 5 3 1 2 6 1 2 1 5 5 6 1 7 8 1 1
41 43 40 30 25 16 25 27 50 30 59 14 51 42 38 11 54 37 33 30
46 22 23 36 40 33 21 27 54 22 44 3 41 37 40 20 58 55 7 55
38 23 25 27 9 24 9 27 30 24 26 10 28 15 24 9 31 18 12 24
20 17 28 25 23 20 2 14 39 32 37 1 14 23 27 8 42 24 14 19
34 30 43 23 28 26 28 30 52 14 44 1 35 32 48 25 48 50 22 29
44 25 29 41 26 35 6 31 42 36 36 7 25 33 36 20 47 37 18 22
16 14 11 9 15 11 5 11 22 5 25 4 19 23 22 2 20 17 6 9
8 1 1 1 8 1 3 9 7 5 6 1 5 9 1 1 16 3 1 14
25 23 23 24 17 16 9 11 34 18 40 5 32 36 31 8 37 35 11 11
14 2 8 10 10 10 3 10 16 9 12 1 8 8 8 1 21 7 1 11
34 24 25 17 25 17 18 32 36 20 20 10 21 25 20 20 37 31 1 36
7 2 5 2 11 1 1 5 18 10 9 1 3 10 7 1 17 6 1 13
34 32 42 27 22 18 36 33 55 25 42 2 37 37 36 30 46 48 19 31
20 6 12 26 16 15 2 8 27 19 29 1 18 17 16 1 30 26 6 27
5 1 3 1 1 1 1 7 7 1 7 1 1 7 1 1 9 1 1 10
58 45 37 40 32 36 20 45 47 37 45 23 46 46 39 28 61 44 12 47
37 20 23 19 37 24 13 31 40 27 32 4 20 38 26 22 51 35 3 44
49 35 39 39 29 22 13 42 58 46 33 21 21 52 39 41 52 56 13 49
24 17 7 20 28 17 5 16 21 21 30 14 25 29 16 1 35 20 10 22
36 25 28 35 28 32 14 17 43 13 53 12 42 35 45 9 45 41 17 18
15 5 1 17 14 12 1 6 19 9 16 4 19 11 14 1 18 17 3 14
42 41 40 28 38 26 27 30 59 34 56 8 50 45 42 16 66 47 19 39
10 3 8 12 3 10 1 6 11 7 12 1 9 9 8 4 8 11 1 4
14 5 8 9 6 6 2 10 10 15 11 1 6 9 3 1 20 7 1 13
39 26 29 38 45 37 13 34 49 27 43 18 24 44 39 24 54 46 24 26
13 5 2 8 7 3 1 7 10 12 14 2 11 16 7 1 12 16 1 17
35 34 34 38 31 31 26 25 54 17 59 18 51 38 45 12 51 45 27 22
47 31 30 44 41 33 16 11 53 20 58 24 52 37 41 9 58 50 26 39
33 25 33 37 17 28 8 16 47 27 42 6 35 24 42 11 39 39 18 7
15 4 8 18 4 12 1 7 15 5 18 3 17 11 13 3 11 18 1 8
21 2 5 18 25 11 5 15 33 25 12 1 7 27 13 15 32 31 2 22
33 23 23 29 15 13 1 22 36 44 21 14 13 40 19 24 42 33 1 30
32 24 15 30 36 23 6 30 40 27 36 17 20 44 24 15 46 37 14 28
3 3 1 1 12 1 1 1 5 8 11 3 8 11 1 1 19 4 1 14
10 1 6 18 17 7 1 2 23 17 18 1 14 16 13 4 20 25 2 18
38 24 26 45 43 31 14 27 64 31 55 8 37 42 43 16 60 59 20 40
58 37 29 38 34 24 18 30 61 40 47 20 49 50 35 22 53 59 15 50
26 20 18 31 29 20 7 21 43 27 37 7 26 27 30 7 40 39 13 25
11 10 14 9 9 6 7 10 17 13 14 1 9 17 14 7 15 15 5 9
23 6 11 29 12 19 1 8 27 13 28 5 26 19 22 8 23 31 4 17
24 11 6 16 7 10 1 14 19 25 15 8 13 30 7 15 12 19 1 17
24 20 33 27 18 24 11 9 38 19 41 1 27 19 37 10 37 30 16 17
14 11 21 8 8 11 11 11 21 9 17 1 12 2 13 4 22 6 3 11
38 26 21 25 19 17 13 32 40 20 26 16 27 28 27 14 35 32 8 31
33 23 18 18 27 12 9 26 29 35 23 14 21 33 15 15 46 29 2 41
41 29 27 23 24 15 14 32 53 27 28 13 27 36 36 23 47 46 1 48
15 6 12 14 15 8 3 6 17 14 23 4 15 21 13 6 28 18 1 15
33 23 26 26 34 14 5 15 32 28 41 17 26 41 20 12 43 35 19 37
37 26 30 33 20 29 26 17 52 7 47 9 45 23 48 10 45 48 24 27
34 19 25 30 24 26 1 22 30 34 26 8 8 35 27 26 31 34 13 20
4 3 12 7 1 4 1 1 10 7 11 1 3 1 4 1 9 3 1 1
9 7 1 2 1 1 1 10 3 14 4 4 1 15 1 6 4 8 1 10
8 3 12 15 6 5 3 1 16 16 12 1 7 7 6 7 13 15 1 6
40 28 27 30 8 23 6 30 40 32 28 13 25 19 25 12 33 23 11 19
45 21 18 41 26 27 6 24 54 32 35 13 27 41 37 21 39 54 9 33
3 1 4 3 7 2 1 1 6 2 3 1 3 5 6 1 8 6 1 1
34 19 12 30 30 14 4 19 39 37 36 12 26 40 18 9 43 36 8 34
39 16 23 45 19 33 3 14 45 35 43 7 38 25 33 8 43 38 12 25
16 5 2 12 20 11 1 10 19 14 12 1 9 19 15 4 22 21 1 12
17 17 25 14 16 15 10 12 33 12 32 1 20 23 30 5 33 24 10 8
35 20 20 35 22 30 17 14 43 11 36 11 38 18 40 6 33 41 18 22
4 5 9 1 11 1 5 1 12 6 10 1 5 9 10 4 12 9 1 6
9 10 13 3 3 3 7 8 12 7 12 1 8 8 9 1 5 4 5 5
19 18 20 18 13 12 10 8 23 14 35 7 30 22 22 2 29 23 10 14
40 15 23 35 10 30 11 12 35 12 33 1 34 8 33 3 37 29 11 25
3 1 1 3 1 1 1 1 1 1 2 1 3 2 1 1 1 2 1 1
13 1 1 17 9 9 1 5 17 18 5 1 7 16 8 11 12 21 1 6
20 12 11 15 21 7 1 6 16 16 24 12 24 25 13 4 26 19 9 18
31 30 29 22 12 14 9 25 38 19 26 16 19 34 33 17 33 35 9 17
26 20 17 32 29 15 7 9 38 28 45 13 33 27 18 6 43 34 20 44
1 1 6 1 8 1 1 1 9 1 9 1 1 8 8 2 10 8 1 2
28 14 23 21 15 22 1 17 26 19 24 1 11 20 24 11 31 17 8 15
5 1 6 9 3 5 1 3 4 3 12 1 9 7 4 1 12 6 1 9
37 27 23 47 38 17 5 22 48 56 47 21 34 49 20 22 52 48 22 43
24 13 9 18 13 16 1 16 19 17 22 5 18 19 14 1 30 12 3 17
4 1 1 5 10 1 1 1 12 4 4 1 5 5 7 1 16 10 1 9
10 5 14 12 8 11 1 1 18 16 16 1 9 3 9 1 21 6 2 10
10 5 5 5 11 5 1 3 9 6 15 5 13 15 8 1 14 6 2 11
29 24 27 29 28 12 11 6 33 29 42 18 37 32 21 6 40 34 18 28
10 12 19 12 11 5 10 8 25 19 24 1 14 14 13 1 22 19 8 16
51 38 40 41 29 35 7 42 47 49 39 21 22 32 39 30 57 39 23 41
35 22 27 32 21 26 2 19 42 34 39 8 26 23 33 10 38 29 11 26
17 8 16 16 4 16 1 7 16 12 20 1 14 8 14 1 15 6 4 4
17 13 26 18 21 16 4 13 25 18 28 2 7 22 24 14 26 27 12 14
40 37 21 44 54 25 17 41 51 41 50 30 40 59 39 27 61 54 30 42
7 1 4 7 6 7 1 2 7 1 9 1 7 6 9 1 10 8 1 2
20 14 16 12 22 8 6 8 19 20 25 10 21 17 7 2 37 12 7 26
21 15 9 9 21 6 1 8 16 19 22 12 19 29 11 4 25 14 8 21
55 29 33 40 43 41 19 43 62 46 42 9 30 57 41 37 65 56 7 48
35 19 19 23 14 19 6 25 36 39 20 5 16 22 14 15 35 22 6 25
25 29 29 34 35 13 16 23 44 38 47 19 35 32 27 16 49 31 23 41
26 15 11 20 14 18 1 15 20 22 24 7 17 30 19 12 26 24 3 14
10 4 10 10 6 8 1 7 7 10 9 1 6 9 6 4 11 10 1 4
42 43 29 29 26 15 18 40 57 33 42 27 36 50 35 17 54 43 18 41
13 11 13 11 4 8 4 8 16 5 21 1 15 14 15 1 14 15 3 5
6 1 6 10 3 7 1 1 10 13 7 1 5 2 4 1 11 6 1 2
9 3 11 11 8 6 4 6 11 6 16 1 9 9 7 1 21 10 1 12
13 6 9 8 7 8 1 6 8 13 9 1 6 10 8 1 15 4 1 6
43 17 9 30 27 20 8 24 37 39 25 12 24 46 23 24 41 42 6 39
35 24 18 23 20 15 1 29 29 31 22 15 12 42 26 24 38 34 4 34
10 6 5 1 4 1 4 12 8 8 5 1 1 9 1 1 10 1 1 10
24 13 16 13 27 18 16 21 29 8 23 3 24 26 23 17 37 29 1 27
5 1 2 4 3 4 1 2 5 2 7 1 7 7 4 1 8 3 1 7
44 38 35 38 27 21 21 15 53 23 60 21 57 35 34 1 51 41 28 33
38 25 28 26 41 33 24 33 49 5 34 12 33 30 41 21 48 40 10 23
57 38 35 43 36 40 16 31 54 28 57 19 58 33 40 11 60 38 19 42
23 8 17 21 13 17 7 14 35 24 19 1 9 29 23 18 27 30 2 14
30 25 8 35 43 19 6 19 40 31 43 21 38 39 26 6 50 44 21 37
12 4 7 14 10 11 1 5 11 11 18 1 13 18 12 3 20 15 1 6
25 18 19 17 9 18 2 19 19 24 23 7 15 17 19 6 31 13 10 15
9 1 5 10 7 5 1 5 11 2 11 1 9 10 11 2 12 15 1 9
40 21 20 35 6 29 1 20 33 29 31 9 31 12 28 6 29 25 10 23
27 16 23 18 29 14 14 18 44 32 33 5 20 40 25 19 46 36 11 29
9 4 1 3 11 1 1 4 5 16 6 1 7 19 3 1 14 8 1 13
33 34 24 19 39 9 15 24 49 30 44 14 38 42 26 3 55 41 20 41
7 1 5 7 14 7 1 1 13 6 8 1 2 11 11 5 16 12 1 8
48 35 17 31 39 14 14 27 39 30 36 31 41 48 20 10 49 42 22 38
9 7 16 15 5 10 4 4 12 14 21 1 13 12 9 5 16 11 1 10
37 24 22 29 21 24 6 22 37 26 39 9 35 24 31 2 44 21 10 24
28 7 13 35 14 25 4 5 37 13 28 2 26 17 29 9 29 40 7 15
46 24 34 38 35 40 20 27 53 26 46 6 43 27 44 18 60 45 10 42
1 1 4 1 1 1 1 1 5 1 3 1 1 1 1 1 4 2 1 1
5 1 1 5 2 4 1 1 4 1 1 1 5 1 5 1 4 7 1 1
24 10 14 19 25 15 2 8 25 19 30 7 23 23 18 5 40 22 4 23
28 28 24 9 15 4 13 30 34 19 18 14 16 32 23 19 35 27 2 35
48 30 26 37 36 26 23 40 57 32 34 15 32 44 29 32 45 53 8 52
14 10 16 11 19 5 14 10 35 14 17 1 16 15 20 11 27 31 4 18
13 7 11 8 15 5 5 6 19 10 23 3 17 18 16 3 24 18 2 16
4 3 11 6 15 5 3 2 16 11 17 1 5 18 12 9 20 16 1 11
58 30 37 45 40 43 25 36 70 38 55 9 48 51 53 30 65 65 13 48
21 6 8 15 9 9 6 14 19 10 12 1 15 13 14 4 15 20 1 15
8 2 8 9 5 5 1 3 9 7 10 1 6 1 4 1 19 5 1 7
46 37 24 48 32 19 3 37 52 49 46 25 37 45 32 20 56 46 17 50
28 7 19 30 14 27 6 6 27 9 32 1 22 15 30 11 34 35 10 26
32 18 14 27 9 11 4 25 35 35 8 14 10 30 14 24 23 32 1 23
20 15 19 18 5 11 5 11 19 26 18 5 10 17 11 11 17 14 5 9
8 1 6 7 4 7 1 4 8 3 8 1 7 4 6 1 8 5 1 2
7 13 15 3 10 2 7 7 13 10 22 3 11 20 12 2 18 11 5 12
47 36 33 42 23 22 7 43 56 59 27 22 19 44 24 33 53 45 13 46
33 11 17 28 17 22 6 16 37 23 31 1 27 15 23 2 37 26 3 30
20 13 21 10 13 16 14 16 21 11 17 1 16 8 14 11 26 16 1 17
45 30 32 33 30 27 9 35 41 41 32 14 21 43 32 29 53 40 12 42
27 17 22 29 14 25 3 13 30 14 31 5 26 16 32 4 30 25 10 1
24 9 9 25 11 20 1 11 21 6 22 4 22 13 23 1 25 22 4 6
10 3 4 8 4 3 1 8 11 8 9 1 7 9 5 1 10 9 1 13
14 11 15 15 6 9 3 1 16 11 29 2 24 9 15 1 19 14 3 11
26 21 34 31 5 22 16 7 45 17 43 1 33 23 39 12 35 43 18 11
13 12 15 11 13 11 9 9 24 8 24 5 19 13 18 1 20 13 8 11
13 6 12 11 1 10 1 5 12 16 11 1 8 3 7 1 15 2 1 3
19 11 15 23 7 12 11 9 34 19 27 1 23 25 22 12 20 34 9 14
11 9 18 11 8 8 10 7 24 14 18 1 12 8 13 4 21 13 6 10
16 6 9 12 9 13 1 8 9 11 16 1 9 16 14 4 18 15 1 7
23 3 6 17 14 10 3 17 22 19 7 1 5 25 12 16 22 28 1 13
32 14 21 40 24 30 5 17 47 34 29 3 19 33 31 18 43 42 5 13
5 3 3 1 8 1 4 6 8 4 10 3 6 9 1 1 16 3 1 14
37 21 18 21 29 22 7 21 33 24 33 7 30 34 24 12 46 31 3 28
15 8 17 16 1 11 6 3 24 7 24 1 19 2 18 1 18 14 3 11
13 6 13 7 20 9 3 7 15 12 24 6 9 21 10 7 32 11 4 20
42 29 32 33 19 31 1 30 36 36 31 12 16 31 33 22 41 31 16 23
49 33 32 63 45 42 10 39 67 52 53 20 38 52 47 31 69 61 30 33
18 16 25 20 9 14 11 8 35 27 29 1 18 18 17 11 31 19 11 15
26 17 12 20 28 16 12 20 32 13 29 13 29 26 24 3 37 25 10 20
22 17 20 15 26 8 9 8 34 31 33 8 22 29 16 8 42 24 9 26
30 10 19 29 16 22 1 15 33 31 20 1 10 25 20 16 33 28 5 14
35 35 27 36 31 19 1 34 42 53 40 21 23 44 28 22 59 37 18 43
6 10 17 10 1 6 10 3 21 7 18 1 14 9 15 4 11 16 8 4
8 1 1 3 4 3 3 7 7 2 5 1 4 6 3 1 11 2 1 9
9 20 17 10 26 1 10 7 29 26 35 10 19 24 11 1 32 19 16 28
18 15 16 18 28 13 2 13 28 30 32 5 14 31 16 7 38 21 6 27
36 25 25 40 35 16 12 3 39 47 42 24 37 40 13 16 43 40 21 38
36 18 19 26 24 23 1 16 31 25 40 8 26 34 30 13 34 35 8 32
4 1 1 4 8 1 1 3 8 8 5 1 5 5 1 1 16 9 1 13
10 3 3 1 1 1 1 8 7 5 9 1 5 12 1 1 8 1 1 13
32 14 7 31 26 22 6 23 34 22 30 9 24 26 24 2 38 35 9 27
10 1 8 8 1 8 1 6 10 3 13 1 9 9 7 1 10 5 1 7
9 4 16 13 21 11 3 4 27 17 23 1 7 15 17 5 27 21 4 13
33 32 34 19 35 11 29 33 55 25 46 1 39 43 41 19 57 44 20 39
8 10 17 8 5 4 5 2 13 7 21 1 14 13 15 1 20 12 3 5
1 1 5 1 1 1 1 1 6 2 6 1 1 2 1 1 3 1 1 2
17 5 2 12 11 7 1 8 16 15 10 2 11 17 13 5 14 21 1 16
8 1 6 12 1 7 1 1 9 2 14 1 11 4 7 1 7 8 1 7
17 11 19 11 20 13 1 10 20 20 28 1 8 24 16 7 35 11 3 20
27 24 27 29 21 11 3 1 28 30 39 14 33 26 17 2 37 24 16 19
35 27 21 37 48 15 2 20 49 51 44 18 26 56 22 22 51 48 24 45
19 15 15 21 31 12 11 24 35 21 24 2 20 23 16 14 40 33 6 33
11 4 10 10 2 7 1 5 8 6 12 1 7 8 7 1 9 7 1 4
25 13 18 19 17 10 7 13 36 26 26 2 16 29 21 13 32 32 3 23
33 22 11 20 27 16 10 33 39 23 24 11 21 30 17 11 39 31 7 36
8 15 22 13 13 6 12 9 32 20 34 1 20 23 18 3 32 23 13 16
58 36 37 50 36 43 24 38 60 39 50 18 45 55 49 29 62 55 21 32
16 7 14 18 6 14 2 5 17 14 20 1 18 7 12 1 24 8 4 13
3 1 8 3 11 3 1 5 11 8 11 1 3 10 4 1 19 6 1 12
17 9 12 5 9 9 10 18 13 8 11 1 8 10 7 6 19 8 1 17
23 23 18 31 29 9 8 16 41 42 40 13 28 39 16 15 39 36 18 33
10 3 3 5 8 5 1 6 9 13 10 1 8 11 5 1 11 7 1 13
18 1 1 22 15 12 1 5 27 17 12 1 14 15 16 9 22 31 1 11
8 2 9 6 13 5 4 5 18 9 10 1 3 12 11 8 19 15 1 9
24 21 24 20 6 15 10 10 29 16 30 2 27 16 29 2 24 24 10 12
48 26 24 50 21 37 7 21 48 41 49 12 44 32 36 10 46 40 17 34
20 14 18 22 7 18 1 12 15 24 21 5 17 11 15 5 24 11 10 8
30 29 32 19 36 26 26 27 50 14 46 11 39 35 42 13 55 41 18 27
32 25 17 35 26 11 2 27 46 34 36 15 26 38 29 16 40 44 10 41
13 5 8 10 9 10 1 7 7 13 12 1 8 11 9 1 15 9 1 8
19 5 6 23 4 13 1 9 17 10 16 3 15 15 12 4 9 21 2 3
44 41 46 31 39 26 21 42 63 42 48 14 26 51 44 30 66 50 23 51
25 15 1 16 17 14 4 22 21 14 12 11 16 23 18 9 24 23 6 15
38 21 27 43 32 37 14 24 44 16 42 18 34 33 41 20 44 46 18 14
4 1 1 9 1 1 1 1 7 6 5 1 6 5 2 1 2 10 1 2
24 16 14 17 3 10 8 13 25 14 24 7 23 19 19 7 15 24 6 25
9 8 12 7 9 1 10 9 20 9 13 1 8 14 12 7 15 16 6 10
5 1 8 3 8 3 1 4 9 6 8 1 4 6 5 1 10 4 1 5
15 5 10 19 15 13 1 5 23 16 21 1 15 13 15 1 32 19 1 12
39 23 32 38 30 28 14 25 55 37 43 3 31 27 37 13 53 44 15 38
10 4 8 12 8 10 1 5 13 5 14 3 11 7 9 1 14 10 1 6
31 18 16 24 15 16 1 11 28 37 29 8 21 31 14 11 30 21 5 20
22 12 18 16 15 17 1 15 22 14 24 1 7 23 22 10 23 22 4 13
4 2 8 2 5 2 2 2 8 2 7 1 4 4 7 1 8 3 1 1
44 33 38 38 30 36 18 25 54 22 58 12 50 33 51 11 57 41 23 29
23 21 13 25 40 13 1 11 34 29 38 17 27 36 16 4 48 31 17 33
17 10 6 1 8 5 9 19 11 10 5 5 7 12 6 7 13 10 1 18
34 16 17 25 30 26 7 28 32 14 30 2 22 33 30 16 42 38 8 26
23 10 17 23 1 12 9 10 31 16 25 1 18 17 18 8 15 28 6 18
14 18 19 15 14 11 13 13 36 10 29 4 23 26 29 9 30 32 14 7
10 8 8 7 12 2 1 11 19 20 14 2 3 15 4 2 18 12 1 19
28 17 11 20 20 16 1 11 20 30 28 8 25 25 19 5 36 21 5 24
45 26 25 40 11 26 11 20 43 30 42 13 37 32 30 16 36 41 9 36
5 1 4 3 6 1 3 6 7 1 5 1 3 6 4 1 12 6 1 7
12 13 18 9 7 9 11 8 21 4 22 1 17 14 20 1 17 16 9 6
18 11 13 14 3 11 1 11 13 18 15 2 11 11 8 2 19 4 3 13
47 31 22 34 31 22 2 25 41 36 40 24 34 44 27 14 52 39 11 39
16 10 13 14 23 7 3 5 26 22 28 2 18 27 18 5 29 25 2 22
14 7 9 10 4 6 1 7 15 8 15 1 11 13 15 2 9 18 1 6
15 6 10 14 19 7 8 16 27 15 18 1 12 13 9 4 28 20 4 27
24 16 9 22 14 5 1 20 29 29 14 12 9 27 13 12 25 31 2 33
10 1 7 14 10 8 1 6 18 12 14 1 10 9 7 1 20 12 1 15
34 28 27 23 12 11 17 32 43 33 24 15 18 40 21 27 35 37 9 33
26 14 16 19 23 22 12 20 33 9 23 9 22 12 20 5 35 20 8 15
4 6 10 4 6 1 6 4 11 8 8 1 6 5 7 4 7 8 4 1
40 24 20 36 37 32 22 33 53 13 36 15 39 29 35 17 43 48 16 26
25 23 25 14 18 15 19 24 39 5 33 2 29 28 34 7 39 33 14 14
41 25 24 28 40 23 9 26 43 27 40 12 32 40 33 17 49 42 15 36
11 7 5 2 1 2 1 8 9 6 4 2 4 8 5 2 1 2 1 5
35 41 44 28 42 27 23 34 61 41 59 10 42 41 42 18 71 44 25 43
5 3 10 11 10 3 1 1 13 15 17 1 10 13 7 2 18 12 1 8
7 5 3 1 2 1 1 8 1 8 8 2 2 12 1 2 6 1 1 9
6 1 1 8 7 3 1 1 5 6 4 1 8 1 5 1 10 8 1 5
6 1 1 7 7 1 4 6 7 5 1 1 6 4 5 1 13 9 1 7
34 33 36 27 16 13 15 29 51 38 27 16 20 46 35 32 40 47 13 25
4 1 7 7 11 3 3 5 16 14 10 1 3 6 1 1 18 11 1 15
42 36 35 27 42 17 28 20 51 25 48 21 48 36 26 16 50 40 18 52
52 17 26 51 30 42 16 28 61 39 37 2 35 36 43 25 59 59 8 38
32 21 22 26 28 24 19 26 38 6 36 13 36 27 34 9 40 34 13 20
22 11 10 10 14 11 4 14 20 8 25 6 20 17 12 1 27 10 2 17
16 2 9 15 17 9 1 8 24 18 14 1 9 19 16 8 22 25 1 15
30 10 17 31 30 25 5 16 43 22 31 1 24 21 29 10 45 40 3 26
6 4 13 6 6 6 4 5 11 7 12 1 4 1 5 1 15 5 1 6
26 14 9 22 11 9 1 19 28 23 12 10 13 27 19 15 22 32 1 21
18 14 28 21 7 18 11 1 32 7 39 1 28 14 33 2 30 31 11 12
27 17 7 15 22 10 3 18 26 27 22 13 20 35 15 13 32 27 5 28
32 14 8 33 28 20 1 17 36 33 34 9 25 39 23 13 38 42 5 30
36 38 33 40 38 23 17 34 50 46 54 23 39 43 35 20 50 35 27 42
54 46 40 35 41 21 18 35 59 38 50 30 43 55 38 20 66 52 22 49
11 11 14 12 11 8 10 6 21 9 22 4 22 13 17 1 17 16 8 12
27 17 9 22 32 13 5 13 32 21 31 16 30 27 17 1 41 26 12 29
38 39 35 38 31 20 13 39 52 52 45 21 32 28 30 19 52 35 28 41
30 12 26 32 17 29 4 5 34 13 42 1 28 19 35 8 38 30 8 26
32 11 6 24 4 15 8 13 25 13 16 4 21 15 18 9 21 31 5 29
20 8 7 17 7 9 1 13 16 20 9 5 9 20 8 12 14 20 1 12
9 2 2 3 14 1 1 6 15 11 10 1 8 14 5 1 22 7 1 18
23 15 10 18 8 14 3 17 19 9 21 9 16 19 15 2 15 17 4 7
47 33 36 41 33 39 13 35 52 29 45 12 34 31 46 14 54 38 24 19
31 22 17 20 31 15 1 21 26 34 28 16 18 40 18 19 40 28 10 36
29 31 26 16 17 4 12 16 31 27 38 16 31 33 15 4 37 23 17 31
30 8 16 20 19 21 11 17 28 9 24 1 22 20 25 13 33 35 1 26
8 2 3 7 2 7 1 3 9 2 5 1 8 2 7 1 5 6 1 2
25 10 22 25 19 22 5 13 29 11 29 1 17 20 30 14 27 30 9 19
7 1 6 6 1 1 1 4 5 2 9 1 5 7 3 1 5 4 1 4
56 42 35 36 47 39 30 52 58 22 38 33 39 48 44 34 60 52 24 30
25 19 23 36 38 19 1 23 48 37 37 7 14 38 30 24 45 44 17 28
34 22 21 37 31 15 13 12 54 36 47 10 37 35 23 10 50 49 20 46
1 6 11 5 5 1 6 3 11 3 13 1 7 7 8 1 7 8 4 5
18 5 5 3 10 7 5 15 16 3 5 1 10 9 11 1 17 14 1 12
25 14 17 24 17 18 1 6 29 33 30 6 23 23 18 7 35 18 8 14
11 1 4 7 5 6 4 8 10 3 8 1 7 5 5 1 13 5 1 9
1 1 5 3 5 3 1 1 1 6 6 1 1 1 2 1 14 1 1 1
37 28 26 20 30 14 20 32 49 28 25 10 23 42 27 30 43 46 1 41
21 13 15 17 20 17 12 16 31 1 27 8 22 19 26 4 31 24 9 8
11 15 20 7 12 8 9 10 18 14 26 3 13 21 17 5 26 12 7 14
16 10 5 24 28 6 1 10 26 33 25 7 16 35 8 12 34 32 8 25
7 8 4 2 13 1 1 1 7 13 16 8 11 14 1 1 18 3 5 17
13 9 10 15 6 8 5 7 25 6 20 2 18 8 17 1 16 19 5 7
41 33 27 27 40 23 23 26 53 25 47 17 47 43 40 15 54 49 20 34
35 24 23 33 16 22 4 26 44 34 37 6 27 17 25 3 37 23 13 29
13 2 4 7 9 6 1 10 13 8 7 1 6 11 9 1 18 12 1 8
39 32 14 25 33 20 8 30 33 27 32 28 28 46 26 17 45 32 14 29
22 17 18 19 10 8 1 16 22 25 19 11 11 32 16 16 25 26 1 20
15 1 6 12 9 6 7 12 16 13 6 1 10 10 7 7 16 15 1 11
32 24 18 24 18 13 1 9 23 39 32 13 27 29 10 4 33 16 13 25
35 14 18 30 14 24 10 21 31 33 20 2 20 36 23 20 41 32 4 23
12 5 7 4 17 1 5 10 18 14 15 4 13 14 4 1 24 9 1 24
46 21 30 42 43 35 20 21 59 32 47 7 38 36 42 27 61 59 18 55
6 1 1 5 4 2 1 3 7 1 1 1 5 1 4 1 10 6 1 4
48 30 35 42 21 30 1 32 43 36 33 17 17 38 40 29 40 43 12 32
18 10 12 11 9 6 6 14 20 14 15 4 11 14 11 4 19 11 2 18
40 23 20 35 31 20 6 25 51 34 46 11 31 39 30 12 54 43 8 49
19 13 12 14 7 2 1 16 22 30 6 10 1 22 3 16 18 19 1 18
17 13 10 8 5 1 1 15 15 16 7 9 2 23 10 11 14 17 1 15
14 10 15 9 21 8 4 7 17 14 27 7 16 25 15 7 29 17 6 18
33 21 19 29 7 16 1 21 27 33 20 10 15 29 20 17 32 27 6 17
1 1 3 1 8 1 1 1 6 1 10 1 3 10 5 1 13 5 1 6
10 1 4 10 7 5 2 6 9 7 11 1 10 9 4 1 19 12 1 11
27 16 21 20 20 15 9 18 36 26 31 1 22 20 21 6 38 27 2 32
9 3 6 5 8 5 1 3 10 7 17 3 12 11 5 1 17 2 1 12
42 27 16 31 26 24 9 23 39 20 43 21 41 34 29 6 38 31 15 32
3 1 2 5 1 1 1 1 4 1 4 1 5 3 2 1 1 6 1 2
40 23 23 46 19 37 6 26 39 36 33 13 30 31 35 19 42 39 17 12
14 6 7 9 5 6 3 11 17 3 13 1 11 8 10 1 13 8 1 7
9 14 16 18 26 7 7 13 34 22 29 5 16 24 20 8 34 30 13 22
31 42 39 38 46 9 19 20 50 50 60 31 43 45 23 16 56 39 36 49
4 1 7 4 1 4 1 4 6 5 8 1 4 5 3 1 8 5 1 6
24 16 8 17 11 11 1 20 22 18 15 12 15 23 11 9 18 18 4 19
4 8 17 8 6 5 5 1 18 14 19 1 9 4 9 1 17 10 3 8
37 33 36 31 49 16 12 19 52 46 52 20 28 51 27 19 59 45 29 49
26 21 29 25 27 22 4 13 28 23 42 8 20 31 29 15 38 25 14 24
25 5 8 26 16 17 4 11 34 9 22 2 22 14 24 4 28 33 1 15
29 26 36 31 7 26 19 10 39 15 50 5 44 19 38 4 36 29 21 23
46 31 43 48 35 44 2 31 52 48 45 17 18 36 45 32 52 43 29 27
1 1 2 2 6 1 1 1 4 4 10 1 6 7 1 1 9 6 1 6
34 27 24 17 20 17 23 27 46 15 32 7 35 30 37 15 37 41 12 33
16 8 13 11 15 6 10 14 21 13 20 4 17 16 13 5 24 19 1 22
4 1 7 8 13 3 1 1 17 9 10 1 3 9 12 5 14 18 1 6
7 4 14 11 18 8 2 2 25 13 19 1 6 10 14 2 28 15 2 12
48 25 23 41 40 31 9 40 59 47 40 13 21 55 32 29 59 53 13 42
34 13 21 40 24 31 4 20 41 27 30 5 16 35 33 24 36 45 10 13
13 1 7 18 11 12 1 1 16 14 13 1 12 9 15 4 20 20 1 5
4 3 6 8 10 3 1 3 8 15 15 3 8 12 1 2 21 8 1 15
22 14 14 22 16 15 4 15 26 26 26 7 19 25 15 8 27 22 4 20
22 30 31 30 26 7 22 30 55 42 43 11 27 48 30 28 46 47 28 31
42 19 23 29 30 26 14 30 40 39 27 3 22 44 27 29 52 42 2 38
19 8 7 21 20 6 1 1 27 26 26 8 23 23 9 4 23 25 5 25
40 27 21 26 26 20 10 31 40 39 31 14 26 35 20 17 47 32 3 43
13 4 7 13 16 11 1 8 17 15 15 2 9 13 10 1 24 13 1 12
33 22 16 32 21 11 5 30 37 39 26 15 16 34 16 16 42 38 7 44
1 1 1 1 5 1 1 2 5 7 1 1 1 2 1 1 11 6 1 5
27 26 16 18 36 10 13 36 44 32 25 10 16 42 18 25 47 41 6 46
1 1 1 2 5 1 1 2 5 11 4 1 1 9 1 2 9 5 1 7
17 15 16 21 12 16 10 11 28 7 28 8 21 20 22 6 20 25 11 2
48 31 26 41 48 25 1 24 51 46 53 20 31 53 31 18 57 52 24 56
36 32 27 29 25 23 11 29 43 22 37 12 25 40 40 18 36 47 20 18
37 23 29 29 16 29 14 24 47 23 31 1 30 17 30 14 37 29 8 14
41 29 19 27 26 20 6 22 30 29 38 21 34 34 17 4 43 22 16 31
1 1 1 7 8 1 1 1 9 14 7 1 1 4 1 1 11 10 1 7
41 25 21 24 30 26 8 27 35 23 40 15 28 38 30 10 47 29 11 26
13 11 7 4 8 1 1 15 14 19 7 8 1 16 1 8 15 9 1 19
20 12 13 15 1 10 4 10 23 10 23 1 18 12 17 1 13 17 2 14
8 1 6 11 8 5 1 1 8 13 8 1 5 12 6 9 11 15 1 4
19 12 9 11 27 6 1 4 22 20 24 11 21 26 10 1 31 17 8 22
8 1 4 4 5 2 2 7 9 4 4 1 3 7 3 1 13 8 1 6
12 1 3 9 12 4 6 9 14 9 8 1 12 8 8 1 20 15 1 17
10 8 4 1 2 1 1 11 8 9 3 5 1 11 1 5 6 5 1 9
5 4 6 2 7 1 1 6 6 9 12 2 5 15 3 2 10 7 1 10
11 6 15 11 12 11 5 5 19 11 21 1 13 11 16 3 25 13 3 12
31 23 17 23 11 15 1 27 26 21 17 19 14 28 19 15 26 24 6 20
7 1 2 5 7 3 1 3 16 9 11 1 5 9 5 1 11 5 1 10
33 22 22 29 24 16 1 6 27 29 38 13 35 28 19 1 41 23 15 22
46 32 40 44 34 35 11 34 55 48 45 15 19 55 44 39 49 56 25 36
10 8 4 1 1 1 1 11 5 9 7 5 1 14 1 5 5 4 1 11
14 13 21 13 9 8 14 12 25 17 22 1 15 14 14 6 23 17 9 14
28 11 18 25 31 21 5 21 39 18 30 2 17 25 27 7 43 32 6 23
1 1 2 2 2 1 1 1 6 7 2 1 1 3 1 1 3 5 1 2
2 1 1 2 4 1 1 1 5 2 5 1 5 6 1 1 10 1 1 7
33 27 30 16 37 16 17 21 37 27 39 12 32 31 18 11 51 27 8 42
23 17 11 20 28 15 8 23 35 21 32 9 20 29 18 1 39 22 10 28
39 29 24 27 48 19 5 30 45 42 44 13 27 46 25 18 62 37 17 52
3 1 5 1 4 1 1 3 3 3 7 1 1 10 2 1 9 3 1 3
12 3 7 7 3 4 2 9 6 6 8 1 6 4 2 1 16 5 1 8
27 19 29 32 12 25 13 10 38 29 30 2 25 33 31 21 36 36 9 15
44 35 31 29 23 19 7 27 40 40 42 20 36 30 26 9 49 30 16 39
15 4 7 16 13 11 1 3 12 15 21 2 18 13 12 1 23 14 1 16
11 5 18 11 15 13 1 3 18 14 19 1 4 11 15 6 25 10 3 7
6 1 10 5 13 7 1 2 12 8 10 1 2 7 8 4 23 9 1 7
2 1 4 3 13 1 1 2 12 16 11 1 3 16 1 3 17 11 1 12
46 29 33 37 51 40 19 41 54 27 45 9 30 43 42 27 63 49 14 44
19 17 17 15 14 5 1 22 27 32 18 14 4 28 8 14 30 21 4 32
6 1 4 7 3 3 1 4 6 4 4 1 7 1 4 1 8 6 1 5
13 8 13 13 11 10 6 6 21 4 21 2 17 14 22 4 15 23 4 4
13 5 5 10 7 10 1 9 9 5 14 3 11 13 10 1 13 11 1 7
22 9 10 17 19 14 1 12 18 16 22 6 18 26 19 10 26 22 1 23
53 33 32 37 14 30 13 37 48 26 35 16 34 29 37 20 41 37 6 38
49 44 36 39 33 35 19 34 54 39 56 26 48 39 39 12 58 32 30 29
13 12 13 12 12 12 7 8 23 6 20 6 17 8 18 1 16 14 8 5
40 45 40 28 12 17 19 40 49 30 36 25 34 45 42 29 38 43 22 31
9 2 5 6 7 6 2 5 14 2 8 1 7 6 11 1 14 9 1 6
11 6 10 14 11 11 1 6 11 15 18 4 13 17 11 6 24 14 1 13
30 19 16 13 18 10 9 27 35 21 14 8 14 26 20 16 31 29 1 27
5 1 8 8 11 6 1 5 7 6 11 1 6 12 8 5 15 12 1 5
7 1 2 5 9 1 5 7 8 3 5 1 6 6 5 1 16 10 1 11
14 4 1 13 4 9 1 10 11 1 8 3 13 7 10 1 9 11 2 2
20 15 19 17 2 12 2 10 21 23 18 1 13 12 15 5 18 11 5 5
3 1 5 4 6 5 1 1 4 1 8 1 1 6 6 1 11 6 1 1
6 1 6 8 8 3 1 3 9 1 7 1 8 8 10 3 9 12 1 3
19 11 12 17 11 12 7 11 24 12 21 4 20 13 19 1 14 19 5 13
23 15 8 17 6 8 1 20 22 23 8 11 9 22 10 13 16 21 1 18
8 10 14 9 15 3 12 9 29 16 19 1 12 9 11 1 23 18 9 19
15 4 8 13 6 7 1 7 16 14 8 1 7 16 9 9 8 17 1 4
28 18 20 24 17 17 10 20 33 31 23 3 15 43 24 25 29 36 7 23
39 23 25 24 40 27 18 26 37 17 38 10 35 36 34 24 50 42 7 39
34 21 22 24 33 27 18 32 44 13 32 10 27 25 26 11 43 30 11 23
43 26 33 40 33 38 18 29 54 10 51 11 37 33 50 17 50 49 22 27
5 10 13 16 20 7 1 10 23 25 22 6 7 13 7 6 26 17 10 18
41 28 24 24 23 17 18 31 43 31 32 12 29 39 21 26 36 38 3 43
19 10 4 21 17 13 4 12 22 10 20 9 21 24 16 5 26 26 6 12
29 17 25 26 23 23 3 19 31 22 34 5 13 29 31 17 29 32 12 26
38 22 23 30 16 25 18 16 47 16 37 7 36 13 34 6 36 37 15 33
2 1 4 4 2 3 1 1 4 8 4 1 1 1 1 1 7 2 1 1
22 15 22 18 21 14 7 12 30 25 31 3 19 24 22 7 38 21 6 24
27 11 15 26 18 20 7 15 36 25 23 7 19 18 17 10 32 25 6 18
31 29 17 23 28 10 3 27 35 43 34 14 22 33 9 8 51 23 13 43
20 12 15 17 15 17 4 10 20 13 28 8 21 17 17 1 31 13 4 16
38 36 35 32 28 14 18 9 39 33 51 21 46 42 28 8 43 41 25 33
15 6 12 14 5 11 1 6 16 15 19 1 15 8 8 1 24 2 1 12
52 29 29 47 34 42 18 31 53 23 48 22 40 41 46 22 50 56 21 31
24 29 42 22 23 22 20 18 44 26 42 1 27 28 41 19 46 33 25 17
40 26 30 47 15 38 9 18 49 26 45 13 43 12 42 7 36 36 20 14
11 4 10 15 2 12 1 3 11 6 14 1 12 3 9 1 12 11 1 2
8 4 5 10 9 4 1 1 8 9 14 4 14 12 7 3 12 14 1 11
34 25 28 24 30 23 9 21 44 35 44 5 27 34 32 10 52 30 11 32
3 1 3 2 10 1 1 2 9 7 4 1 2 6 3 1 11 5 1 7
47 25 27 34 16 29 19 24 46 21 38 12 38 21 33 16 40 41 10 44
5 1 6 7 1 5 1 1 10 1 8 1 5 1 5 1 6 3 1 1
26 25 27 30 35 16 7 25 45 41 44 6 23 38 27 15 53 35 17 38
15 9 13 15 4 9 7 7 20 8 21 1 17 10 17 3 9 21 5 13
40 29 30 34 9 17 12 24 52 36 35 11 30 30 32 15 41 40 9 35
28 16 15 17 18 17 1 22 26 18 19 6 7 30 22 18 22 25 7 20
17 5 6 16 10 13 1 8 15 11 13 1 9 18 14 6 18 20 1 1
14 15 15 8 3 4 4 12 13 16 20 7 10 19 6 6 14 9 2 16
10 1 7 7 10 7 1 6 14 9 10 1 8 10 9 1 12 7 1 9
10 3 7 9 27 4 3 9 23 21 21 2 8 25 7 6 38 21 1 26
19 7 10 8 13 10 4 12 16 14 12 1 11 11 11 1 29 7 1 18
28 20 19 19 13 11 11 24 35 24 19 11 18 19 17 11 27 23 6 26
11 3 11 5 9 3 5 11 13 5 9 1 5 9 8 1 19 14 1 11
29 18 21 23 29 25 14 23 38 10 30 13 22 25 30 10 40 26 13 11
31 19 25 21 11 20 24 24 45 20 14 1 23 31 32 23 33 40 9 20
41 41 36 48 31 22 5 38 56 59 44 25 30 48 36 28 57 47 22 43
35 15 11 24 12 9 5 24 33 23 12 10 16 33 19 21 27 38 1 31
8 6 14 13 3 7 6 2 22 12 19 1 12 9 12 5 14 15 4 8
31 18 19 32 20 29 15 9 42 6 40 8 38 18 41 7 36 42 16 23
29 19 18 22 38 11 6 5 33 28 34 18 28 35 15 9 46 29 16 35
10 5 12 13 5 8 1 3 9 12 14 1 9 7 11 1 18 11 2 1
20 15 23 21 25 18 12 10 41 16 38 3 29 26 35 10 37 36 13 26
20 9 10 26 15 13 6 8 39 20 25 1 22 23 22 8 25 36 5 16
30 25 34 42 34 29 19 9 53 32 57 9 39 31 41 17 54 52 23 42
16 8 5 13 9 12 1 12 14 7 13 6 13 12 12 1 13 11 5 6
39 31 27 38 45 31 9 24 50 34 48 20 30 48 40 25 49 48 25 30
14 6 1 14 14 9 1 7 13 13 18 5 18 16 9 1 21 15 1 13
11 7 13 8 6 8 1 2 10 14 21 2 12 11 7 1 16 1 1 9
1 1 2 1 6 1 1 1 1 3 9 1 2 7 1 1 11 1 1 6
15 9 13 2 10 6 12 13 21 1 15 1 17 10 13 3 18 11 1 17
12 4 5 27 19 10 1 6 29 20 24 1 17 14 16 3 28 32 5 21
40 27 24 44 30 34 4 29 53 44 40 11 26 37 34 14 51 41 19 18
10 2 9 9 17 4 2 4 21 18 18 1 5 21 6 8 29 17 1 16
34 33 39 31 18 26 13 23 41 32 48 11 37 29 41 15 42 36 22 22
17 19 20 12 15 7 9 7 19 18 31 12 24 22 12 1 24 14 13 20
39 34 36 35 27 31 14 33 46 46 40 20 30 17 31 17 47 25 24 34
7 1 1 5 1 3 1 3 5 3 3 1 5 5 3 1 1 3 1 2
2 1 1 1 1 1 1 3 7 1 3 1 1 3 1 1 9 2 1 7
43 20 22 30 25 21 14 16 42 17 39 10 44 29 24 11 39 41 9 42
37 32 24 25 19 14 1 18 24 41 33 21 27 35 13 10 38 21 15 30
27 18 17 20 31 22 6 20 34 18 35 10 22 33 30 11 39 28 12 22
39 39 29 28 25 18 18 32 53 34 42 20 34 56 38 25 47 50 19 26
1 1 4 1 5 1 1 1 7 1 6 1 1 7 7 1 6 7 1 1
18 25 20 19 34 2 15 18 43 28 40 13 30 31 24 9 46 30 21 37
5 9 14 5 5 5 7 2 19 1 22 1 16 11 18 1 19 13 5 4
4 1 3 1 3 1 1 3 5 5 7 1 3 8 1 1 5 1 1 7
9 2 7 8 3 3 1 6 12 5 15 1 9 9 7 1 11 10 1 12
29 18 12 22 15 14 13 23 36 16 19 9 22 23 21 8 22 27 10 13
14 6 11 17 9 8 6 3 25 12 15 1 14 18 19 11 13 28 4 4
7 5 5 5 4 2 1 8 3 8 7 2 3 10 1 2 8 5 1 7
47 32 31 37 32 31 10 34 45 51 32 18 19 62 33 39 50 48 23 43
15 4 6 8 10 6 3 9 15 9 16 2 15 13 6 1 21 11 1 16
35 33 29 26 26 20 7 18 44 36 47 11 35 38 33 8 50 32 14 28
43 35 38 36 39 20 16 19 53 36 57 19 39 50 36 19 54 53 30 46
9 4 7 4 22 1 6 8 22 11 14 1 12 15 9 1 30 15 1 23
40 23 21 23 20 19 12 29 33 25 26 13 28 28 21 17 38 29 1 40
46 39 36 37 23 27 11 23 54 45 56 18 48 32 38 8 56 40 23 44
5 1 4 1 15 4 1 5 11 9 5 1 1 11 8 5 16 9 1 6
14 6 8 13 4 3 1 8 11 21 14 2 8 19 2 7 12 14 1 13
21 23 25 27 37 16 9 24 47 38 36 7 11 40 28 24 42 42 22 33
1 1 1 2 6 1 1 1 2 3 2 1 1 6 3 1 8 8 1 2
15 7 14 14 3 14 1 5 15 7 21 1 13 8 13 1 16 5 1 3
29 12 21 42 33 26 1 19 47 39 37 4 16 39 27 25 43 49 14 29
21 12 10 20 19 15 1 9 19 22 26 5 22 20 14 1 31 15 2 18
8 1 9 15 5 7 1 1 10 9 9 1 8 8 7 5 11 16 1 2
14 6 3 10 9 10 1 10 12 4 13 4 13 15 11 1 13 11 3 7
45 32 20 40 39 19 9 18 50 40 51 22 44 44 26 4 49 49 22 50
42 41 41 35 33 37 14 27 50 31 62 15 43 43 50 13 58 39 32 22
46 38 33 29 29 8 16 28 44 42 35 27 32 48 16 23 47 42 14 48
13 5 7 9 6 9 1 8 5 9 12 1 7 13 9 1 16 9 1 9
25 9 2 22 18 9 4 23 31 35 9 3 5 29 7 15 28 30 4 25
29 29 34 25 15 11 24 23 42 31 41 4 34 37 30 17 43 37 20 24
20 8 14 20 10 14 1 5 24 26 23 1 15 21 13 7 26 16 1 11
18 10 11 18 8 15 1 10 11 16 22 4 18 17 12 4 20 13 1 12
28 21 12 19 34 10 4 11 27 32 30 17 27 37 14 5 40 29 13 32
9 1 4 5 9 1 3 8 13 11 9 1 5 16 2 5 17 12 1 12
34 18 27 28 25 29 13 17 42 11 42 4 36 21 39 10 42 34 7 25
16 9 6 17 25 9 1 7 22 19 25 8 22 22 13 1 29 20 5 22
48 31 29 41 17 24 10 33 51 38 29 24 30 33 33 26 45 45 14 52
31 11 15 25 16 17 6 15 37 22 27 5 18 22 22 7 36 33 3 35
38 24 25 44 23 32 15 27 57 38 35 6 26 34 32 16 51 42 15 24
9 12 15 10 14 3 8 3 21 16 25 4 20 18 13 2 28 17 7 17
42 22 29 36 17 26 22 17 46 24 36 10 33 24 36 20 36 46 16 34
17 4 9 19 21 17 1 8 25 18 22 1 10 21 18 9 34 25 2 15
42 31 25 33 39 27 25 46 58 47 27 10 25 58 30 39 59 55 12 54
18 20 21 4 18 8 20 15 29 8 27 5 28 21 23 5 32 22 11 22
17 3 8 26 22 12 1 7 35 26 17 1 9 24 17 15 27 37 3 17
17 6 14 9 16 11 1 14 19 13 17 1 1 21 15 9 25 15 4 17
12 10 15 16 1 13 1 7 11 14 16 2 12 1 10 1 19 6 7 3
27 12 17 30 14 20 11 7 31 24 25 5 22 13 20 12 27 34 11 27
26 29 14 28 26 7 1 29 43 38 29 18 18 44 23 16 39 39 9 35
37 18 15 34 23 29 12 20 37 12 36 12 37 25 31 5 35 37 15 23
26 22 25 16 20 17 9 17 32 27 34 6 25 21 24 3 42 10 11 23
7 2 6 7 10 6 1 2 9 15 16 1 8 11 3 1 19 2 1 13
42 38 33 26 21 17 17 28 49 30 45 13 40 46 37 18 53 45 16 30
25 11 7 24 8 13 3 4 29 15 28 5 29 22 19 6 15 28 4 16
1 4 7 2 7 1 3 2 10 6 12 1 6 12 6 2 13 8 1 9
9 1 3 7 9 3 1 2 12 8 8 1 6 11 10 1 11 15 1 6
4 1 4 11 2 1 1 1 6 10 13 1 7 10 1 2 9 11 1 6
35 27 24 28 14 13 1 22 29 35 27 19 22 35 23 17 38 28 2 33
6 1 1 3 2 3 1 3 6 1 2 1 4 5 5 1 7 4 1 1
7 1 6 7 4 7 1 3 4 3 9 1 5 6 5 1 9 5 1 3
54 39 35 43 31 29 16 45 66 40 36 17 28 55 48 36 52 65 22 35
35 26 30 25 38 22 12 32 51 34 42 9 18 42 34 21 51 41 19 44
7 10 10 3 1 1 6 7 13 10 13 1 8 15 7 4 5 9 4 9
40 33 30 35 15 26 9 31 35 48 31 22 24 24 24 24 37 27 19 29
45 26 24 37 39 39 25 34 49 7 43 15 46 30 41 18 53 47 14 31
1 1 4 4 4 1 1 1 6 8 8 1 4 9 1 4 9 7 1 8
