1000 20 13 1002
3 8 3 12 7 4 1 5 9 7 4 0 0
13 5 3 10 5 0 1 1 1 10 1 7 1
5 1 3 2 3 2 4 4 0 5 0 2 5
7 8 6 1 1 7 6 1 1 5 5 6 5
3 1 1 5 2 6 2 13 8 7 2 1 13
9 9 3 11 2 0 1 15 1 6 8 8 2
3 4 1 9 10 0 1 9 5 1 3 13 6
13 3 6 8 5 7 5 4 3 9 8 2 4
11 1 10 1 4 4 7 1 0 4 6 0 4
11 4 18 3 4 7 10 2 0 13 2 10 5
13 11 3 9 23 3 1 9 2 5 8 4 6
4 3 12 1 7 6 1 0 11 10 6 2 24
6 2 5 7 5 2 5 9 13 7 1 2 24
0 7 6 4 1 6 4 14 8 0 16 17 1
7 9 0 15 8 14 6 5 6 7 6 2 10
7 5 1 5 6 1 7 0 1 3 7 3 4
4 2 6 8 9 15 6 17 7 5 8 0 15
6 5 3 6 2 0 4 7 2 2 5 1 1
9 5 2 13 4 4 1 16 4 2 13 5 3
0 3 5 19 12 4 13 16 9 0 12 8 10
6 8 19 10 7 2 8 9 11 4 3 1 7
3 3 5 3 6 5 4 1 1 3 2 7 2
5 5 1 1 6 6 16 7 5 4 1 5 4
5 2 5 16 3 16 2 5 4 9 11 7 1
20 5 5 8 7 0 23 7 6 1 15 7 5
0 3 5 4 0 1 3 1 7 2 2 6 1
4 3 1 5 5 5 3 1 9 4 4 8 10
4 1 7 2 6 16 7 10 10 9 13 4 2
9 2 3 1 11 6 3 1 7 4 13 11 18
1 12 14 4 23 6 0 3 4 4 2 11 6
5 12 5 9 5 1 1 7 13 2 1 4 4
2 4 3 1 2 8 3 6 2 1 0 8 1
2 6 1 8 1 18 2 10 12 9 18 2 10
4 6 1 6 1 13 9 8 10 2 1 5 2
5 11 19 8 2 2 11 10 4 12 18 8 2
1 1 3 4 7 0 1 3 4 3 2 1 2
9 1 1 2 1 3 9 9 30 8 3 10 2
7 3 6 3 6 0 9 7 7 3 3 3 9
13 10 8 1 2 2 7 7 7 6 4 12 4
1 10 5 1 1 2 1 1 4 0 7 1 2
6 0 5 3 6 8 7 2 7 2 16 0 9
11 2 7 2 1 9 6 2 0 6 4 15 10
9 14 4 3 2 10 3 3 12 4 6 15 5
1 5 16 1 2 15 0 3 4 5 8 12 24
10 0 7 6 13 9 4 1 8 5 1 23 4
15 7 15 4 4 6 0 11 8 5 8 6 10
3 6 7 1 1 12 7 13 3 4 8 7 7
3 1 4 1 3 3 6 9 3 13 1 9 1
1 3 3 2 1 0 3 1 6 7 2 9 4
1 13 4 6 10 10 8 13 12 1 7 2 17
7 7 2 3 2 8 4 7 6 3 2 3 6
10 7 2 2 5 4 3 8 5 0 0 5 4
6 5 5 2 16 10 14 2 9 21 1 3 9
4 1 4 1 2 3 4 1 2 2 0 4 2
18 14 5 0 12 14 3 9 13 3 3 12 3
2 7 5 11 1 6 3 2 6 12 4 13 14
4 1 2 8 2 0 1 8 1 2 1 1 1
2 3 4 4 0 5 3 5 2 4 2 5 4
3 2 12 10 6 7 9 3 11 2 19 5 0
2 0 7 8 12 19 7 3 6 6 10 3 2
6 5 3 1 1 1 2 10 5 0 1 4 1
1 5 5 8 0 1 8 10 1 8 5 3 7
6 5 3 10 4 4 2 0 2 10 3 7 3
3 3 5 13 4 5 0 5 6 7 5 7 16
11 6 5 4 9 2 5 2 2 3 5 4 0
3 9 9 9 10 6 3 2 0 5 7 13 2
8 8 7 2 4 3 8 4 6 5 11 2 1
1 10 1 7 6 29 8 8 11 5 16 1 0
3 8 0 9 9 6 9 7 2 6 1 4 1
10 1 7 1 2 8 3 11 2 8 13 6 3
4 12 3 1 2 2 5 2 2 11 7 5 12
12 6 11 5 8 11 3 8 3 5 1 4 5
13 9 0 11 12 17 6 6 9 2 1 9 6
2 1 3 3 1 2 2 3 8 7 6 0 8
4 3 3 5 0 1 2 6 3 0 1 1 5
3 1 3 11 2 0 10 6 4 2 1 9 2
12 17 5 5 2 9 11 10 0 2 1 3 11
13 12 8 4 5 8 0 3 1 14 5 5 8
13 0 13 3 9 12 5 13 8 5 3 16 7
6 8 4 0 9 4 1 16 1 2 9 4 1
4 14 6 8 7 5 11 11 3 1 5 13 6
1 3 3 10 7 19 2 6 11 5 6 24 14
2 0 8 10 8 10 5 0 14 8 7 24 7
11 1 2 2 2 7 13 4 0 3 6 3 2
1 7 5 4 2 2 8 2 7 7 0 0 3
4 9 8 5 7 7 5 11 3 1 6 4 1
0 1 3 2 1 2 1 6 6 0 4 1 2
2 11 10 3 17 6 1 4 6 10 5 5 2
12 3 8 0 8 1 1 1 2 0 0 2 5
6 10 11 10 1 6 2 13 9 6 12 9 9
3 4 3 5 2 10 2 2 4 3 16 4 22
16 10 6 12 1 4 1 1 1 1 12 9 8
5 3 0 4 3 5 1 6 11 0 13 3 7
8 2 5 3 0 1 5 2 2 2 2 2 10
3 10 11 3 4 10 2 2 5 1 2 2 1
9 7 9 4 11 13 7 4 1 5 6 1 5
1 3 7 1 3 11 10 9 3 13 7 10 3
8 2 4 9 11 3 8 7 4 2 4 4 2
6 0 7 7 2 3 3 0 3 7 2 8 3
4 1 7 9 7 20 2 11 5 3 9 13 6
1 17 3 0 14 1 13 9 12 2 13 8 3
6 1 10 4 1 4 1 3 6 7 1 0 1
2 3 3 2 2 1 1 5 3 9 4 2 3
15 1 1 1 7 7 7 1 3 5 1 5 17
4 3 0 5 2 4 1 2 4 4 2 2 2
22 11 12 9 6 9 8 13 0 9 1 11 1
1 7 5 2 6 7 5 0 9 5 2 3 2
7 2 3 2 4 1 5 6 10 6 4 2 4
4 6 2 0 6 11 2 3 7 1 2 5 8
4 10 4 8 20 6 16 16 5 3 11 5 16
5 6 2 2 6 1 2 2 3 5 3 1 4
9 7 9 5 10 1 10 2 1 2 0 4 17
7 7 4 4 7 5 7 13 4 0 4 3 3
1 2 8 1 2 3 10 5 4 2 5 2 8
6 5 5 5 1 1 3 5 4 5 2 6 5
2 5 10 4 2 4 2 6 4 8 1 1 15
8 19 0 6 10 12 3 2 18 2 14 8 0
7 3 7 8 2 10 2 15 18 8 1 2 5
7 7 2 2 2 0 1 0 2 2 0 1 1
2 3 13 1 2 10 0 2 8 4 7 14 12
10 0 4 3 3 2 5 3 3 5 7 4 3
10 12 2 1 4 6 1 7 17 4 6 2 3
5 0 11 4 2 9 21 10 1 7 3 6 6
5 6 6 16 4 3 5 8 11 6 14 4 4
4 6 4 0 2 6 0 3 9 2 0 3 2
14 6 0 10 8 11 5 0 1 7 1 0 5
0 16 7 8 7 5 5 2 2 1 13 8 8
3 12 2 10 5 12 3 3 5 3 5 1 4
6 4 7 0 2 1 9 2 1 2 0 2 5
1 3 2 2 3 2 3 14 0 3 8 10 9
2 2 2 8 6 7 2 5 0 22 1 13 8
6 9 1 16 14 3 4 19 5 6 19 2 10
8 11 11 6 15 11 0 4 1 3 17 9 3
4 9 12 6 4 17 6 8 9 5 5 7 14
11 2 11 3 6 8 1 0 3 8 11 14 4
18 6 3 14 2 11 11 5 9 3 5 6 4
5 10 11 2 13 3 7 11 1 21 16 1 2
7 3 3 5 13 20 10 10 14 12 10 15 3
0 6 10 6 2 3 3 4 5 1 1 1 6
3 4 5 11 2 3 8 5 9 2 0 4 4
7 5 2 5 2 1 8 12 11 11 24 12 2
10 3 3 1 10 7 13 1 4 4 0 7 1
17 6 4 1 10 12 2 4 11 8 13 0 22
4 2 3 2 1 2 6 1 0 0 5 1 0
5 1 1 6 2 5 1 1 6 5 2 2 5
2 8 1 1 4 7 20 1 1 2 3 6 8
14 4 4 3 7 17 7 3 0 11 8 4 7
6 2 1 2 4 5 3 2 1 8 9 3 17
7 1 8 5 7 1 6 6 6 3 4 1 1
2 1 11 3 4 6 2 7 1 3 0 10 1
2 5 2 11 5 1 0 5 12 3 5 4 1
7 1 8 2 4 2 4 5 3 3 5 10 9
3 14 2 9 1 12 3 6 15 9 4 4 7
3 1 5 0 2 2 5 4 5 7 3 0 5
1 5 4 3 0 5 3 10 12 3 3 15 4
2 17 4 13 6 22 2 10 8 6 9 1 12
18 5 2 1 0 14 4 5 10 19 0 3 6
6 9 3 6 11 19 4 9 1 6 9 12 6
2 5 3 5 2 3 2 2 0 3 1 4 1
1 3 8 3 6 2 6 2 1 4 2 2 3
1 1 0 7 4 0 8 4 1 3 2 4 2
8 4 7 4 2 6 8 13 1 1 8 8 2
2 7 1 6 5 2 0 6 2 2 1 2 5
5 14 5 6 10 20 6 0 12 6 2 5 1
21 7 1 3 8 4 5 1 14 7 3 15 4
3 0 5 0 1 1 0 3 1 2 4 5 4
9 1 8 6 4 7 7 2 3 0 1 0 3
5 4 5 7 3 8 6 5 2 3 8 1 6
8 2 6 4 1 13 1 4 5 12 11 8 7
4 2 8 5 2 1 6 2 3 8 5 5 11
12 0 1 6 6 5 8 9 8 5 2 6 7
13 6 4 2 2 0 1 0 13 3 9 2 10
3 7 20 2 9 2 0 14 7 20 4 5 1
1 4 10 1 20 7 3 6 14 1 1 10 12
3 2 2 4 3 1 6 2 5 2 1 1 2
1 7 5 3 2 11 10 1 10 11 6 5 17
0 3 3 3 4 3 4 2 1 7 0 2 2
6 7 18 8 10 4 9 3 2 0 1 1 10
2 0 1 6 11 6 1 7 12 3 1 7 4
4 6 2 3 1 9 1 2 1 6 5 3 2
4 3 3 0 1 2 5 4 2 2 4 1 5
2 18 12 2 4 7 0 13 19 0 7 14 15
6 10 5 3 5 0 5 6 7 10 8 9 24
7 6 2 3 7 2 9 0 10 12 2 5 8
7 2 3 11 5 3 8 5 9 1 5 0 2
1 6 2 0 2 3 4 0 7 3 1 1 2
2 7 21 4 1 7 6 15 2 3 7 3 2
17 12 6 3 11 19 1 10 3 8 13 10 6
4 2 3 3 10 6 0 7 8 1 3 11 3
3 4 8 3 2 1 2 10 2 10 1 1 0
5 3 12 5 5 0 3 5 1 3 15 5 21
8 3 1 1 6 4 8 3 2 1 3 5 9
4 4 15 5 3 1 7 11 6 5 1 10 3
4 0 5 1 2 2 2 3 6 8 2 8 5
9 9 8 8 4 2 10 21 4 12 3 5 8
20 2 7 3 7 6 5 3 10 14 8 12 4
2 0 4 2 6 5 4 2 6 1 0 3 2
18 0 11 8 2 16 7 12 2 16 2 8 9
11 3 8 21 10 13 0 3 5 12 5 7 5
2 3 5 3 16 1 1 3 2 3 2 1 7
2 1 2 7 0 2 6 1 5 4 2 5 3
17 0 4 1 2 5 6 1 8 3 4 10 10
4 13 16 9 2 2 8 4 1 5 6 17 2
3 8 8 3 9 5 8 1 3 9 7 10 4
9 5 5 3 10 11 6 16 2 14 10 0 4
13 19 1 6 9 4 4 10 4 3 1 7 9
14 4 6 9 2 13 5 9 3 6 3 5 0
4 2 1 6 0 0 7 2 3 7 12 3 0
19 10 1 0 1 5 9 4 23 16 1 2 3
11 3 3 2 0 2 7 1 1 6 8 6 4
0 2 5 10 16 1 9 12 5 16 1 8 4
7 11 3 2 1 7 9 6 7 7 12 3 4
2 1 4 10 7 9 15 7 2 9 15 4 8
12 11 13 2 11 18 11 4 7 5 9 5 0
7 5 1 4 2 4 5 4 5 2 2 2 2
3 12 9 14 12 11 3 20 4 8 4 1 7
0 4 11 5 1 5 6 4 3 2 6 5 5
9 24 5 8 3 10 5 7 2 3 8 2 4
19 11 15 3 4 3 16 13 4 12 8 11 5
8 7 7 7 13 2 12 4 7 6 3 2 23
7 13 14 3 14 1 4 15 5 6 8 17 5
10 5 0 1 6 1 11 2 5 9 22 0 1
15 9 4 9 7 5 26 5 3 10 3 4 1
4 1 0 2 2 4 1 6 1 3 2 6 5
2 16 5 7 0 3 7 3 1 7 8 24 11
3 1 1 2 2 4 3 3 3 1 4 3 3
4 5 19 8 1 3 7 8 12 12 15 13 8
13 7 6 1 4 8 13 5 5 10 9 2 2
6 8 4 0 8 1 9 1 2 3 11 3 3
1 1 8 11 6 5 7 0 5 4 1 8 4
5 2 10 23 3 12 1 10 0 1 8 17 5
6 1 6 0 6 4 2 6 5 3 2 12 3
11 8 14 9 1 4 6 3 11 16 1 23 0
7 7 0 4 0 5 6 6 2 3 0 1 6
19 5 10 12 0 8 10 8 1 3 23 1 2
0 9 0 2 5 6 6 1 11 7 8 1 4
2 0 13 21 1 15 8 1 0 3 2 12 17
8 5 3 0 2 2 6 4 5 2 8 4 4
10 0 17 0 8 6 1 15 12 1 2 1 6
9 2 16 8 2 1 4 5 4 5 1 4 5
5 2 12 7 15 14 3 12 4 1 1 9 4
1 5 5 6 9 15 9 18 4 5 10 2 2
6 7 3 13 1 0 3 7 7 3 13 7 7
10 5 24 7 2 7 14 5 1 4 15 17 4
20 6 15 16 3 1 13 7 6 6 2 14 11
2 15 7 2 0 17 5 13 21 2 7 0 4
13 2 10 4 9 3 16 9 7 1 13 10 3
0 2 2 2 3 2 1 2 7 8 11 10 10
9 12 10 2 5 20 13 1 0 11 7 10 2
5 3 3 11 16 6 7 14 5 3 3 0 13
4 2 12 6 2 0 8 2 7 4 5 1 4
7 8 14 2 12 4 1 11 0 4 23 2 7
5 20 12 15 1 4 7 8 13 9 7 5 17
8 5 5 1 1 3 12 6 6 0 1 4 5
0 7 1 7 8 6 3 0 1 4 3 2 3
1 0 4 8 1 2 2 8 1 5 4 4 6
2 11 13 3 15 7 4 2 1 14 23 1 8
2 5 4 5 1 3 4 12 2 5 4 8 1
2 3 1 3 11 2 5 4 6 10 7 8 4
3 7 1 1 11 8 1 9 3 12 1 3 9
6 7 22 10 17 10 1 15 4 11 6 4 8
4 3 11 17 6 4 4 2 10 4 9 3 9
12 10 17 1 22 9 3 11 10 6 6 2 10
7 3 12 7 5 9 11 3 8 12 11 2 6
8 11 3 12 7 0 16 3 1 2 1 2 7
6 3 4 13 6 10 4 6 0 4 14 10 1
0 4 2 2 3 1 1 1 1 7 1 3 1
2 15 9 1 5 3 6 1 9 14 9 5 10
11 9 4 5 2 6 6 13 6 3 0 2 1
1 12 20 8 11 3 3 11 2 16 7 6 3
3 3 6 6 7 0 6 0 2 1 0 8 1
3 1 4 6 10 11 5 3 9 18 7 8 9
6 13 15 1 1 7 1 0 4 3 5 9 10
0 8 2 6 0 6 2 4 2 4 4 8 2
7 12 4 8 2 1 2 6 2 2 2 0 6
11 13 14 10 5 1 2 15 7 2 2 3 16
11 8 6 2 3 13 0 9 5 1 5 6 17
2 4 2 0 2 2 6 5 3 3 8 0 3
5 1 6 0 0 3 3 2 1 3 3 4 3
12 11 3 1 9 4 0 11 3 2 3 1 11
3 5 6 0 2 1 4 3 2 3 7 5 3
0 1 3 3 2 4 3 2 3 3 4 2 3
2 14 3 4 7 12 15 3 5 10 13 6 2
12 5 3 7 5 7 1 2 7 5 9 19 8
1 3 4 1 2 3 1 1 8 2 1 1 2
7 5 4 4 8 5 1 1 0 4 4 8 2
0 13 8 6 8 10 5 1 15 2 14 4 13
8 10 12 4 2 18 7 2 6 3 9 7 1
6 6 12 7 8 3 1 1 8 1 2 5 4
1 22 14 3 6 14 7 3 7 4 5 3 14
2 8 7 2 4 6 1 7 3 4 3 5 8
4 1 4 4 11 9 17 3 10 8 5 3 16
6 3 11 3 6 6 0 21 0 5 3 10 1
15 2 3 4 13 3 7 6 15 8 9 7 11
9 5 12 2 0 9 1 9 1 3 4 4 1
7 11 11 4 1 2 1 8 2 2 4 2 8
1 6 13 2 4 5 3 2 1 4 1 3 7
3 4 3 4 1 3 6 3 5 6 5 2 12
2 2 2 6 21 3 1 4 12 6 2 1 15
5 7 3 10 7 2 2 7 8 5 7 3 5
5 1 6 7 0 10 4 6 0 2 0 1 0
4 3 2 1 1 4 2 1 0 2 8 2 2
3 0 5 1 1 2 10 5 4 3 8 7 3
16 1 12 17 7 5 3 3 12 4 17 6 3
1 9 4 2 0 1 2 1 2 2 2 6 4
13 9 6 11 2 2 5 2 3 1 4 4 10
2 3 2 3 18 18 7 3 9 4 14 4 18
4 8 3 11 2 6 3 2 11 2 4 0 4
4 0 1 3 2 10 6 0 10 2 6 3 3
7 10 10 5 7 6 3 4 2 4 2 1 3
1 6 1 4 3 3 6 2 0 3 6 7 3
5 2 5 5 2 8 3 1 9 2 4 2 1
12 11 3 24 9 2 5 5 13 3 3 0 4
18 9 4 10 2 6 8 1 6 1 18 15 6
3 6 9 5 4 0 3 3 2 9 1 7 6
0 3 4 0 6 2 3 0 7 0 1 2 5
10 4 2 5 12 1 2 3 8 8 2 1 5
6 1 1 4 13 6 9 16 14 6 1 10 3
6 1 19 9 0 23 6 3 4 11 10 2 4
8 2 12 10 7 1 4 1 3 15 4 9 5
3 11 4 2 7 6 6 1 5 4 4 1 6
9 4 9 4 6 0 11 6 13 9 17 1 3
1 3 6 3 3 1 8 2 2 2 2 1 3
4 5 7 3 6 2 5 3 2 2 3 1 0
6 4 1 11 10 10 1 10 5 17 2 10 3
1 0 2 3 14 5 7 2 7 9 4 4 9
2 2 2 4 6 1 1 1 1 7 2 4 3
7 3 2 8 0 8 6 6 4 13 7 6 2
4 7 6 5 9 3 4 2 0 1 8 9 7
7 2 16 24 19 3 8 1 7 5 2 14 0
7 2 0 5 0 0 2 3 12 8 0 5 4
11 25 0 18 1 4 14 9 4 3 6 11 6
6 2 0 8 4 6 4 0 9 4 4 3 1
3 9 4 0 4 0 8 3 11 1 5 4 8
12 12 2 10 5 18 8 21 4 10 0 2 1
8 1 7 13 5 5 10 5 1 6 3 7 6
2 7 0 4 0 1 3 4 2 5 5 3 3
6 0 15 4 7 0 15 5 1 0 4 5 12
3 7 3 3 1 1 0 0 2 0 5 1 0
2 2 5 3 3 6 2 14 5 5 7 4 8
0 3 1 3 9 14 5 6 5 10 5 12 0
6 5 11 2 6 2 4 10 7 10 1 19 4
8 0 4 8 9 1 6 9 6 1 3 4 0
9 9 6 2 11 8 11 0 1 8 1 10 11
5 8 1 3 0 1 2 4 4 0 0 3 2
5 2 2 2 0 2 2 2 1 0 5 10 1
6 7 5 5 13 0 4 7 13 2 6 8 1
24 2 13 1 7 1 3 5 12 3 2 13 1
9 3 1 5 13 5 3 2 8 1 4 9 1
3 2 8 9 10 0 6 3 12 12 3 14 5
5 7 0 7 11 0 7 12 0 3 11 9 4
13 12 4 1 1 19 19 10 0 2 16 1 2
13 6 8 2 12 1 18 1 4 0 4 18 12
1 5 17 5 10 19 3 9 1 3 18 4 10
3 5 5 5 0 4 3 11 1 1 3 0 5
6 12 3 18 3 11 14 14 16 7 11 8 2
3 4 2 1 1 11 2 6 13 1 4 9 3
21 10 4 13 8 8 5 22 1 0 4 1 7
5 5 2 1 10 0 7 5 0 1 2 0 2
8 16 6 4 4 15 9 7 9 7 13 6 3
4 5 2 10 11 4 7 9 7 4 6 7 2
8 2 8 6 2 4 8 1 5 2 3 3 5
1 5 5 1 0 4 0 0 1 2 6 0 1
2 1 5 0 1 0 2 6 8 7 3 3 4
9 7 9 4 3 0 3 6 3 0 1 6 12
7 4 2 2 1 3 7 5 0 3 1 6 5
3 4 6 8 9 0 10 1 0 29 19 7 5
5 2 7 2 3 4 1 5 6 3 15 14 3
1 10 0 7 1 0 2 1 4 6 6 1 3
5 3 6 20 12 13 1 3 0 10 11 17 5
6 12 5 9 4 9 8 3 4 5 4 11 7
1 0 2 13 3 2 8 11 2 8 14 0 5
11 6 6 4 2 3 4 2 2 3 2 3 3
3 2 2 3 1 5 2 3 5 0 0 3 2
1 5 7 2 2 1 1 1 0 13 4 9 0
3 3 6 0 1 8 1 5 15 6 1 7 5
12 4 13 6 1 17 15 5 5 10 21 1 9
2 1 3 5 2 2 3 2 11 1 7 8 6
11 0 10 11 1 17 6 9 1 2 9 1 3
3 1 4 3 1 5 1 4 7 1 1 1 1
1 5 6 5 9 3 7 6 4 5 18 1 2
5 10 2 1 7 17 8 5 10 18 3 1 8
5 0 5 6 6 3 6 2 2 5 1 3 5
2 8 1 4 4 11 1 13 15 5 13 11 11
3 10 1 4 11 4 2 6 18 12 4 12 16
4 4 9 13 6 5 2 3 4 3 3 7 6
7 3 2 0 3 1 8 5 1 7 5 3 6
14 19 17 3 9 5 4 1 3 0 9 1 13
1 5 4 9 15 1 0 1 5 1 4 4 0
7 10 6 2 1 8 3 4 6 12 2 23 3
1 6 0 0 3 7 1 1 2 4 2 1 1
1 4 2 2 1 3 7 4 8 5 4 1 4
1 1 2 2 3 0 2 5 1 6 1 5 5
1 10 3 4 4 2 6 6 1 6 1 4 4
3 8 3 23 12 1 0 4 14 1 6 8 12
3 4 7 3 5 1 2 19 10 4 3 16 7
10 10 2 1 7 16 22 3 3 3 12 3 2
1 8 1 10 4 6 14 14 16 10 8 5 15
5 8 2 9 9 8 21 9 5 0 1 7 15
8 3 7 8 0 1 2 8 3 0 1 8 2
10 5 8 10 7 3 5 3 15 11 2 5 9
11 7 1 1 6 2 2 1 6 5 3 2 4
12 15 1 7 3 8 8 17 5 1 2 4 11
4 8 0 1 1 1 7 9 8 1 0 1 4
11 12 13 10 1 3 12 6 0 18 9 3 2
5 12 7 18 19 3 8 16 2 3 1 5 4
1 2 4 5 2 3 3 3 0 6 9 10 8
4 3 3 6 2 4 3 0 2 0 1 6 5
5 7 7 3 3 0 5 1 3 2 4 6 6
8 15 13 12 2 4 0 9 16 1 3 4 22
8 11 2 1 10 5 3 0 6 1 5 1 8
20 5 9 1 13 2 20 11 8 9 11 9 1
1 6 2 7 3 4 3 5 7 1 6 4 0
12 7 4 9 7 1 17 20 17 6 3 7 6
1 5 3 6 1 8 2 2 3 4 3 3 3
3 4 1 2 7 12 12 14 6 14 1 4 5
0 2 1 1 1 1 5 1 0 2 0 1 10
0 3 7 3 12 17 7 3 11 6 6 3 6
1 14 8 0 1 6 1 10 13 3 3 9 6
1 0 3 3 1 3 2 2 7 1 0 1 7
2 14 6 2 4 5 4 6 10 1 4 0 0
4 1 5 6 2 5 4 6 7 8 5 6 8
4 2 0 1 1 1 11 7 0 2 6 2 2
17 6 8 20 17 6 7 11 1 7 2 2 10
4 6 5 9 9 10 3 1 7 7 2 9 7
2 7 3 3 0 1 4 3 0 1 3 5 6
6 1 4 3 7 0 3 1 1 4 7 0 1
5 3 3 23 2 1 2 0 0 24 0 8 12
15 8 3 7 6 10 9 3 9 8 1 7 1
1 3 10 7 23 2 15 2 13 6 3 10 17
4 12 10 11 13 2 10 24 7 1 3 5 14
10 8 8 10 2 5 4 3 4 1 7 1 2
2 4 1 3 1 1 5 3 4 4 2 2 1
7 2 3 7 6 0 6 9 2 6 1 6 3
0 2 13 9 3 4 9 6 5 8 5 4 9
7 1 7 1 4 1 6 4 1 4 0 6 4
4 3 6 0 12 6 10 18 6 3 10 15 2
2 4 6 3 9 6 6 4 3 6 5 3 10
3 7 4 7 2 3 3 1 5 2 2 1 5
15 5 9 14 6 15 10 11 5 6 7 1 12
11 8 5 11 10 7 3 0 7 6 5 21 3
9 1 3 16 23 5 1 13 12 9 4 1 0
15 0 8 16 17 4 10 3 18 3 2 2 6
1 7 1 6 10 2 2 4 1 5 4 18 2
4 3 1 11 1 0 5 7 7 6 5 14 3
12 5 16 1 8 7 3 4 11 21 6 8 17
1 1 1 0 6 1 0 3 5 1 5 1 3
4 4 2 1 5 3 10 7 4 1 0 7 4
9 3 5 13 2 0 8 6 0 6 5 2 7
3 2 1 6 1 5 4 11 5 9 11 0 3
2 6 3 3 7 0 16 6 7 0 5 2 12
4 3 4 13 1 7 2 8 1 2 4 14 8
12 16 9 1 7 11 2 2 1 3 2 2 5
17 12 6 10 5 2 4 11 2 2 3 6 24
5 2 2 3 2 5 3 4 3 3 6 1 6
7 0 15 6 17 3 8 8 3 1 1 4 1
9 10 10 4 7 7 17 1 2 5 4 1 15
20 7 12 2 5 13 11 8 5 16 1 1 18
8 6 8 9 5 2 15 10 9 7 2 22 7
7 8 9 1 6 0 8 19 8 13 0 6 8
4 2 1 2 3 7 10 11 9 5 3 6 2
2 10 3 2 1 4 9 3 6 3 3 7 3
0 1 4 0 1 8 3 1 2 2 6 4 3
5 1 4 12 9 2 1 2 9 1 1 1 14
2 8 5 11 8 5 0 13 1 3 5 9 12
5 12 3 8 5 2 7 11 1 8 9 3 1
1 3 6 5 1 25 14 3 16 15 1 3 14
3 6 3 14 15 11 5 4 11 2 6 7 13
9 9 3 10 9 16 18 12 4 6 4 18 1
4 1 2 16 3 3 5 3 1 9 2 5 5
4 12 5 5 5 5 2 8 9 7 2 8 3
12 6 7 1 14 4 7 9 9 4 4 5 5
3 4 6 7 4 8 3 6 4 3 0 2 6
2 0 3 1 3 7 1 2 1 5 7 1 2
5 1 3 9 6 14 2 1 13 5 3 17 18
2 3 6 3 0 4 2 0 6 2 1 1 10
2 19 2 5 2 4 10 7 2 12 9 2 14
4 0 18 1 14 15 5 11 8 1 1 12 4
1 12 5 9 0 4 3 2 7 2 10 6 1
1 5 5 6 1 8 4 1 2 4 9 0 7
16 11 9 4 13 1 1 7 1 22 7 4 9
3 4 7 7 3 3 2 4 2 6 3 4 8
5 8 9 4 3 5 8 2 1 6 4 2 1
15 15 14 12 0 11 1 10 10 5 5 3 2
1 9 1 26 4 0 19 9 1 1 7 7 4
2 1 2 7 0 11 3 2 13 1 6 7 2
18 4 1 1 4 2 6 14 3 7 7 1 5
1 3 1 4 3 0 1 7 3 4 0 4 1
7 12 11 21 4 14 5 2 2 2 5 2 1
1 1 10 4 12 0 4 2 12 4 5 18 4
4 1 0 4 7 2 2 4 4 1 5 7 4
7 9 1 7 6 15 20 16 6 2 8 5 9
7 12 2 1 9 6 13 4 6 6 1 5 5
5 4 1 2 3 7 11 4 5 7 1 4 6
4 6 1 8 15 7 1 1 5 2 1 10 6
2 4 3 15 8 8 4 0 1 6 5 6 3
15 12 8 1 0 4 19 15 9 3 2 0 0
4 11 6 11 10 2 7 11 4 11 7 2 2
0 3 5 0 4 5 1 8 6 2 1 11 2
4 4 0 6 4 9 2 5 1 2 2 1 7
1 5 5 4 5 10 3 3 1 2 7 3 6
0 11 12 11 10 17 12 7 14 6 13 4 4
8 3 7 11 2 11 4 4 4 0 8 0 2
9 5 13 2 11 14 10 3 4 3 14 4 3
11 11 1 10 3 3 8 16 6 2 6 2 9
3 0 3 6 7 4 2 13 4 17 15 7 13
13 1 3 13 2 6 13 2 1 11 9 10 8
10 15 2 4 10 2 10 8 7 10 3 0 5
15 2 5 0 2 13 9 7 3 14 13 16 18
3 6 1 2 2 4 3 0 0 1 8 1 2
3 2 3 3 6 5 13 6 3 14 1 4 1
6 15 7 2 8 22 6 7 9 4 15 7 4
11 1 7 2 11 19 2 6 7 16 6 5 21
1 12 8 21 11 6 18 3 6 9 10 10 11
4 1 4 2 4 1 8 1 1 4 1 1 6
21 1 8 10 1 4 7 7 4 8 8 3 7
0 0 3 3 5 2 1 1 3 11 4 14 1
0 3 4 1 8 3 6 1 3 7 3 13 0
12 6 9 6 18 17 7 8 1 11 4 3 5
9 12 6 7 11 6 2 1 4 10 13 10 12
6 4 7 1 6 5 7 1 12 6 7 2 2
3 8 4 3 5 5 7 6 5 2 9 2 2
2 4 1 2 0 2 1 1 5 0 4 4 2
3 10 6 2 7 0 2 3 7 4 11 4 0
6 4 4 8 4 1 5 1 6 3 6 1 6
10 4 2 6 5 4 2 2 2 20 1 17 6
11 11 4 3 2 14 2 12 2 8 10 6 5
4 7 15 2 3 5 3 3 5 4 15 5 10
11 12 8 3 4 4 8 7 3 13 19 6 17
8 1 9 5 13 1 13 5 0 7 13 11 6
3 2 1 2 1 7 7 8 2 0 4 0 2
21 16 2 16 15 6 1 5 14 1 7 1 2
1 17 6 1 18 2 5 4 7 4 7 1 1
9 12 1 5 11 4 12 2 9 9 2 6 6
8 2 11 3 1 2 6 12 11 7 1 5 8
0 5 4 7 3 12 5 0 5 3 4 1 1
12 11 4 14 9 10 1 4 3 15 12 5 2
10 13 5 16 2 2 5 3 1 11 3 2 16
0 8 4 3 8 4 2 16 0 3 11 7 4
5 7 1 9 3 1 1 5 5 4 7 3 1
3 4 1 0 1 22 21 4 8 3 5 1 18
4 1 8 1 4 2 5 2 6 5 6 4 6
5 0 9 6 3 3 4 7 3 2 6 10 3
5 2 13 9 4 14 1 1 11 4 3 8 5
2 5 7 8 10 13 13 7 1 5 3 9 2
2 0 7 6 5 11 5 9 0 2 4 4 5
1 5 5 4 1 3 1 1 3 3 3 6 6
5 2 5 8 1 5 7 7 1 3 1 3 5
8 3 9 6 1 3 9 6 3 14 10 3 14
16 3 15 9 19 5 3 16 2 9 13 2 3
3 11 9 1 4 10 4 2 1 9 13 2 16
6 2 4 1 10 3 4 2 2 4 5 11 1
10 10 11 2 10 0 19 2 2 14 3 3 14
2 12 14 6 2 6 2 6 2 13 4 7 4
8 4 5 2 6 3 3 5 2 1 5 8 2
4 12 4 1 3 2 9 11 5 7 5 14 2
5 9 2 7 3 2 8 2 7 1 11 7 0
5 11 4 10 4 0 6 13 9 4 9 13 4
15 3 3 2 3 10 3 2 4 1 5 8 12
4 1 10 4 0 0 9 14 0 0 1 9 3
9 1 5 16 9 17 2 4 10 3 4 0 13
3 2 5 11 7 3 11 6 1 6 3 3 0
15 1 3 3 9 4 2 11 0 4 12 8 2
5 1 3 4 8 4 17 2 5 1 4 4 0
20 15 3 8 10 6 10 2 4 1 6 8 8
1 9 1 3 1 8 5 0 1 1 5 8 8
5 5 11 2 4 0 0 10 4 18 0 2 1
9 7 2 11 7 1 2 10 0 4 3 3 5
5 4 0 5 4 0 6 1 2 1 2 5 2
8 8 1 10 7 7 3 8 3 2 0 12 11
4 4 7 0 0 0 7 1 5 1 1 9 3
11 1 6 7 4 26 4 13 0 9 5 13 11
1 6 7 1 3 4 2 3 3 1 3 5 3
8 13 6 1 8 6 6 5 5 3 5 2 5
3 6 15 8 2 1 3 9 18 0 6 10 1
0 3 11 0 12 2 2 7 16 16 7 9 7
5 4 4 1 3 3 0 4 2 2 4 4 2
8 6 2 2 4 1 8 4 3 15 16 7 2
11 4 5 0 2 1 10 12 16 14 1 1 6
2 7 4 2 5 5 4 1 6 3 9 2 1
3 4 4 2 2 7 2 8 0 8 11 1 9
3 3 9 0 10 1 1 1 6 5 2 2 0
3 5 4 7 6 8 7 6 5 7 21 0 8
5 4 8 9 3 7 1 4 4 6 5 2 6
7 0 11 7 8 4 8 3 1 5 14 8 1
3 2 8 6 1 0 11 18 1 5 11 5 14
4 3 2 8 3 2 3 0 1 1 1 1 3
1 9 15 13 12 20 14 6 8 3 7 5 0
13 1 21 4 7 13 1 7 3 18 4 14 9
6 10 3 2 4 10 7 9 5 6 4 12 10
1 3 5 6 6 6 10 3 6 7 1 2 8
9 2 0 0 1 9 8 5 9 12 6 10 7
3 0 9 8 4 2 0 4 5 6 7 5 5
13 24 6 7 9 1 2 17 4 5 4 2 9
4 2 5 5 6 1 1 1 1 3 3 5 1
1 11 6 1 11 3 5 2 11 6 5 8 19
8 6 1 2 2 0 3 2 2 4 6 3 1
13 4 1 0 3 5 2 5 4 6 9 6 1
7 1 9 1 2 8 3 15 5 3 10 10 6
8 4 6 5 3 12 6 9 2 11 18 3 9
10 3 3 4 2 6 0 3 2 2 4 8 4
2 3 6 1 6 3 6 3 5 6 1 4 5
2 2 2 3 0 1 8 2 4 3 6 9 9
2 0 2 3 5 3 9 9 0 2 3 3 2
3 1 6 4 1 1 1 1 5 6 0 5 4
13 4 13 5 5 4 0 7 2 2 4 9 21
0 4 5 7 2 19 1 27 3 13 5 8 1
0 0 4 6 2 4 6 3 1 5 2 7 0
4 6 11 7 7 1 4 7 1 0 8 5 3
3 9 17 9 7 11 18 11 1 2 2 18 9
1 4 1 1 6 7 1 2 7 0 4 7 2
15 2 1 2 9 3 20 10 3 18 7 2 10
6 3 5 5 2 2 7 5 11 1 3 5 2
12 14 20 5 9 7 5 19 8 4 2 1 9
2 3 1 4 6 2 1 1 9 9 9 2 0
16 4 6 14 8 15 6 8 5 1 9 18 5
8 2 6 3 2 2 4 1 0 4 0 3 4
11 9 3 6 9 8 3 2 6 2 15 2 4
4 8 3 0 1 7 2 0 2 4 2 9 0
5 7 11 11 4 18 5 8 5 5 3 8 0
2 3 2 3 3 11 7 4 1 2 3 10 3
19 10 2 15 7 5 8 11 3 6 11 1 0
3 8 4 2 2 4 0 1 6 2 2 0 1
4 17 0 15 3 12 3 1 12 1 5 2 1
2 1 13 8 3 0 2 4 7 7 2 5 0
8 0 8 7 8 8 2 11 0 3 3 0 2
8 10 5 12 4 4 1 3 1 5 2 3 3
2 2 4 0 1 4 3 3 4 5 1 3 7
4 6 4 5 3 1 7 4 6 4 4 5 1
4 3 6 9 5 5 4 8 5 15 2 6 11
8 17 5 8 7 4 6 30 7 2 6 3 1
2 7 3 4 2 3 0 12 5 2 1 1 0
28 1 4 2 1 5 4 10 1 6 4 2 1
2 10 2 2 15 13 8 11 6 4 2 12 1
14 13 1 4 2 0 0 4 10 7 15 12 3
6 5 1 4 14 1 5 7 5 5 13 2 1
1 8 9 13 3 2 7 13 2 11 2 9 4
1 6 3 3 1 1 4 2 11 5 2 1 2
6 1 11 17 3 0 5 2 3 11 1 6 2
16 3 12 2 3 12 3 4 9 8 3 8 4
6 3 16 8 3 11 10 7 2 5 2 14 8
6 19 7 16 2 6 14 0 5 8 1 2 10
8 3 1 21 21 8 13 3 1 0 3 9 0
3 2 1 0 9 3 7 0 10 6 8 6 9
0 9 2 3 2 1 2 3 3 7 1 1 8
14 8 3 3 2 4 0 1 0 22 13 2 1
10 8 1 2 3 4 8 6 16 14 11 8 5
2 2 2 2 8 7 9 0 5 9 5 14 6
1 2 14 12 7 4 14 4 4 16 8 12 1
22 6 6 14 4 3 7 13 2 11 14 4 4
9 4 2 8 4 6 13 3 0 12 1 18 0
1 6 7 6 7 9 15 5 10 4 5 0 4
8 5 7 3 5 0 3 3 5 6 0 6 4
0 3 8 2 3 2 4 4 4 1 3 1 3
2 1 2 7 11 0 4 4 0 1 2 2 2
10 2 17 14 2 1 10 7 9 1 2 1 6
15 6 6 2 2 7 0 4 5 1 4 4 0
2 1 14 2 9 3 4 10 7 1 12 10 8
2 8 13 1 7 7 0 6 17 8 1 5 10
11 2 10 6 14 5 1 7 14 5 11 6 2
2 3 1 0 0 4 5 3 7 2 8 6 9
5 6 5 2 7 3 1 15 1 3 2 4 6
2 1 2 8 3 4 5 8 3 1 5 2 4
7 2 4 2 3 2 7 2 8 3 0 5 6
4 2 7 7 1 4 4 10 6 8 2 6 4
6 14 8 3 5 1 8 8 11 25 6 1 4
2 13 8 1 2 1 6 4 5 1 3 0 4
5 5 11 2 1 2 5 9 0 1 6 1 4
0 7 1 8 2 2 2 2 2 7 4 3 3
1 8 4 2 4 7 6 3 4 9 2 5 4
7 7 3 1 12 2 9 2 11 2 9 8 3
2 3 3 2 7 1 8 1 6 3 2 2 5
4 4 2 7 1 0 1 4 4 1 5 3 1
13 1 1 8 0 11 5 4 25 5 12 14 1
10 12 1 20 15 13 5 11 14 5 2 5 2
13 3 4 4 9 6 1 0 9 6 1 11 11
9 10 0 18 1 16 4 12 4 10 9 13 3
2 2 1 5 1 4 2 4 3 4 2 1 1
3 0 1 5 3 1 4 4 2 1 6 5 5
9 0 3 0 8 8 0 0 2 8 1 4 0
4 4 10 2 7 8 3 8 5 8 7 1 7
7 5 3 4 4 6 6 6 12 2 4 3 9
2 12 14 3 1 10 11 5 5 9 17 5 7
3 7 2 3 1 5 6 2 1 0 7 2 3
2 4 0 1 0 1 2 10 10 2 7 1 1
2 6 1 12 1 5 1 3 1 6 7 5 10
10 9 13 3 8 5 4 5 2 3 16 8 0
4 9 1 2 1 15 1 10 6 3 7 5 10
3 3 4 9 2 5 5 11 2 4 10 2 7
0 7 10 6 9 2 9 7 9 6 1 3 13
0 5 7 1 9 1 12 1 10 7 7 5 2
3 1 0 2 3 5 8 2 6 1 4 8 5
3 8 3 1 3 9 20 17 1 6 12 1 2
5 10 11 4 7 6 8 5 5 0 0 6 1
6 7 2 8 2 1 7 0 0 4 1 5 6
8 5 8 7 5 7 5 6 14 2 1 0 7
9 7 5 10 7 1 10 7 5 2 6 9 9
2 4 1 4 0 6 1 11 10 9 0 7 3
4 12 9 1 5 3 3 15 3 5 3 11 3
10 16 6 7 3 0 4 0 1 1 5 3 6
3 3 1 4 1 2 6 1 0 2 9 6 6
9 24 4 8 7 11 8 19 1 11 1 1 6
0 2 4 0 8 12 5 2 3 10 1 1 1
4 1 4 6 2 3 6 3 0 0 0 3 6
6 5 2 1 6 3 4 3 2 1 4 5 4
17 16 1 2 13 2 7 8 3 3 1 3 6
18 3 0 10 9 7 11 10 12 9 1 5 4
5 2 1 2 3 10 7 10 1 5 6 1 4
4 9 1 7 1 3 4 0 0 4 4 0 1
7 1 3 15 3 6 17 5 1 2 8 13 11
8 5 1 8 10 1 8 3 3 19 19 3 6
2 4 0 3 1 1 4 6 1 2 1 7 3
0 0 6 5 0 5 5 1 1 0 7 1 0
6 11 4 2 3 6 3 4 0 7 4 7 1
6 6 2 1 7 0 3 8 1 0 5 1 1
8 14 5 8 2 18 2 3 11 15 6 9 5
3 7 1 8 1 1 2 1 4 6 8 8 1
3 2 2 9 3 4 7 6 1 4 5 1 3
0 8 3 4 2 5 6 9 3 4 8 5 3
3 14 9 5 6 1 2 2 3 5 12 0 7
4 8 14 0 13 5 12 9 2 3 16 17 12
3 8 12 7 10 2 8 4 0 5 6 10 10
14 8 2 6 7 1 13 0 1 3 1 1 3
11 4 6 1 8 8 4 13 17 2 3 27 7
2 1 0 3 2 0 4 5 4 2 4 2 3
9 2 17 19 5 6 3 4 7 9 2 6 12
9 0 10 12 5 5 7 5 2 1 6 10 1
2 2 9 13 9 7 4 1 2 17 16 8 8
6 5 10 13 9 6 12 5 13 21 0 3 3
2 7 2 13 8 15 1 6 5 11 1 6 7
5 6 6 0 2 5 10 1 7 6 1 5 6
3 1 1 2 2 5 2 4 5 3 2 4 9
8 5 1 3 13 2 4 7 1 9 3 12 8
4 12 2 11 0 5 17 11 2 7 17 5 6
8 15 12 2 14 9 4 3 10 8 1 8 4
3 6 0 6 18 18 2 13 2 16 9 1 16
2 6 0 1 2 0 2 1 4 1 2 4 2
5 9 8 8 7 1 7 1 13 3 6 1 3
7 1 5 0 0 7 0 2 1 3 7 2 4
3 3 2 1 0 4 0 4 2 3 6 1 2
0 6 19 17 8 14 11 12 13 4 0 8 13
3 7 1 1 3 2 5 15 4 1 1 0 3
17 2 4 10 14 1 7 2 9 1 8 22 0
3 4 7 0 12 1 16 6 7 0 3 7 2
2 3 1 0 9 4 9 10 10 2 7 4 2
11 2 7 13 14 13 8 1 9 3 7 8 16
12 9 1 12 1 6 5 2 9 10 15 13 20
4 7 13 8 9 10 23 9 3 11 2 6 11
14 11 12 9 14 2 15 13 10 7 2 13 6
5 3 2 1 4 9 3 3 5 1 2 4 4
5 16 17 11 7 4 6 1 1 4 19 11 14
8 0 2 8 1 3 12 3 0 13 4 4 6
8 0 3 5 0 6 9 9 2 6 2 8 2
4 1 4 1 3 5 5 12 11 4 2 10 10
4 2 4 0 0 8 5 2 8 1 9 6 1
2 4 4 1 5 6 2 1 5 4 3 12 10
5 1 9 6 12 4 12 5 5 9 14 9 8
13 1 1 9 3 1 4 2 1 8 6 5 6
2 1 1 7 4 4 1 4 11 1 2 5 7
12 4 7 5 9 7 1 2 7 4 4 5 17
2 4 11 3 11 5 11 2 13 4 8 6 3
7 5 6 1 3 4 11 3 9 5 5 0 1
1 1 1 1 0 1 1 1 2 0 2 6 7
3 8 8 5 3 5 8 5 12 1 19 3 13
10 5 3 9 1 20 1 9 11 11 8 19 14
1 2 7 4 10 9 3 2 6 1 14 4 6
2 2 3 0 0 5 3 4 1 3 3 2 4
6 1 1 3 4 1 5 4 3 5 7 3 4
10 10 0 1 6 9 4 14 4 5 10 7 7
2 10 7 5 5 1 7 3 1 1 13 1 4
3 10 4 0 6 3 1 8 1 3 4 11 4
2 7 1 5 6 7 3 0 4 2 11 3 1
4 5 15 7 2 9 16 5 20 4 1 2 3
2 0 8 6 9 9 8 4 1 6 10 9 7
3 8 3 4 7 4 23 13 10 3 12 3 7
4 2 7 1 3 3 8 3 1 3 5 6 2
0 9 18 19 5 9 13 0 8 3 6 11 11
3 6 11 21 1 7 1 4 6 0 3 3 13
8 1 5 2 3 5 3 3 4 3 3 0 5
1 8 2 5 7 2 2 5 4 4 6 2 6
6 4 1 0 8 0 0 9 19 3 2 9 12
18 3 0 6 12 5 7 11 14 7 11 10 0
2 3 3 2 4 3 3 1 1 1 1 5 0
4 3 6 3 2 4 6 1 3 2 2 8 3
4 4 1 8 7 4 5 2 7 8 9 7 11
4 4 2 6 2 0 1 3 0 2 0 1 1
1 3 5 4 11 5 2 3 7 2 1 9 3
1 2 2 3 7 2 5 6 2 1 2 0 0
10 3 14 9 13 0 20 3 14 1 2 16 9
7 9 14 2 9 10 15 14 6 10 1 2 0
1 3 1 2 9 7 10 1 4 3 7 1 5
4 1 1 5 3 3 8 9 7 5 2 2 0
0 9 7 2 3 14 0 2 5 3 1 1 2
1 6 4 16 2 1 9 4 13 2 3 4 7
2 11 2 8 1 14 23 6 7 6 4 1 8
2 5 6 12 7 1 4 9 0 3 0 4 5
5 6 4 10 10 3 6 0 31 0 1 15 2
5 3 4 3 11 6 3 5 3 1 14 1 4
0 9 3 10 4 4 3 7 10 3 8 9 3
11 5 4 3 8 5 7 7 7 7 3 8 2
2 6 6 2 9 3 3 6 11 5 3 9 2
3 5 16 1 4 11 5 11 2 6 9 12 8
13 8 19 12 3 3 22 5 3 4 3 8 8
2 11 0 5 24 3 4 7 20 7 5 16 4
2 0 10 3 4 4 7 11 2 8 4 6 1
1 0 7 0 3 2 6 6 2 3 0 8 3
2 19 2 22 3 12 0 17 8 10 4 0 7
9 15 13 8 10 4 1 14 6 0 10 12 3
5 7 6 13 2 13 7 7 14 6 0 6 6
9 12 7 1 2 1 4 15 3 4 14 12 1
6 8 17 3 19 15 12 6 0 15 6 4 10
4 0 0 3 6 14 2 23 3 8 10 2 9
5 1 1 1 5 3 4 5 3 1 5 5 1
4 10 7 10 7 12 9 9 6 10 11 1 11
2 11 17 3 15 13 3 0 17 13 3 9 4
15 6 13 10 13 8 7 4 0 15 3 14 8
3 6 8 9 21 5 5 1 21 20 2 3 6
2 3 7 5 2 1 1 4 4 4 1 3 2
8 4 3 2 7 2 10 2 4 1 4 12 6
5 10 0 9 3 13 2 17 4 26 4 8 4
4 10 1 5 7 2 9 2 5 3 20 5 20
0 1 10 4 9 0 6 5 13 2 2 6 0
0 6 4 7 17 4 9 7 5 1 2 3 2
9 4 10 2 5 9 7 1 7 5 5 1 5
0 11 10 4 5 3 5 4 3 8 2 7 8
6 0 5 4 12 6 6 10 0 4 3 5 1
2 2 0 6 0 1 9 2 4 3 1 4 3
6 4 2 3 8 2 2 17 1 15 11 7 11
13 9 6 2 11 13 8 5 2 3 7 8 16
8 12 0 7 9 4 5 8 23 2 2 15 12
5 2 6 1 7 0 2 4 2 6 3 4 6
8 1 12 16 14 10 2 12 9 14 0 7 10
2 15 19 2 5 11 4 19 9 4 7 6 2
10 1 2 5 8 1 5 5 0 3 9 3 4
3 2 17 3 1 1 5 8 2 2 17 7 5
4 4 12 12 2 9 0 9 1 2 1 0 1
11 23 13 4 11 0 4 6 4 6 16 10 5
14 13 9 4 1 3 7 7 8 10 6 11 13
10 6 17 6 1 8 7 16 6 18 3 17 5
7 12 4 2 8 3 1 1 8 9 7 2 9
19 8 11 1 1 7 4 7 3 6 8 8 7
1 6 12 6 12 5 17 13 1 2 1 18 20
0 2 11 3 8 8 5 4 24 2 8 4 10
6 4 3 2 1 3 4 2 2 9 4 3 0
7 9 4 7 1 1 5 1 2 6 7 2 4
1 4 5 1 1 1 3 4 5 4 2 4 2
3 11 14 0 4 7 4 2 6 1 10 17 4
8 19 5 5 1 14 11 9 8 6 10 5 9
2 5 5 14 3 10 1 6 4 8 3 10 4
5 1 6 5 13 2 5 4 9 7 6 4 5
9 1 3 9 7 3 13 7 0 5 5 2 1
3 5 4 8 2 4 19 9 12 1 13 6 0
6 7 12 5 6 2 2 6 3 2 18 13 2
7 11 7 3 13 3 12 6 1 1 7 19 5
8 5 0 1 30 2 7 5 1 6 5 11 16
7 4 6 3 13 8 5 10 12 3 10 1 4
14 7 2 2 5 10 2 9 7 4 2 1 10
5 15 11 13 5 2 3 1 7 0 1 2 2
8 5 1 8 5 18 0 5 5 8 10 11 0
1 2 5 4 4 2 15 3 7 6 10 8 5
7 12 7 7 8 1 4 8 3 15 8 5 4
22 10 11 13 13 7 7 1 8 3 2 2 10
1 2 12 4 9 2 2 14 17 5 7 11 2
1 12 2 2 10 10 3 2 4 10 1 11 1
1 9 7 7 6 13 10 4 3 3 1 3 0
4 1 6 5 9 1 6 7 5 3 17 1 11
2 3 2 5 13 2 2 25 1 8 4 3 4
12 9 1 7 14 3 3 12 12 2 4 18 4
2 3 4 6 5 4 1 5 5 5 13 3 1
1 8 0 1 2 1 6 0 4 3 1 1 1
9 7 5 1 6 10 8 5 6 19 11 10 6
1 3 1 3 0 4 4 0 8 1 8 8 1
9 6 9 6 11 3 2 4 8 11 1 5 3
4 0 3 2 8 1 2 1 1 2 3 2 1
2 0 1 10 2 0 2 3 10 6 9 6 2
7 2 2 1 5 3 6 6 13 20 5 5 14
1 3 3 1 3 4 9 1 1 2 3 3 2
1 13 19 13 2 3 5 12 4 16 20 7 3
6 2 1 3 1 1 1 7 1 6 5 5 4
1 3 4 6 5 15 12 15 2 2 21 2 5
8 9 8 6 7 15 3 12 6 13 17 9 18
2 1 5 4 2 1 1 14 3 5 2 3 2
2 3 5 1 0 4 1 8 6 2 4 6 2
1 5 6 13 10 2 17 17 6 8 2 15 2
6 5 2 0 5 8 0 1 1 2 3 6 2
0 9 4 3 7 5 1 3 4 6 7 8 8
3 10 5 8 2 4 3 0 4 0 1 6 2
6 1 3 2 2 8 0 2 4 14 2 9 8
15 19 5 13 0 16 6 15 3 1 5 5 9
8 8 7 2 10 0 7 0 2 0 8 4 2
3 2 3 3 6 1 4 5 3 9 12 5 11
6 3 6 2 1 1 1 2 5 6 0 7 8
1 2 0 8 0 3 3 4 0 4 4 2 5
11 11 2 4 3 9 2 8 13 11 5 10 4
3 6 4 12 5 2 4 11 5 6 9 8 0
1 10 7 3 3 7 4 2 7 3 14 2 5
1 5 1 10 8 4 6 0 10 9 13 4 9
9 9 11 17 7 10 8 8 7 13 16 7 8
3 8 2 4 5 6 4 1 3 7 2 1 1
1 8 1 12 3 12 7 7 1 16 13 2 4
12 6 0 3 1 8 3 5 1 0 3 6 8
19 8 10 1 11 11 9 11 5 6 6 8 2
0 3 1 12 17 1 12 9 16 1 9 9 4
7 8 3 17 7 7 4 7 4 1 8 17 4
2 2 1 1 4 4 1 1 5 1 4 8 4
16 5 7 2 1 7 9 11 8 6 16 3 7
13 8 1 7 7 4 10 13 3 7 13 9 3
10 1 1 4 12 4 3 8 9 1 9 5 1
2 2 0 1 2 7 8 0 9 3 6 4 9
0 4 3 0 3 3 0 4 2 1 5 5 1
0 11 8 0 2 2 15 1 8 11 6 1 13
7 11 8 18 11 17 2 10 8 16 3 8 4
8 1 4 0 10 3 3 1 2 3 3 3 9
11 20 12 8 14 0 5 2 15 5 7 6 16
1 1 7 1 0 4 1 4 4 3 4 1 1
2 4 3 2 3 2 2 6 4 10 2 4 1
11 13 3 11 2 3 9 5 11 2 7 6 7
2 6 1 0 2 0 1 1 7 5 4 3 3
15 10 12 2 4 8 2 6 16 4 2 7 14
2 11 5 2 7 1 8 27 16 0 7 9 4
0 3 10 2 8 3 7 4 0 6 4 2 5
17 0 12 1 12 13 5 2 3 7 7 10 15
0 6 1 0 11 6 4 6 13 6 4 5 3
3 5 2 5 1 3 5 1 2 2 8 4 5
1 7 4 6 8 7 3 1 0 3 6 4 1
7 16 4 13 2 2 2 2 10 18 15 14 12
1 3 8 14 2 8 2 0 3 13 2 4 20
4 3 5 1 1 2 4 0 7 9 6 1 5
3 7 4 5 6 3 5 3 2 4 10 2 1
18 7 0 10 6 4 10 4 1 2 0 10 6
3 6 1 8 6 2 3 6 4 4 7 3 4
6 2 6 10 3 0 3 12 7 7 16 2 3
15 8 0 6 11 19 5 0 16 12 13 7 6
5 12 0 6 8 3 11 1 16 19 2 0 1
5 12 2 0 10 2 4 5 25 5 9 12 10
6 6 8 1 17 1 2 15 4 2 3 9 5
9 13 5 14 10 11 8 11 12 7 2 5 2
4 8 6 10 3 1 0 2 3 9 4 10 2
1 8 11 2 2 19 17 6 9 7 4 5 17
5 2 1 5 8 13 12 6 10 19 5 4 17
2 9 6 7 2 3 3 11 1 4 10 5 0
5 1 2 5 1 6 1 3 2 0 3 1 1
4 5 13 5 15 0 15 6 1 9 12 3 11
1 29 11 7 12 7 10 0 2 5 6 9 1
7 2 1 4 2 3 4 9 8 0 3 7 5
2 6 11 5 12 14 4 15 15 1 1 5 1
0 6 0 2 2 6 1 2 3 1 2 0 4
7 6 2 4 8 12 1 4 2 3 3 13 7
1 1 6 5 5 0 5 1 0 2 2 6 0
5 7 9 2 2 8 2 2 8 11 6 23 13
6 1 2 1 5 4 0 2 1 6 3 2 0
2 4 3 0 13 2 10 3 5 9 15 5 5
8 7 3 7 7 1 4 11 7 9 3 2 1
5 3 2 7 1 9 9 4 3 9 2 4 10
7 4 4 1 7 9 5 11 15 5 4 2 10
1 3 0 11 7 2 5 1 12 7 14 12 5
5 2 0 3 9 1 0 2 4 1 2 2 0
2 2 5 4 2 11 7 7 0 1 4 11 4
0 1 1 1 7 3 5 2 7 7 5 6 6
7 13 3 3 1 11 3 6 2 5 5 1 0
4 9 4 5 5 15 10 3 3 18 4 16 4
5 7 6 4 2 16 13 8 4 2 5 5 7
1 1 3 1 3 2 1 7 6 5 4 2 7
0 1 5 5 14 3 2 7 2 1 4 5 6
0 22 5 6 12 3 7 9 5 1 6 5 8
9 9 0 8 11 13 1 5 1 10 2 9 1
30 1 4 13 11 1 10 2 4 6 1 9 7
1 11 9 0 2 10 10 1 7 1 1 9 6
1 4 8 4 2 13 12 5 7 14 3 2 17
6 13 2 11 5 8 9 4 4 4 2 5 2
7 13 3 11 1 5 17 0 3 2 4 10 6
7 3 2 1 4 1 3 4 2 3 8 1 3
2 8 12 9 9 14 5 5 15 4 12 10 7
1 12 10 3 1 6 7 15 4 1 5 3 6
1 3 5 6 3 3 15 3 6 8 12 20 0
2 3 3 4 7 14 24 6 5 6 13 5 10
5 6 3 4 4 7 3 3 4 7 6 2 5
2 3 4 11 8 11 7 2 12 3 6 24 13
10 10 15 5 3 11 1 9 5 15 13 12 0
2 8 7 2 6 17 7 8 5 12 19 1 17
0 6 20 2 6 3 9 2 4 11 3 12 19
1 0 2 14 7 2 12 15 18 3 11 6 8
2 1 7 1 2 2 4 11 2 5 5 1 7
4 2 9 12 5 3 11 3 7 9 7 14 11
1 10 3 3 2 3 6 7 12 0 3 8 5
5 4 9 1 2 7 10 1 9 13 2 1 2
11 4 2 5 6 11 7 4 13 7 6 5 5
1 5 8 7 3 8 8 1 4 6 7 1 3
0 1 5 1 6 3 5 14 13 6 4 2 6
3 5 3 4 2 0 0 4 6 5 0 4 10
1 3 6 2 2 4 8 7 12 3 2 2 4
0 3 2 9 4 2 0 7 0 7 3 9 3
6 6 7 2 2 8 1 5 0 5 1 6 1
8 9 9 14 1 6 7 3 6 19 16 10 2
3 5 11 12 5 3 3 14 15 11 0 2 9
10 6 8 9 6 10 11 6 9 1 5 6 3
2 11 3 0 6 0 3 1 1 13 2 7 20
4 14 10 1 2 7 6 25 10 1 13 6 2
10 8 7 7 8 7 10 1 6 1 3 12 11
7 6 1 15 1 1 1 5 3 16 12 9 2
1 63
1 77
2 10
2 61
2 82
4 36
4 69
5 15
5 27
5 99
6 60
6 62
6 92
7 33
7 36
7 49
8 15
9 37
10 61
10 110
11 107
12 111
13 73
14 76
15 53
17 64
17 78
18 95
18 115
18 118
21 30
21 39
21 114
22 101
23 48
25 75
28 60
28 64
29 34
29 52
30 38
30 80
32 35
32 95
33 112
33 114
34 41
35 114
40 52
40 110
41 52
42 106
43 62
44 77
45 145
46 55
47 101
47 105
49 53
49 73
49 107
49 109
49 112
50 79
50 134
51 115
53 70
54 139
55 76
56 83
57 152
58 119
60 132
61 158
61 159
62 83
64 124
65 72
66 90
67 166
69 115
69 165
70 125
71 101
71 170
72 118
72 133
75 88
76 115
76 118
76 166
77 99
78 109
78 136
78 139
79 162
80 173
81 157
81 159
82 123
83 96
83 151
84 86
86 102
86 143
87 157
89 96
89 134
89 140
90 147
91 116
91 176
92 107
92 162
92 181
93 140
93 175
93 186
95 165
95 173
96 167
96 180
96 195
97 162
98 111
98 169
98 171
99 177
101 111
103 117
106 204
107 122
107 133
108 150
108 199
111 147
111 158
111 181
113 170
114 129
118 135
120 147
120 202
121 137
123 177
123 196
125 185
126 154
128 184
130 178
132 137
132 172
132 230
133 186
133 189
134 200
134 229
135 146
135 178
135 217
136 152
136 233
137 141
137 215
139 162
139 194
140 189
141 187
142 162
142 184
142 241
143 194
143 241
144 205
144 214
144 244
145 235
145 245
146 210
146 218
147 154
149 206
150 195
151 216
154 216
156 233
159 165
159 257
160 254
163 200
166 245
166 259
167 198
167 219
167 237
167 247
169 251
170 180
172 249
175 179
175 240
176 276
178 191
178 246
178 268
178 274
179 259
180 251
180 274
181 204
182 263
182 267
183 238
183 283
185 208
185 224
189 244
190 239
190 263
190 283
191 216
191 236
193 271
194 244
195 255
198 249
198 250
199 291
200 257
201 254
202 245
204 273
205 208
205 287
206 225
206 260
207 214
208 233
208 269
215 225
215 304
216 293
217 245
219 238
219 289
219 314
221 253
222 236
222 283
222 293
223 294
223 302
225 251
225 266
227 289
229 233
229 241
229 287
231 241
234 255
234 288
234 312
235 280
237 239
237 249
239 282
239 292
240 280
241 262
241 301
241 306
241 317
243 290
245 284
246 284
246 292
246 304
246 323
247 294
248 335
249 330
251 339
252 270
252 304
254 324
254 346
254 352
256 269
256 275
257 282
260 327
262 285
264 293
265 352
266 313
269 351
270 279
270 292
270 354
271 311
274 372
275 374
276 343
276 367
277 344
278 376
280 301
282 300
282 359
287 347
287 381
288 313
289 299
290 371
291 353
292 372
297 299
297 367
298 336
299 399
300 354
300 355
302 326
302 385
303 375
304 382
305 338
306 335
306 345
306 356
306 392
307 314
307 336
307 360
307 398
308 316
309 357
309 395
311 359
311 373
313 359
314 333
315 374
316 373
318 323
322 406
324 357
327 402
327 409
327 424
329 370
331 365
331 413
332 422
333 351
334 367
336 431
338 353
338 434
339 394
339 409
339 418
340 349
340 398
341 370
343 414
344 350
344 409
345 346
345 425
346 428
347 379
349 374
350 396
350 430
350 446
351 443
352 412
352 417
355 379
356 368
356 434
357 435
357 455
358 364
358 425
359 409
359 430
360 377
361 403
362 380
362 417
362 419
364 378
366 395
366 396
368 464
370 391
371 418
372 375
372 416
373 437
374 446
375 383
375 398
375 441
376 419
376 449
377 384
377 426
379 416
380 385
382 419
383 385
383 404
383 423
383 443
384 460
385 454
386 393
386 450
386 471
387 464
389 403
389 480
390 457
391 489
392 422
392 470
393 430
393 491
395 428
396 448
398 475
399 406
399 418
400 405
400 411
400 472
400 493
402 426
402 431
403 419
403 437
404 408
404 475
405 476
406 475
408 482
409 424
409 442
409 463
410 493
411 490
412 479
414 425
415 434
416 443
416 503
419 496
420 480
422 449
423 442
423 518
424 458
425 477
425 504
427 461
427 521
429 528
430 452
430 479
430 497
432 475
433 440
433 455
434 435
437 523
438 498
439 488
439 515
441 471
441 499
441 522
442 483
444 528
445 508
445 535
446 477
448 449
450 500
454 537
455 538
456 495
456 519
456 520
461 499
461 506
462 511
463 503
463 507
465 512
465 514
468 480
470 508
470 555
471 493
473 519
473 525
474 547
476 541
480 567
484 493
487 580
488 542
488 559
490 542
490 562
492 505
492 557
494 522
494 530
494 533
494 556
495 580
495 582
496 550
497 542
497 584
497 594
499 515
499 545
499 585
503 553
505 535
505 555
507 515
507 545
508 567
508 568
508 582
510 522
510 561
510 600
512 542
515 576
517 574
518 596
519 564
520 547
521 552
521 612
522 611
523 616
524 592
524 617
526 558
527 602
527 605
528 571
531 550
531 595
532 569
532 602
533 548
533 603
533 610
533 615
536 545
536 556
536 583
537 583
538 638
540 576
541 639
543 638
544 581
545 565
545 643
547 595
547 609
548 597
551 565
552 564
552 567
553 639
555 565
555 577
555 600
556 610
557 637
558 576
558 579
558 612
560 563
560 641
560 653
561 661
562 589
562 593
565 646
566 570
566 647
568 668
572 652
573 638
574 640
574 663
575 618
575 637
575 658
576 580
576 651
579 659
579 678
580 590
580 640
581 587
581 662
582 637
584 616
584 617
586 624
586 680
586 685
588 665
590 617
592 597
593 648
593 679
594 651
595 640
595 666
596 684
597 696
598 645
598 679
599 621
599 649
599 678
600 652
600 680
601 649
601 651
603 640
603 664
603 678
604 680
608 613
608 645
609 619
609 637
609 687
610 694
611 624
611 678
612 647
613 644
613 671
614 648
614 678
614 707
615 626
618 683
619 642
620 669
620 681
620 693
621 652
621 667
622 638
622 694
623 655
624 631
626 712
627 658
627 665
627 676
627 727
629 674
629 716
630 701
631 711
631 728
633 719
635 685
635 706
636 731
639 676
640 733
642 696
642 729
643 710
644 672
644 725
646 717
646 719
647 661
647 733
650 694
652 680
652 708
653 669
653 708
653 714
653 738
654 658
654 671
657 721
658 704
658 716
658 727
659 709
659 743
662 708
664 751
668 740
668 757
669 733
669 735
674 727
674 748
675 716
675 721
676 755
677 720
677 730
677 753
678 716
679 707
680 687
681 683
682 722
684 692
684 747
686 719
687 689
687 778
688 786
689 784
690 785
693 699
694 773
695 752
696 785
696 793
697 778
698 709
698 718
699 725
699 741
699 788
700 766
700 788
701 771
701 777
705 736
705 754
708 796
712 793
714 761
715 738
716 805
716 816
719 787
719 803
720 789
720 809
722 746
723 774
725 735
725 741
726 803
727 762
727 763
730 738
730 762
730 792
732 733
734 828
737 795
738 815
740 765
741 743
742 756
742 840
743 764
744 831
745 806
746 811
746 815
747 801
747 824
749 834
752 802
753 757
753 765
753 838
756 783
756 786
756 838
759 797
759 838
760 816
762 833
762 834
763 854
764 789
765 789
767 830
768 786
768 817
769 857
770 772
770 784
770 812
770 832
772 808
772 835
773 779
773 853
773 862
774 788
776 820
777 797
778 815
779 873
781 791
781 803
781 824
781 865
781 877
782 845
782 866
782 869
784 810
786 845
788 821
790 888
791 835
791 878
792 814
792 820
792 838
794 832
794 846
795 802
797 834
799 823
799 850
800 821
800 887
801 857
802 875
802 880
802 900
803 844
803 859
804 831
804 890
805 814
805 869
806 847
807 886
808 848
808 866
809 869
811 891
814 847
814 905
815 856
815 873
815 878
816 847
818 850
820 916
821 873
824 846
824 874
827 836
827 854
828 834
829 873
830 893
832 892
833 853
835 839
835 920
836 839
836 850
836 851
836 877
836 894
837 841
837 904
841 856
842 857
842 878
842 888
843 859
844 886
846 879
848 884
849 852
849 924
851 893
854 884
854 923
856 930
856 943
856 951
857 955
858 892
861 890
861 896
861 902
861 905
861 957
862 917
862 927
863 927
865 905
866 882
866 916
866 918
866 962
867 874
867 881
870 970
871 885
873 968
874 889
874 911
875 880
875 949
876 976
877 926
877 932
878 932
879 916
880 894
880 939
880 948
882 942
882 969
883 964
887 915
887 954
888 909
888 940
888 977
889 958
890 914
890 962
890 990
893 903
894 910
894 926
897 922
898 916
898 918
898 955
899 945
899 991
900 919
901 959
902 982
905 908
908 920
910 916
910 951
912 929
921 959
922 938
922 950
923 949
924 945
924 986
925 940
925 966
925 983
926 993
926 995
936 945
937 985
940 986
940 988
944 998
945 973
946 988
950 985
951 973
953 975
957 960
957 999
958 999
963 972
966 979
973 977
976 996
995 997
995 999
2 2 6 10 10 11 8 6 0 1 2 5 6
16 10 0 1 18 14 0 10 4 2 19 1 0
6 25 6 9 1 30 4 9 15 28 0 0 9
12 1 5 6 12 5 10 12 0 12 7 2 12
3 26 1 7 34 2 2 13 7 9 13 13 18
13 18 5 1 2 1 8 6 9 5 10 7 16
3 1 1 3 4 3 11 1 11 3 5 9 2
12 17 8 7 5 1 16 4 15 4 12 5 9
5 0 4 13 10 14 2 4 5 8 2 2 3
16 3 13 7 0 16 29 9 5 8 10 11 26
14 9 8 1 4 0 2 1 7 3 1 9 2
15 27 9 19 3 4 6 2 8 22 21 16 21
14 25 9 22 10 25 12 4 9 18 1 7 17
9 8 21 3 18 16 0 8 1 11 4 12 5
0 0 12 7 6 23 21 7 27 2 9 1 0
10 22 3 8 11 15 14 2 15 12 11 15 3
13 9 9 4 2 16 1 5 7 3 3 11 2
9 8 2 13 22 13 27 4 19 6 5 6 28
3 0 22 3 13 8 11 6 2 10 11 8 19
11 17 19 31 18 15 2 15 4 4 2 9 8
28 27 15 24 13 23 32 16 17 23 33 10 6 20 24 9 22 5 26 12
25 27 19 14 15 16 30 11 19 11 16 1 1 11 35 4 15 9 21 7
9 19 6 1 8 5 14 4 7 5 15 4 1 6 17 6 11 3 5 5
19 24 13 14 17 6 24 7 24 5 19 2 3 6 27 4 11 3 11 7
29 32 12 11 5 18 32 21 23 9 39 13 10 24 28 21 26 10 16 12
40 33 29 25 15 22 45 21 37 19 35 14 20 22 44 17 26 19 33 9
18 27 23 20 1 23 29 18 22 13 30 12 11 12 31 9 21 10 19 4
31 32 24 14 26 23 43 15 26 9 38 9 9 22 31 11 26 16 21 18
18 21 19 3 22 8 20 3 21 2 17 1 4 9 16 7 13 9 7 7
40 53 36 25 40 34 45 28 45 13 41 15 11 12 44 17 31 27 15 16
50 32 43 32 17 36 66 31 50 35 55 29 27 28 59 28 45 19 42 16
53 55 37 35 29 34 52 34 46 17 53 17 19 34 43 32 46 17 20 35
47 58 26 30 25 30 52 27 44 16 55 20 19 44 43 33 49 12 31 34
47 38 38 42 20 33 47 31 53 25 48 15 35 35 38 22 32 36 36 28
43 41 28 35 31 38 59 32 33 26 60 21 9 34 45 20 40 10 38 18
16 19 19 6 9 8 16 1 19 8 20 4 6 12 19 1 17 2 11 10
43 48 32 30 28 40 63 39 42 20 69 32 20 40 38 30 48 22 31 23
16 15 9 8 9 8 20 5 16 6 19 7 9 11 14 7 11 6 14 7
36 25 32 25 15 27 43 19 32 19 41 12 21 28 37 18 30 17 32 9
50 61 55 39 31 46 60 35 59 34 74 28 24 55 47 33 64 27 36 26
40 50 26 34 32 32 50 20 44 25 49 24 17 26 34 27 40 20 28 12
6 19 13 7 8 9 9 6 10 5 11 3 1 3 14 1 6 3 2 1
24 29 24 20 21 19 26 10 27 9 32 21 8 21 21 9 25 4 17 16
34 35 24 32 26 33 46 29 21 11 48 12 8 22 29 11 25 17 24 12
56 50 59 44 43 38 62 24 64 18 58 29 32 53 44 30 53 26 46 43
7 17 5 10 2 1 4 1 8 1 3 1 1 7 6 1 1 1 6 1
26 34 19 19 9 14 19 10 25 11 27 6 6 20 28 9 20 4 15 12
43 37 29 33 31 36 47 30 38 18 56 28 21 29 26 17 36 27 26 30
47 39 46 30 13 23 46 27 45 16 45 10 18 31 50 17 38 14 18 27
44 42 43 45 17 42 56 35 47 33 47 28 23 14 50 27 34 22 28 7
30 34 11 31 16 18 36 7 29 26 29 14 9 25 28 11 23 12 34 11
7 14 9 14 9 8 15 12 13 3 14 8 3 4 14 4 3 5 4 1
56 41 23 44 28 44 63 37 48 25 71 27 27 42 40 26 47 28 43 35
24 29 13 28 24 23 28 18 27 11 37 22 7 23 19 8 18 6 27 15
66 57 48 48 38 45 66 36 67 30 66 23 34 39 55 31 55 47 33 33
3 7 6 1 1 5 5 1 1 4 6 2 1 2 3 1 2 1 1 1
57 57 39 41 40 37 42 34 54 29 53 35 34 42 35 25 43 25 43 42
21 32 17 11 16 9 26 4 27 8 26 11 5 19 22 14 21 7 13 12
43 37 29 30 22 11 40 14 45 12 25 6 11 19 42 14 16 21 30 17
14 5 5 10 1 1 12 1 13 5 6 1 3 6 10 1 2 4 9 2
30 27 25 20 22 20 34 13 30 15 41 9 16 30 23 14 31 15 14 24
32 43 29 21 28 21 40 22 38 6 36 6 12 17 42 13 22 17 19 17
47 41 24 42 24 21 42 18 44 23 39 10 15 24 43 3 22 17 38 18
57 56 47 53 35 39 64 46 56 9 60 23 27 27 49 36 38 26 24 27
43 50 42 37 34 43 50 36 39 29 45 23 20 27 47 16 34 24 33 22
57 43 40 35 33 29 61 27 57 17 47 20 23 28 49 35 34 31 33 19
28 31 22 23 20 19 40 21 37 7 41 19 15 19 29 18 24 17 17 10
21 28 12 9 10 14 19 18 20 6 23 5 5 9 24 7 18 15 7 11
20 29 14 18 6 8 13 10 16 5 12 1 6 11 24 4 11 8 11 9
48 51 36 37 24 35 63 33 56 33 71 32 20 49 44 28 55 20 37 30
19 19 7 16 13 10 26 10 19 7 23 9 4 10 23 8 9 3 16 4
20 15 13 14 11 9 25 7 21 9 16 8 4 8 26 7 10 5 19 2
49 53 27 34 39 44 57 35 47 33 61 26 9 34 49 20 52 16 32 33
7 15 7 6 9 4 6 4 7 4 7 1 1 7 12 3 5 4 4 4
62 41 41 54 41 43 68 41 58 37 55 37 25 34 58 21 37 33 56 24
40 55 23 30 15 27 46 29 37 15 45 1 8 26 48 15 32 15 25 22
3 8 1 1 1 6 11 2 2 1 11 3 1 3 5 3 4 1 6 1
8 22 9 9 9 9 17 7 11 1 19 6 4 7 17 7 7 5 6 3
36 40 40 39 35 37 40 20 42 23 52 15 22 40 21 19 40 23 25 30
28 34 26 26 27 36 43 26 23 15 51 24 9 24 16 8 31 14 18 19
16 10 6 11 5 4 18 6 14 4 10 8 6 8 18 8 6 7 15 1
22 38 16 11 14 17 35 14 29 7 40 13 13 21 28 17 31 14 17 16
24 34 17 18 14 22 28 17 17 14 26 4 5 13 34 5 20 9 18 10
34 48 28 26 15 22 42 25 29 13 45 7 7 29 41 25 33 8 19 18
19 16 22 8 14 10 23 4 20 11 17 5 3 9 23 2 12 4 14 5
27 36 31 26 14 30 39 21 30 19 34 8 11 13 34 6 22 16 19 10
32 23 23 19 18 8 29 3 30 11 25 5 10 20 23 6 19 11 17 18
58 41 27 55 41 49 62 39 56 39 73 40 26 50 29 26 51 34 52 43
14 23 16 13 11 21 28 14 18 14 33 14 1 14 22 4 23 1 13 7
33 23 25 15 18 18 40 18 30 5 35 11 17 15 31 13 22 21 13 14
34 34 16 15 7 6 34 10 34 13 32 1 5 19 40 8 28 11 13 18
29 30 24 23 30 29 51 22 30 12 36 21 7 11 33 19 20 17 24 4
40 37 31 41 34 37 56 33 41 26 49 26 5 28 45 15 29 13 43 12
18 22 4 6 1 3 13 2 11 2 20 1 3 12 14 4 13 1 5 9
7 15 3 6 4 5 16 3 8 1 14 5 3 7 13 7 7 4 8 1
10 30 16 13 11 11 12 7 15 3 20 5 1 18 15 4 14 3 9 5
36 38 19 20 27 17 53 14 47 15 46 16 4 31 43 18 31 19 31 11
44 39 25 26 30 27 56 20 43 22 40 9 6 18 51 18 27 24 29 17
50 51 45 38 38 43 61 41 50 20 55 28 23 26 47 28 35 33 34 17
30 16 29 17 12 21 39 20 31 22 33 21 21 15 31 16 25 19 22 9
38 49 35 33 21 33 49 24 51 25 53 21 19 32 44 17 40 26 33 18
56 67 43 56 38 52 66 51 54 33 75 35 27 46 49 31 51 29 47 38
48 68 42 48 39 52 55 38 47 33 64 25 28 42 43 20 50 28 37 37
22 23 26 8 27 14 21 8 25 4 29 14 8 19 19 5 17 5 13 17
17 26 4 12 9 5 16 3 15 7 16 1 1 14 15 1 11 3 12 11
23 22 21 18 16 23 36 15 29 15 32 16 12 15 22 14 19 15 18 7
6 7 3 4 1 1 5 1 4 1 9 2 3 4 1 2 1 1 3 2
40 32 32 32 16 34 47 27 35 30 41 21 14 12 40 17 29 17 21 13
12 12 14 4 13 6 22 1 13 5 5 2 1 2 20 6 6 6 9 1
54 50 30 41 21 31 60 25 53 20 53 15 23 35 48 27 38 29 35 17
37 33 32 31 15 23 44 24 37 7 48 5 18 34 38 22 33 10 16 26
42 35 35 34 26 23 51 17 46 16 36 2 16 31 51 20 28 24 35 16
26 19 17 19 8 12 24 6 26 11 33 7 15 22 20 9 20 9 16 17
10 20 5 1 9 1 16 1 13 1 13 1 1 8 18 6 9 1 4 2
22 21 15 28 21 22 30 15 20 14 21 12 6 11 18 11 9 14 18 4
24 24 23 16 27 25 44 17 25 12 39 17 3 7 26 7 20 5 16 7
30 38 24 20 25 27 36 27 35 6 43 16 12 16 27 10 27 21 13 21
17 27 26 12 19 22 30 15 21 15 35 17 9 19 24 9 26 7 18 10
17 31 12 12 11 13 18 8 11 2 16 1 2 9 21 4 10 8 8 4
42 47 34 41 30 48 58 41 41 20 60 32 24 29 34 25 36 33 36 20
53 40 42 44 17 26 47 17 60 37 55 28 25 42 41 11 51 24 34 29
20 22 5 11 14 13 20 8 9 2 15 2 1 7 13 8 5 9 9 5
14 16 7 5 2 5 15 6 7 3 16 3 4 3 16 3 8 5 4 7
33 34 34 18 24 16 38 22 35 9 35 10 3 29 43 21 32 8 16 21
9 9 4 5 2 6 7 2 2 1 10 1 1 5 11 1 1 1 7 1
57 57 48 45 46 52 75 46 62 28 60 32 25 36 60 34 45 44 48 25
18 23 11 18 14 11 18 8 16 14 18 7 1 13 15 2 12 3 14 9
24 26 13 13 14 7 19 6 19 11 23 9 8 16 20 7 18 5 16 15
17 21 14 23 13 16 27 13 18 13 24 13 3 13 24 8 13 1 17 5
66 59 63 48 28 51 79 42 73 38 85 45 38 57 63 41 73 24 43 37
13 10 7 6 1 3 13 1 6 7 9 1 1 2 16 1 7 1 7 1
31 44 34 19 23 20 45 15 41 15 37 12 1 25 41 21 34 8 16 18
20 19 18 9 12 16 29 12 23 12 29 14 9 13 23 9 18 8 18 4
17 30 19 11 19 10 21 6 26 5 28 10 8 20 15 16 20 10 7 14
16 25 8 12 8 4 22 3 15 3 16 3 2 8 24 7 8 4 12 2
27 36 13 16 11 14 38 17 25 4 32 5 3 16 28 23 21 12 8 11
60 40 38 58 30 41 60 28 56 45 61 27 25 46 45 8 46 24 52 31
44 50 18 35 35 42 56 31 37 25 53 32 23 34 34 25 37 21 42 21
12 4 2 7 4 1 10 1 8 5 1 1 1 1 14 1 1 1 10 1
38 43 31 34 21 23 39 25 40 7 38 9 16 18 32 18 22 20 16 17
17 17 15 2 10 1 14 1 12 1 15 1 3 8 16 1 9 2 5 6
41 22 15 27 20 14 35 8 34 23 30 15 14 22 26 5 20 7 33 15
37 54 36 29 41 39 49 29 43 6 56 33 22 28 27 29 38 19 21 26
43 44 29 36 25 29 46 19 39 26 50 10 19 38 37 21 41 20 35 24
18 15 6 18 12 7 16 7 13 11 12 6 1 10 16 4 4 4 16 7
26 27 21 21 29 31 45 24 23 17 37 15 1 20 38 11 27 9 30 12
32 39 28 32 12 21 45 10 43 23 43 4 12 30 36 10 35 22 22 13
23 23 12 28 16 24 34 15 18 18 35 12 5 20 24 5 19 5 27 6
12 24 11 8 18 5 18 1 19 5 14 5 1 11 18 8 13 7 9 9
28 32 28 16 6 17 30 19 37 11 35 15 23 20 33 21 27 20 16 12
29 49 17 24 18 38 44 33 31 21 47 7 9 20 43 16 34 22 22 20
62 42 49 41 24 49 74 42 55 45 74 25 34 50 66 40 65 30 47 25
50 32 50 46 31 46 66 35 51 33 55 26 28 22 51 23 37 30 34 18
49 54 28 43 33 32 58 32 51 15 57 24 11 29 37 28 34 20 31 21
41 36 39 28 24 29 43 23 36 9 36 8 18 13 37 9 23 26 16 17
43 45 37 40 45 32 48 26 43 19 50 20 10 41 42 19 32 13 43 25
60 42 40 36 34 48 70 42 60 42 66 23 31 35 55 34 58 45 34 37
69 62 47 50 46 62 71 53 64 37 84 46 33 43 50 17 60 36 48 47
16 28 10 18 14 15 27 7 19 8 21 6 4 14 15 15 12 11 15 5
15 36 12 20 18 13 22 8 20 12 28 7 2 25 19 10 19 5 20 12
61 47 42 39 25 34 49 31 59 28 57 15 35 41 51 20 46 35 41 42
24 26 30 17 26 20 25 14 25 11 26 18 2 18 27 1 22 4 15 12
65 42 46 44 35 37 73 39 54 23 65 23 22 46 59 31 52 20 38 42
3 8 6 1 5 1 2 1 7 1 9 1 2 5 4 1 5 1 1 5
15 20 7 8 7 11 14 7 6 5 18 3 3 11 17 4 9 1 12 5
26 36 30 26 25 22 28 13 38 11 35 20 12 25 25 13 29 1 19 21
38 36 30 21 37 31 53 28 37 13 50 20 8 20 39 13 32 20 26 24
32 32 25 12 9 13 33 18 28 6 38 4 10 22 35 16 32 8 7 23
18 23 17 10 16 13 22 5 17 9 21 9 6 14 12 10 14 9 12 9
12 24 16 14 12 17 18 14 17 2 16 8 6 1 12 11 5 14 2 1
19 23 13 21 8 14 17 3 16 16 23 7 6 18 14 4 15 1 21 9
26 35 24 17 16 13 26 10 30 7 24 7 11 14 30 17 17 14 11 10
41 46 9 41 23 30 50 21 37 26 54 20 12 32 37 10 34 12 38 20
11 19 3 3 5 1 12 2 6 1 15 1 1 7 12 4 9 2 2 6
34 38 21 31 16 23 29 22 36 16 34 15 21 21 30 12 20 19 28 18
60 54 24 51 31 43 77 40 51 37 76 30 15 49 45 31 54 31 52 25
52 41 17 39 45 35 57 37 43 22 49 20 9 33 50 23 33 26 45 32
45 40 33 37 26 43 63 40 45 23 61 32 21 20 45 16 37 25 35 20
5 14 6 6 3 6 9 2 7 4 8 1 1 4 12 1 2 1 7 1
10 25 16 9 14 13 17 5 14 9 17 6 4 9 13 8 14 9 6 7
5 22 15 6 8 10 9 1 11 6 18 7 3 14 10 4 14 1 7 8
26 30 28 15 21 18 33 17 37 7 34 15 17 18 27 15 20 19 17 12
11 15 10 11 1 12 21 6 14 12 19 9 5 7 18 9 12 5 13 1
41 43 18 43 33 36 49 26 35 32 49 27 4 30 32 7 32 16 41 19
54 45 40 41 31 33 43 27 49 29 40 16 21 32 52 11 34 21 43 32
5 13 9 4 4 1 8 1 7 1 8 1 3 1 11 4 3 3 1 2
9 20 9 5 20 13 19 3 11 1 16 2 1 9 10 2 8 3 8 2
18 27 16 13 19 17 32 11 22 7 36 10 11 19 19 11 21 10 13 13
35 33 19 23 22 23 43 21 28 4 41 9 9 14 34 7 20 16 16 16
21 38 16 9 11 9 25 5 23 1 27 1 3 16 26 12 21 7 5 13
26 32 22 11 18 15 30 11 28 8 34 12 5 23 28 12 24 7 20 11
41 27 20 21 19 5 32 2 36 13 23 5 12 27 31 11 20 10 27 20
57 52 37 42 32 48 61 44 53 40 54 30 27 22 52 38 46 43 31 23
44 49 40 43 25 40 54 36 52 33 52 34 24 28 43 32 42 17 28 21
5 12 4 4 3 2 2 1 4 1 7 1 1 9 5 1 4 1 4 3
40 51 24 28 24 20 40 23 43 12 50 11 4 31 36 14 36 7 17 32
9 18 6 4 6 9 10 6 6 5 13 2 1 5 12 1 10 3 4 6
31 47 32 26 33 35 51 23 39 23 47 23 12 23 37 26 40 19 18 12
17 25 17 17 8 22 21 15 16 17 30 18 6 14 17 5 19 3 13 7
18 16 11 14 12 14 20 13 13 7 22 8 7 5 21 1 8 1 11 8
9 14 7 5 7 2 12 2 11 2 15 3 4 7 13 5 9 2 5 6
68 64 41 58 26 37 69 36 75 37 66 26 32 45 51 33 51 36 45 30
59 58 40 39 20 23 57 30 58 19 51 12 21 39 59 30 46 20 27 37
34 42 20 19 19 18 29 12 33 20 34 10 3 23 37 6 32 7 21 22
15 25 13 12 16 12 17 4 15 10 27 5 2 22 12 3 18 1 18 11
10 9 1 9 1 1 3 1 7 4 2 1 1 7 7 1 1 1 8 2
36 38 31 28 29 32 45 28 43 17 45 26 27 16 29 29 29 30 15 9
65 39 46 49 37 48 81 46 61 29 66 34 26 31 63 28 44 43 47 27
18 22 23 19 8 20 22 19 18 13 26 14 9 7 23 5 12 9 13 7
21 21 7 9 9 15 27 13 17 7 20 9 7 6 19 14 14 17 9 7
39 43 40 28 17 22 49 18 45 8 45 6 20 30 38 32 38 19 11 25
10 19 16 4 10 4 16 1 19 3 20 3 1 10 21 4 15 1 5 5
36 47 30 30 23 26 37 23 39 12 34 19 19 20 33 24 26 27 21 12
19 28 12 13 6 6 16 9 11 4 14 2 3 8 23 6 10 8 6 7
52 59 35 30 34 38 62 28 56 28 55 25 20 37 56 30 47 31 40 24
58 54 45 38 41 39 54 35 54 26 51 17 22 35 53 21 41 36 38 40
4 13 6 5 6 7 6 3 2 5 9 2 1 7 4 1 5 1 2 2
55 61 34 37 52 51 74 48 55 16 67 28 16 35 54 37 44 41 40 26
47 51 41 39 44 51 66 42 36 29 58 20 5 27 54 23 40 24 40 13
13 17 19 9 5 17 26 12 15 17 24 15 8 5 24 13 20 4 7 1
6 22 7 7 3 5 5 1 6 1 13 1 1 12 10 1 8 1 6 3
39 38 32 24 28 14 31 18 39 9 28 6 12 29 40 18 22 17 25 22
41 53 35 39 25 27 45 21 47 20 43 9 19 23 41 15 31 28 26 16
29 37 30 20 15 22 31 17 32 14 32 8 8 12 33 5 25 14 10 16
41 33 29 19 29 37 59 35 39 23 58 26 19 22 42 17 42 26 26 21
40 32 21 25 11 17 50 15 43 23 39 11 3 28 51 14 31 19 35 4
27 26 17 22 31 25 45 22 26 4 36 15 6 18 29 14 16 13 29 8
23 22 20 12 8 11 19 5 20 4 28 3 13 22 18 3 23 10 10 20
65 51 30 44 50 37 57 32 58 38 52 26 20 49 48 24 46 27 54 47
21 22 20 6 13 1 18 2 23 1 18 1 5 11 25 1 14 4 9 11
37 52 34 25 22 43 51 38 40 31 56 27 16 30 46 25 51 24 28 21
39 29 22 26 19 13 39 12 37 14 40 11 14 27 33 7 27 15 22 24
35 48 39 27 30 41 53 26 40 18 68 25 22 39 33 20 53 20 20 33
54 39 43 43 45 37 61 28 52 22 54 32 12 29 35 16 34 25 34 23
15 14 8 10 10 7 14 4 11 5 15 3 2 11 16 3 5 1 14 5
51 53 38 44 35 57 78 48 46 42 72 37 24 38 57 38 54 33 45 15
14 29 17 14 16 13 23 6 23 1 26 4 6 11 12 11 13 9 6 7
39 36 15 32 21 23 55 19 41 24 49 10 9 30 39 9 32 24 37 15
77 65 60 48 48 48 74 39 80 25 66 32 35 42 64 36 56 49 46 38
46 53 39 27 23 29 55 22 46 16 53 17 8 37 47 25 46 2 23 28
65 54 53 47 25 43 70 40 65 37 60 30 37 29 63 31 51 42 39 19
46 22 37 24 24 22 36 15 39 20 39 8 20 33 35 10 38 20 25 34
54 53 47 38 48 45 63 31 52 20 57 31 21 44 47 25 47 17 46 38
7 14 10 6 4 5 11 7 10 3 15 5 4 2 17 7 5 3 3 1
54 66 40 43 24 30 59 29 61 29 61 13 27 44 60 23 50 36 39 35
9 13 11 7 6 7 7 6 8 5 15 4 6 8 12 4 7 1 5 6
66 71 44 51 36 46 65 37 69 28 71 21 37 39 54 31 57 44 34 38
42 31 30 21 33 20 43 15 38 10 38 15 10 26 31 9 27 17 22 27
23 18 25 13 12 7 23 2 25 13 22 7 9 16 23 1 22 7 10 15
15 40 22 20 20 23 23 13 18 11 26 6 2 20 20 10 21 9 13 7
46 57 49 49 44 56 67 50 50 29 66 25 28 35 50 37 43 41 44 17
15 21 16 13 7 10 17 10 13 4 13 4 5 3 19 4 5 9 8 1
67 71 39 55 50 49 64 41 63 35 55 16 23 40 59 26 44 41 52 37
17 19 7 11 14 10 25 9 21 7 24 8 5 12 24 10 13 5 15 7
53 40 49 41 53 45 67 35 57 22 62 20 31 47 46 37 46 39 43 36
32 25 17 23 14 15 23 10 28 19 31 9 11 23 20 3 25 7 20 22
41 70 44 47 44 47 59 47 47 15 64 18 9 37 45 36 43 26 28 17
19 15 15 10 9 1 17 1 19 2 16 1 5 12 18 1 10 2 11 9
37 34 28 25 31 32 46 25 36 22 40 29 20 18 28 27 30 24 23 5
28 41 22 23 27 21 39 14 28 9 30 13 11 15 30 21 22 18 18 6
28 32 30 29 23 44 50 36 29 15 46 32 15 11 30 21 27 19 22 1
39 37 37 30 32 42 55 36 39 23 63 39 26 34 30 21 42 27 32 22
38 37 26 33 14 18 42 14 36 18 38 7 17 32 39 18 30 15 30 17
61 63 62 51 50 49 67 35 69 23 67 27 39 35 52 28 49 42 31 35
68 77 59 54 52 47 74 40 70 25 64 23 24 50 66 43 55 38 49 32
52 43 17 48 36 36 58 29 53 31 59 35 25 39 25 22 37 27 48 25
50 45 55 35 35 35 50 21 57 15 50 25 26 38 37 22 39 30 31 32
35 35 27 23 4 13 26 14 31 9 31 1 16 22 32 10 25 15 12 22
58 55 40 45 49 45 60 36 58 24 56 29 14 27 44 15 38 33 38 32
37 42 35 23 21 40 56 37 38 28 62 31 21 36 46 33 50 14 30 15
21 34 17 15 18 12 20 4 22 4 23 5 7 18 12 10 17 10 11 12
53 33 49 34 31 43 69 36 56 35 59 27 38 27 53 39 49 39 31 23
73 82 37 58 36 39 79 37 72 37 80 17 19 60 64 38 67 35 49 38
16 24 12 11 17 3 19 1 23 1 18 7 1 14 18 5 12 2 12 9
9 15 11 8 4 16 18 7 8 11 20 6 1 6 14 1 12 1 10 1
10 26 9 6 5 11 22 8 12 3 26 7 8 9 16 11 16 7 8 4
55 41 42 39 31 48 70 39 56 39 66 18 28 29 54 30 56 37 26 30
19 24 14 11 5 12 21 13 22 5 24 9 11 10 22 10 13 11 12 4
27 31 28 16 6 20 25 18 24 16 34 12 10 15 31 5 28 10 9 18
26 22 13 12 8 25 41 25 23 18 38 18 5 8 37 12 28 10 12 8
62 58 50 47 40 66 87 57 59 43 80 47 37 25 66 46 62 38 36 15
35 47 27 29 25 27 40 14 32 18 44 4 8 33 27 20 36 14 23 13
68 45 48 44 35 46 79 43 65 39 66 42 32 30 61 42 53 27 41 19
42 49 30 26 34 34 48 19 40 12 54 15 12 30 28 12 40 21 19 29
30 41 28 25 28 26 43 9 34 22 39 17 6 32 35 13 37 6 32 16
27 31 32 28 22 31 42 24 27 15 45 12 17 23 31 12 28 16 22 14
11 14 8 7 3 6 10 5 7 6 8 1 1 3 14 1 7 3 6 5
47 49 22 32 18 16 44 12 49 25 42 1 6 32 41 13 39 24 24 26
30 21 13 15 18 15 35 13 28 12 25 12 8 20 28 12 13 13 29 5
50 52 36 35 26 46 65 38 51 35 60 25 22 21 50 27 50 38 25 16
6 24 15 10 8 11 12 4 14 6 11 3 1 9 14 2 11 5 5 3
40 53 27 29 28 39 48 34 37 26 59 18 9 32 42 16 44 20 24 30
39 36 22 33 20 16 39 16 40 11 28 7 10 13 39 17 18 19 17 3
16 20 12 16 5 11 18 8 16 5 18 4 4 6 19 2 5 2 11 2
15 18 1 12 5 4 29 1 16 9 18 1 1 10 23 5 10 5 18 1
57 56 38 42 28 32 71 29 58 29 52 22 19 42 57 42 45 32 44 13
38 28 24 28 22 17 51 24 40 6 39 14 7 18 41 23 20 9 25 11
10 9 8 4 2 1 9 1 12 1 15 1 5 9 7 1 8 1 2 7
4 13 4 1 6 1 6 1 4 1 5 1 1 1 10 1 1 1 1 1
33 15 21 12 12 14 45 15 33 18 31 14 8 16 40 18 23 13 25 4
16 21 16 13 10 4 17 1 20 7 15 4 9 11 19 7 11 9 8 10
9 15 9 5 7 7 7 5 6 4 14 1 5 7 8 1 6 3 4 5
44 39 34 38 24 32 47 19 42 21 55 20 13 33 34 2 39 17 26 29
44 39 35 30 19 24 44 18 40 14 38 5 17 26 43 8 25 18 31 19
9 10 2 9 4 1 4 1 5 4 3 1 1 7 5 1 1 1 8 3
13 16 17 7 7 11 16 7 12 7 13 3 1 1 22 1 5 1 7 1
50 50 34 47 29 35 59 20 56 34 60 20 21 47 38 20 48 22 36 33
42 34 26 40 35 25 44 21 41 10 38 16 9 20 24 10 16 20 28 15
20 29 18 22 14 19 27 7 20 12 19 6 2 10 20 8 13 8 17 2
55 59 32 52 33 35 65 33 57 31 64 23 12 40 46 26 46 30 36 25
18 24 13 17 11 12 30 9 24 10 23 9 6 7 25 15 12 9 11 2
39 51 35 23 26 30 42 23 36 13 59 24 8 36 31 15 46 1 15 33
35 37 35 26 25 35 43 32 37 18 38 26 24 13 36 27 24 30 23 9
49 44 39 24 25 24 49 20 49 20 53 19 17 36 44 16 45 13 25 31
23 18 16 17 23 18 34 16 25 1 24 14 10 1 20 15 7 14 14 1
26 23 10 16 12 10 36 6 29 7 24 6 7 7 26 17 12 14 16 1
14 26 12 13 14 13 24 7 19 5 17 4 2 3 17 12 12 9 4 1
21 29 11 7 6 5 20 6 19 1 28 1 3 18 23 9 19 1 7 13
35 36 27 23 5 28 40 24 30 26 48 22 13 26 36 22 40 1 21 18
29 31 20 22 11 19 36 13 24 20 35 12 12 22 29 12 27 9 26 13
5 17 2 8 18 17 24 12 8 1 24 11 3 9 7 8 8 7 10 3
12 9 12 5 6 5 10 5 11 3 13 1 9 8 12 1 8 5 6 8
14 22 18 7 9 1 9 1 18 1 19 4 5 14 10 2 12 5 1 11
56 47 51 46 45 43 58 28 49 29 54 12 22 46 44 29 45 31 42 27
9 14 6 12 1 1 11 1 12 4 3 1 1 2 17 1 1 1 7 1
31 37 23 23 25 15 43 10 36 15 30 1 6 28 42 19 23 12 31 12
49 40 44 42 22 38 57 38 50 25 70 29 19 37 42 26 51 11 25 32
21 25 5 22 14 15 22 7 16 15 25 3 3 19 18 2 14 1 24 8
20 23 15 19 19 15 13 12 17 10 28 11 9 20 12 1 15 4 14 17
22 22 14 17 18 19 35 9 19 14 23 9 2 8 23 9 12 10 16 1
9 17 14 7 2 3 6 1 16 3 14 1 2 6 14 1 7 1 4 5
14 18 6 12 14 10 13 6 9 5 17 4 2 12 8 1 5 2 12 7
49 46 33 41 37 35 55 23 43 42 49 19 9 44 48 22 41 19 52 14
55 45 51 49 38 35 59 30 61 26 52 7 29 48 59 21 41 34 49 37
18 33 12 14 7 12 25 6 19 6 16 1 1 5 26 8 13 9 6 4
6 14 6 7 2 3 8 1 6 6 6 1 1 7 7 1 7 1 6 2
27 23 18 11 9 17 31 11 16 16 25 10 3 12 31 4 21 3 19 8
39 42 32 25 21 36 36 29 38 26 49 32 20 28 36 13 38 13 26 18
54 59 30 45 53 53 67 45 45 21 70 33 22 31 34 30 47 40 31 30
36 52 29 26 28 34 43 25 34 18 38 8 9 18 41 17 34 23 22 16
19 20 12 15 10 10 23 6 19 14 23 5 2 13 22 3 17 4 13 6
52 43 37 32 34 30 47 15 49 24 50 18 23 38 32 17 43 25 29 39
1 16 6 2 8 1 6 1 8 1 9 1 1 6 4 1 6 1 1 3
13 17 14 11 13 12 18 5 15 11 16 7 5 9 12 8 11 8 9 7
37 40 24 31 23 46 52 42 28 25 52 21 10 21 48 16 35 21 33 15
23 32 23 10 8 21 26 17 21 16 38 12 6 16 27 8 31 2 5 15
4 14 8 1 1 6 7 1 1 3 9 1 1 1 12 1 6 1 1 1
31 36 19 19 23 25 37 23 28 9 43 11 11 22 32 8 27 14 20 21
17 28 24 14 8 15 27 9 27 12 26 5 8 11 28 6 20 9 10 7
59 68 65 57 45 61 64 52 57 45 64 31 27 39 60 38 57 34 45 17
22 26 4 14 7 8 15 2 13 5 16 3 1 13 21 1 12 1 16 10
68 66 44 56 36 43 69 36 72 37 71 18 19 58 69 27 57 38 62 29
18 21 10 14 12 14 13 6 12 9 21 4 3 17 14 1 13 1 17 9
21 27 13 18 10 1 16 1 28 13 19 4 3 20 20 4 18 1 15 13
52 43 26 38 41 46 68 40 45 30 61 34 14 37 48 23 41 30 52 19
21 45 27 15 28 24 35 15 25 11 39 10 3 21 31 15 28 7 16 11
17 17 11 12 4 6 16 4 15 7 18 5 7 9 20 5 10 1 11 8
30 50 39 20 31 26 40 14 41 10 44 23 14 24 27 26 37 15 9 20
11 5 6 8 2 2 8 1 10 5 7 1 4 2 10 1 2 1 7 3
22 26 16 9 7 14 29 14 23 6 33 12 14 16 23 17 21 13 11 5
26 26 24 24 14 30 31 30 21 10 41 18 9 8 23 2 20 11 14 14
47 50 32 35 23 34 48 32 44 22 39 17 21 20 45 22 32 33 29 22
19 25 22 13 16 20 29 13 19 14 30 16 10 20 20 11 23 10 20 10
38 46 35 24 28 29 48 26 43 19 42 19 6 20 51 13 35 13 19 19
10 6 1 9 1 1 9 1 6 2 3 1 1 2 14 1 1 1 9 1
14 17 17 12 5 7 8 8 15 1 11 1 9 5 19 1 5 6 8 6
33 29 25 25 14 20 32 13 34 24 31 19 15 19 27 8 25 8 23 14
49 44 44 42 37 31 44 26 48 22 32 22 23 28 40 25 27 32 36 24
23 19 26 16 9 19 20 14 21 14 22 9 6 10 26 1 14 1 16 5
33 55 27 28 19 33 37 21 33 23 41 9 9 23 36 6 35 17 23 23
33 31 39 21 10 27 41 21 41 22 44 22 24 25 40 14 38 20 23 17
58 31 39 43 49 38 67 31 61 19 62 35 27 43 36 25 41 32 49 36
57 59 62 40 41 38 59 29 66 25 51 26 25 41 57 28 48 25 38 36
46 41 41 42 37 51 71 42 52 25 70 35 28 26 38 37 47 37 26 21
8 15 2 2 4 9 21 7 14 1 21 6 6 5 14 10 9 7 9 1
71 67 47 62 48 54 71 39 67 41 80 36 31 62 53 24 62 30 59 37
25 27 16 32 19 19 23 19 26 13 29 19 14 17 21 7 13 8 22 14
53 48 48 42 48 52 78 46 56 42 67 38 31 48 64 44 54 37 57 25
7 12 15 5 9 9 18 7 12 13 17 12 3 8 17 4 15 2 8 6
55 45 31 47 34 29 59 24 53 26 59 23 17 37 43 12 38 28 41 28
23 29 25 18 10 22 29 17 25 16 37 14 9 21 27 7 27 5 19 10
12 26 12 7 17 8 17 1 16 1 17 1 1 12 14 4 9 3 10 5
7 4 4 3 4 1 8 1 8 1 7 1 3 1 5 1 1 2 3 2
16 23 7 10 6 3 16 6 11 5 15 5 5 10 15 8 10 7 8 9
25 32 18 17 15 8 36 7 32 7 20 4 2 13 33 19 14 9 15 5
11 22 12 8 12 4 16 5 19 3 17 5 2 8 23 6 10 2 9 6
55 64 44 43 43 53 64 42 62 44 70 20 32 51 62 33 68 45 39 53
33 27 31 28 12 18 29 15 31 11 28 2 21 18 29 10 16 23 17 19
24 18 10 17 1 10 21 5 17 11 19 1 8 16 21 1 15 6 19 9
45 52 47 41 33 55 67 47 39 31 67 18 19 27 55 18 47 29 33 20
31 43 22 31 22 22 41 17 35 15 40 9 7 23 40 8 25 12 27 11
28 33 25 15 13 25 37 19 26 14 50 10 19 31 26 18 41 17 17 21
14 16 8 6 13 3 18 1 14 2 8 1 1 5 20 1 1 3 12 1
9 14 6 10 7 9 9 7 6 4 12 5 1 9 12 4 4 1 8 4
22 28 15 14 10 13 20 13 22 9 15 1 5 3 25 5 11 15 9 11
23 32 7 25 18 14 25 11 22 10 25 13 6 14 20 7 13 5 15 12
66 54 44 45 56 50 77 35 62 14 76 27 26 45 44 32 51 37 40 41
17 28 14 15 5 6 9 2 20 6 20 1 7 17 14 1 13 3 10 11
29 29 20 22 37 31 49 24 28 3 47 18 11 20 17 17 22 20 25 10
9 12 3 8 7 7 9 5 4 4 11 4 1 8 6 4 1 3 7 4
24 19 27 17 13 19 33 12 27 16 38 8 16 23 20 11 29 16 13 19
50 46 17 40 39 38 57 36 44 33 60 27 7 33 43 19 41 22 40 32
9 26 11 3 11 11 17 4 8 6 20 3 1 10 15 4 16 3 5 5
52 41 31 42 15 33 51 27 53 24 57 24 29 34 42 19 37 20 35 26
57 56 35 40 15 35 55 35 54 35 59 21 19 33 54 19 47 15 32 34
20 37 23 24 19 25 33 15 19 14 29 6 3 17 28 16 19 9 18 2
16 23 15 4 11 3 19 4 19 3 23 5 5 10 23 6 18 2 7 12
54 42 38 35 29 24 64 22 57 26 49 12 13 32 51 25 43 32 28 16
17 18 24 19 7 23 26 14 16 21 25 14 10 12 22 8 21 4 18 5
51 50 29 43 32 35 53 36 44 28 42 16 20 25 55 16 28 32 38 28
9 4 5 9 5 7 10 6 6 6 9 3 1 2 10 1 2 1 6 1
13 18 5 8 5 1 8 1 12 2 17 1 1 11 9 1 9 1 7 9
4 16 6 2 1 1 9 1 5 1 9 1 1 1 13 3 6 1 1 1
16 25 12 14 8 9 24 7 21 13 22 7 4 11 24 7 16 7 13 8
49 54 42 44 25 38 54 29 48 42 56 21 14 42 52 27 49 14 40 18
43 50 34 36 18 30 41 26 46 26 40 21 27 28 43 26 32 30 33 18
48 29 41 39 40 34 51 21 46 14 51 31 19 33 28 9 34 11 36 29
60 67 39 41 30 42 61 31 64 30 76 31 26 56 46 27 64 17 40 43
43 55 41 39 32 40 59 33 51 18 63 34 16 44 43 29 51 8 34 29
17 26 13 16 13 13 26 9 20 2 16 7 6 10 23 11 9 12 17 1
38 52 18 26 28 28 46 11 36 22 41 9 4 28 38 11 35 9 30 19
28 16 18 15 11 8 23 6 19 14 13 6 5 12 29 5 12 5 22 7
43 41 27 29 24 24 56 21 50 22 51 20 13 40 50 24 37 22 41 12
20 16 5 16 8 4 19 6 23 10 18 9 6 16 19 9 14 6 19 10
55 57 34 35 44 37 64 27 58 24 59 15 15 38 48 24 47 36 37 32
44 49 44 40 28 47 65 38 50 45 60 31 20 36 58 36 53 25 44 7
22 35 23 14 8 13 25 12 26 5 31 4 14 16 27 10 21 13 9 14
9 24 11 11 9 11 15 7 13 5 16 1 1 10 20 5 10 4 10 4
14 23 12 13 9 3 16 1 20 5 10 1 1 6 21 5 8 3 8 3
65 67 35 57 38 39 75 33 66 31 66 21 24 50 57 42 52 24 50 28
26 16 17 16 10 12 30 9 24 19 24 8 4 15 31 5 20 3 20 6
75 56 69 48 46 49 71 40 75 28 65 40 38 50 56 35 60 39 45 47
16 18 13 16 5 11 17 5 17 9 21 4 7 16 11 4 10 3 16 9
66 71 51 49 49 48 68 30 69 39 68 45 34 58 54 33 61 25 60 40
9 16 5 10 7 11 16 6 6 2 17 3 1 6 12 1 4 1 8 1
35 40 24 24 26 38 43 33 35 20 53 30 10 26 35 16 39 18 25 22
2 13 1 1 1 1 6 1 9 1 9 1 1 7 9 4 9 1 1 2
32 40 26 30 32 35 42 27 32 21 52 29 11 23 23 13 33 12 23 22
39 38 16 38 18 19 39 16 44 22 33 16 15 23 34 17 21 22 31 11
5 14 1 4 1 1 5 1 3 1 8 1 1 7 5 1 3 1 2 1
23 20 6 23 12 8 24 5 26 19 23 7 5 18 15 6 14 11 21 9
22 36 12 11 10 12 26 11 20 4 32 5 6 17 24 11 19 7 10 12
12 15 16 3 11 5 10 4 19 2 22 11 9 14 10 6 16 5 5 14
51 49 47 31 40 50 78 43 52 33 66 26 15 37 64 43 56 26 43 13
24 39 19 27 16 28 37 22 21 16 34 12 3 17 35 7 23 7 21 7
5 18 7 8 3 1 13 1 15 3 12 1 1 4 18 3 6 1 6 2
16 15 16 4 10 10 15 5 11 10 16 7 9 9 14 4 15 7 7 9
52 71 29 40 38 45 60 45 47 37 57 9 11 45 68 39 54 34 42 27
35 33 24 27 28 22 38 16 31 12 32 11 1 24 33 3 21 7 30 17
59 74 57 49 27 48 59 35 65 30 69 34 25 47 50 33 62 12 33 39
56 67 52 46 33 47 73 40 66 43 71 37 26 53 62 45 62 32 44 27
28 26 19 21 25 19 37 10 27 13 27 5 9 21 26 11 16 12 27 10
8 11 4 6 2 1 5 1 6 1 9 1 1 7 9 1 4 1 5 2
14 25 13 6 8 12 23 7 15 4 22 8 3 10 21 5 18 4 11 4
29 52 26 22 26 27 40 19 34 8 48 14 13 27 26 24 36 18 14 19
11 24 13 7 14 4 16 1 15 4 11 3 1 6 19 7 10 5 5 4
48 46 54 35 28 41 50 39 54 29 57 34 36 37 45 23 46 35 30 30
20 33 22 12 16 19 33 15 24 13 38 13 7 17 28 15 28 7 8 14
9 16 1 9 2 5 13 1 7 3 11 1 1 8 12 1 5 1 11 1
58 54 44 37 51 48 77 41 54 20 72 30 17 47 50 38 51 28 46 27
45 46 40 38 28 37 51 31 38 29 42 13 16 27 52 10 31 18 40 19
57 44 43 36 27 56 63 47 42 46 67 38 30 37 51 33 55 19 49 22
53 58 50 42 52 52 62 33 51 42 62 32 21 50 46 34 56 18 48 29
26 31 32 24 6 26 30 21 26 22 31 12 15 12 35 6 22 13 21 13
30 40 23 27 10 20 27 19 27 11 33 6 15 23 32 9 23 12 25 17
75 72 48 51 49 46 76 48 71 35 68 23 21 43 69 43 58 38 37 42
11 8 14 8 1 7 8 4 7 9 13 7 7 8 8 4 10 1 7 7
14 23 18 13 12 9 15 8 22 7 21 12 4 14 19 7 17 5 9 9
19 36 18 8 21 12 34 9 22 7 34 5 5 20 29 14 26 4 18 10
25 19 10 7 2 16 26 13 18 2 36 7 14 18 18 6 23 13 10 14
29 38 29 19 17 16 31 8 37 13 39 19 11 31 23 16 34 4 17 25
21 37 20 22 14 25 36 23 24 8 38 7 12 15 33 15 21 12 20 5
30 24 19 26 26 19 47 13 30 20 27 11 1 13 36 10 16 18 28 1
52 51 41 38 29 30 69 31 60 19 53 15 18 45 64 41 46 22 42 24
9 11 5 1 4 3 11 1 7 1 17 1 2 5 11 2 6 1 2 2
24 30 33 18 23 32 39 23 30 17 39 26 15 11 24 22 31 15 12 4
47 50 39 30 37 30 55 20 51 16 51 21 11 33 40 24 41 12 25 27
68 61 42 45 55 48 81 49 66 21 70 30 14 44 60 44 55 35 40 41
53 66 41 42 35 40 56 26 57 23 55 23 22 40 49 23 46 26 43 31
50 54 29 31 29 29 55 27 53 29 44 22 15 31 51 29 42 29 34 23
26 30 21 18 18 17 20 17 28 11 34 19 11 23 22 11 22 9 17 17
17 22 12 17 8 2 12 2 21 6 15 1 1 13 19 1 7 1 11 7
5 11 8 5 8 5 8 5 6 1 13 2 3 4 5 1 4 1 1 3
21 34 17 16 11 18 31 14 15 17 32 6 1 26 27 15 28 1 18 10
31 40 31 22 12 30 48 28 38 22 46 18 16 22 44 26 34 16 25 8
30 26 18 14 7 16 37 10 29 14 38 9 12 21 28 6 30 15 21 13
58 75 19 48 54 51 64 40 57 27 75 37 8 52 34 28 55 24 43 50
36 44 34 36 22 35 49 30 37 28 58 21 9 33 41 19 42 1 28 16
62 59 54 54 49 62 74 50 60 31 75 45 31 42 54 23 51 28 58 33
16 37 16 13 14 21 25 15 12 12 32 1 1 17 29 10 25 5 14 7
33 34 15 27 11 17 34 15 28 19 29 11 7 17 33 9 19 15 25 9
33 27 29 18 21 17 40 14 38 18 33 17 9 16 36 15 26 10 23 10
6 20 2 9 9 13 23 6 9 2 21 6 1 8 12 7 9 3 7 1
8 7 8 1 5 5 9 5 3 1 14 1 4 2 5 1 5 1 1 4
47 58 33 45 27 40 50 37 39 21 57 18 16 37 44 17 39 12 34 28
15 25 6 12 10 9 19 7 16 4 17 1 1 15 18 13 12 7 10 7
50 52 25 26 16 20 55 23 54 24 63 11 13 41 48 18 51 26 26 33
42 44 41 43 35 49 55 47 43 25 54 40 25 15 37 28 35 31 24 10
28 28 17 29 10 12 29 7 29 14 27 1 10 26 23 4 18 13 24 13
18 25 11 13 14 14 28 9 21 5 31 6 10 17 17 8 19 9 10 11
60 46 36 32 34 39 75 34 60 35 56 16 18 30 66 35 48 38 38 29
14 30 10 10 7 12 25 4 15 4 23 2 2 10 22 11 14 5 8 3
18 24 13 10 17 11 22 5 19 6 20 1 1 7 17 4 10 5 9 8
58 45 30 50 43 38 68 32 51 25 54 23 18 36 48 29 34 32 52 15
42 52 46 40 33 38 48 26 52 26 55 25 19 44 38 28 49 19 40 19
22 31 16 28 20 23 20 15 22 11 33 15 12 24 14 1 17 5 22 17
40 23 30 14 20 18 40 20 38 12 36 16 20 26 39 22 32 22 28 19
10 13 8 9 1 7 12 5 10 5 12 7 5 6 12 7 6 5 8 1
41 41 30 44 44 42 56 31 36 28 49 16 7 30 36 22 31 23 41 7
34 45 35 30 18 29 29 19 35 23 34 13 18 20 28 9 28 17 19 19
8 12 15 6 1 6 7 2 7 4 14 3 1 4 13 1 7 1 2 1
54 49 42 43 38 46 64 31 58 20 70 42 27 46 38 26 49 18 47 28
33 34 26 26 22 20 37 13 33 21 36 19 3 24 37 6 30 6 24 17
19 28 14 13 16 13 20 9 18 4 28 10 1 16 23 5 19 1 9 13
19 22 22 22 4 26 28 19 19 16 27 12 5 8 32 4 18 1 16 1
19 35 26 22 20 30 32 23 17 19 38 11 6 19 30 9 28 5 18 9
58 42 36 40 44 30 55 22 60 21 44 29 22 46 38 30 37 29 50 28
37 38 26 21 18 32 51 25 34 28 50 18 14 28 40 16 42 22 29 18
14 18 13 15 5 10 15 12 16 3 12 6 6 4 14 6 3 10 10 2
6 13 5 7 7 14 21 8 8 4 23 8 1 6 14 6 9 1 8 1
12 21 16 13 15 17 27 11 18 9 29 11 8 10 16 8 15 7 10 8
54 56 39 55 44 52 69 32 55 32 76 37 20 43 31 19 53 25 41 32
16 20 11 17 23 19 32 11 14 3 30 6 4 16 14 6 12 5 18 5
43 33 46 36 41 39 54 28 43 19 53 29 20 25 34 16 36 23 24 22
45 40 30 27 24 25 51 20 49 25 50 19 20 42 47 26 40 21 43 17
53 50 39 27 17 40 59 39 49 28 66 18 26 41 53 33 56 35 26 34
42 52 38 21 33 29 45 22 41 9 51 7 10 33 44 11 39 16 24 26
43 37 23 22 18 22 47 17 40 27 45 18 7 26 44 9 37 17 31 19
68 60 54 44 43 40 76 50 70 17 74 18 27 47 67 33 55 39 36 50
10 6 9 5 2 3 8 2 12 4 12 1 6 6 10 1 6 2 5 6
24 36 21 13 23 26 27 19 25 14 38 17 5 20 23 8 30 13 11 23
60 47 35 58 40 39 68 35 60 38 65 32 20 41 44 24 45 38 47 32
60 57 39 39 41 46 75 50 53 24 69 27 12 36 56 35 49 26 33 36
66 77 60 55 41 54 76 39 67 36 79 25 19 57 60 31 68 30 43 35
7 22 10 2 11 4 10 1 11 5 14 4 1 10 14 5 15 3 3 7
37 41 29 19 32 24 49 19 37 6 45 9 14 32 37 24 34 23 26 22
27 32 25 18 8 22 19 20 20 14 24 5 13 8 26 1 18 17 11 17
20 28 26 17 9 17 18 17 20 11 22 6 9 10 23 2 18 11 10 13
45 39 35 28 38 48 70 40 45 24 62 34 14 13 46 24 39 22 34 16
51 43 37 30 14 30 60 24 47 23 50 8 14 27 57 12 41 22 26 20
29 29 18 17 22 14 22 7 25 14 26 9 9 21 17 4 22 7 17 20
18 15 16 12 9 7 20 4 20 8 24 6 8 14 12 3 14 6 9 11
7 7 6 8 1 1 1 1 6 1 4 1 1 3 9 1 1 1 5 1
31 20 24 26 8 11 29 5 28 20 21 8 13 20 24 7 19 15 18 15
21 28 14 14 13 12 22 4 19 10 23 4 8 21 21 7 20 6 19 12
41 47 24 26 23 34 44 29 37 22 38 1 10 20 52 11 31 24 31 22
47 29 27 30 25 26 58 28 41 15 48 22 19 20 46 16 27 25 33 14
41 36 32 32 21 21 44 15 42 14 39 8 20 23 36 24 30 23 15 17
66 53 47 39 33 29 72 31 71 27 64 8 21 45 66 34 55 36 33 41
42 49 52 25 26 35 50 22 49 18 54 22 23 27 43 18 44 24 17 29
4 8 4 2 7 6 9 7 10 1 20 7 4 5 5 3 7 1 1 4
62 40 43 51 38 45 69 33 54 50 62 28 23 49 56 25 50 25 60 24
40 26 28 32 10 20 43 16 39 36 39 19 16 25 35 14 35 17 29 13
37 39 26 23 17 21 36 12 36 22 39 12 1 24 41 1 33 4 25 17
34 43 16 19 21 17 35 13 36 8 34 13 10 21 30 21 26 16 20 12
16 21 11 20 19 21 23 14 13 8 27 11 6 16 10 4 12 5 19 9
52 40 38 39 35 43 69 33 41 35 58 16 13 34 57 17 42 27 42 24
45 52 23 25 23 20 58 22 40 22 48 1 1 33 56 22 40 15 32 17
32 28 35 23 11 25 41 23 38 24 40 22 25 20 35 19 31 24 21 13
23 18 14 17 6 11 23 5 16 11 22 5 9 16 21 6 13 5 20 8
52 53 32 45 40 36 51 35 52 11 65 35 14 48 26 31 45 9 34 43
20 29 18 13 13 8 18 4 20 7 19 3 7 15 19 10 17 9 8 12
22 32 23 17 15 18 24 13 24 5 26 7 13 13 19 13 14 17 11 9
29 41 19 36 30 32 34 21 24 10 35 16 7 15 22 11 17 12 23 6
23 41 32 28 30 38 42 27 31 14 48 29 9 19 26 10 29 12 20 14
10 28 17 13 21 26 32 18 20 8 37 19 11 12 15 16 20 13 12 8
9 20 8 10 4 4 12 2 13 2 11 1 1 4 17 4 3 2 6 1
4 24 4 2 12 9 20 5 11 1 23 4 1 9 13 6 12 3 7 2
46 54 31 20 29 24 54 23 49 10 56 10 14 35 43 26 44 25 19 34
63 43 58 37 35 58 81 48 58 33 71 37 40 34 60 42 60 42 39 23
43 38 28 30 18 22 54 23 43 16 48 7 12 27 42 21 37 21 15 26
19 22 26 13 10 15 18 14 18 11 20 8 9 7 26 2 15 8 9 8
56 59 44 31 39 35 64 26 58 23 54 22 11 35 52 26 52 20 29 34
37 45 21 30 22 28 48 25 38 18 41 12 11 13 38 18 26 27 19 12
17 19 21 12 12 9 19 8 20 8 16 7 7 6 22 6 9 7 10 5
40 36 27 27 11 16 33 19 40 16 34 11 17 22 39 9 26 21 26 18
25 22 21 22 6 6 19 1 28 9 22 1 7 23 19 1 16 5 17 15
44 44 30 35 12 22 43 18 45 23 42 11 21 33 41 13 34 23 37 18
28 24 25 18 21 12 32 16 30 1 26 4 4 18 35 12 15 7 17 10
21 39 26 16 20 21 27 18 33 7 28 18 15 18 25 21 21 23 14 9
43 48 29 36 40 42 59 36 32 27 60 26 7 36 39 27 39 13 40 18
15 35 24 12 21 24 27 15 19 14 38 16 7 22 19 12 29 8 13 15
32 17 37 12 14 20 36 18 32 11 32 13 18 17 35 13 24 21 17 12
20 28 29 15 22 22 18 8 21 9 31 17 9 23 12 4 24 2 14 19
47 45 44 36 33 31 56 23 54 28 52 19 13 42 56 16 44 23 40 22
14 21 12 16 7 8 17 8 24 5 21 2 3 8 23 3 10 1 7 4
36 30 11 20 21 26 40 23 28 17 28 11 8 12 31 22 24 27 21 14
22 24 19 13 12 20 38 13 22 17 30 13 9 13 34 14 23 7 26 2
10 19 15 11 9 9 10 1 14 8 12 4 4 12 18 1 11 1 11 7
28 33 21 24 12 25 43 22 32 14 37 11 7 16 41 14 24 8 25 5
13 25 13 16 11 3 10 3 18 1 5 1 1 10 18 3 6 7 8 5
53 59 30 33 37 49 69 47 53 19 67 32 18 31 49 32 43 36 41 26
9 16 11 13 8 6 15 3 13 6 9 1 2 4 14 5 3 5 7 1
27 23 18 19 18 12 36 9 28 18 29 10 5 16 30 8 20 10 21 8
47 52 32 46 30 35 44 24 51 24 44 26 31 31 28 25 33 26 35 23
53 57 36 38 29 41 54 34 53 34 55 27 25 30 41 26 49 30 28 32
8 7 8 5 4 1 9 1 6 2 7 1 1 1 12 1 1 1 4 1
45 34 34 27 23 21 39 19 43 22 40 7 17 28 44 12 36 23 24 33
50 49 20 23 36 26 48 21 49 25 46 24 17 37 40 21 42 23 38 32
17 11 12 11 5 5 13 1 14 7 14 1 5 11 9 1 9 3 8 8
26 24 15 11 10 15 37 16 25 6 39 11 16 15 27 15 26 16 8 16
14 15 15 11 7 11 17 6 8 10 10 6 1 5 13 5 9 6 6 2
36 33 29 27 22 30 49 22 36 19 56 12 22 35 33 20 42 21 22 28
20 29 12 16 17 20 33 11 15 7 30 6 5 13 23 12 16 7 15 6
27 33 36 18 20 23 33 12 30 9 37 7 13 19 22 9 28 17 8 16
40 53 39 21 21 24 48 20 52 11 55 21 24 40 39 32 47 26 17 28
2 13 2 3 2 7 8 1 2 2 9 1 1 6 9 1 6 1 7 1
51 56 46 55 51 57 67 41 53 33 71 43 18 39 30 27 48 25 40 26
62 62 45 45 50 56 76 53 58 27 67 29 24 20 61 37 44 45 32 25
37 36 22 28 17 20 42 23 39 11 41 14 12 18 42 13 25 13 24 14
15 34 12 7 14 16 24 7 16 5 31 8 1 19 16 6 23 2 8 11
40 42 26 25 27 21 36 25 40 12 44 14 12 24 40 10 29 15 23 27
19 30 18 14 9 15 24 5 15 5 25 3 6 12 17 10 16 9 8 8
54 45 26 32 16 28 69 23 52 35 52 18 13 39 60 26 45 34 48 12
3 13 10 2 2 5 7 1 4 3 6 1 1 1 9 1 2 1 2 1
44 48 33 34 13 18 42 22 47 24 43 10 9 32 46 18 40 8 19 25
17 8 10 6 4 1 11 1 13 3 7 1 3 4 17 1 4 1 9 3
28 11 22 12 11 4 24 7 22 2 18 2 7 12 25 4 9 7 14 9
38 35 32 27 22 24 42 25 40 9 39 18 24 22 34 23 24 28 20 12
40 33 24 22 28 31 57 26 41 12 57 12 19 25 40 20 38 24 23 25
16 16 16 10 12 8 18 7 16 1 15 2 3 2 23 1 2 3 10 1
11 25 12 10 10 8 17 5 13 6 17 4 1 10 17 6 15 4 6 7
17 30 19 12 7 4 11 4 25 1 22 2 7 17 22 6 17 4 5 11
7 18 16 2 10 12 11 8 15 6 24 13 8 11 9 8 16 6 4 9
13 25 7 11 7 7 13 4 9 3 11 1 1 8 18 6 7 6 7 5
46 47 44 31 28 27 55 29 52 7 43 12 17 24 48 37 31 22 21 18
51 52 31 42 38 53 62 52 46 28 64 39 27 31 42 31 39 40 43 27
5 22 10 4 7 6 9 4 7 1 16 1 1 7 7 1 7 1 1 3
21 30 26 19 15 20 35 10 29 12 31 13 14 14 20 15 23 17 14 10
52 70 53 54 48 61 74 45 67 28 74 42 33 38 50 37 55 35 40 26
16 16 19 20 8 13 13 12 16 12 16 9 6 10 16 1 8 4 12 8
55 46 41 20 37 38 58 31 55 17 63 25 18 42 47 29 57 23 33 40
16 28 11 15 15 6 14 1 20 7 20 6 4 18 14 4 10 3 16 12
65 59 44 47 45 47 80 39 66 42 66 39 29 40 62 44 53 44 46 16
26 19 17 14 3 13 16 8 16 12 24 5 9 16 14 1 19 8 12 18
50 48 50 48 46 49 70 44 51 22 64 24 24 38 51 25 42 33 49 25
8 19 5 2 11 3 13 1 10 1 8 1 1 3 17 3 5 3 6 1
39 21 33 28 22 27 47 17 34 24 39 13 17 28 37 9 28 17 31 19
19 17 13 20 10 10 17 12 17 8 11 5 5 5 24 1 4 6 12 1
35 40 21 40 34 37 49 31 31 13 44 22 8 18 26 19 21 19 31 8
11 25 20 19 17 18 18 17 19 5 27 12 7 9 19 4 10 6 10 9
49 29 40 29 31 33 59 27 45 25 54 17 19 41 45 22 44 24 41 22
15 9 4 14 6 5 12 4 10 9 7 1 2 6 13 2 1 3 13 3
38 34 15 44 25 29 39 19 30 32 44 12 7 36 31 7 29 11 44 12
17 31 13 17 10 15 21 6 12 3 17 3 2 10 11 9 11 9 8 3
19 23 19 10 21 30 38 20 18 13 33 21 12 12 20 17 19 16 17 4
18 22 10 14 13 13 30 6 12 13 19 1 1 9 28 4 11 2 21 1
8 18 3 5 5 2 13 3 7 1 13 1 1 7 15 5 8 1 3 1
20 27 17 17 12 8 18 1 20 10 20 6 6 17 20 6 13 5 16 12
29 47 13 17 18 27 44 23 29 13 44 8 4 23 38 20 34 16 19 16
54 48 37 41 30 36 61 29 55 42 57 29 28 47 50 27 47 36 53 23
17 9 6 11 3 11 20 10 15 9 17 10 8 9 14 10 7 9 17 1
38 27 29 17 33 25 42 28 34 14 37 22 23 25 38 27 27 27 30 23
34 26 32 34 16 34 43 34 37 24 45 30 16 16 37 11 27 13 28 9
61 34 38 44 18 19 47 17 52 25 37 6 22 33 54 12 28 29 43 30
35 18 32 20 9 22 37 17 30 22 40 19 22 22 31 13 33 14 19 19
36 53 28 29 22 34 48 29 39 22 44 13 13 24 43 24 35 25 28 13
19 21 3 16 8 4 10 1 14 10 13 3 3 14 12 1 9 1 15 10
33 51 26 27 31 32 39 24 26 19 34 5 5 24 36 20 31 21 23 13
40 36 27 33 35 25 43 24 33 5 32 13 6 16 34 16 16 19 25 14
35 57 34 35 37 39 52 32 44 10 54 23 18 21 38 23 34 25 21 14
53 66 26 43 37 35 62 24 48 30 59 13 5 50 54 22 51 24 44 24
43 48 58 43 39 56 54 44 47 38 63 35 19 37 51 27 51 14 40 18
29 35 28 19 12 14 22 12 31 17 36 12 11 27 29 9 34 6 13 23
18 19 3 11 1 4 21 3 14 8 15 1 1 8 22 6 11 2 10 3
50 27 24 25 28 26 48 24 42 24 37 1 16 25 48 16 30 30 33 32
56 47 31 36 30 24 46 20 56 27 50 15 21 35 45 10 41 20 34 38
26 39 31 20 14 25 25 23 28 12 38 11 11 17 32 3 29 11 11 21
46 63 45 37 37 48 50 33 46 20 60 17 17 33 35 19 48 29 24 31
58 50 48 35 39 43 70 36 57 30 63 19 29 46 61 35 55 40 46 34
36 47 32 23 29 35 38 25 37 15 42 11 10 23 39 2 32 16 27 26
29 40 24 27 30 29 35 12 33 16 45 24 10 29 15 10 30 7 23 23
20 25 12 14 11 7 22 2 16 6 10 2 1 6 25 5 9 4 12 3
7 15 7 8 8 5 12 1 9 2 10 1 1 6 5 6 4 5 4 2
2 16 15 2 4 16 16 7 5 12 20 11 3 9 12 3 16 1 6 3
35 51 30 30 40 28 45 19 39 17 44 18 12 31 30 28 35 20 28 13
25 12 19 19 23 11 30 10 23 6 16 6 5 11 25 11 4 11 22 8
35 38 38 28 15 27 40 22 43 14 43 18 24 22 30 24 34 28 12 15
42 47 23 38 28 31 51 23 42 25 44 25 15 22 33 24 34 16 24 20
47 37 40 31 28 34 51 21 44 25 48 25 24 27 34 17 35 20 28 21
18 22 14 13 4 2 14 3 23 1 22 1 6 18 18 6 15 2 7 12
22 25 21 14 12 20 35 18 26 19 29 20 15 12 33 21 22 17 20 1
11 22 13 8 10 16 19 11 15 7 30 9 11 16 13 10 19 7 12 9
17 29 13 14 15 5 15 3 20 8 16 3 1 17 22 6 14 4 14 11
18 31 7 11 8 15 26 11 16 1 26 5 4 12 21 10 15 10 12 5
57 54 15 38 34 30 54 23 55 37 53 14 16 38 46 23 47 34 41 36
17 20 6 18 9 1 22 1 21 10 14 1 1 13 17 6 9 9 14 4
16 19 11 8 13 9 25 7 23 1 22 7 10 6 14 14 13 13 8 5
16 21 9 12 2 11 18 6 11 8 19 1 4 9 19 1 12 2 13 6
17 25 11 15 11 12 23 10 16 9 22 4 1 8 23 2 14 4 9 8
35 29 34 25 17 15 26 11 37 22 31 15 13 24 30 1 29 7 20 21
6 18 11 5 5 3 7 1 9 5 12 3 1 10 10 1 12 1 4 5
12 13 9 10 3 7 13 1 9 3 14 3 5 10 12 3 6 1 12 4
59 51 44 51 42 42 54 32 54 26 60 26 34 48 35 16 40 25 49 42
56 45 37 51 39 52 69 41 49 46 67 35 16 41 55 23 49 17 58 12
40 41 32 25 22 23 41 23 35 16 33 12 7 23 47 15 24 14 27 17
60 46 35 47 32 47 68 46 49 24 65 20 20 32 56 19 39 31 50 18
4 8 1 2 1 5 6 1 1 1 11 1 1 4 5 1 1 1 3 1
9 20 15 7 4 7 11 1 13 5 20 4 7 11 14 6 13 3 4 8
13 9 12 4 11 13 19 11 3 5 14 6 1 1 17 1 8 1 3 1
27 27 17 15 16 22 39 18 23 7 37 14 10 11 22 16 24 15 9 10
24 29 11 16 17 11 25 5 27 11 31 9 6 20 21 8 19 1 18 13
47 45 34 41 31 31 55 23 52 16 58 16 19 31 39 21 40 29 20 27
9 11 8 4 5 3 10 1 13 2 16 1 3 6 11 1 7 1 4 6
23 10 10 14 4 6 15 7 21 8 20 11 14 17 11 9 14 9 17 12
22 32 17 16 9 17 32 13 22 10 36 3 7 19 32 13 24 3 16 10
41 25 40 31 25 25 46 18 44 18 35 11 19 17 35 16 24 25 19 14
37 24 17 30 17 22 43 24 35 12 42 22 15 20 34 18 20 14 28 12
23 30 18 12 13 19 36 15 27 8 43 12 18 25 25 17 30 16 16 13
30 46 23 20 16 19 41 14 36 15 41 14 2 26 27 20 34 9 16 17
31 38 31 23 21 18 24 9 33 18 31 16 9 26 21 6 31 10 16 26
11 22 17 11 8 6 5 6 17 3 18 2 3 12 15 1 11 1 4 9
43 33 36 29 28 32 47 24 46 15 54 31 29 34 27 19 41 18 27 29
25 32 24 28 25 22 35 15 31 17 29 16 6 18 25 14 18 15 19 10
10 26 8 9 8 5 18 1 17 5 16 1 1 11 24 1 13 1 13 3
24 33 7 21 24 20 35 5 27 13 31 12 4 21 17 10 20 5 23 10
31 41 30 21 20 18 39 11 39 13 38 12 9 26 36 14 31 9 24 13
28 29 10 20 8 19 25 20 23 10 30 14 9 15 27 10 17 12 19 12
41 38 30 33 16 25 43 24 42 23 33 18 20 19 43 22 24 30 29 8
23 27 11 16 11 5 32 1 29 13 20 1 1 16 31 3 17 10 24 2
9 19 15 6 2 2 9 1 19 1 19 1 6 11 15 1 13 2 2 9
54 58 26 40 34 48 79 43 56 43 73 31 16 42 63 24 58 39 53 25
15 20 12 13 19 24 27 22 9 12 29 15 1 9 15 3 19 8 9 11
1 20 3 1 6 4 10 1 6 1 15 1 1 7 10 2 8 1 2 1
12 15 15 10 8 7 15 4 15 9 15 5 4 6 20 3 11 1 9 5
41 27 32 27 21 21 51 20 46 29 40 21 12 28 52 20 37 22 35 13
44 45 35 30 37 41 51 30 43 23 56 29 13 40 45 19 46 18 39 29
19 19 16 10 18 18 27 19 21 7 37 18 14 14 20 12 22 10 13 13
12 12 2 7 2 6 12 1 11 5 13 1 1 7 14 1 6 1 12 2
41 58 46 31 34 36 48 26 47 14 60 17 20 41 40 22 45 15 29 29
44 38 34 26 25 35 53 25 43 30 57 7 16 36 50 16 52 24 30 35
3 12 5 6 1 1 6 1 10 1 8 1 1 1 12 1 2 1 1 1
3 12 6 1 8 6 8 1 7 1 15 1 3 7 1 1 6 3 1 5
26 24 16 19 14 12 29 13 23 14 23 7 6 9 32 6 13 10 17 9
14 6 12 6 5 7 19 6 15 10 15 10 8 4 15 6 12 4 11 4
61 58 21 52 39 41 63 36 51 32 59 21 12 34 52 14 37 30 52 28
25 23 17 20 2 10 18 7 20 7 19 1 9 15 24 1 14 6 15 9
6 20 9 3 8 10 14 5 10 3 26 3 4 12 10 3 15 1 6 6
18 18 13 11 6 7 22 6 23 4 26 5 9 11 16 4 13 6 10 7
31 26 17 22 5 11 37 1 30 16 29 1 8 19 27 8 24 17 15 8
60 53 62 43 32 45 68 40 72 29 69 28 36 36 57 34 58 37 25 34
31 49 37 24 18 26 44 18 42 16 44 15 12 20 38 19 35 16 15 15
26 24 25 13 23 16 28 4 28 12 21 11 1 21 27 4 21 5 24 14
60 59 48 50 45 49 66 43 65 41 61 40 39 44 56 33 48 36 53 34
4 7 4 1 1 1 2 1 3 1 9 1 1 4 4 1 2 1 1 1
52 68 42 41 42 45 65 38 45 27 58 17 12 35 55 39 47 27 32 16
23 37 32 20 27 25 32 16 27 9 33 7 9 18 23 13 20 13 16 9
41 53 37 34 30 46 57 35 41 28 60 7 14 34 48 24 50 29 22 27
52 68 28 43 51 54 61 36 46 39 65 24 10 45 45 25 54 25 42 37
29 38 18 32 22 38 51 33 21 21 49 20 2 17 38 13 29 9 28 8
24 36 16 19 21 11 24 9 27 10 23 8 1 20 28 9 19 7 16 16
14 21 10 10 6 8 15 7 12 5 20 6 4 13 20 11 11 1 7 5
34 35 31 18 9 26 41 26 35 19 40 17 15 9 48 14 31 14 17 13
52 49 41 40 30 39 61 26 57 24 69 23 30 49 49 26 56 26 40 35
51 47 32 45 30 35 57 30 46 33 46 24 11 22 50 16 36 23 32 14
58 41 35 34 20 53 77 55 52 32 81 37 22 31 54 35 59 25 34 27
6 5 5 9 1 1 3 1 6 3 1 1 1 3 11 1 1 1 6 1
31 35 18 26 21 19 29 3 30 22 28 10 9 27 20 5 25 8 27 18
11 9 8 1 11 4 15 4 8 1 14 1 4 1 12 1 4 3 3 3
13 8 10 7 6 6 11 6 10 1 15 5 8 6 12 5 6 4 6 7
65 82 53 63 58 66 80 55 69 41 86 48 26 52 55 48 67 35 46 26
18 13 9 12 4 10 20 11 20 12 19 12 10 14 20 12 15 10 17 2
52 48 59 43 37 41 53 35 54 34 52 22 30 45 52 21 47 30 46 36
24 34 34 23 20 20 27 11 33 15 30 23 10 22 21 11 26 8 14 18
23 22 26 15 13 17 20 14 29 16 35 20 14 24 17 9 28 9 16 19
47 55 48 38 38 38 60 36 48 23 62 22 10 41 50 25 47 10 32 23
73 63 50 52 29 37 70 39 67 26 67 4 24 54 73 28 54 26 45 45
54 71 47 44 48 58 76 44 60 20 77 43 24 40 48 37 61 24 35 34
69 68 57 51 40 52 76 38 73 35 67 36 27 45 64 32 58 35 53 29
10 14 10 14 12 11 16 9 8 5 16 8 2 8 16 3 7 1 10 3
62 63 54 54 32 41 72 34 68 35 68 10 28 44 65 34 59 40 35 27
24 41 18 7 22 21 28 12 25 7 39 7 3 20 29 5 30 7 14 21
22 31 19 11 20 17 25 17 23 1 31 14 9 15 25 9 18 10 12 11
29 37 17 17 12 14 25 16 31 10 32 12 12 22 29 16 23 12 17 11
18 19 16 18 14 7 15 8 19 3 21 4 8 17 12 1 11 6 9 14
22 30 20 19 7 13 22 13 22 7 21 4 7 11 29 8 14 8 11 7
41 48 43 23 21 34 46 21 42 15 55 16 16 30 38 16 44 21 12 26
22 28 19 7 13 11 26 6 20 4 25 1 4 16 31 6 20 6 16 11
12 26 10 15 6 13 13 3 14 10 23 6 3 17 14 6 14 1 14 7
33 35 29 19 17 17 43 15 32 9 33 6 1 21 39 17 22 5 17 12
31 40 33 25 25 25 27 11 36 17 39 18 11 24 18 5 31 9 12 21
27 26 15 15 22 8 18 4 25 9 23 7 4 20 16 4 17 4 16 18
3 13 7 5 1 1 4 1 8 1 6 1 1 3 13 3 4 1 1 1
44 42 33 35 26 23 47 15 53 23 52 9 21 43 35 25 40 20 27 35
74 68 38 55 43 52 79 54 66 28 79 31 28 45 62 30 52 37 56 43
18 23 27 21 14 24 33 14 23 14 36 11 12 19 20 9 24 13 10 14
5 13 6 3 7 5 11 5 6 1 14 4 3 4 11 4 5 2 3 3
16 17 14 4 6 4 12 1 12 4 19 3 6 10 16 3 14 2 5 9
42 23 30 26 16 19 48 21 43 17 42 19 18 23 43 15 30 18 27 10
20 21 21 17 10 11 29 1 29 14 27 3 11 19 19 7 22 14 13 15
25 23 23 22 7 15 28 16 29 16 23 12 14 6 32 11 14 16 18 7
22 14 22 20 9 18 23 10 21 14 27 9 13 18 17 1 18 9 14 13
46 60 31 46 50 44 50 22 47 22 56 37 23 40 19 23 40 16 35 31
18 37 30 15 17 23 34 15 26 6 42 12 8 16 22 8 28 11 2 13
52 48 44 37 28 36 50 21 58 23 62 34 32 48 33 25 52 17 37 37
11 24 19 9 15 6 11 4 19 4 16 4 5 10 15 6 11 6 4 10
56 73 52 56 46 49 60 36 62 29 64 21 17 43 47 32 50 27 35 22
38 52 30 39 32 35 54 30 37 22 49 12 7 35 41 36 33 20 31 11
12 14 6 3 12 5 15 3 8 2 13 1 1 5 14 4 5 2 7 1
18 18 15 12 2 11 24 5 17 13 24 8 7 11 20 7 16 3 13 5
37 34 22 26 12 18 33 16 37 20 32 20 15 23 32 17 29 5 25 16
57 38 48 33 29 39 53 31 55 25 58 28 30 41 46 17 47 26 39 34
4 13 11 8 6 7 6 4 9 6 7 3 1 5 11 1 6 3 5 3
7 21 10 9 9 4 7 3 12 1 9 1 1 5 14 1 3 3 2 1
32 39 25 19 7 18 32 14 29 11 40 4 8 27 33 8 33 7 15 20
7 11 4 5 4 7 12 1 6 5 9 3 1 6 11 3 4 1 10 1
12 22 18 14 5 16 17 12 12 11 16 8 1 7 18 1 9 4 8 1
2 9 9 3 4 8 10 5 7 7 16 8 3 6 4 4 10 2 2 3
60 76 58 53 50 54 65 31 68 30 65 36 31 48 48 28 59 23 45 36
52 47 38 37 42 48 63 37 49 26 57 40 20 29 39 26 44 29 33 23
13 17 21 7 12 15 15 9 17 8 29 12 5 15 12 1 22 1 4 12
15 19 9 6 7 9 12 7 13 4 23 8 5 16 10 6 14 4 11 9
21 15 8 27 21 20 29 16 15 12 19 13 1 8 15 7 4 10 21 4
30 50 23 33 28 23 34 12 34 25 42 13 9 39 29 18 34 8 33 20
42 47 23 40 34 35 52 24 42 11 60 30 15 39 27 17 38 5 38 27
12 32 15 15 14 22 34 14 20 16 30 13 7 16 26 18 25 11 19 4
49 63 45 54 40 50 50 37 50 47 53 31 31 47 39 20 48 24 52 38
18 11 23 11 9 18 30 12 17 13 33 11 13 13 20 6 22 10 7 11
29 32 20 29 10 17 27 12 30 17 30 7 12 23 23 6 20 10 25 12
31 31 27 18 20 17 32 17 29 13 29 13 7 16 33 8 19 11 20 13
23 29 19 23 10 14 21 12 24 17 22 12 7 12 23 6 15 8 15 9
43 46 38 36 28 35 54 35 50 13 53 25 28 18 40 28 36 32 18 16
58 69 54 49 54 43 66 29 64 19 58 29 24 40 51 39 47 24 39 23
61 52 46 53 16 48 57 40 60 49 64 35 38 36 52 22 53 17 48 34
22 33 23 12 17 21 26 18 25 7 32 13 12 12 19 17 22 18 6 12
9 25 14 11 11 6 13 7 16 4 13 5 4 8 13 9 9 10 1 5
58 55 24 51 29 47 72 44 49 44 72 23 13 45 58 30 52 34 56 13
54 44 44 43 20 37 64 29 55 28 52 21 26 28 50 20 38 37 40 11
33 49 13 39 35 31 48 23 32 20 49 20 7 30 32 15 30 6 36 16
49 29 34 33 14 17 47 17 51 19 34 10 26 24 45 17 26 32 32 14
60 59 48 43 48 59 80 51 64 35 81 45 24 24 58 36 60 29 30 28
42 32 30 25 22 38 52 36 32 19 60 33 27 28 36 26 41 26 24 20
11 12 16 8 7 7 9 5 12 7 16 7 7 9 13 5 10 3 6 7
45 46 27 32 28 37 65 29 45 21 66 22 15 37 41 21 48 22 29 27
60 58 38 57 41 56 64 45 55 43 61 37 24 23 49 21 46 27 36 23
51 61 47 37 43 52 74 44 56 27 63 19 15 27 64 27 48 32 34 24
61 70 37 53 43 64 71 47 59 57 72 35 29 47 55 36 66 25 52 42
9 18 6 9 6 6 14 1 7 2 9 2 1 6 11 6 2 5 7 1
20 28 27 14 12 11 18 7 27 6 22 5 5 11 27 1 17 4 12 10
57 51 21 48 35 53 67 51 49 37 65 27 24 36 61 30 45 36 51 25
52 43 49 40 19 27 51 24 57 26 57 9 24 50 53 28 52 19 28 40
18 32 21 21 18 18 20 7 23 16 24 14 6 18 8 9 18 8 12 12
19 25 27 18 13 27 33 19 25 21 38 23 12 18 22 13 29 6 19 9
29 31 22 21 29 19 32 13 28 10 29 11 7 16 23 11 19 10 18 14
25 37 16 21 11 14 33 8 28 11 27 3 1 12 29 12 19 12 11 5
11 18 19 1 12 19 26 15 15 10 30 16 7 6 19 8 18 6 5 2
8 22 11 8 8 7 7 1 12 1 16 4 1 16 12 1 12 1 8 8
50 45 37 23 16 33 56 34 49 27 57 22 25 30 56 28 50 31 25 27
44 40 44 31 33 25 61 31 52 18 52 23 10 29 52 23 35 15 25 22
58 58 39 48 28 40 61 32 62 40 61 27 27 45 50 23 50 21 51 32
11 21 13 6 7 7 21 4 10 7 15 6 2 4 21 8 13 4 4 3
55 63 38 39 39 57 75 51 48 35 70 30 14 34 58 38 55 29 38 16
57 52 40 54 37 41 62 37 60 37 59 37 31 33 45 33 43 41 38 16
17 18 24 3 11 10 24 4 19 8 26 8 9 13 20 4 19 6 10 10
31 32 33 27 20 20 36 17 41 9 38 11 25 16 27 25 29 29 7 15
18 25 12 22 25 30 39 23 18 9 33 16 9 11 17 21 16 16 19 1
65 50 47 50 24 34 72 29 66 36 57 15 24 36 64 22 49 44 40 24
64 60 38 39 30 23 62 27 66 19 51 9 15 38 61 28 38 33 38 32
67 72 43 49 48 55 75 52 68 30 68 26 30 34 65 36 49 49 45 29
36 26 14 16 6 10 34 7 26 18 28 2 3 16 35 4 24 8 19 12
44 33 31 29 30 18 51 21 47 6 35 11 15 19 42 23 23 24 23 15
59 76 66 47 38 59 76 51 75 28 78 39 35 48 58 46 66 33 35 38
38 49 33 35 34 34 45 21 44 25 53 27 22 35 15 24 40 15 22 29
16 15 5 4 6 5 13 5 9 1 14 1 1 3 17 1 8 2 5 7
21 21 8 8 7 4 23 1 17 4 18 1 3 11 22 1 13 2 14 7
7 13 3 7 2 1 8 1 5 1 4 1 1 4 9 1 1 1 4 1
41 38 35 42 21 24 40 21 45 17 34 7 21 20 34 11 24 28 21 17
56 50 24 42 31 25 63 22 57 20 65 22 14 42 47 15 43 25 41 26
21 35 17 26 16 26 36 24 16 9 35 7 4 12 30 10 16 9 19 3
26 34 24 14 13 20 30 13 22 18 36 14 9 18 27 10 29 7 13 16
19 28 24 5 21 20 26 9 21 8 36 15 7 19 17 5 27 3 15 14
44 45 37 39 30 32 40 16 51 17 55 26 29 47 22 17 43 17 35 38
40 29 39 35 16 27 43 19 42 17 35 7 25 18 33 17 24 29 22 17
45 48 51 36 30 36 53 29 58 32 53 26 26 28 51 19 43 28 30 28
54 49 57 36 10 34 58 42 59 32 60 31 29 31 67 35 53 14 30 32
37 27 27 24 24 29 44 22 37 23 48 27 22 25 28 15 35 16 23 20
34 20 16 20 20 17 43 17 30 11 30 15 6 19 35 18 18 10 28 8
29 35 14 32 17 20 35 8 23 23 23 2 1 24 27 11 20 14 30 2
41 28 26 35 21 33 45 28 29 9 45 18 13 16 30 5 20 17 30 17
30 42 32 22 17 15 23 6 34 6 35 11 13 28 20 6 29 10 12 26
42 41 23 25 19 27 54 19 41 25 45 12 12 23 44 15 38 26 29 20
56 55 48 46 49 47 72 37 55 38 58 26 17 47 60 37 50 27 48 25
45 48 38 35 21 37 42 27 45 25 46 29 30 27 27 22 35 26 28 20
28 26 20 28 10 26 34 25 23 20 30 12 3 9 35 1 19 12 18 8
19 28 18 25 27 28 35 15 23 14 34 20 1 19 15 8 18 8 21 10
33 32 33 19 17 23 43 17 36 19 48 14 22 34 31 25 41 22 17 26
34 36 36 19 14 39 46 35 32 30 50 34 28 22 43 27 42 24 25 17
57 43 46 41 23 42 56 34 57 39 52 29 31 34 57 21 41 26 51 23
19 15 18 12 3 12 22 4 14 6 26 3 11 15 13 4 15 9 9 11
15 11 8 14 7 1 10 1 15 10 8 1 1 12 14 1 8 1 13 7
49 46 32 35 33 30 55 30 50 22 52 13 14 28 49 14 38 26 29 32
15 16 13 14 2 3 3 3 17 1 13 1 5 12 9 1 6 2 6 9
36 39 25 23 21 29 44 19 28 23 32 13 4 15 39 11 25 15 25 14
6 9 13 2 4 8 8 4 2 9 9 6 3 3 9 1 8 2 2 2
26 32 20 23 9 14 19 9 19 13 28 6 12 26 19 6 22 7 18 18
48 53 22 27 27 24 43 25 47 25 52 11 12 37 45 23 46 16 27 38
8 19 16 7 14 8 8 6 15 6 16 6 5 12 11 1 12 4 6 11
73 66 50 60 43 56 81 50 71 46 78 21 38 49 67 45 66 57 47 34
17 19 13 8 6 7 18 8 16 4 21 8 10 5 23 9 12 6 9 8
42 37 43 35 38 48 57 36 48 24 70 34 33 42 32 28 49 33 35 31
72 56 46 49 32 50 85 49 67 27 75 23 25 42 66 35 54 37 42 35
18 23 14 9 8 14 23 14 16 10 23 15 14 13 20 17 14 16 14 4
11 13 8 10 4 3 12 6 13 1 12 4 5 4 11 6 2 5 7 2
52 69 54 46 35 56 61 43 52 34 66 36 30 47 51 29 57 31 46 32
11 9 13 12 10 10 14 8 11 7 11 6 2 1 18 1 3 1 8 1
28 28 23 20 8 15 31 13 27 15 29 8 9 13 31 9 20 9 13 9
14 22 8 19 8 10 19 5 16 10 13 1 1 13 21 2 7 5 17 1
29 34 14 18 18 21 30 23 22 10 30 6 5 11 37 9 19 14 13 12
58 54 33 50 44 41 80 39 61 30 70 27 18 49 63 34 47 36 61 17
21 20 27 14 16 11 27 5 27 15 19 8 7 12 25 4 19 8 13 11
24 28 21 9 1 9 28 6 24 6 34 3 9 17 27 9 28 9 1 17
16 24 4 10 5 1 17 1 13 1 9 1 1 5 24 5 6 2 6 1
8 21 9 6 6 12 16 6 10 4 24 5 6 11 15 7 14 1 10 6
48 36 19 32 21 24 43 21 41 19 39 13 12 18 42 5 22 15 34 17
34 34 28 26 12 24 37 20 30 17 39 13 18 27 31 16 31 17 25 14
30 23 19 27 14 15 32 8 31 16 29 3 13 22 23 9 19 16 18 17
33 39 25 24 10 24 35 13 32 20 47 5 11 33 32 8 41 9 20 25
65 63 49 52 47 52 82 43 65 36 76 20 21 46 62 34 59 37 46 32
15 14 6 10 6 12 16 7 9 9 16 3 1 6 16 1 9 1 9 4
37 38 23 31 27 38 54 32 36 24 61 14 15 30 37 16 42 21 30 28
21 20 17 15 18 11 31 11 27 6 25 9 5 11 33 12 10 6 17 5
49 35 46 34 39 36 59 35 51 19 48 30 18 26 47 23 34 26 33 20
44 48 46 40 24 42 44 27 51 33 62 35 29 42 33 19 55 12 35 29
41 43 40 40 27 38 53 33 41 28 51 13 20 30 46 17 36 22 38 16
10 14 15 12 2 6 4 6 11 4 9 1 4 5 15 1 5 2 5 3
51 34 36 29 34 24 55 22 54 13 50 15 23 39 44 27 38 29 33 31
50 36 45 26 20 30 50 23 51 19 50 19 23 34 48 16 40 25 33 24
31 20 32 17 15 21 31 17 30 19 36 19 17 21 26 10 26 12 21 16
18 26 15 14 13 6 13 6 24 6 27 6 5 22 17 6 19 1 9 16
8 9 13 9 4 4 9 3 11 5 11 3 5 3 10 3 4 2 5 4
44 47 22 24 20 14 38 9 45 13 39 6 5 32 30 13 36 12 19 30
61 59 33 54 44 60 80 53 50 42 69 28 9 34 61 29 47 35 54 18
15 20 18 4 11 11 22 8 14 11 20 8 3 9 26 8 18 3 7 4
75 72 48 56 34 37 79 29 76 45 69 24 22 55 67 29 65 29 50 34
10 11 7 7 9 6 11 4 7 1 11 3 4 5 5 7 2 6 4 3
13 16 6 7 1 6 15 7 8 4 14 2 1 3 16 2 8 5 4 4
40 43 25 31 25 14 40 7 45 21 42 8 8 38 39 10 31 10 37 18
14 10 5 10 1 1 5 1 8 4 3 1 1 4 13 1 1 1 8 3
56 49 33 45 38 26 60 24 57 22 43 20 14 34 47 30 32 21 36 22
54 55 44 47 32 35 51 29 64 43 55 38 37 47 45 28 50 33 46 34
10 26 18 5 13 13 22 7 16 6 25 7 2 5 13 9 18 6 1 7
55 49 54 36 41 40 66 44 52 15 58 25 19 30 54 31 44 27 24 27
22 22 16 19 9 16 23 12 21 19 30 16 7 13 19 1 21 1 14 12
12 18 12 8 4 5 12 1 17 2 19 1 6 11 15 1 12 2 6 8
14 20 20 13 12 20 24 12 17 15 25 11 8 11 18 4 16 6 13 8
77 71 38 58 28 39 73 36 67 44 69 2 22 56 76 25 60 40 56 42
39 60 28 33 29 38 56 37 35 17 53 7 7 35 48 32 42 17 22 24
23 25 8 10 8 6 18 7 16 5 19 1 6 13 20 5 16 8 10 15
16 14 15 8 4 7 18 1 15 7 21 1 6 11 12 1 14 4 6 8
27 33 31 22 25 23 36 15 36 12 32 9 4 24 40 12 25 10 28 13
20 22 18 15 5 15 25 8 19 13 29 10 11 17 21 8 21 7 16 9
36 31 23 21 14 24 42 17 29 16 40 9 22 31 31 19 33 23 27 20
66 47 39 49 42 49 69 37 59 35 67 29 19 41 52 13 50 25 50 40
47 45 14 32 28 34 38 18 40 36 47 15 6 38 34 5 43 14 37 33
62 55 43 50 25 32 57 28 61 42 58 29 32 44 47 22 51 23 43 38
35 27 35 26 11 28 44 26 38 25 32 26 21 11 43 25 28 19 24 1
46 50 31 42 38 42 63 33 43 37 61 30 12 39 49 18 45 18 49 18
29 36 20 26 12 21 31 16 24 15 24 1 9 12 36 8 17 14 22 11
56 65 36 51 44 37 63 35 60 14 67 33 12 40 35 33 44 18 32 38
48 57 29 32 33 39 53 37 46 21 71 23 5 41 43 22 52 12 26 40
22 20 16 15 5 12 31 7 28 8 28 7 14 15 20 10 17 15 16 7
3 5 1 1 4 6 7 2 1 1 11 1 1 1 4 1 1 1 2 1
49 53 50 28 27 39 62 25 55 21 65 30 26 32 43 29 58 24 16 32
53 61 44 49 29 46 60 36 60 41 62 23 18 41 51 19 52 37 37 28
19 23 12 14 8 8 17 9 22 5 22 7 7 13 22 9 11 6 16 7
36 38 26 39 32 46 52 32 39 29 51 39 19 25 25 20 32 19 34 11
8 7 4 10 5 7 12 6 8 6 12 3 2 4 11 2 3 1 8 1
23 25 23 24 14 25 35 21 23 12 32 14 7 5 34 5 12 6 19 4
1 19 12 4 7 7 7 1 9 4 8 1 1 6 6 2 7 3 2 2
61 63 40 46 32 37 59 40 56 27 53 14 24 33 59 27 39 33 34 37
8 4 6 1 3 4 7 2 1 2 8 1 1 1 9 1 3 1 1 1
33 30 38 20 12 23 35 17 34 20 44 15 17 25 35 9 41 14 11 27
32 26 15 14 9 20 36 14 23 16 30 13 9 17 29 9 23 11 26 11
18 35 10 10 15 17 30 12 18 1 38 8 1 18 26 7 23 1 9 12
36 34 16 21 24 23 42 18 34 19 45 24 15 26 29 16 33 8 26 18
40 45 36 37 14 31 34 20 38 24 47 9 22 35 36 9 41 17 29 30
10 6 15 8 5 12 12 7 5 12 13 9 4 6 14 1 10 1 9 1
6 26 16 13 15 15 21 16 20 1 29 10 7 5 15 5 8 8 7 6
19 27 20 13 6 11 14 10 18 11 24 6 6 15 20 5 21 3 8 14
24 13 6 19 15 11 32 12 20 10 28 10 5 9 22 3 10 7 19 4
46 52 28 39 35 43 51 37 43 24 55 16 10 24 46 8 34 25 34 29
26 32 17 25 29 23 38 16 33 3 43 22 6 17 21 11 19 8 21 12
12 15 6 4 1 1 13 3 9 2 16 3 4 6 11 7 9 2 4 3
12 24 25 10 8 22 29 17 20 17 33 19 13 9 22 16 24 9 8 5
38 44 27 31 12 26 53 21 49 33 55 19 14 36 44 17 46 25 33 17
31 25 24 26 19 35 47 30 24 20 39 20 5 7 41 3 20 9 26 6
49 60 55 37 45 44 57 37 47 32 54 28 20 47 62 31 53 27 42 30
25 37 20 33 24 17 29 14 36 12 25 10 2 20 26 9 15 13 19 11
42 56 24 30 33 32 52 31 42 11 58 18 3 34 35 24 37 15 20 33
21 29 15 24 18 18 31 8 21 16 32 8 1 22 28 2 20 2 23 4
34 45 27 32 25 23 36 11 40 12 39 9 8 30 36 6 29 7 31 15
18 11 15 7 8 4 16 1 14 6 15 5 9 10 16 4 12 5 9 9
50 55 38 55 37 47 63 30 53 29 65 30 25 36 37 19 43 24 37 26
27 31 18 22 17 18 38 15 38 13 37 14 13 20 26 20 23 20 20 5
43 49 42 33 22 30 35 18 43 12 47 11 24 36 29 7 37 23 24 37
42 46 42 36 33 38 53 26 45 7 67 33 23 40 28 20 47 9 25 35
23 22 13 13 12 15 26 11 15 9 27 7 7 11 24 5 16 5 13 10
47 67 47 49 38 47 55 41 52 33 68 26 26 49 49 24 52 22 41 38
64 44 39 48 35 45 70 40 58 22 57 19 27 23 52 23 35 43 38 25
61 48 39 45 37 44 76 46 60 27 76 25 24 42 50 36 56 35 34 44
53 68 48 40 29 36 54 38 58 19 55 16 19 25 52 32 48 28 12 29
52 63 48 42 34 45 52 28 56 37 72 36 33 60 36 30 64 21 40 36
16 22 10 4 8 8 23 9 20 4 25 9 11 11 17 17 18 12 6 6
47 68 43 34 28 37 47 27 47 19 56 11 16 40 45 22 46 23 26 33
27 33 16 29 14 11 23 10 35 18 28 11 11 21 25 9 18 10 23 15
31 37 13 19 29 20 27 16 26 12 29 8 1 20 22 7 21 14 16 22
35 37 25 26 30 25 38 15 33 16 44 19 10 26 30 6 28 5 29 22
17 27 14 13 17 16 24 7 18 3 28 4 4 16 11 3 17 6 9 11
31 37 20 18 18 22 31 18 31 22 40 23 20 27 22 20 34 16 23 19
19 25 7 13 3 4 21 3 16 6 17 3 1 12 25 10 11 2 11 6
17 30 10 16 19 10 18 7 23 10 26 12 8 20 11 10 17 8 15 15
12 25 14 11 2 15 19 12 13 5 22 5 6 5 20 5 13 6 10 3
15 19 10 15 16 11 26 11 16 6 16 8 2 2 22 8 3 7 10 2
63 59 39 51 42 45 65 37 57 32 59 4 19 44 59 25 45 37 45 37
44 56 16 30 25 39 53 24 39 27 52 20 15 33 36 27 44 21 33 17
33 43 32 33 38 30 43 18 40 18 44 22 9 30 29 13 28 12 31 20
41 47 28 28 12 19 45 26 42 22 37 6 7 26 53 21 39 15 18 25
57 46 40 51 32 32 57 29 63 35 55 27 33 45 45 30 42 41 42 29
34 45 33 26 24 25 42 16 42 13 37 10 5 24 40 10 26 10 25 15
48 42 30 35 21 31 47 27 38 24 45 5 16 30 50 17 35 25 33 24
