1000 20 10 2839
3 19 6 0 4 19 5 16 5 9
1 11 7 6 7 4 2 1 10 8
5 1 7 0 7 3 7 3 6 1
7 3 2 10 5 6 7 0 7 7
11 5 16 5 10 7 0 2 5 1
18 2 2 0 7 7 14 5 24 14
13 14 3 0 4 4 4 2 1 9
4 11 10 12 17 20 20 2 0 7
20 7 10 10 1 8 4 8 12 10
6 1 8 8 5 10 4 7 16 5
11 2 8 5 2 4 8 8 0 2
4 3 13 4 6 13 1 20 9 21
4 7 12 15 20 6 1 9 6 5
11 7 10 1 1 4 1 0 2 5
2 1 5 1 8 3 4 4 3 12
4 3 1 0 6 1 1 3 0 6
6 24 8 8 11 5 4 11 5 3
2 19 5 2 1 17 14 16 7 14
3 11 6 5 3 2 4 3 1 2
10 1 0 2 0 17 1 16 11 8
7 7 4 1 8 1 5 7 5 4
13 14 17 5 13 2 8 10 15 4
7 1 0 9 15 14 9 11 4 1
4 0 9 5 2 4 16 2 3 5
12 1 21 1 8 7 11 13 2 7
2 5 1 10 6 12 1 10 9 4
0 16 13 11 7 1 1 12 3 16
5 0 15 1 2 6 3 19 23 6
4 5 2 6 3 1 3 3 5 2
8 10 3 24 4 1 10 6 4 5
20 9 15 1 15 1 16 6 14 4
5 0 2 5 0 3 4 2 5 4
5 10 5 8 21 8 4 13 3 7
5 1 3 9 10 20 18 23 5 1
7 4 1 2 7 0 10 0 14 1
11 2 23 7 8 1 4 13 4 3
16 3 0 14 2 2 10 1 8 1
7 4 1 3 2 14 6 7 6 10
1 3 4 6 2 2 2 1 5 3
6 0 0 7 3 4 3 3 0 6
4 12 5 14 6 7 7 19 4 5
2 0 2 3 2 1 1 2 9 3
14 13 4 16 21 7 5 17 6 0
8 3 2 11 12 2 7 0 8 18
2 0 1 5 6 1 7 10 1 1
6 6 4 6 4 3 6 0 3 10
6 2 1 6 6 11 4 10 7 15
8 7 10 4 8 1 2 5 1 3
4 3 1 8 3 4 4 4 3 1
2 3 8 5 3 6 5 3 1 1
2 2 2 15 5 2 2 15 1 2
4 1 0 7 2 2 4 6 6 4
7 3 11 2 16 4 1 16 21 6
14 3 2 8 12 6 7 3 8 16
11 10 4 1 1 5 4 1 9 8
4 6 4 3 4 6 0 6 9 10
7 7 2 18 4 2 12 20 19 5
1 5 2 5 6 1 0 1 6 5
7 15 6 7 19 5 1 10 14 2
2 5 7 13 2 4 7 3 4 2
6 4 2 6 8 2 6 2 0 7
6 3 1 7 15 3 1 4 2 3
1 6 5 1 1 7 3 0 11 7
2 11 2 3 4 1 4 1 18 6
18 5 19 17 4 2 0 4 11 2
6 0 2 4 8 6 24 16 5 6
1 0 9 4 5 4 8 2 6 6
2 6 3 3 9 5 4 7 4 10
3 1 5 4 3 4 4 8 5 1
4 4 2 1 3 6 5 14 1 1
8 8 7 1 14 5 5 3 1 4
12 13 6 8 2 4 5 15 19 2
4 11 8 3 6 9 2 7 1 4
3 1 4 3 31 9 4 10 1 0
7 0 5 4 6 14 11 8 5 24
2 8 2 3 10 10 6 13 3 2
1 12 2 5 7 24 1 7 4 12
5 8 6 1 3 2 3 3 0 6
8 1 1 0 4 0 3 4 5 3
7 7 10 0 7 9 19 2 8 8
4 11 4 1 2 0 2 4 8 1
5 2 3 3 22 5 6 16 6 0
6 12 8 12 7 8 8 1 4 10
3 1 6 3 0 11 1 0 6 23
16 3 2 6 1 13 4 5 7 3
3 3 9 10 1 3 2 0 1 2
5 14 14 4 8 3 0 13 9 10
1 3 2 5 6 6 13 5 5 2
3 0 2 18 10 10 17 17 4 3
12 16 4 8 2 3 27 0 1 0
1 10 5 5 4 1 1 0 0 2
7 0 2 4 3 4 0 3 3 3
1 3 5 3 7 1 10 6 8 1
4 0 14 7 3 14 19 12 4 17
4 7 6 2 1 4 1 6 16 6
2 5 7 4 2 7 3 3 2 1
6 11 4 9 5 7 0 5 3 0
1 3 4 0 4 5 3 1 1 6
8 2 15 8 5 6 15 2 13 11
1 8 14 5 4 23 12 4 6 8
2 0 4 3 1 0 3 7 0 9
2 6 3 2 13 2 21 11 7 9
2 2 4 3 0 3 0 0 0 10
2 10 8 2 4 6 3 4 5 3
3 9 5 1 1 4 6 10 3 4
4 11 13 6 18 10 17 5 10 5
14 8 2 12 11 5 14 9 8 16
15 1 11 5 7 2 1 12 12 3
2 10 10 11 2 4 27 2 1 16
3 8 3 11 4 4 1 3 15 11
2 19 3 1 15 6 2 8 0 8
13 7 2 20 0 3 3 3 1 4
17 16 2 2 15 8 8 4 13 0
5 8 1 8 7 3 11 11 8 15
2 6 12 2 3 7 1 2 8 3
8 1 2 3 0 2 2 0 4 7
15 3 4 3 10 5 3 9 12 4
6 21 2 16 5 11 5 6 1 5
4 4 9 2 10 15 6 1 19 3
12 2 3 1 6 22 6 5 12 17
6 12 1 18 5 16 3 4 20 2
0 27 5 6 4 8 12 8 6 2
12 17 8 10 26 8 6 6 9 8
9 3 2 3 0 4 3 3 5 6
5 5 9 23 1 14 3 0 21 10
16 5 11 13 2 3 11 7 11 5
0 3 10 8 0 4 9 4 6 11
13 5 4 0 7 6 13 3 6 1
6 4 8 11 18 3 13 1 9 14
8 3 6 2 3 1 1 2 2 3
4 7 3 8 5 8 5 4 7 14
2 1 7 13 12 8 4 7 6 6
2 15 4 1 1 0 3 5 9 7
9 4 1 4 12 21 17 2 9 4
7 4 2 5 9 16 0 3 14 7
1 7 2 6 3 4 1 5 12 15
9 10 10 0 2 1 9 6 8 6
4 17 2 10 8 8 3 12 2 12
3 3 5 4 4 3 0 2 6 1
6 12 3 3 9 3 30 1 12 13
2 6 2 8 1 4 3 1 0 1
1 9 4 11 5 10 10 24 17 4
5 10 1 1 2 6 3 13 3 0
11 2 15 2 5 12 17 1 10 7
2 22 11 12 19 8 4 5 5 8
2 11 13 7 20 1 4 12 19 10
5 9 26 9 11 15 9 7 4 2
14 4 5 12 5 3 7 3 5 11
3 8 10 1 0 18 8 9 7 8
8 13 10 4 2 13 7 5 2 2
1 1 1 7 4 2 6 3 8 6
9 6 11 0 2 6 6 1 11 3
5 2 3 22 18 10 18 13 6 5
6 9 1 2 8 0 14 8 9 1
7 9 11 6 10 13 8 7 12 27
6 9 8 7 12 20 8 4 2 5
6 9 3 11 4 15 7 6 1 1
12 2 7 5 9 8 9 11 6 3
3 14 4 12 6 0 2 0 5 5
2 6 3 5 3 2 4 7 4 1
6 3 2 5 3 8 3 2 1 7
9 10 7 5 4 6 3 0 3 3
2 2 5 13 8 7 9 1 9 0
0 5 9 2 3 2 15 5 3 3
6 2 14 1 21 7 18 4 18 1
5 11 1 12 33 5 3 10 2 5
11 7 2 16 3 4 11 9 11 6
9 13 2 13 12 5 13 0 0 2
23 0 7 3 10 1 3 9 1 1
9 0 5 4 2 3 6 7 1 7
0 6 3 11 4 2 6 12 3 2
10 1 6 3 4 1 10 3 9 5
4 5 6 5 11 4 1 9 19 13
11 8 7 7 9 2 11 8 12 12
4 7 9 0 9 1 13 8 3 2
6 5 2 5 5 2 3 0 20 5
10 8 6 1 2 22 14 14 0 21
10 5 11 8 1 10 1 10 5 2
10 17 2 1 15 3 15 3 11 15
5 2 1 6 0 4 2 0 1 4
2 4 0 6 5 4 1 3 4 1
7 1 9 13 2 8 1 5 14 13
12 8 10 9 3 13 14 7 9 4
8 1 3 3 10 4 9 3 0 4
6 5 10 1 6 4 7 5 4 12
13 14 3 3 7 5 31 9 2 10
2 23 18 11 1 14 11 0 2 9
9 8 8 2 11 10 1 2 6 4
9 1 4 4 8 0 3 7 2 4
16 6 2 9 11 9 0 1 8 10
0 5 4 1 4 4 7 7 5 5
4 1 0 2 4 3 7 2 7 4
3 8 6 3 14 7 13 0 3 9
2 1 3 6 2 2 10 5 5 1
15 21 2 13 12 2 1 3 0 6
12 7 2 10 3 6 19 0 12 0
2 4 0 3 5 5 1 4 4 9
7 19 10 0 3 12 4 6 6 6
10 2 9 7 0 3 11 0 0 8
5 13 2 13 1 8 13 11 2 5
9 2 16 1 13 2 7 12 1 11
9 2 1 6 0 6 8 1 0 8
6 3 5 11 1 1 5 6 12 0
0 12 5 4 8 10 8 16 0 9
9 13 4 15 11 3 12 13 4 0
12 22 13 8 4 16 11 9 13 4
19 11 12 1 18 16 4 2 10 12
19 1 11 9 0 5 10 7 3 2
8 6 12 13 5 6 13 5 6 1
2 4 5 13 5 1 11 17 12 4
4 6 14 18 6 1 13 13 0 25
3 3 7 3 0 1 1 4 3 4
1 4 5 8 11 10 5 3 1 10
8 2 14 12 5 3 8 7 18 6
3 5 6 4 24 5 21 4 3 18
4 0 27 8 2 5 11 1 2 17
2 1 1 1 2 2 5 3 2 8
0 7 10 11 17 2 0 3 0 2
2 9 11 29 4 16 11 3 1 6
1 4 3 1 2 4 9 3 2 1
5 0 0 7 2 1 6 0 6 6
13 7 5 15 9 21 13 11 11 2
8 9 5 3 1 6 2 16 10 1
2 12 9 9 2 0 5 0 2 3
2 6 7 3 4 13 4 15 8 3
6 1 1 6 1 1 6 11 1 1
14 7 12 2 3 25 1 2 4 15
3 5 6 13 12 7 6 15 11 1
23 17 7 10 7 0 3 8 4 7
0 5 8 3 7 1 6 2 1 5
16 19 3 5 8 4 18 4 16 8
4 11 4 6 19 13 8 6 3 6
2 0 4 10 0 6 4 8 1 2
17 20 3 1 8 5 4 2 3 27
4 18 4 6 8 4 5 1 3 16
0 14 6 6 12 9 2 5 8 3
3 3 6 2 1 5 0 4 1 7
2 1 7 3 9 6 10 3 15 2
15 2 9 4 5 0 8 18 22 0
12 2 15 15 8 7 2 20 10 12
6 3 5 1 4 17 1 7 12 3
12 5 25 7 4 2 7 4 14 2
4 21 4 7 7 7 4 8 7 10
7 0 2 3 0 2 6 6 5 2
6 5 4 5 1 3 1 1 1 1
3 12 5 4 24 3 9 4 4 1
1 5 3 7 11 5 8 4 5 5
11 3 6 0 5 13 15 9 9 2
2 0 8 17 10 3 17 19 0 16
14 5 5 1 15 11 11 20 16 12
1 3 1 4 2 3 13 4 3 7
5 5 1 9 1 6 5 19 9 2
4 1 6 1 13 6 11 2 1 3
10 8 7 1 0 14 10 3 2 3
13 13 14 13 0 12 4 9 4 6
0 12 5 2 8 4 1 8 8 3
7 1 2 6 10 4 8 5 9 6
11 1 18 11 20 2 8 4 9 13
9 12 4 11 4 5 20 10 6 8
7 7 6 2 19 10 11 2 16 6
13 0 10 0 1 3 16 3 14 4
7 19 2 14 11 0 3 5 8 19
13 3 17 24 4 5 3 2 9 13
7 2 4 1 0 3 5 8 0 4
11 1 2 10 7 2 6 12 1 23
5 0 3 15 5 5 4 3 6 5
22 17 3 4 10 1 10 8 7 2
4 1 6 10 8 7 7 2 11 2
6 5 4 1 12 0 21 3 3 11
11 6 2 1 16 12 4 4 13 18
6 3 4 1 3 3 4 11 7 3
0 12 9 10 9 4 4 2 7 6
16 3 10 1 5 10 1 9 30 1
13 7 4 3 8 9 3 0 1 7
18 0 0 8 13 2 7 10 16 16
8 1 11 2 11 0 1 13 2 2
5 3 4 6 5 3 4 2 3 5
5 1 5 3 1 0 6 8 0 0
7 6 3 5 3 17 13 10 17 1
5 5 1 8 9 8 4 10 3 1
2 13 5 6 7 4 29 14 1 5
15 1 10 19 11 2 6 2 0 4
3 3 8 19 7 4 21 3 11 16
5 3 11 26 2 6 10 5 4 22
6 7 15 5 5 0 6 2 4 8
4 5 4 6 1 3 1 6 2 4
0 3 1 7 3 4 3 2 9 12
2 14 4 0 1 11 12 2 11 1
13 10 12 11 9 6 5 5 9 4
11 10 5 2 4 1 9 6 4 8
6 6 2 3 0 6 2 4 3 1
7 8 0 3 11 4 14 9 25 20
1 1 3 5 6 6 0 3 3 3
2 0 6 11 6 6 1 9 12 6
6 1 10 2 5 9 10 6 11 2
4 4 5 2 6 6 5 8 4 6
11 7 2 11 3 7 6 3 12 7
4 2 3 13 8 1 8 0 2 12
2 10 2 10 12 7 11 7 3 2
4 2 2 13 1 5 3 8 5 4
4 0 1 5 8 14 9 1 1 4
4 0 5 5 0 6 2 7 6 3
0 4 4 8 4 8 10 2 2 4
6 4 13 0 7 0 0 16 4 2
5 8 10 1 14 4 2 6 3 10
11 5 19 14 10 5 11 11 0 13
1 14 7 7 12 14 15 16 1 6
12 13 18 12 11 8 18 13 7 1
8 10 22 5 1 2 13 17 3 5
1 7 11 1 0 16 13 8 1 9
1 0 7 6 8 1 0 3 6 0
15 18 14 11 12 7 7 3 13 16
13 1 0 12 7 4 0 22 10 3
0 0 0 2 1 9 7 9 2 1
14 3 8 3 0 0 3 5 4 8
4 4 11 9 5 4 0 8 5 7
8 11 7 2 8 13 2 12 11 2
21 1 1 0 3 2 1 6 7 9
5 3 3 0 3 1 4 6 1 6
2 2 1 14 16 0 16 7 7 8
18 0 6 2 7 7 4 6 20 10
10 2 1 8 11 1 10 6 5 5
5 2 9 7 10 2 10 2 6 1
13 11 6 1 16 4 1 11 0 11
1 7 2 2 11 4 5 9 2 2
0 2 16 6 15 3 10 3 11 13
13 10 2 2 1 11 11 6 11 14
8 3 14 2 8 9 2 12 9 5
1 16 3 16 7 20 7 0 1 3
0 1 5 2 4 4 5 3 8 3
5 2 0 1 9 1 3 28 10 8
23 1 7 7 12 5 8 4 7 7
5 3 1 1 11 2 5 10 1 0
6 5 5 11 5 5 8 2 5 10
7 9 4 8 7 4 2 6 2 5
11 3 8 1 1 4 9 4 3 2
4 2 5 1 13 0 6 7 3 1
7 3 7 13 2 5 9 6 0 11
6 14 10 9 2 22 9 9 11 13
1 2 10 4 8 1 4 8 5 9
2 8 5 4 9 6 3 7 9 5
10 10 14 18 1 2 3 23 10 5
11 11 5 2 6 11 5 11 18 1
12 5 9 0 1 3 3 1 1 3
4 4 6 5 5 3 10 1 9 8
2 2 9 1 8 10 1 3 4 3
2 1 12 14 1 8 1 3 9 6
0 16 6 3 3 5 11 1 0 7
15 6 8 3 8 7 9 0 10 6
16 5 3 13 10 2 12 7 15 4
4 10 3 6 10 11 1 2 6 8
8 17 2 1 4 3 8 19 11 8
5 1 9 3 3 1 1 8 2 8
2 4 10 1 11 7 2 5 15 0
4 5 3 4 5 2 3 3 9 5
2 4 2 4 5 0 11 4 3 1
9 14 12 3 1 6 0 10 3 15
1 12 1 17 3 3 7 20 2 8
5 15 1 7 2 13 10 5 4 11
2 5 3 5 1 4 7 0 4 3
5 6 3 8 1 2 0 0 2 0
26 11 12 3 7 14 2 4 5 11
7 0 6 8 1 9 17 8 14 7
8 4 4 7 19 3 25 2 12 4
5 0 15 5 6 19 5 1 5 10
6 1 4 2 3 15 10 1 1 4
4 14 2 15 17 17 7 17 0 3
4 1 13 15 7 17 2 3 19 2
3 6 5 8 6 3 9 5 8 0
1 5 4 1 3 2 5 2 1 7
7 3 6 3 1 3 3 2 4 2
0 19 7 3 14 9 12 9 4 16
12 27 14 0 7 8 4 2 5 1
9 7 5 6 7 2 3 7 6 7
18 8 3 1 6 6 22 25 1 6
3 7 16 0 8 1 11 13 8 12
10 4 1 7 1 0 4 19 3 6
0 2 6 2 5 4 4 2 2 2
5 3 8 10 9 16 4 5 1 12
18 6 2 10 12 5 12 6 11 24
5 20 8 1 20 7 2 16 13 10
1 1 2 1 3 4 11 12 0 1
2 2 15 6 2 2 20 14 4 6
8 6 4 4 1 3 2 4 5 3
4 5 3 4 7 3 1 15 5 8
7 22 7 12 3 8 6 7 6 11
1 6 1 5 5 6 3 18 7 9
1 7 4 9 5 10 4 3 10 12
10 2 6 2 7 3 10 9 13 19
0 7 1 2 0 1 1 1 5 6
6 10 8 1 7 3 8 5 4 11
18 10 2 21 1 12 15 3 1 13
1 7 8 7 12 15 8 3 2 6
2 7 6 3 13 11 9 0 17 6
1 2 9 0 1 16 17 0 4 9
13 19 6 9 9 0 1 3 14 4
24 1 15 10 4 2 6 1 6 19
3 10 12 13 8 3 5 5 1 7
3 3 1 3 2 1 4 12 4 4
2 1 6 14 5 3 2 3 8 11
4 3 3 5 2 11 9 0 4 6
14 2 18 17 0 9 2 5 1 1
1 7 4 5 8 7 6 7 4 6
5 11 3 9 4 16 8 1 12 5
7 5 0 1 4 2 9 2 3 6
4 4 13 1 3 10 6 1 3 1
6 3 0 8 15 13 12 1 1 1
2 5 3 14 2 6 6 9 2 0
8 2 0 3 3 3 12 12 8 2
4 2 15 3 0 11 10 12 2 17
3 1 3 6 4 0 12 4 6 4
8 3 6 6 0 3 15 8 4 7
0 7 2 10 2 9 8 6 3 10
8 26 7 6 1 17 2 1 8 5
1 5 13 8 6 1 3 13 3 9
21 7 4 6 12 10 1 6 6 1
11 5 5 4 8 19 12 9 8 4
11 3 10 11 12 7 0 6 6 18
9 12 0 6 0 6 2 10 5 2
2 4 2 2 1 2 4 6 6 4
5 0 2 1 11 2 6 3 2 3
8 2 2 6 4 1 2 6 0 14
2 3 13 1 10 3 1 2 15 7
10 7 6 6 3 6 3 12 1 9
4 5 1 2 14 16 2 8 25 9
6 4 21 6 1 4 12 3 10 4
1 10 18 3 0 14 15 11 3 0
8 7 6 4 1 19 15 3 11 5
6 0 4 4 4 0 1 1 0 4
8 8 5 6 9 5 18 18 9 4
12 0 2 21 5 8 6 15 6 9
23 2 2 16 2 8 0 4 12 0
5 15 1 0 8 5 3 10 15 5
1 4 2 2 5 7 0 2 2 2
2 3 2 7 12 6 1 8 4 7
9 3 10 7 4 4 0 11 2 18
9 19 8 2 21 12 14 2 11 11
5 0 12 5 10 6 18 12 1 10
1 5 1 3 14 5 7 10 4 18
22 18 10 14 4 5 2 9 4 10
5 6 5 3 9 4 5 5 6 8
7 5 15 2 13 1 6 2 4 2
2 8 16 0 8 2 3 15 2 10
3 2 12 7 15 19 3 22 12 12
16 8 2 2 3 5 11 5 1 3
3 5 2 5 7 2 2 4 3 1
7 5 0 13 12 4 6 24 10 9
6 2 3 11 4 2 17 8 7 9
14 2 2 3 1 0 0 2 13 4
4 6 4 4 9 6 0 4 2 1
4 2 8 1 10 11 4 3 17 7
8 2 5 2 4 8 2 8 3 2
5 8 10 7 11 3 4 0 1 8
12 4 4 21 9 4 4 1 2 13
5 2 2 5 13 6 12 6 7 17
3 3 17 9 21 3 3 6 7 14
8 2 4 3 9 13 4 3 1 8
2 6 11 6 5 5 2 2 4 3
9 18 5 9 8 7 17 9 21 3
2 6 8 3 14 4 1 7 4 3
4 5 6 20 7 9 10 5 13 3
3 1 0 1 1 5 0 12 1 5
8 10 6 10 14 6 7 4 7 2
5 7 12 10 15 4 2 14 10 1
3 2 2 1 3 3 3 4 3 10
2 10 2 3 24 5 4 2 10 2
4 18 6 2 25 11 9 3 3 6
12 2 6 2 12 4 14 17 5 27
3 3 11 8 5 3 4 2 4 11
4 24 5 3 11 9 23 10 3 8
13 5 1 2 6 2 1 11 2 8
7 6 1 0 2 2 7 9 1 1
2 4 3 0 3 3 3 1 7 1
20 9 15 8 8 20 10 12 1 8
0 1 13 3 4 6 8 6 2 4
7 6 1 16 19 10 13 4 4 4
11 6 1 27 7 4 15 14 5 7
0 7 14 4 1 12 1 5 11 2
2 4 3 3 2 6 7 4 1 3
11 3 7 5 10 5 1 2 5 12
5 4 1 2 3 6 11 4 3 3
4 7 6 6 10 9 2 1 5 6
12 12 6 4 3 2 10 2 3 13
7 10 9 5 5 22 6 13 9 3
7 12 8 17 9 18 11 12 1 2
15 4 9 21 8 4 7 4 9 14
1 2 0 11 13 7 3 9 17 3
17 3 9 3 2 11 15 13 12 1
9 11 17 5 3 0 10 11 13 15
0 1 6 6 5 2 10 2 10 8
2 6 3 9 18 8 8 3 21 1
2 5 1 1 6 3 6 1 5 0
6 17 4 7 8 8 5 2 16 10
6 5 6 12 4 5 0 2 1 12
3 10 10 7 18 4 8 16 3 1
1 1 2 2 17 1 3 4 4 1
10 2 3 8 0 13 3 3 13 11
1 16 4 5 15 5 2 6 29 0
5 9 1 9 4 6 5 13 4 5
4 3 7 0 3 8 5 1 6 9
1 14 8 4 19 4 3 5 12 24
10 4 7 1 14 15 3 2 20 20
7 1 3 8 2 2 1 6 7 3
6 10 5 4 9 1 3 21 4 8
5 1 3 1 3 6 1 4 2 2
4 5 15 7 6 4 7 11 5 13
12 3 10 12 13 16 2 6 12 7
11 3 5 5 2 2 10 3 3 0
2 2 3 1 4 1 6 5 5 3
3 5 0 0 2 2 2 3 5 5
0 1 10 6 8 5 5 3 1 2
11 10 4 1 9 16 2 17 20 2
14 4 14 16 9 3 1 1 3 6
2 5 3 1 8 14 7 3 3 8
3 4 3 14 23 6 1 3 14 3
7 8 1 9 4 16 2 18 8 24
2 2 17 2 5 8 9 18 10 10
2 10 13 8 2 1 1 8 5 3
4 10 5 10 5 1 5 0 18 9
0 11 3 5 13 5 8 18 6 17
6 6 1 9 14 4 3 6 11 11
4 0 0 2 5 5 4 7 4 2
11 10 8 24 2 6 3 23 4 6
6 0 2 5 4 1 0 1 4 2
21 10 1 10 21 12 3 4 4 3
4 0 6 9 6 7 4 1 21 10
5 21 22 3 6 18 10 10 4 6
10 10 9 11 6 4 13 12 6 8
12 5 9 2 8 4 7 8 13 3
2 0 4 3 10 13 13 2 0 3
2 2 3 1 9 7 2 1 10 10
4 1 7 9 4 4 5 5 12 1
5 3 12 5 16 0 5 4 1 7
9 3 12 0 0 5 7 6 11 14
2 9 1 19 2 4 7 9 3 5
14 4 9 11 16 10 1 8 0 4
12 17 7 3 4 10 1 8 6 4
5 6 5 1 5 2 7 6 6 3
11 3 1 7 7 5 1 1 2 1
6 4 2 6 5 8 5 4 2 3
2 3 19 3 12 12 10 10 2 7
1 11 1 9 7 3 0 7 4 1
10 14 0 1 9 6 2 3 4 1
4 8 9 3 4 4 2 0 2 6
3 2 0 1 1 0 3 14 12 0
2 15 11 13 14 2 15 4 11 12
13 8 1 1 4 0 1 1 4 1
4 5 2 1 0 3 6 1 4 1
6 2 7 0 17 9 3 3 5 22
17 1 8 7 8 5 15 12 11 7
8 13 3 4 6 5 3 18 12 5
14 4 5 3 12 2 1 11 6 4
2 8 10 2 10 6 3 17 8 0
8 7 13 12 3 3 8 0 3 32
4 2 10 4 4 16 2 3 8 8
6 3 7 2 3 8 1 12 0 12
2 8 7 8 1 1 8 2 4 4
4 7 3 3 3 10 8 7 7 9
2 6 7 8 1 5 0 10 13 5
8 12 10 15 7 13 0 3 7 11
16 12 12 5 9 2 5 4 15 6
0 6 6 5 1 1 10 3 1 8
10 0 1 6 18 0 15 22 7 10
15 0 11 1 3 16 6 20 6 18
9 6 6 9 4 1 0 2 5 8
9 12 10 11 1 5 8 5 5 8
13 14 11 6 22 5 4 5 7 11
1 3 1 2 18 10 3 12 6 10
1 12 4 7 8 1 0 7 10 2
3 7 1 6 1 15 15 3 0 11
5 17 8 4 7 11 11 1 6 2
17 4 2 4 11 9 9 22 4 2
1 2 18 6 8 1 4 8 1 13
2 9 5 2 13 8 3 13 11 12
9 1 1 4 5 4 3 1 4 2
8 13 2 13 6 1 14 2 5 9
5 2 1 9 5 2 12 1 7 2
10 7 13 25 14 13 8 3 3 6
6 9 3 1 4 2 5 8 4 2
22 3 5 5 5 1 14 7 9 1
2 7 8 20 13 9 17 5 12 9
6 0 16 5 11 4 1 3 1 5
11 3 10 12 3 2 11 5 14 16
2 3 4 3 18 14 3 3 1 1
0 3 1 6 12 3 7 12 4 11
2 1 7 1 7 21 8 3 7 3
11 7 5 9 5 8 7 8 4 4
5 1 0 11 1 0 7 3 3 6
9 5 11 13 15 23 6 12 3 2
7 28 8 1 6 6 2 2 3 8
6 7 21 5 2 8 5 1 3 16
8 3 10 6 4 2 0 1 0 3
5 1 1 1 5 3 1 7 2 3
7 8 4 3 1 5 1 1 0 1
5 1 9 5 10 4 1 9 3 2
12 23 4 19 7 1 16 11 7 4
2 1 1 14 9 21 7 12 8 13
1 4 3 4 2 3 15 3 13 7
13 5 8 1 18 13 13 23 6 1
14 16 4 13 12 4 12 5 12 7
9 4 7 7 8 0 3 15 13 2
7 19 20 9 15 0 13 12 6 4
14 2 9 6 3 12 9 3 15 1
28 7 5 13 13 14 10 0 5 2
3 3 2 1 3 2 3 3 3 7
10 5 11 13 7 11 16 5 11 14
6 1 13 0 5 2 2 10 1 12
5 16 10 0 5 2 6 20 4 5
2 2 9 11 2 11 7 1 8 3
4 9 7 1 5 6 3 21 4 7
10 12 6 1 5 6 4 5 6 3
1 1 12 8 2 5 5 2 2 2
17 1 23 5 6 0 14 9 2 1
2 5 3 1 8 12 3 3 6 3
11 11 12 2 12 5 4 2 12 18
2 6 6 0 1 2 11 10 0 1
1 6 3 1 0 5 3 3 4 2
0 2 2 11 12 1 3 0 2 2
8 8 0 10 12 7 4 13 2 2
3 17 7 2 12 12 3 0 2 12
5 7 1 2 9 17 11 14 1 1
8 1 1 1 4 4 2 2 4 5
4 10 3 1 1 7 4 3 9 6
1 13 4 14 4 2 10 13 1 7
3 4 19 1 16 14 13 15 15 4
7 5 5 6 9 13 8 25 4 14
5 3 6 0 3 1 1 1 8 8
19 3 5 3 23 16 8 10 14 5
15 9 2 20 15 18 3 4 3 2
2 9 9 24 11 8 3 2 5 2
0 11 6 1 3 4 4 11 9 3
0 0 7 4 4 3 12 6 12 4
4 10 5 20 19 9 3 9 2 2
7 11 4 2 9 26 13 6 8 6
4 0 0 1 1 2 14 3 3 6
3 6 5 6 2 8 1 5 1 1
4 6 8 5 13 4 1 4 1 2
7 8 3 2 2 5 16 1 2 5
17 12 2 8 3 8 3 1 5 15
3 3 6 1 5 6 14 7 5 5
6 10 18 9 12 8 7 2 28 5
5 10 6 18 2 14 8 21 9 11
7 15 7 9 24 6 11 11 18 3
1 3 9 11 9 0 13 1 10 4
1 4 4 3 13 16 30 1 11 2
6 10 8 8 5 14 18 16 6 1
4 5 6 2 3 0 7 2 1 3
5 4 0 12 6 2 1 9 11 2
0 6 4 6 7 5 3 2 6 8
5 11 14 6 1 8 2 6 7 18
9 2 5 3 7 9 1 1 0 9
5 15 9 13 6 15 7 14 5 4
7 14 6 1 6 17 5 1 13 9
2 7 3 2 7 10 9 2 3 2
7 4 3 22 2 8 1 3 7 6
7 13 16 7 8 6 12 6 0 17
0 15 13 9 5 20 2 2 1 11
12 16 8 4 2 4 8 16 10 18
0 3 11 10 8 5 5 17 4 15
11 10 3 1 0 3 3 2 2 15
12 11 0 3 3 0 1 1 2 2
17 2 4 1 9 7 5 7 13 11
5 14 4 12 12 5 2 5 7 3
5 3 8 2 4 1 18 6 12 10
8 2 5 2 3 18 10 4 5 5
18 13 8 4 3 1 2 23 11 13
2 4 7 25 0 20 8 3 5 10
9 6 8 5 6 8 7 19 10 4
3 11 3 1 7 2 2 8 2 5
8 18 6 3 3 5 18 5 4 7
7 0 1 0 6 3 1 2 5 1
15 18 2 21 1 7 19 12 4 1
0 4 0 2 3 1 9 5 2 6
7 2 1 6 8 6 5 3 4 7
4 21 10 2 2 5 2 6 1 5
2 0 3 1 8 2 3 9 3 1
1 4 2 9 12 1 1 16 0 2
5 1 3 6 12 4 5 4 2 9
2 3 4 6 7 0 3 2 2 5
2 9 2 1 5 1 7 3 0 4
11 5 2 6 6 4 4 4 1 2
4 13 10 10 5 4 11 17 1 10
11 10 2 3 7 11 3 2 6 3
8 3 14 10 15 3 2 1 7 0
10 3 12 14 6 13 12 15 0 8
13 2 8 18 17 18 8 17 2 2
2 1 2 6 1 4 11 1 7 19
11 3 6 8 3 12 15 15 4 2
16 4 19 3 16 1 14 13 6 10
11 4 7 0 1 5 3 11 14 8
9 5 11 19 17 12 7 12 1 12
3 4 4 3 12 6 2 9 7 8
14 5 1 3 15 5 1 10 4 10
3 4 10 2 16 4 1 10 3 2
6 6 5 4 4 1 9 0 1 9
15 9 18 3 18 6 7 12 0 6
7 21 7 13 9 2 20 6 8 2
8 2 2 3 6 4 8 4 6 5
16 5 11 5 18 12 7 17 4 15
19 6 7 2 6 8 2 3 11 5
18 8 3 12 10 17 2 1 1 21
14 15 1 8 17 10 7 11 4 6
2 6 2 9 6 2 2 8 1 4
2 1 1 4 4 7 6 2 5 2
4 10 6 6 0 5 6 3 12 2
3 7 6 7 8 14 4 3 6 11
4 0 5 7 4 17 1 2 5 3
1 4 2 1 13 3 8 10 9 10
8 1 6 9 11 3 6 4 0 12
3 2 10 8 18 4 5 28 2 13
1 6 7 3 12 13 9 7 6 2
2 3 1 0 0 3 0 6 8 2
0 7 11 13 15 1 11 13 2 3
13 10 14 9 3 11 13 11 3 20
6 8 13 1 4 11 13 3 19 12
4 9 0 9 0 11 9 3 12 2
4 9 0 0 4 4 6 3 4 7
1 9 11 16 14 7 3 9 2 5
12 14 28 3 6 15 6 2 9 9
4 7 18 8 6 6 1 6 9 8
5 1 8 4 2 3 13 1 0 3
2 1 6 7 0 1 4 3 3 0
2 14 8 7 0 3 7 4 1 2
9 5 7 1 14 12 8 7 1 2
9 8 5 9 2 1 6 2 4 3
16 8 12 1 8 0 4 13 19 1
7 7 3 7 7 1 13 2 3 10
3 0 6 9 1 4 1 5 1 4
2 3 6 3 9 7 5 4 2 7
9 4 7 1 1 4 1 1 8 3
1 1 9 2 0 3 1 5 6 3
8 2 1 3 0 2 7 2 4 0
3 4 6 9 5 3 8 4 3 7
3 5 1 19 7 12 20 9 9 0
26 10 1 5 12 5 6 0 15 16
6 3 10 9 8 14 4 6 3 9
13 3 3 0 1 12 11 6 4 4
15 6 5 4 4 23 1 5 14 7
11 12 5 11 16 2 9 5 16 11
1 5 12 24 26 1 2 6 4 5
2 5 7 8 1 3 7 4 3 1
3 2 3 7 2 5 11 0 9 3
1 1 5 19 10 2 12 17 9 1
1 1 8 3 11 8 1 5 5 1
5 2 4 1 1 8 4 8 4 7
2 1 9 5 8 12 4 6 17 5
8 2 6 4 2 4 1 12 8 3
29 0 1 4 12 15 10 5 6 14
8 2 4 7 3 0 5 4 12 5
3 5 3 6 6 1 7 11 23 8
6 1 7 2 3 2 4 9 2 0
5 4 4 9 5 5 8 2 6 1
2 1 3 4 5 4 1 3 6 6
12 2 5 0 5 5 3 2 4 9
22 4 9 7 14 3 12 11 19 3
12 9 12 1 6 8 5 2 8 3
3 1 1 9 1 0 6 2 13 5
2 11 3 9 2 11 2 0 0 7
2 4 13 6 2 0 14 2 1 19
9 1 6 2 9 0 0 3 8 6
1 1 11 5 5 1 5 9 8 2
2 8 8 2 15 12 1 1 4 5
6 2 8 3 8 4 9 5 3 23
11 8 6 2 14 3 5 4 1 7
12 9 1 22 8 8 11 12 0 18
7 9 7 7 5 2 7 2 1 5
7 5 5 20 9 8 10 18 18 2
3 9 8 20 3 9 6 6 6 6
7 17 3 9 5 19 4 17 10 11
15 8 7 15 21 0 8 8 1 21
0 12 1 4 2 1 5 6 6 2
0 3 5 9 6 7 19 5 9 4
4 3 1 4 0 4 6 4 1 1
2 0 8 0 2 2 3 4 5 8
10 24 4 19 4 15 8 13 7 6
0 9 8 16 32 5 6 1 2 1
1 2 2 5 0 4 1 7 7 1
3 5 7 8 5 9 3 8 2 6
4 7 10 13 26 2 7 2 12 6
4 3 4 3 12 4 2 4 3 2
7 17 10 9 4 1 5 3 13 12
15 4 7 1 3 10 1 9 7 2
16 8 1 26 1 4 19 6 2 4
10 5 13 7 5 8 10 2 7 2
9 1 10 6 10 14 3 9 11 0
12 9 16 10 19 3 10 7 5 4
4 2 4 0 11 3 2 16 7 1
18 4 2 1 8 14 18 15 3 5
18 8 9 2 13 3 0 2 16 6
5 8 3 9 2 2 16 2 1 3
3 7 0 4 1 5 3 5 1 8
13 5 21 6 0 1 8 17 3 2
22 0 4 7 3 26 5 2 12 0
1 19 3 14 9 3 14 0 9 10
2 6 18 5 5 1 2 3 2 2
7 13 15 15 13 12 0 4 13 6
14 2 13 11 8 7 10 17 12 4
0 6 4 2 7 3 14 4 4 5
9 8 6 7 2 4 3 3 11 0
18 0 13 7 5 6 2 3 1 8
10 20 10 2 16 21 1 9 5 10
12 1 12 4 12 11 8 13 3 10
7 3 14 5 2 4 2 5 2 1
8 5 6 5 3 7 1 10 5 1
3 3 12 8 1 4 1 2 1 7
3 1 2 0 5 4 2 1 8 6
8 11 12 7 0 11 19 11 10 1
1 5 4 2 3 3 6 9 1 4
10 2 6 4 9 0 2 2 1 6
8 2 6 7 7 16 8 2 8 13
5 0 4 0 1 2 9 2 7 1
7 1 3 7 0 8 0 8 2 7
3 14 2 8 5 3 6 4 4 6
0 4 8 2 9 12 10 3 1 5
11 1 16 3 16 16 14 17 3 8
10 10 12 20 7 15 8 8 2 5
5 8 3 12 6 4 3 14 7 3
10 2 1 5 13 18 20 5 8 8
0 13 3 7 7 1 4 11 6 6
1 4 0 9 1 3 2 15 1 1
9 2 3 6 5 1 1 2 10 2
6 6 1 5 5 16 6 15 2 6
3 3 5 1 1 3 2 5 5 1
8 15 6 1 1 4 1 11 12 9
5 5 20 2 13 4 9 2 1 0
7 3 8 11 4 10 6 10 11 30
1 7 2 2 1 10 3 3 6 7
7 22 12 10 8 7 11 9 2 6
4 3 17 7 3 6 4 4 7 4
4 5 0 6 4 12 1 3 2 4
20 7 6 3 11 2 22 4 2 17
12 1 14 1 7 2 5 15 2 1
8 1 3 2 13 9 6 17 5 9
1 4 1 2 0 1 9 4 3 2
15 1 1 1 6 3 19 9 5 6
12 14 2 1 16 10 0 1 5 9
3 6 6 5 10 6 3 9 4 1
5 8 4 18 2 6 1 5 1 7
3 2 3 1 2 2 6 6 5 7
4 2 4 15 18 8 2 2 3 9
17 13 13 5 11 8 22 8 9 2
11 12 2 12 9 1 3 3 7 2
12 16 10 12 1 5 9 19 12 11
4 19 0 8 12 21 1 8 8 11
7 5 2 11 5 4 11 4 4 2
1 14 1 8 8 4 15 1 6 4
8 11 4 6 5 3 2 1 11 7
3 10 0 8 12 1 4 5 4 0
2 4 11 7 2 0 1 6 7 9
4 3 6 8 2 3 7 5 0 7
2 10 3 10 5 2 9 6 0 9
15 7 4 1 8 3 3 6 13 8
12 0 1 10 9 17 1 13 12 2
16 0 5 8 22 1 3 7 1 4
8 2 12 9 0 1 2 0 5 0
14 1 3 14 18 5 5 4 15 10
9 9 3 13 5 3 17 5 5 0
9 8 1 4 9 1 3 11 1 4
3 3 10 0 3 6 7 1 5 3
13 1 2 6 6 6 9 6 4 26
5 9 6 0 10 3 11 9 9 8
8 2 8 8 1 5 6 8 3 13
17 16 9 16 10 6 2 9 13 3
7 8 13 1 15 15 0 6 2 19
8 6 1 6 6 4 9 7 2 1
13 16 11 3 0 1 0 2 10 4
5 3 6 1 5 8 6 14 3 2
6 8 16 18 9 16 2 17 13 5
4 3 1 3 8 4 5 5 3 0
5 3 2 7 11 2 5 3 1 1
2 8 4 2 4 2 2 16 11 1
8 16 4 7 26 7 3 5 8 5
3 5 4 6 1 8 0 6 3 12
10 9 10 2 17 16 1 3 10 4
18 5 8 5 12 1 22 4 1 21
22 7 12 8 5 8 8 9 10 5
2 2 3 3 2 1 2 3 6 7
3 3 8 13 21 3 15 11 4 7
6 3 9 5 3 1 0 9 10 1
0 1 2 1 3 7 1 1 8 3
2 1 11 2 0 3 6 16 1 12
13 1 9 10 10 6 2 13 10 22
7 0 2 5 3 3 1 4 2 5
28 4 8 11 20 7 6 2 5 2
2 2 22 11 6 12 3 5 6 2
11 6 8 1 22 5 5 1 8 4
6 2 5 2 7 13 7 1 6 3
5 0 10 20 12 7 11 0 18 4
10 8 6 2 0 10 30 7 1 2
10 1 5 7 5 20 6 1 2 5
7 10 2 2 16 9 9 28 6 11
1 10 2 1 11 18 11 4 5 6
6 7 8 4 11 13 12 15 10 7
6 0 1 2 2 14 1 9 0 2
1 5 3 1 3 4 1 2 10 3
10 2 1 7 3 3 2 2 7 5
1 5 4 2 2 7 7 1 2 2
2 1 2 8 3 4 1 4 0 3
1 5 1 18 1 9 8 5 18 3
8 5 3 1 1 5 3 7 5 4
11 3 6 5 8 6 3 1 1 14
21 0 19 9 8 7 12 1 7 16
5 7 22 4 4 9 1 18 19 6
11 5 3 5 30 13 11 10 3 4
5 4 3 32 14 6 2 3 1 7
3 3 0 6 1 9 4 8 2 5
3 4 10 1 10 7 7 4 9 6
1 4 22 17 8 3 2 1 12 6
9 2 3 5 0 4 4 5 8 8
12 4 7 8 0 5 7 5 1 6
3 3 12 4 1 2 5 1 4 11
4 8 5 5 8 7 9 2 8 7
14 10 1 10 2 25 17 7 6 8
0 22 9 19 5 7 16 5 6 9
8 7 12 2 7 7 3 0 17 8
1 1 21 5 14 7 1 1 11 8
7 16 11 21 4 3 12 7 2 6
22 13 0 5 4 17 1 3 6 7
1 7 4 1 4 2 1 5 3 6
1 2 6 3 4 12 5 3 6 9
4 6 14 4 7 9 7 10 6 7
0 9 11 2 4 1 1 8 2 6
14 8 8 7 10 0 5 18 9 10
3 10 8 22 7 3 1 10 10 26
4 5 6 7 2 0 4 0 4 4
14 6 3 0 1 16 2 5 10 0
18 1 3 3 3 2 2 5 7 12
6 4 1 6 5 1 3 15 13 4
3 8 0 5 4 3 1 5 2 5
2 13 3 5 4 4 9 16 10 15
3 2 3 4 2 5 10 7 19 13
5 3 7 10 0 8 8 4 3 9
2 3 6 1 4 7 4 1 5 7
11 12 3 2 11 5 5 13 0 20
12 10 15 10 3 4 8 9 6 3
7 6 5 0 9 1 8 5 3 3
5 4 5 2 12 18 1 14 7 7
3 8 0 6 3 2 3 2 5 2
12 1 4 6 3 3 3 4 3 1
8 1 11 2 4 2 4 16 3 1
9 12 2 8 17 7 17 2 6 3
4 3 9 4 11 7 10 5 1 4
7 2 10 2 14 1 11 2 8 19
0 7 2 3 2 7 2 1 9 10
8 0 20 6 4 14 6 8 5 7
3 10 7 1 1 7 7 5 3 4
4 14 9 13 3 10 7 16 20 2
9 10 9 6 4 3 1 6 6 8
2 7 21 9 10 9 15 0 7 13
15 11 12 4 11 1 8 8 7 2
3 7 8 1 12 5 6 6 7 4
5 1 9 8 2 1 11 5 6 1
6 7 11 6 7 9 5 7 2 5
11 2 5 15 9 3 12 6 5 12
5 1 13 3 9 7 9 12 1 2
10 17 11 5 22 13 17 2 4 3
10 4 8 15 11 4 11 8 3 10
2 1 6 6 3 4 7 3 6 1
3 4 5 3 7 7 2 3 12 4
22 4 10 9 4 1 8 3 5 6
6 7 0 4 1 2 7 7 27 3
7 4 2 11 6 6 16 9 13 5
4 2 0 7 5 0 8 4 14 2
2 3 3 7 6 2 2 3 4 1
1 3 4 1 5 4 1 6 9 0
18 10 18 6 15 7 3 6 7 16
3 3 10 8 2 5 2 1 8 1
11 4 4 2 3 5 8 3 0 6
2 4 0 11 8 4 5 4 9 7
14 0 9 0 10 22 13 1 9 1
12 19 15 7 5 2 12 8 18 8
6 3 1 3 0 9 2 5 0 5
3 2 2 3 1 3 15 2 6 13
4 2 6 0 8 1 8 7 2 7
3 8 3 9 12 6 4 10 2 9
9 13 0 2 14 4 7 5 12 4
3 6 11 1 22 6 5 9 9 3
4 3 2 3 6 4 2 7 3 2
11 2 4 5 4 17 7 1 3 24
2 2 5 28 0 0 1 1 8 10
4 2 4 4 1 4 4 5 7 1
11 5 6 6 2 6 9 4 2 4
3 12 7 3 4 4 6 5 9 5
1 18 5 13 7 8 18 4 5 6
4 12 5 10 8 6 7 3 5 20
2 0 5 6 7 8 17 7 4 14
7 5 8 12 6 4 7 9 10 4
6 1 6 1 2 1 3 2 8 7
15 9 1 5 8 25 2 1 4 10
1 8 2 3 0 9 1 2 11 9
5 8 14 2 7 3 6 4 7 12
9 4 17 2 11 1 8 23 9 7
3 1 12 9 14 13 1 12 2 6
9 3 5 2 14 17 21 5 14 3
8 1 9 5 11 10 2 2 9 11
2 11 6 9 10 17 0 15 1 22
5 0 1 1 2 2 2 8 2 6
19 9 6 0 7 5 7 1 4 18
1 4 6 2 3 1 1 5 6 4
8 4 1 2 2 17 17 2 3 15
1 4
1 19
1 56
1 76
1 90
2 12
2 39
2 50
2 85
3 11
3 30
3 44
3 83
4 45
4 79
5 22
5 32
5 38
5 41
5 56
5 59
5 62
6 7
6 41
6 55
8 43
8 53
8 56
8 66
8 98
9 28
9 30
9 98
10 63
10 88
10 96
11 72
11 103
13 33
13 43
13 84
13 99
14 63
15 51
16 31
16 36
16 109
17 38
17 43
18 66
19 25
20 22
20 25
20 32
20 87
20 98
20 103
21 64
21 96
21 120
22 51
22 97
24 79
24 106
25 50
25 61
26 43
26 53
26 57
26 58
26 90
26 104
26 125
27 36
27 67
28 43
28 118
28 123
29 35
29 46
29 57
29 109
30 107
30 110
31 42
31 46
31 73
31 110
33 39
33 55
33 111
34 41
34 75
34 88
34 98
34 104
34 113
34 120
35 85
35 122
35 131
36 56
36 76
37 133
39 68
39 78
39 79
39 109
39 129
40 45
40 71
40 75
40 78
40 81
40 89
40 114
40 135
41 58
41 95
42 80
43 57
43 83
44 62
44 68
44 136
45 120
45 133
46 131
47 55
47 97
47 116
48 53
48 56
48 65
48 70
48 116
48 133
48 139
49 99
49 110
50 83
50 128
50 129
50 136
50 143
50 146
51 86
52 59
52 75
52 121
53 69
53 99
53 105
53 112
54 55
54 57
54 73
54 104
54 110
54 137
54 148
54 149
54 150
55 70
55 128
56 132
56 148
57 60
57 99
58 75
58 119
59 68
59 155
60 138
61 103
61 146
62 70
62 141
62 151
63 92
63 138
64 106
64 145
64 153
64 158
64 162
65 146
65 151
66 67
66 77
66 100
66 141
67 73
69 86
69 92
69 104
69 107
69 114
69 160
69 166
70 73
70 94
70 123
70 124
70 129
71 91
71 100
71 114
71 127
71 137
72 76
72 98
72 163
73 82
73 95
73 163
74 93
74 106
75 102
75 171
76 112
76 132
76 162
77 79
77 127
77 174
78 109
79 85
79 108
79 177
80 82
80 104
80 157
81 101
81 115
81 166
81 180
82 98
82 116
83 140
83 155
83 172
84 125
85 91
85 102
85 109
85 126
86 104
86 158
87 165
87 175
88 95
88 100
88 102
88 110
88 181
89 107
89 176
90 103
90 178
90 185
90 186
92 112
92 145
92 155
92 166
92 167
92 177
92 185
93 191
94 114
94 128
94 163
95 113
95 125
96 195
98 99
98 110
98 118
99 162
99 163
100 127
100 170
101 137
101 195
102 109
102 146
102 147
102 153
102 154
102 186
103 118
103 181
103 191
104 121
105 163
105 189
106 146
107 136
107 138
107 142
107 165
107 183
107 204
108 111
108 122
108 124
108 202
109 176
109 189
109 192
109 198
110 167
111 126
111 196
112 191
113 119
113 179
114 168
114 187
114 201
115 131
115 147
116 132
116 152
116 203
117 143
118 125
118 134
118 207
120 209
121 130
121 149
122 131
122 157
122 158
123 155
123 175
124 186
124 204
124 212
125 139
125 144
125 165
125 174
126 133
126 149
126 167
127 175
127 196
128 168
128 211
129 167
129 199
129 206
130 148
130 177
130 211
131 152
131 176
131 217
132 189
133 173
133 228
134 199
134 200
134 201
135 156
135 164
135 208
135 212
135 224
135 227
136 213
136 234
137 166
137 181
138 167
138 190
138 231
138 234
139 142
139 169
139 186
139 187
139 201
139 229
140 186
140 228
141 149
141 219
141 228
142 231
142 235
143 164
143 167
143 174
143 186
143 190
143 198
143 223
144 242
145 168
146 173
146 201
146 243
147 174
147 206
147 224
147 246
148 150
148 158
148 177
148 184
149 167
149 207
149 247
150 239
151 158
151 184
151 196
151 213
151 247
152 220
153 172
153 196
153 229
154 163
154 194
154 198
154 214
154 231
155 158
156 158
156 180
156 189
156 207
156 209
156 216
156 221
156 238
157 186
157 201
157 220
158 229
158 257
159 232
160 246
161 244
162 176
162 223
162 227
162 255
163 198
163 211
163 221
163 228
164 166
164 190
164 214
164 254
165 186
165 197
165 199
165 233
166 178
166 237
166 239
166 250
166 265
167 182
167 192
167 198
167 210
167 216
167 217
167 246
167 266
169 237
170 229
170 232
170 257
170 269
171 186
171 228
171 249
172 188
172 208
172 238
172 252
172 259
172 264
173 176
173 224
173 234
173 246
173 253
174 185
174 219
174 235
175 225
176 190
176 206
176 220
176 222
176 224
177 226
178 179
178 181
178 191
178 211
178 252
178 258
179 202
179 246
180 200
180 250
180 268
181 259
182 216
182 224
182 257
182 276
182 282
183 242
183 270
183 281
184 212
185 204
185 246
185 259
185 263
185 269
185 279
186 230
186 269
187 190
187 227
187 234
187 249
187 257
188 281
189 235
189 251
189 286
190 199
190 251
190 254
190 281
191 192
191 198
192 201
192 203
192 219
192 265
193 202
193 205
193 235
193 240
193 249
193 261
193 288
193 293
194 197
194 201
194 224
194 253
194 276
194 278
194 284
195 237
195 282
195 293
196 206
196 252
196 256
196 295
197 207
197 265
198 215
198 276
199 217
199 219
199 227
199 233
199 246
199 265
199 274
200 277
200 282
200 296
201 203
201 211
201 231
202 242
202 261
202 277
202 288
202 301
203 206
203 224
203 299
203 301
204 227
204 304
205 218
205 265
206 210
206 217
206 218
206 223
206 288
206 303
207 223
207 239
207 251
207 252
207 288
208 230
208 236
209 232
209 294
210 241
210 247
210 249
210 279
210 290
211 227
212 215
212 257
212 260
213 239
213 244
213 245
213 305
214 215
214 275
214 286
215 251
216 236
216 280
216 281
217 248
217 256
218 220
218 303
220 275
220 291
220 294
221 249
221 250
221 259
221 283
221 293
222 280
223 226
223 236
223 263
224 246
224 255
224 295
225 226
225 258
226 241
226 277
227 276
227 319
228 270
228 279
228 284
228 312
229 232
229 315
230 234
230 268
230 302
231 241
231 246
231 254
232 260
232 319
232 322
233 247
233 277
234 237
234 299
234 318
235 278
235 291
236 261
236 268
236 303
237 252
237 269
237 282
237 285
237 286
237 290
237 304
239 257
239 288
239 305
239 315
239 320
240 290
240 296
240 305
240 315
241 250
241 274
241 294
241 338
242 254
242 320
242 340
243 262
243 306
243 338
244 248
244 340
245 274
245 275
245 322
245 323
245 326
245 336
245 338
246 251
246 281
246 299
247 280
247 306
248 278
248 294
249 258
249 266
249 314
249 347
250 273
250 289
250 328
250 344
250 350
251 256
251 269
251 289
251 303
251 312
252 277
252 326
252 328
253 259
253 264
253 265
253 294
253 342
254 321
254 344
255 345
256 302
256 324
256 356
257 288
257 290
257 317
257 332
258 278
258 342
258 351
259 304
259 349
261 345
262 286
262 303
262 319
262 353
263 286
263 291
263 326
263 338
264 288
264 302
264 344
265 277
265 329
267 270
267 299
268 287
268 302
269 272
269 276
269 322
270 319
271 299
271 307
271 339
271 349
272 286
272 343
272 347
272 371
273 310
273 343
274 319
274 325
274 357
274 368
275 295
275 336
275 353
276 286
276 306
276 358
277 281
277 285
277 305
277 326
277 375
278 314
278 345
278 347
278 349
278 359
278 360
278 371
279 329
280 305
281 305
281 337
282 317
282 376
283 302
283 316
283 329
283 344
284 287
284 307
284 329
284 363
285 383
286 293
286 301
286 310
286 347
286 353
286 364
287 347
288 298
288 306
288 346
288 351
288 371
288 378
289 309
289 331
289 372
290 324
290 343
290 377
291 356
292 298
292 336
292 367
293 313
293 316
294 321
294 357
294 358
295 299
295 311
295 358
295 362
296 312
296 316
296 327
296 328
296 330
297 385
297 389
299 335
300 323
300 355
301 337
301 350
301 371
301 398
302 314
302 357
303 327
303 353
303 377
303 385
305 333
305 370
306 307
306 319
306 320
306 395
307 308
307 324
307 351
307 354
307 361
307 363
307 368
308 323
308 383
309 351
309 385
310 338
310 375
310 380
310 406
311 319
311 387
312 334
312 343
312 366
312 368
312 375
312 388
312 396
312 403
312 405
313 319
313 340
313 356
313 374
313 375
313 382
313 392
313 399
314 344
314 372
315 326
315 328
315 342
315 351
315 353
315 356
316 331
316 357
316 367
316 373
316 397
317 336
317 344
317 356
318 362
318 416
319 365
319 391
319 402
320 331
320 347
320 380
320 402
321 344
322 333
322 397
323 330
323 403
324 335
324 346
324 349
324 365
325 360
325 373
326 375
326 390
326 416
327 349
327 377
327 379
327 416
328 330
328 350
329 361
329 390
329 394
330 354
330 360
330 365
331 398
332 338
332 346
332 369
333 371
333 408
334 337
334 426
335 363
336 397
337 360
338 373
338 383
338 411
339 342
339 345
339 384
339 403
339 406
339 408
339 420
339 432
340 347
340 349
340 406
340 436
341 401
341 433
342 350
342 412
342 420
342 435
343 398
344 396
344 398
344 435
345 365
345 443
346 384
346 426
347 391
347 397
347 399
347 418
347 427
347 445
348 430
348 447
349 361
349 379
349 432
350 373
350 411
350 439
351 376
351 379
351 380
352 359
352 371
352 401
352 415
353 368
353 370
353 441
354 371
354 381
354 401
355 365
355 373
355 433
356 380
356 388
356 443
357 391
357 403
357 407
358 376
359 372
359 381
359 409
359 417
359 424
359 433
360 388
360 391
360 414
361 375
361 407
362 380
362 382
362 417
363 400
363 410
363 424
363 450
363 452
363 463
364 372
364 414
364 452
364 459
365 389
365 398
365 401
365 408
365 440
365 453
366 385
367 392
367 414
367 436
368 404
368 409
369 432
369 439
370 394
370 406
370 418
370 465
371 392
371 431
371 444
371 464
372 415
376 390
376 396
376 413
376 418
376 427
376 473
377 391
377 431
378 385
378 391
378 416
378 439
378 475
380 392
380 398
380 457
381 433
381 448
381 464
382 419
382 431
382 435
383 389
383 427
383 453
384 423
385 394
385 395
385 480
386 391
386 416
386 429
386 446
386 447
386 450
387 450
387 463
388 459
388 465
389 399
389 403
389 410
389 464
389 484
390 398
390 444
391 448
392 401
393 417
393 442
394 422
394 444
395 399
396 402
396 413
396 419
396 427
397 421
397 438
397 447
397 451
397 454
398 430
398 463
398 472
398 479
398 484
399 469
400 402
400 449
400 456
401 408
401 432
401 442
401 497
402 437
402 457
402 461
402 496
403 446
403 498
404 420
404 427
404 431
404 481
405 443
405 458
405 477
405 490
405 502
406 473
406 499
406 502
409 429
409 432
409 444
409 451
409 479
409 503
410 418
411 424
412 428
412 491
413 419
413 450
413 457
413 480
413 485
413 489
414 444
415 453
415 477
415 501
416 422
416 440
416 480
417 421
417 422
417 453
417 455
417 502
418 490
419 450
420 424
420 429
420 432
420 447
420 491
420 495
420 509
421 444
422 431
423 434
423 439
423 485
423 518
424 443
424 461
424 463
424 473
424 486
424 487
424 502
425 443
425 508
426 471
426 475
426 516
426 524
427 511
427 519
428 489
429 432
429 488
429 520
429 528
430 431
430 446
430 471
430 479
430 513
430 514
430 518
431 444
431 504
431 509
431 521
432 435
432 461
433 447
433 479
433 489
433 529
434 465
434 532
435 466
435 467
435 473
435 477
435 502
436 442
436 478
436 532
437 467
437 514
437 517
437 528
438 462
438 469
439 522
439 524
440 463
440 507
440 508
441 456
441 476
441 479
441 526
442 459
442 521
443 453
443 478
443 481
443 522
445 454
445 476
445 515
446 452
446 496
446 497
446 510
447 485
447 489
447 512
447 517
447 537
447 543
448 532
448 539
449 494
449 541
449 542
450 488
450 493
450 537
450 539
451 468
451 516
451 548
452 551
453 476
453 523
453 529
453 535
453 537
454 465
454 529
455 481
455 545
456 461
456 501
456 523
456 529
457 487
457 537
458 549
458 557
459 461
459 469
459 490
459 520
460 481
460 502
460 523
460 531
461 488
461 504
461 525
462 493
462 506
462 510
462 519
462 530
463 500
463 508
464 486
465 495
465 543
466 488
466 512
466 564
467 515
467 546
467 559
468 493
468 505
468 530
469 503
469 523
469 543
469 551
469 555
470 477
470 502
470 547
471 509
471 544
471 551
471 563
472 491
472 561
474 480
474 504
474 515
474 518
474 529
475 526
475 538
475 549
475 568
476 522
476 532
476 556
477 479
477 480
477 526
477 549
477 577
478 479
478 485
478 511
479 496
479 519
479 573
479 578
480 483
480 511
481 517
481 537
482 493
482 528
482 581
483 505
483 524
483 541
483 556
483 574
484 525
484 554
484 573
485 497
485 578
485 579
485 583
486 504
486 529
487 512
488 502
488 507
488 524
488 532
488 558
489 540
489 548
489 553
489 556
489 561
489 565
489 568
489 583
490 496
490 515
490 522
490 555
490 588
491 500
492 530
492 541
492 569
493 501
493 513
493 517
493 537
493 591
494 497
494 536
494 548
494 566
494 579
494 591
494 594
495 503
495 580
496 513
496 515
497 597
498 593
499 524
499 529
499 574
500 502
500 507
500 531
500 543
501 502
501 511
501 533
501 547
502 555
503 542
504 592
504 593
505 579
506 525
506 539
506 553
506 570
506 598
507 524
507 535
507 542
507 554
507 581
508 509
508 510
508 515
508 607
509 542
509 553
509 560
509 568
510 540
511 530
511 584
511 604
512 532
512 541
512 548
512 555
513 530
513 573
513 601
513 607
515 539
517 536
517 594
518 592
519 543
519 557
519 560
519 561
520 532
520 605
520 618
521 541
521 551
521 552
522 549
522 587
522 598
523 592
524 552
524 588
524 619
525 539
525 554
525 569
525 572
526 579
527 541
527 552
527 568
529 550
529 559
529 578
530 552
530 553
530 554
530 621
530 628
531 584
532 604
533 552
533 562
533 617
534 539
534 590
534 620
535 621
536 615
537 555
537 572
537 590
537 611
537 631
538 601
539 549
539 550
539 563
539 572
539 597
540 541
540 563
540 578
540 593
540 594
541 594
542 566
542 603
542 637
543 563
543 583
543 592
543 598
543 604
543 634
544 559
544 589
544 612
544 626
545 548
545 563
545 565
545 590
545 592
545 606
545 623
545 638
545 642
545 645
546 593
546 609
546 637
547 551
547 555
547 558
547 563
547 574
547 575
547 589
548 550
548 583
548 588
550 595
550 635
551 616
551 645
552 572
553 558
555 583
555 609
555 624
555 652
556 570
556 571
556 631
557 587
558 560
558 598
558 608
558 620
558 640
558 641
559 562
559 606
559 631
559 646
560 570
560 578
560 590
561 572
561 577
561 617
562 580
562 625
563 575
563 579
563 610
563 655
563 663
564 566
564 582
564 584
564 606
564 627
564 643
565 578
565 625
566 567
566 612
567 572
567 590
567 625
568 578
568 645
568 659
569 601
569 652
570 623
570 629
570 638
572 623
572 641
573 620
573 625
573 665
574 583
574 590
575 589
575 626
575 638
575 655
576 623
576 624
576 625
576 641
577 613
577 618
577 622
578 618
578 630
579 617
579 618
579 658
579 661
580 586
580 670
581 585
581 669
582 583
582 584
582 652
582 673
583 669
584 621
584 623
584 629
584 633
584 676
585 602
585 666
587 600
587 650
587 661
587 662
587 674
587 683
588 639
588 643
588 680
589 592
589 601
589 618
589 645
589 670
589 676
590 614
590 617
590 647
591 619
592 619
592 621
592 628
592 642
592 645
593 594
593 624
593 629
593 652
594 631
594 640
594 676
594 678
595 631
596 610
596 633
596 659
596 664
596 676
596 684
597 638
597 661
597 668
598 618
598 628
598 629
598 635
598 664
598 667
598 691
599 601
599 629
599 651
599 691
599 694
600 620
600 635
600 640
600 678
600 688
601 635
601 639
602 632
602 639
602 684
602 693
603 608
603 614
603 617
603 628
603 631
605 667
605 699
606 612
606 626
606 630
606 660
606 669
607 688
607 700
608 622
608 626
608 641
608 646
608 647
608 662
608 680
609 667
609 692
610 626
610 655
610 661
611 622
611 648
611 654
611 692
612 675
612 677
612 704
613 656
613 678
614 620
614 674
614 685
614 714
615 645
615 658
615 665
615 711
617 651
617 659
617 666
617 702
618 718
619 623
619 690
620 678
620 688
621 656
621 667
622 629
622 634
622 641
622 664
623 653
623 663
623 690
624 640
624 692
624 694
624 700
625 665
625 669
625 670
625 682
625 690
625 700
626 634
626 639
626 650
626 674
626 679
626 694
626 696
626 703
626 723
626 724
627 698
628 633
628 644
628 655
628 714
629 652
629 691
629 716
630 644
630 652
630 674
630 722
631 642
631 645
631 669
632 644
632 713
632 723
633 680
633 697
634 669
634 678
635 666
635 669
636 648
636 650
637 698
637 716
637 731
638 681
638 684
638 698
638 723
639 669
639 724
639 726
640 671
640 712
640 726
640 736
641 648
641 649
641 683
641 731
642 659
642 676
642 706
642 717
643 663
643 679
644 671
644 694
644 696
644 704
644 716
644 724
645 660
645 677
645 705
646 653
646 659
646 736
648 719
649 669
649 674
649 725
650 691
650 716
651 673
651 706
651 750
652 688
652 691
652 741
653 661
653 689
653 714
653 742
653 744
654 695
655 666
655 683
655 689
655 727
655 745
655 746
655 747
656 715
656 753
657 698
657 713
657 755
658 729
658 751
659 692
659 742
659 746
660 685
660 731
660 749
661 673
661 699
661 700
661 733
662 756
663 666
663 673
663 701
664 675
665 666
665 722
666 672
666 676
666 747
667 761
667 764
668 747
668 756
668 764
669 670
670 674
670 681
670 719
670 744
670 749
671 745
671 759
672 704
672 719
672 728
672 753
672 769
673 684
673 685
673 723
673 731
673 760
673 764
673 769
674 685
674 686
675 706
675 724
675 745
676 713
676 760
677 687
677 691
677 747
677 749
677 764
678 683
678 708
678 709
678 740
678 750
678 766
678 772
678 776
679 707
679 715
679 722
679 760
679 772
680 697
680 706
680 715
680 737
680 765
681 726
683 704
683 752
683 755
683 775
684 714
684 716
684 722
684 726
684 770
684 779
685 722
685 732
685 778
686 690
686 753
686 761
687 704
687 705
687 768
688 760
689 745
690 697
690 780
691 723
691 773
692 693
692 745
693 755
694 760
695 701
695 703
695 726
695 727
695 789
697 700
697 739
697 750
697 768
697 794
698 727
698 743
698 755
698 760
699 720
699 781
700 706
700 711
700 736
700 758
700 795
701 766
701 768
701 769
701 777
701 793
702 722
702 734
702 782
703 734
703 745
704 777
705 719
705 748
706 714
706 720
706 798
707 727
707 744
707 784
707 785
708 804
708 805
709 749
709 755
709 794
710 794
711 737
711 776
711 781
712 749
713 771
714 733
714 778
715 727
715 743
715 775
715 803
715 810
716 762
716 784
717 766
717 801
717 807
717 815
718 728
718 768
719 744
719 791
719 812
720 754
720 785
720 809
721 755
721 793
722 744
722 795
723 755
723 763
723 815
724 726
724 766
724 772
725 777
726 729
726 735
726 776
726 777
726 801
726 811
726 812
726 826
727 747
727 771
727 800
728 761
728 786
728 816
728 823
729 732
729 738
729 774
730 776
730 794
731 776
732 763
732 793
732 821
733 774
733 785
733 812
734 748
734 752
734 762
735 747
735 810
736 807
736 814
737 738
737 788
737 794
737 804
737 819
739 760
739 816
740 741
740 810
740 821
741 760
741 822
742 766
742 780
742 790
742 795
742 819
742 839
743 792
743 804
744 839
745 773
745 801
746 753
746 754
746 793
746 797
746 798
747 843
748 791
749 795
749 806
750 762
750 777
750 820
751 777
751 780
751 793
751 813
751 841
752 802
752 814
753 762
753 781
753 830
754 773
754 780
754 787
754 795
754 812
755 807
755 818
755 828
756 768
756 853
757 763
757 767
757 804
758 784
759 761
759 770
759 807
759 808
760 840
761 812
762 829
762 861
763 767
763 768
763 770
763 831
763 858
764 807
764 808
764 829
764 851
764 855
765 800
765 809
765 832
765 839
765 853
766 779
766 780
766 794
766 826
766 830
767 798
767 852
767 858
767 859
768 777
768 827
768 839
769 784
769 785
769 829
769 869
770 807
770 821
770 849
771 773
771 776
771 779
771 871
772 783
772 831
772 832
772 839
772 861
772 866
773 797
773 832
773 841
774 843
774 849
774 874
775 778
775 822
775 829
775 839
775 848
776 781
776 789
776 792
776 815
776 825
776 840
777 794
777 850
777 852
778 799
778 867
779 785
779 795
779 809
779 817
780 811
780 877
781 818
781 823
781 827
782 784
782 844
782 862
782 873
784 822
784 882
785 829
785 861
785 875
786 823
787 809
787 810
787 845
788 822
789 795
790 812
790 881
791 800
791 873
791 881
792 801
792 820
792 839
792 863
792 866
793 800
793 820
793 856
794 845
794 847
794 883
794 889
795 818
795 846
795 854
795 895
796 811
796 828
797 861
798 821
798 861
798 867
798 872
798 888
799 804
799 830
799 873
799 886
801 809
801 820
801 855
801 866
802 849
803 820
803 840
803 889
803 893
804 817
804 826
804 872
805 849
805 855
805 867
805 893
806 820
806 904
807 808
807 861
807 863
807 882
807 884
807 888
807 891
807 896
807 907
808 844
808 857
808 867
808 896
809 823
809 843
809 892
809 895
810 833
810 869
810 875
810 901
810 903
810 909
811 900
812 846
812 867
812 873
812 912
813 849
813 902
813 905
813 910
814 857
814 862
814 873
814 901
815 822
815 827
815 878
815 900
816 819
817 829
817 830
817 831
817 897
818 839
818 855
818 884
818 908
819 864
819 879
820 822
820 896
821 863
821 895
821 908
823 858
823 883
823 904
823 905
824 842
824 855
824 891
825 832
825 852
825 901
825 911
825 914
825 918
826 845
826 892
826 911
827 879
827 925
828 872
828 880
828 881
828 908
828 917
829 837
829 881
829 907
830 870
830 883
830 885
830 906
830 909
831 859
831 888
831 895
832 840
832 852
832 927
833 838
833 846
833 925
833 929
834 840
834 841
834 849
834 852
834 857
834 873
834 891
834 917
835 838
835 899
835 912
836 839
836 847
836 859
836 902
836 906
836 927
836 936
837 851
837 923
838 851
838 867
838 916
839 889
839 892
839 895
839 924
840 860
840 866
840 869
840 886
840 901
840 935
841 842
841 866
841 876
841 898
841 901
841 905
841 919
841 926
842 851
842 878
842 883
842 914
842 924
843 847
843 863
843 916
843 922
844 851
845 854
845 869
845 931
846 865
846 882
846 896
846 919
846 922
847 867
847 870
848 885
848 905
848 912
848 939
849 871
849 885
849 910
849 911
849 914
849 937
850 873
850 876
850 889
851 891
851 909
851 917
852 907
852 921
853 944
853 952
854 882
854 918
854 945
854 951
856 881
856 890
856 893
856 912
857 860
857 864
857 909
857 942
858 875
859 899
859 947
860 863
860 897
860 931
861 864
861 879
861 900
861 903
861 954
862 915
862 916
863 869
863 888
863 900
863 943
863 960
864 949
864 959
865 961
866 869
866 883
866 901
866 913
866 922
867 912
868 872
868 891
868 932
869 939
871 890
871 918
871 971
872 943
873 928
873 954
873 961
874 892
874 903
874 923
874 935
874 950
874 963
874 971
875 913
875 924
875 952
876 897
876 921
877 878
878 905
878 941
878 944
878 978
879 903
879 920
879 942
880 891
880 897
880 901
880 905
881 896
881 909
881 955
883 933
883 954
883 964
884 904
884 917
884 928
885 911
885 926
885 942
885 962
885 969
886 938
887 891
887 901
887 915
887 960
887 965
888 907
888 923
888 988
889 901
889 912
889 939
889 941
889 966
890 904
890 905
891 918
891 920
891 924
892 907
892 917
892 939
892 968
893 939
893 941
893 966
894 981
895 972
896 930
896 965
896 969
896 995
897 918
897 923
897 928
897 941
898 903
898 994
899 911
899 962
900 946
900 959
901 928
901 984
901 988
902 915
902 921
902 963
902 999
903 905
903 924
903 933
903 935
903 952
903 968
903 999
904 914
904 942
905 913
905 956
905 961
906 956
907 971
908 911
908 941
908 950
908 957
909 920
910 948
910 951
910 962
910 970
910 983
911 930
911 989
912 938
912 970
912 975
913 946
913 967
913 972
914 917
914 920
914 931
914 992
915 985
915 996
916 969
917 976
917 998
918 987
918 999
919 928
919 931
920 964
920 990
921 949
922 925
923 985
924 932
924 938
924 941
924 1000
925 966
925 988
926 933
926 976
926 979
927 929
928 950
928 976
929 967
929 974
931 935
932 955
932 967
933 984
934 979
934 995
934 999
935 950
935 963
935 966
935 972
936 945
936 974
937 953
937 981
937 998
938 969
938 981
939 943
939 999
940 969
940 972
940 988
941 958
941 988
943 994
944 945
944 973
945 950
945 972
945 988
946 954
947 962
947 993
949 985
951 977
952 982
952 994
954 965
954 968
954 974
954 979
954 985
956 990
957 958
957 985
957 991
959 981
960 980
960 997
962 990
964 991
965 969
966 978
970 993
975 994
979 998
980 990
987 998
989 994
992 998
1 3 9 10 5 7 14 6 2 10
7 18 2 25 6 1 0 8 15 3
8 4 12 33 26 4 27 5 13 15
1 0 2 2 6 8 7 5 5 16
13 16 7 11 1 15 30 4 25 25
6 16 1 10 26 3 16 17 14 3
8 5 8 8 10 11 5 4 9 0
17 9 27 9 19 5 28 13 10 10
7 10 23 5 10 12 3 4 3 2
12 10 32 8 30 9 9 8 21 10
12 32 5 11 17 8 6 8 10 2
1 16 13 9 5 7 0 10 9 20
17 5 16 22 16 16 21 5 10 21
12 3 11 17 1 6 25 12 10 1
5 1 16 25 8 16 13 16 6 33
3 1 4 15 4 10 6 8 10 28
7 7 2 19 27 1 8 6 4 3
12 0 9 4 8 11 21 2 7 15
1 4 4 16 15 16 3 2 16 10
10 9 24 14 12 3 18 4 14 13
41 40 39 45 20 28 41 25 37 25 25 26 26 42 19 35 49 39 36 36
17 15 6 25 5 11 14 1 14 1 7 4 5 20 13 15 22 15 9 2
13 18 1 15 9 9 6 1 10 1 6 16 1 9 1 12 12 5 15 1
8 13 1 16 1 6 8 1 15 1 3 11 1 7 2 5 9 6 7 1
24 25 8 33 15 21 9 1 3 1 8 15 1 14 9 27 22 12 20 2
42 49 21 43 9 35 46 18 53 15 37 45 12 37 30 38 51 25 40 21
23 20 15 27 3 16 23 5 18 5 8 16 9 23 21 23 23 15 23 9
43 60 21 66 23 34 48 18 43 25 35 49 9 42 28 52 45 36 37 24
35 37 20 50 12 33 33 7 38 8 21 26 8 23 25 29 43 31 33 17
21 20 9 31 6 16 13 9 21 1 12 17 6 16 9 12 28 17 13 10
11 20 5 24 5 12 11 1 12 1 4 17 2 1 6 14 14 8 24 5
45 53 30 47 26 42 43 25 41 26 43 21 14 41 8 28 59 34 40 33
40 36 12 55 36 24 36 11 34 11 21 28 13 31 21 35 25 43 29 20
17 20 8 27 5 19 14 1 9 1 10 13 4 10 14 22 19 10 21 4
4 17 1 4 4 10 9 1 8 1 7 5 1 15 1 2 11 1 4 1
4 4 1 6 5 3 6 1 4 1 4 5 1 10 2 5 3 4 4 1
37 25 24 49 23 14 27 12 26 14 4 21 22 30 24 37 30 37 36 21
48 55 41 54 19 34 57 31 55 36 39 36 28 46 23 44 63 41 49 39
10 9 7 20 2 5 8 2 2 1 1 6 6 11 10 12 9 13 13 2
37 32 25 35 13 22 29 15 33 15 23 27 12 22 10 22 40 24 23 25
15 8 3 17 8 3 7 1 7 1 1 12 2 12 6 12 3 10 14 1
58 42 29 69 30 27 47 12 40 9 26 40 22 40 38 56 47 47 50 18
28 32 14 35 19 10 19 7 23 7 10 31 4 20 7 23 17 23 19 19
4 26 1 20 1 9 15 1 14 5 15 17 1 3 1 14 18 1 19 1
36 55 27 48 33 37 42 5 30 10 34 39 16 28 15 43 47 27 50 18
17 12 11 24 8 7 10 5 16 4 5 6 2 13 4 7 18 19 7 12
32 29 20 43 19 25 42 14 33 18 25 6 17 35 14 30 38 37 36 17
42 41 27 47 22 29 40 18 37 11 36 30 25 28 18 35 51 37 37 25
8 3 1 12 2 1 2 1 3 1 1 6 1 5 4 5 1 8 5 1
32 16 9 46 20 22 35 18 35 19 22 34 10 23 14 29 16 36 34 15
55 52 22 69 31 29 50 7 46 15 34 52 12 39 41 61 47 41 52 15
4 4 1 4 1 1 1 1 2 1 1 5 1 1 1 1 1 1 2 1
35 37 17 45 28 12 31 5 28 4 13 27 17 35 21 33 23 37 28 23
45 56 33 57 32 26 42 24 47 35 38 52 21 33 17 44 47 37 43 35
23 13 3 25 8 3 13 6 20 3 10 25 6 13 15 20 14 13 15 1
34 34 20 46 30 25 28 1 16 3 22 28 13 20 12 35 30 28 39 8
23 18 6 34 5 12 18 3 28 9 9 28 1 3 13 17 14 16 20 4
19 26 12 20 4 19 17 9 19 5 14 19 2 19 5 11 23 12 14 14
6 8 1 12 4 6 6 1 7 1 4 5 1 6 5 5 7 8 1 1
8 12 1 13 5 7 9 1 9 1 7 11 1 10 4 6 9 7 9 4
35 32 28 47 26 19 38 19 37 22 21 28 24 29 17 30 32 42 36 25
11 4 1 9 4 4 6 1 10 1 4 5 1 6 6 1 8 5 4 1
58 42 28 68 37 19 44 17 48 20 18 46 23 36 33 48 32 53 43 34
28 29 2 29 10 18 24 9 33 10 16 22 1 27 10 15 20 17 18 4
5 8 4 8 10 1 8 1 9 1 2 8 4 4 1 4 3 8 12 5
7 15 1 15 1 8 10 1 10 1 6 9 1 13 4 6 9 6 8 1
22 26 10 19 9 18 19 9 23 7 16 12 3 22 1 7 27 10 17 14
12 10 1 23 8 8 5 1 1 1 3 9 1 10 6 18 6 8 16 1
2 5 1 10 1 1 1 1 2 1 1 5 1 1 1 1 1 7 4 1
4 19 5 16 6 13 4 4 5 1 6 9 1 5 5 9 14 8 11 6
16 11 11 27 20 7 21 9 22 15 12 15 11 9 2 10 11 27 15 13
9 8 3 13 5 3 8 1 12 1 4 9 3 6 1 3 6 10 10 4
49 41 20 56 32 23 40 15 41 9 30 37 23 36 28 45 43 42 34 25
34 40 11 33 14 27 28 9 37 10 19 29 1 30 19 24 31 18 26 12
23 18 9 25 1 14 15 1 16 1 5 13 4 13 17 16 22 11 16 3
11 12 3 15 3 11 11 1 14 1 6 1 1 13 6 4 17 10 7 3
51 33 26 65 28 22 52 27 59 27 39 49 28 31 27 42 38 53 43 27
8 3 2 10 6 4 6 1 7 1 4 2 1 12 5 7 5 7 2 1
50 26 20 59 26 10 34 12 35 9 11 28 24 37 37 43 32 46 33 23
6 13 1 20 1 8 7 2 11 3 3 10 1 2 2 6 6 13 8 1
10 14 1 16 8 6 9 1 10 1 6 15 1 15 5 11 6 7 9 1
15 12 1 22 14 1 8 1 8 1 1 16 1 16 10 16 2 15 7 3
13 17 6 16 1 13 11 4 14 1 7 6 3 12 11 8 21 11 4 5
25 10 12 26 3 8 21 10 21 1 12 14 14 24 22 18 21 22 11 6
46 30 19 61 27 38 35 11 32 16 28 34 6 22 26 38 37 41 37 12
34 45 16 40 22 18 40 7 42 26 33 41 17 19 15 36 38 20 43 24
5 22 1 12 7 13 11 1 13 1 11 9 1 10 1 9 16 1 11 2
9 17 3 12 9 9 12 1 11 1 6 7 1 18 4 8 11 10 7 3
6 9 2 10 5 4 4 1 6 1 1 5 2 1 1 1 8 6 9 4
15 19 14 19 15 7 14 5 15 9 9 15 12 8 6 13 16 19 20 16
21 24 5 28 13 11 11 1 9 1 4 21 3 21 16 25 12 15 17 4
45 26 27 56 10 15 33 13 38 8 15 29 25 22 30 37 40 40 38 21
15 17 14 24 9 14 13 6 6 1 6 8 8 19 10 17 20 16 19 11
33 40 14 36 35 13 26 15 27 2 16 33 19 32 22 28 17 31 26 30
30 45 19 29 6 34 34 20 35 18 30 26 3 33 1 13 40 15 32 23
23 25 19 25 19 9 16 6 13 7 8 19 12 21 10 19 18 22 20 17
31 32 28 32 16 29 33 22 26 17 24 18 15 42 17 26 36 29 21 25
10 12 5 17 3 9 10 1 5 1 6 8 4 13 8 12 10 10 12 1
12 6 1 10 5 4 5 1 6 1 3 12 1 7 5 7 4 5 11 1
26 41 8 38 9 24 26 4 27 10 25 29 2 20 16 32 36 9 31 7
14 1 4 16 1 1 4 1 3 1 1 2 3 6 9 8 7 11 9 1
37 37 14 38 35 6 27 8 32 10 15 35 19 27 17 31 19 32 30 26
19 27 10 33 6 19 22 7 21 4 12 17 5 24 10 21 23 18 20 6
23 35 15 19 1 33 23 19 24 15 25 10 2 27 1 3 36 9 17 18
25 24 16 28 3 20 13 7 17 7 9 24 1 12 13 17 23 13 18 16
3 12 1 21 3 9 6 2 6 3 5 6 1 2 3 8 10 10 8 1
36 27 19 45 22 19 33 4 26 8 21 10 16 30 15 33 39 31 34 13
3 17 1 11 5 3 10 1 12 3 6 13 1 5 1 10 10 6 12 3
33 38 17 45 28 16 37 17 41 27 29 42 11 20 6 28 28 30 32 23
35 34 14 53 1 18 35 5 36 22 19 36 15 14 34 43 35 24 45 16
10 7 9 19 6 7 10 4 1 1 1 4 8 14 12 13 9 14 10 4
7 3 1 8 2 3 3 1 1 1 1 6 1 4 2 4 3 1 7 1
8 14 1 15 8 4 8 1 14 1 4 12 1 6 4 10 9 8 12 2
37 64 23 48 19 43 50 18 46 28 49 34 9 31 8 34 58 25 48 26
22 13 8 27 3 12 18 7 20 1 12 12 10 16 17 16 23 21 13 6
2 13 3 12 1 9 1 1 1 1 1 3 1 3 3 6 10 5 5 3
16 10 12 27 7 9 10 6 8 4 1 7 8 15 13 16 14 21 17 9
1 11 1 4 2 7 5 1 3 1 3 2 1 7 1 1 8 2 1 1
25 41 4 43 11 26 31 4 34 6 30 27 2 20 12 29 42 17 30 2
33 54 28 47 21 41 39 21 32 20 39 32 13 38 17 39 49 31 35 23
1 8 1 3 1 6 9 1 7 1 4 1 1 5 1 1 6 2 3 1
30 40 9 38 20 14 37 1 40 16 26 32 8 24 20 33 30 21 31 12
1 8 1 3 1 7 7 1 5 1 5 1 1 6 1 1 8 1 1 1
10 13 7 16 3 9 7 1 2 1 3 3 4 11 8 12 14 11 12 3
15 17 12 21 8 8 17 1 13 4 6 10 11 11 10 13 15 19 21 9
43 52 15 59 25 23 39 8 36 11 26 38 9 36 29 46 42 34 40 17
40 43 15 49 16 25 43 8 49 17 25 35 6 31 21 33 37 29 40 13
35 25 15 43 21 20 25 3 27 8 17 23 10 14 17 29 33 23 32 14
30 52 8 49 5 36 49 10 45 28 41 31 12 26 24 37 47 26 44 15
24 15 8 32 5 15 25 10 29 6 16 13 10 25 18 14 26 26 10 4
27 21 18 31 19 11 29 9 22 7 4 14 15 35 23 27 23 30 20 18
25 11 7 36 8 18 22 10 22 12 11 25 1 10 13 20 9 24 19 8
48 31 22 47 15 14 29 10 33 8 7 36 11 34 38 42 32 33 32 19
26 28 9 31 12 11 30 4 35 9 20 17 8 24 8 19 26 21 29 8
10 14 2 17 4 12 5 1 3 1 5 1 1 6 4 10 17 7 8 1
12 11 1 12 1 10 10 1 10 1 8 12 1 9 6 8 9 4 10 1
33 24 13 36 17 16 20 3 25 5 9 26 7 18 21 24 27 21 22 13
31 18 23 42 14 20 29 23 27 19 9 24 15 29 19 24 24 35 26 22
34 35 17 39 11 25 19 19 23 6 21 32 9 30 18 29 36 22 14 17
45 48 25 37 14 42 38 27 44 21 32 37 9 40 21 27 50 24 31 27
51 25 29 58 14 29 37 35 38 21 27 39 19 37 28 36 38 48 23 28
31 31 30 43 18 20 35 21 34 20 6 24 25 30 26 33 38 35 39 27
57 52 25 70 32 27 48 22 53 12 21 44 26 51 47 54 41 50 49 34
11 11 1 12 1 8 7 1 8 1 4 11 1 5 6 8 9 4 9 1
44 35 18 58 13 45 40 33 45 19 40 39 11 35 18 33 47 40 21 26
30 31 9 50 11 23 30 3 37 9 19 30 1 10 18 28 31 27 34 7
3 25 1 17 1 15 14 1 18 1 14 6 1 7 1 8 19 7 12 1
18 25 6 25 4 11 12 1 17 3 6 25 1 7 10 22 18 5 22 4
30 43 1 45 17 18 32 5 41 10 22 32 1 30 16 30 28 22 25 6
7 6 1 14 2 7 3 1 2 1 2 8 1 4 5 9 5 3 9 1
20 27 10 22 7 21 19 10 24 7 15 12 5 26 10 11 25 16 17 9
18 26 7 28 17 18 17 8 22 6 9 18 3 19 5 12 19 20 11 9
23 12 14 25 4 10 21 9 20 8 8 7 13 21 20 17 22 23 18 10
37 43 15 44 14 20 26 13 32 17 23 43 2 27 20 36 34 17 24 15
34 24 15 35 11 21 19 17 22 9 19 26 6 31 16 24 31 21 9 15
17 14 1 16 1 12 19 5 22 3 13 2 2 20 10 6 21 15 9 2
21 21 7 31 5 14 19 1 18 1 11 16 5 12 14 23 20 15 29 2
29 25 24 37 16 16 34 14 30 15 14 14 19 34 16 25 32 33 28 21
3 2 1 8 1 1 1 1 1 1 1 1 1 1 1 1 4 1 1 1
45 44 9 50 6 24 46 8 47 24 35 40 16 34 34 43 46 25 41 13
6 8 4 15 1 4 4 1 5 1 1 6 3 5 7 7 5 12 5 3
40 37 31 53 21 19 41 22 46 18 28 34 27 33 24 33 44 45 32 27
18 12 15 21 9 2 13 1 8 4 4 9 12 8 8 15 14 20 20 12
31 48 13 43 11 32 30 6 29 10 29 34 1 19 14 33 46 11 34 9
39 39 19 52 27 25 39 16 35 13 12 26 17 43 29 40 34 43 31 23
49 42 19 61 31 22 47 10 44 3 30 30 24 45 33 46 41 50 34 21
45 53 33 61 33 38 38 11 22 8 32 41 17 42 22 48 43 44 43 18
21 28 7 31 7 23 24 5 30 8 14 24 1 18 13 18 22 16 21 5
24 36 19 32 8 26 25 10 23 7 21 18 6 21 7 21 34 20 23 17
27 31 21 38 8 24 20 15 13 10 14 23 11 22 18 30 30 22 32 18
7 11 1 10 4 4 8 1 15 1 5 7 1 9 3 1 9 7 5 1
23 23 6 30 6 17 12 3 15 1 9 17 3 8 15 20 24 13 21 4
48 48 15 62 38 26 50 19 56 30 35 55 11 32 17 42 35 42 40 31
20 13 5 27 8 1 15 1 18 2 5 19 4 10 10 20 12 14 24 1
54 58 29 59 19 46 46 28 45 22 41 36 15 51 19 33 57 40 46 28
29 39 19 42 15 24 21 13 18 9 18 31 6 33 15 33 27 25 23 15
22 24 19 34 7 17 18 14 17 11 10 24 7 20 11 19 19 26 20 16
28 35 17 36 18 20 21 6 25 6 12 29 9 15 12 27 28 16 32 17
18 5 9 27 5 6 17 7 15 7 3 7 8 19 12 14 11 21 11 4
8 7 5 14 6 3 6 1 6 1 1 6 4 6 6 6 4 13 10 4
4 12 2 9 1 8 5 1 3 1 3 7 1 8 1 3 9 2 3 3
14 13 7 24 1 10 7 1 1 1 1 9 3 10 11 16 13 9 15 2
16 22 5 27 11 13 11 8 22 7 7 19 1 10 6 11 17 15 10 6
3 22 1 19 4 7 14 1 13 5 13 14 1 5 5 17 14 7 20 1
47 55 11 59 28 24 41 13 42 10 34 50 14 33 33 52 43 34 41 18
49 41 23 60 42 16 47 22 43 13 25 41 31 47 38 46 23 55 40 34
35 25 13 48 15 19 35 11 43 14 19 33 10 15 20 25 26 33 31 12
25 22 8 41 10 6 23 5 22 9 6 29 5 19 17 30 14 23 24 3
28 27 17 34 22 21 19 4 19 10 12 28 8 18 18 28 22 18 30 16
9 17 3 15 4 11 12 1 13 1 5 14 2 7 4 7 12 5 17 3
9 10 7 21 9 1 13 1 15 5 2 8 6 5 3 7 6 21 13 6
15 18 1 21 2 10 11 1 18 1 7 18 1 6 7 12 15 3 18 1
37 31 14 41 18 24 32 15 36 7 25 23 16 36 23 27 38 31 22 14
31 31 8 43 10 18 29 2 35 2 17 26 6 24 18 28 31 21 31 3
11 20 3 26 11 5 14 1 11 1 8 17 2 10 4 21 11 11 24 1
23 9 6 26 2 7 14 8 18 1 11 17 8 18 17 16 17 17 8 4
50 68 41 58 20 48 58 31 55 37 50 45 20 46 21 44 63 39 57 39
20 21 11 33 7 18 10 2 11 1 7 10 2 4 6 17 23 16 22 10
49 42 16 50 16 19 47 15 49 19 24 38 14 44 36 45 42 30 41 14
2 4 1 8 1 1 2 1 1 1 1 4 1 1 1 1 2 2 2 1
6 6 1 11 6 3 3 1 4 1 1 4 1 7 5 6 5 9 4 3
24 24 4 33 5 26 24 13 30 7 20 16 3 18 9 12 33 19 16 5
32 41 20 53 9 27 29 9 33 11 21 32 6 18 19 34 40 24 38 16
9 16 1 13 6 3 5 1 6 1 2 18 1 9 2 11 4 1 11 1
11 25 1 16 7 17 15 1 14 1 14 11 1 16 3 14 18 7 19 1
48 54 27 60 15 36 58 11 54 31 38 48 26 36 42 55 54 35 60 31
41 54 38 62 21 45 52 28 39 26 34 36 23 46 27 48 57 45 45 28
28 26 13 32 13 20 11 7 10 3 9 20 5 24 16 26 23 13 18 9
12 10 3 17 10 7 8 1 7 1 2 14 2 10 4 10 6 6 13 3
30 27 13 35 11 22 19 2 25 3 11 21 1 27 19 23 26 17 15 10
6 14 3 9 6 6 10 1 12 1 4 7 2 9 4 5 9 10 10 4
8 10 1 6 3 1 6 1 10 1 3 10 1 6 1 2 6 1 7 1
19 39 9 31 15 17 26 4 23 6 17 26 5 29 15 28 24 16 20 8
6 14 1 12 4 4 9 1 13 3 6 13 1 3 1 6 7 8 13 3
44 24 26 54 22 23 38 18 35 21 11 33 18 39 36 42 28 40 34 19
32 31 11 47 4 15 27 6 37 14 17 36 6 10 27 32 31 20 32 8
5 12 2 7 5 9 10 1 9 1 8 3 1 14 4 5 11 7 4 3
35 30 27 42 13 28 28 20 22 15 16 21 18 32 23 33 39 28 35 24
8 27 1 26 1 16 16 1 18 1 14 19 1 6 5 17 19 4 21 1
23 25 19 40 9 11 33 11 31 15 15 23 14 16 12 24 25 31 32 16
32 45 14 40 31 28 35 3 28 7 27 30 9 29 12 35 33 26 37 11
7 19 2 14 1 10 11 1 13 1 7 15 1 6 4 8 11 3 12 2
15 7 1 27 1 4 7 3 18 2 1 14 2 1 8 7 10 18 11 1
22 33 22 30 16 14 28 8 23 8 16 17 15 29 8 23 30 23 25 19
40 30 20 56 25 13 35 12 37 20 17 37 18 23 21 38 25 40 39 16
55 46 37 72 19 36 48 25 47 20 25 39 22 38 33 52 60 46 51 31
62 63 31 65 30 47 48 18 44 18 34 46 11 55 39 55 57 40 40 31
24 37 16 42 15 27 27 4 28 11 19 30 6 10 16 29 30 22 39 16
17 26 1 38 9 16 17 2 20 6 13 21 1 5 5 23 20 18 27 1
28 26 14 44 21 10 33 12 42 18 22 28 16 17 12 23 28 35 27 15
45 55 25 63 31 46 62 27 58 37 54 38 16 40 8 36 49 49 56 28
5 9 1 13 1 9 6 1 4 1 6 5 1 5 4 7 8 7 9 1
9 28 5 19 9 17 10 4 13 1 9 13 1 23 5 10 18 11 3 6
29 27 7 45 13 22 29 9 33 2 22 26 8 18 14 25 31 29 27 5
42 65 8 50 26 30 51 16 51 23 42 45 11 45 31 44 39 29 45 25
26 52 16 37 19 40 40 5 28 7 40 26 9 31 9 27 44 22 39 7
2 12 1 3 2 6 9 1 9 1 7 7 1 9 1 1 7 3 5 1
16 18 1 33 17 8 14 1 11 1 3 12 1 19 13 23 7 23 10 3
39 44 19 60 28 47 47 33 42 32 43 43 13 38 14 42 44 44 37 30
1 11 1 5 1 1 3 1 4 1 1 7 1 1 1 4 3 3 5 1
10 11 1 12 3 5 9 1 14 1 6 12 1 8 1 4 7 5 9 1
56 51 34 72 28 37 46 26 53 30 32 55 17 33 28 47 49 46 43 32
33 21 20 38 14 11 20 6 22 10 10 18 17 12 17 24 29 28 29 17
12 14 10 29 5 10 14 5 11 5 7 8 9 14 13 18 14 19 18 5
24 27 20 30 13 15 16 9 18 10 14 15 10 17 6 17 29 21 19 20
10 9 6 16 7 1 9 1 11 3 3 12 6 1 1 6 5 12 17 7
45 54 30 47 18 53 41 25 34 23 39 32 11 42 24 40 53 26 38 28
35 32 17 47 27 15 25 12 35 15 14 29 14 21 16 25 29 38 24 18
41 28 30 55 20 27 39 14 37 19 17 28 20 36 33 41 36 39 43 24
7 18 4 16 10 12 9 1 9 1 9 11 1 15 7 14 11 8 11 1
52 40 26 62 13 25 50 16 52 22 28 46 20 40 44 53 52 35 47 19
33 39 18 41 21 17 29 11 24 6 14 32 11 39 22 32 22 31 24 22
1 8 2 11 1 3 5 1 7 1 1 3 1 1 1 1 6 9 5 4
53 46 37 49 16 42 50 27 45 31 29 33 20 54 30 36 51 36 49 33
28 25 15 29 9 19 29 15 25 14 14 13 13 37 17 22 29 21 25 13
23 17 12 29 9 8 12 6 11 1 1 8 6 24 16 20 20 21 12 9
5 15 4 12 1 14 10 1 8 1 9 5 1 9 5 7 15 8 9 5
15 20 1 21 5 7 10 3 16 1 8 18 2 11 7 14 20 8 9 1
45 39 28 55 21 25 37 16 45 13 30 42 24 24 28 42 44 35 45 26
50 50 26 62 36 42 48 18 49 22 37 36 16 32 17 38 54 41 43 24
23 17 12 26 5 15 12 11 15 5 9 16 2 15 7 12 25 16 9 14
39 34 17 51 19 28 28 2 22 1 23 33 11 22 26 37 37 31 37 1
29 22 22 36 14 18 29 13 29 10 7 13 18 33 20 23 33 29 26 19
12 10 4 11 5 5 8 1 10 1 1 15 4 4 5 7 5 7 16 5
6 4 1 14 1 2 1 1 1 1 1 5 1 1 4 6 3 5 5 1
30 30 6 37 21 2 24 6 21 1 8 28 13 30 25 33 9 28 26 13
10 19 1 16 9 5 8 1 12 1 4 13 1 15 6 12 7 12 7 1
28 37 17 39 10 21 23 9 29 12 17 32 5 13 14 27 36 15 32 17
38 56 18 53 34 33 55 23 58 37 48 43 17 34 12 37 46 36 46 24
59 62 32 63 31 34 52 21 59 20 38 55 21 48 34 51 58 41 43 33
2 20 1 12 2 5 16 1 16 5 13 14 1 8 3 10 12 6 13 1
25 20 16 33 14 4 17 6 26 11 10 17 13 9 9 16 22 28 23 17
9 25 1 17 10 6 10 1 10 1 5 20 1 12 3 15 10 4 11 2
21 31 16 31 1 21 16 9 13 6 13 26 3 15 12 25 24 12 24 11
42 39 30 58 16 37 38 17 30 15 23 28 14 27 22 37 43 38 41 23
18 7 9 21 9 3 12 1 10 1 1 2 8 16 11 14 15 17 13 6
16 16 1 18 8 4 8 1 15 1 4 17 1 12 5 10 9 8 12 1
45 53 9 55 30 33 42 6 42 6 29 40 6 38 23 40 36 33 39 9
35 38 18 53 12 21 43 8 45 21 25 33 15 22 25 36 39 30 44 16
39 39 10 45 16 16 28 9 32 1 18 39 9 35 27 36 29 25 21 14
30 36 9 41 6 20 30 7 35 11 25 36 7 11 22 33 38 13 35 6
47 25 19 48 17 25 41 24 42 24 20 23 14 44 25 29 32 40 33 17
43 37 10 55 25 48 42 17 41 19 36 33 2 28 13 33 44 33 35 14
11 13 6 16 7 8 11 1 11 1 5 14 6 6 6 8 10 11 17 7
28 33 15 31 11 23 34 11 38 16 22 21 6 25 3 12 28 22 33 16
10 8 1 16 5 8 9 3 14 4 4 11 1 5 1 1 6 9 3 1
48 31 31 54 24 20 38 14 38 19 15 38 21 35 37 46 34 36 48 25
16 20 4 25 8 10 9 5 18 3 4 17 2 11 6 10 18 12 10 5
20 34 1 29 8 13 26 1 26 10 21 30 1 20 14 27 20 7 23 1
46 42 14 38 13 28 31 16 35 9 21 32 2 42 24 28 37 24 22 17
17 13 8 20 11 5 12 1 15 5 6 12 8 6 6 10 14 14 17 9
17 19 7 31 9 11 15 3 15 3 7 8 6 21 12 20 20 18 13 3
53 46 38 60 23 45 40 28 44 18 35 43 27 35 40 46 58 41 45 37
18 22 10 22 4 17 11 1 8 1 4 17 1 18 11 17 17 5 12 6
49 42 19 46 23 27 44 13 54 14 29 39 12 39 28 33 41 33 35 20
22 21 8 30 23 12 15 1 11 5 11 17 8 12 6 24 17 17 25 9
7 12 1 15 6 7 7 1 7 1 5 10 1 10 4 7 8 7 7 1
3 6 1 9 1 1 2 1 4 1 1 7 1 1 1 1 2 4 11 1
35 31 21 45 7 17 27 16 32 11 22 34 11 20 16 29 36 28 25 20
14 14 8 21 12 3 5 1 8 1 1 11 3 10 3 11 9 16 12 9
35 43 19 52 15 19 46 5 42 28 31 35 24 25 27 44 42 34 48 25
32 31 9 47 25 30 28 12 30 16 20 38 1 20 15 31 20 25 28 12
36 45 2 50 16 36 46 18 55 30 42 38 2 25 16 30 43 25 35 13
37 45 10 50 22 49 50 31 51 32 46 34 6 32 4 27 43 38 44 26
19 26 8 30 14 21 20 1 12 1 18 15 4 21 9 23 20 16 24 1
7 8 4 17 4 6 8 1 7 1 4 6 3 7 6 7 7 13 10 4
10 16 1 13 3 11 13 3 19 3 11 4 1 14 6 3 18 9 3 2
24 23 16 30 1 10 18 11 20 8 9 18 9 16 17 20 29 17 19 12
32 28 11 46 12 21 20 2 21 2 8 21 3 18 19 30 28 25 29 6
16 18 7 23 2 11 19 1 16 1 6 16 3 14 12 18 13 11 24 1
6 4 1 9 1 1 1 1 1 1 1 4 1 1 3 5 2 5 6 1
52 49 24 54 14 29 53 24 56 19 41 41 21 48 31 41 50 40 46 23
3 7 3 6 6 6 4 2 2 1 2 2 1 8 1 3 7 4 2 4
19 17 9 28 13 15 20 8 27 7 11 11 9 15 9 10 26 22 13 11
20 29 9 28 12 18 16 8 20 4 14 22 5 12 9 18 28 13 25 11
12 19 8 16 12 13 13 4 14 1 7 12 6 14 6 10 16 13 15 10
24 19 8 32 1 14 18 5 26 2 6 20 3 14 17 15 21 19 16 4
10 19 1 19 8 13 19 5 22 6 13 17 1 17 1 7 9 10 9 1
17 23 11 31 14 5 20 4 18 4 5 20 7 20 13 22 13 25 20 8
11 8 4 19 6 7 13 4 16 5 4 10 3 3 1 2 8 17 9 6
15 27 12 18 9 14 13 11 12 7 13 24 1 20 1 14 17 6 11 13
11 13 7 15 6 10 9 4 10 1 4 8 5 5 1 5 14 9 12 9
4 22 6 17 5 11 11 5 14 3 8 13 1 11 5 9 14 10 9 7
27 23 15 35 27 15 22 6 16 11 19 16 14 17 7 29 24 25 31 15
19 27 4 28 17 16 20 1 13 1 12 14 3 26 12 24 18 18 17 4
41 55 20 60 33 41 48 10 41 16 38 40 11 33 17 43 45 38 48 12
39 53 34 58 26 23 45 20 41 26 32 38 23 42 22 48 48 41 42 31
56 57 32 77 32 33 51 11 45 22 32 48 19 31 31 60 55 45 61 21
41 48 30 60 30 27 47 7 29 15 38 38 25 29 21 50 45 41 58 16
18 44 19 34 10 30 32 12 26 12 29 23 6 23 7 27 38 21 27 18
8 8 1 13 8 7 1 1 5 1 3 4 1 8 1 8 8 4 5 1
59 52 27 67 22 42 53 22 52 20 30 37 16 51 38 51 59 45 49 21
42 26 24 48 27 17 33 14 41 21 19 32 19 21 20 29 33 35 34 24
2 13 6 2 2 3 5 1 6 1 1 6 1 1 1 1 8 4 8 8
15 21 6 23 3 20 15 1 15 2 11 16 1 9 11 17 18 8 20 5
14 19 6 29 15 18 18 1 18 4 14 6 6 14 6 15 22 20 19 8
41 28 25 45 17 20 22 13 21 11 14 24 16 26 20 32 37 29 29 22
28 25 17 27 15 24 27 7 30 12 19 24 8 22 20 21 27 17 27 16
6 10 3 11 6 7 10 1 9 1 6 10 3 9 4 6 6 9 11 4
21 28 1 35 18 6 31 2 38 10 16 30 1 19 10 20 14 22 17 4
39 40 23 40 15 36 35 15 41 8 27 36 14 34 29 32 46 25 30 22
19 21 4 27 13 7 16 1 22 2 8 26 2 15 10 20 9 14 21 3
15 24 1 28 13 10 9 1 14 3 10 21 1 11 5 20 14 9 18 1
37 35 18 43 22 21 35 3 29 6 14 25 12 34 26 37 30 29 32 17
16 17 10 19 18 5 13 1 11 4 4 14 9 18 12 17 9 20 15 9
32 48 7 41 26 28 36 7 35 7 30 28 4 35 16 32 38 26 26 6
33 35 16 33 1 24 31 9 33 6 19 26 4 24 19 23 37 16 31 12
32 33 16 38 24 25 21 6 20 6 19 19 9 19 10 27 36 22 29 16
31 25 25 41 13 22 30 26 27 22 16 26 12 32 16 27 26 34 17 23
3 8 1 4 1 2 1 1 5 1 1 2 1 2 1 1 7 1 1 1
41 34 26 40 35 19 36 18 40 23 29 33 26 34 21 31 36 35 33 27
36 45 18 44 23 31 29 8 36 13 22 39 8 30 25 35 34 23 34 17
11 10 2 14 13 1 4 1 6 1 1 12 2 7 2 10 2 11 11 3
8 19 1 20 1 11 13 1 18 1 7 12 1 12 2 8 12 9 9 1
11 7 3 22 5 4 8 1 5 1 1 7 2 13 7 12 6 14 12 1
9 20 1 19 1 11 7 1 8 1 4 17 1 1 6 15 12 3 20 1
15 18 4 19 17 6 10 1 11 1 1 19 4 14 8 14 6 14 14 6
7 23 1 25 2 17 19 2 22 3 13 16 1 8 1 9 15 13 17 1
46 48 31 59 15 37 46 25 47 21 34 30 19 40 24 38 56 41 42 28
10 21 4 18 15 16 16 1 15 1 13 8 4 16 2 12 18 10 14 5
16 14 6 21 9 7 9 1 10 1 1 6 3 15 9 11 15 14 9 4
56 38 30 72 35 35 50 22 47 27 36 38 25 28 27 46 46 55 50 26
47 31 31 49 15 24 29 19 32 9 17 33 23 29 31 36 43 34 34 25
12 16 4 22 1 13 7 1 5 1 4 13 1 3 10 17 13 4 16 1
12 22 1 22 5 11 14 1 20 2 12 14 1 13 7 12 19 8 13 1
7 17 4 12 7 13 2 3 1 1 5 6 1 11 1 8 14 1 5 5
18 23 6 30 10 25 18 10 21 8 16 10 1 10 5 10 27 19 12 7
11 21 11 23 1 9 22 5 17 6 9 9 9 19 13 20 22 14 20 7
27 33 11 35 9 22 18 1 24 2 12 26 1 18 18 27 29 11 25 8
37 26 11 51 15 15 31 7 41 10 17 40 5 21 24 32 26 31 28 8
20 18 10 23 6 12 10 4 7 1 6 10 2 25 8 14 18 11 6 6
46 30 30 48 22 14 43 18 45 21 23 30 30 35 30 38 41 41 45 26
7 14 4 17 9 14 14 1 11 1 11 6 4 10 1 8 15 8 16 5
19 18 2 25 11 11 7 4 11 1 7 12 2 14 12 18 22 16 7 3
14 9 3 17 6 6 7 1 11 1 5 8 1 12 9 8 11 10 7 1
4 12 1 12 5 2 8 1 9 3 6 13 1 6 4 10 4 7 12 1
33 32 19 39 12 30 36 12 26 12 23 9 15 27 18 30 41 26 40 17
29 25 22 41 23 14 41 17 39 22 24 24 21 25 14 25 25 42 30 21
22 27 17 29 1 15 26 12 23 8 15 17 7 27 11 20 27 20 23 14
4 10 1 9 1 2 4 1 5 1 1 7 1 3 3 4 3 5 5 1
7 2 2 17 1 2 1 1 3 1 1 4 1 3 5 7 2 10 6 1
46 50 32 51 21 47 39 18 30 18 33 33 12 44 28 45 52 30 40 26
27 35 11 41 6 19 30 10 39 10 24 32 9 15 16 23 39 19 30 12
41 42 1 54 16 13 34 1 43 14 23 47 7 22 33 42 29 25 31 12
28 45 20 33 19 39 27 16 21 12 31 26 5 33 5 26 41 17 22 18
11 25 9 16 1 14 11 8 10 5 11 21 1 12 1 10 17 3 10 10
51 42 34 61 34 19 46 26 43 27 23 44 22 44 23 43 33 54 34 37
40 33 19 51 17 35 29 26 30 14 29 32 9 28 13 28 41 34 16 19
12 14 2 22 6 4 6 1 15 1 3 12 1 8 7 11 10 14 14 1
5 15 4 10 5 10 10 1 10 1 8 8 1 13 7 7 10 8 6 1
8 9 1 14 1 6 2 1 1 1 1 9 1 1 4 8 6 3 8 1
41 51 28 46 24 31 49 23 45 22 27 29 21 50 27 41 48 36 43 29
43 35 30 48 21 32 30 18 22 14 6 27 19 32 30 45 42 29 42 22
18 13 5 25 8 10 12 1 13 1 4 12 3 15 9 15 12 13 16 2
49 58 35 60 30 33 56 13 54 35 42 54 24 33 37 56 53 37 62 35
32 42 16 41 26 25 38 3 33 10 32 23 11 29 9 33 38 27 39 10
27 24 19 35 18 12 26 9 28 14 18 25 17 16 14 24 22 27 30 18
1 14 1 9 7 9 5 1 4 1 4 7 1 8 4 7 10 5 6 4
18 36 11 31 10 28 19 13 20 10 20 21 1 28 2 18 29 17 13 13
47 51 20 54 15 33 47 14 56 22 32 40 4 41 24 32 44 36 43 20
55 43 28 61 34 20 49 18 48 16 23 33 31 51 36 50 49 50 41 33
4 16 5 10 8 1 13 1 14 4 7 11 5 1 1 7 10 9 16 7
21 41 10 40 17 19 36 1 31 15 32 25 7 10 6 30 35 20 39 10
10 4 1 14 1 2 1 1 1 1 1 6 1 2 5 7 3 5 8 1
18 16 10 21 16 6 18 1 18 6 12 10 9 17 3 14 17 17 16 10
33 29 23 45 11 27 35 19 36 16 11 21 18 32 22 27 37 34 35 20
23 27 20 27 21 13 27 9 28 13 20 14 17 24 11 19 29 26 21 20
14 21 6 20 1 16 13 4 19 1 9 5 1 20 7 4 23 13 4 4
31 34 7 31 8 22 32 9 39 8 23 22 4 24 10 18 36 16 31 8
9 6 5 9 1 5 10 1 8 1 6 3 4 11 8 8 6 9 5 1
14 22 3 20 5 12 17 1 13 1 11 12 2 20 7 18 16 10 21 1
47 50 27 61 18 46 55 27 53 34 43 52 9 38 27 44 47 38 47 28
20 38 15 33 13 23 18 11 17 7 17 24 3 30 11 26 24 20 14 13
33 36 15 38 13 20 24 14 28 3 19 31 10 34 23 29 32 23 14 13
14 45 12 27 3 28 27 11 26 15 30 26 1 18 5 23 37 7 19 13
46 18 23 56 13 18 31 16 34 13 10 27 20 34 37 41 35 36 32 15
41 52 22 48 21 47 44 16 44 22 38 31 6 36 18 31 48 28 45 19
18 23 6 35 15 18 22 5 16 5 14 14 5 21 9 21 19 25 21 2
13 12 10 16 12 4 15 1 15 7 9 11 10 7 5 9 10 16 16 11
12 16 1 21 7 17 17 6 23 7 13 8 1 14 2 3 18 13 5 1
6 20 4 12 1 10 7 3 8 1 7 13 1 8 1 4 12 1 6 5
33 35 19 49 21 40 29 14 22 13 24 32 4 14 14 30 33 31 33 16
13 22 11 19 13 13 15 5 14 1 7 12 7 20 9 13 15 16 14 10
28 23 16 36 1 14 20 12 23 6 12 21 5 24 13 19 27 23 13 12
7 11 1 11 1 2 8 1 8 1 5 13 1 8 4 9 3 3 11 1
15 29 10 23 11 22 10 8 6 4 13 15 1 12 6 16 23 11 18 10
23 35 11 35 16 12 17 10 20 9 13 35 1 23 12 27 18 18 16 15
8 11 5 21 7 7 10 4 15 5 2 10 2 1 2 3 7 20 10 6
21 21 9 27 12 4 19 1 25 9 12 23 9 5 8 18 19 15 28 10
28 53 21 35 18 38 39 15 32 16 38 23 9 27 3 24 47 22 40 22
7 15 1 15 4 4 12 1 16 4 9 15 1 7 1 7 9 6 14 1
12 26 3 29 4 11 21 1 24 6 15 22 3 6 7 18 20 11 27 4
10 26 12 21 6 17 22 8 23 5 14 14 6 20 9 11 18 20 15 11
45 33 34 53 11 33 31 28 30 23 13 28 21 37 30 39 46 34 32 30
15 25 10 30 20 18 23 1 19 5 20 7 8 18 4 20 24 24 21 9
39 33 24 44 22 26 21 10 23 11 12 32 8 29 27 33 28 27 28 21
34 39 21 43 14 24 25 12 30 12 18 35 5 23 13 31 35 19 29 20
33 41 12 42 18 36 32 14 35 13 23 21 3 31 14 26 37 24 30 14
27 14 19 32 9 9 19 7 16 7 5 13 15 13 18 22 20 25 27 15
6 6 1 7 2 2 6 1 8 1 2 5 1 4 3 3 4 8 6 2
7 9 1 6 7 1 2 1 2 1 1 13 1 9 1 6 1 1 5 1
8 11 1 11 2 11 13 1 13 1 9 6 1 13 1 3 9 5 12 1
20 19 1 26 12 14 15 2 14 1 15 10 2 19 10 19 25 14 7 1
22 28 17 34 13 21 24 4 22 7 15 17 12 17 14 22 27 22 27 14
50 43 30 49 20 32 40 28 43 13 32 41 20 50 31 38 46 42 21 32
25 34 8 41 13 21 24 1 18 2 23 25 4 13 12 28 32 21 31 1
27 44 25 44 15 25 32 7 18 11 28 25 10 19 10 36 41 28 38 16
31 38 16 43 2 23 25 13 29 14 23 34 4 20 17 30 37 18 26 14
5 4 1 9 3 4 4 1 2 1 2 6 1 6 1 3 3 1 5 1
36 37 15 50 19 9 31 2 36 16 21 34 13 19 18 37 34 26 40 13
37 32 19 42 26 30 39 18 46 21 25 36 11 22 8 24 32 31 33 26
40 24 20 46 17 30 27 19 37 20 19 34 9 17 26 25 32 33 25 21
36 13 19 36 13 5 27 11 26 7 10 16 20 28 23 27 29 31 23 15
4 9 6 7 7 8 5 5 1 1 1 1 1 10 6 7 9 7 1 7
10 14 3 16 13 6 11 1 12 1 3 7 1 15 4 8 9 14 5 5
22 31 10 32 13 28 28 8 27 11 24 9 6 20 6 17 33 19 31 13
56 58 25 66 25 31 50 22 51 19 30 49 21 54 42 57 53 38 46 29
25 51 12 42 25 26 38 4 34 16 34 32 10 22 10 35 41 19 40 14
27 38 12 23 21 19 32 10 33 12 21 18 7 34 12 19 25 24 23 17
43 34 30 60 22 37 47 16 43 22 24 27 19 34 31 40 45 43 45 25
14 18 1 17 8 9 9 1 11 1 5 12 1 17 5 12 12 9 11 1
27 29 7 34 23 18 16 1 10 1 13 25 1 22 14 31 16 19 24 4
23 32 16 33 25 20 30 1 17 5 24 13 11 27 5 28 30 26 28 9
55 63 32 63 41 41 50 27 51 26 44 42 22 51 23 45 61 48 35 37
17 21 10 24 3 10 18 1 16 3 7 23 1 10 15 22 14 12 27 6
8 5 2 12 7 2 2 1 1 1 1 7 1 9 5 8 2 9 6 1
43 36 19 51 32 17 37 14 46 20 24 37 18 32 21 31 32 42 31 20
13 22 1 29 4 7 25 1 32 8 15 21 1 8 4 12 19 12 22 1
27 11 9 27 4 13 17 6 22 5 10 20 6 11 20 18 20 13 16 7
11 11 5 17 9 7 3 2 1 1 1 8 2 12 7 12 8 10 8 4
26 29 10 29 9 21 14 12 19 1 17 23 6 26 13 19 32 14 9 10
9 11 5 13 5 9 4 1 3 1 1 8 1 4 2 5 11 6 12 7
16 24 4 30 13 14 14 1 10 1 11 14 3 22 10 22 16 15 15 1
30 27 4 39 18 31 30 15 33 16 21 31 1 25 11 23 22 22 20 10
22 36 3 23 12 16 27 6 31 8 19 22 1 26 5 16 24 12 22 8
35 46 6 45 32 27 37 6 33 5 28 25 7 39 17 32 31 33 29 12
14 24 6 17 5 17 7 5 6 1 8 18 1 19 2 11 17 3 6 7
7 14 2 19 7 11 6 1 2 1 6 2 1 8 4 12 12 9 9 1
51 37 30 68 14 21 47 22 52 18 24 42 28 36 40 51 51 44 49 25
17 19 5 25 18 9 12 1 10 1 5 12 4 19 12 20 11 18 13 7
30 23 6 43 16 21 25 18 34 13 19 32 3 19 11 22 24 30 20 13
8 10 8 10 8 4 13 1 11 4 7 4 7 4 1 4 12 11 12 10
25 22 5 36 10 7 12 1 15 1 1 21 2 18 16 24 13 21 18 3
34 27 9 49 26 9 22 1 24 5 10 19 8 18 14 30 24 35 24 11
2 11 1 3 1 7 9 1 7 1 7 4 1 10 1 1 8 3 3 1
33 24 5 33 21 1 20 4 20 1 5 23 11 29 27 27 11 27 15 13
44 46 22 50 27 19 39 22 34 11 20 39 23 50 35 46 30 37 37 31
52 68 31 56 29 39 58 24 61 34 46 49 21 45 17 40 57 36 59 33
6 22 1 19 7 17 13 1 13 1 14 5 1 13 1 9 18 8 10 1
44 50 28 56 22 28 50 17 45 28 24 40 24 39 34 49 50 35 50 30
22 18 14 25 14 14 22 1 21 6 12 17 8 17 14 21 19 17 24 12
15 12 9 19 9 4 12 1 12 4 5 16 8 7 10 14 7 16 22 8
4 3 1 5 1 1 1 1 1 1 1 1 1 1 1 1 3 1 1 1
51 64 41 69 33 48 51 16 43 22 42 47 16 44 25 56 58 44 54 33
6 27 6 17 13 18 16 3 11 1 14 10 3 10 1 13 19 11 20 7
32 34 6 45 21 13 28 10 31 11 16 41 2 26 16 30 13 29 22 14
44 35 14 59 32 27 50 19 55 31 36 49 15 27 15 43 35 41 47 25
21 22 11 29 6 20 12 6 7 1 12 7 1 13 9 17 28 18 14 8
5 16 5 10 4 8 8 4 8 1 5 11 1 7 6 7 9 9 10 6
19 26 3 24 8 21 14 1 15 1 11 15 1 19 9 18 22 5 14 2
3 13 1 9 1 1 6 1 6 1 3 12 1 2 1 7 5 3 11 1
17 21 8 23 9 14 8 4 7 1 6 12 2 21 8 15 16 11 8 6
22 28 10 30 1 19 27 4 23 4 14 19 5 21 16 24 25 10 29 3
42 39 32 52 22 28 30 18 29 18 24 30 19 30 20 36 43 35 37 29
46 44 32 66 29 33 42 27 39 29 31 45 19 33 19 46 40 46 42 32
43 41 10 53 24 43 40 19 49 23 33 39 1 31 19 34 39 31 37 17
30 22 14 37 20 11 25 14 32 7 12 24 14 25 20 21 25 34 11 16
39 48 25 54 17 28 34 9 41 19 29 42 11 15 23 39 50 25 45 25
42 39 16 51 16 28 44 7 37 7 32 24 13 30 19 36 46 32 46 8
7 19 1 16 3 9 13 1 20 1 10 10 1 10 3 6 17 5 8 1
40 37 17 47 20 17 29 17 38 4 17 38 17 36 33 35 28 39 20 21
10 11 4 9 8 1 4 1 8 1 1 11 1 10 7 9 6 8 8 1
39 26 22 44 10 20 31 19 34 9 16 24 20 40 29 31 40 31 22 17
8 14 1 21 1 15 13 2 14 3 9 5 1 13 2 6 14 10 7 1
32 37 15 47 30 8 29 2 25 6 14 27 16 26 17 37 22 36 34 18
15 15 1 13 17 2 9 1 9 1 1 16 2 17 10 14 1 13 5 6
26 26 10 30 1 23 18 11 25 4 16 21 2 19 12 13 32 14 10 9
50 31 30 55 20 20 38 26 39 14 19 32 31 46 45 45 40 50 29 29
21 19 17 30 14 7 21 3 21 8 10 14 14 16 10 17 18 27 24 14
5 20 1 9 1 14 6 1 9 1 6 6 1 9 1 3 17 1 5 2
48 45 18 49 19 28 45 20 44 17 28 23 16 53 29 33 44 41 34 24
56 56 26 53 14 46 42 31 46 17 38 41 11 53 29 39 56 33 27 28
10 2 1 16 2 2 4 1 9 1 1 6 1 2 2 3 4 8 9 1
34 28 23 40 26 14 31 10 25 14 20 24 22 32 17 32 27 31 32 19
5 8 3 7 3 6 3 2 1 1 1 6 1 4 1 3 7 4 7 4
25 38 12 34 22 27 31 5 28 8 27 16 8 25 6 24 34 25 33 10
42 42 18 56 20 35 31 17 36 12 22 37 4 31 21 35 41 32 22 19
10 17 2 21 1 8 7 1 10 1 3 19 1 1 7 14 9 4 18 1
7 10 1 7 7 5 8 1 10 1 4 10 1 8 4 4 5 8 10 4
4 2 1 4 1 1 2 1 2 1 1 1 1 4 1 1 1 3 1 1
6 21 3 17 12 13 6 1 5 1 7 10 1 10 1 12 14 7 11 4
60 41 41 61 23 28 40 27 39 17 28 44 28 42 32 48 52 45 36 35
29 27 7 45 20 29 25 6 21 9 19 25 1 18 12 29 23 23 22 5
17 31 14 18 10 21 16 12 15 8 16 21 1 27 7 16 22 12 10 14
40 27 6 48 28 12 30 17 37 9 17 34 14 32 29 29 19 40 14 17
53 49 39 54 19 37 48 31 50 33 41 30 20 48 14 28 54 45 41 39
31 49 23 39 29 30 39 9 36 11 34 25 15 28 9 29 49 30 37 20
14 9 7 28 8 9 14 1 7 1 6 1 5 9 6 15 14 21 19 2
29 20 14 40 7 17 28 13 32 5 18 21 16 30 24 23 29 30 17 8
42 47 26 41 29 22 46 17 44 21 30 27 22 45 20 34 40 38 38 26
25 20 1 31 13 7 19 1 25 1 8 17 1 25 15 17 16 23 10 3
4 6 1 3 5 1 3 1 3 1 1 5 1 3 1 1 3 3 7 3
48 34 27 64 32 36 47 25 45 29 33 39 23 29 20 43 41 49 47 32
6 1 1 7 2 1 1 1 1 1 1 4 1 3 1 2 1 1 4 1
47 40 24 54 25 21 32 12 29 11 15 42 11 41 35 43 25 38 31 27
26 30 14 33 8 26 26 16 34 4 23 23 14 29 18 19 37 22 14 14
55 57 48 66 36 46 56 27 37 25 39 42 31 53 30 58 62 51 58 35
30 37 17 51 17 21 37 5 38 13 23 29 14 21 16 36 36 29 42 12
27 22 6 34 11 13 16 1 22 1 7 23 4 12 16 24 24 15 25 5
10 29 7 17 7 11 11 6 10 6 11 23 1 16 1 14 17 2 9 8
14 20 4 13 9 14 12 3 16 1 9 9 1 19 7 7 21 7 2 5
12 12 1 22 3 6 5 1 15 1 3 10 1 4 5 5 15 13 10 1
18 29 1 30 20 15 17 1 13 1 12 20 1 22 10 24 14 17 17 4
26 36 5 30 9 29 27 7 30 6 23 19 4 17 13 20 36 16 30 7
22 15 11 33 16 14 29 12 28 14 15 20 10 15 10 16 12 33 22 13
28 32 12 45 19 22 21 4 22 3 7 27 1 22 17 28 23 24 22 16
32 19 24 38 6 19 22 11 19 6 4 14 13 22 21 26 32 21 31 19
14 14 6 18 9 7 11 1 13 1 5 14 5 12 8 13 9 13 18 5
13 11 5 20 7 8 5 1 7 1 1 14 1 7 9 14 9 7 11 4
6 11 3 12 3 5 2 2 3 1 1 10 1 8 3 6 6 7 8 4
29 52 22 42 31 33 34 9 22 8 31 31 10 33 11 35 40 28 33 17
10 1 6 18 6 1 8 1 6 1 1 1 5 11 7 10 4 18 9 2
24 11 12 24 6 5 10 4 6 2 1 13 7 17 17 23 13 14 18 6
11 18 7 22 8 15 13 1 7 1 11 8 6 16 10 16 17 11 15 4
22 11 11 22 12 1 15 5 21 8 10 14 13 6 9 11 18 21 16 12
40 43 12 59 20 23 47 14 48 19 29 32 12 38 28 42 42 39 36 9
20 8 10 21 4 8 10 1 8 2 2 14 4 10 16 18 8 10 17 4
5 6 1 6 1 1 1 1 2 1 1 7 1 1 2 3 1 3 5 1
36 48 14 32 18 33 31 18 31 14 25 26 4 42 13 22 35 21 25 22
37 47 19 53 22 26 38 3 47 17 29 40 10 21 21 38 46 25 44 19
38 19 21 41 17 7 28 9 28 11 13 20 21 25 21 29 32 32 30 18
28 20 10 32 17 11 17 1 19 3 5 20 4 15 14 24 17 17 21 9
28 28 17 35 24 11 17 4 17 8 13 15 14 18 11 27 28 26 25 15
43 54 24 55 19 48 49 28 46 29 44 33 16 42 12 29 46 39 49 22
20 31 13 27 8 28 16 12 16 8 20 15 1 21 4 15 33 11 11 14
12 24 9 18 8 18 18 3 16 4 14 7 5 13 1 10 25 11 18 11
11 17 7 24 1 10 13 1 14 1 9 12 6 11 10 15 10 15 16 1
15 23 10 18 4 14 16 4 18 1 10 13 3 17 6 8 19 11 15 9
17 11 6 29 4 8 14 1 20 1 8 3 7 8 10 11 22 22 12 6
38 32 19 50 15 36 31 20 29 16 25 23 9 34 17 30 39 29 25 16
47 34 21 56 19 28 34 11 32 9 23 33 15 35 35 45 42 34 38 13
5 21 4 18 1 12 16 1 15 3 13 12 3 12 7 13 13 10 14 1
45 52 20 53 36 17 49 10 55 21 33 50 20 37 25 45 37 33 45 25
50 64 36 48 24 49 49 25 49 29 44 38 14 39 13 36 62 30 49 38
17 14 6 28 6 16 14 1 17 4 10 11 4 16 12 16 15 14 15 1
25 30 13 41 7 23 28 8 27 8 16 21 10 19 18 28 28 26 33 9
45 44 13 54 23 24 38 6 35 3 18 30 12 40 33 45 34 33 38 18
23 32 10 22 22 11 23 2 24 2 12 18 6 27 9 17 21 20 10 18
21 4 10 28 10 3 13 3 14 2 1 4 9 17 15 15 14 23 13 6
18 39 16 30 1 22 29 13 27 15 27 27 4 25 10 22 31 16 21 14
28 28 20 38 8 16 20 14 18 11 11 22 12 26 16 31 31 17 29 16
40 43 28 44 29 20 31 10 33 16 20 42 14 27 21 38 32 29 39 28
16 31 8 26 21 26 26 2 16 2 23 11 4 25 2 18 27 18 23 3
32 32 15 32 19 16 28 4 28 5 14 16 11 31 16 22 33 27 18 13
13 11 4 14 7 7 6 1 6 1 1 14 1 8 7 10 8 4 11 4
27 24 12 41 10 15 34 11 35 16 20 29 11 26 19 30 23 25 30 7
7 11 1 18 2 1 8 1 15 2 4 14 1 3 1 8 6 5 11 1
45 42 12 61 30 41 38 21 34 18 30 45 2 36 14 44 32 38 33 20
18 10 11 21 10 5 13 1 10 1 1 13 10 13 12 14 9 18 21 7
29 32 16 43 16 20 27 5 35 15 18 35 7 14 23 31 30 21 38 15
35 41 5 54 20 27 39 14 46 17 30 39 1 29 18 34 35 33 26 11
20 27 6 29 21 20 16 1 6 1 16 17 1 21 6 24 21 14 20 3
29 35 3 42 5 27 35 11 43 10 27 27 2 19 14 23 37 21 31 3
22 31 11 26 18 15 13 10 11 6 8 25 3 26 13 21 16 18 6 18
18 29 9 22 21 10 25 3 27 7 16 18 9 23 8 17 18 21 17 10
21 33 16 23 11 23 15 15 18 11 17 24 4 22 5 18 27 11 14 17
22 25 16 33 11 18 19 6 22 4 6 21 8 16 15 20 20 21 27 13
8 12 1 16 1 6 13 4 16 5 7 15 1 7 1 5 5 11 11 1
49 53 29 65 37 37 38 23 38 24 28 47 15 35 23 46 40 46 37 32
34 29 27 41 19 29 32 21 25 19 10 22 24 38 30 38 38 29 35 23
26 41 14 31 12 35 28 6 13 3 27 16 4 29 9 23 36 18 30 5
6 8 1 20 4 9 3 1 1 1 4 5 1 3 3 11 8 4 11 1
2 1 1 4 4 1 3 1 1 1 1 2 1 3 1 1 1 3 6 1
9 5 3 15 1 4 2 1 1 1 1 5 1 3 7 9 5 6 8 1
13 16 4 23 16 9 8 1 5 1 5 10 4 10 2 14 13 11 16 6
53 32 28 70 27 25 54 23 57 33 22 46 23 30 32 50 39 46 54 27
35 41 21 37 22 29 36 21 43 22 29 30 9 32 5 18 37 30 20 23
16 25 1 26 4 9 24 6 30 9 20 22 6 14 15 18 26 14 16 1
51 61 30 62 34 27 40 15 44 21 29 54 17 35 26 54 45 36 48 35
43 31 15 57 12 16 39 10 44 13 14 36 10 31 31 39 34 36 34 10
32 19 11 42 18 9 18 5 25 7 12 23 13 15 14 26 25 26 24 11
53 46 30 73 38 24 52 10 41 18 28 41 25 42 31 60 44 52 57 21
33 36 18 44 7 28 21 14 28 7 20 35 7 17 21 29 39 18 27 16
54 56 35 66 31 42 42 26 45 29 30 58 15 43 36 51 42 42 40 32
1 6 1 3 1 3 5 1 3 1 3 3 1 6 1 1 3 2 1 1
39 52 12 55 15 38 40 17 47 20 36 39 3 29 19 35 50 25 39 12
18 28 9 25 19 24 26 5 19 7 23 10 8 20 4 18 28 16 27 9
34 29 27 43 23 14 35 14 29 18 20 20 26 29 19 36 34 35 43 23
12 24 7 25 3 17 9 8 16 5 9 14 1 8 3 8 21 10 10 8
24 28 21 31 19 15 26 7 21 11 18 15 18 23 11 24 29 26 28 18
24 18 14 28 7 14 15 6 13 4 4 15 9 17 18 23 21 17 25 9
5 21 3 19 8 15 8 1 7 1 9 7 1 5 1 10 16 10 12 4
31 43 21 49 27 30 36 1 23 8 29 38 8 19 17 41 37 25 50 9
16 18 10 15 8 12 5 8 5 4 6 13 1 18 5 11 15 8 4 10
43 40 11 43 13 30 33 9 30 6 22 21 5 36 23 33 42 23 31 7
7 17 6 19 5 4 13 1 13 3 7 11 5 2 4 13 11 13 20 5
2 5 1 4 1 1 1 1 1 1 1 1 1 1 2 2 2 4 1 1
7 8 1 16 10 1 6 1 7 2 1 11 1 11 4 8 1 12 1 1
27 23 16 38 21 7 19 4 19 8 6 23 12 20 15 26 16 30 24 14
29 33 20 33 11 24 26 16 18 11 15 17 11 41 19 28 34 21 19 16
27 33 22 33 17 11 22 10 20 13 17 30 9 22 5 28 24 23 25 21
11 10 1 10 5 7 7 1 7 1 5 11 1 9 5 7 8 3 9 3
14 11 6 15 1 6 8 1 8 1 1 4 2 10 9 7 15 10 8 2
20 21 16 37 14 10 34 8 32 14 16 17 15 19 11 20 21 33 26 12
52 60 28 64 37 30 48 15 42 15 40 49 17 42 22 52 55 45 40 26
40 51 27 44 26 31 37 21 38 22 33 36 17 40 13 33 42 30 37 29
7 7 1 11 1 7 5 1 8 1 4 2 1 6 1 3 10 1 3 1
60 58 28 64 34 31 47 20 53 15 31 57 17 46 38 51 45 44 39 38
50 35 24 58 26 33 35 22 32 22 20 47 4 37 25 42 26 42 25 27
34 25 12 47 28 30 27 21 25 19 20 29 9 29 14 32 25 35 22 18
19 13 12 24 8 5 15 1 15 3 4 4 11 11 12 14 20 21 18 9
7 17 1 17 2 4 13 1 19 1 9 12 1 5 3 8 17 6 13 1
39 28 15 52 32 20 33 16 29 13 13 33 12 32 20 32 18 44 25 25
44 47 31 51 22 31 38 24 37 23 30 43 18 42 26 43 44 33 38 28
6 20 1 12 1 5 17 1 17 7 14 19 1 7 3 11 12 3 17 1
6 11 6 15 2 9 3 3 2 1 1 4 1 6 5 6 10 11 8 6
14 17 2 25 13 8 6 1 3 1 3 12 1 16 10 19 9 14 11 2
13 23 5 24 1 7 19 1 16 7 13 22 3 10 12 21 16 8 23 2
36 34 23 36 8 31 33 13 32 14 20 22 9 34 25 27 37 23 31 19
3 22 1 15 4 7 14 1 16 2 9 13 1 5 1 10 16 5 17 3
53 49 29 65 23 36 42 20 36 6 33 42 23 47 36 51 50 47 39 18
46 43 29 58 22 33 46 25 49 26 35 36 18 33 14 32 45 45 36 30
56 43 22 72 28 12 48 18 52 9 24 44 30 43 42 55 38 54 46 30
16 27 1 36 13 13 20 5 28 10 16 23 1 14 10 22 22 17 18 1
46 57 18 54 16 33 40 17 45 31 36 52 13 33 33 46 49 30 30 29
34 42 24 53 14 17 31 10 32 19 26 33 13 20 12 38 41 28 41 21
3 9 1 10 1 3 3 1 3 1 1 8 1 4 2 6 2 3 8 1
22 5 6 30 13 4 15 6 22 7 5 13 7 10 10 11 13 25 13 7
12 18 6 17 9 13 12 1 13 1 9 8 4 19 8 11 16 11 5 5
29 34 15 34 7 31 30 11 22 7 23 6 5 28 9 20 39 23 31 12
11 20 5 15 5 18 9 3 8 1 7 12 1 16 4 10 18 1 8 5
42 38 34 56 22 27 39 24 37 25 25 31 22 34 17 38 42 43 39 31
38 30 22 40 6 25 27 19 27 11 19 25 12 37 22 30 41 25 20 18
13 22 11 16 8 11 10 7 8 3 7 17 4 17 8 14 13 9 12 9
28 15 7 36 15 26 23 19 28 17 18 24 1 17 9 17 20 26 16 16
30 44 15 44 15 30 39 9 28 10 29 21 6 35 11 35 40 26 44 10
33 43 31 48 18 40 39 25 29 21 32 18 17 45 21 37 49 36 28 26
50 45 30 54 14 29 49 18 51 22 29 26 22 35 26 38 54 36 54 27
20 38 10 31 21 21 30 7 31 13 25 13 9 23 1 19 33 23 26 14
21 21 8 20 1 18 22 5 16 4 12 12 4 20 14 16 21 9 20 3
18 5 10 22 1 5 11 1 5 1 1 11 5 10 16 18 8 10 17 3
36 37 17 36 18 29 30 9 37 9 20 32 8 30 24 26 39 22 27 17
26 11 8 35 10 4 16 5 16 5 1 13 6 21 15 20 13 26 14 5
21 34 4 35 9 19 31 5 37 12 28 28 6 17 16 25 34 15 30 5
22 34 15 26 6 24 18 14 20 11 18 29 3 19 7 20 27 12 20 16
55 43 36 61 26 34 51 18 51 26 35 33 27 41 36 46 56 43 53 30
36 42 19 49 22 48 42 34 46 31 41 41 10 35 10 31 41 38 26 31
32 32 19 40 19 16 22 7 28 9 15 25 13 18 14 27 33 25 33 18
17 10 13 21 13 7 18 5 11 4 6 9 12 21 13 16 13 20 18 9
27 30 14 40 4 16 33 8 30 16 17 26 12 22 24 35 33 20 40 11
9 2 1 5 4 1 1 1 1 1 1 7 1 4 1 5 2 1 5 1
52 36 30 69 21 29 55 22 56 37 29 48 19 22 32 51 43 47 58 33
4 15 1 9 6 6 14 1 14 1 10 12 1 11 6 9 7 10 12 4
12 17 3 15 8 9 8 2 10 1 6 15 1 14 4 10 10 6 10 4
23 20 20 34 12 19 26 13 17 12 9 11 18 24 21 28 29 27 31 17
7 7 3 7 11 1 5 1 4 1 1 6 3 6 1 4 4 6 7 4
16 13 9 26 21 1 15 1 16 7 6 12 9 15 5 17 8 25 12 10
11 21 1 16 11 9 11 1 12 1 7 16 1 19 4 10 10 9 8 1
1 5 1 8 3 2 2 1 1 1 1 3 1 7 1 2 1 2 1 1
8 9 6 11 5 3 11 1 7 1 4 9 5 14 9 11 4 11 12 1
10 8 1 16 2 4 2 1 3 1 1 12 1 5 7 11 4 6 11 1
28 41 24 51 23 20 44 12 40 19 30 25 23 31 16 37 41 38 44 21
30 21 19 29 9 17 14 10 11 5 7 22 8 23 18 24 22 13 19 13
28 27 3 42 22 16 14 2 16 3 10 22 1 18 14 29 19 22 18 4
33 50 22 55 25 35 41 16 40 21 35 39 11 24 8 36 44 32 40 22
51 54 28 67 37 34 44 23 47 26 29 56 12 33 18 47 37 45 39 37
12 27 1 12 1 15 22 6 27 8 19 9 1 15 1 2 22 4 15 4
27 41 21 45 13 19 27 9 31 16 21 35 10 12 10 30 35 21 37 21
50 64 25 65 41 37 55 1 48 16 41 51 13 40 28 58 50 39 55 21
30 26 13 36 9 20 25 6 30 5 17 21 12 14 19 23 35 22 24 12
43 50 14 58 33 37 42 16 42 17 30 41 5 34 14 38 34 39 34 24
20 23 8 23 18 13 17 3 19 3 9 13 6 21 10 14 20 17 11 10
33 32 15 35 23 19 29 1 29 6 14 26 7 29 22 30 24 24 24 17
18 22 3 27 22 8 14 1 10 1 5 12 3 15 9 21 13 19 15 9
7 17 1 17 2 9 13 1 12 1 9 13 1 13 5 11 9 5 13 1
49 56 28 60 39 33 46 2 33 8 27 42 16 39 31 54 41 42 51 23
42 31 17 62 16 18 39 15 42 26 17 38 16 26 31 45 35 35 46 15
10 12 1 10 3 4 6 1 10 1 3 14 1 7 2 8 6 2 12 1
53 67 27 58 35 39 48 14 46 19 36 45 12 46 24 48 50 36 48 34
32 28 17 35 11 26 19 6 23 7 13 24 4 22 24 27 33 18 24 14
51 53 34 55 18 49 45 28 43 30 36 39 6 52 24 36 48 37 34 31
44 37 26 50 21 15 35 8 35 8 9 33 14 36 29 39 29 36 36 26
6 3 4 16 8 1 9 1 9 1 1 3 3 10 4 6 3 16 8 3
1 9 1 1 1 1 1 1 2 1 1 4 1 2 1 1 4 1 1 1
17 11 4 25 1 4 8 1 10 1 1 9 4 7 12 11 16 15 12 1
21 31 13 27 7 24 16 10 17 6 16 16 2 29 6 16 27 14 10 11
14 18 11 18 3 16 7 10 8 6 8 12 1 14 1 7 18 7 3 12
21 27 6 22 19 9 23 1 29 3 13 17 6 23 12 17 19 20 14 8
16 28 1 25 11 17 16 3 20 4 12 20 1 22 7 15 17 12 17 1
44 61 26 56 47 34 50 21 51 26 40 41 28 48 26 44 46 46 45 34
19 30 11 26 12 14 12 6 13 2 8 20 1 20 7 20 19 15 14 11
6 1 1 7 1 1 3 1 6 1 1 1 1 1 3 1 5 7 4 1
29 37 14 51 32 16 36 7 34 15 22 31 13 24 16 37 22 39 32 15
43 60 30 59 15 44 51 16 44 20 40 30 10 36 16 39 57 34 56 25
40 50 21 50 12 37 41 20 39 11 40 35 15 38 24 39 54 28 37 16
21 17 10 29 1 6 12 6 17 1 6 17 4 12 12 13 19 18 13 6
12 14 6 13 4 6 13 1 10 1 6 10 5 16 9 10 10 11 13 2
29 32 15 47 30 25 32 12 26 12 18 22 11 27 17 30 25 39 22 16
60 60 44 66 29 54 50 19 36 13 40 44 24 53 38 56 66 42 51 26
23 26 11 36 17 24 21 1 16 1 18 9 4 22 10 22 30 25 23 4
6 23 1 21 4 9 13 1 13 6 13 19 1 5 1 15 15 3 20 1
2 8 1 11 1 5 1 1 3 1 1 5 1 1 1 2 4 5 5 1
13 16 11 27 2 8 14 6 11 5 5 9 10 13 14 19 16 20 22 6
28 37 15 36 19 21 17 10 17 6 11 33 5 25 17 30 22 20 25 17
14 10 4 25 1 6 8 1 10 1 1 13 2 7 10 13 5 12 15 1
47 31 23 54 21 23 32 6 32 6 22 32 17 24 28 43 39 35 39 17
12 21 2 25 5 9 19 1 19 3 14 20 1 18 7 19 12 9 18 1
5 12 1 16 4 10 9 1 10 4 6 6 1 6 1 5 11 11 10 5
7 24 5 14 10 15 9 4 9 1 8 12 1 17 5 11 16 8 9 6
17 13 3 22 1 12 6 1 10 1 5 11 1 5 11 14 16 7 13 3
4 10 1 9 3 8 5 1 5 1 5 1 1 2 1 5 11 4 8 1
9 9 1 10 1 2 2 1 6 1 1 14 1 1 4 7 2 2 11 1
1 15 1 15 1 6 8 1 11 1 5 7 1 8 1 5 7 8 8 1
33 30 10 47 16 19 29 14 39 23 24 36 1 13 11 25 28 27 27 18
56 46 26 52 22 34 46 19 48 18 31 42 17 50 41 43 48 36 38 21
15 31 9 30 10 24 15 7 14 4 16 17 1 21 1 17 25 14 14 11
20 31 15 26 3 20 19 8 20 7 13 29 2 11 11 20 23 10 25 15
46 39 30 50 15 38 34 23 37 18 28 37 13 37 31 36 48 32 28 27
49 39 17 60 19 23 45 15 50 9 21 42 16 43 38 44 37 42 33 14
42 34 2 58 45 27 43 22 41 16 32 38 13 39 22 43 17 50 32 26
2 12 1 15 1 4 1 1 5 1 1 6 1 1 2 6 5 9 9 1
8 15 1 17 1 3 8 1 16 1 5 12 1 2 3 5 12 6 9 1
33 30 13 47 31 14 33 15 43 24 24 35 13 17 7 27 25 36 29 19
8 17 2 11 10 10 1 1 2 1 1 6 1 10 1 9 12 5 5 4
12 20 10 14 7 15 14 6 14 1 8 12 6 11 4 6 18 11 14 12
22 26 11 29 9 20 15 12 18 1 16 19 6 22 9 16 31 15 10 12
21 15 9 27 11 10 13 1 17 6 8 12 9 5 8 14 20 15 21 11
54 66 35 50 31 49 50 29 53 31 43 56 15 53 31 46 54 31 45 36
17 10 1 23 2 7 8 2 17 1 5 15 2 8 10 8 13 12 11 1
29 22 15 34 10 14 29 11 36 3 21 23 17 25 19 21 28 30 21 14
9 12 5 16 8 7 6 1 7 2 4 10 5 3 2 8 10 9 17 6
10 15 2 20 5 6 6 1 13 2 3 13 1 6 4 9 9 10 10 3
3 6 1 4 2 4 4 1 5 1 2 1 1 7 1 1 7 1 1 1
13 21 5 16 4 18 13 1 13 1 7 14 1 12 8 12 18 2 12 4
55 53 28 72 33 31 48 16 56 18 35 55 22 37 41 57 50 46 49 28
26 25 11 31 8 20 13 1 11 1 6 16 2 14 15 25 26 11 24 5
12 7 1 17 1 1 10 2 19 1 5 11 2 6 6 2 10 11 4 1
10 14 11 20 1 11 11 5 7 1 5 4 3 17 7 8 16 13 5 7
13 39 3 28 5 26 31 7 27 12 31 13 1 20 2 18 31 12 28 4
15 9 1 16 5 8 4 1 8 1 2 9 1 10 4 10 10 1 8 1
10 14 3 19 12 9 9 1 11 1 6 4 3 4 1 8 15 11 15 4
21 27 10 26 13 16 12 5 7 1 8 15 1 27 12 22 18 14 7 10
25 43 11 28 12 31 31 16 31 16 30 23 5 32 5 18 33 16 34 15
26 29 9 32 15 16 19 1 17 1 8 26 5 26 21 29 17 18 22 5
46 43 22 54 25 37 53 23 53 27 35 40 10 36 14 36 40 39 47 27
12 15 5 25 4 9 11 1 9 1 6 13 4 14 10 17 10 12 18 1
51 36 23 64 31 25 42 27 51 23 31 49 21 30 21 41 39 49 37 29
25 24 12 39 15 27 26 16 28 13 18 22 6 20 9 18 23 30 23 15
55 43 43 62 25 31 49 30 51 31 32 34 30 49 29 42 57 51 42 40
56 57 23 67 33 41 59 22 60 24 37 48 14 51 33 44 37 50 52 30
11 3 7 14 1 1 9 1 7 1 1 3 6 9 9 9 5 14 12 3
12 28 2 28 5 11 19 1 28 10 14 19 1 8 10 17 25 12 19 5
5 11 1 10 1 3 4 1 5 1 1 11 1 1 4 5 5 7 10 3
5 16 1 8 3 13 9 1 9 1 10 5 1 9 1 5 14 3 8 1
57 39 39 68 26 37 52 33 54 34 24 44 25 39 27 44 47 52 46 39
40 43 13 56 38 22 37 21 37 11 24 41 21 38 33 42 18 46 30 25
7 5 3 10 4 3 5 1 8 1 1 2 3 1 3 2 8 9 6 5
11 22 12 25 11 18 13 7 14 1 10 10 6 17 7 11 21 18 15 13
41 38 2 55 29 14 35 12 40 4 22 37 13 35 29 37 19 39 26 13
14 16 1 18 14 7 7 1 5 1 1 15 1 15 9 14 8 12 8 4
37 25 16 49 10 23 34 16 36 13 21 19 18 34 28 32 39 33 33 11
27 25 18 32 10 23 15 6 18 6 9 19 5 12 15 20 29 15 25 18
43 35 15 62 22 33 51 19 52 34 36 53 10 23 27 46 34 40 51 24
24 34 11 38 13 24 17 6 19 4 15 23 1 14 13 28 29 15 29 8
35 33 17 43 19 25 15 12 20 8 15 27 7 20 13 26 35 22 23 18
39 42 12 57 27 19 36 1 30 1 16 36 6 29 23 45 25 35 41 9
25 20 12 26 23 4 15 4 18 9 9 18 12 15 6 18 18 20 18 13
44 55 32 52 25 30 44 14 44 29 36 52 13 31 23 47 47 28 47 32
45 32 18 51 20 26 31 8 32 7 21 33 11 35 36 43 37 29 27 12
12 19 5 30 2 3 19 1 19 9 12 21 4 9 11 20 12 14 22 1
8 14 6 13 3 9 13 1 9 1 8 7 4 13 8 8 11 12 10 5
39 43 28 54 28 28 37 5 26 11 29 36 18 20 19 43 37 36 51 17
49 46 35 52 21 41 31 27 41 26 29 47 16 33 32 36 49 32 32 34
30 27 14 45 13 15 38 14 42 19 18 25 13 32 22 30 32 31 25 9
11 16 6 24 13 15 11 1 1 1 11 6 1 13 5 18 14 15 16 1
51 34 20 64 24 32 36 20 30 13 25 31 11 40 26 41 42 44 28 15
41 45 21 58 26 25 38 9 43 14 26 37 13 21 16 39 45 34 43 20
7 21 2 16 6 5 15 1 15 5 11 16 1 13 6 16 12 8 15 1
19 9 2 28 1 6 3 1 9 1 1 10 1 4 13 13 14 13 12 1
23 36 15 35 17 34 25 4 21 8 22 21 3 21 15 27 34 16 29 13
55 49 36 61 30 39 47 24 40 20 24 36 21 53 34 53 52 43 41 35
35 53 21 44 27 34 34 8 31 9 27 35 10 29 13 35 41 21 37 21
14 20 5 27 12 18 11 1 4 1 12 12 1 7 7 19 18 15 22 5
15 13 8 23 7 10 6 1 8 1 2 7 4 4 6 12 15 13 17 9
4 17 1 20 4 15 10 1 7 1 11 2 1 6 1 9 16 9 9 1
9 9 1 7 5 6 7 1 10 1 5 5 1 10 3 2 11 3 3 2
42 45 22 61 14 26 35 10 36 18 28 34 14 16 25 42 49 31 49 20
2 9 2 8 4 1 7 1 7 1 1 3 1 4 1 2 5 9 8 2
12 14 1 19 7 11 7 1 6 1 4 14 1 12 6 14 9 2 10 1
30 42 15 34 10 33 24 17 31 13 25 29 1 31 9 22 37 14 20 16
8 11 1 9 1 2 4 1 9 1 2 12 1 1 1 4 6 1 9 1
6 9 4 13 1 9 8 1 8 1 2 4 1 5 1 1 11 7 9 6
14 10 9 21 3 3 15 4 14 3 3 7 8 19 12 13 11 19 16 4
12 34 10 22 11 20 13 9 12 6 16 21 1 21 6 20 23 9 14 11
51 73 33 65 40 40 54 17 46 23 44 56 14 44 18 57 57 38 51 33
42 39 23 60 25 40 40 23 34 19 29 39 9 31 15 40 36 40 39 24
23 11 11 32 14 3 18 2 20 8 6 13 10 12 6 15 14 26 18 9
43 55 19 50 19 31 39 16 44 23 33 51 5 34 25 42 44 22 34 22
22 13 16 28 14 6 22 5 21 7 8 8 15 22 13 19 18 26 20 12
7 8 7 18 8 1 10 1 12 5 4 4 7 1 1 7 8 19 10 8
13 1 1 17 1 2 1 1 7 1 1 7 1 2 6 5 6 4 5 1
23 28 21 29 13 13 21 10 19 11 16 22 8 22 3 19 24 22 20 21
5 7 1 8 1 4 2 1 3 1 1 4 1 1 2 3 6 6 6 1
36 20 19 41 9 16 31 10 31 10 15 14 20 24 25 28 37 31 31 16
28 40 12 39 28 23 22 1 12 1 21 31 7 26 16 37 25 24 30 5
41 48 24 49 13 41 40 26 49 24 34 27 13 35 7 13 51 35 39 28
11 16 9 10 1 12 9 5 8 1 7 6 2 14 6 6 15 8 4 7
34 37 25 56 23 25 40 16 34 17 17 27 21 33 23 43 40 38 47 22
14 23 5 26 10 18 11 1 7 1 12 9 1 9 2 14 22 14 17 1
10 13 9 16 3 10 5 7 3 3 6 9 1 14 4 7 12 9 5 9
44 59 17 52 17 39 49 10 48 28 40 47 6 38 33 48 46 23 52 18
30 34 19 38 27 22 25 5 21 10 19 27 13 15 10 32 30 22 39 16
29 36 15 27 23 14 24 6 27 7 15 28 10 26 7 21 26 19 23 18
4 11 1 8 1 1 8 1 8 1 5 11 1 4 5 8 3 8 10 1
29 36 14 34 15 18 35 1 38 17 24 37 7 16 19 31 31 14 40 14
39 30 20 37 15 20 28 10 24 5 9 25 9 38 28 34 28 22 22 18
14 16 7 22 13 7 6 1 5 1 1 9 4 11 6 13 11 15 12 7
19 14 8 32 11 20 23 12 21 12 14 16 5 15 9 14 14 27 15 10
6 13 2 7 4 7 11 1 13 1 6 9 2 8 2 2 8 7 10 3
23 29 4 32 21 19 24 9 25 7 12 25 2 27 11 16 15 23 6 12
53 54 25 69 23 33 45 6 42 20 28 44 11 29 38 57 54 34 58 23
30 10 11 37 9 8 16 6 17 6 1 20 7 18 19 24 12 22 19 4
53 47 33 70 21 31 56 21 59 24 33 37 29 34 33 48 58 49 55 28
51 38 37 55 26 31 43 29 43 24 24 30 24 54 31 40 48 46 32 34
12 15 2 25 5 5 12 3 16 6 6 20 1 8 7 15 7 15 18 2
18 20 9 30 6 1 22 4 23 9 10 17 8 20 14 25 19 17 21 5
21 8 4 27 1 6 12 1 13 1 3 8 4 16 15 14 17 14 11 1
16 8 4 22 10 1 6 1 6 1 1 11 3 16 11 15 1 19 10 1
9 16 1 22 7 16 14 1 15 1 13 2 1 10 4 10 18 13 12 2
2 16 1 15 1 8 9 1 12 1 6 9 1 6 1 5 9 9 11 1
6 15 5 21 4 6 20 1 18 1 8 9 4 17 7 11 10 18 15 1
30 20 9 32 9 15 21 1 24 1 10 22 4 22 21 23 24 18 19 5
41 29 24 45 18 19 25 14 32 14 15 32 10 22 14 27 35 28 22 24
36 35 13 45 30 18 30 6 32 7 14 38 11 31 28 35 17 30 31 22
15 15 1 28 7 15 7 1 9 3 9 11 1 3 6 16 14 12 17 1
42 35 8 48 20 23 35 9 45 7 18 41 6 32 27 29 29 32 19 12
23 22 6 39 7 9 23 4 27 13 13 29 4 10 16 26 17 21 30 1
19 9 8 24 12 1 12 1 8 1 2 13 6 13 9 18 6 15 18 4
3 17 1 10 2 9 4 1 4 1 4 6 1 1 1 6 11 1 9 1
28 40 16 27 5 31 34 14 37 14 25 25 3 28 5 12 32 16 35 18
26 28 10 34 15 11 24 1 26 4 14 21 9 23 14 25 25 21 27 6
11 25 2 22 3 19 16 1 20 1 12 11 1 10 2 8 21 10 21 4
54 29 27 69 25 28 41 18 43 20 19 34 18 32 36 45 43 48 40 24
45 53 24 48 25 44 41 22 30 18 35 27 7 51 19 39 45 34 35 26
14 15 6 23 10 5 11 1 13 1 5 19 5 10 10 17 8 15 22 6
33 14 15 41 2 16 22 5 19 5 7 11 9 15 25 30 29 20 29 8
14 23 13 20 14 10 13 4 13 6 7 15 9 9 2 13 19 15 21 15
61 46 33 75 39 39 49 28 44 27 42 44 19 42 18 49 53 57 39 31
8 11 1 10 9 2 2 1 4 1 1 12 1 8 3 8 4 7 9 3
9 10 1 16 9 1 1 1 4 1 1 14 1 9 4 10 1 9 6 1
27 15 17 30 17 5 20 6 22 10 11 13 17 15 14 18 23 28 21 14
47 34 15 53 26 11 33 16 34 6 12 31 21 43 38 42 24 41 33 26
5 15 3 11 1 14 11 2 10 1 7 1 1 12 1 1 15 8 6 4
47 41 21 52 22 29 27 13 25 9 17 34 7 37 28 42 37 30 25 20
44 62 16 56 16 42 49 11 50 29 43 46 1 38 29 46 48 24 53 19
38 41 23 52 21 32 32 6 36 9 21 29 9 23 25 35 41 32 42 20
5 7 1 6 1 6 7 1 8 1 5 3 1 7 1 1 7 3 2 1
28 44 5 50 29 13 39 5 43 13 25 37 10 25 16 34 23 33 32 15
13 5 1 24 6 5 5 1 9 1 2 3 1 1 4 8 13 11 14 2
5 6 2 3 1 4 2 1 5 1 1 1 1 4 1 1 9 1 1 3
14 33 10 21 15 18 27 4 24 9 23 12 10 14 1 14 29 16 26 11
43 47 21 50 19 36 39 13 46 19 29 25 8 31 13 25 49 30 39 23
4 3 1 7 1 2 3 1 1 1 1 5 1 4 1 2 2 1 6 1
44 50 20 57 32 31 33 13 39 16 19 47 12 35 35 45 31 36 36 27
28 37 21 40 24 34 24 12 13 9 24 24 9 26 10 26 36 29 25 13
37 37 7 42 23 16 21 4 26 1 11 33 8 28 28 36 20 22 26 14
19 25 11 19 8 16 9 10 11 6 9 22 1 17 4 14 19 6 12 12
37 34 7 52 22 27 34 20 41 13 28 41 7 25 15 33 32 31 23 13
35 47 18 49 4 31 36 8 34 23 28 43 15 16 30 41 41 23 48 23
21 32 17 29 8 26 16 14 18 10 14 27 3 21 8 18 26 12 16 16
50 52 31 50 36 24 47 18 45 18 30 43 25 48 28 45 41 41 43 32
29 38 22 31 15 21 27 16 23 13 21 30 9 36 16 31 29 24 20 18
35 43 19 47 19 18 28 7 31 11 23 32 9 27 11 33 38 25 31 18
18 18 17 18 9 14 13 12 10 9 10 16 7 13 4 11 19 13 15 19
10 5 1 11 2 3 4 1 8 1 1 2 1 6 8 4 10 8 1 1
15 10 3 19 3 7 8 1 13 1 4 12 1 7 8 9 11 6 10 1
1 12 1 4 1 4 1 1 1 1 1 4 1 2 1 2 5 2 2 1
1 3 1 7 1 1 2 1 3 1 1 1 1 3 1 1 2 6 2 1
28 19 11 36 8 18 26 21 35 10 19 28 8 16 16 17 22 33 13 15
14 11 5 16 4 8 8 1 9 1 3 11 3 6 8 10 10 11 14 6
15 27 3 20 5 22 15 3 14 2 11 14 1 18 6 14 22 2 14 3
47 67 27 56 30 53 51 15 48 22 46 44 10 43 23 46 60 28 53 21
55 49 40 64 35 39 49 21 37 13 44 37 33 44 30 48 61 51 47 28
47 54 21 56 34 21 40 18 40 7 26 51 18 40 31 47 27 37 41 34
38 29 4 49 36 33 37 26 38 26 28 40 12 37 18 34 25 41 23 25
6 14 8 13 4 8 9 4 9 1 4 8 3 7 2 2 12 11 9 10
19 31 6 25 15 19 13 5 17 1 13 17 1 19 11 19 25 14 17 7
35 30 11 49 29 32 33 11 26 10 30 26 9 27 16 30 34 36 20 4
17 18 4 20 4 14 13 1 18 1 9 15 1 10 10 10 18 10 15 5
9 21 2 23 1 14 10 1 14 1 4 15 1 3 7 13 14 8 18 2
5 21 1 14 2 16 12 1 9 1 13 4 1 8 1 7 16 3 10 1
14 21 4 21 4 9 11 1 13 1 5 12 1 16 6 13 16 7 11 1
47 54 36 62 16 37 51 23 52 29 37 50 17 37 32 47 52 38 48 31
35 40 22 57 22 34 51 26 51 31 30 33 18 35 25 42 45 41 43 24
33 30 12 39 13 27 24 11 23 1 22 22 11 28 22 31 37 22 21 9
30 39 12 37 27 29 27 3 18 1 23 20 6 32 16 28 37 24 17 6
32 25 13 56 19 24 42 18 37 21 25 29 12 24 16 37 29 39 43 16
47 38 38 49 16 36 37 23 33 23 26 34 16 42 32 40 45 33 34 32
6 8 4 10 5 7 10 1 6 1 5 2 3 13 7 7 7 11 7 2
7 24 6 10 1 18 8 5 10 1 10 8 1 15 1 3 21 2 3 7
21 32 12 29 17 21 20 2 16 1 16 13 4 19 3 20 28 17 25 10
13 16 11 24 14 16 20 1 11 1 13 4 10 17 11 18 19 20 21 7
43 40 24 54 26 24 34 6 40 13 24 32 17 32 24 39 39 34 40 19
49 33 20 57 23 40 50 28 52 30 38 23 13 41 11 23 45 48 40 26
4 6 1 14 1 3 1 1 3 1 1 4 1 3 1 4 2 5 4 1
34 26 21 34 4 24 15 12 20 10 11 26 2 16 19 23 30 20 19 19
21 21 7 19 5 20 20 1 23 5 13 16 1 16 11 12 22 7 19 6
23 8 7 28 12 1 16 2 21 4 9 14 10 11 8 14 16 22 15 8
8 6 5 14 5 3 10 1 5 1 4 4 4 13 8 8 6 13 10 2
34 33 20 36 15 15 40 12 41 16 24 17 19 31 16 23 39 31 35 19
23 29 9 26 4 19 31 12 37 4 24 22 11 22 14 14 33 19 20 10
8 28 6 23 1 19 16 6 19 4 13 16 1 12 4 11 20 13 16 7
2 16 1 6 1 11 5 1 6 1 4 3 1 8 1 2 13 1 2 2
45 44 28 43 22 29 43 16 39 20 26 27 18 42 23 34 41 34 44 25
30 29 16 47 14 20 28 1 23 2 13 21 8 14 15 31 28 28 39 8
14 14 2 19 9 5 8 1 7 1 3 18 1 13 8 17 3 10 17 1
33 34 20 35 21 20 23 11 24 12 18 24 8 29 7 25 32 24 16 22
7 1 1 11 1 1 2 1 1 1 1 2 1 5 4 4 1 7 3 1
10 10 2 16 1 7 3 1 4 1 1 12 1 1 5 7 7 3 11 1
17 20 8 25 16 9 13 1 11 5 11 14 8 4 1 17 18 14 26 9
36 36 12 48 16 9 30 5 32 10 12 37 8 28 28 41 24 25 32 12
12 32 6 26 16 16 15 5 14 4 13 22 1 17 8 22 19 12 21 8
33 45 6 36 18 28 33 11 36 13 29 28 1 33 13 28 33 16 31 10
8 12 3 9 1 9 9 1 11 1 5 1 1 12 6 3 15 6 1 1
31 43 22 39 21 37 28 10 19 6 27 28 8 27 8 26 40 23 33 16
12 21 11 19 3 13 14 5 9 1 7 11 7 13 11 15 17 15 20 8
45 33 31 60 15 21 39 24 42 15 24 31 27 29 24 35 46 47 37 27
22 20 11 34 10 19 20 4 17 1 13 12 9 20 16 23 24 19 26 6
33 56 17 49 23 36 39 7 31 10 37 31 7 38 16 38 47 26 36 6
36 29 15 46 19 18 25 1 21 2 10 26 7 21 22 37 25 24 38 9
20 25 7 26 16 12 13 1 15 1 7 17 5 20 13 20 16 17 18 6
5 15 1 20 1 5 6 1 12 1 6 12 1 1 1 9 9 5 17 1
19 28 13 32 16 21 16 7 12 1 13 17 7 20 10 22 23 19 25 12
23 32 3 36 13 22 30 7 36 11 19 31 1 18 7 20 22 17 25 3
21 36 14 32 25 19 22 5 17 7 18 22 10 15 4 26 27 19 32 15
51 55 22 67 24 24 44 17 37 17 26 48 16 42 37 60 41 34 48 26
26 37 7 46 21 26 32 8 36 11 22 34 5 22 13 28 26 26 29 8
7 16 1 13 4 8 5 1 10 1 4 10 1 4 1 5 11 6 10 3
12 10 1 15 3 6 4 1 8 1 1 6 1 10 6 6 15 7 1 1
23 31 11 38 12 25 23 2 27 8 18 26 2 16 17 27 24 18 30 9
33 18 17 36 3 11 26 15 30 4 17 28 19 21 26 25 23 30 26 14
25 24 6 40 10 8 28 6 37 11 17 29 7 13 15 23 27 24 26 8
16 9 2 21 5 1 11 5 19 1 7 17 5 10 10 10 11 15 11 1
3 3 1 9 4 1 1 1 2 1 1 3 1 4 1 3 1 6 1 1
8 7 2 11 7 5 3 1 9 1 1 2 2 5 6 4 11 10 5 4
54 58 27 59 32 46 48 10 37 12 33 35 9 50 32 49 52 39 47 21
10 15 2 23 5 12 4 1 9 1 6 5 1 2 5 9 17 10 9 3
12 22 5 18 3 14 13 1 14 1 7 19 1 9 10 14 14 6 17 4
15 16 1 22 9 8 12 4 21 5 7 13 1 16 8 9 14 17 7 3
37 49 21 45 16 32 24 14 30 16 24 43 3 24 17 38 42 14 31 20
53 42 32 71 21 34 55 20 52 14 32 39 27 41 39 55 58 47 56 22
9 14 7 12 3 10 8 6 6 1 6 11 1 9 5 7 12 8 10 9
13 30 1 17 1 14 26 6 29 12 23 20 1 15 6 13 24 5 20 1
9 20 4 16 12 11 15 1 15 1 10 16 4 15 3 12 11 9 17 5
15 21 8 26 14 8 18 1 17 1 6 10 5 21 8 14 14 22 12 6
34 18 7 33 11 2 20 3 22 1 2 24 7 25 25 28 17 24 21 5
34 36 8 41 30 13 24 4 26 1 13 24 11 26 22 31 22 31 27 18
5 4 1 8 7 1 4 1 2 1 1 5 1 5 1 4 3 7 7 3
35 50 25 34 5 43 35 26 35 22 32 31 4 37 8 17 43 18 29 26
23 12 1 33 15 27 28 17 34 18 23 19 4 18 4 13 21 25 12 12
7 8 1 10 1 3 1 1 5 1 1 6 1 1 1 1 7 4 6 1
12 23 6 25 1 14 11 1 13 1 6 19 1 6 10 17 15 9 21 4
18 16 8 24 4 9 14 3 15 2 5 8 7 16 14 14 20 17 19 5
25 29 15 41 7 16 34 13 34 19 15 24 10 25 19 30 32 26 29 11
30 36 17 34 9 26 33 17 33 16 21 16 9 37 13 20 33 26 29 15
15 40 7 22 10 22 30 8 32 13 24 22 3 22 5 16 32 8 26 10
20 16 3 34 10 10 14 1 23 3 6 16 2 8 8 14 17 21 20 4
11 11 1 13 1 9 7 1 10 1 6 8 1 7 3 5 12 2 7 1
45 45 35 47 21 40 37 22 32 21 30 39 15 46 29 41 43 29 30 29
14 13 7 14 1 11 12 3 13 1 7 3 2 15 10 6 20 10 2 4
26 33 9 30 16 25 25 5 20 5 22 16 6 28 11 25 30 18 28 1
44 46 21 52 36 26 37 7 35 12 31 36 16 31 18 43 40 35 44 16
27 39 17 41 27 25 26 9 22 10 21 21 8 27 7 26 32 28 21 21
43 47 12 51 13 23 33 13 39 17 26 50 2 27 26 42 41 22 28 17
23 31 5 28 11 24 12 5 16 1 14 17 1 23 8 16 29 6 12 6
45 50 37 52 22 38 46 28 41 29 37 23 18 52 13 32 52 44 36 36
5 5 2 6 4 2 9 1 7 1 3 5 2 5 1 1 5 5 9 3
36 43 20 34 12 35 35 10 33 15 25 27 6 36 22 30 37 19 37 16
6 7 1 10 4 7 6 1 7 1 4 2 1 7 4 6 8 8 6 2
24 43 10 27 1 26 30 14 30 18 30 31 1 24 8 23 35 7 24 13
