1000 20 11 1980
2 5 6 6 8 5 7 12 3 5 0
10 8 1 1 5 6 1 6 13 0 18
9 6 6 7 8 6 9 17 12 6 12
6 8 7 3 2 15 1 8 9 16 10
6 0 1 6 11 10 15 2 10 15 14
6 3 3 4 7 20 20 6 11 4 22
0 13 9 8 4 7 6 16 2 12 3
8 19 4 10 15 11 11 4 21 5 0
6 10 4 7 7 16 1 26 10 2 0
1 4 8 2 4 10 6 6 5 17 2
7 5 2 3 1 0 3 2 1 3 0
7 13 3 4 3 8 7 3 12 10 18
2 0 2 2 2 7 0 6 3 9 2
5 14 12 3 2 4 9 7 12 6 1
1 6 3 1 3 1 2 4 1 0 4
2 3 1 4 7 5 3 7 23 22 15
2 2 0 5 4 4 0 2 5 3 1
2 9 3 5 2 4 2 6 9 1 1
7 2 7 2 0 0 8 15 3 4 2
1 14 9 9 1 8 6 2 4 11 1
3 14 1 17 7 3 1 2 13 3 10
8 4 9 13 7 3 5 4 5 19 6
4 8 8 1 8 14 13 10 5 11 5
2 17 4 13 1 7 13 8 1 4 5
3 3 4 2 6 10 1 1 3 3 4
1 5 4 1 6 8 1 5 8 11 6
6 5 1 3 7 5 6 3 0 1 3
10 4 9 5 14 16 19 9 17 10 2
10 12 7 14 16 5 18 10 2 4 5
0 7 6 2 9 1 24 2 10 1 10
14 0 10 8 12 12 11 2 6 3 6
5 7 5 7 7 8 0 11 8 4 9
10 10 14 11 2 18 2 21 7 10 8
8 11 11 4 7 13 2 7 1 4 6
1 6 6 3 3 7 5 4 7 2 1
1 5 12 4 5 15 9 22 5 10 16
6 12 7 13 14 11 8 2 9 5 8
16 2 5 2 7 6 10 3 3 3 5
24 2 9 3 4 5 7 7 2 4 2
16 16 25 3 8 3 6 6 17 0 5
3 14 2 5 6 11 6 3 1 10 11
5 0 5 13 3 6 4 9 1 4 6
6 11 6 6 5 6 4 8 8 3 8
7 6 2 17 11 14 1 7 12 4 15
9 13 11 12 8 9 0 10 3 9 3
8 1 6 1 2 3 5 5 1 1 7
8 4 8 13 2 7 5 1 4 4 1
10 16 0 24 3 10 1 12 8 11 12
12 3 7 8 0 7 1 2 6 4 4
10 14 13 10 12 1 5 3 5 17 5
4 12 2 4 1 1 7 8 21 13 7
8 1 3 8 4 21 0 14 0 4 14
1 0 16 6 8 12 7 7 10 9 2
1 1 1 1 9 5 3 7 0 4 5
6 18 4 15 12 1 9 4 7 1 7
5 3 11 3 1 5 6 4 1 5 12
11 9 8 0 0 7 15 1 6 13 2
8 5 13 9 7 4 9 20 12 8 22
4 6 6 5 10 7 0 4 6 4 1
1 3 6 9 13 7 9 8 5 14 6
0 5 2 5 12 0 5 0 3 1 0
8 9 1 16 14 13 1 10 3 10 1
12 10 6 2 1 11 11 11 8 1 26
4 3 11 5 5 4 9 10 6 7 1
6 8 2 2 3 3 6 8 13 7 0
1 13 12 7 8 5 9 0 4 7 5
6 16 7 8 3 2 0 5 7 0 2
5 13 3 4 9 8 11 1 19 11 3
1 0 4 6 0 0 0 1 3 7 1
2 9 3 8 2 5 6 1 4 0 8
3 3 3 9 4 3 5 15 11 8 3
4 12 6 4 12 15 3 2 12 13 13
10 4 7 6 10 9 6 1 5 9 1
14 17 22 5 8 5 9 9 4 0 3
17 4 2 3 4 1 1 9 5 10 4
1 5 2 10 20 5 7 0 21 7 10
6 5 4 3 3 6 1 2 3 7 4
8 7 11 5 24 5 4 2 7 5 19
2 15 17 11 8 0 2 10 9 3 1
1 8 14 7 10 10 9 7 15 6 2
1 3 1 9 3 4 9 6 2 4 1
7 9 3 12 9 8 1 0 4 15 7
6 13 1 15 9 14 13 4 13 8 10
2 14 7 4 1 3 5 11 3 7 1
2 7 9 7 0 5 5 10 12 22 1
5 4 12 9 14 4 3 4 3 3 22
3 5 1 8 6 4 6 5 6 8 6
0 4 8 0 10 1 11 3 4 1 4
6 1 3 1 9 9 8 8 7 14 5
6 14 4 4 7 2 22 4 2 9 10
5 11 16 4 11 7 10 20 3 3 7
8 13 2 10 1 8 4 0 12 14 6
9 0 9 9 7 2 6 18 2 2 4
13 6 1 6 1 11 3 3 6 21 6
11 12 3 4 9 3 9 13 6 6 19
11 4 1 2 1 2 11 18 11 0 23
2 7 1 3 1 1 1 7 2 1 6
6 0 13 3 3 7 13 5 1 6 3
9 16 3 4 4 1 3 17 4 1 2
1 4 3 17 3 10 10 2 3 1 11
17 7 12 10 13 9 3 14 14 6 0
12 3 10 0 3 4 9 3 8 9 2
0 10 1 1 9 2 12 6 1 7 0
0 6 3 1 7 0 0 4 4 0 3
2 3 10 10 6 2 4 4 6 19 10
6 1 0 12 12 7 1 18 9 15 5
2 13 6 11 1 9 2 10 9 1 4
6 2 12 0 3 0 2 1 4 2 4
0 9 3 1 5 6 12 6 2 8 8
2 13 17 8 0 1 0 4 26 4 6
15 12 1 16 4 6 5 0 10 8 15
17 3 3 2 1 3 16 19 14 11 13
9 3 14 11 28 13 7 4 4 5 10
26 4 8 5 19 6 4 6 10 4 5
7 4 2 3 2 7 8 0 4 1 0
6 4 19 3 11 9 9 3 9 6 3
7 3 10 10 13 9 2 1 9 13 4
6 2 5 7 5 1 3 4 9 12 3
4 11 5 0 8 7 4 1 5 3 1
10 5 2 3 5 0 1 8 2 3 2
1 6 1 14 0 2 6 2 8 10 3
2 3 2 1 7 4 16 16 0 1 9
2 1 6 3 4 4 5 5 17 2 2
17 1 2 8 6 9 4 11 7 10 10
1 1 6 0 10 15 9 5 15 17 10
1 14 24 0 3 6 13 12 14 12 1
15 7 14 1 18 5 1 13 5 8 17
3 2 6 3 3 2 0 0 1 3 6
0 4 2 6 10 0 3 0 5 2 14
2 0 5 3 3 1 5 4 12 3 5
5 10 1 9 8 2 6 4 24 2 3
2 2 8 10 8 3 5 8 0 5 1
2 2 0 1 1 1 3 6 9 8 2
13 6 9 8 1 6 12 24 7 11 5
9 6 15 22 10 1 1 12 16 14 5
5 13 18 19 16 12 6 1 12 3 12
5 10 0 2 18 8 9 14 4 0 14
18 3 3 15 10 7 5 16 4 3 11
4 10 15 4 11 2 2 10 6 9 1
4 4 4 5 6 9 5 1 4 4 6
15 24 6 7 3 3 4 8 7 0 7
10 1 9 6 0 9 2 5 3 8 10
0 3 2 8 3 6 2 1 0 0 0
4 5 9 5 2 9 11 15 10 3 5
13 4 12 8 6 3 2 8 3 10 13
7 2 1 2 4 5 2 5 4 1 5
5 2 13 15 0 0 1 12 7 5 2
3 4 2 2 2 6 4 1 11 4 0
6 0 2 14 8 3 3 4 0 8 17
5 4 3 2 2 4 3 3 2 1 4
1 4 1 9 3 17 3 3 5 17 7
4 4 4 0 6 1 2 5 2 3 6
3 0 8 16 13 20 16 3 9 2 0
2 1 4 9 0 6 4 4 3 18 9
2 9 8 0 5 5 6 4 14 8 7
0 1 5 0 1 1 7 5 1 4 6
9 2 11 3 19 1 1 8 14 8 4
5 14 11 4 14 3 3 7 7 10 17
8 25 3 8 11 5 8 1 7 4 5
3 1 5 1 7 1 1 5 2 2 4
9 3 3 0 10 2 2 9 3 2 3
0 12 1 19 2 6 1 3 1 13 4
12 7 21 19 6 1 12 12 6 5 6
11 5 22 6 2 12 10 4 0 13 8
2 0 1 4 14 11 9 4 11 1 3
0 1 9 1 1 4 2 4 1 2 0
2 0 7 3 3 8 0 2 9 3 1
4 0 1 2 6 3 9 0 4 1 5
3 19 6 8 9 4 20 0 8 6 1
10 2 9 1 9 3 15 10 4 7 4
2 3 5 1 4 7 5 0 4 1 0
4 1 5 14 14 15 1 12 25 10 4
3 4 2 4 4 2 1 2 3 0 4
4 1 2 5 4 2 2 5 1 8 4
0 8 3 8 4 3 1 12 5 9 6
8 3 4 2 4 5 2 0 2 2 9
3 3 5 4 3 3 3 1 8 3 7
2 5 3 0 1 1 5 3 4 4 1
3 6 2 4 5 13 7 3 13 5 6
17 3 6 15 6 1 1 4 1 11 2
1 14 2 6 8 23 15 10 9 1 5
2 6 0 8 1 0 4 3 3 5 2
2 17 13 12 2 3 1 11 19 3 6
10 8 5 12 5 6 10 6 8 5 6
9 9 1 19 5 7 1 22 9 5 3
8 17 1 1 10 14 13 1 2 13 7
5 6 3 2 6 0 7 2 9 2 3
9 8 8 4 1 9 3 1 9 3 3
2 14 0 3 0 5 3 3 2 5 7
6 11 2 16 17 1 15 10 8 0 21
11 4 11 9 19 11 7 13 14 7 8
2 1 0 1 1 4 1 6 15 7 16
2 3 4 8 9 16 4 8 1 14 5
1 10 1 2 7 10 2 1 3 13 4
7 5 1 7 1 4 11 4 1 1 21
2 5 2 17 2 3 2 1 9 3 0
7 17 4 10 5 3 5 11 17 0 3
6 3 1 3 14 12 3 3 14 12 15
2 15 8 6 18 5 8 2 0 16 4
15 2 11 6 3 16 17 13 0 1 2
4 0 11 2 6 4 2 20 0 18 2
9 8 9 4 6 7 3 21 6 3 5
3 8 1 3 2 4 7 3 4 4 2
6 2 8 7 6 7 1 8 15 3 7
8 13 5 7 7 2 16 0 13 3 10
5 6 9 13 10 4 2 15 1 4 8
2 4 1 2 6 1 1 4 4 2 1
9 1 12 0 7 3 13 30 13 1 0
2 4 1 8 4 1 6 3 1 2 3
3 10 2 4 8 5 4 13 3 3 1
7 5 6 6 0 5 2 4 1 1 2
3 3 11 6 2 11 5 17 13 24 11
4 24 2 0 0 5 0 13 4 2 16
20 8 1 7 14 1 2 1 3 17 4
15 23 1 7 18 1 3 12 7 2 16
1 7 4 2 8 3 16 15 8 1 7
8 2 1 8 14 10 4 12 9 9 18
9 10 9 13 13 6 15 6 5 4 15
12 12 17 4 11 12 6 25 1 1 2
9 1 4 6 9 17 1 9 7 1 1
5 5 9 0 11 19 12 1 6 20 9
8 16 10 0 6 13 2 3 1 0 4
0 13 5 7 5 1 3 7 2 10 7
8 11 2 1 4 3 0 0 0 2 2
10 4 22 13 9 13 8 3 1 12 4
2 7 2 9 1 3 7 9 10 10 7
0 13 5 4 3 4 3 2 1 1 1
1 10 14 12 4 2 4 10 5 3 5
7 2 17 7 3 3 2 5 0 4 3
15 1 4 13 3 2 6 7 3 10 1
18 4 12 24 13 1 1 2 5 12 12
0 14 8 2 2 5 5 8 5 10 7
6 4 7 5 7 2 7 0 1 6 6
12 10 3 6 3 3 4 0 13 4 7
2 12 7 2 12 4 14 7 6 1 14
7 1 0 1 5 2 2 5 3 1 1
5 14 9 4 4 5 2 4 13 4 0
4 2 5 8 6 2 1 1 2 2 5
1 6 2 3 1 1 6 1 3 2 7
1 8 1 9 2 4 3 1 1 1 2
15 6 6 15 7 2 1 7 22 7 3
15 3 1 6 3 9 3 1 3 9 12
6 1 1 2 1 3 1 2 8 6 1
12 10 14 3 13 12 6 8 1 11 16
4 19 8 1 17 9 2 14 4 3 2
1 2 4 7 1 4 2 9 6 15 2
2 6 3 9 3 2 8 8 1 4 6
7 5 7 14 23 3 15 9 0 4 2
20 5 9 12 6 22 6 7 5 14 6
3 14 7 1 1 5 4 6 0 0 1
4 0 3 6 2 4 5 2 1 3 2
12 5 5 10 3 8 7 0 3 3 12
13 3 2 6 4 5 5 11 0 5 1
2 9 1 2 2 1 1 3 2 1 3
1 3 4 1 0 5 2 6 1 3 2
0 2 1 0 2 5 8 0 2 3 6
2 2 7 13 5 7 1 8 20 4 12
3 4 1 6 4 3 4 8 7 1 1
18 3 5 3 9 0 9 8 17 7 1
2 4 1 2 9 7 0 14 5 2 8
2 1 2 5 4 1 2 2 7 0 1
2 4 3 1 1 10 1 3 6 4 5
1 8 2 1 13 11 1 7 1 11 1
7 8 5 0 8 14 1 8 2 4 12
14 22 3 8 1 8 4 12 11 8 4
2 3 2 1 1 3 4 1 4 5 8
14 1 13 7 10 15 7 4 13 1 15
5 1 8 12 9 4 7 3 2 12 11
4 1 3 4 6 6 10 13 6 1 4
7 7 19 6 12 12 0 9 1 1 9
1 3 5 7 9 8 16 2 1 10 1
1 9 4 2 2 4 5 1 5 0 13
6 2 9 3 15 21 5 7 11 15 8
3 1 5 4 5 1 3 3 3 10 1
3 9 13 3 2 1 3 11 4 8 0
15 23 7 1 4 10 6 13 18 0 11
1 7 4 13 2 4 5 0 0 3 2
3 9 7 23 14 12 10 0 13 1 2
1 10 2 5 2 15 6 11 12 10 21
3 5 0 4 4 1 0 5 3 7 3
6 7 10 5 6 7 10 8 8 3 10
14 14 4 4 2 5 11 22 5 12 3
5 3 0 9 1 18 17 5 6 10 9
2 4 2 2 2 6 7 1 1 1 3
0 1 1 0 4 1 4 6 2 6 4
1 7 15 18 0 2 8 0 6 2 4
10 2 11 7 9 2 2 10 9 8 7
7 7 15 8 3 1 1 21 19 6 15
12 9 7 7 6 7 2 5 5 15 11
8 4 9 2 4 3 12 4 0 2 1
9 5 5 8 2 2 1 3 1 7 6
3 1 1 3 8 2 3 2 1 2 2
2 2 2 6 8 15 3 8 6 8 13
0 0 10 1 4 6 6 3 11 7 7
2 4 10 6 11 8 2 6 6 3 3
8 8 4 5 17 4 1 1 1 6 5
20 0 4 14 3 21 15 4 4 11 7
5 8 2 4 10 4 0 3 4 4 3
0 0 1 5 3 3 4 3 0 0 8
2 3 2 4 5 2 3 3 5 4 2
4 2 3 0 5 4 1 4 6 5 6
0 2 11 2 10 6 1 2 0 6 3
5 1 7 9 7 0 10 7 1 0 5
14 5 8 6 2 21 7 1 2 5 6
6 18 3 15 8 8 1 6 6 11 7
0 8 0 7 4 24 14 6 12 4 2
3 9 2 1 1 10 2 0 3 4 1
4 7 4 7 0 1 10 7 0 10 2
12 4 19 2 10 11 1 2 15 7 2
5 8 16 6 2 7 5 12 11 4 8
0 2 0 6 3 0 0 4 9 4 1
7 5 10 9 1 9 3 9 12 1 6
15 13 5 9 7 1 14 4 11 0 9
8 3 2 3 1 2 4 2 1 0 3
2 7 11 7 13 2 7 1 3 5 2
6 4 4 1 1 3 8 0 2 0 3
6 0 0 4 9 6 1 1 0 1 3
2 6 4 2 6 4 1 3 3 1 1
1 2 12 0 5 2 1 0 1 3 7
3 6 3 2 1 1 4 12 2 0 1
6 1 1 1 1 1 8 12 5 12 5
12 18 2 7 12 15 1 2 4 1 8
4 5 1 6 5 2 1 7 3 2 2
8 6 4 5 7 3 6 0 7 5 5
9 8 1 1 6 4 0 3 14 3 0
1 7 6 3 1 9 4 9 9 10 1
9 23 5 3 11 1 4 21 1 7 14
0 5 3 3 1 2 2 2 3 6 1
1 11 12 7 1 8 15 8 3 5 3
12 3 13 4 5 6 6 5 15 4 2
11 14 10 4 4 10 24 11 11 7 12
0 2 11 12 10 21 17 5 3 0 14
9 5 2 7 0 5 9 2 7 7 8
4 3 0 0 6 1 14 12 2 13 5
24 8 3 14 6 0 14 15 12 8 1
1 3 8 9 1 2 2 1 3 7 1
15 1 2 7 3 2 3 3 7 10 1
5 12 2 7 2 5 3 4 3 5 5
6 10 2 4 7 3 11 5 3 2 14
3 5 1 9 2 9 6 6 8 2 2
17 4 9 18 19 5 5 15 11 7 9
3 6 8 7 20 17 3 15 14 12 7
9 6 2 14 3 15 2 6 9 2 4
10 6 10 22 11 8 3 13 18 8 3
1 3 1 5 6 5 1 5 2 2 15
4 2 8 3 5 1 4 5 8 4 3
5 3 7 2 6 1 2 5 6 0 1
18 11 4 13 3 18 8 4 12 2 2
12 16 6 5 14 4 4 4 1 1 5
2 1 11 3 2 23 12 17 9 10 15
25 12 14 5 1 0 12 6 10 4 15
22 5 2 9 0 3 8 21 6 4 4
9 7 12 6 10 2 8 1 8 26 10
15 5 9 9 1 2 5 19 1 1 15
14 7 19 7 3 13 10 8 5 21 2
3 9 12 12 7 11 3 3 13 11 14
6 24 3 17 5 16 12 1 2 5 1
20 0 3 8 7 3 8 3 19 10 10
2 10 2 13 7 2 1 28 1 8 2
6 26 6 12 9 10 1 15 5 7 6
7 1 2 4 1 0 1 0 3 3 3
7 5 9 3 0 10 5 1 8 4 5
4 4 2 5 5 11 0 10 9 1 2
8 3 1 1 8 8 1 8 3 6 1
2 5 2 12 15 26 6 5 4 14 11
17 2 4 20 1 1 1 4 0 3 5
6 3 4 7 9 4 7 4 10 19 9
11 5 4 2 0 6 1 14 3 3 0
4 6 9 3 8 8 1 0 3 6 3
10 3 5 21 23 1 5 5 2 15 15
3 5 5 0 12 12 13 4 2 22 21
5 28 6 11 6 1 9 4 1 3 13
11 20 8 9 15 7 15 1 4 4 1
1 5 8 5 2 7 2 4 21 3 12
2 6 1 0 1 7 6 6 1 1 2
8 1 2 4 14 1 4 0 2 5 5
12 9 9 0 9 10 3 0 14 2 7
17 4 2 16 1 5 1 1 3 0 14
4 6 10 9 3 2 3 4 6 3 3
2 5 1 4 3 1 6 2 4 6 5
3 4 1 6 2 4 10 9 7 9 13
15 5 17 9 8 5 1 11 13 2 17
9 6 28 7 6 18 4 13 2 5 4
15 7 12 27 1 2 2 11 8 15 3
4 11 0 22 2 4 7 18 6 10 0
12 7 7 0 0 3 3 5 0 13 8
0 5 5 3 8 6 0 18 3 9 12
2 3 10 1 2 1 10 18 10 3 4
4 2 2 4 9 2 2 5 4 4 0
2 4 3 4 5 0 2 1 4 4 0
15 1 13 0 3 4 0 8 6 5 1
12 1 1 10 8 4 5 8 2 1 10
4 8 17 8 8 6 9 7 21 7 6
6 3 9 3 4 1 13 3 7 13 3
6 2 13 5 7 2 1 6 7 0 9
4 4 4 4 12 10 5 2 2 5 0
1 9 25 12 5 1 3 2 14 10 8
6 4 1 10 0 6 19 18 8 8 3
5 2 0 3 2 4 6 1 0 2 2
9 2 17 16 12 3 7 6 6 3 11
2 2 1 9 4 3 4 5 8 2 1
7 3 0 5 6 0 3 1 7 4 19
1 2 3 0 8 3 1 2 1 3 2
4 4 6 3 2 3 2 0 6 2 7
4 1 5 5 2 0 0 0 3 4 3
11 10 5 6 2 7 5 1 5 6 3
7 2 2 5 6 4 1 3 1 0 11
25 0 17 1 21 0 2 3 6 4 10
13 6 8 23 14 6 5 19 13 2 0
3 20 6 13 16 8 3 4 13 16 15
5 18 0 17 6 1 16 2 11 3 3
9 3 12 14 6 8 11 18 6 1 22
0 9 4 1 5 3 2 5 2 7 3
4 3 15 1 8 9 8 7 0 9 10
13 6 7 6 6 5 0 12 6 27 9
11 8 2 3 6 7 1 2 6 1 1
5 15 17 10 4 13 3 2 6 11 2
1 3 2 1 9 3 0 7 0 6 3
3 1 4 7 0 2 5 5 3 7 2
0 3 3 0 4 0 0 5 2 6 2
1 2 1 1 6 4 1 5 1 9 2
1 0 4 4 1 1 1 0 3 7 4
15 3 12 2 13 2 18 4 2 11 0
5 17 6 1 13 0 16 7 3 2 12
5 0 9 17 6 23 8 6 13 19 2
10 3 8 4 1 7 8 20 12 19 3
1 6 13 2 13 7 5 1 1 7 12
3 7 1 16 30 6 11 4 1 12 3
3 0 3 4 6 5 6 0 4 8 2
15 14 6 22 14 18 4 0 6 5 6
4 10 4 4 14 10 12 12 4 4 11
4 13 0 3 1 3 7 2 2 6 11
7 3 14 5 1 4 2 9 1 3 2
1 6 4 4 0 6 3 4 9 11 6
11 10 9 2 2 4 19 2 7 11 5
1 2 1 0 7 4 2 4 1 2 1
18 5 7 10 11 11 5 4 5 8 15
13 17 12 17 7 13 6 6 0 8 10
17 7 12 4 1 18 17 8 3 10 7
0 3 4 9 7 1 8 1 4 4 3
3 22 1 18 1 18 14 1 13 1 5
5 6 4 3 10 10 5 8 14 5 6
4 2 11 2 0 1 0 6 0 11 0
5 4 2 4 6 1 4 2 1 5 3
8 2 4 5 7 4 1 5 4 3 8
0 5 2 13 2 1 4 3 4 2 2
5 3 3 15 7 12 10 6 15 3 2
2 3 4 2 0 4 7 9 1 4 1
2 3 10 6 3 12 10 5 6 9 9
8 4 1 12 6 21 1 4 6 12 17
11 5 0 3 10 4 4 5 6 1 7
13 3 9 6 18 12 2 5 1 4 3
3 0 2 3 0 4 1 2 1 5 7
14 1 1 3 6 8 0 0 1 8 3
1 13 1 8 3 5 6 10 2 9 3
1 3 0 10 10 2 3 4 7 4 1
16 5 8 5 7 2 0 6 2 9 18
13 8 2 8 4 10 3 5 7 6 2
15 1 5 12 2 0 10 5 14 6 8
0 3 1 2 5 7 14 0 10 12 12
8 8 12 18 3 2 10 2 5 2 5
5 12 11 15 3 12 16 15 9 8 13
5 1 2 18 3 8 24 5 9 8 16
9 21 3 10 5 11 15 7 0 3 5
0 9 4 0 6 3 2 3 7 0 1
4 11 8 4 6 9 15 5 12 15 14
8 3 1 3 2 1 7 2 5 4 4
9 2 7 5 1 5 6 1 3 1 0
6 2 1 0 3 3 4 3 5 2 6
6 3 1 1 3 5 5 4 1 1 3
2 11 14 5 8 6 6 7 1 4 2
6 3 7 9 23 10 9 8 11 11 1
3 2 1 2 7 1 1 2 3 7 1
3 14 3 12 2 15 4 9 14 4 16
0 2 7 4 19 2 12 3 0 0 4
3 10 3 3 5 1 9 2 4 1 5
1 12 5 16 11 6 14 9 11 1 17
5 0 5 0 4 0 0 7 4 1 0
4 6 2 6 0 5 4 3 3 6 7
2 4 1 2 2 5 5 4 3 2 1
6 3 0 4 13 6 11 0 13 14 11
14 1 4 2 21 2 1 4 5 0 7
0 2 1 6 8 5 4 1 7 3 2
5 3 2 3 2 1 1 4 7 2 5
3 16 6 8 6 4 7 1 5 19 16
0 4 3 7 9 14 11 2 1 0 6
4 7 0 0 1 2 8 1 0 2 2
1 5 2 11 3 8 11 5 2 2 0
6 10 1 2 2 14 4 6 5 8 2
10 12 22 11 15 4 5 3 12 1 8
2 4 2 10 7 8 9 13 0 8 13
8 5 8 15 16 5 0 6 13 0 1
5 5 9 11 4 1 2 5 5 4 5
22 2 3 5 6 2 5 10 7 7 4
2 3 1 5 6 3 6 9 6 2 2
1 4 16 2 1 11 6 13 4 3 1
8 9 10 11 4 0 9 1 2 8 1
0 0 5 2 7 2 11 6 8 9 3
1 1 1 3 4 3 7 0 8 2 3
4 2 10 5 2 2 2 0 3 3 10
8 3 5 7 14 4 11 1 1 3 1
15 2 1 13 16 13 5 1 8 5 5
6 3 5 7 7 12 1 0 4 5 11
10 1 10 10 7 9 1 3 7 10 3
0 16 8 13 5 3 6 1 5 2 1
6 5 12 1 5 4 12 0 0 0 2
2 3 18 7 1 15 6 7 18 6 2
6 7 4 2 13 5 2 1 9 12 1
8 6 9 1 9 2 0 7 1 2 4
2 2 6 7 1 1 1 2 11 1 4
5 5 19 9 7 11 10 8 9 16 13
4 1 2 2 7 13 3 10 0 2 6
2 5 22 0 3 16 7 3 8 5 8
7 1 2 2 15 12 1 1 24 9 7
20 1 7 5 0 3 9 3 17 15 16
1 15 3 4 5 10 9 5 4 3 1
10 4 3 1 22 6 1 10 13 15 11
8 10 1 0 1 18 8 4 5 1 2
2 6 9 4 4 6 13 8 12 23 17
7 17 3 6 10 6 9 16 5 8 1
2 2 9 4 1 12 0 6 16 4 13
2 4 6 5 3 1 1 4 0 1 1
6 4 10 24 15 15 6 3 4 4 3
7 3 13 14 4 12 2 5 10 1 5
17 2 8 6 3 4 18 1 3 16 4
2 0 0 3 3 3 3 3 1 2 8
3 7 12 4 4 3 0 11 7 3 18
1 7 23 2 12 13 1 1 22 0 11
9 4 2 2 6 1 2 0 5 8 9
1 1 2 4 6 1 1 4 4 4 6
10 2 14 3 21 9 3 2 6 13 8
3 8 10 5 3 14 8 7 1 9 7
1 2 8 8 8 6 4 0 0 0 3
6 15 17 14 4 3 0 5 7 0 5
10 4 2 22 10 5 1 3 15 4 2
9 9 10 24 1 3 4 2 10 7 6
6 6 8 7 5 7 16 10 9 5 10
0 3 0 3 6 1 1 5 3 8 0
1 4 4 1 1 6 5 8 2 2 3
1 2 4 1 4 6 2 9 0 4 2
1 8 2 3 8 2 5 6 7 8 8
10 3 9 2 9 0 5 11 7 8 3
1 2 1 3 1 1 2 5 5 8 6
13 13 4 6 1 25 9 1 9 7 6
22 10 18 1 4 2 5 16 14 6 0
2 1 3 1 8 3 4 5 9 0 10
12 6 1 10 3 1 5 4 19 5 9
4 7 0 10 2 5 1 0 2 2 1
4 1 2 2 2 7 3 2 7 8 1
13 5 20 14 14 19 6 8 1 7 9
11 3 11 9 8 11 10 8 6 1 5
6 4 2 1 10 6 9 4 2 2 3
16 20 3 7 4 1 6 11 2 6 5
5 6 9 9 17 16 3 9 4 3 22
8 8 7 4 12 7 5 2 5 5 8
17 8 9 2 3 13 2 1 4 13 10
2 2 10 15 7 12 10 6 7 5 27
1 4 2 3 4 6 2 1 3 10 6
0 2 3 3 1 6 2 6 2 2 5
4 4 1 4 2 6 7 6 1 6 7
5 11 11 16 2 16 19 16 7 4 7
7 2 5 2 5 2 3 2 10 7 1
13 16 10 19 9 4 7 4 4 5 10
23 9 8 10 8 1 8 6 7 5 5
4 0 5 7 2 6 5 3 0 1 2
1 14 4 7 6 5 3 15 2 13 13
4 9 1 10 8 4 7 10 1 18 9
7 10 7 7 1 3 0 1 1 4 6
4 1 3 2 1 15 3 0 7 1 3
2 5 6 6 5 15 26 2 1 3 7
4 17 6 6 4 7 8 4 3 12 15
0 3 2 1 2 10 1 4 2 1 5
3 11 3 2 9 29 18 2 10 6 1
8 2 3 8 1 2 4 2 1 1 3
12 6 3 3 2 10 3 1 5 9 22
4 5 11 15 1 1 1 6 3 8 4
0 4 2 9 1 1 9 5 1 3 2
4 18 5 1 2 4 1 15 3 1 1
11 7 7 1 2 6 1 3 5 12 12
1 1 3 10 1 4 5 3 2 2 6
11 12 9 11 1 9 1 2 13 5 8
29 11 2 3 6 3 12 5 4 12 15
13 13 0 3 5 9 8 1 7 7 9
3 4 4 4 4 3 1 2 2 5 8
5 9 7 1 8 1 1 2 4 0 1
9 2 15 0 4 6 9 5 9 6 5
19 6 13 10 0 16 5 6 3 0 3
2 7 1 1 1 2 7 3 2 1 1
2 10 6 4 6 3 3 7 3 16 6
10 4 0 8 5 5 4 1 7 1 0
2 7 20 3 13 9 2 13 10 13 2
12 3 2 12 0 12 5 9 5 12 4
3 16 2 5 5 4 5 1 7 0 7
19 2 3 0 4 5 12 11 10 16 13
2 1 1 3 4 1 1 5 2 6 2
5 0 1 5 2 5 3 11 2 5 4
9 6 1 8 13 10 2 3 7 25 16
4 9 12 7 10 5 6 0 8 3 2
2 8 4 18 10 10 17 1 12 15 16
7 12 0 3 7 12 4 1 4 9 3
3 5 0 3 0 3 0 4 4 3 4
2 0 5 2 1 4 4 4 6 1 1
2 11 19 2 11 12 1 3 2 13 16
2 0 4 5 1 6 2 2 1 0 4
12 5 2 2 0 6 6 8 3 3 0
7 4 0 1 3 7 6 4 4 4 1
2 8 8 1 5 10 2 6 9 2 2
4 0 1 4 3 5 3 0 6 4 0
1 0 7 3 4 5 2 2 0 2 1
11 20 11 24 10 4 2 8 1 6 7
3 7 6 9 5 7 15 7 4 8 10
3 2 5 1 7 2 1 0 2 6 7
16 1 9 0 15 10 6 8 11 19 7
1 2 3 6 6 0 3 3 4 1 3
3 5 6 3 5 3 2 1 2 2 8
9 2 3 3 1 2 2 2 1 2 1
10 8 2 5 3 0 3 11 5 6 25
3 7 20 5 1 2 10 7 4 1 6
16 15 0 4 0 15 8 11 17 0 1
2 2 5 1 2 4 1 1 7 0 0
6 3 2 1 0 2 6 9 5 4 10
2 4 1 2 5 8 5 1 8 2 1
12 2 8 4 3 5 8 1 11 0 1
1 1 2 13 16 3 9 5 2 21 6
2 3 4 4 7 0 1 3 11 5 1
9 19 10 4 6 8 23 2 6 10 4
3 7 20 5 3 5 2 8 4 9 10
6 0 6 11 1 6 4 6 20 17 15
2 9 6 2 5 4 7 0 4 7 4
6 6 3 1 3 5 5 1 4 4 2
3 12 6 20 4 8 1 10 5 8 1
16 6 12 9 11 1 6 9 21 8 2
7 3 3 6 3 8 0 15 1 13 0
19 9 4 5 3 7 5 5 2 3 6
10 8 10 8 22 2 18 7 9 10 0
15 10 4 16 9 3 8 14 10 13 8
1 6 19 18 2 14 5 4 9 4 14
1 0 8 8 18 4 8 11 4 16 0
1 3 1 1 9 4 3 1 2 2 2
2 7 14 2 3 9 5 8 0 2 10
8 7 5 1 8 4 20 0 5 13 18
5 7 3 6 9 20 5 3 9 19 5
3 2 5 3 12 3 1 4 5 3 7
3 0 10 4 16 12 2 5 11 10 5
11 6 11 5 2 1 5 11 6 15 3
2 12 11 6 8 7 3 27 1 13 4
4 19 10 11 21 7 10 9 11 9 12
10 3 17 19 7 5 0 8 0 15 14
6 1 10 4 2 3 2 1 0 1 6
6 12 4 3 7 7 1 8 7 4 3
6 4 30 1 1 13 6 3 8 2 2
6 2 8 10 10 1 5 6 7 6 0
1 7 7 0 11 2 11 0 10 4 0
5 6 15 14 7 3 5 6 7 0 1
6 1 5 5 5 5 5 10 5 19 2
2 11 13 8 7 12 3 6 11 1 29
12 11 2 19 2 0 3 17 8 1 13
4 5 0 4 3 2 2 5 6 3 3
9 1 5 1 0 7 2 3 2 4 4
7 0 0 1 17 0 2 5 10 3 12
9 6 10 20 16 3 2 11 0 2 3
2 1 6 3 0 3 3 2 5 6 3
3 2 4 9 3 2 4 3 3 2 7
8 11 6 3 1 4 9 8 3 5 4
3 2 14 7 9 1 16 13 1 1 24
1 8 1 4 7 3 3 2 6 6 1
5 5 9 6 10 5 8 7 13 10 2
2 10 19 7 9 9 7 11 10 1 4
1 3 2 7 0 2 4 1 4 3 1
0 3 3 2 0 1 9 1 2 4 4
5 0 9 16 9 12 10 8 16 17 1
1 2 5 5 1 0 5 0 1 3 4
7 1 5 6 4 7 4 13 6 2 7
7 6 4 7 6 0 10 9 11 0 0
2 4 11 11 11 5 20 3 7 13 5
11 3 7 10 2 12 3 4 2 13 5
1 4 9 8 5 8 3 7 2 5 5
10 9 6 1 7 10 9 7 3 6 8
19 12 7 6 7 5 4 13 8 2 9
6 3 6 4 10 7 13 5 4 11 0
6 11 5 23 9 0 3 5 10 2 17
5 14 2 17 10 9 19 0 2 7 3
4 3 0 5 14 8 1 8 7 4 10
0 14 5 6 3 5 0 3 0 8 5
2 4 3 7 7 14 0 3 2 1 9
0 4 11 14 4 4 29 13 2 15 3
9 4 10 12 5 3 5 7 5 9 26
0 10 9 4 1 5 2 2 5 18 13
9 21 5 1 12 4 2 2 6 8 14
0 18 10 1 4 2 7 6 0 11 1
2 6 6 5 7 3 10 2 8 6 2
5 12 9 6 2 11 2 3 5 1 8
23 10 5 13 10 2 13 4 13 7 14
3 1 4 7 16 2 1 11 1 6 0
11 3 3 3 6 10 0 10 3 9 2
3 3 2 2 6 3 1 10 1 1 6
2 7 15 8 4 6 8 9 12 5 3
2 6 1 1 5 0 1 2 7 1 1
4 1 1 0 3 4 9 5 1 7 12
21 5 12 9 2 1 2 2 1 14 20
3 4 23 4 6 0 2 7 1 9 4
6 3 17 8 2 6 1 11 23 7 11
7 21 5 1 8 3 4 13 2 13 4
1 21 14 20 7 13 3 12 9 2 7
6 2 2 4 5 4 3 1 1 3 3
3 4 9 7 6 6 7 1 2 3 4
2 0 1 1 0 4 1 2 7 7 3
6 2 5 5 3 6 1 7 1 5 16
2 3 1 6 1 6 3 2 4 0 5
8 13 8 11 8 5 3 15 2 14 7
10 2 6 7 5 0 1 5 7 9 9
2 5 8 0 7 2 13 13 7 0 6
2 5 11 13 4 2 5 9 10 2 12
11 6 11 4 4 11 3 16 0 1 6
8 1 13 10 7 12 5 16 12 1 0
6 1 1 1 4 2 0 5 7 2 7
20 8 2 8 22 7 2 9 17 2 2
7 3 6 3 0 2 13 9 2 4 16
2 1 3 3 10 3 6 5 2 4 3
3 9 5 2 2 9 3 10 9 6 4
12 1 10 4 1 9 6 5 12 8 2
12 8 13 0 2 14 3 3 2 13 4
1 5 0 1 3 1 4 5 2 2 4
9 16 11 13 3 0 6 1 2 1 1
4 9 13 3 4 6 13 1 5 4 8
4 3 10 9 8 17 5 0 7 11 5
2 3 3 4 3 4 4 2 0 6 2
8 3 1 0 14 0 3 2 4 9 7
1 1 8 10 19 13 4 2 15 5 1
14 23 3 6 10 15 2 8 6 12 1
7 4 2 4 2 1 6 6 3 8 1
9 4 7 1 4 16 8 6 7 2 10
0 3 1 5 9 9 1 2 0 0 7
10 5 1 1 4 11 12 5 19 5 7
9 10 0 0 7 6 3 3 1 4 12
2 7 2 1 16 2 3 17 1 8 4
2 13 7 13 8 1 10 6 6 11 21
16 8 8 12 9 3 11 14 6 1 7
8 15 6 4 3 1 7 2 4 14 5
5 3 4 10 12 3 3 1 4 3 4
0 8 3 2 4 2 1 4 29 7 5
1 2 2 8 4 8 2 2 4 7 2
17 5 3 19 3 4 4 10 14 6 1
7 2 4 5 8 5 0 6 9 0 2
4 19 11 3 25 4 16 8 1 9 4
10 2 5 12 14 7 5 0 3 5 7
7 1 11 1 3 3 22 1 8 12 10
7 4 13 19 10 14 4 16 10 12 0
7 3 5 7 5 3 3 2 7 3 7
10 17 4 1 13 12 8 4 3 6 1
10 4 11 17 14 6 0 11 12 10 2
12 13 13 13 9 1 10 5 7 3 0
7 1 2 1 0 4 4 1 1 1 5
8 2 0 2 2 8 4 2 3 3 4
23 4 1 0 13 7 7 3 0 4 16
6 6 1 2 5 11 0 1 8 3 7
2 18 9 5 12 3 3 1 9 1 3
11 2 0 3 8 10 13 17 4 3 7
1 8 18 12 3 5 4 7 1 1 12
9 9 9 13 12 22 3 3 3 15 5
9 5 1 4 4 8 4 3 2 1 0
9 2 3 2 4 4 1 8 2 4 6
0 4 1 8 22 13 19 5 1 4 2
4 2 24 0 4 7 8 6 6 7 6
12 2 17 3 5 1 16 7 5 3 8
1 4 7 3 3 7 2 5 7 4 6
15 6 2 4 3 6 7 2 3 30 8
6 9 0 3 2 4 11 2 13 1 1
3 9 4 2 6 6 0 3 3 3 4
9 6 2 6 5 9 8 13 23 3 3
3 1 2 2 3 2 4 7 3 3 4
12 15 1 12 6 3 7 6 0 1 20
7 1 8 9 0 9 22 14 10 12 13
10 4 11 20 7 9 1 15 11 2 7
1 5 10 14 4 9 3 13 8 6 3
0 5 13 1 3 4 12 9 3 7 8
2 9 18 10 8 10 17 6 3 1 4
3 3 6 8 8 1 2 3 11 10 10
2 2 7 0 3 2 12 1 5 1 7
0 3 10 0 4 4 0 0 1 3 0
8 2 12 11 14 2 7 4 4 10 4
6 0 11 9 10 5 2 5 8 9 3
6 7 21 8 18 5 6 5 10 6 18
1 4 12 2 1 9 10 1 4 17 11
6 2 9 14 3 2 12 8 8 9 2
9 7 12 12 3 2 1 11 2 21 12
12 10 5 5 2 9 5 4 15 4 11
13 20 1 5 9 6 2 4 1 10 1
3 4 8 2 8 4 6 12 5 8 6
8 2 2 4 3 7 4 10 2 4 11
6 1 5 3 4 1 3 3 2 1 4
7 3 7 2 1 2 1 14 5 5 4
2 6 3 13 20 12 14 4 1 1 6
1 5 7 8 8 2 0 1 6 3 7
0 11 14 10 3 8 2 12 4 8 9
6 13 7 2 2 12 0 19 2 7 15
2 6 3 3 15 10 22 6 19 3 14
11 5 2 10 3 26 4 5 11 14 5
11 5 1 3 4 9 15 10 10 1 12
1 0 1 3 16 9 13 20 4 7 13
1 5 1 6 5 2 7 4 6 1 2
13 9 5 5 11 12 15 1 1 8 16
0 1 12 0 5 1 11 4 3 1 11
10 2 9 11 10 1 3 5 2 10 6
8 3 11 18 3 1 7 10 3 5 4
13 12 2 11 0 19 2 14 8 2 2
6 2 2 1 3 1 2 4 3 4 1
5 9 0 16 11 5 1 2 6 0 5
9 3 2 5 2 2 2 8 7 6 5
7 0 4 11 2 8 10 3 1 4 1
7 14 2 23 13 5 3 11 5 10 9
2 11 12 12 9 14 3 10 18 6 11
5 3 3 2 6 0 2 1 2 2 3
1 8 2 6 1 4 3 6 1 4 2
13 3 9 17 16 20 2 7 3 7 3
6 8 14 14 4 3 11 3 1 7 4
11 3 4 1 5 2 5 5 0 8 2
2 16 7 5 20 1 12 8 4 7 12
3 3 7 5 1 2 1 11 2 5 6
1 7 1 6 4 1 5 1 2 1 14
6 9 5 1 5 4 1 3 8 5 8
5 7 10 6 7 8 8 3 3 6 7
5 2 6 6 4 2 1 4 1 2 8
4 6 5 3 6 6 13 7 8 5 1
3 10 12 11 3 6 23 9 13 17 1
14 1 6 3 5 4 20 5 1 10 20
6 5 1 1 9 1 12 0 1 6 3
5 15 1 2 9 17 3 0 3 12 8
12 0 1 6 1 3 2 5 1 4 0
14 6 13 5 1 17 14 14 9 5 7
1 1 4 5 2 2 8 8 3 12 4
3 0 4 3 4 2 5 5 3 4 5
6 2 11 3 1 13 13 5 8 3 13
2 2 2 8 9 2 7 7 1 5 3
22 1 1 11 0 3 11 6 1 11 19
3 7 10 22 10 17 11 3 7 5 6
3 12 14 3 6 12 3 13 2 1 5
1 4 9 13 1 9 7 5 6 6 15
1 0 10 2 6 0 3 7 12 5 3
5 3 1 2 3 1 5 5 1 5 3
2 5 2 2 0 6 5 8 0 2 6
6 6 14 10 6 15 4 15 5 16 5
6 18 2 11 6 9 18 3 12 5 4
3 14 5 5 10 7 4 5 4 3 7
3 5 1 6 6 2 3 8 7 4 13
19 10 7 6 5 0 7 11 9 24 3
8 3 2 3 3 1 1 2 2 6 10
4 3 3 0 8 3 7 9 2 3 0
12 1 11 1 3 7 7 1 3 10 11
8 1 5 1 8 0 3 2 5 1 4
4 5 1 10 3 8 2 15 5 14 1
1 3 21 3 19 8 10 1 5 13 14
5 2 10 6 7 7 4 11 4 12 3
7 6 1 1 3 2 7 9 5 4 2
1 10 7 7 10 0 2 1 9 10 4
0 3 1 2 4 6 2 2 4 1 3
0 1 1 1 2 5 5 20 7 5 3
2 19 21 14 4 7 11 9 10 5 9
7 3 9 5 2 5 7 0 3 5 1
20 9 8 11 12 0 14 9 5 16 10
1 5 1 8 7 1 3 4 19 5 1
1 1 3 3 0 2 7 3 3 4 10
2 6 8 4 1 2 6 2 1 4 4
6 17 7 2 14 9 11 15 14 5 9
7 8 5 0 2 3 1 5 2 1 1
1 13 2 14 7 8 9 2 1 6 14
2 10 1 7 8 2 3 14 16 2 2
3 1 4 14 16 17 6 1 10 8 20
5 4 2 7 8 7 4 11 2 11 10
3 11 3 7 5 8 6 7 8 17 10
6 1 7 1 2 1 0 9 4 6 0
1 8 9 3 3 3 4 6 8 3 11
10 7 4 5 3 1 7 7 1 1 9
0 2 19 7 15 16 5 2 7 10 4
6 4 10 4 5 9 9 3 1 2 10
11 3 0 3 2 1 7 1 7 1 2
12 16 4 19 8 2 3 4 1 16 16
11 9 3 3 9 6 12 2 4 11 8
9 8 3 6 2 13 23 5 19 1 8
1 10 15 10 3 20 1 10 13 16 5
14 9 2 7 15 8 9 6 4 17 0
18 20 13 7 12 3 10 1 6 6 10
7 3 2 3 6 12 13 17 6 19 0
19 8 11 15 2 6 6 7 21 0 13
3 1 3 8 7 3 9 2 0 0 0
21 5 8 7 3 4 1 13 5 11 1
3 11 8 10 10 5 1 4 6 12 5
1 13 0 8 8 7 8 2 1 2 0
1 12 0 16 5 0 3 2 11 12 13
4 19 6 10 7 16 15 17 1 4 15
4 13 0 6 1 9 4 2 0 10 2
2 9 6 2 10 1 5 4 11 13 2
8 18 13 11 13 5 9 12 6 2 5
12 16 13 4 11 10 6 2 0 6 7
0 15 5 1 8 3 17 0 1 1 17
13 2 3 12 7 5 9 16 3 17 4
14 5 2 3 23 1 6 9 5 1 1
6 5 5 10 13 18 0 5 12 10 1
5 13 2 5 8 20 5 18 1 6 6
0 1 1 0 2 6 5 3 7 4 1
5 6 9 7 8 13 4 5 7 9 17
10 10 11 6 7 4 4 16 13 2 11
4 5 7 6 7 2 4 4 5 5 20
6 4 0 1 1 1 4 7 2 0 3
4 12 5 13 4 12 6 6 2 5 23
10 7 1 4 7 1 16 4 8 26 7
3 14 5 17 2 2 4 2 13 9 7
3 7 2 2 1 5 4 4 0 2 2
3 10 8 4 2 5 5 2 0 1 2
2 1 17 1 1 12 10 1 5 11 1
10 10 14 8 14 17 2 18 5 9 12
3 5 5 2 3 5 3 6 6 7 8
11 5 3 5 6 9 5 4 18 3 2
8 6 8 1 23 3 7 12 8 11 1
5 6 17 3 11 6 7 11 4 11 7
10 1 0 5 2 9 9 18 5 4 3
4 14 6 5 1 2 3 1 11 4 19
4 2 21 14 7 2 5 1 1 8 9
6 2 0 1 7 4 4 7 1 6 3
3 7 2 1 4 1 2 4 0 2 11
3 6 3 9 1 1 6 2 1 3 3
2 2 6 7 1 5 1 4 3 14 1
8 6 1 1 7 4 5 13 14 1 5
13 2 4 12 9 19 6 1 3 9 2
4 26 16 1 9 5 6 1 16 9 5
21 11 1 5 12 11 4 5 2 9 17
5 3 5 9 1 7 1 2 6 4 3
8 2 5 5 9 11 2 1 1 4 5
6 12 1 14 10 5 8 29 6 11 2
1 8 1 9 7 5 2 7 5 6 14
6 7 8 8 4 1 8 4 9 8 4
9 4 5 12 15 10 8 18 3 5 4
5 2 3 1 6 1 3 3 4 5 0
3 4 17 1 3 17 2 5 4 1 7
7 3 6 4 3 2 24 9 1 3 7
10 8 5 2 2 2 8 7 4 8 12
7 1 2 0 2 0 14 4 5 0 2
0 13 14 8 7 2 7 5 2 11 3
7 1 11 3 1 12 3 8 0 4 7
7 14 19 0 1 0 2 0 6 4 1
5 6 5 11 5 5 11 5 1 7 9
4 8 4 1 17 5 12 1 1 8 10
5 3 3 6 10 10 6 11 6 2 2
10 2 5 11 6 13 5 7 0 5 14
3 6 22 0 5 7 7 14 4 11 17
10 9 0 1 6 4 15 2 2 5 6
1 16 13 5 6 7 4 12 12 26 2
2 2 5 0 11 0 1 11 8 4 7
2 2 3 1 6 1 5 4 10 3 5
11 9 5 8 6 4 15 5 9 5 4
0 7 4 7 7 8 10 4 2 3 6
1 6 17 15 9 1 7 1 17 8 4
7 4 13 1 6 3 0 16 9 11 8
2 12 1 11 0 21 5 0 11 5 6
5 3 1 9 0 4 1 3 1 5 1
6 19 14 2 6 7 6 10 10 9 11
4 0 7 4 6 6 1 6 1 1 5
12 19 6 5 4 0 10 3 4 4 1
3 1 6 12 3 9 4 0 10 1 1
9 2 3 10 0 19 3 1 2 9 10
4 13 0 1 11 15 0 1 10 15 22
5 1 6 8 7 4 4 2 2 0 5
13 16 6 3 12 7 6 5 2 3 15
11 0 12 16 2 7 5 1 1 0 15
2 8 8 6 7 0 10 2 9 10 12
8 4 2 11 19 5 5 0 9 5 14
6 8 2 1 3 3 4 2 1 6 0
4 1 3 3 2 3 10 0 2 5 7
5 2 5 3 3 17 7 4 5 0 10
23 6 11 16 10 0 4 4 8 14 5
6 1 8 1 7 1 11 10 4 11 4
7 1 10 6 2 2 4 5 0 2 2
5 1 16 4 4 3 6 5 9 6 0
11 1 3 7 7 2 6 1 0 10 6
3 0 3 0 4 7 5 1 1 3 3
2 13 9 4 0 4 4 1 6 1 2
3 2 0 16 4 13 0 12 17 16 18
9 0 4 5 4 1 19 7 3 9 6
9 15 10 9 5 9 5 18 21 1 4
6 9 13 3 4 14 3 5 15 13 3
10 10 2 5 6 1 2 18 3 14 7
1 3 1 6 0 2 3 2 4 4 5
17 12 1 9 0 19 5 11 11 4 3
3 7 2 3 0 7 0 3 2 2 3
8 9 2 1 12 2 8 5 16 14 16
12 22 5 2 6 11 4 12 3 11 12
21 2 3 18 5 11 4 8 10 4 1
4 4 8 1 3 8 4 5 4 4 5
2 7 5 1 3 4 3 4 0 6 2
1 4 6 1 1 2 2 6 2 7 2
1 7 3 3 0 3 3 9 3 1 3
6 5 13 11 3 6 21 7 14 9 16
1 5 3 2 2 7 0 4 1 4 11
0 8 3 1 8 4 13 21 9 10 15
10 4 2 2 2 4 1 15 6 9 12
5 4 2 12 9 1 2 13 0 8 0
4 3 4 6 14 3 8 3 9 6 12
2 1 8 1 2 0 1 5 3 2 1
6 1 1 13 4 4 19 9 14 3 10
2 1 2 1 4 6 7 1 1 1 2
1 6
1 17
2 53
2 84
3 14
4 62
4 86
5 79
6 27
6 30
6 54
6 63
6 88
7 62
7 69
7 73
7 88
7 93
8 20
8 36
8 40
9 76
10 15
10 64
10 74
10 92
11 14
11 86
12 112
13 59
14 18
14 21
14 53
14 91
15 22
15 92
15 114
16 95
18 95
19 71
19 94
19 98
21 43
21 91
21 92
21 107
22 38
23 44
23 57
23 83
23 84
23 106
24 25
24 62
24 86
25 108
26 46
26 81
26 92
26 105
28 36
28 67
28 88
29 59
29 64
30 51
30 73
30 122
32 50
32 83
33 45
33 66
33 93
34 90
36 91
37 59
37 80
37 85
37 124
37 126
38 58
38 96
38 108
39 109
39 138
40 113
40 123
41 79
42 46
45 53
45 73
45 87
45 111
45 131
46 144
47 120
47 146
49 53
49 81
49 85
49 88
49 138
50 67
51 61
51 102
52 80
52 99
52 137
53 67
53 109
53 112
54 66
54 118
54 126
54 132
55 86
55 129
56 109
56 154
57 61
57 114
58 158
59 79
59 126
60 142
60 155
61 86
61 93
61 98
62 107
62 114
62 129
63 78
63 83
63 114
63 128
63 160
64 71
64 77
64 81
64 93
64 112
64 156
64 160
65 95
65 103
65 115
65 146
66 117
66 143
67 71
67 125
68 92
68 98
68 163
69 76
69 103
69 157
70 92
70 105
70 139
70 151
70 168
70 169
71 112
71 152
72 94
72 125
73 80
73 149
74 90
74 120
74 157
75 127
75 153
76 84
76 121
76 124
76 139
78 82
78 92
78 156
79 89
79 123
80 81
80 110
80 168
81 117
82 104
82 182
83 95
83 127
83 181
84 91
84 116
84 136
85 106
85 149
87 136
88 122
88 132
88 163
89 144
89 151
89 184
91 158
91 178
91 179
91 191
92 114
92 130
93 114
94 102
94 109
94 127
95 139
95 147
95 160
96 136
97 99
97 195
99 118
101 118
102 181
102 198
103 129
104 170
104 197
104 201
105 142
106 145
107 153
109 190
109 191
109 209
111 138
111 153
112 119
112 194
113 123
114 168
114 183
114 196
114 212
115 132
116 178
116 190
117 118
117 126
117 130
117 143
117 183
117 187
117 190
118 154
118 161
118 173
120 121
120 174
120 193
120 206
121 152
121 206
121 207
123 177
124 193
124 194
125 140
125 175
126 150
126 157
126 192
127 134
127 188
127 218
128 176
128 191
129 167
129 201
130 170
131 224
131 225
131 228
132 165
132 201
132 203
133 148
133 152
133 178
134 186
134 234
135 185
135 228
136 161
136 218
137 142
137 160
137 193
138 158
138 209
139 221
139 231
140 166
140 188
140 205
140 220
141 183
141 198
141 212
142 227
143 199
143 231
144 145
145 205
146 216
148 177
148 200
148 217
149 196
149 232
151 155
152 169
152 173
152 206
152 231
152 236
153 174
154 172
154 208
154 214
155 236
155 239
156 226
156 254
157 211
157 253
158 217
158 222
159 162
160 202
161 238
161 244
161 247
161 251
162 188
162 238
163 172
164 168
164 181
164 206
164 208
165 199
165 262
165 263
166 172
166 188
166 194
166 204
167 205
170 238
171 187
171 230
171 236
171 256
173 224
176 203
176 213
176 257
177 189
177 248
178 214
178 220
178 231
178 246
179 257
179 273
180 229
180 235
180 262
181 273
182 218
182 264
182 276
182 280
183 238
183 266
184 239
185 193
185 224
186 197
186 206
186 234
186 255
187 239
187 271
188 243
188 257
189 233
189 247
189 275
190 252
190 265
192 226
192 272
192 288
193 243
194 243
194 253
194 286
196 231
196 281
197 235
197 284
198 244
199 253
200 279
201 238
202 231
202 232
203 254
203 259
204 249
204 258
204 263
204 284
205 281
206 243
208 237
208 298
209 248
209 251
209 265
209 276
210 211
210 218
210 248
210 257
210 258
210 298
210 300
211 230
211 269
211 304
212 292
212 294
212 299
212 302
213 247
213 279
213 284
214 219
214 260
214 274
214 288
215 234
215 239
216 240
217 295
217 299
218 239
218 288
218 293
219 228
219 229
220 248
220 291
221 294
221 304
222 290
222 296
222 308
223 270
225 279
225 320
226 280
226 313
227 242
227 305
228 231
230 243
230 304
231 286
231 312
233 235
233 257
233 324
233 330
234 244
234 272
234 280
235 269
235 311
235 318
236 277
236 278
236 288
237 240
237 243
238 308
238 323
239 248
239 260
239 288
239 308
239 322
240 242
240 327
241 255
241 261
241 307
241 312
242 248
242 321
243 265
243 279
243 280
243 316
244 252
245 324
246 248
247 272
247 303
247 322
247 328
248 283
249 250
249 322
251 274
252 273
252 342
253 296
254 302
254 325
255 260
255 300
255 302
255 343
256 276
256 355
257 334
258 349
259 273
259 306
259 310
259 350
260 264
260 321
261 312
261 326
262 310
262 361
263 289
263 347
264 271
264 318
265 294
266 350
266 363
267 278
267 283
267 293
267 294
267 307
267 360
268 293
268 335
269 339
270 295
270 300
270 359
271 291
272 371
273 282
275 318
275 358
276 312
277 281
277 302
278 292
278 296
278 335
279 294
281 356
282 340
283 320
283 382
284 353
286 310
286 317
286 336
287 289
287 304
287 350
288 299
289 310
290 299
291 362
292 341
292 351
292 371
293 332
293 380
294 358
294 371
294 383
295 356
295 360
295 383
295 385
295 392
296 298
296 330
297 347
297 372
298 312
298 338
298 359
298 379
299 354
300 357
301 346
301 361
301 365
301 380
302 374
304 345
304 352
305 333
305 353
305 393
306 316
306 322
306 333
306 358
306 391
307 370
308 322
308 397
308 403
309 323
309 355
310 333
310 393
312 339
312 399
313 349
313 393
313 400
314 337
314 339
314 364
315 356
315 407
316 354
316 361
316 392
316 399
317 392
317 405
318 357
319 356
319 371
320 331
320 394
321 397
322 336
322 354
323 324
323 339
324 341
324 409
324 410
325 366
326 372
327 344
327 373
327 408
327 414
329 340
329 385
331 349
331 377
333 366
333 387
333 400
335 346
335 373
335 415
336 418
338 347
341 347
341 360
341 433
342 351
342 393
343 360
343 376
343 378
344 433
345 442
346 357
346 375
346 445
347 437
348 352
348 417
348 433
348 435
349 378
349 416
349 420
349 429
349 449
350 359
350 408
350 413
350 447
352 439
353 364
353 372
353 393
353 447
353 449
353 450
354 404
354 453
355 361
356 365
356 368
356 397
356 404
357 365
357 372
357 385
357 456
358 384
358 402
358 454
359 387
359 413
359 456
360 373
360 434
361 399
363 413
364 374
364 389
364 420
365 424
366 369
366 374
366 377
366 405
366 421
367 369
368 376
368 438
369 409
369 467
370 416
370 465
371 464
372 386
372 431
372 456
372 466
372 472
373 434
373 457
374 379
374 409
374 459
374 473
375 411
375 413
375 415
375 428
376 397
377 443
377 445
379 432
380 390
380 394
380 413
380 424
380 456
380 464
381 401
381 432
381 456
381 459
382 421
383 432
384 395
385 388
385 401
385 473
386 458
386 485
387 418
387 436
388 412
388 418
388 471
388 482
389 394
389 425
391 440
391 483
392 416
392 446
393 410
395 467
396 398
396 495
397 404
397 421
397 425
397 452
397 455
398 436
398 472
399 406
399 407
399 473
400 444
401 409
401 452
402 449
403 466
403 470
404 412
404 440
404 444
404 449
404 501
405 453
405 479
406 437
406 489
407 445
407 507
408 419
408 435
408 457
409 467
409 494
413 480
415 446
415 450
415 466
416 439
416 471
416 474
416 476
418 419
418 468
418 509
419 421
419 428
420 421
420 464
421 448
421 497
422 448
422 463
422 471
422 497
423 447
423 453
423 496
424 447
424 470
424 489
425 458
425 522
426 505
426 508
426 510
427 443
427 505
429 435
430 464
431 481
432 518
432 520
432 524
433 487
434 463
434 478
435 489
435 499
435 513
436 438
436 496
436 500
437 472
438 464
438 467
438 512
439 486
439 503
440 441
440 497
441 507
441 508
442 478
444 502
444 511
445 480
445 512
446 482
446 486
446 507
448 477
448 509
449 461
449 474
449 520
450 543
451 484
451 539
452 472
452 503
452 504
452 552
453 466
453 470
453 487
453 544
453 553
454 471
454 507
455 493
455 555
457 460
457 487
458 466
458 489
459 546
460 504
462 479
462 486
462 559
463 476
463 482
463 535
463 546
463 553
464 509
465 543
466 514
466 542
467 474
468 548
469 524
470 538
470 564
470 568
471 476
471 506
472 481
472 486
472 488
472 522
472 563
473 506
473 533
474 489
475 487
475 533
475 539
475 540
475 548
476 519
477 481
477 494
477 511
478 504
478 563
479 507
479 526
479 563
480 518
480 553
481 535
482 511
483 512
483 515
483 562
484 512
484 562
484 573
485 498
485 526
485 555
486 508
486 553
487 493
487 575
487 584
488 556
488 582
489 550
489 565
490 501
490 555
492 538
492 543
492 556
492 568
493 547
493 560
494 498
494 540
494 546
495 509
495 535
495 542
495 555
495 572
495 577
497 550
497 575
499 521
500 594
501 518
501 547
501 598
502 504
502 521
502 554
503 510
504 538
505 560
505 601
507 521
508 543
508 566
510 521
510 606
511 597
512 523
513 541
513 543
514 531
514 544
514 574
515 517
515 530
515 536
515 609
516 563
516 571
516 611
517 563
517 599
517 615
518 537
518 545
519 548
520 562
520 604
520 612
520 613
521 563
521 565
521 580
522 550
522 558
523 565
523 569
523 600
523 621
525 579
525 581
525 609
526 551
526 558
526 559
526 570
526 575
526 578
527 552
527 555
527 592
527 596
527 619
528 539
528 552
528 560
529 593
530 557
530 588
531 533
531 541
531 624
534 538
534 577
534 598
534 634
535 568
536 539
536 542
536 633
537 589
537 630
538 560
538 571
538 591
538 594
538 609
539 590
539 600
539 609
540 571
540 594
540 606
541 568
541 585
542 576
543 544
544 564
545 573
545 586
546 548
546 565
546 567
546 593
547 563
547 615
547 643
548 563
548 569
548 599
549 576
549 612
550 642
551 585
551 596
552 595
552 646
553 580
553 589
553 594
553 611
553 620
553 624
553 631
553 646
554 556
554 572
554 584
554 645
554 646
555 594
555 612
555 614
556 594
556 650
556 654
557 579
557 625
557 639
557 646
558 590
558 637
559 634
560 592
560 606
560 638
561 573
561 629
562 582
562 600
563 580
563 592
563 599
564 571
564 599
564 612
564 634
564 647
564 654
565 590
565 595
565 617
565 662
567 579
567 589
567 644
568 580
568 594
568 599
568 626
569 582
569 620
570 656
572 583
572 606
572 619
572 633
573 633
574 600
574 613
574 635
574 641
575 579
575 603
575 670
576 591
576 626
576 633
576 637
576 662
577 598
577 620
577 628
577 666
578 629
579 629
579 668
579 673
580 641
580 645
580 651
581 640
581 648
581 664
582 591
582 593
582 609
583 606
583 653
584 671
585 598
585 603
585 627
585 661
585 682
585 683
586 620
586 646
586 662
587 607
587 663
588 594
588 618
589 593
589 619
589 622
589 639
589 646
590 601
590 606
590 609
590 642
590 643
590 659
591 609
591 669
591 678
593 607
593 609
593 664
593 692
594 619
595 613
595 622
595 642
595 644
596 602
596 621
596 638
596 687
597 640
597 644
597 689
598 601
598 606
601 649
602 624
602 641
603 646
603 648
603 651
604 630
604 653
604 675
604 696
605 661
606 612
606 614
607 610
607 647
608 627
609 622
609 641
609 674
610 649
611 694
611 695
612 663
612 674
612 699
613 633
613 683
614 621
614 665
614 669
615 671
616 647
616 677
617 674
617 693
617 716
618 644
618 704
619 661
620 647
621 651
621 675
621 685
622 694
622 699
624 629
624 636
624 639
624 643
624 692
625 641
625 707
626 636
626 680
627 648
628 641
628 719
629 684
630 702
631 664
631 665
631 696
631 718
634 635
634 646
636 672
636 710
637 709
638 709
638 720
639 674
639 735
639 738
640 693
641 685
641 724
642 690
645 680
645 743
646 696
646 713
647 676
647 708
648 655
648 701
648 736
649 672
649 724
650 703
652 689
653 685
653 709
654 682
655 701
656 694
656 725
656 754
657 660
657 693
657 725
657 752
658 666
658 667
658 711
658 726
658 754
659 683
659 734
660 725
660 754
661 672
661 711
661 731
661 747
662 669
662 672
662 695
662 745
662 756
663 665
663 754
663 759
664 747
665 666
665 671
665 691
665 734
666 686
667 672
667 743
668 749
668 762
669 713
669 724
669 756
669 757
670 705
670 716
670 748
670 758
670 770
671 676
671 677
671 763
672 712
672 722
673 690
674 683
674 704
674 751
674 767
675 708
675 714
675 738
676 703
677 752
677 758
677 759
678 703
678 747
679 724
679 764
680 686
681 692
681 770
682 684
682 730
682 747
683 720
683 740
684 727
685 763
686 704
686 714
686 723
687 752
687 778
689 749
689 772
691 695
691 702
691 756
692 738
692 753
692 767
692 776
693 736
693 738
693 773
694 784
695 717
696 713
696 728
696 787
697 715
697 794
699 709
699 784
699 797
702 751
703 739
703 752
703 760
703 771
705 714
705 775
705 799
706 759
706 797
707 718
707 735
707 766
707 768
707 784
708 713
709 714
709 722
709 737
709 744
710 748
711 747
712 730
712 790
713 770
713 800
714 806
714 807
715 753
715 755
715 785
715 793
715 799
716 745
716 762
717 808
718 777
718 800
720 737
721 780
721 815
721 821
722 754
724 777
724 801
725 763
726 756
727 783
728 732
728 741
728 759
728 765
728 788
729 776
729 777
729 791
730 758
730 798
730 807
731 749
731 801
732 754
732 767
732 796
732 798
732 819
733 745
733 796
733 826
734 817
735 792
735 800
735 805
736 811
736 828
738 776
738 791
738 808
739 769
740 769
740 830
741 803
742 751
742 758
743 820
743 837
744 771
745 765
746 790
747 749
747 827
748 813
748 830
750 780
750 802
750 836
751 772
751 798
752 787
752 812
752 852
753 766
753 811
754 764
755 760
756 836
756 846
757 833
759 843
760 794
761 842
762 776
762 809
762 840
763 810
763 833
764 783
764 794
764 858
765 832
767 775
767 789
768 769
768 797
770 787
770 805
771 778
771 826
772 811
772 865
773 863
773 871
775 786
775 803
775 863
776 807
776 831
776 845
776 860
777 843
777 873
778 797
778 823
778 824
778 830
778 831
778 859
778 863
779 826
779 840
780 798
781 811
781 817
781 825
781 866
782 837
782 840
782 841
782 863
783 824
784 815
784 830
784 863
784 875
785 791
785 815
786 810
786 832
786 858
787 793
787 819
787 858
787 875
788 798
788 834
788 885
789 798
789 801
789 832
790 819
790 823
790 846
790 884
790 888
791 819
792 808
792 880
793 827
793 866
793 893
794 800
794 846
795 841
795 855
795 864
795 876
795 878
796 836
796 876
796 882
796 885
796 895
797 869
799 886
800 879
800 882
802 822
802 829
802 836
802 840
802 855
802 875
802 877
803 867
804 819
804 841
805 832
805 836
805 867
805 891
805 897
806 815
806 851
806 857
806 903
807 850
807 859
808 902
809 870
809 871
809 884
810 854
810 860
812 853
812 883
812 903
813 832
813 843
813 893
814 850
814 877
814 883
814 893
815 838
815 843
816 817
821 844
821 897
821 912
823 838
823 880
823 883
823 889
824 850
825 827
825 829
825 847
826 865
826 885
827 837
828 914
829 834
829 872
829 873
830 850
830 927
831 847
831 892
832 892
833 931
834 856
834 896
834 931
835 904
836 897
837 861
838 874
838 907
838 912
839 852
839 855
839 905
840 858
841 894
841 897
841 937
842 894
842 912
843 900
844 865
844 876
844 899
845 895
846 900
846 908
847 873
847 908
848 855
848 859
848 902
848 931
850 903
850 923
850 934
851 905
852 865
853 927
854 909
854 924
855 934
856 929
856 948
858 891
858 902
858 911
859 878
859 920
859 951
860 960
861 874
861 891
862 876
862 905
863 879
863 908
865 878
865 944
865 948
866 876
866 913
866 938
867 901
867 909
868 869
868 899
868 911
870 901
871 884
871 929
871 953
871 960
872 897
872 916
873 877
873 921
875 901
876 892
877 901
877 968
878 968
879 889
879 910
879 933
879 968
880 907
880 951
881 975
882 907
882 937
883 904
883 926
883 959
884 893
884 912
884 953
885 942
885 971
886 924
886 956
887 923
887 963
888 903
888 946
889 921
889 927
889 952
889 983
890 990
891 923
891 942
892 970
893 976
894 896
894 904
894 910
894 934
895 906
895 921
895 937
895 946
895 960
896 936
896 995
897 952
898 934
898 950
898 967
898 993
899 902
899 915
900 948
900 962
901 970
901 984
902 914
902 916
902 983
902 986
902 990
903 907
904 927
904 971
905 964
905 980
906 958
907 943
907 975
907 980
908 916
908 937
908 944
909 910
909 913
909 969
909 1000
911 920
911 964
911 972
913 975
913 976
914 940
915 920
915 926
915 957
916 973
917 976
918 961
918 975
918 985
919 945
919 988
923 942
923 948
923 984
923 988
924 974
925 958
925 960
925 966
926 941
926 977
926 991
927 967
930 964
930 993
930 996
931 937
932 960
935 941
935 973
937 957
937 958
937 1000
940 990
942 964
942 976
944 983
945 949
947 948
947 956
948 977
951 971
951 973
951 987
952 957
954 978
955 994
958 972
960 963
960 986
962 1000
964 977
965 969
967 972
967 1000
968 973
970 995
971 1000
972 996
973 975
975 991
976 979
976 982
978 985
978 999
979 1000
980 981
981 987
989 997
990 994
994 995
2 1 7 7 2 2 6 14 0 1 9
30 16 34 7 2 2 9 13 27 2 3
11 19 1 6 9 11 9 2 1 0 1
28 1 19 11 11 32 18 2 17 9 1
22 11 22 10 0 28 13 24 18 4 3
6 5 14 11 7 1 11 8 1 1 7
14 13 4 6 0 2 1 15 13 0 10
9 13 5 14 11 14 15 19 22 15 2
1 2 9 16 10 2 17 0 0 4 7
19 36 1 9 1 0 18 4 11 18 3
9 4 18 10 6 0 2 15 1 10 18
12 2 5 18 10 1 1 2 5 3 11
8 2 0 21 3 6 2 18 4 3 3
1 17 19 34 1 5 30 8 21 13 1
9 23 29 13 17 17 1 4 10 6 10
5 14 13 15 1 19 9 8 0 18 32
7 4 8 0 12 8 10 5 5 32 4
20 10 0 6 1 15 8 22 8 3 3
18 5 11 22 22 13 16 9 13 11 0
14 4 5 3 13 8 6 14 4 2 4
18 9 19 11 6 12 21 1 20 22 12 23 18 9 11 11 11 12 1 6
44 22 33 28 20 35 17 17 49 29 23 30 35 31 14 22 31 25 21 27
47 26 48 30 18 39 32 10 51 40 29 43 42 35 24 31 37 30 20 32
50 35 50 30 22 44 35 13 57 34 34 46 48 29 15 12 28 30 21 39
58 46 44 18 34 46 51 11 43 30 41 43 54 34 26 26 27 42 17 42
69 54 60 28 32 55 59 30 58 50 52 60 66 46 36 29 50 48 32 53
38 22 40 32 15 35 35 6 43 31 25 50 36 16 24 14 30 27 20 31
82 36 45 31 30 61 60 13 67 42 67 65 69 32 24 48 52 52 25 55
53 30 42 31 7 46 33 7 61 45 41 50 38 38 20 33 45 16 23 34
37 27 35 18 19 31 40 7 36 24 27 39 36 15 20 10 7 27 10 23
14 3 6 6 3 5 8 1 14 3 4 7 8 8 4 5 6 4 1 4
53 28 39 29 24 45 31 14 53 26 31 44 49 26 18 14 32 32 24 39
14 10 15 3 5 14 14 1 18 9 7 14 7 3 3 2 1 7 1 5
44 7 34 19 8 29 28 9 43 21 33 46 43 6 14 14 27 26 12 33
5 1 5 8 2 1 2 1 7 4 1 5 6 3 1 1 1 4 3 1
61 41 64 41 43 56 50 22 62 43 42 54 58 33 40 34 36 54 37 52
12 5 7 1 4 9 9 1 10 7 8 3 2 4 1 8 5 3 1 4
17 1 13 10 1 13 4 1 23 7 15 17 13 1 1 8 13 3 3 10
18 7 29 18 1 16 17 5 27 20 11 26 17 17 21 15 15 11 11 10
40 20 28 18 14 32 35 8 34 19 29 39 38 6 13 7 23 27 13 32
48 26 37 30 26 36 25 14 36 28 35 24 35 19 9 23 43 36 21 42
47 33 46 23 29 29 44 13 35 26 24 31 39 25 18 16 18 42 15 35
50 33 41 21 17 35 47 6 43 36 36 50 49 25 23 18 20 30 10 31
40 22 30 30 14 27 35 9 32 22 36 42 36 9 18 10 35 28 19 35
21 15 12 6 8 14 18 3 16 20 13 11 14 16 1 9 5 11 5 4
29 19 26 11 13 21 20 1 26 17 14 21 24 10 3 10 4 17 3 13
14 6 2 5 5 2 14 1 12 9 9 11 10 11 3 5 2 5 1 1
79 45 63 17 27 61 66 15 64 50 59 70 72 36 36 47 45 51 13 50
57 34 44 28 25 37 48 11 38 36 42 45 48 27 22 30 40 42 12 36
42 29 39 21 27 29 35 18 27 27 38 34 52 17 23 33 30 39 20 34
52 30 36 9 18 34 46 18 37 38 40 34 48 39 18 31 28 32 9 27
29 17 31 21 11 22 17 5 34 29 17 23 25 22 5 15 22 17 11 16
65 39 65 34 12 53 48 20 71 54 36 61 52 41 22 25 56 33 31 53
39 20 25 19 9 22 29 9 36 34 20 33 34 25 3 9 23 21 11 22
20 7 16 8 4 15 17 2 21 15 19 20 18 5 5 10 8 9 3 7
58 47 65 41 25 51 58 26 62 62 35 65 59 44 37 24 46 38 33 49
57 35 38 23 24 39 45 11 41 39 44 39 51 31 7 23 34 37 15 38
30 10 17 3 6 16 23 7 22 15 21 16 24 23 13 18 9 12 2 5
33 4 29 4 3 23 29 16 32 21 23 29 29 24 21 21 20 14 5 14
68 6 50 26 15 48 41 30 66 41 48 58 68 29 18 46 52 46 31 45
42 32 25 28 26 35 35 13 40 28 28 38 44 26 13 9 28 29 23 33
20 18 29 16 11 13 24 6 20 26 13 18 13 15 10 6 21 20 8 16
32 14 29 24 11 22 18 8 36 25 23 28 29 18 8 14 24 17 15 21
65 48 54 33 33 50 46 19 54 52 42 38 46 42 17 29 48 43 20 46
51 24 36 22 16 32 36 6 45 34 23 38 36 22 8 15 31 32 11 31
7 4 14 8 5 3 9 5 13 13 5 9 12 13 4 4 4 10 6 3
29 14 22 6 6 17 27 4 20 20 17 17 16 11 5 9 15 18 2 16
70 44 57 51 38 63 45 24 71 44 45 51 44 31 27 30 59 43 28 56
28 10 22 6 2 21 15 8 26 15 16 12 18 17 4 14 15 12 5 12
63 32 47 29 32 40 49 18 50 29 34 43 58 30 18 23 31 50 24 44
48 16 47 32 19 40 29 6 52 21 38 49 49 10 29 22 35 32 25 42
39 39 46 28 18 41 36 22 50 50 24 39 34 48 21 17 44 29 30 33
41 20 37 3 10 28 42 8 36 34 25 41 41 12 9 17 22 28 4 29
14 15 14 10 12 10 19 4 11 19 10 13 12 13 6 9 5 13 6 4
47 22 28 28 26 26 33 10 32 23 37 28 41 21 8 21 32 35 18 33
17 12 25 12 8 10 20 13 18 21 6 18 24 12 4 1 11 19 9 14
51 23 33 14 12 37 37 6 39 15 36 42 45 14 24 19 16 26 9 31
66 41 73 43 30 50 54 29 67 58 33 63 61 46 40 33 56 51 35 56
26 12 14 4 7 15 18 1 19 18 15 12 18 11 1 12 5 13 1 6
39 31 39 18 24 27 43 5 30 29 27 34 38 18 18 15 13 34 7 23
19 12 9 7 14 9 19 3 10 14 14 11 19 13 6 16 8 15 1 5
61 43 40 28 29 46 48 8 51 42 37 41 36 33 16 25 37 34 9 35
59 35 51 44 25 51 40 29 67 47 45 57 60 46 37 21 49 33 34 42
26 8 28 8 6 14 27 4 25 22 14 29 25 7 13 10 12 18 1 16
35 10 29 16 9 26 19 1 39 15 26 34 28 10 16 19 20 16 6 21
37 14 24 14 13 20 33 8 22 23 24 32 39 9 7 9 19 28 12 27
28 2 18 19 8 18 11 5 31 11 20 22 24 8 1 12 22 17 13 22
64 26 37 20 21 47 44 3 50 28 50 52 56 19 26 31 30 38 19 41
7 3 10 1 1 6 5 1 5 1 1 2 6 1 1 1 4 6 1 6
14 7 12 13 5 10 10 4 15 11 15 14 17 7 3 3 15 9 10 12
30 16 41 20 11 29 23 4 37 22 19 34 23 17 21 24 28 20 12 23
64 44 48 28 32 55 45 14 57 42 44 48 63 36 14 23 35 43 24 45
37 20 18 1 13 25 32 1 27 22 20 21 30 20 7 17 8 20 1 12
58 9 35 27 13 36 40 26 56 37 38 52 54 25 17 32 42 36 25 34
35 12 32 15 12 26 18 11 39 12 14 22 24 24 18 22 18 14 5 13
54 33 49 23 30 43 45 14 40 40 42 40 52 25 18 37 38 46 15 41
24 13 17 9 9 15 16 4 22 14 11 14 14 13 3 8 6 13 6 8
61 43 53 36 40 46 50 35 52 53 34 43 59 47 18 32 40 51 22 42
42 8 37 19 10 23 29 11 38 28 19 35 37 7 4 20 37 32 15 34
50 17 38 10 9 31 42 6 40 36 36 47 49 12 13 22 28 32 7 34
16 8 13 7 4 8 21 1 12 9 13 18 11 3 11 5 11 9 2 12
51 37 34 23 28 34 38 7 36 27 28 28 36 27 11 16 22 35 17 32
69 42 45 25 25 49 48 7 50 35 52 49 56 29 17 24 45 41 17 53
24 7 25 23 8 23 18 4 32 17 19 34 27 5 13 7 21 16 13 19
41 20 47 24 15 37 32 8 46 21 31 48 41 9 25 15 20 30 12 36
48 39 50 32 36 32 47 33 40 50 22 34 48 41 17 19 36 50 26 36
27 18 25 14 15 17 25 6 24 15 16 22 23 14 10 13 14 18 8 18
23 13 20 9 13 8 27 7 11 20 19 18 29 14 12 17 3 23 6 10
37 25 29 12 18 26 34 1 34 22 25 31 31 19 16 13 5 21 5 16
47 30 35 26 29 31 36 14 34 20 32 40 51 18 22 20 30 39 23 38
48 24 44 31 12 31 42 14 46 49 31 51 45 31 22 26 34 30 26 30
53 25 36 23 17 42 29 5 47 15 35 40 40 17 14 16 30 28 18 39
23 13 33 19 8 16 25 6 28 31 11 26 19 27 19 22 25 19 13 14
51 31 34 23 21 43 33 14 51 17 34 37 39 31 21 17 20 22 17 31
50 26 40 38 26 41 31 17 52 36 27 41 48 39 26 23 38 31 28 31
44 25 48 39 19 40 25 21 55 34 29 45 40 40 38 27 43 25 30 33
11 6 15 19 7 6 5 7 18 10 8 13 12 9 6 5 13 7 11 8
29 14 27 5 5 13 35 9 22 22 18 32 28 11 13 8 11 23 5 19
32 7 23 32 10 27 13 4 44 20 20 32 21 22 16 23 31 13 22 17
32 29 28 20 19 22 34 13 21 31 28 21 26 18 15 9 27 27 12 28
68 28 58 22 17 53 46 19 66 48 43 56 55 40 26 46 49 39 11 37
40 13 31 7 11 27 31 11 34 18 24 30 35 17 17 20 13 22 5 22
28 14 13 12 11 14 26 1 17 11 20 27 28 7 13 11 9 16 4 16
12 3 7 7 5 2 5 1 10 6 4 4 9 6 1 8 1 7 2 1
36 30 47 22 27 26 37 16 30 24 17 28 40 20 15 11 18 41 17 36
52 41 53 29 28 45 42 5 51 38 32 41 30 35 24 32 31 33 19 33
30 10 28 21 3 24 15 1 36 21 25 31 24 8 5 9 28 14 11 22
16 2 19 4 4 4 14 9 13 14 3 8 13 10 1 7 4 15 5 7
32 23 27 21 16 21 30 8 26 21 24 34 34 14 17 11 15 23 14 23
51 5 53 27 12 38 31 19 49 34 34 46 53 10 15 29 48 43 32 51
65 36 48 33 30 53 39 24 53 31 41 39 48 35 23 27 51 38 25 48
58 30 65 30 18 55 36 17 61 30 40 56 53 36 47 41 47 32 21 43
69 53 60 32 39 48 67 36 57 64 46 52 64 54 19 38 48 57 21 49
65 28 56 22 28 52 49 34 59 45 50 49 58 51 27 52 41 40 16 35
22 8 8 6 5 13 18 1 20 12 19 18 14 12 10 10 6 6 1 5
52 20 37 6 13 30 47 15 39 37 30 41 47 21 8 26 19 34 11 27
51 32 40 10 22 34 43 8 36 31 26 31 39 24 7 22 17 37 5 28
30 15 31 10 15 21 23 3 28 11 14 19 24 13 10 16 13 22 6 21
27 9 8 7 5 16 17 1 20 15 19 15 20 9 1 9 4 10 4 6
21 6 14 13 7 9 10 3 24 11 5 11 11 16 7 13 12 8 4 4
30 16 28 12 11 22 24 2 21 8 20 21 21 3 11 9 20 17 5 26
18 20 28 21 13 15 23 5 19 26 17 30 24 20 24 18 20 19 13 14
21 3 26 3 3 19 17 1 24 18 22 22 22 4 11 19 14 17 5 13
47 30 46 22 22 43 34 19 53 32 28 37 39 40 25 30 36 26 15 29
56 43 53 20 30 50 52 12 49 41 47 50 61 32 25 24 23 44 20 43
65 17 60 29 14 52 51 18 63 40 46 74 64 10 28 33 43 48 26 54
68 42 68 43 39 55 50 40 70 61 33 54 64 55 28 41 48 53 29 41
7 6 14 7 7 4 9 6 4 13 3 3 10 10 1 4 6 12 7 5
25 22 24 19 24 18 21 15 17 24 12 10 27 25 9 17 19 25 17 17
16 5 25 7 6 14 12 4 18 11 16 14 19 8 7 15 12 14 6 11
45 8 32 20 14 31 29 3 40 22 37 35 38 16 19 31 34 27 19 32
15 12 21 6 8 6 25 2 10 21 7 16 17 7 7 6 12 20 1 12
19 8 23 8 7 17 13 1 22 5 12 17 13 4 8 11 8 8 4 13
53 27 55 30 7 43 40 13 55 33 35 54 44 30 37 31 38 24 18 37
73 38 75 36 35 52 55 22 63 53 39 51 54 27 32 43 53 62 20 57
82 49 66 39 39 61 66 36 64 67 58 58 72 40 18 39 64 65 30 65
46 34 37 41 29 39 36 19 51 46 36 46 43 43 23 27 33 29 24 24
46 30 46 27 20 39 34 16 44 41 29 28 30 43 25 31 41 26 15 23
43 17 39 18 17 27 33 11 40 33 19 37 40 16 11 21 24 32 12 27
25 18 17 10 11 16 23 6 19 22 17 17 21 19 6 11 10 15 8 9
42 11 30 32 17 33 19 20 49 15 34 36 41 26 11 26 40 24 23 29
31 23 33 15 14 27 24 16 34 28 15 24 29 25 8 11 20 24 13 23
8 6 3 2 3 5 10 1 6 9 6 7 3 3 1 2 8 6 1 5
35 16 41 23 6 28 29 9 40 33 30 45 34 21 23 22 27 19 13 24
43 26 47 24 24 28 33 24 43 35 11 30 41 31 18 18 32 38 16 31
17 9 13 10 8 10 11 5 20 13 10 10 6 15 4 11 5 8 7 3
26 8 40 13 3 15 20 6 25 23 8 19 15 6 7 8 26 21 4 23
22 6 15 3 2 18 13 1 20 8 18 17 14 4 4 12 8 7 1 9
30 31 32 18 27 20 31 12 21 27 7 14 24 25 9 5 24 33 14 27
7 1 5 4 1 1 4 1 10 5 3 5 4 5 1 1 1 2 1 1
41 36 36 17 19 35 39 9 37 22 28 34 33 23 12 6 20 25 16 33
16 11 18 14 12 6 13 7 15 16 5 9 15 16 5 10 5 15 9 6
60 45 48 8 22 44 62 14 35 46 55 45 51 29 21 30 39 44 7 43
28 30 38 21 22 28 30 12 30 17 20 27 29 17 17 5 16 30 18 29
38 18 38 18 15 30 28 10 35 25 29 37 42 13 13 20 19 29 14 29
7 7 18 10 6 5 14 6 8 11 8 12 16 7 9 3 4 11 8 7
50 24 50 18 24 35 35 16 45 37 27 35 44 29 12 36 27 41 5 28
56 34 51 37 36 42 41 24 52 42 27 45 58 32 15 19 35 48 25 41
54 25 25 27 26 38 38 14 41 18 42 37 45 28 8 30 32 32 24 33
12 9 16 9 11 5 13 5 12 16 6 6 13 14 4 11 4 15 7 1
24 11 19 14 13 14 16 4 24 21 11 13 15 23 9 20 9 15 6 1
42 30 32 29 24 34 34 9 32 20 28 29 24 7 15 8 29 30 15 37
61 24 61 30 18 36 51 27 49 46 33 45 49 26 27 36 51 47 20 47
54 27 45 20 16 37 52 25 50 39 30 52 57 28 18 17 33 40 21 44
36 22 21 8 15 28 33 5 30 25 37 31 32 23 10 25 16 19 4 16
9 5 15 5 4 7 14 7 10 15 7 13 12 1 4 4 5 12 1 7
17 7 16 1 2 16 14 1 17 15 15 12 13 5 1 10 6 9 1 7
14 7 8 4 8 5 16 3 8 10 13 10 13 12 8 9 3 9 5 4
53 25 28 17 23 37 43 9 31 16 44 43 51 9 16 29 33 37 16 40
40 22 37 14 17 25 38 9 29 28 25 34 37 24 24 27 17 31 7 20
16 10 11 5 7 12 18 1 14 17 16 14 14 9 7 10 4 11 1 1
71 44 71 31 35 64 61 12 66 63 54 58 57 40 31 45 53 54 24 51
8 2 5 5 4 2 3 1 8 6 3 2 5 7 1 5 3 5 3 1
12 9 15 6 9 8 13 2 13 8 2 10 9 9 4 4 5 11 4 8
27 17 35 25 15 24 19 7 32 22 14 27 23 15 14 15 24 20 15 22
19 14 17 13 13 13 13 10 18 20 9 9 15 21 4 11 11 16 12 8
12 4 17 5 4 8 7 2 10 10 8 5 12 7 1 7 7 8 4 6
10 1 9 4 1 5 8 1 10 2 7 8 9 1 3 3 1 3 1 2
40 22 28 13 11 31 29 6 36 25 34 35 36 21 11 19 23 18 9 25
40 21 34 11 18 25 31 10 29 17 15 17 27 22 15 18 25 28 2 25
58 35 40 25 15 46 45 13 52 39 56 60 56 31 26 28 46 31 25 43
11 2 9 5 1 5 9 1 10 1 4 8 6 1 1 1 8 2 1 8
50 12 54 34 15 39 32 17 52 38 37 49 47 11 17 27 53 42 29 49
40 16 29 14 8 21 27 2 31 19 25 26 29 16 9 15 22 19 6 23
54 30 46 36 13 45 33 7 53 37 34 38 21 28 22 33 45 19 18 35
61 38 26 24 27 43 49 7 44 25 44 48 54 29 17 19 25 34 20 38
21 2 12 5 4 8 12 1 17 5 13 12 18 9 4 12 6 7 2 6
30 5 17 6 1 21 14 1 28 13 19 20 21 11 1 10 12 6 3 12
19 7 10 17 5 15 8 3 19 6 14 18 16 4 1 1 13 7 13 13
66 47 59 48 42 47 51 26 52 48 47 50 59 42 33 33 57 53 27 53
63 36 59 27 25 50 50 20 61 54 42 55 59 44 22 41 45 45 11 39
27 17 37 16 14 29 15 11 33 20 15 23 25 13 11 12 21 21 15 25
37 35 33 16 20 29 41 4 34 32 24 35 35 24 14 8 19 27 10 25
34 22 15 13 14 25 26 1 26 14 19 25 25 11 5 6 7 15 8 16
29 22 26 26 19 18 26 19 30 22 17 28 31 26 21 5 26 23 21 27
26 12 23 10 9 18 18 3 16 13 19 10 10 2 5 12 22 15 1 21
48 11 37 30 14 37 25 8 53 27 38 45 40 18 21 32 44 31 24 36
57 42 44 21 32 48 42 14 51 38 34 39 49 37 15 26 27 39 15 34
51 34 35 31 35 40 50 15 39 30 40 48 56 24 18 18 23 44 19 38
41 20 37 10 4 32 39 13 40 34 34 48 40 30 28 22 37 20 7 26
32 26 44 25 17 29 36 7 38 32 14 40 28 23 26 14 17 28 17 25
42 22 41 32 10 34 29 11 48 41 25 40 30 34 21 30 31 18 22 22
15 1 6 6 1 9 11 1 14 2 13 14 10 1 3 2 4 1 2 4
35 17 40 16 13 25 24 11 36 34 24 28 30 21 12 24 26 28 12 25
52 23 39 24 22 36 30 12 37 24 41 38 53 25 21 32 40 38 21 42
34 28 43 30 21 23 32 13 30 44 16 29 29 30 15 20 33 34 18 26
9 1 4 2 3 1 5 1 8 3 1 1 3 3 1 6 1 3 1 1
53 26 55 27 12 40 43 17 54 47 41 56 48 35 40 48 41 35 21 38
11 6 10 9 7 4 16 4 10 7 8 11 11 9 8 7 11 9 6 8
25 11 18 21 9 20 18 1 30 23 18 27 18 15 13 16 19 10 11 9
13 3 9 7 1 5 7 1 17 10 6 11 9 7 1 3 7 6 2 5
60 46 74 45 33 61 52 27 71 54 45 68 61 42 42 32 42 49 35 56
39 23 36 48 25 40 21 24 53 27 27 41 36 29 15 18 39 28 38 31
59 31 40 24 31 45 42 21 49 19 36 36 48 42 26 34 29 33 18 33
67 37 52 55 44 59 41 38 72 40 46 52 62 57 24 48 62 46 38 45
34 22 39 27 17 26 27 8 31 30 31 40 38 22 28 31 29 25 17 23
54 43 51 31 34 49 44 19 56 46 28 43 44 46 22 29 38 38 21 34
64 43 53 33 32 42 54 21 44 46 41 45 57 37 23 29 42 50 22 45
61 30 44 34 12 47 49 20 65 58 41 61 55 45 28 38 49 31 30 35
36 22 23 7 9 28 25 3 39 33 26 25 25 29 5 20 23 14 5 15
65 52 53 22 32 48 63 20 49 44 49 54 67 42 26 20 20 49 23 46
40 16 15 19 12 25 27 10 37 28 25 33 35 23 1 11 20 22 15 22
28 17 29 26 19 20 21 7 28 18 14 27 32 12 11 8 23 26 17 26
18 1 2 9 2 9 5 1 15 5 8 9 10 9 1 4 7 4 6 5
62 33 44 13 19 37 62 18 45 45 30 46 53 29 12 21 33 45 14 42
31 17 38 22 13 25 23 7 34 15 22 34 31 10 17 13 26 20 11 29
17 4 6 13 6 12 10 1 17 11 15 17 18 3 3 4 14 11 10 11
30 10 38 22 8 15 26 12 28 29 16 29 28 9 9 11 30 25 14 27
23 6 28 8 5 11 25 15 22 24 5 21 20 12 4 10 18 23 11 20
35 18 34 11 15 26 29 9 33 17 20 24 25 19 21 18 26 23 4 22
71 47 67 32 44 51 57 38 53 48 37 34 56 40 28 39 48 60 16 51
29 13 31 24 13 24 22 7 32 19 20 34 33 5 10 4 16 22 14 23
22 15 20 11 15 9 25 9 13 20 11 17 27 19 9 11 10 22 9 14
37 8 25 15 7 28 11 8 33 13 26 22 31 19 9 22 28 15 12 23
43 29 39 31 26 31 36 16 36 36 36 40 52 26 21 23 28 38 22 31
11 3 6 3 5 4 7 1 14 7 4 5 2 10 2 9 1 4 1 1
36 4 23 12 4 25 15 2 33 15 24 29 29 4 1 13 20 19 6 23
12 8 14 6 9 4 12 4 7 14 4 2 11 13 1 8 10 15 6 7
9 4 11 11 5 4 8 5 8 6 9 9 14 6 5 3 8 6 8 5
15 7 8 11 5 9 13 1 13 8 12 14 11 5 5 5 16 8 8 13
60 19 54 22 20 43 36 10 51 34 38 36 44 24 25 39 45 40 14 40
34 21 23 10 14 29 21 13 33 17 15 18 25 28 10 12 20 15 9 17
17 4 12 1 2 13 7 1 17 2 9 7 7 4 1 8 4 3 1 7
64 42 50 33 32 46 54 27 61 53 32 54 66 44 22 20 39 46 23 39
51 29 36 39 27 45 40 17 54 44 40 50 44 34 13 33 33 35 23 26
24 16 33 16 13 24 21 1 29 13 15 25 19 5 16 8 13 18 7 20
13 7 19 15 5 4 16 3 13 12 9 18 16 7 10 2 15 11 6 13
48 35 44 25 27 28 51 12 30 39 36 40 42 28 24 29 33 43 1 33
68 41 59 17 18 50 59 24 61 42 45 54 59 44 29 25 42 38 17 46
15 1 8 15 2 11 9 1 21 11 15 23 19 1 3 1 10 9 8 10
7 3 6 1 2 5 11 1 8 7 7 7 6 5 4 2 6 4 2 4
35 22 27 17 14 24 27 15 30 26 21 19 30 29 13 14 26 22 14 20
21 7 16 10 4 17 15 3 27 15 11 20 13 17 14 13 17 6 2 5
11 1 6 12 3 6 4 2 14 3 8 9 9 5 1 4 8 3 8 6
11 7 14 10 1 9 10 1 14 13 8 13 8 4 6 4 5 7 5 4
11 8 10 7 6 8 16 5 6 10 13 12 11 7 8 4 3 6 7 6
43 27 55 25 21 37 35 14 41 45 31 33 38 20 18 26 41 42 21 40
11 1 10 6 1 5 6 1 17 7 8 12 6 2 4 7 8 1 1 3
51 12 40 8 12 36 33 9 46 22 35 37 46 25 29 38 29 27 5 25
21 18 25 22 14 20 16 6 28 30 14 20 16 24 10 19 15 14 13 5
12 5 10 1 7 9 8 1 13 8 10 6 9 7 4 13 10 8 4 8
18 10 14 6 1 15 11 1 18 12 13 12 12 8 1 4 3 4 3 5
41 32 24 19 23 32 36 5 36 30 26 35 34 21 11 16 14 25 7 19
35 26 26 21 14 24 24 7 36 35 18 24 31 30 3 8 18 19 13 17
58 20 41 34 17 53 29 16 66 19 43 53 46 28 19 32 46 26 24 36
12 10 17 10 8 11 11 7 11 10 9 9 13 9 4 5 6 10 9 8
59 33 50 16 22 45 45 27 55 50 41 44 61 46 19 31 45 40 19 40
34 32 37 15 27 22 40 12 23 30 17 22 36 22 13 10 19 39 12 30
22 12 25 16 9 17 22 4 28 25 21 28 19 19 20 19 15 13 10 9
41 23 35 19 15 24 35 19 42 49 19 36 42 30 2 18 30 33 16 26
38 31 25 6 21 26 45 4 19 23 28 33 38 14 22 19 16 32 4 25
22 15 22 23 15 20 14 14 24 21 19 19 28 16 10 9 19 18 20 18
65 51 62 24 32 54 59 22 60 52 49 57 64 45 22 29 33 50 21 44
14 9 15 1 9 9 16 1 12 7 2 8 13 4 4 5 2 14 1 7
23 3 29 14 3 14 18 5 29 18 7 28 23 3 8 5 16 16 5 16
62 22 49 41 21 59 34 24 75 40 53 61 63 40 26 42 55 38 35 42
19 12 17 12 8 12 21 1 10 15 16 15 15 5 7 4 19 15 7 17
62 37 42 22 25 44 52 12 41 45 56 44 48 21 20 33 40 42 5 43
54 38 54 38 25 55 40 19 63 42 38 59 55 33 28 15 47 31 29 47
14 5 12 7 5 6 9 1 14 3 2 8 6 5 1 4 3 5 1 5
35 16 33 19 11 18 27 11 33 30 23 32 36 19 11 13 20 22 10 23
54 21 43 35 10 47 32 7 60 24 39 54 42 27 36 28 36 18 23 32
51 42 46 16 19 41 48 15 42 27 40 47 45 27 24 16 34 30 17 44
8 3 3 4 1 4 12 1 8 7 10 12 8 4 5 1 1 2 2 1
10 8 15 8 8 7 14 3 11 8 5 11 9 7 6 6 2 9 5 5
34 12 36 16 9 17 32 16 19 26 24 24 29 3 12 11 29 28 10 32
34 15 39 13 15 22 24 10 32 28 12 23 31 23 8 22 23 28 6 22
58 26 73 41 18 48 39 25 67 54 28 55 53 35 31 38 59 45 39 55
51 33 43 30 28 41 35 17 51 30 27 34 46 33 18 20 27 36 22 35
23 8 17 7 6 8 25 6 16 16 15 23 24 12 13 11 8 18 3 12
16 6 16 7 5 7 9 1 15 7 1 6 13 11 1 3 10 12 3 10
10 7 4 2 9 4 13 1 6 10 6 4 8 11 3 9 4 9 3 1
35 33 34 17 20 31 32 10 36 35 21 28 32 28 9 11 24 22 13 25
27 16 34 8 12 22 27 11 23 23 21 27 31 11 8 15 13 25 8 21
26 13 22 6 8 15 24 3 20 26 15 18 21 13 1 13 7 17 1 8
35 22 20 16 20 22 24 8 25 24 18 18 28 26 1 19 15 24 7 14
70 48 60 15 22 56 63 25 55 38 55 54 58 45 37 31 50 41 19 53
25 10 10 8 8 13 14 1 17 12 13 9 14 13 1 11 6 10 4 5
5 10 11 11 11 6 10 9 8 13 8 9 11 12 6 5 12 11 11 9
14 6 12 5 6 9 12 1 11 8 8 7 9 7 3 10 5 8 3 5
20 13 21 10 11 14 14 6 18 15 11 10 14 14 1 12 5 14 8 9
25 19 22 6 15 16 30 10 13 28 13 17 24 15 1 12 8 26 6 13
18 13 22 12 12 1 25 8 15 20 12 19 24 17 15 11 15 23 8 16
43 25 31 9 6 33 36 19 39 32 33 36 42 35 15 14 29 20 14 26
59 37 39 35 33 42 41 13 48 31 37 38 42 24 11 20 36 41 22 42
57 34 42 15 8 46 47 13 49 33 54 57 49 26 27 28 42 27 19 45
23 10 7 8 1 18 14 1 20 11 17 18 14 7 1 3 8 3 5 9
20 8 20 12 5 10 19 1 20 6 11 25 23 3 15 1 11 13 3 18
60 19 39 1 10 41 40 14 49 39 30 37 49 24 6 34 28 36 9 30
36 10 44 22 5 27 25 15 44 34 22 42 37 16 11 17 33 24 17 29
16 5 16 5 5 13 9 1 15 4 10 9 8 4 1 13 12 6 3 12
31 10 34 14 2 19 18 7 36 25 20 30 26 14 7 13 24 18 4 21
51 18 36 22 16 32 25 13 42 17 39 35 52 28 20 32 41 32 17 36
12 1 6 7 4 6 7 4 14 6 7 8 8 12 6 7 7 5 6 1
27 12 21 7 12 13 30 6 14 22 17 21 31 12 4 13 12 24 2 15
13 2 7 6 2 4 10 2 11 7 11 12 13 8 8 4 2 5 4 3
17 13 5 4 11 9 16 3 12 16 11 7 8 18 1 11 6 10 5 3
13 5 6 5 5 5 8 1 12 11 7 7 10 5 1 7 3 8 1 1
14 10 22 9 11 5 18 14 6 23 4 10 20 12 1 7 9 22 10 13
5 1 10 12 1 3 1 1 17 8 3 14 6 3 8 3 8 1 2 1
21 11 29 16 10 18 19 2 29 10 12 25 18 12 20 9 8 11 8 13
51 27 18 22 21 39 29 13 46 29 38 29 42 37 1 23 34 24 20 26
10 1 7 7 2 1 4 1 13 6 2 6 3 5 1 4 6 2 1 1
30 13 20 11 12 17 20 5 22 16 18 17 25 19 7 18 13 16 8 13
35 6 16 7 5 23 11 1 32 11 20 18 20 12 3 22 15 11 3 14
28 12 27 11 4 25 20 1 33 16 19 32 25 2 9 7 12 11 1 15
59 42 51 56 39 53 44 26 64 45 35 53 57 52 27 39 52 45 46 43
13 5 11 5 4 9 9 1 11 5 6 9 10 1 2 4 5 7 2 6
39 17 35 20 6 25 37 10 32 25 32 47 40 7 20 11 28 25 12 32
40 6 32 3 2 25 26 8 37 24 24 30 33 14 11 23 21 22 3 19
71 37 59 37 28 58 49 25 66 42 52 67 70 30 34 36 54 47 29 54
53 48 50 15 24 36 59 24 33 52 41 45 56 35 22 19 42 49 20 46
28 11 20 9 6 18 17 4 25 9 17 19 23 13 7 9 14 11 6 18
32 24 35 22 20 22 34 5 29 18 19 36 30 18 30 18 14 25 12 22
70 26 62 25 19 54 47 17 62 31 48 58 55 37 46 50 58 37 18 50
14 7 19 2 4 9 16 3 8 9 4 10 13 1 2 3 9 15 1 14
33 12 26 5 12 28 20 9 33 8 18 19 23 19 15 22 20 15 4 19
21 5 12 14 3 14 10 1 22 6 13 17 14 6 1 1 13 7 9 13
31 17 21 23 16 15 22 10 27 20 19 24 32 22 13 10 19 20 17 20
22 8 16 8 1 15 18 1 25 11 20 22 14 7 6 8 14 4 1 11
70 45 75 40 37 60 54 32 64 58 48 52 57 50 33 52 58 53 16 47
66 49 69 36 32 61 55 20 68 61 49 66 64 46 26 40 48 49 20 49
44 23 31 16 9 31 28 4 41 27 30 28 23 24 5 16 31 15 8 26
73 38 67 32 29 58 56 17 64 58 48 54 49 31 33 47 52 53 15 48
15 16 17 16 15 11 13 10 16 20 3 9 14 16 3 4 13 15 12 10
21 8 26 9 8 13 19 7 19 16 13 16 20 12 7 15 9 16 6 12
13 2 12 3 4 3 8 1 14 11 4 6 11 7 1 9 1 10 1 2
63 22 39 14 5 48 38 12 57 27 53 47 48 32 18 26 47 20 12 40
43 19 21 27 24 30 28 16 39 27 32 30 42 31 9 26 28 30 19 20
55 45 69 27 17 54 55 25 61 56 40 66 59 40 36 23 47 41 30 51
63 14 58 26 14 44 39 35 60 30 40 54 67 35 31 31 53 37 29 52
46 15 47 27 2 40 30 18 53 26 35 44 33 38 38 37 43 10 21 29
65 42 57 35 42 47 54 29 53 40 41 49 68 42 30 32 27 54 31 52
33 20 47 35 13 29 24 23 45 37 16 36 35 39 30 22 44 24 25 28
71 32 57 25 20 51 60 25 69 40 45 66 64 32 33 26 36 42 22 50
62 40 55 26 28 45 48 20 52 45 34 47 58 28 15 20 43 49 20 53
66 41 32 29 26 46 57 16 46 30 54 50 49 27 16 22 47 39 23 51
58 24 53 15 23 48 41 21 53 29 41 41 56 36 33 42 43 38 20 44
44 34 45 40 20 37 37 11 44 39 27 42 31 30 28 29 44 28 28 38
58 37 44 41 29 47 42 15 57 37 38 48 45 36 12 30 45 40 30 40
7 1 5 1 1 2 1 1 6 1 1 1 1 5 1 2 1 1 1 1
32 14 25 10 4 22 23 9 28 22 23 26 28 17 6 12 13 14 7 16
29 15 22 15 8 23 18 1 36 25 22 27 19 19 9 18 20 10 6 13
26 14 12 6 8 15 18 1 25 17 10 15 10 15 2 11 3 9 1 2
63 60 56 25 33 52 63 23 54 51 47 50 58 45 22 23 39 50 25 47
33 18 34 18 15 24 23 19 26 19 21 11 17 22 17 19 33 22 7 24
46 34 44 24 32 36 39 13 41 24 32 35 46 29 21 22 19 39 19 35
20 4 18 14 1 18 5 1 32 17 9 18 8 15 10 13 14 2 3 1
30 17 19 8 11 17 26 6 19 24 15 19 24 16 1 11 7 20 5 11
68 61 67 48 58 54 64 34 55 53 40 41 56 48 35 36 47 67 21 53
66 61 56 39 47 53 67 26 54 48 45 58 70 48 38 20 24 57 31 48
45 28 33 38 31 28 39 24 38 20 30 36 49 29 13 17 41 42 33 43
67 34 32 25 28 46 54 18 45 30 52 49 58 31 18 38 39 45 18 40
35 14 42 20 13 32 24 12 37 33 27 31 37 13 13 21 29 30 19 31
10 4 5 9 1 6 11 1 16 8 12 18 9 3 6 1 2 1 2 1
25 18 17 8 18 15 23 7 15 18 13 10 20 25 4 19 9 20 6 7
48 17 28 12 11 33 25 10 38 31 33 29 43 28 7 27 23 25 10 22
36 21 30 19 16 27 19 20 30 22 19 12 22 27 13 14 34 21 12 24
18 1 21 6 1 6 14 3 15 10 7 12 14 4 1 5 11 12 1 13
16 9 15 10 9 10 16 5 14 7 11 13 15 9 7 8 8 10 7 9
31 22 37 24 19 26 27 13 35 22 20 33 32 18 22 12 23 22 15 28
63 28 65 32 25 46 40 36 65 54 29 48 58 43 26 40 57 49 28 45
58 23 54 27 13 44 54 28 62 59 32 59 52 42 12 30 48 39 30 41
63 30 66 36 26 49 44 24 60 35 37 47 43 18 34 30 48 42 14 49
48 29 46 37 19 43 38 7 49 31 35 45 23 13 32 23 42 24 14 40
31 19 32 22 16 25 21 13 34 17 15 26 34 20 15 9 14 24 14 22
31 30 41 30 21 30 26 9 37 39 13 30 27 28 18 19 24 26 20 19
27 10 43 23 5 23 25 9 33 28 23 38 28 17 25 24 23 18 15 22
17 9 11 4 9 9 14 1 12 12 8 6 9 11 2 12 4 11 1 3
10 2 6 1 2 3 7 1 5 3 1 1 5 2 1 5 1 5 1 1
35 9 35 9 7 24 23 17 38 25 18 26 27 19 13 21 20 20 6 17
27 21 25 18 18 17 22 14 29 26 16 16 23 30 14 19 27 22 13 16
63 22 58 24 20 41 53 19 55 48 42 59 62 19 26 35 44 50 26 51
36 17 34 9 13 20 34 5 25 12 21 30 35 10 19 15 9 27 5 25
25 13 32 15 15 11 18 17 26 30 11 17 28 21 4 16 20 27 13 20
32 24 15 7 16 22 32 4 23 27 23 22 27 22 7 16 9 20 1 9
57 21 60 23 21 39 45 26 46 40 29 45 57 17 10 30 47 53 27 56
47 29 48 23 11 38 38 6 44 23 34 50 30 19 35 30 36 22 16 35
5 1 1 1 1 2 9 1 5 3 6 6 2 4 3 1 1 1 1 1
47 27 49 19 24 27 44 22 33 45 23 25 40 27 10 24 34 44 15 34
14 4 14 3 3 9 12 1 14 6 11 10 7 3 3 10 11 6 1 9
29 20 26 18 20 20 19 15 25 19 6 12 23 27 9 12 20 20 17 20
9 6 4 1 6 3 10 1 2 10 3 1 6 6 1 6 1 8 1 1
13 5 18 9 6 8 8 6 12 13 8 7 14 10 1 7 7 11 7 6
10 4 14 4 4 7 9 3 8 7 4 3 8 8 1 6 7 9 5 6
34 10 17 12 5 26 19 4 32 13 23 22 25 16 7 13 17 10 9 15
16 15 13 13 15 9 10 10 17 19 5 5 14 22 2 9 13 16 12 10
65 31 64 23 34 50 53 49 58 52 39 43 65 56 24 53 47 53 26 44
66 36 60 35 25 54 47 17 61 55 50 49 41 35 34 51 53 41 10 38
78 54 62 47 50 66 59 25 67 44 54 59 72 38 18 32 50 66 33 62
54 21 30 22 20 33 37 7 31 11 43 34 37 9 17 26 40 32 13 43
57 41 62 40 27 41 52 25 55 60 31 51 47 45 35 25 51 45 30 45
22 11 18 15 10 15 16 3 20 13 11 19 19 8 5 8 8 14 9 12
37 28 38 17 21 22 43 19 33 41 18 38 44 24 14 10 18 36 15 27
53 36 56 39 33 47 37 23 60 37 31 44 49 41 31 30 25 40 27 37
28 6 4 4 3 16 9 1 26 10 15 10 14 14 1 14 9 4 1 3
59 25 39 17 15 40 47 14 51 33 31 48 49 16 7 14 36 37 18 46
13 10 12 7 9 7 14 1 9 13 4 9 10 8 1 6 1 11 1 2
13 8 20 7 6 12 15 1 16 9 10 15 14 6 9 6 10 12 5 12
10 5 12 5 5 5 9 1 9 5 1 6 7 3 1 4 1 8 1 3
16 13 13 5 11 11 17 1 13 10 4 12 10 6 4 6 1 12 2 7
10 7 16 4 6 9 9 3 7 6 4 5 10 4 2 4 5 10 5 7
56 30 43 9 26 35 51 19 36 26 34 43 55 27 29 34 24 43 4 30
44 25 33 31 28 28 35 15 34 26 33 37 51 24 17 22 28 39 21 29
71 50 65 19 26 56 67 18 58 47 55 59 58 32 33 23 40 52 18 59
56 31 59 34 18 53 43 12 64 34 41 60 46 33 41 32 31 30 24 39
35 28 32 16 23 22 38 18 24 38 17 28 42 23 5 11 16 36 13 21
68 56 52 40 47 49 69 25 47 45 53 54 54 37 35 36 41 55 17 51
20 14 15 2 11 15 23 1 14 13 13 15 16 9 8 10 5 14 3 8
78 48 51 31 32 61 57 26 58 51 60 46 57 44 18 35 54 46 19 48
43 30 35 29 19 33 35 9 40 39 34 40 43 32 17 21 27 27 16 22
22 10 14 19 10 17 12 6 22 8 15 19 24 10 4 1 16 11 16 18
16 1 21 7 1 4 14 6 21 19 1 18 12 5 3 2 12 11 2 9
30 18 31 16 12 26 19 6 30 14 20 27 27 8 9 11 14 18 9 21
49 20 36 13 14 34 35 10 35 13 33 40 47 12 22 21 22 28 10 33
8 5 2 1 5 2 10 1 5 8 3 4 3 4 1 5 1 5 1 1
59 39 47 20 27 45 48 24 51 40 33 37 54 47 20 28 36 38 15 35
67 41 48 36 32 48 55 27 56 48 43 50 60 36 18 20 53 49 24 52
68 39 59 22 18 50 57 29 60 40 49 66 67 38 36 26 47 38 19 49
15 6 12 1 4 3 18 1 3 7 8 6 13 5 4 7 6 11 1 7
71 41 45 33 24 57 53 21 55 32 69 59 57 25 23 30 60 42 28 62
43 23 34 17 15 31 29 5 40 33 33 35 38 24 13 24 22 25 9 20
19 11 27 9 9 12 20 8 20 15 4 20 21 5 9 1 8 21 1 17
17 9 10 7 9 6 16 3 12 9 5 9 13 13 5 8 6 11 5 6
19 12 18 10 11 10 11 5 18 18 7 5 12 19 1 12 9 14 7 6
18 9 18 11 8 9 17 1 13 10 13 10 10 5 6 8 17 13 5 14
46 22 32 8 9 28 37 1 33 29 37 32 30 15 15 19 27 24 1 29
9 4 14 9 1 7 12 1 14 12 9 18 11 2 11 2 6 5 1 3
33 24 35 12 13 25 36 11 30 29 24 35 38 17 12 8 17 25 8 29
60 50 49 23 28 47 48 20 54 41 28 38 44 42 15 14 38 39 24 45
31 16 18 15 16 18 18 9 28 20 20 15 23 27 8 23 14 15 9 8
48 31 32 17 21 35 41 19 40 41 31 33 40 41 10 29 26 30 6 21
5 6 9 3 2 4 4 2 5 6 1 2 5 5 1 1 3 5 4 3
29 15 12 1 9 21 19 5 23 12 12 13 16 22 6 14 9 10 2 5
30 15 25 25 13 26 25 4 34 16 22 37 25 9 17 9 25 17 15 24
21 11 15 2 8 11 18 1 10 10 11 7 11 7 1 14 10 12 1 10
45 29 45 27 29 33 32 28 44 34 14 30 46 40 22 21 32 37 20 31
40 14 20 10 5 29 21 3 39 14 24 25 24 20 6 17 21 9 4 17
42 16 45 12 12 30 27 13 37 18 30 28 39 23 21 27 34 29 10 33
43 33 38 17 24 35 38 11 30 21 31 36 42 18 22 20 20 32 14 33
42 17 36 20 15 20 36 16 27 28 28 25 31 15 16 16 30 32 11 34
66 42 66 38 24 53 53 17 58 49 45 64 59 30 31 23 57 46 24 59
63 53 63 32 40 52 59 28 47 41 47 48 50 25 38 30 49 52 25 57
54 30 27 30 20 36 44 12 44 24 42 49 46 27 18 22 41 32 22 39
20 5 10 9 6 12 8 1 18 11 14 13 17 5 1 12 7 9 5 8
64 41 55 32 30 50 50 15 54 34 45 59 67 27 30 23 34 48 24 52
15 1 9 3 1 7 10 1 13 1 8 6 8 9 4 7 2 2 2 2
13 2 8 1 1 8 12 1 14 10 10 10 11 7 4 6 6 6 1 3
13 5 12 7 6 7 9 4 14 8 9 6 7 12 3 8 2 6 6 3
11 4 5 6 3 4 11 1 14 7 8 11 5 9 4 4 1 3 3 1
32 13 24 17 9 16 32 10 28 30 20 35 34 11 9 10 21 24 12 21
58 37 47 19 27 42 53 11 50 39 42 50 51 29 21 31 28 41 1 36
19 13 12 4 13 11 17 1 13 10 7 7 12 11 4 12 5 14 4 8
58 35 53 38 22 52 38 18 61 44 44 53 52 31 20 18 56 36 30 52
25 22 24 14 21 15 34 13 13 28 26 25 35 22 14 22 14 31 5 16
18 3 8 11 5 6 12 1 14 7 15 14 20 8 6 6 8 8 8 8
57 38 52 36 30 42 44 14 42 43 44 45 53 25 26 25 48 47 21 46
7 1 11 3 2 1 4 1 13 8 1 3 4 5 1 5 1 6 1 1
19 12 17 13 7 13 13 6 19 11 12 16 16 10 4 4 12 10 9 13
11 4 7 6 3 8 12 1 14 7 11 13 7 3 5 5 3 3 2 1
52 35 40 17 29 38 40 9 38 26 36 36 46 27 20 26 19 37 12 32
33 20 27 15 22 24 18 17 30 26 23 13 30 36 6 31 18 25 4 9
16 7 7 1 5 10 14 1 8 9 12 6 8 5 1 11 5 5 1 4
14 3 16 9 5 8 5 4 17 6 8 6 9 10 1 9 7 6 6 5
53 36 44 39 38 44 45 21 47 27 33 44 57 27 24 12 31 47 34 48
26 22 11 6 10 13 30 2 15 25 24 23 29 20 8 9 14 16 5 15
12 1 4 8 2 5 11 1 10 3 12 14 12 5 8 1 4 1 5 6
20 10 11 4 1 6 23 1 13 11 17 20 13 2 8 3 10 9 1 11
34 15 17 11 3 26 22 1 37 14 23 30 22 13 4 4 12 4 5 16
66 25 53 27 23 43 46 29 56 48 42 48 63 34 8 41 51 53 27 48
29 28 34 24 19 23 34 9 30 33 14 33 30 25 20 9 25 26 15 23
51 27 41 19 23 33 34 11 40 39 35 30 35 24 9 33 32 39 3 30
26 13 31 14 10 10 22 10 20 20 10 15 20 14 5 11 17 23 8 20
40 12 39 14 12 33 27 17 43 21 26 31 33 33 26 33 29 17 11 20
17 8 18 13 9 12 17 1 21 16 15 19 14 11 13 15 13 9 5 7
24 7 29 11 1 19 27 8 32 32 15 36 24 8 11 9 18 13 7 12
33 10 21 6 7 12 29 3 20 12 12 23 28 8 8 6 17 22 3 25
28 16 30 8 14 18 29 3 21 16 21 26 30 10 17 18 9 22 5 18
10 1 8 1 1 7 10 1 6 3 12 8 8 2 3 8 3 1 1 2
12 8 23 10 9 8 12 13 10 19 4 7 17 13 1 4 13 18 10 14
28 15 13 3 12 12 29 1 14 19 19 16 24 18 8 17 9 20 1 9
55 34 34 10 20 41 42 12 39 32 40 28 37 39 8 31 32 25 3 25
30 25 23 11 15 21 24 8 24 29 15 13 25 27 1 10 17 21 10 17
45 26 35 7 16 30 37 10 36 28 20 26 32 24 8 21 21 30 6 27
33 11 21 18 14 21 28 7 22 19 27 25 30 5 6 12 26 26 13 27
22 6 13 3 3 2 24 5 11 17 13 22 25 8 9 6 6 18 1 12
50 18 52 10 4 41 46 15 52 43 37 55 50 13 17 24 40 33 17 43
45 25 28 12 22 32 30 3 35 21 26 27 34 18 8 23 11 27 5 19
24 10 20 15 12 9 18 8 21 24 9 16 22 20 5 14 9 20 7 8
10 1 18 2 1 8 3 1 12 5 9 5 12 2 1 9 11 9 2 10
66 40 63 28 28 43 61 25 60 48 35 60 66 30 25 21 39 53 25 55
22 22 21 16 13 18 25 7 27 32 18 25 20 27 11 11 17 14 10 10
50 26 49 18 12 38 49 28 47 47 36 50 54 27 9 22 33 35 25 41
62 36 48 19 32 53 47 13 53 46 46 43 52 38 19 42 33 44 20 38
59 26 61 21 23 54 42 26 59 28 41 49 63 35 40 31 41 41 25 50
36 14 13 19 11 26 28 4 32 19 33 35 31 11 11 11 19 15 13 20
65 46 61 39 42 57 43 22 66 46 41 48 56 46 26 42 35 50 17 39
35 13 12 9 1 25 22 1 37 15 31 31 25 18 5 5 14 1 9 16
61 44 67 40 36 50 54 26 57 40 42 63 66 30 41 23 32 54 29 55
49 21 28 29 19 39 34 3 49 28 34 46 37 23 21 26 29 24 19 27
36 22 44 17 11 35 26 15 39 37 27 33 38 20 11 16 30 28 16 32
5 2 9 6 4 1 7 2 8 9 2 6 9 4 1 3 6 9 2 4
61 46 48 24 30 42 62 22 42 54 46 40 42 32 17 29 37 44 8 38
41 20 37 11 9 23 32 10 35 34 24 28 28 19 2 14 28 27 6 29
48 25 41 9 19 36 43 15 33 12 34 39 45 22 33 24 22 32 9 33
5 8 11 9 9 5 9 7 8 11 5 6 7 11 3 4 8 8 9 5
36 22 49 35 22 29 27 26 43 42 15 35 39 28 18 16 36 33 26 32
69 31 60 28 27 55 54 30 61 67 50 56 72 36 15 45 51 58 36 53
28 18 23 13 18 18 17 9 23 15 7 10 22 23 5 16 11 20 11 14
8 6 12 4 6 3 7 1 5 7 1 1 6 7 1 6 3 8 3 2
61 43 51 23 36 45 54 27 51 48 35 42 56 41 15 33 28 50 14 36
38 27 35 21 15 27 40 13 37 35 27 45 43 22 16 6 25 25 14 32
14 12 12 4 9 7 22 5 5 21 11 12 16 11 4 8 9 18 4 9
42 9 34 21 11 21 25 14 36 27 21 29 33 9 1 13 34 32 18 35
54 27 37 15 21 38 34 8 37 31 35 21 25 18 14 35 34 34 3 31
52 26 48 26 21 37 36 19 40 30 33 32 36 13 15 23 40 37 12 44
40 23 43 20 14 27 33 10 35 29 29 40 41 20 19 21 28 29 10 31
19 13 16 8 13 12 17 1 16 10 6 12 12 8 6 11 6 13 1 9
8 2 12 9 1 5 9 1 14 11 8 15 7 1 6 1 2 2 1 1
10 8 15 9 4 9 13 1 13 17 6 14 6 6 6 4 5 8 2 2
29 19 28 20 19 21 22 8 26 19 19 24 31 16 10 16 16 21 13 19
34 14 34 14 14 23 27 7 33 24 14 26 30 23 15 24 15 23 6 14
10 6 17 6 5 8 7 1 11 2 2 6 7 2 1 2 2 6 3 6
65 32 40 18 10 54 40 20 60 32 54 53 59 38 22 24 45 27 27 45
60 6 58 20 3 49 35 23 67 37 35 59 54 29 30 44 49 29 21 40
16 13 21 11 14 13 11 7 18 19 14 11 21 16 3 15 10 17 9 10
40 11 36 15 9 29 20 8 39 16 25 24 33 19 14 26 34 24 14 30
16 5 6 5 1 7 10 1 12 6 8 8 4 3 1 2 12 4 2 9
18 8 12 1 3 16 14 1 18 6 11 12 9 3 1 5 1 5 1 6
71 47 63 25 27 49 67 34 61 66 42 56 66 48 17 29 54 55 24 49
45 23 33 15 13 24 40 14 39 37 31 36 40 30 18 23 27 28 8 25
22 9 6 4 7 7 21 1 14 13 15 14 15 14 5 9 1 9 1 1
41 11 28 31 16 33 24 16 47 14 28 38 38 27 18 24 38 21 21 26
57 48 55 36 33 44 53 29 54 61 34 47 54 50 16 18 44 45 23 40
34 20 22 12 15 22 26 6 26 26 21 19 31 24 1 16 10 22 8 12
52 29 40 19 18 43 35 19 49 29 30 37 47 34 15 17 27 27 14 32
60 51 61 35 37 45 63 31 46 59 41 49 57 40 30 14 47 53 27 54
23 19 20 11 15 18 21 6 18 15 10 17 17 11 7 8 7 17 8 12
11 9 16 12 6 10 11 6 15 15 10 13 8 8 6 5 8 8 8 4
14 10 14 11 6 8 16 3 16 11 9 18 13 9 6 1 6 7 5 7
65 42 65 36 18 51 56 19 54 51 53 65 55 30 33 27 59 40 26 57
23 6 18 1 6 15 13 1 19 8 10 10 16 8 1 14 5 13 1 9
62 33 45 36 33 43 46 27 46 40 42 36 51 31 18 28 47 48 23 45
53 15 43 17 13 33 38 21 44 25 35 37 49 34 24 33 36 27 15 34
5 3 7 1 1 4 12 1 9 10 8 9 7 5 3 1 6 6 1 3
39 30 43 42 28 39 29 12 47 34 20 43 40 24 23 14 36 34 30 35
37 30 35 30 25 26 35 7 36 21 21 36 36 22 21 7 22 30 18 31
22 9 19 17 7 14 13 9 20 15 12 16 22 14 1 6 18 15 14 19
19 10 12 1 1 17 14 1 20 14 19 15 13 12 1 4 8 1 2 7
43 38 35 18 22 31 48 18 29 36 40 43 48 21 25 22 33 32 19 36
50 33 38 38 33 42 42 21 49 30 33 47 53 25 21 12 33 40 31 43
11 9 8 7 3 9 10 2 14 13 10 11 8 9 1 2 3 4 4 2
71 46 43 9 16 56 58 17 52 38 63 61 65 33 28 36 42 40 24 49
7 1 5 1 1 1 5 1 8 2 2 2 3 7 1 2 7 3 1 3
46 31 34 23 23 40 30 20 46 29 21 29 39 35 17 10 27 26 20 27
25 12 33 12 8 10 22 6 18 17 6 15 17 3 3 1 17 23 1 22
12 4 12 8 2 3 16 1 9 4 9 14 12 2 10 2 10 7 3 11
28 9 23 33 12 28 14 8 42 23 23 35 24 15 14 18 28 17 23 18
37 22 33 20 18 31 22 13 39 21 16 22 33 22 9 11 15 25 14 23
8 8 15 6 4 5 13 4 7 10 8 8 9 5 4 2 12 10 6 9
52 21 39 20 11 39 25 14 46 28 34 34 43 23 7 21 39 30 17 39
67 28 52 29 31 52 48 31 61 30 43 53 64 45 41 34 43 40 31 47
51 24 26 23 19 40 29 14 46 22 37 36 43 31 15 22 29 20 20 28
15 13 18 12 12 10 12 8 13 16 6 8 16 14 1 7 10 16 10 10
20 5 8 7 7 7 10 1 16 13 10 8 18 10 1 10 5 13 4 6
41 14 37 10 10 24 35 15 36 28 23 35 36 18 11 20 16 27 11 25
47 16 36 10 1 30 35 20 48 30 32 41 40 30 15 16 37 17 9 29
10 1 4 8 2 5 9 1 12 3 12 14 12 2 7 3 5 2 4 5
31 21 32 25 20 23 26 5 31 18 17 30 33 13 14 7 13 26 15 23
26 8 10 4 6 15 15 2 23 10 15 12 12 14 5 17 14 7 1 9
61 31 59 27 24 50 52 19 61 51 35 60 56 26 19 36 35 46 21 38
42 25 34 15 10 33 31 4 43 21 25 31 26 21 17 12 24 17 4 23
27 8 12 20 13 19 13 7 25 12 24 22 27 11 3 12 21 15 17 19
60 34 61 31 28 53 44 24 62 29 42 53 56 41 43 35 36 37 23 42
11 8 13 6 8 8 12 1 12 7 4 8 7 7 3 7 5 9 4 6
10 5 16 10 2 10 10 1 19 12 5 15 3 9 7 4 9 3 4 3
72 58 55 41 49 60 57 28 65 44 42 49 60 54 28 32 31 52 33 49
33 9 21 6 7 17 27 4 21 22 22 23 31 10 2 14 16 19 4 18
76 59 63 33 44 60 65 18 48 43 55 53 67 30 36 30 48 61 22 63
42 21 14 12 12 29 28 1 35 17 25 29 27 20 5 11 14 13 9 18
11 2 10 8 1 6 3 1 13 3 6 6 3 4 1 3 3 1 3 1
7 1 11 1 1 7 7 1 12 7 10 8 8 1 2 5 2 4 1 1
64 45 53 32 35 50 57 30 56 55 31 53 67 35 15 20 38 55 34 50
2 2 3 1 1 2 3 1 5 7 3 3 2 2 1 1 2 2 1 1
23 5 13 10 1 15 12 3 29 11 16 19 13 12 12 10 11 2 1 2
18 5 6 2 1 10 14 1 18 6 11 13 5 7 2 5 1 1 1 1
32 14 25 15 8 24 23 6 33 26 25 30 28 14 6 16 15 16 8 17
14 5 8 1 2 11 11 1 11 6 10 7 4 4 1 7 4 3 1 4
9 8 11 1 7 8 16 5 8 17 8 10 11 6 4 6 6 13 4 5
67 41 50 46 41 46 53 32 53 48 42 45 51 30 20 33 55 57 26 52
35 26 36 17 15 22 34 6 27 23 23 33 36 14 16 11 22 29 9 28
15 14 18 8 14 8 15 6 7 17 5 5 17 15 1 9 5 19 8 8
65 41 59 25 33 54 53 23 61 40 48 54 63 45 29 36 26 45 14 36
11 6 11 6 8 5 11 3 9 9 6 5 9 9 4 11 8 10 5 5
11 8 14 10 9 4 10 6 9 16 4 6 15 12 1 5 7 14 7 5
10 1 4 1 1 5 4 1 11 4 2 2 4 8 1 5 5 3 1 1
45 30 47 43 30 40 29 27 54 35 20 37 40 41 28 18 42 32 33 35
29 5 35 18 5 13 28 20 30 28 19 36 37 9 13 13 25 26 18 27
63 16 37 26 7 56 31 13 72 31 58 62 52 31 31 35 52 17 22 39
13 5 13 4 5 12 8 1 14 12 13 8 11 5 1 11 6 9 1 6
12 6 22 15 4 9 6 5 20 12 7 12 13 12 7 4 8 7 7 6
20 8 8 2 4 14 16 1 17 11 17 15 13 7 3 11 4 4 1 3
29 4 18 1 3 20 17 6 26 14 24 20 25 13 11 20 15 13 1 13
43 40 42 24 36 31 50 12 28 27 32 34 40 25 21 17 16 43 13 34
25 11 22 6 11 17 15 1 20 12 14 13 21 10 4 20 13 18 4 14
73 39 44 30 34 53 59 24 55 31 52 62 67 24 29 37 40 50 28 51
40 21 49 25 18 29 35 26 44 40 16 40 41 17 11 16 32 38 24 36
52 33 62 27 27 46 42 14 54 34 33 44 48 22 29 19 36 47 26 49
27 14 21 14 12 19 25 6 20 17 20 24 28 11 10 11 10 18 11 15
23 9 13 9 6 14 17 1 20 12 16 16 14 11 7 10 6 9 6 7
45 27 39 28 19 36 34 7 41 33 30 33 25 10 15 15 33 30 9 33
63 17 57 17 18 43 45 14 57 37 39 49 58 27 30 43 44 43 12 40
25 17 25 16 9 24 19 1 35 20 8 28 13 15 15 9 13 12 5 12
33 8 21 14 4 24 18 12 35 14 24 25 27 25 13 16 22 7 9 13
67 36 54 22 31 45 55 18 49 33 45 55 63 28 28 42 39 49 3 46
61 32 56 35 27 49 39 12 55 34 40 45 50 33 31 33 46 37 18 41
54 33 57 24 18 41 50 27 45 50 33 42 48 20 10 16 48 42 21 51
43 35 48 25 32 37 51 13 39 37 33 45 44 25 27 26 22 42 9 31
16 11 6 5 11 9 17 1 8 14 11 8 11 11 4 12 3 11 4 1
23 15 30 21 10 14 26 17 29 35 15 32 32 16 8 3 21 23 15 19
61 46 50 30 40 45 52 22 43 33 35 45 60 32 35 27 30 50 27 44
58 41 40 18 23 46 47 10 51 30 43 46 51 34 17 16 23 32 19 38
17 13 19 7 13 10 14 3 11 19 10 3 16 16 1 13 3 17 4 2
49 35 45 14 25 40 44 14 42 40 33 40 46 29 8 27 22 38 6 30
37 12 40 21 12 27 27 8 43 18 17 35 34 17 21 15 20 23 9 24
52 37 51 43 22 45 47 16 55 48 33 59 48 32 32 27 39 36 31 41
76 47 63 45 43 57 62 30 66 51 55 67 75 38 23 37 54 63 25 61
59 44 63 35 38 40 55 30 50 52 21 39 47 30 24 19 44 59 24 51
7 3 14 4 4 1 10 8 7 15 2 7 12 10 1 1 7 13 5 7
38 15 24 22 11 25 19 4 38 23 25 28 26 18 7 17 19 16 13 16
52 13 44 18 11 38 47 27 52 44 38 50 49 27 8 28 33 32 23 36
31 17 30 7 14 16 30 5 22 22 16 18 26 16 8 19 15 26 1 19
31 11 21 4 9 17 26 1 14 16 26 23 34 8 8 20 7 21 1 16
34 11 30 10 9 11 29 8 26 28 17 24 27 8 5 13 24 27 4 24
34 24 37 20 21 29 33 5 39 21 22 33 28 19 24 14 11 26 12 21
60 39 55 39 30 46 47 32 60 55 39 55 63 39 21 14 53 48 34 53
45 24 48 43 19 40 21 17 52 33 27 30 28 31 25 27 53 25 25 37
17 4 15 11 5 10 9 3 19 7 10 11 7 9 4 10 8 4 5 7
15 6 11 2 1 11 9 1 16 10 6 7 7 11 1 4 1 5 2 1
35 25 34 20 26 27 23 16 33 26 20 17 29 33 4 28 19 27 12 19
44 28 43 30 26 28 40 17 35 45 25 29 28 28 15 27 36 39 6 27
13 7 19 4 4 13 13 4 13 10 10 10 13 5 4 7 5 11 5 8
6 4 14 5 4 1 8 2 5 8 3 2 7 7 1 2 9 10 4 6
30 8 23 21 5 19 20 5 32 16 22 31 27 12 14 8 16 13 12 16
45 38 59 38 36 32 53 35 41 55 27 51 58 41 41 25 50 55 34 46
24 10 11 7 9 15 16 1 17 9 14 14 17 6 2 12 9 10 4 11
43 18 36 10 15 27 34 3 35 26 27 37 40 13 16 21 17 29 1 26
49 18 44 24 13 35 42 19 50 46 36 53 51 22 16 30 39 34 22 35
7 1 7 1 1 5 6 1 5 2 6 4 4 1 2 3 6 2 1 4
8 1 8 3 1 2 10 1 2 2 7 8 11 1 6 1 1 4 2 3
70 45 61 22 31 52 66 11 54 47 54 58 58 26 36 29 38 54 13 55
7 5 13 7 5 5 12 5 4 8 6 7 12 6 7 4 8 9 7 6
17 9 26 15 6 16 13 3 28 25 12 19 13 20 10 14 16 10 9 6
31 7 24 14 8 15 18 1 32 15 22 28 28 14 17 22 21 17 3 19
55 39 51 13 29 34 57 13 30 30 37 44 53 14 25 27 26 49 10 42
35 23 28 9 10 26 31 4 33 19 16 25 27 19 8 6 16 21 4 22
21 15 25 12 8 12 25 7 18 25 10 22 20 11 5 6 12 19 5 13
42 24 27 22 16 27 33 10 39 31 28 35 40 29 14 16 19 23 14 21
45 14 42 30 14 39 23 19 54 32 33 40 44 37 22 33 42 21 21 27
43 29 30 10 20 27 43 4 30 25 29 34 37 19 21 21 10 31 1 21
57 38 52 42 37 41 39 25 47 42 34 31 44 30 21 28 49 48 25 47
63 41 34 23 30 42 55 10 32 29 49 43 46 20 24 24 38 42 16 44
31 25 28 18 19 24 22 9 30 30 20 19 23 26 2 18 16 19 8 12
26 14 19 20 14 22 18 6 24 15 17 24 26 8 4 4 19 20 16 22
19 20 14 9 10 13 18 4 19 25 13 13 20 21 1 5 15 13 7 12
56 43 66 35 34 43 63 20 43 41 40 61 52 11 46 29 43 54 23 52
51 38 57 33 34 36 46 28 47 44 19 38 47 36 25 12 39 48 25 43
38 27 40 28 23 34 29 16 36 21 21 32 41 15 14 3 18 32 23 35
55 32 33 32 35 44 34 19 48 28 30 32 50 34 5 26 29 41 28 33
30 10 21 20 15 21 29 7 27 13 19 37 37 1 10 4 15 26 11 26
26 9 18 4 7 13 23 1 16 12 19 20 27 6 7 13 8 15 1 15
27 11 18 16 5 19 15 7 29 22 20 23 27 15 1 3 19 14 12 20
75 34 62 26 28 55 50 26 57 36 52 49 70 44 34 44 56 49 24 56
23 20 28 16 20 20 25 7 24 29 14 21 22 22 9 21 19 25 4 13
32 17 20 9 9 24 21 1 35 21 12 22 18 21 9 14 12 12 1 7
11 10 17 17 11 6 10 6 17 20 5 13 11 16 8 10 11 12 9 4
38 9 40 14 4 23 32 10 37 28 25 42 36 7 13 17 28 25 8 30
14 2 6 4 4 6 5 1 13 3 7 5 9 4 1 10 4 4 1 4
15 14 18 11 12 11 19 7 16 13 8 16 18 13 9 1 5 14 9 13
52 28 54 25 26 38 42 34 49 29 17 37 53 38 28 15 41 42 24 46
31 10 37 13 11 15 33 18 29 29 3 30 33 12 5 14 19 33 14 24
53 19 67 28 19 44 40 23 60 51 29 50 50 23 23 33 49 48 30 49
47 25 35 39 29 39 35 11 51 25 29 46 43 26 20 24 27 35 27 29
65 37 56 44 30 49 53 27 59 54 49 57 53 27 16 31 61 49 28 55
12 5 5 2 4 4 11 1 8 8 4 4 4 10 1 5 3 5 2 1
22 13 19 9 10 11 28 9 14 23 15 20 23 14 9 10 11 19 7 13
12 4 12 1 1 12 6 1 12 1 7 6 5 1 1 4 1 2 1 5
19 18 26 18 14 15 16 11 24 25 3 14 17 20 6 1 16 19 13 14
8 4 5 4 1 6 5 1 10 6 8 6 3 4 1 2 5 1 3 2
48 31 46 36 25 36 36 8 48 36 23 44 40 28 21 19 34 38 24 36
25 14 30 10 14 18 15 7 26 14 5 10 23 19 3 14 15 21 7 18
23 11 32 19 9 13 22 6 23 26 20 31 31 16 20 21 15 21 9 15
27 14 43 21 13 16 23 13 27 30 15 24 30 13 8 11 31 29 9 28
34 20 33 27 10 27 27 15 44 42 20 39 31 35 19 20 32 20 17 19
44 21 43 14 7 32 36 8 49 44 28 44 34 28 18 29 38 27 9 29
17 9 20 12 11 11 9 8 20 13 11 9 12 17 4 14 9 11 10 9
67 24 49 24 20 54 40 20 66 39 52 50 51 42 27 52 49 32 9 35
24 17 34 22 11 16 22 13 25 23 12 26 30 20 21 7 20 23 14 20
13 10 12 4 9 8 19 1 8 14 11 10 14 11 5 10 2 12 2 1
27 9 26 16 2 24 15 1 34 18 20 29 22 9 5 9 14 8 6 12
40 14 34 5 6 33 28 9 41 21 28 34 35 17 14 20 20 20 3 22
49 24 34 15 12 35 38 13 47 28 26 40 43 24 12 10 20 25 12 29
7 1 8 9 3 1 7 1 9 4 4 8 5 4 3 3 1 2 3 1
33 5 17 15 9 15 24 7 25 14 18 23 28 8 3 8 28 24 10 26
36 16 30 14 8 18 32 13 24 25 25 32 38 13 11 11 19 26 13 26
48 35 40 9 18 34 48 12 35 36 30 37 44 27 10 15 24 33 10 34
11 8 10 4 6 9 15 1 9 9 7 11 10 5 4 3 5 9 3 6
29 20 20 8 20 17 22 5 20 14 9 10 21 23 2 17 3 21 4 8
50 33 41 7 19 41 47 10 37 42 41 38 45 25 9 32 31 38 2 34
74 40 39 33 32 61 48 18 71 32 52 56 59 40 18 35 45 36 24 43
20 8 17 9 8 12 17 1 23 7 9 18 15 9 11 8 7 10 3 9
38 24 33 17 12 29 31 13 41 35 29 33 38 32 10 15 21 19 14 22
13 15 3 5 10 7 13 2 7 18 9 6 12 15 1 5 6 10 4 3
55 24 38 18 13 40 38 9 49 30 44 46 46 27 25 33 30 28 16 34
31 19 15 20 15 20 18 9 28 20 13 17 23 25 3 10 15 15 16 15
31 25 34 29 21 28 28 7 34 32 18 34 27 28 17 25 20 23 14 15
59 43 57 43 41 43 52 24 48 41 35 48 62 31 30 17 44 55 32 56
44 18 42 24 13 27 31 13 40 33 31 36 41 33 25 31 37 27 13 26
41 17 28 25 21 30 29 8 38 12 26 33 39 16 16 12 19 28 20 29
25 16 19 6 13 12 22 3 13 19 13 7 16 18 2 15 10 20 4 8
41 8 40 22 17 35 24 7 39 24 31 34 38 12 17 29 28 30 21 32
18 12 12 1 5 14 18 1 13 10 9 10 7 5 1 5 6 9 1 8
51 17 46 18 12 40 29 11 48 25 35 33 28 18 25 32 42 25 1 32
24 9 16 6 8 14 11 1 24 17 15 12 14 14 2 18 10 12 2 7
67 42 50 40 41 47 63 28 52 42 51 67 70 31 29 36 42 58 20 49
37 28 27 10 20 23 34 8 21 30 22 15 27 29 4 20 19 29 6 15
44 29 48 13 24 32 41 18 31 23 29 38 48 14 24 22 22 40 14 39
69 45 64 28 27 53 60 13 61 57 41 55 47 32 27 33 46 46 11 48
17 6 17 5 6 8 10 2 14 12 7 4 13 13 1 10 9 11 4 8
58 29 21 23 24 43 43 10 49 30 44 44 49 31 11 26 25 29 16 26
59 31 54 20 24 42 43 10 48 42 30 37 38 24 15 32 35 43 1 34
57 18 36 20 17 29 40 14 41 29 36 36 48 22 16 26 37 36 13 38
5 1 3 1 1 1 3 1 7 4 3 3 3 7 1 1 1 1 2 1
17 7 7 3 2 12 13 1 17 9 11 9 4 13 2 6 2 1 3 1
54 34 39 24 30 44 46 33 47 39 36 38 51 54 29 33 32 33 24 27
30 16 15 10 8 19 16 4 26 18 19 16 19 20 1 12 12 8 7 12
39 13 22 20 19 28 26 11 30 22 32 30 40 15 2 24 24 29 16 25
41 28 32 23 13 32 34 8 40 35 31 37 28 38 28 31 28 17 16 17
30 17 39 23 13 16 31 22 30 38 12 31 34 12 7 7 35 34 21 33
73 54 54 25 31 54 64 19 57 50 47 52 60 45 19 24 39 51 25 50
23 10 5 7 6 13 16 1 24 13 14 16 12 16 5 11 9 6 1 4
15 7 16 10 5 8 8 2 18 14 3 8 7 14 2 7 7 8 4 2
55 47 38 22 31 41 60 18 36 39 49 51 50 33 27 35 35 39 8 37
41 15 44 15 12 27 43 23 38 38 24 41 41 18 10 20 20 34 19 30
40 15 42 12 12 20 35 21 31 28 21 31 42 21 20 26 28 33 13 27
19 11 24 11 6 15 16 6 19 19 13 17 17 9 2 9 7 13 6 9
57 39 45 34 35 48 45 28 55 27 42 46 51 42 37 28 19 37 29 38
30 2 13 6 1 17 13 1 27 5 28 26 23 4 11 15 15 7 3 17
25 13 15 15 10 16 16 5 22 18 16 16 18 14 1 11 10 13 11 9
46 8 36 21 7 38 29 1 52 32 36 45 34 22 26 33 34 18 15 25
8 4 15 9 5 6 10 3 13 10 7 10 6 8 7 6 5 6 5 2
46 27 31 38 29 32 32 23 44 30 26 34 43 35 21 13 45 34 30 37
57 44 69 32 28 53 51 22 57 41 41 61 57 29 41 32 46 47 26 52
54 32 56 32 22 40 38 19 51 52 32 38 34 33 21 35 47 39 14 36
33 17 40 17 7 25 30 3 31 32 19 32 22 11 9 13 26 21 4 23
31 19 41 21 14 17 35 17 28 31 20 39 38 13 20 12 20 31 13 27
50 26 39 15 13 26 51 17 34 38 34 49 50 16 18 23 35 39 16 38
32 23 38 14 22 24 24 10 27 21 14 18 34 19 7 19 21 33 11 28
10 5 17 4 4 3 15 4 4 11 13 11 19 6 8 7 2 14 4 9
9 2 9 1 1 2 12 2 2 13 1 6 9 1 1 1 1 10 1 3
45 28 42 13 25 25 46 15 31 32 22 30 39 26 13 23 21 41 8 28
36 19 34 4 14 21 32 6 27 24 15 22 27 15 4 17 14 28 2 22
71 42 69 38 38 52 62 42 64 61 39 59 72 44 18 39 52 63 33 56
41 31 42 21 22 31 43 18 34 28 27 40 47 18 21 5 14 36 18 34
36 17 41 10 11 19 35 3 25 20 22 30 28 7 18 13 22 28 1 31
52 37 62 42 34 39 43 26 54 40 22 44 48 35 27 17 38 50 30 49
46 17 35 21 10 40 21 12 49 26 35 33 43 26 13 23 34 22 18 29
50 22 14 21 23 37 30 10 44 13 28 33 36 23 8 22 26 25 15 25
23 15 32 16 13 17 25 5 25 27 12 26 26 16 13 14 9 21 7 10
22 18 26 21 13 20 18 11 30 26 12 20 16 25 12 11 19 15 14 12
9 4 11 5 6 2 9 3 11 10 4 4 9 12 3 7 4 10 5 1
15 4 29 16 2 15 8 3 26 18 5 17 11 14 9 12 10 9 8 5
46 40 32 21 25 28 49 11 28 38 41 38 43 30 14 23 31 36 5 31
20 13 23 11 13 10 17 8 11 20 11 8 22 14 1 14 14 21 8 15
36 20 44 26 11 27 30 14 40 36 16 39 34 15 9 9 33 30 19 32
44 32 45 42 18 44 30 14 57 45 25 48 40 37 20 14 39 26 32 35
65 43 56 29 33 53 54 20 52 48 56 57 66 30 33 43 44 50 24 45
67 44 53 18 17 55 50 19 65 35 47 53 52 40 26 28 42 37 23 48
44 24 35 23 15 33 28 12 45 27 34 39 39 30 24 27 32 22 13 25
51 50 54 38 32 49 53 20 49 53 41 53 47 46 35 38 38 38 27 34
17 6 12 10 8 9 15 1 16 9 16 16 16 8 9 13 11 8 5 10
63 45 39 24 31 47 51 19 46 40 40 45 63 45 27 26 38 41 21 39
20 15 30 14 15 8 27 18 16 26 14 21 33 16 13 11 14 29 14 21
31 20 30 7 17 14 29 6 19 21 6 13 26 20 5 13 14 30 3 19
35 19 43 23 16 20 36 15 29 32 19 26 23 17 20 16 30 31 8 28
52 22 38 24 2 46 25 9 61 32 39 45 34 33 17 22 48 13 20 31
13 4 10 4 4 6 9 1 13 5 4 5 4 8 2 7 2 6 2 3
37 22 20 16 18 21 23 4 22 23 25 12 18 17 2 16 22 21 8 20
22 7 24 13 7 16 10 4 27 11 9 15 13 14 6 13 14 9 6 11
25 15 16 3 5 13 28 1 18 16 19 20 17 12 11 7 13 15 3 16
60 42 51 43 39 48 44 17 53 43 38 40 39 27 21 28 43 46 19 42
62 34 59 28 19 48 47 14 57 55 42 53 59 28 15 26 52 46 23 52
9 1 4 1 3 1 6 1 5 4 1 1 4 8 1 4 1 5 1 1
14 5 11 13 2 10 10 1 16 8 10 17 11 2 5 2 12 4 6 10
66 47 53 20 26 49 58 23 51 54 43 41 46 44 16 29 42 44 10 38
39 17 33 13 11 13 39 10 23 24 19 31 34 10 11 7 24 32 9 33
23 11 17 8 11 15 19 4 22 12 9 16 20 17 11 12 7 15 4 8
49 32 44 38 34 36 43 21 42 36 37 45 58 28 18 25 35 46 20 39
11 8 28 18 7 11 11 8 19 20 5 17 15 12 9 7 15 14 10 11
14 12 14 18 14 9 12 11 14 14 7 11 20 15 7 4 18 14 15 15
26 10 21 13 8 16 10 3 24 14 13 13 22 13 1 10 10 13 9 13
32 18 23 12 12 15 31 9 23 26 19 27 33 18 6 8 13 22 8 19
7 6 15 9 8 2 7 6 9 14 1 3 11 13 1 3 9 13 7 7
35 16 26 11 8 20 29 1 28 19 27 32 30 10 16 18 14 18 3 17
72 40 68 31 29 53 61 19 60 35 55 73 66 12 43 32 48 55 22 64
50 39 49 23 33 40 46 27 41 31 27 42 54 34 37 23 34 44 22 37
26 13 10 5 10 7 25 1 10 8 14 16 22 14 10 12 3 15 2 10
54 38 28 25 27 43 41 12 45 31 37 41 47 32 9 13 27 31 24 35
15 3 8 3 1 11 7 3 18 4 6 7 6 11 5 8 11 2 1 5
58 27 56 22 6 45 42 20 59 42 43 60 56 36 27 28 47 27 18 39
16 11 26 12 11 14 21 2 19 11 12 23 20 4 17 4 8 15 5 14
8 5 15 6 5 5 11 2 9 10 6 8 10 8 4 5 3 9 4 2
40 25 40 15 10 28 36 16 36 33 30 37 42 24 15 12 25 25 12 31
17 13 17 10 12 9 24 3 12 16 12 16 17 13 11 11 12 16 5 11
52 33 52 25 25 41 45 31 49 27 29 43 49 40 40 21 44 36 24 46
64 46 51 23 26 42 62 20 40 51 51 45 51 28 19 25 41 45 12 49
32 13 28 23 6 21 26 9 39 38 19 40 33 20 8 10 27 20 16 19
33 26 40 19 15 25 34 14 27 31 19 28 33 15 9 3 24 28 12 30
23 7 32 7 7 15 19 6 21 18 12 21 24 7 7 17 13 21 3 16
13 6 12 9 6 6 14 3 14 6 6 12 9 10 7 5 4 7 5 5
11 9 16 17 5 8 12 6 18 16 12 20 13 9 10 1 10 7 8 5
57 38 58 29 20 41 52 14 59 47 29 56 48 34 24 19 36 38 22 42
65 31 36 22 22 44 46 11 46 20 52 52 52 19 20 32 42 38 20 47
34 19 21 23 18 24 24 7 29 26 27 25 32 20 5 14 19 23 17 17
24 17 29 23 17 17 16 12 27 22 11 18 23 20 10 13 22 18 14 19
65 28 60 38 28 55 46 25 69 26 46 60 62 41 44 39 37 36 27 47
20 15 20 14 15 14 12 11 20 14 5 7 16 21 1 10 13 17 13 13
16 8 13 9 8 7 18 1 16 17 11 16 14 11 11 10 4 10 1 2
35 22 33 11 17 27 32 18 32 27 17 25 36 25 14 12 16 28 11 22
14 4 9 1 6 4 9 1 11 9 4 1 10 14 1 12 1 10 1 1
33 22 33 20 11 29 26 1 40 20 15 33 16 14 18 12 19 16 8 20
67 48 63 31 41 51 70 38 52 59 41 57 72 38 24 34 35 64 28 50
31 19 34 14 14 22 32 5 32 28 14 31 25 16 15 12 13 24 5 17
17 1 13 10 1 8 10 1 21 6 10 16 9 7 8 7 4 1 1 3
38 20 32 16 20 28 28 7 27 19 21 25 38 15 8 21 20 29 12 28
10 4 4 2 2 6 8 1 9 7 7 5 1 4 1 5 1 2 1 1
23 16 34 23 6 29 22 5 34 25 22 33 14 18 23 23 21 7 17 15
68 31 62 41 26 49 58 32 60 49 50 66 66 22 19 32 60 57 36 64
19 5 14 1 2 10 20 3 13 13 11 16 16 6 5 5 5 11 1 9
69 39 64 31 32 48 55 23 56 32 44 52 68 42 38 36 42 49 20 50
30 6 24 5 6 19 19 1 24 12 19 20 23 3 8 22 20 19 4 21
11 12 21 13 10 12 13 11 12 14 12 12 19 12 9 6 12 14 13 12
7 1 11 5 1 2 11 2 5 7 5 11 15 1 2 1 3 7 2 5
60 30 49 37 24 50 41 13 60 45 49 60 60 34 22 37 40 41 25 38
17 3 11 12 4 9 7 1 22 11 10 13 13 9 3 7 6 8 6 6
42 31 26 26 24 28 37 10 27 29 27 30 38 20 11 5 31 32 20 35
31 6 30 21 7 28 15 1 38 23 25 33 26 14 17 28 32 16 14 21
63 57 58 25 39 55 60 24 49 55 44 44 58 46 16 23 46 51 22 49
32 29 34 25 24 26 30 10 36 31 15 30 29 27 17 14 21 27 14 21
48 34 44 35 28 42 37 13 51 27 36 46 48 25 22 15 28 33 25 39
16 7 25 10 7 12 14 5 23 16 7 15 13 10 8 10 8 14 1 9
22 10 31 20 10 17 15 12 24 22 15 21 28 11 5 9 18 18 13 19
20 10 20 22 12 11 13 11 27 18 13 19 25 22 13 11 21 15 14 14
55 35 48 8 21 42 58 21 43 48 34 46 54 27 7 26 30 42 14 38
26 17 21 13 12 12 28 13 22 29 16 24 31 22 8 6 13 22 10 16
19 1 8 3 2 11 9 2 19 2 14 9 12 12 8 14 9 1 2 4
65 44 49 46 46 50 47 25 53 34 34 37 53 35 26 20 47 55 31 53
47 27 25 16 20 30 34 7 34 20 29 30 41 25 17 20 17 27 11 23
62 31 48 25 19 50 43 15 57 36 57 58 59 25 33 39 49 36 25 49
64 35 64 25 14 51 49 17 64 44 41 63 58 23 19 17 46 43 24 56
65 37 38 27 31 49 50 14 57 28 47 50 53 37 29 30 26 35 13 32
70 29 47 31 32 49 51 35 56 35 49 51 72 42 20 39 48 49 29 50
58 42 48 30 24 49 52 7 58 35 42 59 44 36 41 30 26 31 19 36
63 20 62 30 18 49 41 26 62 44 47 50 57 30 32 34 59 42 23 51
10 6 3 1 6 1 17 1 4 10 10 9 13 7 7 5 7 11 1 7
44 14 46 19 12 39 30 17 52 26 24 39 35 29 28 30 32 22 10 27
42 25 34 18 19 28 32 5 31 23 22 27 36 14 5 14 18 32 11 29
27 11 3 11 9 15 23 1 18 13 23 23 22 8 6 7 16 11 7 15
46 29 41 28 27 36 29 10 34 18 24 26 36 13 12 13 36 35 18 44
62 47 51 45 27 51 56 20 58 51 45 65 61 43 30 25 59 44 38 54
30 15 11 14 9 25 21 1 29 9 20 29 23 8 7 1 16 10 10 21
36 16 29 12 16 26 26 1 29 12 23 27 37 8 9 17 10 25 5 21
54 19 39 30 20 32 42 15 48 38 36 47 47 25 13 26 38 38 20 33
56 28 30 24 25 38 45 22 45 39 37 43 57 35 11 22 34 39 23 33
40 28 28 29 29 28 35 18 24 27 30 36 51 22 22 16 31 39 27 34
48 31 45 26 22 37 41 7 46 28 28 40 33 32 34 24 28 30 16 28
40 19 28 21 21 27 27 15 41 27 30 28 34 34 19 35 24 22 1 10
61 40 45 12 21 45 46 8 52 39 39 42 47 32 10 27 31 37 8 36
50 37 38 34 16 44 40 11 55 46 38 54 42 42 22 20 42 24 31 34
12 4 9 1 1 12 12 1 12 5 13 11 6 1 2 6 1 1 1 3
50 38 45 24 27 38 44 19 46 43 25 40 50 35 14 14 30 37 18 38
49 21 51 36 18 40 26 19 57 45 30 45 47 36 23 35 47 33 26 36
32 26 37 26 26 23 29 21 30 32 13 23 37 29 14 12 24 33 21 27
9 1 8 10 1 1 4 1 16 4 4 10 4 7 6 3 3 1 3 1
50 40 43 38 28 40 44 20 47 44 32 43 47 34 19 4 44 38 29 43
64 42 50 33 38 45 50 20 50 21 45 50 59 36 38 36 24 44 26 47
44 20 41 24 20 35 26 8 34 20 32 29 37 8 12 15 37 35 15 42
10 2 5 8 1 6 8 1 13 5 9 13 8 2 2 1 4 1 3 2
14 3 9 10 2 9 14 3 15 13 14 19 19 4 4 1 10 9 7 10
37 18 31 1 6 26 42 10 30 26 23 38 38 6 12 8 12 25 5 28
73 50 67 40 29 60 57 27 75 67 40 62 63 56 22 35 56 47 34 51
20 13 26 14 10 15 15 5 23 17 11 17 19 10 4 7 8 15 7 11
47 15 28 11 9 35 28 5 45 26 35 33 35 23 17 32 27 21 10 22
55 33 51 31 32 44 47 17 54 42 37 51 51 35 27 39 27 40 8 31
47 27 48 23 23 30 46 18 44 44 23 46 47 25 19 22 24 40 17 28
27 11 23 15 1 26 21 1 36 21 21 30 11 23 20 18 19 1 9 10
41 20 39 33 22 37 21 21 41 25 26 33 45 23 14 13 38 32 30 39
39 26 46 16 23 22 46 25 25 41 15 28 41 21 9 17 34 48 21 40
19 12 14 9 10 9 19 2 18 14 8 15 10 14 7 9 4 10 4 5
9 7 12 15 9 4 5 6 12 10 1 5 13 12 1 1 8 10 10 7
12 4 11 8 2 4 13 2 10 4 8 10 12 5 6 2 12 7 5 10
23 18 27 11 14 22 24 4 24 13 14 21 20 5 11 6 10 21 7 20
29 6 26 17 6 21 12 1 37 21 20 28 21 19 14 25 19 12 8 10
51 35 30 2 15 37 45 8 37 32 33 29 37 34 13 18 28 27 7 26
69 28 49 28 30 51 53 26 58 34 48 60 69 23 16 38 42 55 33 52
68 42 44 32 33 57 49 30 64 41 41 50 61 55 28 31 44 36 28 41
21 9 18 4 1 14 14 1 18 11 12 9 10 8 1 6 10 9 3 10
27 20 12 5 11 17 24 3 18 25 14 12 19 25 1 12 10 16 5 8
65 42 52 43 26 52 52 9 59 43 46 56 44 35 37 36 46 34 28 46
33 26 32 26 21 24 25 13 31 26 15 23 27 20 9 12 26 25 18 26
31 9 29 10 8 16 24 4 26 11 17 25 30 10 8 12 14 19 5 23
47 33 40 25 17 35 43 4 43 44 30 39 31 38 19 29 30 26 11 20
17 8 12 3 8 8 14 1 13 9 6 6 10 10 3 10 2 11 1 4
34 20 35 12 7 22 33 20 36 40 20 34 34 22 2 10 22 25 17 24
27 19 34 19 16 16 29 13 22 22 22 31 31 13 26 19 23 26 13 22
34 18 34 26 18 26 23 14 38 22 19 28 36 24 18 13 22 23 18 23
20 7 15 5 5 10 17 1 17 4 18 17 17 10 15 15 6 11 4 11
39 16 33 20 17 21 37 11 31 23 20 39 43 9 13 10 24 34 15 34
22 16 27 12 5 15 24 11 26 30 13 26 23 19 6 2 16 16 7 15
39 2 27 13 4 23 22 15 34 18 16 29 34 6 1 14 22 24 18 28
33 26 32 19 18 16 34 10 25 25 20 28 33 19 15 10 22 30 13 28
42 34 31 22 28 28 39 14 28 31 30 33 46 28 13 20 18 36 13 26
25 13 17 9 7 18 22 1 27 25 20 22 18 19 9 15 12 9 1 4
36 32 33 18 18 26 35 12 34 37 17 25 32 34 11 9 30 27 13 25
53 33 64 39 27 45 53 33 60 57 23 60 57 34 29 24 39 49 35 43
35 16 15 11 10 18 25 3 21 10 22 24 28 17 13 16 14 15 8 17
67 33 60 43 33 57 52 22 69 41 48 71 64 25 33 31 36 51 33 54
23 17 34 18 17 19 18 7 23 27 14 16 24 22 9 23 14 22 11 11
15 5 18 5 6 9 11 1 13 8 11 9 15 8 2 13 5 10 3 6
46 17 31 14 10 28 30 4 34 15 32 33 39 18 17 26 26 23 8 27
22 13 13 10 7 9 23 1 14 17 18 20 23 11 6 6 9 13 5 11
53 20 50 10 17 31 47 13 32 36 30 37 49 9 15 27 36 47 13 44
41 23 53 27 19 31 29 15 47 38 14 39 37 27 18 25 26 33 18 29
51 31 37 18 8 43 35 13 44 28 45 44 43 24 11 15 42 24 23 43
16 9 11 5 3 9 12 1 14 6 6 9 6 6 1 3 11 8 3 11
59 28 50 37 28 44 43 25 62 40 36 57 60 27 16 25 41 45 30 45
8 7 12 5 5 2 11 2 11 18 3 8 9 10 1 3 3 11 2 1
39 6 13 17 10 24 23 8 33 6 27 27 35 14 10 18 23 19 13 22
24 13 21 1 5 18 22 1 19 19 22 17 17 8 3 12 18 16 1 17
39 34 33 10 12 33 32 13 36 29 21 26 31 31 7 6 29 24 16 31
70 51 48 36 40 61 48 18 62 41 44 51 62 43 18 17 37 43 33 50
10 7 9 1 6 1 13 1 7 14 5 4 11 11 1 5 6 13 2 4
48 25 28 30 26 37 32 19 45 33 31 33 48 36 12 20 29 32 23 22
32 23 32 16 17 21 31 21 25 35 15 18 28 24 11 6 32 32 13 28
37 22 36 18 21 24 31 12 28 21 20 29 46 17 14 15 21 32 14 34
48 35 39 21 29 34 37 17 35 34 27 25 38 35 7 27 30 36 11 29
22 9 10 10 8 13 16 1 20 9 12 17 16 10 6 7 8 10 6 11
13 9 15 6 7 7 17 5 7 10 12 13 17 10 9 4 6 12 7 10
29 25 27 14 12 25 27 13 33 32 28 26 31 29 8 9 20 18 16 19
66 29 58 19 27 44 51 23 48 30 37 38 54 34 26 34 39 44 12 45
28 16 33 12 14 14 31 4 25 20 14 28 29 15 20 14 6 25 4 16
10 1 16 5 3 4 14 6 13 14 5 13 13 9 5 4 9 12 3 9
32 10 35 6 9 20 31 14 31 25 18 31 32 10 9 18 19 26 8 24
26 19 21 9 19 18 26 9 20 16 12 16 27 24 14 15 16 23 9 17
11 8 7 2 4 8 16 1 9 12 10 10 8 9 4 4 1 6 3 1
24 4 17 15 4 18 13 6 23 14 22 24 26 4 5 8 17 14 12 18
68 54 74 43 40 66 56 22 68 55 44 57 52 40 39 28 57 53 33 62
34 23 35 12 19 22 32 9 26 15 21 30 33 17 25 21 21 28 10 25
60 17 51 36 12 50 38 8 67 46 45 61 49 28 28 39 53 35 30 43
59 25 47 17 13 43 42 9 57 34 37 53 51 19 15 19 29 33 14 41
44 28 42 39 23 37 27 9 51 28 20 39 33 34 27 26 33 25 27 30
11 6 13 8 4 9 8 5 9 6 8 7 8 6 4 6 9 6 7 8
60 22 43 23 2 53 32 15 66 27 49 54 45 36 23 27 51 15 19 38
16 6 8 10 1 11 8 2 18 9 12 13 9 7 1 3 7 3 6 4
62 35 51 32 35 49 42 15 56 33 38 47 60 34 28 30 30 45 26 43
60 37 42 44 33 54 41 22 67 37 37 52 56 42 21 27 43 39 32 38
56 25 43 14 13 44 40 16 49 32 42 34 32 30 24 33 43 23 4 33
23 14 24 13 8 16 23 9 23 23 16 22 20 15 7 9 5 16 8 9
12 5 11 7 3 8 12 1 12 8 6 13 12 2 1 1 2 8 2 5
14 8 21 11 7 11 14 4 16 12 6 16 15 4 7 5 5 13 5 9
9 1 13 14 1 6 3 1 17 9 8 15 8 2 6 3 9 2 4 2
64 38 68 24 27 42 54 25 52 41 37 58 61 20 33 26 48 55 21 58
12 12 15 13 7 10 9 6 14 15 5 9 13 10 1 1 7 10 8 7
55 42 59 43 28 49 45 17 54 44 37 57 54 36 40 35 41 37 32 44
31 20 39 27 16 32 15 11 44 26 10 26 23 28 17 19 24 18 18 18
26 19 27 16 16 16 25 1 24 23 7 20 16 18 13 14 21 22 5 16
33 23 31 14 22 24 27 10 25 25 22 20 36 24 6 19 17 27 9 20
8 1 17 6 5 6 11 6 12 12 5 9 11 5 4 7 4 12 4 6
41 25 46 16 17 29 32 9 32 24 34 34 33 15 24 26 38 32 11 37
10 8 5 3 6 7 17 1 9 12 13 13 10 8 8 6 3 7 4 3
