1000 20 13 1617
17 3 13 17 8 15 14 5 1 7 7 5 8
5 13 8 0 5 6 13 1 14 11 10 7 1
4 1 11 4 0 6 4 2 7 2 8 3 2
4 2 1 6 26 7 8 3 9 7 10 9 2
25 3 10 1 3 3 4 2 1 15 4 6 4
12 0 6 7 10 9 3 6 9 8 5 7 10
2 5 20 11 14 20 7 7 8 1 14 1 1
2 0 3 4 2 16 3 5 5 2 5 2 7
13 1 2 4 14 1 2 11 9 4 2 10 6
1 2 3 10 7 3 8 8 4 5 5 4 3
4 8 6 1 3 16 4 11 5 10 6 23 2
3 5 3 4 4 5 0 5 2 2 1 1 3
1 1 4 2 4 11 3 1 8 2 0 3 3
2 6 11 0 7 1 9 6 6 12 1 14 2
9 4 0 2 23 1 14 5 6 4 11 0 16
2 7 5 4 8 11 2 3 9 5 1 5 11
11 11 3 18 9 21 8 3 9 10 1 13 8
2 5 1 1 19 3 0 17 4 3 3 6 6
4 1 2 3 7 6 13 2 1 12 21 14 0
0 1 7 5 10 8 8 3 5 5 4 1 1
8 6 9 7 6 5 14 7 8 10 18 2 11
18 1 8 22 5 6 4 7 6 3 3 7 1
1 0 3 10 4 4 14 2 9 13 0 13 4
5 2 2 2 0 5 2 2 6 2 3 2 5
19 13 10 22 10 5 0 1 4 13 8 0 1
2 5 5 9 2 3 9 18 9 4 1 15 6
2 8 6 5 5 0 1 1 1 2 3 1 2
4 6 3 2 4 7 2 0 1 4 3 2 3
8 11 5 5 3 7 6 10 10 5 1 4 6
14 8 1 10 9 6 10 2 5 1 0 2 7
4 5 4 3 2 5 5 6 5 10 12 1 4
8 2 1 0 5 1 4 3 2 1 14 4 5
15 12 5 2 4 8 2 8 6 3 6 3 1
7 14 13 20 5 6 4 13 3 2 5 3 6
7 1 3 5 3 3 7 2 23 25 2 4 2
7 3 2 2 0 7 2 1 2 10 4 5 5
2 2 5 1 2 0 3 0 2 3 6 3 1
2 5 13 5 7 1 3 11 6 2 6 7 6
7 7 19 2 5 13 3 3 1 10 5 10 2
16 14 12 14 4 6 11 7 13 8 8 11 8
1 3 5 4 5 0 1 2 2 3 3 0 1
9 11 9 9 13 1 15 5 2 4 9 1 3
9 13 1 9 6 10 1 5 1 16 1 14 8
5 0 12 4 16 1 13 4 14 1 1 1 4
4 5 7 24 3 10 7 1 7 18 1 6 0
6 8 19 0 5 13 5 9 5 4 2 8 4
3 3 1 5 8 16 3 2 12 2 2 3 16
6 2 2 13 15 2 2 16 11 7 2 9 18
3 3 9 9 6 6 5 9 6 15 2 1 6
3 4 4 3 10 3 24 10 16 6 12 8 3
10 0 11 3 9 3 4 0 13 16 3 12 5
2 1 5 11 9 10 11 5 4 1 10 2 12
2 1 7 2 3 3 2 10 0 4 2 1 0
4 18 9 4 12 5 6 5 4 8 1 4 7
6 1 3 6 4 1 2 9 1 3 8 0 8
16 4 3 0 9 3 10 5 6 10 5 1 10
3 0 12 15 4 8 6 1 5 13 7 15 6
0 15 6 3 20 7 0 17 14 4 7 1 4
3 0 0 0 3 6 14 15 1 7 1 9 7
3 0 14 12 9 13 1 10 9 8 5 2 15
11 7 5 1 0 1 5 0 2 12 2 5 1
4 6 8 15 4 4 9 3 5 2 15 3 15
1 24 2 6 12 11 9 8 6 11 2 1 1
2 3 5 2 1 0 4 3 8 3 0 3 1
8 11 6 11 17 7 5 1 8 4 6 10 12
3 4 1 4 1 5 3 1 0 5 0 1 3
9 0 12 6 0 5 3 2 5 6 4 5 5
1 5 5 2 2 5 4 1 1 4 5 1 4
10 2 17 4 5 15 14 1 8 4 8 8 2
1 5 3 2 3 4 6 4 8 1 0 1 1
3 7 18 5 1 0 3 5 4 14 8 8 12
0 1 14 2 5 4 5 22 3 6 3 0 7
1 5 4 2 1 1 1 5 8 3 4 0 6
2 2 8 0 9 13 15 1 2 20 2 3 6
2 7 9 15 13 7 0 4 15 11 21 8 10
2 2 2 2 5 7 1 5 0 3 4 5 1
12 13 5 10 1 10 6 14 17 7 7 9 7
3 1 14 5 1 16 13 12 7 10 2 17 1
14 9 10 6 16 4 7 1 10 3 5 11 0
2 2 2 10 7 2 1 1 5 1 4 3 7
0 2 1 4 5 3 6 4 7 6 1 4 1
2 6 3 2 19 0 11 6 5 5 5 11 4
11 7 5 7 4 7 1 1 2 10 3 8 2
14 9 3 3 10 4 0 9 4 7 10 8 1
1 5 9 20 5 6 6 2 2 3 14 8 5
5 0 3 0 1 6 2 3 5 5 1 3 0
10 0 4 11 2 15 6 3 4 2 4 6 9
2 5 7 0 3 3 1 3 1 0 5 2 2
9 1 5 19 4 2 3 3 5 7 3 3 1
8 1 6 11 14 8 2 9 4 8 10 16 3
1 5 4 1 4 2 3 7 2 2 2 0 4
1 1 3 2 7 2 2 5 0 5 0 0 2
3 8 8 6 9 12 3 9 11 2 5 2 10
1 3 8 0 1 3 5 3 3 5 2 1 2
4 2 13 4 2 7 6 3 7 9 2 12 2
14 9 5 2 11 2 1 1 0 4 1 13 2
2 3 1 6 1 0 1 6 2 2 2 2 2
6 1 1 12 3 3 5 16 22 7 5 2 4
4 9 5 7 2 2 6 2 8 1 11 9 0
10 5 5 4 7 1 8 12 1 12 1 2 9
2 7 3 3 7 3 8 2 7 0 7 0 1
20 3 6 5 1 5 5 4 10 6 19 6 22
7 4 6 4 0 8 6 9 1 2 2 4 8
15 15 4 12 3 4 0 4 3 9 3 19 9
3 21 6 2 8 7 11 8 3 7 13 2 4
5 4 14 0 12 15 15 6 11 14 1 17 6
3 1 8 10 8 12 0 3 13 9 9 8 12
13 4 11 12 16 2 1 11 5 14 2 3 1
11 5 6 2 1 12 9 2 4 5 20 19 2
14 4 1 2 2 15 1 3 4 6 8 3 25
4 9 4 14 3 3 6 19 0 10 13 6 7
4 4 3 4 4 5 9 6 3 23 18 15 1
18 13 3 10 7 5 19 18 5 13 2 5 0
7 8 4 2 3 7 8 9 14 10 10 3 22
5 2 2 4 0 7 8 1 3 4 5 7 6
5 4 8 13 11 1 6 6 7 2 19 4 8
1 4 13 10 2 2 20 4 1 10 6 6 6
8 1 5 15 9 0 5 1 25 4 8 3 6
7 2 1 4 10 13 1 1 6 10 3 21 3
5 4 8 7 0 2 6 1 2 13 10 5 1
7 4 2 5 9 8 7 0 17 11 9 3 5
2 4 2 7 4 3 0 6 1 2 1 1 3
2 1 0 6 1 2 2 7 10 6 3 5 5
1 2 4 3 0 1 2 5 1 5 1 2 3
5 3 3 5 1 3 2 1 4 0 3 1 0
7 1 8 1 12 1 3 0 14 11 13 2 8
4 5 2 3 9 10 2 9 2 3 1 1 14
6 6 16 10 2 2 1 11 7 7 12 0 1
3 3 0 3 18 12 15 1 7 1 4 5 2
2 4 0 4 7 1 6 1 3 9 5 7 1
7 3 1 21 2 3 6 5 6 2 13 2 8
3 1 4 2 3 11 0 2 8 5 8 1 6
9 2 3 2 0 4 11 1 16 8 5 1 5
9 2 2 3 2 6 3 13 5 11 3 0 2
2 7 2 19 4 2 10 2 6 4 10 4 3
6 3 3 2 2 1 5 8 1 6 1 1 1
10 1 16 7 9 3 4 10 10 17 0 6 1
6 1 8 2 2 19 4 11 2 9 11 5 7
2 4 3 1 2 4 0 10 2 10 6 6 5
7 3 2 1 1 3 3 5 0 1 3 5 4
6 5 7 4 6 3 4 24 8 22 2 7 4
7 13 2 3 7 2 0 6 12 6 0 2 7
2 11 1 3 2 9 11 9 1 4 1 3 1
4 4 3 8 6 0 2 9 3 10 1 2 3
5 1 2 4 15 23 7 13 11 7 7 6 1
10 0 5 7 4 2 7 3 5 3 4 2 0
8 3 3 5 5 4 5 0 1 1 5 5 3
2 13 4 4 1 5 8 7 2 8 1 8 1
6 0 3 5 3 4 1 2 4 4 3 0 1
17 1 2 4 9 5 4 2 8 7 8 13 2
10 5 14 3 7 1 3 22 4 3 3 5 3
2 2 5 6 0 9 7 4 2 14 11 3 3
2 14 1 4 16 4 4 8 5 5 2 2 2
0 7 6 4 4 3 0 2 4 4 4 4 4
6 9 3 4 8 7 4 13 5 4 2 11 11
1 1 3 4 3 3 3 3 2 4 9 4 3
2 9 0 5 1 1 0 3 2 5 11 3 9
5 4 1 7 1 8 1 6 6 2 2 1 11
2 4 2 1 3 2 2 1 2 3 2 8 4
6 11 10 3 3 3 0 2 1 3 3 4 8
3 10 9 9 11 3 8 6 7 2 11 8 11
14 6 8 5 8 3 20 1 9 15 6 13 1
11 5 10 8 4 2 0 6 4 2 11 7 8
0 3 5 12 8 0 6 6 1 6 7 14 16
10 12 1 4 6 0 2 6 6 6 12 6 15
0 3 2 4 3 16 12 9 11 26 2 5 7
0 10 4 7 2 3 8 3 5 3 4 1 10
10 8 6 8 2 10 4 9 13 4 8 3 9
3 0 8 3 1 2 5 1 4 1 2 2 1
13 2 5 3 6 17 5 9 6 13 11 9 3
6 1 8 13 4 9 4 8 21 8 6 14 8
5 7 9 2 10 5 17 10 5 4 16 4 11
7 6 5 1 6 2 1 6 1 1 3 2 1
7 3 3 14 4 2 6 1 12 3 7 3 1
2 2 4 10 3 13 0 2 5 5 4 9 0
7 4 7 6 1 18 14 7 6 1 2 23 5
3 1 8 9 3 3 2 1 2 1 3 0 3
3 4 1 5 5 3 6 1 5 1 2 1 1
0 4 9 6 5 3 7 10 6 2 4 4 0
3 6 3 3 0 2 1 3 4 1 4 3 3
8 1 14 4 5 11 6 6 4 14 4 11 20
5 10 20 5 7 11 5 13 19 16 3 1 0
6 3 5 6 5 5 6 1 5 0 3 8 4
7 5 6 2 1 8 9 1 2 3 3 12 9
4 6 3 6 1 7 3 1 5 2 1 2 5
1 4 4 3 2 7 0 6 4 1 4 1 2
5 12 4 2 3 5 3 6 0 0 1 2 1
5 3 1 0 0 4 8 4 5 10 11 6 2
5 4 7 2 8 6 25 10 10 6 13 6 4
12 16 11 7 9 8 3 5 8 9 0 21 6
1 3 14 6 2 8 1 4 4 12 12 10 6
2 4 6 1 1 2 7 7 14 13 7 3 5
8 8 3 24 5 11 11 7 11 0 2 18 6
1 2 0 7 4 5 2 1 3 4 1 6 0
4 2 1 4 4 3 1 3 7 4 1 3 5
4 2 3 3 6 9 1 4 1 0 5 3 0
1 8 11 15 5 19 3 16 6 16 6 14 1
0 8 13 3 2 4 13 2 6 6 6 4 12
7 5 6 13 8 5 8 2 8 3 4 4 11
10 5 3 12 8 2 4 5 14 10 14 16 17
11 1 3 6 1 6 16 10 2 7 17 13 3
0 5 1 11 6 5 10 6 8 1 12 3 0
11 6 2 1 4 1 7 5 5 2 8 2 5
2 4 3 10 8 4 9 2 2 15 4 8 9
4 6 3 3 4 3 6 2 2 4 11 2 11
3 1 9 4 1 8 10 13 0 0 4 1 12
4 2 14 2 3 9 1 11 6 20 1 1 5
2 18 2 0 1 9 1 1 5 3 1 0 6
3 10 1 2 1 0 8 1 6 2 5 4 0
3 9 1 5 3 0 4 4 1 3 15 4 12
4 21 5 8 4 1 3 15 0 10 6 0 3
5 14 9 3 13 3 3 5 4 8 22 5 11
11 3 9 8 11 15 8 1 7 2 4 8 7
6 4 4 18 6 12 13 6 2 13 7 11 18
8 6 12 15 5 8 5 16 4 14 2 17 0
3 3 5 11 14 1 4 7 5 11 1 2 6
1 2 2 3 3 4 0 4 2 1 10 0 15
6 2 1 0 2 12 0 9 6 5 3 2 7
3 8 1 0 9 5 3 3 2 1 6 2 4
8 17 13 15 8 12 5 15 5 5 11 2 0
5 10 6 17 10 8 2 7 6 8 4 17 2
21 6 5 3 8 1 16 21 1 5 12 7 2
27 15 14 12 1 2 1 7 3 6 1 5 3
3 0 4 2 13 4 1 4 19 3 1 13 4
14 0 0 1 8 5 2 2 1 10 4 8 4
9 5 5 0 7 3 6 1 4 10 2 6 2
6 12 4 1 6 12 5 1 4 25 4 2 12
11 23 6 9 6 8 8 8 6 8 13 0 3
1 9 0 0 4 8 2 9 1 0 15 17 6
6 0 3 4 7 2 7 2 13 15 2 12 5
9 10 3 10 1 2 2 4 1 3 8 2 10
2 1 6 2 5 1 5 2 1 0 6 4 1
1 6 2 7 3 4 2 4 2 4 7 1 0
8 8 4 4 0 3 3 1 2 3 3 1 7
7 2 5 3 1 2 1 3 7 3 10 6 2
4 3 5 8 9 14 2 2 4 10 3 17 0
7 6 6 19 4 10 16 3 3 6 3 6 12
15 10 3 6 8 1 16 2 13 11 3 8 2
4 7 12 6 9 17 9 3 4 7 3 16 19
4 16 6 5 6 10 3 3 4 18 5 11 5
14 8 4 0 22 9 4 12 0 4 6 1 12
5 1 7 3 1 1 11 5 2 0 2 1 8
7 1 3 9 10 6 2 17 9 7 9 7 7
6 1 11 3 9 6 3 5 3 2 4 2 3
7 2 5 1 8 6 1 10 7 1 1 12 4
14 2 12 7 14 6 14 1 7 19 12 0 3
2 0 1 3 7 4 4 4 0 3 1 1 6
7 11 2 2 6 1 7 12 6 7 0 0 1
4 0 0 1 4 3 4 2 1 6 1 0 2
12 1 2 1 9 3 1 7 1 3 6 8 2
8 15 7 8 4 6 5 12 4 5 1 3 1
4 3 4 1 3 0 4 5 2 2 4 0 2
5 2 2 2 4 3 3 3 1 4 3 1 2
1 9 3 14 15 1 1 1 14 3 11 5 11
2 6 3 1 6 0 4 7 19 4 0 11 2
7 2 10 2 1 2 13 1 11 1 14 7 2
24 9 2 1 9 4 0 6 5 4 7 8 5
7 8 12 1 8 6 3 8 0 0 14 9 1
10 17 8 9 1 22 7 3 0 7 4 18 9
5 3 3 4 11 14 9 6 1 5 0 6 7
4 2 4 7 4 2 0 3 4 3 3 4 4
1 8 2 1 3 5 5 5 8 13 6 4 0
11 2 13 2 8 5 7 8 7 6 2 13 3
5 11 2 9 6 3 3 5 1 3 3 14 4
2 1 6 15 4 12 4 11 6 12 5 5 8
6 3 4 10 10 4 1 11 0 3 5 5 4
19 14 1 7 9 4 6 13 4 17 11 11 9
1 5 3 1 6 4 9 2 7 8 4 7 7
9 5 2 1 8 14 17 1 11 7 2 6 18
2 8 11 9 1 6 20 0 10 3 12 5 15
0 11 1 14 16 2 14 1 1 13 8 7 6
9 18 4 2 7 8 6 8 9 1 12 15 7
6 7 12 3 4 3 0 6 3 1 1 7 6
4 2 23 8 13 1 1 14 11 4 11 11 6
22 3 13 13 8 4 1 5 1 2 12 12 7
1 7 2 7 2 5 0 7 1 1 4 7 0
2 8 5 10 10 25 9 12 6 3 8 5 10
14 3 15 2 1 8 9 6 2 5 6 8 0
2 2 2 3 3 3 3 10 8 1 3 3 3
7 6 10 2 0 2 11 8 2 0 5 1 8
12 6 15 2 15 2 13 11 18 6 14 6 5
3 5 1 3 5 4 2 6 3 3 1 1 3
3 5 0 1 2 0 4 3 1 2 6 2 3
6 5 3 6 1 0 4 4 2 1 0 2 1
9 19 10 8 1 14 8 1 3 5 2 3 9
6 1 1 6 3 2 3 3 10 4 9 5 2
5 1 3 12 9 5 0 2 9 7 10 6 4
2 2 1 1 6 6 5 2 3 0 1 1 1
9 2 6 1 1 7 1 1 4 1 6 0 1
5 1 1 1 0 1 7 6 2 6 3 8 4
1 5 8 5 4 3 3 6 12 1 1 9 5
6 13 24 14 6 2 7 3 2 5 18 10 7
3 0 12 3 1 2 6 1 0 3 5 3 11
11 18 11 10 2 1 5 4 1 3 5 20 8
2 7 2 3 3 7 2 4 4 4 2 2 9
3 2 2 1 4 5 3 5 2 0 3 2 2
1 7 2 5 11 13 3 5 3 0 1 2 7
4 2 1 11 2 0 1 6 9 3 4 7 4
0 13 10 2 2 12 15 7 12 2 14 1 1
2 4 9 9 2 1 3 7 4 8 4 3 9
9 3 8 6 7 19 15 1 2 4 3 9 6
3 3 3 1 6 20 7 9 12 11 11 20 5
2 6 1 5 5 3 3 6 8 10 3 1 3
13 6 7 10 8 9 13 4 0 3 5 6 3
5 9 3 10 3 12 8 1 10 5 12 3 8
0 13 4 18 4 4 14 6 2 2 5 10 5
4 3 1 5 8 10 2 2 5 8 5 3 1
5 3 10 6 11 16 4 5 4 0 1 2 7
15 0 5 5 3 5 12 17 1 1 18 8 3
1 3 2 1 1 4 9 3 2 6 1 5 7
3 6 0 4 4 6 3 1 6 1 1 3 6
4 5 1 0 6 1 1 5 3 2 4 4 3
6 2 11 2 15 2 0 0 9 1 8 8 7
15 7 6 4 5 6 5 26 9 1 12 8 10
1 6 8 2 5 15 1 5 9 4 0 11 13
6 4 4 6 9 6 5 2 1 9 3 6 1
15 0 3 14 6 3 1 2 7 9 7 1 18
4 2 4 2 17 6 4 7 9 15 8 5 10
1 5 1 14 14 5 0 1 19 3 4 10 4
1 4 17 1 8 9 2 3 22 7 5 13 1
5 3 3 2 9 2 8 1 3 1 10 6 6
7 2 3 4 4 8 3 1 4 1 0 1 3
5 4 10 2 2 5 4 4 9 7 6 20 20
9 6 0 0 12 16 8 12 2 7 2 9 4
6 1 1 2 2 3 5 1 1 0 2 2 4
2 22 10 2 9 7 6 3 4 1 10 5 18
4 8 10 7 19 12 9 1 13 7 3 6 3
1 7 9 4 10 5 8 6 8 4 5 7 2
5 9 2 3 1 12 1 8 7 8 5 1 0
1 9 0 10 6 1 3 1 18 9 10 10 4
2 1 3 2 2 6 8 2 1 2 3 1 2
17 2 3 14 11 5 9 12 8 10 19 6 3
1 8 2 8 11 10 8 5 5 9 2 5 19
1 1 5 5 3 6 4 0 4 0 0 1 2
5 12 14 1 3 1 0 4 2 13 5 2 9
5 13 4 15 5 9 1 8 2 12 5 12 14
2 4 6 6 10 2 6 4 2 2 11 12 1
17 5 8 2 23 4 11 14 6 7 1 2 14
1 6 12 11 7 7 8 1 6 3 7 5 2
4 17 0 7 6 4 10 1 2 0 7 8 1
5 3 4 5 3 4 2 1 2 0 2 5 4
3 1 16 19 6 8 1 2 19 1 11 10 4
7 3 5 21 18 5 3 4 3 1 6 5 7
0 2 4 10 3 1 6 10 3 1 7 12 13
1 1 6 7 1 5 0 1 6 0 3 1 1
5 4 2 8 9 7 1 3 3 4 1 3 1
7 0 2 19 7 6 3 13 15 8 10 5 12
3 8 2 1 1 3 9 4 9 5 3 3 1
6 5 8 6 7 10 8 11 2 5 2 12 10
2 7 3 4 4 3 5 13 7 9 9 8 14
1 6 3 5 2 6 1 3 3 5 0 0 1
8 16 8 0 0 5 2 1 11 2 11 4 16
2 5 1 1 5 0 0 1 1 8 9 1 3
4 3 8 3 9 6 17 10 9 25 2 5 10
5 3 9 6 8 10 2 13 5 8 8 10 29
11 23 17 9 8 2 1 4 6 6 8 1 13
7 9 16 10 7 0 9 15 3 2 9 2 1
2 12 7 13 5 23 11 17 5 1 1 5 13
5 8 3 2 4 6 11 9 6 4 4 7 3
1 10 3 12 13 22 14 3 6 12 6 7 0
11 4 12 3 12 17 3 7 6 1 2 1 6
3 12 0 15 16 0 8 4 3 6 5 9 3
0 2 1 4 4 0 3 2 9 1 5 4 4
0 4 2 9 1 5 3 2 4 1 8 8 8
11 8 12 9 11 16 20 6 9 8 8 11 4
0 1 1 6 4 1 1 3 1 3 5 0 1
1 4 3 5 3 0 2 1 3 0 1 5 5
13 0 1 2 14 6 2 7 3 11 2 3 6
7 5 4 8 9 15 0 2 1 4 18 18 3
2 5 6 3 1 2 3 5 11 6 8 7 4
8 16 2 3 1 11 11 1 2 1 1 3 7
3 9 1 2 2 10 1 1 8 1 17 0 4
4 4 8 10 6 4 21 3 12 17 8 19 4
3 7 2 2 5 7 5 17 4 5 4 5 2
3 0 1 0 0 7 4 4 2 3 1 0 6
12 2 4 1 16 20 0 0 3 3 4 5 4
4 0 4 4 7 2 4 2 6 1 4 8 3
2 6 1 3 8 4 3 3 1 3 2 8 5
6 8 12 8 9 3 2 7 9 0 4 5 2
9 2 2 12 4 5 6 20 11 14 4 4 3
5 4 10 6 10 6 4 5 3 5 7 6 5
17 18 0 5 10 14 3 4 7 9 4 4 1
5 4 15 18 7 14 9 6 0 9 1 17 6
11 3 3 8 3 2 8 0 11 5 4 10 14
3 5 3 4 2 16 6 1 13 5 5 7 0
13 11 17 0 14 6 1 9 5 12 5 18 3
2 0 8 0 2 4 6 2 2 6 1 3 1
4 10 0 14 21 12 0 17 1 4 14 9 3
7 17 9 16 3 6 4 18 16 6 3 1 6
6 6 7 2 1 3 7 7 5 3 8 7 6
6 0 8 1 3 0 6 3 1 4 3 1 10
2 2 4 3 0 8 10 12 7 7 15 3 6
1 2 5 3 2 8 3 1 2 10 1 7 1
1 9 1 14 0 18 3 1 6 6 7 2 16
27 6 3 3 2 2 12 2 9 1 8 3 8
2 3 15 2 5 4 3 6 4 5 3 1 10
4 7 2 5 7 10 1 3 4 2 5 4 2
1 4 7 4 6 2 3 0 0 1 1 1 4
4 1 4 4 2 5 2 0 1 6 3 1 12
5 8 6 4 2 10 0 1 11 3 4 7 5
1 2 8 8 10 6 4 7 3 5 13 14 29
9 4 16 10 1 4 5 1 3 7 9 5 2
3 2 3 4 2 6 2 3 1 6 1 10 0
2 5 7 9 3 2 12 8 3 9 14 5 3
14 6 0 7 4 4 7 7 5 11 8 9 7
4 7 3 9 1 21 9 1 14 13 2 1 18
1 3 14 3 3 6 9 4 7 3 9 8 1
4 9 11 5 4 2 3 0 8 4 7 16 1
7 2 4 9 1 2 8 1 14 7 1 10 3
1 4 4 3 6 9 3 1 2 0 3 3 5
11 15 11 13 4 7 1 2 11 4 2 3 7
7 12 19 3 4 0 7 17 15 0 5 0 7
7 3 7 10 11 2 13 0 4 2 1 7 2
8 3 9 0 1 11 0 6 0 0 5 11 2
3 5 4 4 1 6 4 4 2 2 3 1 6
3 5 8 6 1 1 2 6 2 2 7 11 21
3 8 10 24 2 12 2 19 8 11 8 1 3
3 2 6 1 2 1 0 5 6 3 6 1 10
2 2 0 3 10 4 5 13 11 4 3 2 9
9 16 10 1 18 0 13 3 5 12 2 0 11
11 1 7 0 1 3 7 10 18 10 16 6 8
4 1 7 6 9 1 16 2 3 14 20 8 13
1 4 6 9 4 5 2 7 6 3 4 6 15
7 5 17 4 3 10 4 11 14 7 4 20 14
6 1 4 5 6 12 6 1 8 4 3 2 1
9 11 4 11 8 18 3 7 12 1 6 7 10
4 7 7 9 21 5 18 6 4 3 14 6 5
6 0 0 4 6 5 2 3 2 10 1 6 9
14 9 1 6 0 5 0 0 1 18 6 6 2
4 3 10 3 3 3 6 2 2 6 2 11 3
14 11 4 0 0 3 9 3 3 6 1 2 19
0 0 3 1 4 3 3 5 2 0 2 4 5
3 4 5 6 2 2 0 1 1 3 3 2 2
0 4 0 5 4 1 1 4 3 3 2 2 0
4 5 16 11 0 2 5 6 7 6 14 1 12
3 3 5 2 2 1 3 0 8 4 4 1 6
12 6 13 4 10 11 21 1 2 11 8 2 2
10 3 14 15 1 0 5 10 8 3 8 1 12
10 5 5 4 11 8 8 12 15 2 4 7 1
7 1 11 1 4 2 4 3 1 5 1 8 5
22 8 6 1 17 9 5 4 7 14 13 14 0
0 5 1 3 4 3 2 0 4 1 4 3 4
7 13 3 0 0 6 1 3 5 2 6 0 2
4 3 4 6 2 1 0 2 1 2 3 1 5
5 6 7 9 1 8 6 9 9 4 12 12 26
1 6 5 1 4 1 5 0 3 4 1 4 0
5 6 4 4 3 15 8 10 6 1 4 3 13
9 7 4 11 0 0 4 11 18 8 9 15 6
3 5 11 19 6 5 4 8 14 8 15 1 4
8 2 13 2 12 0 5 10 3 6 11 4 9
15 7 10 8 20 5 4 2 13 4 2 8 17
13 6 7 10 11 2 13 4 6 16 1 0 12
7 2 6 6 12 9 13 7 11 5 13 3 2
0 9 3 6 9 1 1 5 1 2 3 6 7
3 5 10 1 12 4 7 4 5 4 4 3 3
5 4 2 4 8 4 3 9 13 1 1 2 4
7 5 5 4 18 7 13 4 12 6 4 5 8
1 1 6 11 8 0 2 4 12 2 4 5 3
8 3 13 4 2 14 1 8 14 3 3 8 1
9 7 1 1 10 1 12 1 0 2 4 0 10
4 3 3 1 2 2 5 4 1 0 0 2 4
3 9 5 12 9 7 3 8 11 7 4 4 4
6 3 9 0 11 4 4 16 9 15 6 6 9
6 18 8 10 9 5 6 4 13 7 3 14 1
5 1 2 2 3 7 8 27 7 4 9 13 0
0 1 11 2 1 5 2 2 3 3 2 2 6
11 10 5 4 9 5 5 5 7 12 2 5 3
1 8 10 0 4 0 4 0 2 9 2 4 11
9 0 10 3 3 3 2 9 0 3 3 9 8
5 0 3 2 10 14 6 1 8 23 5 4 10
10 8 7 2 8 7 7 4 5 2 5 11 12
7 3 3 7 0 12 2 2 1 4 14 2 7
4 13 10 1 17 7 6 7 9 3 5 3 11
7 5 2 27 12 5 4 5 1 9 12 3 8
7 11 7 4 3 6 12 6 10 17 1 9 0
1 4 6 1 8 8 4 6 5 4 7 5 12
7 11 10 12 11 7 4 10 2 8 14 6 19
1 0 4 2 2 1 0 1 2 4 9 1 0
16 9 2 15 8 2 7 4 6 7 4 4 0
10 1 0 3 4 1 3 9 1 7 1 6 11
3 0 3 6 8 9 2 1 5 1 3 1 0
3 6 2 4 8 6 5 2 6 8 7 0 9
1 4 13 18 7 13 15 8 5 9 1 12 18
5 5 1 1 6 3 1 9 0 20 8 3 7
4 3 4 2 2 8 20 15 3 5 0 4 10
0 1 3 0 0 2 3 8 5 0 5 9 4
5 7 1 7 15 1 5 3 0 0 7 6 4
8 3 6 5 2 3 8 3 4 0 2 4 0
0 6 2 2 3 5 7 13 3 4 4 5 8
9 0 10 2 14 7 12 7 4 1 12 13 4
4 5 3 2 2 4 2 2 4 1 1 4 1
1 0 0 1 3 1 2 4 2 3 1 5 8
2 5 9 5 2 8 5 17 4 15 19 15 13
11 25 6 0 6 4 6 3 2 15 8 6 2
8 8 3 1 2 10 5 6 2 3 16 6 11
5 2 6 3 4 6 11 1 3 2 2 17 10
2 6 9 11 1 2 10 1 4 9 1 8 0
4 6 4 8 8 3 24 1 10 12 0 1 9
8 4 0 4 3 10 1 15 14 8 5 9 5
12 0 5 5 0 9 9 3 4 1 8 7 2
0 6 9 2 12 1 6 27 4 6 10 2 6
2 2 3 3 4 3 5 6 4 2 4 8 7
1 3 1 4 5 3 13 6 7 11 1 4 10
13 2 7 0 4 4 3 0 7 2 4 4 3
4 5 5 1 2 0 1 1 0 5 3 1 2
3 15 5 10 5 13 2 4 1 7 6 19 1
4 6 10 4 2 3 3 1 13 3 8 4 11
1 9 10 10 0 19 10 6 0 6 17 8 13
4 4 0 5 1 5 1 2 0 7 3 2 0
1 4 4 2 6 7 0 6 0 0 1 1 7
8 21 0 4 7 3 8 12 2 1 3 5 2
5 3 6 13 5 9 2 2 3 8 5 14 0
2 1 2 5 0 3 2 1 5 6 1 3 5
1 2 8 5 4 5 0 2 2 6 3 5 1
1 4 4 4 9 4 1 0 2 7 2 3 1
11 6 7 1 3 1 1 3 4 3 3 4 4
5 15 7 8 1 5 4 16 12 7 17 5 9
4 0 2 0 1 4 1 3 5 2 3 5 14
10 2 3 3 1 7 5 9 13 4 6 1 8
4 0 11 1 5 4 11 6 10 7 3 6 8
8 2 4 5 4 12 5 2 7 21 7 16 0
18 8 11 4 9 7 6 13 13 14 17 0 7
1 0 0 8 11 3 3 2 1 1 11 3 3
4 1 4 8 3 0 8 1 8 2 4 6 3
12 5 21 2 17 6 1 0 8 4 5 8 1
9 11 2 2 6 0 4 16 2 5 8 4 8
6 5 12 12 3 1 3 1 4 2 16 5 6
2 11 2 3 12 1 7 3 7 12 3 6 3
3 5 0 1 1 1 0 3 7 4 2 3 0
6 4 15 4 12 4 4 15 8 16 4 8 1
6 12 4 11 4 6 19 0 1 13 15 8 5
2 2 6 3 0 5 6 3 12 7 6 17 3
10 1 11 8 1 10 3 6 4 0 5 5 4
1 12 5 12 11 5 9 5 9 3 16 16 4
9 0 6 0 10 15 15 4 12 1 10 5 12
3 17 2 7 6 17 4 9 4 4 7 13 15
1 2 6 1 6 4 1 5 2 3 3 2 2
1 14 14 15 4 4 1 2 10 6 6 5 5
1 2 3 6 7 2 12 7 9 0 6 7 2
11 7 15 6 8 1 5 10 3 3 17 3 15
8 10 1 4 3 1 1 10 5 3 4 2 8
3 2 1 1 3 7 1 0 2 5 1 2 2
3 3 1 3 2 4 1 0 4 1 1 5 3
8 15 9 5 4 2 0 2 4 4 2 7 6
0 14 7 10 3 0 4 17 1 6 6 13 6
1 1 11 7 9 25 9 0 6 4 4 11 0
9 3 3 5 3 6 5 2 3 14 9 1 12
14 18 7 3 1 5 2 20 15 10 6 0 7
4 1 5 2 1 11 2 5 1 24 10 4 9
3 9 3 1 12 1 4 1 6 8 6 4 0
3 4 8 5 0 3 3 12 7 4 3 6 20
2 8 10 2 4 3 2 0 5 3 5 0 8
6 1 10 21 7 3 2 17 8 10 4 7 3
2 3 9 8 2 5 13 10 0 8 0 20 0
2 14 3 5 0 9 0 2 12 8 16 1 1
1 5 2 9 1 19 0 16 4 8 1 1 1
6 11 4 1 17 6 8 10 13 11 1 5 6
6 15 16 6 6 2 2 10 4 3 3 4 3
1 10 5 1 17 6 11 15 12 3 6 5 6
1 3 7 4 10 4 0 0 3 5 1 0 1
1 2 4 0 1 1 2 3 2 3 10 4 9
3 2 1 1 2 1 4 0 5 1 7 1 2
4 3 2 9 3 9 10 0 5 6 10 2 1
4 17 15 1 4 16 10 7 17 1 15 1 2
8 4 12 5 16 6 8 6 10 11 2 17 1
4 1 12 14 10 11 11 19 0 13 18 3 1
3 9 0 2 21 19 1 9 4 9 6 8 11
7 8 5 18 3 5 13 10 13 8 4 10 2
15 8 9 6 9 2 9 4 4 5 9 7 8
3 6 2 16 0 9 3 20 0 1 13 11 3
4 2 8 12 6 7 7 14 1 3 7 16 9
9 3 3 1 12 5 12 2 13 8 1 5 4
2 6 7 11 13 1 8 6 5 14 6 5 9
9 0 3 2 1 3 4 6 8 1 5 1 0
2 13 1 5 15 2 7 2 6 2 7 11 1
9 7 4 10 5 3 7 5 6 6 1 1 0
12 2 8 5 4 5 7 4 7 13 7 10 9
2 8 3 4 6 8 15 3 5 6 1 3 3
3 2 3 1 1 3 8 1 1 7 1 2 2
3 14 13 10 5 9 5 10 2 6 1 4 9
3 11 2 2 4 0 4 1 2 2 2 2 8
2 9 3 2 5 2 4 6 3 2 6 3 4
6 13 11 7 9 2 3 0 6 0 7 7 6
7 3 6 1 23 12 12 8 9 14 3 8 6
0 2 3 12 7 5 7 5 5 0 11 13 14
11 8 3 0 9 6 8 3 10 6 0 9 5
17 1 3 9 10 15 13 7 11 0 3 1 3
3 3 13 8 28 3 14 5 12 2 3 9 8
4 1 2 3 2 2 1 5 3 3 3 0 4
7 2 9 5 4 6 6 6 3 6 5 2 3
10 4 17 2 10 11 5 5 9 10 7 14 4
11 19 5 8 3 0 13 15 0 9 7 7 6
0 1 3 2 0 7 3 1 3 5 4 1 4
6 4 2 13 11 4 19 16 2 5 3 15 18
11 5 9 3 15 15 5 12 10 22 4 2 2
3 3 2 6 2 1 3 1 4 3 6 11 3
11 4 12 3 17 4 4 14 12 10 5 6 18
2 4 2 7 9 6 0 2 5 7 8 9 4
8 7 4 3 1 11 2 3 8 2 0 6 2
0 2 13 6 7 7 6 6 4 8 9 1 1
9 2 8 9 5 15 7 1 2 4 2 4 5
2 10 10 1 2 2 10 6 3 9 9 8 0
5 9 15 10 12 1 8 4 5 5 2 11 6
11 2 13 3 9 3 11 3 17 7 8 7 12
3 5 2 4 5 0 2 0 3 1 8 2 3
13 7 3 6 13 11 0 6 3 1 3 9 25
7 8 10 2 7 3 2 1 4 1 5 5 4
1 6 11 16 10 2 3 2 1 15 7 7 4
5 2 3 5 2 27 2 11 20 1 5 6 1
5 1 5 0 3 9 2 0 4 4 2 4 3
2 14 3 1 8 2 3 10 11 2 11 2 6
24 8 5 13 6 9 3 9 3 3 3 20 3
4 2 9 13 2 4 7 3 2 5 2 5 7
12 5 17 6 8 15 4 7 6 7 5 8 14
2 11 6 0 4 6 2 8 7 7 5 6 2
7 7 5 7 8 2 5 3 4 5 4 5 2
15 11 2 15 15 5 9 1 1 12 2 4 15
5 7 2 9 3 5 1 2 5 1 2 7 6
14 7 1 5 7 2 4 4 9 16 10 4 3
6 7 10 6 6 11 16 13 12 10 8 3 3
1 2 6 3 3 0 5 2 1 6 9 0 1
3 7 0 5 3 4 3 10 2 5 4 1 3
9 2 7 11 5 1 6 4 10 5 3 5 2
4 5 11 1 6 8 0 3 5 7 4 1 1
3 4 24 3 7 11 9 1 6 10 1 4 14
2 1 3 0 0 3 7 8 8 6 1 11 9
2 3 5 2 2 5 6 6 2 3 6 2 7
5 0 4 3 2 1 2 4 8 8 1 4 3
5 13 3 10 7 5 20 10 11 2 4 13 2
7 3 2 3 3 0 4 0 4 1 5 7 1
4 1 2 8 5 3 1 0 3 1 2 1 1
10 6 2 7 4 1 10 4 0 3 2 0 1
8 5 7 2 14 5 10 5 8 10 7 3 9
8 9 14 1 3 6 10 6 3 1 5 5 13
3 0 2 8 4 2 1 1 2 2 1 0 2
4 2 7 2 0 3 5 7 5 5 1 6 6
17 10 0 11 2 11 4 12 8 1 1 10 14
4 4 8 4 15 4 7 13 9 1 4 9 5
8 13 9 2 6 4 2 6 6 11 1 8 10
3 4 6 5 1 5 2 7 2 2 1 0 4
2 7 4 0 6 3 3 5 5 13 5 3 5
3 3 6 4 1 5 0 6 1 3 2 2 3
2 7 23 4 5 21 5 7 1 10 2 2 3
1 2 4 6 5 1 2 12 4 4 3 5 1
2 9 8 14 21 8 15 2 6 2 0 4 3
1 1 4 2 4 3 4 9 7 0 9 6 2
18 2 3 12 8 9 2 8 7 27 1 4 7
1 2 9 1 5 1 8 2 3 4 1 10 15
1 2 3 6 6 1 4 3 4 3 1 6 3
1 6 1 6 2 4 4 5 6 1 1 1 1
5 2 3 1 4 10 1 4 6 13 6 2 2
7 2 10 3 10 5 7 12 2 8 8 2 16
0 1 3 3 3 1 3 2 3 5 4 1 4
4 7 8 11 10 13 3 8 10 15 3 10 2
11 11 6 1 4 6 12 2 2 1 5 6 0
1 8 0 4 2 0 2 3 3 2 5 5 6
6 18 13 7 3 3 16 8 5 6 1 23 2
7 2 5 3 0 1 6 6 0 2 5 3 4
7 4 6 8 4 0 3 3 4 2 6 2 3
3 1 4 0 6 3 6 10 2 5 5 1 6
0 1 14 2 5 0 3 23 2 11 6 5 6
4 0 3 4 3 0 6 4 1 9 1 4 6
3 12 15 11 4 4 10 4 11 1 18 5 3
5 7 8 7 7 9 2 1 2 20 2 7 17
6 2 7 2 5 1 3 11 5 10 1 4 2
0 1 7 6 3 4 3 3 3 7 2 1 5
5 1 18 2 9 0 11 4 7 10 7 0 19
3 12 10 13 1 8 14 5 17 4 7 15 9
2 12 7 4 6 1 1 2 3 1 11 11 11
1 8 5 0 9 3 10 11 7 7 2 9 3
10 2 2 3 7 9 3 3 9 2 4 2 1
12 6 20 15 6 6 3 10 10 9 12 2 9
2 10 6 3 3 3 1 2 6 11 3 7 3
3 1 4 1 6 4 5 1 7 5 1 4 1
2 6 1 2 3 2 4 9 3 0 3 2 1
1 1 1 3 2 2 2 4 4 2 1 9 1
6 0 6 10 0 1 3 8 1 0 7 2 14
2 2 5 20 6 13 8 3 20 7 5 1 9
10 7 5 12 8 9 4 7 3 2 6 2 0
10 10 4 3 5 7 0 6 2 10 11 4 6
0 13 7 13 8 20 6 4 1 1 9 6 8
1 2 9 2 1 4 1 1 1 0 2 0 3
13 2 15 7 7 3 11 5 2 8 3 2 11
21 1 4 8 11 18 1 5 6 4 22 3 3
5 3 10 11 24 16 18 4 7 5 3 6 4
4 9 5 12 12 13 2 0 7 14 2 10 6
13 13 4 3 7 6 1 0 4 0 1 3 3
5 4 2 6 4 2 2 1 1 6 3 0 1
15 11 2 0 4 8 1 1 0 4 3 11 5
5 1 9 2 2 3 5 8 6 1 6 7 3
1 3 1 1 3 3 0 9 1 2 4 1 0
3 1 9 6 10 4 2 5 1 3 6 0 4
3 2 0 1 3 0 1 9 2 1 0 5 4
4 8 1 10 3 13 9 13 0 1 8 5 10
4 4 4 0 0 7 2 6 2 12 22 26 0
2 6 3 7 4 1 6 7 7 2 8 8 0
0 7 1 5 1 5 6 1 5 0 7 6 4
4 4 4 7 0 4 2 5 2 2 7 2 3
4 1 2 6 5 12 0 3 4 2 2 7 0
3 4 0 4 2 3 2 2 4 2 0 2 5
15 8 2 13 10 0 0 4 5 3 2 3 7
4 12 8 1 21 13 10 14 12 3 9 1 7
4 1 7 5 12 8 5 5 8 2 2 4 19
6 5 6 5 1 4 22 4 10 2 4 2 8
3 16 2 4 7 3 4 0 16 13 0 12 22
7 0 2 6 6 6 9 3 1 6 9 0 0
8 1 12 11 6 8 2 2 3 3 1 11 1
0 4 3 1 4 1 7 1 5 1 2 0 2
10 1 8 0 6 2 3 4 9 5 7 10 1
12 7 7 9 14 4 16 18 7 7 9 5 4
13 10 3 2 1 17 7 16 8 1 5 5 12
0 3 6 2 4 24 3 3 12 5 11 6 15
7 3 7 2 3 4 6 10 7 13 5 2 15
7 3 7 1 8 3 0 6 4 2 4 3 7
5 4 0 3 1 11 2 1 4 5 1 3 0
10 10 16 11 1 0 2 6 6 3 3 26 2
9 8 11 1 6 13 1 5 6 2 2 5 2
11 13 6 1 6 8 8 8 3 12 4 8 0
3 2 2 4 6 6 4 4 5 1 8 2 0
18 4 7 4 3 5 5 2 5 4 10 13 18
2 3 1 1 2 10 4 2 0 12 3 7 4
2 1 10 2 7 13 8 0 4 2 0 4 7
1 2 4 4 13 7 2 5 3 2 5 10 1
6 3 7 6 10 5 7 0 1 1 1 0 4
3 2 9 5 8 6 6 8 3 11 4 12 13
3 5 3 0 1 1 1 2 2 7 6 0 0
4 11 6 2 3 1 12 6 2 3 1 6 4
1 7 4 14 5 6 2 9 4 5 18 12 12
8 6 5 2 6 12 8 9 14 16 6 15 1
3 2 11 10 4 5 4 5 2 3 3 4 3
3 11 14 5 9 1 2 5 0 3 10 0 0
5 3 6 4 10 3 1 0 3 1 2 9 6
8 17 21 14 0 7 11 2 1 15 1 3 0
10 5 12 7 3 12 13 9 2 15 5 17 6
2 3 3 5 0 0 3 1 3 1 2 3 3
2 10 2 7 15 4 10 2 13 5 5 11 2
6 4 2 3 2 1 9 3 6 1 1 2 4
0 2 2 7 7 6 4 5 3 2 7 1 4
3 5 10 9 3 4 12 10 15 23 12 11 4
12 5 11 2 4 4 11 4 11 5 8 0 15
2 7 0 0 2 1 3 0 1 3 7 4 4
10 9 14 2 5 4 4 0 1 2 4 3 1
8 6 2 1 5 0 1 2 1 3 3 4 7
3 8 2 1 6 12 3 1 1 11 8 0 3
3 5 9 3 4 16 9 3 5 5 16 8 4
1 0 10 1 4 0 1 2 5 1 4 0 2
8 7 2 1 1 7 9 7 2 5 1 13 12
11 4 11 3 8 7 3 8 2 8 1 0 20
7 9 11 12 1 15 12 16 5 6 12 2 18
2 1 1 7 4 3 1 3 1 5 3 4 5
4 1 1 7 1 2 4 5 4 4 0 0 3
10 2 6 6 4 9 8 15 5 10 1 0 8
2 3 3 4 5 3 8 7 0 5 3 0 10
1 7 5 2 2 6 6 1 1 5 4 4 1
1 2 5 2 1 4 4 0 4 6 3 8 3
1 1 6 13 16 17 2 9 3 9 1 7 11
3 6 2 8 2 5 1 0 3 1 5 2 0
3 4 1 2 1 4 1 1 3 2 6 1 1
12 11 7 4 1 6 3 3 7 10 13 11 6
10 5 3 16 22 0 0 11 8 11 15 8 2
2 5 1 10 13 0 1 5 1 10 2 3 3
4 2 8 11 2 2 2 16 9 7 9 7 8
9 4 1 5 1 1 4 7 5 5 3 8 18
7 5 13 7 6 5 2 6 6 9 3 25 14
3 5 3 1 7 7 2 0 7 0 3 7 19
4 3 3 8 2 0 4 1 2 1 1 0 4
0 9 2 10 3 16 12 1 9 0 12 7 7
4 2 2 1 2 0 1 1 2 5 0 0 7
14 6 2 8 12 7 5 6 5 1 9 1 11
3 2 9 5 1 2 6 4 24 1 1 5 8
15 14 16 14 6 4 3 13 13 12 6 8 1
2 5 4 1 2 4 4 0 3 3 0 7 2
18 10 8 5 3 11 4 7 22 1 11 4 6
6 3 1 9 5 1 3 3 4 5 5 20 12
0 5 9 6 5 19 7 1 1 0 4 4 4
2 12 13 10 2 10 2 7 2 1 3 1 2
0 3 2 6 0 3 19 8 2 4 2 1 10
8 1 13 4 6 8 3 12 10 0 2 6 3
10 3 1 0 6 26 4 3 3 10 4 15 8
3 8 17 3 3 9 1 6 18 10 2 6 3
4 2 1 2 1 4 12 2 2 11 1 1 5
12 6 9 3 0 7 9 8 0 4 3 3 3
0 6 6 1 4 2 7 4 2 5 2 6 0
7 2 5 1 6 11 4 1 18 2 8 9 6
15 9 3 6 11 9 6 14 11 5 4 7 8
4 8 15 1 4 5 7 5 8 5 2 1 0
10 7 5 7 3 9 12 0 7 3 2 4 7
2 0 2 4 0 0 2 1 2 6 1 4 7
6 0 1 0 1 1 8 9 0 1 4 0 4
7 11 5 8 9 1 10 15 4 15 5 3 3
4 7 2 6 4 3 2 4 3 3 5 0 5
1 7 9 5 1 2 1 1 4 3 1 0 0
1 4 5 1 1 3 5 1 2 1 1 4 1
7 13 15 2 3 11 15 10 7 15 2 4 17
9 6 19 15 4 4 2 7 5 4 18 6 1
1 2 1 1 4 2 1 7 2 4 4 4 2
23 1 13 10 2 3 12 2 11 3 11 7 0
9 12 3 1 1 12 3 7 3 6 4 12 10
7 0 7 4 5 2 0 2 3 5 6 5 0
0 9 11 4 10 5 15 14 6 10 6 17 2
10 2 3 4 1 4 13 0 3 2 4 2 4
1 27 12 1 10 2 12 5 13 1 5 5 10
2 4 8 8 6 4 1 4 3 12 1 7 2
8 3 13 5 11 3 6 7 5 2 6 2 4
3 5 2 1 3 13 2 1 5 2 0 5 0
1 16 7 1 8 16 2 5 5 12 10 20 9
1 6 2 0 4 3 4 3 4 11 2 3 8
3 6 16 5 13 5 6 1 8 7 4 4 1
2 7 1 1 5 6 1 0 3 2 4 4 4
10 7 4 4 6 1 1 21 8 9 17 8 5
10 4 1 16 7 5 5 1 1 10 2 1 2
5 7 6 6 7 10 2 1 7 0 5 9 16
3 3 5 4 3 1 15 8 3 8 3 1 7
8 2 3 3 7 1 3 3 6 0 2 6 9
18 13 2 4 18 5 2 1 9 1 6 4 9
10 0 1 4 11 3 2 1 13 7 8 1 4
8 2 5 1 0 3 3 2 1 2 6 1 2
0 2 3 4 1 1 5 4 1 6 1 3 1
6 5 11 7 2 7 1 1 7 0 3 1 1
0 7 0 10 9 0 6 7 4 4 11 0 9
1 0 6 6 1 0 2 3 5 5 5 2 2
6 0 3 0 4 3 4 5 5 0 0 3 1
1 9 4 0 1 4 12 4 1 8 12 5 1
13 3 1 7 5 11 0 12 1 2 20 1 7
9 10 5 19 1 24 10 3 3 4 11 4 10
8 4 7 1 6 2 2 6 2 4 2 8 1
10 8 2 10 7 2 3 4 8 5 1 15 3
10 7 3 1 8 6 1 7 2 10 14 6 7
3 0 4 0 4 9 1 2 4 5 3 4 3
23 2 7 1 3 16 8 8 18 5 2 3 16
3 7 4 6 9 4 2 4 1 2 1 5 1
4 8 3 5 7 0 11 13 4 11 8 9 22
7 8 27 12 6 4 10 7 8 13 3 5 7
1 4 3 1 1 7 1 3 1 10 6 0 6
13 15 4 9 8 4 6 7 13 9 4 12 0
1 18 11 5 5 2 14 6 0 6 4 14 0
5 13 12 11 1 2 17 2 18 8 3 8 12
3 3 2 18 4 1 11 9 7 14 2 8 6
8 10 2 3 13 3 0 0 2 5 2 4 1
25 0 2 1 8 10 4 14 1 6 3 4 10
3 3 2 10 3 1 2 1 0 3 1 8 6
4 1 7 4 8 4 0 3 7 0 3 13 1
6 6 2 3 4 5 1 0 1 2 1 1 0
6 0 3 6 6 4 2 1 3 1 4 5 9
12 11 1 10 8 5 3 2 4 20 1 6 15
9 3 5 8 8 11 5 5 7 1 8 3 5
6 4 9 6 3 2 1 7 3 6 15 7 3
3 5 3 9 8 4 5 8 15 14 7 1 10
2 6 1 0 2 5 2 3 0 0 8 1 2
2 11 3 1 4 7 3 12 2 1 6 5 11
8 2 1 3 0 2 3 2 8 1 1 8 0
9 0 11 10 5 0 12 3 1 8 2 11 10
4 13 4 5 3 12 3 2 5 9 11 3 7
2 4 8 0 3 5 6 6 8 6 8 10 6
2 4 5 2 1 14 0 3 8 2 1 3 9
8 5 2 15 3 3 1 10 7 0 4 6 1
3 8 8 4 3 2 1 6 9 5 9 4 8
1 6 3 1 2 3 8 5 5 1 1 0 7
7 2 1 4 2 3 2 2 3 2 4 2 6
6 4 4 4 1 0 5 5 5 7 2 2 1
15 18 11 4 6 1 5 14 4 4 9 6 13
6 9 13 8 4 0 5 12 13 13 16 8 6
0 6 1 1 1 6 5 1 2 0 2 0 3
5 6 5 3 10 12 0 1 13 6 11 0 3
7 5 9 3 10 9 9 9 2 7 5 8 2
8 10 4 6 0 2 10 2 3 5 13 7 1
24 0 15 13 0 11 5 3 7 1 4 0 0
2 4 4 4 0 1 6 7 2 4 8 7 1
4 7 9 16 5 2 9 14 8 1 1 6 8
6 8 5 22 8 4 3 2 8 5 16 3 5
1 2 4 4 3 1 5 1 2 0 4 4 2
6 5 5 14 3 0 15 18 21 12 8 3 3
5 12 2 1 15 17 3 6 7 4 2 3 7
12 1 1 3 9 4 7 2 5 1 1 5 19
1 9 7 7 4 5 2 6 1 6 3 7 4
2 1 2 2 8 15 15 15 1 9 1 7 7
6 5 4 2 4 4 6 2 4 2 3 1 0
3 9 5 8 2 4 4 2 2 5 2 1 3
6 4 4 4 0 1 1 4 0 5 2 1 5
1 6 2 2 3 5 15 1 1 3 1 1 0
5 3 6 3 7 9 5 7 6 3 6 4 9
15 11 3 7 12 9 17 5 9 6 8 8 5
0 3 4 6 4 13 1 7 6 1 2 7 10
2 3 4 4 2 2 2 1 0 6 4 2 1
1 3 4 2 7 2 0 2 10 7 2 1 5
5 14 6 2 5 0 12 8 1 3 19 6 24
7 1 8 1 21 2 2 1 4 9 4 4 11
7 14 0 11 7 3 12 5 7 0 14 2 13
2 1 0 0 4 7 2 2 5 5 2 1 5
17 5 1 18 2 3 3 19 2 7 7 2 12
7 3 15 20 19 3 0 6 8 6 1 5 11
15 20 6 6 18 5 10 2 7 7 8 17 2
2 5 25 7 2 5 4 8 10 0 4 1 7
1 5 1 6 0 9 3 2 3 0 1 3 7
4 2 6 2 2 1 2 8 4 4 2 5 0
1 7 15 1 0 6 3 2 4 6 1 6 2
9 14 8 3 3 0 8 10 3 9 10 10 26
2 5 5 1 7 1 2 4 5 1 5 2 2
5 3 4 0 7 2 5 2 6 1 7 7 4
0 2 2 2 3 1 3 5 1 8 0 2 1
8 23 2 5 1 5 14 5 5 17 0 5 1
1 4 1 4 1 6 4 1 2 0 1 2 1
4 4 0 6 3 6 0 4 4 5 6 6 4
6 3 3 6 2 10 3 0 7 1 0 6 3
4 8 3 17 4 6 12 4 5 2 9 8 2
14 9 4 2 11 1 0 7 7 6 1 9 2
9 2 0 7 5 7 1 6 9 7 1 3 6
9 3 11 16 4 22 13 6 4 14 5 2 3
5 7 7 4 2 2 4 1 2 1 3 18 5
8 2 0 2 6 1 8 0 1 1 7 3 4
13 5 5 3 1 17 4 0 4 10 3 3 7
2 5 2 3 1 4 3 1 6 5 2 2 3
1 1 2 2 9 15 1 11 1 3 15 10 12
5 4 7 12 13 3 5 3 6 13 8 12 4
3 11 19 1 12 3 4 0 11 10 2 18 6
4 1 3 3 4 7 5 0 6 5 6 2 3
1 3 2 8 1 0 2 7 3 1 10 1 3
13 3 16 3 10 1 6 3 2 8 9 1 9
5 1 12 4 1 1 9 1 2 4 1 8 0
1 13 0 15 12 3 7 10 4 1 7 0 11
3 13 2 4 4 0 10 2 14 23 7 0 18
12 4 8 11 0 20 11 8 2 5 0 9 11
1 2 3 7 7 3 5 1 1 0 0 0 2
0 6 5 1 0 2 3 4 2 1 4 4 1
0 0 4 10 10 17 2 4 0 3 0 15 2
4 5 5 0 4 1 4 3 2 5 1 2 6
2 7 5 5 1 6 12 6 7 16 16 9 4
17 10 9 14 11 9 11 5 5 13 1 11 5
3 4 7 5 10 4 9 4 5 5 7 6 0
3 3 6 6 2 0 1 0 2 1 2 7 1
2 2 10 23 1 0 1 7 1 17 13 8 15
8 1 7 6 10 2 3 6 2 4 2 4 5
5 1 0 11 2 2 6 5 11 2 5 12 2
3 4 4 5 5 1 3 4 1 2 3 3 6
10 2 3 3 3 3 15 9 2 3 10 4 4
7 7 0 13 10 20 4 2 7 11 3 11 8
5 8 2 4 4 2 11 1 2 3 13 15 2
9 1 0 11 3 15 1 8 1 2 1 8 0
3 3 6 3 8 3 1 1 4 5 13 4 7
8 11 11 2 7 25 2 3 9 17 4 10 9
4 3 6 2 7 3 4 3 2 5 3 5 1
13 17 11 4 0 1 2 18 6 3 14 1 6
0 1 5 5 3 0 2 2 1 5 0 5 1
2 16 2 10 3 5 4 2 2 3 2 15 3
6 22 6 3 1 2 2 13 14 0 13 10 17
2 2 5 2 6 7 3 9 0 11 13 2 10
3 3 2 5 5 3 8 4 3 5 3 3 2
7 5 5 7 17 12 11 8 1 16 0 13 0
10 6 2 9 3 0 13 3 18 24 1 1 6
4 4 0 2 8 3 4 5 3 2 5 4 2
6 1 0 1 1 4 3 4 1 0 5 1 1
4 3 3 2 6 6 2 4 4 8 1 10 5
8 4 5 6 5 1 4 9 14 5 5 6 7
9 5 0 14 6 11 12 2 1 3 6 3 1
9 11 26 15 3 3 7 2 5 5 11 9 11
5 12 3 4 2 17 8 4 22 1 1 2 8
1 7 6 12 4 3 11 0 15 1 9 1 19
11 15 11 13 9 8 4 3 5 3 3 4 6
2 4 5 7 5 4 2 1 2 6 2 1 3
0 10 5 12 19 7 17 0 10 8 3 8 0
5 1 2 0 0 4 16 5 10 1 10 0 5
3 2 1 3 5 6 5 1 10 8 3 3 2
10 1 6 6 1 1 5 6 6 0 2 5 12
5 7 10 11 12 0 8 1 3 0 20 18 1
2 9 7 8 6 4 11 2 2 2 8 11 4
17 10 4 5 7 6 1 11 3 4 2 2 1
15 18 3 9 7 0 3 5 1 4 15 6 18
8 2 3 5 2 7 2 7 6 4 4 10 1
3 3 6 3 0 2 3 1 3 5 2 1 1
6 5 2 11 7 3 1 10 7 17 6 2 4
6 5 3 8 2 4 1 4 5 3 3 5 1
11 0 9 16 10 18 2 6 2 7 5 14 7
8 12 4 10 0 11 5 2 4 7 5 20 2
1 4 4 0 10 3 3 7 3 6 2 1 7
14 18 3 3 5 4 17 4 1 3 6 12 3
18 12 5 1 6 5 3 2 5 6 2 4 11
2 3 12 2 8 11 2 2 8 12 8 18 7
1 4 5 2 4 6 2 6 3 1 2 3 0
5 0 11 4 3 0 5 3 2 5 2 2 12
1 5 14 5 19 16 6 6 9 7 12 1 2
8 4 7 4 3 2 5 12 1 4 6 10 1
2 7 0 4 7 6 1 6 3 2 2 3 4
8 4 4 11 19 9 1 6 10 8 13 13 6
1 1 0 7 16 1 9 3 2 2 0 1 10
5 7 3 0 13 4 6 5 0 10 14 23 5
3 11 2 8 14 1 1 1 1 4 2 10 9
6 7 1 0 4 9 4 0 4 4 9 14 2
15 7 10 3 2 2 3 6 1 3 2 0 2
0 7 9 5 2 6 2 6 5 2 6 4 9
5 4 14 1 8 10 3 1 4 9 11 6 9
9 4 5 11 19 4 10 12 13 11 4 9 2
4 7 4 22 9 6 0 16 1 4 13 7 4
2 0 6 14 1 4 1 6 10 4 0 4 6
11 8 14 9 9 9 16 1 0 8 3 17 7
7 1 0 13 1 5 1 4 6 1 1 12 3
2 1 0 2 2 7 10 5 1 2 1 0 1
4 5 1 5 1 6 2 5 3 5 0 16 11
10 5 4 9 8 1 6 4 6 16 5 2 0
4 2 7 2 6 1 5 2 11 2 1 11 5
1 1 4 3 2 7 4 16 15 3 3 20 0
3 10
3 42
4 18
4 22
4 41
5 43
6 41
7 21
8 24
8 93
9 99
9 105
10 14
10 108
12 52
12 55
13 73
13 111
14 54
15 53
15 67
15 95
15 96
16 44
16 54
16 55
16 59
16 82
16 103
17 26
18 74
18 105
19 39
20 68
21 105
21 107
22 28
23 53
24 92
24 98
25 107
26 63
26 96
26 121
26 123
27 45
27 125
28 109
29 33
29 50
30 70
30 101
31 53
31 72
31 119
32 79
32 104
33 49
33 98
34 62
34 123
36 85
37 84
38 41
38 76
38 88
38 114
39 66
41 72
42 101
43 68
43 119
44 89
44 116
45 54
45 109
47 49
47 76
47 126
48 114
48 141
49 112
49 120
49 132
50 109
50 132
51 56
51 138
52 141
54 100
55 90
55 142
55 152
56 97
56 116
57 126
58 109
58 125
59 68
62 72
63 125
64 72
64 74
64 100
64 101
64 144
66 163
68 110
68 135
68 142
70 85
71 123
71 131
71 137
72 166
74 100
75 101
75 104
76 97
76 146
77 90
77 125
78 97
78 152
79 102
79 146
80 132
80 165
80 178
81 95
81 135
81 144
82 106
83 84
83 96
83 181
84 130
84 149
84 179
85 104
85 135
85 140
86 115
86 150
86 158
87 161
88 126
88 140
88 170
88 177
89 166
90 117
91 99
91 185
92 175
94 142
96 115
96 186
97 105
97 131
97 150
97 187
98 138
98 168
99 170
101 180
102 114
103 135
103 190
104 120
105 180
106 117
106 135
106 175
107 114
107 173
107 197
107 202
108 178
109 161
109 188
109 203
110 130
110 209
110 210
111 133
111 135
111 205
112 145
112 157
114 170
114 192
116 124
116 201
117 139
117 200
117 207
117 215
118 121
118 186
121 141
121 151
121 175
122 124
123 208
124 189
125 132
126 222
127 227
129 171
129 208
130 206
130 208
131 133
132 191
133 164
133 191
133 220
134 152
134 176
134 192
135 177
136 165
136 212
136 232
137 151
137 219
138 228
140 152
140 239
143 173
143 208
144 150
144 171
144 176
144 227
146 152
146 170
147 237
148 155
148 207
149 204
149 238
151 161
151 163
151 236
151 244
152 196
153 194
153 230
153 249
153 251
155 173
156 166
156 197
156 199
156 248
157 163
157 170
157 216
157 240
159 191
160 224
161 209
162 210
163 199
164 192
164 254
166 201
167 189
168 197
168 229
168 230
169 189
169 242
170 238
170 259
171 258
172 208
172 254
173 226
174 199
174 203
174 207
174 271
175 224
176 204
176 236
177 226
178 184
178 218
178 228
179 186
179 242
180 241
181 251
181 266
182 235
182 255
182 261
183 193
184 188
184 232
184 276
184 277
185 248
185 278
188 224
188 258
189 258
189 285
190 217
190 250
191 250
191 255
192 212
192 236
192 243
193 245
193 257
193 273
194 211
194 248
194 251
194 277
195 203
196 268
197 204
197 277
197 284
198 216
198 227
198 294
199 258
199 270
200 247
200 272
201 207
202 239
202 257
202 269
202 295
204 208
204 257
204 292
205 230
205 269
205 271
205 289
205 298
206 278
207 296
208 209
208 221
208 253
208 297
209 257
209 298
210 259
210 276
211 249
212 310
213 235
213 254
215 281
216 316
217 236
217 296
219 281
219 299
220 227
220 237
220 247
221 307
222 289
222 294
223 249
223 272
223 277
223 316
224 323
225 292
225 305
226 311
228 254
230 313
231 283
231 284
231 295
231 299
233 305
233 321
234 278
234 320
235 268
235 308
236 278
237 288
237 301
238 240
238 278
238 296
238 306
240 259
240 273
241 242
241 276
241 279
241 318
241 320
242 337
243 340
244 268
244 297
244 328
246 314
247 336
248 309
248 313
249 287
249 303
250 310
250 331
251 307
251 342
252 254
252 276
252 285
253 270
253 312
253 349
254 265
254 333
254 352
255 274
255 344
256 303
257 286
257 306
258 277
258 348
259 285
260 325
260 331
261 347
262 321
263 331
263 353
263 355
264 278
264 330
266 336
266 363
267 269
267 321
267 346
268 343
268 361
268 364
269 319
269 343
269 346
270 278
270 332
270 356
272 342
273 333
274 336
275 356
275 375
276 295
276 354
276 355
277 299
277 341
277 346
278 315
280 282
280 339
280 356
280 361
281 364
281 380
282 286
282 316
283 322
283 330
283 345
283 377
284 377
284 380
286 295
286 350
286 371
287 328
287 350
288 367
288 368
289 306
289 347
290 344
290 356
291 336
291 376
292 373
293 383
294 296
294 299
295 312
295 359
295 369
296 347
297 320
298 325
298 397
299 302
299 313
299 335
299 368
300 301
300 327
301 310
301 366
302 391
302 392
303 348
304 380
304 393
305 322
305 334
305 356
305 383
305 404
306 356
306 359
307 338
308 329
308 342
308 374
308 382
310 358
310 364
311 381
313 341
313 352
314 377
315 328
315 341
315 355
315 406
316 366
316 402
317 378
317 404
317 414
318 344
318 398
318 399
319 394
320 396
322 345
322 362
323 391
324 410
325 384
326 375
326 389
327 334
328 329
329 352
330 388
330 412
331 355
331 399
332 432
333 385
333 397
334 338
334 357
335 374
335 381
335 393
335 424
337 369
337 378
337 430
338 351
338 405
338 412
340 351
340 430
341 413
342 374
342 415
342 425
343 385
343 396
343 431
344 364
344 368
344 386
345 358
345 405
346 370
347 389
347 426
348 351
349 382
349 416
350 360
350 418
350 426
350 436
352 389
352 427
353 385
353 396
353 401
353 453
354 384
354 413
354 436
355 441
356 376
356 409
356 449
359 374
359 393
359 407
360 371
360 377
360 460
361 387
362 399
363 366
363 389
364 410
366 424
366 450
366 455
368 388
368 415
369 454
369 455
370 394
370 443
370 455
371 422
371 441
371 450
373 388
373 408
373 413
373 457
374 448
375 379
375 444
375 446
376 398
376 413
376 466
377 468
378 434
378 471
379 441
380 418
381 382
382 443
383 423
384 395
384 464
385 405
385 414
385 452
388 432
388 437
388 469
388 482
389 454
390 420
390 437
390 443
391 428
391 432
391 444
391 483
392 485
393 408
394 434
395 447
396 436
397 417
397 482
398 445
398 463
400 457
400 459
402 413
402 460
402 477
403 405
405 421
406 407
406 456
407 429
408 508
411 452
411 499
412 443
412 500
412 501
413 440
413 474
413 477
414 444
414 469
414 482
414 491
414 507
414 510
415 450
415 458
415 470
415 498
418 488
418 489
418 491
419 468
419 496
420 467
420 481
420 496
421 424
423 437
424 456
424 465
424 511
425 515
426 428
426 437
427 432
428 490
428 505
428 517
429 461
429 479
430 457
431 492
432 467
432 469
432 520
433 476
434 442
434 476
435 436
435 465
435 472
435 487
436 467
436 469
436 517
438 460
438 485
438 495
439 444
439 489
440 473
440 500
440 515
440 518
440 528
441 499
442 488
442 505
444 465
444 475
444 492
444 541
445 537
445 538
446 498
446 505
447 458
447 532
448 545
450 520
450 532
450 543
451 458
451 481
451 482
451 488
451 517
452 466
452 471
453 454
454 462
454 541
455 506
456 490
457 541
458 467
458 527
458 531
458 538
458 545
458 551
460 535
461 477
461 480
463 472
463 489
463 501
464 550
465 471
465 515
466 518
467 472
467 511
467 517
468 469
468 475
468 500
469 523
469 563
471 509
471 516
471 567
472 532
473 552
474 568
475 530
475 547
475 558
476 487
477 507
477 534
477 558
477 569
478 503
479 487
479 558
481 520
481 534
482 506
482 581
483 551
484 568
485 490
485 501
485 528
485 534
485 573
487 510
489 498
489 506
489 552
489 568
491 498
492 526
493 498
493 533
493 568
493 576
494 507
494 554
494 569
494 588
495 502
495 576
495 592
496 563
498 499
498 520
498 544
499 546
499 582
500 583
502 592
502 597
502 602
503 524
503 556
503 561
504 521
504 557
504 594
505 574
506 517
506 540
507 528
507 566
507 596
509 564
510 565
510 604
512 608
514 548
514 604
515 520
517 531
517 560
517 611
518 597
519 548
519 559
520 546
520 591
520 613
521 534
521 542
521 613
522 538
522 576
522 581
523 528
524 574
524 587
524 608
524 612
525 556
527 552
527 558
527 564
527 612
529 584
529 602
529 615
529 626
530 557
531 593
532 610
533 539
533 590
534 614
534 621
534 622
536 555
536 591
536 611
536 629
537 613
537 621
539 548
539 558
540 639
541 563
544 577
545 624
546 589
547 624
547 643
548 550
548 578
548 639
548 646
549 597
550 594
550 619
551 612
552 630
552 651
553 602
554 563
554 570
554 618
555 589
555 646
557 578
557 604
557 616
559 566
559 617
559 652
560 656
562 606
562 611
562 661
563 588
563 589
563 642
564 647
566 639
567 647
568 645
568 652
569 602
569 632
570 573
570 637
571 575
571 587
571 596
571 628
573 582
573 629
573 636
575 658
576 628
577 582
577 590
578 598
579 669
581 642
581 672
582 618
582 668
583 655
584 621
585 675
586 633
586 636
586 678
587 634
588 601
589 619
589 632
589 671
593 614
595 660
596 633
596 644
596 690
597 667
597 670
597 680
598 647
598 674
599 638
600 611
600 643
601 639
602 641
603 636
603 662
604 606
604 679
605 621
605 679
606 639
606 640
606 663
606 670
606 692
606 698
607 677
608 625
608 637
609 685
610 694
611 652
612 662
612 688
613 679
613 710
615 669
615 676
616 659
617 618
618 643
619 630
619 647
619 690
619 692
620 668
620 701
620 714
621 685
623 698
623 721
624 653
624 660
625 632
625 704
626 642
626 646
627 641
627 659
627 683
627 692
630 697
630 705
631 634
631 688
631 698
631 707
631 709
632 650
632 676
632 706
633 634
634 637
635 670
635 693
636 645
636 666
636 697
637 674
637 676
637 689
637 694
637 703
637 709
638 650
638 687
639 660
639 718
639 733
641 673
641 709
641 719
641 730
642 699
642 712
643 648
643 667
643 723
644 656
644 728
645 649
645 739
646 678
646 709
647 685
647 695
647 696
648 694
649 652
649 680
650 668
650 716
650 730
651 691
652 656
652 684
653 663
654 753
655 709
656 723
656 731
657 678
657 754
658 691
658 692
658 733
659 694
659 710
660 661
660 719
660 725
661 688
662 701
662 716
662 758
663 705
664 731
664 739
664 741
664 753
665 689
666 725
667 676
668 699
668 735
668 756
669 745
669 748
671 739
672 712
672 721
672 744
672 758
673 703
673 740
673 763
674 682
675 689
675 757
675 763
676 754
677 726
677 764
678 701
679 768
680 771
681 734
682 713
682 718
684 692
684 772
685 757
686 757
686 772
688 726
689 780
691 756
692 753
692 756
692 789
693 718
695 761
696 738
696 788
697 743
697 778
699 709
699 735
701 765
701 795
702 766
704 726
705 761
705 773
705 794
706 784
706 795
707 795
708 769
711 738
711 788
712 730
712 740
712 798
713 760
714 781
715 791
716 756
716 764
717 779
718 724
718 799
719 814
721 723
722 738
722 770
722 774
724 770
724 772
724 777
724 806
725 813
726 791
726 821
727 737
727 791
727 809
728 732
728 751
729 739
729 781
730 742
730 813
731 767
731 818
732 747
732 768
732 799
733 777
734 810
734 817
735 771
736 758
736 805
737 739
737 791
738 742
739 751
739 759
739 823
739 827
740 766
740 768
740 807
741 767
741 808
742 770
742 794
743 803
744 840
746 812
747 806
748 751
748 790
748 832
749 751
749 794
750 812
751 793
751 837
752 774
754 766
754 805
756 791
756 825
758 779
759 768
761 816
763 860
764 769
765 837
766 769
766 797
768 776
768 807
768 827
769 796
769 825
770 846
770 855
771 842
771 871
772 818
772 828
773 856
773 861
774 776
774 777
774 841
775 823
776 778
777 839
778 838
778 840
778 847
780 850
780 856
780 865
781 831
781 835
781 848
782 783
782 803
782 814
782 819
782 831
782 876
784 804
784 823
784 859
785 838
786 789
786 850
786 864
787 833
787 881
788 842
789 812
790 830
791 834
793 864
793 881
794 873
795 803
795 859
795 868
796 812
799 840
799 841
800 861
801 834
801 849
801 860
801 876
802 810
803 825
804 831
804 868
804 894
805 814
805 886
806 834
809 839
811 830
811 845
813 831
813 845
814 815
814 836
814 846
815 869
815 887
815 900
816 820
816 855
816 880
816 904
817 827
817 870
818 882
820 892
820 906
822 875
822 907
823 908
826 881
827 828
827 852
827 902
828 846
828 894
828 917
828 926
831 854
831 868
831 907
834 870
835 915
835 927
836 839
836 885
836 886
836 936
837 849
837 875
837 885
837 922
837 928
838 873
838 922
839 878
840 897
840 914
841 915
842 930
843 844
843 873
844 927
844 935
845 866
847 947
848 862
848 936
849 882
849 932
849 939
850 875
851 862
851 881
852 884
852 914
852 951
853 906
853 929
854 865
854 950
855 919
856 874
857 886
857 892
857 946
858 891
859 897
859 907
860 861
860 891
860 916
862 872
862 888
863 940
865 918
866 912
866 942
866 947
866 963
867 875
867 879
867 930
867 954
867 961
868 880
868 881
868 931
869 896
869 937
870 888
870 898
870 952
871 922
871 966
872 874
872 933
872 943
873 877
874 880
874 927
874 971
875 953
876 948
877 918
878 902
879 899
879 936
880 965
881 947
881 963
881 965
881 971
882 930
882 955
883 957
884 964
884 982
885 938
885 940
885 962
886 913
886 970
886 984
887 890
887 905
888 891
888 944
888 962
889 945
890 915
890 975
891 916
891 918
891 939
891 988
892 952
892 976
893 906
893 936
895 905
895 944
897 965
898 991
899 994
900 906
900 932
900 979
900 992
901 939
901 959
901 984
902 921
903 938
903 961
903 987
906 1000
907 912
907 957
907 972
907 997
911 919
911 935
911 941
911 946
912 922
913 921
913 961
914 964
914 986
914 988
915 956
917 961
917 970
918 945
918 949
918 964
922 926
923 954
923 998
924 946
924 965
924 992
925 950
926 936
927 930
927 941
927 956
928 968
929 934
929 936
929 971
929 973
932 950
934 968
935 992
938 948
938 951
938 977
938 986
941 945
941 961
941 1000
942 975
944 983
946 950
946 989
948 996
950 989
954 976
954 984
957 994
958 984
958 999
962 980
962 995
963 990
964 990
967 976
970 974
971 979
972 977
973 996
975 991
982 989
982 991
982 992
982 994
985 990
985 992
986 987
986 998
988 998
4 32 14 26 11 18 0 14 5 4 4 14 20
9 11 8 4 3 8 0 9 2 10 1 6 1
6 9 15 7 17 11 11 20 7 4 3 4 9
12 2 0 11 10 2 5 1 1 1 1 0 4
13 13 2 8 11 5 11 5 38 24 1 1 16
6 9 4 15 13 8 5 9 5 5 8 7 20
39 8 3 12 3 8 8 3 13 28 4 5 8
19 2 15 6 9 10 10 23 23 19 8 6 14
1 0 3 8 4 8 21 1 3 2 2 2 2
14 28 3 12 3 6 6 11 10 6 4 12 11
16 11 6 2 8 10 15 5 3 14 8 1 8
6 32 4 18 8 12 24 3 26 16 10 2 10
2 19 11 9 4 8 3 12 6 1 2 10 10
7 1 6 7 27 6 8 10 2 6 11 19 11
11 13 15 8 10 20 15 4 6 15 11 8 17
7 0 2 1 11 7 4 2 24 2 2 6 10
14 5 15 12 0 18 7 6 7 9 1 4 3
2 4 0 17 18 0 46 2 3 1 17 7 21
5 0 12 9 16 1 2 12 4 7 6 7 3
17 21 4 7 14 14 17 14 6 6 7 26 4
31 63 34 70 45 38 36 19 70 42 30 26 56 43 14 69 33 50 54 23
39 43 33 73 27 36 29 20 59 32 26 12 43 39 11 49 43 50 50 23
10 20 5 33 19 9 12 1 24 12 13 8 11 10 1 19 7 24 13 9
39 56 29 62 37 29 36 25 58 36 41 28 49 13 23 46 46 36 38 22
33 30 30 46 25 32 5 4 53 24 16 26 37 30 11 41 23 47 33 20
22 40 20 52 21 18 21 5 56 18 24 20 32 19 8 33 28 44 31 15
33 70 32 76 56 42 56 36 73 55 54 40 53 47 22 71 38 53 53 37
5 25 8 36 18 9 12 7 24 12 12 7 13 14 2 20 11 26 22 6
17 35 14 40 18 16 23 8 52 10 28 28 26 13 17 27 30 34 19 4
9 25 5 28 12 2 9 3 23 6 14 6 15 5 5 27 13 16 10 2
24 43 36 80 51 36 42 32 70 33 39 38 40 32 25 62 39 67 48 11
1 2 1 15 1 1 2 2 11 1 1 1 1 3 1 11 3 13 8 1
9 18 4 27 13 9 8 4 15 10 11 4 9 14 5 11 8 24 19 5
16 29 16 52 21 24 23 10 46 21 20 20 22 19 6 40 21 37 25 11
41 65 29 60 27 28 45 27 65 42 31 29 57 22 16 51 55 24 49 27
10 30 9 48 16 11 16 9 43 15 19 8 18 21 6 25 24 33 33 14
31 67 48 80 42 44 39 42 85 37 49 29 59 54 22 70 45 66 74 32
13 35 6 47 29 16 33 15 50 24 31 31 25 15 24 32 39 26 20 12
39 48 39 61 37 36 36 25 50 37 28 24 50 22 17 50 47 33 45 21
10 23 3 31 12 7 12 2 21 16 9 6 18 7 1 22 15 23 16 4
44 57 32 76 33 37 39 22 68 38 32 23 50 35 15 63 45 45 55 32
19 40 30 51 36 24 23 17 54 21 35 29 34 32 24 47 25 45 36 20
29 43 28 50 20 29 17 17 35 19 28 13 32 25 12 40 29 33 36 15
7 15 1 20 6 4 1 1 17 1 7 1 8 8 1 7 7 17 13 4
27 50 45 63 34 37 32 27 75 39 31 24 53 51 21 70 43 58 51 30
20 46 17 60 33 28 30 17 53 17 42 31 25 24 27 50 34 44 38 14
1 7 1 16 6 2 5 6 14 5 3 2 3 7 1 17 10 11 8 2
1 4 1 16 3 1 1 1 10 1 1 1 3 3 1 8 4 14 9 1
19 24 11 51 16 15 15 12 48 6 21 15 20 23 13 35 22 47 36 10
21 37 12 29 6 14 9 11 37 11 13 10 26 23 6 31 20 26 37 7
19 22 15 40 14 9 12 7 36 13 8 5 23 12 3 32 15 27 23 9
19 24 14 23 17 9 13 7 30 13 10 9 21 6 4 17 21 10 18 9
16 19 15 46 18 14 14 10 44 8 9 16 19 25 8 36 19 45 31 1
10 46 23 64 41 26 39 28 65 25 40 25 27 39 24 60 38 51 41 26
46 43 35 55 3 38 7 3 50 30 34 9 47 37 24 29 33 52 44 33
11 9 9 27 9 6 1 1 25 5 4 4 16 7 1 14 7 23 16 5
6 9 4 17 11 2 5 1 12 5 3 3 7 2 1 11 8 8 4 2
7 31 7 47 29 13 27 5 46 17 26 23 11 17 8 35 24 29 13 12
15 27 18 57 35 26 26 13 53 27 22 22 28 27 3 44 19 50 32 16
36 63 41 85 37 41 32 23 84 25 40 28 46 48 22 72 44 65 62 26
2 6 1 13 6 2 5 2 10 5 3 2 5 3 1 12 8 8 4 2
25 39 15 46 20 19 31 20 47 28 14 13 36 22 3 51 33 28 29 7
16 32 29 55 17 25 19 20 60 17 22 15 28 28 7 49 34 50 45 14
31 48 12 46 20 31 32 13 44 36 30 20 37 26 17 32 33 32 25 21
23 42 33 62 31 31 19 21 54 33 36 15 41 43 20 55 26 48 48 33
12 32 10 60 37 21 32 15 55 25 29 28 23 30 9 43 21 53 34 15
7 40 14 42 11 12 18 6 39 19 25 8 23 24 3 19 24 25 37 17
20 61 28 65 32 20 41 21 75 28 56 36 43 31 30 49 52 39 37 30
14 26 10 42 11 13 12 1 39 15 15 8 16 17 3 36 16 37 21 15
42 58 34 71 35 34 42 20 56 37 38 14 50 31 23 49 52 32 44 19
32 45 32 56 24 37 23 8 62 29 32 24 41 31 14 37 36 54 36 27
17 48 14 45 21 11 25 8 37 24 18 6 27 14 4 37 31 19 34 16
5 7 1 25 14 7 14 1 20 7 9 13 6 4 9 20 11 24 6 6
8 28 10 49 13 15 24 16 50 14 17 10 17 21 5 37 26 38 28 7
8 19 5 24 12 1 11 1 27 5 8 6 12 1 5 21 19 17 9 5
32 42 21 46 10 23 15 4 52 19 8 15 40 24 8 36 28 37 39 12
22 51 35 65 43 28 29 21 56 31 38 24 36 29 17 55 34 46 39 28
27 53 23 76 38 35 48 27 73 37 43 31 40 37 36 55 58 58 45 22
17 28 10 44 21 18 21 6 32 12 17 18 20 11 11 30 27 27 25 4
12 54 23 69 36 25 39 12 66 33 43 26 37 35 15 53 33 51 37 33
21 11 15 29 9 14 3 6 33 9 5 10 23 17 1 26 8 30 22 8
18 50 24 55 27 13 26 19 50 25 31 13 31 25 9 48 34 18 42 29
21 45 25 66 25 32 37 29 57 25 31 12 35 41 20 57 41 55 50 11
9 12 3 22 7 6 4 3 17 4 9 4 7 10 4 11 4 15 11 5
19 51 20 59 28 15 30 25 65 20 35 22 33 22 13 44 43 36 41 18
1 2 1 8 1 1 1 1 7 1 1 1 2 1 1 7 1 8 6 1
8 17 5 32 15 10 7 1 30 7 14 12 13 9 1 21 4 29 10 7
2 8 1 16 4 1 1 1 11 1 1 1 4 1 1 11 4 11 9 1
28 47 21 62 40 35 34 11 50 35 28 24 42 34 2 49 24 47 43 15
6 9 1 17 1 1 1 1 10 1 2 1 2 7 1 8 1 12 13 1
23 42 27 68 32 26 30 12 65 30 29 26 31 31 6 54 33 42 35 33
16 36 5 50 32 25 33 1 45 25 26 30 23 22 19 41 28 44 24 22
7 18 5 28 8 6 6 6 25 4 8 5 9 13 6 17 11 19 15 7
28 39 19 52 18 31 20 6 38 38 11 8 38 28 2 40 29 37 40 17
34 65 44 85 43 33 42 31 85 45 53 26 51 44 27 60 57 46 55 45
1 6 2 21 9 1 4 1 14 3 4 5 5 2 1 9 9 14 8 1
34 56 37 80 35 37 33 20 81 22 43 27 42 46 27 62 44 70 58 21
21 45 23 77 46 43 42 17 57 35 41 35 36 31 15 61 25 61 42 14
28 46 20 55 28 28 28 19 61 22 33 31 38 27 16 46 34 44 36 12
1 20 1 12 4 1 1 1 15 1 9 1 3 4 1 10 11 3 6 3
7 10 1 18 1 1 1 1 13 1 6 1 7 3 1 10 2 12 8 1
18 39 9 47 21 13 26 17 43 19 21 20 28 8 11 35 33 17 21 2
17 15 18 38 17 15 9 11 37 11 15 15 22 18 1 34 16 37 26 8
22 28 25 51 25 16 26 15 59 17 20 25 35 21 11 44 33 42 29 7
13 41 25 49 37 15 26 22 44 23 31 14 26 20 12 45 29 19 33 23
1 2 1 17 1 1 1 1 9 1 1 1 4 1 1 2 1 16 3 1
15 37 18 41 26 15 13 13 39 13 24 14 26 21 6 31 16 33 34 13
3 7 3 20 11 4 6 4 16 6 3 4 4 6 1 15 8 13 8 4
13 26 20 32 20 12 12 15 35 13 23 8 26 20 13 33 15 27 20 16
21 43 29 59 41 19 37 22 62 28 37 30 39 11 20 51 38 44 27 11
3 8 1 16 5 1 6 3 14 2 2 4 1 4 3 12 7 13 8 1
5 9 3 13 3 1 8 1 13 6 1 4 9 1 3 11 9 14 4 1
7 34 5 52 19 11 21 5 48 16 21 8 16 21 7 31 27 38 31 12
3 5 1 17 4 1 2 1 10 2 1 1 3 2 1 11 1 13 5 1
12 23 12 47 24 20 16 5 37 13 23 18 17 16 4 31 10 39 22 12
9 20 15 29 14 13 17 14 42 9 13 21 23 13 7 27 22 31 23 1
1 2 1 9 1 1 1 1 6 1 3 1 1 1 1 9 1 3 1 1
32 49 27 53 22 28 25 8 56 21 43 15 40 34 34 37 35 49 35 26
17 29 15 41 22 11 15 15 37 10 22 10 17 15 4 33 23 22 26 8
21 25 11 39 10 17 15 2 46 14 10 13 26 14 7 37 22 35 26 11
11 21 2 23 5 3 5 3 19 7 3 1 12 9 1 17 14 11 17 1
42 61 47 74 37 32 31 18 77 32 41 39 55 39 23 57 46 43 60 36
12 17 4 36 18 7 12 5 32 8 12 14 12 8 8 24 12 30 25 9
22 43 41 63 31 32 25 33 70 13 34 28 35 32 22 60 38 55 52 14
24 43 26 66 31 28 39 26 56 25 20 11 33 29 15 56 44 44 45 10
33 63 32 85 41 49 46 23 75 49 39 32 55 41 15 60 42 64 57 23
18 47 28 64 30 22 26 9 60 28 34 12 34 26 9 40 35 41 37 27
26 40 23 53 28 29 30 16 66 30 34 32 40 32 20 57 28 49 25 23
35 47 36 66 45 36 35 27 59 32 30 31 47 23 17 55 34 45 52 12
23 47 36 60 30 22 29 19 62 28 26 28 46 36 12 47 32 40 52 24
29 47 28 67 42 24 33 23 68 27 39 26 40 33 26 65 44 43 44 28
44 51 46 74 34 41 30 26 63 39 37 32 52 30 25 64 49 46 52 29
48 58 39 78 36 49 37 26 70 37 37 32 56 57 29 78 51 65 63 19
34 50 34 78 25 22 28 16 71 29 33 20 47 35 18 50 46 48 58 33
13 22 8 31 15 6 6 4 23 7 11 8 17 6 1 18 14 18 20 5
22 51 20 50 31 16 30 20 57 27 33 19 34 22 15 43 33 21 31 25
31 44 26 58 35 32 29 19 42 33 28 17 36 32 10 57 29 29 34 24
35 59 35 50 21 25 29 13 59 32 40 7 49 34 28 31 42 38 41 33
20 38 28 51 32 28 30 21 53 29 32 25 39 20 15 37 32 47 37 6
20 19 15 36 17 13 9 3 33 16 11 5 24 10 1 35 12 23 17 12
31 39 21 47 10 19 12 1 46 23 18 1 39 22 8 25 28 36 37 16
1 6 1 12 1 1 4 3 11 1 6 3 1 3 2 14 4 10 6 1
9 18 6 28 8 6 4 1 26 1 17 7 10 8 7 16 10 19 10 5
1 2 1 12 1 1 1 1 9 1 1 1 2 1 1 10 1 10 1 1
6 10 1 14 6 1 1 4 12 1 7 1 7 7 1 12 6 13 8 1
32 44 25 51 20 25 24 8 57 32 23 12 42 21 12 28 38 35 30 27
1 21 3 33 7 1 18 1 34 11 10 9 13 9 3 20 21 22 23 8
17 32 15 52 32 21 28 12 54 21 31 21 26 25 11 52 19 42 21 21
22 41 6 41 23 19 24 15 30 28 19 11 32 18 7 28 28 15 30 3
14 18 12 26 12 7 9 5 25 10 10 7 19 9 1 22 16 11 12 5
18 45 24 41 25 13 19 20 45 17 27 8 31 21 15 38 27 19 36 23
8 21 7 35 15 6 8 1 26 10 6 1 16 11 2 17 14 25 20 5
32 33 18 39 5 23 7 1 35 14 13 3 35 22 10 22 19 34 33 13
17 16 12 36 13 15 12 1 36 9 13 15 21 16 11 29 15 40 20 7
16 40 18 41 22 11 15 19 35 17 24 2 27 23 10 40 24 14 31 14
6 2 1 14 1 1 2 1 16 1 1 2 8 1 1 13 1 16 4 1
32 40 25 59 26 36 29 4 65 32 38 31 41 34 15 49 29 60 32 29
19 33 22 62 40 24 31 12 56 28 24 23 33 19 7 45 23 48 33 19
6 8 9 36 14 4 8 1 31 4 8 9 11 5 4 23 14 22 10 3
3 5 1 12 3 1 1 1 16 1 1 3 3 1 1 4 2 10 6 1
37 45 26 70 31 38 30 8 71 36 41 35 42 41 29 56 43 63 42 31
15 25 15 42 5 16 15 14 48 9 17 7 22 25 11 26 27 39 31 12
14 15 5 40 13 12 16 13 27 11 10 10 15 19 8 34 18 30 31 1
10 14 9 28 8 7 11 6 28 9 13 8 15 11 7 29 12 23 9 7
26 50 22 67 38 28 38 16 62 34 40 29 47 27 19 45 36 50 34 13
11 16 3 18 5 5 1 1 16 2 6 3 14 4 1 17 5 18 10 1
8 12 3 13 7 1 1 1 16 1 5 3 10 1 1 11 8 11 10 1
14 14 14 45 13 13 15 15 35 7 15 12 14 16 5 37 17 33 27 4
5 8 1 16 5 1 1 1 12 1 6 1 10 4 1 10 7 17 6 1
25 37 27 42 21 20 16 5 48 13 19 21 36 15 11 30 27 37 29 2
17 33 7 50 35 27 34 3 56 26 31 36 27 29 18 44 26 47 23 18
26 28 20 46 21 18 13 5 34 23 11 6 29 14 1 40 17 31 29 15
9 24 5 38 10 7 23 18 38 12 18 12 16 15 10 30 27 26 19 1
1 6 1 23 7 1 1 2 17 1 3 1 2 5 1 15 7 13 7 1
8 34 11 55 24 10 27 14 54 10 27 22 17 17 14 34 37 41 34 9
7 12 5 21 11 1 4 1 14 4 5 1 9 1 1 14 10 9 6 1
11 22 12 35 15 6 12 13 35 10 12 5 16 11 1 29 24 14 23 12
1 17 1 27 3 1 4 1 23 1 10 2 3 7 1 14 8 18 19 5
5 11 7 19 11 4 6 7 17 1 10 9 5 6 1 10 12 10 10 1
1 10 1 32 12 7 9 8 33 6 7 7 6 13 1 22 15 25 18 9
18 50 18 60 27 16 33 19 60 24 32 20 26 20 6 46 40 30 36 20
50 58 45 73 36 50 35 24 65 39 32 26 60 45 19 66 47 54 57 22
12 27 15 41 23 12 18 7 46 13 19 18 17 13 1 36 20 26 20 13
13 50 30 52 29 12 32 19 55 19 34 24 32 14 14 48 39 23 33 20
19 36 26 54 17 13 26 15 62 15 23 18 30 23 3 41 38 29 37 16
42 54 35 78 25 44 20 18 61 39 38 25 49 47 23 56 40 60 60 32
6 24 1 32 3 2 3 7 24 1 7 1 7 10 1 24 16 16 24 4
19 34 13 55 19 13 13 5 53 11 20 10 24 23 9 37 24 45 38 13
3 6 1 12 6 2 3 1 6 3 3 2 1 2 1 7 1 10 2 2
28 40 32 62 34 28 28 10 63 27 23 24 42 26 5 51 25 54 41 12
27 53 36 73 35 30 31 14 69 26 46 20 39 31 29 44 40 58 45 30
27 51 18 68 33 23 41 18 58 33 25 20 38 23 10 50 46 30 42 18
6 8 3 20 9 4 10 6 24 7 4 7 10 7 4 16 11 20 11 3
18 32 16 29 14 8 5 8 30 7 22 1 25 18 11 24 16 20 23 12
1 20 12 36 23 7 10 10 26 8 21 8 12 14 3 27 11 25 18 3
29 54 32 72 48 42 44 33 59 37 42 37 41 32 20 59 33 56 57 10
4 13 4 14 11 6 7 5 13 7 11 6 4 6 3 18 7 14 5 8
5 12 1 10 1 1 1 1 8 1 4 1 4 5 1 9 5 6 10 1
9 21 2 37 19 10 16 3 28 10 19 15 9 11 7 30 13 25 14 6
1 5 1 15 3 1 1 1 12 1 1 1 1 4 1 9 1 7 4 1
19 49 30 74 35 28 36 11 69 34 34 33 41 32 7 55 36 52 47 33
37 53 29 84 33 48 41 13 79 46 43 25 49 57 27 62 44 81 55 38
9 21 5 25 13 4 8 4 23 5 14 8 10 6 1 17 13 18 16 2
13 26 10 42 21 13 13 10 34 9 13 14 17 8 5 25 20 28 33 8
3 12 1 20 4 1 1 4 14 1 7 1 3 9 1 12 4 17 16 1
1 5 1 22 7 1 3 1 12 1 2 2 1 5 1 13 4 15 9 1
3 3 2 23 3 2 7 9 21 1 2 2 2 10 1 18 9 23 16 1
21 21 15 38 14 10 8 3 32 12 9 5 25 8 1 25 13 20 20 7
45 57 34 77 45 38 46 25 60 40 36 21 52 34 25 57 51 39 49 24
24 47 34 71 33 39 38 28 77 26 39 33 34 36 18 60 39 69 52 12
14 30 20 58 32 21 22 6 47 24 23 18 21 18 1 44 22 36 26 20
30 34 22 53 16 23 13 4 47 20 17 9 31 24 13 34 23 38 31 20
22 60 34 71 40 34 34 35 66 28 47 25 43 39 31 58 44 52 63 21
5 10 5 17 8 1 5 4 11 4 13 7 6 5 1 13 9 11 9 1
2 10 1 16 1 1 1 1 16 1 7 1 5 5 1 7 5 13 8 1
2 9 2 20 11 1 6 1 15 7 3 2 8 4 1 12 10 16 10 1
22 61 42 93 60 45 49 33 84 46 57 40 46 54 27 84 45 74 56 33
20 40 12 59 23 21 23 11 44 22 20 15 25 26 1 42 27 31 36 19
15 42 12 42 16 10 13 11 44 12 23 7 26 17 8 30 23 25 34 18
35 67 51 73 32 31 36 26 84 31 49 29 56 35 22 58 53 44 58 35
41 48 38 65 42 36 38 24 54 27 33 32 48 21 20 60 41 40 45 13
19 35 12 36 15 10 14 10 29 13 19 4 21 15 6 33 19 14 27 9
16 22 8 25 6 5 5 2 29 4 1 5 18 10 1 20 12 18 20 1
17 35 16 40 10 12 7 5 37 14 14 3 24 13 1 33 26 19 27 14
15 29 12 35 14 6 13 9 32 10 10 4 20 7 1 25 25 15 27 13
13 32 7 47 24 17 25 1 36 18 20 20 16 14 12 36 26 32 29 16
19 29 17 58 23 30 21 2 52 29 24 23 26 32 13 45 22 57 30 26
2 18 10 34 10 11 12 17 28 4 10 1 4 24 6 22 18 30 31 3
9 15 2 25 6 4 2 7 19 2 5 1 9 12 1 17 10 11 17 1
16 31 16 40 18 8 18 15 41 13 18 11 20 14 5 32 31 12 30 17
12 31 22 52 26 24 30 21 53 13 26 13 20 30 19 56 35 47 28 7
25 47 28 69 32 24 42 27 73 33 31 25 37 28 13 52 49 38 39 26
18 47 16 49 28 24 25 13 51 26 29 23 33 25 3 38 24 40 38 12
30 68 46 83 43 30 44 31 75 43 42 23 58 42 19 73 53 44 65 35
27 50 36 78 51 39 42 27 76 37 50 41 43 41 31 73 41 69 49 29
17 34 14 37 15 11 20 14 44 21 23 14 27 17 13 36 23 27 18 15
4 21 11 26 7 1 12 1 24 8 8 4 11 3 1 17 22 6 19 12
5 17 3 36 15 6 11 3 32 7 11 7 14 12 6 19 12 32 21 4
5 17 3 20 6 1 8 6 23 8 2 1 10 7 1 13 18 12 14 1
21 58 31 79 53 35 53 32 80 38 47 27 43 49 25 77 45 66 53 25
13 43 31 66 39 21 35 33 66 26 40 25 35 29 23 57 39 50 40 16
50 59 35 72 50 44 44 18 71 43 34 42 60 40 30 71 55 51 52 18
25 39 34 60 37 37 21 26 69 23 38 37 35 47 24 66 25 61 42 24
15 36 19 43 14 18 24 9 43 19 31 15 26 15 19 13 33 33 23 11
17 19 18 25 10 13 7 1 35 8 6 13 26 10 2 18 16 26 17 3
20 17 14 32 12 13 10 6 34 13 9 11 25 15 1 23 14 29 21 8
25 41 26 61 11 24 13 15 57 27 17 8 37 36 7 44 38 50 51 24
31 50 37 69 35 35 37 31 69 23 32 17 40 40 19 69 41 60 54 16
15 32 24 53 36 16 30 24 48 18 26 25 19 13 17 40 40 29 37 9
31 41 28 49 16 28 14 9 48 20 27 13 37 23 14 29 33 41 34 20
14 27 16 34 14 7 12 15 41 7 14 7 19 17 5 34 23 25 28 13
5 10 1 14 10 1 5 1 11 5 1 2 5 1 1 9 8 5 2 1
5 11 4 22 6 1 4 5 16 3 5 1 8 5 1 21 10 13 10 1
4 8 1 17 1 1 1 3 20 1 1 1 6 5 1 13 6 16 15 1
11 15 9 29 16 5 8 1 28 7 11 5 15 5 1 16 11 18 11 4
8 30 20 47 27 19 23 15 42 22 25 16 27 14 6 37 22 38 26 3
21 48 25 62 32 21 26 23 49 26 27 10 38 31 12 51 34 31 50 22
43 47 33 59 18 37 19 17 56 25 23 16 49 42 13 49 38 45 49 13
17 65 34 83 45 35 50 30 76 45 48 40 48 38 13 66 46 54 58 30
18 37 30 66 26 28 23 19 60 23 23 13 27 33 9 52 39 53 43 15
28 49 20 60 31 22 37 20 69 28 26 34 42 21 24 49 46 47 43 17
9 16 1 21 3 6 6 1 16 6 1 2 8 1 1 15 8 11 12 4
21 45 18 56 30 17 29 7 59 20 35 23 33 18 18 39 39 42 26 15
6 19 2 28 15 8 17 1 27 15 9 11 13 7 2 18 13 26 9 8
5 20 8 35 19 9 20 5 38 6 19 18 11 5 10 18 20 32 17 1
54 66 37 68 31 48 36 16 68 51 32 29 65 41 15 67 44 54 51 29
3 12 1 10 1 1 4 1 11 3 1 1 5 1 1 4 9 8 7 1
17 20 9 38 10 14 18 12 41 9 13 13 20 20 11 33 21 37 23 4
6 6 2 7 1 1 1 1 8 1 1 1 8 1 1 4 4 10 4 1
13 20 15 26 16 9 17 4 36 10 12 19 23 7 6 20 21 25 13 1
12 21 12 47 19 16 23 17 44 8 23 17 14 23 12 44 22 47 28 6
2 6 1 12 3 1 1 1 11 1 1 1 4 1 1 8 4 8 3 1
4 7 1 11 2 1 1 1 11 1 1 1 7 1 1 7 6 12 5 1
21 55 25 55 25 14 26 24 59 25 40 12 36 27 19 38 47 22 37 27
17 29 18 44 12 17 18 8 41 11 27 12 19 21 18 18 26 32 26 12
29 36 18 45 26 24 21 7 37 22 21 13 29 19 5 30 24 22 28 15
25 38 28 52 27 21 18 16 62 21 21 30 37 30 17 41 37 45 38 10
17 29 18 52 36 18 34 16 54 25 24 26 23 17 9 40 32 36 27 16
24 56 43 79 48 45 42 42 78 29 45 34 42 40 17 72 40 69 65 20
9 27 4 37 14 8 17 5 35 17 13 10 24 9 1 24 17 26 25 1
1 9 1 15 5 1 1 1 13 1 7 1 3 1 1 11 5 10 2 1
19 19 13 43 8 11 4 6 34 9 8 4 20 20 3 27 16 31 25 9
21 37 19 53 30 28 31 10 56 20 29 33 31 20 13 41 23 51 30 13
5 25 15 35 17 10 18 21 39 6 21 15 13 13 9 33 26 28 23 3
12 37 18 57 30 14 18 9 49 18 26 11 23 23 12 44 23 39 30 18
1 20 3 25 15 1 14 3 33 6 17 10 13 3 6 24 18 20 6 1
44 67 49 83 38 45 39 24 93 34 41 38 55 44 26 77 64 67 64 25
13 25 6 37 8 7 4 2 28 6 8 3 16 10 1 18 16 17 21 4
29 53 28 64 21 27 29 16 54 31 27 15 48 38 6 38 38 36 57 18
35 63 32 76 37 33 37 26 54 36 41 19 40 41 13 59 46 32 57 34
32 53 29 56 27 22 30 29 55 34 26 13 46 30 12 57 48 22 40 19
22 48 32 69 36 27 36 27 69 16 32 21 29 27 18 49 48 51 54 9
1 10 1 32 15 6 13 4 33 8 12 14 3 11 1 22 10 24 11 8
25 64 28 75 52 37 54 22 79 41 58 45 43 32 29 60 53 53 34 31
25 54 37 57 45 32 31 19 70 30 37 37 41 29 20 58 38 44 41 26
1 4 1 23 8 1 3 4 17 1 10 6 1 3 1 18 8 12 8 1
20 61 23 73 42 25 41 25 67 35 40 27 37 35 14 59 42 48 50 21
26 31 19 54 33 27 24 6 49 22 20 31 33 24 8 46 15 47 33 14
4 12 1 22 7 2 5 1 18 1 11 6 1 5 6 11 8 16 7 1
18 27 6 40 18 16 19 8 38 16 10 15 19 15 7 34 19 28 26 13
48 67 31 81 40 46 50 16 85 46 45 37 61 41 25 60 52 55 49 29
1 5 1 14 1 1 3 1 13 1 1 1 2 3 1 10 3 11 6 1
3 8 1 10 3 1 1 1 11 1 1 1 4 1 1 7 4 1 4 1
8 8 1 14 4 1 3 5 15 1 7 3 7 6 1 15 3 12 10 1
15 39 19 58 27 29 26 24 52 18 26 13 23 35 7 51 24 51 49 13
14 21 9 27 11 5 4 1 26 4 15 2 17 7 3 15 14 17 12 5
15 34 20 38 20 9 14 9 41 14 25 6 29 14 8 27 24 24 19 13
8 12 1 12 4 1 6 1 9 6 1 1 7 5 1 6 9 10 13 1
11 11 9 22 14 8 8 1 21 9 4 8 14 9 1 15 9 24 15 5
13 17 9 27 13 7 9 5 26 4 11 12 16 1 5 18 10 18 11 1
8 20 8 36 13 11 11 4 32 6 21 12 4 14 7 20 14 25 18 9
37 68 45 80 57 42 53 45 84 44 54 39 51 47 27 78 55 51 59 44
5 22 2 27 14 7 11 1 23 8 10 8 9 4 1 17 11 15 11 13
19 48 35 60 39 34 35 34 69 17 39 31 27 30 19 61 40 52 46 14
2 13 1 29 4 1 2 5 21 1 4 1 3 9 1 13 12 18 19 5
5 9 1 16 5 1 5 1 11 3 3 4 4 3 3 8 8 13 9 1
3 24 2 30 9 5 15 10 28 15 10 6 12 14 2 20 17 21 24 3
7 24 12 28 15 6 7 8 31 1 24 10 13 14 10 22 13 17 12 9
34 48 27 75 36 39 39 26 53 36 27 16 37 44 14 57 39 48 55 21
4 19 4 35 12 5 8 2 32 5 13 7 6 9 1 29 9 20 9 11
24 45 23 56 37 33 34 21 47 34 26 24 40 29 4 48 29 42 46 14
38 63 47 86 51 45 45 30 77 42 47 35 56 34 25 61 48 65 61 24
15 19 10 33 6 11 8 7 31 9 12 6 16 18 7 26 13 27 19 9
22 34 15 41 21 18 17 10 40 19 13 14 31 22 3 42 20 32 33 5
23 44 17 54 23 16 13 17 46 16 23 3 31 26 7 41 27 34 44 16
12 40 23 52 26 16 25 28 40 14 25 8 21 26 11 50 34 23 39 9
9 19 8 31 13 7 10 3 27 14 9 3 20 13 1 21 14 24 16 4
2 29 2 35 17 11 22 6 36 22 16 12 16 15 1 25 12 30 21 8
38 46 27 57 40 34 35 12 53 27 30 36 41 24 22 54 39 38 40 13
10 14 2 24 3 4 1 1 16 2 3 2 10 2 1 12 7 11 16 2
7 16 1 21 6 4 4 7 19 4 10 4 4 12 1 12 11 15 20 5
1 9 1 17 5 1 4 2 18 2 2 3 6 4 1 9 8 8 4 1
14 37 11 42 27 14 27 8 49 24 25 20 24 13 8 24 32 24 16 15
38 57 29 74 44 35 39 12 78 27 40 40 41 36 28 57 50 57 56 26
5 34 17 60 26 19 27 14 51 18 28 21 18 25 7 34 25 41 39 17
10 13 5 25 8 2 6 1 26 8 8 3 18 4 1 18 11 20 13 1
24 50 36 48 19 17 20 14 57 21 28 19 44 32 14 44 32 33 40 27
26 43 17 58 19 15 22 5 58 25 21 13 36 14 10 32 38 34 29 19
17 48 26 47 21 18 24 20 50 22 43 14 32 28 25 28 38 28 33 20
25 47 30 71 34 38 37 10 62 36 41 23 38 37 22 36 37 57 40 29
12 26 6 23 12 2 10 1 25 11 5 2 18 1 1 14 21 5 14 2
8 10 3 15 6 3 3 1 12 5 5 3 7 7 1 9 6 19 14 1
23 54 38 76 39 28 40 25 72 30 44 38 40 28 21 51 45 48 48 29
16 34 15 50 27 20 29 15 54 22 24 26 33 19 10 39 26 42 33 2
10 12 1 8 5 1 1 1 11 1 4 1 9 1 1 6 7 11 11 1
14 55 32 71 36 24 45 28 67 29 35 20 29 37 12 52 53 39 53 26
27 48 13 64 29 29 28 18 57 35 36 20 40 29 15 45 33 44 37 18
10 26 4 44 16 9 17 5 37 14 17 13 17 13 2 29 19 27 19 5
10 15 8 45 15 10 12 10 38 10 11 6 19 22 6 32 12 40 25 4
30 47 35 54 23 25 23 20 56 23 37 11 34 33 19 40 40 35 38 24
8 11 1 15 4 3 1 1 4 2 1 1 7 1 1 8 5 10 12 1
49 67 46 73 44 40 39 24 80 39 47 39 64 42 34 69 49 52 53 28
14 45 18 58 14 10 24 16 51 26 27 18 32 27 5 42 34 30 43 20
2 6 1 11 2 1 1 1 2 1 2 1 1 1 1 6 1 10 6 1
8 19 11 48 14 18 15 7 48 16 8 8 18 23 1 37 21 37 23 19
11 42 35 71 31 17 31 26 69 19 35 19 31 32 15 60 44 47 48 24
15 33 18 38 27 13 27 14 38 19 22 18 23 5 6 34 30 18 21 8
42 63 27 75 34 41 47 20 80 42 39 47 56 33 31 64 51 56 53 26
10 32 7 40 23 10 14 7 31 17 20 9 16 18 1 34 14 24 21 10
11 28 14 35 15 12 18 16 31 8 16 4 14 16 2 34 29 18 28 1
1 4 1 11 4 1 1 1 10 1 4 1 1 1 1 6 3 8 4 1
22 59 37 67 45 34 39 19 63 39 53 20 38 39 25 45 41 44 44 39
16 48 21 46 33 14 30 26 54 29 34 20 36 18 22 40 38 22 29 23
11 40 21 45 28 9 25 12 42 8 31 22 16 9 14 39 33 20 25 14
1 6 1 14 3 1 1 1 5 1 5 1 1 1 1 9 1 11 4 1
1 9 1 16 1 1 3 1 15 4 6 1 8 3 1 11 6 13 7 1
23 56 33 66 30 21 30 12 68 24 44 14 42 28 26 42 45 42 41 31
13 17 2 32 3 7 1 5 23 2 7 1 14 14 2 18 9 21 21 2
8 31 7 53 26 13 25 6 48 12 22 19 17 8 8 38 26 38 30 7
14 35 17 58 21 9 22 5 53 11 25 17 20 17 7 40 33 30 30 13
4 5 3 21 4 1 1 6 13 1 5 1 6 8 1 17 5 18 13 1
21 43 30 64 24 24 30 21 63 20 31 17 29 34 10 40 40 42 50 27
11 14 12 22 10 6 9 6 23 11 3 1 17 8 1 20 15 11 11 6
41 55 30 77 23 40 28 13 64 40 33 23 47 38 20 54 49 53 52 31
17 55 32 80 46 23 50 17 77 38 44 39 39 32 20 61 51 50 43 30
19 58 35 69 34 35 45 27 80 26 39 23 38 46 14 66 46 58 50 28
17 39 8 51 32 21 33 10 51 26 27 22 28 25 11 54 28 37 26 15
21 63 28 82 46 37 50 33 72 39 51 36 38 52 23 72 46 57 65 32
11 20 2 43 13 5 10 6 31 4 11 9 14 12 3 27 18 27 22 1
30 57 33 73 37 31 35 34 60 41 35 19 51 45 8 64 39 45 52 18
13 38 12 47 27 24 32 13 54 30 24 27 28 29 6 37 18 47 33 14
13 40 17 43 21 9 23 26 48 16 27 13 29 17 11 44 33 15 23 7
10 20 6 20 9 6 4 1 18 4 13 4 8 10 5 10 13 9 11 5
6 25 10 29 14 1 6 6 24 3 14 5 5 6 1 19 16 8 16 6
41 71 41 88 51 49 52 34 79 49 46 34 61 52 17 78 46 64 62 23
1 6 1 7 2 1 1 1 5 1 2 1 3 1 1 9 6 3 1 1
2 8 1 13 5 1 1 2 10 1 7 3 1 4 1 9 6 3 6 1
22 26 15 35 10 15 16 6 43 17 11 19 32 13 10 25 22 34 21 8
22 49 36 60 47 30 42 33 61 37 40 30 45 22 18 53 41 41 45 14
12 20 11 39 14 6 8 1 35 5 12 6 13 10 3 22 13 22 14 5
15 25 9 38 11 18 14 16 32 10 9 3 17 24 3 30 20 31 42 3
20 31 18 42 24 17 19 19 38 20 17 10 23 27 11 31 27 25 37 15
52 72 53 85 45 53 41 32 69 49 48 24 62 44 29 73 58 54 62 31
10 22 4 44 22 9 17 6 36 10 18 18 16 17 14 30 23 34 22 4
2 7 1 12 1 1 1 1 8 1 1 1 2 1 1 1 1 11 9 1
16 36 18 41 30 22 27 18 47 29 23 26 39 22 8 31 24 37 30 9
3 17 3 19 10 1 6 1 18 3 10 4 6 2 1 7 12 10 4 1
6 18 7 24 11 4 11 9 26 8 11 9 9 8 1 15 19 14 16 4
5 24 2 38 16 9 16 5 41 12 22 13 12 18 3 29 16 31 13 9
35 46 25 58 27 32 20 8 60 21 38 24 43 37 27 51 32 55 41 26
11 28 9 41 22 8 22 5 42 19 17 16 21 10 3 30 22 28 16 9
21 38 27 55 22 30 22 19 62 19 22 16 36 41 10 48 27 55 47 2
18 55 31 71 48 37 43 28 69 40 45 30 45 34 20 67 30 54 50 26
24 45 25 46 15 19 13 9 48 8 31 19 31 21 9 34 30 31 39 18
15 29 16 47 21 16 10 9 35 13 23 8 25 24 6 26 14 34 32 8
26 45 32 77 41 38 45 25 84 35 37 45 46 33 20 64 43 69 43 16
6 4 1 19 6 4 3 1 10 3 2 3 6 1 1 10 1 15 5 2
26 61 32 76 59 32 57 42 81 45 56 41 51 35 37 73 60 46 49 27
26 55 31 77 37 38 39 27 78 25 51 23 37 52 38 62 47 69 56 32
15 25 10 44 22 7 16 7 41 11 13 14 18 11 5 30 18 27 22 8
7 16 1 22 7 4 6 1 22 4 3 3 10 1 1 11 11 15 11 9
23 34 12 54 25 16 20 4 39 17 18 12 24 14 10 38 23 29 29 9
12 7 12 31 15 9 7 4 20 11 10 9 12 10 1 20 9 25 16 8
7 46 25 55 24 10 22 23 49 20 30 10 29 34 4 46 23 30 46 21
40 48 26 49 22 29 5 11 49 20 17 19 40 33 16 40 32 35 48 15
8 28 5 42 19 14 22 4 38 17 16 17 13 16 5 28 17 31 20 20
3 16 3 30 13 3 8 6 24 10 8 3 12 13 1 19 14 21 17 1
2 8 1 9 4 2 6 1 11 6 2 2 1 3 1 11 6 8 6 2
3 14 4 22 3 1 4 1 19 1 5 1 9 1 1 12 12 15 13 7
8 20 9 44 19 11 8 8 37 9 17 8 15 21 6 23 18 34 27 9
21 62 40 73 45 23 53 29 70 39 49 42 43 23 21 59 57 36 47 34
22 31 19 43 30 20 20 10 44 21 25 20 30 22 5 44 13 35 24 20
1 3 5 21 8 1 2 1 15 1 8 5 3 1 1 12 5 16 7 1
29 35 22 54 29 22 25 16 43 25 23 17 31 20 10 53 26 26 28 17
29 37 26 50 19 19 14 9 55 12 18 20 33 21 8 46 25 38 37 10
27 57 34 69 18 31 22 20 59 33 36 14 46 47 8 51 32 49 62 35
17 31 11 51 29 19 22 5 36 20 22 18 20 17 2 35 18 30 25 14
12 31 18 51 31 20 25 18 47 17 29 22 19 20 11 40 28 38 26 10
25 33 21 38 14 20 9 9 37 10 29 11 26 18 13 27 17 33 26 13
1 11 1 18 8 1 3 1 11 5 1 1 2 4 1 9 8 11 13 1
14 36 21 52 21 24 17 20 55 12 30 13 21 39 12 42 24 49 42 21
32 54 21 71 36 42 41 17 73 33 42 33 37 47 29 55 45 62 49 33
19 34 12 31 18 15 22 14 31 22 22 15 27 16 6 30 23 19 21 9
6 15 12 40 29 15 20 8 37 13 16 20 14 12 6 28 13 35 21 6
6 13 1 23 7 1 4 5 18 3 4 3 6 6 1 15 8 17 17 4
4 33 21 50 26 7 28 13 48 16 28 25 17 14 7 39 30 18 26 19
19 52 29 80 50 36 41 24 74 40 45 26 43 52 31 74 38 64 49 34
2 17 3 28 8 2 8 1 26 4 4 3 6 4 1 13 13 15 10 7
10 34 3 35 10 9 17 1 38 9 20 11 17 12 13 18 28 25 21 9
35 53 25 67 23 38 40 28 70 37 26 22 45 37 13 56 49 45 49 25
48 51 40 73 33 40 32 11 74 32 37 28 51 33 26 46 42 54 49 35
43 63 41 71 37 37 43 21 62 47 32 24 55 30 11 59 57 28 48 34
1 26 8 41 12 1 13 3 34 5 21 12 6 10 1 26 19 18 19 12
31 62 38 93 51 45 49 22 88 37 58 47 47 40 32 63 50 75 60 35
8 19 1 26 9 5 5 1 18 7 8 1 16 9 1 14 6 25 18 1
19 52 30 66 33 24 31 25 71 24 38 20 35 40 14 48 37 52 52 22
41 63 29 72 45 33 49 37 61 47 40 30 51 27 23 64 54 30 45 24
13 16 11 29 8 8 8 1 31 10 11 7 18 7 1 15 18 22 17 12
24 19 25 39 9 19 2 5 44 12 11 12 31 25 4 39 18 38 31 10
10 18 11 34 21 14 15 8 30 9 17 17 13 8 5 26 13 26 15 8
19 31 20 44 5 13 14 12 46 10 10 15 30 25 3 37 22 30 43 13
2 8 1 14 4 1 2 1 8 1 2 3 1 1 1 3 6 8 4 1
1 5 1 13 6 1 2 2 10 2 5 1 4 3 1 14 4 10 5 1
3 7 1 14 4 1 4 4 10 3 6 3 4 6 1 13 7 7 6 1
22 50 22 58 32 22 31 16 60 25 35 22 32 28 11 53 24 35 36 33
3 14 1 19 3 1 1 1 17 1 2 1 5 5 1 8 6 12 8 2
42 50 30 64 37 42 39 19 53 48 21 19 57 42 9 63 36 48 51 21
20 50 23 55 33 20 31 12 63 21 37 25 33 30 17 52 27 39 36 31
25 38 17 55 23 22 24 7 54 21 31 23 33 25 19 33 33 46 35 11
9 15 7 27 17 10 13 3 30 10 13 15 11 6 1 17 11 25 10 9
51 63 47 85 49 47 38 31 89 48 38 44 66 41 28 70 56 66 62 26
3 12 2 15 6 1 2 4 12 2 5 2 3 7 1 10 9 7 9 1
7 13 9 31 8 6 8 12 28 3 5 2 11 16 1 20 14 28 22 1
1 6 1 9 2 1 1 1 10 1 2 1 2 1 1 9 4 6 3 1
27 62 40 84 47 25 45 31 77 31 53 39 42 35 25 65 51 48 58 37
5 7 1 18 6 1 3 4 12 3 3 3 5 6 1 12 5 11 9 1
13 38 12 56 25 15 23 12 47 17 25 17 23 23 9 39 25 38 41 13
35 54 42 71 36 33 32 23 77 22 48 27 44 34 32 55 43 56 47 25
30 56 37 69 39 32 37 25 69 37 45 20 44 41 29 59 39 46 44 39
19 39 12 50 30 16 34 6 58 26 23 25 32 10 8 38 32 32 20 18
35 66 34 72 31 34 39 26 81 37 51 43 50 39 24 53 51 50 54 36
32 49 24 49 6 27 19 10 58 27 18 13 43 32 3 50 31 39 44 21
33 47 18 58 27 23 31 11 49 32 25 15 44 20 12 42 35 37 37 13
3 19 4 28 10 1 12 9 30 8 12 9 9 10 3 21 23 15 15 5
8 26 1 35 14 8 17 6 33 17 12 12 18 11 2 23 15 23 14 6
13 23 7 29 6 9 12 3 33 9 18 7 15 15 13 15 19 27 19 8
33 49 14 61 22 24 24 16 55 28 26 17 43 21 15 36 39 35 40 16
10 30 12 30 15 10 10 6 30 11 23 7 16 15 10 20 18 19 12 13
14 28 16 58 32 27 25 7 52 22 34 24 25 30 12 35 17 53 31 17
20 34 9 26 7 13 16 11 34 16 7 8 28 15 1 22 30 16 31 9
8 11 1 12 5 1 4 4 14 1 4 4 7 5 1 10 6 12 11 1
9 29 10 45 15 6 11 10 45 8 22 6 19 21 10 33 20 35 24 9
28 48 21 69 31 29 34 6 73 33 33 28 40 30 19 44 45 54 35 27
21 48 33 67 30 33 33 30 68 19 43 20 33 36 22 53 42 58 46 17
27 44 20 64 42 28 35 10 53 23 37 33 35 21 27 45 40 48 38 14
5 15 1 27 14 10 11 1 18 11 9 10 5 9 1 15 8 21 11 12
21 22 14 42 7 15 11 7 48 13 10 11 27 23 1 33 18 42 30 7
9 18 7 37 12 10 11 6 33 11 10 9 10 14 1 24 16 22 20 16
6 15 7 35 21 10 16 2 37 6 16 21 9 5 5 23 17 30 12 9
32 53 28 61 19 30 18 11 57 35 27 15 47 33 12 37 38 49 46 27
15 37 17 52 22 14 22 12 53 14 18 20 24 17 4 33 32 36 39 12
17 30 15 38 24 13 16 12 35 18 16 7 26 13 5 31 19 25 30 12
18 46 11 65 25 20 35 20 63 24 29 22 28 25 14 40 41 42 38 20
23 55 36 57 34 22 35 32 67 36 36 20 51 29 24 53 44 35 45 33
32 29 24 65 15 31 17 13 54 20 21 14 33 33 8 48 29 53 45 17
9 31 10 47 20 4 20 4 40 16 13 12 17 11 4 24 26 25 26 12
18 51 32 74 37 16 44 25 80 33 41 31 41 30 13 62 49 41 46 32
4 7 5 16 9 1 5 1 9 5 1 1 9 1 1 11 9 7 2 1
21 35 20 38 14 13 8 14 48 10 17 11 34 28 10 42 18 32 32 7
12 15 11 27 9 6 11 1 36 2 13 15 15 4 5 19 17 22 15 8
4 17 1 19 9 3 8 1 12 10 8 1 9 8 1 11 12 17 11 1
12 27 7 33 6 3 8 3 33 9 5 1 18 10 1 20 20 20 23 6
20 69 39 88 49 36 54 32 74 46 52 33 49 48 19 76 46 48 62 37
24 29 23 47 15 17 15 6 51 23 14 13 32 20 12 38 33 36 28 20
19 33 8 53 24 18 24 8 31 18 17 11 23 19 13 36 28 28 35 7
3 15 6 26 15 1 9 2 21 1 12 11 2 2 4 13 11 14 6 1
11 27 4 23 13 1 14 10 33 13 15 9 19 4 3 22 24 7 10 1
15 15 5 24 11 10 6 4 21 8 10 9 14 8 1 20 7 20 17 5
7 22 2 40 15 6 10 4 31 3 12 13 10 9 9 25 20 23 21 4
30 50 24 61 41 29 44 20 57 36 31 34 41 16 15 46 43 38 35 13
4 6 1 18 6 1 1 5 14 1 6 4 4 8 1 9 4 13 10 1
3 10 2 16 5 1 2 1 14 1 5 5 3 1 1 4 10 6 6 5
36 62 43 94 55 43 51 24 84 44 51 45 47 38 29 76 59 59 60 39
30 40 41 64 30 36 30 25 67 21 22 13 42 39 14 57 43 57 50 18
19 30 17 51 25 10 19 12 48 14 15 14 25 15 5 32 28 27 39 14
15 34 14 43 22 18 21 12 32 14 19 17 19 5 9 26 29 26 33 8
15 22 13 37 17 15 11 11 30 13 20 11 17 19 3 38 9 23 20 12
34 48 22 51 12 28 20 17 38 27 20 1 39 33 10 42 35 26 44 20
19 31 19 57 26 23 19 4 56 14 30 20 28 26 19 35 29 48 33 11
24 28 17 38 23 15 13 4 31 15 13 15 26 14 4 30 15 29 27 5
30 52 18 65 42 29 47 15 65 39 35 35 41 29 27 56 48 45 34 25
3 17 3 25 10 1 5 1 20 1 8 7 3 1 1 12 13 11 10 1
22 30 10 42 6 16 12 4 32 14 12 5 22 17 3 28 20 22 30 12
12 16 6 22 9 10 3 1 25 3 6 10 13 11 1 13 5 25 15 2
2 4 1 15 5 1 2 3 14 2 1 1 7 4 1 12 4 12 5 1
12 37 32 62 38 26 33 33 56 21 33 20 27 25 15 57 35 50 40 5
15 33 13 47 18 14 14 4 44 14 22 9 18 20 7 25 24 29 28 21
29 62 38 85 51 36 48 34 73 42 46 35 45 41 13 75 41 47 61 36
1 1 1 13 1 1 1 1 11 1 1 1 6 1 1 11 1 10 5 1
1 6 1 17 2 1 4 1 14 2 1 1 1 1 1 8 7 12 11 1
13 29 16 43 22 21 27 20 47 8 24 15 18 24 17 41 34 37 33 1
11 30 25 47 33 16 20 19 42 17 27 17 26 17 14 41 23 35 26 13
4 10 2 16 2 1 1 1 12 1 7 1 5 3 1 9 2 12 6 1
1 3 2 24 11 4 5 1 15 5 8 6 5 2 1 16 6 17 5 3
2 6 1 17 3 1 5 1 14 6 3 1 9 2 1 12 8 12 5 1
8 10 5 24 10 8 4 4 29 4 5 10 12 12 1 18 7 23 13 3
29 52 29 80 37 33 37 23 76 24 44 25 34 38 25 60 48 54 49 27
1 19 6 28 6 1 6 1 23 3 12 7 8 6 1 6 15 12 15 10
21 29 13 41 12 12 8 1 41 6 15 10 24 16 12 22 20 38 30 11
19 33 8 51 17 20 17 1 40 16 18 14 22 17 6 26 21 34 23 16
30 40 33 60 27 30 17 11 54 27 28 18 41 25 12 46 31 52 43 13
51 65 42 85 40 50 37 15 92 45 37 37 60 52 29 71 54 72 63 36
13 30 12 19 15 6 18 10 22 18 17 8 19 4 4 19 24 6 11 8
11 23 5 24 10 6 2 2 17 3 16 4 12 7 2 16 10 12 11 3
26 43 19 57 37 31 36 19 63 33 36 38 41 30 16 43 32 47 32 22
19 31 14 49 24 15 26 12 56 15 17 21 27 21 15 40 37 37 31 10
16 36 18 41 32 15 20 16 44 20 28 16 22 21 8 39 21 19 22 23
17 26 11 41 7 12 12 11 41 15 13 7 24 20 2 28 24 25 23 6
1 4 1 16 1 1 1 1 14 1 4 1 3 7 1 6 1 9 6 1
27 46 21 71 37 35 39 10 73 38 42 36 42 36 19 55 39 60 33 27
40 50 39 66 34 32 30 32 53 32 27 10 46 36 10 64 46 34 54 21
21 34 24 51 25 22 17 11 42 13 26 17 26 12 15 31 23 37 28 9
8 20 6 34 21 11 12 1 32 11 15 15 11 13 1 28 5 32 15 6
28 62 36 70 38 30 41 37 67 30 44 27 42 30 23 60 51 39 52 19
32 58 26 64 30 30 34 12 56 36 25 15 47 28 5 36 41 38 51 19
10 57 36 79 41 26 48 34 73 25 45 30 32 36 17 62 51 53 57 17
1 6 1 18 6 1 7 1 12 5 1 3 4 1 1 10 7 14 4 1
9 38 21 57 28 20 22 20 53 16 34 12 21 36 11 47 26 39 32 22
19 33 10 37 16 12 17 4 27 13 19 10 20 13 7 27 24 17 19 4
24 51 23 61 34 24 42 13 70 32 34 34 39 28 10 57 40 36 40 30
5 15 4 33 9 4 9 8 37 1 10 9 10 13 6 25 20 26 19 4
1 1 1 12 2 1 1 1 6 1 1 1 4 1 1 4 2 12 7 1
2 6 2 13 5 1 1 2 11 1 7 4 2 5 1 6 4 8 7 1
6 18 13 41 18 15 18 16 43 9 19 14 11 22 4 32 23 34 24 9
10 37 21 59 36 22 33 22 58 12 35 27 18 23 20 57 39 42 30 10
16 49 21 59 41 32 37 20 46 35 38 29 33 28 7 47 27 45 37 17
28 33 25 44 13 16 12 5 44 17 11 8 34 17 1 35 28 32 37 21
38 51 36 80 33 48 37 18 85 26 38 30 44 54 35 64 48 79 59 27
27 35 26 58 20 24 13 7 51 30 16 12 35 22 9 41 30 43 37 26
11 21 6 32 9 3 11 9 33 12 9 5 20 13 1 20 20 19 13 1
4 32 12 54 23 8 26 7 50 14 32 26 15 20 11 36 26 28 26 20
3 19 2 31 12 6 9 6 28 9 6 6 5 14 1 21 16 21 16 10
14 43 23 61 40 26 34 14 64 28 44 26 35 33 26 53 33 48 26 27
20 30 20 54 30 27 30 17 40 20 30 27 24 11 15 51 25 39 29 5
24 31 28 58 22 25 20 21 47 20 24 7 29 34 13 42 30 39 42 18
4 22 11 45 23 18 21 12 36 17 25 17 19 26 10 42 9 41 25 8
28 37 13 62 15 21 22 14 62 22 25 16 36 23 17 37 37 46 37 14
6 26 7 49 26 19 30 14 50 16 27 21 14 26 9 44 23 44 21 12
24 48 7 66 26 22 32 14 57 26 29 22 33 24 21 41 46 38 36 10
1 5 1 13 2 1 8 1 13 8 2 2 7 1 1 11 7 12 3 1
5 16 4 24 11 1 5 1 20 4 3 1 7 1 1 11 13 5 9 5
7 14 4 12 6 1 3 1 11 3 2 1 7 4 1 7 8 5 6 1
19 29 12 36 16 10 10 7 23 14 13 1 24 13 2 32 16 21 25 6
34 62 35 86 44 51 51 28 73 45 44 24 45 56 22 63 44 65 65 32
33 48 26 70 35 38 38 21 69 35 42 37 46 24 22 53 37 56 39 20
40 66 32 81 56 46 55 22 75 58 48 36 61 45 29 80 51 56 51 39
19 49 26 74 40 24 44 30 74 36 37 33 42 26 16 53 46 45 43 22
28 47 31 70 32 28 25 25 61 20 40 17 40 36 25 57 37 48 47 21
25 41 18 50 22 18 20 7 57 20 15 20 34 20 3 45 30 34 33 10
17 45 25 59 48 21 36 23 56 24 43 28 28 28 28 56 37 35 40 20
11 46 20 57 41 19 33 15 55 19 36 28 25 12 21 49 37 39 33 13
31 36 16 42 8 22 14 7 42 21 19 11 39 22 10 22 26 33 33 10
24 47 20 56 22 17 22 15 58 28 25 16 35 23 10 49 34 31 30 22
14 15 7 22 7 7 5 1 22 2 7 7 14 9 5 12 7 23 13 3
15 37 15 43 20 13 26 22 43 16 25 16 22 16 8 34 36 20 26 1
12 16 5 24 1 4 2 6 27 1 8 2 15 12 1 27 4 25 18 1
31 40 27 57 23 27 18 6 58 19 21 21 34 22 6 44 28 46 39 19
18 24 7 40 11 12 11 12 22 15 7 2 20 20 1 30 18 24 30 1
10 8 2 14 1 4 1 1 8 2 1 1 11 1 1 11 1 12 9 1
4 28 7 53 23 14 24 13 49 12 24 15 10 23 6 46 21 43 30 14
5 14 3 21 3 3 5 10 20 2 2 1 4 11 1 13 17 12 19 5
3 12 1 23 6 1 5 4 20 1 1 1 4 6 1 16 12 12 10 1
9 33 11 42 21 12 24 13 48 17 22 13 14 21 1 34 29 29 22 9
39 54 23 75 34 36 37 19 69 41 31 27 52 25 18 51 44 52 47 22
11 49 24 47 24 8 24 13 44 13 30 15 23 9 7 37 34 16 34 16
24 33 17 44 12 18 12 11 48 10 18 15 30 21 7 27 25 39 37 7
34 55 25 50 24 34 25 14 49 29 27 22 46 37 17 45 28 48 47 10
37 69 24 72 40 41 46 28 65 44 49 37 45 26 25 54 51 41 44 33
1 4 1 9 1 1 1 1 9 1 1 1 2 1 1 5 2 8 1 1
13 17 6 33 15 9 12 1 28 9 9 10 17 6 3 27 9 30 14 6
24 46 25 66 37 33 35 11 70 32 30 30 43 30 9 49 29 58 41 17
26 42 27 64 30 31 32 20 63 16 27 20 32 33 14 65 41 47 42 5
2 8 1 16 4 1 1 1 6 1 1 1 4 1 1 6 2 12 7 1
23 69 33 72 40 27 51 31 67 35 51 35 51 31 28 64 60 34 54 22
37 52 29 74 30 42 32 15 77 42 37 33 54 44 22 61 38 70 47 25
6 20 11 25 16 5 9 7 22 3 16 10 9 5 4 19 15 12 9 1
31 60 29 80 36 34 46 14 89 40 49 45 52 38 24 57 52 55 44 35
9 27 15 37 18 6 16 8 35 13 18 10 19 9 3 26 24 20 17 4
10 13 6 35 14 9 6 7 30 7 13 7 13 19 3 18 7 32 25 3
18 30 13 46 25 17 25 4 37 25 17 15 25 16 5 40 18 35 20 16
9 23 6 30 18 13 11 5 28 14 14 9 19 13 1 28 5 30 24 5
18 21 14 52 22 16 20 9 41 17 11 13 20 17 1 42 20 29 23 9
12 44 11 52 27 18 29 19 56 23 33 25 26 23 7 46 28 36 27 16
39 60 31 68 26 36 35 4 71 36 35 24 51 34 13 43 44 48 46 32
3 11 2 13 5 1 3 1 12 3 1 1 5 2 1 11 9 1 4 1
14 47 26 58 27 15 35 22 65 27 34 35 37 30 14 46 42 36 47 19
4 15 2 27 14 5 10 4 31 10 7 8 9 11 1 18 14 21 11 4
20 43 30 51 32 21 27 19 57 34 31 17 35 31 11 52 34 32 28 28
26 44 31 65 36 34 34 15 57 30 46 25 37 39 26 37 33 57 42 25
1 6 1 21 9 1 1 1 12 3 2 1 5 3 1 6 2 19 7 1
17 37 18 50 19 16 26 16 50 14 21 9 20 23 13 33 39 33 32 12
26 47 37 63 45 30 25 29 67 24 39 40 39 32 32 62 38 59 50 11
7 23 7 30 16 6 6 6 28 7 17 7 13 9 4 27 8 19 17 13
23 56 29 75 41 33 43 15 79 36 41 39 44 40 9 60 33 61 50 28
5 10 6 45 14 5 11 6 35 3 9 8 7 13 2 26 15 32 16 1
7 17 2 25 8 1 5 4 28 5 8 3 15 6 1 21 12 19 11 1
33 56 34 58 18 25 27 26 69 30 31 24 53 38 17 58 44 39 56 27
1 13 2 22 5 1 1 6 21 1 12 2 1 8 1 13 9 12 12 1
35 37 28 46 12 24 10 6 56 19 15 10 41 29 6 41 26 40 36 15
35 49 21 77 36 36 35 12 61 37 29 17 44 40 16 61 37 57 46 17
14 15 10 22 14 6 10 3 19 10 4 4 16 3 1 22 13 13 10 6
3 9 1 24 7 1 6 4 23 1 7 6 6 5 5 23 11 19 10 1
18 27 13 32 15 13 8 6 36 7 22 11 23 17 8 28 12 29 19 12
5 14 6 38 17 11 13 5 31 16 9 9 14 17 1 25 11 33 15 10
29 52 23 70 34 36 38 15 61 43 35 29 42 41 12 52 33 51 52 37
15 29 13 44 17 13 15 8 37 4 22 17 15 9 12 23 19 29 25 10
8 17 3 28 10 2 7 1 21 4 2 4 9 2 2 18 11 16 15 4
11 11 6 26 6 7 3 1 23 4 10 4 13 9 3 13 4 23 6 5
24 50 27 65 29 29 33 29 49 17 37 15 32 33 20 53 45 40 46 8
7 10 5 16 9 1 2 1 17 1 7 5 8 3 1 8 9 7 6 1
1 6 1 4 1 1 1 1 2 1 3 1 1 1 1 5 3 4 1 1
17 17 5 18 2 10 5 6 20 6 6 6 18 11 1 25 10 18 20 1
29 41 13 56 16 19 23 8 56 26 15 14 39 18 7 37 31 36 34 14
12 30 6 52 19 14 20 4 46 15 15 18 19 19 1 35 22 32 34 16
1 5 1 2 1 1 1 1 1 1 4 1 1 1 1 5 2 4 1 1
5 12 2 29 11 2 8 1 27 3 9 10 7 4 2 16 5 22 10 4
22 50 30 62 31 26 27 20 70 14 40 34 29 41 23 54 36 52 56 18
13 38 6 50 27 16 29 9 51 18 31 26 21 13 16 34 32 31 20 7
15 25 19 57 16 20 23 14 60 15 19 17 19 26 3 38 28 47 34 17
2 6 1 19 6 2 7 2 17 3 5 6 2 3 3 17 3 18 9 2
10 17 8 35 5 5 4 2 32 9 1 1 14 13 1 23 15 24 16 5
1 5 1 22 9 4 8 3 17 5 6 7 5 4 4 17 4 20 9 4
21 36 22 63 39 35 37 22 55 39 31 30 35 40 10 57 19 59 42 28
1 12 1 27 14 2 11 1 21 3 15 11 4 4 7 21 13 18 1 1
27 50 16 57 33 24 34 33 46 37 34 20 36 31 18 51 36 29 42 19
10 18 7 32 18 2 13 1 24 6 13 9 8 4 5 17 16 17 10 2
38 50 37 60 20 34 8 11 68 30 32 27 48 43 25 55 33 61 50 28
8 30 12 39 16 11 20 5 33 14 19 18 14 9 2 24 24 16 23 16
4 13 2 16 6 1 4 1 13 3 10 4 5 3 1 10 8 8 4 1
3 8 1 15 1 1 1 2 11 1 5 1 1 7 1 12 1 11 11 1
17 20 15 41 15 14 9 1 32 17 7 4 24 19 1 26 16 36 22 10
16 39 15 53 21 13 33 1 56 25 21 22 32 12 6 41 34 35 27 19
4 10 2 14 4 1 1 1 9 1 1 1 6 1 1 9 7 8 3 1
21 44 28 68 33 29 29 20 67 30 38 22 36 38 15 55 33 58 41 23
21 20 13 39 16 17 14 12 33 12 6 12 22 19 1 31 22 29 33 3
3 12 3 22 8 1 1 6 20 1 6 3 4 8 1 15 13 6 11 2
29 52 35 80 46 46 51 40 67 31 47 35 37 39 25 74 46 63 53 9
10 13 3 19 10 3 6 1 21 3 4 6 12 1 2 16 5 16 9 1
7 16 4 20 9 2 5 3 20 5 7 2 9 5 1 19 8 13 6 2
9 20 4 28 12 3 13 1 26 6 6 8 14 1 7 20 18 21 11 3
23 38 16 61 41 32 37 1 57 34 32 35 31 28 21 50 35 47 24 28
9 9 3 19 2 3 1 1 17 1 3 1 11 1 1 13 4 13 7 3
29 52 25 65 35 33 32 23 58 30 39 21 33 40 13 57 34 37 45 29
22 41 30 64 21 23 24 14 61 35 31 23 36 34 8 50 41 45 45 34
14 14 9 37 17 13 17 1 37 13 15 16 17 13 10 28 14 35 11 10
3 8 1 19 3 2 1 1 12 2 2 1 3 1 1 14 3 15 4 2
27 56 23 63 25 27 39 9 62 41 28 25 47 32 6 49 39 36 39 34
29 63 36 85 38 37 37 29 70 30 44 20 39 43 23 61 48 54 62 27
8 31 20 48 25 13 27 18 47 14 20 14 13 13 3 35 38 20 29 14
16 30 9 50 19 15 23 10 43 14 20 18 20 17 10 35 27 34 24 4
12 18 6 24 7 8 4 1 24 6 7 3 17 13 2 11 11 26 20 2
34 59 35 75 42 35 38 21 82 33 44 30 48 43 23 67 38 60 52 40
11 13 13 42 14 12 9 11 36 10 12 9 13 20 1 29 17 30 20 9
5 10 1 17 2 1 1 1 12 1 4 1 7 2 1 4 3 14 7 1
1 4 1 16 4 1 3 1 13 1 2 3 1 3 2 12 6 9 6 1
1 4 2 14 5 1 2 1 9 1 7 5 1 1 1 5 4 6 1 1
11 31 15 34 19 5 20 7 37 12 21 14 17 9 9 31 22 20 18 18
30 65 36 68 30 34 30 20 61 37 42 7 49 43 29 46 41 48 56 37
9 22 9 31 16 3 11 8 34 9 10 6 19 15 4 32 13 28 22 3
20 19 20 49 19 14 16 12 50 16 9 11 28 18 3 39 25 39 33 11
11 47 25 58 36 19 32 27 56 27 28 14 28 31 3 52 32 36 46 19
1 3 1 10 6 3 4 1 7 4 1 3 1 2 1 8 1 11 3 3
25 41 13 46 16 27 24 2 49 23 18 21 35 21 3 45 21 39 33 20
35 60 40 64 44 38 37 26 68 44 39 37 57 40 21 58 37 53 50 22
35 66 26 73 49 40 48 35 62 50 47 31 54 35 21 63 40 45 48 24
15 43 23 58 26 20 22 23 59 26 30 14 32 33 9 46 31 45 40 17
12 17 13 28 7 13 12 13 34 7 8 10 16 22 4 25 17 33 28 1
2 4 1 8 1 1 1 1 10 1 1 1 6 1 1 11 3 9 2 1
13 20 19 38 18 16 11 15 41 5 11 19 19 21 8 29 23 38 35 2
12 21 9 37 24 9 18 4 34 11 18 18 12 10 7 24 15 27 11 8
1 1 1 14 5 1 4 1 11 1 2 4 1 1 3 10 7 10 3 1
4 20 3 22 12 5 17 1 26 15 9 9 13 3 1 21 16 19 5 5
3 6 3 16 10 1 8 1 19 1 10 11 3 3 7 11 10 10 5 1
16 43 15 55 32 16 25 16 50 19 28 17 24 24 14 48 33 34 41 13
38 43 47 73 49 38 41 34 65 38 38 37 47 26 29 58 44 50 48 19
11 23 8 35 16 3 11 6 28 4 17 9 10 9 3 27 16 16 15 1
7 17 4 24 9 1 2 3 18 1 8 2 6 7 1 16 10 9 16 1
3 11 2 20 7 1 4 1 16 2 4 1 6 1 1 18 4 12 6 1
1 11 3 25 13 3 7 2 16 7 12 4 7 7 1 12 8 18 11 1
3 9 1 12 2 1 1 3 12 1 5 1 3 6 1 8 5 7 9 2
9 30 13 27 8 7 7 12 43 7 15 11 23 22 7 29 18 23 25 7
31 62 19 82 40 37 49 25 76 43 37 28 47 35 26 59 55 56 53 21
6 37 8 44 13 3 23 5 41 20 24 17 21 14 4 22 27 23 28 17
31 43 17 52 21 26 20 17 34 21 20 5 32 28 13 37 29 27 42 17
27 58 47 75 21 34 37 29 76 29 46 23 42 48 23 49 59 50 63 36
16 19 6 22 6 4 6 1 18 8 2 1 22 1 1 19 13 16 14 1
9 25 16 37 29 17 21 13 36 17 28 22 17 17 9 32 16 35 20 15
5 11 1 10 1 1 1 1 4 1 1 1 2 4 1 6 3 4 8 1
16 23 16 38 20 14 16 3 41 10 16 16 21 11 4 23 19 32 16 6
42 61 24 72 40 36 44 21 72 39 38 34 54 37 23 69 48 51 45 14
19 45 18 65 29 26 26 12 64 16 28 27 32 36 13 47 28 53 53 12
21 51 32 70 35 25 32 16 59 32 35 21 37 31 7 40 36 41 49 30
24 36 21 58 18 19 22 5 56 19 21 19 32 22 10 41 30 43 36 25
5 18 4 29 13 6 14 3 33 11 7 10 14 7 4 16 17 23 13 8
3 6 1 20 7 2 2 2 15 4 4 1 9 9 1 12 1 18 13 1
20 42 29 61 42 34 36 31 66 24 45 40 31 34 21 60 28 55 39 13
8 19 7 45 23 17 19 10 42 19 16 17 16 26 2 29 12 43 27 8
21 21 20 55 18 20 17 11 51 14 10 16 27 23 2 44 25 48 36 6
8 17 5 22 9 1 8 1 17 7 5 1 10 4 1 13 13 13 12 1
27 52 39 64 35 25 30 17 67 24 33 36 42 27 15 51 42 41 52 23
11 13 10 30 12 8 3 1 24 9 5 4 14 11 1 17 10 21 19 5
10 29 4 37 21 16 18 5 27 22 13 11 16 15 1 22 14 27 25 11
3 19 6 31 17 1 17 6 25 11 14 13 11 1 4 17 21 16 9 1
10 20 1 14 6 6 12 3 21 13 8 6 15 4 1 17 12 17 15 4
11 34 18 55 23 15 26 4 51 16 23 21 23 10 6 39 31 35 28 17
4 4 4 17 4 1 1 1 15 1 1 1 9 3 1 13 4 10 3 1
10 13 3 34 9 9 12 9 27 7 4 7 11 12 1 27 15 20 20 1
16 49 33 67 40 14 35 28 62 19 41 25 29 22 21 55 45 30 42 25
39 50 39 81 36 41 31 18 74 35 36 25 52 37 24 57 44 69 56 22
7 21 6 30 19 10 14 7 26 12 19 14 9 12 6 28 9 25 12 13
10 26 11 40 23 16 30 13 44 25 16 15 21 20 3 41 26 30 19 15
1 15 2 19 10 1 11 2 24 7 9 8 6 1 1 10 16 11 7 1
32 44 33 67 32 42 31 29 62 34 35 19 42 51 15 69 29 60 56 32
34 50 33 79 43 44 37 20 70 37 34 33 47 33 14 72 38 64 53 19
5 10 1 12 6 1 1 3 8 1 7 3 1 5 1 10 3 5 6 1
22 44 15 52 16 18 21 18 46 18 30 14 31 20 13 35 38 28 32 6
9 13 1 14 1 2 1 1 13 1 2 1 7 5 1 9 2 8 12 1
9 23 6 22 9 1 11 3 18 9 7 4 12 4 3 18 16 14 13 1
52 68 49 92 39 53 37 24 81 46 54 34 55 48 31 76 56 65 59 42
33 51 25 60 19 28 27 8 60 26 23 22 41 33 9 46 34 43 48 27
3 9 1 14 6 1 1 2 15 1 1 1 4 3 1 10 8 3 7 1
12 18 7 32 19 16 16 9 35 15 12 17 18 21 1 29 14 34 23 12
7 13 4 20 7 4 4 6 26 4 5 6 12 8 1 11 14 14 15 5
15 21 14 36 15 11 12 9 33 19 3 1 24 19 1 29 19 30 27 7
21 41 22 62 39 25 30 18 49 31 26 20 32 25 4 47 25 34 39 15
1 9 1 16 9 4 6 1 10 6 4 4 1 5 1 8 5 10 1 4
17 30 18 51 19 15 20 15 47 9 21 22 24 13 11 33 27 36 41 11
12 30 18 47 16 13 28 6 55 23 19 25 28 22 5 39 25 38 33 23
27 68 31 90 49 34 51 28 81 43 48 34 51 48 18 81 46 57 64 34
2 11 1 15 5 1 1 1 13 1 8 2 5 1 1 12 8 9 5 1
7 14 1 14 1 1 5 4 15 1 9 5 9 5 4 15 4 15 7 1
24 32 13 50 21 24 20 1 48 20 19 21 29 22 14 44 23 50 36 14
12 24 5 29 8 6 11 4 26 7 9 7 14 5 6 23 19 18 21 9
8 10 3 27 11 3 3 6 17 3 4 4 10 7 1 19 8 19 17 2
3 9 3 22 9 1 2 1 14 1 5 4 4 1 1 10 4 13 5 1
15 48 25 64 39 21 40 25 62 34 42 30 37 24 19 51 34 41 34 26
1 9 2 16 4 1 1 5 10 1 6 1 3 6 1 15 6 9 9 1
6 10 6 17 8 1 5 5 13 5 1 1 9 7 1 12 9 10 10 1
31 36 34 65 31 30 25 22 67 20 25 24 35 30 10 52 33 51 47 19
39 59 43 73 48 34 46 36 84 40 54 38 59 33 34 69 53 42 42 33
10 21 10 25 8 6 13 12 32 15 16 9 20 12 7 28 16 15 10 8
19 42 21 59 37 21 28 10 60 19 38 25 27 24 21 48 33 41 25 23
10 29 17 41 13 4 17 8 46 7 24 21 21 15 4 29 23 21 27 14
19 48 29 71 35 30 39 20 71 29 43 37 34 24 16 54 37 54 42 19
5 33 14 42 15 3 18 10 38 14 22 15 16 19 4 18 29 17 31 17
1 8 1 2 1 1 1 1 5 1 3 1 1 1 1 8 1 2 3 1
27 54 26 62 34 26 26 27 48 27 33 14 34 36 9 49 35 32 53 19
3 8 2 11 1 1 1 1 14 1 1 1 7 2 1 6 7 9 7 4
22 45 18 41 14 10 21 11 51 16 18 17 31 18 8 35 30 30 37 11
25 37 18 45 11 25 18 1 43 20 31 9 22 26 18 17 24 35 32 27
36 59 45 86 45 48 41 25 93 34 52 39 50 60 30 78 46 78 55 34
5 8 4 21 9 1 4 5 14 2 7 6 4 6 1 10 6 12 11 1
45 55 39 77 35 43 33 15 78 36 38 26 48 50 29 52 44 68 64 30
15 43 26 45 26 15 24 20 49 14 33 22 26 10 15 36 36 27 29 12
11 32 12 41 30 21 22 15 32 25 22 17 21 23 1 37 13 32 32 13
2 19 6 41 22 14 20 14 34 14 18 13 6 25 5 41 12 36 23 12
18 30 8 36 11 13 17 9 19 12 12 4 18 12 7 30 21 13 28 7
11 24 6 45 26 18 22 1 42 15 27 23 13 19 11 26 17 43 18 12
22 43 34 58 35 32 28 23 60 27 27 28 42 27 10 42 31 50 48 17
24 31 22 69 27 33 25 9 59 30 34 21 30 42 17 40 24 60 39 30
21 19 10 26 3 15 6 4 20 13 1 1 23 12 1 22 12 19 23 8
20 20 9 40 19 18 15 7 38 13 12 20 23 18 8 37 10 40 29 8
6 7 1 25 8 2 4 2 17 3 3 5 6 3 1 16 6 14 10 1
25 42 23 51 25 21 22 5 48 23 25 10 31 23 14 19 33 40 38 17
25 49 19 64 26 23 24 11 69 17 31 29 38 33 21 46 40 55 46 10
14 24 4 45 16 18 17 8 37 16 16 15 18 24 5 32 11 40 26 15
22 31 7 42 14 17 9 10 33 13 14 9 23 23 3 32 17 33 39 7
4 8 2 15 3 1 1 1 12 1 5 2 5 1 1 7 4 7 4 3
8 12 1 13 5 1 4 1 15 1 2 4 9 1 3 11 7 11 6 1
23 36 14 54 16 22 23 8 54 23 18 13 34 26 8 53 34 43 29 9
1 11 1 17 1 1 1 2 17 1 1 1 4 4 1 15 9 11 8 1
4 8 1 22 10 8 9 8 18 9 10 8 5 14 1 22 6 20 11 8
7 7 1 15 8 3 4 4 10 4 5 5 4 5 1 10 3 10 11 3
34 57 30 94 35 44 45 22 79 43 36 30 48 55 9 72 46 68 68 36
24 43 30 63 46 26 37 25 65 32 43 32 38 36 19 60 30 41 37 32
1 6 1 18 8 1 5 1 14 1 5 6 5 1 3 11 8 11 3 1
41 54 33 59 37 39 20 11 56 30 36 29 46 36 16 53 30 44 42 24
7 24 16 54 21 13 18 15 51 3 15 14 17 17 4 34 24 42 37 3
5 7 5 23 13 3 7 1 21 7 6 6 13 1 1 14 10 17 2 2
25 49 24 78 41 36 46 22 64 36 35 33 38 30 17 65 47 53 41 9
19 21 7 21 7 12 5 3 15 7 3 4 21 10 1 20 11 16 22 1
24 66 32 78 36 44 47 31 73 29 43 18 37 50 25 54 58 53 57 30
8 12 11 34 11 10 10 4 29 13 13 9 12 12 1 29 11 24 11 10
13 32 6 36 20 13 25 4 42 21 19 19 24 14 5 31 19 31 16 10
3 11 4 27 13 6 6 7 18 8 10 5 8 15 1 12 5 21 19 1
21 55 42 87 46 39 48 35 80 38 35 26 40 35 15 64 52 63 59 18
11 16 7 30 3 6 1 4 25 6 3 1 11 12 1 16 13 19 19 9
13 31 3 44 19 15 20 6 41 21 23 16 25 19 3 32 16 32 19 12
2 11 2 21 8 1 3 6 16 3 4 3 5 8 1 10 12 12 14 1
34 44 28 68 40 32 37 15 74 29 38 34 43 34 24 57 45 48 40 22
17 24 19 22 9 10 8 12 32 12 14 4 29 19 8 31 13 23 26 13
3 34 11 47 18 5 19 7 44 14 21 12 15 17 1 28 28 25 31 12
17 22 6 36 10 12 12 4 24 11 3 4 19 10 2 31 17 18 19 4
11 23 7 25 10 6 9 1 31 7 13 9 12 9 1 10 19 17 17 8
29 48 22 52 20 25 23 20 63 21 26 24 37 30 18 38 43 38 43 13
23 32 18 29 7 14 12 2 39 16 15 7 34 15 8 17 25 28 19 9
8 8 4 13 7 2 3 1 15 3 1 2 10 1 1 9 4 14 7 1
9 7 4 16 5 3 3 1 12 1 6 4 9 3 1 15 3 13 7 1
4 13 1 27 12 8 7 3 22 8 13 6 5 14 1 20 3 26 14 7
15 40 13 35 16 6 20 14 41 15 18 8 23 13 7 36 30 14 25 14
1 9 1 19 6 1 1 1 10 1 4 1 4 1 1 13 2 10 1 1
9 11 1 18 6 1 6 1 15 4 7 6 8 6 4 7 7 18 9 1
23 22 14 45 17 13 14 12 31 16 7 5 25 14 1 36 21 21 28 6
26 41 25 48 33 26 31 16 54 25 26 27 35 25 20 48 35 38 40 17
28 61 38 75 46 33 38 38 70 38 39 20 52 44 15 68 39 48 67 33
6 8 6 27 14 6 13 4 30 7 9 14 11 5 2 18 11 23 9 3
11 28 17 34 13 12 12 16 44 4 24 15 20 16 8 31 19 32 25 2
25 28 25 52 24 17 22 13 57 21 15 18 35 18 8 38 33 36 34 16
1 6 1 22 8 1 1 1 10 2 1 1 4 2 1 5 3 16 5 1
38 59 38 76 29 41 27 9 73 35 39 33 53 46 25 48 37 66 65 32
4 12 3 22 8 1 10 7 23 9 11 7 9 8 1 18 14 17 12 1
27 57 33 77 33 23 42 21 72 34 37 32 45 34 18 64 57 37 48 27
40 59 31 78 39 42 35 26 77 40 44 33 50 50 23 69 39 64 55 42
9 11 9 28 8 5 2 2 22 7 1 1 13 8 1 18 10 20 16 6
31 47 38 65 24 34 27 25 71 15 37 24 40 39 22 56 39 61 49 15
14 36 23 61 32 31 36 26 48 18 27 20 21 26 11 57 36 41 36 5
35 61 36 78 28 41 35 25 68 31 45 16 42 50 17 57 45 49 56 34
24 44 26 55 23 22 20 17 50 21 32 13 33 30 17 49 31 31 36 23
5 9 2 22 4 1 10 10 29 8 7 7 17 8 1 16 17 19 13 1
30 46 25 56 34 30 23 9 61 26 26 35 41 29 27 41 39 55 43 17
1 13 5 13 7 1 1 5 16 1 13 4 2 3 1 13 8 5 6 3
1 17 7 30 17 9 15 5 28 8 17 12 9 4 4 16 17 22 11 2
5 4 1 13 1 1 3 6 13 3 3 1 7 7 1 10 7 16 13 1
4 19 2 20 8 1 4 1 19 3 9 3 8 1 1 8 16 11 10 5
25 41 33 51 5 21 14 13 63 21 25 17 37 36 6 46 37 41 47 26
16 33 9 36 18 9 16 4 38 16 13 7 23 15 2 29 17 30 27 5
19 25 20 48 32 16 26 13 47 20 25 22 25 14 10 42 24 28 18 16
30 49 27 57 13 21 19 8 58 23 26 7 36 29 16 40 38 42 39 27
6 10 5 18 7 1 4 4 15 4 1 1 6 5 1 13 10 9 12 1
4 21 7 45 18 4 17 8 38 4 13 12 4 12 7 26 29 26 25 6
11 12 8 18 8 7 4 3 22 1 14 9 9 9 3 8 6 16 13 3
22 39 20 46 24 25 23 12 45 19 26 20 27 17 6 41 26 31 28 19
12 26 15 51 18 12 14 13 43 14 11 1 20 21 1 37 22 34 34 7
12 25 11 47 20 9 14 3 39 6 14 12 13 8 3 27 17 27 21 6
3 20 4 37 14 10 9 6 28 10 12 4 9 17 2 16 8 26 27 8
5 19 11 32 18 3 9 10 36 1 25 11 13 16 12 28 13 22 17 7
14 26 12 50 21 12 16 10 47 13 18 12 18 19 8 34 24 32 25 16
11 20 1 25 4 6 5 7 20 5 5 5 8 11 4 17 11 16 22 6
6 12 3 14 5 2 1 1 16 1 4 2 9 3 1 8 9 11 10 3
12 11 5 25 6 4 5 4 23 4 7 4 14 9 3 20 4 21 11 3
18 48 27 69 35 28 40 14 77 19 32 31 29 35 16 60 45 52 43 15
35 53 32 79 39 36 35 18 79 33 44 29 40 40 19 64 45 54 42 34
8 11 1 14 5 1 1 7 10 1 1 1 5 8 1 10 6 12 17 1
19 35 18 47 21 18 21 11 47 26 19 5 35 23 8 30 28 38 32 13
13 22 7 47 23 11 22 3 43 18 14 17 24 9 2 35 20 35 20 3
26 28 19 45 22 15 18 16 40 16 17 12 30 17 4 41 25 24 31 8
28 47 25 49 38 34 16 13 51 28 33 29 38 42 19 50 14 53 42 25
13 17 11 34 20 4 14 6 28 8 13 12 15 6 6 28 14 16 13 4
12 42 12 53 29 18 25 15 53 18 36 20 20 29 20 46 29 33 33 20
19 49 28 53 32 17 27 28 58 27 33 10 39 31 19 47 37 29 40 26
7 11 3 14 10 1 3 1 9 3 7 4 6 3 1 12 8 7 7 1
47 62 36 77 33 41 36 14 69 39 43 15 57 49 33 62 47 53 52 32
11 38 10 54 21 17 29 24 54 24 23 17 28 28 9 33 28 42 37 9
12 34 14 27 4 5 14 2 37 12 16 16 25 13 1 17 23 14 30 12
4 12 5 36 14 4 11 9 30 5 13 11 6 9 2 30 14 26 14 3
21 40 16 57 30 27 33 11 44 30 21 20 34 24 11 42 32 38 37 8
7 10 1 17 3 1 1 2 13 1 1 1 8 5 1 10 5 14 12 1
7 13 4 24 6 3 5 11 20 4 8 3 8 11 1 24 9 21 16 4
4 6 1 16 3 1 2 2 19 1 2 1 8 3 1 14 3 15 7 1
17 17 6 24 6 12 9 11 9 11 1 1 16 14 1 21 14 13 25 1
9 27 3 41 18 4 15 1 37 12 10 8 15 9 3 22 19 28 22 7
40 57 31 70 29 31 32 23 64 29 25 22 51 38 13 58 45 48 55 6
1 23 5 40 18 5 14 4 30 8 19 9 4 12 2 21 15 24 23 5
7 8 6 18 9 4 4 4 14 4 6 1 10 5 1 17 8 14 7 1
10 19 8 26 5 9 7 3 25 8 9 1 15 13 6 13 15 21 14 8
31 57 38 77 39 28 51 34 72 38 37 33 45 37 19 64 61 31 57 33
19 34 12 43 21 16 25 11 49 25 21 20 32 6 10 26 31 26 18 20
24 53 23 51 16 18 28 22 54 19 25 7 32 28 6 47 41 22 48 18
1 9 1 15 1 1 1 1 9 1 1 1 2 2 1 2 5 11 8 1
24 49 29 55 32 23 26 12 66 19 33 26 41 33 28 58 36 41 43 22
17 55 22 64 38 27 42 25 74 36 51 32 43 30 25 52 37 41 36 38
37 63 39 77 40 43 45 35 79 30 40 33 52 32 26 69 54 57 56 6
22 43 16 56 31 28 29 16 51 24 36 28 23 33 20 44 26 46 36 30
1 11 1 18 4 1 1 1 11 1 4 1 1 6 1 10 2 9 16 1
1 3 1 23 10 1 6 1 19 1 6 8 3 1 2 13 4 17 1 1
4 11 2 37 17 10 11 3 27 10 13 13 7 15 1 22 2 28 14 9
32 53 45 85 42 33 49 32 85 33 42 40 46 38 20 73 57 51 58 34
3 14 2 21 8 1 8 3 19 7 3 2 6 7 1 13 11 11 6 1
13 26 10 27 17 4 13 5 30 11 12 8 16 9 1 15 20 15 14 1
8 4 5 16 2 4 3 1 13 3 2 3 8 4 2 13 4 14 5 3
30 36 32 63 16 36 22 24 53 18 23 7 36 42 12 55 34 52 52 12
4 4 1 10 2 1 1 2 4 1 3 1 1 3 1 7 1 7 11 1
1 10 4 25 9 1 2 1 22 1 8 3 8 3 1 16 9 13 8 1
5 12 1 22 9 2 1 1 17 2 11 2 5 9 1 10 2 19 15 1
19 42 23 52 29 13 21 24 40 19 27 9 29 26 11 46 31 23 38 14
15 23 16 41 14 14 19 13 52 10 18 23 26 21 10 32 22 39 24 2
13 18 8 29 5 9 5 1 32 4 14 7 17 12 5 19 10 30 20 6
31 53 35 70 40 40 34 24 61 43 32 21 52 47 10 70 25 56 51 30
7 20 12 32 22 12 15 15 33 8 18 17 11 5 8 26 20 24 21 2
15 20 6 12 8 5 6 1 19 8 2 3 18 2 1 13 14 7 13 1
21 29 21 46 21 24 13 12 46 19 13 16 33 29 4 37 10 46 40 13
4 9 1 18 1 1 1 2 12 1 4 1 3 7 1 9 1 13 10 1
10 43 23 57 37 17 39 14 53 25 30 25 27 13 11 37 41 29 34 15
25 49 30 55 32 20 28 21 62 28 33 21 40 23 14 50 36 37 31 19
27 52 31 72 37 40 42 29 74 37 43 36 41 37 22 50 46 59 47 27
10 18 5 25 10 2 4 1 16 5 6 1 13 6 1 13 10 20 13 1
7 17 7 20 10 1 9 4 17 5 9 3 7 3 2 22 10 6 6 3
25 40 17 42 21 23 25 3 55 26 14 20 38 19 2 40 24 35 28 20
13 18 7 31 20 16 16 5 25 15 18 17 16 10 1 26 10 23 12 11
10 47 17 44 18 6 29 22 51 15 27 11 23 21 14 44 40 20 34 14
39 59 41 72 6 34 20 17 67 34 32 13 49 48 15 54 55 43 61 37
19 43 24 59 32 27 29 18 58 21 32 28 34 28 6 55 18 47 48 18
2 10 1 1 1 1 1 1 2 1 2 1 2 1 1 7 4 3 4 1
5 8 3 22 11 3 5 6 17 4 5 6 4 7 1 15 6 13 10 3
2 33 19 38 29 16 27 20 34 21 30 20 22 13 8 32 20 32 24 5
6 11 2 20 5 2 4 4 20 4 2 2 8 5 1 13 8 15 11 4
36 43 29 69 27 29 23 16 54 28 24 15 37 28 8 55 34 37 45 19
33 54 35 71 31 36 30 24 75 34 31 30 49 45 17 68 38 60 57 20
15 28 9 40 18 9 19 5 35 19 15 12 24 10 1 30 22 22 18 5
1 2 1 13 8 1 2 1 10 1 7 4 1 1 1 10 3 4 1 1
21 55 47 73 42 30 39 23 74 40 47 28 44 36 20 68 47 36 44 48
6 16 1 21 9 4 13 1 29 10 10 11 14 1 1 17 12 21 7 3
17 36 21 35 21 15 13 14 36 5 31 15 22 16 16 28 21 25 23 12
5 15 1 19 8 1 6 4 19 5 7 4 6 5 1 15 12 11 10 4
29 30 17 40 23 18 21 9 34 17 12 14 32 13 7 37 26 25 29 5
20 54 32 61 34 27 28 30 68 29 39 22 43 38 11 49 33 48 52 24
21 33 20 43 25 18 22 20 36 17 20 15 28 11 8 38 33 20 32 5
4 15 13 27 21 9 13 10 30 7 22 15 15 13 5 27 7 28 20 3
9 24 9 32 17 5 15 4 32 15 8 5 18 4 1 21 22 13 14 9
32 57 42 89 43 49 40 30 88 44 41 33 49 55 14 64 47 77 64 39
4 9 1 21 9 1 6 1 20 6 3 4 10 1 1 12 9 15 6 1
28 48 28 69 41 40 44 23 76 27 37 35 33 44 25 66 42 59 46 22
4 4 3 16 8 2 3 1 11 3 8 5 5 1 1 12 5 10 2 2
7 29 23 41 22 17 20 29 37 5 29 15 11 20 14 37 28 31 33 5
22 61 44 86 43 36 51 32 87 24 54 30 34 44 30 61 64 55 59 30
16 25 15 45 19 9 19 2 40 17 9 7 20 6 4 30 27 26 24 15
7 13 1 19 2 1 1 1 12 2 3 1 10 1 1 15 6 10 9 1
29 42 20 63 28 30 33 19 59 35 30 24 45 20 14 56 36 47 40 11
50 52 37 57 1 42 8 13 57 31 30 10 51 47 20 47 37 49 54 32
6 16 3 19 8 1 9 3 21 7 4 5 12 5 2 12 13 10 9 1
7 8 3 11 5 1 3 1 13 2 1 2 8 1 1 7 6 11 7 1
4 13 8 30 9 4 7 3 27 3 8 7 9 4 1 15 12 22 12 1
16 27 11 42 13 9 10 1 45 6 21 10 20 13 10 23 22 31 20 9
19 33 14 33 20 13 14 14 31 18 15 4 32 22 6 37 18 21 34 7
34 64 42 79 51 36 45 37 82 36 51 36 48 45 21 72 48 53 60 43
25 44 23 60 13 31 22 16 52 24 29 5 32 41 15 31 29 51 56 22
23 56 26 54 16 16 22 15 47 24 31 8 33 32 12 42 39 21 48 30
9 36 15 46 22 16 20 18 53 15 24 13 20 32 5 42 23 42 36 13
3 9 1 16 3 1 3 2 12 3 4 1 5 2 1 16 5 13 6 1
32 51 23 64 30 27 30 31 49 30 35 16 42 32 17 52 41 32 43 15
29 38 16 39 15 19 17 9 28 17 11 3 29 17 7 25 24 20 31 9
12 16 5 24 3 6 1 1 18 2 8 1 14 9 2 10 8 20 15 4
12 24 8 30 10 7 10 1 34 4 16 14 12 8 2 20 12 22 20 10
29 57 34 58 47 31 44 36 62 39 45 35 43 23 23 59 47 29 39 22
12 30 10 40 19 10 18 12 31 13 14 9 15 10 1 36 26 18 25 2
17 21 15 42 18 17 18 11 45 11 14 22 24 24 16 40 24 46 30 1
22 53 40 60 27 22 35 27 72 20 33 25 37 35 13 58 49 33 50 21
10 17 12 38 20 9 12 7 33 4 20 17 14 10 8 24 15 33 19 1
2 3 1 13 3 1 1 1 9 1 1 1 3 1 1 10 1 11 3 1
20 33 20 44 14 15 13 8 50 17 22 8 30 24 12 42 25 38 24 16
4 11 3 25 8 1 2 6 21 1 13 5 8 9 1 18 6 19 11 2
13 52 36 63 46 30 40 27 70 33 41 33 45 29 16 57 32 53 41 22
18 35 28 56 32 22 23 28 52 15 29 19 30 23 13 50 26 48 41 3
3 16 1 23 3 1 10 1 24 6 2 4 9 2 1 13 14 15 9 1
29 44 34 57 29 34 31 29 51 15 21 19 35 33 14 54 41 42 50 1
22 33 22 49 15 20 15 13 54 12 14 19 27 28 10 34 29 44 42 12
23 49 30 71 42 34 36 16 65 37 31 26 37 27 14 48 39 52 41 22
1 3 1 20 6 1 4 1 10 1 1 3 1 2 1 10 3 13 7 1
8 21 5 30 12 8 13 1 28 10 13 10 12 7 1 20 14 20 13 16
26 53 18 69 40 32 43 20 62 43 36 27 45 28 12 56 29 45 37 23
10 16 10 37 25 10 19 5 39 6 18 21 14 6 9 33 19 30 13 2
1 7 1 18 2 1 4 2 16 1 2 1 1 4 1 11 8 11 10 1
28 54 31 67 39 25 35 26 72 29 42 27 46 20 22 52 43 41 40 20
15 35 2 22 6 8 17 9 24 17 16 9 20 2 7 19 26 4 16 9
34 50 36 64 38 28 40 32 68 35 33 32 49 17 22 52 50 41 43 12
3 28 8 33 12 5 19 19 39 10 21 13 13 10 5 26 32 16 19 5
13 27 18 43 27 11 18 16 37 13 17 14 22 13 8 28 26 30 30 4
12 11 7 24 10 13 8 3 32 6 4 16 13 16 4 28 4 32 17 4
5 21 4 43 18 6 13 6 34 9 14 11 6 13 3 27 16 26 20 11
19 39 18 59 35 22 30 8 56 33 21 18 32 23 1 38 29 39 32 25
40 57 30 70 34 36 35 22 73 33 47 33 52 31 30 59 46 51 41 24
13 49 30 63 48 21 43 29 67 33 45 28 40 31 30 60 49 39 39 25
6 24 10 34 14 7 8 8 30 5 23 7 12 15 12 23 9 24 17 15
28 53 27 65 38 38 36 24 61 35 31 29 44 32 9 62 38 51 51 15
4 21 14 24 15 6 8 12 28 1 24 11 10 9 8 20 9 19 17 5
11 11 1 16 3 6 5 1 7 6 1 3 9 4 2 12 6 12 16 1
7 26 17 43 18 11 18 15 40 6 23 19 15 7 11 28 23 28 29 9
24 29 18 35 6 15 6 4 41 15 11 3 31 21 1 37 17 32 23 10
9 24 9 29 13 11 11 3 30 6 17 10 11 9 6 12 17 21 16 7
25 43 27 65 39 33 34 17 52 23 46 34 30 24 36 38 41 55 40 14
