1000 20 12 1103
8 0 3 13 18 5 1 11 2 15 7 4
5 17 8 2 0 5 14 6 9 2 6 4
13 2 4 16 6 9 3 3 4 14 1 21
6 4 1 2 5 0 1 2 5 2 3 3
13 2 13 4 7 8 4 3 1 1 1 0
3 5 2 11 1 2 0 5 2 5 6 9
8 4 1 3 1 4 8 3 20 7 3 13
9 2 2 7 4 6 3 11 1 7 4 3
4 6 8 1 9 2 7 6 10 5 6 6
1 12 2 5 0 5 2 2 7 10 6 19
3 5 5 1 4 7 3 17 11 15 4 11
5 9 4 13 7 0 2 19 14 17 6 11
8 3 2 1 5 4 3 4 4 4 2 6
14 16 18 15 9 4 12 0 8 14 1 10
1 0 6 12 4 6 4 14 8 1 7 26
2 1 0 13 4 16 12 15 14 3 10 9
9 7 4 1 16 2 5 9 7 5 2 1
2 10 6 8 5 18 3 11 10 7 3 2
8 3 1 1 11 9 7 14 5 4 2 5
2 0 11 5 3 3 6 3 6 5 1 3
3 1 10 5 1 5 8 17 1 9 0 6
3 2 3 10 5 5 15 2 0 3 2 6
13 3 18 4 3 9 2 10 3 6 2 1
2 5 7 4 2 4 0 12 1 1 6 6
7 0 2 6 26 3 7 20 8 11 4 4
6 3 7 5 12 1 6 7 9 3 11 4
15 6 1 2 1 9 5 7 5 7 16 9
16 9 11 9 4 14 3 3 11 2 1 8
5 4 3 3 9 1 2 4 0 1 3 9
13 5 13 11 3 4 4 19 3 5 8 1
2 1 3 4 2 3 2 1 0 3 3 6
4 1 1 1 6 0 5 0 1 4 1 1
1 1 9 5 7 2 1 0 6 6 3 10
10 1 16 25 12 1 2 15 8 0 2 5
4 2 2 1 4 6 8 5 3 12 2 5
20 6 5 10 7 1 2 5 3 4 2 5
8 0 8 7 1 6 2 4 1 4 3 1
3 12 4 11 6 9 3 12 15 2 3 22
6 1 4 8 18 4 8 7 15 2 7 3
6 0 28 10 6 6 2 4 7 8 1 10
7 5 5 3 10 8 3 14 5 9 2 10
5 1 1 1 5 2 0 7 2 1 3 2
4 4 3 1 1 1 1 3 3 5 7 3
11 9 4 2 4 3 7 2 7 5 2 8
0 10 1 5 3 5 12 13 6 5 1 1
3 3 19 10 16 3 10 20 1 10 2 0
2 2 3 1 6 3 0 3 0 6 7 8
1 4 18 16 8 2 5 3 15 11 5 14
10 3 7 4 3 5 2 0 5 1 3 1
5 3 7 0 3 2 1 1 7 9 8 3
5 5 8 15 14 12 21 18 7 9 1 3
7 20 1 4 2 14 0 2 2 3 1 5
19 16 3 8 9 4 3 15 1 16 7 5
1 2 8 13 8 17 5 5 0 6 0 5
8 9 1 7 2 17 14 6 15 3 5 3
14 13 2 0 6 7 16 6 7 4 4 2
3 2 0 18 12 3 17 10 9 2 4 11
2 3 12 1 2 2 4 1 9 9 7 4
1 1 2 4 5 1 1 7 1 1 5 2
6 14 14 11 2 2 10 6 8 9 18 8
10 13 3 6 13 9 7 3 1 3 3 5
4 4 1 1 5 2 2 4 1 4 0 0
1 6 1 4 13 8 3 9 5 5 6 3
8 3 5 19 8 11 2 3 9 4 19 14
4 6 4 1 8 8 1 4 8 1 4 2
2 0 8 6 5 2 3 3 2 1 3 0
8 2 5 10 4 0 8 2 2 8 0 7
16 8 10 13 11 3 0 7 3 15 20 12
7 6 16 13 10 1 5 9 2 17 7 8
1 1 4 2 3 10 15 3 1 1 6 5
1 5 3 3 2 5 1 5 1 6 0 1
14 1 6 4 4 10 4 10 10 2 2 2
27 1 15 9 8 1 20 5 2 2 2 7
6 17 9 8 6 5 5 3 21 0 3 0
10 2 5 14 0 11 0 9 16 3 2 28
12 10 3 4 1 15 2 2 8 1 4 6
2 9 8 22 10 1 2 2 5 0 7 13
22 2 6 24 2 12 8 2 11 2 6 8
6 4 1 2 7 4 3 10 4 3 13 10
3 4 6 4 2 0 1 1 1 5 3 2
2 9 3 2 1 4 1 3 5 3 8 7
5 9 11 6 10 3 5 5 1 11 1 0
13 4 1 3 19 14 7 7 0 6 3 9
6 9 11 10 2 5 4 10 10 8 7 15
3 6 3 4 5 2 2 2 1 5 4 8
27 4 10 0 9 10 13 0 4 1 6 1
16 11 6 1 20 2 1 3 1 4 2 5
7 8 10 3 3 10 18 6 5 1 12 3
16 1 9 12 3 9 5 8 1 24 1 11
11 4 4 1 2 2 5 5 9 2 0 4
15 4 5 5 2 2 2 0 4 5 13 14
11 0 7 1 12 4 21 6 2 1 5 7
4 4 2 4 2 2 4 3 11 4 8 4
4 7 1 7 2 1 1 0 1 5 1 4
5 5 2 8 7 12 6 5 6 1 6 4
1 3 6 0 13 5 2 0 5 6 5 3
2 6 2 13 2 2 1 0 1 3 1 3
2 15 3 18 1 5 8 12 2 3 7 5
3 5 3 5 1 6 3 4 0 1 2 4
7 4 1 5 3 3 6 1 1 2 1 1
4 3 0 1 7 1 6 5 0 5 9 23
8 4 1 5 0 8 6 15 4 9 5 15
1 4 5 0 3 1 3 6 3 4 1 1
2 0 1 4 8 9 3 0 9 9 1 4
12 7 2 16 1 3 1 1 18 10 3 8
5 2 12 8 11 2 1 30 1 11 5 9
4 3 7 4 5 1 8 17 16 14 3 19
5 1 1 0 4 5 0 1 4 1 3 5
7 1 8 7 3 4 3 4 4 4 2 9
10 3 0 3 3 1 2 4 1 5 1 6
5 11 1 0 9 12 2 3 1 4 9 1
5 1 9 3 1 5 1 9 1 7 2 3
2 1 15 22 2 3 8 10 16 8 3 8
11 3 10 4 0 13 7 6 6 9 4 7
3 8 1 4 5 1 8 4 4 17 4 8
1 3 18 4 0 9 3 14 3 6 11 1
20 16 6 9 3 5 14 6 2 5 11 3
17 2 4 22 11 7 8 3 17 1 2 3
17 1 5 24 8 6 8 0 7 10 7 0
19 8 11 3 5 11 3 11 4 9 2 1
14 7 3 12 3 8 5 1 5 10 13 17
2 1 6 1 5 3 7 4 0 1 1 5
7 0 7 14 13 8 25 4 2 8 16 4
3 5 6 10 13 13 8 13 3 17 22 7
17 4 2 1 3 1 4 2 6 4 0 2
10 3 2 2 7 16 1 13 1 4 2 12
4 3 1 2 1 0 1 2 2 3 4 6
11 2 1 0 3 1 5 3 3 2 3 4
11 28 2 2 2 1 5 13 4 4 8 8
13 8 4 1 9 3 1 1 1 2 4 2
8 7 2 3 6 0 4 2 4 10 6 4
1 2 1 11 8 4 9 1 4 11 1 4
2 1 1 2 2 3 1 6 1 1 0 12
3 10 9 9 3 4 14 18 2 1 0 8
7 8 1 5 2 15 7 4 2 7 8 7
6 3 4 14 1 6 1 0 2 5 3 7
1 3 0 1 6 3 2 4 1 5 0 2
6 4 2 3 1 1 2 6 4 4 11 0
10 14 2 1 13 2 4 5 5 4 13 3
10 8 2 1 1 0 9 1 3 5 2 0
0 0 1 2 1 0 2 2 7 3 4 4
5 16 9 5 12 14 10 6 1 26 1 3
10 3 0 4 0 6 3 2 1 5 2 5
9 1 6 5 5 6 8 5 5 1 1 6
5 5 1 1 2 1 5 8 9 2 0 5
5 4 1 3 4 8 2 2 1 3 6 2
17 3 2 1 6 9 16 3 6 14 11 3
0 21 14 10 10 15 3 11 5 7 10 8
9 5 10 10 10 13 8 4 5 6 15 2
6 10 0 5 7 10 1 0 7 15 2 7
3 3 2 9 5 10 10 9 6 1 1 3
17 10 7 1 6 22 8 8 12 12 6 13
9 4 5 4 1 2 1 1 9 11 4 5
0 15 2 7 12 15 7 6 17 9 3 15
6 7 19 1 12 13 15 15 9 9 8 1
17 4 6 11 14 10 6 3 2 7 5 23
7 9 4 9 5 12 13 4 6 6 1 8
3 5 16 3 6 4 8 4 11 8 1 9
12 4 7 18 3 5 12 8 11 15 18 1
4 5 5 2 15 1 22 6 2 7 6 2
1 1 3 3 2 3 4 9 4 3 3 4
1 7 10 0 3 8 4 12 2 6 3 4
5 4 1 7 1 3 6 2 2 2 5 6
3 4 5 4 6 3 3 10 0 3 5 4
9 3 1 6 20 6 6 7 5 12 4 18
1 4 13 4 11 10 4 11 8 2 18 6
20 16 4 6 1 11 2 12 3 2 9 6
5 1 1 24 11 11 5 5 2 19 2 1
7 10 7 13 3 3 8 8 5 4 1 4
11 3 5 3 2 14 17 8 6 18 4 7
13 2 1 0 1 1 0 3 5 1 8 1
6 6 8 1 2 9 4 2 3 9 5 1
2 2 2 7 4 10 9 2 7 7 11 6
14 6 1 3 4 14 10 17 9 12 9 3
9 1 5 12 8 2 0 2 5 13 5 9
8 24 0 8 19 7 1 9 4 3 4 13
14 10 6 31 4 2 2 3 6 7 3 14
10 1 4 25 9 5 5 8 1 6 5 4
6 7 9 6 15 2 8 1 1 1 8 8
6 4 1 5 0 1 5 6 1 11 0 11
4 1 1 0 6 3 0 0 5 2 6 2
5 3 6 2 0 9 6 7 2 3 5 6
12 0 2 4 22 1 1 13 2 2 13 0
0 6 1 0 0 2 5 5 3 4 4 3
1 7 4 7 7 12 4 12 11 26 0 4
6 16 11 11 9 2 11 0 0 1 2 2
10 5 7 0 6 1 2 6 16 7 11 14
4 1 4 5 2 6 3 0 1 1 1 3
5 1 5 7 3 8 4 5 14 9 6 0
2 5 0 6 1 4 8 2 6 3 1 4
6 9 15 0 1 0 0 1 9 9 14 4
1 3 2 7 3 6 8 2 10 2 1 0
23 5 8 11 5 5 1 20 15 4 6 8
8 14 8 18 1 5 13 5 3 15 3 7
3 5 3 11 12 2 5 1 9 5 2 1
7 17 2 6 5 19 2 6 8 1 2 10
2 5 1 10 2 1 7 8 3 4 3 7
2 11 18 3 3 6 4 4 1 5 2 9
6 4 12 12 4 7 1 4 19 13 12 1
5 15 0 2 0 11 11 3 1 12 6 19
15 2 13 27 9 0 1 9 4 8 5 4
11 9 10 2 11 15 6 14 1 7 4 7
9 6 13 6 9 12 14 10 0 1 5 8
2 2 2 2 0 4 3 4 6 0 24 4
17 10 3 7 14 1 2 5 0 5 14 11
10 1 4 0 12 2 4 1 3 7 3 8
4 5 7 10 7 4 6 1 3 6 9 6
8 0 1 2 6 0 1 2 6 3 2 2
7 0 3 1 10 4 4 3 7 2 12 18
3 5 3 0 6 3 5 2 1 2 1 2
7 13 21 7 11 6 4 12 13 2 1 15
1 4 0 0 1 9 2 5 7 2 6 1
2 19 2 3 6 2 1 3 9 6 0 6
3 12 5 3 3 10 19 0 10 1 3 4
15 0 20 7 4 8 12 1 5 0 1 15
0 8 17 17 4 2 0 5 8 2 23 6
5 4 0 5 2 1 5 0 3 2 2 5
11 2 0 4 1 1 8 6 3 6 2 0
6 14 4 9 10 8 11 11 6 17 19 2
3 1 5 13 3 7 2 7 8 0 12 1
7 0 3 7 23 1 12 7 1 6 5 6
8 6 3 1 9 1 11 7 7 16 1 9
1 6 4 1 3 2 5 1 6 4 1 5
7 3 2 7 13 6 2 5 1 1 0 6
9 8 5 7 2 11 6 5 18 1 2 0
13 7 6 3 15 13 1 14 0 6 4 6
8 2 8 1 3 4 4 0 6 4 8 5
10 4 8 2 9 6 12 14 7 20 0 5
2 2 9 1 1 1 1 4 0 1 1 1
13 8 4 1 3 8 6 1 4 9 8 6
1 4 9 11 10 9 7 2 16 8 0 6
5 21 3 5 4 7 7 1 0 12 0 8
4 2 5 3 8 2 1 1 12 8 3 3
3 7 4 6 2 4 3 9 11 9 8 7
6 8 4 9 16 9 1 8 2 1 11 17
19 7 4 17 3 3 13 8 9 14 4 4
6 2 0 1 2 2 6 2 6 5 4 1
7 7 3 3 3 6 14 13 10 6 10 1
13 14 1 0 3 14 8 22 5 20 3 0
3 4 5 6 8 8 2 5 5 4 4 2
3 2 3 5 7 2 0 6 4 5 2 2
6 8 1 0 3 1 11 3 3 8 4 12
8 3 23 2 4 2 7 11 6 5 9 8
13 20 10 5 8 9 21 5 2 3 9 3
11 8 8 6 7 13 12 4 18 1 1 18
6 10 8 3 6 4 3 4 3 10 1 0
0 1 8 3 4 5 5 2 13 2 6 4
1 0 2 4 2 1 0 5 6 3 7 1
7 5 9 2 6 0 0 10 2 9 5 3
1 6 11 3 11 7 0 4 7 9 10 23
2 1 7 2 4 2 2 6 2 4 2 2
2 12 9 9 21 5 6 7 5 11 11 22
12 5 8 1 3 1 6 4 2 1 0 2
9 15 7 2 13 6 9 13 5 2 23 11
3 4 4 4 4 6 3 5 2 8 3 8
8 11 13 13 1 6 11 1 1 20 15 17
8 4 3 0 0 4 0 9 2 7 4 1
2 1 2 3 9 1 1 2 5 7 2 1
1 1 18 1 1 5 14 4 24 2 5 17
16 0 1 10 3 13 1 4 8 17 10 8
22 9 6 5 2 6 5 0 6 4 9 13
3 3 3 6 5 12 2 0 0 8 6 0
10 5 10 8 7 16 13 16 3 10 11 6
2 3 4 1 1 10 1 6 5 1 4 5
3 2 3 10 0 9 8 2 1 2 5 3
4 1 0 9 9 1 7 9 4 2 7 0
3 13 1 11 2 2 3 7 9 15 4 5
10 5 6 5 8 3 1 11 9 2 11 8
1 0 7 5 0 4 6 4 5 1 1 8
6 9 3 2 0 0 4 3 5 3 7 3
6 9 11 16 10 10 13 8 1 9 1 8
3 3 3 7 9 4 15 5 5 7 15 2
6 1 0 7 0 0 0 3 4 4 1 1
5 15 0 5 14 1 2 10 1 5 11 4
7 0 3 0 1 4 2 11 16 1 9 10
1 13 4 4 12 7 2 8 1 3 10 4
8 1 9 1 12 15 9 1 14 2 6 7
0 5 6 5 8 4 1 1 2 1 5 4
3 15 1 9 7 1 1 18 5 21 6 13
6 4 8 17 1 20 1 21 3 17 2 5
2 1 7 3 1 2 4 0 3 6 1 2
0 6 0 1 0 6 1 6 1 6 2 5
12 2 8 8 1 4 8 18 5 2 5 2
9 2 1 5 5 6 5 15 3 0 13 12
5 7 1 6 3 5 0 2 1 7 0 5
7 0 1 0 0 1 4 1 8 5 6 3
0 7 6 2 0 1 2 0 3 5 1 1
8 23 4 15 2 11 2 5 17 5 15 2
9 10 6 3 10 0 16 12 0 6 5 2
8 10 3 14 3 8 8 2 1 9 15 9
4 1 4 1 3 0 1 5 5 6 12 4
6 1 15 5 6 4 18 3 2 3 1 19
0 5 4 0 1 6 3 2 2 0 4 1
4 5 5 1 12 0 0 6 3 9 14 5
4 1 10 15 9 7 2 1 13 4 0 5
4 0 13 14 4 17 14 17 8 8 4 4
16 11 16 3 4 10 6 2 18 13 8 4
4 8 12 8 11 3 6 13 11 10 3 12
11 2 11 15 10 8 6 0 3 8 9 4
5 3 3 7 3 11 7 6 5 5 7 2
3 3 6 1 4 4 0 3 5 0 2 3
9 7 6 1 10 5 10 13 7 1 13 4
10 4 3 6 0 2 11 1 1 1 1 1
3 8 12 3 16 6 17 5 3 3 3 1
13 8 0 1 12 11 1 9 5 14 12 8
1 2 2 1 1 0 8 2 4 1 2 4
2 6 5 8 12 3 6 10 6 1 6 12
6 8 0 1 3 2 1 11 3 1 5 2
7 2 5 2 3 5 2 0 4 5 2 4
6 4 12 3 19 3 9 3 2 1 11 17
4 1 9 9 11 7 5 1 3 16 14 13
18 11 3 4 6 7 20 4 8 3 15 3
0 10 1 11 3 1 1 1 4 10 1 4
5 1 19 8 13 16 10 3 1 0 2 4
6 0 1 2 2 1 5 1 0 5 7 5
2 0 13 1 2 4 10 4 8 0 6 6
2 4 7 0 0 7 2 2 3 1 2 4
14 7 13 3 0 1 3 4 4 12 17 9
0 0 7 0 4 10 4 1 0 4 3 6
1 3 3 9 1 4 22 9 2 2 8 21
2 0 9 9 0 4 5 15 21 12 2 6
9 6 4 1 7 4 8 3 2 15 2 9
9 2 9 4 0 13 7 18 18 3 15 3
8 2 5 4 8 7 6 6 3 5 1 13
5 3 7 10 10 0 6 0 9 2 1 7
3 3 8 5 2 2 1 1 1 3 6 3
9 6 1 3 11 0 12 1 10 1 3 4
2 27 10 4 3 8 9 11 16 4 7 4
4 0 7 0 1 0 0 4 2 4 0 3
3 5 4 3 2 1 7 8 6 4 6 1
15 21 5 3 10 2 3 14 8 0 11 4
11 2 12 11 13 11 13 5 5 8 1 17
5 11 10 15 9 6 13 8 5 10 7 5
10 2 3 7 9 16 0 20 4 5 3 0
14 10 2 12 6 11 2 16 11 8 1 4
5 12 24 2 2 10 5 5 4 4 6 7
1 7 1 5 8 7 11 3 5 2 6 1
2 3 7 6 2 8 5 1 1 0 11 4
8 3 2 5 6 0 8 8 3 3 0 5
9 4 7 3 1 3 5 10 5 3 1 0
8 22 3 7 7 3 10 0 4 3 14 2
12 2 4 5 17 2 6 11 1 14 6 6
2 4 8 6 27 10 10 7 4 17 1 10
5 12 19 7 2 18 3 13 8 4 21 2
8 9 1 3 7 3 4 1 1 7 2 6
4 9 1 9 16 11 5 5 0 3 6 19
1 6 1 6 5 12 6 0 4 2 3 7
5 5 1 2 4 6 3 9 11 5 0 6
3 4 17 5 1 8 11 2 12 2 18 17
7 1 6 3 6 3 21 0 1 1 5 10
8 11 9 6 1 2 1 1 4 1 9 15
2 5 1 3 2 1 0 4 4 4 2 3
12 6 10 10 7 1 5 6 3 4 18 9
1 1 1 2 5 0 0 5 5 3 3 3
2 1 1 7 2 1 4 0 1 2 4 2
10 6 14 0 1 0 10 23 7 8 12 6
10 2 8 5 14 2 1 19 21 8 10 10
3 12 19 20 10 3 0 6 7 8 3 11
2 11 1 1 10 0 8 4 11 10 13 1
5 6 19 6 6 13 10 6 20 5 17 7
10 1 5 2 5 3 1 0 1 4 7 1
0 6 1 1 1 2 9 3 1 2 3 4
2 1 0 11 13 10 13 4 2 7 18 1
5 7 14 8 12 10 1 5 1 0 10 0
4 5 2 8 4 5 4 0 8 4 5 1
3 4 10 1 0 4 8 4 3 1 14 5
8 1 5 8 8 9 6 7 6 5 1 3
2 1 8 5 10 18 5 12 12 17 14 4
4 2 7 4 10 4 5 6 2 1 3 10
5 0 3 6 9 4 7 5 1 3 0 6
10 6 2 0 9 11 6 13 6 7 2 6
14 9 16 2 12 9 6 8 5 9 7 10
4 5 4 5 2 4 6 2 3 4 2 2
1 20 14 15 3 6 13 7 4 14 9 4
9 2 1 1 9 2 3 18 6 23 0 5
13 12 2 0 0 0 3 3 17 13 7 4
7 10 14 2 7 5 2 14 2 10 10 3
13 8 4 7 23 0 2 1 5 5 11 18
0 4 0 11 6 11 5 13 6 1 7 3
9 3 6 10 6 4 7 2 5 1 6 3
1 8 1 4 0 1 3 2 6 1 1 1
2 2 12 4 2 6 4 5 5 9 12 2
8 1 6 3 5 12 10 6 6 6 3 1
13 1 2 18 3 1 10 13 9 5 13 9
0 2 5 4 5 5 8 13 4 4 1 18
3 6 9 2 3 6 5 5 6 1 9 6
9 13 10 9 10 22 3 7 13 8 10 7
4 8 24 2 3 2 4 9 1 5 13 9
3 8 1 13 6 8 8 3 2 10 6 2
3 3 9 15 6 18 9 2 4 7 12 7
9 16 11 4 12 16 0 1 12 3 13 6
5 1 7 9 1 10 16 11 1 10 7 9
1 2 1 1 1 1 8 0 3 2 1 5
12 5 1 7 7 4 3 13 6 10 8 2
5 8 1 1 2 4 4 3 3 1 1 4
9 4 4 3 7 2 6 1 1 5 1 15
7 4 10 3 1 6 18 6 19 1 13 3
9 3 10 17 6 1 2 8 7 3 2 6
4 1 1 15 7 19 11 10 1 3 0 8
8 1 10 6 2 13 21 3 17 1 8 9
6 11 4 9 15 3 18 2 7 2 12 20
1 13 1 11 4 13 6 4 6 14 1 7
3 2 1 4 5 7 4 7 1 7 3 2
5 8 1 3 1 5 2 1 3 2 3 2
9 8 9 2 8 5 3 2 2 6 13 11
4 16 1 3 5 4 2 3 8 2 2 5
7 18 9 4 13 3 4 9 14 3 11 11
11 4 2 7 5 0 12 1 0 6 0 4
0 7 6 5 3 5 13 9 3 15 22 13
3 1 9 4 10 9 7 11 5 18 14 1
3 3 2 2 2 1 5 7 2 0 6 2
4 5 1 11 12 12 4 5 2 1 7 7
12 0 11 11 8 2 0 4 3 6 2 7
1 1 3 1 1 5 11 1 2 3 0 2
4 4 6 18 2 21 8 10 11 8 8 8
1 4 4 2 5 5 1 7 1 1 1 2
0 7 4 2 3 1 4 1 1 6 1 4
4 1 15 5 6 1 6 12 1 8 21 3
3 3 1 3 4 12 1 6 6 4 4 6
4 4 3 12 9 19 17 5 2 3 11 2
1 2 1 7 4 6 7 3 0 2 4 10
11 7 1 16 5 9 1 12 3 14 3 2
4 2 0 4 5 2 4 1 4 9 9 3
6 1 21 12 10 19 5 6 4 3 7 13
6 5 0 10 1 5 10 11 4 11 9 6
9 10 3 10 5 4 2 8 3 1 10 21
3 1 6 2 1 4 2 3 1 7 5 5
0 6 3 4 5 3 10 2 1 7 1 5
6 5 1 6 29 4 5 1 12 7 7 3
7 15 3 4 19 3 21 5 9 14 3 6
4 0 0 12 5 0 14 2 18 19 8 19
12 5 3 6 13 3 0 3 5 5 6 1
3 6 2 0 4 4 2 12 4 2 9 5
9 7 9 4 10 2 2 4 4 10 5 2
4 4 11 1 2 2 1 3 0 2 5 2
8 13 4 3 4 5 0 2 8 13 1 2
6 1 16 3 13 0 14 2 8 3 0 27
12 4 14 1 3 3 2 4 1 16 0 6
0 3 1 5 3 1 7 1 4 8 1 6
4 0 2 14 2 7 13 9 5 2 2 5
4 1 6 0 1 2 0 1 4 1 5 3
4 3 2 4 1 1 3 6 1 3 0 2
2 4 13 6 6 12 5 7 2 3 13 11
0 10 11 3 5 4 9 1 10 11 5 0
9 4 3 19 0 4 1 7 3 21 7 1
14 1 3 2 6 9 9 8 5 9 7 0
9 14 0 15 20 19 5 2 17 0 5 1
6 3 0 7 13 3 6 2 17 1 11 0
6 2 0 4 1 3 3 7 5 7 13 6
4 1 5 6 0 0 1 20 2 1 9 3
3 0 11 1 10 2 4 2 4 1 5 6
4 5 4 1 2 3 4 6 11 1 6 5
12 8 7 11 1 1 18 3 3 9 13 5
13 0 7 12 11 7 7 7 5 10 2 6
1 13 9 2 4 4 6 1 3 5 2 10
2 1 3 4 4 4 7 2 0 2 4 4
0 1 6 0 6 5 3 2 5 0 4 4
6 21 5 18 19 2 12 9 4 5 11 6
13 5 23 18 2 13 6 0 12 2 5 3
27 7 1 11 2 1 24 7 5 1 5 4
18 13 4 3 7 22 1 1 7 8 16 9
4 10 0 12 1 1 1 1 1 0 9 4
4 5 1 3 5 8 2 5 18 6 1 5
2 6 2 1 1 2 1 5 2 1 4 5
2 1 5 2 0 4 0 6 4 9 3 5
13 18 2 4 7 4 11 6 3 8 4 11
18 9 12 7 4 7 12 8 6 2 4 11
3 1 8 4 8 4 1 5 2 2 7 14
7 2 5 4 4 6 2 2 6 1 9 5
9 5 5 2 2 1 5 6 7 8 12 7
11 2 1 14 2 1 17 13 18 2 3 2
10 10 21 5 3 14 11 8 4 15 7 7
1 4 4 2 2 1 8 2 3 6 2 2
20 12 5 2 2 9 12 11 3 9 19 3
2 6 4 5 10 1 9 0 4 3 3 6
4 2 2 9 1 1 10 0 2 6 3 5
5 6 5 1 13 2 6 5 17 0 9 2
3 1 4 9 1 3 8 1 5 5 8 2
6 5 7 10 9 4 8 8 0 3 8 10
2 1 6 4 5 1 3 1 2 4 10 2
12 8 15 9 4 15 6 1 11 5 10 6
0 1 3 1 5 1 3 4 4 3 2 6
4 5 5 9 26 11 1 2 3 13 1 8
1 2 7 27 2 14 16 7 10 2 6 5
7 10 9 6 16 11 14 9 3 9 6 11
4 8 6 8 16 2 7 0 14 11 23 3
2 0 0 2 9 4 7 0 3 1 5 1
7 0 5 1 6 0 1 5 4 1 0 3
1 11 3 14 7 2 7 0 19 5 1 10
2 3 14 5 11 1 1 1 2 10 6 3
9 3 1 1 6 2 1 3 3 7 0 4
9 1 11 6 3 1 20 16 4 11 6 2
2 9 6 0 13 7 14 5 6 13 28 4
5 7 3 9 12 6 2 2 1 3 19 20
4 8 8 10 8 19 0 14 3 3 9 7
2 1 3 3 3 6 3 3 6 2 5 1
13 2 7 7 2 6 7 6 6 10 7 5
3 10 3 10 19 4 6 0 14 7 21 8
7 2 8 23 10 1 16 6 16 12 2 5
12 8 2 9 2 11 6 21 9 6 2 10
22 4 9 3 2 2 4 16 11 2 2 12
6 2 9 3 6 12 5 6 4 2 5 9
14 17 7 4 3 4 16 1 2 19 15 6
5 1 0 7 9 6 0 6 2 8 10 6
8 7 1 0 12 13 1 6 3 1 7 19
8 5 2 7 6 7 2 2 7 1 13 13
7 8 4 6 17 13 12 3 13 3 8 6
4 1 16 7 9 6 6 13 4 1 1 5
7 12 6 4 3 11 10 7 2 7 13 15
7 2 8 1 6 2 5 5 4 1 2 3
1 4 5 14 7 4 0 0 6 7 10 6
5 9 2 5 4 0 20 2 3 0 2 2
0 1 5 10 1 14 16 3 5 1 13 2
13 2 19 9 11 5 4 3 20 4 7 10
6 4 3 3 3 3 3 4 1 7 1 5
0 1 8 0 4 1 3 3 0 2 2 4
13 11 5 11 0 0 19 2 10 13 14 14
1 2 4 4 1 8 0 1 0 3 1 2
11 14 8 7 6 8 9 5 2 16 8 5
3 5 8 4 7 5 16 1 23 8 18 6
3 6 0 1 6 3 2 3 2 1 1 2
1 20 2 9 2 9 1 3 1 11 2 6
1 4 1 5 4 5 1 1 4 4 1 3
3 11 3 3 8 6 6 0 1 5 8 3
1 0 5 0 1 20 11 3 2 11 3 5
0 6 6 3 1 1 3 5 1 3 3 2
7 5 14 2 14 3 3 6 2 3 9 19
4 5 0 0 3 4 1 3 3 7 9 4
0 0 1 5 1 2 2 6 9 5 10 2
4 4 5 2 4 5 2 2 3 0 3 6
8 3 11 8 1 11 23 5 1 5 2 8
2 0 8 1 1 0 6 1 1 1 1 1
3 6 14 2 7 13 4 2 1 5 3 7
0 8 1 3 7 3 1 2 3 5 8 3
9 1 3 22 12 1 3 5 4 0 14 7
1 7 8 6 4 3 1 2 1 4 2 1
9 14 7 2 19 10 3 13 4 0 6 4
6 1 5 3 6 2 2 3 0 12 1 7
9 10 5 1 2 10 7 3 13 0 3 16
2 3 7 0 4 2 8 4 7 4 4 6
8 0 4 5 4 4 3 4 2 12 2 4
6 5 1 2 1 4 5 3 2 3 5 8
4 4 1 3 10 9 9 20 16 8 11 0
7 0 3 11 16 4 1 0 3 3 11 2
5 1 1 6 5 2 9 14 1 5 4 18
14 9 1 4 7 7 4 7 5 8 11 6
7 7 1 5 11 5 1 16 8 5 3 18
3 5 5 6 21 1 15 3 7 4 12 14
3 19 13 9 0 17 20 7 4 4 6 0
9 6 5 10 1 5 8 3 5 10 7 6
3 0 14 2 4 10 15 7 13 3 1 1
5 12 8 6 15 3 1 6 3 2 13 8
2 0 1 1 9 8 5 4 3 6 2 2
0 5 4 5 1 6 2 1 5 2 3 3
3 6 10 6 1 7 6 1 7 4 6 8
6 3 1 2 5 2 2 2 0 3 2 0
3 8 6 13 4 11 3 4 1 2 7 1
2 3 9 1 13 4 7 6 1 4 3 7
4 6 4 1 15 0 7 4 2 13 10 0
7 10 0 4 14 5 7 8 15 10 0 1
2 6 1 4 4 8 1 2 2 2 0 0
13 6 8 9 1 4 4 1 0 5 6 3
4 6 9 0 11 2 9 1 2 6 1 3
3 17 17 11 4 4 5 9 0 2 9 2
1 0 0 6 0 5 16 4 0 11 4 4
19 2 4 25 13 1 3 15 7 1 0 9
5 3 8 10 1 8 0 5 4 3 7 2
3 5 15 11 16 4 9 10 10 10 3 7
7 3 0 5 2 10 7 5 5 8 4 10
1 2 7 5 1 16 2 1 5 13 5 9
5 5 1 11 2 4 7 2 2 9 10 21
7 2 5 6 3 1 1 8 2 2 4 1
17 5 7 5 6 5 11 9 8 3 10 1
3 5 2 1 11 7 17 11 4 5 7 1
9 24 16 6 7 7 3 7 14 4 0 1
6 3 3 6 2 1 1 2 2 1 2 2
8 8 1 5 8 9 1 1 7 6 9 7
4 6 2 7 0 8 5 12 7 5 2 2
3 3 10 8 2 1 5 3 8 16 3 0
10 4 12 17 7 13 8 8 4 13 2 5
3 5 11 17 16 18 3 3 1 12 2 4
1 1 7 2 4 3 1 4 2 0 6 3
6 7 5 4 3 3 0 2 8 11 1 7
8 12 22 13 8 4 8 8 7 18 5 4
6 8 11 15 12 2 7 1 3 4 14 6
5 11 13 5 4 3 6 0 0 2 2 6
1 1 2 6 6 3 3 5 0 0 0 8
19 14 9 9 9 6 7 7 14 2 0 4
1 4 0 0 4 8 6 5 2 5 0 2
7 2 2 13 10 8 13 10 2 13 7 19
3 0 2 3 1 3 4 2 14 1 11 9
19 1 6 9 8 0 3 14 1 8 7 1
5 2 6 5 1 2 3 4 7 2 6 1
15 9 1 12 12 1 4 8 4 5 16 4
9 4 3 1 1 4 0 7 2 5 5 2
1 10 25 12 10 1 7 17 14 6 6 1
7 2 2 1 0 9 1 3 5 3 3 8
1 0 8 0 5 6 2 1 2 1 3 3
2 1 5 4 3 4 1 2 6 1 0 4
0 6 2 11 4 4 9 5 3 5 13 3
23 14 8 10 14 2 2 15 3 1 4 3
2 1 8 2 3 5 9 1 2 5 1 0
1 5 2 2 2 2 3 4 4 5 6 1
9 3 10 2 6 5 4 4 1 5 13 1
7 7 6 2 4 13 10 6 14 16 5 7
2 10 5 2 16 7 12 1 1 2 5 2
18 7 3 3 9 3 10 20 13 6 10 11
1 2 0 4 3 7 4 0 2 1 7 6
2 2 4 1 3 2 3 1 3 4 3 5
12 1 5 0 3 3 6 8 1 4 3 4
0 4 10 9 6 0 3 2 9 12 4 0
12 10 13 20 4 2 10 8 4 0 20 11
3 7 8 2 8 0 1 2 6 4 3 2
2 0 2 1 0 4 0 3 1 8 3 0
6 4 7 7 1 11 2 3 1 0 1 4
2 1 7 0 17 4 1 6 8 7 15 3
2 6 10 4 2 13 1 2 2 11 1 4
2 10 8 4 7 9 4 11 1 6 15 3
9 7 1 1 3 0 12 5 11 0 16 0
3 12 6 2 1 5 0 7 4 3 9 7
7 17 1 3 10 5 8 3 2 0 9 1
1 4 12 4 7 0 2 5 3 2 8 1
9 8 7 5 4 1 13 18 16 3 11 2
10 12 10 20 5 4 18 16 2 5 5 6
2 4 4 4 3 11 0 10 6 3 3 6
19 7 11 11 2 1 12 3 16 10 3 12
5 4 15 0 10 3 7 12 4 4 5 9
9 4 7 12 3 6 0 5 4 23 5 6
1 4 7 7 8 3 6 21 10 1 16 19
0 5 2 8 7 5 4 4 4 0 2 1
6 3 4 3 17 3 1 7 1 1 5 3
1 4 0 10 9 1 2 4 4 2 0 1
5 4 3 5 2 6 3 1 10 3 6 9
4 13 27 3 1 5 17 4 8 8 1 8
6 4 1 2 1 2 8 8 6 3 8 2
9 6 23 12 14 5 5 1 8 9 13 2
15 1 0 0 7 1 1 15 12 5 4 4
14 17 4 1 4 3 11 13 7 2 3 17
10 6 7 10 12 1 10 7 12 4 4 0
3 4 7 0 1 3 8 8 8 7 9 0
18 2 5 5 15 5 10 2 19 5 12 12
18 5 2 1 10 13 11 12 9 3 1 2
9 23 16 2 8 8 14 2 7 7 3 2
4 9 3 10 4 23 4 10 9 9 19 1
0 1 4 0 2 4 4 2 2 5 1 5
1 1 6 0 4 5 1 5 1 5 0 5
8 3 5 1 3 9 3 9 8 2 4 1
6 9 1 3 12 1 17 5 4 2 8 2
2 6 6 5 6 11 2 4 1 9 3 5
19 8 3 10 8 8 17 0 7 2 17 8
1 18 12 8 18 4 7 3 13 12 7 4
10 1 22 14 8 10 8 1 21 7 2 6
8 5 13 2 22 4 4 2 8 13 15 12
9 2 8 5 9 4 7 2 1 8 5 5
2 5 3 7 8 2 14 4 6 1 6 7
11 8 22 10 9 1 3 10 4 3 10 3
4 1 3 4 15 9 4 1 1 0 6 6
2 11 4 13 8 1 13 12 4 1 8 11
2 7 5 1 4 4 5 4 1 2 5 4
3 8 3 5 1 1 2 3 0 7 3 3
3 1 0 6 10 16 1 14 6 6 22 13
20 5 6 9 4 3 14 7 7 15 3 4
1 12 10 2 3 6 14 12 1 4 4 2
1 5 8 0 4 2 4 5 6 0 4 1
6 5 8 10 13 7 2 2 3 3 3 2
6 7 6 0 16 6 11 9 1 10 0 4
9 7 3 8 2 2 7 5 14 3 1 14
6 6 12 1 1 5 20 4 2 8 7 5
1 3 3 4 9 1 6 7 6 2 9 4
4 5 7 25 4 12 14 8 6 15 10 10
5 1 3 7 12 5 5 4 8 3 4 5
7 3 4 10 21 11 0 4 2 4 9 1
19 0 11 15 12 9 4 1 10 3 12 4
1 0 1 4 6 2 0 7 1 0 6 8
3 1 2 9 2 3 2 0 2 1 3 3
8 5 4 1 7 8 6 3 3 4 5 3
2 0 5 2 1 4 5 4 4 1 2 1
10 6 18 5 22 8 3 6 5 10 15 8
11 3 7 14 9 2 5 12 2 8 1 13
3 11 0 5 3 0 2 2 2 0 10 1
13 10 18 13 13 1 4 1 9 9 11 10
13 4 0 6 8 7 4 16 4 4 9 2
14 9 13 1 8 4 1 5 7 2 16 16
14 1 7 4 7 4 11 24 14 10 11 12
9 0 2 3 1 2 12 14 15 2 14 6
14 3 11 3 2 8 7 6 3 6 2 5
1 6 5 5 2 5 7 3 3 6 6 6
20 4 6 6 3 12 9 14 13 2 12 19
2 1 1 6 2 4 5 4 4 9 2 8
8 5 2 2 2 0 12 7 5 15 3 14
1 11 5 3 7 3 13 8 1 1 22 23
6 3 9 3 5 19 24 2 4 4 4 7
2 22 11 11 0 12 5 13 3 4 2 14
7 3 4 3 5 9 7 2 8 0 16 15
16 6 2 8 10 12 10 5 11 8 3 19
12 5 11 2 4 12 7 1 9 3 10 2
6 0 5 3 5 1 4 3 1 1 1 6
13 4 1 4 13 8 7 1 7 1 5 18
3 2 4 5 5 1 4 2 7 5 2 1
7 18 3 5 12 13 9 10 1 11 2 3
3 2 1 1 5 4 2 0 9 2 1 3
8 3 7 2 7 1 10 1 3 0 2 2
1 9 2 2 0 4 2 1 6 15 2 1
0 11 12 1 10 2 6 17 21 6 10 1
1 4 10 9 0 4 8 5 5 2 9 0
1 2 1 7 10 5 2 3 8 5 6 6
18 3 2 2 14 8 2 2 16 0 6 1
6 12 0 4 10 11 10 14 13 6 8 7
5 5 2 4 2 1 3 3 1 3 0 5
6 1 3 1 7 14 3 1 7 1 4 2
2 6 9 5 0 4 8 8 10 2 3 9
7 9 9 3 1 7 4 4 5 10 1 2
2 18 8 4 8 7 1 2 2 8 5 12
9 5 2 5 6 16 9 8 10 11 4 10
7 4 24 0 14 5 5 1 14 3 7 9
2 1 1 1 8 0 6 3 4 9 1 6
4 6 4 3 9 3 4 1 10 13 19 4
2 0 0 0 5 1 3 0 4 1 11 4
11 7 14 8 8 2 10 12 3 0 11 20
5 2 3 1 13 19 1 20 6 1 12 1
1 1 12 18 10 1 2 14 3 2 2 22
6 1 15 6 13 7 12 8 18 4 2 9
4 4 16 0 10 3 2 3 17 15 11 23
9 4 1 3 4 5 11 6 3 1 2 1
15 7 3 1 4 4 6 5 8 12 6 4
1 1 0 3 12 2 16 3 3 8 2 0
8 5 3 7 1 1 11 16 9 1 3 4
9 4 4 5 4 8 8 4 2 6 2 1
15 1 3 10 6 4 13 4 6 9 12 5
2 23 1 0 12 15 9 3 6 2 13 10
2 1 7 12 5 9 1 7 2 3 5 3
18 4 4 7 14 4 3 12 1 1 2 5
6 3 6 14 3 22 2 5 0 1 5 4
7 3 9 11 0 15 1 3 5 16 3 5
5 5 9 1 12 0 5 1 2 6 17 1
3 5 1 3 1 1 7 2 4 1 0 7
1 0 5 12 0 6 2 4 9 6 12 0
18 1 15 4 3 16 3 14 5 12 5 0
1 0 6 4 11 6 7 8 15 12 6 3
1 23 7 6 3 5 18 3 12 11 3 6
2 2 1 1 6 3 2 4 1 4 3 1
8 1 7 11 4 16 11 20 8 3 0 6
1 2 4 11 15 1 7 9 6 4 3 0
1 2 1 0 1 3 4 1 8 1 1 0
19 6 3 3 2 4 9 10 8 6 4 13
0 4 2 1 4 2 4 6 3 3 2 5
7 6 0 3 10 18 11 4 2 4 0 10
0 7 5 1 6 3 4 9 4 2 2 1
5 5 12 1 0 5 9 9 6 2 7 3
7 0 1 6 6 5 6 4 11 2 2 4
2 5 2 1 4 1 2 4 1 5 5 6
3 13 5 11 1 4 1 3 12 2 4 3
8 5 12 5 1 17 8 5 2 15 12 0
12 3 8 7 11 10 7 8 20 6 3 5
3 5 8 1 4 3 1 19 9 11 7 0
2 1 2 3 7 2 3 2 0 3 4 3
4 7 1 12 2 1 6 16 6 0 8 0
4 6 1 6 8 7 10 1 4 2 1 1
5 3 0 7 12 4 6 0 10 6 5 7
7 4 7 1 8 2 16 4 7 8 20 7
12 2 0 6 4 1 26 13 5 3 19 4
8 1 3 1 5 8 2 7 24 8 8 8
0 17 0 6 21 10 12 8 3 10 12 10
10 0 5 2 6 1 4 4 0 10 2 2
6 3 13 7 0 7 0 3 1 6 9 18
4 4 0 0 0 1 5 11 8 2 7 4
4 13 1 1 4 6 25 11 13 7 3 6
6 7 1 5 7 5 4 3 8 7 5 2
9 7 7 9 12 1 8 13 10 8 2 4
6 0 2 6 3 10 0 7 3 5 3 1
2 2 13 5 2 7 10 9 3 2 0 9
9 3 0 2 2 9 5 8 2 0 1 1
4 5 8 5 2 12 13 4 9 5 10 5
1 17 14 2 6 4 3 1 7 7 9 3
7 13 3 1 1 6 3 6 11 1 1 7
16 8 19 5 1 1 4 0 18 5 22 1
3 3 0 11 2 2 2 13 16 18 14 13
3 10 3 8 8 7 4 14 6 10 0 9
3 6 7 0 11 18 19 14 10 1 9 15
3 1 8 10 1 11 15 0 8 5 3 1
1 7 2 1 8 4 2 5 2 5 5 7
5 9 2 6 3 7 3 2 7 0 3 6
2 6 1 7 9 10 21 6 6 4 0 10
5 6 7 1 4 9 4 6 5 2 7 1
0 2 1 5 0 3 4 6 3 3 2 3
5 5 21 13 4 12 5 14 13 12 1 9
5 14 1 2 1 0 3 10 24 8 0 14
1 4 2 7 2 0 1 11 19 0 13 10
6 14 5 5 6 1 4 7 16 21 12 1
3 5 2 3 4 2 5 1 12 6 3 0
2 1 10 4 6 20 7 10 13 5 5 3
2 0 4 2 18 9 5 15 6 23 8 1
7 2 5 3 2 9 3 13 3 4 11 3
7 6 10 7 11 3 4 12 4 0 5 4
2 12 4 12 0 6 3 8 4 4 5 6
19 6 5 10 1 1 2 5 14 0 8 4
1 4 7 10 9 2 8 6 13 3 0 3
4 3 4 7 2 1 4 1 14 2 7 7
3 4 7 11 6 7 5 7 4 16 1 3
0 15 0 2 1 1 3 3 9 5 1 3
5 2 12 7 13 1 2 7 1 7 15 14
7 7 11 3 9 1 10 10 11 11 4 13
14 0 2 3 9 1 3 4 1 4 4 1
7 10 5 6 7 14 4 3 1 5 4 12
2 2 9 24 19 1 7 1 2 9 8 5
14 12 8 4 2 9 6 12 10 18 3 12
7 11 7 1 9 10 3 10 4 7 6 11
5 3 7 12 18 2 5 0 6 7 7 9
21 16 3 5 7 0 6 12 4 2 8 15
16 0 13 3 8 10 8 6 11 11 11 2
3 9 2 3 18 22 11 2 5 1 16 4
8 3 2 9 11 4 0 8 7 3 8 24
3 2 2 1 2 0 3 8 3 1 1 7
18 7 5 4 16 6 7 7 1 1 3 4
4 3 2 7 3 2 8 4 0 1 3 6
3 10 13 3 2 19 11 2 17 6 10 10
8 4 2 0 6 8 7 6 7 1 5 4
2 0 3 2 3 4 2 4 6 4 2 1
18 7 5 21 9 0 4 6 16 4 2 2
11 8 10 6 5 6 3 1 3 13 8 2
16 6 3 4 6 10 4 8 15 3 7 3
4 6 31 10 12 1 5 5 6 7 6 5
19 7 16 21 2 6 10 9 3 2 1 2
2 6 2 7 1 4 5 10 4 3 7 3
16 9 10 4 14 5 10 6 6 1 8 10
6 6 2 7 11 3 3 15 4 0 8 4
11 2 5 1 1 0 7 4 6 0 10 6
4 8 14 14 1 15 22 16 3 3 6 2
5 1 1 2 4 3 4 2 4 4 1 0
12 9 5 1 1 7 4 12 9 12 3 7
3 1 5 9 6 13 8 18 20 19 2 2
4 7 0 5 2 10 1 2 6 1 12 6
10 6 10 14 2 2 8 2 2 1 17 14
8 6 15 5 1 4 1 17 6 8 1 8
6 1 13 1 6 3 3 3 12 8 0 5
12 20 1 4 2 13 18 11 6 16 5 4
5 10 1 2 10 2 6 3 3 1 7 1
15 2 4 4 5 3 3 4 13 6 2 8
1 3 4 17 5 0 6 4 18 18 7 0
1 7 2 10 0 5 6 1 4 2 7 15
18 15 3 13 12 6 8 12 0 2 3 11
7 8 5 9 12 18 1 1 14 7 13 0
7 4 0 4 18 11 5 6 5 2 6 8
9 6 2 23 10 1 9 7 23 1 6 5
3 1 4 2 6 8 3 1 6 0 6 1
2 4 4 4 4 2 3 1 9 0 9 3
21 4 6 2 17 5 7 2 2 13 10 5
2 7 3 9 1 1 1 3 11 2 4 15
6 5 0 4 1 6 1 6 6 5 10 1
15 9 11 4 8 4 9 9 4 3 11 1
5 1 0 3 11 8 1 2 4 8 3 3
7 3 3 3 5 0 3 3 1 5 1 1
26 1 6 2 5 15 7 4 20 8 8 5
3 4 1 4 0 4 7 1 1 4 4 1
1 11 10 15 6 14 20 2 18 6 7 5
6 5 3 8 0 2 4 10 15 3 5 1
8 2 5 4 0 13 2 11 3 14 6 5
5 7 8 2 2 1 3 1 3 4 1 2
6 9 5 4 4 2 2 13 2 12 7 5
2 4 3 2 14 3 3 3 3 2 2 0
5 11 12 9 10 8 19 10 11 11 3 18
11 0 15 11 10 11 8 12 4 14 5 1
5 3 7 5 9 1 1 6 6 4 2 5
17 21 7 6 5 0 2 2 7 6 22 9
8 8 8 2 0 8 3 6 12 9 14 2
2 12 15 10 3 5 5 7 8 3 1 7
10 4 5 5 8 2 15 7 1 4 0 0
6 0 7 6 5 8 6 4 2 3 2 8
12 4 6 9 0 9 2 21 2 4 13 1
1 8 1 15 4 22 3 1 9 2 3 6
1 0 2 17 12 9 6 9 4 25 1 13
14 5 2 4 3 8 9 4 8 12 3 2
4 4 9 6 3 2 2 1 7 6 0 5
12 14 10 2 12 3 12 1 2 8 9 9
3 9 7 1 2 3 13 9 3 1 9 4
4 12 5 2 1 5 5 13 7 0 2 1
0 3 3 1 1 1 11 2 15 2 4 3
9 4 8 22 0 4 5 3 4 8 8 11
2 1 3 6 6 16 10 3 6 4 0 1
5 5 5 2 2 13 2 10 5 0 2 7
2 4 5 2 3 0 2 5 2 3 0 1
2 4 5 3 12 0 3 7 2 3 2 12
10 1 9 6 2 3 11 8 15 2 10 13
1 1 11 4 4 3 2 2 1 13 8 8
5 2 2 3 3 2 2 3 3 3 8 3
2 4 2 3 5 9 0 10 1 3 1 3
12 7 6 6 9 4 1 3 6 16 2 4
8 2 4 2 12 4 1 7 1 3 7 1
8 9 10 11 9 10 3 3 3 2 14 18
1 6 2 6 1 7 1 2 1 2 3 3
3 3 3 1 5 5 2 7 1 0 6 3
1 11 20 7 1 12 5 3 8 20 6 14
9 1 8 2 3 7 1 3 11 7 3 4
4 6 6 5 3 5 5 10 1 2 3 8
14 6 5 9 6 16 11 10 9 16 9 2
1 4 3 3 1 7 0 1 3 3 4 3
2 1 0 5 1 3 3 1 4 3 6 4
2 4 1 4 9 1 1 8 2 6 11 3
5 6 0 4 6 7 0 6 6 5 6 12
2 6 6 2 8 10 9 2 7 3 3 0
5 0 8 1 0 4 0 14 0 3 11 6
10 8 10 10 11 14 3 1 4 6 3 3
4 4 6 3 11 8 9 9 1 6 12 21
14 6 8 4 4 6 6 13 3 19 0 13
5 1 2 0 7 2 2 7 2 5 1 3
9 13 10 5 4 7 11 24 0 15 3 2
8 2 3 3 6 14 7 8 5 15 1 5
2 1 6 16 2 11 11 5 6 4 1 2
2 2 9 3 6 9 10 15 13 3 20 6
4 2 5 2 6 12 9 5 10 0 1 1
2 4 3 5 6 10 21 11 24 5 5 6
1 5 3 5 1 1 3 5 3 2 2 3
21 4 2 2 0 13 19 1 11 9 4 5
7 7 16 1 14 10 6 1 4 2 11 6
7 8 7 6 5 13 5 2 1 8 14 7
6 9 3 8 7 4 12 19 8 16 14 8
10 10 4 16 8 18 1 1 3 8 2 21
3 7 4 5 5 8 2 1 3 14 12 8
12 1 9 20 9 3 6 11 3 17 3 5
4 1 6 6 5 6 6 7 1 5 2 0
10 3 0 1 5 7 6 3 9 2 2 2
6 8 9 5 2 1 12 5 13 10 8 3
9 6 12 1 9 7 4 5 0 0 9 3
1 3 5 10 0 8 7 4 2 4 2 2
1 7 6 3 2 0 1 0 1 8 3 4
8 1 4 2 6 0 4 9 6 7 1 3
3 8 2 4 3 2 1 4 0 2 3 4
1 3 1 5 4 5 1 1 2 5 13 3
2 10 15 14 1 8 3 11 17 0 5 3
4 4 12 4 13 2 15 4 11 3 1 10
2 8 0 6 22 10 14 0 9 7 12 4
2 8 6 9 2 6 4 5 4 5 12 14
7 2 0 1 1 5 1 2 6 1 0 3
14 6 3 2 6 14 5 14 27 1 1 11
2 21 16 14 3 3 9 2 0 7 1 18
9 11 4 18 8 10 11 6 15 14 1 16
5 6 1 4 8 7 11 14 1 11 1 4
1 4 4 12 13 4 16 3 4 8 17 12
5 5 4 3 5 7 0 8 12 12 0 6
2 1 1 11 1 1 3 15 6 3 13 7
11 10 7 14 0 2 0 5 14 1 8 9
4 3 1 9 12 10 6 11 14 1 5 16
9 11 2 13 0 8 1 1 9 1 4 5
10 3 10 4 11 12 6 5 2 9 1 2
3 6 5 1 5 6 1 9 3 3 3 2
1 4 24 3 11 6 5 6 2 7 6 2
4 4 4 1 10 9 4 4 1 6 3 6
2 2 5 4 5 1 1 3 11 1 5 4
1 2 0 2 5 7 3 6 2 2 6 5
3 1 5 1 4 2 13 5 10 2 2 3
15 2 0 4 2 3 15 13 4 3 18 19
6 9 3 7 9 3 10 12 6 1 1 4
7 6 4 9 8 2 9 2 5 3 2 23
8 6 9 1 1 2 6 9 7 2 1 15
11 1 7 4 13 14 6 0 6 1 14 4
15 8 15 5 7 1 5 11 5 4 2 8
6 10 15 18 5 8 4 13 2 1 9 3
1 19 19 3 1 1 2 8 6 19 0 5
27 4 6 0 5 11 10 6 0 4 4 2
11 8 17 3 1 7 1 18 7 5 9 9
2 0 19 10 3 18 6 2 17 7 5 7
2 1 3 1 11 21 9 6 8 9 3 1
1 2 0 2 6 2 2 0 3 5 1 4
6 5 6 0 0 0 1 1 1 1 1 3
4 9 6 4 3 0 1 7 6 6 7 2
10 7 2 5 7 8 1 5 1 5 1 4
3 4 8 19 3 3 11 15 16 3 6 7
8 5 5 7 7 1 6 2 8 5 2 6
3 8 1 10 2 2 3 8 3 3 8 1
8 1 3 22 9 17 3 2 14 4 10 4
5 4 1 12 4 4 4 6 4 4 1 2
6 6 3 0 1 6 1 11 2 13 11 5
4 2 7 2 2 1 11 1 3 3 5 3
1 3 2 3 16 8 1 2 0 2 0 4
10 2 0 12 3 2 3 5 0 5 1 5
7 10 13 12 9 5 2 1 26 3 6 1
3 4 0 3 1 3 2 5 8 2 7 7
1 10 1 3 11 4 3 1 3 15 1 3
8 1 0 3 9 5 6 11 7 3 12 3
7 19 5 2 12 2 7 10 1 3 19 7
8 6 7 1 3 19 0 5 4 27 0 14
4 15 16 4 15 0 18 2 21 9 1 2
2 4 1 6 6 1 3 1 3 1 4 4
4 1 6 4 2 7 2 11 12 1 4 11
3 19 15 8 3 6 14 1 2 6 6 6
8 18 2 11 13 20 0 4 1 3 12 0
2 3 1 0 11 2 2 5 4 1 0 2
5 1 1 2 4 3 7 1 5 4 1 2
3 8 15 12 0 3 7 0 9 12 1 0
4 4 2 1 3 2 2 1 0 5 2 10
6 4 6 5 7 6 3 10 3 5 5 12
10 3 4 19 2 8 4 2 14 6 11 7
1 7 3 2 2 2 1 10 1 10 0 4
2 3 2 2 3 6 5 3 2 2 4 2
5 9 11 1 6 2 4 13 13 6 0 3
8 14 9 18 9 20 0 10 4 2 7 4
5 7 2 14 10 7 14 7 23 4 9 1
8 1 4 1 13 17 18 4 6 6 8 14
1 7 3 5 0 6 1 7 2 2 2 0
1 14 22 2 11 4 9 16 10 4 12 10
1 3
1 79
2 73
3 40
3 43
4 103
5 100
6 76
8 108
9 51
9 71
10 32
10 55
10 104
11 13
11 49
11 72
12 80
13 15
13 41
14 43
15 67
15 110
16 65
18 112
21 75
21 91
22 63
22 90
22 102
23 46
24 87
26 81
28 67
28 100
29 84
30 116
30 126
31 54
31 58
31 69
32 41
32 81
34 119
35 73
35 87
37 87
39 81
40 109
41 70
41 92
42 69
43 83
43 95
43 109
44 56
48 78
48 124
51 87
51 107
51 121
51 129
52 71
53 100
53 153
54 69
54 154
55 139
57 70
57 109
58 141
60 102
63 116
64 75
65 116
65 141
66 152
67 107
67 116
70 85
70 170
72 76
74 110
74 150
77 127
77 176
78 82
78 133
80 111
82 174
86 113
88 89
89 174
89 179
90 107
90 129
90 137
90 148
90 161
91 120
92 98
92 110
94 118
94 122
94 127
95 184
96 185
96 195
97 160
98 107
98 108
98 111
98 145
100 145
104 135
104 158
104 177
104 188
105 108
105 121
105 138
105 150
106 109
106 155
107 126
107 147
107 200
108 155
108 166
109 175
110 178
110 183
112 166
112 181
114 161
115 148
117 184
117 207
118 149
119 134
119 136
119 208
120 135
121 160
125 152
125 196
127 131
127 155
129 144
129 166
129 168
129 224
130 161
130 220
132 164
132 217
134 179
136 188
137 186
140 141
140 225
141 200
141 225
142 150
142 164
143 204
146 183
147 204
149 230
151 190
152 161
152 173
153 177
153 235
156 186
156 200
162 165
162 211
162 250
163 219
164 180
164 251
165 238
165 259
167 176
168 180
168 182
169 228
170 239
171 193
171 215
171 226
171 271
172 190
173 225
173 267
175 196
177 190
177 237
178 221
180 197
180 218
180 224
181 256
181 265
184 266
185 233
185 242
186 187
186 192
186 197
186 208
188 279
189 285
193 239
195 222
195 238
195 273
197 280
197 296
198 263
199 244
199 253
200 289
201 218
201 280
202 258
203 220
203 272
205 234
205 247
205 289
206 292
207 300
208 268
208 272
209 244
209 264
210 278
210 286
212 220
212 240
213 227
213 259
214 251
214 313
215 242
216 239
216 302
218 240
223 286
224 287
224 288
225 265
225 301
226 280
226 291
227 274
228 285
229 244
229 300
230 251
231 232
231 273
232 273
232 320
232 327
235 255
237 253
237 327
238 265
238 319
239 313
239 330
240 242
240 281
240 287
241 307
242 332
243 244
246 264
250 273
250 332
251 292
251 299
252 261
252 333
253 266
255 259
256 312
257 350
258 262
258 316
259 339
259 342
260 338
261 281
261 342
262 335
262 345
263 309
265 288
266 299
267 284
267 332
269 313
270 299
270 342
271 361
273 274
275 337
276 315
276 355
276 357
277 370
278 285
279 309
283 285
283 295
284 295
289 323
289 361
289 382
291 335
291 349
292 301
292 326
292 333
292 358
295 367
296 392
297 320
297 394
299 380
300 338
300 382
301 336
302 363
303 400
304 322
304 326
304 340
304 376
307 336
308 316
310 410
314 399
316 355
316 402
317 397
318 339
318 412
321 355
321 381
322 337
322 379
323 336
323 380
324 395
325 337
325 348
325 381
326 329
327 361
328 339
330 341
330 356
331 362
331 371
331 377
333 358
333 426
336 411
340 342
340 410
341 391
342 348
343 403
344 412
344 426
345 437
346 414
348 368
348 393
349 393
349 429
352 353
352 414
352 419
356 361
356 365
356 373
357 444
358 378
358 445
360 395
361 380
362 376
363 405
363 412
363 429
365 400
365 417
365 440
365 443
366 367
366 423
366 440
366 443
368 370
369 399
370 462
371 381
373 376
376 413
376 428
379 412
380 463
381 435
381 448
382 436
382 482
384 434
384 474
384 483
385 399
386 433
387 434
387 437
388 426
388 431
389 398
389 425
390 438
390 463
391 440
392 457
393 412
394 486
395 409
395 465
395 489
396 474
399 469
401 479
405 477
407 470
408 472
408 502
409 492
409 494
410 416
411 427
411 449
411 465
412 416
412 503
413 453
413 461
414 455
415 426
415 455
415 457
417 442
417 468
419 465
419 474
420 450
421 424
421 457
421 470
421 498
422 435
422 462
422 472
422 506
424 490
426 444
426 510
428 480
429 492
430 461
433 479
435 437
435 474
437 517
438 483
438 509
439 502
440 459
440 516
441 448
441 461
444 538
445 536
447 539
449 503
450 456
450 541
451 501
451 537
452 515
453 483
453 490
454 481
455 468
455 513
455 515
456 506
456 541
457 548
458 481
458 556
459 515
459 534
459 538
459 540
462 494
463 515
464 551
465 545
465 561
466 500
466 510
466 562
466 565
467 536
468 563
469 501
469 547
475 529
476 549
477 479
477 509
477 519
477 533
479 530
480 516
481 484
481 499
481 503
481 513
484 496
484 507
484 573
486 495
487 568
489 498
489 509
489 513
489 568
489 571
489 585
490 496
490 579
491 565
493 526
493 536
493 561
494 501
494 527
494 559
494 560
495 587
496 521
496 574
496 582
497 506
497 556
498 510
499 520
499 543
499 599
500 557
501 555
502 530
502 583
503 535
507 522
508 539
508 559
508 575
514 517
515 574
516 529
516 557
516 563
518 519
518 520
518 564
518 603
518 609
519 579
519 587
519 605
520 528
520 591
521 579
522 535
523 623
527 594
528 590
529 545
530 620
530 624
531 543
531 619
531 620
532 558
532 590
535 611
536 595
536 606
536 628
537 587
540 578
541 568
542 551
542 560
544 574
545 550
545 580
545 606
547 552
547 618
549 647
549 649
550 621
550 625
551 602
552 585
552 622
552 642
552 649
554 610
555 651
556 641
557 601
557 603
557 623
557 634
559 576
559 610
560 610
563 645
563 650
566 567
566 579
569 660
572 593
573 601
574 582
574 635
577 606
577 659
578 639
579 600
579 632
580 604
580 605
582 591
583 589
583 640
586 601
586 617
587 592
587 675
589 644
590 600
590 623
590 641
590 681
591 594
591 630
591 631
593 625
593 646
597 614
597 688
598 628
599 635
603 628
604 608
604 689
605 704
606 630
608 672
610 616
611 656
614 642
614 671
615 630
616 627
616 644
616 715
618 631
619 621
619 669
619 705
620 622
620 675
620 686
620 711
621 663
622 639
622 656
623 639
623 655
623 659
623 696
625 658
626 724
628 668
628 674
629 720
631 638
632 696
633 676
634 678
634 689
635 661
637 647
637 694
638 712
640 705
641 720
642 687
644 664
644 681
645 682
645 720
646 720
647 688
647 696
648 665
648 705
649 744
649 745
651 714
652 666
653 656
657 708
657 729
657 737
657 757
658 727
658 754
659 680
660 750
660 754
661 704
662 731
662 758
663 720
663 734
665 676
666 679
666 688
668 733
668 765
669 750
670 671
671 710
671 736
673 707
674 766
675 746
676 746
676 774
678 729
679 683
680 698
680 704
681 695
681 711
682 765
683 717
683 747
684 757
685 729
687 751
688 749
691 741
691 749
691 757
692 756
692 758
693 695
693 750
700 759
701 735
703 713
704 766
704 787
704 797
705 728
705 750
705 771
705 776
706 730
709 799
710 768
710 775
710 804
712 721
712 738
713 732
713 789
716 800
717 786
717 796
717 801
718 719
720 746
724 819
725 779
727 741
727 753
731 762
732 830
733 811
734 768
734 831
737 757
737 796
737 818
738 753
740 785
740 810
740 813
740 816
741 748
741 835
743 816
743 840
744 814
746 782
746 816
746 835
748 760
748 815
748 817
749 753
750 797
751 807
751 812
751 840
753 803
753 813
754 764
754 779
754 815
754 853
755 763
755 768
755 783
757 775
757 816
758 821
759 791
759 810
760 819
760 839
761 764
762 788
763 789
764 818
765 802
765 803
765 826
766 826
766 844
767 831
767 863
768 836
769 854
773 774
773 797
773 855
774 847
775 795
775 802
775 809
775 834
775 838
776 837
776 849
777 792
777 838
779 797
779 822
780 788
780 805
781 840
782 811
782 846
782 862
785 796
786 865
787 797
787 801
787 811
788 839
789 794
789 823
789 844
789 872
790 858
790 877
790 879
791 814
791 816
793 797
793 830
794 799
794 821
796 854
796 879
797 852
797 890
798 801
798 884
799 806
799 849
801 890
803 888
803 903
804 855
806 824
806 838
806 862
807 816
807 830
808 829
808 873
808 881
809 818
809 872
811 873
812 876
813 858
814 855
814 857
814 896
816 871
817 913
817 916
819 825
819 867
819 910
821 847
821 874
822 828
822 838
822 855
822 878
823 838
823 886
823 912
825 925
826 843
826 860
826 926
828 870
828 877
829 841
829 915
831 837
831 864
831 925
832 862
833 843
833 919
834 874
834 925
835 928
836 869
836 910
837 859
838 880
839 868
839 908
840 903
842 847
842 901
842 914
844 848
844 852
846 869
846 902
847 887
850 856
852 911
852 915
852 919
854 887
855 953
856 875
858 867
858 871
858 901
859 913
859 954
860 938
862 901
862 933
863 878
863 919
865 881
865 934
866 952
867 921
869 922
869 956
871 918
871 932
872 926
872 963
872 969
874 894
876 909
877 927
877 947
877 949
879 898
880 905
880 956
881 943
882 895
882 896
882 930
883 919
884 902
884 917
884 937
884 980
885 962
886 900
888 905
888 952
888 955
889 931
889 940
890 972
891 895
891 964
891 988
892 964
893 895
893 901
893 920
894 935
894 991
896 901
896 928
896 980
897 966
898 941
899 914
899 962
899 986
903 963
904 948
904 954
904 960
905 916
905 985
907 919
909 940
910 945
912 969
913 934
915 964
916 987
916 998
917 936
919 951
922 944
925 969
926 977
927 951
927 956
928 981
928 982
932 951
932 952
932 971
932 981
934 939
934 989
943 952
943 964
943 979
946 995
948 990
953 963
954 974
960 970
960 983
961 968
964 988
975 1000
981 992
3 6 1 12 1 16 10 15 11 1 6 19
4 9 4 7 12 1 4 1 13 4 15 4
9 7 8 13 23 6 26 9 27 21 17 2
15 10 2 11 15 6 4 6 8 9 1 17
2 3 18 3 3 0 7 0 6 4 1 1
0 12 3 7 8 7 8 4 2 1 22 1
13 4 19 8 24 6 21 32 16 2 7 10
17 17 1 10 3 15 8 16 9 14 1 19
7 8 5 5 6 17 23 7 3 33 11 19
11 5 5 16 22 2 8 21 14 10 38 5
2 13 7 6 17 7 8 2 1 0 5 13
22 10 22 1 14 2 11 31 4 10 10 25
20 28 14 4 0 13 7 0 18 9 1 10
20 8 1 0 1 23 11 14 6 2 5 15
6 2 10 11 11 5 6 2 18 12 7 10
4 25 4 9 5 22 21 9 5 9 7 5
7 22 29 10 5 19 13 8 4 6 13 7
3 1 6 5 6 15 10 5 16 10 11 7
3 11 21 6 6 5 8 8 7 3 16 15
11 3 11 24 8 38 19 2 12 6 1 27
43 44 7 26 70 51 21 30 28 11 44 27 53 50 26 32 32 39 42 37
24 31 11 28 45 33 12 17 17 23 28 18 17 24 26 8 5 24 15 22
40 58 32 22 72 63 37 17 23 32 52 29 40 45 33 41 38 43 44 14
9 4 2 3 14 13 1 5 3 1 11 3 10 7 3 3 2 7 4 4
31 30 14 16 30 27 5 19 18 19 23 12 13 25 17 23 11 22 17 8
5 15 7 5 32 20 7 7 6 4 16 10 18 16 6 6 3 12 7 10
18 30 9 16 44 42 10 11 16 14 31 18 10 20 10 25 22 16 20 11
17 24 4 9 38 25 6 6 9 5 25 11 22 17 14 8 7 16 16 14
17 13 1 13 31 26 2 16 10 2 19 3 17 21 6 11 7 9 6 10
15 28 21 9 47 32 24 5 7 23 22 11 17 23 18 16 18 22 11 17
25 43 20 29 59 53 18 14 20 18 43 19 33 31 26 29 31 27 29 31
38 46 21 36 78 65 26 26 33 17 58 29 49 52 32 40 41 44 42 41
16 15 7 4 25 21 5 7 5 6 18 5 13 11 8 8 4 10 9 6
64 66 34 39 73 74 32 32 46 42 60 31 34 63 42 47 31 60 44 32
19 50 32 31 66 53 23 24 30 29 44 23 51 38 33 37 34 38 28 21
13 47 21 42 70 52 17 21 25 20 52 35 43 30 33 24 20 21 34 22
30 21 1 9 39 33 7 18 19 3 26 6 27 24 21 19 18 27 20 21
18 31 14 22 50 36 20 10 15 19 35 26 24 25 27 6 7 18 22 16
15 26 8 12 39 30 2 6 12 4 25 5 23 10 17 12 11 18 18 13
15 13 3 10 10 19 2 9 8 6 14 6 6 19 1 7 1 4 1 1
19 37 14 23 36 36 7 10 15 9 28 7 20 24 17 15 12 16 15 18
14 22 5 14 32 21 4 13 6 12 16 17 23 22 10 3 3 12 12 2
36 44 20 26 36 44 9 20 24 24 42 12 20 29 30 26 10 31 21 20
7 19 7 16 29 19 1 11 7 5 12 5 19 12 13 7 4 12 4 17
42 45 13 30 66 57 8 28 36 3 47 20 50 46 32 37 39 38 42 41
28 14 3 20 40 30 6 26 15 3 27 11 31 33 12 21 13 15 12 20
28 35 16 20 58 37 21 15 15 16 42 15 23 18 31 24 15 26 20 28
33 43 29 24 59 53 20 16 31 33 44 30 16 31 31 31 20 34 32 15
10 7 5 1 23 12 1 8 1 2 4 1 13 11 2 7 4 8 3 4
32 42 17 29 50 45 6 21 30 10 47 10 34 34 29 29 16 39 26 28
8 7 7 6 15 12 4 7 1 5 6 7 8 11 1 4 1 1 1 5
9 1 1 1 5 7 2 3 1 1 6 1 6 8 1 1 1 1 2 1
16 11 6 6 18 22 1 11 5 6 10 3 7 20 1 10 4 4 1 1
43 48 27 35 59 63 14 37 50 17 53 25 48 51 35 47 33 50 37 21
15 21 2 7 27 20 9 2 1 5 18 5 13 14 5 2 5 3 10 9
28 23 12 7 41 32 11 10 17 8 29 7 17 20 19 18 13 26 21 14
12 13 1 5 19 13 1 6 3 4 11 7 7 13 2 5 1 6 5 1
25 49 34 30 77 56 29 21 33 35 46 33 42 42 39 36 35 42 32 27
29 24 1 23 53 37 1 30 27 3 30 24 36 39 14 25 24 20 25 24
41 46 27 25 47 54 16 29 31 31 44 21 29 48 20 34 8 32 19 20
22 32 12 11 48 39 7 9 10 8 28 6 22 20 16 16 15 21 20 17
7 9 1 4 18 10 1 5 1 1 11 1 15 6 6 2 1 5 3 8
11 6 4 10 19 14 6 11 1 1 15 1 13 11 6 1 1 7 6 11
20 17 9 5 30 27 7 4 8 7 19 4 6 12 12 11 7 16 9 6
10 24 5 13 31 19 7 2 9 10 23 8 20 11 23 3 5 17 9 16
47 55 22 40 55 57 10 38 42 17 47 12 52 57 37 39 27 45 35 39
12 9 5 6 23 13 3 10 1 3 8 1 14 13 1 3 1 1 2 6
43 47 26 36 58 62 22 39 39 25 49 28 38 59 21 46 33 37 29 22
15 13 1 7 16 17 1 8 7 5 13 7 5 12 5 9 4 10 7 2
17 7 1 9 18 21 5 10 3 1 18 1 8 16 1 4 3 2 5 7
48 66 19 46 81 72 22 39 37 27 63 38 58 58 49 32 39 51 56 30
18 26 21 15 40 25 22 1 9 24 20 22 2 15 25 1 1 20 19 14
54 55 30 35 84 57 34 20 36 29 55 23 43 45 46 34 35 55 48 53
24 37 17 23 46 35 23 20 16 21 30 30 29 34 20 14 9 18 27 6
17 34 11 29 58 40 14 15 13 23 41 32 23 19 30 11 10 19 29 14
35 39 14 21 54 36 15 17 18 26 36 18 26 21 37 15 16 32 26 22
25 42 15 28 64 51 11 29 28 18 40 29 50 38 28 27 30 36 31 15
18 11 3 14 17 26 4 14 10 4 21 2 6 22 1 9 5 5 5 7
6 7 1 6 17 6 1 8 1 1 7 4 17 10 6 1 1 3 1 10
46 46 21 40 66 49 32 34 34 24 53 27 36 54 36 32 15 40 23 39
27 22 10 9 46 21 10 11 13 12 11 12 17 23 20 11 8 24 17 15
6 2 1 1 9 5 1 1 1 1 6 1 7 5 2 1 1 2 1 1
13 14 1 7 36 18 4 12 8 4 15 7 24 17 13 5 7 13 10 17
41 45 27 37 77 51 36 38 33 23 53 43 50 51 36 45 33 40 34 21
13 12 4 9 30 15 6 13 9 9 15 12 17 15 11 8 9 10 9 10
11 7 1 8 12 7 1 11 4 3 4 5 12 17 1 4 1 3 1 3
22 23 8 10 30 29 11 8 9 5 22 12 16 26 7 11 6 14 17 5
63 56 23 37 88 61 40 40 36 26 61 28 54 60 41 54 39 58 41 46
43 44 11 31 58 53 19 31 22 19 45 16 41 51 22 32 18 40 27 31
13 26 10 25 33 19 7 18 1 18 16 16 22 15 18 1 5 8 15 9
11 13 1 4 17 10 8 5 1 6 12 8 10 13 9 1 1 7 6 8
19 29 9 14 39 35 4 7 17 11 33 16 14 15 20 17 14 15 20 11
54 57 28 40 60 59 13 40 34 38 52 20 38 44 41 37 28 47 39 23
37 31 11 30 51 37 18 25 34 26 33 34 18 45 19 24 18 30 25 26
32 62 36 37 80 74 33 28 39 37 63 40 41 45 41 49 44 45 47 16
15 26 19 13 45 31 15 5 12 20 26 20 8 10 24 12 9 18 20 11
31 30 23 24 54 40 23 33 28 22 24 23 40 42 22 31 25 38 21 15
41 60 39 45 76 67 34 34 46 36 59 43 35 41 41 47 40 43 51 19
20 22 11 18 46 27 9 18 9 9 28 8 31 19 18 18 9 19 8 23
11 4 1 7 9 12 4 8 2 2 7 4 6 14 3 3 1 4 3 4
9 8 7 8 26 13 7 9 3 8 11 4 11 9 9 3 1 8 1 14
37 25 8 15 37 29 17 20 15 15 24 10 22 38 14 18 13 24 17 19
35 47 21 20 63 49 14 20 21 20 33 21 31 27 34 29 24 32 37 23
25 40 19 21 60 52 18 17 22 23 41 18 29 34 21 26 18 34 17 22
12 9 8 6 24 16 7 9 1 6 8 5 12 15 6 5 3 8 4 8
43 46 23 37 52 44 17 34 28 33 40 14 26 26 34 32 23 36 36 22
46 29 15 13 50 39 13 24 28 13 23 8 25 31 30 30 25 38 29 28
28 34 5 34 47 31 10 27 5 23 34 17 28 25 30 11 3 22 16 17
48 67 25 32 72 68 35 22 23 38 56 34 37 46 36 43 35 46 46 31
16 16 7 7 26 27 1 6 13 1 25 8 10 11 13 14 12 14 13 7
25 21 15 12 41 33 12 13 8 10 27 4 16 18 18 24 12 21 11 14
34 36 5 24 50 38 1 30 10 17 26 10 34 26 23 17 17 25 25 12
9 4 3 11 25 20 4 11 9 1 21 11 13 17 5 8 8 5 7 10
6 1 1 1 14 10 5 1 1 1 7 5 4 10 4 1 1 8 3 3
8 18 7 12 38 18 6 9 6 9 19 18 20 15 12 3 3 9 11 9
20 7 1 6 21 17 2 17 8 2 8 2 15 19 1 8 7 7 8 7
6 8 2 3 18 13 9 5 9 2 11 13 12 17 7 5 4 14 8 4
21 38 20 30 56 31 23 17 26 16 31 26 35 31 33 13 13 35 21 29
4 10 4 4 21 8 3 5 1 6 6 10 9 9 8 1 1 6 3 7
9 9 1 4 14 10 1 1 1 3 9 7 7 9 5 5 1 9 6 3
15 23 18 13 40 28 15 13 2 15 21 1 30 19 16 19 15 17 9 8
11 41 19 15 53 42 12 2 8 14 32 8 23 11 23 18 17 24 19 19
7 4 1 1 6 7 1 2 1 1 8 1 7 6 4 1 1 2 1 3
16 14 6 5 27 23 11 6 9 8 20 16 9 22 5 8 12 3 15 4
30 33 11 17 57 52 20 17 30 10 46 29 16 36 15 31 29 28 36 16
49 53 33 41 68 63 10 38 39 22 50 9 52 55 31 43 36 46 40 42
30 50 24 36 63 65 20 17 24 21 51 18 38 42 28 40 40 31 33 28
3 4 1 1 14 9 1 1 1 1 5 1 5 1 1 1 1 1 1 1
13 15 4 4 23 22 1 5 3 6 13 5 8 15 1 8 1 7 3 1
10 9 2 1 16 16 1 1 1 1 12 1 4 5 4 4 1 6 6 1
23 18 12 17 42 16 19 16 8 18 19 13 22 19 21 9 6 17 15 20
13 18 1 8 20 21 2 6 3 4 16 2 8 13 4 3 1 6 4 6
35 50 21 40 54 61 18 33 41 20 53 32 32 51 24 37 27 30 30 18
26 42 17 22 44 45 15 13 13 19 37 17 10 21 20 17 10 16 23 11
22 24 7 15 38 28 19 8 1 13 23 10 21 23 15 11 12 15 14 21
24 34 15 34 33 31 8 24 17 17 36 8 25 28 26 20 3 20 10 26
49 49 23 37 70 45 29 26 28 32 48 23 33 38 46 24 16 43 35 38
46 47 22 33 70 56 23 35 49 23 52 42 37 49 30 47 44 41 50 19
49 48 21 31 63 52 30 31 37 20 53 32 38 48 29 37 36 37 44 18
38 45 19 22 50 46 20 13 21 24 44 9 15 22 33 22 16 32 29 24
33 43 23 19 69 49 32 17 19 24 46 22 33 35 31 33 25 37 30 24
6 8 1 4 10 6 1 4 1 1 1 1 6 7 1 1 1 1 1 1
59 53 8 49 81 54 30 55 28 28 56 42 63 66 42 35 32 44 47 33
52 60 24 54 90 55 43 42 33 24 61 42 65 62 49 43 36 45 47 53
19 13 7 1 19 24 5 1 12 5 23 1 4 5 12 13 11 16 14 6
16 40 24 17 52 41 13 6 9 20 31 14 25 10 28 18 14 23 24 11
1 1 2 1 10 9 1 1 1 1 4 1 4 1 1 1 1 1 1 1
12 11 5 4 19 17 1 3 5 1 15 1 9 3 7 8 5 10 9 4
38 44 34 34 63 49 28 20 32 27 46 20 23 30 44 19 17 45 32 44
25 12 6 6 31 18 5 13 10 7 14 2 14 13 14 14 11 21 14 12
21 11 2 6 29 22 11 9 2 2 20 2 14 18 7 6 6 11 12 13
14 16 1 4 27 18 9 4 6 1 17 10 17 24 1 4 6 7 13 2
3 17 12 1 22 17 4 1 1 10 7 4 12 5 8 9 7 8 1 6
18 39 16 26 47 35 4 13 18 17 27 10 30 25 29 14 9 31 16 20
15 29 15 19 47 27 19 7 1 18 26 17 16 14 21 6 1 11 18 15
10 16 4 5 28 22 7 7 7 4 16 15 11 18 3 7 2 12 12 1
11 8 1 1 14 8 5 5 1 3 9 3 12 11 5 3 3 4 4 4
11 6 1 9 21 12 5 10 1 1 20 2 16 11 9 5 1 6 3 14
39 18 10 17 51 27 19 24 21 10 29 9 31 31 28 21 13 30 19 32
14 12 2 6 18 16 7 3 3 4 16 1 5 5 13 6 3 14 10 6
1 1 1 1 7 8 1 1 2 1 7 2 4 2 1 1 1 1 1 1
54 57 22 42 72 55 42 29 16 43 45 36 38 54 44 28 25 41 45 39
13 16 6 3 25 20 5 3 5 6 15 9 5 9 8 8 5 11 12 3
16 23 5 9 29 22 1 8 6 7 16 10 13 15 10 9 4 7 8 4
3 9 2 3 20 20 1 1 6 1 18 4 9 4 8 4 4 8 3 7
4 6 1 4 18 6 1 3 1 3 5 5 8 5 2 1 1 2 2 3
46 47 14 34 63 48 25 24 15 27 53 21 35 32 35 26 26 28 39 27
47 56 37 46 77 56 36 33 37 41 52 34 38 55 45 24 11 44 35 42
41 38 12 36 61 39 25 33 25 19 45 29 38 45 29 28 13 30 28 23
26 25 11 10 45 33 22 5 6 19 27 19 14 26 15 13 13 17 20 16
4 24 4 12 32 20 4 4 8 9 21 17 21 13 16 1 2 9 10 6
46 65 37 40 86 72 38 23 28 42 59 29 34 30 46 34 33 41 44 29
18 13 1 7 27 30 7 5 6 1 24 7 5 18 3 10 10 8 14 7
32 45 27 25 75 51 30 17 26 33 39 34 27 41 31 26 28 29 34 27
48 59 24 52 69 65 18 41 34 34 62 20 47 48 46 35 24 43 39 39
44 58 35 24 79 63 31 27 31 35 44 20 43 44 37 46 39 49 46 21
22 34 14 17 50 36 16 10 8 22 31 22 20 23 24 7 3 20 22 8
26 30 14 20 31 39 6 19 18 16 29 10 12 33 12 22 11 15 8 10
53 57 11 50 79 60 36 40 38 19 72 43 55 60 43 45 36 45 45 36
40 33 1 29 50 39 10 38 12 17 32 16 44 40 30 15 23 30 31 25
2 7 1 3 14 10 1 1 1 1 10 1 10 4 4 1 1 1 1 6
15 24 7 16 29 23 7 9 8 11 19 4 15 13 16 7 2 15 8 14
4 9 5 7 23 12 1 5 3 3 8 8 11 8 3 3 1 8 4 6
11 12 3 11 26 16 1 11 3 1 12 4 20 14 10 3 3 8 2 13
39 51 19 18 71 58 21 23 22 22 39 21 46 41 30 39 38 41 36 29
38 36 19 40 58 39 18 40 32 20 43 26 42 44 33 35 21 31 19 35
31 43 29 29 67 41 23 11 24 27 40 17 20 18 43 19 14 37 29 37
40 46 14 28 62 46 36 26 22 24 46 39 45 49 27 30 31 33 45 18
22 28 7 15 39 32 15 11 17 10 28 16 23 27 21 12 6 27 14 15
38 59 16 39 65 61 25 21 9 32 55 31 34 31 39 21 23 29 42 22
14 13 6 9 24 18 3 9 10 4 22 3 13 5 11 12 9 13 12 12
22 23 6 16 30 25 15 14 6 14 21 10 11 19 11 9 6 13 16 13
18 23 11 22 41 25 16 16 9 13 27 21 24 26 15 10 7 6 14 14
28 51 20 35 69 54 21 10 21 18 58 19 34 24 40 25 25 28 40 33
27 25 5 10 44 37 13 13 11 5 28 13 24 32 3 18 15 18 22 9
46 53 32 28 82 56 28 29 39 35 37 34 41 46 47 29 27 57 39 45
45 50 35 23 68 61 36 26 36 30 48 29 37 43 38 41 35 50 37 18
37 39 16 24 59 43 22 29 28 13 40 28 43 41 25 27 23 34 33 13
28 19 7 18 41 26 4 27 14 9 10 6 26 31 12 21 11 23 12 18
12 21 8 2 30 27 9 1 1 6 18 4 9 13 6 9 8 11 10 9
8 3 1 6 15 10 1 9 3 2 10 3 12 7 1 2 3 2 2 6
12 24 10 17 31 23 7 12 4 12 17 11 14 11 13 7 1 9 9 12
37 28 5 24 54 34 4 30 27 1 35 12 45 32 32 33 25 33 28 36
1 3 1 1 12 4 1 1 1 1 6 1 5 1 4 1 1 2 1 6
32 41 13 31 63 49 30 18 13 25 49 36 36 42 33 25 30 29 37 31
29 25 9 20 36 24 12 18 20 17 17 13 18 34 17 12 2 30 16 12
36 32 15 25 58 51 16 28 20 15 43 15 28 34 21 36 26 22 22 23
2 2 1 1 9 4 1 1 1 1 1 5 1 6 1 1 1 1 1 1
20 20 3 17 39 30 10 15 14 7 32 23 17 30 7 12 14 5 20 14
5 11 5 7 18 14 5 1 7 5 11 12 9 10 8 4 5 8 1 5
33 15 8 24 32 33 16 24 17 11 35 6 13 31 16 21 6 20 8 23
3 9 1 5 16 9 1 1 8 3 11 15 8 13 3 4 5 3 4 1
46 59 34 43 82 74 19 34 53 25 67 28 43 46 41 52 44 51 49 43
40 52 14 31 64 50 30 20 20 26 42 28 31 43 31 22 15 38 34 22
20 10 1 7 31 25 10 16 21 1 22 18 24 33 7 16 16 19 18 10
20 37 28 18 58 38 23 5 14 31 30 30 17 19 31 8 4 26 22 16
3 15 4 6 25 18 4 1 5 1 15 8 17 12 9 2 1 11 4 9
30 32 23 20 30 31 12 20 18 29 20 9 14 30 22 20 4 26 5 20
41 37 3 36 57 47 22 33 29 18 53 34 30 55 14 34 22 24 31 27
24 50 31 28 65 45 36 9 8 39 33 18 25 25 35 19 19 32 29 25
54 52 27 34 63 63 27 39 44 23 58 26 45 53 35 42 32 49 42 23
39 51 28 33 67 54 22 23 25 27 42 17 33 30 37 29 20 37 36 28
27 45 15 32 56 41 5 25 14 25 30 15 29 26 30 19 7 29 21 15
21 17 11 25 36 13 19 26 18 4 28 21 29 24 21 20 15 16 10 27
47 30 22 18 69 40 23 28 27 19 35 12 38 38 35 37 26 42 27 37
28 15 8 5 33 30 6 15 10 4 18 1 16 20 6 17 13 15 18 8
20 14 3 14 34 21 8 17 7 4 17 10 21 29 4 8 1 11 8 9
12 5 1 1 13 15 1 4 4 1 14 3 9 8 2 6 4 5 5 1
21 21 15 12 47 31 12 19 8 14 25 6 31 22 14 27 18 19 10 13
9 5 1 3 13 6 2 6 1 2 4 2 9 8 4 2 2 5 1 3
41 48 32 30 66 60 13 29 40 35 43 19 35 46 36 44 24 50 20 31
1 11 2 7 20 9 2 4 3 6 13 9 10 1 8 1 2 2 3 8
22 15 14 8 32 24 17 4 15 13 19 14 7 25 16 4 4 16 11 15
23 30 13 30 43 32 14 20 13 28 27 28 19 27 30 8 14 22 22 13
34 51 31 26 46 52 8 22 25 37 36 12 22 28 31 35 15 36 18 11
42 36 22 41 54 36 27 44 39 15 49 31 45 54 36 39 19 40 17 34
1 1 1 1 9 8 1 1 1 1 4 1 1 3 1 1 1 2 1 1
15 20 4 7 23 21 6 3 6 1 23 5 11 10 13 9 6 12 13 7
50 47 10 43 80 42 37 31 26 22 54 33 53 53 43 27 24 43 36 48
15 21 3 20 40 22 13 20 16 7 29 25 32 30 16 15 9 13 12 18
32 29 1 19 50 36 1 27 16 3 24 13 39 33 21 19 15 24 26 21
34 37 10 19 51 46 19 16 11 17 39 12 30 29 23 24 23 27 27 22
8 3 3 3 10 13 4 3 3 1 9 2 4 8 4 1 2 5 1 3
15 13 2 1 33 16 1 9 7 3 8 8 19 18 6 10 6 13 11 6
21 28 7 22 46 33 12 15 20 17 34 30 12 25 19 20 17 18 25 16
34 42 19 21 63 48 13 19 22 16 34 13 31 25 35 26 21 33 35 27
17 10 1 11 19 22 1 12 5 3 17 2 8 13 1 8 1 6 4 5
40 50 6 30 58 55 15 20 17 18 48 16 36 34 30 29 27 33 35 25
8 8 1 7 5 8 1 8 4 4 5 1 5 9 2 5 1 4 1 2
24 22 8 10 39 27 11 7 4 9 24 3 8 13 14 8 6 14 16 14
32 33 11 24 49 44 15 26 30 17 35 32 22 47 10 27 23 19 30 12
33 34 21 19 47 32 28 7 13 26 23 22 9 33 22 7 7 25 23 24
19 5 1 8 23 24 5 13 10 1 20 9 10 25 1 10 12 3 12 3
18 22 8 18 47 35 14 15 14 9 33 17 23 28 16 12 14 14 14 24
31 39 22 21 74 42 22 29 18 25 30 21 49 38 35 32 24 40 25 32
40 50 13 29 68 59 27 17 28 18 58 25 35 36 36 29 29 41 42 26
11 10 1 8 15 17 6 6 6 1 17 5 10 8 1 6 5 7 8 6
25 35 7 32 53 38 13 21 16 15 45 18 35 26 32 18 15 25 25 27
48 70 34 47 79 64 38 16 31 36 65 29 42 36 60 35 37 52 55 51
12 10 1 6 25 12 2 10 3 4 11 10 16 17 6 2 2 4 4 5
15 10 1 5 21 15 6 10 5 1 16 7 18 19 7 5 5 6 6 8
18 26 14 13 38 31 15 9 1 16 21 1 18 11 17 12 10 19 14 14
36 41 22 36 40 49 8 30 25 20 44 3 31 33 27 30 6 30 11 28
57 56 24 47 74 49 23 39 26 43 48 32 37 49 50 21 18 47 39 33
33 54 27 33 73 60 22 25 25 39 46 32 27 36 36 40 32 35 36 14
30 21 5 9 30 23 16 12 7 12 21 6 13 27 12 10 7 16 12 15
10 7 1 14 20 17 1 14 10 3 13 11 8 18 1 9 6 1 3 3
2 1 1 3 10 5 1 4 1 1 10 2 10 6 1 1 1 1 1 6
24 21 2 14 30 28 7 14 6 3 24 1 19 21 11 9 5 15 11 16
35 39 24 24 58 46 25 30 18 29 35 9 36 43 24 35 27 30 20 19
13 10 1 7 12 13 3 9 3 3 10 2 12 14 5 4 1 3 2 6
55 59 29 38 86 63 37 42 35 35 47 26 60 66 44 47 40 54 37 45
17 16 2 7 17 17 1 6 7 3 14 1 6 9 10 11 4 14 8 4
50 51 26 43 81 45 27 38 37 22 44 23 50 44 49 41 29 51 30 49
16 20 9 7 31 22 9 9 1 10 16 10 14 19 9 6 6 7 9 11
54 64 26 48 83 64 47 40 26 45 58 34 49 60 47 50 32 57 37 40
11 16 1 5 24 17 3 3 1 1 19 1 10 5 9 2 1 10 8 10
12 1 1 1 10 9 2 5 2 1 8 1 9 14 1 1 3 1 4 1
33 53 23 44 52 59 13 40 32 42 46 24 31 39 29 43 29 32 23 23
34 46 19 24 68 53 29 11 18 25 54 30 29 33 27 29 24 25 39 26
35 36 27 21 55 45 22 19 21 29 34 11 17 21 30 32 24 34 22 26
11 13 4 10 25 13 10 7 1 8 13 13 10 17 6 1 1 1 10 5
40 60 24 48 78 59 23 29 21 25 59 24 47 41 43 27 17 34 41 30
5 17 9 11 25 17 6 8 4 10 14 11 12 6 12 1 3 5 7 9
3 16 4 12 26 11 5 6 5 7 9 16 13 12 6 1 1 6 8 4
9 11 1 10 28 13 1 10 8 1 17 6 27 17 6 2 3 10 6 12
25 30 12 17 52 39 28 8 20 16 37 26 28 36 22 15 18 28 24 30
26 25 10 21 52 36 6 21 17 6 34 12 31 27 21 25 16 21 15 22
7 16 7 8 18 16 1 7 5 8 8 8 6 12 3 7 3 3 1 3
14 7 6 10 24 16 9 11 6 7 17 5 12 11 11 5 4 14 6 16
41 53 19 30 67 53 25 29 24 27 42 26 37 46 32 25 16 39 34 18
29 20 1 25 45 21 12 28 10 8 32 17 38 35 20 11 9 15 14 18
3 1 1 1 8 8 1 1 1 1 10 3 3 6 1 1 1 2 2 1
36 22 14 22 56 30 21 24 21 13 27 13 38 37 31 18 14 32 21 39
16 27 12 24 49 39 4 19 19 11 36 16 22 18 14 25 20 15 18 23
28 18 10 18 48 17 15 22 13 14 15 12 30 30 24 11 8 22 11 30
26 30 13 30 50 44 7 26 20 18 31 21 20 27 14 25 16 12 27 9
13 6 3 9 22 7 2 15 4 4 3 7 15 18 4 6 4 7 3 7
39 52 29 35 77 58 35 19 26 30 49 26 51 47 42 32 35 50 37 49
43 71 35 52 80 74 40 30 34 31 69 43 53 48 49 36 34 50 58 34
14 9 1 8 8 16 7 9 5 5 11 5 4 16 1 6 1 4 6 1
2 10 1 1 19 8 3 1 1 2 7 1 4 2 6 1 1 3 1 5
21 38 13 27 44 38 1 14 25 7 36 11 29 20 25 22 17 29 22 22
19 35 18 24 57 34 10 16 14 13 32 13 37 20 27 26 16 26 16 27
13 12 5 1 26 17 10 1 3 7 12 10 9 15 7 3 3 11 8 7
7 3 1 4 16 18 2 4 4 1 17 3 5 5 1 5 3 3 6 4
12 5 1 6 8 10 8 7 3 5 9 3 1 12 7 4 1 8 4 6
47 44 22 46 80 52 42 35 43 29 62 53 31 57 43 29 21 41 43 41
32 30 3 23 46 33 7 21 11 11 28 4 32 25 28 12 11 29 22 20
32 34 13 24 62 32 29 20 16 15 34 24 30 37 26 21 12 29 22 24
20 9 5 16 26 20 12 17 6 1 25 6 22 20 11 8 4 5 7 17
29 44 21 26 42 45 7 24 7 33 30 10 28 33 24 25 15 29 14 2
1 3 1 2 10 1 1 3 1 1 1 1 3 1 1 1 1 1 1 2
32 12 3 16 41 25 15 26 9 1 26 4 31 32 15 15 11 15 13 26
28 23 10 20 41 40 12 26 30 12 32 30 23 43 8 26 20 20 24 4
31 61 26 48 66 65 22 28 31 28 61 34 44 42 40 24 19 34 41 21
56 51 24 42 65 62 27 31 37 36 58 27 18 49 31 41 29 37 38 37
36 42 22 28 63 58 17 26 32 21 43 18 36 45 24 35 30 38 27 29
42 37 13 27 53 43 19 32 26 14 39 22 31 46 17 29 18 30 31 14
11 20 5 15 32 19 8 8 4 9 23 16 18 16 12 1 1 7 11 10
6 5 1 3 10 9 1 5 1 1 4 1 6 7 1 1 1 1 1 1
27 28 5 28 54 32 8 25 18 7 34 8 37 23 28 23 14 25 16 28
10 14 1 8 19 13 1 5 4 3 12 5 7 8 11 6 3 12 10 1
37 34 5 26 42 33 5 35 17 23 23 14 33 36 28 19 15 30 20 19
42 41 16 24 73 49 26 20 17 21 47 16 37 31 34 29 24 33 34 37
2 6 3 6 8 7 1 3 2 1 5 1 6 3 3 1 1 2 1 2
15 23 11 14 46 30 4 18 15 9 17 10 33 24 15 17 16 24 10 20
9 15 5 11 29 17 6 6 6 5 18 1 20 5 17 6 5 18 8 20
12 7 1 2 13 16 1 3 1 1 11 2 2 9 1 2 1 3 4 1
40 42 22 32 58 46 14 41 23 24 28 12 44 43 30 43 27 38 22 27
40 33 11 27 59 41 24 29 14 21 32 21 38 48 14 31 21 26 22 24
51 44 18 39 73 43 25 35 26 33 53 30 40 39 50 29 28 42 33 35
15 11 5 1 26 18 17 1 9 5 18 10 12 23 8 3 5 15 12 11
32 41 23 34 45 41 10 32 24 30 29 21 32 38 27 24 8 26 24 15
6 2 1 4 14 11 1 3 1 1 8 1 6 5 1 1 1 1 2 3
10 20 6 19 20 22 1 16 10 10 15 3 11 14 6 10 1 4 1 6
6 10 3 7 14 10 1 7 2 7 3 5 3 6 4 3 1 4 2 2
46 37 17 30 53 45 24 28 22 19 47 11 23 37 28 36 19 34 21 33
15 17 11 14 22 18 9 12 5 14 10 11 10 14 8 7 1 4 9 5
16 45 16 30 58 40 11 22 5 29 35 18 45 28 33 15 21 33 21 14
29 43 11 34 54 56 16 21 34 16 50 29 27 43 16 31 30 24 33 29
31 32 9 15 44 34 17 11 5 14 26 9 20 25 15 19 17 21 21 16
34 46 17 52 66 54 17 32 35 18 60 32 31 38 35 39 27 28 34 35
20 28 12 6 38 29 7 9 3 13 17 8 17 18 11 16 10 15 11 4
18 12 5 8 26 28 2 13 17 4 17 14 16 28 1 16 10 14 12 2
8 3 1 9 11 10 1 10 1 1 4 2 7 13 1 2 1 2 1 3
17 12 1 11 32 26 1 14 13 4 20 8 18 17 12 15 13 17 17 7
40 48 27 50 64 52 26 32 40 35 48 37 21 47 39 20 19 35 32 42
9 5 1 4 7 12 1 5 1 1 8 1 4 7 1 2 1 1 1 1
5 8 1 10 15 13 1 6 2 1 15 2 13 8 8 1 1 5 1 11
48 41 30 35 72 50 26 28 40 23 49 21 37 40 47 32 26 48 36 49
39 58 24 22 67 63 19 25 24 31 45 20 36 42 30 35 24 39 36 9
43 48 14 34 68 49 25 34 27 23 45 25 44 50 30 21 17 38 30 28
28 43 24 29 59 44 15 17 24 16 46 22 39 28 35 23 21 31 38 23
29 45 22 19 70 54 22 8 33 17 54 27 30 33 37 27 27 38 40 26
38 44 33 37 47 44 22 31 27 39 37 16 25 36 35 26 1 34 15 33
10 15 1 13 30 8 4 13 4 10 11 10 21 13 13 3 4 9 7 10
13 12 5 19 26 11 7 17 4 9 8 13 16 20 9 8 1 5 4 11
15 18 5 8 26 21 3 6 4 1 19 6 18 14 13 7 4 12 7 8
16 22 3 12 23 26 3 8 11 5 24 6 13 12 15 11 7 17 10 11
40 26 16 33 54 26 27 27 23 21 34 24 27 40 34 14 5 33 21 33
42 39 10 22 60 48 13 23 21 7 35 12 40 38 24 29 29 32 35 33
47 57 14 35 68 59 20 34 24 28 39 31 45 52 35 37 34 37 40 34
49 56 38 60 73 53 38 43 44 39 67 41 50 52 59 39 19 51 31 50
23 14 9 4 32 22 13 8 6 9 16 6 12 18 12 10 7 17 13 11
18 33 21 11 63 36 18 15 12 24 19 16 37 28 27 22 20 32 21 19
2 13 8 7 25 12 5 1 1 10 7 12 6 7 8 1 1 3 4 2
6 14 1 3 29 25 1 1 7 2 22 9 10 10 8 5 5 7 7 6
28 41 24 42 54 45 17 36 25 30 42 23 32 39 32 40 20 29 12 21
23 28 6 23 36 30 1 23 1 18 17 11 22 21 14 9 10 16 15 4
23 25 20 18 44 32 16 18 12 22 20 8 19 23 20 23 11 29 7 18
2 1 1 1 8 7 1 1 1 1 7 1 5 4 3 1 1 2 1 3
38 30 12 25 55 35 16 29 22 10 39 16 35 39 24 31 13 33 16 24
9 7 4 5 14 12 4 7 5 1 13 5 15 10 6 1 4 1 1 8
4 1 1 5 11 6 1 5 4 1 5 8 10 10 1 1 1 4 3 5
43 52 27 48 60 61 15 35 35 17 61 7 40 38 44 40 25 41 31 42
49 46 16 38 76 68 11 39 41 12 56 18 43 53 27 50 42 37 42 40
50 51 34 32 63 60 29 39 43 34 47 27 42 60 35 41 26 50 26 29
28 13 2 19 41 20 19 19 15 4 28 9 26 32 17 16 14 14 13 26
47 50 21 56 70 57 24 48 36 34 61 37 38 56 39 42 19 30 26 37
18 8 1 8 18 14 1 11 2 1 13 1 10 13 3 6 2 6 7 5
1 5 1 4 12 2 1 1 1 1 1 1 5 1 5 1 1 2 1 3
30 29 2 27 55 22 20 30 17 10 33 25 44 40 24 18 12 20 25 22
34 28 13 28 48 28 13 34 21 22 26 18 33 40 24 24 10 28 18 26
6 3 1 2 19 12 1 4 6 1 13 12 10 14 1 1 2 6 3 4
14 14 2 22 25 12 4 19 5 4 15 3 15 16 10 10 1 7 1 13
18 21 2 7 33 24 4 7 7 5 23 14 17 20 9 7 4 10 13 3
45 48 19 52 76 59 36 38 27 28 61 41 51 53 37 36 31 28 42 38
13 15 5 5 28 18 1 12 3 6 5 2 15 16 1 10 5 8 2 5
15 14 5 5 27 15 2 9 5 4 10 8 17 18 5 7 5 7 6 5
19 32 11 12 47 36 9 5 12 8 32 8 20 11 22 13 12 20 22 14
52 53 29 30 67 60 19 33 31 33 47 12 31 41 35 37 24 44 30 36
7 5 1 4 13 9 2 3 1 1 7 5 5 10 2 1 1 4 1 2
50 58 22 48 68 53 36 33 31 36 53 33 39 59 42 22 12 45 34 40
38 42 13 25 55 53 20 16 18 12 50 14 40 33 29 32 34 35 38 33
33 24 8 18 49 40 17 12 21 12 40 15 10 26 16 22 23 22 28 27
43 40 18 33 55 42 20 29 22 20 43 7 34 39 31 27 15 34 21 38
45 34 20 20 68 52 18 32 26 18 37 16 44 43 36 43 35 46 32 31
7 28 11 20 45 24 9 11 16 10 29 22 33 19 20 9 10 18 17 19
15 16 1 11 29 19 1 12 9 2 16 11 18 20 4 8 3 12 9 4
1 1 1 1 7 3 2 1 1 1 4 3 1 2 4 1 1 5 1 3
23 19 1 18 26 21 9 19 7 8 25 7 15 27 8 10 1 5 4 15
17 28 4 16 31 27 8 9 3 11 26 12 14 14 15 5 1 4 15 4
30 44 20 33 67 54 19 23 33 10 57 25 45 35 35 36 26 35 33 25
14 38 23 18 42 36 13 9 10 19 26 9 30 20 24 21 19 23 12 14
15 19 7 18 30 21 6 18 9 12 18 9 18 18 12 11 4 10 3 16
49 50 28 41 84 62 34 35 34 34 57 39 39 49 38 28 20 38 42 28
40 36 25 38 46 43 19 36 24 27 40 7 35 39 34 31 4 35 8 38
19 27 5 16 45 22 21 13 10 11 24 20 27 29 16 8 10 17 19 17
29 41 19 38 57 42 28 30 16 22 40 31 36 39 25 18 6 18 26 11
49 38 28 43 72 53 31 37 35 34 47 36 30 50 38 35 19 37 35 31
26 50 15 35 61 48 15 22 12 24 40 23 35 32 26 13 14 23 30 21
1 5 3 4 6 7 1 1 1 1 4 1 2 1 2 1 1 1 1 1
23 26 4 12 48 32 7 8 14 1 37 7 28 21 18 14 15 21 20 22
2 3 1 1 15 6 1 1 1 2 4 1 2 1 4 1 1 6 1 3
21 22 15 6 32 30 10 9 5 12 16 4 15 17 12 19 14 20 11 3
37 40 4 46 57 46 10 42 24 25 50 32 32 41 28 30 21 26 28 25
29 32 12 19 42 44 12 22 26 9 38 21 30 35 18 25 15 29 19 9
18 48 24 30 60 44 23 18 18 25 39 33 40 24 33 14 12 25 32 10
34 50 16 48 65 57 9 37 21 36 49 39 28 40 27 27 24 24 36 15
41 42 22 31 77 51 23 37 22 32 39 23 54 49 40 34 31 48 30 26
21 36 16 15 50 33 29 1 12 23 30 28 18 29 21 8 9 20 24 18
13 18 4 7 27 16 9 7 1 8 16 11 17 16 10 1 4 6 9 11
2 2 1 1 14 5 1 1 1 3 4 2 1 1 3 1 1 6 1 4
33 22 9 17 46 28 13 23 8 14 22 5 21 27 14 23 7 22 9 15
15 12 11 6 30 18 11 2 12 12 14 13 8 16 14 2 3 15 6 14
47 37 22 35 72 54 21 35 35 25 42 24 34 50 32 36 24 40 27 40
19 16 3 7 26 22 3 6 5 3 19 6 13 16 12 6 3 14 15 1
42 51 17 44 71 41 35 33 15 25 47 27 50 45 41 32 26 36 25 42
39 37 3 37 53 37 23 29 14 16 42 20 40 43 24 25 19 21 23 33
2 7 1 7 15 7 1 6 1 1 8 1 14 5 6 1 1 4 1 10
16 25 14 15 53 27 13 19 15 15 22 23 33 27 17 14 11 20 22 18
31 28 11 10 38 36 7 17 19 9 29 10 20 32 9 22 9 22 19 4
4 10 1 7 10 6 1 4 1 5 6 2 5 3 4 1 1 1 2 1
25 52 25 42 71 59 30 26 27 23 55 41 40 36 34 20 20 27 38 16
8 11 1 4 17 7 1 6 1 4 7 5 13 10 8 1 1 6 1 7
10 1 1 1 10 8 6 2 1 1 5 1 3 10 4 1 1 5 2 3
45 37 18 44 49 36 23 40 28 13 47 18 43 49 32 32 18 30 18 39
6 18 10 9 28 22 8 4 3 11 19 14 13 8 12 2 2 3 8 7
31 43 16 41 66 38 25 36 15 29 45 38 51 38 38 14 13 28 36 18
2 14 6 4 24 9 1 2 1 7 2 8 11 8 1 3 1 4 1 2
31 46 12 22 63 46 27 11 21 14 48 27 37 33 32 23 23 37 38 25
18 8 3 10 25 18 11 12 3 1 20 5 16 21 4 4 5 4 9 13
35 54 34 37 63 58 20 36 27 38 45 25 43 41 30 32 10 37 24 19
19 37 9 24 55 38 17 13 13 10 40 16 34 26 21 13 11 22 23 27
25 39 25 19 67 40 25 18 15 26 36 14 42 32 34 28 19 40 19 25
13 13 5 10 21 18 7 11 3 5 11 5 10 14 3 4 3 1 6 8
10 11 1 5 19 10 5 4 1 2 7 2 8 13 6 1 1 3 4 2
37 24 5 23 55 43 9 33 31 7 34 28 36 45 19 31 31 29 33 28
60 54 15 38 79 63 26 36 29 32 50 36 48 59 45 30 38 49 50 41
34 49 15 38 72 65 31 29 20 31 57 35 46 53 24 39 40 33 42 24
25 12 1 4 35 22 2 15 13 1 19 5 21 22 10 14 12 19 16 12
11 18 9 17 36 21 7 13 9 6 23 5 27 11 19 8 7 15 7 24
32 19 1 11 35 28 10 18 10 5 23 2 18 28 9 15 10 18 16 15
13 10 3 13 13 14 1 14 6 6 9 1 9 12 4 7 1 9 1 6
27 19 3 6 33 26 17 1 8 11 23 12 7 24 11 8 9 17 15 14
43 48 32 33 50 63 17 38 30 38 42 10 40 47 32 46 32 43 28 9
42 40 16 22 38 46 17 18 17 21 38 10 17 33 21 29 18 29 25 20
11 11 6 5 15 16 8 1 3 3 13 6 7 15 4 3 4 4 7 4
7 29 3 15 38 27 5 9 11 8 26 19 26 16 17 3 4 15 15 6
9 6 4 11 14 14 1 12 5 4 9 1 9 8 1 5 1 4 4 7
1 2 1 1 8 6 1 1 1 1 6 1 4 3 2 1 1 1 1 1
25 33 19 30 47 31 13 26 10 23 27 17 27 31 23 21 4 18 6 19
25 20 3 19 28 24 12 15 12 12 22 8 11 29 9 11 8 12 9 13
37 44 7 29 59 46 31 25 17 17 51 32 41 43 28 28 27 37 38 28
30 38 11 20 48 35 14 15 13 14 39 12 25 21 24 14 15 17 25 21
47 52 24 42 85 60 33 40 50 31 50 56 45 53 44 40 37 50 58 34
25 11 1 20 43 25 4 27 22 3 27 20 27 35 6 25 20 14 20 19
18 17 6 15 37 25 13 14 6 4 30 10 22 19 13 11 4 10 9 20
10 17 9 22 32 21 1 13 11 1 23 2 27 17 17 11 9 14 10 23
17 9 5 11 19 18 1 19 9 5 7 1 14 18 1 11 3 7 2 4
3 6 1 8 25 18 1 8 6 1 16 6 11 9 5 4 5 4 3 9
40 37 7 31 59 43 20 29 15 16 45 20 34 39 31 19 14 33 30 22
33 38 7 11 52 43 11 15 20 8 34 15 26 34 14 21 17 23 28 13
25 24 18 16 30 25 15 13 12 22 12 9 9 24 14 13 6 21 7 14
8 9 4 9 16 8 1 8 1 4 4 7 11 11 3 1 1 1 1 5
12 9 4 9 18 11 1 13 5 6 6 6 13 12 1 5 4 1 1 5
57 53 23 46 85 59 34 46 42 23 51 35 57 63 51 31 23 55 45 46
39 51 30 43 56 61 20 35 44 31 56 35 27 45 36 42 20 42 35 18
38 51 18 35 67 54 21 29 27 32 54 27 42 30 47 26 31 50 43 32
54 49 38 39 81 55 45 30 31 39 56 34 32 35 49 31 26 42 40 34
11 9 8 12 34 15 15 13 12 8 15 14 21 21 14 8 5 20 10 18
17 19 5 12 37 31 9 11 15 10 29 22 10 23 9 13 14 7 18 11
1 3 1 1 14 4 1 1 1 1 2 1 6 1 4 1 1 2 1 6
9 12 1 2 18 17 4 3 1 1 13 1 5 10 1 1 1 1 3 6
36 43 23 17 61 41 20 11 16 25 32 12 20 26 32 16 13 33 25 25
33 48 23 25 58 48 10 18 23 31 37 12 22 21 34 27 15 38 20 21
13 18 9 9 32 20 1 15 2 11 8 2 20 17 4 13 7 8 1 6
13 10 2 10 26 16 1 12 2 3 14 8 13 14 3 6 1 4 4 7
25 20 6 16 39 32 13 16 8 3 33 7 20 22 16 16 8 13 12 20
25 43 6 34 58 53 7 23 33 12 55 32 36 32 29 28 30 34 40 18
51 67 32 50 71 66 31 32 25 45 60 23 38 46 48 33 14 42 33 40
7 5 1 5 7 7 2 2 1 1 6 1 4 8 2 1 1 1 1 1
50 54 23 43 76 45 36 28 28 26 57 19 35 32 54 30 24 43 37 47
11 4 1 6 19 12 1 10 2 1 4 1 12 15 4 3 2 6 2 4
6 10 2 7 19 16 4 4 3 1 13 7 10 13 3 1 1 5 8 1
27 14 1 22 43 29 5 30 21 4 26 13 26 32 11 24 21 15 19 24
6 6 1 10 18 11 2 7 3 1 13 7 12 15 1 1 1 1 2 4
18 25 5 15 45 26 2 16 8 6 17 8 28 25 9 13 4 19 7 13
15 1 1 12 14 8 4 15 1 1 9 2 14 19 2 4 1 1 1 8
38 42 26 38 60 54 22 28 29 30 51 30 24 41 32 31 14 31 30 21
11 8 7 5 16 12 4 8 4 4 11 1 13 11 5 4 1 1 1 6
42 41 14 23 62 50 20 27 24 19 33 32 37 49 25 29 29 33 40 27
26 52 22 46 64 53 24 34 28 30 50 46 44 41 37 23 23 29 38 10
42 52 17 30 74 54 18 31 18 29 35 18 39 41 35 24 19 38 32 29
51 25 6 36 64 39 27 43 35 3 44 31 42 61 26 38 34 32 33 40
6 4 1 5 12 2 1 8 1 1 1 1 11 8 1 2 2 1 1 3
15 10 3 5 17 16 1 9 3 1 14 1 13 12 6 7 3 6 6 5
28 27 14 20 49 39 20 21 30 17 32 30 19 42 15 27 25 27 24 16
33 17 8 19 26 28 9 27 15 10 20 5 20 38 6 18 11 16 13 16
19 13 4 1 23 21 7 5 4 1 19 1 11 13 7 8 6 10 12 4
42 53 13 45 56 57 12 30 22 22 55 18 44 42 35 24 25 37 37 28
56 43 14 44 72 40 36 46 27 17 48 29 54 53 42 34 31 37 35 46
29 26 17 19 64 29 24 27 16 18 27 18 44 39 26 32 23 36 17 23
28 44 27 38 69 46 25 27 22 28 43 29 45 32 37 20 12 33 30 28
7 9 1 7 15 9 1 8 5 6 10 10 12 9 4 3 4 1 3 7
30 35 10 18 46 39 11 15 16 11 36 15 21 27 16 17 15 18 22 19
51 33 16 36 76 45 30 46 44 13 46 40 48 64 33 44 37 41 36 44
53 52 13 42 71 69 25 43 38 22 62 41 48 64 27 40 39 38 51 17
23 49 28 23 67 55 13 6 28 17 49 21 28 24 36 28 25 38 35 25
31 48 32 29 57 62 12 17 37 23 49 10 24 22 35 44 36 42 32 28
18 30 15 19 38 31 7 16 6 19 21 13 17 17 12 13 4 11 11 9
65 55 21 50 77 56 41 35 24 39 56 33 39 55 50 34 27 49 43 46
21 17 4 9 43 20 9 15 5 5 22 10 27 26 8 9 6 8 12 16
15 33 21 12 59 36 16 12 4 24 24 8 30 14 26 22 17 27 20 15
18 20 12 13 49 25 11 16 9 13 22 17 26 22 16 21 11 19 8 14
32 31 11 30 66 44 12 31 21 18 33 28 33 36 28 24 20 24 32 22
23 31 14 22 34 32 1 20 22 14 26 9 26 29 17 19 8 23 10 16
27 41 20 27 62 36 26 16 4 26 31 14 27 25 34 18 6 24 14 24
14 11 1 6 16 15 1 9 2 1 11 1 10 11 2 6 1 5 2 2
22 16 5 15 37 25 14 21 13 3 25 17 26 34 8 13 9 13 13 11
21 20 4 19 31 21 7 17 3 18 19 15 23 21 23 3 9 22 16 10
16 30 7 34 45 23 15 23 8 19 32 29 31 26 25 7 3 12 20 12
53 47 25 37 65 66 9 45 48 32 54 29 34 57 21 52 33 42 34 30
15 13 5 3 21 18 7 4 1 3 15 5 9 14 6 4 3 8 9 6
10 5 1 6 8 8 1 8 2 2 3 1 7 9 1 3 1 1 1 1
48 51 20 38 80 63 32 30 25 31 59 32 42 50 41 37 34 48 39 30
4 6 1 3 10 5 2 2 1 5 3 8 1 7 2 1 1 1 2 1
48 48 17 34 68 43 30 23 18 28 40 25 33 45 34 23 18 34 32 34
48 37 3 48 64 47 23 48 29 22 51 36 37 56 27 34 29 25 30 30
4 3 1 1 13 3 1 2 1 1 3 1 8 5 4 1 1 4 1 3
23 29 17 13 45 25 26 2 13 21 21 23 10 29 20 1 2 21 21 21
8 6 3 1 14 10 4 3 3 5 9 9 8 12 4 1 1 5 3 3
18 8 3 9 28 7 9 12 3 8 7 5 13 19 9 2 1 10 3 13
16 34 14 25 37 30 20 11 1 19 26 16 16 10 18 1 3 4 23 5
4 3 1 3 9 4 1 4 1 1 3 1 5 6 4 1 1 2 1 5
35 37 23 22 53 46 13 32 17 24 30 2 37 37 26 38 21 37 16 23
12 8 2 8 25 14 8 8 1 2 16 2 14 11 6 2 1 5 5 12
9 8 1 11 25 15 7 10 7 1 23 10 18 17 8 8 6 2 5 14
8 8 4 5 18 12 1 7 1 4 4 4 8 9 2 2 1 4 1 3
35 53 17 37 55 51 13 29 13 36 42 31 30 36 33 19 15 32 33 11
5 4 1 6 1 5 1 5 1 1 1 1 1 6 1 2 1 1 1 1
22 26 17 20 31 29 11 18 9 22 18 11 10 23 15 13 1 13 10 7
13 3 1 6 23 6 7 10 1 3 9 2 15 14 6 2 1 7 2 11
35 25 12 23 58 35 19 34 27 6 36 23 46 42 23 32 20 30 26 18
16 9 1 9 16 11 7 11 6 8 7 8 11 20 7 6 1 11 3 7
37 40 16 28 64 42 13 26 29 18 27 17 36 32 38 25 20 40 31 37
20 14 2 3 23 22 7 4 1 1 14 1 9 19 1 6 4 2 9 4
16 32 20 16 50 39 15 9 13 23 25 16 12 15 23 24 19 23 17 10
11 12 3 11 16 18 1 9 5 2 11 2 11 11 4 5 2 2 1 4
20 16 1 4 27 21 8 3 1 2 19 6 11 19 2 5 5 5 12 7
2 9 3 2 21 12 1 1 1 2 6 1 5 1 1 2 1 5 1 4
35 42 17 43 68 49 16 32 33 13 55 25 45 43 34 34 34 26 39 40
28 14 1 12 41 23 8 26 16 2 21 15 33 35 10 20 12 20 19 18
8 33 19 15 45 35 9 4 6 12 24 3 32 14 21 17 15 21 12 13
29 25 9 9 53 29 14 11 8 10 32 7 21 20 23 14 9 19 16 23
18 35 21 11 60 47 12 8 17 16 34 9 36 23 26 30 27 35 21 21
38 33 12 31 61 46 12 40 21 16 31 21 49 44 32 33 28 33 23 27
39 59 28 53 65 52 29 33 24 49 51 41 34 44 51 9 7 43 36 29
21 28 5 15 44 32 13 11 10 6 29 14 19 25 11 10 8 17 18 15
23 34 8 31 32 38 3 23 17 22 36 20 17 28 21 16 9 13 16 7
39 24 13 22 57 30 16 33 21 16 22 14 37 41 26 26 13 31 14 34
14 14 3 5 23 12 7 8 4 7 12 7 15 14 6 5 5 4 10 5
2 3 1 2 13 5 1 3 1 2 4 7 3 6 2 1 1 2 1 2
9 15 6 13 25 22 2 11 7 11 12 10 6 16 3 8 1 8 1 5
10 5 1 2 12 9 2 4 1 1 8 2 9 8 2 3 1 6 4 2
12 20 5 16 37 16 13 14 8 12 17 20 22 22 15 5 2 14 12 12
24 21 7 13 29 25 3 21 12 9 11 3 22 24 9 16 9 14 9 12
35 19 1 19 40 25 17 25 10 5 24 5 33 35 16 18 18 19 21 29
35 29 4 14 53 40 15 18 24 10 36 18 24 37 20 24 25 25 28 27
3 7 1 1 14 3 3 1 1 6 3 8 5 6 6 1 1 4 2 2
18 16 2 8 30 23 3 9 10 5 18 7 9 17 8 10 3 18 12 7
23 12 1 11 21 20 5 16 8 5 11 1 13 21 6 10 5 13 9 5
33 36 18 33 45 32 17 25 28 25 32 18 30 42 30 16 1 36 11 34
17 27 3 18 35 23 10 12 2 13 22 15 21 21 13 3 9 9 17 11
47 56 38 32 77 70 26 33 54 24 59 30 52 45 45 54 50 59 52 30
13 20 3 15 31 21 6 14 10 10 21 16 19 21 8 7 1 12 10 10
38 45 13 28 58 57 12 32 36 15 42 20 39 52 24 33 24 34 28 28
11 28 11 9 37 29 9 2 1 12 22 12 10 11 10 7 5 8 13 7
18 32 17 23 40 37 21 11 4 23 26 22 14 22 12 11 10 8 21 11
18 35 20 17 54 38 26 13 9 19 32 13 32 31 19 23 19 27 20 15
11 11 1 8 20 14 1 7 2 1 14 5 16 12 7 4 1 9 4 9
31 34 7 25 50 36 8 20 18 13 39 10 28 23 28 22 15 23 18 23
21 28 1 23 44 26 3 22 8 12 27 9 36 21 23 6 11 20 19 18
53 47 28 38 59 54 25 33 44 37 51 36 20 55 40 30 18 45 32 35
4 1 1 1 10 5 1 1 1 1 4 3 5 7 1 1 1 4 1 1
24 19 11 13 47 28 15 15 9 14 26 16 20 23 16 15 9 16 16 15
3 17 2 7 30 20 4 1 8 4 22 12 13 9 14 2 4 12 8 11
26 23 3 19 27 33 15 14 14 12 31 18 19 35 7 17 15 16 17 14
44 60 22 37 66 60 30 26 28 25 55 33 37 48 34 31 22 38 40 19
45 50 23 34 65 56 34 36 31 27 42 38 43 54 31 31 26 38 45 20
10 9 2 11 16 8 1 13 3 4 5 3 14 13 3 4 1 2 1 8
22 18 7 7 31 32 14 6 7 8 24 11 9 23 7 12 11 12 14 11
60 62 24 46 72 65 35 40 40 37 61 30 50 65 43 43 25 56 34 45
37 20 7 26 48 32 17 34 22 7 29 15 34 44 17 27 10 31 16 19
24 19 14 16 24 22 8 15 12 17 12 7 7 24 13 12 1 20 3 12
6 10 6 1 21 9 1 4 1 4 3 6 13 12 3 4 2 2 1 3
41 39 17 22 61 46 14 18 37 22 40 23 18 36 29 30 23 38 30 24
8 15 3 5 18 9 6 2 1 7 11 7 10 7 9 1 1 4 6 5
34 61 23 32 82 60 30 25 18 31 51 26 57 45 34 34 32 43 42 26
10 10 8 17 33 24 5 17 12 6 22 15 14 19 5 18 13 3 8 13
34 34 13 20 50 39 11 16 24 7 40 6 31 27 23 23 21 29 30 26
11 10 1 12 20 17 1 13 8 4 17 10 14 15 5 8 6 6 5 10
38 23 8 16 63 35 21 24 27 6 42 15 41 36 31 28 18 39 24 33
10 13 1 4 23 15 1 4 1 1 16 1 10 4 8 3 1 9 6 8
45 47 26 47 61 58 18 42 52 23 57 22 49 61 38 44 24 49 31 43
10 20 12 8 29 24 7 6 5 13 18 11 8 6 9 9 5 9 11 6
8 6 1 5 10 5 1 8 1 4 1 1 5 8 1 1 1 1 1 1
9 8 5 6 13 14 1 7 6 5 9 10 8 13 1 5 5 1 1 1
14 16 1 16 37 12 13 15 7 3 23 14 29 25 15 7 1 12 7 17
51 51 31 33 75 56 25 30 49 27 46 17 44 43 48 42 35 61 45 48
16 17 1 14 12 15 6 11 6 10 11 7 9 17 6 7 1 5 6 1
9 8 1 8 17 10 7 9 4 1 14 4 14 11 8 1 1 7 5 12
32 20 3 21 33 21 10 25 10 9 26 8 23 28 13 19 4 15 9 15
30 43 11 33 61 52 23 18 11 23 45 27 23 31 25 22 19 16 33 23
23 17 1 14 35 15 4 22 9 11 3 6 23 21 18 9 8 18 13 16
42 50 29 38 80 63 16 28 37 18 59 12 42 35 43 46 40 43 41 40
5 10 7 9 21 8 3 8 1 8 6 10 11 10 4 3 1 3 4 8
7 1 2 3 8 10 1 4 1 1 5 1 5 7 1 1 1 1 1 1
15 17 2 6 23 21 1 3 3 1 17 1 10 5 9 6 2 9 7 6
24 16 1 14 25 26 10 14 14 6 25 14 18 35 1 13 11 12 13 9
50 57 30 47 77 53 32 44 41 26 56 29 51 52 50 47 26 56 29 35
15 2 1 5 12 13 2 11 5 2 8 1 9 15 2 5 2 7 1 3
9 10 1 3 14 10 7 4 1 3 10 3 6 9 2 1 3 1 6 6
9 17 7 10 26 17 5 6 4 11 10 15 7 13 9 5 1 9 10 2
35 17 1 19 43 29 11 32 20 2 26 12 35 37 16 24 17 15 14 26
17 23 8 14 26 25 15 6 2 15 18 12 3 20 9 5 2 7 13 5
33 27 11 30 52 25 23 27 16 17 30 17 34 35 31 18 9 24 13 32
20 17 1 25 40 22 11 20 14 5 34 13 27 19 25 19 11 18 13 21
17 19 11 16 37 20 12 14 7 14 17 7 17 17 18 7 1 14 2 23
30 24 13 22 46 17 18 18 16 18 18 15 25 28 24 13 8 27 17 28
22 14 6 19 20 15 3 24 10 9 17 5 21 26 10 13 4 12 3 14
35 37 10 44 61 49 9 31 28 12 52 19 39 37 36 32 24 30 30 35
47 63 26 47 77 61 23 35 36 29 55 30 52 49 49 31 26 56 42 27
7 21 10 13 30 24 6 5 6 10 20 14 15 10 16 3 4 8 8 11
42 51 21 30 65 67 20 24 35 27 54 21 20 39 26 41 32 38 39 21
27 32 16 25 37 39 1 24 19 14 27 1 26 24 17 23 10 26 10 20
33 40 3 21 53 45 22 18 9 17 39 25 31 38 18 23 18 27 30 22
30 44 30 42 72 49 19 33 33 18 48 20 57 47 40 47 38 42 24 36
4 5 1 1 18 1 1 3 2 1 4 7 13 12 2 1 1 5 1 2
23 16 2 10 35 22 1 22 12 2 11 7 29 23 13 15 13 19 15 19
7 4 1 1 17 6 1 4 7 1 9 7 17 16 2 3 2 9 5 2
9 13 9 10 32 25 3 10 9 10 18 16 11 16 5 12 10 9 8 8
46 53 29 39 51 56 21 33 30 43 46 21 26 46 39 27 9 40 22 28
9 16 1 15 26 19 4 9 6 1 23 5 19 8 13 6 4 11 5 16
58 43 17 37 63 57 25 49 44 24 55 24 46 66 32 47 22 47 31 38
20 23 11 13 43 40 2 7 23 1 39 5 22 13 19 23 22 20 24 17
27 49 31 22 63 51 18 6 23 28 39 8 27 16 43 25 22 43 24 27
29 25 2 20 48 40 7 24 26 6 35 18 32 36 19 25 19 27 26 16
17 21 1 21 29 25 9 16 10 5 27 7 20 19 14 10 7 9 7 18
54 47 22 37 79 64 21 43 40 27 51 28 38 49 31 54 44 37 43 35
31 47 22 27 61 50 17 15 29 24 49 19 29 18 41 29 28 34 39 24
55 52 26 41 56 52 26 34 34 41 46 26 21 48 41 22 11 44 33 28
37 43 22 41 75 44 43 29 29 25 61 44 48 40 45 19 20 35 36 35
10 8 5 4 13 11 5 5 1 4 8 4 6 9 1 1 1 1 4 1
15 15 6 7 19 16 6 9 4 7 11 6 12 14 6 5 1 1 5 6
11 20 2 11 28 23 2 6 7 6 23 10 14 8 13 7 5 10 10 9
24 16 1 17 40 21 3 22 5 10 21 5 31 21 20 7 8 21 15 17
21 24 11 14 37 24 17 13 4 14 18 16 16 25 15 6 7 8 15 13
45 43 18 35 75 44 23 33 28 28 50 30 39 37 42 33 26 43 34 28
53 39 16 37 65 51 23 36 41 23 39 31 33 64 26 31 27 39 35 39
50 54 21 42 61 66 20 40 46 30 58 35 29 59 26 46 25 36 38 19
59 44 15 36 69 61 22 45 34 20 47 23 44 58 30 52 36 44 32 39
30 23 5 15 35 28 8 19 10 7 18 8 18 28 6 15 10 14 16 9
12 16 4 15 34 17 1 17 6 7 15 10 26 19 12 5 5 11 8 8
47 39 21 35 55 48 15 38 35 22 49 11 44 47 36 36 12 46 20 36
18 14 8 10 36 19 4 20 10 9 6 12 22 22 9 12 11 11 15 13
22 36 17 28 60 35 15 24 20 18 30 16 44 32 31 18 15 35 19 26
12 11 5 11 23 11 6 12 1 7 7 5 15 11 10 4 1 9 1 13
8 3 1 1 17 9 7 2 1 1 7 2 5 10 5 1 1 5 2 7
30 46 31 39 76 45 32 29 26 22 50 33 53 36 41 34 28 32 30 35
40 46 10 25 58 53 19 15 19 19 50 17 28 31 30 23 23 33 35 24
26 37 12 31 40 28 12 20 16 24 25 12 27 24 31 11 7 28 15 24
12 11 1 11 15 13 3 13 8 5 11 4 14 12 8 7 4 8 1 10
25 18 2 10 36 24 6 20 16 9 15 15 24 31 8 16 9 22 17 10
33 33 1 15 48 36 10 20 12 9 23 5 29 27 22 15 15 23 24 22
18 28 15 13 47 41 11 10 19 14 32 20 18 23 19 26 22 25 18 12
34 40 9 34 45 40 10 31 9 25 36 14 26 31 24 12 11 26 22 17
15 9 3 13 27 14 3 17 7 1 17 6 25 19 9 8 7 8 4 15
44 65 25 51 82 67 39 37 25 36 62 43 54 54 43 33 29 40 44 26
14 7 1 2 31 18 1 11 10 1 13 10 19 20 1 8 8 7 7 6
36 31 8 24 56 34 14 32 23 12 31 28 42 42 25 25 19 29 33 26
45 35 17 30 63 51 19 35 39 18 48 26 32 45 25 42 27 35 35 20
8 14 9 9 28 14 1 11 1 6 9 6 21 13 8 7 5 6 1 13
2 4 1 2 14 7 1 3 4 1 6 9 9 11 1 1 1 4 3 2
18 16 4 11 30 17 6 12 3 7 15 7 15 13 10 7 4 11 11 8
7 11 1 8 12 9 1 8 4 5 9 6 9 9 5 4 1 1 1 6
66 55 22 43 76 64 23 53 41 26 56 27 51 64 45 52 31 49 36 49
32 44 18 16 57 51 16 17 24 11 37 14 35 35 23 31 25 37 29 14
8 1 1 7 19 1 7 6 1 3 4 2 12 12 9 1 1 7 1 14
57 42 25 29 67 63 22 40 42 25 52 18 37 60 31 48 28 49 32 34
27 33 15 22 55 34 8 16 22 10 39 13 37 24 30 24 20 30 26 28
44 39 26 26 63 46 21 32 27 28 43 11 34 34 36 44 25 42 14 29
52 63 32 49 86 75 17 38 40 22 68 18 50 50 43 53 46 40 47 43
19 28 6 33 52 39 4 21 21 3 45 15 30 20 25 25 17 17 21 25
27 35 13 15 33 35 7 11 13 15 29 8 9 18 18 17 7 19 17 8
13 17 7 14 28 17 9 12 1 8 13 10 14 18 9 5 1 8 6 12
36 65 42 49 89 72 30 27 36 38 66 29 44 34 55 53 43 46 44 37
8 15 5 1 23 18 6 1 1 4 13 6 8 13 1 2 3 1 5 5
26 42 15 20 49 48 21 11 6 21 38 11 29 21 26 22 21 28 24 21
35 44 27 39 69 31 32 35 17 27 36 15 52 40 47 33 24 41 17 32
37 51 21 45 55 53 20 35 10 41 43 34 35 32 35 14 13 28 36 10
28 57 39 35 65 54 32 16 31 41 40 31 24 36 42 21 12 46 28 30
22 28 17 24 50 31 18 21 11 18 28 20 28 24 22 26 16 20 10 16
33 56 33 23 81 64 29 17 27 35 53 27 36 36 40 40 38 40 44 20
30 31 14 30 41 37 13 22 19 19 37 18 16 26 23 24 12 20 20 14
11 7 4 3 15 13 1 6 1 1 6 2 8 11 1 4 1 3 3 1
19 31 19 7 51 38 7 11 14 18 21 9 23 17 20 29 25 28 20 9
11 2 1 3 11 13 3 6 4 1 12 7 9 16 1 2 3 1 2 1
39 45 20 28 66 42 30 14 19 26 36 24 28 37 37 13 14 33 36 33
5 3 1 1 12 13 1 2 6 2 11 7 5 8 1 4 5 1 2 1
20 16 1 15 20 19 1 16 7 7 13 4 15 17 10 12 6 12 11 4
19 15 3 8 24 20 19 4 5 12 21 11 9 18 11 8 12 14 13 17
45 38 15 45 59 47 18 39 41 19 50 17 38 50 31 39 30 36 29 43
14 20 3 21 26 16 4 18 12 8 20 12 20 23 10 9 2 12 4 13
10 6 1 2 29 15 1 9 8 1 12 10 18 19 1 6 6 4 5 5
33 26 10 17 51 38 6 24 31 14 32 18 20 26 18 33 31 24 34 21
24 36 17 30 68 43 15 17 22 17 40 20 31 28 30 20 17 24 28 28
7 5 4 1 15 12 3 2 1 1 8 4 6 8 5 2 1 7 3 4
9 13 6 10 26 17 6 7 3 10 16 13 10 8 7 4 3 2 11 1
12 27 11 20 35 32 5 14 15 14 22 15 15 20 15 17 11 16 6 14
24 23 4 9 29 26 14 8 7 13 23 8 6 20 12 9 5 15 13 12
36 35 25 22 52 34 26 20 18 31 18 19 19 37 23 17 13 29 19 24
20 43 16 22 61 48 18 8 8 19 41 23 23 22 24 16 15 16 27 14
46 36 23 35 51 56 6 45 38 26 40 15 31 47 20 45 21 35 22 28
15 11 4 2 18 17 7 5 3 1 13 1 11 15 1 4 6 2 8 4
40 18 7 29 52 32 28 31 21 8 41 24 35 46 20 28 26 23 23 32
7 1 1 8 14 5 2 10 1 1 8 1 13 8 2 2 1 1 1 8
37 54 31 39 71 55 19 33 26 30 47 10 49 41 44 44 26 49 25 29
29 38 23 38 62 41 17 30 25 16 45 20 49 27 38 25 21 29 34 33
29 49 33 30 58 55 21 29 33 25 41 16 50 44 32 43 33 46 28 15
40 44 14 34 57 57 4 37 33 26 42 24 29 46 20 37 23 28 27 21
53 49 28 44 69 69 30 44 32 37 58 19 43 61 28 56 42 39 34 32
9 20 1 7 24 14 1 4 1 5 16 4 14 5 13 4 1 10 8 5
32 31 11 14 48 39 18 11 16 13 39 11 20 22 20 20 21 23 25 25
24 19 1 13 28 21 6 18 6 8 19 7 25 25 12 7 12 12 19 8
10 27 10 22 42 34 2 8 19 4 34 12 27 15 25 16 15 24 20 19
19 23 4 11 29 18 8 7 4 8 19 12 13 17 14 7 4 11 14 6
35 34 8 20 56 38 15 20 16 10 44 16 32 32 22 18 13 20 26 19
36 41 33 39 70 40 34 28 26 37 35 31 31 34 42 19 13 33 29 37
14 24 6 16 35 22 10 16 11 11 19 20 26 25 12 8 4 12 12 11
31 31 15 12 53 37 5 16 26 9 28 8 30 23 27 26 24 35 28 25
16 34 17 25 47 33 20 18 13 19 29 31 29 19 22 7 5 19 26 5
24 38 10 22 46 44 23 10 9 20 38 27 18 30 14 14 9 18 29 10
35 9 1 22 31 18 13 31 14 2 22 5 27 34 12 21 9 19 10 20
1 8 6 4 13 12 2 1 2 3 6 3 4 4 5 3 1 5 1 3
17 18 1 18 37 22 15 19 16 6 31 24 25 32 11 15 9 10 14 15
40 59 29 39 57 61 23 18 28 31 59 18 26 28 38 31 22 34 39 31
32 29 3 26 49 39 12 26 21 10 35 22 29 41 10 23 25 12 25 25
44 46 20 40 62 51 28 27 27 35 43 37 23 51 34 13 19 33 35 28
10 7 1 4 14 7 4 7 1 3 8 3 14 10 4 3 3 3 3 6
21 53 24 35 61 56 13 15 26 19 50 27 37 28 35 23 17 28 36 17
23 21 1 13 35 28 8 21 23 1 24 16 36 33 15 16 17 23 19 19
1 1 1 1 3 4 1 1 2 1 5 2 1 1 1 1 1 1 1 1
25 44 23 18 56 50 16 9 21 21 40 9 21 13 32 28 25 33 24 23
8 9 5 3 17 11 3 5 1 1 11 1 13 8 8 1 1 6 1 8
21 38 22 21 52 37 18 15 7 27 28 20 25 16 27 15 10 22 27 9
8 8 1 4 17 7 1 5 1 1 9 1 13 7 9 1 1 7 1 9
15 26 5 24 29 27 1 18 12 11 25 5 17 14 15 10 3 16 4 16
11 13 3 7 30 21 1 7 10 4 20 16 14 17 4 11 9 6 9 4
9 7 5 5 19 12 5 7 1 2 8 1 13 9 6 2 1 5 3 9
10 11 4 10 34 20 9 8 17 7 17 20 11 23 9 7 6 15 9 11
35 45 13 40 53 40 28 23 7 25 45 24 27 34 30 21 8 21 27 24
41 42 11 30 63 55 13 29 34 19 47 31 27 43 22 34 28 28 37 21
22 28 7 25 39 37 7 14 18 2 37 4 28 27 17 17 18 18 18 27
12 5 4 6 16 9 4 11 4 1 6 5 15 14 1 5 5 4 4 6
7 23 8 21 40 26 9 10 20 3 31 14 34 19 22 13 13 26 16 26
9 12 1 7 24 9 3 7 4 8 9 10 14 13 10 3 3 9 7 3
18 11 5 8 36 28 4 14 15 4 19 14 19 26 2 15 13 12 15 8
46 36 10 38 58 39 21 40 19 14 46 20 42 43 30 28 20 27 25 26
42 45 10 46 67 46 17 36 24 18 59 29 55 38 48 28 29 42 34 36
30 33 5 24 56 45 14 23 19 16 43 23 22 31 14 24 21 13 27 23
49 54 23 40 85 49 31 34 28 30 41 31 49 52 48 28 24 42 38 49
23 14 1 3 22 20 6 6 1 1 18 1 10 17 4 7 6 5 12 5
21 33 20 19 43 36 13 18 8 24 25 9 20 28 15 24 9 23 10 9
1 8 1 9 23 18 1 3 6 1 19 1 14 1 8 2 4 7 2 13
37 48 15 39 68 54 21 27 24 33 50 33 38 38 43 18 28 37 37 32
18 13 1 6 34 21 10 10 8 7 21 13 17 20 8 9 9 12 11 12
29 28 4 17 51 44 8 15 25 2 36 12 30 34 20 22 20 29 26 20
9 17 3 6 26 16 6 2 1 7 18 12 13 11 9 1 1 5 9 6
13 33 12 20 28 28 1 13 9 18 18 8 14 17 15 12 2 13 4 8
7 21 3 6 24 15 3 1 3 7 16 8 10 3 14 5 2 11 10 6
21 30 10 32 46 35 14 22 10 19 34 22 23 27 23 12 6 11 18 14
37 23 16 26 35 29 19 23 21 22 27 12 14 38 20 14 4 23 9 25
16 23 14 10 41 28 12 7 16 17 23 17 10 16 20 14 10 20 14 17
59 39 23 48 56 51 26 47 48 25 64 29 27 54 39 54 31 45 31 44
33 45 17 39 75 61 31 27 30 20 61 36 49 49 30 43 39 35 36 42
25 35 19 14 56 38 18 10 20 17 33 17 30 30 25 17 20 28 22 26
33 62 33 53 85 67 24 40 25 43 54 33 58 35 52 34 35 43 41 29
14 27 3 22 30 30 8 14 11 17 27 24 15 24 13 6 4 10 18 1
13 11 5 4 29 12 6 10 2 6 9 2 17 12 8 5 3 8 4 11
6 8 5 1 27 13 4 1 4 8 7 11 7 9 7 2 1 9 2 6
19 34 9 18 49 34 5 16 5 24 27 23 29 24 25 7 14 22 20 7
16 20 6 17 31 20 8 16 7 13 20 11 19 15 15 7 4 12 9 16
1 6 1 1 13 6 1 1 1 1 8 4 7 5 3 1 1 1 1 4
41 64 33 46 70 76 26 30 43 34 67 35 39 55 37 44 28 44 39 33
27 37 17 21 56 52 25 12 27 25 41 22 18 29 27 27 28 32 26 30
15 20 8 26 48 32 7 21 22 8 34 22 27 28 16 25 19 17 14 27
51 34 7 39 66 47 34 32 20 22 53 33 37 56 31 32 28 30 33 46
13 7 1 10 20 21 8 10 12 1 21 13 10 20 6 10 11 7 11 7
21 35 15 35 45 42 14 22 18 20 38 27 24 25 21 13 10 11 22 10
43 47 10 38 64 51 24 33 22 19 46 26 53 46 35 34 38 34 42 46
15 22 6 21 37 24 7 12 4 5 28 8 23 14 18 10 3 11 12 19
24 23 8 19 43 31 3 22 19 8 23 8 31 27 16 19 11 28 15 21
11 21 8 10 40 21 13 8 12 11 18 16 19 20 17 3 1 20 8 18
26 25 13 21 52 41 12 19 29 10 41 20 20 26 22 28 23 27 28 24
18 16 1 14 32 26 3 16 20 2 23 18 22 32 8 16 13 13 13 7
12 6 7 16 30 26 1 16 15 4 22 18 14 23 3 13 12 7 11 10
29 35 5 18 44 36 21 15 12 16 33 24 30 39 16 16 15 21 23 19
16 12 12 9 25 19 17 1 16 13 19 14 7 18 17 7 8 17 11 16
43 32 19 28 58 44 20 38 23 19 35 14 44 48 24 37 21 34 17 29
36 44 18 30 59 58 18 26 23 22 43 13 33 38 25 34 27 33 26 24
20 10 2 1 23 15 1 7 7 1 15 1 13 11 7 11 8 11 12 6
20 27 19 12 49 29 17 9 2 22 16 15 16 19 19 11 5 18 14 9
45 35 12 31 52 45 21 42 33 9 32 25 44 57 20 32 28 33 34 18
40 58 24 30 72 63 28 12 24 33 50 24 25 34 38 36 32 42 36 34
31 38 20 21 59 41 19 19 14 24 29 11 27 26 26 19 13 29 20 25
29 22 4 13 43 39 6 26 21 3 21 14 29 39 6 22 17 23 21 14
39 48 37 28 71 50 26 17 29 31 42 10 33 25 45 33 28 49 28 40
44 43 13 32 56 48 17 26 24 19 51 16 24 39 25 33 21 21 29 23
35 33 17 38 65 34 27 38 22 24 33 30 45 30 42 19 17 30 29 28
24 35 21 15 62 46 16 20 19 20 37 12 44 33 23 31 26 35 21 15
1 7 2 1 12 11 1 1 1 1 7 1 7 1 3 1 1 1 1 3
34 32 10 12 51 33 7 19 20 12 21 8 24 22 28 25 21 32 25 25
1 7 1 3 17 6 1 1 1 1 3 3 10 7 2 1 1 2 1 1
33 45 26 46 61 54 24 33 23 38 46 29 20 35 30 26 13 22 27 20
14 22 7 12 35 22 5 11 8 9 21 12 19 10 15 10 8 12 11 12
10 9 1 5 12 12 5 6 6 5 14 8 11 11 5 4 5 1 4 6
43 35 15 23 60 53 21 28 41 14 52 30 31 43 29 40 36 39 41 19
34 24 2 16 40 29 13 15 7 12 27 9 16 30 11 15 8 20 16 16
30 33 15 24 59 43 13 20 25 18 45 25 23 26 28 26 24 24 29 26
50 41 28 37 54 56 23 46 42 29 48 22 47 59 31 38 14 44 27 38
42 59 25 36 57 55 21 29 40 31 53 23 32 36 45 38 23 51 34 23
3 12 1 10 28 13 2 6 5 2 16 7 19 10 11 1 1 11 2 16
42 43 21 24 64 48 11 31 28 26 34 10 32 32 31 36 25 39 25 30
17 19 9 17 48 26 4 17 17 3 25 8 37 23 19 16 14 26 17 27
13 13 3 12 24 19 1 10 4 1 18 1 11 7 8 10 3 6 5 8
30 61 21 54 67 57 18 33 24 36 56 34 46 39 50 20 18 45 38 27
5 1 1 1 6 7 1 1 1 1 7 1 3 4 1 1 1 1 1 1
30 40 17 19 57 49 19 9 20 17 43 15 21 22 28 24 23 29 29 28
39 58 16 49 73 64 29 26 32 26 64 44 43 53 35 36 40 30 50 38
10 13 9 16 37 17 13 12 5 12 19 17 17 14 16 8 3 9 7 16
32 39 18 33 58 39 24 31 25 17 36 22 37 38 29 38 20 40 18 21
27 41 20 23 42 50 7 14 23 15 41 7 19 27 25 26 14 31 18 23
26 18 6 13 25 35 4 16 15 7 28 7 7 28 2 17 9 8 11 3
50 70 30 50 85 68 40 22 27 46 66 42 38 41 60 21 28 51 55 44
14 5 1 6 26 6 4 11 4 3 7 1 17 13 7 4 3 13 4 14
23 19 9 5 37 36 3 7 15 5 30 10 7 19 8 19 15 11 18 5
35 32 2 33 50 43 25 29 25 11 48 36 35 52 13 28 31 22 35 24
1 17 10 5 34 18 7 4 3 12 10 9 15 10 7 8 5 16 1 7
42 56 32 26 81 53 25 20 40 30 40 24 40 36 45 37 32 57 40 38
36 24 10 30 64 41 25 30 21 16 44 34 32 42 24 23 15 23 34 21
22 29 11 14 51 34 5 20 14 12 21 17 29 22 20 19 15 21 22 20
42 46 16 41 76 59 27 44 47 21 57 44 51 54 35 45 42 45 47 29
8 7 2 9 18 9 2 11 3 6 8 9 12 11 3 2 3 1 3 5
12 4 4 14 22 15 5 15 9 1 15 11 16 20 7 9 8 6 5 12
52 39 12 25 60 46 19 29 23 14 35 7 30 37 25 35 30 32 36 33
3 14 12 6 35 27 8 6 11 11 17 14 16 15 10 15 14 17 6 7
10 12 1 8 28 15 6 8 2 3 22 8 15 11 10 5 1 7 5 14
37 32 9 25 48 31 10 24 18 15 35 4 27 27 29 23 10 29 14 25
20 14 4 5 30 21 9 11 7 7 16 9 16 20 4 8 9 8 16 8
17 9 1 4 14 14 6 7 1 1 14 5 11 15 6 6 1 9 9 4
50 56 29 46 74 66 33 34 37 35 64 34 26 40 36 40 37 27 51 34
2 5 1 5 10 5 1 2 1 1 4 4 3 5 2 1 1 2 1 3
47 56 21 55 78 62 30 46 35 41 58 52 41 61 38 28 29 38 46 23
10 14 1 15 35 27 1 11 17 1 30 17 17 19 10 12 12 14 14 16
22 38 12 25 50 41 19 9 5 15 38 18 21 21 21 12 12 16 27 22
17 8 1 9 13 18 8 10 6 8 13 4 6 15 8 8 1 13 6 7
28 28 12 22 48 35 18 14 10 9 33 8 29 27 21 13 14 24 20 32
18 8 1 4 21 12 1 16 10 3 7 4 20 19 8 11 11 13 10 11
43 62 24 37 82 69 24 30 26 41 54 28 46 54 40 33 33 49 37 23
41 54 14 34 59 53 17 23 27 20 50 20 37 43 27 30 19 35 35 25
17 8 1 4 21 21 1 11 6 1 14 4 15 19 3 7 4 7 4 4
62 45 36 41 74 50 42 35 43 30 54 33 32 53 47 39 26 51 35 47
34 28 6 28 53 38 23 26 19 15 44 22 22 34 25 25 16 21 22 28
25 32 18 18 37 35 12 15 25 23 28 19 18 34 21 18 5 28 7 19
24 23 1 13 31 23 1 14 3 5 22 6 22 20 18 8 6 17 15 4
16 22 9 11 30 21 4 10 4 12 12 12 13 18 6 9 2 7 7 4
29 39 17 33 58 38 11 21 25 8 46 17 37 30 36 27 17 33 29 32
12 28 20 20 48 34 24 12 18 21 31 36 24 18 24 8 10 21 25 4
40 57 21 29 73 59 37 27 20 30 47 37 52 51 33 38 39 42 43 29
26 34 8 13 43 35 15 5 13 13 36 16 15 20 20 17 18 18 26 16
16 9 4 7 16 24 4 8 9 4 16 8 6 21 2 7 3 8 4 1
52 41 22 31 62 47 21 33 25 27 34 10 29 42 30 30 19 39 30 29
19 25 7 28 39 24 10 22 8 15 23 6 28 18 26 8 4 19 9 24
12 22 10 15 32 21 9 6 15 11 20 10 16 12 22 8 9 21 8 22
6 8 1 16 19 17 1 12 10 2 17 9 8 10 4 8 9 1 9 4
34 43 20 27 57 50 24 28 25 19 41 25 31 40 21 31 22 34 29 13
7 20 7 14 25 17 9 5 1 13 18 18 14 12 13 1 1 1 11 1
4 23 10 12 32 25 5 2 2 10 18 10 10 4 16 2 1 8 9 8
10 7 1 5 8 9 3 6 1 1 9 3 10 11 7 3 1 5 1 6
18 16 11 6 30 25 4 15 7 8 10 3 23 20 11 16 13 17 7 12
26 38 13 32 56 49 6 26 21 17 40 17 28 29 21 32 20 21 18 18
28 24 10 21 31 29 13 19 7 14 21 8 18 32 4 16 9 10 11 15
6 1 1 4 14 7 1 5 1 1 9 1 10 7 1 1 1 1 1 5
6 16 4 6 23 13 3 2 2 6 12 8 14 8 13 1 1 7 5 8
40 29 7 14 48 40 19 16 15 14 34 17 24 35 18 24 23 27 27 20
24 15 1 11 34 20 3 20 9 4 18 5 27 21 10 13 10 16 13 17
31 36 21 23 66 39 24 26 16 27 33 19 37 38 27 33 15 37 18 18
1 6 1 2 18 3 2 2 1 5 1 9 6 6 5 1 1 5 1 4
7 11 2 8 23 9 1 10 1 4 8 4 18 9 7 1 1 5 1 11
43 58 34 42 65 61 36 30 25 50 49 31 33 50 39 39 25 43 26 37
19 18 1 10 28 30 4 9 11 6 24 11 6 19 4 13 8 6 14 2
9 20 7 11 31 21 2 7 4 8 12 7 16 12 12 6 3 12 3 13
37 54 14 38 76 57 28 19 18 25 61 31 41 37 40 24 23 31 43 30
4 6 2 5 14 6 2 5 1 5 5 7 5 6 4 1 1 3 2 4
1 1 1 3 12 7 1 3 1 1 5 3 6 5 1 1 1 1 1 3
20 11 3 14 33 16 10 18 6 1 21 6 29 24 14 10 6 11 8 20
12 22 12 7 41 27 9 9 4 14 19 11 20 14 13 11 9 14 7 13
14 17 4 15 25 16 7 13 7 11 13 12 14 16 12 7 6 7 8 5
15 22 8 23 35 26 4 16 9 5 24 2 23 14 15 14 5 12 7 21
30 27 10 15 46 36 15 16 16 17 28 18 18 30 16 16 6 25 25 7
30 42 22 30 64 43 23 28 12 25 33 11 45 36 32 30 22 29 21 23
36 54 17 22 60 56 20 10 13 25 42 13 27 28 31 33 28 38 30 27
14 10 2 2 20 15 4 6 2 1 15 1 15 11 6 4 3 6 6 6
49 62 24 45 69 55 23 24 29 29 50 17 41 45 46 32 27 47 41 43
25 38 10 19 45 39 20 5 3 16 37 19 20 22 20 10 11 13 25 14
15 33 9 22 35 31 16 15 16 14 30 27 24 25 20 11 9 13 21 4
32 41 18 50 62 42 18 37 32 15 50 29 44 41 35 35 25 24 24 34
10 21 6 16 28 21 6 9 7 11 20 17 13 15 13 7 7 2 12 3
32 47 7 44 66 53 12 34 22 29 50 39 39 40 34 20 29 25 37 25
2 3 1 1 12 5 1 2 1 1 6 3 7 6 5 1 1 3 1 5
39 53 25 37 66 62 25 24 25 35 58 30 20 27 41 26 33 33 50 20
37 28 14 28 44 35 9 34 18 20 26 7 25 33 22 27 7 26 15 23
30 26 12 25 52 29 23 20 5 17 27 19 21 30 21 14 2 15 16 19
46 51 21 45 84 57 29 31 28 22 62 27 58 51 44 37 32 44 38 49
36 54 38 24 77 59 43 20 21 37 47 31 38 40 41 32 28 46 43 10
25 19 6 18 44 24 20 14 1 13 23 14 21 29 13 11 7 10 12 21
51 56 18 35 68 62 29 31 33 19 56 29 48 53 31 40 35 45 45 26
11 13 1 5 19 11 1 5 1 2 9 6 12 15 3 1 1 1 1 3
9 13 1 2 22 16 1 1 6 2 16 7 6 5 5 7 5 6 8 1
30 26 4 29 45 40 14 24 15 12 39 15 22 34 17 18 14 16 21 21
29 24 7 20 39 23 6 26 13 14 20 6 23 25 17 20 7 21 12 17
9 19 4 11 23 13 8 7 7 8 14 17 13 18 9 4 1 9 10 5
13 5 1 5 12 13 8 6 1 2 7 1 3 14 4 1 1 5 4 7
22 18 4 8 26 29 8 9 9 1 28 6 18 18 12 9 9 12 13 11
3 1 1 1 15 4 1 1 1 1 2 1 6 4 5 1 1 4 1 6
11 2 1 9 21 4 6 10 1 1 11 7 15 16 4 3 1 1 1 9
25 39 15 35 53 45 14 29 38 23 41 31 26 40 27 29 19 33 23 28
32 31 13 25 43 46 2 31 23 20 30 15 26 38 18 28 21 26 20 10
40 33 8 34 65 42 19 37 25 18 37 32 43 46 36 27 25 30 34 32
15 21 10 12 44 24 14 13 4 14 19 11 24 22 16 13 4 16 3 16
3 7 1 1 13 12 1 1 2 2 10 4 2 1 1 3 1 4 3 1
33 57 26 36 76 65 22 22 37 34 57 35 30 29 42 43 40 39 45 32
43 59 42 37 59 58 39 27 36 45 41 28 30 55 42 33 19 53 29 27
42 60 24 30 86 67 36 22 29 32 57 38 40 50 38 40 38 43 45 20
21 35 9 19 48 32 13 9 10 11 30 10 29 21 24 12 15 21 24 21
37 35 8 29 65 38 20 37 19 15 36 23 49 48 26 26 22 32 25 23
23 26 7 14 43 38 14 10 12 10 34 19 18 28 13 14 16 13 20 16
8 20 10 20 41 28 9 12 18 1 33 14 34 20 18 16 9 17 11 24
24 28 12 20 56 42 12 21 27 10 36 22 21 32 19 28 19 28 22 18
14 35 19 20 64 46 10 17 24 18 33 25 37 28 21 28 28 27 25 18
14 22 10 10 45 28 15 8 20 13 25 25 14 21 18 14 11 25 19 12
31 31 6 13 37 32 10 14 10 12 26 10 13 27 12 15 9 15 22 6
13 17 1 11 27 17 6 11 5 8 16 7 19 13 15 4 4 12 5 15
37 32 14 26 34 32 8 34 22 21 28 6 30 40 19 24 5 25 11 25
17 14 6 6 31 18 6 11 3 7 11 6 15 16 7 5 4 7 11 6
9 4 3 11 20 17 1 13 9 1 13 11 13 18 2 8 8 2 5 6
8 15 7 9 27 11 4 10 1 8 11 9 19 10 9 1 1 5 5 12
10 14 1 14 21 21 1 11 6 4 19 7 15 13 9 5 5 2 7 3
31 53 27 36 72 52 22 23 21 25 55 15 48 26 48 39 31 44 29 31
14 19 5 11 39 22 3 8 12 5 21 7 25 16 19 8 8 21 11 15
21 32 22 15 49 39 18 15 13 21 27 10 32 29 22 25 21 32 19 5
13 30 13 11 34 38 6 7 10 14 24 2 14 9 17 20 12 24 5 9
35 27 13 29 51 35 16 30 20 15 32 22 28 32 24 27 16 20 25 19
40 40 25 23 47 50 11 22 28 23 41 8 24 30 32 32 18 39 20 26
35 45 23 38 60 42 21 33 32 24 43 24 42 43 37 29 14 43 24 31
48 47 25 37 44 53 31 24 28 36 47 21 23 48 38 25 14 42 23 42
33 43 20 27 49 39 18 19 18 25 36 11 21 15 34 22 17 25 30 21
38 51 31 38 59 58 12 28 33 26 52 12 32 33 40 39 21 43 24 37
37 51 31 47 55 62 23 36 37 38 53 41 28 49 25 33 17 25 34 21
23 33 13 21 44 34 20 17 12 18 33 21 27 20 21 7 13 10 27 10
11 4 4 1 11 11 5 5 1 1 9 3 8 12 1 3 3 3 4 1
5 1 1 1 6 8 1 2 1 1 2 1 1 2 1 1 1 4 1 1
18 11 3 12 26 21 10 12 6 6 21 6 17 19 13 4 3 12 5 18
17 16 3 1 33 17 6 3 2 6 15 8 11 13 13 6 3 12 11 5
24 45 17 43 61 56 12 31 38 14 50 31 42 41 28 33 28 30 32 23
19 11 4 6 28 25 4 9 9 1 19 10 13 22 5 11 7 12 10 3
7 11 1 9 30 13 8 7 6 3 19 9 23 15 13 2 1 15 4 18
39 40 25 41 73 55 33 39 35 24 57 49 45 50 31 36 30 30 47 15
5 11 1 1 22 15 3 1 5 1 17 10 15 14 4 1 1 10 6 2
24 29 7 22 49 31 19 14 6 10 35 10 28 21 21 14 12 19 19 31
11 10 1 16 14 16 1 13 2 5 10 1 11 10 5 3 1 4 4 4
19 14 6 5 28 16 4 16 12 8 5 12 20 21 11 13 13 14 15 10
12 17 3 1 28 23 6 1 9 1 21 10 15 16 7 8 4 14 14 2
45 35 8 35 58 49 21 42 43 28 46 36 31 56 21 40 28 40 32 29
1 8 4 5 23 16 1 5 4 2 14 6 11 6 4 4 3 2 1 9
26 13 2 4 31 19 17 7 5 10 15 7 16 26 9 10 13 17 15 17
22 21 4 19 43 26 7 18 14 4 32 11 32 21 17 18 12 16 12 22
47 34 20 37 66 34 28 33 28 16 36 19 40 43 40 26 15 41 23 46
39 59 28 33 66 63 41 20 3 43 49 31 33 31 39 31 26 36 40 24
63 47 14 44 59 63 21 47 43 36 50 31 31 67 36 36 33 45 42 34
5 1 2 3 15 6 1 6 1 1 3 5 12 11 2 1 1 4 1 4
6 23 10 15 38 32 1 9 12 10 21 14 15 14 10 15 13 9 9 10
40 43 25 39 50 41 21 29 26 37 33 25 23 45 33 14 3 36 22 27
41 39 24 32 73 37 36 28 27 30 40 37 41 41 41 18 10 40 38 32
8 3 1 1 14 7 1 6 4 1 5 1 14 8 2 4 4 5 3 4
5 3 1 1 6 9 1 1 1 1 8 1 2 4 1 1 1 1 1 1
26 28 7 20 28 37 17 15 22 15 34 18 11 38 12 20 12 24 16 14
10 10 10 3 19 19 5 4 1 7 9 1 7 9 4 7 5 9 5 4
18 27 11 12 43 31 5 13 5 12 19 8 24 19 13 14 9 17 9 13
33 34 16 30 62 49 23 29 30 13 49 37 31 43 22 33 24 25 35 14
10 13 1 3 22 16 8 1 1 1 15 1 10 10 10 1 3 8 6 13
5 9 1 5 14 5 1 5 1 5 5 6 10 6 4 1 1 3 2 5
28 24 11 22 39 41 10 18 24 11 37 10 20 29 20 22 16 24 17 19
42 54 31 43 78 54 35 34 35 34 50 40 47 43 45 24 17 48 41 27
37 40 2 38 71 47 21 40 33 22 52 40 47 50 30 31 29 34 39 30
39 53 26 37 73 59 23 35 14 37 46 27 46 33 38 26 26 32 40 17
2 9 1 1 18 3 1 1 1 4 6 6 7 5 9 1 1 6 1 8
51 54 38 54 71 60 22 44 47 36 53 17 50 56 48 48 25 51 24 52
