1000 20 12 1171
2 4 6 4 2 2 3 0 4 2 0 2
7 3 5 1 4 10 1 6 2 3 3 3
4 8 10 2 18 2 6 22 3 14 4 3
1 4 4 4 4 7 0 2 1 4 0 2
11 15 6 9 20 5 10 8 7 12 4 5
5 7 14 9 16 1 10 2 9 4 1 2
14 0 7 2 3 7 15 2 20 0 3 13
4 8 3 10 6 9 5 4 4 6 10 3
7 5 9 19 14 11 5 2 2 4 4 2
6 0 5 2 4 6 1 1 3 1 4 3
9 17 5 2 10 4 22 8 5 14 1 2
5 0 3 0 1 9 5 15 11 1 15 0
1 10 10 9 2 7 9 4 7 3 1 8
8 6 13 9 3 14 8 12 5 1 0 6
7 9 4 6 6 6 1 4 7 15 1 2
2 1 16 8 7 0 17 5 8 15 4 11
10 0 6 6 17 10 2 1 6 7 8 13
5 2 3 3 7 3 7 7 6 3 9 9
1 3 5 1 4 4 5 6 4 0 17 3
6 10 1 2 16 4 12 0 7 3 19 1
9 7 3 2 3 2 0 2 3 13 16 4
12 2 10 1 1 3 7 15 7 5 16 10
0 3 0 0 7 2 0 4 2 4 0 2
3 4 2 4 6 3 4 3 1 2 3 0
1 2 1 6 5 2 4 9 7 1 4 5
1 5 8 5 2 8 9 0 5 9 4 1
8 17 1 7 7 13 3 2 11 12 2 12
4 1 0 2 2 3 2 5 3 1 4 3
9 1 7 8 24 1 8 1 9 11 0 1
1 1 11 4 4 2 7 2 4 3 1 2
4 4 8 12 12 5 3 0 6 27 8 2
4 1 3 7 5 5 7 1 1 16 18 0
18 3 8 7 0 3 5 26 3 8 3 4
15 9 3 13 6 1 6 0 8 13 4 14
1 8 2 4 1 2 2 5 8 5 7 8
6 9 22 5 3 4 7 5 3 3 10 1
2 1 4 6 5 13 10 22 1 3 9 5
2 0 2 4 9 7 2 6 6 6 8 0
4 3 4 7 5 12 2 1 7 8 4 4
1 5 12 10 4 2 11 4 4 4 12 12
7 2 0 3 8 0 11 3 2 2 5 4
1 5 1 4 3 2 8 6 3 5 4 1
8 11 14 6 0 2 20 15 3 3 2 2
5 4 6 1 0 4 0 6 2 2 4 1
1 3 3 4 1 1 0 6 4 4 0 1
4 8 3 3 1 1 1 9 4 5 3 0
1 14 15 12 11 11 17 6 2 3 5 11
4 6 1 5 4 2 2 3 1 2 2 1
2 2 4 6 22 1 19 10 9 10 1 3
24 16 4 7 0 16 5 5 5 12 5 9
1 1 6 6 3 2 7 4 6 2 4 10
2 8 9 9 6 6 7 1 10 7 4 4
15 16 15 14 4 7 8 4 3 0 9 4
1 2 4 7 0 15 3 5 14 4 3 9
8 14 9 13 5 12 11 7 9 13 20 0
1 9 0 7 1 3 1 2 4 4 8 1
2 4 2 4 1 0 6 2 2 1 3 3
4 5 2 10 2 3 1 3 1 10 3 1
10 23 15 1 5 2 0 12 0 20 9 2
6 1 10 6 6 3 6 13 11 3 3 3
7 6 2 2 1 1 5 0 2 2 4 2
0 6 8 5 5 5 11 1 13 2 2 7
3 4 11 2 3 1 0 3 8 2 1 4
22 20 0 3 6 8 17 3 1 3 4 5
15 8 3 2 8 5 19 5 13 6 21 7
4 0 3 7 13 6 7 3 2 2 6 5
2 3 2 8 23 2 9 2 17 11 7 3
7 11 18 3 6 1 3 2 7 3 3 2
3 6 1 8 6 1 20 5 4 11 2 0
5 0 4 0 1 7 5 2 1 1 3 1
0 4 0 6 3 0 7 3 12 2 6 3
12 0 5 9 7 0 14 2 5 14 1 8
5 3 4 8 18 7 9 9 5 7 3 6
1 1 1 4 6 4 7 4 13 3 5 5
4 2 5 5 1 2 0 3 1 4 1 2
0 2 7 2 2 9 0 1 3 16 4 4
1 16 0 1 6 3 3 12 5 7 9 6
10 5 1 0 1 3 6 1 1 4 6 2
7 7 23 9 2 6 11 1 4 10 18 16
4 5 1 11 4 9 11 0 1 3 5 14
3 5 2 10 8 17 9 2 1 1 3 6
3 2 5 3 2 9 3 9 6 2 2 4
4 0 1 2 5 7 2 3 4 5 9 7
1 0 3 2 3 4 2 2 4 0 6 3
3 1 13 3 3 8 6 1 8 1 7 7
3 1 7 5 0 1 0 5 14 7 3 21
0 1 3 1 10 8 1 6 6 4 1 3
2 3 2 4 2 3 1 7 3 1 0 3
17 6 2 14 22 7 7 9 7 11 5 6
12 2 4 11 12 8 12 12 6 13 11 1
6 3 4 2 3 8 3 7 12 5 7 2
8 6 8 7 8 6 3 6 1 3 1 4
6 7 1 1 8 18 8 2 11 7 5 10
10 19 6 9 1 8 12 16 8 0 2 3
12 12 1 6 3 3 3 12 2 2 1 11
15 11 8 3 0 1 2 3 1 6 10 0
9 8 0 6 9 6 5 22 3 3 1 2
10 6 12 1 15 10 1 0 3 15 25 11
3 4 1 2 17 7 0 8 1 9 2 1
5 2 23 9 2 1 1 0 7 6 5 2
3 11 0 8 4 4 9 11 3 4 10 4
7 4 1 5 10 2 7 1 6 9 4 8
4 1 6 14 10 17 13 5 7 18 10 18
2 2 0 5 2 0 0 4 1 2 1 7
8 1 2 0 3 14 2 18 15 2 13 2
2 5 11 22 7 14 17 3 1 1 7 3
7 6 3 6 2 1 3 16 0 5 3 4
1 26 3 9 8 5 2 5 7 8 0 4
3 1 6 6 3 1 0 0 5 0 1 4
5 5 10 15 2 2 14 13 9 0 15 6
8 2 8 0 4 5 16 7 7 8 1 4
4 11 9 8 5 5 9 9 2 6 1 0
6 18 10 19 0 18 9 7 5 2 13 9
2 8 6 5 8 6 5 2 1 15 6 4
14 12 1 1 2 6 7 0 8 6 25 7
3 5 6 7 4 8 4 3 7 18 5 1
31 5 9 4 4 13 6 7 8 9 4 7
4 7 4 1 3 3 9 5 6 5 9 4
1 2 3 1 3 0 2 2 3 8 7 3
4 12 18 12 1 10 11 19 9 2 6 8
16 8 7 12 8 2 2 6 4 3 0 19
14 9 5 15 11 6 9 22 1 10 8 10
7 5 3 9 2 3 7 10 13 5 11 7
3 1 9 8 0 14 2 6 6 2 0 2
2 3 0 5 7 3 3 2 19 27 6 1
7 7 4 7 2 4 5 1 2 4 4 5
6 1 8 6 4 7 5 4 1 14 12 2
12 1 9 6 2 2 0 4 0 1 6 3
6 3 2 4 8 1 16 12 8 6 7 5
4 14 5 9 0 11 13 13 6 14 12 3
9 3 1 3 2 9 5 1 1 4 6 6
10 7 0 3 17 10 5 3 5 0 5 15
2 3 0 1 8 11 3 0 5 5 0 8
1 2 17 6 5 9 12 21 15 5 9 3
10 7 6 3 8 9 14 12 11 1 9 3
2 7 10 1 7 6 4 7 3 0 11 14
2 4 5 1 4 7 1 3 5 3 8 3
1 1 1 6 1 3 0 3 2 3 3 7
0 0 16 15 3 18 2 5 0 0 7 0
0 5 1 4 8 9 4 3 8 16 6 5
2 1 6 5 3 4 6 4 0 2 4 1
8 16 9 7 7 2 8 10 4 21 5 4
7 1 6 8 3 12 17 13 11 7 0 0
11 16 8 15 4 21 12 6 1 12 5 2
20 5 3 6 2 3 1 11 13 0 7 20
11 3 2 4 11 11 6 4 6 2 8 13
8 3 6 5 2 7 9 2 7 3 1 0
18 4 7 1 1 7 9 4 8 6 7 2
14 1 10 3 15 4 7 9 5 8 13 8
3 0 12 2 3 6 0 5 1 13 2 5
17 3 5 2 8 9 3 22 6 18 15 5
2 9 9 7 8 7 15 13 3 12 16 2
2 5 2 0 2 4 1 9 3 5 5 1
1 6 4 16 3 2 7 5 5 10 4 0
4 14 2 7 3 12 6 2 4 2 15 24
4 6 0 24 2 17 14 1 5 2 12 9
10 1 19 13 5 5 11 3 2 13 6 15
6 6 11 2 18 11 10 4 5 7 13 3
6 17 11 4 5 6 3 2 8 2 3 15
6 3 2 7 3 12 11 16 3 5 3 5
0 0 9 4 1 1 2 0 1 3 2 2
3 5 2 3 1 12 2 3 5 6 9 2
0 9 1 1 2 2 1 4 0 1 1 3
0 1 2 11 8 2 0 0 7 1 7 12
5 2 4 10 3 3 9 2 2 5 5 2
8 10 6 5 3 2 7 2 1 2 0 7
19 19 18 6 4 2 17 4 3 3 3 8
19 10 10 2 3 6 1 3 10 6 7 13
1 7 0 1 3 3 6 3 9 14 0 9
8 1 3 3 3 1 0 0 5 0 5 3
1 19 1 12 6 1 9 8 0 4 0 5
3 6 0 4 2 14 0 5 1 4 5 3
9 3 1 9 5 2 8 2 3 8 3 0
6 7 0 2 3 1 9 1 5 1 5 5
4 3 1 3 3 1 5 7 1 1 4 3
0 7 7 7 4 2 6 11 11 7 8 3
14 7 4 2 3 14 6 15 11 6 6 8
7 3 3 10 4 4 13 4 4 4 12 4
7 1 5 2 3 7 2 4 2 0 1 2
11 12 4 12 2 3 3 2 19 15 12 11
19 16 2 11 3 1 6 13 5 20 3 2
4 9 19 18 8 10 1 8 1 5 8 3
5 4 10 10 4 8 1 1 12 0 8 15
13 3 7 1 5 6 5 8 3 4 0 5
5 15 9 7 0 4 2 3 1 6 7 1
7 5 5 5 0 7 12 2 4 0 3 5
1 9 2 1 9 5 13 8 0 1 3 8
0 6 5 3 7 10 0 4 12 1 2 2
4 7 8 15 2 1 6 3 12 16 2 11
17 5 0 2 5 2 7 1 7 3 6 13
8 2 3 4 4 1 3 6 2 5 2 3
5 13 1 8 9 1 12 9 9 6 9 7
13 2 1 5 4 17 11 4 14 5 6 26
6 9 2 3 1 6 4 9 5 2 0 1
0 10 0 1 9 4 10 8 2 10 7 7
7 1 11 4 4 6 3 6 5 0 6 1
1 1 0 1 3 16 2 8 0 2 4 1
10 2 3 2 2 2 21 1 9 7 13 11
4 5 5 3 1 4 2 4 18 7 11 6
3 4 4 9 4 13 6 2 1 12 17 6
5 4 6 15 6 2 7 7 10 3 10 4
7 8 11 4 10 9 5 5 5 7 17 4
8 2 4 10 4 2 3 7 25 2 9 4
0 6 5 8 2 2 3 4 4 5 8 3
9 6 6 2 3 8 1 7 1 2 0 3
10 9 5 20 2 6 0 9 1 15 11 5
10 3 5 5 1 8 3 7 14 8 3 0
2 3 0 1 7 13 5 3 5 9 6 6
3 18 10 6 9 9 2 11 2 0 12 8
6 8 10 6 2 4 3 7 10 6 10 1
5 12 0 25 4 7 7 12 2 1 19 1
0 8 1 2 9 2 5 7 4 3 15 13
2 2 2 3 3 3 2 14 3 2 2 9
0 1 10 3 13 6 2 8 0 1 6 3
5 1 3 9 0 2 1 0 1 1 0 2
0 20 1 7 10 14 16 8 3 4 18 12
3 1 2 2 3 4 3 4 2 5 1 7
2 7 8 3 6 6 3 6 10 16 2 6
2 13 8 10 1 6 1 6 5 3 4 1
17 15 7 6 3 6 5 10 21 1 6 8
6 1 10 7 4 3 5 1 5 6 5 3
7 0 8 4 1 3 7 6 8 1 1 7
6 3 2 0 0 1 6 2 2 2 2 3
2 19 1 6 3 12 9 5 15 10 14 18
9 2 8 7 4 9 4 1 14 1 5 5
1 4 3 4 1 5 3 6 4 3 0 0
8 7 3 12 0 2 7 3 1 10 8 1
15 6 1 15 2 2 4 4 6 2 2 4
5 4 8 14 11 12 4 8 7 1 0 1
1 17 12 3 1 7 1 11 6 1 14 6
11 3 16 4 4 12 1 11 6 5 9 1
7 17 12 6 2 21 14 8 9 9 1 2
0 5 2 5 3 7 5 16 4 3 4 4
3 14 27 1 10 3 1 6 7 2 3 12
10 4 4 4 3 3 9 3 1 0 10 1
5 5 8 4 3 7 1 4 13 7 4 3
17 10 5 4 9 0 11 20 9 9 11 13
3 3 6 0 3 3 8 3 1 11 4 13
13 2 2 2 12 10 21 10 6 10 2 1
7 2 15 3 0 1 7 1 3 21 2 19
2 0 3 3 13 3 8 7 11 9 14 4
1 4 28 11 5 6 6 4 7 2 11 5
4 0 3 6 5 9 6 2 3 8 4 5
9 5 4 9 0 3 1 14 4 8 2 12
2 9 2 4 20 17 3 16 1 16 13 11
1 5 5 1 7 12 9 1 8 8 5 4
2 25 12 3 14 3 1 7 4 18 10 3
2 3 0 2 7 2 5 4 6 8 5 2
6 5 13 8 4 3 1 2 4 6 5 7
2 7 11 7 4 12 2 6 1 17 10 3
19 10 4 4 17 10 2 8 15 11 10 8
8 1 2 4 8 1 14 15 12 1 6 7
1 3 3 3 10 11 13 7 8 5 0 4
15 10 8 3 4 10 7 2 11 1 6 6
0 5 5 4 1 2 1 1 9 17 8 3
6 4 2 9 2 2 3 5 6 12 22 11
9 5 8 6 5 3 5 12 3 9 6 3
6 15 19 9 15 7 1 13 9 1 10 11
5 4 11 2 3 4 1 3 2 5 6 6
0 9 13 4 2 6 13 8 14 11 0 3
1 7 0 6 3 3 7 4 2 5 3 3
11 21 0 17 2 9 5 17 4 4 5 0
3 6 8 1 12 1 6 13 5 3 4 0
1 2 5 1 6 1 9 5 2 3 8 2
16 13 17 11 3 7 10 7 3 5 1 16
8 4 13 1 6 2 8 4 4 5 4 13
2 1 9 3 0 1 0 3 3 13 8 3
17 7 2 2 24 9 1 16 9 0 1 6
3 2 2 4 4 4 3 1 2 2 1 4
5 2 0 4 4 2 3 2 1 2 0 4
1 6 2 1 14 4 7 7 2 8 5 4
1 8 1 9 0 2 14 10 7 11 2 4
23 1 3 5 1 2 8 3 9 4 10 10
10 1 7 7 2 2 3 2 3 7 3 3
11 4 4 14 9 1 18 4 5 0 17 8
4 7 4 6 2 8 1 8 6 7 6 8
1 6 9 3 8 15 9 13 1 12 0 18
3 6 5 11 2 4 8 6 2 5 4 21
6 11 4 2 13 17 18 9 1 4 11 15
4 0 0 23 5 3 18 1 2 12 4 4
4 12 8 8 7 6 10 15 29 4 1 6
4 10 6 11 16 10 21 7 2 15 10 5
9 10 8 7 7 4 1 1 16 0 0 7
5 4 9 0 5 5 2 1 3 9 4 7
8 5 6 17 7 10 3 18 20 5 3 2
8 13 9 2 2 0 6 4 13 7 6 2
9 1 5 1 3 0 6 7 16 4 7 5
4 2 7 4 2 2 2 14 21 9 12 4
1 6 5 2 1 5 5 11 1 6 3 5
1 6 7 3 4 6 1 0 1 2 2 4
8 0 2 2 3 10 0 1 12 7 6 6
12 0 7 3 16 7 8 5 2 6 0 11
6 12 19 5 7 13 1 2 4 11 15 7
16 5 18 3 19 2 13 6 6 1 4 2
2 7 8 5 7 6 5 9 3 3 2 1
3 5 9 13 8 5 0 9 2 3 7 2
4 5 8 4 11 12 1 5 2 7 5 2
11 1 2 1 2 9 3 5 3 6 3 0
1 1 1 0 10 1 1 6 0 1 1 6
6 10 14 4 2 7 7 2 2 5 13 0
9 2 2 9 6 21 2 7 21 8 11 17
7 2 5 3 0 0 2 1 2 7 1 3
13 10 17 4 17 6 6 7 3 2 4 16
4 9 2 8 5 8 3 11 4 4 17 27
2 10 2 5 4 8 3 6 4 4 2 5
3 9 3 7 5 1 1 11 5 8 3 5
2 4 6 2 1 2 3 2 8 2 0 2
2 6 8 7 3 2 7 1 0 2 8 15
15 4 11 12 0 14 20 7 5 8 6 16
10 12 6 2 3 3 10 6 6 4 2 0
5 3 5 2 7 12 7 5 1 28 0 13
6 15 2 6 5 5 11 15 8 5 2 20
19 5 14 2 11 4 1 8 16 3 12 15
11 26 5 13 3 0 17 3 4 9 7 11
6 2 4 4 1 5 0 1 3 3 5 9
5 7 5 11 2 15 11 2 13 8 13 1
7 10 4 5 1 9 5 3 8 3 14 9
0 6 6 6 2 2 3 6 10 4 2 7
7 0 6 4 1 7 2 9 1 7 2 2
6 2 5 5 0 5 5 1 5 2 1 4
14 8 5 10 3 9 8 6 2 2 14 13
0 9 7 2 2 6 6 1 1 6 7 8
0 5 19 13 5 4 8 2 12 2 11 16
2 0 4 2 2 1 6 1 8 1 2 1
3 3 7 4 8 1 0 5 3 2 0 1
11 20 5 14 3 13 5 1 19 9 6 8
6 1 1 2 9 1 1 0 2 0 2 2
2 4 5 1 3 14 9 10 9 2 4 8
3 3 9 2 3 0 1 4 4 5 3 3
2 11 7 12 0 2 1 2 2 12 13 7
8 4 0 6 14 9 3 1 1 1 8 4
5 8 1 11 1 23 2 5 1 11 2 13
5 4 0 9 4 8 6 9 9 1 13 5
1 9 9 1 4 4 4 1 20 15 6 5
8 9 2 0 11 11 4 7 6 0 4 11
3 10 9 1 8 14 7 8 26 10 6 2
16 8 3 0 6 5 5 16 0 11 3 2
17 10 12 18 13 5 2 4 2 8 13 5
2 3 1 5 25 0 9 4 1 5 10 10
1 3 4 2 4 3 0 4 4 1 10 4
4 2 10 1 9 6 1 0 4 5 3 3
2 3 4 12 3 3 7 10 13 13 6 8
3 1 0 1 1 0 3 7 3 1 3 8
3 5 3 10 0 7 22 11 6 6 0 4
4 2 4 4 5 8 4 6 5 5 6 4
2 6 1 2 1 4 0 2 9 8 3 6
2 6 6 4 5 1 3 3 1 3 3 9
1 0 0 4 4 16 16 7 7 14 8 2
6 7 12 0 2 11 5 4 2 4 2 1
4 2 3 2 5 6 1 3 3 7 3 3
18 8 7 2 22 7 1 6 5 8 12 2
17 11 7 7 8 8 3 6 17 9 9 3
5 3 1 4 2 3 3 1 2 4 2 1
2 8 20 14 5 1 8 7 2 22 3 10
1 9 4 7 0 2 18 10 10 7 6 13
3 11 14 5 23 3 6 1 12 18 7 1
7 8 11 10 7 1 5 12 16 4 6 7
9 14 5 8 3 0 2 23 14 1 5 3
16 7 6 8 2 9 7 8 1 10 0 5
9 5 8 1 0 7 4 3 0 12 9 5
5 4 1 15 7 2 4 9 7 8 9 5
1 7 16 1 18 1 4 13 5 12 22 5
1 10 4 11 6 12 10 11 15 12 4 0
3 0 10 10 3 6 4 7 5 3 6 8
9 12 3 0 8 19 2 4 2 15 8 12
1 10 1 1 12 4 1 7 6 2 2 1
5 9 1 14 7 20 10 15 10 3 10 15
3 8 4 13 2 5 1 21 7 4 8 8
0 2 2 2 7 2 7 1 2 3 1 2
3 7 6 11 3 11 1 17 4 6 15 6
9 10 8 3 1 6 6 4 7 5 8 5
2 3 7 8 0 3 1 5 1 7 9 10
3 7 5 1 5 12 5 3 0 3 8 9
7 2 1 5 8 4 4 14 4 3 13 12
1 4 6 2 0 2 3 8 7 1 4 5
2 2 7 3 3 4 1 0 3 3 1 4
4 1 7 6 10 13 5 13 5 7 8 2
11 8 7 5 9 11 7 10 1 10 14 5
22 9 12 5 6 11 2 11 12 0 9 10
11 8 17 10 10 7 2 12 13 3 12 13
3 2 6 1 2 4 7 12 3 18 2 18
6 9 15 2 22 7 4 10 19 12 1 8
2 3 6 1 5 4 13 11 5 4 1 8
6 6 1 3 6 6 32 10 8 5 11 6
7 1 1 12 6 8 3 14 0 1 3 12
6 6 5 8 9 4 3 9 9 2 1 5
1 6 3 10 1 2 7 9 3 2 0 4
8 5 3 5 7 4 18 5 16 2 8 8
5 11 8 3 0 5 1 5 2 3 6 3
22 1 12 0 3 6 24 1 14 12 6 4
1 10 2 10 15 15 2 3 3 5 22 12
7 22 1 4 21 11 9 8 8 1 6 4
6 2 11 2 15 16 0 3 17 0 7 2
3 6 4 1 1 9 7 6 4 1 8 13
1 5 3 7 7 7 7 1 9 11 12 5
7 1 1 1 4 3 7 7 0 5 2 4
3 4 7 2 2 4 3 3 12 1 12 5
8 0 10 2 4 2 0 2 1 6 3 6
4 5 2 1 2 1 0 4 10 4 2 1
11 4 1 2 10 1 5 8 10 3 6 3
4 4 9 9 2 2 3 4 4 8 6 2
4 1 4 3 4 3 2 13 4 0 4 0
23 1 3 21 1 6 10 7 8 2 17 3
1 0 9 1 8 8 5 3 12 12 8 16
8 21 4 6 14 3 7 1 1 15 11 4
8 13 0 6 1 9 7 3 1 0 10 6
1 10 5 6 6 9 10 5 8 5 3 6
2 8 12 1 3 8 5 2 9 4 13 1
3 7 4 10 11 9 17 5 16 19 12 10
8 4 1 2 5 3 1 11 7 2 8 3
2 2 14 11 4 1 9 6 13 5 16 1
1 24 13 7 4 1 3 17 0 18 4 6
3 14 7 4 7 2 4 5 2 2 11 6
3 11 9 1 0 10 4 3 2 3 10 5
3 0 1 2 1 3 0 1 6 1 5 3
1 6 4 13 6 7 1 10 4 1 1 20
2 1 7 1 3 1 4 6 8 3 1 4
4 4 0 6 2 5 7 3 6 5 10 7
2 2 2 5 3 2 1 2 4 4 1 3
3 10 7 10 16 12 13 6 10 18 4 2
4 4 5 7 1 1 6 1 16 5 1 9
2 5 1 12 2 15 5 3 3 10 2 3
14 1 0 2 10 15 19 1 8 9 2 0
1 0 1 11 5 0 11 1 2 8 3 4
18 14 8 10 13 7 1 5 3 16 5 14
9 13 16 2 8 8 2 6 11 12 1 5
2 3 11 9 8 3 9 1 3 2 3 10
11 17 8 8 8 8 9 15 10 13 9 2
4 0 2 5 10 5 2 1 5 1 3 5
10 10 3 2 3 19 0 1 5 2 18 15
8 3 3 14 1 4 3 1 1 0 10 20
2 3 4 6 2 5 7 8 1 10 4 2
9 7 5 2 5 1 0 2 10 4 2 2
5 9 11 7 7 3 6 2 7 4 0 13
3 1 5 5 0 5 4 10 5 6 2 3
1 5 5 4 11 13 1 3 7 5 14 3
6 7 16 20 6 7 4 1 12 22 2 0
5 7 9 0 1 4 1 5 9 1 7 3
9 5 4 1 5 13 11 2 3 3 13 9
1 7 8 8 3 1 4 6 6 6 0 7
1 3 3 12 7 2 2 1 1 1 7 3
3 16 2 6 9 3 7 20 6 3 8 15
9 8 14 10 12 1 12 7 6 19 5 2
4 5 0 0 18 8 9 3 9 10 6 12
6 3 7 8 5 1 2 1 0 1 7 3
1 0 6 1 3 1 1 3 9 3 10 2
2 20 3 0 8 2 12 3 2 11 0 4
1 5 2 3 2 5 14 2 3 11 13 3
9 2 1 3 2 0 8 6 2 3 6 9
4 2 5 15 10 2 3 13 21 4 11 12
4 4 4 18 7 6 5 7 0 2 4 6
9 2 2 7 6 21 5 1 3 1 5 23
14 7 11 4 15 5 3 12 3 8 1 5
5 4 3 1 3 1 4 3 0 1 3 1
0 1 3 2 4 3 4 4 7 4 0 1
7 7 20 2 4 7 2 7 1 13 19 6
7 5 2 2 3 9 0 1 10 1 2 2
1 8 3 6 13 7 8 4 2 2 6 11
0 8 4 0 2 7 2 3 7 4 8 3
0 0 8 12 6 3 8 10 7 2 4 11
3 1 3 2 1 4 3 2 1 11 2 0
17 2 0 14 7 3 2 12 16 3 5 15
3 0 5 4 12 10 4 1 2 5 3 6
4 0 6 1 5 13 1 1 1 8 9 0
8 16 9 8 5 2 1 16 9 3 3 20
5 8 2 10 11 13 6 0 11 6 3 12
8 20 5 1 8 12 13 10 8 5 4 10
17 8 0 8 8 17 8 15 12 7 2 6
4 4 5 10 2 0 2 4 4 4 0 4
11 5 0 2 1 4 4 4 3 6 8 1
23 4 1 0 6 9 11 3 5 4 11 0
18 5 2 4 8 16 14 14 5 7 6 15
10 5 1 5 15 10 5 13 18 4 14 1
11 11 7 4 8 7 0 1 5 1 7 4
6 9 3 1 8 4 3 11 2 11 0 4
12 1 0 11 0 6 3 7 13 0 5 6
0 12 13 9 1 13 8 2 3 4 0 22
5 10 8 20 5 1 6 12 3 3 4 2
5 0 5 4 3 1 3 0 1 3 1 6
5 6 0 5 0 22 1 1 7 6 1 5
1 8 4 2 9 4 10 5 2 6 6 7
5 14 1 25 15 11 2 2 14 3 3 4
8 12 4 8 3 2 3 5 7 5 2 4
9 0 7 6 16 2 3 5 7 6 6 10
2 0 4 1 2 1 2 1 7 2 4 4
1 5 3 7 1 1 10 2 1 3 11 20
8 5 9 10 9 7 9 1 3 8 14 4
1 1 5 4 0 1 1 11 4 3 8 5
1 3 4 4 0 5 5 6 0 3 7 0
10 5 9 8 11 3 9 1 13 6 7 3
2 1 2 9 3 1 4 1 1 2 4 11
3 16 5 2 8 1 4 7 0 1 4 5
11 1 7 4 5 3 0 1 3 4 3 8
7 8 0 5 1 0 10 7 5 2 8 6
8 7 2 8 6 5 2 6 1 1 6 6
0 5 4 5 8 10 4 1 8 21 9 2
3 6 4 3 2 11 1 2 2 2 4 4
13 5 5 3 15 11 25 4 14 6 1 4
1 3 3 1 0 9 0 1 3 7 6 5
5 22 5 0 8 1 11 1 7 5 4 0
11 25 5 5 4 2 6 6 8 11 6 3
3 8 2 1 5 14 7 1 7 13 2 6
0 9 2 26 8 1 11 13 13 6 11 2
3 0 3 7 0 0 6 2 5 1 2 2
4 7 6 3 1 7 4 5 4 6 5 4
1 6 6 5 0 7 12 5 9 2 2 15
5 3 13 8 3 4 9 0 8 2 1 2
12 6 3 8 26 1 7 1 10 4 15 3
0 1 1 12 5 3 1 1 1 0 2 3
4 3 1 4 2 0 16 8 1 0 9 1
4 16 4 7 1 5 6 5 21 15 9 9
2 1 6 4 2 3 7 0 2 5 1 4
6 4 19 2 4 9 21 2 5 7 17 7
14 0 3 5 16 2 4 3 18 5 5 4
18 2 6 8 3 5 0 4 2 4 4 1
11 13 5 11 6 4 1 3 4 1 14 1
2 1 0 1 8 3 2 2 4 1 4 1
8 3 15 10 14 10 0 0 6 7 10 10
7 1 2 3 5 2 5 7 3 7 7 4
8 8 16 7 6 13 15 5 12 14 4 16
3 4 1 4 5 2 7 1 1 5 6 2
15 10 3 3 1 7 3 7 19 9 11 7
7 4 13 8 3 2 1 4 10 21 13 9
2 9 0 1 8 11 1 4 8 3 21 3
5 3 5 4 2 4 3 4 4 2 2 5
13 3 12 5 6 5 4 3 5 11 2 1
4 4 21 2 7 8 9 12 21 2 5 8
3 3 9 20 3 5 5 8 24 0 6 10
3 3 2 2 3 3 2 2 2 3 3 7
29 8 2 3 6 3 12 1 8 2 14 8
7 3 2 6 1 7 3 13 7 7 1 1
4 1 2 6 4 5 3 3 3 0 3 2
1 8 8 15 9 3 8 2 2 1 5 7
9 5 1 18 16 4 8 16 2 15 13 3
10 9 5 6 1 2 6 5 1 11 1 9
1 1 5 10 11 1 1 11 3 8 2 19
12 1 11 1 2 9 4 3 26 3 1 15
3 4 3 2 2 1 4 7 2 1 1 2
3 2 17 4 14 5 0 5 9 16 4 6
4 2 1 4 4 1 5 5 0 7 1 1
7 4 11 6 7 15 1 4 7 4 2 1
1 7 6 8 9 15 4 7 1 1 9 9
6 8 7 11 2 4 1 3 10 9 6 2
11 7 5 3 3 6 3 8 4 2 2 4
17 3 1 15 1 5 12 7 8 14 0 4
11 1 0 2 3 6 9 13 2 12 1 14
1 5 7 2 2 1 1 6 3 0 15 5
7 10 3 2 7 1 2 4 7 2 5 2
13 16 14 13 10 4 3 11 2 9 4 8
3 3 11 8 2 0 4 1 8 2 3 2
4 5 0 6 9 6 2 0 5 3 1 3
7 1 3 4 1 3 1 3 1 7 2 1
10 14 4 4 9 14 2 12 23 6 4 10
5 4 1 1 5 1 3 1 1 7 5 6
4 9 3 12 10 1 12 12 7 5 11 4
3 2 6 8 1 5 4 9 9 7 4 7
6 10 20 19 7 3 9 10 8 7 4 1
5 6 1 1 7 2 2 5 11 3 3 2
2 2 4 6 11 3 13 1 13 1 4 2
1 7 7 11 13 6 2 13 3 6 6 8
9 14 13 2 14 2 4 12 8 0 11 4
3 1 7 0 2 3 4 4 2 2 3 1
1 1 13 5 4 8 0 5 13 8 7 7
2 5 4 2 3 1 4 2 0 9 11 7
2 2 0 22 2 5 10 4 8 0 5 1
10 9 9 1 1 8 2 4 2 8 10 9
8 12 3 8 9 0 5 9 3 1 2 11
1 0 3 5 12 5 3 8 13 10 9 8
5 6 0 1 12 5 1 1 10 8 3 3
14 3 16 6 4 9 13 5 10 0 3 5
2 3 8 1 4 10 5 3 9 0 9 4
5 6 2 2 29 4 11 2 2 11 9 15
7 8 3 11 7 4 7 8 4 3 7 5
2 1 19 1 2 5 13 5 10 9 1 18
8 3 25 2 14 2 15 2 7 11 4 9
1 5 11 6 1 14 5 0 11 17 10 5
10 11 11 5 7 8 3 2 9 2 3 1
18 3 4 1 1 2 10 7 15 5 0 6
9 1 4 3 17 1 2 4 11 9 9 1
6 4 9 1 2 1 5 14 5 0 2 7
3 5 3 11 9 5 13 4 8 0 3 23
2 4 5 7 1 3 3 14 14 2 2 4
14 7 10 20 15 3 6 3 1 2 14 5
1 3 3 4 1 10 8 5 12 2 2 8
1 0 1 3 3 5 4 6 2 7 1 2
2 4 6 1 3 0 3 2 4 2 0 5
5 9 12 12 2 3 13 16 4 1 12 23
1 2 12 3 3 5 1 0 1 8 7 2
2 1 15 9 13 5 3 11 14 3 1 7
4 4 8 2 3 4 13 16 12 2 5 15
2 1 4 0 0 6 3 1 2 0 6 2
0 3 3 7 3 1 3 5 7 2 3 2
5 2 7 0 7 1 2 2 1 8 1 5
2 16 0 4 11 25 10 3 3 7 7 4
4 6 2 7 4 5 1 4 5 0 4 1
6 0 9 2 10 1 7 5 10 14 5 8
8 1 6 15 12 7 3 8 8 4 3 7
2 15 26 1 5 18 5 1 1 5 3 1
8 5 4 3 3 3 3 5 4 3 7 3
7 3 20 15 0 6 9 1 4 1 5 16
4 3 6 11 11 5 2 7 1 5 4 16
3 3 4 6 4 0 8 11 2 0 2 9
14 16 0 7 2 18 18 6 5 1 12 15
3 5 2 2 8 4 4 2 7 6 6 2
17 6 7 5 6 3 10 1 14 15 5 4
2 1 1 7 10 3 4 2 3 1 2 5
3 4 3 4 8 2 10 1 4 5 5 6
2 7 3 9 1 7 6 3 7 2 6 2
13 10 1 4 14 5 5 3 1 2 7 11
6 5 12 0 9 15 4 14 11 6 16 4
22 3 2 11 13 3 0 12 2 7 22 4
0 0 2 7 16 4 8 6 0 2 6 4
3 10 5 2 8 2 3 2 1 12 7 0
2 9 10 9 10 1 4 3 2 2 0 2
7 4 1 5 11 2 1 2 8 4 4 3
10 4 3 22 11 4 5 2 0 1 7 11
1 6 18 1 7 1 1 12 3 11 2 3
1 2 5 5 7 1 1 0 9 4 3 1
5 4 3 1 5 7 4 1 5 2 1 8
8 6 6 20 1 6 3 0 4 2 5 19
7 9 1 10 10 3 12 5 3 11 9 12
8 1 1 5 16 9 8 11 10 5 6 24
2 4 8 10 6 17 1 4 3 4 2 11
2 3 3 4 2 3 1 1 16 10 5 2
2 7 2 6 7 10 14 14 7 4 4 17
18 10 6 6 8 4 15 15 3 1 3 4
1 5 8 1 4 8 3 0 5 3 5 12
5 3 3 9 5 1 2 2 2 3 1 5
6 7 9 2 8 3 3 5 15 3 7 0
6 1 3 7 1 3 12 6 0 1 2 4
11 15 2 9 15 10 1 7 7 7 2 8
12 19 2 8 15 1 6 14 10 1 9 5
2 3 1 4 2 1 2 0 6 15 3 3
6 5 16 1 1 3 2 17 6 1 29 6
3 10 3 5 7 12 11 24 5 8 1 6
1 3 8 0 3 8 9 6 4 7 7 7
6 8 13 0 8 3 6 6 6 9 11 4
6 4 3 2 22 6 14 5 4 7 12 9
0 5 3 0 0 5 1 2 10 0 2 2
9 4 1 2 2 8 10 1 4 0 4 2
10 2 10 5 0 10 6 10 12 1 21 12
3 2 13 3 2 6 6 10 3 2 10 3
7 5 5 3 3 1 3 4 2 8 7 4
3 14 6 15 4 7 0 3 4 3 5 0
1 2 2 6 10 9 11 18 5 25 5 3
1 2 5 4 4 8 3 2 1 8 9 3
4 7 15 5 9 6 5 2 8 4 11 5
4 12 9 10 10 12 18 16 8 3 5 0
11 1 8 5 2 7 6 10 18 3 7 3
6 2 6 12 1 6 5 8 4 7 5 3
8 3 1 14 10 4 11 1 6 1 1 11
1 1 3 5 1 0 15 5 4 3 2 4
3 6 6 4 3 0 1 1 0 1 6 4
1 4 1 3 4 7 4 4 3 2 0 3
5 2 14 5 6 23 5 8 12 13 14 10
4 9 12 10 12 12 2 3 23 2 5 5
0 8 1 9 3 1 21 0 11 7 9 3
1 10 11 9 6 4 10 4 12 4 3 10
12 10 8 8 0 1 8 10 1 1 2 2
15 11 7 14 0 1 9 7 12 14 8 0
6 2 0 3 8 3 2 5 3 5 2 1
14 2 2 9 2 9 2 3 5 7 7 2
2 3 1 6 14 11 1 1 15 7 8 5
18 7 16 9 4 13 1 16 15 12 3 7
4 5 11 5 2 10 11 3 13 10 14 9
4 8 3 3 1 5 12 7 0 4 9 1
5 17 7 9 3 15 6 12 10 14 3 12
0 5 2 2 9 1 0 1 2 1 2 2
9 12 0 6 8 4 6 3 8 5 18 3
0 4 3 8 10 3 1 2 1 3 7 1
11 2 19 2 1 2 8 11 22 11 11 8
5 10 1 6 2 6 5 12 10 8 3 5
9 2 13 3 3 1 3 13 10 10 4 2
6 4 13 17 3 7 10 5 2 16 5 9
4 3 8 2 3 4 0 2 5 4 3 8
9 4 2 0 6 7 2 12 8 18 1 11
10 4 14 13 5 5 2 0 18 14 3 6
3 4 2 2 7 6 10 7 5 5 5 1
10 3 1 3 7 5 2 12 4 3 2 8
5 3 2 6 4 0 2 5 9 5 3 17
4 0 10 6 4 19 21 6 4 13 5 5
7 2 24 3 14 5 0 1 3 13 14 13
5 10 0 6 1 7 8 6 0 7 2 2
9 5 1 1 3 2 2 4 5 0 3 6
3 9 13 3 11 22 16 9 8 4 7 0
0 16 7 4 0 7 2 1 12 8 2 2
2 2 7 1 2 5 2 1 3 10 10 9
2 7 2 5 4 12 1 15 4 10 23 5
6 1 0 6 2 3 1 3 7 4 3 1
7 5 2 2 5 2 14 14 9 2 3 1
9 0 6 3 1 5 6 6 0 12 11 7
2 2 3 1 6 1 2 1 2 3 6 3
6 1 3 7 0 5 13 10 5 4 6 4
2 5 0 2 1 2 3 2 6 3 4 0
23 9 1 4 21 7 7 8 0 2 6 4
6 2 2 8 2 3 3 1 1 4 1 12
5 3 4 9 9 0 7 2 3 15 7 1
3 10 11 9 4 4 10 1 0 2 10 3
5 4 5 5 2 2 3 13 1 10 14 6
1 3 8 4 0 4 2 3 0 0 4 1
6 1 4 5 3 2 1 3 13 6 1 2
2 1 10 6 1 4 5 0 13 3 5 8
3 1 4 3 7 6 4 3 1 18 0 7
1 4 3 2 1 10 4 6 1 9 5 2
3 1 6 1 8 1 6 9 5 4 0 5
3 1 11 2 1 13 3 7 3 10 7 6
12 19 15 6 18 2 1 1 8 7 8 6
3 18 8 9 3 12 2 4 0 0 5 3
2 6 3 1 5 12 19 11 8 10 1 14
0 1 4 1 7 7 8 5 7 1 5 2
9 11 7 6 16 6 9 4 7 12 10 3
5 10 8 1 1 1 3 3 0 6 7 8
10 7 17 10 10 5 10 5 8 1 2 1
1 2 19 2 8 6 22 18 4 8 2 11
2 0 10 5 2 9 15 5 20 5 7 3
0 0 0 1 5 2 5 8 6 7 3 10
4 4 6 0 5 2 1 2 1 1 1 2
1 6 9 7 4 9 6 14 5 3 3 3
9 15 17 5 3 3 2 11 1 1 6 5
8 14 0 2 5 1 17 4 1 18 2 5
12 22 4 2 1 23 2 9 7 9 12 0
7 9 7 1 1 0 2 4 2 1 8 2
12 15 1 8 5 3 2 2 13 5 7 11
4 3 15 4 2 4 6 3 2 7 0 10
7 0 1 22 8 19 5 9 3 7 3 2
15 3 3 1 5 5 4 0 6 3 10 8
3 4 6 2 2 5 0 0 5 0 1 2
8 2 1 4 1 5 4 5 3 0 6 1
0 3 6 6 5 1 6 15 2 7 8 1
13 2 6 1 6 2 1 10 5 1 2 14
4 11 11 2 3 19 7 2 6 4 7 2
1 4 1 7 0 9 7 7 9 13 9 8
4 3 2 3 2 1 4 1 1 5 0 5
10 2 6 3 4 6 11 8 0 11 2 3
1 10 17 6 1 4 18 4 7 7 1 9
1 3 10 3 12 2 1 12 7 4 5 3
14 2 0 24 7 4 1 14 0 18 12 4
12 2 14 12 17 13 2 0 6 9 11 18
6 5 10 13 0 5 6 2 18 0 6 5
3 4 9 22 4 8 18 15 1 8 9 6
16 8 3 6 10 2 15 4 8 8 13 14
2 1 7 5 17 2 6 7 10 12 9 4
0 8 3 1 6 2 6 2 7 4 1 10
9 0 2 3 7 5 5 8 14 6 13 15
2 1 1 2 5 9 2 7 6 6 0 1
8 2 0 1 7 5 1 4 7 0 2 4
6 30 7 1 3 11 5 7 6 4 9 9
5 3 18 9 5 10 1 16 2 1 0 1
11 8 2 12 8 4 6 8 7 7 15 1
5 1 2 1 1 2 4 5 3 6 0 2
13 3 12 8 1 12 2 11 5 16 11 11
0 19 10 3 11 26 1 2 3 10 2 4
11 10 5 1 3 4 9 10 5 13 8 3
9 0 2 2 3 12 6 8 2 10 2 3
5 4 1 5 1 5 8 7 25 3 8 10
3 7 8 9 7 6 7 8 1 0 3 8
5 7 9 2 2 5 4 6 0 1 2 5
7 7 10 16 6 12 1 13 21 5 1 17
4 23 5 1 4 4 13 7 6 3 0 12
4 9 11 6 3 0 3 1 4 23 5 3
0 2 17 3 11 3 0 11 10 21 1 1
2 15 3 10 0 8 8 1 11 6 9 1
3 18 8 14 0 7 11 0 4 14 7 4
0 6 13 0 4 4 0 12 2 0 6 4
21 11 8 9 4 0 7 2 0 14 6 2
3 2 1 4 1 4 3 4 2 4 2 4
0 3 4 2 11 10 3 2 3 0 0 6
19 14 7 11 11 8 1 20 3 12 9 5
9 1 5 14 7 11 10 4 1 18 14 5
1 3 17 2 4 19 1 4 17 7 9 7
1 5 3 2 12 11 15 5 2 13 21 8
5 4 12 6 25 19 6 10 7 2 5 12
5 0 6 5 9 10 5 14 1 6 15 2
1 5 6 1 3 1 2 4 3 0 1 1
3 10 4 17 5 2 15 2 4 12 7 16
16 4 2 13 6 15 3 3 8 7 9 0
1 1 2 2 7 5 1 2 4 3 2 1
4 17 0 15 3 6 3 4 8 0 0 6
7 14 7 7 7 19 14 1 8 18 2 0
11 7 10 12 13 5 2 4 2 6 3 3
2 9 7 3 2 3 8 2 17 8 7 1
0 11 1 7 7 10 11 1 14 8 2 8
2 3 7 11 6 19 14 11 2 13 11 0
1 3 5 5 4 8 8 4 11 2 10 8
0 10 2 3 1 5 4 1 7 7 2 7
5 3 4 1 2 1 0 2 2 4 2 5
10 6 2 1 8 7 2 1 9 1 7 6
4 7 6 1 3 8 0 1 4 1 2 5
3 1 3 12 8 3 2 6 12 5 2 12
2 1 5 8 4 5 4 2 8 6 8 13
2 3 1 7 1 2 3 9 1 1 4 6
6 1 3 1 8 8 7 30 5 8 9 13
18 9 8 10 1 8 16 8 2 0 14 12
2 5 7 14 16 2 3 3 5 4 4 11
17 13 2 8 19 13 1 8 10 3 4 3
12 10 9 2 1 15 3 3 11 10 8 3
1 7 9 0 8 9 5 7 2 9 3 7
8 3 5 2 21 23 1 15 10 2 3 2
14 6 0 4 7 0 6 12 4 4 10 0
1 11 1 3 1 3 2 4 7 2 10 1
8 0 6 5 12 4 7 8 13 1 1 13
1 1 4 7 3 1 3 10 1 6 1 3
5 15 3 10 6 18 3 11 11 4 11 4
15 6 15 1 7 4 5 1 27 13 4 3
3 5 1 2 1 3 1 6 1 4 1 10
1 5 3 7 2 10 1 5 9 3 4 7
5 5 2 10 1 1 1 4 3 4 4 0
9 3 1 6 10 1 0 7 7 5 4 15
1 3 0 1 8 2 1 4 8 6 2 4
3 4 5 3 4 2 12 8 11 6 4 1
5 2 0 6 7 9 2 7 5 3 6 2
8 2 2 2 5 7 5 8 1 5 8 13
1 11 19 4 1 0 0 5 15 12 2 16
2 12 0 17 1 1 15 8 9 13 10 6
10 6 8 21 13 8 1 2 6 10 3 8
9 8 2 6 5 1 10 3 18 8 9 10
13 6 1 9 6 12 8 27 2 1 11 5
4 2 2 5 6 3 4 15 1 1 2 4
3 8 3 4 7 1 6 6 11 3 0 5
7 6 10 4 10 1 1 1 6 4 1 1
1 1 2 3 1 1 6 6 4 3 2 1
1 1 1 8 3 1 8 6 4 10 1 7
2 2 2 4 3 0 0 5 6 3 0 3
6 3 2 5 2 4 3 11 3 11 9 13
1 6 5 9 9 2 4 5 1 1 4 0
2 3 2 10 0 4 2 12 0 2 4 10
3 1 2 4 3 2 4 6 1 2 1 4
2 13 4 0 0 8 1 2 6 8 4 3
0 6 0 3 4 0 6 5 0 5 9 2
3 2 0 1 2 2 4 2 2 2 2 7
6 6 10 2 5 4 7 2 7 1 0 6
0 2 3 9 1 7 4 2 6 6 5 3
2 0 3 0 7 8 1 0 9 2 1 3
1 11 5 2 5 12 10 12 1 5 4 7
2 1 10 5 4 0 11 1 2 0 7 6
2 8 2 3 3 3 2 3 1 2 4 7
10 5 11 12 11 12 0 3 6 7 4 5
12 1 4 13 20 1 2 3 9 6 12 22
9 4 9 9 2 8 6 4 10 3 1 6
18 0 8 8 8 9 1 10 7 13 6 2
9 4 4 10 4 1 18 4 16 9 1 0
6 14 4 2 1 6 6 5 9 2 5 9
8 9 0 3 14 1 2 6 0 3 13 28
18 6 11 4 8 4 5 5 8 5 6 8
0 2 2 3 7 4 6 1 5 4 3 0
18 0 3 6 8 17 6 17 8 13 14 9
11 0 2 6 3 5 7 12 5 9 4 4
2 8 4 5 1 5 1 11 6 0 8 12
6 1 5 3 7 11 7 6 6 11 8 9
6 4 5 4 2 5 2 6 0 4 4 4
2 4 0 2 4 1 4 3 4 1 6 2
6 6 12 10 10 1 14 14 6 18 15 9
22 15 9 1 4 4 6 0 9 8 9 8
1 7 6 1 0 7 10 1 3 0 7 5
6 4 9 2 3 0 9 1 2 12 1 1
11 11 8 8 7 2 7 9 4 7 28 1
3 1 5 13 12 0 9 10 20 5 8 6
7 0 5 2 20 7 12 4 9 20 1 1
11 1 5 3 2 5 5 1 4 9 10 1
17 2 11 6 3 5 17 5 8 15 0 15
5 16 4 4 13 3 14 2 6 0 8 6
13 17 6 23 4 0 2 1 7 13 4 3
12 6 2 0 5 2 5 5 12 4 3 2
5 7 5 2 6 2 1 9 2 4 0 3
0 11 5 3 4 12 10 4 2 7 2 2
2 7 10 3 1 11 12 7 2 2 1 6
3 11 1 1 5 8 6 15 1 6 2 17
4 11 4 2 2 1 5 5 0 11 6 5
12 15 3 5 4 11 11 24 3 6 2 5
5 9 0 0 25 2 2 11 4 1 12 11
1 4 2 0 5 0 0 1 13 4 1 7
1 3 3 3 7 0 7 1 9 4 3 3
12 7 12 7 7 16 17 24 3 5 2 2
7 6 5 13 2 6 1 5 7 3 7 6
9 8 2 10 1 0 3 5 15 2 18 3
3 9 2 16 2 1 1 3 2 4 1 6
1 6 4 3 6 0 5 2 2 4 0 1
5 2 3 7 15 2 1 1 1 9 4 7
1 0 4 8 5 0 2 3 1 2 6 5
1 7 3 2 5 4 2 3 3 0 4 2
3 8 1 6 1 1 4 0 5 1 5 1
9 3 10 11 1 3 1 9 9 1 0 10
8 6 5 2 11 12 5 0 10 0 15 7
5 7 1 2 1 1 5 1 3 2 5 3
5 9 8 5 2 3 3 4 3 2 3 2
1 6 5 4 2 6 3 10 5 8 15 3
7 3 5 7 3 1 3 2 3 1 6 12
7 8 6 5 3 15 5 9 6 3 7 4
5 11 1 7 5 5 11 7 0 1 4 6
7 10 6 7 16 9 12 10 6 3 10 10
9 2 1 6 5 5 4 5 2 2 8 1
6 2 15 9 14 8 17 12 2 4 4 3
3 2 7 2 0 2 2 9 5 3 3 2
3 2 10 2 7 3 23 1 2 4 1 9
3 4 2 7 10 13 3 7 1 1 2 2
13 10 5 19 3 2 7 11 3 22 10 3
3 15 3 4 4 5 7 2 16 1 2 11
1 5 2 4 4 3 3 4 1 2 0 0
4 2 3 1 4 0 4 0 3 8 4 4
2 3 12 16 1 0 4 12 21 9 10 3
4 11 3 11 3 7 4 2 6 4 4 6
2 2 13 1 7 13 4 11 1 8 2 0
8 4 4 3 1 4 18 3 0 5 6 13
14 6 3 7 8 17 0 3 7 1 6 1
4 12 8 15 2 6 12 16 10 4 17 9
5 6 6 3 2 5 1 8 8 8 3 7
3 4 3 7 7 2 10 2 8 4 6 4
1 16 7 12 15 8 4 10 16 16 12 7
1 11 2 0 6 11 11 0 10 9 11 5
1 7 2 3 5 11 19 0 0 9 12 15
2 15 3 12 6 6 0 14 12 11 1 5
17 18 19 1 7 2 6 9 12 4 8 9
5 5 3 3 4 2 3 4 1 0 6 3
11 24 21 4 2 1 2 5 8 4 2 6
6 15 5 4 5 14 4 2 15 7 4 1
5 15 12 8 5 1 9 7 16 5 12 2
19 1 8 13 8 5 6 1 6 7 1 4
7 9 7 2 2 3 2 6 6 2 12 9
0 1 3 5 4 2 0 2 1 3 7 0
2 4 4 5 2 0 7 1 1 2 1 10
12 0 14 0 26 14 3 4 0 2 7 8
3 9 18 10 3 11 2 6 2 23 8 4
3 2 6 1 7 4 5 4 0 4 7 1
4 4 3 5 1 2 2 0 8 5 2 5
4 10 4 5 2 3 1 12 0 1 1 6
3 6 9 8 2 0 1 9 5 13 3 3
6 5 1 5 3 7 11 6 11 2 0 13
4 6 0 2 3 6 4 1 6 2 14 3
1 1 3 5 9 2 3 3 5 1 10 3
4 6 0 10 5 7 6 4 1 2 4 5
4 5 20 18 0 4 12 6 2 6 0 12
0 5 4 6 5 7 10 6 11 1 6 8
4 2 2 8 0 6 1 3 4 3 3 2
2 10 4 5 10 7 6 2 19 16 5 11
8 5 3 7 7 14 12 12 10 21 12 1
2 3 8 0 6 6 4 3 7 3 3 8
18 4 6 9 7 7 13 4 6 1 7 2
3 8 1 6 13 3 3 3 2 0 1 3
20 4 11 4 3 9 18 8 6 14 15 6
0 4 4 1 4 1 1 1 4 3 2 5
7 13 2 4 15 2 12 3 18 8 0 6
12 5 11 6 8 0 9 7 8 13 5 14
1 6 16 3 13 4 6 4 10 10 0 1
3 7 2 1 8 2 4 1 1 2 4 4
10 2 3 3 4 0 11 5 7 1 2 9
5 0 6 17 8 10 14 0 11 3 11 13
20 13 18 15 4 15 8 8 4 8 4 6
10 1 15 2 6 2 11 0 3 10 7 15
3 13 9 5 14 13 2 1 16 10 7 19
19 2 3 6 12 9 20 0 4 3 7 11
3 10 7 15 11 7 2 11 3 21 12 5
8 2 3 2 2 1 1 0 0 2 3 1
10 3 1 10 0 2 7 4 8 2 3 7
17 19 15 8 9 5 9 3 7 7 7 1
12 15 19 2 11 5 5 17 4 1 9 2
1 3 12 2 4 8 2 2 5 7 2 5
4 10 2 1 3 6 2 13 17 13 7 6
2 5 3 1 5 5 3 2 3 2 2 2
0 1 6 1 2 10 0 3 3 10 1 0
4 7 6 3 12 6 2 1 1 1 1 3
1 3 2 3 3 20 3 6 15 5 3 5
2 2 4 3 3 2 7 7 9 5 5 2
8 11 29 11 14 3 11 6 4 0 0 2
5 0 9 3 2 2 7 11 4 2 1 11
20 8 2 14 1 10 3 8 4 9 17 1
1 15 3 4 2 10 16 3 16 19 1 5
5 5 13 1 11 3 6 0 2 6 4 0
2 8 9 3 7 6 4 5 18 5 1 1
17 5 6 2 6 2 8 25 11 9 4 15
7 9 3 6 4 7 7 1 8 4 1 5
9 6 6 5 5 8 5 12 9 10 19 0
1 13 11 10 3 8 10 5 15 2 17 10
0 21 12 7 17 4 2 2 11 15 1 1
7 0 4 3 5 3 3 6 2 3 5 1
1 1 3 3 3 8 0 3 2 2 2 5
4 3 0 3 2 0 2 2 0 7 1 1
2 3 4 7 0 6 4 13 1 0 1 7
0 4 3 1 2 5 6 0 1 8 1 5
9 2 1 2 8 2 12 5 6 4 15 2
8 11 6 0 0 4 12 2 4 5 6 7
3 9 6 13 15 3 4 1 26 6 6 9
5 3 9 3 7 2 9 8 4 0 1 1
6 4 3 1 3 4 1 0 1 10 1 3
1 6 1 8 10 8 15 3 0 2 8 1
26 1 10 6 2 1 15 6 5 15 4 10
2 8 7 8 6 9 15 0 4 3 2 0
9 11 1 9 5 17 3 18 6 2 11 13
4 6 3 8 22 3 12 2 9 5 3 7
13 10 5 2 2 13 13 8 13 10 5 2
6 24 3 1 10 6 5 14 2 2 7 2
8 6 8 6 2 6 1 6 1 3 6 2
2 0 3 5 1 10 4 2 9 4 3 2
5 6 7 11 6 2 3 4 5 14 0 4
1 1 2 5 9 1 2 3 5 2 7 2
6 2 0 6 3 0 3 3 5 3 2 1
9 0 6 15 11 6 2 1 8 9 1 4
2 7 7 15 13 6 2 3 13 18 7 11
7 11 0 4 7 2 9 2 6 10 4 1
13 3 11 8 12 6 10 16 3 7 3 15
6 19 6 5 2 8 6 6 17 5 15 2
1 21
2 7
3 29
3 32
3 48
3 88
4 51
5 25
7 13
7 66
7 99
9 47
9 70
9 100
10 16
10 58
11 102
12 45
14 68
15 95
15 98
15 101
16 84
17 62
18 32
19 37
21 91
22 45
24 122
26 120
27 105
28 57
29 86
30 33
30 46
30 48
31 103
31 127
32 103
32 119
33 76
37 81
38 74
38 85
38 126
39 92
39 109
40 68
42 55
42 74
44 53
44 98
45 82
45 86
46 69
46 115
47 49
47 138
49 80
49 117
49 127
50 63
51 68
51 115
54 138
55 90
55 118
55 154
56 73
56 145
57 64
61 91
61 131
63 79
64 92
64 118
64 139
65 95
65 163
66 115
66 144
66 163
67 88
67 143
68 83
68 149
69 119
70 89
70 137
71 94
71 154
72 73
72 84
72 86
72 172
73 131
73 164
74 81
74 101
75 149
77 153
77 160
80 108
80 129
80 139
81 98
82 86
82 91
82 135
82 158
83 135
84 144
85 102
85 185
86 167
87 185
88 93
89 118
91 97
91 108
91 121
91 128
92 146
93 94
93 104
93 133
93 166
93 186
95 114
98 163
99 136
99 178
100 110
100 141
100 176
101 182
102 133
102 151
104 181
105 153
105 168
107 193
108 117
108 166
108 201
109 156
110 173
111 156
112 212
116 117
116 119
117 118
117 135
118 137
119 169
119 198
119 213
120 153
120 155
120 164
120 170
121 186
121 189
123 186
124 209
125 147
126 127
126 168
128 166
128 199
129 219
132 203
133 195
135 161
137 138
138 238
139 177
139 211
141 160
143 216
144 211
146 168
146 198
146 224
147 165
147 174
148 216
148 231
150 236
152 181
152 232
153 222
154 159
155 193
156 165
156 201
156 246
157 177
157 179
157 192
157 220
157 256
158 213
158 220
160 207
161 196
164 206
164 252
165 216
165 217
166 169
166 195
167 254
168 206
170 238
171 229
173 250
173 255
174 270
175 196
175 198
175 228
176 214
177 225
178 185
178 265
180 255
181 279
182 219
182 238
184 193
184 274
185 235
186 213
186 220
188 270
189 202
190 237
192 288
194 236
195 282
195 295
196 235
199 204
199 206
199 255
200 205
200 228
200 261
201 215
201 251
202 208
203 250
203 251
203 257
203 290
204 216
205 276
206 252
207 257
209 233
210 279
211 232
211 252
212 237
212 262
213 237
213 283
214 215
215 295
216 271
216 280
217 280
217 283
217 301
218 222
218 283
219 243
219 246
219 284
219 289
221 260
222 284
222 287
222 321
224 292
225 238
228 269
229 280
229 291
229 312
230 233
230 242
231 232
232 317
234 265
235 304
237 281
238 257
238 259
239 252
240 315
241 312
242 309
243 262
243 311
244 247
245 254
245 257
246 292
246 295
248 342
249 264
249 335
249 339
250 304
253 286
253 346
254 313
257 264
258 354
259 339
260 274
262 284
262 323
263 271
263 361
266 301
267 270
267 301
267 317
270 356
271 288
272 300
272 319
272 340
273 295
275 314
276 287
276 327
277 353
279 356
279 361
280 291
280 327
282 365
284 293
285 291
286 315
286 320
288 291
288 296
288 337
288 338
288 351
289 293
290 320
290 366
291 292
291 301
291 357
291 378
291 387
293 304
293 367
294 349
294 354
294 386
296 356
297 370
299 372
299 387
300 346
300 381
302 341
302 391
303 323
303 387
306 313
306 381
308 314
309 338
309 374
309 386
311 395
312 327
313 315
313 351
313 356
313 388
314 333
315 375
316 319
316 399
317 318
320 328
321 388
321 418
322 405
322 412
323 376
324 367
324 373
324 386
325 349
325 369
327 418
328 421
329 414
331 377
331 425
332 353
332 424
333 412
335 430
336 369
337 365
337 374
337 386
337 431
340 418
340 429
340 439
341 391
341 427
341 438
341 439
343 443
344 442
345 438
346 399
347 411
348 447
349 397
351 356
352 357
352 406
353 355
353 357
353 430
354 356
355 397
358 454
359 406
359 410
360 365
360 390
360 440
361 381
361 433
362 418
363 390
363 432
363 453
364 380
365 406
365 457
369 381
369 409
369 421
369 463
372 429
374 375
374 394
375 376
376 463
377 378
377 386
377 443
378 430
380 458
382 417
382 453
384 410
385 468
386 431
386 446
387 440
388 396
390 401
391 424
391 446
394 476
395 402
395 436
395 442
395 481
396 438
398 432
398 480
400 446
400 461
400 462
400 472
402 451
404 406
404 464
405 498
406 451
406 505
407 417
407 506
408 479
409 438
410 421
410 461
412 415
413 455
413 456
413 492
414 450
415 419
415 426
415 448
416 455
417 495
419 421
419 499
420 481
420 486
420 519
422 427
422 464
425 468
425 517
429 431
431 462
432 480
432 485
432 500
434 437
434 500
436 456
437 451
437 496
438 514
440 459
441 451
441 479
442 480
443 459
443 493
443 530
443 539
444 459
444 463
446 492
446 526
446 532
448 472
448 476
448 502
448 516
449 471
449 507
449 533
451 545
452 466
453 465
453 495
455 489
455 553
456 480
458 485
459 549
459 551
459 552
462 546
463 488
463 500
465 480
466 547
467 542
469 498
469 516
469 542
470 488
470 541
471 523
471 540
472 494
472 516
473 518
473 538
474 476
474 482
474 555
475 484
475 491
475 563
476 519
476 536
476 546
476 570
477 484
477 486
477 491
477 524
479 563
480 557
480 561
481 504
481 543
481 576
482 532
482 556
484 525
484 538
484 557
485 531
486 499
486 552
486 562
488 522
488 528
488 563
488 572
490 504
490 589
491 497
493 551
494 533
494 536
496 554
497 501
497 523
499 545
499 554
502 558
503 514
503 528
503 589
505 532
505 555
505 565
506 538
507 528
507 563
507 585
508 531
509 545
509 578
510 577
510 598
511 567
511 575
512 566
512 610
513 596
513 613
514 555
518 600
520 562
520 590
520 592
525 555
525 619
526 591
526 599
528 531
528 611
529 558
530 553
530 562
530 587
531 618
533 577
535 536
535 608
535 621
536 537
536 551
536 561
537 548
538 555
539 549
539 602
540 553
540 590
542 600
543 607
543 613
544 569
544 575
545 605
545 640
546 577
547 598
548 592
549 561
549 567
550 552
550 570
550 582
550 591
550 621
553 601
553 627
553 651
557 584
557 607
558 562
558 582
558 627
559 580
559 587
559 623
560 590
560 607
560 625
560 645
561 577
561 591
562 564
562 636
562 639
563 590
564 606
565 575
565 601
565 646
566 625
567 612
568 576
570 635
571 647
571 662
573 586
573 621
574 596
574 608
575 647
576 621
576 630
577 669
578 622
580 583
583 633
584 627
584 668
585 600
585 625
586 603
586 680
587 649
588 612
589 638
590 616
591 602
591 680
592 629
593 660
594 631
594 686
595 599
595 623
596 682
597 654
597 682
598 607
602 634
602 696
604 609
604 631
604 654
604 684
604 694
604 700
605 694
608 635
608 660
609 682
610 620
610 656
611 615
611 656
611 662
611 669
612 627
614 662
614 703
615 694
617 670
618 620
618 627
619 639
619 645
619 653
619 679
620 644
620 718
621 662
622 680
623 654
623 710
624 695
624 719
626 648
628 661
629 700
629 705
630 654
632 680
633 679
634 692
634 707
635 696
636 661
637 733
638 732
640 709
640 722
642 652
642 701
645 741
646 667
646 724
648 649
648 739
649 749
650 712
650 726
651 743
651 749
652 716
652 743
654 736
655 706
656 753
657 720
660 711
661 727
662 677
662 752
663 703
663 716
666 730
667 707
667 739
668 673
668 731
668 741
668 755
669 757
670 691
670 739
672 760
673 730
674 683
674 719
675 685
675 698
675 726
676 702
677 717
677 745
679 724
679 764
681 689
681 708
681 772
681 780
683 730
684 753
684 758
685 725
685 745
687 779
689 717
690 762
690 770
690 789
691 771
691 782
693 746
694 784
695 697
695 739
699 747
699 781
700 716
700 775
701 768
703 713
703 719
703 721
703 724
703 751
704 749
704 800
705 771
705 791
707 746
708 722
709 714
709 723
710 759
718 728
718 783
719 781
719 794
720 734
722 792
722 802
724 743
726 731
727 751
727 821
728 770
728 825
729 801
730 818
731 753
732 796
732 820
733 790
733 810
734 763
734 765
735 767
736 814
737 743
739 777
739 795
739 833
740 750
740 793
740 814
740 836
741 786
744 774
744 782
744 807
746 837
747 763
747 766
747 829
748 768
748 829
749 811
750 756
750 803
750 839
751 770
751 797
751 821
752 776
752 778
753 784
755 792
755 832
759 795
760 844
761 776
762 862
765 813
765 817
767 768
768 809
768 811
768 833
771 796
771 849
771 855
772 833
772 841
774 814
774 846
776 820
776 829
777 800
778 810
778 818
779 788
781 788
781 839
782 788
782 848
782 875
787 825
787 836
789 852
789 863
790 791
791 811
792 827
792 878
794 803
794 857
794 884
795 797
795 825
796 878
796 888
798 878
801 833
801 879
802 825
802 890
803 845
803 855
804 810
804 850
804 872
804 900
805 806
805 887
806 833
808 836
809 820
810 880
811 824
811 876
812 846
812 869
812 875
814 890
815 851
816 825
817 844
817 870
818 912
819 842
820 874
820 891
824 830
825 912
826 831
827 855
828 881
828 884
829 892
830 924
831 846
831 857
832 859
833 886
833 911
835 933
836 935
838 855
839 865
839 866
841 917
842 901
843 896
844 902
845 899
845 933
846 946
847 916
847 946
848 925
849 885
851 897
851 951
853 879
853 948
856 868
856 943
857 945
857 947
859 937
859 958
860 922
861 891
861 938
862 927
863 911
865 898
865 955
866 909
867 883
867 885
867 897
868 878
868 913
868 917
868 942
870 914
870 943
870 967
872 912
873 951
874 901
876 899
876 935
878 898
878 917
878 957
880 904
880 967
881 940
882 952
883 953
884 953
885 961
886 910
887 901
887 961
888 938
889 892
892 957
892 990
893 938
893 950
896 917
897 971
898 906
898 985
900 976
901 932
901 960
902 912
904 965
905 936
905 973
907 940
907 985
908 916
908 948
908 982
909 920
912 922
913 981
914 925
914 941
914 956
914 996
915 978
915 996
917 924
918 972
918 979
919 980
921 928
921 942
921 988
923 959
924 998
927 975
929 949
931 960
932 943
933 987
934 936
937 980
940 987
942 977
942 995
944 955
944 985
946 977
946 981
947 978
951 961
952 957
957 985
957 987
959 998
962 987
963 968
966 999
973 974
973 997
979 992
982 989
982 996
987 997
989 995
991 998
5 43 2 27 0 7 15 4 6 7 3 18
2 7 7 2 11 2 4 3 3 5 20 2
0 16 5 12 16 3 17 2 23 4 10 2
1 9 2 4 9 1 2 11 33 17 22 18
0 6 10 4 7 3 7 7 1 2 8 5
4 9 12 25 3 7 1 11 1 21 16 1
9 7 6 10 10 6 16 7 10 12 0 11
1 13 18 8 20 19 13 1 5 7 18 34
16 3 24 25 12 12 2 5 2 16 8 16
35 25 18 3 24 10 9 5 11 12 4 18
0 13 3 6 11 5 4 3 3 8 0 2
7 0 2 3 14 11 12 2 7 4 17 4
14 6 10 2 4 0 1 4 3 0 4 6
13 1 1 12 14 10 7 10 1 14 9 1
3 16 8 17 4 12 12 1 4 22 1 15
6 1 5 7 0 3 3 2 9 7 12 6
21 12 18 6 33 13 17 11 15 2 11 21
11 0 3 3 2 14 3 16 6 3 4 3
3 0 1 2 11 3 0 10 7 5 9 3
14 1 8 2 4 5 11 14 3 14 3 12
8 5 5 9 7 8 1 3 6 3 8 11 11 14 1 8 1 10 16 8
16 19 21 20 18 12 9 13 3 3 23 12 17 11 13 20 3 9 21 9
50 42 40 34 44 33 32 29 31 17 48 48 53 34 39 58 21 49 50 30
3 4 2 5 4 1 1 1 1 1 1 4 10 4 1 8 1 6 10 4
39 59 33 46 58 47 23 25 34 8 52 48 64 36 35 60 14 59 63 40
29 32 12 34 35 32 13 8 21 5 35 27 42 31 24 38 3 47 44 35
31 56 31 37 53 55 22 31 31 15 62 37 45 46 33 47 5 44 59 24
17 24 16 22 28 15 15 9 13 14 27 21 39 16 16 27 9 31 33 30
31 40 29 49 43 27 28 21 10 20 43 31 49 25 24 48 18 45 53 42
12 12 13 16 14 10 7 8 4 1 17 6 10 11 9 10 1 7 14 5
38 56 35 46 59 49 23 38 43 21 50 51 65 43 34 65 25 60 62 38
31 30 28 19 35 20 26 23 28 20 44 17 43 22 36 26 7 17 29 24
9 32 16 25 24 20 7 4 17 4 28 28 33 31 6 30 2 33 42 22
33 51 42 44 39 30 21 20 22 18 50 40 43 34 25 47 6 32 55 29
17 28 21 13 32 11 4 17 9 4 20 25 32 17 10 26 11 28 32 18
38 57 39 37 51 44 21 23 24 19 60 50 60 46 30 52 18 63 61 33
32 40 31 30 45 39 20 8 7 5 44 23 47 23 27 34 3 37 41 29
19 24 19 14 18 26 11 13 14 9 33 15 32 18 23 22 3 24 22 16
21 6 12 7 12 9 15 3 13 12 24 8 22 17 19 16 4 20 19 15
37 29 19 29 46 39 31 11 40 21 45 17 56 35 39 45 12 52 44 45
24 14 23 7 28 7 14 12 10 10 29 16 25 17 19 19 13 28 28 16
38 38 42 27 39 30 28 24 25 19 59 32 42 34 40 35 9 33 43 18
4 1 1 1 1 3 1 1 1 1 1 2 6 1 3 8 1 6 1 2
4 2 2 4 1 4 1 2 1 1 4 4 10 2 4 9 1 8 9 5
14 19 13 7 13 17 8 12 13 9 20 15 22 13 17 16 1 14 14 13
14 23 16 23 22 15 10 4 14 4 23 20 32 19 6 24 9 26 35 15
29 60 40 34 62 48 24 26 28 10 48 47 63 43 22 51 19 52 63 43
3 5 7 4 5 4 3 6 1 1 10 3 5 3 7 4 1 1 3 1
39 41 25 37 47 40 14 19 24 4 40 31 50 24 30 38 10 47 47 31
15 12 9 17 8 13 8 3 9 3 16 13 17 16 6 16 3 18 22 8
43 42 32 35 49 23 29 28 17 28 46 42 59 29 23 45 31 56 50 42
30 24 26 16 33 10 22 12 15 22 34 19 47 13 19 26 22 39 38 23
41 51 50 45 47 37 32 42 26 24 52 51 45 34 41 43 21 36 54 22
23 50 34 25 51 36 16 25 13 8 47 45 46 30 18 43 15 50 57 27
5 13 8 1 13 12 5 4 8 1 18 15 20 19 11 10 1 18 16 15
33 32 28 35 29 21 29 14 15 13 41 35 39 33 31 37 6 42 46 33
35 41 33 34 32 30 29 20 25 27 46 27 51 23 29 40 10 26 40 25
16 14 12 7 17 12 9 7 5 6 18 7 30 6 19 17 4 15 10 17
14 25 18 18 27 16 9 5 4 5 22 13 30 15 7 16 6 17 26 19
22 31 21 25 28 24 18 4 16 16 44 31 40 35 17 33 6 48 46 25
13 16 11 16 14 23 6 9 10 4 22 4 19 10 15 20 1 19 20 9
7 10 7 8 8 10 5 6 11 3 13 12 19 8 9 17 4 15 16 8
31 49 33 46 43 34 26 28 37 24 49 48 48 44 34 51 8 42 58 30
7 8 11 11 7 2 4 9 2 1 15 12 8 9 10 9 1 7 12 4
6 8 7 3 8 5 1 7 5 4 7 11 12 9 7 9 4 7 9 7
10 14 15 7 17 6 9 14 14 7 17 20 18 15 14 18 6 13 16 12
37 62 35 56 55 50 33 17 30 23 59 55 71 52 31 73 12 70 74 54
5 6 6 6 6 3 3 6 4 3 7 10 9 6 5 11 1 11 13 9
43 52 28 38 53 50 22 28 42 21 49 41 66 37 42 53 13 55 49 40
37 68 54 52 67 51 38 34 30 10 60 59 63 46 33 58 20 53 75 44
7 18 11 11 12 19 3 3 8 2 22 15 20 18 7 13 1 18 23 7
21 31 17 26 29 24 11 10 21 9 31 30 40 30 15 30 11 40 42 29
36 57 38 59 51 37 41 29 24 19 59 53 50 42 33 59 15 59 70 46
19 38 23 20 35 31 16 13 16 12 36 27 41 30 19 24 5 23 38 27
46 58 43 45 66 35 37 28 38 30 68 49 77 44 34 63 26 67 76 53
3 6 1 2 9 1 7 1 5 5 8 10 17 8 5 6 1 15 12 16
1 3 1 3 1 6 1 1 3 1 6 3 6 5 1 5 1 6 11 3
4 15 10 10 17 1 2 9 1 6 12 18 20 4 4 12 11 18 20 11
49 55 52 40 55 26 47 42 31 19 61 64 57 44 40 63 29 59 60 41
31 35 25 25 27 26 16 25 23 13 39 29 36 26 30 29 5 25 32 18
6 8 9 11 10 11 6 8 8 1 14 8 9 10 9 11 1 10 18 8
15 26 7 17 18 27 4 5 20 3 26 20 29 31 8 25 1 32 36 16
16 14 14 13 13 12 8 9 9 1 21 17 11 25 11 15 1 18 18 13
27 56 35 54 52 53 33 34 38 8 52 42 52 42 35 61 10 51 64 40
49 51 40 36 63 57 34 35 46 29 68 42 65 53 56 59 16 65 66 48
17 19 11 21 17 21 9 5 6 6 20 7 30 7 17 21 1 23 22 18
45 47 20 30 52 49 30 24 36 17 49 37 66 35 42 47 16 60 50 48
27 27 22 27 29 25 21 11 16 1 31 29 28 36 24 32 3 33 38 29
13 29 13 21 29 22 3 14 20 13 26 26 38 18 12 33 11 37 35 20
1 6 6 12 6 2 1 2 1 1 9 1 9 1 2 4 1 1 11 1
12 17 2 7 13 19 8 9 16 6 19 13 23 16 15 14 1 20 20 19
23 43 27 30 42 35 5 20 14 12 41 29 40 21 15 34 14 40 47 14
22 37 22 29 35 30 11 9 17 6 34 23 46 17 24 35 4 35 36 23
17 23 9 10 17 27 10 13 18 6 25 13 30 18 20 19 3 22 21 18
3 4 4 7 6 1 1 4 1 1 6 7 8 5 2 2 1 6 9 3
22 23 25 16 25 10 15 12 4 7 25 22 28 17 6 23 17 23 29 11
19 26 17 10 26 21 22 13 24 11 27 30 38 25 21 30 9 31 25 24
11 13 12 17 14 14 9 11 8 4 20 10 16 7 14 14 4 13 20 9
42 58 55 45 64 43 39 14 24 26 72 52 71 58 36 58 22 74 80 48
8 37 22 27 31 26 12 6 11 11 37 23 40 21 5 34 6 35 43 21
20 35 23 33 29 30 16 7 16 16 33 22 40 21 14 37 10 32 42 30
14 22 20 16 18 14 9 13 11 6 24 14 24 15 13 18 1 7 19 11
12 14 16 10 18 13 11 6 4 6 22 6 22 10 13 12 4 15 12 11
5 2 1 2 3 4 4 1 1 1 7 1 6 5 4 2 1 1 3 2
23 28 23 26 22 22 18 7 12 5 37 18 29 27 17 22 1 26 32 20
20 41 33 14 41 36 21 18 20 11 45 41 41 42 25 28 8 40 40 26
14 13 10 9 15 15 3 6 5 1 11 6 23 9 13 19 2 10 9 12
2 5 5 1 1 1 1 4 1 1 4 6 6 4 3 6 1 1 4 1
43 63 44 47 61 46 29 35 25 13 60 48 64 28 44 61 14 57 61 43
42 52 35 39 56 33 23 30 22 24 56 34 65 16 38 51 15 46 51 31
23 26 20 18 28 20 14 21 16 9 33 19 33 20 26 21 6 19 25 21
21 23 22 24 18 16 5 14 7 7 23 23 24 17 16 27 4 24 32 17
30 45 35 31 47 47 21 15 28 12 47 30 53 37 28 43 13 42 49 36
27 62 36 52 56 44 28 36 45 22 56 49 58 45 32 56 17 41 64 38
15 35 28 17 29 22 11 19 14 7 28 34 27 21 17 32 1 22 35 12
25 22 23 24 28 16 24 18 12 8 32 30 23 22 25 25 6 31 37 21
28 33 29 26 33 26 14 26 23 17 28 30 39 19 29 41 9 23 35 22
60 46 56 34 62 39 41 21 21 21 66 43 61 43 43 61 24 66 67 45
25 23 21 18 27 16 13 13 11 5 21 20 35 8 23 34 9 27 20 20
28 33 27 32 35 21 24 14 7 14 39 33 34 32 26 25 14 35 37 31
19 29 16 19 26 17 19 13 25 18 31 26 41 20 20 32 5 33 31 24
13 22 16 12 24 26 2 7 8 1 22 13 29 13 13 20 5 27 25 14
47 76 57 49 77 55 41 29 30 37 81 57 91 51 35 71 31 76 78 56
3 10 10 3 6 7 2 5 1 3 10 10 7 8 4 7 1 9 10 5
44 43 36 25 47 32 35 32 31 28 55 27 50 30 45 37 8 20 38 33
31 52 33 58 44 31 35 23 21 36 58 44 60 42 28 60 19 56 65 51
20 27 27 18 24 16 15 24 18 17 28 28 27 19 24 25 11 15 29 14
12 40 22 27 41 32 19 21 28 7 25 40 50 36 21 41 23 45 43 40
6 8 5 7 8 6 1 1 2 2 10 7 6 11 1 3 1 8 10 5
35 50 34 39 46 30 31 29 37 37 67 43 55 46 38 45 16 53 58 41
16 32 21 28 28 26 1 16 18 6 33 19 32 23 15 28 3 26 33 7
19 31 21 29 26 15 12 13 21 11 26 34 38 23 13 37 8 36 40 20
32 68 49 60 62 41 48 26 37 34 74 58 73 58 33 63 25 65 80 60
25 23 21 16 24 14 12 12 10 9 24 27 38 18 12 31 15 38 37 21
33 38 37 27 51 39 33 21 35 19 51 31 49 39 37 40 16 47 53 37
20 26 21 16 30 8 10 14 8 8 26 25 36 16 6 24 14 29 34 19
49 62 58 51 55 50 34 39 28 4 64 51 53 44 41 56 15 47 66 36
12 15 10 14 16 16 9 8 16 5 26 13 26 19 15 18 3 23 21 15
7 2 4 1 7 3 5 1 1 1 7 5 10 5 5 3 4 9 7 3
42 72 48 57 61 46 42 30 40 28 72 61 72 57 40 65 15 58 75 51
26 45 38 29 44 38 18 23 10 10 46 49 39 36 25 48 6 47 54 30
51 70 56 54 67 48 38 46 32 35 70 65 75 41 48 73 30 67 75 44
26 38 22 19 35 27 17 24 26 20 46 30 45 26 32 26 6 35 37 29
19 30 25 29 26 17 14 11 10 13 29 23 31 21 13 23 6 15 31 22
45 44 27 17 48 32 32 38 31 29 45 42 58 35 31 41 31 51 45 42
6 15 10 16 14 11 3 5 6 3 16 13 17 13 6 11 2 16 26 11
24 22 24 19 25 5 14 12 4 10 30 19 34 8 14 19 10 29 33 12
21 20 21 23 16 12 14 16 1 7 28 20 11 12 20 16 1 15 24 10
22 34 19 18 30 32 10 20 25 16 40 20 42 23 30 31 3 31 29 20
30 55 34 37 56 28 30 23 36 27 55 43 70 35 25 49 18 49 60 38
11 20 19 19 18 16 9 8 3 2 24 7 20 7 11 15 2 11 24 10
26 38 31 28 41 44 20 10 14 1 41 24 40 26 26 45 1 36 44 31
11 16 16 11 20 21 4 1 3 1 15 7 25 13 4 19 2 15 18 13
51 57 37 42 50 43 39 27 37 28 64 45 68 46 46 55 10 49 56 42
41 47 31 37 44 42 22 30 36 20 57 33 53 35 42 51 4 40 49 35
25 22 27 15 19 21 17 6 11 8 36 29 30 31 20 34 1 37 35 21
14 10 10 12 13 9 11 5 6 6 19 10 18 15 12 14 3 14 15 14
2 11 8 5 8 8 4 3 1 4 10 9 12 8 5 4 2 9 10 5
35 42 34 44 34 18 36 13 8 25 46 38 44 28 26 42 16 35 47 40
23 27 21 9 27 20 12 13 9 6 25 20 40 16 14 28 13 31 30 23
5 5 3 10 1 2 1 1 1 1 9 6 11 2 3 7 1 7 13 1
39 52 39 35 47 28 29 33 31 19 50 53 56 37 22 55 24 56 59 34
27 51 28 39 48 33 11 25 29 20 47 31 55 27 25 39 6 30 48 24
36 66 44 61 62 38 35 29 30 25 61 57 67 39 23 68 28 58 78 44
38 59 47 26 53 47 34 37 27 16 63 53 47 45 47 47 1 44 53 36
26 37 32 26 36 41 18 14 8 6 42 19 41 21 27 38 1 30 38 26
12 25 15 27 24 20 4 12 14 4 25 12 27 17 11 19 3 17 31 13
22 30 25 32 32 27 15 20 13 1 39 22 30 21 25 27 1 26 37 15
46 40 38 33 41 37 27 20 18 11 53 30 46 24 43 42 6 45 44 24
17 20 25 14 16 1 6 9 1 1 22 20 19 12 6 19 8 19 21 2
69 63 68 43 70 45 50 52 35 37 76 54 71 44 58 64 34 54 66 43
40 40 33 30 45 22 26 18 34 28 50 40 64 35 33 54 16 56 56 35
9 8 11 4 10 2 7 9 7 5 13 13 15 7 12 14 3 8 8 6
13 29 17 23 28 13 13 18 14 16 28 33 38 19 11 30 21 35 38 25
26 49 40 32 53 41 41 5 32 23 53 39 62 48 25 49 10 54 63 50
19 56 37 49 55 33 35 18 25 39 63 38 65 44 25 50 21 53 64 51
34 60 48 46 54 38 26 21 7 14 62 50 58 36 24 53 17 60 68 27
45 39 34 44 46 39 34 11 28 14 53 27 56 36 39 50 10 53 53 43
19 44 31 30 40 37 24 15 23 3 42 41 41 49 17 41 7 45 53 33
24 45 36 36 39 31 21 23 24 22 43 27 47 24 23 39 12 23 43 19
6 2 2 5 1 1 3 1 1 1 6 6 5 7 1 3 1 5 10 1
15 18 18 16 24 14 18 7 9 10 24 12 30 15 14 18 7 16 22 23
2 4 3 1 3 2 3 3 6 1 3 11 6 10 3 12 1 9 10 8
13 23 10 8 21 22 9 5 5 11 26 17 29 18 13 18 5 28 20 21
5 15 4 19 15 9 3 5 5 6 18 10 23 6 5 11 5 18 22 9
12 22 16 21 17 19 5 10 14 4 21 22 20 22 8 22 1 26 36 14
33 61 40 59 55 54 35 28 32 8 60 58 50 57 36 63 5 63 75 40
35 48 43 34 49 39 28 27 20 5 54 47 40 47 34 44 6 48 55 31
13 25 19 6 26 21 2 13 15 2 22 25 32 22 7 23 12 31 30 12
10 11 10 9 13 11 6 8 4 2 17 4 6 9 11 6 1 4 10 6
8 33 11 23 25 23 13 15 24 10 24 33 40 22 10 39 13 39 38 28
15 21 21 18 19 12 16 9 8 9 23 16 25 14 13 24 6 12 22 21
7 18 10 17 20 13 1 8 4 3 16 12 22 2 7 15 6 19 24 7
5 13 8 11 12 17 4 4 13 1 20 7 13 15 7 14 1 16 20 9
8 10 11 7 5 7 5 10 6 3 15 9 11 5 11 13 1 7 11 5
23 23 12 10 20 15 11 13 20 11 29 29 36 22 21 23 3 30 28 21
37 50 43 33 48 40 25 30 26 13 55 39 46 33 36 45 6 27 50 24
13 25 11 24 26 19 9 8 14 16 33 11 34 16 16 20 4 29 32 19
7 10 12 14 11 5 1 8 1 1 12 5 7 5 6 9 1 3 14 1
41 61 34 27 67 41 34 38 32 29 63 58 66 47 36 47 25 64 70 48
40 65 47 42 65 35 38 50 36 25 57 64 62 37 32 63 30 54 67 38
36 45 38 42 41 16 35 20 8 22 50 47 54 33 30 53 15 51 51 48
26 44 30 27 39 30 22 15 13 14 51 37 40 39 21 34 6 44 48 35
20 22 25 23 19 19 4 17 5 1 25 19 17 12 16 25 1 15 27 2
9 19 11 21 20 6 16 6 10 5 19 27 26 20 9 18 6 29 32 22
7 27 16 28 22 23 6 9 16 7 28 13 24 22 9 20 1 22 36 13
14 26 16 16 19 26 7 8 21 8 25 21 33 23 16 38 1 32 31 16
22 22 12 15 21 22 11 13 16 4 22 19 27 24 18 27 1 22 26 26
22 46 31 23 46 25 14 27 17 16 47 49 49 38 11 39 22 53 57 29
18 30 25 19 29 36 13 15 10 1 38 21 25 23 20 28 1 28 33 13
13 15 17 12 15 13 5 15 5 5 17 13 15 9 14 14 6 10 17 6
26 44 22 25 43 39 20 19 35 20 44 35 56 34 31 42 10 52 43 39
43 74 56 48 71 70 42 26 38 26 76 50 70 52 46 63 14 56 72 46
6 18 15 11 17 8 3 12 14 3 14 15 21 12 11 19 1 9 20 11
21 27 19 13 23 24 12 11 19 8 26 26 41 20 19 37 9 39 31 19
22 22 22 23 17 12 13 13 7 6 29 17 19 16 20 20 1 16 25 13
14 16 17 12 12 7 12 4 4 6 18 9 20 3 11 19 1 1 13 9
29 44 31 32 50 46 21 23 33 23 57 29 51 41 35 33 13 46 50 29
27 30 18 12 34 26 22 22 24 17 40 29 38 35 31 20 11 36 35 31
32 33 33 26 39 19 25 10 16 23 43 25 51 23 19 33 20 42 49 33
26 34 18 27 30 24 17 24 20 22 45 30 44 26 27 30 12 40 38 34
35 25 31 24 34 21 23 7 17 11 40 21 44 29 31 37 8 42 43 35
39 44 19 19 41 36 26 37 29 30 52 37 46 33 42 33 16 39 42 39
13 12 7 12 13 10 11 6 9 12 18 20 23 17 13 13 8 22 22 20
18 21 24 22 17 11 5 17 8 5 23 20 16 15 15 25 1 13 26 11
30 50 42 32 49 9 28 36 12 30 53 50 53 26 27 44 26 48 54 35
25 38 27 24 38 25 13 28 18 10 36 30 38 22 28 26 9 23 38 22
20 24 24 18 26 25 15 7 9 7 26 15 35 16 14 26 9 23 27 20
35 40 33 29 37 26 34 17 25 17 45 42 48 38 30 48 7 48 48 41
23 24 17 17 24 11 13 14 16 9 32 27 32 24 24 19 2 29 31 25
27 47 40 39 52 15 44 32 31 43 56 45 65 36 38 57 27 54 59 51
24 18 21 4 23 25 18 6 19 13 32 22 38 28 25 33 5 38 29 26
11 18 19 4 13 12 7 12 8 7 20 17 18 14 12 17 1 7 14 1
27 15 14 16 9 12 13 6 3 4 21 14 23 10 22 26 1 20 17 15
1 10 5 11 10 2 1 5 1 6 8 8 10 3 2 2 3 7 13 7
35 55 37 40 60 53 39 15 45 30 60 44 80 52 38 69 17 67 68 57
5 11 14 8 12 11 3 7 3 1 12 9 14 10 5 9 5 10 12 1
25 29 26 11 28 17 6 18 12 3 30 32 35 27 12 30 12 34 36 17
11 25 13 23 24 9 13 9 15 9 22 31 29 24 10 27 7 26 33 25
41 60 33 34 54 47 34 40 37 17 59 56 52 48 42 54 6 50 63 40
17 20 16 23 19 15 11 7 8 7 25 17 23 17 12 13 7 22 26 13
12 24 18 18 15 21 2 13 11 1 28 14 19 19 12 13 1 15 24 6
3 9 9 11 9 12 4 8 6 1 13 5 10 8 7 7 1 8 15 4
35 69 46 34 72 57 47 27 47 22 69 57 85 61 37 65 21 73 77 61
29 37 24 30 34 31 17 20 17 11 41 25 33 28 23 26 4 28 42 26
6 11 9 8 9 7 1 7 7 4 7 12 17 10 7 12 3 7 15 8
12 24 15 22 25 10 10 16 9 13 27 25 33 8 14 21 14 31 36 21
10 30 20 26 29 20 11 23 7 10 30 26 22 16 16 25 7 22 34 20
29 37 27 37 37 25 16 21 13 18 36 30 45 22 21 42 10 33 40 35
28 35 29 23 33 17 34 14 29 15 44 37 41 42 29 38 7 38 42 36
43 42 42 36 40 23 32 22 12 15 52 34 41 26 37 41 4 27 40 29
37 68 44 58 63 47 33 26 45 22 59 55 70 54 32 63 20 56 74 49
18 27 22 17 20 17 16 17 20 15 25 23 32 19 20 29 8 13 27 15
36 44 37 33 42 42 30 17 18 8 46 49 46 54 33 53 9 54 48 40
16 15 10 19 13 13 10 10 9 6 25 10 18 8 17 16 1 18 25 11
14 22 15 13 23 12 7 12 10 1 25 20 23 22 14 17 2 20 26 16
53 65 52 38 66 59 37 41 42 25 72 58 69 53 53 64 16 64 69 40
9 20 20 11 18 16 3 5 3 1 25 21 25 17 2 20 6 27 29 1
36 50 36 41 53 44 18 31 26 15 48 29 55 19 37 54 10 37 45 25
29 49 50 28 46 31 27 19 13 9 53 46 46 41 15 42 18 51 59 22
37 28 20 16 34 32 20 17 26 14 39 17 52 23 37 31 12 40 29 31
40 44 33 42 38 33 34 18 17 25 53 41 52 42 37 43 15 53 53 46
8 19 15 16 18 13 5 3 3 1 15 7 25 6 4 13 4 14 22 8
16 39 34 19 36 21 9 22 12 14 36 38 34 24 19 27 11 25 37 11
62 62 59 35 67 45 50 26 37 33 67 56 83 45 49 72 26 62 68 53
18 23 14 19 23 25 9 2 13 1 25 12 35 20 9 25 4 25 30 19
47 49 40 37 53 34 46 32 34 16 54 56 65 47 40 63 31 69 57 53
10 8 8 5 13 14 5 6 7 1 12 9 21 8 12 14 6 16 11 10
15 21 18 19 19 10 9 3 1 3 26 23 18 22 10 15 3 27 29 15
34 32 32 21 30 6 23 13 5 15 38 35 42 21 14 36 13 38 43 28
61 66 47 39 70 56 41 40 34 15 68 54 71 44 57 65 10 64 67 54
31 44 26 23 37 43 16 29 32 19 50 26 44 30 38 38 4 31 37 22
23 33 20 26 31 36 8 12 22 10 30 15 46 24 20 38 6 29 32 25
34 44 32 38 40 40 25 24 24 5 49 33 36 36 28 41 1 38 54 30
25 24 17 7 26 13 16 17 13 13 29 27 34 24 15 18 18 32 29 23
31 37 41 15 49 28 25 23 23 27 52 36 53 35 33 33 27 48 49 35
28 28 28 22 25 16 13 21 13 12 32 31 31 17 23 29 8 26 33 12
49 62 41 44 60 44 40 22 29 18 65 56 67 52 48 62 6 64 63 55
16 14 19 17 13 8 12 7 2 3 24 18 13 20 13 15 4 21 22 10
32 49 28 30 41 31 17 23 35 14 43 45 55 44 26 49 12 49 55 32
6 13 8 12 11 12 6 6 12 6 12 16 22 12 8 18 6 20 21 13
28 64 45 55 63 37 44 46 38 30 58 57 65 38 36 63 31 43 65 48
30 19 19 19 21 22 16 16 20 10 29 25 30 21 26 36 5 26 25 18
16 8 5 11 6 14 9 5 8 5 19 9 20 10 14 17 2 19 16 9
34 70 54 57 62 49 34 26 23 13 64 65 61 53 31 69 11 65 80 40
23 31 32 27 28 32 15 12 11 1 41 30 29 33 20 35 5 37 41 15
21 15 20 11 18 7 15 12 4 8 25 21 22 15 13 14 14 24 21 10
52 57 48 43 58 53 34 38 34 10 57 44 50 39 53 60 4 40 52 40
5 8 7 7 6 8 2 3 2 2 7 4 11 7 1 7 1 7 11 4
4 7 7 6 5 7 1 5 1 1 7 3 8 4 3 5 1 6 10 3
18 15 11 11 14 19 7 5 10 1 16 13 30 8 18 28 4 27 20 15
10 36 17 17 32 21 5 16 26 15 31 30 44 22 14 31 11 34 35 20
30 42 32 31 42 43 24 28 22 8 51 29 41 31 36 28 4 37 44 25
13 17 17 20 21 13 6 11 3 5 20 17 17 11 11 9 7 14 25 6
36 46 31 40 52 44 27 26 31 35 62 35 54 40 41 50 17 58 60 45
15 31 27 17 29 16 12 14 14 11 31 28 34 24 18 24 8 25 31 22
40 57 55 33 48 43 28 20 26 16 55 53 64 43 26 66 17 52 64 30
10 37 27 23 31 27 14 9 14 11 39 38 41 30 13 35 7 40 45 23
45 61 45 48 62 58 40 21 40 30 68 46 76 50 44 71 10 64 68 52
14 47 26 40 45 23 19 28 16 29 45 34 54 26 17 41 28 48 48 30
49 68 35 35 61 55 37 43 56 36 63 62 73 61 45 67 24 63 71 50
49 63 37 52 63 44 34 30 36 33 65 52 81 39 39 70 24 75 73 55
24 33 15 18 31 28 8 16 18 6 30 31 27 34 18 28 1 35 40 27
14 16 20 14 17 11 6 5 1 1 20 18 16 18 6 16 6 22 25 5
44 60 37 40 60 39 34 47 33 35 61 53 65 41 42 57 25 44 60 47
22 29 17 22 32 26 18 18 25 4 33 32 31 33 23 29 6 35 40 26
25 27 15 13 24 27 11 23 18 8 38 19 26 21 28 19 1 21 26 15
41 37 25 10 40 25 29 32 30 26 50 37 48 35 40 29 15 35 37 28
13 18 19 12 13 10 9 12 14 8 20 23 24 16 14 21 6 17 23 7
7 5 6 8 2 2 1 1 1 1 8 9 7 12 1 12 1 11 16 5
19 30 23 17 33 24 13 15 11 4 33 12 29 18 19 16 6 17 24 18
28 36 31 34 36 38 10 14 9 1 37 23 38 19 24 40 3 34 41 14
49 49 49 40 55 33 42 13 21 19 56 45 60 49 35 52 16 60 65 51
50 50 37 54 48 53 33 22 26 6 59 41 47 42 50 61 1 53 58 39
15 12 12 13 9 7 3 6 9 3 14 19 22 12 9 25 1 18 22 10
23 22 16 21 18 6 14 14 5 16 28 28 30 14 18 30 7 29 25 23
28 22 25 25 26 18 17 10 5 7 26 22 33 18 19 33 8 28 30 25
12 20 23 20 24 14 9 15 3 1 21 11 19 4 15 17 5 5 21 5
13 8 10 2 6 13 2 6 2 2 10 8 11 6 12 15 1 13 6 7
22 21 20 26 24 9 22 3 14 7 32 21 34 24 19 26 2 34 40 26
54 76 55 36 76 62 46 37 37 39 79 59 81 54 55 62 26 63 72 60
7 11 13 11 15 9 3 8 1 1 13 10 11 10 6 4 7 10 17 4
47 59 51 48 53 54 37 21 22 6 61 55 55 48 45 69 1 61 69 42
33 47 47 21 53 32 38 10 32 30 57 43 63 44 37 51 13 52 55 45
6 18 13 10 16 11 6 5 10 2 13 16 23 16 5 21 1 16 23 15
13 23 18 5 22 9 8 12 14 9 19 27 26 18 13 22 6 22 22 15
4 2 1 4 6 7 1 2 5 1 7 6 8 13 2 2 1 6 10 5
16 24 20 18 17 22 16 3 10 10 34 29 30 28 9 26 3 38 39 20
35 75 55 59 66 53 33 29 23 25 77 59 67 48 35 64 13 59 80 41
17 29 18 29 29 26 11 18 25 5 30 26 30 27 18 33 5 27 37 17
37 52 52 34 48 35 24 29 17 18 50 43 57 34 15 53 26 49 58 27
24 64 43 35 59 53 30 27 44 20 55 52 67 53 31 59 13 53 62 36
60 57 50 35 59 54 42 36 26 16 73 55 57 55 59 60 3 63 60 47
18 64 35 52 64 51 30 34 38 20 62 59 63 51 29 59 26 68 76 45
7 17 16 12 16 13 6 6 2 3 20 11 15 15 8 8 2 12 19 6
28 42 21 34 49 28 23 14 29 23 49 29 59 32 24 35 12 44 55 42
20 31 25 21 36 25 20 11 22 12 39 21 41 32 23 25 4 33 43 32
15 22 13 11 18 20 5 13 16 7 23 26 25 28 15 17 5 24 28 19
12 20 22 16 18 5 5 14 4 5 20 15 22 6 13 14 5 8 19 4
6 17 12 18 15 15 3 7 8 4 16 9 18 14 6 7 1 11 22 8
29 45 38 35 43 31 24 19 17 17 55 37 46 30 28 44 6 45 59 30
10 14 12 13 12 11 9 1 9 2 19 19 24 20 5 19 3 26 29 12
36 52 31 35 45 42 34 14 21 19 61 49 60 52 32 48 8 65 63 48
7 8 3 8 10 13 3 5 11 1 13 4 13 11 6 6 1 7 11 6
17 8 11 10 9 10 4 9 4 4 12 15 13 13 11 18 1 17 14 11
34 70 36 47 71 51 39 37 36 22 64 59 70 51 31 58 25 60 78 56
12 6 8 7 11 12 4 7 1 1 10 3 8 4 11 11 1 10 7 7
24 37 28 25 30 31 16 15 23 10 42 25 39 29 20 34 2 22 36 20
12 8 13 11 11 7 8 7 4 1 17 15 8 17 8 13 5 14 14 6
20 26 20 17 33 9 20 11 13 18 34 36 39 27 13 24 18 46 43 30
27 25 19 26 26 25 18 10 7 10 28 11 33 9 25 28 1 27 29 29
20 51 44 31 49 28 21 17 14 19 44 45 52 30 16 44 22 41 55 33
24 34 24 21 31 21 18 18 22 20 42 21 42 20 28 26 6 30 33 30
35 35 19 11 36 26 23 22 25 13 39 40 43 39 21 36 17 47 46 29
22 33 30 21 34 34 12 14 14 3 34 22 35 25 23 40 1 27 35 25
54 56 35 30 55 47 39 35 43 26 59 53 69 49 43 64 22 57 62 51
32 36 37 26 36 23 18 32 17 9 34 37 36 17 30 43 12 25 40 11
48 53 46 51 59 32 43 32 16 26 59 54 59 41 45 59 22 69 68 53
33 32 23 26 34 40 26 10 23 10 41 26 48 26 34 40 4 50 38 34
13 5 5 4 6 7 10 3 4 6 16 7 11 12 12 8 1 13 8 10
19 13 16 18 17 13 9 5 4 1 19 13 19 17 12 20 5 20 18 12
25 43 23 16 37 23 13 26 19 17 44 39 50 22 21 32 15 40 40 23
6 13 16 5 10 13 5 10 6 4 18 12 10 11 10 10 1 8 11 1
18 49 28 38 44 32 14 27 35 29 43 37 55 33 25 42 16 38 47 31
16 20 19 17 19 16 11 11 9 7 24 13 28 14 16 19 6 16 21 15
5 15 11 4 18 13 3 7 10 1 15 14 18 18 8 8 6 17 15 11
7 7 9 4 5 10 1 1 2 1 13 15 10 16 3 13 1 17 20 6
30 45 29 29 41 32 20 18 25 22 46 25 58 22 24 42 15 34 40 27
20 23 26 31 23 14 16 11 10 4 28 22 25 22 14 30 5 22 37 19
6 9 12 9 14 6 3 5 1 1 9 7 14 7 6 10 5 9 11 3
50 39 38 39 51 36 34 23 23 7 50 38 49 32 48 50 5 50 49 40
44 49 31 31 52 38 28 32 24 13 50 46 54 35 41 47 7 50 55 42
3 7 6 8 9 5 3 5 2 2 8 5 12 4 4 5 3 6 11 5
42 60 51 41 52 29 33 31 20 26 61 67 63 48 22 64 31 71 72 41
19 49 25 23 44 39 16 20 36 21 49 45 57 44 27 40 8 50 51 32
54 50 31 36 54 38 38 21 33 10 52 51 67 45 37 57 14 70 61 53
36 43 25 22 37 30 20 27 26 18 50 43 44 37 35 41 5 44 47 34
39 52 31 32 50 38 32 40 41 27 51 52 47 45 42 46 16 38 52 41
27 44 39 37 37 25 12 26 13 9 39 39 39 19 21 40 11 34 52 19
20 22 27 21 23 11 11 14 4 4 31 22 26 14 15 20 9 26 34 11
20 32 22 18 31 18 16 22 13 21 36 28 43 16 24 27 15 35 28 29
68 43 51 30 56 41 49 24 40 29 65 53 69 52 59 65 26 69 61 52
35 55 27 29 52 32 23 28 34 21 48 46 67 32 26 55 15 48 57 40
16 27 21 22 19 13 9 9 6 10 32 23 28 19 13 21 4 22 28 15
38 50 48 30 53 38 30 19 16 16 49 44 55 35 27 54 19 48 57 35
13 11 5 5 14 13 5 5 11 1 9 13 22 12 15 25 1 18 11 18
39 70 47 42 65 51 39 27 39 35 73 53 80 49 39 66 17 57 68 53
26 43 30 26 40 22 25 28 25 29 46 42 48 34 29 37 18 34 40 33
10 6 1 9 5 15 4 1 8 1 7 5 17 7 6 15 4 14 13 7
39 42 41 32 47 21 34 24 28 35 54 41 55 36 33 43 22 40 50 40
17 26 21 24 25 21 13 13 16 4 33 22 29 26 19 24 3 27 35 20
9 16 15 9 14 6 7 2 1 7 24 22 23 14 9 9 4 25 22 11
19 20 21 20 19 20 15 5 8 7 29 18 29 21 11 27 2 25 32 20
31 33 34 16 34 29 22 20 19 21 43 25 44 24 34 32 7 30 32 20
13 15 14 9 11 15 8 12 13 6 23 18 16 21 16 13 1 13 17 11
9 6 8 10 7 6 3 2 2 1 10 8 9 13 1 8 2 9 13 3
35 32 30 28 34 24 22 15 15 18 37 25 49 17 28 35 7 26 32 25
41 37 39 28 38 24 23 19 18 15 47 31 50 20 32 45 8 41 49 29
58 66 56 44 59 48 43 40 31 17 73 58 57 52 53 63 3 55 67 48
54 62 49 38 62 44 36 30 26 23 72 58 66 51 53 61 6 61 66 51
23 42 43 14 38 24 18 22 15 11 44 42 46 29 13 40 15 37 43 9
58 64 46 37 65 50 35 33 38 11 63 60 70 53 50 68 12 67 67 49
19 30 22 22 25 28 8 14 23 13 34 24 35 28 16 33 5 28 31 10
39 52 37 39 50 47 29 35 46 34 61 37 62 43 47 50 17 52 50 42
18 41 33 24 33 22 14 22 9 17 39 29 38 14 20 34 8 22 35 14
21 27 17 16 23 22 3 17 15 9 26 24 30 21 21 23 2 25 27 22
10 22 13 16 14 14 5 13 16 14 19 24 26 15 11 23 7 21 27 16
31 47 20 29 40 48 17 28 33 21 52 32 50 40 38 42 3 47 49 36
11 16 15 17 15 7 13 9 9 3 20 21 18 21 12 19 2 19 25 15
57 71 51 60 69 59 39 48 42 22 77 55 66 55 52 62 20 65 75 42
39 37 34 24 54 38 37 5 25 27 48 34 65 39 34 53 17 57 56 54
35 57 33 47 54 55 37 25 43 6 54 36 65 40 42 62 9 52 56 53
51 42 28 37 46 42 36 21 24 17 52 30 47 37 44 46 7 41 44 46
13 27 25 18 21 24 14 8 12 6 35 22 31 24 13 28 1 26 33 17
23 27 16 14 28 21 12 7 17 11 30 19 45 20 18 22 10 38 35 28
7 13 13 11 8 11 1 10 5 1 16 5 15 1 9 12 1 8 11 1
25 18 15 14 22 20 18 14 19 12 34 19 27 30 24 15 4 27 27 24
13 12 17 14 11 8 5 6 1 1 20 11 6 12 8 9 2 13 16 1
8 12 8 5 17 11 4 13 12 1 16 12 14 16 13 11 4 12 12 13
30 26 21 17 28 32 12 25 18 8 34 20 30 17 35 30 4 23 23 22
12 15 13 16 17 5 8 7 3 7 20 22 21 14 9 13 8 22 25 14
15 14 14 8 12 6 9 14 9 7 19 13 14 8 15 14 1 3 10 2
39 60 48 53 62 38 42 44 32 34 72 42 66 41 50 52 23 53 64 48
30 37 31 15 37 34 18 12 11 3 44 31 49 32 21 36 8 44 41 24
33 41 25 33 46 34 30 21 26 11 41 36 58 27 28 46 20 59 54 41
10 27 16 23 23 18 16 6 14 6 26 17 29 15 13 23 1 26 36 24
16 33 17 24 29 29 11 9 23 6 29 25 41 30 14 33 5 35 40 26
28 20 18 22 27 14 23 7 21 10 35 21 36 31 23 26 5 34 36 31
50 67 38 38 72 51 31 36 41 36 72 55 87 52 40 67 24 80 75 59
20 19 17 8 17 13 11 18 11 9 28 13 20 11 25 18 1 11 10 12
35 31 19 24 35 20 25 14 24 20 49 30 48 32 32 33 10 47 43 36
38 57 48 35 50 28 42 36 34 20 53 68 58 49 30 59 33 57 65 39
22 17 14 16 17 19 20 8 17 9 26 26 29 28 18 27 3 36 32 27
15 16 16 20 17 11 19 2 10 4 25 18 25 22 10 21 1 24 31 21
3 6 4 4 8 7 5 3 4 1 12 1 8 7 6 1 1 1 1 5
16 42 32 19 35 25 17 14 14 17 38 42 42 31 16 43 7 38 42 29
12 10 10 8 10 13 2 9 9 1 17 11 14 16 9 10 1 10 13 5
8 19 12 13 19 16 9 5 11 8 24 11 29 14 13 12 2 22 22 16
4 6 4 4 9 6 2 3 3 3 6 5 11 8 2 5 3 7 8 6
47 62 35 47 65 44 29 28 36 23 59 50 78 42 30 68 23 67 70 53
12 27 10 11 27 26 5 12 17 7 28 24 30 28 11 15 3 29 33 19
10 27 19 23 29 13 10 7 6 11 21 22 36 10 3 26 13 21 34 21
36 50 34 46 56 51 20 25 27 16 48 26 54 26 33 49 12 38 49 30
8 23 9 18 21 18 6 6 11 12 20 14 30 10 5 20 13 27 26 12
42 62 50 42 65 42 32 31 13 10 57 61 60 40 30 66 18 67 71 40
39 49 40 33 48 34 20 24 20 1 44 46 48 41 30 50 11 48 54 35
15 23 14 22 16 22 6 1 6 4 27 22 27 23 7 26 1 34 34 14
45 61 39 43 60 40 31 36 37 18 60 54 70 37 38 61 19 55 65 40
9 12 8 8 13 15 2 2 2 1 11 2 17 8 9 11 1 11 10 10
35 42 46 28 53 38 38 8 26 22 56 33 49 46 31 46 12 41 55 42
13 37 28 23 35 24 22 12 6 18 43 31 37 25 18 26 7 36 43 28
11 19 15 13 14 6 4 10 7 5 16 19 28 5 9 18 7 17 23 6
19 17 12 14 24 20 5 17 15 1 23 18 17 23 18 18 5 20 23 17
15 30 20 20 26 26 7 5 13 2 29 29 33 34 10 29 1 39 40 22
12 21 19 15 20 12 8 14 13 10 20 19 28 13 14 14 7 12 18 8
34 20 20 19 32 24 24 6 16 16 32 15 43 26 28 30 8 32 29 38
40 60 45 46 62 22 33 37 20 26 58 59 66 46 23 57 32 65 71 51
17 17 15 15 16 12 11 13 12 4 28 20 17 25 19 16 1 20 22 18
29 34 31 33 37 35 22 11 20 16 47 18 41 30 23 36 5 34 47 25
8 16 12 9 14 11 1 3 8 3 16 24 20 21 4 16 3 23 26 12
11 10 1 9 8 6 8 3 1 11 14 12 19 5 8 13 5 19 16 18
30 51 34 27 46 47 34 25 37 22 50 48 63 45 33 55 14 50 50 41
48 56 41 44 56 36 26 32 27 23 59 52 63 39 35 63 24 65 65 43
28 41 28 26 45 43 17 12 22 2 43 26 54 29 27 43 8 48 43 30
13 9 7 12 8 5 6 3 1 6 18 11 11 8 8 8 1 16 18 11
17 6 3 4 12 9 10 6 9 6 20 7 16 15 16 5 1 13 9 13
10 26 13 21 29 28 10 11 24 1 19 26 39 27 7 38 14 41 38 21
17 22 15 17 27 18 14 7 21 15 29 15 40 21 16 25 12 34 34 19
10 21 19 13 15 20 5 12 6 2 28 12 17 10 15 17 1 14 22 4
43 51 27 20 54 40 32 36 29 35 62 48 65 42 44 46 17 54 49 44
16 34 25 30 25 16 15 22 9 20 34 31 37 20 17 34 15 33 38 27
34 56 51 42 53 53 35 13 23 24 56 40 54 40 32 50 14 43 60 40
45 43 42 37 42 34 24 28 19 11 42 43 41 29 39 51 10 42 49 25
4 3 6 7 5 4 3 6 3 1 8 6 5 5 6 8 1 6 12 3
7 7 3 6 9 11 1 6 8 1 6 5 15 9 7 8 3 7 8 5
52 42 56 33 48 24 38 24 20 23 61 46 53 43 43 51 24 57 60 39
10 18 12 13 21 14 4 10 9 1 19 7 16 14 10 14 1 9 18 14
14 23 13 16 20 25 8 1 9 2 22 18 35 18 14 33 1 34 33 22
13 14 9 11 17 12 13 7 13 7 19 14 25 21 15 17 5 18 20 21
19 35 19 21 23 25 10 14 15 13 38 29 38 23 16 31 5 31 32 16
8 11 13 9 15 4 4 9 3 1 10 11 19 4 4 8 11 11 15 1
37 61 40 27 56 46 30 42 20 22 63 51 54 36 42 50 9 45 51 35
16 14 13 17 18 19 7 1 1 1 16 5 26 8 8 18 1 17 19 13
22 16 19 19 21 8 16 4 2 8 24 10 27 8 11 17 6 16 20 15
32 60 44 33 55 45 33 29 35 18 59 61 54 56 34 55 12 50 61 39
19 41 24 25 45 38 11 9 16 7 37 28 52 29 16 39 5 41 46 35
29 59 39 44 57 54 27 27 40 12 58 43 63 48 31 61 12 50 60 39
47 68 51 46 64 55 32 37 37 23 62 52 66 40 46 62 15 46 65 42
4 13 7 11 14 6 1 7 2 6 13 15 13 12 3 9 5 14 19 11
11 12 15 14 17 11 9 12 4 3 19 12 16 5 17 13 3 12 18 8
32 35 29 37 40 36 26 22 21 7 45 19 41 21 33 39 2 34 41 26
44 71 60 48 66 63 37 32 33 24 72 51 70 46 45 70 12 51 69 37
54 48 31 29 56 43 37 33 37 26 58 32 65 29 56 53 9 44 49 48
22 23 18 22 24 20 14 9 10 3 27 20 23 22 18 28 1 25 31 23
24 27 28 13 28 16 9 22 16 9 22 29 34 18 20 33 12 27 29 15
19 41 24 24 35 27 12 28 14 13 41 27 31 17 28 22 5 21 34 22
24 55 40 43 48 42 32 4 25 15 47 51 58 52 16 55 8 55 70 43
19 35 25 31 32 12 23 26 18 23 38 42 39 28 19 42 15 37 44 28
4 7 7 6 5 6 1 2 1 1 10 4 6 7 1 1 1 5 12 1
18 36 31 28 37 28 19 11 20 16 32 24 37 29 17 26 15 24 36 31
12 14 9 10 13 19 4 1 10 1 18 15 27 17 11 25 1 29 24 12
28 60 29 47 65 40 40 33 27 27 52 45 69 45 35 60 23 59 62 65
9 24 13 17 26 17 6 12 14 4 20 23 25 22 12 19 4 22 29 20
33 34 27 27 38 38 16 17 13 8 41 26 40 26 33 31 7 37 35 26
3 3 1 1 5 7 1 1 2 1 10 1 5 9 3 1 1 1 3 2
13 30 21 15 27 29 21 2 18 15 38 27 40 31 17 27 3 41 42 26
28 28 23 30 33 20 15 7 13 14 38 21 43 21 21 32 10 44 45 28
15 14 13 3 9 7 12 10 8 11 23 15 18 12 17 9 1 10 11 8
6 7 5 7 2 2 5 3 2 3 11 8 17 3 9 8 1 8 13 6
32 32 15 29 34 34 13 15 18 8 39 26 41 26 28 32 4 42 40 30
6 18 13 10 15 15 6 4 4 8 20 16 20 13 5 13 5 19 23 10
15 17 11 14 14 19 13 11 17 2 19 25 22 23 13 29 4 27 26 20
13 15 16 14 15 15 3 7 1 1 21 12 9 12 8 11 1 12 19 1
10 24 15 14 17 20 8 11 17 8 30 16 24 18 17 20 1 23 27 16
17 25 21 18 19 16 9 15 8 11 26 22 23 15 20 24 5 24 29 20
35 32 24 18 36 19 22 17 16 16 33 27 51 22 16 34 19 40 39 34
10 14 14 15 13 9 10 4 4 2 17 9 15 14 5 16 1 9 21 14
49 62 36 55 65 66 29 37 41 21 62 40 65 45 48 64 13 57 67 48
6 12 13 9 14 8 9 1 1 2 14 8 18 10 5 8 5 11 15 9
15 31 14 31 37 37 21 17 35 4 33 28 42 37 20 39 15 43 41 32
23 46 31 34 46 37 25 33 32 4 44 45 48 36 30 43 21 45 52 34
16 30 24 17 31 23 9 7 14 2 27 19 37 20 4 30 9 26 35 18
29 51 25 30 52 28 35 35 35 39 55 48 71 42 41 55 23 60 54 51
1 10 3 10 10 10 2 3 7 4 10 5 13 7 3 3 1 7 13 7
10 16 18 17 18 11 8 9 10 3 21 18 23 19 11 18 6 18 26 14
6 35 20 19 27 31 5 6 18 3 35 26 37 35 8 29 1 33 42 18
16 27 14 29 22 18 8 7 13 5 28 20 28 24 11 21 2 27 34 18
48 40 26 36 51 46 32 20 35 16 53 30 55 34 49 44 6 54 52 50
5 12 1 10 8 4 4 4 1 9 9 10 14 2 2 10 6 13 12 11
15 23 12 19 17 17 12 15 20 18 32 16 28 13 22 25 1 24 24 17
34 59 28 24 58 41 33 35 38 23 55 56 68 48 31 48 25 63 64 46
4 6 4 10 4 8 1 1 3 1 9 5 14 7 1 5 1 10 14 1
45 50 46 50 56 44 39 16 33 27 68 37 62 54 42 52 17 62 67 45
39 36 17 24 43 45 23 27 21 9 40 24 40 24 42 34 5 35 36 31
23 28 25 31 29 17 15 22 4 7 30 26 21 14 23 24 6 21 32 14
24 25 15 25 33 15 21 13 16 16 31 27 32 22 23 29 7 35 39 33
9 2 2 3 6 9 4 2 2 1 7 1 10 3 8 8 1 7 3 6
37 43 33 37 47 32 24 7 5 10 50 30 50 28 30 39 6 48 47 39
15 16 18 11 15 15 8 13 7 6 22 10 22 7 18 14 6 15 16 7
45 78 57 50 72 58 32 28 30 17 77 63 77 60 36 72 14 72 86 49
11 9 7 11 9 12 9 5 9 6 15 9 21 7 9 15 6 19 16 12
38 51 35 23 53 38 30 36 30 17 54 44 51 39 43 41 11 44 54 37
47 51 47 29 54 24 32 31 22 26 63 50 54 46 33 40 26 60 59 41
29 16 21 8 32 20 25 7 22 15 33 13 40 27 28 32 8 31 28 38
3 10 9 9 7 8 1 5 1 1 12 8 9 11 4 5 1 6 15 3
31 33 33 32 34 22 15 21 8 5 32 32 31 20 23 33 12 32 42 16
52 60 41 37 50 50 38 33 34 21 68 51 61 54 49 61 10 54 60 42
33 57 30 30 48 34 32 38 26 33 62 54 56 48 34 49 21 54 58 43
1 5 6 2 5 6 1 1 1 1 9 4 6 8 1 4 1 6 8 1
46 52 42 43 55 56 38 34 43 16 65 38 56 51 48 52 14 59 62 45
10 27 22 14 27 10 5 17 11 8 21 17 30 9 16 16 4 8 21 9
5 10 8 11 11 7 4 6 3 4 8 6 12 5 6 8 1 7 13 5
14 22 9 22 17 17 10 5 8 10 26 26 30 22 7 30 6 39 37 24
52 60 47 45 64 35 41 43 30 40 66 51 77 29 48 65 34 62 63 47
12 29 25 17 26 17 2 15 8 1 25 31 27 18 9 24 7 29 40 10
22 35 30 11 36 27 14 12 9 13 33 38 43 24 21 36 9 39 33 21
38 55 39 28 53 50 30 32 24 13 59 44 46 47 34 46 10 41 59 31
9 8 11 8 7 8 4 11 8 5 11 13 11 10 9 14 1 8 13 6
44 43 37 27 43 30 24 20 10 6 45 38 48 33 32 42 15 49 42 32
6 10 11 7 10 6 2 8 4 2 9 10 16 2 6 11 6 12 13 4
28 32 28 32 31 22 17 12 10 9 33 23 32 25 21 32 5 24 36 28
32 32 28 26 27 27 20 8 14 19 38 32 44 26 24 40 6 37 42 35
16 26 14 19 31 11 8 16 12 9 28 29 32 22 15 19 11 31 34 25
18 24 24 21 21 17 7 19 12 5 26 22 19 18 18 25 1 13 29 11
25 59 39 41 54 34 15 39 19 19 51 41 54 24 24 45 21 44 55 24
22 46 44 23 41 30 11 26 14 7 43 33 42 18 19 40 11 27 41 2
20 5 14 4 9 5 15 4 10 11 25 14 13 21 18 14 3 21 19 15
10 10 6 5 14 13 5 8 9 1 14 10 13 15 14 16 1 14 15 15
41 59 45 46 56 36 33 33 21 17 54 63 56 39 36 62 19 59 65 40
10 13 6 14 12 8 5 2 5 2 18 15 14 17 6 9 1 16 21 13
9 13 8 10 16 13 1 3 5 3 9 8 21 10 7 16 1 15 15 16
7 13 14 12 15 6 5 11 1 4 12 10 15 5 10 6 8 9 15 5
46 64 38 27 64 54 35 36 38 21 59 54 65 50 44 62 13 47 62 47
6 8 11 4 10 9 4 3 1 1 13 8 11 7 6 7 4 14 13 5
31 40 21 27 43 31 23 23 34 29 47 33 58 31 34 45 13 49 42 40
13 28 20 15 25 16 5 13 12 8 28 25 32 19 15 14 6 21 26 13
38 60 42 51 55 33 36 33 28 26 60 59 66 47 39 60 23 63 64 50
15 15 10 7 18 19 6 16 14 1 20 15 20 18 20 19 3 18 16 18
20 23 1 19 25 32 7 8 21 8 25 13 36 22 19 25 1 31 27 24
33 35 28 26 36 25 20 18 17 21 38 40 48 27 29 44 14 43 41 31
48 40 31 34 43 37 35 24 32 15 51 39 47 40 47 50 4 48 46 42
9 5 9 13 6 6 6 7 4 1 13 10 10 9 7 9 1 8 13 1
29 35 26 19 30 21 19 13 11 7 38 30 37 30 24 26 6 34 34 25
12 6 10 2 11 6 8 1 4 4 17 12 18 12 8 8 4 22 19 9
8 37 18 33 34 18 19 23 16 23 37 26 42 23 18 31 18 33 37 30
25 32 35 26 34 20 21 16 11 9 40 33 32 29 23 31 9 35 44 22
18 33 24 18 30 29 9 15 17 9 28 33 32 25 19 37 2 34 38 22
30 30 18 7 31 27 12 15 13 9 31 22 46 18 29 26 5 33 24 24
20 21 15 14 30 24 8 13 14 1 20 16 31 19 21 24 9 28 21 23
32 51 35 46 41 40 19 20 17 5 53 33 37 35 30 43 1 38 55 25
22 18 15 19 18 19 15 7 11 5 30 12 25 20 15 19 1 21 25 19
38 48 38 35 52 51 31 17 29 11 54 38 63 39 35 55 8 65 56 38
18 29 17 22 22 20 10 16 15 14 31 24 35 16 20 30 6 30 33 24
24 51 40 31 46 43 19 11 19 3 52 42 53 48 23 44 6 50 54 24
43 52 39 46 54 53 24 20 18 10 59 39 56 45 39 54 13 61 59 35
40 45 35 28 43 26 30 17 20 19 50 39 55 37 22 37 17 46 55 39
23 29 19 27 28 21 13 12 14 1 28 25 28 26 19 30 1 27 39 26
25 39 25 25 36 39 11 30 22 4 42 29 32 29 29 30 1 29 39 15
39 30 20 21 40 33 20 22 18 8 38 22 41 19 40 29 10 36 30 31
20 25 27 18 19 19 12 18 16 9 33 26 18 25 19 24 3 16 28 6
16 48 27 29 44 46 15 10 25 16 46 36 52 40 22 47 6 51 51 35
20 28 14 11 23 19 11 21 21 14 29 28 31 25 22 19 2 17 26 17
42 42 34 48 44 30 37 26 16 26 57 41 49 33 41 52 16 61 61 47
11 30 16 15 22 27 7 10 15 1 28 16 32 22 12 22 1 19 31 17
6 10 11 7 10 6 2 6 4 2 6 8 19 3 6 11 6 7 10 2
6 3 5 5 4 8 1 1 3 1 8 8 4 14 1 6 1 9 13 3
40 67 51 47 60 45 45 25 43 39 78 64 71 61 43 65 16 67 76 49
16 10 12 12 9 1 11 1 1 1 15 14 17 11 8 12 4 18 18 8
43 46 30 30 42 36 23 23 22 17 46 41 52 36 38 44 6 44 43 36
28 48 34 27 40 41 21 24 32 16 57 40 48 46 28 45 4 38 48 20
4 3 4 8 5 3 5 1 1 1 9 2 9 4 4 2 1 3 9 3
8 13 5 7 11 11 5 8 8 6 12 13 17 13 11 10 3 11 15 13
14 10 15 10 12 11 3 7 1 1 14 13 14 12 7 12 7 19 18 5
31 42 28 40 46 45 34 10 33 18 38 33 61 36 26 54 19 50 51 46
6 14 9 11 14 6 5 7 7 5 13 13 13 11 9 14 2 13 17 14
29 30 26 15 30 28 7 18 10 1 38 24 35 21 21 28 9 36 32 13
22 37 24 29 37 25 9 21 7 12 38 25 41 18 23 31 8 30 34 25
40 44 39 51 45 37 43 11 23 16 44 47 53 47 27 57 19 49 60 46
12 11 11 11 11 10 6 10 4 2 19 10 13 11 14 11 1 9 16 9
24 57 44 49 49 39 31 17 11 17 61 47 52 46 23 47 13 54 66 37
22 35 30 23 34 27 14 15 5 13 37 36 43 25 21 38 11 41 38 26
13 24 19 12 15 17 6 12 12 9 25 22 21 16 11 23 1 20 25 6
36 74 49 56 71 63 44 26 43 30 75 55 72 56 40 68 12 62 80 54
12 8 6 7 15 15 6 5 9 2 13 7 23 12 13 14 4 18 12 15
43 50 34 34 49 43 23 35 26 12 54 43 49 37 32 46 15 53 59 29
10 9 5 9 10 16 2 2 3 4 8 6 18 6 8 11 1 16 12 11
11 14 8 12 14 22 5 2 11 3 19 9 24 16 8 18 3 24 21 12
5 17 6 16 17 11 6 5 12 7 18 14 27 14 9 16 2 18 25 21
26 32 25 25 32 35 18 14 12 4 33 25 35 19 28 40 1 38 40 25
59 47 50 37 54 38 42 27 36 29 65 40 64 47 53 54 17 47 55 47
59 49 51 37 62 41 46 41 30 35 64 46 64 33 62 57 25 58 54 49
21 21 7 19 14 23 12 5 11 7 21 10 34 7 22 26 1 26 21 20
20 11 11 8 18 8 10 8 8 3 16 21 27 13 11 22 10 30 24 17
20 14 10 19 16 14 8 6 10 8 14 26 24 21 12 29 5 33 31 25
18 16 10 12 23 22 7 12 9 4 19 9 23 14 21 17 4 20 15 21
18 37 27 33 36 25 18 21 1 19 40 31 41 22 23 38 13 42 44 31
32 24 29 14 22 12 16 12 8 4 28 36 28 25 22 36 7 31 29 15
14 10 2 5 13 13 4 5 8 3 13 10 18 14 11 9 3 16 13 14
9 19 18 16 19 20 5 7 9 1 19 12 20 19 7 18 1 16 24 11
12 47 38 35 45 28 24 20 10 20 50 44 44 40 17 39 15 44 57 35
20 39 24 22 40 31 9 13 15 12 40 31 51 23 19 41 10 52 45 26
41 62 46 35 60 58 32 22 32 16 64 39 70 36 47 57 6 51 53 41
20 32 28 27 30 23 13 4 5 12 33 30 34 27 9 34 8 30 40 23
17 20 7 3 24 15 10 14 13 6 21 19 28 19 15 13 8 21 21 18
24 54 38 29 48 47 23 19 33 19 53 39 62 42 28 56 7 44 53 33
33 47 32 41 41 40 20 30 30 16 46 41 43 34 35 53 1 39 53 23
16 22 22 17 21 22 13 1 9 4 29 22 25 29 8 25 4 25 32 14
9 16 11 13 15 12 4 9 1 9 15 14 16 12 7 12 7 17 21 13
29 20 12 14 22 22 14 18 17 6 32 24 28 27 28 26 1 30 28 26
3 21 10 19 12 14 1 8 9 6 20 8 20 8 7 12 1 13 22 4
26 50 30 34 52 39 19 19 20 6 39 36 51 27 27 48 9 42 48 39
39 52 27 35 51 48 33 32 38 16 53 43 56 34 47 53 9 49 51 45
9 15 13 1 19 7 5 9 3 3 15 14 21 9 3 11 12 15 16 7
52 41 52 31 46 33 46 30 36 34 66 45 49 53 54 45 21 44 52 41
35 55 43 39 50 43 28 27 39 26 46 43 63 41 28 57 20 42 56 35
18 25 23 22 20 20 13 7 12 6 32 21 32 22 13 26 7 28 32 12
32 26 26 22 27 21 19 13 17 8 38 28 38 29 29 32 7 41 36 27
36 43 32 38 49 47 26 14 31 15 52 28 59 36 40 47 8 55 50 37
8 13 5 8 14 13 5 9 13 1 12 12 15 19 11 10 1 12 16 14
10 22 16 25 22 21 8 10 13 3 25 8 20 12 11 22 1 13 27 10
47 52 52 32 53 42 37 29 33 26 72 41 58 45 47 47 11 47 61 39
23 19 20 19 13 7 17 8 9 8 31 18 26 15 20 22 1 18 22 12
13 12 15 10 14 9 7 10 3 3 19 14 15 12 13 11 6 17 21 9
11 28 13 29 31 10 19 13 14 14 25 32 34 25 7 32 13 33 37 32
47 57 46 36 55 37 33 36 35 33 53 43 72 32 32 60 31 47 53 35
16 13 12 12 14 7 12 3 3 7 17 11 26 8 10 12 7 18 20 13
32 26 21 25 28 24 20 7 16 9 37 24 40 33 28 30 2 42 38 35
41 59 32 52 56 44 30 28 42 30 58 48 70 45 37 66 11 51 63 49
36 43 27 27 37 31 23 32 25 17 50 32 42 26 37 34 4 26 40 24
14 30 22 27 28 13 10 18 10 15 31 26 35 13 16 21 13 23 32 17
15 41 22 32 39 38 7 16 15 15 38 24 43 25 15 37 10 40 42 25
4 20 7 16 15 21 3 7 16 9 20 11 23 17 9 17 2 17 23 9
13 8 9 9 6 6 9 5 6 6 17 14 8 16 8 12 1 17 18 13
5 9 9 9 8 9 2 4 5 1 6 7 14 8 4 15 1 8 14 7
62 66 62 43 65 47 44 29 34 31 77 55 77 53 50 60 25 64 71 51
49 54 27 36 54 44 37 28 30 25 56 48 60 50 41 57 15 58 62 60
18 34 6 22 35 30 14 13 32 21 36 28 48 31 22 30 10 45 40 36
23 42 20 28 35 35 15 13 27 10 41 40 46 44 20 42 7 51 52 32
16 28 20 25 21 14 10 17 15 7 29 31 22 15 16 29 1 23 37 12
35 55 33 37 54 31 26 39 26 19 58 54 56 32 32 48 19 56 63 36
8 6 8 5 10 8 1 7 1 1 8 4 13 1 10 10 1 8 6 4
18 31 25 27 35 19 16 17 4 10 31 20 30 9 21 21 9 19 32 19
31 32 15 17 37 32 21 10 14 11 33 17 47 20 27 29 4 36 30 38
66 83 69 56 78 53 46 51 34 27 82 76 71 58 55 74 21 60 83 50
32 43 32 28 44 30 23 13 25 13 54 31 54 40 25 37 8 50 56 33
13 21 13 20 18 13 12 11 20 12 27 16 33 16 17 26 4 25 28 17
37 72 52 43 68 45 33 34 38 22 65 65 75 51 27 64 25 58 75 42
6 1 1 1 1 5 1 1 1 1 1 2 4 4 3 10 1 9 3 6
26 23 18 17 36 26 20 10 26 14 32 18 44 26 30 30 7 39 36 36
12 4 1 5 5 4 4 1 1 5 6 7 18 2 10 11 1 17 10 16
61 66 50 36 63 51 44 44 37 27 80 60 66 53 59 56 19 61 67 41
13 35 23 14 32 18 9 19 23 8 27 29 39 22 19 26 5 24 32 19
34 35 33 21 34 19 16 27 16 7 41 34 32 25 31 29 9 23 34 14
30 59 48 46 51 24 27 30 12 23 60 52 58 37 19 53 28 59 68 32
11 15 16 14 16 13 7 6 5 1 22 15 14 22 7 13 4 17 19 6
30 47 45 15 46 26 12 32 15 12 44 37 45 26 22 41 16 32 40 15
39 55 34 32 53 31 23 32 15 17 54 50 49 37 28 43 20 52 60 34
12 17 12 15 16 17 5 8 14 4 21 10 29 11 14 25 3 19 18 11
23 31 31 17 27 25 11 23 12 10 31 23 27 17 25 30 5 16 25 10
10 32 26 8 32 29 11 14 10 5 33 27 30 29 17 22 5 29 30 19
42 60 47 52 52 42 30 24 31 29 61 44 62 41 30 55 23 50 63 35
54 47 51 36 56 39 38 17 8 16 60 41 59 42 42 51 19 64 57 39
5 26 18 21 23 12 8 11 16 6 18 22 33 13 10 25 7 24 32 17
8 15 16 10 15 16 4 12 6 1 20 12 6 14 13 13 1 10 17 7
49 53 37 50 52 46 35 19 40 26 60 43 68 48 44 66 11 55 58 52
11 27 9 17 30 19 14 10 22 1 19 30 36 32 8 24 9 31 37 27
14 12 16 7 17 8 8 1 1 3 22 15 22 15 6 10 5 22 21 5
45 39 48 20 49 26 39 25 33 35 52 38 59 37 38 48 26 41 49 40
3 12 6 8 15 7 2 8 4 2 12 4 14 5 9 2 1 5 8 7
21 33 20 23 30 30 11 25 31 15 38 22 35 25 28 34 4 23 31 15
27 31 33 23 29 19 14 21 11 11 40 24 36 16 24 23 13 29 36 12
11 2 4 3 5 8 7 2 1 3 10 4 10 7 8 8 2 9 7 7
9 30 16 22 24 19 7 12 17 13 31 13 34 13 17 18 1 17 25 10
1 1 1 1 6 5 2 1 5 1 7 3 8 7 4 3 1 3 6 6
48 52 42 47 47 48 37 32 32 8 53 41 54 30 51 62 4 50 55 43
4 22 17 13 20 16 3 6 2 6 20 16 22 14 4 11 5 18 25 8
26 26 19 19 30 18 13 17 9 15 29 25 39 11 17 28 19 39 35 22
22 26 13 30 21 15 20 5 19 15 33 27 35 27 14 31 5 41 41 28
26 23 28 10 25 8 18 17 14 18 35 26 34 18 25 19 11 26 30 15
7 5 6 9 2 1 6 2 1 1 10 11 7 9 5 7 1 9 15 5
10 15 6 6 20 12 1 12 8 1 15 11 18 13 11 5 1 12 15 10
21 29 17 20 24 26 15 12 17 9 34 25 31 31 18 18 4 29 34 21
20 24 26 12 24 13 6 15 4 6 20 21 32 13 5 24 16 27 29 9
13 17 19 14 17 9 11 9 6 4 17 16 27 8 11 20 9 14 23 12
19 16 16 12 14 20 4 12 13 6 21 15 23 15 15 21 4 18 16 8
29 32 37 27 28 18 22 14 8 11 39 28 35 23 19 28 11 25 35 18
42 49 31 43 53 45 37 17 25 4 51 47 51 45 41 49 9 61 57 50
13 29 17 30 26 14 21 8 12 6 27 30 30 25 6 33 6 28 40 30
26 54 39 29 50 44 16 22 31 17 51 40 60 41 21 54 9 44 53 27
11 13 5 12 9 16 4 4 9 1 16 4 22 9 12 17 1 12 14 9
35 39 22 33 45 33 18 15 23 6 41 30 54 26 30 44 7 51 49 35
14 17 20 15 19 14 15 9 11 6 26 26 21 26 13 19 7 29 31 16
36 45 30 46 42 37 17 21 21 11 46 39 46 35 34 50 7 48 54 37
47 62 52 49 55 53 32 28 35 27 63 56 68 55 43 67 19 58 64 33
34 47 21 34 42 40 27 25 34 23 54 33 55 41 34 42 11 43 49 37
10 20 18 5 17 21 5 9 11 4 21 16 26 15 13 18 6 17 15 5
11 4 7 10 6 5 3 6 3 1 10 10 6 11 5 11 1 12 13 6
22 29 23 24 21 16 15 12 18 12 30 28 33 22 16 33 4 20 34 16
32 40 33 32 30 21 29 20 18 10 42 44 33 35 30 41 3 36 45 29
18 40 24 25 39 28 13 23 25 11 35 34 41 28 12 44 15 45 48 21
40 57 49 45 64 41 46 33 40 22 60 50 63 43 45 54 25 45 60 49
11 6 9 9 9 4 9 7 4 2 18 14 7 14 12 12 1 15 19 11
20 41 19 20 43 36 18 19 20 7 39 36 40 33 23 32 5 41 43 32
18 29 30 26 24 21 12 8 7 4 29 30 30 29 13 26 8 33 39 14
26 50 42 44 50 26 29 27 14 31 46 36 58 21 29 48 26 35 46 37
26 28 26 24 31 31 19 18 11 9 37 19 27 22 27 24 4 25 32 17
4 4 4 8 7 3 1 1 2 1 7 6 5 11 1 6 1 5 9 3
8 13 13 13 12 9 6 11 3 3 16 7 13 3 14 10 1 6 15 6
27 22 19 16 18 14 18 16 16 19 27 28 35 15 24 26 11 25 27 15
24 32 34 17 29 29 12 21 8 5 39 30 21 23 23 31 1 22 29 7
29 34 27 38 34 27 30 6 25 13 40 29 42 36 21 40 9 34 46 35
21 40 28 17 34 24 14 17 17 13 40 29 50 19 20 27 13 36 38 25
1 5 7 4 6 6 1 2 1 1 6 4 9 6 1 4 2 7 11 2
21 32 28 27 27 19 4 20 12 5 32 22 32 12 15 31 9 23 35 3
19 46 26 36 40 36 16 9 27 11 41 43 49 49 20 42 5 52 56 32
34 22 20 16 22 21 19 16 15 11 31 24 31 24 31 32 6 26 20 22
49 65 60 43 65 23 47 56 18 47 70 59 68 31 48 60 41 58 61 42
55 70 57 54 75 56 48 21 18 22 77 55 75 47 47 65 16 69 76 58
27 44 20 33 37 31 24 27 25 22 49 38 41 38 28 32 13 44 52 38
35 64 46 56 55 30 38 38 30 45 69 57 71 44 36 62 29 61 68 43
38 54 40 36 61 56 27 27 32 21 61 44 63 47 44 54 11 66 64 43
37 28 17 17 30 28 14 14 17 6 37 24 47 18 30 30 7 41 30 26
5 12 5 3 12 20 1 1 11 1 12 12 20 21 3 17 1 21 20 10
34 43 36 16 45 41 23 25 24 16 53 29 53 33 39 36 7 40 40 29
10 15 15 9 17 10 3 8 6 2 13 8 23 5 9 16 4 7 10 8
13 18 16 13 18 19 4 14 7 1 19 7 14 12 17 16 1 11 13 10
23 52 43 45 51 45 39 30 38 14 58 46 58 50 34 53 21 50 59 45
39 45 42 42 38 21 28 23 14 20 44 42 42 29 31 46 11 30 46 30
28 32 23 22 39 20 18 20 21 20 40 27 48 17 33 35 12 39 39 34
4 8 12 9 13 9 1 10 5 1 9 8 14 6 8 7 6 7 11 1
45 59 57 34 56 26 32 28 9 21 66 50 55 31 32 47 13 44 60 28
43 49 41 47 52 44 41 19 33 18 42 50 59 50 30 62 30 57 61 51
32 40 33 27 39 25 20 28 25 13 44 37 44 24 28 41 14 36 43 19
19 30 31 23 28 18 9 18 7 5 28 15 31 6 14 27 8 11 27 7
28 47 22 15 39 41 23 30 32 22 51 35 51 37 36 36 11 41 44 33
15 25 19 21 14 15 4 8 10 7 27 27 27 18 10 31 1 30 34 15
13 16 20 19 10 10 7 11 9 3 21 21 14 20 11 21 1 18 27 9
48 78 55 42 73 52 43 45 35 36 78 71 75 63 42 73 24 65 78 57
8 44 25 32 39 41 15 18 35 4 40 38 46 46 15 46 10 44 49 25
33 35 33 24 37 12 26 22 19 18 37 43 38 35 12 36 24 45 48 30
50 42 37 22 42 21 25 28 18 14 42 45 52 33 31 47 18 46 38 31
15 37 11 29 40 26 22 13 30 14 34 31 53 29 17 31 13 42 45 41
16 48 25 41 47 24 26 19 25 17 45 44 58 35 7 45 25 56 61 35
28 21 23 17 12 9 20 13 12 11 29 29 19 25 23 30 3 23 24 15
39 46 37 41 46 30 29 32 21 13 47 50 44 29 27 48 18 54 62 30
1 7 7 5 6 5 1 4 1 1 7 4 11 4 3 4 1 4 8 2
17 13 12 15 15 21 6 2 3 1 11 8 20 13 9 21 1 17 20 15
55 63 52 50 66 41 41 43 28 25 62 63 67 38 47 68 23 60 67 46
39 50 41 39 51 25 28 27 15 28 58 33 62 22 24 46 26 52 60 35
50 51 41 35 50 42 42 17 25 22 60 46 55 51 42 47 15 50 54 47
40 36 36 25 48 38 27 13 26 23 51 27 64 33 33 54 19 57 54 38
58 68 57 56 61 59 45 22 37 21 72 54 72 53 52 70 8 60 68 54
36 25 30 22 31 16 24 15 17 20 38 18 47 14 32 32 9 26 31 23
6 1 3 3 2 2 1 2 2 1 5 10 1 10 2 9 1 8 11 3
18 54 32 34 54 37 24 21 24 25 54 51 64 45 14 53 23 67 65 40
33 45 33 39 50 32 28 25 12 20 47 32 49 20 32 38 14 35 47 39
10 7 6 7 10 10 5 4 5 1 7 4 15 7 8 12 4 9 8 7
5 39 17 28 37 22 15 20 21 12 28 34 37 31 9 32 14 35 41 35
38 61 38 49 63 43 28 21 37 23 53 47 70 45 20 60 24 59 72 46
28 31 24 35 34 22 15 18 6 10 32 33 33 19 25 39 11 38 42 28
24 26 9 15 29 24 18 16 28 10 32 29 40 32 21 27 9 38 38 28
17 42 15 21 39 37 12 8 27 7 30 28 52 32 12 38 5 44 47 32
47 55 42 46 54 32 34 24 31 39 62 47 73 31 34 59 25 55 62 41
21 29 15 18 24 27 14 10 18 9 36 19 37 26 20 23 1 31 34 24
1 17 9 6 18 15 4 1 13 1 10 15 24 21 3 13 4 19 23 13
5 7 9 7 9 7 3 6 1 1 12 7 6 11 5 5 3 8 11 3
23 26 21 18 27 28 12 16 13 6 32 16 25 22 25 24 1 24 28 24
9 13 14 15 14 9 5 4 7 1 17 13 12 19 3 16 1 14 21 11
17 34 18 13 33 28 7 18 11 11 33 29 40 24 18 26 9 33 29 23
13 25 16 13 26 22 9 4 7 8 29 20 35 22 11 14 5 29 28 16
4 12 10 3 5 4 3 6 2 5 14 13 12 4 8 7 1 7 11 5
46 58 56 39 56 51 38 37 36 32 63 45 68 40 47 55 27 47 53 34
37 60 46 50 56 42 31 29 31 27 71 51 58 46 39 59 7 60 74 39
25 31 19 28 36 32 18 12 13 14 37 34 42 31 21 38 13 46 42 34
49 62 40 49 64 53 38 31 33 14 55 47 61 39 49 63 7 48 59 55
37 43 37 35 47 32 28 23 21 10 48 38 44 35 30 39 11 35 52 34
20 21 24 16 17 16 7 6 7 1 23 25 29 19 11 32 5 29 32 13
58 56 46 48 59 52 39 31 38 23 60 42 60 41 55 59 14 37 51 45
30 25 23 17 25 22 19 23 17 13 35 23 28 11 33 32 2 24 27 17
7 9 1 2 12 7 12 3 13 4 14 11 20 15 13 11 1 16 13 20
30 41 27 23 36 43 9 22 19 7 42 28 43 29 29 37 1 36 38 22
10 13 11 5 10 3 3 8 5 8 11 16 19 4 8 10 4 9 12 4
35 50 29 32 51 33 33 21 34 25 50 40 62 37 34 46 11 41 50 50
55 54 37 30 55 47 34 39 28 14 59 53 51 46 45 55 20 57 63 38
1 11 13 2 8 7 1 5 1 1 13 13 11 11 3 11 1 11 11 2
14 29 19 16 25 20 11 11 12 7 27 21 29 23 15 20 5 19 29 24
1 10 5 8 13 1 2 7 1 5 12 12 11 5 6 8 4 11 15 11
22 35 31 14 36 35 11 19 10 8 37 28 35 25 27 32 6 32 28 23
11 10 8 2 14 16 3 7 7 1 12 9 18 13 13 13 5 16 8 12
20 27 14 19 26 25 9 18 26 9 33 22 35 25 20 27 7 28 29 17
13 18 14 12 16 11 7 8 3 5 19 8 25 4 15 17 1 10 14 15
16 27 29 15 23 21 11 13 5 6 34 18 31 13 19 26 2 22 26 9
36 56 43 22 53 41 32 23 24 9 54 63 54 60 31 52 14 62 62 42
22 55 27 31 53 31 25 30 35 31 55 49 66 39 25 47 23 61 57 44
30 52 41 45 56 31 24 29 10 20 51 45 53 35 27 51 25 54 59 41
25 41 19 15 42 39 15 21 27 13 44 32 46 34 28 34 6 47 47 30
52 61 53 52 54 47 43 41 36 39 67 47 61 34 50 61 21 45 63 44
16 19 18 11 12 12 9 16 11 11 19 16 22 9 17 20 3 9 16 6
12 17 7 4 13 20 1 10 16 1 16 16 23 20 12 20 1 21 21 17
17 10 9 12 14 12 2 4 4 1 15 12 13 16 11 18 1 20 19 15
1 5 3 2 3 6 1 3 5 1 7 3 11 2 4 6 1 2 7 1
10 26 18 12 21 18 3 10 11 8 21 21 30 12 7 19 12 25 26 9
4 8 6 1 8 7 1 6 4 1 8 6 9 9 6 7 1 4 5 6
23 37 37 13 35 21 18 22 12 16 40 33 42 21 24 28 12 31 34 15
14 9 4 11 8 9 4 5 5 6 12 18 19 9 12 20 3 22 21 18
10 28 22 12 20 12 10 15 8 15 28 27 28 15 15 21 6 18 25 12
5 8 9 5 3 6 1 7 3 2 9 6 11 4 5 8 1 5 9 2
2 16 9 11 22 9 9 1 11 1 11 16 23 19 3 15 4 16 22 16
11 5 4 4 4 7 9 4 8 5 13 10 17 6 12 15 3 18 13 12
1 5 7 4 5 9 1 2 1 1 9 4 7 7 1 4 1 6 9 1
17 22 18 23 16 23 6 10 15 1 26 18 18 27 12 22 1 26 31 14
7 20 10 17 21 13 9 6 9 10 17 14 30 13 10 12 10 16 23 18
13 14 9 10 16 16 4 6 8 1 14 4 20 13 9 13 1 9 11 13
23 35 27 26 29 26 20 12 24 11 35 30 42 28 16 43 5 30 41 20
16 17 11 19 9 17 11 1 9 7 27 13 16 19 8 17 1 26 27 9
6 10 10 5 8 9 7 5 7 1 13 14 12 16 7 14 1 15 18 11
34 43 35 42 45 31 22 19 9 14 44 35 43 28 27 43 14 40 48 38
43 55 40 35 65 53 37 20 23 20 65 45 63 40 48 47 11 62 58 50
21 39 27 34 33 28 9 20 16 9 39 29 33 28 19 28 7 29 45 24
47 51 46 37 51 30 26 36 14 15 53 41 50 21 38 46 15 38 45 27
28 50 20 35 51 41 12 34 34 24 47 40 51 35 30 42 16 48 55 34
12 34 21 23 31 30 14 16 24 3 33 28 34 34 18 28 4 30 39 24
42 44 44 25 50 46 39 15 29 23 56 41 55 42 48 54 13 58 52 48
34 36 33 30 32 35 18 22 12 1 44 34 32 32 33 37 1 39 43 24
5 5 1 5 5 11 1 1 5 1 5 1 17 4 4 10 1 9 9 5
65 72 68 47 74 56 46 43 36 34 78 52 79 42 58 64 25 52 69 44
20 36 30 22 31 21 11 23 15 10 32 22 34 10 23 26 8 15 29 7
17 30 25 10 25 18 16 14 17 14 34 31 32 29 21 27 1 26 29 20
24 34 30 21 30 27 11 13 8 4 39 18 42 16 18 28 7 28 34 16
9 14 14 12 10 6 4 10 2 2 17 12 14 10 11 11 2 9 18 6
8 2 4 4 6 9 7 4 6 3 10 6 9 8 8 10 1 10 9 8
55 62 52 39 64 39 35 34 38 39 76 57 76 51 45 66 28 74 72 46
37 48 36 40 49 44 32 27 29 4 52 46 46 45 32 44 9 54 58 34
10 16 11 20 13 17 10 1 15 6 24 14 22 22 8 20 1 24 30 14
17 19 19 20 20 12 5 11 9 1 23 20 21 15 5 22 11 27 32 5
51 42 44 36 52 36 40 30 41 35 58 49 61 41 48 55 26 60 62 47
38 44 15 22 43 39 24 29 28 26 52 36 57 29 38 41 13 50 40 39
39 47 31 37 53 37 18 24 27 9 46 27 58 27 26 47 16 47 48 29
18 17 16 18 23 12 10 10 5 4 24 11 24 6 15 11 5 15 24 7
39 71 54 48 64 52 23 37 24 16 67 57 61 49 32 59 15 62 74 28
22 36 11 33 36 43 22 12 32 12 38 25 46 37 25 41 6 49 44 39
26 57 38 45 62 29 34 41 21 23 53 58 52 42 25 52 35 57 65 44
19 22 15 15 25 26 8 22 16 1 27 19 21 18 24 24 2 19 26 15
12 8 11 6 9 5 1 10 6 2 12 15 12 11 10 17 1 12 12 6
14 26 16 26 25 21 14 5 18 5 20 22 36 23 6 34 7 28 39 20
18 31 26 31 20 23 12 9 18 8 34 24 31 29 10 36 1 28 42 18
19 43 40 21 39 32 24 18 25 12 39 41 49 33 20 49 10 36 44 22
15 21 20 13 21 13 13 14 14 5 23 27 27 20 13 24 12 29 31 16
37 63 48 52 58 49 36 37 42 25 54 49 60 42 34 63 21 42 66 34
40 36 33 20 42 36 32 18 30 14 48 35 48 35 43 46 1 47 38 38
15 18 9 1 20 23 7 11 15 5 20 16 19 25 13 16 5 22 18 17
14 14 5 9 14 23 6 7 15 1 17 9 23 17 13 16 5 19 18 15
54 67 54 66 62 52 38 37 42 36 68 58 67 49 48 74 19 51 75 44
14 31 19 24 28 15 11 18 9 14 35 25 29 22 18 21 9 26 33 26
32 33 23 17 43 27 26 26 31 27 48 31 43 35 40 31 13 40 45 44
5 24 15 17 25 9 12 15 9 16 21 28 25 22 5 23 15 29 31 25
7 1 1 4 3 7 1 1 5 1 2 7 10 8 2 12 1 13 14 7
21 23 17 17 27 21 11 8 5 6 22 18 30 12 18 21 10 31 26 20
9 8 4 5 4 6 5 1 1 6 12 8 11 6 7 6 1 12 12 9
7 2 3 4 5 6 4 2 5 1 5 9 7 11 6 13 1 10 12 8
2 7 2 5 10 6 5 1 9 3 9 10 13 10 4 8 1 12 15 14
23 42 31 27 33 24 9 25 13 14 43 38 30 30 23 28 7 30 39 21
39 30 28 27 40 37 23 13 22 14 46 18 43 33 33 35 5 39 43 39
5 7 8 9 10 11 7 6 10 3 14 9 11 12 8 11 1 12 16 10
10 13 12 16 13 8 9 9 10 4 16 21 15 20 9 17 1 18 26 13
23 18 21 8 23 7 17 9 18 16 28 21 36 20 23 21 9 24 26 21
11 20 17 13 19 18 7 7 2 6 26 18 17 19 10 12 1 21 28 10
27 35 30 29 31 24 20 16 20 15 40 26 39 26 24 34 4 22 39 28
7 28 14 20 18 18 6 8 17 6 23 20 28 17 10 28 1 27 32 15
40 54 33 42 53 47 28 19 35 21 59 37 66 39 39 57 5 56 58 44
18 19 17 19 17 14 11 15 5 10 22 13 23 5 21 18 1 16 21 14
41 52 33 52 47 38 26 22 25 22 55 37 59 31 40 57 7 48 54 36
12 11 14 10 12 8 8 12 9 6 20 16 15 14 13 12 3 8 12 5
20 28 18 30 23 32 9 9 18 11 34 23 32 32 13 33 5 38 37 15
21 23 20 21 21 18 11 10 7 11 20 17 32 10 16 30 3 18 25 24
45 62 50 44 62 23 42 50 29 40 66 64 66 36 33 61 35 62 69 43
16 40 15 19 36 39 17 17 32 7 33 34 42 42 15 37 5 41 46 30
5 5 4 4 2 4 1 4 4 2 3 9 10 6 4 11 1 9 12 7
8 8 11 7 13 10 5 5 4 1 11 8 12 9 5 8 7 12 14 3
46 54 32 29 53 29 41 41 33 39 63 58 63 45 44 47 27 56 56 48
5 27 12 21 28 15 10 8 14 8 22 22 31 22 7 22 7 25 34 25
35 31 36 29 28 17 23 15 12 12 33 31 40 20 23 40 9 26 35 20
9 31 20 25 28 30 7 11 14 8 37 21 33 26 15 27 1 31 39 12
29 33 26 30 35 28 19 14 10 10 34 22 30 18 27 33 2 22 35 30
40 62 43 45 64 39 40 32 49 41 73 54 77 59 40 61 24 64 73 51
10 22 20 9 20 11 1 12 9 1 23 21 21 20 12 15 3 17 22 8
16 22 8 18 21 26 9 9 18 10 26 13 33 21 16 20 6 29 26 22
57 67 37 37 72 46 46 38 43 33 68 65 88 50 45 70 28 80 74 65
24 34 18 21 37 32 20 7 28 10 36 20 51 31 18 35 7 42 42 33
23 41 30 26 42 37 23 7 24 18 47 29 57 36 18 45 9 51 54 33
25 49 25 22 47 25 18 29 29 17 36 48 55 33 21 45 19 42 45 34
51 61 46 46 56 56 43 36 33 9 69 61 58 57 52 64 8 64 66 47
7 5 7 6 4 5 5 6 2 1 12 7 6 7 9 9 1 8 12 7
27 50 39 41 47 41 33 28 24 1 50 51 40 52 35 46 14 46 57 40
24 38 18 27 43 32 23 16 27 7 33 31 46 34 19 35 7 33 47 37
36 43 19 30 43 32 31 22 38 19 51 44 55 45 35 44 9 57 54 46
26 39 28 39 39 31 14 22 9 8 37 30 38 20 20 33 10 36 44 21
21 22 23 14 24 18 16 13 16 10 37 24 26 31 23 21 2 28 31 21
12 6 1 6 5 4 10 4 1 8 10 7 14 5 10 7 4 11 9 10
7 17 13 12 11 18 4 4 9 5 18 17 18 18 1 16 1 21 27 9
55 50 49 53 48 48 41 19 16 8 60 37 48 35 47 55 1 43 55 40
46 54 49 40 50 17 38 25 14 24 56 55 60 39 23 55 25 57 63 46
15 5 7 12 6 8 7 5 3 3 15 8 18 6 12 14 2 16 13 8
3 12 7 5 14 11 1 5 6 1 13 9 15 15 5 3 2 11 14 10
14 24 20 12 17 9 11 16 16 11 21 28 21 21 14 23 3 18 25 14
21 27 25 14 25 7 10 17 11 11 29 35 27 20 13 26 14 28 30 15
11 41 25 21 33 34 4 16 21 5 37 24 39 30 15 32 1 31 40 18
11 7 9 7 15 7 11 1 12 7 20 3 21 14 13 11 1 15 16 17
18 7 4 5 11 15 11 3 7 9 15 6 22 10 18 11 1 17 11 18
7 22 14 20 15 12 6 9 8 8 21 17 24 10 9 23 5 22 28 18
17 52 39 45 43 28 20 17 10 18 51 49 52 43 16 47 15 55 61 30
19 34 16 20 24 30 10 13 22 9 34 24 38 29 20 30 1 33 37 24
1 11 6 10 13 2 1 3 1 3 9 6 14 4 3 4 1 5 12 7
37 50 28 17 53 42 23 26 29 16 46 46 64 43 27 51 19 60 58 41
50 60 45 36 61 33 31 34 35 32 64 41 74 33 35 55 20 50 61 42
11 13 13 12 13 17 3 3 5 1 19 12 18 20 7 16 1 17 20 7
31 44 28 46 41 39 20 25 21 16 49 31 43 28 33 44 6 41 51 31
16 13 8 14 17 18 8 7 10 6 10 15 23 13 14 24 1 25 20 23
55 66 58 52 64 45 39 39 35 26 79 51 67 47 49 63 17 63 75 40
4 2 1 1 2 6 1 1 1 1 5 5 3 11 1 5 1 7 8 2
32 49 18 29 53 54 21 24 41 13 40 35 58 43 33 50 12 58 55 43
36 51 43 28 44 40 16 25 16 6 55 46 46 35 29 48 10 52 56 23
33 28 20 24 30 27 12 10 15 1 27 30 41 28 25 38 7 43 38 29
8 2 4 4 4 10 3 1 5 1 8 6 11 9 6 14 1 14 12 10
9 26 17 16 21 28 1 12 11 1 29 11 17 18 12 20 1 16 26 3
29 56 31 43 56 45 26 21 25 27 65 34 68 42 26 47 13 57 60 45
50 79 63 71 71 51 49 35 29 21 73 71 70 54 41 76 19 66 87 54
32 42 40 33 40 39 22 13 11 6 52 35 42 35 23 41 9 48 51 17
47 63 42 34 67 57 43 18 32 16 61 56 75 58 36 65 12 71 71 60
38 55 37 50 55 58 26 25 23 17 57 33 57 35 38 54 4 51 59 36
46 49 43 31 55 16 36 33 23 35 54 54 68 35 28 57 29 63 57 47
7 7 9 9 9 5 4 8 1 1 12 5 4 4 8 6 1 3 11 2
7 30 17 21 25 25 4 17 11 7 31 19 24 15 16 16 4 20 30 15
39 55 36 54 56 46 36 26 29 8 53 51 59 44 40 58 14 63 66 47
57 52 46 52 53 46 47 33 33 21 58 55 57 46 54 67 13 52 59 45
12 15 16 14 14 8 7 1 1 1 17 14 17 18 4 15 2 17 22 8
30 42 28 8 42 22 21 30 27 15 42 39 47 31 29 37 12 35 38 25
3 1 1 4 3 4 1 1 1 1 1 3 7 6 1 8 1 5 9 2
13 14 16 14 18 6 6 6 2 1 12 13 21 8 3 15 9 12 19 6
17 10 10 16 14 13 4 4 5 1 12 12 19 14 10 23 1 21 21 17
26 36 25 19 34 32 21 15 22 14 36 25 41 30 25 31 9 22 34 29
15 16 10 11 15 17 7 13 16 5 23 14 26 15 17 15 5 16 17 12
47 57 37 60 54 49 33 27 28 23 54 52 60 47 42 67 17 66 68 52
17 28 28 18 19 21 9 15 14 7 34 24 25 23 14 25 1 19 28 4
40 50 48 40 60 26 39 35 25 28 58 44 60 29 41 50 22 48 61 46
28 59 26 31 57 42 25 29 42 19 47 46 67 48 17 55 20 56 66 43
25 15 17 25 19 18 14 6 8 1 23 20 26 19 19 28 6 32 28 19
30 28 16 18 30 27 16 21 26 10 30 33 39 35 25 37 9 37 38 31
53 68 61 43 65 63 37 50 40 22 74 64 63 55 52 65 23 57 69 34
8 26 13 19 24 20 3 8 16 2 20 14 28 20 7 20 1 22 32 18
46 39 42 26 49 26 28 29 33 26 54 36 57 32 43 43 19 43 51 36
38 53 31 35 52 39 36 17 41 26 62 47 66 57 35 55 12 66 70 53
39 49 24 35 53 36 31 22 31 6 39 52 62 44 29 54 22 65 59 50
14 11 12 12 10 9 6 12 3 3 17 7 14 5 15 11 2 6 12 5
7 12 12 10 9 8 6 4 1 1 11 6 13 9 5 11 1 6 13 6
1 4 6 2 8 1 1 3 1 1 4 5 8 1 1 3 4 6 8 2
8 21 18 12 13 8 4 10 7 9 18 20 21 11 9 15 1 10 22 5
7 14 12 12 11 12 4 4 8 1 9 13 21 12 1 14 9 17 22 6
28 23 20 22 32 30 18 16 24 17 40 10 39 21 33 30 9 32 29 24
12 28 18 28 29 28 12 10 22 7 33 22 31 31 13 26 5 33 40 17
42 50 17 25 56 48 32 28 35 27 53 50 65 48 38 51 22 67 59 56
17 16 14 18 10 15 4 10 11 2 22 15 18 14 12 24 1 19 22 7
6 10 12 7 13 2 1 6 1 1 8 9 12 5 1 8 6 10 14 1
15 22 6 24 20 21 9 3 15 14 24 14 39 12 17 33 1 34 31 28
39 62 51 45 55 46 25 37 24 10 65 52 51 41 34 52 15 54 66 23
10 23 7 28 23 19 4 1 17 8 23 18 34 21 3 31 1 30 38 21
41 62 51 39 60 45 39 27 34 33 64 50 65 44 41 57 14 42 61 46
26 39 16 33 41 44 15 10 30 8 39 26 50 34 27 38 5 49 44 36
33 52 33 37 52 39 21 28 31 11 52 38 52 33 30 49 6 37 56 29
28 39 31 35 40 35 33 31 35 14 39 39 51 33 38 52 17 39 43 36
13 15 15 17 11 2 5 9 1 3 20 17 14 10 12 16 1 13 23 10
8 17 9 14 20 15 7 6 9 2 16 5 26 11 8 9 2 7 18 14
16 24 19 16 26 11 2 15 5 8 23 29 29 16 6 24 15 32 34 16
13 5 2 1 8 12 7 2 3 5 10 4 17 6 14 10 1 13 7 14
3 9 6 7 12 7 1 6 3 2 9 5 10 4 6 4 1 5 11 6
22 34 22 29 40 23 6 19 5 11 30 23 40 17 16 27 15 32 34 25
41 52 35 28 58 34 26 30 19 24 55 53 67 42 27 54 26 68 61 48
10 21 10 13 24 19 5 8 16 1 18 15 30 14 10 24 5 27 28 16
41 60 52 46 55 48 27 27 20 17 60 51 58 37 38 61 12 51 63 25
30 41 22 28 48 32 33 25 40 17 49 37 58 43 35 41 13 48 54 47
