1000 20 10 2362
0 5 5 7 14 12 8 5 11 6
16 8 0 6 12 1 25 1 1 17
4 8 19 6 13 4 8 9 12 4
12 3 7 9 10 3 3 3 5 22
2 4 15 6 6 1 1 1 4 11
13 2 5 4 10 5 2 2 1 5
7 5 0 6 11 6 9 2 7 4
4 14 3 12 12 2 6 1 9 5
9 2 4 3 11 5 6 9 4 8
8 0 13 0 3 0 18 9 17 9
4 9 1 8 1 18 17 0 0 11
2 8 7 2 6 4 2 1 3 2
9 11 9 1 6 3 16 4 3 6
5 2 10 6 5 2 8 10 12 2
7 8 5 6 1 6 0 9 2 7
2 0 5 3 9 13 2 7 16 14
11 12 2 4 0 5 9 5 5 6
0 4 7 1 2 2 9 3 1 4
2 2 4 7 3 2 11 2 4 3
21 10 10 1 0 9 10 4 4 1
2 11 4 5 3 7 8 5 6 6
7 0 6 7 2 4 4 7 4 9
7 2 18 16 3 4 1 12 7 14
1 5 2 5 21 16 9 9 1 2
3 20 1 11 10 11 13 16 0 1
5 9 1 6 4 4 9 2 2 4
11 4 5 5 5 3 13 2 2 13
3 2 13 0 17 2 1 2 1 10
5 15 2 16 10 2 16 21 10 5
0 16 2 15 4 1 8 6 16 2
12 1 7 0 7 13 8 0 15 10
3 14 3 6 7 3 3 6 12 21
1 5 3 4 3 15 10 4 4 6
16 11 5 3 1 4 4 3 1 8
14 5 3 9 3 14 11 11 1 11
13 15 5 13 3 16 6 0 10 12
1 15 11 2 14 9 1 8 10 6
1 9 2 5 5 12 3 5 2 8
5 1 6 6 2 3 1 7 4 2
3 6 5 2 1 1 3 4 16 8
1 4 12 3 7 2 2 4 1 7
0 6 2 2 10 8 2 11 6 29
4 3 5 3 1 9 7 1 13 6
2 2 1 1 1 16 18 0 9 7
10 11 6 2 12 1 1 12 2 6
17 17 2 13 2 5 5 1 5 6
6 7 8 15 6 3 8 8 12 3
4 3 12 5 8 5 3 6 3 4
1 3 1 13 2 22 20 1 2 4
7 2 3 0 3 0 2 6 1 4
13 13 2 13 7 4 12 3 12 9
13 7 6 2 4 1 4 2 32 4
1 2 3 6 5 2 2 6 7 4
8 10 3 2 2 1 5 3 4 14
3 4 4 8 2 1 5 3 6 1
15 19 7 5 3 1 3 4 6 3
2 8 6 21 11 18 15 10 12 7
3 4 12 16 1 21 10 0 8 1
0 2 5 8 16 6 10 5 1 4
0 12 9 3 12 8 9 24 19 10
14 0 16 9 7 5 2 10 14 4
8 5 2 1 1 13 15 6 9 9
4 6 3 5 7 18 15 12 12 9
9 6 5 8 15 11 6 1 3 4
3 5 1 1 7 4 3 1 1 1
7 2 4 9 15 4 5 3 7 7
9 7 6 5 8 3 6 2 2 11
1 3 2 3 0 5 0 8 1 2
0 2 0 3 4 5 1 5 4 2
3 1 2 0 10 10 2 3 8 8
4 8 10 7 3 1 7 11 7 7
10 2 4 18 12 11 11 1 16 0
9 14 14 8 1 2 19 14 12 0
5 6 2 3 0 5 1 2 7 3
18 10 8 11 3 5 17 2 11 4
1 2 1 10 6 2 20 26 3 2
13 7 3 14 17 6 8 15 8 18
5 3 9 6 8 2 3 11 1 7
15 2 12 18 16 2 11 13 7 10
2 5 12 15 20 4 13 9 20 1
4 10 5 8 2 6 7 4 8 1
6 4 2 4 5 1 2 7 3 8
6 20 6 22 19 2 6 3 6 6
7 3 1 7 12 6 1 7 2 11
5 11 4 17 3 2 11 7 4 9
13 0 2 3 8 2 7 0 2 8
9 4 1 1 0 1 2 3 2 1
14 5 11 5 2 2 1 10 5 7
3 1 10 5 9 1 1 4 9 10
2 3 6 0 8 10 2 3 0 5
1 7 1 3 1 1 3 2 6 0
2 8 1 1 6 10 8 3 1 0
0 1 1 2 5 8 1 3 6 1
1 2 10 4 7 15 9 2 5 7
5 3 7 4 8 5 0 1 2 2
5 4 2 3 7 4 2 7 2 2
3 2 15 4 7 1 12 5 2 4
1 3 2 3 1 2 2 4 7 16
15 8 9 5 4 0 2 9 15 4
6 5 2 4 1 2 5 2 1 1
1 4 5 2 14 11 3 4 1 2
6 7 13 24 19 8 4 6 11 3
6 13 11 0 16 7 12 5 10 7
11 27 2 6 6 13 12 14 2 10
1 4 6 10 2 1 2 15 8 5
4 5 8 8 27 4 3 10 13 0
1 6 7 3 5 4 2 5 1 2
3 4 6 3 2 1 3 3 7 0
8 4 13 4 15 1 7 4 8 4
2 3 2 11 0 9 7 7 16 8
0 16 4 2 3 1 3 3 1 6
4 5 2 3 2 1 7 2 0 2
1 0 15 7 3 10 16 7 8 5
6 8 4 9 1 2 2 7 7 5
5 2 1 7 3 2 2 2 1 2
12 7 9 5 4 1 0 2 8 12
0 0 3 5 3 9 4 6 5 1
9 3 4 16 6 2 10 1 0 10
0 1 10 1 0 1 6 1 5 0
2 2 7 5 5 7 8 4 7 3
9 7 1 8 11 3 14 1 10 4
5 1 4 1 5 2 4 1 7 4
6 3 9 5 2 8 4 2 1 4
13 11 18 2 8 13 3 11 1 4
1 1 12 18 4 8 2 5 2 2
9 4 5 2 4 1 1 4 3 4
2 2 9 3 5 0 1 4 1 6
10 7 0 0 19 6 5 1 14 1
1 4 15 13 11 16 11 3 2 10
5 4 0 5 6 0 10 2 0 3
4 9 10 9 0 6 6 9 3 2
6 1 7 1 10 4 0 1 4 3
2 5 1 4 3 0 1 6 8 2
1 18 8 7 0 7 2 6 7 9
5 5 3 1 4 1 3 6 0 5
0 4 13 4 6 7 6 6 8 11
3 3 3 5 4 6 4 0 6 12
3 2 4 8 7 6 4 11 5 13
7 5 16 14 0 5 6 4 8 10
2 1 3 3 2 9 1 3 4 6
0 7 11 2 4 4 3 13 1 5
9 5 9 10 10 1 13 1 10 4
6 8 14 5 4 3 8 10 5 7
11 5 1 7 1 10 10 7 1 8
2 8 5 3 5 2 3 1 3 4
5 1 4 2 10 6 11 16 20 2
7 2 3 7 4 3 7 4 4 4
13 15 0 10 2 20 21 8 7 3
14 3 2 6 1 1 9 2 7 3
1 0 5 28 9 9 12 6 1 4
5 2 8 5 5 11 2 5 6 9
6 8 1 9 8 6 3 5 2 9
0 8 10 2 16 4 5 1 11 3
1 1 11 1 0 1 3 1 4 0
13 9 8 15 17 15 14 7 8 2
2 3 3 2 2 9 0 3 3 1
8 9 0 3 6 6 11 7 1 5
7 5 6 8 8 0 7 5 9 7
11 4 1 13 2 19 6 2 9 5
8 11 2 14 5 18 11 1 12 1
2 8 7 6 8 4 8 4 4 6
7 7 1 9 20 13 2 6 10 9
0 7 3 6 5 0 8 4 1 1
13 8 0 4 0 23 23 3 3 0
1 12 5 10 7 13 8 2 16 21
4 5 6 3 6 0 2 4 0 5
4 2 9 6 5 2 8 1 5 9
1 1 3 10 1 5 6 6 2 4
5 29 1 8 8 7 6 4 6 9
10 3 6 6 17 8 5 2 20 24
12 15 6 9 7 13 4 10 8 8
1 14 17 10 5 7 1 15 9 2
19 1 5 5 5 10 10 27 6 7
23 4 1 11 14 9 3 20 4 2
10 1 7 1 7 1 4 1 5 3
2 6 6 1 5 1 4 4 1 3
6 6 8 4 14 19 1 4 13 15
6 2 4 1 1 2 2 9 2 0
10 7 5 10 23 4 1 4 8 2
0 7 2 2 2 2 2 7 3 4
4 1 8 9 4 2 3 3 14 21
9 8 14 5 2 19 15 5 10 2
5 7 8 4 6 4 5 10 9 11
5 14 1 11 4 7 6 13 9 8
6 18 7 5 2 19 11 1 18 2
4 2 1 3 3 12 13 2 7 1
1 4 11 2 9 7 11 14 3 8
13 6 7 3 8 14 4 2 16 20
8 1 7 1 2 2 5 2 5 11
14 3 2 15 9 2 16 21 2 9
1 7 6 14 5 12 14 1 12 5
5 0 11 15 2 3 6 2 11 17
1 3 4 10 1 2 1 11 7 4
1 4 7 7 2 1 5 3 5 2
9 0 2 7 1 8 4 7 11 11
2 11 8 1 11 10 4 3 14 3
9 6 1 5 4 4 1 5 4 7
4 8 0 6 2 11 4 3 0 3
9 0 1 9 10 4 2 2 4 1
11 11 1 10 16 2 3 3 13 3
10 22 0 11 8 0 1 1 7 27
6 3 12 2 3 4 17 2 2 10
11 1 20 10 6 3 9 1 8 1
16 7 4 7 2 6 1 6 3 2
6 14 26 6 10 5 10 11 1 11
1 2 7 4 0 2 0 13 0 6
6 4 8 3 8 5 5 10 6 20
7 3 8 4 10 9 5 4 27 10
5 1 1 3 4 6 3 1 1 1
6 9 3 3 12 7 11 7 5 6
9 9 3 7 13 7 8 7 2 9
10 1 6 4 4 1 6 4 19 7
12 2 1 1 10 5 6 10 7 5
4 0 1 7 7 3 3 1 1 4
2 10 11 8 13 1 3 1 2 6
12 6 7 4 3 16 6 11 12 8
3 8 6 4 7 21 22 2 5 2
9 1 2 6 10 16 10 1 7 14
3 6 9 8 7 6 3 18 0 13
2 2 6 8 5 18 10 9 3 8
13 4 4 6 16 3 2 13 13 26
4 0 5 3 3 7 4 3 3 1
7 7 3 10 9 2 2 5 5 3
10 5 1 2 1 7 9 8 11 10
6 2 5 5 3 0 6 1 3 2
1 8 15 11 7 2 11 19 6 2
10 4 20 14 8 5 9 2 0 7
15 6 1 19 1 1 15 11 13 14
1 2 11 8 10 0 1 18 16 12
7 5 2 5 5 0 2 4 4 0
4 3 8 8 22 3 6 9 10 5
4 13 23 13 8 13 18 4 0 2
10 1 5 2 7 1 9 12 7 1
6 0 0 1 1 3 3 9 3 2
13 5 18 12 1 9 2 7 5 2
19 14 11 4 4 3 12 14 6 13
7 3 6 5 9 3 1 18 3 6
12 1 1 5 2 5 12 1 13 6
15 9 18 15 3 14 1 3 5 0
8 2 9 1 2 1 2 5 5 5
17 11 15 14 5 16 0 16 7 3
8 4 15 3 19 4 6 20 7 7
1 9 3 14 4 8 2 14 7 5
8 4 5 12 4 4 0 1 6 3
12 14 7 8 6 1 0 9 14 6
20 0 6 17 9 7 2 3 5 0
2 4 5 1 10 6 13 6 1 4
13 1 6 2 4 3 9 6 8 8
3 5 1 0 5 2 3 8 1 1
2 10 4 5 1 3 2 2 7 4
6 13 18 12 11 4 18 8 13 4
1 14 6 23 4 1 21 14 1 2
14 3 4 17 11 8 3 9 10 9
7 0 4 4 1 1 2 10 5 1
12 22 8 8 1 4 2 16 14 3
0 5 7 1 8 3 1 2 7 14
3 1 2 5 5 3 0 4 2 4
5 12 19 3 7 12 4 7 8 11
15 11 7 28 15 6 0 3 10 0
8 16 7 3 13 6 11 3 2 5
10 7 13 11 15 9 8 25 5 2
8 7 10 10 4 11 16 17 2 6
4 3 3 4 9 16 4 5 1 12
8 1 2 2 3 6 3 1 1 2
2 1 1 5 4 7 0 1 2 3
8 1 9 5 1 9 0 7 11 3
1 5 0 3 5 1 4 3 4 0
4 2 0 3 5 5 6 3 4 3
5 3 5 7 8 5 24 4 10 13
4 5 1 3 2 7 14 1 4 6
2 1 9 16 8 2 4 6 3 11
2 0 1 15 18 2 0 9 3 11
3 14 14 2 2 2 3 8 1 2
9 10 11 12 6 7 2 2 1 3
2 1 13 7 2 11 1 9 8 9
4 7 1 5 7 3 6 1 7 3
1 25 6 9 3 6 14 5 11 2
5 8 0 3 21 6 12 7 6 1
15 5 7 13 12 3 14 11 13 3
2 1 3 2 5 1 9 1 3 0
1 2 3 0 15 5 2 1 2 2
7 12 9 6 14 24 18 5 2 4
4 3 2 17 4 3 10 5 5 5
16 9 1 1 3 8 9 10 7 6
3 1 13 13 11 5 7 3 4 8
20 1 10 3 5 1 2 10 2 1
10 10 18 3 12 9 8 20 10 5
1 14 4 16 2 4 17 6 21 2
6 4 2 2 3 5 10 5 7 2
12 1 6 4 4 0 1 2 14 9
2 3 10 1 12 16 3 5 1 3
13 8 9 1 1 12 2 9 0 5
9 4 5 1 6 4 6 3 1 8
8 4 5 2 2 2 4 2 3 6
13 0 12 0 0 20 12 1 4 2
8 12 9 7 2 7 0 1 13 16
7 20 9 4 10 8 11 12 4 1
15 13 8 25 3 1 16 2 1 6
11 3 17 2 1 15 6 20 9 8
6 11 2 2 6 8 2 2 6 4
21 5 22 18 9 2 4 11 0 8
7 17 2 7 3 19 3 21 14 9
10 6 5 5 9 17 10 1 15 17
2 3 3 6 5 8 6 11 1 2
9 9 8 6 10 6 23 0 4 1
4 1 1 15 5 6 10 3 13 7
4 1 6 2 1 4 0 4 4 2
6 2 10 10 9 3 0 14 11 9
8 3 4 2 2 9 2 1 3 9
2 3 8 2 3 8 15 7 26 5
1 0 1 12 27 9 5 9 0 18
1 7 1 3 10 2 1 5 15 2
1 4 4 12 1 1 1 1 3 2
4 7 6 1 10 18 5 9 4 4
13 8 5 10 16 11 7 5 9 14
5 4 3 0 4 1 5 3 3 10
12 17 4 3 14 3 20 1 11 11
1 0 6 1 3 7 2 2 5 8
15 3 0 0 17 13 6 6 1 10
5 0 8 5 3 9 11 12 0 3
13 18 10 13 9 10 12 6 13 1
7 9 9 2 12 6 9 3 1 2
9 3 19 14 11 4 4 9 2 3
10 8 7 1 13 1 9 6 22 15
16 13 14 3 6 8 8 7 3 2
16 4 2 2 1 14 10 16 8 3
14 2 9 7 4 9 12 3 9 1
12 3 23 4 3 9 21 8 10 8
1 6 10 9 6 12 6 6 31 12
2 4 5 1 6 10 0 2 2 4
2 6 2 9 8 7 5 5 0 2
6 2 8 5 5 4 6 0 1 0
8 7 22 8 6 14 3 3 1 5
1 11 6 2 5 0 3 3 2 8
9 8 4 6 6 3 4 16 2 4
8 6 11 0 6 4 3 2 1 2
2 3 0 9 2 5 2 5 0 3
4 7 4 7 7 6 1 7 6 2
7 3 9 7 5 13 4 23 8 9
2 8 4 13 11 16 6 10 7 7
2 2 3 1 4 6 4 4 6 3
9 1 2 5 11 12 7 5 2 3
10 3 15 4 7 16 13 17 5 15
6 4 18 3 12 7 6 11 0 3
4 2 2 21 5 21 5 1 19 12
6 10 2 4 4 8 6 10 2 12
1 21 9 2 9 11 7 9 8 9
17 19 2 5 2 15 3 1 16 15
6 12 8 9 15 3 3 7 12 3
0 4 1 8 6 5 1 2 5 5
1 1 4 7 5 6 2 1 8 5
13 5 18 0 17 6 10 9 3 7
1 7 11 18 0 1 6 6 11 25
3 4 3 1 3 1 3 5 1 6
5 10 3 5 0 7 4 10 26 9
7 4 2 6 4 4 9 4 2 9
3 2 0 2 2 12 1 2 9 5
10 4 12 2 17 2 5 10 24 9
9 1 10 0 5 1 13 2 5 11
0 0 5 3 2 9 4 0 5 9
2 5 1 7 3 4 3 2 2 1
9 4 3 3 4 6 11 7 1 3
0 11 6 17 14 1 4 6 4 25
6 5 11 7 6 9 13 10 1 7
6 6 4 10 9 2 5 10 1 11
13 1 6 1 1 5 5 8 6 12
2 4 3 3 2 6 5 3 2 2
5 1 11 13 4 3 20 1 0 28
33 9 2 2 2 4 13 0 7 10
4 1 3 4 4 1 5 6 2 1
2 14 1 15 3 2 12 13 6 1
18 1 7 2 0 3 7 7 12 9
2 0 5 3 5 0 7 8 12 7
17 8 7 13 24 17 7 8 3 6
13 2 23 15 3 6 4 8 7 3
2 1 3 2 1 8 3 4 6 10
11 13 15 10 1 2 15 5 5 1
1 1 1 11 6 0 1 9 1 4
0 5 3 4 1 5 3 4 9 5
7 17 1 3 15 21 1 3 9 17
7 2 12 0 11 9 7 11 9 8
10 2 18 14 2 13 3 7 3 10
3 3 0 7 0 0 5 2 6 1
3 4 6 0 9 0 20 3 4 4
7 3 6 3 4 1 1 1 1 2
10 1 12 14 2 13 2 0 4 13
13 4 6 10 4 13 3 4 13 8
5 1 6 16 12 6 22 5 0 8
8 6 6 6 3 11 7 1 3 6
13 2 2 8 13 15 2 13 10 8
2 3 3 1 19 4 6 3 7 5
4 20 4 4 4 0 2 1 9 14
7 7 4 4 23 16 6 10 4 2
7 16 1 4 0 2 2 3 11 6
6 1 2 3 2 8 2 2 11 1
5 6 1 11 8 7 7 13 7 5
11 9 15 2 14 3 5 2 8 5
5 7 6 8 4 3 7 5 9 0
7 10 4 3 3 7 5 12 1 2
3 18 10 0 5 1 8 3 5 11
13 7 19 1 12 14 12 11 5 16
1 2 4 8 2 3 0 3 7 10
1 5 6 2 7 3 1 4 2 8
6 2 2 2 3 7 6 4 2 0
4 7 1 15 17 6 10 6 14 12
2 2 8 2 8 1 10 3 1 5
5 15 3 3 4 2 17 11 5 11
1 10 3 4 1 1 10 7 3 11
5 1 1 2 1 1 0 7 4 3
0 7 7 22 3 3 10 21 1 13
4 8 1 16 6 0 3 5 4 1
9 9 2 27 9 5 9 15 6 10
2 8 14 5 1 6 4 8 1 11
3 3 5 1 2 1 1 3 8 4
8 9 2 5 7 2 7 10 9 14
3 4 4 10 9 12 2 11 21 9
7 10 10 1 4 17 5 9 13 4
7 3 7 3 6 2 4 2 0 7
2 4 5 11 7 6 8 4 9 5
10 9 3 13 14 6 5 8 7 0
15 7 3 4 2 15 3 13 10 18
6 3 8 9 0 7 12 4 4 2
11 3 5 4 6 1 6 4 2 6
12 2 3 1 4 14 1 0 10 7
3 4 6 3 4 4 0 3 1 2
8 2 3 9 14 18 13 18 12 13
2 3 9 6 5 7 8 7 6 1
14 8 1 6 7 2 1 8 2 4
4 8 7 7 4 12 6 1 2 0
26 10 22 4 3 0 3 1 4 1
3 14 2 2 8 7 7 1 1 10
2 8 7 10 1 9 8 2 5 2
7 5 13 11 11 7 8 7 11 5
10 9 4 23 4 2 12 14 5 11
0 2 3 6 2 3 3 2 6 2
6 0 8 5 0 2 2 0 7 6
1 0 3 1 2 4 9 13 1 11
4 3 10 1 9 1 7 16 2 1
11 13 10 4 5 7 15 13 17 1
9 4 17 3 4 6 6 6 10 10
26 8 4 4 3 3 2 17 18 7
12 10 4 12 3 19 13 4 11 17
3 2 1 1 1 11 1 5 2 8
1 4 12 6 6 3 7 3 1 12
5 10 3 20 4 2 2 3 10 7
0 5 7 2 15 7 9 11 3 9
0 13 7 2 18 8 2 10 11 8
3 9 16 2 6 21 13 15 7 8
5 7 4 9 7 5 7 2 1 6
5 10 14 18 18 6 7 10 15 15
14 3 13 3 1 7 13 3 2 9
4 8 3 4 5 1 10 0 10 8
4 3 1 1 1 2 14 7 9 4
6 9 8 19 8 4 13 7 9 18
2 12 5 12 15 2 8 7 20 16
13 16 8 12 7 4 13 11 1 6
13 6 18 7 11 2 11 7 3 9
24 1 2 5 2 3 8 9 6 21
1 3 1 1 8 1 4 2 2 1
4 4 1 3 4 5 5 6 3 1
9 5 9 5 17 12 5 5 9 12
5 2 4 1 8 14 8 2 4 1
7 15 11 5 2 14 5 17 11 8
6 7 4 4 9 18 4 2 7 4
1 5 3 8 3 9 4 3 5 4
3 0 14 2 7 1 6 0 6 1
3 3 3 2 7 3 8 9 4 3
10 2 13 1 11 6 1 0 2 3
2 19 5 13 3 1 6 8 10 3
11 21 4 17 8 3 9 15 5 16
3 13 10 2 8 7 8 6 14 3
5 14 0 4 5 9 1 6 12 3
4 0 0 6 7 7 27 18 4 4
4 2 1 5 10 0 10 4 2 3
17 3 6 16 5 3 3 6 9 4
3 5 2 4 3 0 6 6 4 2
11 8 2 2 12 11 1 24 1 7
3 3 2 7 1 1 7 5 1 3
3 1 2 1 2 2 3 7 1 4
3 6 21 4 9 7 4 3 8 3
0 2 1 6 13 2 1 1 2 10
2 6 1 3 2 4 6 4 4 1
3 9 3 15 1 11 17 15 0 2
4 5 2 4 2 3 9 5 2 9
12 5 4 9 8 3 16 3 6 5
12 2 12 3 8 11 15 1 7 7
16 12 2 0 0 18 3 21 3 3
7 14 7 9 1 12 5 9 0 2
4 6 2 17 3 1 1 2 2 1
8 0 14 13 4 13 14 14 20 5
4 4 9 16 0 4 1 15 5 5
5 1 2 1 0 5 5 17 16 13
24 11 5 7 7 3 5 4 2 8
1 12 2 2 6 8 3 3 12 5
5 9 7 3 3 3 0 1 2 1
0 3 9 1 7 4 2 5 4 3
2 4 14 2 2 7 9 5 14 3
1 7 9 11 6 15 10 5 15 11
23 4 6 13 2 9 2 22 5 3
11 0 10 14 4 2 19 4 4 4
13 1 20 2 2 20 15 2 7 1
4 7 2 7 3 1 3 21 2 2
13 4 6 6 12 3 4 3 7 11
7 12 14 5 5 13 8 4 5 9
11 17 9 14 5 10 6 3 10 3
7 1 2 7 5 3 15 21 7 27
6 11 11 13 7 20 8 9 1 14
1 4 5 0 1 8 3 5 2 2
1 6 12 4 4 11 3 10 19 6
0 2 8 1 1 5 0 6 9 1
3 9 1 11 1 2 1 1 7 9
1 2 2 3 4 5 3 2 4 6
12 5 2 3 2 3 3 10 16 9
5 6 1 16 2 18 4 21 10 5
4 0 5 1 5 9 1 4 6 0
2 9 13 13 3 14 2 5 9 10
9 19 3 8 19 5 3 5 11 6
16 19 7 25 8 7 2 5 3 5
2 1 17 0 6 5 3 2 16 3
2 0 1 5 3 7 5 2 0 0
3 4 5 3 6 4 4 7 5 1
1 3 12 0 1 1 2 5 5 5
6 3 2 11 2 30 3 4 16 9
5 0 1 1 1 19 23 10 16 1
1 0 8 3 1 2 2 7 8 7
6 2 6 2 0 0 2 3 3 1
4 5 7 5 4 1 0 3 4 4
12 7 8 1 1 3 12 12 7 10
3 3 5 9 7 1 11 9 3 8
22 9 10 4 5 8 2 5 5 1
2 5 1 0 1 8 6 2 5 3
10 14 1 7 4 2 3 12 3 0
20 7 10 3 9 4 26 6 5 5
9 15 3 6 5 8 2 1 1 3
2 6 4 9 5 2 1 5 9 3
6 10 3 1 10 2 5 4 7 5
1 4 6 1 2 5 1 4 5 6
3 25 8 21 1 2 1 1 5 17
1 5 0 8 7 8 8 2 3 1
1 9 12 15 17 11 22 6 3 8
5 6 1 8 0 3 2 1 2 6
2 4 16 1 4 4 2 4 3 3
17 3 7 3 2 12 3 0 2 0
6 3 4 0 11 10 3 2 12 4
1 0 11 3 1 8 9 7 0 11
8 10 5 5 1 5 5 8 4 3
3 14 18 6 13 5 2 13 3 4
1 5 4 6 19 15 8 9 2 3
3 5 10 12 3 5 13 8 12 7
7 1 5 1 12 4 10 8 5 4
12 11 3 8 5 1 5 2 4 0
14 8 1 1 9 11 11 3 9 13
6 0 10 0 6 0 2 8 1 4
13 1 17 14 2 16 12 3 8 15
5 6 4 7 3 5 14 5 1 1
7 3 6 2 10 3 3 5 8 3
7 9 14 8 13 0 5 18 0 9
10 2 3 8 3 1 6 8 25 3
0 5 9 3 15 6 6 3 10 9
8 1 10 8 1 2 3 0 0 4
1 11 1 3 10 0 0 14 4 2
5 5 4 0 7 7 5 1 3 5
6 7 7 6 2 0 4 4 8 6
15 19 10 3 3 5 15 0 6 19
3 3 18 4 11 2 4 7 3 2
3 8 4 7 5 5 3 3 7 1
14 20 20 2 1 16 1 10 9 8
4 7 1 8 4 6 1 10 0 3
7 9 8 8 5 1 15 3 5 2
5 2 10 3 4 5 3 2 5 2
1 3 10 17 6 15 10 4 9 0
14 1 4 16 3 15 9 3 4 2
13 11 2 9 7 4 5 6 2 1
3 1 1 3 2 3 4 4 5 5
5 7 0 7 8 0 1 2 5 4
11 11 12 5 21 14 13 2 14 2
15 9 5 9 3 11 5 5 7 2
1 5 7 2 1 3 5 12 8 7
4 10 7 4 6 6 13 7 2 2
3 1 3 2 2 5 3 9 9 7
1 14 15 0 0 3 3 6 2 4
10 11 2 2 5 1 4 10 2 7
8 7 1 10 6 7 4 16 6 9
5 5 0 1 1 8 2 9 8 3
4 5 9 3 3 3 8 5 7 6
9 9 2 4 7 7 4 2 3 19
4 3 4 3 2 6 2 0 3 4
5 1 6 1 2 3 1 0 4 3
3 0 9 2 8 2 0 3 1 10
6 5 2 3 1 0 6 2 6 5
11 9 14 2 13 8 1 0 12 13
3 4 2 12 4 3 3 9 1 10
5 3 1 6 10 0 0 7 11 5
3 11 4 1 0 2 2 6 10 6
18 9 7 1 4 17 16 2 1 5
7 2 4 8 19 15 20 7 11 4
26 3 9 17 2 11 16 4 0 5
2 4 5 4 6 4 2 3 2 1
13 3 12 9 19 4 11 11 4 6
2 15 4 3 8 1 1 4 9 14
23 16 1 12 7 16 3 1 4 10
1 6 17 10 2 15 16 4 20 0
1 5 1 7 2 3 2 1 2 1
9 0 4 7 10 5 19 6 1 2
5 9 4 9 2 5 8 2 3 3
3 0 7 7 3 3 6 6 9 1
11 1 2 3 13 12 22 5 20 16
19 10 8 19 3 8 8 12 15 4
11 1 2 1 0 1 4 2 14 1
3 5 8 6 4 1 1 3 3 3
3 2 2 13 6 10 2 1 6 4
1 6 6 3 0 4 9 1 1 4
4 9 3 17 22 10 11 1 4 1
19 11 7 4 12 15 4 5 1 14
22 5 7 4 14 11 1 3 23 4
0 7 6 11 13 2 11 0 1 13
2 11 2 6 5 1 2 14 1 12
4 6 2 9 15 8 15 4 3 4
6 2 0 7 12 8 6 7 2 6
1 16 7 12 10 4 18 3 17 2
9 3 4 10 5 11 8 7 9 5
13 4 6 1 1 4 5 2 2 4
12 3 0 17 20 8 2 2 13 0
17 8 3 3 6 10 5 7 0 8
5 1 13 4 20 22 3 11 14 2
8 15 12 2 17 15 8 17 14 4
7 17 1 8 2 4 2 3 6 12
7 5 1 2 0 9 10 3 2 4
12 0 4 8 6 4 5 3 2 2
11 2 5 12 29 2 9 8 3 2
4 4 8 4 3 4 9 9 10 7
10 25 13 4 20 9 8 7 8 1
5 5 7 2 5 3 3 2 1 6
9 14 1 7 11 11 12 10 23 10
2 22 4 4 28 2 3 8 10 3
1 5 7 6 3 8 2 7 0 5
8 6 13 24 2 6 3 20 3 2
18 9 4 18 1 4 9 16 8 6
5 5 3 15 2 8 6 5 4 9
5 8 5 4 10 3 13 0 3 2
1 10 11 10 3 12 7 7 4 9
21 11 0 12 8 9 5 4 1 6
4 6 3 5 6 1 4 0 0 12
1 18 0 19 7 12 5 8 1 8
2 9 4 2 5 8 5 10 5 2
7 18 3 2 12 18 1 2 2 4
3 0 2 1 4 5 2 3 1 10
2 6 13 7 10 18 4 2 21 2
5 10 1 22 14 3 3 9 7 1
6 5 8 23 3 15 4 8 5 8
0 8 2 7 2 7 1 1 3 1
9 2 10 18 4 12 3 11 2 1
5 12 14 1 1 7 12 24 16 4
9 11 1 1 7 1 2 1 1 2
2 7 4 9 2 4 2 2 5 1
9 14 18 5 9 2 2 0 5 13
4 12 8 8 11 3 2 12 12 2
5 4 2 4 4 5 25 7 6 7
2 3 8 2 2 1 12 1 4 1
3 6 0 1 1 8 6 4 4 3
2 1 11 4 4 5 6 9 7 7
6 11 3 0 6 0 11 14 13 1
5 3 3 5 10 6 10 4 12 26
11 11 5 1 4 1 3 1 3 1
6 5 3 2 6 6 0 4 4 2
9 14 16 4 18 5 13 12 7 12
2 5 1 1 4 10 6 6 12 1
10 14 1 3 1 1 2 1 34 1
2 5 6 3 3 4 1 3 8 4
6 5 0 9 2 2 7 5 15 7
9 9 9 16 2 1 26 11 16 0
2 4 4 1 0 5 3 10 0 9
3 13 8 8 15 13 17 2 4 5
3 7 0 7 0 8 17 8 5 3
2 6 10 9 1 14 10 2 5 3
3 4 2 2 7 1 6 0 3 1
1 17 12 11 1 15 3 8 4 1
5 7 5 8 3 0 3 1 4 4
18 22 4 16 14 6 8 1 5 9
10 11 6 16 2 21 8 5 15 1
3 4 3 0 6 4 24 0 7 12
3 22 3 8 8 16 10 20 6 4
7 3 1 4 11 25 9 12 7 13
0 8 5 2 15 6 6 3 9 19
0 1 5 7 2 2 3 0 5 1
10 5 10 9 16 6 3 12 3 1
5 1 1 4 4 6 9 15 6 1
15 1 5 5 7 17 13 11 1 10
14 1 3 5 4 1 4 3 7 4
2 13 13 8 10 12 5 21 2 6
8 4 2 7 2 3 4 4 4 1
4 4 3 2 3 1 6 5 16 3
3 10 6 6 3 10 1 3 1 3
5 26 10 13 1 8 11 1 15 11
9 0 6 1 4 1 6 16 9 3
7 1 4 3 4 3 1 2 3 1
3 8 20 3 0 3 4 9 5 6
4 8 19 12 6 2 6 9 20 9
4 8 17 4 13 3 1 3 5 7
8 1 6 22 3 6 6 10 1 4
7 1 2 3 1 1 0 7 0 6
26 11 3 11 13 1 3 6 7 3
14 1 1 11 4 22 13 14 5 19
2 5 6 7 2 4 11 3 4 9
5 5 1 0 2 3 1 5 4 3
11 1 15 9 18 10 8 5 1 6
24 8 4 11 3 9 4 16 2 2
10 0 5 2 4 2 6 7 9 6
2 2 0 10 2 17 6 9 24 7
6 1 3 2 7 7 0 1 2 1
0 6 7 2 1 2 3 8 1 3
3 9 22 13 17 10 18 8 1 7
4 10 7 0 1 3 6 3 7 7
9 11 3 23 2 2 8 18 13 5
4 2 6 10 16 9 4 9 4 7
15 21 9 5 1 26 6 4 9 4
7 2 2 7 8 5 4 5 5 3
6 10 8 13 1 6 21 11 14 3
4 11 4 24 1 2 4 2 16 3
13 10 19 1 21 2 6 10 11 0
5 7 5 4 14 4 11 3 2 7
4 6 3 6 3 11 8 2 7 17
0 2 2 11 26 25 3 4 5 11
1 0 19 4 12 7 13 14 1 13
8 1 23 4 11 2 6 21 5 17
9 6 1 15 1 9 9 1 19 12
4 5 6 2 7 6 4 3 4 3
23 8 10 5 6 13 0 1 23 9
5 7 8 1 6 26 7 8 15 6
4 1 0 5 2 7 3 5 9 8
13 10 7 2 6 12 0 12 0 12
4 5 5 1 2 5 1 3 3 5
13 1 8 5 14 12 9 11 8 2
16 5 7 10 6 8 3 1 22 10
9 3 3 3 4 8 0 4 6 3
4 1 4 4 1 4 1 1 6 2
18 3 3 3 4 13 6 2 10 2
11 4 5 18 10 8 4 8 8 2
8 1 3 5 7 6 2 2 1 9
6 1 9 1 0 2 5 2 4 1
5 8 11 16 5 4 9 25 4 17
1 1 14 15 4 18 6 5 9 13
1 1 2 3 1 2 3 8 3 1
11 4 12 3 1 11 9 4 11 17
9 13 6 7 16 12 3 5 10 11
0 7 5 1 7 2 4 2 1 3
0 15 6 8 15 0 2 12 3 11
5 4 2 9 1 3 0 1 8 6
13 1 18 10 12 2 1 5 4 3
4 6 12 9 6 1 18 3 13 4
12 14 6 7 3 4 1 3 4 1
3 0 5 5 4 12 10 9 8 6
10 0 7 11 5 1 8 13 1 1
0 1 6 0 3 7 7 3 1 5
3 1 5 1 0 13 1 5 2 4
12 4 13 4 13 2 17 23 0 11
3 2 2 3 1 5 2 3 2 11
5 9 7 9 5 6 3 1 6 2
11 6 12 2 4 20 13 17 3 9
25 4 2 4 6 9 12 2 12 10
7 6 2 2 1 5 2 5 1 1
2 4 7 1 1 5 5 2 1 5
5 1 4 4 16 10 6 4 1 8
23 7 3 3 4 4 9 11 1 8
4 1 12 3 14 7 2 6 18 8
13 30 1 12 1 7 9 7 6 3
3 1 7 1 5 2 3 4 0 2
6 5 8 3 4 4 2 0 1 4
18 17 2 3 6 7 4 19 12 8
3 5 8 5 3 7 11 5 1 8
5 4 5 3 4 1 14 9 10 8
5 4 1 7 0 2 3 2 1 1
3 6 8 10 5 4 5 10 31 9
13 10 9 12 11 1 9 7 11 1
3 13 2 1 0 1 7 4 2 7
9 2 3 6 1 4 1 4 6 2
20 1 5 0 3 10 10 12 12 3
22 17 6 2 5 8 8 3 4 16
9 12 5 4 5 7 1 12 19 1
3 7 8 9 0 5 9 2 14 14
5 10 6 13 11 9 14 11 6 11
4 3 4 9 6 10 1 6 6 5
7 12 3 8 11 1 2 15 2 15
15 6 6 0 1 2 17 4 6 3
0 11 21 10 3 1 8 13 10 20
24 18 9 4 15 0 6 5 2 2
3 6 8 2 10 15 7 8 10 2
7 6 7 0 11 11 9 11 1 6
14 4 3 5 9 22 11 1 17 12
4 13 15 2 5 8 6 7 8 3
5 4 0 1 3 8 0 5 2 6
1 9 3 13 7 3 1 5 7 12
10 5 11 2 8 3 0 8 3 6
5 10 6 4 7 5 12 0 6 8
1 8 4 1 8 19 7 3 9 13
0 3 2 1 3 8 8 14 11 1
1 4 1 1 0 7 9 2 5 1
1 4 5 4 6 1 8 6 6 11
2 8 6 6 0 1 2 9 3 4
16 1 3 8 3 0 6 7 2 3
0 1 1 6 6 6 5 4 4 19
1 1 16 9 12 17 9 1 4 8
0 8 1 4 1 15 8 6 4 14
5 14 4 0 11 8 18 15 3 11
0 6 8 2 3 3 0 1 5 3
0 10 10 13 2 28 8 13 9 8
17 3 2 4 2 15 19 7 1 3
12 4 6 0 0 16 8 11 12 3
15 4 5 7 2 4 1 5 6 14
6 6 0 11 0 17 13 15 11 1
5 4 5 5 2 7 2 1 4 9
6 6 13 4 6 5 3 4 15 3
4 0 13 4 4 5 5 0 1 5
0 10 1 3 1 7 8 15 13 7
2 0 5 12 1 8 21 3 15 6
13 1 17 2 1 8 9 15 1 19
1 7 3 5 5 3 8 6 1 1
7 1 6 3 7 4 7 5 2 2
2 9 6 2 0 0 16 5 2 1
0 4 5 7 1 3 2 3 2 0
9 5 13 12 9 2 12 3 2 11
17 5 14 6 3 8 13 6 1 25
13 17 4 6 16 6 3 3 0 11
1 5 8 15 5 15 4 8 5 6
2 2 4 11 2 4 5 12 2 6
3 2 1 4 5 4 2 8 5 10
10 3 7 2 4 8 1 1 13 3
9 18 3 1 9 1 9 4 14 5
1 2 3 2 3 13 6 1 0 5
1 5 2 11 16 17 12 15 7 3
0 5 7 1 5 7 0 2 5 3
6 6 3 6 1 2 4 13 5 12
8 13 16 11 1 3 7 8 18 4
9 0 1 8 9 3 1 5 1 1
2 3 1 12 16 7 3 5 3 4
8 10 4 17 0 13 8 11 14 17
4 7 10 10 6 10 9 4 11 6
1 14 0 15 6 2 4 5 19 6
13 7 12 4 12 2 1 5 5 6
3 18 14 19 2 1 1 0 13 7
17 2 8 12 1 1 14 11 1 3
1 8 20 23 8 5 7 1 5 10
12 1 8 6 16 5 20 9 6 10
6 6 6 6 5 10 3 6 9 1
5 0 4 3 3 21 10 5 19 9
7 6 14 24 3 2 9 6 10 3
6 2 1 0 1 3 2 3 5 5
11 2 16 7 13 3 3 15 3 3
16 9 10 3 8 6 10 8 6 6
12 1 2 10 7 6 2 11 16 5
4 0 6 3 2 1 2 2 5 5
15 2 6 2 4 3 7 5 0 3
2 1 1 2 2 0 1 3 3 10
3 1 3 8 5 1 5 2 7 4
27 7 12 11 18 2 1 8 8 5
8 5 5 3 3 6 4 6 3 3
8 0 8 4 0 3 6 3 7 2
2 4 2 1 2 3 5 2 4 6
9 9 15 12 5 5 5 6 16 12
6 2 11 4 11 3 1 6 2 6
5 6 7 1 1 11 8 5 0 8
7 4 3 4 2 5 4 2 1 5
8 1 1 4 3 6 7 4 6 2
1 2 3 6 16 4 15 11 5 9
3 21 4 10 15 9 7 3 3 2
9 3 16 3 6 19 8 21 3 4
5 3 7 16 19 8 0 4 11 6
4 4 11 24 5 0 19 6 3 9
1 1 3 7 1 2 13 1 3 5
8 9 6 12 6 6 15 1 1 5
7 5 13 7 7 3 5 8 0 2
6 11 4 16 11 6 0 26 2 2
4 3 1 4 13 4 4 1 2 5
4 6 4 5 5 2 1 1 2 3
4 2 7 3 8 19 8 19 2 0
3 1 1 6 2 6 6 1 4 8
3 4 3 10 4 8 12 15 7 5
3 4 0 5 2 4 1 10 3 4
1 13 3 17 20 1 8 11 2 14
5 2 7 2 4 8 6 5 6 10
3 1 12 9 6 6 13 15 21 7
0 6 4 5 2 1 10 7 7 6
24 9 11 4 6 5 2 17 15 13
3 3 12 2 6 18 8 20 7 6
18 3 9 8 1 5 5 20 5 1
1 4 1 26 12 4 8 3 10 1
11 3 1 0 4 4 6 3 5 13
0 14 8 28 11 0 7 4 10 10
1 9 3 5 3 6 0 0 8 4
5 3 9 17 1 1 0 1 10 1
5 9 14 2 7 5 2 9 8 7
2 6 0 6 3 8 0 6 0 9
9 11 4 8 27 8 15 0 4 1
11 2 1 5 1 1 6 13 2 1
9 0 23 7 3 3 7 6 2 10
3 2 6 5 7 7 7 1 4 6
1 1 5 5 3 4 2 6 8 1
6 4 1 0 3 6 2 8 1 1
2 6 2 6 16 12 10 11 11 5
4 8 6 1 3 14 9 1 0 4
1 8 2 3 4 5 13 4 4 5
18 18 0 18 10 2 3 0 0 4
3 1 0 12 0 6 9 4 1 1
15 10 9 4 19 6 13 11 11 5
8 8 1 8 8 2 2 8 14 2
13 3 7 7 1 22 3 3 6 6
4 11 6 1 13 13 5 16 9 13
8 5 11 14 8 3 7 30 1 7
14 5 4 12 3 10 5 2 4 2
9 25 14 9 4 3 4 9 12 15
9 11 1 4 1 5 14 7 29 8
6 3 5 5 0 6 1 1 3 8
3 2 3 2 2 5 1 4 6 8
3 4 4 12 11 13 7 11 7 7
10 5 7 11 3 3 34 6 8 0
7 16 7 10 0 4 25 7 0 5
3 4 4 1 4 6 5 2 6 3
10 10 18 8 9 10 2 21 4 13
1 2 2 2 2 1 11 0 2 1
12 1 6 4 2 3 10 7 6 7
8 2 5 10 13 7 29 8 4 7
9 15 2 18 2 9 0 8 0 0
4 9 7 4 5 13 1 3 1 4
8 4 2 2 5 3 9 9 6 3
2 18 10 4 10 10 7 19 3 1
16 1 6 1 11 12 23 11 15 7
2 3 11 2 6 6 1 17 9 1
2 2 17 7 10 5 4 0 8 20
10 4 10 12 8 5 8 11 4 16
6 13 9 7 16 14 0 15 18 14
3 1 1 1 7 3 8 2 1 6
10 26 7 11 1 1 10 1 10 3
17 6 10 0 8 4 5 0 5 4
4 10 5 20 11 6 9 23 2 3
2 2 6 4 2 1 7 6 2 3
3 4 5 1 2 1 7 3 9 5
9 4 6 4 11 13 9 5 8 15
0 2 2 7 6 1 2 1 2 1
15 7 3 3 1 14 4 9 3 0
5 13 2 3 23 6 3 12 4 0
3 21 7 11 1 23 4 2 1 1
0 12 9 5 7 1 10 12 22 1
0 2 3 1 5 2 4 7 1 2
5 19 10 11 3 2 7 6 8 4
3 1 4 3 3 3 1 5 3 7
7 0 2 5 2 1 8 1 0 3
13 4 2 10 12 3 2 18 1 2
13 10 6 17 1 4 9 5 5 24
6 24 3 8 17 10 9 7 6 13
14 18 2 15 6 9 14 7 11 12
7 1 2 5 2 1 0 1 3 0
1 11 4 12 7 3 0 11 7 21
0 2 7 12 19 14 10 10 4 14
0 3 0 4 4 3 0 5 1 5
9 0 0 1 3 2 3 3 1 3
6 1 10 3 5 21 5 0 17 10
10 8 12 10 3 12 26 3 6 1
8 13 14 5 1 9 6 14 9 3
3 1 20 4 11 9 8 7 6 9
2 1 1 3 6 13 4 2 4 15
5 8 1 0 15 1 13 10 5 10
3 6 3 13 10 6 7 5 2 5
2 0 9 2 3 10 3 2 4 9
10 12 6 2 1 9 4 13 24 8
13 13 17 2 6 6 6 9 16 5
9 12 28 8 10 6 1 10 12 7
18 3 3 8 1 4 4 4 10 2
2 11 14 18 12 6 17 10 9 3
1 6 0 3 1 5 2 8 0 2
12 10 5 23 3 10 0 1 13 1
2 14 6 3 13 0 12 12 6 4
4 2 7 7 3 4 3 1 15 9
22 6 3 8 1 4 11 6 25 8
4 1 5 31 0 5 4 3 16 14
18 10 7 3 1 8 2 1 8 5
7 2 7 2 5 11 1 0 8 1
0 4 4 16 9 9 2 8 6 3
0 8 3 6 1 4 1 0 4 7
2 3 2 2 2 0 6 9 1 3
4 3 3 6 3 5 2 7 1 3
5 6 1 1 4 1 7 3 4 4
4 0 0 1 7 9 0 10 2 3
14 4 8 8 8 1 3 1 4 11
5 2 4 2 1 2 3 8 8 3
15 3 11 6 1 10 3 14 6 6
4 11 15 13 11 9 0 1 2 5
16 19 4 16 23 3 0 11 1 3
5 5 1 6 10 4 16 14 13 2
2 12 8 13 4 15 10 6 17 5
1 11 4 18 10 0 8 8 4 4
8 3 2 3 11 10 8 8 6 6
2 7 7 2 7 5 1 2 4 6
3 2 3 9 0 1 1 2 1 2
10 1 2 5 11 9 19 15 15 3
1 21 5 4 0 17 5 9 8 4
3 12 3 6 6 11 1 8 6 6
2 8 8 11 4 6 5 1 3 1
8 3 1 2 2 8 6 4 4 6
12 5 6 4 12 4 5 5 1 1
5 3 5 4 2 6 4 1 3 12
2 11
2 47
3 42
3 47
3 71
4 63
4 103
5 42
6 53
7 59
8 103
9 73
10 35
10 108
11 25
11 36
12 14
13 35
13 48
13 64
13 93
14 40
14 51
14 101
15 33
15 59
16 80
17 36
17 61
18 91
18 99
19 46
19 51
19 85
20 31
20 43
20 81
21 68
21 83
21 103
23 88
23 107
23 122
24 38
24 89
24 99
25 86
25 109
26 35
26 75
27 36
27 94
27 121
29 43
29 106
30 74
30 130
31 51
31 74
31 104
32 37
32 87
32 114
32 116
33 118
34 58
34 95
34 111
35 107
35 118
36 81
36 132
37 41
37 74
37 77
37 119
37 120
38 83
38 84
39 42
39 48
39 87
39 128
40 58
40 68
40 70
40 122
42 118
43 60
43 77
43 109
43 119
43 126
44 49
44 102
44 127
44 134
46 96
47 72
47 139
47 144
47 145
48 99
48 106
49 107
49 112
50 60
50 82
50 120
51 104
51 143
52 60
52 88
52 113
52 116
52 125
52 136
53 101
54 84
54 113
55 61
55 63
55 130
55 149
56 57
56 82
56 134
57 130
58 155
59 87
59 111
60 103
60 106
60 133
60 138
61 112
61 153
62 66
62 82
62 113
62 116
62 158
63 82
63 96
63 141
64 86
64 99
65 99
65 103
65 123
65 160
66 150
66 152
67 90
67 114
68 112
68 121
68 157
69 100
69 103
69 149
69 152
69 154
69 158
70 113
70 116
70 131
70 134
70 154
71 94
72 122
73 81
73 138
73 155
74 164
75 120
75 160
76 157
76 172
77 123
77 145
78 100
79 97
79 111
79 115
79 142
80 179
81 85
81 95
81 108
81 123
81 126
82 85
82 122
82 169
82 171
82 180
83 168
84 149
84 170
85 111
85 113
85 130
85 152
86 113
86 114
86 169
87 137
87 160
88 127
89 147
90 140
90 189
91 139
91 144
91 162
92 115
92 119
93 95
93 157
93 181
94 152
94 157
95 104
95 169
95 186
96 101
96 158
96 168
96 189
96 194
98 108
98 186
98 189
99 158
100 119
100 120
101 119
102 110
102 133
102 153
102 169
102 174
103 172
103 200
104 159
104 162
104 167
106 111
106 177
106 195
106 196
107 182
108 128
108 133
108 186
108 194
109 124
109 161
109 179
109 193
110 153
111 130
111 168
112 193
113 140
113 150
114 117
114 212
115 193
116 131
116 174
116 192
117 215
118 124
119 198
121 127
121 140
121 188
121 190
121 204
122 170
122 204
124 138
124 139
124 159
125 151
125 175
126 133
126 177
126 225
127 133
127 145
127 184
128 156
128 186
128 197
129 151
129 155
129 182
129 208
129 212
130 142
130 182
130 198
131 148
131 150
131 166
131 182
131 184
131 188
131 203
132 169
132 179
132 216
133 134
133 171
133 193
133 207
134 179
134 200
135 139
135 141
135 145
135 206
135 221
135 223
136 170
136 173
137 171
137 237
138 164
138 182
138 196
138 210
138 218
138 225
139 141
139 151
140 157
140 237
141 150
141 168
141 178
141 182
141 194
142 161
142 192
142 215
143 217
145 150
145 189
146 170
146 199
147 182
147 204
147 225
147 227
148 150
148 165
149 158
149 185
149 208
149 220
150 159
150 231
150 238
150 239
151 155
151 189
151 215
151 232
151 235
151 239
152 225
153 162
153 185
153 199
154 189
156 243
156 255
157 230
158 163
158 205
158 210
159 175
159 247
159 257
160 221
160 253
160 256
162 166
162 198
162 226
162 235
162 241
162 246
163 215
163 217
163 223
163 242
164 237
165 175
165 190
165 199
165 216
165 231
165 241
167 188
167 212
167 230
168 206
168 260
169 189
169 203
169 206
169 248
169 254
169 256
170 181
170 215
170 220
171 182
171 204
171 211
172 226
172 235
173 187
173 217
173 244
173 245
174 186
174 230
174 260
175 249
176 203
176 224
177 217
177 239
178 197
178 212
178 213
178 270
178 273
178 277
179 190
179 233
179 248
180 181
180 218
180 267
181 240
181 264
182 209
182 211
182 220
182 278
183 276
185 257
185 272
186 217
186 263
187 224
187 278
188 223
188 273
188 275
189 203
189 215
189 220
189 287
190 239
190 272
190 273
190 277
191 200
191 275
192 228
192 229
192 232
192 246
193 204
193 233
194 248
195 212
195 276
195 294
195 295
196 208
196 260
196 273
197 214
197 226
197 289
197 295
199 235
202 218
202 230
202 290
203 207
203 233
203 239
205 300
206 233
206 243
206 263
207 224
207 247
207 267
207 299
208 226
208 273
208 291
208 300
209 216
209 226
209 257
209 272
210 263
210 274
211 259
211 289
212 287
213 215
213 293
214 256
215 274
215 295
215 296
216 249
216 310
217 220
217 295
218 221
218 244
218 315
219 253
219 282
220 246
220 249
220 262
220 304
221 222
221 269
221 280
222 269
222 274
223 266
224 229
224 230
224 245
224 319
225 299
226 238
227 233
227 251
228 253
228 324
229 261
229 269
229 325
229 328
230 325
230 326
231 250
231 260
231 275
231 309
231 317
232 249
232 263
232 272
233 279
233 309
233 330
234 247
234 266
235 236
235 246
235 259
236 244
236 258
236 270
236 312
237 301
238 277
238 313
238 336
240 260
240 293
240 324
240 338
241 334
241 337
241 339
242 275
242 313
242 321
242 332
242 340
243 298
243 324
244 248
244 299
245 276
245 345
246 282
246 308
246 335
246 345
247 268
247 297
247 299
247 304
247 317
248 266
248 293
249 250
249 297
250 290
250 304
250 316
250 323
251 269
252 281
252 285
252 322
252 344
253 324
254 271
254 311
255 261
255 287
255 350
256 260
256 325
256 336
257 265
257 303
257 304
257 320
257 327
258 265
258 275
258 339
259 354
260 285
260 306
260 314
260 318
261 271
261 327
261 328
261 354
263 363
264 276
264 282
264 298
264 309
264 311
265 285
267 269
267 273
267 307
267 342
268 355
269 288
269 330
270 361
271 332
271 357
271 362
272 302
272 314
272 324
272 345
273 318
273 359
274 307
274 322
274 325
274 337
275 288
276 289
276 328
277 297
277 350
278 300
278 350
279 317
279 343
279 367
280 286
280 310
282 292
282 341
283 288
284 321
286 292
286 311
286 342
286 346
287 292
288 303
289 333
289 344
289 346
289 389
290 302
290 320
290 324
291 378
292 371
292 380
293 335
293 369
293 385
294 309
294 312
294 332
294 373
295 308
295 315
295 333
295 362
295 395
296 324
296 377
297 348
297 356
297 364
297 373
298 316
298 329
298 334
298 373
299 325
299 382
300 308
300 336
301 324
301 378
301 395
302 314
302 380
302 392
303 353
303 374
304 353
304 374
305 347
305 375
306 344
306 349
306 357
306 367
306 380
307 314
307 404
308 312
308 332
308 343
308 398
308 406
309 371
310 340
310 379
310 381
310 410
311 329
311 377
311 379
312 317
312 363
312 367
312 410
313 395
314 334
314 375
314 393
314 404
315 400
316 378
317 329
317 344
317 369
318 347
318 348
318 372
318 374
318 408
318 412
318 415
320 383
320 409
321 370
321 381
322 353
322 421
323 334
323 338
323 342
323 356
323 374
323 403
323 408
324 381
325 368
325 377
326 403
326 411
327 330
329 367
329 393
330 349
330 350
330 380
330 403
330 426
330 428
333 353
333 392
333 427
334 408
334 427
335 434
336 339
336 367
336 382
336 400
336 404
336 424
337 394
337 430
338 412
338 426
340 380
340 428
341 375
341 399
342 350
342 358
342 395
342 396
342 410
342 439
343 352
343 442
345 373
345 431
345 437
347 365
347 383
347 385
348 422
348 441
349 422
350 353
350 395
350 417
350 430
351 395
351 428
352 362
352 370
352 390
352 417
353 356
353 393
354 391
354 396
354 419
355 430
355 433
355 436
356 455
357 360
357 367
357 377
357 453
358 395
358 400
358 411
359 392
359 407
360 432
360 434
361 399
361 419
361 439
362 373
362 395
362 430
362 433
363 367
363 387
363 431
363 445
364 386
364 422
365 422
367 394
367 425
367 428
368 384
368 394
368 415
369 371
369 441
370 412
371 438
372 378
372 389
372 390
372 407
372 448
373 397
373 399
373 417
373 419
373 432
374 394
374 400
374 464
375 400
375 430
376 386
377 427
377 456
378 406
378 408
378 434
379 449
380 407
381 461
381 479
382 390
382 468
383 443
384 397
384 451
384 465
385 467
386 404
386 411
386 416
386 432
387 411
387 443
387 478
387 483
388 439
388 454
388 485
388 486
389 433
389 475
389 483
389 486
390 464
391 423
391 461
392 479
393 470
394 465
395 431
396 414
396 429
396 440
396 456
397 405
397 407
397 410
397 414
397 443
397 460
397 465
398 402
398 403
398 412
398 451
399 408
399 451
399 458
400 443
400 491
401 449
401 461
402 407
402 450
402 452
403 499
404 435
404 448
405 443
405 445
405 469
406 429
406 438
406 481
406 491
407 427
407 471
407 494
407 503
408 420
408 484
408 501
408 506
408 508
409 430
410 483
411 427
411 457
411 460
411 472
412 453
412 496
413 436
413 447
413 452
413 459
414 450
414 492
415 490
415 496
416 469
416 499
416 502
417 422
417 504
418 428
418 451
418 491
419 438
419 460
420 458
422 426
422 441
422 472
422 522
423 503
423 523
424 443
424 485
424 488
424 489
424 522
425 443
425 451
425 486
425 517
426 438
426 446
426 478
426 495
427 493
427 511
428 522
428 526
429 506
429 509
429 518
430 463
430 467
431 484
431 499
432 446
433 472
433 531
434 468
434 487
435 466
435 526
436 495
436 514
437 498
437 504
439 471
439 510
439 518
440 535
441 453
441 456
441 476
441 491
441 500
441 502
442 471
442 480
442 536
443 477
443 486
443 500
443 540
444 460
445 505
446 537
447 491
447 506
447 522
447 523
448 468
448 500
448 534
449 476
449 513
451 514
451 536
452 461
452 467
453 492
453 514
454 501
454 504
454 521
454 528
454 532
454 548
455 470
455 488
456 503
457 483
457 495
458 467
458 528
458 550
459 461
460 520
460 522
460 529
460 547
461 511
462 476
462 480
462 501
462 532
463 492
463 495
463 518
465 484
465 520
465 523
465 531
465 539
466 468
466 485
466 488
467 522
467 537
468 473
468 486
468 544
469 517
470 519
472 531
472 540
473 486
473 491
473 505
474 561
475 517
475 530
476 518
476 537
477 554
477 572
478 485
478 520
478 537
479 504
479 541
479 553
479 578
480 531
481 482
481 503
481 520
481 535
481 561
481 573
482 488
482 563
483 541
484 490
484 518
485 508
485 526
486 545
487 511
487 578
489 496
489 510
489 551
489 589
490 566
490 584
491 502
491 538
491 564
492 524
492 525
492 571
493 508
493 544
493 555
493 568
493 576
493 580
494 500
494 563
494 564
494 570
494 588
495 519
495 591
496 558
496 576
497 538
497 551
497 586
497 589
498 541
498 592
498 597
499 504
499 540
499 595
500 515
500 584
500 590
501 562
501 584
501 589
502 601
503 544
504 552
504 597
505 507
505 526
505 535
505 574
505 582
506 516
506 520
506 568
506 581
506 582
507 514
508 509
508 533
508 568
509 535
509 541
509 544
509 545
509 576
510 572
510 576
510 595
511 553
512 513
512 540
513 566
513 588
513 600
514 599
515 539
515 555
515 567
515 571
515 609
516 582
516 604
517 570
517 585
517 612
518 530
518 571
518 594
518 615
519 542
519 561
519 571
519 597
519 616
520 551
520 585
520 600
520 602
521 550
521 557
521 607
522 548
522 549
522 589
522 591
523 528
523 545
523 602
524 526
524 548
524 549
524 576
525 535
525 601
526 541
526 577
527 533
527 591
528 607
528 628
529 536
529 622
530 540
531 603
532 552
532 601
532 609
532 612
532 614
532 617
533 534
533 546
533 553
533 560
536 621
537 565
538 573
538 580
539 631
540 546
540 563
541 593
541 617
541 635
541 637
542 563
542 565
542 604
542 633
543 556
543 627
544 559
546 562
546 590
546 624
547 595
547 619
547 621
547 624
547 635
548 569
548 636
549 557
549 607
549 618
550 602
551 589
551 622
551 623
552 587
553 609
553 624
554 570
554 575
554 637
555 641
556 571
556 574
556 649
558 648
559 562
559 571
559 606
559 610
559 626
560 571
560 579
560 626
560 638
561 575
561 590
561 617
562 563
562 571
564 568
565 571
565 635
565 645
566 583
566 590
566 630
567 613
568 579
568 651
569 589
570 587
570 652
571 575
571 591
572 596
572 609
572 624
573 574
573 594
573 598
574 582
574 645
575 636
576 582
577 644
578 666
579 582
580 652
580 659
581 617
581 638
582 615
582 642
583 604
583 682
583 683
584 638
585 591
585 594
586 587
586 623
586 683
587 599
589 647
589 681
590 645
590 684
591 624
591 644
591 660
591 690
592 622
592 623
592 673
593 605
593 645
594 599
594 653
594 679
594 684
595 599
595 624
595 634
595 694
596 657
597 636
598 604
598 641
599 612
599 614
600 675
601 673
602 611
602 624
602 679
602 687
603 608
603 611
603 620
603 626
603 696
604 614
604 636
604 697
604 703
605 620
605 642
605 673
606 701
607 634
607 639
607 644
607 666
607 696
607 705
608 642
608 669
609 612
610 663
610 688
610 708
611 702
612 703
613 622
613 636
613 642
613 649
613 671
614 617
615 625
619 652
619 713
620 639
620 661
620 674
620 685
621 676
621 719
622 626
623 684
624 665
624 690
624 723
626 644
626 665
626 699
628 633
628 701
629 643
630 713
630 726
631 644
631 658
631 674
631 707
632 664
632 718
633 635
634 679
634 694
634 711
635 671
635 676
635 678
636 669
636 676
636 734
637 645
637 655
637 729
637 732
638 667
638 679
638 708
638 726
639 649
639 665
639 671
639 700
640 670
640 672
640 681
640 712
641 651
641 677
641 731
642 714
643 692
643 697
644 744
645 652
645 671
645 672
645 710
645 714
645 716
646 722
647 680
648 691
648 739
649 675
649 700
650 658
650 671
650 718
651 654
652 723
652 749
653 726
654 677
654 723
654 729
654 734
655 719
656 658
657 670
657 692
658 715
658 716
658 730
659 685
659 717
660 663
660 688
660 735
660 746
660 753
660 754
661 671
661 674
662 713
662 718
662 719
662 734
662 756
663 664
663 666
663 687
663 726
664 719
664 740
664 746
664 752
664 756
665 697
666 726
666 730
666 743
667 703
667 709
667 718
667 733
668 671
668 716
668 720
669 673
669 697
669 724
670 718
670 750
670 753
670 754
670 766
671 677
671 694
672 686
672 747
672 756
674 716
674 720
674 744
676 711
677 687
677 695
677 716
677 726
677 743
677 758
677 776
678 687
678 713
678 759
679 745
680 715
680 729
680 734
680 746
680 766
681 682
681 760
682 722
682 728
682 739
682 759
683 703
683 719
683 779
684 693
685 738
685 742
685 758
685 761
685 785
686 735
687 758
688 768
689 700
690 755
690 757
691 708
692 744
692 765
693 724
693 777
694 786
695 704
695 747
695 752
696 709
696 723
696 777
696 779
696 795
697 703
697 743
697 760
697 764
697 775
698 699
698 709
698 736
698 771
698 794
700 727
700 769
700 794
701 743
701 755
701 764
701 784
702 714
702 763
702 789
702 796
703 718
703 757
704 761
704 778
705 725
705 739
705 786
706 710
706 801
707 771
707 800
708 711
708 737
708 750
708 764
708 792
708 793
709 749
709 777
710 795
711 714
712 776
713 724
713 772
714 721
714 740
714 793
715 803
716 732
716 756
716 807
716 813
717 780
718 727
718 742
718 755
718 764
719 753
719 781
719 815
720 738
720 765
720 777
720 811
721 772
721 781
721 783
721 797
721 802
721 820
722 802
723 796
723 801
724 732
724 744
724 759
724 764
724 809
725 726
725 736
725 807
725 813
725 818
726 805
726 817
727 731
727 735
727 743
728 789
728 796
728 815
729 733
729 773
729 775
729 814
730 744
730 784
731 788
731 796
731 800
731 809
731 830
732 746
733 770
733 814
733 830
734 784
735 796
736 771
736 826
737 745
737 755
738 759
738 799
738 829
739 773
739 785
739 786
739 803
739 809
739 811
739 812
739 829
741 761
742 747
742 761
743 766
744 772
744 809
744 811
745 757
746 775
746 795
746 808
746 822
746 823
747 749
747 761
747 794
747 828
748 826
748 837
749 765
749 780
749 816
749 825
750 790
751 791
751 804
752 770
752 804
752 842
753 791
753 847
754 767
754 790
755 769
755 770
755 782
755 796
755 804
755 823
755 845
756 771
756 820
756 823
756 836
756 837
756 853
757 780
757 818
757 829
757 839
758 781
758 796
758 803
758 809
760 771
760 809
760 831
760 846
761 802
761 808
761 837
761 848
762 765
762 771
762 840
762 849
763 833
763 839
764 790
764 813
765 823
765 844
766 793
766 824
766 827
767 790
767 832
767 842
767 855
768 823
769 847
770 817
771 840
772 806
772 819
772 824
772 831
772 867
774 839
774 859
775 779
775 800
775 823
775 827
775 832
776 801
776 850
777 810
777 833
777 840
778 791
778 836
779 812
779 826
779 828
779 868
779 870
780 783
780 808
780 874
781 794
781 833
782 807
782 821
782 861
783 837
783 864
783 868
784 785
784 828
784 857
784 859
784 883
785 836
785 864
786 814
786 826
786 865
786 885
787 821
787 834
787 849
787 859
787 882
788 848
788 858
788 873
788 883
789 790
789 806
789 850
789 879
789 888
790 799
790 806
790 815
790 844
791 821
791 860
792 809
792 824
793 889
794 830
795 827
795 852
796 826
796 847
796 872
796 896
797 882
797 891
798 839
798 880
798 885
799 828
799 851
799 884
799 897
800 811
800 847
800 874
801 821
802 805
802 838
802 848
802 850
802 901
802 902
803 820
803 823
804 877
804 884
805 844
805 865
806 899
807 829
807 862
808 809
808 822
808 875
809 816
810 850
810 883
811 826
811 852
811 890
812 824
812 825
813 903
815 856
816 819
816 853
816 864
816 891
817 826
817 827
817 868
818 861
818 871
818 876
818 909
819 831
820 826
820 831
820 833
820 889
821 836
821 876
821 917
823 824
823 860
825 854
825 875
825 900
826 838
826 870
826 887
826 897
827 851
827 856
828 847
828 927
829 840
829 841
829 851
829 897
829 914
829 926
830 858
830 921
831 840
831 915
832 841
832 894
833 854
833 921
833 922
833 933
834 841
834 852
834 896
834 923
835 847
835 850
835 888
835 919
836 909
837 906
838 876
838 916
838 934
839 857
839 859
839 891
840 910
842 915
842 930
843 873
843 937
844 909
845 860
846 919
846 923
846 945
847 853
847 899
847 905
847 916
847 932
847 933
848 854
848 865
848 879
848 882
849 871
849 875
850 870
850 872
850 890
851 869
852 853
852 857
852 898
852 900
852 921
853 868
853 910
853 949
854 857
854 865
854 871
854 914
854 948
855 882
855 921
856 939
857 935
858 894
858 922
859 892
859 895
859 913
860 944
860 958
861 888
861 897
861 935
861 937
861 942
862 863
862 868
863 868
863 896
863 911
863 937
864 869
864 875
864 958
865 923
865 926
865 928
866 921
866 934
866 941
866 955
866 956
866 960
867 870
867 874
867 875
867 879
867 944
868 898
868 926
868 968
869 873
869 893
869 954
869 962
870 876
870 902
870 966
871 922
872 927
873 884
875 899
875 925
876 941
876 947
876 949
876 951
876 975
877 889
877 908
877 910
877 938
877 957
878 905
878 917
878 946
878 948
878 972
879 884
880 935
880 963
881 918
882 906
882 948
883 913
883 938
884 951
885 906
885 907
886 937
886 943
887 918
887 966
887 977
888 903
888 915
888 973
889 921
889 974
889 977
889 978
890 895
890 907
890 918
890 969
891 918
891 970
893 916
894 920
894 969
895 907
895 915
895 916
895 983
896 905
896 914
896 922
897 965
897 977
898 980
899 919
899 922
899 937
899 960
899 997
900 975
900 995
901 912
901 918
901 938
901 1000
903 966
904 910
904 920
904 977
904 997
905 965
905 982
906 963
907 912
907 970
908 912
908 917
908 959
908 963
908 967
909 927
909 996
910 911
910 999
911 934
911 956
912 931
912 947
912 961
912 979
913 923
913 948
913 961
913 965
913 971
913 991
915 947
915 988
916 933
916 952
916 958
917 927
917 939
918 974
918 985
919 933
919 968
919 995
920 953
920 957
920 971
921 974
922 944
922 952
922 980
923 967
923 968
924 967
924 977
925 940
925 953
925 957
925 997
926 941
926 985
927 941
927 943
927 987
928 931
928 936
929 1000
930 1000
931 1000
932 997
934 936
934 937
934 938
934 977
936 965
936 974
937 989
939 945
939 957
939 991
940 967
941 975
942 962
943 985
943 993
944 945
944 987
945 952
945 971
945 1000
946 970
947 984
952 959
953 981
954 972
954 991
954 992
954 998
955 963
958 960
960 968
960 1000
961 983
962 977
962 999
963 989
966 985
966 995
966 1000
967 978
967 996
968 1000
971 991
971 1000
972 974
973 975
975 995
979 985
979 994
980 994
981 983
983 989
983 992
984 1000
2 9 3 23 1 19 11 5 8 12
8 14 25 8 9 32 11 7 7 22
17 10 5 1 17 6 3 4 29 12
22 9 17 9 8 7 10 2 6 3
12 10 8 7 0 7 8 7 3 3
41 1 16 19 9 14 14 9 11 1
17 4 2 5 10 17 4 9 15 3
1 4 4 15 13 28 25 12 5 20
4 1 11 2 7 7 18 7 2 18
5 20 2 2 5 13 0 1 9 2
2 12 3 3 3 1 16 1 19 0
20 9 8 5 18 23 6 11 15 1
35 16 10 2 10 25 23 6 15 21
8 3 10 2 4 22 15 4 10 7
5 23 3 4 5 3 18 16 30 16
7 0 4 2 6 3 3 15 8 4
25 20 10 6 24 20 12 19 4 5
7 17 7 1 15 14 10 4 7 11
8 2 7 1 16 9 1 17 5 0
9 22 4 26 8 11 14 4 5 8
17 8 17 21 29 13 16 8 29 34 37 8 8 18 22 37 8 10 30 14
46 27 34 35 49 39 44 21 37 64 54 38 10 47 30 64 27 37 62 33
40 13 31 23 38 20 32 31 39 52 48 19 21 36 29 46 19 29 43 34
34 7 21 23 34 25 29 17 28 50 54 26 9 33 28 41 22 25 38 23
18 1 16 9 23 14 23 13 14 29 30 19 10 17 16 27 12 14 27 15
24 8 5 6 15 8 7 15 17 26 33 6 4 15 19 20 1 11 16 9
16 3 12 6 18 10 10 10 21 25 27 8 6 14 14 24 4 6 23 6
19 9 18 17 29 20 24 17 35 27 28 16 12 29 15 35 11 13 37 8
20 3 8 13 17 8 8 6 13 31 34 5 3 13 11 17 1 7 14 6
40 21 30 34 42 20 35 30 25 57 37 29 10 22 15 41 28 32 46 33
6 4 31 24 28 23 28 6 23 35 34 22 4 16 17 49 11 16 48 11
8 1 2 1 5 7 8 7 7 7 11 1 1 6 5 11 1 1 9 2
26 7 19 14 20 18 30 21 17 36 28 19 1 13 12 34 6 11 34 8
25 10 23 16 21 6 16 19 21 34 29 8 10 15 11 23 10 21 26 21
11 2 10 11 7 13 12 11 16 22 30 7 7 14 9 19 2 10 18 6
24 11 16 35 41 20 17 15 25 37 42 16 5 24 18 35 23 19 34 26
13 4 13 10 9 17 17 19 24 26 25 12 3 16 9 29 3 9 31 4
2 1 5 1 1 3 8 1 1 15 8 3 1 1 1 10 1 1 11 1
2 1 13 1 6 2 10 1 7 19 9 8 4 4 3 14 1 6 18 1
26 12 18 4 15 8 23 31 29 36 37 7 1 19 28 42 1 16 33 17
5 1 12 8 10 15 16 9 17 21 19 9 3 12 6 25 3 5 27 2
13 1 13 13 11 10 14 10 12 30 32 12 8 12 11 16 7 11 20 8
31 13 38 30 42 19 41 23 35 56 61 35 28 37 30 41 30 37 42 30
23 13 28 28 32 18 16 8 31 38 44 6 16 26 29 41 1 16 28 22
35 22 48 37 43 28 39 23 45 43 51 30 24 45 21 53 7 29 44 15
9 1 14 4 9 14 15 12 16 19 18 10 7 13 6 23 1 8 27 1
19 6 16 14 21 16 23 12 14 38 32 20 4 15 10 32 10 14 35 9
29 10 10 18 31 20 27 17 15 35 39 16 12 21 24 30 10 10 19 22
42 33 51 47 56 34 49 31 55 60 53 42 30 51 23 56 23 42 58 27
18 17 26 26 30 20 26 22 41 32 23 20 13 33 10 41 20 24 47 12
30 15 17 25 35 16 19 27 30 39 43 14 1 18 26 41 19 16 38 23
23 2 17 30 35 31 27 17 27 34 35 23 1 33 6 37 21 19 44 19
4 1 21 15 19 12 13 3 18 24 26 11 4 6 14 30 3 6 29 6
16 6 2 6 9 15 13 21 21 25 27 7 1 16 12 26 1 9 28 6
22 13 33 27 31 18 25 16 34 50 54 21 14 28 27 47 11 25 45 20
20 11 27 29 37 24 30 26 48 39 50 22 8 30 29 56 17 21 56 16
31 9 18 26 34 23 26 23 31 30 42 13 6 26 22 39 7 11 28 21
2 1 9 11 13 13 8 3 14 14 25 5 1 10 8 23 1 3 22 1
9 1 9 5 3 1 5 6 7 15 19 2 5 7 5 7 1 8 7 5
12 10 2 18 20 18 12 17 20 23 15 9 2 11 3 20 16 11 27 13
16 1 10 7 16 10 15 9 6 24 25 11 4 8 12 18 5 8 18 9
30 10 25 36 42 34 28 10 26 42 51 26 11 36 21 38 24 24 34 29
12 9 12 15 19 12 12 15 19 22 21 9 4 7 11 25 13 11 26 12
6 7 23 22 28 11 16 3 15 24 22 16 1 1 11 32 11 10 33 11
32 11 12 20 22 22 20 19 27 33 38 9 9 27 16 25 2 13 19 16
21 14 18 12 22 18 22 26 40 29 37 18 9 31 20 41 6 19 43 5
19 11 24 16 22 7 21 17 30 38 34 12 13 23 16 31 15 22 35 13
17 1 11 3 11 3 9 9 6 24 29 5 3 9 13 16 1 9 14 8
14 15 46 31 37 20 31 1 31 43 40 26 12 17 31 51 18 31 50 18
6 1 1 3 2 2 1 4 2 10 12 1 1 1 1 1 1 1 3 1
26 16 24 23 36 21 31 28 42 45 40 26 11 33 20 50 19 25 55 12
39 28 4 25 33 28 23 42 43 40 31 18 15 29 11 38 26 30 43 31
6 1 8 7 11 5 4 3 11 15 16 5 5 8 3 7 4 8 13 5
8 1 3 11 12 20 17 11 13 21 20 12 1 12 1 21 7 3 25 4
3 1 9 1 6 3 6 3 13 15 10 3 6 7 5 12 4 7 15 1
32 15 18 15 21 23 23 36 39 28 35 15 9 29 18 36 5 17 37 13
24 25 49 47 57 22 40 18 52 64 60 29 22 37 39 66 26 38 61 24
10 7 42 21 33 8 29 12 36 40 42 17 14 15 37 49 15 26 45 19
16 6 14 11 19 10 18 3 15 35 32 9 11 18 19 28 1 8 19 9
50 32 36 50 57 46 48 39 52 65 55 33 25 50 26 61 25 36 53 45
44 19 27 19 36 9 22 36 39 52 54 17 19 34 33 37 21 39 39 34
14 8 23 26 28 15 20 14 23 32 34 19 1 8 15 36 14 12 36 12
20 11 33 35 42 19 21 9 31 44 42 15 6 18 15 43 12 23 44 21
23 7 15 12 21 14 16 13 29 31 40 6 11 21 28 35 2 9 23 8
8 1 1 1 8 5 2 4 5 6 10 1 1 6 4 8 1 1 7 1
20 7 10 13 25 13 16 10 24 33 36 10 12 18 19 24 8 8 21 9
19 3 10 10 18 18 19 15 17 32 33 12 5 18 13 28 8 8 28 7
3 1 6 6 1 3 1 1 4 8 13 1 3 5 2 6 1 6 5 4
1 1 1 1 3 1 1 1 2 4 9 1 1 1 1 3 1 1 2 1
11 3 5 14 24 9 6 6 13 16 28 8 1 8 13 17 8 2 14 6
20 7 25 17 20 18 26 18 24 38 33 14 13 20 13 29 9 19 33 18
27 23 29 27 42 8 24 22 45 47 42 18 18 31 34 50 23 29 41 15
44 21 46 32 39 24 45 37 45 57 42 30 18 38 20 52 21 40 52 32
3 1 2 1 4 7 2 8 12 4 11 2 1 4 2 9 3 2 11 2
32 22 27 15 30 14 32 32 40 49 38 20 8 28 26 52 16 32 54 21
33 28 46 33 38 23 36 12 29 52 40 33 26 35 17 36 17 39 37 26
41 26 33 42 51 35 43 23 49 69 71 30 26 54 33 56 23 38 50 35
21 3 15 12 16 9 13 8 11 31 34 7 8 14 10 16 1 13 16 11
46 31 42 38 55 22 48 32 50 79 74 34 32 50 45 59 23 42 52 36
49 38 42 45 59 27 48 35 54 73 54 31 36 51 39 66 31 48 57 43
5 1 10 4 7 8 14 12 20 18 17 4 5 12 8 23 5 7 24 3
9 1 5 9 9 9 4 4 7 16 20 6 2 7 1 9 2 5 13 2
38 32 39 41 52 39 53 39 59 53 61 36 35 54 38 62 21 30 56 16
19 4 10 18 21 16 13 7 16 31 41 13 9 21 16 25 8 10 19 11
12 11 30 24 26 20 36 15 30 43 36 29 18 30 16 41 17 22 46 6
16 3 4 3 12 5 6 10 9 23 23 6 1 9 9 15 1 6 19 2
10 4 1 4 1 6 1 11 11 11 13 1 1 5 7 9 1 5 8 1
23 6 13 9 13 8 12 18 20 33 36 6 5 15 15 22 1 18 21 15
15 1 7 11 22 7 13 10 10 25 27 9 1 9 10 18 8 7 19 11
7 1 2 3 10 3 3 1 3 11 21 1 1 1 10 12 1 1 5 1
1 1 1 1 2 4 1 2 9 3 1 1 1 3 1 6 1 1 8 1
8 1 12 7 12 10 11 8 13 14 17 5 1 10 11 23 1 1 17 1
1 1 1 1 6 1 1 1 2 1 9 1 1 1 2 3 1 1 1 1
11 1 21 10 22 6 15 4 12 27 32 9 1 3 19 30 1 5 25 8
16 1 7 1 10 5 7 9 8 12 21 3 4 8 11 14 1 5 8 5
11 1 5 5 7 4 1 4 5 11 18 1 2 8 3 7 1 5 7 3
22 3 25 8 21 6 24 15 9 37 28 18 9 13 16 27 7 16 28 14
6 1 8 18 20 19 15 4 10 22 22 17 3 12 1 18 16 9 24 12
34 18 14 18 24 15 13 34 37 39 35 5 7 26 18 32 12 28 35 27
7 1 8 1 4 7 5 9 11 12 11 1 5 7 4 12 1 6 14 1
16 6 7 13 19 10 8 3 15 19 29 2 5 12 20 22 1 2 10 8
39 32 40 38 52 25 44 40 56 62 68 29 36 49 52 62 30 41 51 30
37 14 23 28 40 28 39 32 34 46 46 22 10 27 27 51 12 14 41 24
40 22 46 43 45 38 42 33 48 49 63 35 21 44 21 58 10 29 56 19
13 10 20 17 19 12 16 7 24 30 28 12 16 19 8 14 7 20 19 15
45 29 28 36 43 27 30 32 46 52 50 14 29 42 34 44 16 34 34 39
8 1 5 3 5 6 7 5 6 12 15 1 1 6 5 11 1 3 9 4
2 1 1 1 3 1 1 3 6 7 3 1 1 1 1 4 1 1 5 1
29 6 14 11 25 11 19 20 24 37 35 8 9 16 22 28 6 10 23 18
11 13 21 25 25 15 16 13 28 36 31 16 12 20 14 35 21 23 37 15
9 1 6 10 11 19 16 11 14 10 12 11 1 12 1 17 1 1 22 1
3 1 6 1 2 5 4 4 5 9 5 2 1 3 1 10 1 2 13 1
19 4 34 16 26 4 27 12 16 41 34 21 9 12 20 35 12 22 36 17
4 1 8 5 6 8 9 8 18 18 20 5 5 12 4 13 3 8 19 2
7 1 8 1 5 4 4 6 9 10 13 5 7 7 5 9 3 8 11 1
21 7 10 13 21 19 21 24 25 30 34 14 5 18 16 30 13 15 32 17
6 1 13 9 10 1 4 1 11 16 19 1 6 8 10 13 4 9 11 5
14 10 23 15 25 12 27 10 22 40 36 25 15 21 19 33 16 18 37 3
6 1 7 1 3 1 9 5 2 13 6 1 1 1 6 9 1 2 7 5
6 1 10 1 7 1 7 4 7 18 18 2 1 2 7 15 1 2 14 3
23 10 19 13 27 12 19 17 30 34 27 15 8 19 15 34 11 17 36 9
7 1 1 1 9 2 2 5 5 7 10 2 1 1 1 1 2 1 8 1
11 1 11 2 5 5 8 10 8 18 24 4 3 3 13 17 1 6 14 5
40 8 28 18 30 16 25 32 36 41 56 14 12 31 35 42 7 24 35 26
12 10 27 13 20 1 23 11 18 32 38 18 18 19 28 30 14 23 25 9
15 4 4 6 8 9 7 12 12 16 20 6 1 5 9 10 1 6 11 4
7 1 3 2 6 3 7 3 1 13 14 3 1 1 3 7 1 1 7 2
34 21 6 21 32 21 15 29 38 31 32 3 11 27 24 36 12 16 26 23
25 10 43 28 46 19 39 14 34 57 60 32 20 30 43 61 20 26 52 24
9 1 12 1 9 6 7 5 8 17 13 7 4 7 3 15 1 5 19 1
16 6 24 10 9 12 22 17 21 32 33 10 13 21 18 31 6 19 28 14
14 1 1 1 8 1 2 5 4 9 18 1 1 3 8 6 1 1 1 2
1 1 2 3 5 2 1 2 9 5 5 1 1 3 1 4 1 3 8 2
13 2 18 18 16 23 26 18 25 23 33 17 5 22 10 34 6 8 33 7
10 1 5 9 9 11 7 8 8 15 17 7 1 7 1 9 1 5 13 5
17 2 18 15 25 14 22 13 14 35 37 16 6 15 16 30 14 13 31 18
1 1 2 6 13 10 7 1 6 15 18 8 1 5 1 15 6 2 18 2
18 7 19 22 27 18 20 5 17 38 42 18 14 25 13 25 14 19 26 15
19 8 28 17 28 14 34 23 31 46 47 27 19 24 28 41 24 24 44 18
1 1 2 3 5 2 1 1 2 6 13 2 1 1 3 7 1 1 5 1
17 4 14 11 13 12 16 9 10 25 27 7 6 12 7 14 1 12 15 14
25 8 22 10 26 7 22 18 27 39 30 15 7 16 20 35 10 18 35 11
22 2 23 11 18 13 24 18 20 37 35 13 10 17 12 28 6 16 30 15
10 2 19 12 10 10 13 10 18 32 35 12 5 13 15 31 3 12 29 4
5 1 1 1 5 9 7 5 8 8 8 2 1 6 1 9 1 1 13 1
38 25 23 33 41 20 23 25 33 46 36 18 17 30 11 31 18 29 30 31
7 1 9 2 5 3 6 5 10 19 18 5 4 4 4 10 1 5 15 1
30 17 48 36 40 27 34 23 51 50 53 26 8 33 32 62 14 34 61 24
10 4 9 1 6 2 4 13 19 22 17 4 2 8 9 18 1 10 23 5
14 18 38 26 34 9 32 11 27 49 47 29 23 30 33 42 19 28 39 3
10 1 11 11 16 7 10 7 11 20 33 6 1 5 12 20 4 4 16 5
12 2 10 10 17 16 15 10 18 26 34 13 8 20 13 26 8 10 26 3
26 12 9 14 27 17 20 20 26 28 27 5 7 19 20 31 8 10 24 21
7 1 5 1 3 1 8 6 1 11 7 2 1 1 7 7 1 3 5 6
38 25 41 35 46 19 39 29 55 62 65 20 22 41 49 67 16 33 53 28
1 1 2 1 2 1 1 1 3 1 9 1 1 1 4 7 1 1 1 1
12 1 12 7 10 11 13 11 12 24 24 8 1 11 6 22 1 6 23 2
16 2 13 10 19 10 15 13 21 31 29 10 6 13 12 23 9 10 27 7
14 13 31 24 31 15 17 17 43 36 46 15 14 18 34 43 15 26 44 17
14 9 32 23 34 13 22 19 45 32 35 14 10 21 26 49 14 22 47 12
8 1 9 2 9 9 14 5 11 24 21 5 1 10 7 22 1 2 21 1
30 18 23 35 44 28 26 24 46 42 57 17 20 34 35 48 16 21 39 25
2 1 8 1 3 4 7 1 8 14 7 1 2 7 1 14 1 3 16 1
25 15 38 28 30 23 27 14 38 43 41 15 1 19 31 54 12 29 48 23
25 8 29 35 46 33 36 18 39 45 44 28 6 37 22 59 29 25 59 24
9 1 2 3 7 7 6 5 4 13 15 3 1 4 3 8 1 1 10 1
13 1 15 7 15 10 19 9 9 27 24 13 5 8 9 22 6 8 24 7
1 1 11 3 2 1 6 1 5 19 17 5 5 7 5 11 1 8 15 1
29 14 29 27 36 35 35 29 39 33 47 30 18 37 16 48 16 18 48 8
49 23 20 43 54 40 37 32 45 62 59 27 17 44 33 60 33 34 50 41
33 13 31 30 36 25 28 30 47 42 58 20 14 36 30 48 13 23 46 19
32 10 35 20 33 19 34 28 40 36 45 22 22 36 22 38 14 30 35 26
42 28 37 29 41 21 30 32 42 58 62 23 21 35 32 43 9 36 40 32
52 39 38 32 48 23 30 34 58 61 72 22 30 54 47 51 9 45 37 39
21 5 6 1 12 5 8 15 12 20 22 5 1 8 14 12 4 6 11 7
5 1 1 1 3 5 4 3 3 10 9 1 1 2 1 7 1 1 8 1
28 9 20 37 46 29 24 18 37 43 55 12 4 24 29 50 17 17 39 31
10 3 6 8 4 2 3 6 6 14 15 1 4 6 3 3 1 6 2 6
32 19 15 20 31 21 24 26 42 38 45 11 21 33 32 37 8 21 28 20
3 1 4 6 3 9 4 3 7 10 11 3 1 7 1 7 1 4 11 3
22 5 17 24 32 20 25 14 19 39 35 21 4 22 12 32 26 23 38 23
24 7 38 23 33 13 28 26 37 44 43 15 6 13 31 52 12 26 48 24
17 3 12 17 21 15 17 13 17 30 33 8 4 16 5 22 9 10 26 15
23 14 30 29 32 27 30 22 39 36 43 23 19 33 14 38 16 24 42 16
25 12 32 31 37 27 28 32 47 32 33 15 5 23 19 55 11 19 52 21
9 5 21 12 20 4 12 8 15 18 18 10 4 4 12 25 7 8 23 6
22 4 23 16 24 12 23 6 10 40 38 15 6 15 13 27 1 13 22 15
38 14 21 34 46 29 25 28 39 48 54 20 2 32 30 54 27 26 50 33
13 1 6 10 14 12 16 12 9 25 25 12 1 6 9 16 9 3 17 8
39 30 42 36 45 22 38 20 39 67 58 36 26 42 27 48 17 42 47 24
12 12 29 20 32 9 26 10 31 34 30 19 10 17 20 44 16 20 44 8
18 9 26 23 33 14 33 15 21 44 41 27 12 23 18 37 27 26 44 20
8 7 17 13 14 8 11 3 20 24 24 9 14 16 8 12 8 17 17 10
6 1 11 2 5 5 9 4 12 18 13 4 6 7 8 15 3 7 15 4
11 4 11 18 17 9 9 13 19 29 34 11 5 13 11 22 13 14 26 11
26 12 12 20 29 20 17 24 32 27 30 7 4 22 21 37 13 11 29 19
10 1 5 7 9 11 6 10 15 17 24 6 3 8 6 15 2 7 16 1
2 1 10 4 5 8 4 6 14 10 19 2 3 8 9 20 1 4 18 1
19 6 11 5 16 4 7 11 20 22 28 7 10 17 18 17 6 13 14 5
34 21 13 22 33 24 21 31 48 38 38 12 17 37 26 41 16 23 37 21
45 20 39 42 54 49 50 38 53 47 60 47 23 56 28 61 34 36 63 24
19 4 20 12 21 12 28 11 3 35 26 22 1 5 9 30 10 11 31 11
34 9 33 9 30 7 31 32 33 45 42 23 21 26 33 38 21 30 40 24
14 5 5 1 3 4 4 15 21 21 28 1 2 16 15 21 1 14 18 6
44 3 41 30 43 33 48 34 38 60 61 35 22 45 30 57 19 28 53 31
13 7 15 15 10 11 13 5 10 24 25 8 10 12 5 10 2 13 10 13
30 4 22 26 32 24 26 11 17 44 48 20 6 26 16 32 18 19 31 24
39 22 12 35 44 29 27 33 38 50 48 22 15 29 19 47 29 25 42 31
3 1 1 1 1 1 1 1 1 1 7 1 1 1 1 2 1 1 2 1
20 6 17 16 23 19 21 13 22 34 34 13 7 21 15 33 5 9 28 10
21 5 15 16 19 20 21 13 24 39 42 12 9 26 19 37 5 11 30 9
27 16 9 21 26 16 16 27 27 37 25 12 8 15 10 27 19 20 33 19
24 8 9 13 19 7 5 13 20 30 35 4 4 16 14 17 3 11 16 13
10 1 8 3 10 5 5 5 7 14 18 7 7 10 7 8 3 8 14 1
21 4 13 9 20 18 24 14 21 30 29 12 10 23 20 32 4 11 27 12
24 11 23 27 28 15 14 21 36 40 46 5 5 17 22 38 9 20 36 23
22 10 37 25 36 22 29 7 29 38 37 16 1 16 26 49 11 21 43 19
19 3 25 24 37 17 19 11 27 39 47 19 5 19 25 42 13 13 39 16
25 9 24 24 28 24 29 13 20 44 49 21 16 30 15 31 8 23 27 22
10 1 31 22 25 11 18 2 20 38 42 13 8 12 21 35 4 15 32 13
54 28 28 49 56 41 36 30 50 67 68 28 22 53 32 51 30 42 47 47
8 1 6 3 5 1 5 6 4 12 15 1 3 3 8 9 1 4 8 3
13 2 10 5 14 8 9 9 22 22 26 7 8 18 12 18 5 10 18 2
11 4 9 15 15 10 10 13 17 28 28 9 1 9 6 24 9 9 27 10
11 1 10 1 6 5 8 9 10 16 13 4 6 6 7 12 1 7 14 4
29 12 40 17 33 15 37 20 33 50 42 24 24 34 21 38 9 31 36 24
30 6 32 10 30 11 34 23 29 51 51 28 20 27 35 46 18 27 43 15
27 29 36 39 45 20 37 25 45 65 50 33 19 41 22 55 31 44 62 25
39 22 28 38 48 28 32 25 36 56 50 26 21 39 20 39 23 36 36 39
9 1 4 2 6 4 1 7 12 10 12 1 3 6 3 8 1 4 8 1
34 18 23 27 34 19 25 21 33 47 46 11 21 29 26 35 8 23 30 28
40 12 55 30 48 24 52 31 42 56 57 40 24 41 42 70 26 36 62 25
22 6 14 10 16 2 10 11 15 29 25 3 5 12 8 11 2 11 13 11
11 5 8 10 6 4 1 8 8 15 19 4 6 8 4 1 1 8 7 8
26 7 28 9 19 5 22 25 33 40 49 16 17 26 35 39 13 29 31 19
43 18 34 28 41 29 43 37 40 60 56 28 10 40 21 52 10 32 54 32
29 11 19 20 23 16 16 14 22 35 41 12 15 22 12 16 1 18 12 17
20 14 16 15 22 10 14 22 25 33 25 14 6 13 13 30 13 20 36 14
32 16 37 17 35 12 33 35 51 45 57 22 23 36 49 57 20 35 46 25
14 1 6 6 8 6 10 13 9 20 22 6 1 2 10 10 2 5 9 7
42 22 44 29 45 19 34 38 60 54 71 23 25 45 45 56 14 43 49 36
52 24 34 35 48 31 40 35 43 62 64 24 30 39 35 43 12 32 33 41
9 10 22 18 22 14 19 6 30 28 34 13 17 25 12 24 8 20 25 9
8 1 8 1 9 2 7 6 18 14 21 6 7 8 11 14 5 9 14 1
35 14 19 24 28 22 22 34 42 37 39 14 10 33 17 37 14 25 39 21
30 22 22 11 30 1 20 24 37 43 50 13 16 33 40 38 13 30 30 15
16 5 14 12 18 9 15 4 8 30 25 12 1 11 12 24 3 7 20 7
18 6 10 11 16 7 14 17 15 32 30 10 1 8 11 19 7 10 25 11
8 1 4 6 6 4 1 3 5 10 12 1 2 7 1 5 1 4 6 4
1 1 3 2 5 11 8 8 16 9 9 3 2 9 1 12 2 3 18 1
47 19 45 32 50 24 47 35 46 63 52 35 20 44 30 62 28 39 61 32
29 31 54 41 43 29 53 21 43 58 45 41 28 47 24 54 25 42 55 18
29 22 23 29 39 12 21 20 42 51 59 20 19 35 34 42 21 31 39 19
11 3 9 8 6 1 3 6 11 17 17 1 6 8 3 2 1 9 5 6
46 29 35 36 35 34 35 47 57 45 52 24 23 46 18 46 15 38 46 29
12 1 3 11 22 16 16 5 9 21 25 12 1 12 6 19 11 2 18 10
2 1 1 1 3 1 1 1 1 5 11 1 1 1 1 1 1 1 5 1
28 1 26 23 36 22 31 28 30 37 49 22 9 27 25 44 17 16 42 23
38 34 28 31 45 23 38 42 61 52 59 23 29 50 49 60 26 36 46 21
27 4 16 14 22 21 27 20 24 31 34 14 2 21 16 38 1 2 29 6
49 26 44 31 43 26 42 33 51 64 69 25 33 47 44 55 12 37 37 35
30 14 42 26 31 18 36 18 29 52 50 25 16 23 22 44 6 29 37 18
10 1 15 22 27 15 10 3 15 28 40 11 2 13 17 30 7 7 26 11
7 1 1 1 2 1 1 6 3 5 12 1 1 1 5 4 1 1 4 1
4 1 6 1 5 3 1 2 4 5 13 3 4 4 6 9 1 5 8 1
19 6 16 14 14 4 9 20 20 24 33 5 6 9 18 21 9 16 17 16
3 1 2 1 5 3 1 1 6 6 3 1 1 3 1 6 1 1 7 1
6 1 5 1 6 3 2 3 4 10 13 2 1 2 2 8 1 2 10 1
29 17 29 31 42 25 36 11 24 51 43 33 7 25 17 46 28 26 49 22
7 4 15 8 13 10 15 5 8 20 15 14 2 4 5 24 4 7 25 1
11 5 19 16 23 7 23 4 13 39 38 19 11 21 18 27 13 16 28 7
23 20 22 33 38 21 28 8 29 45 49 22 26 38 26 34 17 24 29 20
23 3 20 13 15 16 24 24 19 24 26 14 8 21 13 26 6 14 26 16
20 4 17 3 13 10 21 20 23 27 36 12 10 20 24 32 6 16 27 6
15 3 24 19 24 8 19 13 19 32 41 15 11 15 21 28 12 18 26 18
5 1 4 1 8 5 2 5 11 9 10 1 1 7 1 11 1 1 16 1
27 19 36 28 34 25 39 29 40 36 33 29 16 31 13 51 17 25 52 12
29 16 21 23 31 22 26 20 30 38 36 12 16 29 22 39 5 16 29 20
42 28 32 28 41 13 28 26 46 62 51 18 18 38 30 49 18 37 46 28
2 1 5 1 4 1 4 1 1 8 1 1 1 1 1 5 1 1 7 1
13 5 1 6 14 7 5 1 8 12 17 1 4 10 11 12 1 1 2 6
38 11 44 37 44 32 41 19 41 56 57 20 7 28 39 64 9 25 52 28
3 7 22 11 18 4 18 3 18 30 26 18 13 14 11 24 10 15 29 1
21 11 14 13 19 14 14 22 29 33 36 8 4 20 16 31 4 15 31 15
23 9 26 15 30 11 30 13 21 45 45 23 17 24 29 38 15 20 34 14
32 13 14 6 16 1 10 23 18 33 35 1 3 18 20 19 1 22 17 21
51 20 38 31 45 28 40 41 50 59 63 25 24 41 36 52 14 34 42 39
30 31 38 41 45 30 45 30 49 53 32 37 23 43 17 59 35 41 64 24
4 1 7 2 7 2 4 5 8 13 12 3 1 1 1 11 1 1 14 1
21 10 3 13 20 10 9 21 21 26 24 7 1 11 9 20 13 14 24 14
15 1 13 13 20 6 7 4 13 23 35 1 1 6 24 25 1 3 13 13
21 7 15 14 12 11 13 21 23 28 41 5 3 15 23 29 1 13 22 15
16 3 5 8 13 12 12 11 10 24 27 9 1 7 10 17 5 4 18 3
9 1 2 3 5 8 6 8 8 15 16 5 1 1 5 9 1 2 12 1
25 9 33 18 26 10 24 23 28 40 44 14 5 10 37 43 5 22 37 24
28 9 20 26 31 31 33 31 34 36 41 24 8 29 19 47 24 23 45 24
35 9 32 22 28 20 30 24 32 35 43 15 9 30 15 41 1 14 31 12
31 29 43 29 38 25 50 37 46 60 48 39 23 41 36 63 24 39 64 12
42 21 44 37 45 25 36 38 46 57 67 28 24 30 39 48 19 37 44 42
10 1 3 3 11 12 7 12 16 6 18 4 1 9 6 15 1 1 15 1
50 25 44 27 50 17 43 40 52 74 76 33 31 54 51 59 25 51 57 36
37 24 43 53 53 44 35 37 62 48 61 28 21 42 26 55 17 35 55 35
32 12 29 36 49 30 27 24 41 52 53 22 5 30 29 59 25 26 56 30
12 6 19 12 12 7 8 3 13 23 26 4 11 14 9 17 1 14 15 9
36 17 31 18 29 21 34 20 30 45 38 21 7 28 27 49 14 24 40 18
14 16 24 21 32 11 23 14 27 37 33 23 16 20 17 35 23 23 41 11
4 1 1 1 1 1 3 4 1 6 12 1 1 1 3 3 1 1 2 1
34 16 27 28 38 17 27 22 32 46 51 21 19 29 21 30 18 29 30 27
7 1 3 7 9 9 7 6 8 13 23 7 1 1 9 14 3 1 11 1
31 23 21 33 36 22 30 26 27 47 30 24 12 19 10 43 25 29 43 29
34 22 35 44 49 33 38 12 32 59 65 31 28 47 36 51 20 33 42 32
16 9 3 14 22 12 3 13 23 17 14 1 1 17 5 19 11 11 19 13
1 2 9 1 4 2 7 1 12 11 10 6 8 9 7 12 4 9 13 1
16 1 18 19 23 12 8 6 22 27 39 1 1 13 21 28 1 7 20 14
29 14 19 28 39 25 30 22 42 51 59 17 12 36 33 54 16 20 44 22
7 1 3 9 12 13 10 5 6 17 17 10 1 5 1 13 6 1 17 3
42 23 24 35 47 35 41 29 41 48 42 30 4 37 17 56 19 19 55 22
4 1 1 4 9 6 8 1 2 12 17 6 1 1 6 9 3 1 8 1
29 14 11 25 32 18 15 17 28 40 53 8 6 24 31 40 4 11 27 20
14 2 23 10 10 2 13 5 8 29 29 5 6 8 9 18 1 11 15 9
43 22 41 31 44 20 39 41 54 53 56 26 14 42 36 66 17 33 58 22
19 1 8 2 11 9 16 13 13 24 26 2 1 11 15 26 1 1 17 6
38 12 34 18 32 10 28 24 34 53 57 23 26 35 38 40 18 33 34 24
44 23 15 39 47 38 38 35 41 60 47 26 12 40 19 54 30 26 50 37
38 10 26 12 22 15 27 36 32 41 46 15 8 30 30 45 6 23 39 22
23 16 26 21 26 10 11 20 35 36 43 9 8 19 20 30 2 21 29 23
22 8 21 7 18 1 16 21 24 34 33 8 4 10 23 34 5 18 29 13
48 19 47 35 47 24 44 36 39 66 60 38 18 31 37 60 32 43 58 39
35 24 25 42 51 35 40 33 45 58 55 32 22 39 22 61 36 37 60 38
6 1 3 3 9 5 3 1 5 6 18 2 1 2 9 11 1 1 6 1
7 1 12 3 10 6 7 3 13 19 23 5 7 15 12 21 3 9 18 1
15 1 12 1 7 3 10 11 8 18 18 1 5 6 10 15 1 7 12 6
29 1 31 14 29 15 27 27 33 38 52 20 17 23 37 43 13 22 38 20
10 1 4 9 12 18 17 10 11 16 16 10 1 11 4 18 4 2 21 3
27 13 21 18 19 20 18 19 28 35 38 12 17 27 11 19 1 22 22 15
22 1 9 1 12 9 14 19 12 20 26 7 4 9 16 18 4 8 15 10
4 4 12 6 7 7 7 4 12 17 20 9 10 11 10 15 6 12 16 4
14 1 12 8 13 10 10 10 18 19 27 6 9 18 12 19 6 12 17 7
33 17 37 35 39 24 29 25 38 47 60 23 22 27 28 37 13 28 34 30
14 8 29 27 35 16 20 5 37 40 48 12 14 27 27 41 10 18 37 14
4 1 2 3 8 4 2 3 6 10 13 3 1 1 4 7 3 1 8 2
20 6 18 14 19 7 7 11 20 28 38 6 7 15 23 27 1 10 20 8
44 15 50 40 53 27 43 26 37 68 72 35 19 34 34 57 18 37 49 38
38 9 28 16 28 14 24 21 24 44 49 14 18 27 29 34 10 22 25 27
18 24 36 47 57 28 33 22 50 51 53 30 22 33 34 59 37 39 61 27
15 5 16 21 19 23 20 13 19 30 36 14 8 22 8 30 9 12 30 12
28 8 28 30 36 26 31 23 32 32 46 20 6 28 16 44 7 11 40 13
37 23 25 40 49 38 28 42 56 40 53 25 7 42 25 63 22 30 64 30
31 11 15 20 27 19 22 25 37 36 37 8 12 31 20 35 10 16 30 20
3 1 5 1 9 5 3 1 10 10 16 5 4 7 5 11 1 5 12 1
6 2 7 5 13 5 7 4 12 13 18 7 6 7 8 11 6 8 16 4
48 17 27 23 38 22 36 33 35 61 62 22 20 35 40 51 12 26 38 34
23 15 39 38 42 28 47 22 36 59 51 38 19 40 29 55 38 39 60 30
4 1 2 7 7 9 5 3 4 13 12 6 1 3 1 7 2 2 11 2
30 25 15 38 35 36 28 34 43 44 39 23 21 37 8 44 29 32 48 31
5 1 8 5 8 8 9 3 7 22 21 9 1 4 2 17 1 2 21 1
6 5 10 13 18 8 5 9 16 8 21 7 1 1 12 16 8 6 16 8
51 27 13 38 48 30 31 37 42 60 52 18 19 37 23 46 23 31 40 41
20 3 15 11 22 10 25 14 8 35 28 19 1 6 11 26 8 8 27 9
6 1 9 11 15 11 12 4 9 18 22 11 4 6 11 17 8 5 17 5
1 1 3 1 1 1 1 1 6 6 6 1 2 4 1 8 1 3 9 1
15 4 16 9 10 8 11 11 12 27 25 10 5 9 10 21 1 11 21 6
29 14 31 39 45 36 46 14 38 57 55 35 20 50 31 55 28 29 50 24
23 4 30 16 22 10 25 12 15 42 42 17 9 15 18 35 4 18 31 12
15 2 14 15 20 13 16 4 17 35 36 12 9 23 9 23 7 12 25 7
17 6 7 15 15 11 14 15 14 34 37 11 2 14 13 21 9 11 22 15
1 1 2 1 1 2 1 1 2 7 7 1 1 1 1 8 1 1 8 1
42 23 54 42 53 36 61 22 27 69 59 55 22 41 34 63 42 46 66 36
34 27 27 22 39 17 37 39 42 49 44 29 1 34 29 52 17 30 57 28
7 1 8 5 5 1 3 4 3 14 11 1 3 5 1 6 1 6 9 3
13 11 33 21 25 14 29 10 33 34 25 20 17 30 8 33 8 22 36 7
23 12 8 14 18 6 12 24 21 38 34 6 1 14 14 25 9 17 30 20
12 5 9 15 18 6 9 8 11 25 17 6 2 7 1 12 9 10 21 11
48 33 43 42 52 33 40 37 63 72 82 23 30 52 61 73 11 41 58 40
38 15 39 21 34 12 33 35 43 56 60 29 30 37 44 46 27 42 45 31
1 1 5 12 14 11 10 4 7 17 22 11 1 5 7 14 9 3 16 5
32 12 38 16 26 16 41 33 37 49 38 28 16 30 27 51 16 30 49 18
10 6 16 11 14 4 8 1 12 22 24 10 13 17 9 11 6 16 15 6
4 5 6 10 12 11 7 8 16 15 16 7 5 7 5 14 8 8 20 7
37 13 31 49 58 47 38 27 51 41 63 26 9 38 33 61 20 19 52 32
29 6 19 20 30 10 19 16 20 39 46 10 6 15 21 28 8 12 21 20
24 6 34 22 30 10 30 21 31 48 60 26 19 26 38 45 19 28 40 20
2 1 9 1 4 3 4 4 12 12 8 3 6 6 4 11 4 7 14 2
23 11 20 15 25 14 23 6 11 34 22 19 1 13 11 28 10 12 27 11
12 1 4 1 5 4 5 9 7 9 12 2 2 2 6 7 1 3 6 3
16 5 25 18 27 9 26 14 24 37 50 22 11 19 31 40 15 20 35 13
24 15 19 23 31 14 16 24 39 38 47 14 10 20 29 41 18 23 40 18
26 20 34 29 38 16 38 5 22 55 49 32 14 29 27 47 21 26 42 13
14 1 18 10 13 13 16 14 21 25 31 10 7 10 19 30 4 9 26 5
36 21 28 36 44 20 18 21 47 48 63 15 19 33 35 42 14 29 35 30
15 7 2 12 22 13 11 6 16 23 23 2 6 12 12 18 1 1 13 10
21 9 16 26 32 33 30 24 29 19 28 25 7 27 2 34 15 12 41 11
36 20 31 35 39 27 24 22 44 45 56 9 22 34 37 45 1 22 32 29
14 5 8 15 16 19 14 23 28 13 18 11 1 15 1 22 7 6 29 5
8 4 4 6 11 1 1 11 13 7 13 1 1 2 6 10 7 6 10 6
19 10 25 17 25 14 18 10 28 35 40 14 17 26 15 27 9 20 28 12
33 8 12 9 27 16 24 29 31 36 39 10 8 23 26 34 8 13 30 21
10 2 13 6 11 6 13 13 20 21 18 4 6 11 7 20 7 10 22 7
19 8 16 14 11 16 15 15 21 24 28 6 10 19 10 20 1 13 19 11
21 4 18 18 25 27 34 22 20 27 29 23 2 20 7 36 7 4 37 9
49 13 42 37 54 29 45 30 42 69 75 32 16 42 42 66 21 32 54 41
4 1 9 11 16 12 14 4 14 20 22 14 8 11 7 16 12 9 21 6
6 1 1 4 9 8 7 1 1 13 17 4 1 3 2 9 1 1 9 1
6 1 5 2 3 1 2 5 3 10 13 1 1 1 5 9 1 1 6 1
23 20 21 34 45 26 33 17 39 53 48 23 18 39 24 53 24 24 48 22
11 1 10 2 11 4 13 4 1 23 16 7 1 3 7 15 1 1 15 3
23 10 27 29 31 28 34 14 22 37 29 26 5 25 1 36 11 15 41 12
1 1 11 12 9 17 19 4 10 26 16 13 1 14 1 24 4 4 29 4
2 1 1 2 1 1 1 1 1 4 9 1 1 1 1 1 1 1 1 1
20 25 45 39 41 30 50 19 37 63 55 40 32 44 24 49 23 37 49 22
4 5 13 7 13 4 12 5 20 19 20 8 11 19 10 19 7 13 21 1
30 29 44 40 49 32 46 30 53 65 66 39 35 52 34 54 29 40 54 17
12 1 16 12 14 15 22 13 12 33 34 14 7 18 13 30 8 13 29 15
7 4 1 7 11 8 7 9 11 11 12 6 1 1 5 7 7 4 11 7
23 8 19 25 30 25 23 19 28 39 39 17 10 28 9 32 17 19 38 19
28 19 21 36 44 22 20 17 40 44 46 18 18 33 19 41 24 29 39 25
28 11 26 29 32 20 19 29 38 36 44 9 6 18 26 40 12 20 38 28
12 1 3 2 8 6 7 7 4 17 19 4 1 1 5 9 1 1 11 1
7 3 13 7 17 5 13 4 17 26 25 10 7 11 12 23 8 10 26 3
27 16 21 20 28 16 22 20 41 41 44 11 20 36 29 39 13 22 30 16
30 16 27 38 41 28 23 23 41 47 58 19 9 33 24 45 19 31 46 34
9 1 20 3 6 2 17 8 12 28 25 10 6 6 14 26 2 10 22 3
17 4 7 6 10 8 9 12 12 26 25 6 3 8 10 16 2 8 19 4
14 6 7 14 21 6 4 15 23 15 30 5 1 3 17 22 7 7 20 10
4 1 1 1 1 1 1 1 1 4 9 1 1 1 1 5 1 1 3 1
41 26 47 54 64 34 40 23 53 71 72 32 25 41 36 61 22 39 52 41
9 1 15 2 6 1 9 4 7 22 21 1 2 5 9 18 1 7 14 6
20 6 8 6 10 9 5 16 21 24 30 3 5 21 12 19 1 15 20 8
10 1 18 6 10 8 14 11 18 17 23 3 6 11 17 29 2 7 21 5
45 17 28 9 31 14 34 48 45 45 44 20 13 38 39 48 12 36 46 34
14 1 11 13 20 23 21 13 15 19 25 16 1 19 8 31 6 2 30 3
5 3 20 4 9 9 19 9 21 23 23 9 9 14 17 31 6 10 25 4
32 11 29 19 32 12 27 24 33 49 50 19 16 27 31 43 17 25 39 23
23 26 42 37 42 28 47 25 46 63 56 38 30 44 26 50 25 38 54 15
1 1 5 1 5 2 2 1 9 9 8 2 4 4 2 6 2 5 10 1
7 1 5 2 5 3 7 9 8 14 16 3 1 1 5 7 2 3 12 4
7 4 13 17 15 12 16 1 4 29 24 13 5 11 1 12 4 7 17 10
27 8 20 14 19 8 17 12 12 33 30 7 9 16 10 16 1 14 10 18
42 20 30 28 34 20 31 35 39 48 36 16 8 29 14 47 13 31 44 27
25 2 17 13 25 11 22 24 21 38 40 16 6 13 19 32 16 17 33 20
51 41 27 37 48 30 32 49 59 59 53 23 18 48 25 46 19 48 50 45
23 13 38 39 46 29 39 22 47 57 57 30 9 31 32 66 25 33 67 25
1 1 6 12 10 8 5 2 5 11 23 7 1 2 8 14 3 1 10 1
14 1 16 10 19 14 23 8 8 34 31 17 6 14 12 28 9 11 30 12
7 13 17 19 26 14 24 18 34 27 29 20 16 23 14 31 20 20 38 3
25 11 18 23 27 21 25 7 18 42 42 12 11 23 19 33 5 9 22 19
32 15 14 32 37 28 27 22 35 36 43 10 11 31 21 39 9 13 28 24
34 11 49 37 51 29 44 25 41 57 60 27 16 27 33 54 15 32 52 36
13 4 15 6 15 14 18 10 17 26 28 13 10 17 13 26 7 11 28 1
50 33 43 52 65 40 58 41 59 79 76 38 35 63 44 76 40 48 68 46
27 11 24 13 22 13 29 25 18 46 42 23 7 15 26 42 11 21 39 18
5 1 7 6 16 11 13 9 14 17 10 8 1 6 1 20 6 3 28 2
9 6 15 14 15 6 12 8 10 23 14 12 2 4 1 16 8 10 23 8
24 12 37 33 43 22 46 19 32 59 54 35 15 38 24 55 29 31 57 18
34 20 22 42 49 38 42 24 44 59 44 29 18 49 17 58 30 29 56 31
34 14 34 22 28 19 36 25 35 50 49 23 12 35 21 47 5 25 46 12
36 5 28 14 29 15 32 26 29 57 52 23 13 31 30 47 11 25 43 23
36 18 30 27 37 20 29 25 32 57 55 26 6 38 25 43 18 36 49 34
8 1 2 1 9 3 1 1 4 9 8 1 1 5 4 7 1 1 6 1
8 1 8 6 6 5 3 5 7 13 15 1 3 6 4 11 1 6 11 4
33 14 20 32 41 26 28 25 37 48 59 15 13 28 35 49 15 17 37 27
9 1 11 5 14 1 4 2 10 13 22 1 1 2 13 18 1 1 11 1
36 16 39 39 41 30 35 36 47 45 56 23 16 32 24 48 12 26 45 30
15 1 18 16 27 15 9 12 30 23 36 5 4 13 23 30 5 9 28 12
2 1 11 4 9 7 6 1 15 15 19 6 6 8 10 18 3 7 17 1
15 1 10 1 13 1 11 10 4 17 14 3 1 4 10 11 3 5 12 8
13 4 13 9 12 6 7 4 8 22 20 6 5 10 4 11 1 8 14 7
29 5 9 4 17 6 13 19 14 25 35 8 5 13 25 23 4 10 12 14
18 13 27 23 25 19 27 21 37 28 28 19 15 30 10 35 12 20 41 9
43 27 48 46 53 41 55 32 54 64 70 46 29 60 23 60 24 40 62 21
25 6 16 15 23 16 20 25 24 29 27 9 1 19 13 35 9 12 33 16
15 3 10 15 18 14 8 19 26 10 22 5 1 16 4 24 6 8 23 7
34 24 41 31 36 22 31 8 23 49 44 29 17 30 16 33 12 33 33 24
12 2 12 5 13 5 7 4 8 23 18 7 4 10 7 17 1 5 17 3
26 21 20 17 28 7 18 25 38 42 46 16 16 28 29 32 17 31 37 18
3 1 7 3 3 4 2 2 7 12 8 1 1 5 1 9 1 4 12 1
38 22 25 33 36 30 24 25 39 41 57 18 19 35 28 37 6 24 25 25
1 1 9 1 1 2 3 1 5 15 10 3 3 4 1 10 1 5 14 1
3 1 2 5 2 2 1 1 1 10 11 2 1 2 1 1 1 2 5 2
29 3 23 10 29 14 23 26 27 34 39 17 15 23 28 35 17 20 32 23
13 5 6 13 21 15 12 1 12 22 25 11 8 17 11 20 6 6 16 8
1 1 5 2 3 5 4 3 8 10 7 1 1 4 1 11 1 2 12 1
15 19 42 28 28 16 33 8 31 43 38 24 20 30 17 42 12 30 39 12
4 1 11 10 10 13 13 5 7 23 19 12 3 8 1 19 5 5 24 3
22 9 20 8 22 9 20 12 23 39 30 17 6 17 15 32 8 18 35 5
28 6 24 12 29 6 23 19 19 39 39 17 1 9 25 39 8 15 34 12
32 21 30 32 30 28 20 31 48 39 53 14 14 33 30 41 1 29 35 30
17 2 26 16 13 13 19 18 29 26 37 9 9 22 19 34 2 12 28 8
2 7 14 6 11 3 12 5 18 15 16 10 13 16 11 19 9 14 19 1
47 31 52 45 57 21 45 37 52 70 62 37 31 38 36 59 32 50 59 40
16 14 28 20 20 11 24 10 26 37 41 18 21 24 17 23 9 26 22 14
26 21 18 37 35 27 22 22 27 41 38 21 14 27 5 26 22 26 30 31
32 16 16 11 25 17 25 31 35 43 45 15 5 33 26 41 4 23 43 16
15 8 8 16 23 19 13 18 25 15 20 10 1 16 9 25 11 9 28 10
8 1 3 1 2 7 9 11 9 5 9 1 1 6 3 12 1 1 9 2
13 1 6 4 10 5 8 6 5 17 21 4 1 5 10 11 1 4 8 7
21 10 21 14 23 11 20 23 21 34 27 14 7 13 18 33 17 19 33 23
17 10 30 29 40 20 29 17 35 47 45 20 8 24 25 53 21 21 52 22
41 34 39 26 37 17 30 33 52 56 65 23 26 44 41 45 10 45 37 33
26 16 33 16 25 7 32 15 21 49 38 26 11 18 23 37 14 28 40 12
31 6 39 19 36 8 29 27 33 46 46 18 7 12 39 49 13 28 44 29
22 16 25 21 19 21 19 17 27 30 30 15 22 28 10 20 5 25 21 19
25 8 7 14 25 16 15 16 26 38 41 11 6 22 20 30 9 11 28 15
22 1 26 16 26 18 29 23 28 34 43 18 6 18 23 44 8 10 40 12
28 14 30 20 29 17 30 32 45 34 46 19 12 29 28 49 13 21 46 11
44 23 50 49 54 39 49 24 36 67 60 47 26 43 21 47 31 44 53 39
26 6 44 36 42 28 41 18 37 57 66 27 14 34 36 61 16 29 56 26
1 1 2 3 1 3 2 1 3 9 14 1 1 1 6 9 1 1 5 1
28 15 21 28 34 19 20 24 32 38 36 13 12 22 17 37 18 26 36 28
5 1 3 5 5 1 4 6 6 9 13 1 1 1 5 7 3 3 4 8
3 5 12 11 17 18 19 11 24 19 21 16 11 19 9 25 14 12 30 5
1 1 1 1 5 3 1 1 1 6 9 2 1 1 1 4 1 1 7 1
23 15 7 23 23 17 8 22 29 33 29 8 5 20 6 23 15 21 30 20
23 26 46 44 46 26 29 22 54 48 59 26 30 35 33 46 19 40 46 30
5 1 1 1 7 1 1 2 3 4 14 1 1 1 5 4 1 1 1 1
13 7 29 24 34 17 31 19 35 37 47 22 14 24 30 47 20 21 45 19
41 23 22 35 43 36 34 38 53 41 52 22 21 43 27 50 13 23 45 21
36 29 36 30 40 27 41 42 54 50 66 33 25 51 42 60 18 35 54 10
30 12 15 13 31 11 19 28 23 31 28 15 11 18 20 27 22 22 29 27
1 1 4 1 1 1 1 1 1 6 6 1 1 1 2 6 1 1 5 1
9 1 5 4 7 2 2 2 6 14 15 1 1 6 3 7 1 4 7 3
10 1 9 6 10 7 13 9 7 20 19 9 3 4 10 13 4 7 13 10
22 10 32 41 46 29 24 16 48 45 51 20 13 23 33 50 29 33 52 29
29 25 40 44 45 21 24 16 36 46 39 19 6 21 22 45 24 34 45 35
8 2 9 12 11 7 11 8 8 21 20 7 3 5 6 9 7 8 15 11
7 1 2 1 1 1 4 7 4 9 10 1 1 1 4 4 1 1 3 2
9 1 6 2 6 7 7 7 9 12 15 3 3 5 5 11 1 4 11 3
20 7 17 17 18 15 24 17 21 41 35 13 3 16 9 28 5 13 30 16
12 2 20 12 18 8 18 2 11 36 28 15 9 15 8 23 5 13 26 5
30 13 15 3 19 7 17 31 31 32 41 3 1 23 28 36 1 21 28 19
1 1 5 1 4 6 3 2 8 8 11 2 1 2 5 13 1 1 11 1
20 4 15 12 10 13 12 16 27 21 24 5 8 23 5 19 1 14 19 6
50 28 36 24 42 23 39 30 37 63 55 27 5 36 36 56 16 37 53 33
16 1 11 6 10 15 12 18 23 11 24 8 3 17 10 25 1 6 22 1
3 1 6 3 10 4 5 4 16 12 14 3 4 9 3 11 5 8 16 2
17 4 5 11 19 17 13 16 22 21 23 8 1 16 9 20 6 1 22 7
6 1 3 7 9 10 9 4 8 14 18 7 1 3 7 12 4 1 10 4
26 23 42 41 45 41 56 32 45 45 54 47 27 50 24 60 32 34 60 15
3 1 11 1 6 1 5 1 9 14 15 2 3 8 8 19 1 4 15 1
40 29 50 43 55 34 58 20 44 71 67 40 25 47 47 75 27 38 61 30
4 1 8 4 5 11 9 7 13 13 17 9 7 10 5 15 4 8 19 1
18 1 13 4 14 7 16 15 11 22 25 12 8 9 16 19 8 11 17 14
23 12 13 8 15 5 8 22 24 24 33 1 4 13 28 29 1 15 20 15
21 9 6 15 26 10 6 14 23 20 29 5 3 11 17 21 10 7 17 12
11 1 20 15 15 11 23 8 3 35 33 17 4 10 14 27 8 10 26 14
12 1 10 7 3 11 10 14 19 22 24 3 5 14 8 19 1 9 19 5
41 10 31 23 34 26 35 27 37 44 51 21 22 41 27 41 8 25 33 28
22 11 25 25 28 16 16 6 29 38 44 5 15 25 28 38 1 14 26 19
20 13 31 23 30 12 30 17 26 47 36 23 13 19 18 41 18 27 44 18
20 3 10 10 17 5 11 6 11 30 29 6 3 11 11 15 1 3 12 8
18 6 12 4 10 12 14 20 28 22 20 7 8 21 13 26 4 14 26 5
19 5 11 17 31 16 18 18 27 34 40 14 1 19 18 41 10 9 38 12
22 4 12 10 13 6 12 14 6 24 28 8 5 9 12 9 1 10 11 13
30 13 47 31 49 17 44 28 42 65 68 38 19 32 45 65 29 38 64 32
9 3 18 7 9 5 16 6 11 25 17 10 5 9 6 24 3 11 24 1
14 1 1 4 12 2 1 8 11 16 21 1 1 4 7 6 1 1 7 5
39 13 30 25 35 27 37 25 35 55 55 22 23 39 25 40 8 26 33 28
31 22 15 26 28 18 17 30 38 43 30 16 19 28 10 32 24 33 38 26
23 10 10 19 30 19 22 14 22 35 35 10 7 17 20 34 11 8 27 19
12 1 11 1 4 2 11 12 9 21 22 7 5 5 13 13 1 10 15 5
23 11 16 19 22 20 15 12 26 22 25 9 12 28 8 19 1 15 16 15
10 1 3 2 9 8 6 5 6 12 19 4 1 5 7 13 1 1 12 1
10 2 9 8 11 12 13 15 19 22 21 7 5 9 8 18 6 7 23 7
40 13 32 28 40 34 47 33 32 48 47 36 1 33 19 60 16 25 60 22
27 1 19 8 20 6 16 15 15 33 33 10 11 19 20 24 7 16 19 19
4 1 4 1 7 5 6 6 15 10 13 1 3 9 4 13 2 4 15 1
48 19 44 41 50 35 42 51 59 48 71 32 20 42 41 63 20 36 59 38
12 5 15 10 10 11 9 8 17 19 27 7 12 18 9 18 4 15 17 8
21 7 25 9 18 13 28 18 23 34 24 16 9 16 14 34 9 16 34 8
15 1 9 1 10 4 10 12 8 15 20 5 3 3 11 13 3 7 11 8
10 8 34 18 31 1 23 9 29 36 38 15 12 14 30 41 13 19 36 11
16 15 31 17 25 3 19 15 35 39 45 16 15 21 35 41 11 24 38 10
19 5 12 5 10 9 11 18 25 26 29 5 6 24 15 27 2 15 26 5
4 1 5 6 8 6 4 4 6 13 13 6 3 3 1 6 3 4 12 1
11 1 7 2 12 10 7 8 17 13 18 6 6 14 7 15 3 7 16 1
49 25 35 34 50 27 38 43 55 56 55 18 17 38 44 69 14 30 55 36
17 8 16 8 16 9 13 22 35 29 37 5 7 21 25 35 6 17 32 10
14 9 16 19 18 16 17 10 18 29 27 10 9 13 7 16 9 13 21 17
16 2 18 9 11 10 20 12 11 27 23 9 3 14 8 28 1 9 25 6
8 5 7 15 15 7 6 7 10 18 21 7 4 6 3 8 8 9 15 10
18 1 16 10 12 16 24 21 17 23 25 15 5 18 12 25 5 10 26 13
20 6 10 15 14 18 13 17 20 24 27 9 5 18 6 19 3 11 23 8
25 14 26 24 30 24 24 18 34 41 49 21 21 31 17 30 13 25 30 17
6 2 6 9 8 5 1 7 13 10 20 1 2 6 4 9 3 5 9 7
12 1 14 9 13 11 17 13 12 26 22 10 3 6 8 20 6 7 24 10
18 1 10 14 21 24 19 11 15 28 36 16 1 22 11 32 12 11 31 9
7 1 5 4 6 8 6 6 7 10 15 6 4 4 7 10 1 5 11 1
5 1 1 1 1 1 2 4 1 4 9 1 1 1 1 1 1 1 1 1
11 1 2 5 13 6 11 4 1 17 22 7 1 4 6 10 2 1 10 4
1 1 2 1 3 5 2 4 8 9 7 1 1 1 1 7 1 1 13 1
39 14 15 24 41 27 32 34 37 43 52 20 9 32 32 50 22 21 40 31
8 6 16 17 18 12 14 2 15 29 31 16 13 19 8 20 11 16 25 7
14 2 5 11 17 4 1 7 16 17 21 2 2 11 4 12 4 9 14 8
9 5 5 15 13 17 14 16 20 16 16 9 1 12 3 17 9 7 23 9
27 14 26 17 29 16 24 24 31 41 42 13 1 16 30 50 3 19 44 19
35 20 35 37 46 18 28 15 38 53 52 18 13 27 32 50 14 26 42 27
33 29 44 23 38 5 39 29 40 62 59 30 12 31 45 61 13 40 56 21
4 1 1 1 3 1 1 1 2 7 9 1 1 2 1 5 1 1 4 1
46 22 34 26 39 21 37 28 39 66 63 21 25 38 39 50 8 33 40 32
17 3 9 22 30 27 24 16 23 22 26 19 1 24 4 29 14 7 33 10
34 21 33 27 46 26 32 34 55 44 63 26 10 44 41 62 11 29 59 21
32 20 43 31 47 18 39 30 45 55 39 29 20 29 32 64 31 39 59 34
1 1 3 1 1 1 1 1 6 4 4 1 2 4 1 7 1 3 8 1
23 7 21 12 18 4 16 5 11 37 30 13 2 15 13 26 5 16 24 6
8 4 16 1 7 13 18 12 20 22 21 11 10 16 11 26 6 11 28 1
10 3 14 8 10 1 10 10 13 22 18 3 6 8 8 13 7 11 17 10
46 29 30 50 60 34 37 23 39 64 55 34 7 38 25 63 35 35 58 38
38 34 37 31 40 18 35 41 59 63 59 20 22 47 38 59 23 46 58 31
16 11 2 9 12 4 1 20 20 17 12 1 1 8 7 13 11 12 17 12
12 1 11 4 7 9 11 10 12 17 18 6 7 9 10 16 1 9 15 7
7 6 17 9 20 5 10 4 20 17 28 12 12 14 18 21 10 13 20 2
5 1 11 3 4 10 14 6 8 18 12 8 3 6 6 18 1 4 20 4
22 21 32 25 38 20 36 18 42 43 44 20 26 38 36 54 10 23 40 13
34 12 19 26 37 25 25 26 38 48 61 13 2 35 35 55 7 18 44 26
51 34 14 28 48 23 23 43 55 51 55 12 13 40 37 55 18 33 43 39
13 4 17 15 27 19 30 2 18 40 32 20 9 25 15 39 10 10 35 9
12 4 13 20 19 23 19 7 18 26 27 14 9 25 1 20 4 13 24 11
23 14 25 19 29 18 26 10 25 40 37 19 15 24 23 42 9 16 33 11
20 6 17 16 19 12 12 8 17 32 39 10 11 19 19 26 5 12 20 10
38 26 36 34 47 29 42 29 45 50 35 31 14 41 20 60 27 31 58 23
12 2 19 12 17 3 10 9 23 28 35 8 6 10 16 25 6 13 26 4
15 6 4 2 4 7 7 15 13 21 23 4 1 7 13 16 1 7 16 7
35 31 22 29 42 16 23 29 51 45 50 15 26 39 41 48 21 33 35 24
21 8 10 12 18 13 10 19 23 31 40 6 1 20 19 31 2 14 29 10
45 20 35 42 53 23 26 27 47 53 62 6 18 30 42 49 13 34 37 46
57 28 42 49 58 39 43 46 61 60 68 23 22 46 39 62 14 32 48 45
16 5 16 20 24 29 27 22 31 24 34 24 9 27 9 34 13 10 38 7
3 1 9 2 3 5 6 5 7 14 17 5 1 1 6 16 1 1 15 1
17 5 10 2 8 2 7 12 15 24 27 5 7 13 15 15 3 13 18 4
45 31 36 33 39 25 37 30 45 62 59 25 34 45 43 49 14 36 40 31
15 5 17 15 17 9 15 12 15 31 26 9 5 8 6 22 8 12 26 14
54 24 39 36 46 34 45 48 54 51 63 24 24 47 37 63 11 28 48 30
8 1 1 1 5 6 6 5 2 10 15 2 1 1 1 7 1 1 9 1
42 22 29 45 52 36 36 35 54 57 53 29 17 45 20 63 24 31 59 28
45 30 29 42 47 41 37 38 52 40 47 24 27 48 23 47 11 27 44 28
9 1 13 9 7 9 10 5 10 21 26 6 6 10 12 19 1 9 15 7
34 30 48 34 38 23 44 36 48 59 64 35 40 45 41 47 23 47 41 26
26 28 34 26 34 18 34 30 51 57 54 24 24 42 27 44 15 39 49 22
5 8 21 17 19 13 21 6 22 32 36 19 14 19 17 32 14 16 32 3
14 1 11 3 13 7 14 7 12 21 15 6 1 11 5 23 1 4 21 1
15 4 30 20 23 19 31 15 26 39 43 20 12 23 25 45 11 18 41 14
30 19 23 14 30 17 24 29 42 43 52 17 12 37 35 49 9 27 45 14
10 1 8 12 18 19 15 8 11 22 22 14 6 16 5 21 10 8 26 7
18 16 38 35 38 24 34 18 40 37 52 30 21 40 26 51 16 23 49 5
9 2 10 8 10 9 8 5 14 15 20 1 3 12 5 15 1 6 13 5
22 4 18 22 29 24 16 17 33 16 39 9 1 20 21 36 1 3 27 8
2 1 1 6 9 7 5 1 1 10 16 7 1 1 1 6 3 1 9 1
29 12 24 25 41 18 19 25 42 40 40 11 11 25 30 50 18 27 43 31
18 18 23 25 32 14 24 17 41 37 41 15 24 39 24 35 16 23 31 10
14 16 39 33 35 16 30 18 39 47 58 25 23 28 37 47 21 28 43 12
1 1 4 1 1 4 3 1 10 3 8 1 2 7 4 14 1 3 10 1
24 16 36 24 27 4 24 18 32 42 53 16 22 25 35 36 13 30 28 15
46 28 42 39 45 35 46 46 47 57 48 33 24 40 24 53 22 39 51 42
18 4 4 5 11 14 10 18 18 11 16 6 1 15 9 17 1 5 16 1
1 1 6 1 4 4 7 2 14 10 10 2 5 9 5 13 2 6 13 1
35 1 21 16 34 26 35 31 32 39 45 26 10 33 23 44 16 18 41 19
28 9 17 19 25 15 18 19 33 31 32 5 10 29 12 28 7 18 25 19
20 12 26 22 26 18 23 3 15 36 29 23 3 14 7 31 15 19 35 13
9 3 15 4 9 4 16 7 6 20 8 8 1 1 7 18 1 6 17 6
1 1 3 1 1 5 2 2 6 8 12 1 1 1 3 12 1 1 10 1
12 1 14 9 14 3 12 7 6 27 26 6 3 5 7 15 3 9 18 11
27 15 21 24 29 19 22 24 32 33 23 12 10 25 4 26 11 19 30 20
30 10 25 33 44 29 30 17 27 49 46 29 8 30 19 46 29 24 47 27
18 5 3 4 7 12 12 20 20 14 15 4 1 13 10 18 1 6 17 5
9 1 1 2 7 5 2 6 8 6 17 1 1 4 5 8 1 1 6 1
48 14 34 35 50 33 50 34 43 64 62 29 19 44 29 59 14 26 50 33
11 8 12 16 19 8 6 12 20 17 19 1 1 9 10 22 11 10 20 12
40 30 12 34 37 37 30 49 53 34 27 25 21 39 10 45 31 33 48 31
7 3 5 6 11 9 8 9 13 12 14 5 3 5 6 11 6 5 14 7
11 8 12 15 19 13 11 15 25 29 21 10 6 14 5 25 15 16 33 10
44 38 50 43 48 28 49 32 54 69 47 34 24 46 31 62 37 52 62 36
6 3 6 14 9 12 9 1 6 21 23 8 4 9 3 11 4 6 13 7
28 10 32 24 35 23 36 15 32 41 41 20 9 27 27 55 5 13 42 14
7 4 23 11 10 8 15 2 13 27 20 12 4 12 5 28 4 14 27 4
9 3 30 9 18 9 22 11 24 30 32 14 9 12 25 39 6 13 34 11
10 1 7 1 10 6 5 5 7 11 9 1 1 7 5 11 1 4 12 1
17 4 34 21 23 14 26 18 34 28 41 15 11 26 25 43 4 17 36 13
7 1 7 1 6 9 10 8 15 14 14 6 6 10 6 14 2 7 18 1
41 29 31 30 47 32 44 35 57 53 63 32 22 53 36 66 15 29 59 14
23 18 38 35 38 21 30 29 57 49 49 15 14 30 38 60 22 34 56 24
18 12 20 23 34 23 29 3 13 35 26 28 1 16 7 33 21 14 38 15
35 20 51 40 48 36 39 28 53 45 58 31 25 44 23 54 6 29 50 21
29 7 37 42 49 30 27 8 39 53 62 18 9 26 30 47 16 24 43 32
24 8 11 27 37 31 30 11 23 38 40 18 5 28 18 40 19 11 35 23
2 1 5 1 3 1 4 1 7 10 7 1 4 4 4 6 1 5 8 1
36 14 20 17 24 13 21 18 31 44 50 6 18 30 30 33 2 22 18 22
14 6 18 11 14 4 9 6 13 23 23 5 9 11 1 10 1 12 11 10
32 16 35 32 39 17 24 18 31 56 60 19 11 26 32 47 9 28 44 25
17 8 7 5 13 5 4 17 20 23 23 5 5 11 12 14 5 13 21 9
42 18 46 36 44 33 42 31 45 54 63 30 27 45 36 54 11 33 44 32
8 1 8 3 4 4 3 8 15 16 17 3 6 7 7 12 2 8 13 1
14 11 7 15 18 12 6 16 19 21 11 5 3 10 1 17 14 13 24 14
5 1 8 3 4 9 9 8 14 10 19 2 2 9 10 21 1 3 15 1
33 24 42 39 48 38 52 41 50 50 51 41 20 42 23 69 29 32 69 22
24 11 15 16 18 8 12 17 20 29 28 6 9 12 6 8 4 15 12 17
12 1 5 1 7 1 5 9 8 10 14 1 4 4 6 5 1 5 6 1
20 1 21 11 17 14 23 20 20 33 32 15 12 19 15 26 10 18 28 19
37 17 31 30 45 25 39 35 43 58 47 29 25 41 23 51 33 39 56 34
25 1 12 7 25 15 23 17 21 30 35 12 9 20 19 30 7 10 23 15
17 18 32 23 23 8 26 17 28 45 47 21 25 27 28 31 17 29 31 9
4 1 2 5 1 2 1 3 1 10 14 2 1 1 1 1 1 2 5 1
36 22 19 15 33 13 23 31 49 45 47 13 9 43 33 43 6 28 41 23
36 18 53 48 55 31 41 15 45 70 74 34 17 37 38 61 23 46 60 37
5 1 16 9 13 13 21 5 12 30 22 16 6 10 8 27 6 8 29 4
7 1 4 6 6 9 4 8 10 9 15 5 1 6 1 8 1 4 9 4
37 12 28 18 32 13 31 25 31 54 60 17 19 29 42 48 8 23 34 23
39 31 36 23 33 18 29 34 50 52 59 19 22 45 36 45 8 42 40 30
16 4 7 11 13 5 8 14 13 24 24 5 1 5 7 10 6 9 18 9
19 19 26 38 40 21 18 18 41 44 41 18 18 25 18 44 24 32 46 28
9 1 1 1 6 1 1 4 1 3 14 1 1 2 6 5 1 1 1 1
8 2 8 7 3 8 8 6 7 17 16 3 3 8 5 10 1 6 11 8
45 20 51 38 54 31 57 28 43 72 68 39 31 48 46 73 26 40 59 34
5 1 3 5 7 13 15 12 12 16 15 5 1 5 2 17 3 1 20 3
30 35 44 43 44 31 43 39 60 60 52 35 35 49 27 50 28 46 55 24
23 10 18 21 27 13 18 7 23 39 47 10 16 24 25 31 5 14 18 14
38 15 41 36 41 34 35 39 59 44 61 18 8 31 39 63 11 31 61 29
15 1 11 6 13 6 5 9 16 22 28 7 8 13 13 15 5 10 15 4
30 24 38 31 33 21 37 22 39 53 40 24 14 33 19 50 24 36 51 25
11 22 22 24 29 19 26 27 43 34 26 21 20 33 18 39 27 29 46 8
59 27 30 32 47 28 40 50 55 61 58 18 27 48 43 55 19 37 44 47
19 6 12 13 22 18 22 10 17 33 30 12 7 17 13 31 3 5 26 8
6 1 17 16 22 18 19 4 15 26 30 16 1 14 8 33 12 8 34 8
33 22 40 50 60 41 40 15 52 59 71 28 27 40 52 62 21 34 51 37
38 11 38 30 44 22 42 16 21 62 57 32 20 34 26 45 17 29 39 33
59 18 48 44 58 39 52 37 41 75 75 43 33 51 37 52 30 45 47 50
17 19 22 29 36 23 29 23 41 45 38 27 16 30 20 51 30 28 52 17
11 1 3 1 8 6 5 6 6 13 19 2 1 5 8 12 1 1 10 2
45 28 19 27 48 24 29 47 53 48 55 18 8 37 34 60 20 36 56 38
33 12 34 40 44 30 27 24 43 47 52 12 6 22 32 50 21 28 48 36
4 2 6 11 13 7 5 7 10 16 22 7 3 5 5 13 8 7 18 5
27 9 16 24 25 22 22 20 27 34 51 12 5 26 21 35 6 15 28 19
3 1 1 1 2 6 4 3 3 7 13 2 1 1 2 7 1 1 6 1
37 17 28 24 32 10 19 22 36 47 54 6 14 27 34 39 6 21 28 27
38 26 14 26 41 25 26 37 46 50 49 22 16 36 28 51 28 34 50 30
10 1 4 3 8 4 1 9 13 10 21 2 1 2 9 11 2 4 8 1
2 1 2 1 3 1 1 3 5 4 8 1 1 1 1 3 1 2 5 1
22 14 14 11 24 4 5 23 32 24 33 2 2 12 24 31 7 17 30 17
22 15 23 19 27 4 15 16 36 40 48 13 17 29 31 34 15 25 29 11
12 1 4 6 13 8 7 7 7 19 27 8 3 8 9 14 4 5 14 1
9 1 5 1 1 1 7 9 3 13 12 1 1 1 6 7 1 1 6 4
39 25 52 43 50 38 58 28 41 70 69 46 33 51 30 58 28 45 57 36
18 11 42 35 47 18 37 16 36 53 60 30 19 26 39 54 28 32 54 29
2 1 5 5 1 1 1 1 2 10 8 1 2 4 1 1 1 5 4 3
28 9 27 27 34 21 31 26 27 48 50 25 5 20 26 49 23 23 47 27
31 11 17 32 39 29 29 27 44 41 54 16 11 33 30 50 13 13 39 20
6 1 1 1 5 6 4 2 4 9 9 1 1 5 2 8 1 1 9 1
31 13 22 32 35 34 35 16 35 43 46 21 18 42 18 40 9 16 33 21
5 4 10 7 13 10 9 9 19 13 19 11 9 10 7 15 10 11 21 5
37 10 23 9 27 7 23 26 31 45 50 17 18 30 36 35 12 27 28 23
30 16 32 19 35 16 33 23 26 46 30 25 11 22 17 43 22 29 48 22
18 2 9 4 6 11 14 21 26 17 23 5 3 18 12 25 1 9 21 3
11 4 23 18 22 6 13 7 17 29 32 10 7 9 13 23 6 11 26 11
26 13 28 15 17 6 21 15 23 41 37 12 18 23 18 22 7 24 22 15
7 1 8 5 7 6 11 4 1 18 18 7 1 1 9 14 1 1 13 4
4 1 9 11 8 4 5 4 7 11 24 4 1 2 13 13 1 2 9 5
58 32 46 43 53 36 51 33 39 78 68 40 27 46 34 58 20 42 50 44
1 1 1 6 6 8 5 1 1 11 15 7 1 2 1 9 3 1 11 1
10 1 9 1 9 8 13 12 19 14 21 4 6 13 11 21 4 7 19 3
36 15 45 37 42 27 38 25 37 59 63 25 13 23 33 52 7 32 45 33
35 25 25 22 43 15 25 33 40 49 48 22 4 29 29 51 15 30 52 27
3 1 1 1 1 3 1 6 6 6 12 1 1 2 2 6 1 1 5 1
4 1 4 2 3 7 8 4 3 14 14 4 1 1 6 12 1 1 11 3
20 8 11 19 25 15 16 8 16 31 39 8 9 16 20 28 4 5 18 9
32 21 23 17 27 17 24 27 32 47 45 15 8 30 21 37 5 27 40 23
36 17 13 28 39 20 23 26 26 43 42 15 11 25 23 37 20 21 30 30
31 22 38 26 28 28 35 36 49 41 50 30 22 42 24 53 15 30 53 13
8 1 1 1 4 1 4 4 1 10 12 1 1 1 3 3 1 1 3 2
10 1 3 1 3 5 6 8 5 10 15 1 1 1 5 9 1 1 9 2
49 32 29 38 47 36 31 46 55 48 58 25 17 47 23 48 13 35 49 33
8 1 17 9 11 11 19 7 7 30 26 12 3 7 10 28 3 7 26 5
18 9 19 21 25 11 19 11 16 34 23 16 5 9 3 24 12 15 31 12
5 1 8 1 1 5 4 6 11 11 12 4 7 8 5 11 3 8 13 1
38 29 22 40 45 34 37 34 45 57 48 29 28 41 13 49 35 40 53 37
33 15 24 17 27 11 26 29 41 48 41 12 12 33 28 45 13 26 41 21
7 1 9 12 9 20 18 13 14 17 14 13 1 12 1 22 4 1 26 1
8 2 6 3 5 3 3 10 15 14 19 3 5 6 8 10 3 8 10 2
33 22 22 19 30 6 15 27 34 43 43 7 6 22 24 33 8 26 32 27
36 14 22 20 34 28 36 33 34 42 52 24 1 35 22 53 8 18 50 20
31 15 11 23 25 19 15 28 37 28 27 5 9 27 7 29 12 22 26 20
13 7 18 18 24 21 28 17 24 39 30 19 6 21 11 41 21 18 44 18
24 12 32 29 38 21 37 11 33 52 51 25 15 34 22 50 15 21 43 14
7 1 12 7 14 4 6 2 14 17 29 6 5 9 12 16 3 8 14 1
31 10 23 31 34 33 31 17 32 44 47 24 16 41 12 34 12 22 33 21
25 16 18 12 19 13 22 22 23 38 27 16 1 15 16 33 10 18 34 15
43 14 51 42 53 41 59 33 47 69 60 46 29 52 31 62 39 47 67 46
54 29 29 24 39 27 38 47 50 51 56 18 12 48 38 57 1 27 47 31
21 6 22 21 27 9 12 14 26 29 37 3 3 14 23 33 7 11 26 20
22 3 17 16 20 11 15 8 17 33 40 5 3 14 17 27 1 4 17 10
31 15 27 36 51 27 23 24 47 54 52 17 4 26 32 60 21 30 58 32
21 1 19 9 18 11 21 23 20 23 30 10 3 16 14 29 6 10 28 14
5 1 3 7 7 8 3 4 5 8 20 5 1 2 5 11 1 1 8 1
8 7 15 19 28 21 25 9 26 31 34 21 13 28 13 31 19 16 35 9
25 2 10 8 14 8 12 16 12 27 35 7 2 12 15 18 1 11 15 11
12 1 11 6 17 14 21 11 14 24 21 12 1 11 5 28 3 3 29 1
13 5 21 29 39 27 24 11 30 34 42 16 1 18 23 43 16 12 42 20
11 8 14 15 16 4 6 5 16 20 18 2 5 8 2 13 4 11 12 13
1 1 4 1 1 1 2 1 3 7 5 1 1 1 1 11 1 1 8 1
11 1 13 15 20 16 18 5 12 31 25 15 5 14 6 22 11 8 27 10
5 1 9 6 1 8 8 5 12 18 16 2 5 12 3 12 1 8 14 5
20 10 15 7 10 4 8 17 20 33 30 7 9 19 17 21 4 21 25 12
9 1 11 15 20 15 15 1 4 27 30 16 1 15 6 22 11 10 25 8
27 7 39 22 42 16 33 15 32 50 55 25 18 25 42 53 15 23 44 25
1 1 18 20 18 18 16 1 16 26 31 12 1 13 9 34 6 6 33 9
35 16 31 37 41 34 40 16 27 48 47 30 9 35 11 45 11 18 39 20
10 1 7 1 8 10 11 9 11 10 13 5 1 6 8 13 4 5 12 7
27 13 53 45 48 34 46 17 54 60 64 27 21 34 41 62 23 40 61 36
27 18 32 23 27 11 16 17 27 43 43 16 4 19 26 44 8 27 41 21
21 11 21 22 20 8 8 18 32 34 39 2 3 12 21 31 6 17 28 22
18 7 9 14 19 16 16 16 23 35 40 15 5 21 16 29 12 18 30 15
21 19 44 35 37 16 25 18 45 45 45 19 20 26 24 44 15 33 43 25
3 1 2 3 6 8 6 2 6 12 19 5 1 3 4 14 1 1 13 1
29 11 14 14 26 14 16 29 27 31 31 10 8 18 17 29 17 20 31 22
17 1 15 4 13 6 16 14 6 23 25 11 7 7 14 18 5 11 20 11
14 12 17 23 21 21 18 15 27 30 25 11 8 20 2 26 9 17 30 17
18 21 30 27 34 15 29 11 26 45 30 26 9 20 17 42 26 29 46 17
44 15 41 32 39 27 44 30 27 65 67 36 18 37 32 48 23 38 45 41
4 1 10 3 4 5 7 2 8 16 11 1 2 9 1 14 1 5 16 1
12 1 6 1 5 1 5 6 2 18 19 1 1 3 6 8 1 1 8 1
5 2 13 6 5 7 18 5 5 21 5 7 1 5 1 21 1 5 21 2
4 1 8 3 3 5 7 3 10 14 12 4 7 8 7 12 3 8 11 3
26 6 28 15 31 14 35 18 23 52 46 28 13 25 26 45 15 21 43 13
42 12 39 28 40 26 43 30 30 67 64 36 10 37 37 63 23 39 59 35
36 16 13 26 33 34 31 29 39 40 52 20 12 40 26 48 7 13 39 16
13 9 32 24 28 11 21 6 30 37 47 16 16 21 29 38 12 21 34 13
9 8 20 15 14 9 15 1 15 31 29 12 15 17 9 16 6 18 20 8
10 3 9 15 17 12 9 4 9 21 26 11 6 12 3 13 8 9 16 8
23 11 8 11 18 9 8 23 23 19 26 5 1 8 17 22 12 13 18 15
33 15 17 25 34 27 25 34 39 32 30 19 5 28 11 39 13 13 42 13
5 1 14 11 14 8 8 1 10 13 20 7 1 1 13 19 1 4 18 5
24 17 39 34 44 20 25 7 43 49 52 16 22 32 30 45 6 25 35 25
6 1 1 1 5 4 4 2 5 5 14 1 1 1 6 10 1 1 4 1
13 7 16 21 19 21 18 9 21 33 33 15 12 22 4 20 9 16 25 14
39 18 35 28 36 25 39 44 50 54 44 28 23 40 26 52 28 38 56 32
14 1 7 3 9 1 2 7 12 18 24 2 5 12 11 10 1 9 8 1
12 8 10 12 19 9 11 1 19 27 33 7 13 20 20 24 3 10 15 6
22 17 37 43 42 27 37 21 47 55 57 28 17 40 25 57 30 34 58 24
17 6 24 14 26 11 24 18 26 35 37 15 8 15 21 39 12 16 38 12
21 19 20 30 37 26 27 24 43 36 28 24 17 36 12 41 25 27 49 15
33 10 13 12 24 16 20 25 28 38 43 11 8 24 26 33 6 17 26 19
25 19 33 28 40 23 42 36 46 37 39 33 21 37 24 51 26 30 54 16
26 17 29 13 18 2 22 17 25 50 39 14 12 23 22 34 5 30 34 16
24 15 41 24 45 24 50 28 41 57 56 40 31 43 41 59 33 35 57 18
43 22 30 32 40 22 36 19 29 64 57 24 13 33 29 49 15 27 40 29
16 5 15 13 17 8 10 16 24 20 30 4 7 13 16 23 8 12 20 11
16 9 22 33 38 20 19 15 30 39 34 13 2 10 16 39 17 19 43 23
25 22 43 26 37 15 41 35 44 55 49 33 29 34 36 49 31 38 53 20
5 1 1 4 6 6 3 6 7 9 14 5 1 1 2 4 2 1 7 1
46 17 30 20 31 15 27 27 35 53 57 18 25 36 32 32 9 32 25 32
28 6 15 6 20 10 19 24 24 41 41 8 1 20 21 36 1 15 33 15
32 21 18 24 31 13 12 24 36 41 43 12 16 30 20 29 18 32 32 23
9 1 6 5 9 7 9 8 7 14 14 7 4 4 6 7 4 5 11 5
17 5 5 1 5 1 5 14 10 24 24 1 1 6 11 14 1 8 15 7
1 1 1 5 6 6 4 1 1 8 9 6 1 1 1 4 2 1 8 1
8 1 12 5 14 6 9 7 14 18 16 9 9 10 7 12 8 10 20 5
56 35 34 29 51 21 41 47 59 67 72 23 23 54 53 59 15 45 51 45
9 1 3 2 1 4 2 7 8 15 19 1 1 3 6 10 1 3 9 1
13 1 11 4 6 3 10 15 13 21 20 3 4 4 10 12 5 7 15 8
1 1 1 1 4 6 2 1 3 8 7 3 1 1 1 6 1 1 10 1
35 17 28 29 42 27 39 38 44 57 54 29 19 39 29 55 33 36 57 31
25 4 13 12 19 10 15 14 11 30 36 10 6 14 17 20 4 11 15 14
4 1 10 9 7 9 13 6 7 20 26 6 1 2 9 23 1 1 18 1
8 1 6 4 6 9 5 8 10 15 18 6 4 5 6 12 1 5 15 1
8 1 7 2 6 1 3 8 10 15 17 2 2 2 6 11 2 4 12 1
28 18 27 31 38 22 30 6 24 51 41 21 18 28 17 37 11 21 31 20
30 17 29 25 33 29 34 23 41 32 44 21 20 39 25 50 7 15 38 9
38 12 45 29 38 19 30 26 37 53 62 20 19 24 36 42 5 32 35 34
27 21 20 28 39 16 27 19 38 41 51 16 22 29 34 42 17 22 30 19
21 21 44 31 39 18 46 16 24 59 47 40 20 30 26 51 27 35 53 12
3 3 17 6 9 5 15 1 7 23 11 14 6 6 4 18 3 10 24 1
21 11 27 13 23 16 32 17 25 39 34 23 13 21 21 41 12 20 40 6
27 4 23 9 16 8 18 19 18 35 37 11 13 20 20 25 7 19 24 16
39 30 39 37 41 31 39 28 50 49 59 30 36 52 34 45 18 38 36 26
16 6 6 9 17 12 7 5 12 19 23 6 7 13 11 17 1 5 14 7
4 1 1 1 2 4 1 2 5 4 8 1 1 4 1 6 1 1 8 1
30 15 40 32 35 19 24 16 30 44 50 13 17 23 29 36 1 25 24 29
3 1 9 6 9 8 9 3 7 17 18 9 5 6 6 16 4 6 19 1
16 12 32 21 27 14 23 8 26 39 36 20 18 21 12 28 8 23 30 14
7 3 10 9 6 7 2 2 10 15 19 3 7 10 2 8 1 10 10 6
31 24 36 44 48 38 49 18 44 61 56 33 30 55 28 57 20 31 52 25
9 1 8 10 14 9 13 7 6 22 28 8 1 3 8 18 6 1 16 6
42 27 38 37 49 24 41 31 37 64 49 33 26 35 20 47 27 43 50 37
3 1 13 8 10 9 12 3 12 24 14 8 3 8 1 17 3 6 24 4
58 37 33 39 56 35 42 53 56 69 70 28 17 54 34 58 23 50 57 53
32 15 43 35 43 24 31 22 34 49 57 22 18 22 31 40 9 28 36 35
38 24 31 19 25 14 24 31 39 51 52 14 21 33 30 35 5 37 29 31
19 27 33 29 41 16 30 19 43 45 41 26 29 36 33 45 29 31 43 12
15 5 6 13 18 16 14 12 14 27 30 14 1 11 9 22 11 8 24 9
29 27 40 42 52 35 52 34 53 59 55 40 29 49 37 63 35 33 63 18
3 2 5 4 10 12 8 9 18 7 12 4 4 10 5 16 5 6 19 4
10 11 19 11 18 1 18 15 25 22 23 12 14 14 18 24 16 20 24 9
21 1 12 10 21 11 18 19 17 26 34 9 4 15 12 22 7 11 23 15
6 1 12 14 13 16 12 6 13 19 27 12 7 14 10 23 7 10 21 6
38 21 30 25 36 27 38 27 42 47 43 21 21 36 34 55 6 24 41 18
15 7 14 9 5 3 4 9 15 25 22 1 8 13 5 10 1 15 11 9
33 4 33 20 28 19 36 30 25 53 51 30 21 27 30 39 22 29 42 26
12 1 12 5 13 8 12 6 8 22 24 8 5 8 12 20 3 6 18 4
4 1 5 5 7 1 2 3 8 12 12 1 2 4 3 5 3 6 8 5
9 1 4 6 4 3 1 5 6 10 17 1 2 5 4 7 1 4 4 4
22 13 23 27 35 16 17 10 34 38 40 7 13 25 20 38 5 15 30 20
9 1 17 10 14 12 16 11 16 18 24 8 1 7 16 29 1 1 25 7
5 2 12 7 12 11 15 4 10 20 13 11 1 6 2 22 1 5 25 1
34 25 26 21 36 21 29 34 50 39 49 25 18 47 32 49 12 29 49 11
1 4 17 5 6 1 12 2 10 22 19 10 10 10 11 20 6 11 20 1
47 25 24 29 40 23 33 35 45 59 54 12 14 37 31 53 6 29 44 33
22 8 11 14 21 11 7 20 31 26 26 4 8 23 10 23 12 19 25 13
18 5 24 19 23 15 15 16 35 36 48 7 5 10 34 38 6 20 34 19
35 18 27 43 48 36 35 23 41 46 58 22 16 38 24 46 16 19 37 33
43 26 46 34 42 28 44 30 41 65 65 35 34 42 35 46 19 41 43 30
17 12 19 8 16 7 13 16 31 29 36 10 12 20 27 33 8 20 29 7
50 22 43 43 52 41 51 48 53 58 65 42 25 51 24 62 32 41 66 34
33 24 16 37 37 33 34 37 42 50 34 29 15 32 4 51 28 32 56 25
5 1 3 4 4 8 7 5 7 13 20 6 2 3 6 13 2 3 12 1
4 1 3 9 12 10 8 5 7 13 18 9 1 3 4 10 7 3 12 3
16 8 27 24 32 11 17 2 30 38 46 12 14 23 23 34 9 16 30 12
39 30 46 33 39 25 43 26 42 59 46 35 21 35 33 52 32 41 52 30
30 16 40 28 26 28 43 19 31 47 41 33 9 32 18 49 15 25 50 15
3 1 1 1 5 3 1 1 5 7 10 1 1 1 2 7 1 1 8 1
48 15 41 34 47 34 46 37 48 63 75 35 28 50 39 57 19 39 46 37
2 1 10 2 6 2 8 1 2 12 2 6 1 1 1 11 1 3 13 1
17 5 15 10 12 7 15 15 15 35 30 11 4 10 11 21 5 12 25 10
38 22 37 32 40 23 37 9 30 60 55 31 16 32 31 49 20 30 41 22
14 10 26 20 18 11 21 19 35 24 37 16 15 30 21 36 9 20 28 1
7 1 9 5 9 8 8 8 13 9 24 1 1 6 11 21 1 1 15 2
14 2 12 7 11 5 5 8 13 21 21 5 3 7 3 11 2 7 15 6
37 15 37 29 33 26 33 26 36 38 47 18 15 36 20 43 1 20 30 21
55 37 37 46 58 26 33 30 46 68 63 26 9 38 37 59 27 40 53 42
27 13 21 19 26 11 18 18 20 28 34 10 13 17 14 17 7 21 12 25
34 5 30 24 44 25 37 20 26 50 52 33 15 34 31 46 30 29 45 33
34 12 34 27 35 22 36 17 28 60 61 28 17 35 27 46 19 31 43 24
50 25 33 54 60 44 43 37 58 59 68 26 22 52 31 63 23 33 50 45
4 1 2 1 7 2 4 1 1 12 11 4 1 1 1 6 1 1 10 1
28 17 32 20 27 24 36 36 45 34 34 26 16 31 16 47 14 22 50 10
28 8 6 1 17 7 11 23 21 29 33 4 1 15 22 26 1 12 23 13
36 33 47 39 44 31 47 29 50 62 62 36 39 54 37 54 21 41 47 26
2 1 7 1 1 1 4 1 1 16 9 1 1 1 1 7 1 2 9 1
3 1 2 4 8 5 6 5 8 13 8 3 1 1 1 9 3 1 15 3
26 7 24 29 38 22 25 16 29 45 53 20 6 23 26 45 17 14 39 21
3 1 4 1 4 1 1 1 4 6 6 1 3 5 2 5 1 4 6 1
15 7 14 12 11 4 2 15 26 23 32 1 2 15 19 26 1 13 20 12
39 22 22 32 35 32 28 26 40 36 43 13 23 41 24 37 1 21 25 26
18 7 38 27 29 26 31 19 42 27 43 15 11 25 28 51 6 20 44 12
33 17 22 26 33 22 28 27 36 43 24 13 13 32 6 39 15 26 40 27
7 1 5 6 6 3 2 1 2 12 12 2 2 5 1 4 1 4 6 4
20 6 27 16 21 18 30 25 31 28 32 19 9 24 11 35 6 15 40 8
6 1 5 9 9 8 8 4 4 15 17 8 3 4 3 7 4 5 11 3
7 1 10 1 3 3 5 7 7 15 11 5 4 4 4 9 1 5 15 1
32 18 20 18 24 13 13 15 33 39 45 10 19 33 20 24 1 26 17 19
24 13 33 30 33 29 45 23 39 59 56 36 15 42 30 57 28 33 58 20
37 17 34 41 48 42 45 29 47 49 62 32 21 48 24 62 15 20 52 19
32 22 37 38 47 26 41 31 49 53 57 36 14 43 25 64 23 32 65 16
5 1 3 1 1 1 1 5 6 4 6 1 2 2 2 3 1 3 3 1
27 11 31 36 42 35 39 13 35 46 50 32 18 45 19 42 28 31 46 25
29 17 38 40 48 25 39 9 35 61 65 25 23 38 37 56 15 24 42 29
6 1 7 8 9 9 5 1 7 12 16 7 5 6 1 9 1 7 12 4
6 1 1 1 1 1 1 5 2 7 10 1 1 1 1 1 1 1 3 1
26 10 24 32 42 22 22 23 32 39 43 13 3 12 26 43 19 22 43 30
35 20 46 24 37 20 42 24 40 52 49 30 14 29 38 60 23 34 53 24
34 12 35 24 28 22 31 35 41 41 47 18 18 30 24 40 12 27 37 27
32 4 31 21 36 16 31 21 23 49 52 24 16 26 31 42 18 21 35 26
9 1 14 19 26 15 13 2 10 21 32 15 2 12 12 25 11 7 25 10
25 12 17 26 33 24 27 11 23 41 35 17 10 26 11 34 8 10 29 16
11 7 18 12 19 11 17 5 20 32 33 14 12 22 18 30 8 14 28 4
10 1 11 11 16 10 15 8 7 20 27 11 1 4 15 19 6 5 17 8
38 25 17 39 37 35 30 39 47 46 44 21 16 35 14 44 23 30 43 31
44 14 22 21 34 20 27 43 41 46 45 16 9 33 24 45 17 29 46 31
50 10 35 31 46 29 39 44 52 56 62 29 25 45 38 55 27 38 50 36
16 11 7 4 13 1 3 20 28 26 27 2 4 14 16 22 6 19 26 12
35 23 46 32 47 18 47 24 43 61 52 33 25 43 34 60 25 38 55 26
1 1 4 4 1 4 1 1 5 8 11 1 1 6 1 7 1 4 7 2
22 27 28 27 34 17 29 36 54 37 44 21 23 37 37 51 28 35 46 14
30 12 26 25 32 25 31 16 31 40 32 17 12 31 13 35 4 14 32 18
18 11 11 18 24 16 16 19 22 29 25 13 8 15 11 26 19 17 30 17
36 30 20 27 40 24 31 41 50 60 45 25 14 39 20 55 24 41 61 33
24 34 35 46 50 32 43 33 45 59 54 42 32 44 33 54 48 44 60 25
24 14 10 9 18 16 17 32 34 27 35 8 4 21 25 34 7 17 32 18
11 1 6 4 12 1 3 10 12 6 20 1 1 1 12 11 2 1 5 4
12 9 22 16 24 5 13 2 26 30 38 13 16 24 23 27 12 19 22 6
1 1 7 6 8 15 12 6 15 13 15 9 6 11 5 18 4 7 20 1
5 2 9 7 4 4 2 1 4 15 11 2 3 5 1 6 1 6 10 5
8 1 10 7 5 6 4 5 8 16 20 5 7 9 6 11 1 10 12 5
7 1 5 3 7 9 7 7 9 12 11 5 1 4 1 11 1 1 15 1
16 6 12 13 15 6 4 6 8 15 29 5 7 12 11 10 1 9 6 9
26 8 12 10 22 15 19 19 24 38 40 15 8 23 23 32 10 17 31 14
8 3 6 9 8 4 3 8 10 14 16 3 3 5 2 3 5 7 10 8
33 17 28 21 26 15 21 27 34 46 55 15 16 25 30 34 7 30 30 27
26 7 26 13 29 16 31 21 31 33 45 21 17 31 33 45 12 20 34 14
53 39 37 41 49 36 43 41 64 56 70 28 35 64 42 59 10 41 50 29
30 18 27 26 34 14 18 14 29 41 30 14 11 25 7 31 12 26 32 21
22 16 36 33 39 23 33 26 46 46 41 22 14 30 27 57 21 27 56 23
17 14 29 22 27 16 29 12 34 42 36 22 20 36 22 38 14 23 39 8
22 6 18 18 24 12 11 11 22 32 39 10 7 15 19 27 6 10 21 11
8 1 1 1 9 9 9 5 6 11 17 3 1 5 6 13 1 1 10 1
1 1 6 1 1 1 3 1 6 8 8 3 5 5 3 7 1 6 8 1
45 30 36 38 46 21 24 24 39 56 48 21 15 34 21 43 20 37 39 32
18 10 32 32 29 26 22 21 40 25 40 15 10 25 16 40 5 16 41 15
10 1 14 14 17 14 11 9 22 16 28 7 4 17 9 24 1 7 22 3
6 1 13 1 6 5 15 7 15 18 18 4 7 12 13 24 3 9 20 2
5 1 4 4 5 5 3 5 7 14 20 3 1 1 6 12 1 1 11 1
21 4 4 4 9 4 5 11 16 26 28 1 1 14 15 20 1 6 12 7
8 1 6 11 13 15 14 7 8 21 25 13 4 9 7 20 9 6 21 7
