1000 20 13 1155
7 5 5 2 18 1 16 2 5 1 26 10 5
6 4 5 2 2 0 4 3 0 1 3 2 3
7 6 3 7 3 2 8 5 5 8 2 11 4
14 15 7 7 10 10 0 11 15 0 3 8 9
5 11 12 7 3 1 1 1 10 4 10 1 7
1 5 8 1 4 1 0 5 0 1 1 4 1
4 10 14 1 8 20 1 5 2 7 5 21 14
7 6 16 8 7 7 1 8 2 1 9 7 6
3 0 6 9 2 3 3 4 0 0 2 3 1
5 8 3 0 4 11 2 4 4 1 0 1 1
2 5 1 4 1 16 1 1 1 1 13 20 3
0 12 5 5 2 4 9 1 6 4 9 9 7
3 3 3 6 6 5 3 3 8 3 0 0 5
4 5 1 1 1 3 0 5 1 0 9 2 7
1 3 3 1 7 6 1 0 3 5 2 5 4
7 3 6 3 4 6 6 2 1 1 7 2 5
12 13 4 8 17 13 5 4 10 7 6 2 19
8 18 4 5 5 8 8 9 10 7 7 7 3
14 5 10 6 3 19 7 7 7 11 9 3 3
0 8 11 1 4 9 4 3 7 5 3 0 3
6 17 8 11 7 11 9 2 5 13 14 0 2
5 0 4 14 1 5 3 1 7 6 0 7 7
5 2 3 2 5 2 4 3 3 5 1 1 7
2 2 4 5 3 9 2 2 8 5 0 0 3
3 3 4 1 6 2 6 2 2 2 4 3 0
2 5 2 2 5 8 4 2 5 3 10 19 4
1 10 22 12 2 3 8 2 12 3 13 1 9
1 15 4 8 14 7 0 10 2 2 13 4 2
4 5 2 7 0 1 7 1 4 4 2 3 2
2 2 5 1 3 7 1 8 2 2 9 7 0
13 2 1 2 4 6 3 7 2 6 9 5 11
6 3 3 1 5 8 0 3 1 4 5 2 0
6 1 4 5 5 2 1 5 12 1 14 7 11
4 7 2 2 2 3 2 12 2 3 5 2 2
12 5 7 6 8 19 3 7 5 4 2 7 15
7 2 10 10 3 0 6 9 0 1 10 8 10
13 7 3 8 17 13 0 27 2 1 3 1 3
17 11 0 3 8 7 3 4 2 4 12 13 1
7 12 5 2 0 3 11 10 9 1 6 15 10
4 3 8 13 1 4 0 3 6 5 11 6 5
5 2 4 22 4 4 6 6 18 17 8 13 3
2 6 14 3 6 12 2 21 9 9 9 3 2
7 4 1 8 7 9 1 5 3 0 0 2 6
5 0 4 2 8 5 3 9 4 1 10 7 0
7 0 2 1 8 7 9 3 1 4 1 5 8
16 4 13 13 7 7 9 4 12 3 6 21 4
4 8 0 9 2 5 3 4 12 4 5 5 1
12 7 5 2 3 11 0 4 4 6 7 6 3
9 14 7 7 3 21 11 5 5 1 4 9 5
3 3 8 6 8 19 16 3 18 15 6 3 5
4 14 3 6 2 2 5 8 23 7 6 8 4
8 3 11 5 18 3 1 4 1 23 5 12 2
1 16 4 16 13 3 6 8 13 4 2 2 21
7 10 1 3 8 3 0 5 8 4 8 3 3
0 2 6 4 0 1 0 5 4 1 2 5 7
9 7 6 7 2 10 1 10 4 7 8 11 1
8 2 5 4 3 4 4 1 0 1 3 1 8
16 5 12 3 7 0 0 5 11 4 2 5 4
16 1 10 2 19 6 1 2 4 1 7 2 0
12 4 5 10 10 6 4 10 11 5 15 4 1
7 1 4 4 0 3 0 1 2 2 4 5 5
1 11 5 16 10 9 13 15 3 0 17 3 18
11 9 4 3 11 12 2 7 11 9 16 5 5
4 4 16 2 9 11 1 6 10 4 3 5 0
3 7 1 4 2 2 1 4 1 2 7 0 4
8 7 4 4 1 5 13 11 8 4 7 1 16
13 3 16 3 3 12 5 1 7 6 22 3 2
4 9 12 7 4 9 21 15 13 16 1 7 5
1 6 9 6 13 12 5 0 9 3 2 8 3
5 3 1 0 3 1 1 2 6 5 6 5 1
3 3 6 2 3 4 1 5 5 10 4 8 5
5 1 14 10 8 1 3 4 6 1 14 15 7
9 9 5 2 20 3 13 8 4 1 12 4 3
1 7 3 5 3 6 5 8 5 3 5 1 3
1 3 9 4 4 2 5 4 1 3 2 1 3
6 1 8 0 1 1 5 2 1 4 0 2 1
5 4 2 1 3 1 4 2 1 1 2 1 14
9 15 14 2 2 4 3 9 12 15 4 4 12
5 0 3 2 6 3 8 0 8 3 3 14 5
6 5 5 9 5 1 11 13 4 6 8 17 11
1 2 7 1 5 4 9 6 4 0 5 2 1
2 5 4 7 0 7 3 12 1 4 4 1 1
5 5 8 1 13 11 22 13 7 11 14 10 1
11 1 7 1 4 6 10 10 7 1 8 17 5
2 7 16 6 3 15 10 12 15 8 18 6 1
4 0 4 3 5 3 7 10 3 2 3 8 6
6 12 2 14 9 7 1 1 4 1 9 17 3
5 1 10 6 4 5 2 14 2 6 9 11 7
13 14 16 15 6 3 8 11 11 13 6 10 6
6 5 1 1 9 2 4 7 18 9 3 2 6
2 5 8 5 3 3 2 5 3 1 5 3 3
7 4 3 9 7 10 5 5 8 18 16 8 1
4 1 3 6 5 11 8 6 4 0 8 10 5
2 0 1 4 5 12 15 6 21 2 6 5 3
14 17 9 16 5 3 4 1 9 8 5 15 3
2 4 4 1 4 0 17 0 2 10 3 1 7
1 8 3 4 6 1 11 1 0 3 3 8 3
3 10 5 0 1 3 5 4 11 3 16 5 1
1 5 1 4 6 8 3 4 2 1 5 2 2
3 9 2 12 13 6 4 1 6 3 6 1 1
7 13 6 4 4 8 2 1 7 3 4 0 8
9 1 1 4 2 19 7 5 3 13 16 12 8
2 0 9 10 0 7 1 11 4 6 12 1 4
5 19 8 5 14 19 10 11 8 3 1 3 2
7 4 2 6 1 2 11 1 6 3 1 2 6
7 7 5 13 2 2 16 9 9 7 8 7 2
10 13 9 18 6 6 5 1 8 0 14 1 18
5 5 6 0 4 9 11 0 2 2 2 3 12
3 1 1 2 4 2 0 7 2 4 2 1 0
2 4 0 1 8 6 0 4 1 3 12 1 5
9 1 6 7 5 16 1 3 10 2 1 19 18
4 1 6 3 2 7 2 6 1 2 4 3 4
11 15 3 4 5 2 2 3 1 4 7 4 7
3 6 8 7 5 5 3 13 2 6 10 11 13
15 10 2 2 6 3 4 2 6 3 21 4 13
1 5 2 8 3 7 1 1 1 1 1 5 3
8 3 10 13 1 2 4 10 3 0 4 5 4
1 1 4 4 7 1 0 1 2 5 1 8 4
4 9 0 2 2 5 5 12 2 11 1 3 7
0 1 6 10 2 0 3 1 4 4 15 3 10
4 4 8 3 2 6 2 2 0 0 6 4 0
1 5 6 10 9 5 14 11 10 20 2 8 7
5 6 1 2 0 3 3 2 1 1 2 4 0
4 2 4 3 8 1 2 0 3 5 2 4 5
1 1 7 0 1 1 4 8 2 4 1 2 1
18 11 5 7 6 1 2 1 4 16 1 4 8
5 7 4 7 8 1 12 14 15 9 9 7 1
3 1 5 2 3 4 0 4 6 2 3 2 2
16 1 12 1 1 12 13 3 6 0 10 8 15
7 0 14 20 5 8 21 2 8 8 7 6 10
5 11 2 11 13 1 8 4 1 13 2 5 6
1 6 3 3 3 1 6 3 1 1 2 4 4
4 6 6 4 0 1 3 6 2 5 0 6 1
2 0 4 4 2 1 3 3 5 5 2 3 3
1 15 7 2 2 4 8 2 4 13 23 2 0
5 5 0 1 5 8 1 8 7 17 7 2 8
5 0 0 1 4 3 5 1 3 6 10 10 2
10 4 3 16 8 3 17 5 17 0 9 13 1
3 8 1 3 2 0 1 0 5 1 1 5 1
1 8 19 1 8 6 5 11 4 1 1 4 12
0 1 4 6 2 10 3 4 4 5 5 1 7
0 10 7 5 11 0 1 10 3 6 14 0 22
5 3 1 5 7 6 0 4 7 1 3 4 7
4 2 3 6 2 8 9 4 2 6 3 8 14
7 12 9 0 10 13 4 4 8 2 16 10 1
3 4 1 1 15 28 7 5 10 11 2 1 7
10 15 10 1 0 9 6 0 6 9 6 3 8
1 2 5 12 8 8 6 4 1 17 7 8 2
0 4 11 10 11 9 17 8 3 11 3 1 20
0 9 14 3 8 16 6 6 5 4 2 1 10
4 18 10 16 1 5 10 1 9 10 12 1 10
0 5 1 1 11 13 15 0 19 2 17 8 11
4 24 1 4 3 17 6 2 4 2 10 1 8
14 1 4 9 10 4 0 8 2 6 11 1 8
13 1 10 1 2 10 5 16 24 11 11 3 1
1 0 2 1 2 6 5 2 2 2 5 4 6
15 5 8 6 2 10 8 5 5 6 7 3 13
9 1 0 10 4 6 5 3 5 7 2 5 1
14 6 3 9 6 1 2 0 7 3 3 4 6
3 2 1 5 4 5 7 10 2 2 2 6 4
13 1 0 11 10 3 6 14 11 2 9 11 9
4 0 3 1 6 3 2 4 1 7 1 5 4
5 2 4 1 8 10 0 0 3 7 8 0 2
6 2 9 3 5 2 6 3 16 1 0 1 3
1 3 5 3 5 2 4 2 6 3 6 0 2
3 12 0 8 6 12 10 7 2 17 13 14 15
2 1 5 6 4 4 9 12 5 2 3 5 13
4 5 5 1 16 10 7 2 2 2 2 4 7
4 12 4 8 2 8 6 2 6 9 19 10 17
13 2 20 3 2 6 8 0 0 7 12 2 2
2 5 8 3 2 6 14 16 6 9 2 6 3
10 10 2 6 2 10 9 7 2 6 8 6 5
11 6 6 11 3 4 4 10 1 3 7 6 2
2 7 5 2 4 10 3 1 5 1 9 2 5
4 0 7 1 5 7 0 3 1 6 0 6 9
6 2 1 6 1 7 4 4 6 4 0 4 5
10 1 1 11 8 9 4 3 1 6 7 3 1
2 7 3 1 3 1 1 1 2 2 2 3 3
7 10 4 11 9 3 5 3 4 1 22 8 13
3 6 2 6 3 5 5 2 4 2 1 2 5
6 1 8 3 1 16 13 11 13 4 13 17 12
5 1 1 4 4 1 6 3 5 6 1 1 0
7 7 3 7 6 17 16 9 7 16 6 3 18
2 9 2 3 10 0 16 9 6 10 8 3 0
2 5 17 3 4 8 8 5 7 0 6 7 5
8 3 0 3 4 5 2 6 2 1 4 4 1
2 6 3 7 3 3 3 1 3 7 3 0 5
9 1 3 18 8 2 11 8 17 21 9 4 4
6 1 1 3 6 1 1 7 3 8 4 4 4
3 1 3 1 3 1 3 7 1 1 1 3 1
12 14 4 12 1 21 7 7 13 16 7 8 1
0 3 2 5 8 10 1 12 11 7 7 1 12
2 7 5 5 4 3 5 9 3 1 0 6 4
11 1 0 4 11 3 10 5 11 7 1 1 9
23 13 3 1 12 6 11 3 18 0 7 6 5
1 3 3 2 0 2 0 2 0 4 3 8 2
0 4 7 3 3 9 22 5 6 22 7 11 13
12 11 2 5 2 14 17 9 17 4 11 17 1
4 16 9 1 3 6 15 5 13 5 1 3 9
6 16 13 13 0 10 8 1 8 17 11 11 14
3 4 14 5 6 11 8 8 11 2 3 10 11
3 0 1 2 7 4 6 2 5 3 2 12 0
14 5 12 2 1 1 0 10 7 17 13 7 8
12 3 0 1 3 2 3 10 1 8 2 25 2
2 11 2 15 6 6 6 4 18 5 5 6 15
0 13 7 5 5 7 2 5 14 12 3 16 12
4 31 1 11 3 4 7 1 15 4 1 3 4
1 12 9 14 2 4 13 2 0 1 6 4 1
4 1 0 5 6 25 3 7 0 3 10 24 11
9 0 9 1 2 11 5 12 0 8 3 8 4
3 20 1 8 4 9 10 3 14 2 2 2 0
11 1 3 4 11 1 8 0 12 8 5 4 4
8 14 10 10 2 3 12 16 0 7 3 4 0
11 3 0 0 16 19 6 6 12 5 6 3 6
2 3 0 3 4 2 1 3 5 7 9 1 6
13 1 2 4 6 7 7 1 7 4 2 0 2
1 9 12 6 3 4 8 1 10 6 4 11 3
8 3 7 12 4 13 17 10 14 8 9 10 6
18 6 7 5 5 2 1 9 12 2 4 3 0
13 11 9 2 8 6 2 26 12 8 2 1 2
8 4 10 11 6 0 1 1 4 18 12 6 1
1 4 5 5 3 11 1 1 6 3 4 5 1
1 2 10 6 11 1 1 6 20 3 5 14 6
18 4 1 5 4 5 22 2 6 11 15 2 14
2 4 2 2 9 4 3 7 7 8 4 2 3
2 6 0 2 5 1 6 2 3 1 2 1 1
14 19 21 4 8 1 3 10 7 0 16 5 5
0 9 2 10 5 4 6 4 1 11 2 8 0
0 11 12 4 4 0 14 4 4 0 1 3 2
3 12 5 0 6 0 1 8 1 10 1 10 2
9 1 4 4 13 3 3 4 0 8 2 0 10
5 9 2 3 4 3 5 4 10 7 5 5 2
0 0 6 2 5 0 0 6 3 3 4 1 3
4 5 7 11 4 6 12 5 7 7 2 5 2
17 13 8 8 4 9 1 11 11 14 6 4 0
1 10 9 4 5 4 13 4 7 5 7 0 6
1 3 1 6 16 1 3 6 1 0 9 1 9
0 2 5 8 4 3 6 10 3 17 14 16 1
7 4 8 11 5 13 5 5 7 9 11 2 11
11 4 0 5 5 8 1 15 8 12 1 3 8
1 0 2 9 3 6 3 8 1 2 1 2 2
9 8 9 8 21 6 5 14 4 9 10 7 13
8 3 9 1 5 0 3 1 5 7 5 3 9
7 14 8 3 1 10 5 2 0 3 12 15 22
4 17 1 20 7 6 19 1 6 5 1 8 8
3 8 4 4 9 4 7 2 4 1 4 3 1
6 11 11 12 7 2 12 3 9 0 6 13 4
2 5 10 0 4 1 0 0 2 0 0 0 2
1 9 11 1 4 10 16 11 18 0 6 21 6
1 3 1 2 3 1 4 0 6 8 5 1 2
2 9 7 0 2 1 9 3 3 1 3 1 15
3 3 5 16 5 7 8 2 16 15 8 3 12
3 6 9 6 15 14 4 7 12 5 4 6 6
10 5 8 5 14 4 11 8 4 13 12 9 1
11 0 15 16 4 7 9 3 9 7 8 0 11
4 22 12 1 0 0 5 8 12 7 1 11 9
2 17 11 3 3 6 10 14 0 10 5 15 14
2 5 2 0 1 8 0 3 11 7 5 3 1
6 6 4 4 25 3 8 9 8 3 1 12 2
2 6 2 2 2 5 4 8 1 2 7 2 1
10 11 7 6 12 5 2 9 16 5 4 3 3
6 5 1 10 6 8 18 16 12 7 7 6 0
7 0 7 2 9 8 10 0 8 4 9 13 12
6 1 7 2 1 0 5 14 2 11 3 3 5
17 1 2 3 7 0 19 1 2 2 7 16 4
1 2 4 1 2 1 4 5 6 7 8 4 5
2 2 7 4 1 2 6 12 1 6 4 8 2
6 6 2 13 5 11 10 13 3 3 0 13 14
13 4 5 3 17 13 8 6 6 8 5 6 1
3 6 0 4 1 16 3 6 4 10 4 0 3
2 1 11 0 3 1 10 3 4 9 6 7 4
3 3 6 1 1 8 7 0 2 10 4 6 2
1 5 0 1 4 7 7 4 5 2 5 0 0
11 4 2 18 12 4 9 5 10 7 1 13 10
12 15 10 2 4 3 2 7 0 1 4 9 13
3 1 3 6 1 5 8 2 5 2 4 1 8
7 2 1 10 3 3 5 0 8 14 1 4 2
2 5 0 12 16 5 0 5 5 10 2 2 7
6 14 6 5 5 4 3 3 4 6 5 9 2
6 4 9 6 4 2 2 1 1 5 4 3 6
7 3 0 8 3 22 12 1 11 9 3 5 6
1 3 2 10 2 4 2 0 6 1 5 6 0
1 5 0 3 5 1 2 5 1 1 0 0 3
6 7 6 4 1 3 1 7 1 5 4 4 1
0 19 3 4 2 2 0 0 4 11 3 15 8
3 14 12 10 11 6 7 13 11 6 6 16 0
3 5 7 2 3 6 11 4 2 3 0 13 2
3 20 5 0 2 12 8 4 5 16 4 13 1
4 9 4 4 6 9 4 7 5 8 1 1 4
1 12 2 13 4 5 14 5 6 4 9 9 13
11 3 2 1 3 12 1 4 5 12 1 11 3
9 20 17 2 8 3 3 2 9 2 16 4 9
17 4 1 7 5 5 7 10 15 2 2 7 3
8 18 11 4 3 11 6 13 9 3 4 10 16
2 6 12 4 21 7 13 2 19 6 7 7 1
1 5 3 1 2 9 1 11 1 8 7 4 0
7 11 2 4 7 4 6 5 3 6 22 7 0
3 2 4 2 2 8 10 1 2 1 23 3 20
0 5 3 2 0 3 4 0 1 1 4 0 4
8 7 2 1 7 12 5 6 0 13 9 8 3
3 22 7 8 12 5 13 8 7 1 5 9 11
4 12 5 12 0 2 19 0 1 16 6 5 11
12 18 6 11 5 11 2 1 10 3 2 7 3
5 5 10 2 3 1 3 10 2 3 2 1 8
6 0 5 18 9 6 5 8 14 11 4 10 13
7 9 1 5 11 8 2 5 2 4 4 1 12
15 6 17 2 2 1 8 9 8 7 4 12 8
1 8 1 4 5 0 6 2 10 1 0 2 0
3 4 7 14 13 10 8 8 11 17 5 12 2
6 12 13 3 13 7 4 11 0 0 2 2 7
0 4 8 1 5 7 3 1 1 10 18 1 23
11 12 3 5 7 0 8 4 2 6 5 6 3
0 7 15 3 5 3 2 7 17 5 22 12 3
4 10 11 8 4 4 13 2 7 8 1 0 7
4 6 1 2 5 4 1 3 2 1 1 2 3
2 1 3 4 6 3 0 6 0 4 4 4 3
6 4 10 17 22 11 8 3 13 2 12 4 2
9 3 1 6 4 0 2 3 2 1 4 3 6
1 6 2 0 9 3 4 1 10 4 1 10 1
5 11 3 5 0 7 7 14 2 9 2 9 4
7 0 3 10 10 2 5 14 1 5 1 7 4
3 1 2 5 2 0 4 9 6 1 4 7 6
7 11 6 1 6 3 18 1 7 1 13 5 7
9 6 12 7 2 1 20 13 6 1 13 9 5
2 0 4 6 5 10 3 12 4 8 23 5 5
5 1 7 2 2 3 3 0 1 5 1 11 15
2 6 3 5 1 2 1 6 3 4 3 2 1
6 5 2 7 9 8 0 18 18 8 11 3 5
1 7 5 10 1 7 0 4 7 13 6 10 11
1 3 3 9 6 6 3 6 4 0 7 3 5
0 7 2 5 4 1 3 1 11 2 1 2 8
1 1 13 5 7 0 13 15 13 6 7 2 1
5 1 5 2 2 1 4 7 3 1 7 6 4
1 2 5 4 4 1 4 4 1 3 2 15 8
7 5 2 5 11 2 14 3 5 4 5 3 8
2 7 2 2 5 4 7 4 4 1 4 5 5
15 2 14 18 14 4 5 4 5 8 16 1 2
2 0 1 8 4 5 5 6 8 5 9 6 6
19 2 4 14 7 3 11 14 1 6 14 0 5
9 6 5 5 2 14 3 4 4 7 6 16 2
6 4 6 3 4 5 3 5 5 5 2 2 1
1 1 19 10 10 2 6 6 9 15 10 9 11
4 2 1 3 0 12 12 4 3 9 2 12 5
19 15 6 12 5 1 18 1 6 2 2 16 11
7 6 0 13 8 5 1 4 12 3 0 4 4
2 13 6 3 1 12 0 4 4 9 2 3 2
4 5 4 5 1 6 11 4 7 5 1 14 0
7 4 11 7 10 0 3 17 21 8 7 18 6
6 2 0 0 12 8 9 0 1 6 3 5 9
3 9 3 2 6 16 21 4 5 5 5 2 24
8 7 1 8 3 3 2 8 9 2 5 6 1
3 6 7 3 9 9 2 6 6 5 13 9 2
5 2 7 10 3 3 4 7 6 4 5 2 11
5 5 2 3 10 3 0 0 0 1 2 2 1
2 4 0 1 11 5 6 2 3 3 4 3 2
7 4 1 4 2 8 11 5 8 1 16 7 1
18 3 8 10 10 12 5 2 2 8 16 11 16
2 3 5 10 5 3 5 3 1 16 1 10 6
2 0 4 4 0 1 4 3 2 5 0 1 5
0 9 1 2 4 2 3 2 6 3 1 1 3
1 2 2 8 2 15 6 12 6 4 1 1 2
6 4 5 5 7 3 3 0 1 3 2 4 18
17 10 6 14 3 3 3 4 0 12 7 10 9
5 5 6 2 12 15 4 8 9 2 13 2 10
12 6 6 5 11 1 13 11 5 5 8 1 8
7 4 13 8 3 5 3 1 5 4 0 7 6
1 2 1 2 7 4 3 0 2 3 3 6 3
10 2 3 2 4 0 8 14 3 5 11 7 3
4 16 8 3 0 4 11 0 3 11 17 6 5
2 1 10 16 12 3 7 14 6 7 12 2 3
2 2 12 3 14 0 1 4 2 12 4 14 3
6 4 4 1 7 2 0 2 3 3 5 6 0
3 4 3 1 6 9 1 2 3 6 15 7 19
5 2 2 2 1 3 4 3 4 1 10 3 6
11 1 8 4 5 5 2 10 15 4 3 7 5
2 10 3 2 9 3 1 0 12 14 18 12 5
2 0 5 3 2 12 13 1 6 3 4 2 4
3 1 9 5 6 5 6 5 7 4 6 10 3
12 8 17 5 5 0 12 2 8 3 1 5 6
10 0 6 8 2 18 5 11 4 5 12 13 6
8 6 8 1 2 1 19 3 1 6 15 8 20
21 1 23 12 7 11 1 1 6 8 5 9 1
6 12 9 5 8 10 8 28 5 4 11 4 4
10 3 5 7 2 8 25 0 8 1 6 2 11
1 0 2 8 3 5 2 4 4 1 1 5 6
0 11 18 2 1 4 5 8 5 12 1 5 4
5 5 0 0 0 4 5 5 1 5 1 0 3
1 3 4 3 1 1 3 5 5 6 1 8 5
6 12 0 10 21 5 3 8 3 11 6 8 3
6 3 5 2 1 8 3 5 1 3 2 3 2
5 10 12 6 21 3 0 9 8 2 2 15 17
12 3 4 1 7 6 5 0 0 11 3 22 10
3 5 4 6 2 2 1 1 0 7 15 0 11
0 6 9 8 18 0 2 5 4 1 4 6 0
11 5 1 3 0 7 1 3 5 1 1 4 0
2 1 5 9 5 8 3 3 2 2 0 12 1
7 4 4 7 9 4 8 0 5 6 31 6 2
3 6 6 8 4 5 6 8 15 12 6 6 6
7 2 2 1 5 7 8 4 5 2 3 2 5
13 5 10 5 0 1 10 1 2 10 8 0 0
13 6 10 4 15 10 4 6 5 4 9 0 5
11 0 4 1 3 3 5 13 8 4 1 16 10
7 6 12 6 5 3 11 1 18 5 3 9 6
5 3 1 2 5 3 0 4 5 3 1 2 1
7 6 4 2 6 9 2 3 1 1 2 4 3
7 18 9 12 3 3 3 12 1 1 7 9 2
1 2 7 4 19 7 5 2 7 2 3 1 6
13 1 8 3 2 15 6 5 4 3 6 3 10
5 5 6 4 4 4 6 2 4 10 6 4 10
6 10 10 1 6 8 6 18 4 14 18 0 11
5 10 2 18 10 1 2 5 14 6 4 5 9
12 9 1 2 8 8 11 0 5 14 10 1 5
8 0 1 0 6 3 3 3 1 3 2 3 5
4 7 1 1 2 3 3 5 4 5 11 1 4
12 2 1 8 22 1 3 6 12 2 12 7 8
4 3 3 2 2 4 2 8 8 10 2 10 7
11 2 3 9 7 2 0 1 13 9 0 5 11
3 8 23 5 7 12 7 2 14 4 7 11 3
8 5 16 2 4 0 23 11 16 2 0 2 6
6 11 5 12 9 24 1 7 14 3 11 6 7
3 2 21 6 13 3 1 6 16 10 9 5 15
2 7 2 1 2 3 0 1 3 0 2 1 3
6 11 6 4 6 17 4 5 7 4 11 0 0
1 2 6 7 11 4 1 4 4 3 1 2 7
10 8 3 9 12 0 8 2 7 7 4 8 11
2 8 2 5 4 3 5 4 1 3 1 1 2
2 2 12 3 1 8 1 15 1 8 5 6 2
3 2 1 3 7 6 5 1 7 2 1 4 8
3 3 8 3 1 4 12 5 6 3 5 2 2
13 2 4 2 11 1 10 10 11 5 6 16 5
5 11 6 9 1 5 4 2 2 3 5 0 0
3 2 6 7 1 2 1 0 2 5 2 0 0
13 1 8 1 10 1 11 10 1 4 2 12 4
0 10 4 4 5 3 9 1 4 4 2 9 3
0 8 5 8 2 16 4 11 14 7 2 1 12
2 1 4 4 3 3 10 6 3 6 6 5 3
6 5 8 4 4 4 14 4 5 7 0 7 1
6 6 3 7 6 13 1 7 2 1 2 2 6
4 7 2 2 6 2 8 0 1 2 2 2 9
2 8 0 8 3 6 11 1 3 8 6 1 28
1 3 5 8 5 5 1 4 1 0 9 2 2
1 1 3 0 3 11 1 2 3 0 3 6 2
1 1 2 0 1 0 3 1 3 1 6 5 5
17 11 1 4 3 3 4 5 3 2 1 1 15
17 5 3 3 5 18 0 3 0 5 1 4 12
6 1 4 1 8 8 9 2 13 7 4 1 13
6 18 5 3 10 1 1 1 1 7 18 10 4
4 4 6 0 2 4 1 3 1 1 2 1 4
7 15 1 6 10 1 0 1 7 14 0 13 2
4 3 1 4 6 9 6 5 0 0 2 9 1
2 11 5 1 8 7 7 1 2 5 10 13 8
4 4 5 4 1 7 5 3 11 5 7 7 4
3 1 1 4 6 2 0 8 4 2 3 2 7
1 3 6 4 4 3 2 5 2 9 4 1 7
1 5 8 4 14 5 1 2 17 6 5 12 21
5 2 1 2 10 9 5 6 1 20 4 11 2
6 3 1 3 0 2 5 0 3 1 5 3 1
3 4 1 5 7 16 0 8 0 1 6 3 7
3 6 16 4 6 11 2 6 12 3 16 3 7
14 2 7 4 8 14 0 8 10 0 8 0 12
5 3 1 6 2 2 6 0 5 1 1 4 2
2 9 12 11 5 7 8 4 8 4 5 7 12
0 7 3 0 5 1 3 2 5 1 4 1 2
19 7 12 4 2 11 7 1 1 6 9 0 1
0 5 1 6 2 2 4 1 3 3 7 5 0
11 8 8 5 1 4 4 18 0 5 16 5 12
2 12 25 6 7 3 10 4 1 1 2 4 8
2 1 1 1 5 3 2 4 1 1 6 7 0
0 13 2 13 4 7 2 5 12 22 3 5 2
13 1 2 11 4 2 4 2 7 8 7 1 7
3 10 5 16 5 0 10 2 8 7 3 6 9
4 4 17 1 5 17 3 6 6 14 13 6 1
6 2 4 3 11 8 5 3 3 4 2 18 23
1 5 13 17 5 8 1 4 15 8 11 12 9
6 8 16 21 2 9 9 17 5 10 11 5 1
5 7 10 7 3 7 2 0 14 12 1 2 3
2 4 2 20 18 6 4 9 10 3 14 6 4
1 2 12 15 3 4 15 0 2 2 1 2 7
3 5 19 12 4 8 5 4 1 2 2 11 6
2 6 11 5 9 1 10 1 1 6 3 5 2
1 0 2 0 1 2 0 6 1 3 4 4 6
3 17 11 7 2 3 17 1 5 1 3 14 6
2 1 6 6 2 2 2 1 5 3 11 4 1
5 11 2 3 7 13 2 2 5 7 5 9 2
3 5 6 5 1 2 24 14 11 1 1 9 6
5 7 1 19 10 6 16 8 6 5 8 10 8
7 6 3 1 1 2 3 5 9 5 0 1 8
5 5 6 5 2 5 5 12 7 7 9 8 1
6 2 3 10 3 3 1 3 4 1 4 1 7
1 3 1 11 5 2 6 4 5 1 8 12 11
13 12 3 11 6 24 10 8 5 3 4 7 4
6 6 5 10 3 7 1 3 11 5 6 4 0
1 5 5 13 12 5 9 11 6 0 5 15 10
12 8 4 4 8 14 1 4 11 6 11 12 8
3 2 5 1 3 1 18 6 1 0 8 1 8
7 4 1 4 1 1 2 3 3 0 6 5 10
0 2 1 5 7 4 3 6 2 5 6 3 7
4 1 3 1 8 2 4 2 5 4 0 3 3
5 1 4 1 5 4 0 3 9 3 15 2 0
14 3 1 22 4 19 2 2 9 12 3 6 14
8 4 1 11 10 5 2 15 3 13 9 3 3
8 1 1 1 13 5 6 4 11 0 19 4 11
5 7 2 3 2 3 1 1 2 1 1 1 3
18 2 3 5 5 5 2 6 5 19 7 7 7
10 3 9 1 17 0 7 3 8 1 9 7 9
21 5 4 6 7 7 4 10 7 1 14 18 2
3 3 3 3 1 2 7 3 1 0 1 6 3
7 5 6 2 5 2 8 7 9 5 2 2 3
10 2 5 13 3 5 3 11 6 10 15 4 15
4 1 2 2 1 0 1 10 1 2 10 11 12
7 4 3 0 4 4 2 1 0 1 3 1 2
9 1 3 8 9 3 2 7 1 7 13 2 5
3 6 1 1 4 0 17 11 2 5 22 11 12
12 5 2 3 2 4 5 1 0 1 1 2 3
2 14 2 7 4 17 6 11 0 11 5 9 3
7 2 4 4 6 0 11 4 4 6 3 1 1
8 6 2 1 7 4 0 2 2 2 7 3 7
10 5 6 6 4 7 1 13 1 20 9 2 2
15 12 9 13 18 10 10 2 14 7 4 11 5
12 0 4 7 9 3 5 27 2 15 10 2 8
14 7 9 2 8 3 2 11 3 11 10 3 6
10 8 5 5 2 1 8 3 7 2 5 6 5
11 10 13 4 23 0 9 5 4 4 2 5 11
1 10 1 2 8 17 2 17 1 10 14 0 11
5 3 7 2 0 4 21 5 4 3 11 1 3
3 0 4 6 4 1 6 4 1 9 1 6 0
6 5 9 5 4 14 10 1 4 0 3 13 4
10 1 6 6 3 8 3 10 3 18 17 9 2
1 4 8 9 6 2 4 8 0 17 2 2 7
8 3 4 1 2 3 10 1 3 4 9 7 2
12 7 4 4 0 0 23 12 11 2 5 12 9
1 6 12 2 4 5 6 5 1 7 7 6 7
2 2 0 1 4 3 2 1 3 0 2 6 11
1 2 13 9 19 11 1 8 2 4 14 6 12
8 6 13 2 3 9 17 4 7 5 2 0 3
3 0 6 8 3 1 1 8 2 8 3 9 7
1 10 3 9 4 1 3 20 3 3 6 3 6
4 13 13 11 1 11 9 14 3 0 16 3 10
13 4 1 3 9 14 17 2 7 10 4 12 2
6 2 2 8 4 3 1 11 10 7 10 8 4
2 3 5 5 11 5 10 8 6 11 9 1 4
4 7 1 6 3 5 6 1 3 2 5 9 15
5 9 1 10 0 3 7 3 6 4 2 0 8
4 2 9 4 6 7 5 10 1 10 2 1 4
7 3 3 15 3 8 8 11 3 6 3 5 2
6 15 9 3 4 22 4 2 2 3 8 17 0
0 1 10 3 15 0 1 3 4 3 6 2 1
13 6 7 4 6 4 2 9 2 9 8 2 8
1 8 10 3 1 3 6 1 12 5 2 1 8
2 16 5 5 4 12 5 8 2 0 10 7 6
1 10 12 6 5 12 13 14 5 13 6 5 6
3 9 8 11 2 0 6 19 3 2 16 13 2
3 4 0 2 8 7 7 2 5 4 8 2 2
0 8 1 0 6 3 4 6 1 4 2 1 7
13 12 10 7 2 12 1 11 6 7 13 10 7
1 13 10 6 4 1 5 4 1 12 1 3 2
5 7 3 1 4 0 9 11 10 9 17 3 12
11 10 7 17 9 2 6 0 12 5 4 8 8
5 2 19 6 7 9 5 3 2 10 4 7 9
14 2 7 1 1 15 0 8 1 19 6 12 14
1 1 6 1 2 1 9 1 5 4 3 7 9
9 14 18 6 12 8 17 5 0 1 14 10 1
5 9 18 9 7 4 0 2 9 4 4 4 3
1 5 0 6 1 5 4 0 11 0 4 5 2
1 3 3 7 8 6 16 4 20 4 8 2 13
3 4 3 3 3 3 2 3 13 4 8 2 8
1 4 6 11 6 7 19 17 6 4 4 2 6
0 4 4 5 6 1 6 4 1 1 2 7 1
1 14 1 1 5 1 8 5 10 7 8 0 8
4 3 2 4 7 2 5 2 2 6 3 6 8
3 7 4 22 1 2 2 17 12 7 22 5 5
4 2 1 3 2 2 4 1 2 6 1 1 2
7 2 2 5 15 9 18 14 4 11 2 5 9
1 2 8 3 0 3 1 5 7 0 1 5 8
1 1 9 3 11 7 4 10 7 20 6 7 4
4 4 2 3 1 4 2 3 1 2 5 3 2
1 2 17 0 1 10 4 12 6 11 24 7 4
1 2 10 6 16 3 7 16 12 7 8 2 11
6 9 8 12 5 1 8 15 25 4 3 10 1
4 10 2 8 3 8 7 6 3 5 4 5 3
3 2 0 1 1 3 1 1 2 5 1 3 6
10 3 3 0 6 6 5 2 4 5 5 4 4
13 16 20 2 3 2 5 6 1 12 8 0 5
1 1 6 1 8 7 0 4 3 2 1 3 4
8 2 7 9 22 1 7 4 7 0 14 18 5
12 2 4 15 9 5 8 1 9 2 14 2 7
20 14 5 13 1 1 1 4 1 6 1 11 7
3 13 11 6 0 1 4 4 14 4 3 5 4
10 9 13 15 8 1 8 21 12 4 13 1 12
8 1 8 4 0 20 2 9 15 7 1 6 9
1 6 3 5 6 1 1 1 1 2 0 3 0
1 7 4 5 1 0 2 2 2 4 1 2 2
7 1 16 2 7 11 1 16 4 2 11 0 0
1 2 9 4 3 3 5 4 7 4 0 4 3
6 12 9 7 6 0 3 3 8 6 9 2 3
0 5 0 4 2 1 2 3 4 5 2 9 4
2 2 3 3 4 2 23 11 8 4 2 1 0
12 2 9 14 6 1 4 6 12 3 15 6 3
1 5 3 9 12 4 10 4 8 12 9 13 10
2 4 9 14 17 1 6 2 1 4 14 8 16
4 9 11 6 4 8 3 17 19 22 7 0 5
8 7 2 3 10 11 7 10 3 2 9 8 1
4 1 5 3 1 6 3 0 2 3 9 5 2
3 1 10 3 12 10 8 9 3 17 4 19 12
4 8 6 2 2 13 4 5 1 15 14 6 16
10 15 5 7 5 11 9 12 6 10 1 15 12
6 6 4 2 3 2 0 3 2 1 0 4 1
10 14 5 5 12 2 6 1 15 7 14 6 9
1 5 1 3 4 2 3 5 5 11 4 11 3
11 3 6 3 5 5 2 1 2 2 2 2 4
2 1 8 7 3 3 2 5 4 3 1 9 2
2 0 7 7 8 10 3 5 7 2 11 9 13
4 1 1 6 5 4 1 4 7 1 5 6 2
5 1 7 5 20 5 19 12 12 5 3 12 1
15 14 4 1 8 10 7 1 13 1 3 2 9
13 1 4 1 2 8 1 6 2 3 2 1 2
2 13 9 1 4 21 3 4 7 9 10 17 5
5 4 0 2 10 9 3 1 3 6 2 2 2
1 9 6 5 7 6 0 2 0 2 10 6 2
8 0 6 3 10 11 5 15 8 2 4 7 1
7 7 2 0 1 2 2 6 2 10 0 0 4
2 9 2 3 8 12 4 9 4 6 7 12 9
4 7 4 6 18 1 4 8 5 9 10 16 6
8 11 14 0 6 10 10 1 21 1 2 19 3
19 13 1 6 8 5 11 3 2 17 11 8 7
1 9 8 7 5 2 1 10 15 1 12 9 1
4 14 10 20 6 4 12 14 12 11 7 6 3
10 8 0 20 11 14 16 6 1 11 10 11 9
11 4 9 10 9 8 10 3 4 1 3 17 1
17 9 1 9 2 3 0 2 0 8 5 5 8
1 4 2 3 5 3 0 6 1 7 3 2 8
2 11 1 0 0 5 1 12 14 2 2 2 5
4 8 9 3 15 14 12 1 8 1 15 22 5
3 15 5 1 6 1 11 14 15 6 6 2 7
2 3 15 7 10 11 1 1 11 17 10 2 0
12 5 0 9 7 4 18 20 3 7 6 4 2
16 3 4 9 8 14 7 2 1 1 11 6 13
10 6 2 10 6 3 3 3 5 3 1 4 15
1 2 4 1 4 2 3 9 6 1 6 2 7
8 15 2 10 5 5 4 12 2 10 2 7 9
0 3 1 4 0 1 6 1 2 3 3 4 3
12 1 1 8 11 11 0 13 10 6 7 3 6
1 1 9 0 1 6 3 0 1 1 2 5 5
1 8 3 2 5 3 17 5 2 4 17 11 4
11 13 9 12 11 11 8 14 5 3 9 1 7
2 8 3 3 4 4 3 2 3 7 1 5 0
0 12 0 5 5 7 2 2 13 16 7 18 6
5 3 2 2 2 1 7 1 8 0 1 8 1
15 11 19 6 5 6 9 10 15 8 5 6 1
7 7 7 10 2 1 12 1 6 16 6 3 11
18 2 8 6 2 8 3 29 4 3 11 2 3
9 4 5 8 15 7 0 12 7 7 4 0 7
7 11 3 18 0 12 8 12 4 1 12 14 19
4 2 0 2 1 5 1 5 3 2 3 1 3
8 3 6 7 0 5 4 3 2 5 3 7 3
7 5 4 1 3 5 0 0 3 3 7 5 4
11 4 0 7 7 2 1 3 4 6 0 1 1
0 6 5 6 8 11 1 7 9 3 0 7 5
12 8 9 3 2 7 4 3 8 4 1 6 2
7 13 5 8 8 3 1 5 2 3 13 11 5
1 1 4 2 1 3 5 3 2 4 10 0 2
3 10 14 10 7 8 8 12 5 3 2 5 4
3 6 7 9 1 3 14 10 3 6 7 10 5
15 2 4 12 15 5 1 17 4 8 6 1 0
3 4 3 9 11 3 2 9 1 16 11 3 6
3 9 1 6 10 6 15 4 4 4 8 6 1
7 2 4 0 3 1 3 8 6 3 5 2 8
4 2 0 4 1 1 5 2 0 6 1 1 0
4 1 5 15 4 3 8 3 11 6 11 0 10
14 3 8 8 2 17 5 6 8 5 17 4 0
9 2 6 5 15 3 8 13 11 10 5 2 1
5 5 16 5 1 3 9 0 6 2 11 2 11
8 11 8 2 18 10 15 23 7 7 4 0 4
0 5 2 1 8 4 3 0 0 1 5 1 3
0 6 4 17 12 2 6 9 1 2 0 16 4
6 6 2 1 2 8 2 7 6 4 7 5 4
7 2 12 10 2 4 0 19 1 6 2 4 0
2 17 10 4 5 0 5 5 5 2 12 9 3
1 2 10 2 10 3 2 7 6 1 3 1 20
2 13 7 2 6 6 0 0 1 31 11 3 1
4 23 10 3 9 11 10 4 2 17 1 2 12
6 1 8 4 4 23 4 16 2 11 14 14 8
5 5 7 13 1 8 14 8 4 4 5 2 2
6 3 3 4 1 7 3 5 1 2 4 2 1
3 6 5 4 8 13 2 5 3 4 7 2 7
0 2 4 2 3 8 4 0 12 18 3 7 1
5 7 11 0 3 5 6 7 4 1 5 2 26
2 0 27 7 4 13 6 6 5 3 18 11 10
5 6 4 12 14 4 11 6 10 16 6 4 1
14 5 3 13 1 3 9 1 13 15 12 3 19
5 6 4 4 7 2 5 12 6 7 4 10 5
3 2 4 4 18 6 6 1 3 6 4 5 3
1 5 7 3 2 1 11 4 3 4 2 1 2
1 11 6 2 1 8 1 4 1 1 0 13 13
1 0 7 15 2 1 7 6 16 1 3 1 6
3 19 10 6 2 5 0 4 4 8 4 15 8
5 10 10 21 10 4 13 1 2 2 3 6 19
5 2 4 11 3 8 10 7 11 2 0 6 7
9 10 3 9 6 13 3 4 5 3 3 3 4
1 20 1 4 8 6 6 7 5 1 7 6 3
0 4 5 6 0 8 2 2 2 3 3 3 4
2 9 11 10 11 1 5 5 14 13 13 6 13
3 3 11 2 2 6 15 9 15 14 4 11 1
6 23 4 6 6 4 9 19 2 8 0 5 9
1 4 6 0 1 16 7 1 5 5 10 1 7
2 2 10 2 16 11 3 14 2 8 0 1 18
1 27 9 3 3 6 17 3 0 3 2 6 7
1 6 0 4 4 1 3 2 3 4 6 0 2
5 1 21 10 14 1 0 1 5 9 7 19 12
5 2 9 10 3 1 9 9 5 10 7 14 5
8 3 15 4 6 0 2 2 2 6 5 1 2
2 7 4 4 9 4 3 1 3 3 2 3 1
8 5 9 2 21 8 3 14 3 0 2 1 12
4 15 7 14 6 1 14 17 6 6 2 12 17
1 7 13 1 5 4 13 7 8 17 13 15 9
0 4 4 0 2 5 1 2 6 4 6 6 0
2 20 8 6 12 2 7 11 5 10 5 5 12
3 3 5 12 8 5 6 1 5 11 2 7 1
12 9 1 7 18 6 5 8 7 22 5 7 1
0 2 1 0 3 4 2 6 1 4 3 1 4
2 6 4 5 0 6 5 9 7 2 10 4 5
13 6 3 20 4 8 18 12 5 4 5 1 3
4 0 2 7 4 4 4 8 8 3 4 3 1
0 8 5 3 7 6 11 1 6 1 6 3 6
6 0 15 5 3 2 2 1 7 2 4 7 5
1 0 3 6 6 2 4 7 2 2 1 10 1
7 3 8 2 5 2 2 5 8 2 17 4 2
7 3 3 2 0 0 6 1 5 7 1 1 11
12 4 7 18 10 8 4 1 0 4 7 13 2
3 14 3 5 11 15 6 0 1 23 16 3 8
12 15 2 0 8 0 11 4 1 19 5 9 7
10 12 6 13 7 2 19 4 0 4 1 3 1
5 2 1 2 4 4 10 12 3 8 0 2 1
7 6 9 10 2 4 5 1 2 0 4 10 12
2 7 5 7 3 1 11 2 10 14 0 1 4
6 9 8 3 10 2 8 16 14 20 4 8 1
0 3 3 7 3 5 8 1 3 5 16 8 10
3 1 4 1 8 12 8 2 8 0 16 1 13
0 0 4 2 0 1 3 3 6 2 4 4 6
21 16 5 8 14 10 2 2 16 7 7 1 13
5 8 4 10 5 14 2 2 1 11 4 8 5
9 3 16 11 13 4 19 5 6 12 4 11 16
8 3 6 11 2 7 5 9 7 11 10 4 5
12 2 4 16 17 8 9 10 9 6 1 1 1
1 2 2 9 1 11 0 2 2 2 3 5 6
1 6 2 5 6 4 3 4 0 1 1 0 1
1 2 0 2 7 1 5 1 8 1 1 4 5
1 9 5 4 5 12 12 10 14 4 5 14 5
13 17 9 8 4 2 6 3 11 7 5 5 5
5 1 2 2 2 5 3 5 0 4 11 4 1
5 8 2 2 10 12 9 8 24 3 5 3 12
3 7 2 2 2 1 2 4 2 5 3 7 1
7 15 2 6 7 8 21 9 7 0 1 10 4
7 1 3 3 20 3 10 8 4 1 9 2 9
6 12 4 2 3 6 1 11 0 14 9 4 7
9 2 6 8 4 1 1 4 12 3 9 2 8
0 7 5 1 4 6 15 9 12 2 11 1 8
9 4 10 6 5 4 3 9 3 20 2 8 0
9 9 3 2 17 1 7 17 2 6 1 20 18
2 11 7 10 1 1 3 16 1 19 9 23 2
15 18 15 14 3 3 6 5 7 6 13 5 11
6 3 8 12 1 8 17 8 6 9 1 5 14
18 11 1 11 10 5 8 2 3 15 11 15 7
5 1 1 2 9 6 4 0 9 8 20 2 2
12 9 0 1 7 8 2 5 1 2 4 15 2
4 4 1 9 3 1 7 2 6 4 7 0 6
5 3 1 0 5 10 1 4 8 1 3 4 3
9 0 5 4 4 3 6 5 1 7 1 1 7
4 13 18 7 5 2 18 8 8 20 2 10 9
1 5 4 15 3 7 5 4 10 2 9 9 8
4 7 6 2 2 12 3 4 0 17 13 10 5
10 5 4 1 8 7 0 1 4 2 2 5 4
0 6 17 6 11 1 6 8 2 10 7 0 1
8 11 3 7 10 2 2 17 3 3 11 0 14
7 3 2 10 10 0 0 1 1 0 0 3 3
1 4 1 0 4 4 6 4 8 6 3 1 4
6 5 0 3 9 11 0 21 13 5 1 4 2
3 4 6 1 3 3 4 2 2 1 3 7 3
7 4 13 3 9 2 5 0 4 2 5 0 3
7 1 2 7 5 3 3 1 0 4 2 1 4
0 7 3 9 2 4 5 1 1 8 14 0 14
2 3 12 12 12 9 10 8 6 7 9 5 5
10 8 2 3 1 0 3 1 4 1 20 0 5
3 1 7 4 6 12 20 2 1 11 16 18 0
2 20 13 8 6 5 6 9 10 17 12 4 3
9 24 5 1 1 2 2 2 8 0 22 9 2
9 12 3 10 4 2 6 3 5 14 7 4 2
0 2 3 10 7 4 4 1 6 2 9 2 0
8 17 5 9 6 12 13 1 4 4 9 15 7
11 10 21 12 13 3 2 6 3 13 14 0 2
4 13 2 7 19 3 3 10 0 3 1 4 7
12 6 8 9 5 6 2 6 4 1 2 5 10
9 13 0 12 1 2 6 18 21 3 3 3 9
4 7 4 7 0 2 0 3 3 5 8 9 1
4 10 8 2 1 6 2 1 4 10 3 6 2
2 3 6 6 1 1 6 2 4 4 4 6 6
6 7 6 4 3 2 6 3 6 26 3 15 8
10 3 4 2 0 4 24 25 3 2 6 8 10
4 6 3 0 3 10 3 2 9 3 2 1 1
6 10 3 5 13 9 15 13 9 10 4 1 17
5 1 5 5 6 7 6 5 2 6 1 0 11
4 5 10 6 8 12 10 10 11 19 3 16 8
3 2 3 16 0 3 6 6 8 7 3 5 5
1 2 3 4 2 4 15 1 0 1 3 3 3
8 12 9 7 9 7 13 4 4 8 7 1 5
5 5 2 9 4 2 7 6 0 2 3 10 1
2 2 2 0 3 10 3 2 1 4 5 5 3
2 0 11 7 3 1 5 4 4 15 5 12 9
1 4 3 4 3 0 4 3 2 1 1 5 2
13 1 12 1 3 10 0 10 12 10 7 12 5
6 4 5 6 2 10 1 7 6 5 3 5 7
4 1 1 3 1 2 4 1 3 5 10 9 1
3 1 0 2 2 1 6 4 6 1 4 4 1
6 4 2 6 12 5 2 7 1 3 3 8 1
3 4 1 2 2 8 0 2 1 3 3 3 4
8 10 1 7 7 4 13 0 4 10 7 1 1
0 11 6 16 19 1 1 6 12 4 6 8 12
12 9 7 14 1 8 6 14 2 19 3 0 8
0 6 3 11 6 8 15 11 8 11 12 12 6
12 13 3 7 2 2 4 4 15 3 7 0 1
16 1 4 5 0 2 13 18 5 10 7 1 3
9 4 23 10 8 8 3 10 1 7 12 5 11
3 2 4 7 5 13 2 3 3 18 3 7 8
10 15 1 4 1 4 10 16 0 12 3 1 5
13 7 4 6 5 6 8 27 1 17 13 2 2
2 1 4 4 3 2 7 4 6 7 8 4 2
9 4 9 8 4 6 3 8 5 1 11 8 20
1 1 2 0 6 3 4 1 1 0 2 2 5
4 4 3 4 7 1 3 12 0 6 6 2 4
4 8 4 12 4 4 3 5 5 4 9 9 10
12 4 3 6 1 1 2 11 29 8 6 3 2
3 4 3 2 0 2 6 2 1 8 4 8 6
10 7 2 5 2 2 1 0 9 6 5 4 2
8 3 7 9 5 6 3 0 7 5 6 21 7
1 4 1 3 0 2 3 3 7 4 1 1 1
9 6 3 9 5 9 9 2 2 10 17 6 3
4 4 3 4 0 2 2 0 4 3 2 2 2
12 14 2 3 5 4 8 4 4 2 5 7 1
4 1 3 4 2 1 4 3 6 1 0 3 0
8 1 2 3 6 2 0 0 6 3 1 3 4
1 2 6 3 4 8 2 0 6 3 6 4 3
3 10 13 2 3 2 13 13 1 2 9 8 10
2 3 2 7 2 11 4 12 2 3 6 3 7
8 1 1 1 5 8 2 4 2 2 2 1 3
7 6 0 3 1 5 0 1 28 12 7 12 15
1 6 7 22 1 9 13 0 10 11 15 4 3
0 11 13 1 7 3 2 1 1 21 4 3 5
3 4 3 4 0 2 8 0 0 2 2 1 2
1 1 3 12 1 19 13 8 13 1 6 11 12
4 2 4 1 5 1 0 5 2 2 1 0 4
6 6 5 5 4 5 0 0 3 4 1 6 0
6 4 2 7 6 15 6 8 5 8 13 0 8
8 9 5 11 9 8 10 5 7 6 1 11 12
12 5 5 24 3 2 1 8 14 7 16 4 2
1 0 2 6 4 5 10 7 3 3 3 7 1
3 3 2 0 0 3 6 0 5 3 3 3 3
6 7 8 2 7 8 4 6 2 19 3 14 7
3 5 2 5 5 2 3 7 2 3 5 2 6
5 1 3 2 7 1 3 4 2 11 4 5 9
7 11 6 8 10 1 2 8 11 18 12 3 8
9 5 6 16 4 8 6 4 4 7 1 4 6
9 6 7 3 4 15 8 9 9 2 15 10 13
24 10 13 6 1 5 18 2 5 2 8 9 9
6 6 4 6 6 0 4 7 3 6 4 7 6
8 5 3 3 1 0 5 2 8 5 6 3 2
5 7 7 9 5 4 10 4 4 11 1 9 8
2 4 15 10 6 22 19 7 1 9 10 6 8
2 1 5 3 8 0 0 0 2 4 1 6 5
3 5 10 10 5 5 8 5 5 6 5 3 6
21 0 13 10 9 4 11 15 2 3 2 6 10
12 6 17 1 11 0 5 16 10 5 10 5 4
4 1 9 6 3 5 3 7 13 11 2 7 1
11 10 2 4 3 2 1 4 9 6 12 4 17
2 0 8 4 3 3 8 4 3 0 6 1 0
11 3 4 5 1 10 7 5 4 3 3 8 1
3 1 15 2 4 3 1 2 11 4 6 3 8
0 6 11 3 14 7 3 5 3 4 7 0 0
3 0 0 4 9 3 3 12 13 12 4 5 2
2 4 0 3 3 1 7 4 2 0 3 2 3
12 2 16 9 16 5 10 1 6 1 22 9 7
5 6 5 9 7 10 16 4 2 1 2 7 8
5 5 13 8 5 3 5 4 8 2 1 1 10
9 1 1 2 9 12 18 21 8 3 6 12 6
0 5 1 4 2 3 4 0 18 12 7 4 1
1 8 9 5 9 1 14 5 0 7 1 18 10
3 6 1 2 10 18 9 11 0 13 10 11 13
3 3 15 15 0 11 10 12 2 4 5 20 6
10 1 14 24 1 6 2 0 13 1 10 8 10
3 0 13 14 11 16 14 4 10 2 13 3 1
1 6 3 5 1 2 1 4 2 2 7 3 6
2 5 5 0 6 3 1 0 5 2 2 0 2
4 12 1 5 3 6 6 3 15 14 2 23 5
9 0 5 8 4 13 14 5 2 4 5 21 11
2 2 0 5 8 5 0 3 1 2 1 0 2
14 9 3 4 7 6 3 9 0 13 5 6 10
4 5 8 4 1 15 8 4 1 6 4 10 3
7 2 2 3 1 5 3 0 2 2 3 1 3
8 2 1 2 6 11 4 14 4 2 14 3 4
12 15 4 2 4 1 3 1 1 5 0 4 1
2 6 10 9 15 18 8 6 13 5 1 14 12
3 3 4 6 4 2 2 2 3 0 3 4 6
4 5 6 16 9 9 16 12 5 1 8 1 5
5 2 1 1 14 13 6 2 13 14 1 9 1
1 3 4 6 1 6 1 0 0 4 1 7 1
1 3 1 8 1 1 4 6 1 2 2 10 7
4 0 0 5 2 4 0 5 12 1 3 4 1
3 3 8 2 3 15 5 7 3 2 4 6 3
3 5 2 6 0 2 1 1 1 0 2 5 3
10 5 9 2 0 1 12 2 9 2 8 7 1
2 6 3 1 2 8 1 3 4 1 0 10 7
3 2 2 10 2 7 7 7 2 1 3 7 4
4 3 8 6 23 9 1 15 5 9 4 5 1
2 1 14 1 3 4 13 2 1 11 3 10 6
5 4 1 5 0 3 4 1 11 16 2 8 4
6 6 8 3 3 5 20 1 14 4 9 3 11
9 15 13 16 6 6 18 5 7 9 2 2 5
10 0 9 13 12 7 3 10 2 3 15 19 4
0 1 1 3 3 5 0 2 5 0 6 3 1
9 4 10 11 6 4 17 5 3 2 3 5 7
4 8 1 7 1 1 6 7 2 8 3 1 3
11 2 5 3 1 6 8 3 5 19 15 1 3
6 10 3 6 8 1 6 3 10 7 3 11 8
1 8 10 2 2 3 1 9 3 7 1 1 2
1 6 0 5 0 5 0 1 0 5 2 7 3
16 3 2 5 6 7 3 2 1 1 6 1 3
1 2 4 3 6 3 0 4 0 0 3 1 0
14 1 6 4 4 2 9 2 4 8 8 2 2
4 6 2 3 1 6 0 3 7 8 9 11 0
7 2 1 10 0 2 1 4 0 2 5 5 3
2 5 20 14 3 2 6 16 5 8 2 5 0
7 3 1 0 1 2 2 9 5 1 3 4 0
2 6 10 3 2 3 1 9 11 11 6 10 6
3 13 10 17 23 15 1 7 5 5 9 6 2
1 10 6 16 10 11 5 5 11 13 2 11 1
12 13 16 7 18 1 4 13 4 4 10 4 2
3 15 12 7 1 10 8 1 3 9 7 2 0
5 22 8 12 10 10 1 11 1 1 14 1 9
2 2 1 2 1 6 1 0 7 4 1 1 3
0 2 9 5 1 2 5 7 1 7 3 2 11
5 15 8 4 14 8 6 15 8 12 9 7 9
7 5 7 7 9 6 12 8 11 10 5 16 2
7 23 3 4 2 4 9 11 12 2 2 6 3
0 1 4 11 5 2 4 5 2 10 5 1 8
11 1 4 4 1 2 8 8 5 5 1 1 1
3 4 3 1 1 0 5 7 1 1 1 1 0
8 8 8 9 9 8 5 1 0 1 7 7 1
6 11 9 0 3 14 26 4 9 4 14 6 4
6 1 2 2 3 6 5 3 6 2 1 4 3
5 2 2 3 5 5 8 3 1 2 3 0 3
15 5 0 4 11 11 6 8 5 13 6 4 10
13 0 5 13 2 6 6 2 6 16 1 3 0
3 18 6 8 1 13 3 0 9 2 13 7 3
6 5 1 9 3 4 8 3 7 1 0 1 4
16 0 4 2 2 7 10 5 11 19 4 5 10
1 1 1 2 6 6 11 12 2 3 3 14 4
7 7 8 3 6 1 6 8 1 1 5 0 0
5 7 3 4 8 1 2 3 13 8 4 9 11
3 6 3 3 6 5 7 4 2 0 9 5 8
5 11 1 1 13 3 8 13 0 3 15 1 2
12 1 1 10 9 3 4 6 6 1 4 4 7
0 13 4 3 20 15 7 15 3 5 11 3 10
1 8 3 4 4 0 1 1 7 3 4 1 2
2 12 10 2 0 14 9 4 9 14 6 5 9
6 23 11 1 6 3 3 8 11 3 8 10 16
1 9 5 7 1 7 18 10 10 13 4 3 23
6 8 2 5 11 4 8 8 26 9 10 4 6
5 3 5 8 4 1 2 12 2 8 1 9 2
4 6 4 6 7 5 3 4 4 3 11 3 1
5 3 1 2 1 0 2 12 8 4 5 2 2
15 16 12 12 1 9 0 2 13 8 4 5 12
0 6 2 4 9 13 4 14 2 17 16 6 4
4 4 3 2 1 1 6 2 2 0 0 0 6
1 10 3 3 0 1 5 2 3 3 1 6 2
13 13 10 0 7 15 2 5 0 11 5 10 7
11 13 1 1 5 1 1 10 3 3 0 1 2
5 1 3 4 7 11 1 5 0 1 11 1 1
1 9 14 9 5 1 6 0 2 3 2 0 4
1 3 2 12 0 3 5 3 5 8 11 4 5
7 1 4 9 1 1 5 2 0 5 0 3 1
12 10 12 1 10 8 2 3 1 16 1 10 2
15 2 5 7 3 5 2 6 0 6 2 9 1
2 1 5 0 12 4 12 3 5 21 6 4 3
1 5 8 5 5 7 3 9 3 4 10 0 12
5 6 5 12 1 7 2 1 2 4 4 0 7
8 11 17 8 12 3 3 3 7 6 0 12 7
1 2 0 3 1 6 3 3 1 9 5 2 1
1 23 1 0 4 2 3 1 9 5 14 4 16
15 7 3 10 2 7 3 10 3 0 13 19 9
1 3 1 2 7 4 6 9 7 16 7 5 6
1 0 3 2 5 3 6 5 2 6 14 7 1
7 4 8 3 3 7 2 1 3 3 3 6 4
6 2 0 3 0 2 6 2 2 1 5 3 5
2 1 6 6 3 7 1 2 4 3 2 2 6
5 2 2 2 5 3 0 0 4 10 5 4 4
11 6 2 1 3 10 0 2 4 2 5 8 1
11 11 8 5 14 8 16 1 5 10 9 1 11
6 7 3 18 1 2 6 11 1 8 7 1 1
6 1 9 2 5 8 12 3 2 1 6 3 18
9 8 0 0 11 14 4 1 12 14 7 1 11
0 7 1 1 11 1 2 2 0 2 0 1 0
1 54
2 3
2 69
3 34
4 60
4 80
4 99
5 30
6 33
6 45
6 78
7 80
8 84
9 65
10 74
10 98
11 84
13 74
14 88
15 36
15 114
16 29
17 78
17 80
17 106
19 25
19 30
19 81
19 117
20 66
20 68
20 88
21 103
24 86
24 94
25 92
26 88
26 99
26 125
27 48
27 63
27 93
27 114
28 50
28 61
29 63
30 79
30 101
31 94
32 46
34 83
35 128
37 57
37 67
37 68
38 136
39 58
40 79
40 86
40 91
41 89
41 118
42 80
43 104
44 66
44 85
46 80
47 137
48 134
49 59
49 62
49 149
50 148
51 120
52 70
53 85
54 69
54 79
55 90
56 69
57 97
57 107
57 125
57 127
60 156
61 100
61 134
63 104
63 116
63 119
63 127
63 129
63 135
64 90
65 128
65 130
65 136
65 162
66 143
67 148
68 141
68 153
69 115
69 132
71 108
71 111
72 106
72 148
72 156
73 104
73 105
73 112
73 130
74 165
75 92
75 97
75 98
75 164
76 166
77 174
78 92
78 129
79 116
79 118
79 123
79 134
81 144
83 84
83 102
83 162
83 169
83 170
84 130
85 92
85 111
85 158
86 182
87 185
88 186
89 170
90 99
91 93
91 171
92 115
93 120
93 185
94 149
95 135
96 111
96 122
97 112
97 139
98 180
99 114
100 137
100 199
101 102
101 128
101 156
101 201
102 131
103 123
103 183
103 190
103 193
104 107
105 163
106 109
106 151
109 186
110 144
110 179
112 134
112 170
112 184
112 188
112 202
113 211
114 121
114 134
114 144
114 147
114 160
114 186
115 179
116 137
117 131
117 148
118 211
119 129
119 162
119 180
122 199
122 212
123 199
124 160
126 211
128 151
128 199
129 216
130 163
130 180
131 212
131 226
132 211
132 221
132 232
133 144
133 199
134 172
134 217
135 230
136 198
137 167
137 228
139 171
139 199
140 220
141 170
142 241
143 180
143 203
145 216
146 147
146 236
147 244
148 206
148 242
149 204
149 236
150 226
151 243
153 158
153 251
154 163
154 200
154 208
154 214
155 243
157 242
158 232
159 164
159 214
159 226
161 185
161 202
164 193
165 181
165 263
167 248
168 193
168 257
169 179
169 184
169 227
170 243
171 178
171 214
171 257
173 260
174 270
175 206
175 219
176 258
177 192
177 205
178 236
181 200
183 195
183 242
183 261
184 263
184 273
185 196
186 261
187 227
187 236
188 191
188 224
189 205
190 203
190 232
190 255
190 282
191 207
191 223
191 257
192 233
194 234
195 260
198 204
201 203
201 246
201 287
203 289
204 205
204 231
204 294
205 225
207 238
208 214
208 308
209 223
210 215
210 304
211 299
214 297
215 233
216 235
216 287
216 314
217 263
217 271
218 285
221 302
221 315
222 302
222 316
225 241
225 265
225 276
225 287
226 271
226 320
227 276
228 291
230 253
230 288
230 303
232 265
234 255
234 257
235 318
235 324
236 245
236 247
236 310
237 278
238 258
238 338
239 282
240 294
242 280
245 278
245 309
246 265
248 334
251 256
251 292
252 323
254 299
254 302
256 343
257 291
259 315
261 306
261 332
261 344
262 322
263 296
264 277
264 279
264 282
264 303
264 308
264 309
267 299
267 337
273 331
274 321
275 278
275 316
275 374
276 342
278 299
278 362
279 298
279 316
280 304
280 338
282 359
283 324
283 373
284 292
284 341
284 361
285 293
285 294
285 331
285 364
285 384
286 301
286 346
287 349
287 379
288 351
288 380
289 321
289 344
290 372
291 390
292 303
292 331
292 365
296 332
298 337
298 363
299 327
300 327
301 308
301 320
301 387
302 308
302 381
303 323
303 353
303 383
304 339
305 323
306 364
307 315
307 316
307 338
308 333
311 362
311 385
311 387
312 351
313 358
313 377
315 321
316 354
319 359
319 369
320 331
321 375
321 403
324 375
327 359
327 414
328 341
328 361
329 345
329 405
329 417
331 353
332 341
332 377
332 426
333 366
333 426
337 403
337 422
338 407
339 343
340 352
340 382
341 363
341 389
342 369
344 424
345 381
345 409
345 427
346 442
347 416
350 379
351 400
352 389
352 432
353 443
354 366
354 392
357 424
358 456
359 393
359 424
359 444
360 388
360 417
360 449
362 399
363 456
365 434
366 372
366 451
367 380
368 439
369 385
369 388
369 416
369 462
370 467
371 403
371 457
372 384
372 424
372 471
374 390
374 391
376 426
376 437
379 381
379 464
379 466
382 406
382 432
385 418
387 454
388 467
388 468
389 396
391 443
393 463
396 401
396 491
397 406
397 489
398 482
399 437
399 458
399 483
400 405
400 407
400 420
400 449
400 458
401 433
401 493
404 458
407 412
407 414
408 485
409 434
410 463
412 444
413 423
413 444
414 491
414 494
415 436
416 449
416 507
416 513
417 423
418 501
420 465
420 484
420 512
421 501
422 471
422 499
422 520
423 447
424 434
424 443
424 489
425 525
427 485
428 434
428 517
429 441
429 473
429 514
430 437
431 517
433 496
436 490
438 508
439 494
439 531
440 454
442 452
442 473
443 510
444 524
444 543
446 516
446 517
447 524
448 506
449 463
449 513
450 461
450 487
450 489
451 535
451 543
452 458
452 493
452 536
453 478
455 464
456 478
458 512
458 528
460 479
460 481
460 490
461 503
463 470
466 473
467 536
469 477
469 498
469 538
469 542
470 496
471 482
471 517
471 520
472 530
472 538
473 538
473 566
474 477
476 554
477 555
477 562
477 565
478 508
478 528
478 563
479 559
479 576
479 577
480 537
481 536
482 572
485 491
485 505
485 560
486 492
486 517
487 499
487 533
487 577
489 516
490 519
490 543
490 581
492 517
493 500
495 554
497 556
497 587
497 596
498 501
498 548
499 570
501 586
501 601
502 551
503 557
503 587
505 523
505 548
505 550
505 555
507 520
507 595
511 521
512 552
514 538
514 586
515 526
516 584
516 599
516 603
519 524
519 554
519 608
520 606
521 548
521 615
522 537
522 578
523 543
523 551
523 607
524 558
525 586
525 587
526 584
528 535
528 558
529 602
530 574
530 587
530 617
531 614
532 619
533 599
535 568
536 552
536 617
537 578
539 602
540 619
545 583
546 553
547 611
549 561
550 620
552 649
553 584
555 599
557 587
560 585
560 612
560 624
561 576
561 645
563 619
564 637
564 651
565 607
566 603
567 587
567 653
567 666
568 638
569 609
569 624
569 655
570 594
571 586
572 666
577 588
577 645
577 677
578 581
579 666
580 609
580 610
581 648
582 632
582 664
585 634
585 666
586 592
586 613
586 683
586 686
589 605
590 634
591 666
595 598
595 630
595 639
595 689
596 647
601 700
602 627
602 647
604 667
606 670
607 640
607 663
607 698
608 706
609 703
611 707
613 688
614 637
614 654
616 679
616 683
616 707
618 638
618 686
619 704
620 692
621 623
621 660
621 700
624 646
625 656
626 711
627 657
628 697
629 639
631 719
632 659
632 677
632 706
633 730
634 708
634 732
636 724
637 703
639 642
639 709
639 712
639 718
640 720
640 736
641 728
644 666
644 689
644 736
645 705
645 734
646 729
649 686
649 723
651 680
651 682
651 723
653 668
653 747
654 735
655 706
655 753
657 687
658 677
658 690
658 695
658 720
658 726
659 734
661 714
662 754
663 727
666 766
667 739
669 670
669 747
670 755
672 732
672 756
674 716
675 683
675 745
675 760
676 742
678 772
678 777
681 688
681 699
681 740
681 777
681 781
683 757
684 694
684 712
684 714
685 725
685 779
687 786
693 740
694 701
695 793
696 792
697 722
697 795
698 769
698 797
699 774
699 789
700 732
701 760
702 743
702 760
702 776
702 789
703 773
704 780
704 803
705 752
706 766
707 755
707 762
709 725
709 727
709 750
710 773
711 747
712 732
712 737
712 764
712 793
713 792
714 734
714 739
715 776
716 719
717 738
718 724
719 727
719 778
719 815
720 768
720 792
721 724
723 783
726 743
726 820
727 773
728 745
728 761
728 808
729 736
729 817
730 814
731 824
731 827
734 805
735 786
735 809
737 780
738 744
738 758
739 750
739 788
740 748
740 818
742 815
743 812
744 786
745 768
745 808
746 769
747 751
747 762
747 794
747 824
748 771
749 812
751 768
753 831
753 842
754 768
754 814
754 840
755 787
756 812
757 795
757 797
758 792
758 840
759 845
760 763
761 789
761 859
762 798
762 859
766 855
767 860
768 808
769 794
772 847
773 805
773 839
774 837
774 840
775 825
775 839
775 873
776 844
778 813
782 871
783 789
783 816
784 857
785 824
787 884
788 823
789 841
790 814
792 848
792 876
793 892
794 880
797 873
800 863
804 892
806 832
807 890
807 897
808 883
809 878
810 811
810 878
810 882
810 883
812 864
812 879
814 845
814 913
815 846
817 834
817 850
817 859
818 918
820 888
821 839
821 898
823 853
823 863
823 881
823 888
824 869
825 889
826 858
826 873
827 845
827 859
827 914
828 882
829 857
829 883
829 908
830 895
831 860
831 886
831 910
832 884
832 890
832 908
833 907
834 839
834 861
835 884
835 926
837 855
839 865
839 893
840 841
841 881
841 901
841 912
841 933
842 928
846 859
846 899
846 903
846 911
846 940
846 945
847 940
848 930
850 872
852 919
852 941
853 928
855 913
856 875
856 919
856 925
858 917
859 922
861 922
863 912
863 914
863 917
864 928
864 940
865 943
866 945
869 945
871 904
872 945
872 950
873 874
874 901
875 899
875 929
877 949
881 936
885 895
886 956
886 961
887 897
887 928
888 947
889 898
891 927
891 962
891 983
892 976
894 912
894 932
894 951
894 980
895 899
897 914
897 984
898 925
901 942
902 978
902 983
903 946
904 935
907 915
907 923
908 951
908 990
910 911
910 948
913 941
913 973
914 996
917 932
918 963
919 954
921 976
921 994
922 925
922 993
924 998
925 948
925 978
926 984
927 928
927 992
928 966
930 931
930 1000
932 977
934 962
936 963
937 946
938 956
939 972
942 974
943 968
943 999
945 982
947 952
947 962
948 952
948 961
948 963
948 980
949 969
949 987
950 975
951 985
951 993
953 999
958 960
958 981
959 984
959 987
960 966
968 970
973 979
977 979
980 988
981 999
985 986
989 997
990 996
996 997
17 5 14 8 32 7 16 1 16 12 5 5 2
24 15 10 7 7 4 11 8 20 13 7 0 23
12 2 11 2 7 1 16 3 2 2 1 15 1
21 3 3 2 8 16 4 24 1 15 3 7 1
3 6 3 31 8 6 0 14 11 11 4 1 0
10 0 3 3 1 12 8 0 6 0 9 7 9
6 2 19 5 3 3 1 6 19 9 5 9 10
4 12 3 8 12 13 13 3 17 12 13 1 2
1 32 23 2 24 11 7 1 16 4 7 9 15
11 5 26 9 1 22 7 9 5 12 7 4 25
12 3 23 12 22 13 10 25 9 2 3 22 9
5 8 22 0 11 6 21 5 1 18 0 11 6
23 3 4 10 10 6 2 19 17 35 3 5 24
2 18 34 17 4 1 3 24 20 20 8 11 11
3 10 4 8 7 7 6 8 5 27 5 5 6
4 1 10 6 2 21 7 36 26 1 16 11 8
5 25 12 22 4 5 8 8 11 9 5 5 1
6 23 18 1 6 18 33 1 18 13 8 1 3
10 25 26 1 16 18 5 30 20 1 12 1 1
0 10 18 19 21 3 5 15 4 16 20 3 23
28 43 44 58 66 53 54 37 34 49 29 39 51 48 50 40 52 42 39 30
3 2 6 5 13 11 5 6 7 1 1 6 4 5 4 5 3 4 4 6
12 10 24 22 25 28 15 16 21 10 8 14 14 10 11 17 10 21 28 18
30 17 60 43 47 54 39 36 25 35 17 50 19 24 41 31 35 38 22 39
13 3 37 41 27 33 13 12 9 13 15 27 20 2 19 15 8 9 12 9
5 5 6 8 10 20 5 11 5 4 3 3 7 1 5 7 1 8 4 3
49 41 60 51 65 66 45 51 30 28 25 40 48 37 48 40 49 38 40 38
17 16 36 31 33 36 19 28 18 9 6 21 21 12 19 18 19 23 15 12
4 5 11 10 9 14 6 7 12 1 1 11 3 3 3 3 1 13 10 3
9 7 18 7 11 15 15 1 6 5 4 7 9 12 5 9 5 2 1 12
32 37 38 28 41 28 34 22 24 21 14 35 36 28 31 12 35 26 24 31
20 11 36 38 37 25 23 15 7 18 17 24 27 10 16 16 15 17 25 15
8 4 23 18 11 22 12 6 11 11 4 16 4 10 6 11 9 12 14 12
12 3 20 13 13 9 6 7 8 1 7 10 7 4 5 3 9 9 6 3
3 8 15 6 10 15 9 7 2 8 4 6 1 9 1 12 8 7 12 7
7 5 18 15 23 13 14 11 9 4 5 13 11 14 9 8 10 8 9 12
37 24 78 59 62 65 60 36 31 32 31 63 32 47 49 56 49 46 37 33
24 12 50 35 37 42 34 21 19 23 22 37 26 16 23 28 11 17 18 31
23 20 55 33 48 47 41 30 40 9 25 45 32 35 36 25 31 23 26 35
9 7 27 22 21 29 17 10 4 9 9 14 18 10 12 15 7 3 7 10
29 19 61 48 46 56 53 16 32 29 35 43 41 28 32 41 24 17 28 25
13 15 31 25 19 20 13 19 18 10 6 21 7 7 13 14 8 23 30 14
10 4 14 11 16 17 8 9 10 7 6 9 5 9 6 12 10 10 14 8
3 4 21 12 8 15 6 1 5 4 2 14 2 7 4 5 5 4 9 11
4 6 8 8 12 16 12 6 6 8 4 9 8 10 1 10 5 6 7 7
24 27 31 29 35 28 29 21 16 23 11 27 28 20 21 18 27 24 25 25
34 25 63 70 51 55 34 31 19 24 22 42 44 13 43 32 28 28 26 17
26 22 51 36 30 49 42 15 20 29 21 37 26 20 21 28 22 31 12 10
1 2 13 13 11 13 10 1 7 1 3 11 6 5 1 7 1 7 13 5
14 13 20 10 16 17 11 14 11 8 7 16 11 8 8 4 9 15 8 11
17 7 30 15 31 21 17 24 20 6 11 25 5 15 17 18 21 25 21 16
1 3 11 1 4 11 5 1 4 1 1 6 1 9 1 7 2 1 1 8
22 12 37 34 31 25 10 19 17 19 14 34 11 10 24 6 22 26 20 16
15 8 24 10 10 25 14 12 16 8 9 17 8 6 7 10 7 15 7 6
33 23 50 31 50 45 39 41 29 11 16 43 21 36 36 28 41 38 31 33
24 13 30 32 38 29 17 31 23 8 6 28 18 8 23 9 18 32 24 11
38 43 65 28 46 63 63 42 49 41 10 58 29 42 48 35 53 54 16 38
21 19 33 22 41 39 39 23 26 30 21 31 24 28 28 31 30 31 21 29
32 14 37 43 46 37 29 31 22 24 11 32 29 16 30 21 24 29 27 29
15 14 34 31 21 26 14 16 19 9 10 27 14 6 16 11 9 22 23 8
40 35 68 57 43 68 41 40 51 46 41 52 32 18 42 40 30 44 54 37
28 28 58 28 33 53 34 29 28 22 14 40 25 12 34 19 27 23 11 20
7 5 21 11 12 17 13 7 13 3 1 12 1 13 3 10 11 14 10 10
13 11 20 9 16 17 15 12 13 11 5 17 8 11 9 5 10 17 5 9
5 6 13 9 23 12 15 10 7 7 1 4 5 18 7 11 13 11 15 14
24 30 48 55 57 61 46 47 40 38 10 49 37 36 51 41 36 44 44 47
9 10 36 27 15 31 16 8 15 14 14 27 10 8 11 15 3 17 17 18
14 14 31 16 29 24 22 18 17 8 13 25 16 21 18 21 19 16 16 24
37 29 52 46 60 47 48 35 34 23 24 43 46 38 39 27 34 29 30 47
25 28 64 50 56 65 47 25 40 34 39 44 37 38 43 33 46 18 39 46
32 14 59 48 42 54 27 25 27 35 36 46 29 11 30 22 22 28 27 35
23 36 46 39 52 64 37 43 37 38 25 28 26 28 32 48 41 44 42 26
45 18 75 67 46 73 53 39 27 38 35 58 26 24 43 52 31 48 40 17
15 7 33 24 19 30 19 10 14 18 16 24 14 13 13 23 13 13 11 13
8 4 12 13 13 11 1 13 5 1 1 9 1 1 2 1 5 14 12 1
25 22 42 26 32 38 28 27 30 14 16 33 23 18 24 20 22 30 24 26
4 1 12 9 17 7 4 10 7 1 1 10 1 8 6 4 8 8 8 7
3 4 23 22 27 37 14 26 17 15 7 23 7 14 24 23 14 19 15 22
3 16 29 25 36 35 31 27 16 23 8 31 19 34 33 29 29 26 11 19
21 22 51 35 32 50 40 24 37 26 18 47 16 29 33 27 26 38 21 23
4 6 12 10 15 7 2 12 9 2 2 12 2 8 5 5 7 11 13 10
59 40 81 69 60 73 75 45 48 45 39 64 44 41 54 46 52 60 48 17
30 27 63 39 45 50 43 23 33 31 29 45 27 36 35 33 36 33 24 30
12 21 35 25 26 40 17 21 9 15 5 21 19 18 25 20 16 14 9 21
8 1 17 12 8 14 6 2 6 2 7 10 7 1 1 6 4 6 6 2
25 4 45 39 36 35 31 24 23 10 17 34 16 22 27 24 25 25 26 19
27 35 53 44 59 45 41 36 34 24 27 48 43 41 49 32 40 28 26 30
31 31 64 51 53 73 49 39 45 39 32 31 35 25 40 39 36 28 44 36
12 24 38 32 34 36 30 17 7 23 6 26 25 24 25 20 23 21 18 22
1 4 12 7 9 11 1 4 5 3 5 10 2 2 3 7 1 4 7 8
10 8 24 13 16 24 3 15 12 6 9 10 6 4 5 12 8 14 21 10
30 31 37 50 48 45 28 36 29 28 12 35 33 18 37 20 32 39 32 20
20 25 43 44 51 48 49 25 27 35 19 35 38 40 35 38 35 33 19 19
10 3 28 16 10 22 14 6 10 4 7 17 9 7 1 9 3 11 8 5
6 3 11 13 16 22 8 10 7 5 3 8 10 5 7 8 4 8 9 3
1 2 2 6 15 12 4 8 6 1 2 1 7 6 7 5 1 2 4 6
16 4 19 17 23 17 12 16 8 5 9 14 6 10 13 14 16 15 16 8
29 9 60 44 47 58 28 39 25 19 30 36 22 9 33 39 23 24 27 22
11 13 14 21 27 16 14 16 9 18 1 14 14 14 15 10 14 15 22 22
34 22 42 43 44 48 35 37 36 23 11 37 26 16 32 27 32 41 42 23
2 1 9 11 13 14 8 5 4 3 1 7 9 7 3 3 1 3 2 3
9 6 26 7 4 24 15 8 15 1 3 17 3 4 2 6 4 15 7 4
39 49 65 53 62 72 64 39 49 49 37 40 53 50 56 44 53 37 41 43
27 22 30 35 47 33 33 37 31 23 5 32 28 27 34 18 30 32 26 36
40 41 76 59 60 71 49 37 41 36 36 57 52 34 55 28 41 34 31 36
19 13 21 16 25 21 15 22 16 12 1 16 11 12 10 7 14 24 20 14
30 31 44 43 36 43 41 25 27 35 17 38 32 22 29 34 26 33 31 26
28 20 37 28 33 38 19 34 27 17 10 26 18 8 25 8 22 33 26 15
42 30 74 65 61 82 53 56 49 41 34 54 45 23 53 57 35 46 49 37
9 1 37 22 19 38 10 9 15 18 15 21 2 8 15 18 15 10 11 17
6 4 18 17 14 21 5 11 9 3 5 13 9 3 5 6 3 11 9 3
27 29 56 32 39 48 41 21 39 27 29 37 23 26 24 30 32 33 35 24
19 17 29 22 31 16 21 14 14 11 4 22 20 17 14 3 18 20 20 21
18 19 43 39 41 36 29 15 23 30 21 38 27 26 32 13 29 16 22 41
28 23 49 51 47 61 42 41 34 38 25 48 36 17 42 47 19 34 39 35
9 10 22 25 28 30 23 13 20 16 19 9 19 17 15 27 19 7 30 17
5 6 11 15 21 20 17 6 4 14 5 5 15 8 6 15 8 8 18 10
17 12 34 31 26 29 21 8 12 19 21 26 22 11 16 9 9 13 8 10
5 7 19 9 10 17 14 3 6 6 5 13 8 10 2 9 7 8 6 7
12 17 41 32 18 37 34 8 15 23 13 29 19 19 15 30 14 21 16 11
14 3 35 28 25 24 18 12 7 12 11 24 14 11 13 18 11 8 11 17
39 34 54 33 57 38 41 32 41 17 28 40 36 36 37 16 45 33 38 34
20 14 41 28 19 32 20 17 25 7 12 31 14 9 16 8 14 23 16 5
33 29 58 44 50 61 55 28 25 32 20 43 42 36 41 33 27 22 12 36
5 3 18 23 23 15 15 9 15 6 4 15 11 15 11 13 11 11 20 16
19 19 42 42 34 46 34 24 37 23 20 34 28 18 29 30 16 26 35 26
40 18 65 65 50 53 52 37 32 29 33 58 34 28 46 41 31 39 33 17
13 9 24 25 34 20 23 17 9 8 7 13 17 21 18 17 19 12 21 18
4 1 6 1 1 13 1 2 6 1 1 5 1 1 1 3 1 5 2 1
15 11 27 16 15 23 19 6 11 14 13 15 12 15 10 13 18 13 8 7
41 31 49 46 56 46 38 45 33 24 13 51 26 38 48 28 47 44 42 44
10 9 19 11 16 16 8 13 12 4 4 12 7 11 6 4 8 13 11 11
20 5 31 25 33 29 24 19 15 15 19 26 17 12 17 28 16 18 17 18
36 21 49 38 38 48 30 37 27 20 19 34 22 11 28 20 30 41 34 14
35 20 52 44 55 43 44 35 31 31 35 49 29 35 38 38 42 39 34 21
2 10 18 11 10 15 11 6 7 4 3 11 4 7 1 8 5 12 14 8
16 13 27 24 24 30 18 29 27 6 2 27 12 8 18 13 8 28 19 10
7 10 10 10 14 18 6 12 5 12 5 8 5 5 5 11 11 14 19 8
21 9 36 15 19 34 22 17 22 9 16 14 10 9 7 19 13 19 20 7
23 17 38 38 32 27 20 20 19 13 18 35 18 10 21 12 22 28 29 1
5 9 16 13 16 15 10 11 8 4 7 12 11 10 9 6 5 9 8 11
31 30 61 48 44 68 48 37 44 38 28 33 22 23 29 44 37 43 53 30
3 5 8 4 9 10 7 5 6 2 4 5 5 6 3 7 1 6 5 7
2 4 10 7 11 14 5 6 4 6 2 6 1 5 1 10 7 8 12 4
5 1 5 3 8 15 3 8 5 1 1 3 3 1 1 1 1 6 2 1
15 5 41 24 38 45 32 27 32 20 26 27 7 16 17 42 27 27 37 18
18 14 47 35 29 52 32 16 31 31 22 36 19 14 28 24 21 25 24 24
1 1 9 6 3 9 1 2 3 1 1 8 1 2 1 1 1 3 2 4
25 20 40 42 66 29 38 38 24 16 17 39 32 38 48 24 42 30 32 37
32 39 62 68 58 60 47 49 45 36 32 44 48 36 54 49 35 35 58 38
14 12 39 28 29 45 33 12 23 20 16 15 15 14 11 37 15 24 31 8
6 5 10 10 14 13 10 6 4 4 4 6 8 4 1 7 4 9 10 4
9 8 14 11 15 23 8 13 13 5 8 8 9 4 6 11 3 15 14 9
2 2 10 8 8 10 1 3 5 1 2 9 1 1 1 3 1 6 10 2
29 17 50 42 42 48 42 18 26 28 42 34 40 22 27 33 21 17 27 12
24 13 51 24 26 38 25 21 27 14 24 24 11 14 12 27 24 20 27 17
12 15 19 16 26 16 13 12 12 14 13 15 17 11 14 10 13 13 17 14
29 34 48 59 51 58 49 35 47 50 29 51 39 34 54 40 39 41 42 48
5 7 12 12 10 12 8 6 5 7 7 10 7 3 1 9 1 8 8 8
29 20 42 37 39 47 26 38 11 13 9 18 24 13 26 27 27 26 15 7
9 5 27 14 14 13 8 5 6 1 3 17 5 7 2 2 9 10 13 5
41 11 59 49 42 58 39 30 26 21 33 42 20 22 32 35 37 41 30 1
7 5 22 14 11 16 7 9 9 7 1 14 1 10 4 7 9 14 12 11
17 10 29 22 31 21 16 18 12 5 7 18 10 16 14 12 18 24 32 16
34 33 49 42 53 48 45 24 23 36 24 38 43 34 41 25 34 27 16 32
31 34 64 39 44 55 48 26 31 26 27 40 34 44 37 34 43 28 29 37
19 8 44 36 44 31 29 24 14 11 22 29 28 19 24 28 17 11 18 24
17 21 40 21 27 41 31 18 25 18 18 20 15 13 11 28 20 26 35 12
28 18 57 52 49 66 49 35 35 19 26 33 25 36 38 47 39 36 48 16
26 18 45 33 40 42 30 25 11 11 12 25 30 22 24 23 26 16 15 15
38 21 71 70 50 60 48 31 33 34 39 52 46 19 44 43 21 28 40 26
33 35 62 59 64 49 48 24 23 46 33 48 42 40 53 26 55 30 33 40
40 25 57 42 49 36 45 21 14 23 31 45 42 28 31 24 23 11 11 32
22 12 43 28 31 39 30 25 35 18 16 37 10 26 25 28 30 37 26 17
34 27 66 41 53 61 43 40 48 35 35 60 30 31 54 21 44 35 21 43
7 8 16 11 17 7 9 9 3 3 4 9 7 9 1 3 8 9 11 7
22 11 48 37 49 36 34 33 27 8 19 40 22 31 32 28 31 32 34 28
5 11 23 14 17 22 17 12 22 6 6 21 4 15 9 18 6 19 20 16
4 4 24 19 20 23 18 16 18 9 4 25 1 12 12 22 14 20 20 16
15 12 21 13 19 22 16 17 17 9 1 16 9 12 7 7 9 22 18 13
33 26 51 41 42 46 39 40 38 33 9 50 17 23 41 24 38 51 33 29
8 8 14 6 14 19 7 10 12 9 8 5 1 9 4 13 8 11 16 9
4 6 22 7 11 15 13 1 6 6 8 13 7 14 7 12 11 1 5 10
4 2 19 27 24 27 8 10 9 16 8 20 10 10 20 7 10 5 6 20
3 1 15 13 11 15 8 3 3 6 5 15 7 4 4 8 4 4 6 4
55 35 74 57 67 67 63 37 44 38 42 48 44 35 39 48 52 49 58 33
19 6 30 24 25 25 17 23 15 6 1 24 5 8 12 7 14 27 23 7
10 20 29 23 33 27 30 15 5 16 3 15 19 28 17 20 24 19 13 15
40 24 65 55 54 48 42 28 27 24 37 46 33 26 32 30 35 39 45 18
11 17 31 30 44 31 23 25 20 7 13 21 29 23 33 25 23 14 14 19
16 18 35 24 28 41 28 24 28 17 12 20 18 15 21 18 17 21 25 19
22 14 41 27 39 29 33 19 25 12 17 29 25 24 18 23 20 23 24 25
18 14 33 22 27 35 27 27 30 10 10 31 15 15 20 22 14 31 21 17
14 12 31 22 23 16 21 8 5 9 12 21 18 12 10 10 15 7 8 12
9 8 17 11 19 16 5 15 6 5 3 4 4 8 7 8 11 12 17 10
4 5 19 11 14 11 6 7 10 1 1 11 1 9 2 4 5 11 13 11
10 14 29 14 21 26 27 12 23 10 9 27 11 22 16 23 16 21 18 17
5 5 10 9 9 14 7 5 3 6 6 6 6 1 1 10 4 4 7 4
44 32 59 57 56 52 48 37 35 37 33 50 36 33 39 38 42 50 42 17
4 2 17 14 10 14 10 3 6 2 2 9 5 6 1 6 3 8 10 4
49 40 62 58 70 54 48 44 41 35 25 57 47 41 60 21 53 42 41 50
2 1 9 8 8 14 6 1 10 3 4 9 4 6 2 8 1 5 9 7
40 24 72 48 58 63 58 37 48 21 39 47 31 42 39 47 49 34 50 34
15 13 36 31 27 45 36 11 26 24 25 21 25 19 18 34 19 16 24 15
15 19 34 35 38 29 18 26 8 10 6 18 29 13 22 15 16 15 16 18
2 2 9 1 8 10 4 7 10 1 1 9 1 7 2 5 1 9 2 8
2 1 21 12 6 18 6 1 7 1 6 10 2 1 1 11 2 6 14 1
32 25 67 53 44 65 48 33 54 42 39 52 22 22 37 46 35 41 48 33
6 2 16 5 9 19 2 9 14 3 5 10 1 4 1 11 4 10 13 5
5 2 3 1 5 10 2 5 7 1 1 3 1 1 1 1 1 7 1 2
41 32 76 47 57 65 58 37 48 28 40 60 39 33 44 41 36 35 39 49
24 10 52 26 18 37 21 17 15 14 12 37 6 12 20 16 24 24 19 12
11 5 18 13 15 22 11 13 10 5 2 9 7 2 1 6 3 16 10 3
10 4 31 28 29 31 21 15 21 18 6 23 8 24 24 25 22 22 22 22
26 15 60 50 64 57 54 31 32 52 37 51 29 44 51 47 46 34 30 54
6 10 9 4 11 12 3 9 3 6 4 7 5 3 5 7 6 11 14 8
39 34 59 54 64 57 47 44 38 33 39 28 35 29 35 43 49 33 60 37
38 35 58 55 66 60 56 32 45 44 31 57 48 43 56 34 47 34 34 60
24 12 45 52 47 50 33 25 18 31 27 27 33 21 34 31 20 14 26 34
50 37 82 74 74 69 58 50 38 37 44 54 51 26 53 52 42 42 56 37
28 24 47 45 47 45 27 37 17 21 8 34 30 21 35 19 28 31 30 31
6 10 6 9 15 14 11 9 4 12 1 7 9 9 5 6 8 12 13 13
32 23 54 38 51 52 33 45 43 22 31 39 24 19 37 34 38 40 37 24
32 30 30 22 41 46 32 42 43 28 12 32 24 28 34 35 33 42 37 37
29 13 62 53 36 52 32 24 17 29 28 46 18 11 28 31 22 31 35 21
31 17 56 48 43 58 28 30 20 31 26 36 23 11 30 33 29 30 39 28
28 20 56 54 40 52 39 23 9 37 33 46 31 19 33 36 10 18 23 36
12 10 27 36 28 35 30 12 16 16 14 21 29 10 18 22 3 14 21 10
58 49 61 47 64 52 50 49 45 32 25 55 47 44 49 27 57 51 47 48
19 18 29 10 32 27 20 28 22 7 5 19 15 18 21 11 19 21 16 21
17 11 43 40 29 41 35 7 11 28 20 36 26 16 23 25 7 8 12 32
4 10 31 27 30 29 22 14 19 20 13 28 11 23 23 26 19 19 22 25
25 15 41 33 36 55 39 30 37 22 17 32 26 16 30 31 14 28 24 20
25 30 57 35 49 46 44 29 27 25 18 45 29 45 40 30 42 29 17 39
13 6 27 19 15 19 9 7 12 8 14 19 9 5 7 13 12 11 16 6
1 3 18 12 20 16 20 9 14 9 3 21 6 23 13 16 13 10 12 22
11 13 32 39 33 38 18 20 9 19 12 20 27 8 21 17 8 15 25 19
32 33 61 53 55 57 45 35 44 33 23 48 37 32 48 30 38 34 43 46
10 4 33 22 23 41 21 26 28 19 13 37 7 18 26 23 16 26 15 26
32 23 58 29 39 68 46 39 42 40 20 48 21 23 43 33 34 36 13 37
18 21 41 33 35 47 30 26 36 21 27 30 19 13 23 34 23 27 33 14
7 15 26 15 16 17 13 9 6 7 6 22 11 13 9 9 9 11 13 16
24 20 41 49 42 54 17 32 20 37 16 36 23 12 36 17 32 35 27 30
28 20 59 50 61 53 52 36 49 32 43 45 31 47 48 48 50 34 54 37
9 6 29 13 10 30 14 8 13 12 10 16 5 10 6 19 9 13 13 8
1 1 4 5 5 11 9 1 1 3 1 4 5 2 1 6 1 1 1 1
41 29 60 56 63 64 46 49 30 34 28 48 44 22 50 42 36 36 16 28
9 8 26 14 13 33 19 7 15 10 12 10 10 4 2 22 3 16 24 4
7 6 14 31 30 32 21 11 10 14 10 9 26 9 15 19 5 6 13 8
17 8 22 13 18 38 15 14 14 16 15 6 13 1 6 22 7 14 17 10
10 5 26 16 24 27 14 15 16 11 6 15 3 17 15 24 21 22 18 8
8 6 30 21 18 28 13 7 12 14 15 19 12 8 8 18 2 10 14 14
8 3 12 10 8 18 4 9 7 6 4 11 5 3 4 7 5 8 7 1
8 13 32 31 24 38 25 14 25 14 10 20 17 17 16 23 7 19 29 20
23 14 64 34 38 63 43 32 42 27 32 50 20 23 33 42 25 32 30 34
16 4 35 41 34 38 27 13 14 19 19 21 29 16 18 24 15 11 22 15
14 10 31 24 23 25 19 12 9 15 4 22 11 11 14 15 22 25 11 1
35 31 46 35 41 54 38 31 43 29 27 35 28 17 24 27 31 42 42 16
29 20 58 41 41 42 33 24 31 13 19 43 25 24 31 26 28 28 30 21
21 14 47 18 23 40 26 27 35 13 11 33 3 17 21 24 27 30 25 20
5 3 15 5 3 15 8 4 11 1 1 10 1 2 1 2 1 13 8 1
31 30 69 50 54 64 50 45 32 31 20 48 30 32 42 43 44 53 35 13
9 5 23 22 28 23 9 21 12 6 9 18 10 9 15 18 14 12 18 11
51 27 56 57 71 49 50 45 27 26 35 48 42 36 49 37 46 42 40 31
33 30 52 57 43 55 52 33 31 43 31 34 41 26 36 48 22 29 48 33
7 8 21 19 17 24 22 6 8 14 9 14 14 16 6 17 8 12 10 9
20 17 32 51 43 47 33 25 23 30 10 29 35 16 31 28 17 24 30 26
1 1 4 11 9 15 4 7 1 3 2 1 8 1 6 6 1 1 1 2
39 35 55 64 65 64 47 43 32 47 23 44 50 31 52 29 44 32 35 50
1 1 14 6 5 11 2 1 2 1 6 10 2 1 1 8 1 1 7 1
20 2 25 32 32 26 21 18 6 8 13 16 17 11 16 18 16 15 19 7
26 19 67 52 39 53 37 26 31 28 33 47 20 15 32 35 29 30 46 23
22 27 57 40 40 52 35 26 19 27 14 38 28 29 31 25 30 31 22 28
17 19 43 35 46 52 40 25 35 26 21 29 30 31 32 36 31 33 28 21
22 17 52 53 44 44 32 35 31 16 15 43 29 20 41 34 24 29 35 23
35 18 47 50 49 54 26 39 13 29 25 31 34 6 35 28 13 21 22 30
46 25 56 51 57 65 45 49 29 32 28 37 40 18 41 39 32 39 42 28
4 8 29 15 7 21 9 3 7 7 12 18 7 8 8 11 4 5 9 15
13 28 37 37 39 48 36 30 17 34 4 29 28 30 31 31 28 38 26 23
9 2 18 6 8 16 12 5 7 1 6 11 8 4 1 5 1 8 2 3
12 7 47 35 29 50 26 16 19 25 16 35 11 17 25 27 18 22 10 22
20 25 51 36 31 53 42 24 39 30 19 39 22 25 33 28 25 26 30 33
24 22 37 42 51 30 32 30 16 26 12 31 28 29 36 23 36 28 33 32
16 9 26 10 19 30 14 22 25 5 9 16 6 6 12 12 13 18 17 6
21 27 22 36 58 40 45 39 39 39 21 31 35 42 43 39 45 33 45 47
7 2 19 12 14 13 3 6 5 1 7 11 4 1 1 4 4 6 10 1
16 14 22 13 21 28 13 22 18 9 7 17 13 6 12 8 10 23 19 10
44 33 52 43 46 51 48 43 37 27 12 41 29 29 39 32 38 49 46 31
9 22 40 21 40 37 37 21 22 19 7 32 22 38 28 32 27 27 18 28
18 14 41 13 18 29 22 9 22 3 17 24 17 18 11 16 16 10 16 18
9 10 19 25 32 27 12 18 13 10 12 11 22 9 16 15 10 11 24 13
5 13 23 12 22 19 16 11 11 5 12 11 14 15 8 14 9 8 20 16
2 2 16 10 8 13 13 1 2 2 3 10 9 9 1 6 1 2 2 7
33 32 53 53 46 58 45 42 42 39 17 44 29 32 46 47 35 54 52 35
32 10 35 35 49 42 26 42 18 20 18 30 24 15 32 30 24 32 24 24
8 3 22 21 17 9 11 7 9 2 2 17 8 11 5 3 8 12 17 10
6 10 31 19 19 29 17 12 26 10 14 22 5 11 11 24 10 16 28 14
10 14 43 27 13 41 23 13 18 15 7 21 7 13 11 30 16 27 24 2
14 8 28 24 27 33 16 14 11 17 16 19 19 7 12 22 6 13 17 16
5 4 19 18 20 23 6 15 11 4 6 12 8 6 9 12 7 11 17 7
19 25 51 35 42 39 35 20 33 14 20 39 26 35 31 22 28 19 35 42
2 8 19 14 7 11 7 6 7 4 1 19 2 2 3 5 1 13 13 6
5 1 8 5 5 15 6 3 5 4 2 3 2 1 1 7 3 6 4 1
10 6 21 12 14 25 8 14 16 4 10 13 9 8 7 14 3 14 12 9
32 21 42 38 37 42 27 29 17 28 27 29 28 8 23 34 21 24 36 23
34 31 58 55 43 72 48 37 30 41 19 44 38 21 41 37 24 40 30 31
8 12 8 18 26 24 17 14 10 12 1 2 19 13 13 10 10 13 19 19
38 32 53 38 51 52 48 30 26 33 35 31 42 24 29 40 25 21 33 39
15 7 34 17 17 32 21 8 16 10 13 16 12 14 4 20 10 11 14 12
32 18 50 52 43 43 38 24 21 26 23 35 31 15 28 32 23 32 41 19
15 19 28 10 29 26 20 19 24 9 10 18 12 20 19 21 24 18 24 29
36 25 56 59 60 54 38 39 17 34 29 44 43 22 47 38 31 23 16 24
11 9 38 24 33 39 28 26 29 23 11 39 7 23 28 20 22 31 23 35
46 24 62 52 59 56 43 49 21 27 22 50 35 22 46 31 32 37 28 35
12 31 57 61 57 65 43 29 18 47 27 43 45 36 50 40 39 29 30 36
11 9 28 3 7 22 13 8 11 1 9 14 6 5 4 8 6 10 7 5
29 22 42 33 39 42 37 20 29 30 31 33 33 28 24 29 24 29 25 16
34 20 45 44 51 30 39 28 23 17 28 39 27 36 34 20 39 32 35 13
1 1 9 4 6 4 4 1 1 1 1 4 3 1 1 2 1 1 2 1
18 15 37 11 31 30 29 13 21 12 18 17 19 20 14 24 23 13 18 19
34 22 56 59 54 58 46 33 18 38 23 39 38 24 35 39 24 33 30 31
31 24 56 53 53 55 47 32 40 30 40 30 35 22 30 50 32 29 57 25
21 19 45 36 38 41 37 25 18 26 15 42 23 19 31 33 16 20 20 36
12 1 16 14 17 24 6 18 10 1 1 9 6 1 9 5 6 12 7 2
31 23 62 47 34 57 32 37 34 30 23 44 16 17 35 34 27 44 46 24
20 10 40 26 27 34 25 16 14 15 13 22 11 21 16 28 24 24 19 13
23 18 38 39 51 47 24 46 27 16 10 28 28 17 38 29 28 32 31 29
2 1 14 16 7 18 11 1 1 10 4 11 7 2 3 8 1 3 3 6
31 38 66 49 44 69 51 35 41 40 25 42 33 28 36 43 33 45 47 33
24 19 42 33 39 47 34 29 18 23 11 22 26 22 26 29 24 26 11 14
35 16 56 44 47 48 38 32 26 16 39 38 23 30 35 33 40 31 38 5
11 5 23 20 30 30 25 13 18 15 14 20 17 16 12 28 11 17 19 18
32 29 54 56 50 61 26 34 24 38 31 41 38 15 44 22 33 30 26 21
13 6 36 44 35 44 27 15 22 18 18 20 27 17 20 29 13 14 30 18
4 2 9 6 6 14 7 2 5 5 3 4 3 6 1 8 3 4 4 5
9 7 17 8 9 20 6 10 11 8 6 12 4 7 1 10 7 14 14 6
23 42 66 64 53 62 56 32 29 44 20 59 47 42 55 39 36 42 31 29
6 3 13 11 16 13 7 11 14 3 1 15 1 7 6 9 9 15 12 9
6 12 18 16 15 26 14 9 1 20 6 10 10 8 12 15 10 12 12 14
24 17 39 19 26 37 26 21 24 15 14 20 17 12 13 18 14 25 24 17
22 22 32 17 24 38 28 27 31 21 6 25 8 17 20 22 22 37 25 14
15 9 22 15 17 15 7 17 14 6 2 19 6 3 5 1 9 22 16 10
18 15 33 44 47 33 35 17 20 28 23 23 33 26 27 25 25 11 21 23
34 33 46 56 59 54 45 44 46 33 25 39 45 31 48 28 39 38 36 34
37 33 58 34 38 44 38 29 38 26 28 45 27 27 27 19 34 39 33 16
21 13 21 24 36 23 11 30 9 10 11 14 12 11 22 14 22 25 31 15
7 3 17 9 4 19 5 5 10 2 6 12 4 2 1 9 1 11 9 3
26 20 65 34 28 54 31 20 34 31 22 48 10 16 32 18 33 30 16 25
25 18 53 38 30 41 23 26 23 14 22 30 16 8 18 27 24 31 42 17
8 4 25 15 10 17 12 6 9 2 1 17 2 4 1 6 6 14 11 1
7 1 23 23 12 19 7 6 2 10 5 17 4 1 7 8 6 9 12 6
17 15 39 39 32 53 28 24 26 27 16 35 25 14 34 20 21 21 19 19
11 6 14 11 20 12 6 14 10 3 4 13 8 4 6 1 6 13 9 8
18 14 11 18 27 22 9 22 10 13 1 11 12 4 12 8 16 24 25 12
10 12 29 33 34 32 27 14 20 19 12 20 19 26 20 28 24 21 27 19
11 8 21 18 20 19 17 11 7 10 8 12 13 11 4 12 8 13 14 10
22 30 56 50 46 63 47 36 44 33 26 49 36 35 48 45 32 43 32 15
14 10 35 25 21 21 14 12 15 10 9 25 10 7 8 8 10 21 21 11
33 20 53 35 43 57 53 37 56 35 25 51 24 36 42 38 39 48 39 25
26 29 38 27 41 36 31 27 30 17 15 34 30 28 29 24 29 28 29 36
6 5 18 11 13 22 9 10 13 5 6 12 6 10 7 13 3 9 9 11
32 28 61 54 52 61 28 40 26 24 21 33 29 11 37 37 37 38 41 13
18 21 26 20 35 24 23 15 21 13 9 14 23 23 19 15 22 18 32 29
39 29 49 64 73 65 61 55 47 50 30 51 44 39 57 59 47 48 60 53
14 15 38 31 16 39 23 17 23 22 11 29 9 16 20 26 13 25 23 21
15 10 34 17 19 28 19 6 10 7 16 18 17 10 9 19 7 6 12 13
14 18 22 28 28 30 23 17 21 18 8 17 22 20 19 17 15 22 29 29
40 32 63 56 56 76 38 50 45 47 23 55 30 19 54 30 47 50 36 41
6 12 24 15 29 18 20 11 7 12 2 8 9 23 13 19 19 14 19 15
44 26 62 53 61 56 58 36 35 24 41 41 38 50 43 47 50 27 46 35
8 5 27 18 13 25 11 12 18 8 4 25 5 6 8 12 2 19 11 14
17 19 35 24 26 32 22 12 12 18 13 22 20 16 17 13 19 20 13 14
19 7 36 31 25 30 12 23 20 6 8 29 9 8 15 15 12 26 25 9
1 2 7 2 3 12 7 1 2 6 1 2 1 8 2 10 3 4 1 2
1 8 16 10 13 19 17 2 2 10 3 7 7 14 4 14 8 8 6 5
19 21 35 31 37 25 30 15 26 21 16 32 28 29 27 11 22 23 20 27
42 36 67 51 73 62 59 50 45 35 34 58 34 50 58 45 60 59 55 37
20 19 33 23 30 41 23 24 27 18 17 14 12 8 11 27 21 29 41 12
2 1 6 5 7 7 1 1 3 1 1 2 1 1 1 1 1 4 8 1
7 2 16 14 10 18 11 2 2 9 8 10 8 2 2 13 3 3 6 3
21 19 38 16 19 29 28 13 23 7 6 32 15 19 15 8 17 20 14 18
17 5 27 24 30 27 17 24 12 7 12 21 4 17 17 23 22 24 27 8
30 19 54 39 48 54 38 41 42 26 30 40 25 19 34 45 32 44 50 26
29 22 53 34 40 38 35 18 19 19 13 38 25 29 31 16 33 25 11 20
23 14 42 40 43 47 41 28 35 24 17 35 25 30 33 35 35 33 28 24
9 15 27 29 32 29 13 26 15 8 6 17 16 12 18 18 13 20 24 17
4 8 10 5 13 13 9 8 1 10 3 8 4 8 3 10 8 9 12 7
20 15 25 14 29 24 24 22 26 14 9 27 14 14 21 12 19 25 14 15
30 20 51 49 53 46 42 24 28 30 40 33 44 25 32 33 25 21 35 23
30 28 55 45 31 57 42 29 37 30 19 44 29 19 35 27 24 40 27 7
15 25 27 29 35 49 21 28 20 25 13 16 24 15 26 31 26 28 30 15
2 6 9 6 10 16 6 8 6 8 4 9 4 8 4 12 5 7 7 9
31 19 46 32 39 32 29 24 16 15 26 33 17 25 26 22 35 29 31 12
13 8 20 17 22 9 10 9 11 5 9 17 11 10 9 4 12 12 10 7
12 8 32 23 28 33 12 26 19 16 6 30 4 12 24 11 17 23 15 26
28 24 53 41 38 50 33 19 23 39 35 32 27 16 27 30 33 26 33 17
4 9 20 18 23 9 18 2 6 5 2 15 16 18 11 5 12 1 13 18
13 13 25 27 28 29 14 20 12 15 7 19 19 12 15 9 12 19 21 18
13 15 29 44 49 43 27 32 22 19 10 22 30 22 33 34 24 20 26 27
42 38 54 37 55 42 44 40 44 19 19 50 36 35 40 16 43 42 30 37
40 27 47 58 70 53 47 45 39 29 42 36 42 41 52 41 49 38 51 30
22 31 52 36 51 55 35 46 31 22 14 41 29 29 47 45 37 37 34 39
43 33 64 39 53 59 55 36 38 36 20 50 39 27 40 21 37 38 14 31
18 18 41 46 48 30 36 28 30 20 18 34 27 35 35 28 34 17 35 37
5 5 16 12 10 10 4 7 7 1 1 10 1 2 1 1 3 15 14 3
20 14 41 32 35 47 20 27 16 8 19 14 26 6 16 30 13 14 20 6
7 1 15 7 12 17 10 6 11 1 7 3 7 10 4 11 4 6 8 8
9 7 14 10 15 15 2 12 6 3 3 7 3 1 2 6 6 14 17 6
23 28 60 40 39 61 44 28 29 34 23 38 29 27 27 48 28 40 35 17
3 5 11 1 12 11 6 6 7 1 1 5 2 9 3 4 3 5 4 9
40 34 60 66 61 73 45 56 26 41 17 48 38 34 51 47 46 58 43 23
22 21 30 23 43 36 30 35 28 22 7 23 17 28 27 35 36 32 39 31
22 11 40 32 27 29 18 15 20 12 24 29 17 12 18 16 23 23 27 6
8 20 30 31 25 42 25 21 12 22 6 24 20 16 19 25 17 30 16 5
2 7 13 7 13 10 12 10 13 1 2 15 3 15 8 11 8 12 6 17
8 15 11 12 16 20 13 11 10 9 1 10 8 6 7 5 8 18 17 13
25 30 48 43 46 43 43 25 36 33 31 42 34 39 33 33 33 36 37 24
16 10 54 38 29 48 23 19 25 18 24 33 15 10 16 22 16 24 31 22
3 2 13 9 16 9 11 5 7 2 1 8 4 14 3 6 6 4 6 12
1 1 19 21 28 27 20 13 22 3 13 19 18 15 20 22 11 8 18 15
17 17 45 34 43 42 38 26 22 20 13 35 27 34 32 31 33 28 14 22
31 21 30 27 39 33 23 41 29 21 3 32 14 18 31 18 31 39 28 28
9 9 35 45 43 43 16 23 15 25 14 26 23 14 32 19 20 15 26 31
1 1 6 2 2 12 1 1 5 2 1 5 1 4 1 6 1 3 2 4
5 8 14 5 15 15 14 7 7 5 2 8 5 14 5 11 9 6 5 13
37 24 47 41 41 53 37 39 30 29 22 41 34 10 34 30 16 34 23 24
6 17 33 30 28 31 25 16 4 21 1 23 17 24 18 20 23 21 13 9
21 14 35 23 44 22 25 28 21 3 8 33 20 28 27 13 28 22 19 26
10 4 32 24 26 25 12 15 13 3 14 17 11 9 9 18 11 14 25 8
48 27 72 45 55 66 53 41 44 33 37 46 35 27 39 34 45 37 31 16
24 17 54 45 24 51 27 22 24 31 21 38 14 8 25 34 15 33 32 15
14 9 42 27 38 35 42 12 27 20 25 25 23 30 20 38 30 13 25 23
5 3 8 4 15 11 7 9 9 5 1 5 1 10 5 10 9 8 8 8
14 5 27 18 16 20 13 4 12 7 15 15 13 7 7 10 9 8 7 4
17 25 49 44 46 44 34 30 24 34 9 49 21 29 39 29 39 46 26 22
14 7 27 13 16 24 4 16 14 7 5 12 2 2 7 8 9 18 22 13
11 8 37 30 26 35 15 22 23 16 14 33 1 14 23 28 22 27 32 23
30 35 57 57 57 57 36 34 12 28 19 35 48 22 45 31 37 24 24 40
26 26 45 57 56 62 36 43 36 35 25 31 38 29 51 36 38 20 29 41
47 39 79 58 54 64 52 35 40 36 35 63 40 37 47 32 43 40 32 43
30 25 70 63 54 68 24 40 20 27 28 43 27 18 48 40 43 38 33 21
5 3 13 10 6 11 7 3 3 5 6 7 6 4 1 8 4 1 4 4
23 14 43 25 30 34 32 8 18 14 19 33 28 23 21 16 18 7 3 21
7 5 21 19 14 25 10 9 7 9 1 11 2 9 6 12 12 18 14 1
17 15 41 38 39 38 31 23 21 21 13 30 17 21 25 36 26 34 34 21
6 1 14 10 9 20 11 1 7 6 6 6 8 4 1 11 1 7 7 2
13 16 29 10 18 31 11 23 17 5 5 17 10 4 14 7 9 18 12 7
5 5 17 14 15 11 10 8 2 7 1 11 2 10 3 6 10 10 12 9
3 2 16 21 20 19 12 7 11 5 4 12 15 12 10 8 4 6 12 12
23 21 33 35 45 46 35 34 31 33 8 35 22 29 37 30 34 38 31 37
5 1 22 18 12 22 15 2 9 3 8 15 11 5 3 13 1 6 7 5
1 1 9 8 3 13 1 2 7 1 2 9 1 1 1 5 1 5 9 2
15 14 14 19 40 37 28 31 25 21 1 14 17 23 28 22 26 29 23 25
8 7 17 20 23 22 16 8 2 14 7 9 16 7 5 15 6 9 18 8
34 19 66 39 35 51 34 25 26 17 23 47 20 19 30 21 30 28 26 25
4 2 16 13 17 16 7 6 10 3 4 10 8 6 2 6 2 9 16 6
8 13 20 26 32 34 21 18 23 16 14 12 23 21 20 24 12 15 27 24
14 8 28 11 15 21 17 8 15 3 1 17 7 15 6 9 13 13 9 13
12 5 18 19 23 17 18 11 7 11 7 10 13 13 9 16 13 11 17 10
33 12 59 53 46 49 44 29 31 15 37 41 24 33 31 44 35 35 50 19
7 6 21 15 11 18 12 4 11 6 6 17 7 6 5 7 6 12 9 3
5 12 13 2 12 4 7 4 1 3 1 9 5 9 4 1 7 5 5 11
5 6 11 10 15 4 4 8 1 2 4 9 5 1 2 1 6 7 9 4
26 4 38 29 41 37 31 31 25 17 22 34 13 25 27 35 29 33 28 21
22 17 39 15 40 32 32 30 26 9 17 33 13 33 30 27 36 26 26 32
14 7 40 32 31 31 22 15 12 18 15 28 11 24 24 22 24 14 23 25
33 27 45 41 47 49 37 26 21 39 35 32 36 20 33 35 28 26 26 21
4 1 9 7 9 12 3 5 5 1 1 2 3 5 3 3 3 3 3 5
23 20 41 34 35 52 34 23 27 35 27 26 23 16 25 43 25 26 34 28
12 16 16 8 21 18 17 12 11 12 1 11 13 17 9 8 12 17 14 19
23 18 33 32 39 31 31 18 7 23 16 18 28 16 17 20 24 19 23 17
9 11 32 24 23 21 13 11 9 10 11 23 13 11 13 8 10 13 17 20
15 5 21 14 11 20 8 14 14 8 1 17 1 7 4 8 11 18 14 6
12 4 26 16 15 27 6 13 14 6 11 13 6 5 6 15 9 14 20 4
31 23 62 61 54 63 33 40 18 36 31 47 22 28 48 38 46 44 42 28
22 27 37 15 34 42 31 23 28 25 20 13 14 20 14 30 29 28 32 24
1 2 7 5 11 3 4 3 5 1 1 10 4 6 2 3 1 3 3 5
19 12 33 10 18 22 19 12 14 3 4 22 11 16 8 5 18 15 9 13
29 26 57 49 43 48 28 27 19 23 21 39 34 22 36 18 31 23 18 20
25 10 47 29 37 33 29 28 24 14 10 45 14 28 34 19 34 27 16 29
1 6 12 13 15 10 9 6 10 3 1 13 6 9 4 5 3 10 12 10
19 13 44 45 37 40 25 26 11 14 10 28 23 10 21 23 13 25 30 14
1 1 10 8 4 12 7 1 1 4 3 6 4 1 1 7 1 1 1 1
12 11 37 24 44 34 36 24 24 13 21 32 28 32 33 28 24 17 19 29
5 8 19 15 14 16 12 7 7 5 10 18 11 5 5 9 5 12 14 5
39 22 54 35 49 47 38 42 38 20 22 44 22 20 37 20 36 45 26 15
28 20 40 49 50 51 31 33 14 17 12 18 39 13 30 35 26 25 21 18
3 4 5 1 7 7 1 4 1 4 1 4 2 1 1 1 1 6 3 3
25 21 61 38 26 57 36 20 31 31 32 35 12 6 13 40 15 27 36 21
11 5 34 25 24 26 19 17 26 9 11 33 7 13 18 23 16 22 26 16
24 17 45 46 32 44 32 24 25 26 18 33 25 11 22 34 14 29 41 17
29 33 55 31 47 51 33 28 30 15 27 31 37 24 34 26 32 16 19 23
35 24 39 39 52 43 37 39 23 22 14 32 17 37 36 35 44 44 42 24
34 34 66 63 45 62 32 39 30 35 28 49 36 13 46 31 31 40 43 27
39 40 70 51 42 67 51 43 49 28 27 49 43 22 45 38 23 40 34 20
1 3 38 29 19 38 13 8 15 11 17 20 9 7 15 18 8 5 18 17
31 39 66 51 32 58 49 31 33 41 21 53 32 28 38 34 28 50 32 14
11 15 22 39 31 33 24 23 20 15 7 17 25 14 24 21 12 18 31 11
26 32 38 41 42 46 25 38 20 16 5 19 33 13 29 25 24 31 30 20
1 8 16 22 25 33 19 12 9 13 7 8 18 12 13 21 8 11 19 9
7 2 11 4 7 7 1 8 3 1 1 3 1 1 1 1 3 9 8 1
29 26 36 59 58 51 41 37 25 36 24 29 48 23 37 34 26 25 39 37
8 10 21 21 18 16 10 8 11 7 11 23 12 6 10 4 8 13 12 6
19 20 37 20 29 31 26 11 13 19 17 24 23 20 15 24 18 14 19 25
31 30 42 47 43 50 36 39 37 35 20 30 32 25 38 23 33 30 38 37
31 30 53 52 39 53 47 32 37 35 22 34 34 26 34 38 27 40 46 25
8 1 21 15 12 16 4 8 8 2 3 10 1 3 7 9 6 7 8 9
18 15 37 22 23 32 19 20 23 12 13 27 16 10 17 11 11 23 17 15
12 7 24 21 14 18 8 12 18 6 4 22 4 9 9 11 10 18 18 9
23 15 30 33 30 25 19 22 14 13 5 27 15 4 16 12 19 30 30 10
37 30 57 39 53 52 57 35 43 23 22 51 38 42 37 36 35 36 34 45
6 10 35 26 12 30 14 9 16 10 11 28 8 10 13 16 4 14 16 18
33 30 48 48 40 49 41 37 29 31 6 38 27 22 32 29 31 49 39 21
33 28 54 39 48 44 38 29 29 30 21 44 29 32 39 28 41 34 29 40
13 6 16 25 29 19 17 13 16 11 10 9 19 13 15 10 17 7 17 13
14 8 22 20 25 12 8 18 13 4 8 21 7 8 12 11 15 20 19 12
11 3 23 13 14 21 8 10 9 6 6 14 4 6 2 10 10 16 16 1
3 5 10 7 11 15 9 4 5 8 3 6 3 9 3 10 7 6 8 6
13 11 26 22 16 22 14 6 15 17 14 25 13 15 17 7 12 11 7 12
43 39 76 47 49 61 54 50 53 28 36 66 29 41 53 50 43 50 58 44
26 23 55 25 25 52 40 26 44 23 21 38 11 20 25 35 29 36 29 13
27 24 49 44 46 35 35 25 23 31 21 41 24 34 37 22 37 35 22 20
5 3 12 10 9 12 7 4 7 5 6 7 6 7 4 9 4 4 6 7
25 17 51 24 44 44 32 38 43 24 30 35 9 24 23 39 37 40 45 31
12 16 30 36 46 28 26 27 10 21 3 28 22 23 32 21 29 27 14 17
33 28 49 34 51 52 50 41 47 38 20 53 27 40 42 31 44 51 34 41
5 7 6 7 16 7 8 7 6 3 1 5 7 7 3 3 4 10 12 9
4 1 18 16 16 24 11 9 11 6 2 13 7 9 9 12 2 6 8 12
37 21 62 43 40 48 36 38 43 16 26 52 16 22 35 30 32 47 40 14
29 15 26 21 29 20 12 26 16 10 9 22 12 4 19 4 23 30 22 11
1 1 8 2 8 9 6 3 6 3 1 5 1 8 4 8 3 1 1 8
16 10 34 20 23 31 21 12 28 13 14 26 9 18 15 19 20 26 18 8
47 37 50 53 59 56 49 43 42 40 37 38 45 32 45 33 48 45 49 27
1 1 8 5 17 9 13 9 11 1 1 10 4 14 8 11 8 8 6 12
31 22 53 22 34 47 38 20 26 16 23 32 29 16 18 23 20 21 24 24
1 1 8 10 14 19 11 2 14 6 2 9 6 12 6 14 4 4 11 10
12 6 22 17 20 19 16 14 11 10 10 16 10 15 11 18 17 13 12 12
22 17 48 19 27 45 33 26 41 15 24 29 9 13 16 29 26 28 24 16
27 36 70 66 68 75 62 43 36 53 26 57 46 45 59 56 46 48 46 49
42 30 64 28 50 60 52 45 58 35 24 51 20 26 39 32 51 53 32 26
19 8 40 22 32 45 29 28 31 15 20 27 14 18 23 30 26 26 20 12
8 5 21 25 29 18 16 15 14 8 6 20 14 12 12 14 9 16 16 18
21 27 48 55 64 59 45 46 21 33 15 37 39 37 44 51 40 44 35 22
49 30 70 29 41 56 50 28 35 27 32 46 29 26 34 27 45 33 22 17
18 17 28 36 39 32 30 18 28 20 22 18 32 29 28 21 23 10 23 24
2 4 10 5 10 18 5 5 12 3 5 5 3 2 1 8 1 11 17 5
19 25 28 31 45 29 30 25 20 17 5 24 33 28 29 15 25 19 26 34
33 31 53 30 46 48 38 35 47 25 31 38 24 25 29 26 37 41 37 24
16 6 35 19 21 43 20 20 25 8 14 13 5 2 4 24 14 22 29 1
8 11 17 18 31 14 18 13 14 11 10 17 18 18 17 14 14 11 17 19
36 30 46 53 57 52 44 48 45 38 23 41 36 33 48 35 43 39 45 48
14 10 29 25 31 31 15 22 8 7 13 11 21 8 13 16 10 15 20 8
9 5 13 11 17 7 2 13 1 4 1 9 1 1 5 5 10 12 14 4
32 37 62 51 54 56 41 39 21 27 16 46 35 32 42 31 43 48 32 12
10 16 29 36 40 39 30 22 23 17 15 18 32 30 31 29 21 8 21 31
13 7 22 15 16 25 2 18 16 4 3 13 3 1 4 7 7 23 25 6
27 14 41 21 20 39 27 21 23 16 8 31 9 1 11 13 15 29 14 3
49 34 70 60 58 56 54 40 38 28 26 54 47 28 46 26 36 42 31 21
17 31 38 30 50 45 47 26 37 31 20 31 33 45 40 40 41 25 39 49
21 16 42 27 22 35 15 20 28 18 14 35 11 9 20 14 16 28 24 18
10 5 38 25 21 35 25 6 20 13 12 19 13 16 11 21 15 15 19 8
21 12 34 32 34 25 20 23 9 11 14 24 16 15 16 17 20 27 31 15
17 6 34 32 23 26 21 12 17 9 11 23 14 12 11 19 10 19 24 12
8 3 24 9 14 31 13 12 17 3 5 9 6 9 5 11 7 10 12 5
18 20 37 20 20 34 29 22 32 12 7 30 13 17 17 21 9 29 27 17
39 34 43 39 56 47 45 34 25 25 25 40 50 30 41 25 31 21 22 42
1 8 15 19 17 26 11 9 1 12 2 14 12 9 13 13 10 12 3 1
16 2 35 20 27 35 20 24 26 7 14 25 9 14 17 24 19 22 20 12
9 1 30 33 24 27 11 13 2 10 11 18 15 5 15 11 8 7 14 10
31 16 44 29 38 29 32 18 12 17 17 30 29 12 16 14 16 19 12 18
28 22 58 40 45 57 44 28 32 21 23 32 34 21 26 31 28 24 33 20
41 34 46 41 42 54 43 36 39 32 16 43 33 11 34 13 28 45 26 15
6 9 24 16 17 19 22 3 6 10 10 17 14 17 7 14 12 7 10 12
10 1 17 8 10 20 9 5 2 5 4 1 4 2 1 11 5 6 6 1
43 30 65 48 58 55 45 41 41 28 28 53 39 30 44 30 40 44 34 36
14 6 30 26 27 45 23 14 18 14 23 15 22 5 12 28 7 13 22 7
35 17 56 44 40 47 34 26 32 25 30 40 26 20 32 25 28 31 31 16
25 22 51 51 41 51 38 35 28 34 21 44 27 20 36 40 24 38 38 27
18 21 39 31 41 40 16 30 16 9 9 17 24 16 24 26 25 21 28 16
41 28 55 28 58 49 39 50 41 17 28 37 21 29 37 35 49 42 45 37
8 6 14 19 26 10 7 15 1 5 1 10 10 5 9 5 10 11 20 9
32 39 50 60 71 65 55 37 33 42 28 32 59 41 54 45 43 32 27 36
12 15 39 40 27 46 17 22 13 15 10 23 22 10 22 29 12 14 17 13
1 7 25 19 11 14 10 5 5 8 6 21 6 6 7 5 2 10 11 13
22 12 53 54 44 49 34 20 23 33 29 42 23 25 37 27 38 25 34 32
9 1 30 24 15 18 4 5 4 9 10 23 4 1 11 5 10 8 11 10
29 29 51 42 36 55 47 34 40 31 16 36 26 27 31 30 32 33 36 26
4 6 6 6 13 16 9 7 5 7 1 6 6 4 1 6 3 12 10 4
21 1 40 35 27 33 23 9 8 19 21 25 21 5 15 22 10 8 15 13
7 5 16 10 18 17 8 10 7 7 3 9 3 7 3 11 10 14 19 6
49 41 77 56 32 67 48 42 53 43 38 64 32 18 44 31 28 54 42 17
1 2 8 4 8 11 4 1 7 2 5 6 3 5 2 7 2 3 9 5
26 33 54 37 47 55 48 35 42 33 19 33 26 41 37 41 45 39 41 30
10 5 17 19 18 13 1 17 5 3 1 12 4 2 8 1 7 15 13 6
19 20 46 24 32 45 28 26 23 21 18 20 11 11 13 25 25 27 27 13
1 1 9 3 6 7 2 1 4 1 1 6 1 3 1 2 1 4 4 3
42 43 65 45 54 56 39 44 37 26 32 42 44 28 44 28 42 36 33 20
30 23 63 51 44 61 37 37 26 33 18 49 25 21 42 27 37 42 27 15
39 30 59 55 47 71 42 43 43 47 27 54 34 18 48 26 31 44 34 40
9 7 30 18 18 25 19 5 12 5 8 16 12 10 1 13 2 13 16 10
1 1 7 3 6 5 1 3 1 1 1 1 1 1 1 2 2 2 8 1
3 6 18 9 20 15 15 11 11 5 5 13 5 17 7 16 11 9 10 14
27 11 48 39 51 55 31 35 25 15 28 26 36 13 34 45 25 16 18 20
4 6 11 7 9 16 8 7 2 6 1 4 2 9 2 6 8 7 5 4
27 40 46 58 60 52 47 39 31 42 9 48 42 39 47 33 45 52 37 27
21 20 45 44 37 36 40 23 32 27 14 45 22 30 34 27 27 34 29 22
30 16 41 33 44 49 35 40 36 28 23 35 20 17 33 40 26 42 42 31
11 4 33 36 28 38 13 14 7 16 15 25 17 1 17 14 4 11 13 16
51 34 78 67 59 78 60 53 51 45 29 69 40 25 62 42 45 56 34 29
27 21 51 31 42 38 21 32 27 10 16 41 17 23 35 9 30 24 22 37
3 5 9 8 5 18 9 4 5 8 5 7 5 4 1 12 4 8 9 3
3 2 11 10 7 16 6 2 4 2 6 7 4 1 1 9 1 6 9 1
26 24 39 23 31 39 28 28 24 16 7 33 24 20 33 14 28 20 1 15
4 4 14 17 17 20 4 11 5 4 2 10 8 4 7 5 2 9 11 5
13 3 34 34 26 37 20 9 15 16 18 27 20 6 16 22 8 9 13 11
7 8 13 11 13 16 3 9 4 5 4 8 5 1 3 7 6 13 17 5
15 14 24 25 21 35 26 16 26 22 13 18 19 19 21 20 16 10 21 22
21 19 40 41 37 45 29 29 34 26 16 46 22 18 36 21 21 34 25 21
25 23 53 48 43 50 38 23 28 29 20 33 27 22 30 36 35 38 46 22
33 32 54 57 54 56 45 39 22 32 23 44 35 27 43 37 40 51 42 8
41 25 81 53 49 77 44 39 46 41 42 52 24 13 36 34 41 35 32 34
25 25 38 22 36 32 39 21 22 21 13 30 26 30 25 22 27 28 15 26
6 11 18 13 19 8 11 8 8 5 9 15 10 10 8 4 8 9 11 11
37 32 52 41 56 57 43 43 32 29 16 29 30 29 34 36 44 44 47 27
43 27 64 37 55 48 43 31 31 19 39 36 31 29 32 32 42 34 40 20
47 28 62 50 60 61 54 46 41 33 25 49 37 32 43 45 41 46 46 43
3 4 5 5 8 13 4 6 7 3 3 4 3 5 3 8 1 6 4 7
27 19 61 56 56 52 40 24 23 40 34 49 31 27 41 37 36 32 27 30
9 9 22 12 14 26 8 11 12 8 10 9 8 1 4 14 8 14 22 8
1 1 7 5 15 11 8 10 8 1 1 9 1 11 7 10 7 6 5 10
11 12 16 19 20 25 6 18 13 10 4 14 11 5 11 7 8 21 20 11
30 22 46 39 41 33 27 27 16 20 14 37 22 20 28 15 33 35 29 20
6 8 20 15 12 16 6 8 12 10 4 19 5 8 6 5 5 15 13 13
21 38 47 50 50 65 46 39 34 49 15 36 37 40 49 36 39 40 37 38
18 8 45 34 43 35 38 21 13 27 17 38 19 29 31 30 28 17 15 36
7 6 15 4 17 16 13 14 18 4 3 16 3 19 12 12 13 13 7 19
47 39 61 50 60 58 47 37 32 31 34 45 52 30 43 30 39 28 33 42
1 8 18 4 11 18 15 1 4 7 3 7 3 15 5 15 9 4 6 9
12 12 26 21 20 26 20 9 8 16 14 17 17 11 9 15 12 14 12 8
20 24 35 15 28 31 30 25 22 21 1 32 13 24 26 13 24 28 9 24
12 1 23 11 14 26 11 11 20 5 15 7 7 9 7 21 9 10 15 10
33 22 46 27 36 36 32 24 16 19 14 28 25 17 19 21 29 29 26 20
29 30 50 44 44 55 38 31 29 34 18 35 32 24 28 35 35 44 35 18
28 29 46 58 65 57 41 37 24 44 19 39 47 32 52 32 39 22 25 53
34 21 61 42 64 61 59 36 48 43 44 41 33 39 38 56 47 43 52 39
25 17 45 42 31 48 23 21 20 30 22 40 24 7 28 13 19 28 15 19
38 26 71 61 40 78 54 38 46 44 37 53 42 19 45 46 20 37 43 28
46 47 71 58 62 68 69 43 57 44 37 48 52 47 55 57 51 52 59 42
14 23 22 32 41 39 37 28 28 22 1 27 25 31 31 27 25 32 28 32
10 5 36 20 28 31 20 22 26 10 17 27 6 15 15 29 17 27 31 17
10 1 21 8 8 20 3 9 8 3 5 8 1 2 1 11 7 12 15 1
22 9 41 27 17 35 19 15 14 20 15 27 10 6 16 13 13 16 8 17
43 52 62 68 76 62 66 39 36 54 23 51 65 56 60 39 58 44 40 48
30 9 53 45 37 55 36 23 22 35 27 39 26 12 30 28 23 19 19 26
17 26 58 40 35 54 33 20 24 25 26 34 25 20 31 34 30 19 25 20
26 28 47 32 43 59 53 37 54 32 21 42 25 34 38 40 37 40 36 35
28 24 49 32 55 35 47 32 31 19 18 47 23 41 38 29 44 40 34 33
15 4 29 26 25 27 20 21 16 4 7 26 1 13 15 25 18 27 25 9
16 5 24 17 16 18 9 15 10 6 5 19 6 3 6 5 10 15 9 5
32 15 51 29 33 48 34 31 32 21 20 33 16 12 21 35 19 34 32 19
1 1 5 4 9 5 3 1 1 1 1 5 1 1 1 1 1 3 8 1
24 22 55 29 30 43 36 26 33 22 11 46 12 29 31 26 34 37 23 28
1 4 7 7 15 5 2 10 1 1 1 1 3 2 2 1 2 3 5 3
27 26 31 39 45 41 37 21 25 33 27 19 39 25 28 23 30 24 33 20
38 25 64 49 49 56 58 34 36 29 17 51 35 32 41 37 35 39 23 26
2 3 14 6 7 18 8 2 4 5 8 4 4 1 1 13 1 5 10 3
32 25 59 46 43 55 36 26 26 38 32 37 28 15 26 37 33 29 42 31
3 8 7 11 17 8 7 8 4 8 1 10 8 7 9 3 3 8 10 16
21 19 59 49 53 67 36 39 33 29 25 43 33 25 44 42 27 29 26 38
17 9 45 42 40 41 30 23 30 13 24 27 19 13 21 35 23 22 42 15
39 33 60 29 53 55 51 49 55 34 21 61 27 33 49 19 47 51 20 39
16 16 50 29 23 45 30 24 28 19 7 35 9 24 22 29 27 34 19 16
63 40 74 63 61 57 64 50 47 32 31 65 44 35 53 38 45 60 49 29
6 3 12 5 6 10 3 4 8 1 1 8 1 7 2 3 3 6 5 7
2 5 14 8 18 15 7 11 12 1 1 11 3 8 6 8 4 13 15 11
2 4 16 10 14 9 6 8 4 1 5 10 4 7 4 8 5 4 7 9
1 1 12 7 8 22 11 5 17 4 3 14 1 11 6 19 7 12 10 9
13 12 32 18 16 28 16 12 7 12 1 18 8 11 9 10 13 18 14 14
3 6 19 17 26 23 16 16 11 7 4 16 11 14 15 15 8 12 10 20
32 22 42 40 41 46 33 24 27 31 24 32 30 19 26 28 27 34 27 21
7 3 14 11 14 10 9 1 5 3 9 13 10 6 5 3 6 5 5 1
21 20 43 37 33 49 35 28 22 17 8 27 25 16 19 25 15 26 21 14
20 16 34 36 34 40 27 24 27 14 14 22 26 13 20 19 18 27 34 18
22 25 53 25 27 57 43 34 45 30 13 48 11 29 35 39 32 46 24 20
25 19 52 27 27 49 33 19 35 20 25 26 12 15 14 32 28 34 32 5
13 18 33 33 32 38 37 10 20 26 20 20 27 26 18 29 20 19 25 21
15 4 23 17 20 18 7 18 15 5 5 19 5 7 9 9 11 16 12 11
3 3 8 5 8 13 6 1 10 1 6 7 5 6 3 8 1 6 10 6
25 14 49 48 30 37 26 19 27 22 20 42 22 14 29 21 17 28 33 16
24 25 50 31 45 41 39 26 38 14 20 50 29 36 37 16 30 29 20 30
10 13 42 27 25 47 28 20 28 23 10 34 13 23 27 27 19 27 15 17
17 12 37 46 43 27 18 24 13 7 12 26 29 14 29 17 21 16 20 11
31 34 63 42 55 69 62 37 38 45 17 45 40 39 48 42 45 36 20 35
3 4 15 8 9 15 13 3 1 9 6 8 7 9 3 12 8 4 4 3
34 35 38 40 33 55 43 36 33 35 11 30 30 20 29 35 26 49 39 17
11 8 29 14 17 17 12 11 10 3 8 17 8 10 6 9 8 10 9 14
18 18 31 15 19 42 18 31 32 10 2 26 6 6 23 13 11 29 15 11
26 14 33 39 40 39 26 21 10 24 21 27 34 5 22 18 12 17 12 14
26 6 36 35 33 39 21 31 13 12 13 28 8 19 26 23 27 30 22 5
33 27 55 38 41 55 45 26 32 36 47 31 21 21 16 46 31 24 33 23
39 22 60 48 59 63 53 34 22 33 37 30 38 29 35 51 31 21 34 30
56 49 67 41 63 61 51 51 54 29 31 54 44 37 52 20 55 48 41 39
11 13 33 31 24 35 29 15 27 9 9 24 22 19 17 20 8 18 24 17
1 2 11 1 6 8 4 2 8 1 1 7 1 7 1 2 1 5 2 7
20 14 38 21 24 28 24 12 12 10 11 23 17 19 13 16 22 16 15 15
8 15 34 14 21 28 16 12 13 17 18 17 5 7 9 18 14 11 23 18
33 8 45 45 46 43 30 39 22 6 24 31 20 26 30 28 26 31 28 12
54 51 69 66 74 58 44 53 33 25 24 49 58 28 55 29 54 50 38 34
18 22 57 43 34 61 44 21 38 33 25 34 24 27 27 46 24 33 38 22
30 14 69 55 53 54 47 35 44 23 39 57 19 30 45 46 41 42 52 25
20 14 32 20 22 36 19 23 21 17 9 20 12 9 12 17 16 26 22 14
2 19 29 21 25 29 24 13 7 19 6 18 14 24 12 23 18 20 18 10
1 1 8 15 15 19 11 3 6 3 3 5 12 6 6 9 2 3 10 5
31 19 31 31 38 31 23 29 9 17 14 18 22 13 21 19 25 28 27 19
16 9 37 40 22 34 16 18 18 18 10 34 13 4 22 9 10 22 21 15
35 22 46 48 44 52 28 37 21 28 25 32 35 12 29 31 19 29 35 28
36 25 53 63 52 62 53 43 33 34 29 40 36 34 45 51 30 45 52 19
18 16 37 34 29 31 23 21 24 17 4 28 14 19 20 14 14 27 29 27
18 15 38 22 27 30 31 12 21 11 9 30 16 22 14 24 18 18 16 21
27 16 43 33 33 38 36 20 10 26 23 31 28 16 16 27 12 18 13 21
3 6 18 10 11 13 8 5 4 1 1 11 3 6 1 4 5 8 11 4
33 22 70 63 53 70 41 31 30 35 38 46 30 18 40 41 37 40 41 17
18 22 42 40 43 57 30 30 32 30 26 26 29 20 35 26 26 22 36 37
44 25 59 40 49 61 48 42 34 37 27 41 28 21 34 39 24 34 29 31
20 17 39 25 34 19 27 12 10 4 15 26 26 22 19 8 23 7 13 18
32 22 52 32 40 54 38 37 20 19 14 33 17 28 36 31 40 38 24 9
29 24 38 48 54 48 42 33 11 34 30 23 43 26 33 37 17 15 27 34
5 1 17 13 9 18 10 1 5 6 10 14 9 1 3 12 4 6 9 3
37 42 58 65 61 66 34 53 29 31 16 40 41 24 52 50 48 49 48 27
25 19 36 39 39 45 25 32 34 16 13 29 26 13 25 22 19 33 40 22
5 9 19 21 25 32 10 19 15 8 9 16 16 11 19 23 12 9 12 11
3 6 16 11 10 22 15 4 4 11 6 9 6 9 3 16 6 9 8 4
22 23 46 32 39 46 38 38 18 23 3 34 19 29 35 29 38 38 15 11
53 30 63 63 58 76 58 53 44 43 29 51 37 21 50 47 39 53 53 30
41 33 58 61 65 67 46 43 40 40 35 33 47 26 43 42 44 38 50 30
2 6 16 9 8 11 4 5 1 3 5 10 4 3 2 5 1 5 7 6
36 19 63 51 48 64 43 36 22 30 31 41 31 17 30 43 24 35 32 18
7 15 30 19 16 34 23 13 20 14 10 19 10 13 9 25 9 20 29 12
23 29 62 37 46 63 52 35 41 37 28 40 21 33 24 54 37 46 37 28
9 3 15 5 8 16 4 7 7 4 4 6 1 5 1 7 5 8 8 3
15 8 34 23 18 20 17 11 13 4 8 23 11 7 6 4 9 17 10 7
27 28 51 42 33 54 54 35 51 30 23 45 32 35 38 43 26 36 39 32
7 3 23 13 8 20 9 7 15 6 2 21 3 6 4 5 1 15 10 9
11 8 29 31 28 24 27 11 8 17 12 17 21 19 11 19 16 11 18 14
6 12 20 26 28 20 1 23 8 7 1 16 14 5 18 9 10 12 15 13
8 7 6 5 11 17 6 10 8 8 1 7 4 1 2 2 4 17 12 5
17 15 28 28 30 30 18 18 21 18 15 29 19 17 24 11 17 19 12 13
6 1 16 13 18 10 5 9 6 1 4 11 1 5 6 11 9 7 15 6
21 31 37 34 38 45 42 34 31 28 13 36 28 27 36 36 27 39 35 27
44 36 75 46 59 58 61 25 36 38 46 42 37 35 28 43 48 33 39 26
27 14 40 31 51 50 42 30 31 32 30 19 25 20 23 48 32 27 38 30
19 18 29 39 39 51 45 24 36 30 22 24 32 29 30 45 20 23 32 27
12 7 20 9 15 28 18 12 23 10 7 12 9 14 11 15 7 14 15 12
15 10 26 31 33 24 15 27 12 6 4 20 14 8 19 13 15 25 26 12
4 1 30 27 18 35 19 3 18 12 15 13 11 5 8 22 8 6 25 11
29 25 57 37 42 67 41 34 37 41 29 34 19 15 31 37 31 34 30 28
20 16 36 32 35 22 21 16 14 14 15 27 20 15 18 9 21 26 31 8
31 22 48 40 43 27 38 18 17 23 20 40 28 34 32 15 37 24 22 22
7 5 13 13 14 7 3 9 3 2 2 12 3 1 2 2 6 10 11 4
30 14 80 56 61 68 54 34 28 43 40 66 24 38 53 55 48 39 34 44
19 21 43 20 27 36 27 15 23 12 16 22 17 17 14 25 19 19 30 21
30 33 59 65 68 73 48 52 42 32 25 34 38 38 55 58 50 45 58 32
18 14 48 29 27 36 26 21 33 7 15 34 13 15 17 20 16 26 26 15
20 28 51 39 33 56 50 31 40 33 10 47 24 38 39 43 28 43 29 28
10 14 24 13 15 12 12 9 8 1 1 18 5 10 5 5 11 16 18 11
7 1 14 9 7 21 13 4 9 9 6 9 7 8 1 12 5 10 7 5
4 5 11 13 14 13 9 7 1 10 1 11 4 6 4 7 8 8 9 7
27 22 46 41 42 46 35 22 19 30 14 34 31 21 29 19 27 24 27 35
20 11 48 47 46 52 34 30 26 27 27 43 28 18 31 38 15 25 28 33
11 10 19 9 17 14 11 7 13 6 11 14 10 11 9 5 7 12 8 9
31 16 61 46 47 48 37 23 20 31 24 43 25 29 36 22 36 27 22 36
7 7 11 5 10 17 6 7 6 6 7 6 6 1 2 10 2 10 11 7
33 27 45 47 51 52 50 33 35 40 25 30 40 35 35 38 32 27 35 45
19 18 40 37 42 32 34 25 20 25 7 33 25 32 29 26 33 33 21 13
27 11 48 21 28 39 26 20 26 14 26 22 14 9 12 26 19 19 22 11
13 5 33 33 25 26 11 16 19 12 10 34 8 8 21 12 16 20 17 17
20 10 41 41 32 36 30 14 18 22 18 27 24 18 24 15 21 14 16 19
17 14 33 18 30 46 23 31 34 14 17 18 9 9 14 28 18 28 29 17
52 40 58 50 66 71 61 60 41 45 20 49 34 41 54 53 59 66 46 31
51 41 63 46 50 72 53 47 54 41 31 45 35 12 35 43 40 52 49 26
39 24 68 65 64 64 46 48 36 31 34 56 42 21 50 48 29 41 37 27
26 21 49 47 46 49 36 37 38 16 20 33 24 29 33 35 27 34 49 28
32 26 58 44 59 60 58 36 46 40 32 42 30 35 38 53 44 47 52 33
17 21 42 29 28 33 29 11 23 27 25 32 21 28 25 21 24 19 20 15
17 17 18 14 30 30 27 22 19 20 5 17 17 22 18 24 22 23 16 27
7 1 25 24 16 17 13 4 10 2 6 20 9 5 5 9 6 11 17 7
4 7 18 6 10 11 7 3 4 4 1 11 1 10 5 3 5 3 2 14
12 4 20 15 24 21 12 17 20 6 8 13 8 15 11 16 13 17 19 13
41 32 64 67 68 79 46 50 43 40 36 29 45 19 41 55 41 35 55 35
21 19 43 38 25 29 22 20 15 17 9 33 18 6 19 12 14 28 27 14
31 28 48 26 43 39 33 21 27 20 29 21 28 18 21 22 32 24 31 21
1 7 14 7 15 14 14 11 7 6 1 10 1 16 6 15 12 9 6 14
15 13 39 33 29 53 25 21 19 13 17 19 27 12 21 32 17 19 17 3
37 13 54 35 35 48 39 27 29 24 19 43 13 16 29 28 34 39 18 8
2 8 13 11 10 19 13 7 13 9 1 11 1 10 8 16 9 15 12 6
8 4 24 16 13 22 12 6 8 9 8 13 8 9 6 13 6 7 12 10
25 27 50 18 24 47 33 24 28 29 10 39 10 20 31 18 29 29 11 31
1 4 5 4 13 9 2 7 1 2 1 2 4 1 1 1 1 4 5 4
1 3 14 19 22 22 11 12 5 6 1 11 13 11 13 15 8 4 3 5
2 1 13 8 11 14 7 5 11 4 2 11 1 8 4 10 6 8 12 7
22 7 45 34 28 31 25 12 16 8 24 29 16 12 16 20 20 23 28 1
19 23 50 43 39 48 37 24 25 20 10 32 28 23 27 28 21 30 29 16
24 16 35 33 36 24 30 19 26 19 25 34 26 23 25 20 27 23 17 13
33 43 43 45 58 53 52 30 43 40 31 32 52 45 45 33 46 28 48 41
38 26 74 59 52 75 51 35 35 37 44 47 41 17 34 46 23 28 31 25
44 36 54 55 59 48 46 39 27 45 43 53 48 31 48 37 29 30 22 38
14 7 40 27 28 38 30 11 27 12 24 28 16 10 11 34 11 17 26 13
5 6 22 18 9 17 16 2 9 9 5 23 7 7 6 10 6 11 10 2
36 30 50 54 62 47 54 30 28 35 24 43 47 33 40 39 36 28 38 43
32 30 66 55 52 75 47 36 42 29 30 40 41 27 45 57 39 38 28 15
19 15 41 29 29 45 32 20 14 24 8 24 17 16 16 29 20 32 17 5
12 6 28 24 27 28 17 26 20 4 1 23 4 13 15 18 15 27 20 14
44 22 70 53 47 61 43 41 43 39 26 63 23 15 45 29 35 45 28 36
9 8 20 17 14 20 8 7 10 6 10 15 11 1 6 9 5 14 16 8
8 10 28 18 21 28 15 12 11 9 17 12 14 9 8 20 6 8 18 12
8 8 19 20 22 17 9 14 8 4 5 15 10 5 5 7 8 16 21 8
35 29 46 43 51 51 34 40 38 31 29 28 21 19 19 39 36 38 51 32
41 35 46 34 59 46 46 52 47 34 15 39 31 30 47 25 48 40 34 42
7 9 24 13 11 18 15 1 6 9 6 16 10 13 10 10 7 3 4 18
35 22 70 52 48 66 54 31 37 34 30 45 28 40 41 49 44 38 40 28
16 6 28 21 25 26 16 17 16 8 9 16 9 17 11 16 17 19 23 13
41 36 65 52 58 70 51 45 45 39 24 41 36 32 41 39 46 45 53 44
17 15 37 28 16 31 17 19 25 12 10 28 11 7 12 18 5 27 31 11
3 9 11 17 22 15 17 7 12 11 7 9 15 17 11 11 11 7 19 14
13 6 40 39 38 45 36 12 23 19 20 23 28 25 21 34 19 14 23 20
13 14 18 17 21 27 17 16 19 11 4 15 14 10 11 13 7 24 22 16
4 10 16 3 14 9 8 4 1 2 3 8 6 8 2 4 6 4 8 10
18 13 31 30 36 36 13 28 21 11 13 17 17 1 15 17 19 26 37 9
1 4 4 4 9 10 4 3 3 2 1 5 2 1 1 3 1 8 7 2
22 20 44 31 41 44 22 37 28 18 14 35 21 19 37 20 28 27 25 35
15 12 35 19 22 23 12 18 17 4 5 23 7 14 10 10 13 20 20 18
9 12 15 12 20 10 8 8 8 8 10 15 13 6 10 4 9 12 14 10
4 5 9 9 11 8 6 5 6 3 2 12 6 5 2 1 1 8 6 8
8 13 21 9 16 28 15 12 14 14 1 12 5 15 10 16 11 23 13 12
7 10 18 7 11 13 10 7 6 4 5 10 6 11 4 8 9 8 11 11
4 1 29 25 23 32 29 1 21 14 19 19 19 19 11 31 11 6 20 14
32 28 65 61 41 64 38 37 18 41 22 50 30 15 39 43 30 48 38 13
37 23 63 36 40 59 50 42 51 22 25 40 19 20 27 42 33 43 41 21
36 35 62 52 45 61 52 31 45 37 29 42 38 29 36 36 39 41 49 31
14 1 39 34 29 37 25 11 20 21 22 41 17 13 25 24 14 16 11 27
22 15 44 25 39 45 39 31 49 22 21 42 17 27 34 29 33 33 31 30
36 32 62 47 53 59 37 46 32 14 16 38 31 21 42 39 40 43 28 20
24 23 45 20 33 35 26 21 27 15 18 23 11 16 12 24 29 26 38 21
31 12 50 27 37 49 43 28 40 23 25 33 23 21 27 37 25 27 26 25
43 35 69 31 53 68 64 42 64 40 34 51 30 32 41 37 48 50 32 34
4 3 19 15 15 14 7 3 8 2 8 15 8 3 3 5 2 7 13 5
32 13 48 43 47 39 30 39 28 9 18 42 16 22 32 22 31 42 31 16
4 3 8 5 11 8 7 5 1 6 1 3 3 6 1 5 7 4 6 2
16 8 27 11 13 31 17 14 20 11 10 19 7 7 8 15 13 19 14 6
25 14 41 35 28 31 19 21 17 14 12 27 16 4 15 18 15 29 29 10
27 18 56 40 38 54 29 33 45 30 33 56 19 22 40 24 33 37 29 40
7 7 16 9 18 14 6 10 6 3 7 5 8 4 2 9 7 11 20 8
2 4 25 18 15 19 9 9 14 7 10 23 6 9 11 17 6 11 13 16
26 28 41 43 44 40 30 37 30 26 9 38 26 25 32 29 31 37 41 35
3 2 12 9 5 13 5 1 4 3 4 11 3 2 3 7 1 5 6 5
19 23 45 32 39 37 40 16 34 19 25 34 28 31 25 28 26 26 33 22
1 4 12 9 8 10 5 3 7 1 4 11 3 5 3 7 3 6 9 6
15 8 24 22 34 27 29 18 17 19 14 25 22 20 18 27 11 18 15 25
1 2 5 6 6 6 2 1 6 1 1 8 1 2 1 1 1 6 4 5
4 5 12 11 13 11 7 10 10 8 3 14 1 11 8 12 10 9 11 12
6 11 23 17 18 14 11 10 4 7 7 19 10 10 8 8 9 8 12 12
31 19 37 41 48 43 30 34 21 22 16 24 35 12 31 21 26 27 25 15
23 16 39 17 22 25 23 18 19 6 6 29 12 13 12 7 19 25 18 12
5 5 11 3 12 11 10 6 10 4 1 9 2 14 6 8 9 5 3 13
37 23 67 56 53 54 31 40 32 34 44 51 27 24 47 31 47 38 48 44
27 33 64 58 36 54 50 23 40 32 37 48 43 29 40 36 22 30 46 24
17 13 38 28 33 48 25 23 16 20 27 10 17 5 9 37 19 12 25 5
1 2 8 9 11 8 10 1 6 2 2 7 8 8 3 6 2 4 9 7
39 32 59 51 51 44 41 34 32 23 18 51 34 28 43 15 38 37 40 41
5 1 4 4 5 13 1 4 6 3 1 2 1 2 1 4 3 4 3 3
2 7 14 10 10 17 7 9 8 6 5 9 5 8 5 12 2 9 12 11
30 18 55 30 36 37 35 16 32 12 20 40 25 29 22 18 29 24 23 21
28 21 47 45 45 48 39 31 27 26 13 30 24 26 30 36 30 38 41 29
35 31 65 54 33 63 42 38 53 37 38 64 31 27 47 38 25 48 40 29
9 9 17 13 18 19 15 11 14 10 2 14 11 12 7 8 5 18 19 13
1 2 10 7 10 5 5 2 1 1 1 6 3 5 1 3 1 1 6 4
27 22 38 25 41 48 30 33 28 23 19 13 19 16 16 32 30 28 36 23
9 1 20 12 10 20 7 8 10 3 4 12 4 2 1 8 5 13 11 2
12 7 23 12 20 24 10 15 16 9 12 12 4 8 7 19 15 17 25 9
30 15 64 46 39 60 37 23 36 30 33 38 17 13 23 38 29 33 31 15
16 17 37 29 26 35 28 24 28 10 11 26 16 17 17 27 12 27 30 16
42 29 57 46 59 42 43 38 30 22 20 49 37 34 45 18 41 38 29 35
32 24 53 60 77 56 52 53 43 38 35 45 45 44 55 48 48 41 52 49
15 9 27 18 22 30 14 19 19 11 10 17 10 9 7 18 12 22 23 12
3 4 20 16 17 15 11 7 11 4 9 20 9 9 10 13 6 8 10 13
13 8 31 30 30 37 20 18 21 11 10 12 16 11 13 23 13 21 35 14
41 45 67 58 68 68 55 46 48 25 35 42 55 43 51 39 48 33 49 40
5 8 9 9 13 15 6 11 3 10 3 6 3 5 4 10 10 12 15 6
9 6 32 31 23 33 18 16 16 5 7 18 15 10 9 16 5 17 23 8
32 24 50 39 59 61 49 57 49 34 15 46 22 38 51 42 45 56 45 34
28 29 52 42 49 60 39 43 32 30 16 40 29 23 46 35 37 35 15 23
9 9 34 23 20 38 9 17 21 14 14 23 9 7 17 12 7 18 22 20
31 10 51 43 42 39 28 27 25 17 29 44 17 21 31 32 30 33 29 18
6 3 13 18 17 14 10 8 9 5 5 14 15 9 9 4 3 8 8 7
11 15 21 12 29 17 20 18 18 5 2 22 13 23 16 12 15 21 17 26
10 9 30 33 26 28 3 21 4 10 8 21 15 4 21 11 12 10 14 11
7 11 29 24 21 36 23 12 5 14 9 16 20 16 16 21 14 14 5 4
12 12 41 18 14 41 18 14 24 21 16 28 3 9 15 19 16 22 20 15
1 1 5 5 8 7 5 1 2 1 1 4 3 1 1 1 1 3 4 1
31 44 58 68 75 59 53 50 38 42 21 51 51 49 60 43 54 52 41 31
16 20 29 32 38 33 34 20 23 19 9 18 24 28 21 23 25 23 32 27
10 4 28 34 26 32 11 19 12 6 2 19 13 7 17 15 10 16 16 8
39 42 50 35 57 50 54 43 43 42 12 42 34 39 49 26 52 41 32 50
7 7 42 28 22 34 14 7 15 17 28 31 12 6 18 18 15 9 20 18
26 21 28 43 48 52 32 32 24 30 13 15 33 21 30 34 31 33 43 23
42 31 61 32 51 52 50 32 32 22 27 34 32 31 35 29 47 34 36 27
44 46 55 54 55 60 47 53 42 30 9 44 48 29 47 33 37 49 48 35
31 33 58 61 44 43 31 47 33 29 23 54 33 21 52 29 28 42 38 31
28 40 56 56 51 57 53 25 37 35 22 48 48 41 51 30 35 30 28 33
12 5 22 18 14 16 8 9 8 3 9 15 9 3 4 8 9 14 14 3
1 1 8 7 3 12 4 1 1 3 1 4 1 2 1 7 1 1 1 1
33 27 57 49 48 59 38 28 33 41 29 38 32 23 32 38 33 32 45 42
33 32 40 43 59 40 41 37 37 25 8 38 36 38 40 30 42 40 47 44
1 1 6 1 1 13 4 1 3 4 1 3 1 5 1 5 2 5 3 1
20 7 44 17 33 41 29 28 30 14 20 25 8 18 15 35 26 30 31 18
16 20 28 18 34 26 22 17 15 6 8 16 26 20 19 9 16 14 21 25
4 5 12 7 13 7 8 7 10 1 1 12 4 12 7 8 7 6 8 12
27 22 38 16 29 27 32 19 26 16 10 35 17 24 23 9 28 24 8 15
8 2 14 11 24 25 20 13 10 12 13 14 11 8 12 26 5 8 8 16
39 40 66 62 63 69 51 44 29 36 20 50 43 39 53 35 48 46 41 42
7 6 16 14 14 14 6 10 9 5 1 13 1 4 1 6 7 14 15 6
28 28 51 46 34 51 51 27 39 29 18 39 33 29 33 31 29 32 31 23
11 24 40 20 33 39 29 11 15 26 14 22 17 26 25 25 27 16 20 29
2 9 12 5 9 11 5 7 4 3 2 7 2 5 2 5 3 11 14 8
16 12 18 16 21 20 9 18 13 7 1 13 8 2 7 6 12 26 24 9
4 4 20 14 6 15 1 5 10 8 3 19 1 5 8 1 1 11 7 14
18 19 27 13 29 24 20 19 14 6 5 21 20 19 15 6 15 14 11 20
1 2 8 5 5 6 1 2 3 1 1 5 1 1 1 1 1 6 8 2
8 11 19 31 38 24 23 20 18 15 11 25 26 19 29 18 16 14 17 28
12 12 17 13 17 12 8 12 2 6 1 5 8 5 5 3 12 13 13 12
15 16 26 18 21 21 19 17 19 8 1 20 11 14 8 8 10 25 23 16
18 35 56 31 33 59 39 34 28 31 11 41 23 31 32 33 32 42 26 17
12 18 24 30 41 37 18 26 18 16 14 6 28 15 24 23 21 15 34 20
8 10 33 18 21 28 11 13 18 13 16 16 5 5 10 18 12 14 28 16
19 16 46 55 50 41 31 26 22 28 29 32 32 27 40 28 31 14 33 34
24 20 52 57 46 65 47 34 39 32 28 32 40 26 39 52 19 22 38 30
40 43 51 49 54 58 51 46 47 39 14 49 38 37 48 33 44 57 38 30
1 3 12 7 4 4 2 1 1 1 2 12 2 3 1 1 1 4 3 2
15 17 28 40 43 42 33 32 33 20 10 23 25 28 29 30 23 27 35 26
9 1 24 14 11 26 13 4 17 2 10 12 8 4 1 14 1 11 15 4
19 16 41 28 39 32 34 18 36 15 28 28 18 25 20 26 28 21 28 20
21 14 37 35 33 40 23 20 18 26 15 25 19 13 19 25 20 26 31 23
13 4 23 17 14 34 11 15 13 6 12 11 13 4 9 15 4 11 10 3
5 9 18 9 10 15 7 8 5 5 7 8 6 5 3 10 5 11 17 8
4 5 22 9 23 20 22 14 20 11 8 24 6 23 15 19 19 16 13 21
4 2 7 3 2 13 4 3 5 6 1 7 1 5 1 6 3 6 3 2
5 4 22 20 31 24 21 15 24 10 14 25 15 20 20 22 15 14 21 19
16 18 32 23 19 25 16 13 17 15 18 21 18 11 16 15 14 18 22 21
6 8 16 12 13 15 6 11 17 2 2 17 2 6 6 9 4 17 16 9
27 30 48 37 29 59 28 40 32 15 10 31 26 4 30 30 16 34 25 9
9 6 14 5 10 14 7 13 15 1 1 14 1 7 6 6 4 13 4 10
17 9 39 30 23 40 9 24 16 12 15 21 15 1 17 13 12 20 24 14
34 43 73 56 49 69 58 37 28 40 25 56 50 33 45 46 33 43 31 22
29 31 59 42 33 63 45 25 30 36 25 36 30 19 30 40 23 34 38 25
25 27 54 47 52 65 47 39 29 31 17 45 37 25 43 44 34 39 15 14
14 9 41 35 33 37 30 12 12 10 22 26 33 14 19 25 6 6 17 17
47 29 68 52 46 59 52 33 28 35 27 50 37 25 40 34 28 34 18 21
4 6 17 11 7 10 6 4 4 5 5 12 1 8 5 7 6 4 9 11
13 1 23 18 21 24 4 18 10 1 5 13 6 1 8 8 8 17 19 1
39 28 74 49 53 64 51 37 31 38 29 46 35 25 39 40 38 39 30 25
17 20 42 41 38 56 35 26 35 30 15 31 27 28 31 33 24 31 37 36
33 20 50 43 42 48 39 31 23 35 26 43 31 22 34 31 13 22 18 39
10 2 28 17 11 26 9 9 16 3 7 16 2 1 2 14 6 16 23 1
4 1 11 8 15 14 11 10 18 1 1 15 3 12 7 9 3 12 8 12
9 4 9 5 8 15 10 7 11 1 4 7 7 6 1 6 1 9 1 6
11 17 30 25 32 31 31 18 16 16 11 23 22 22 19 23 17 21 16 19
41 41 61 61 70 58 57 34 40 43 41 42 60 49 53 38 44 18 37 50
4 7 12 9 15 9 8 7 8 4 1 10 4 12 5 5 5 7 8 13
1 1 6 4 10 8 8 1 5 2 1 3 3 10 1 4 1 1 5 7
24 18 58 28 46 46 43 31 35 18 23 39 18 36 28 41 40 37 36 29
10 14 35 21 25 34 30 22 36 12 16 27 8 19 17 31 16 25 33 19
31 27 56 45 44 37 40 17 17 27 26 47 38 19 31 21 21 19 18 31
7 5 23 24 17 20 17 7 17 7 4 18 10 14 10 13 6 13 16 15
18 13 49 30 46 39 32 33 36 22 24 32 9 26 26 34 33 31 42 36
19 17 17 15 25 28 24 21 17 19 1 13 15 15 15 10 19 23 22 18
12 1 18 17 20 29 19 16 17 10 9 16 17 13 11 16 7 13 6 11
19 12 40 33 28 39 14 20 14 24 19 27 11 9 22 25 22 25 30 22
12 6 23 19 22 13 17 9 6 7 7 13 12 10 5 7 11 13 13 7
25 17 40 27 30 42 40 11 22 28 18 26 26 23 23 22 22 23 6 6
14 11 30 23 26 27 22 23 26 13 3 30 5 20 17 21 20 32 22 17
44 38 74 46 56 59 61 34 24 37 24 53 42 37 42 36 48 42 23 17
1 1 16 13 3 15 5 1 1 6 5 12 4 1 1 9 1 1 4 2
27 16 56 40 48 43 35 22 19 16 25 31 33 19 26 27 24 15 30 26
48 21 61 62 61 63 39 50 16 37 36 49 39 19 48 40 27 30 27 34
34 12 68 56 48 63 48 35 39 19 38 41 22 30 34 44 37 34 52 21
30 18 67 53 47 59 37 24 35 39 37 45 29 28 36 28 34 33 30 34
15 14 23 12 16 35 12 20 25 11 6 17 5 3 11 14 9 26 23 11
9 7 25 18 14 24 18 3 13 10 11 19 11 11 6 11 8 13 8 5
8 3 20 7 5 18 5 8 12 3 1 18 1 1 6 3 2 10 3 6
28 18 67 56 52 59 38 42 29 27 30 55 27 22 46 45 27 34 38 38
36 33 61 22 36 51 47 23 36 27 28 34 23 23 23 25 39 34 28 11
5 1 7 9 13 6 7 4 4 1 1 3 5 5 1 3 5 5 7 5
5 4 10 10 14 13 10 3 1 5 6 6 9 1 1 9 1 6 8 2
31 22 48 29 53 52 39 36 29 23 25 29 33 29 34 37 35 26 29 36
16 2 20 12 17 30 21 14 18 12 10 18 9 9 12 23 9 13 3 13
16 14 26 12 18 18 20 5 16 12 10 22 15 21 14 8 17 13 5 15
4 3 19 27 21 30 15 11 4 5 4 10 17 1 8 17 3 6 11 1
18 16 39 30 23 28 21 13 23 10 17 30 16 10 13 18 13 24 28 6
4 7 12 11 15 17 11 9 17 1 5 13 5 9 7 12 4 14 16 9
14 19 31 20 41 49 32 27 23 22 18 10 19 20 23 39 26 21 24 21
10 11 21 10 26 30 15 25 27 12 8 21 6 18 18 20 15 29 25 24
12 17 36 28 35 41 33 14 24 24 23 13 15 20 12 34 26 18 31 16
24 8 42 31 28 34 22 22 15 8 15 29 16 11 17 15 21 24 19 6
9 7 30 22 13 21 15 11 13 3 5 18 7 8 7 14 7 14 19 8
22 24 42 48 48 55 27 33 19 26 11 22 30 16 33 38 28 31 28 20
3 5 18 4 7 15 6 2 9 1 10 9 4 6 1 10 2 6 12 5
38 16 57 51 46 44 36 26 6 29 38 44 29 14 33 33 21 19 21 17
44 35 56 46 55 48 49 47 49 32 19 54 32 34 43 32 46 58 43 37
16 7 38 16 22 33 21 16 18 11 16 17 6 7 3 20 16 18 24 6
17 16 23 16 25 22 18 11 15 16 17 19 19 14 13 10 14 19 17 8
4 10 17 13 22 16 9 16 8 5 3 12 8 12 10 10 9 10 13 15
6 5 12 12 19 7 7 9 9 1 4 12 8 10 5 5 7 9 11 9
8 8 22 18 15 17 8 11 9 5 4 15 6 9 5 6 10 13 16 9
3 5 20 9 11 17 4 7 11 5 11 11 3 7 3 15 6 6 17 7
5 11 16 6 18 11 13 11 8 4 2 16 9 15 11 11 11 10 6 20
21 20 56 55 59 54 52 27 31 31 31 38 39 41 41 51 43 27 36 30
24 15 42 26 14 41 30 20 35 13 20 32 20 9 18 27 6 27 25 7
22 10 31 37 47 30 29 28 17 11 16 26 22 30 30 22 29 22 29 20
25 18 63 35 43 45 41 19 23 24 29 37 22 30 33 39 40 19 25 30
4 6 10 8 7 22 15 1 2 13 5 2 6 8 5 17 8 7 2 1
