1000 20 10 1499
8 2 0 9 2 8 4 1 9 0
13 8 7 10 2 8 7 20 8 13
19 2 2 0 18 18 2 2 8 5
1 15 18 14 5 5 20 9 3 11
1 4 0 2 8 2 5 1 6 2
3 4 6 12 3 3 3 5 1 6
4 24 4 11 10 4 9 9 18 10
4 1 3 7 7 5 0 6 2 2
3 16 8 12 9 19 8 5 7 7
1 5 4 12 4 13 12 12 1 5
5 7 3 4 1 3 1 7 8 4
1 11 6 12 2 19 0 8 4 3
6 5 1 4 2 4 4 5 2 8
4 3 12 4 10 15 15 4 13 16
3 5 10 10 1 10 7 3 8 14
10 0 8 1 1 10 1 20 21 7
6 9 8 12 8 1 24 3 5 2
1 9 2 6 3 3 1 0 3 8
5 3 3 2 5 5 1 3 3 4
2 1 5 1 2 14 13 9 5 8
10 6 5 0 3 2 1 4 1 3
19 2 14 14 5 3 7 5 9 7
4 0 6 2 2 4 10 8 5 8
5 1 5 3 1 9 4 2 5 0
1 11 9 9 5 4 1 2 16 1
11 18 23 9 0 7 1 8 11 10
4 2 7 2 6 6 6 1 4 1
24 4 3 16 2 1 2 8 6 0
10 13 9 13 11 2 0 17 5 11
9 0 1 3 1 10 12 1 5 5
9 18 10 2 4 1 5 30 5 5
3 2 1 1 2 5 6 6 4 1
12 10 9 19 2 15 1 5 1 15
10 1 6 6 1 2 2 8 6 3
5 3 6 5 7 11 4 3 1 4
19 6 0 1 1 3 5 20 6 5
6 11 6 15 1 10 5 4 0 4
3 0 3 0 0 5 4 6 4 3
3 8 3 3 2 2 4 2 1 7
4 9 3 7 6 12 2 12 4 0
1 18 1 13 1 4 14 6 2 17
1 8 9 0 2 18 8 0 26 7
1 4 4 2 12 5 6 5 3 1
1 2 14 8 2 11 19 2 2 10
9 8 7 11 22 4 3 2 8 17
6 5 1 12 3 12 11 0 4 7
4 3 6 3 1 0 8 5 1 2
3 11 5 1 14 7 1 1 1 3
14 4 4 1 8 15 8 4 15 4
14 6 4 2 5 1 20 3 11 4
13 6 4 10 6 5 2 3 5 3
8 5 1 15 5 2 4 1 0 4
3 18 3 2 13 8 10 20 17 8
2 2 2 2 1 7 1 7 2 0
10 6 8 9 9 1 16 13 3 14
2 12 2 7 1 17 1 13 5 10
9 3 6 24 15 2 16 4 11 14
8 8 5 2 5 2 4 8 0 3
5 8 0 20 2 8 2 2 4 5
6 0 5 4 3 9 4 1 1 3
7 12 2 6 16 5 15 11 19 6
23 4 6 16 2 16 16 6 1 11
2 4 10 4 10 19 0 0 10 4
2 7 11 25 1 8 1 13 5 15
16 1 12 1 0 2 8 6 6 8
19 6 4 10 10 16 6 10 6 1
9 6 12 4 2 5 4 3 5 3
0 3 3 0 5 10 8 5 3 6
23 5 8 22 3 4 11 1 0 12
3 1 6 2 5 3 1 10 17 4
1 7 16 7 1 5 7 9 1 0
14 13 5 9 11 18 8 4 16 9
3 3 5 3 6 1 5 5 6 0
3 9 2 8 1 7 9 9 1 7
4 4 2 2 0 26 4 11 23 13
6 4 4 18 22 1 13 1 13 10
3 2 16 7 9 26 8 1 12 2
16 4 15 8 20 21 6 3 8 6
0 3 2 0 6 7 2 1 3 3
10 7 13 7 2 11 10 10 11 7
15 11 4 5 10 2 1 13 4 3
3 7 22 17 9 9 7 18 0 11
4 8 13 18 8 17 5 5 7 10
2 1 1 3 3 1 7 1 5 4
0 6 3 2 4 2 2 0 3 4
3 4 13 1 9 13 10 4 15 11
1 7 5 16 1 2 3 6 8 1
4 13 13 6 16 13 1 5 11 12
4 6 6 21 7 9 9 9 3 13
1 15 1 17 17 3 1 9 6 17
10 8 0 13 12 2 15 19 9 2
1 2 2 3 1 6 2 9 5 4
1 1 6 8 12 5 8 16 2 6
10 15 3 1 16 1 1 1 3 20
6 6 3 1 7 8 1 8 2 3
3 6 11 1 15 1 11 19 12 9
1 5 3 13 7 9 20 1 2 5
2 9 2 5 7 7 0 1 4 9
6 4 6 8 2 5 3 6 5 9
0 0 5 2 2 0 2 9 7 2
2 1 2 4 4 4 7 2 2 2
18 3 7 5 2 10 17 10 3 6
11 10 10 2 12 6 2 9 5 10
10 15 3 8 8 10 4 7 22 11
13 7 5 4 4 2 1 9 1 2
2 7 6 6 24 19 2 8 12 18
4 5 3 5 4 9 4 9 11 6
26 8 10 14 12 3 9 1 0 16
2 5 4 5 1 1 5 1 4 2
10 2 10 3 0 11 12 12 15 3
6 2 2 9 4 1 3 2 4 3
5 1 6 7 5 8 7 4 0 5
8 18 27 6 11 7 6 5 4 5
1 4 10 18 3 16 19 2 1 18
5 1 24 16 10 10 11 6 2 10
4 4 10 1 6 1 6 2 0 7
13 4 1 15 5 8 16 2 11 7
2 5 6 14 8 5 2 8 6 17
5 7 4 8 6 4 4 7 11 4
7 1 9 1 6 6 2 1 0 3
11 18 3 5 2 12 7 7 15 8
13 7 6 8 20 3 10 10 5 9
6 4 9 14 6 22 5 12 8 9
4 0 13 0 8 6 9 10 4 3
3 5 1 14 5 3 10 8 4 6
12 1 21 11 4 0 12 1 7 16
7 11 3 10 0 1 0 9 7 5
10 3 1 11 5 16 9 7 2 13
1 3 8 3 2 4 0 3 3 1
5 11 6 6 8 6 1 15 8 5
13 5 1 7 5 3 2 5 1 10
0 9 22 1 11 2 9 2 14 4
0 4 4 2 5 7 2 1 2 5
23 0 2 8 15 23 7 5 3 13
1 9 4 6 2 1 9 1 4 3
11 4 3 8 1 23 1 12 1 1
2 7 7 3 2 1 15 7 8 8
1 8 5 4 2 4 2 2 2 2
5 11 2 2 1 9 3 8 12 6
5 4 1 3 2 7 3 5 9 5
5 4 5 6 11 2 4 1 1 17
11 11 14 4 0 18 4 14 2 13
6 13 14 11 14 5 6 26 4 7
17 6 7 13 2 5 12 2 14 8
2 11 16 6 14 2 2 8 5 5
14 14 1 5 0 9 6 2 8 7
3 9 3 4 4 8 1 4 6 8
20 2 11 9 3 7 10 4 4 4
1 4 9 6 7 1 5 5 2 8
5 8 4 2 8 9 1 9 0 7
4 3 9 8 1 3 13 3 14 4
14 7 4 21 12 3 18 6 1 9
5 12 3 14 3 14 3 4 4 14
2 1 4 7 4 5 8 2 6 4
5 5 10 5 6 2 2 0 2 2
13 16 5 0 1 2 10 0 19 1
2 8 2 2 12 13 13 9 4 14
7 11 11 6 8 1 8 6 14 15
1 7 2 3 2 4 1 10 3 7
2 9 2 1 2 1 0 3 6 1
0 5 4 4 4 6 11 2 14 7
0 6 7 3 1 5 10 1 7 3
6 12 3 3 4 14 16 1 9 21
6 6 0 0 3 8 6 13 4 3
2 18 4 11 6 11 1 3 11 2
1 12 4 2 2 9 1 5 5 6
1 4 0 0 1 5 1 2 8 6
4 15 10 14 7 7 0 21 2 5
6 8 1 1 4 2 5 7 1 7
4 3 6 27 10 6 4 5 1 2
2 10 0 9 6 7 5 3 2 5
14 1 12 5 6 9 5 23 3 19
9 1 5 2 1 5 2 0 2 2
3 0 2 3 8 1 6 1 5 2
0 11 11 13 5 26 13 6 2 9
2 0 1 7 1 2 8 18 6 1
8 2 14 26 3 14 1 2 6 15
13 8 10 13 15 21 8 1 5 14
0 2 4 8 3 7 6 20 19 8
10 12 6 5 10 6 10 8 5 15
3 2 8 3 4 22 9 6 14 12
9 7 3 7 4 5 1 5 0 5
7 6 5 4 0 14 1 18 9 4
11 6 0 3 1 4 3 13 1 1
16 1 5 13 18 9 12 9 17 2
1 1 1 0 5 10 5 27 16 8
7 2 5 2 1 18 13 14 3 4
11 1 4 5 1 2 2 20 4 31
2 7 2 5 1 11 1 17 0 2
8 1 1 5 0 1 2 2 1 4
2 2 4 1 7 4 0 8 20 4
8 5 2 5 0 2 7 0 11 6
3 1 1 10 8 1 2 8 0 3
3 3 9 2 14 18 7 1 5 4
4 11 5 3 2 9 20 13 3 7
3 9 2 4 2 4 7 5 4 13
3 2 1 3 2 1 9 24 9 15
3 7 4 5 2 4 0 9 1 18
1 10 2 1 2 5 4 6 3 1
20 5 1 11 6 6 8 14 6 5
18 1 20 4 10 3 5 6 8 5
1 10 7 0 2 11 2 13 8 16
8 2 17 3 10 14 18 14 8 1
14 8 7 11 0 12 4 18 1 2
4 6 6 3 5 0 4 4 3 7
22 4 7 12 6 15 3 4 7 10
14 9 4 22 5 7 8 9 8 3
3 2 5 4 13 4 0 0 13 3
7 8 11 9 3 5 18 16 5 0
1 13 0 25 2 3 4 20 7 7
4 10 2 11 5 1 4 19 10 11
10 3 5 8 1 3 5 1 4 1
11 17 1 9 9 1 10 9 4 21
3 2 11 12 8 16 11 2 2 15
10 5 7 8 1 2 1 18 9 3
2 2 0 5 9 0 2 4 6 14
8 5 4 4 7 5 20 6 12 3
4 2 12 1 10 10 6 7 1 5
1 3 5 5 1 4 5 2 1 1
6 2 1 12 4 13 2 5 6 3
8 1 10 10 13 9 11 1 0 2
7 18 16 0 10 0 1 1 13 10
9 16 18 8 11 12 7 11 2 15
2 3 8 1 3 6 4 10 11 6
3 10 3 3 5 8 3 4 1 3
1 1 14 5 7 8 5 26 6 2
1 22 6 4 3 7 1 1 14 14
5 0 10 17 6 19 9 4 4 11
1 4 2 6 7 4 4 1 1 0
3 2 6 16 6 5 7 2 4 16
9 0 2 4 4 2 1 2 2 6
5 3 21 8 12 6 14 5 14 4
3 23 12 3 6 0 4 3 1 11
5 1 3 7 1 2 1 2 3 4
1 4 0 11 9 5 9 5 8 5
15 6 5 3 18 0 21 7 10 5
2 3 5 4 1 3 5 5 9 1
4 7 3 2 0 6 5 2 3 1
14 8 1 3 11 9 12 7 14 6
0 2 6 10 24 6 3 17 3 14
6 0 1 1 7 6 3 12 23 6
8 2 2 11 0 2 4 5 2 6
0 2 1 8 7 6 4 1 1 2
6 9 20 7 1 1 6 6 13 8
8 11 1 2 1 1 16 4 21 13
8 9 5 3 3 4 2 7 4 1
0 7 0 4 0 3 5 4 1 3
19 0 2 6 8 7 0 9 2 5
14 9 9 8 11 2 13 5 10 8
2 8 6 3 2 12 9 5 8 7
14 17 4 17 21 8 0 1 11 12
3 3 6 6 0 16 5 0 7 6
3 6 2 13 11 1 9 8 22 22
10 5 2 7 1 13 15 2 0 2
7 2 4 7 1 5 0 6 7 3
3 4 11 14 13 10 10 19 5 10
7 1 7 11 1 9 16 6 3 0
1 9 18 7 1 1 23 3 11 12
5 6 5 2 9 13 3 10 1 2
3 8 27 1 2 0 2 18 4 5
6 5 3 6 2 1 0 1 0 7
8 0 9 9 2 8 4 1 6 2
14 2 20 2 6 17 11 1 13 16
19 6 10 11 10 8 0 3 9 3
4 4 0 7 7 12 13 13 12 10
4 5 2 4 5 3 8 4 3 7
24 1 9 20 2 8 7 6 1 4
0 5 1 0 5 13 5 6 5 1
5 1 4 7 4 4 2 2 0 6
3 6 5 4 0 9 3 1 15 3
3 9 2 15 16 1 14 3 16 16
23 8 1 6 9 22 3 18 1 1
5 6 8 1 4 3 12 3 13 10
10 1 7 2 4 9 3 5 1 1
12 9 13 15 4 10 18 8 5 7
10 1 28 8 11 5 6 3 18 7
10 8 9 8 0 8 0 13 15 9
10 9 9 11 14 0 5 0 9 4
14 15 8 4 10 13 3 2 8 13
10 12 17 12 1 2 1 2 10 1
14 7 12 6 5 5 3 17 13 26
17 9 1 6 3 15 17 21 6 3
3 4 4 1 1 3 2 3 2 6
1 4 2 10 13 12 6 13 11 8
6 4 1 9 4 20 9 1 16 0
10 4 3 3 5 1 9 4 3 7
6 13 8 8 3 17 3 4 3 9
0 5 2 5 1 4 3 2 7 9
5 1 0 14 4 11 5 2 8 8
4 2 0 9 0 12 2 1 4 4
7 3 4 2 4 2 3 2 4 1
13 20 5 1 11 13 1 12 5 15
8 7 13 12 12 18 12 1 10 2
6 2 11 0 4 0 1 5 7 6
4 10 25 7 6 3 6 6 8 1
11 11 2 19 1 2 3 2 2 8
8 18 8 15 2 0 26 6 6 8
19 13 6 0 11 10 10 5 11 10
8 4 4 4 7 0 1 4 5 7
10 3 8 1 12 3 1 5 6 3
15 6 7 1 2 9 15 6 4 10
23 17 0 10 5 1 4 19 12 1
12 2 16 8 14 13 3 7 14 7
27 13 6 12 12 6 2 1 9 0
14 4 8 2 5 8 27 11 4 16
17 0 12 5 15 12 1 2 10 3
2 2 2 4 1 6 2 11 3 8
9 8 16 9 1 3 19 2 24 5
20 23 4 5 2 6 13 10 1 3
11 12 15 0 7 19 7 3 3 10
4 9 14 7 8 1 6 6 6 20
4 5 11 10 7 16 6 2 2 9
10 5 7 10 8 5 11 4 5 17
1 4 3 6 4 9 2 5 3 8
5 1 3 15 19 9 11 9 5 2
13 1 20 6 8 15 2 12 8 17
6 8 5 2 1 9 0 7 0 2
11 18 6 22 8 12 8 10 2 7
10 13 4 3 16 1 3 11 15 3
1 1 5 10 10 10 8 7 18 7
7 7 2 2 1 8 1 9 13 6
3 6 3 1 9 11 15 5 8 9
31 16 2 5 5 0 3 2 6 0
5 8 0 1 0 1 1 3 5 2
1 1 4 2 2 2 3 12 2 2
7 2 7 6 0 8 6 12 15 5
4 1 1 1 6 12 0 0 0 2
2 2 18 6 1 7 4 4 7 7
12 0 1 19 1 12 12 11 15 2
19 17 18 3 1 6 0 12 3 8
3 4 5 9 5 6 3 3 5 2
2 12 4 4 4 20 7 18 12 20
4 9 6 0 3 3 0 3 0 1
0 7 4 4 7 4 1 5 4 5
2 4 12 13 5 10 7 3 0 4
0 4 0 12 1 7 4 12 0 13
3 17 4 9 2 6 3 7 11 9
5 12 4 11 2 2 5 9 4 3
10 2 1 9 6 7 0 14 4 9
2 0 6 18 10 6 10 2 12 7
3 10 2 6 4 5 1 14 3 1
12 4 0 6 14 2 8 1 3 9
6 6 6 8 8 3 10 11 10 8
11 11 2 0 2 0 8 6 1 3
22 5 7 7 12 5 15 7 10 0
4 10 14 5 10 4 2 3 1 5
11 3 2 8 4 11 4 5 6 7
1 6 1 4 6 2 1 3 9 1
2 4 13 7 5 2 5 5 0 2
12 4 6 4 1 3 12 7 13 5
4 4 1 5 1 4 5 5 4 8
12 8 25 11 6 7 7 2 1 6
10 11 2 13 4 6 5 6 26 2
4 3 2 0 13 0 3 11 7 5
1 24 0 7 3 9 3 6 16 4
3 7 7 13 7 2 2 11 8 6
6 5 12 5 7 18 0 10 2 12
13 7 1 11 21 2 8 11 7 15
2 3 6 2 8 15 3 1 8 10
12 1 9 4 29 1 1 2 7 15
9 4 12 3 8 1 1 2 11 9
3 3 1 3 2 2 3 2 7 4
17 4 13 4 3 9 0 23 6 8
12 5 22 8 6 2 10 8 10 10
9 5 2 7 2 14 3 6 0 5
2 6 10 15 10 10 5 9 15 9
15 4 7 5 4 1 15 10 24 11
2 0 4 4 16 0 5 4 8 3
10 8 3 9 14 14 3 7 13 6
5 5 0 9 10 6 6 2 15 6
5 6 3 10 7 4 2 5 5 6
6 12 11 7 4 8 3 17 6 14
3 0 8 5 2 1 13 6 0 5
5 4 1 1 13 2 8 6 20 8
6 3 5 4 7 7 5 10 8 4
6 1 8 13 20 2 11 9 10 4
3 4 0 4 1 1 6 2 4 3
1 3 5 0 2 1 2 1 1 10
3 1 5 1 2 4 1 5 3 7
5 14 5 9 3 17 3 3 5 9
3 2 18 2 6 4 4 8 7 0
6 9 10 4 1 2 6 2 10 1
1 0 14 0 5 7 11 9 0 0
6 4 6 9 3 5 6 16 11 4
3 4 1 1 3 13 9 1 4 12
2 1 4 0 10 8 8 11 14 1
15 1 11 4 5 4 0 16 5 11
18 18 4 12 5 4 13 0 0 4
15 4 3 3 0 3 2 6 4 6
9 4 15 1 2 14 11 3 6 1
6 5 4 1 10 4 9 5 6 3
1 7 6 2 0 5 1 1 0 1
13 1 17 11 2 5 12 11 5 2
5 2 10 6 5 1 1 3 4 5
6 3 7 1 8 1 1 0 5 3
4 18 18 6 20 6 13 6 5 14
4 4 2 11 4 0 19 5 7 1
12 8 1 12 6 2 7 10 5 3
0 1 0 2 1 2 9 5 8 1
0 2 11 6 4 11 5 0 0 1
8 18 12 11 8 0 7 4 4 16
2 7 12 1 12 1 5 11 0 7
9 2 4 7 6 4 8 6 3 3
1 2 10 3 19 16 8 14 11 10
18 5 2 1 14 6 4 13 6 1
6 2 9 9 4 2 4 4 11 4
10 3 5 1 7 17 11 11 17 10
14 11 17 18 3 2 7 12 5 6
6 6 11 3 12 10 2 7 4 6
1 2 2 0 12 3 5 0 3 2
4 24 12 4 10 3 20 0 8 1
0 1 12 8 15 7 3 15 9 12
0 6 3 3 7 1 0 0 4 4
11 5 0 1 7 12 14 13 0 8
11 12 11 3 19 6 7 10 10 8
10 14 8 14 9 5 1 0 9 3
3 6 15 11 11 11 4 17 24 1
3 7 0 10 2 22 12 4 6 9
2 14 6 0 1 19 10 7 5 22
2 5 0 19 4 7 2 10 7 3
5 7 3 3 15 5 5 24 6 6
11 10 7 15 5 15 6 8 2 4
10 5 10 4 0 2 26 13 0 4
9 4 11 1 14 6 8 2 6 21
23 5 5 10 14 1 8 5 3 4
6 6 13 4 4 14 4 9 5 32
3 4 5 1 8 8 2 0 0 5
7 6 8 14 7 7 23 12 7 5
9 5 3 6 2 5 8 5 1 6
5 1 1 6 9 4 11 1 4 2
7 2 3 15 3 3 8 6 5 11
3 11 7 11 2 10 14 25 8 6
5 18 19 4 12 8 4 6 11 4
23 5 21 4 3 5 2 4 1 13
2 23 2 12 8 6 8 1 5 17
3 1 5 3 9 1 7 4 3 4
22 19 4 1 10 8 13 4 3 1
4 4 1 7 13 7 6 3 0 10
4 6 2 2 5 12 20 4 15 15
7 13 4 18 0 6 13 1 12 15
1 6 23 7 21 4 3 9 12 7
7 2 1 3 1 6 0 4 4 1
4 4 12 17 6 9 2 1 8 8
1 0 11 6 10 1 4 13 4 8
12 3 25 9 11 11 2 9 3 13
5 5 6 1 2 5 8 3 25 5
3 6 1 0 0 3 2 7 14 4
10 7 2 4 6 12 7 3 4 5
7 17 1 3 0 4 1 9 9 18
2 2 0 20 2 20 2 10 3 3
8 14 1 13 4 5 1 3 1 2
1 2 5 2 4 4 12 1 8 11
11 5 9 3 4 3 2 2 5 5
9 3 7 3 6 19 17 3 13 7
13 17 1 5 5 18 4 7 1 8
2 1 11 1 0 1 9 8 7 0
3 9 11 11 4 9 4 5 2 23
2 9 7 0 3 1 6 2 5 9
7 6 3 3 1 5 0 1 2 7
9 10 8 7 9 9 1 6 1 5
3 6 3 13 15 14 9 2 3 18
10 14 10 4 13 10 6 2 1 3
2 8 5 25 2 1 1 8 8 1
1 4 1 1 12 11 17 14 4 2
2 12 2 2 1 13 0 5 11 8
2 9 8 10 6 4 1 17 13 11
6 6 8 1 8 7 1 5 4 7
10 7 4 6 2 5 3 8 2 4
11 6 6 8 3 3 3 2 2 3
4 1 5 7 8 10 1 6 3 7
24 11 14 8 4 10 4 10 0 14
7 7 0 1 6 4 0 6 5 0
6 6 6 16 2 7 24 5 21 6
3 11 13 1 7 11 9 11 5 16
6 3 0 7 2 7 11 12 14 12
9 17 11 7 4 12 1 7 16 1
5 1 8 4 3 4 4 7 5 1
17 11 3 13 6 6 5 4 16 6
15 1 3 1 6 1 6 9 5 9
4 2 13 4 7 9 2 8 0 11
4 3 7 2 5 6 1 2 1 5
18 10 5 10 16 14 9 6 8 9
12 5 8 7 17 8 2 13 4 14
2 0 8 14 17 9 6 1 7 12
12 6 1 7 13 5 16 6 14 3
8 24 3 7 13 2 15 8 2 1
13 0 2 1 2 5 4 5 6 4
18 5 4 2 3 3 12 7 7 6
3 10 18 17 2 5 12 14 13 10
4 4 1 1 3 3 6 8 4 14
7 15 10 2 6 13 8 8 4 5
3 8 4 4 4 5 3 4 5 23
7 11 4 1 11 3 5 9 4 1
10 9 4 11 11 12 0 10 10 11
7 4 0 6 3 15 2 23 5 10
8 8 2 10 2 4 17 1 13 14
4 12 4 10 6 8 4 6 7 1
3 3 4 15 3 12 2 6 4 1
1 10 5 7 4 6 4 13 6 15
1 4 11 4 1 6 1 1 6 0
14 10 7 18 8 9 9 1 8 3
0 2 5 5 5 4 2 1 4 1
12 2 10 7 3 1 2 3 5 2
10 2 4 9 2 14 7 4 7 4
1 2 2 2 6 3 5 5 3 0
4 1 0 1 1 1 5 2 7 4
1 7 6 3 6 4 11 9 0 9
1 11 5 16 4 1 9 6 17 8
11 2 4 3 1 11 7 3 5 2
9 4 10 1 11 24 0 15 3 1
2 9 3 3 2 6 4 5 7 4
8 9 4 5 6 5 12 6 1 10
3 18 3 7 10 0 10 2 3 10
2 2 11 3 8 14 7 0 5 12
6 2 7 2 6 5 3 3 7 11
3 6 4 3 6 2 12 6 2 1
2 10 3 2 1 0 8 6 1 3
7 2 7 6 3 2 11 1 4 2
7 3 3 13 4 6 6 3 2 3
5 14 1 4 2 1 2 4 7 2
6 4 2 0 1 7 7 5 7 5
6 17 9 2 0 10 21 5 3 17
0 7 1 7 3 3 6 3 2 3
9 9 18 26 1 12 3 2 7 2
12 2 2 0 5 3 5 4 6 4
0 9 3 2 1 7 2 9 3 4
4 1 2 2 2 12 5 3 13 0
2 2 25 14 10 5 7 3 0 11
1 17 5 10 11 4 10 9 10 1
12 7 6 13 5 3 8 4 6 17
4 7 6 0 12 1 8 5 1 12
3 6 6 8 7 2 8 8 3 1
9 12 8 7 14 2 10 4 4 13
5 12 18 6 2 15 4 3 18 13
4 10 22 12 8 1 8 1 12 11
4 8 12 8 10 2 5 2 7 12
17 3 15 3 4 1 5 18 6 4
6 17 8 1 9 7 8 3 3 8
4 3 24 1 3 4 2 8 4 3
4 2 8 1 9 14 21 2 5 14
0 7 1 14 6 5 2 4 4 7
1 3 12 6 2 2 0 6 4 1
1 4 3 2 2 3 1 7 6 7
8 20 11 8 7 4 1 3 6 11
18 17 11 10 1 15 9 6 9 3
8 2 9 3 18 20 12 11 9 8
11 10 1 18 2 0 5 6 0 6
4 31 4 6 3 6 2 16 7 8
26 6 9 1 7 18 3 17 7 1
20 4 0 3 4 23 10 4 1 16
11 11 8 6 4 2 1 6 4 4
8 1 0 10 11 3 1 11 14 7
5 0 2 2 1 2 5 4 2 5
2 1 11 2 7 1 8 2 6 7
10 5 4 6 8 2 6 2 16 13
15 9 6 14 14 12 5 3 3 3
15 9 1 6 2 8 16 4 1 3
2 7 12 2 3 9 3 9 7 11
8 1 9 10 11 6 2 7 3 8
3 2 4 5 1 0 4 5 0 3
11 7 10 4 12 2 4 4 11 16
5 15 3 6 2 12 15 6 3 1
7 6 2 6 4 1 5 1 2 1
4 3 4 6 9 3 8 10 2 3
16 2 0 1 12 1 2 5 5 2
10 12 2 6 6 4 0 4 4 16
0 2 3 3 10 4 4 9 1 2
10 8 13 5 22 3 1 2 10 9
0 12 6 3 10 2 20 2 4 11
7 8 2 11 4 7 2 7 5 3
1 8 3 5 6 4 9 3 1 1
19 4 6 20 11 4 10 13 12 6
17 5 3 1 5 3 12 11 4 13
8 4 10 7 19 5 2 15 0 14
7 1 4 1 4 5 1 0 7 6
17 8 3 14 3 0 5 6 16 7
7 9 8 4 6 1 23 17 11 2
10 8 0 16 9 16 6 9 0 17
2 7 5 8 5 3 1 3 1 2
3 6 7 3 6 3 2 3 0 4
0 3 5 3 4 7 2 9 1 1
5 3 3 2 6 6 8 13 2 8
5 9 12 3 4 1 11 11 11 3
5 9 17 1 12 6 2 2 5 2
14 13 10 7 4 10 11 3 18 5
15 9 4 1 6 17 14 6 0 2
8 8 4 10 4 9 5 1 7 6
10 10 5 4 3 1 8 13 0 3
14 11 15 15 3 0 18 10 7 0
5 2 4 0 5 16 6 17 8 1
9 16 5 3 12 12 1 18 15 4
1 18 4 9 8 4 11 6 20 1
16 0 4 11 7 16 0 14 5 3
13 14 8 8 9 0 4 7 1 9
9 4 1 12 2 5 14 2 0 5
6 3 5 2 4 0 3 7 10 5
8 0 1 1 0 1 4 1 5 10
3 4 3 2 0 1 0 1 10 3
0 7 2 6 5 3 9 2 9 3
8 25 7 11 3 9 6 0 1 2
4 5 2 7 6 6 3 16 3 4
0 1 1 1 4 7 2 3 3 3
13 4 7 13 4 2 5 11 2 6
7 2 3 7 10 2 14 19 4 7
4 14 7 20 11 9 2 11 3 24
0 4 6 3 8 6 15 1 10 4
2 6 7 5 7 4 1 1 5 11
8 7 9 4 9 0 12 1 11 4
6 5 15 9 0 6 5 2 7 0
2 14 26 7 6 5 21 0 8 8
6 12 8 11 10 5 9 2 7 4
2 1 7 2 2 4 11 1 14 8
3 6 10 5 7 16 1 10 12 14
0 8 7 1 15 1 3 4 3 4
1 1 6 5 8 10 8 28 10 6
14 3 10 1 7 1 5 8 2 9
8 3 1 2 8 15 3 8 1 8
14 7 2 3 8 2 1 18 1 5
0 8 7 6 1 2 1 2 11 7
0 5 1 11 1 0 2 8 3 3
15 2 3 5 2 5 4 21 7 4
1 3 5 4 4 2 1 5 9 7
24 2 10 7 11 10 1 7 11 3
8 2 17 10 12 3 4 11 22 4
18 17 9 17 7 0 13 11 2 11
4 8 2 2 2 6 2 1 4 3
1 4 7 5 2 7 2 8 15 7
1 4 4 5 1 1 4 3 2 6
3 4 3 0 4 4 0 4 1 8
7 11 19 14 1 14 8 4 7 10
4 1 8 3 23 6 9 16 3 8
4 13 12 7 1 6 1 0 3 3
11 1 7 7 2 4 7 4 1 1
6 11 3 2 16 4 1 7 1 7
1 1 1 4 4 4 4 2 8 7
2 8 5 4 7 0 3 1 5 3
1 8 4 9 4 3 1 10 5 10
7 0 10 4 25 10 1 13 3 18
5 2 9 5 5 4 2 3 0 3
0 4 11 5 8 3 2 3 4 10
24 6 1 1 1 11 6 3 12 6
17 8 5 7 15 7 2 17 8 2
16 14 6 10 19 2 7 17 7 14
14 12 3 8 12 14 5 7 11 8
0 6 5 4 10 7 9 1 8 5
8 4 5 10 4 11 4 7 9 1
2 6 8 6 2 1 12 18 4 5
9 4 7 4 2 1 0 6 4 9
2 2 7 10 0 4 0 3 8 5
0 9 2 0 2 4 0 12 11 1
1 5 9 1 10 8 10 1 1 2
7 2 10 7 2 6 0 2 1 13
0 6 1 13 14 1 15 6 1 19
4 4 6 5 1 1 6 2 2 0
2 2 6 2 3 6 5 6 6 5
10 2 1 7 1 1 0 4 13 13
1 1 3 2 5 6 7 4 1 5
3 1 3 7 3 2 5 11 3 3
10 5 7 6 3 0 5 0 0 2
5 16 4 11 1 3 2 22 10 6
11 7 10 10 20 3 4 18 12 17
2 9 9 1 3 10 3 7 1 14
7 10 5 13 3 8 0 8 9 2
12 6 1 6 13 15 14 5 11 5
3 6 3 0 15 5 7 2 6 7
3 22 5 4 3 3 2 10 4 3
15 10 5 1 7 14 2 4 5 13
6 6 23 14 7 19 5 12 1 3
0 8 7 7 30 1 3 2 8 6
11 8 5 7 1 1 2 5 4 2
8 0 1 5 7 6 9 2 8 6
4 2 3 10 1 1 3 2 6 4
1 4 6 5 2 5 9 20 5 1
3 5 1 4 2 15 5 5 4 19
7 13 1 3 17 6 6 11 29 5
14 14 23 7 7 4 10 1 14 1
1 4 5 15 6 12 1 5 5 19
10 17 11 9 11 17 14 8 8 8
12 4 1 9 5 3 1 6 1 1
11 3 3 5 3 3 3 1 5 4
6 6 10 11 4 2 4 6 6 6
3 1 14 3 3 6 1 2 12 0
5 1 7 7 5 15 4 1 8 7
6 1 14 3 5 8 8 4 10 3
2 8 7 4 7 5 9 1 1 9
0 1 3 16 9 11 4 6 1 9
5 12 9 2 1 9 8 5 1 1
12 7 11 2 6 1 3 7 9 0
12 1 4 5 3 20 2 3 14 12
0 5 7 1 1 2 5 2 3 2
13 6 18 0 11 3 17 0 5 17
2 9 5 9 1 8 6 10 6 5
6 5 10 4 6 2 2 11 3 1
9 12 10 13 26 7 4 7 2 9
7 3 6 23 3 11 7 2 11 16
16 4 4 8 4 5 8 11 14 2
2 1 18 25 8 1 7 3 11 1
0 8 0 12 7 7 3 1 4 21
3 2 3 7 5 1 5 1 3 12
8 5 5 1 8 3 8 16 2 2
4 18 8 7 7 11 0 3 9 9
2 5 0 5 0 5 2 1 2 3
9 12 11 12 9 10 2 12 13 20
11 19 7 21 8 14 6 4 4 5
22 22 5 7 3 9 11 12 10 5
2 1 1 3 3 0 4 2 3 10
2 2 2 16 4 10 11 11 2 0
2 8 6 0 3 9 16 18 2 6
2 1 5 5 7 16 19 8 7 1
2 6 7 6 4 5 4 2 0 5
0 12 16 11 16 6 12 4 2 9
1 1 8 10 3 2 2 3 1 4
6 3 9 5 1 3 1 7 2 2
3 2 1 11 1 7 2 8 7 1
8 4 1 11 2 16 9 17 7 4
16 3 7 4 1 6 11 12 9 9
12 11 0 16 9 5 13 22 0 4
11 4 4 3 14 3 15 21 1 14
3 9 13 6 3 1 1 3 2 8
9 7 5 5 5 0 15 9 1 8
5 6 11 14 10 8 3 15 24 12
7 0 2 3 4 4 5 10 3 4
1 5 3 2 3 3 1 1 4 5
14 8 3 14 14 5 3 0 12 21
21 20 7 5 7 2 2 6 7 17
3 14 4 2 10 15 3 12 3 3
10 2 1 3 9 6 5 5 12 31
1 6 1 5 3 14 19 9 15 16
8 7 7 19 2 18 2 17 6 6
4 9 9 15 6 5 3 1 7 5
5 1 1 7 2 1 3 7 0 1
9 4 9 2 2 8 8 5 11 0
3 3 8 5 1 7 1 10 6 4
9 7 5 7 3 3 0 1 3 6
1 2 0 1 9 0 2 6 2 1
13 11 5 2 7 3 14 28 9 0
3 2 4 4 6 2 3 0 1 8
0 18 4 14 9 2 12 22 2 18
2 8 4 21 4 6 22 3 8 6
14 8 1 4 2 3 8 2 3 1
2 8 7 4 2 16 14 16 14 19
4 4 3 4 0 9 3 5 2 1
3 10 14 6 14 4 7 6 4 13
6 4 1 2 2 2 3 4 5 1
18 4 9 8 18 21 8 8 9 2
0 6 6 4 15 3 3 4 6 1
3 15 7 4 10 15 8 1 12 15
7 1 3 8 3 1 0 4 8 0
11 12 3 8 9 14 8 17 3 10
1 2 17 3 3 1 12 2 21 3
7 2 12 9 17 5 4 17 10 3
1 6 4 3 3 2 5 5 2 0
1 2 9 15 1 5 7 4 4 4
1 4 3 6 8 3 2 5 2 3
6 1 1 10 6 6 2 6 14 12
4 12 12 7 14 7 2 11 4 6
1 3 3 2 2 11 9 4 1 0
14 12 5 14 10 1 15 3 9 3
3 13 3 4 12 2 4 8 4 13
2 23 10 14 3 6 2 16 6 5
4 10 5 11 12 1 7 3 10 6
3 5 3 1 5 8 7 1 4 3
2 5 1 2 6 1 5 0 1 0
1 0 6 2 1 4 1 1 10 3
4 1 6 13 30 9 10 10 7 7
0 1 4 2 3 3 10 1 4 1
11 1 7 5 8 13 10 17 4 4
7 16 2 1 11 12 10 13 10 17
5 4 4 0 0 1 0 7 3 0
4 13 5 4 3 2 13 10 5 2
2 5 10 5 7 4 2 2 2 5
16 8 2 9 10 8 4 7 30 5
6 18 2 4 10 22 9 8 6 19
8 6 5 0 1 12 2 5 5 3
5 14 7 20 5 7 18 8 18 11
3 3 5 4 6 1 3 1 2 5
5 2 7 5 30 5 2 5 17 1
4 7 7 4 7 16 3 2 8 8
13 18 7 3 9 19 11 1 9 6
1 0 2 14 7 2 10 8 4 9
5 19 8 12 11 4 16 6 13 6
4 6 2 5 7 2 0 1 1 2
8 2 5 5 4 4 4 4 5 3
10 0 1 10 6 1 1 6 8 3
12 6 1 7 21 3 1 5 13 5
5 5 6 3 6 11 2 1 3 1
1 3 1 3 0 3 4 1 6 9
12 3 11 1 3 19 2 8 3 21
1 1 4 0 5 2 10 7 13 7
3 4 4 3 0 0 0 2 4 5
11 1 12 1 33 5 1 6 11 3
1 6 8 36 0 3 6 4 6 4
1 2 14 18 3 10 16 21 4 7
10 1 16 6 16 9 6 9 7 14
6 13 8 2 5 6 4 1 1 1
7 13 4 4 21 2 9 6 5 6
5 14 3 15 2 5 9 1 6 12
14 9 6 15 17 9 4 8 13 6
11 7 4 1 18 5 11 9 5 1
4 9 2 2 4 4 2 9 5 9
2 6 2 10 2 13 9 7 3 5
11 2 11 8 8 1 8 8 5 4
10 11 5 2 1 18 15 9 3 8
3 3 6 3 2 1 3 4 12 4
4 9 9 2 7 1 4 11 9 7
3 1 22 23 11 2 14 7 12 8
5 6 1 6 16 18 16 1 5 9
6 7 9 4 4 7 2 5 10 6
4 7 16 5 3 14 16 22 8 7
4 7 5 3 2 2 2 2 2 3
6 1 4 3 3 16 4 6 6 0
7 19 10 3 8 15 8 0 6 8
3 2 6 5 3 4 2 5 1 1
23 5 13 2 0 5 11 18 13 15
5 9 9 6 18 4 1 10 17 7
0 7 9 2 10 8 13 6 0 2
10 11 9 5 20 6 0 10 2 1
8 2 13 3 5 3 14 5 17 3
8 1 4 2 5 2 11 9 5 3
9 1 4 1 2 1 6 11 5 6
10 6 5 16 8 5 10 10 4 2
7 9 8 4 2 3 5 1 4 5
4 5 13 5 10 21 12 16 6 4
7 16 0 3 10 21 11 7 7 4
1 13 6 7 8 25 4 4 2 17
1 8 9 7 3 1 1 2 7 8
8 2 9 4 3 16 6 10 7 1
16 4 14 10 5 1 2 7 5 0
13 22 12 3 3 18 3 13 14 5
11 5 0 12 8 6 11 4 12 11
2 7 4 3 11 7 0 6 11 27
9 4 3 4 2 3 12 3 2 16
11 13 2 9 2 4 8 2 3 10
11 9 9 13 3 3 2 4 6 8
1 4 1 8 7 2 0 1 5 1
6 6 9 3 5 16 4 2 5 2
1 9 8 1 5 7 14 10 2 10
10 5 11 4 3 5 6 10 7 5
1 9 9 4 6 6 16 13 1 23
2 7 0 9 0 4 3 2 6 5
1 6 3 16 2 0 9 3 1 15
2 5 1 3 3 4 3 0 1 6
7 3 7 11 6 24 9 8 11 2
2 3 3 4 3 4 4 3 2 7
18 9 3 3 2 9 9 8 4 13
9 24 14 6 5 11 2 10 3 17
2 5 12 2 15 3 1 10 2 5
5 13 24 3 12 3 5 8 1 8
1 0 2 8 25 10 5 8 3 3
1 5 5 3 5 5 1 8 2 8
1 2 6 1 2 2 0 5 8 1
1 12 15 6 3 7 14 7 1 8
4 8 2 2 10 6 6 3 4 9
1 4 17 3 8 6 13 18 9 14
7 8 4 4 3 1 2 6 1 4
5 4 13 3 2 5 8 23 5 7
13 14 6 1 7 26 8 7 11 11
3 4 6 4 0 3 1 4 6 3
7 1 7 9 4 3 4 12 11 5
1 9 7 4 2 6 26 18 1 8
5 5 1 6 2 5 3 4 11 4
21 15 7 22 4 14 4 4 5 2
18 1 16 2 16 11 2 3 11 16
10 5 11 7 5 0 3 5 3 9
7 6 6 1 6 2 2 3 2 6
3 3 1 7 5 1 4 2 2 2
8 10 4 2 7 9 3 9 16 8
9 6 3 18 2 7 14 20 12 17
6 1 4 4 9 4 0 4 2 1
1 16 10 5 15 0 6 26 1 10
9 9 1 11 16 2 13 9 8 15
1 8 0 8 9 24 15 11 2 2
5 1 2 4 3 1 6 5 7 1
1 0 8 9 11 1 7 10 5 11
7 4 12 1 11 3 1 26 8 4
7 6 4 4 1 2 4 4 0 7
4 14 5 11 1 13 4 3 1 8
6 6 9 16 15 2 3 5 2 16
8 13 8 5 0 9 2 6 15 5
15 9 2 13 18 3 0 13 19 15
4 8 11 5 6 8 5 4 17 17
6 4 2 4 3 8 2 11 7 2
3 13 6 9 5 9 0 12 21 10
2 5 11 6 8 12 5 7 13 10
5 7 2 11 5 8 3 0 4 7
2 5 3 1 11 1 3 5 1 1
12 3 3 11 7 21 3 20 16 0
7 2 5 3 6 6 8 3 2 4
8 2 0 1 3 9 0 0 0 3
0 10 2 2 3 2 5 8 7 6
4 3 1 6 5 6 1 1 3 1
9 1 12 7 4 10 1 1 12 0
6 11 3 12 11 1 4 0 8 2
15 7 4 1 4 23 10 1 8 5
32 2 7 0 16 5 12 1 6 6
5 8 7 6 0 10 2 5 8 8
6 14 4 1 6 9 9 4 2 3
8 8 12 2 1 0 13 5 27 5
8 5 3 7 3 5 5 8 6 17
20 14 17 0 7 2 4 0 1 13
9 0 20 14 8 10 1 5 5 6
10 3 7 0 7 28 1 13 11 7
9 0 2 4 11 4 1 9 4 0
5 4 1 4 11 8 0 8 0 16
3 14 1 1 4 4 8 2 4 10
2 1 5 9 11 2 16 2 6 7
20 5 9 6 14 1 22 8 3 13
1 6 2 2 4 5 3 7 8 10
19 1 6 13 7 5 12 6 5 8
9 6 5 17 4 6 7 6 7 3
17 3 2 3 7 19 2 3 16 10
6 7 10 4 4 5 10 5 21 15
24 3 5 11 4 3 16 2 6 9
6 1 4 6 4 3 0 1 6 14
1 3 10 0 2 8 7 9 1 2
6 4 4 11 6 8 11 13 3 6
6 5 0 2 3 1 6 2 2 1
14 11 11 0 2 15 1 2 3 10
6 7 8 6 8 7 7 9 0 12
11 12 3 11 8 1 8 2 10 4
2 13 5 22 7 22 0 0 1 1
11 2 12 16 1 13 9 6 5 3
3 3 3 9 2 16 1 2 5 2
6 4 4 2 8 6 2 1 1 2
8 3 2 1 6 3 11 5 2 14
4 2 6 6 3 10 7 5 5 0
8 1 2 6 1 1 4 2 3 1
0 9 1 3 10 4 4 1 10 4
9 11 7 22 13 8 6 10 4 3
1 2 4 12 1 1 3 2 3 3
11 4 1 7 5 5 7 16 7 12
2 6 18 7 19 16 3 10 1 5
7 24 2 11 10 6 11 2 4 14
2 11 8 11 5 2 28 10 4 4
9 15 4 1 12 13 7 7 18 9
16 3 21 7 5 1 9 8 0 8
1 16 8 6 0 1 7 1 5 2
1 20 4 1 0 10 9 9 0 0
9 5 6 10 5 14 15 3 16 12
13 1 9 8 15 1 4 2 11 2
5 4 14 8 9 5 2 13 1 0
3 18 12 3 17 13 1 9 7 16
0 1 4 10 9 5 12 3 9 3
11 11 3 12 5 9 25 7 9 5
5 27 1 8 3 9 5 6 18 0
1 1 1 3 8 1 5 7 1 2
10 4 5 5 2 5 11 3 0 3
1 1 3 3 3 9 6 3 7 6
1 1 6 8 1 2 5 12 10 7
4 2 1 11 4 11 14 8 4 13
6 8 6 2 4 7 5 6 4 5
2 16 12 9 0 12 24 5 7 11
3 1 3 3 1 3 3 5 3 7
16 17 1 7 16 3 11 17 9 3
6 13 3 24 10 14 6 12 2 7
2 3 4 12 0 1 2 8 5 2
10 8 9 12 13 7 7 14 9 3
4 2 10 5 5 1 6 2 1 1
1 0 2 9 4 4 5 7 1 0
17 0 12 5 17 8 12 11 20 1
17 6 11 12 3 14 3 3 1 22
4 3 3 4 6 7 2 0 1 0
4 2 4 5 3 13 9 4 23 14
2 7 13 4 8 1 0 12 4 2
4 7 4 12 5 6 11 30 8 3
9 5 3 2 5 11 4 6 15 3
14 7 0 12 3 1 10 12 13 10
4 3 0 1 7 3 2 4 7 5
4 10 4 15 7 18 3 3 6 11
9 11 8 10 12 13 17 19 5 9
0 8 2 0 2 4 3 7 9 5
6 0 6 7 5 3 16 5 3 2
7 2 13 0 1 7 3 2 8 7
10 3 4 12 9 1 16 12 7 1
8 6 7 10 1 2 14 4 1 8
15 9 9 22 10 2 5 4 3 7
2 13 20 9 19 11 1 4 3 7
6 10 1 0 21 6 16 1 6 4
1 0 2 5 1 7 2 2 3 4
15 12 11 5 5 12 8 3 7 2
0 7 5 7 1 1 3 1 11 1
4 2 3 5 6 10 6 8 2 9
3 11 15 30 5 1 12 1 3 9
0 0 2 3 3 4 3 7 13 8
21 16 5 9 6 8 15 12 12 6
5 22 3 5 7 2 13 5 11 10
12 6 6 2 5 6 9 1 11 5
15 14 5 3 9 2 3 2 3 1
1 5 3 2 4 5 1 8 3 3
11 14 14 0 5 7 5 7 3 6
3 11 5 6 2 3 2 0 3 0
3 8 10 10 6 6 12 3 5 1
8 6 21 8 18 9 9 5 14 5
7 18 20 6 7 7 3 4 5 7
8 7 3 6 1 3 4 6 6 6
14 1 3 2 21 14 4 5 8 5
3 4 4 1 6 1 8 4 1 1
3 17 2 10 1 11 3 20 17 6
10 3 3 12 0 3 4 10 2 7
7 7 10 9 10 26 1 1 10 1
1 46
2 94
3 64
5 10
6 52
6 76
6 81
7 12
7 15
7 88
9 77
10 59
10 70
10 94
11 33
11 65
11 98
12 89
13 17
13 31
13 84
15 86
16 52
16 56
16 60
16 77
19 66
19 76
19 105
20 90
21 57
24 115
25 94
27 121
28 30
29 94
29 111
30 105
30 118
30 125
31 55
31 107
33 41
33 75
33 90
33 101
34 42
34 47
35 41
35 75
36 37
36 38
36 85
36 96
37 102
37 111
37 135
38 71
38 97
38 111
38 124
39 100
39 118
41 88
41 99
41 126
42 54
42 61
43 129
43 140
44 102
45 55
46 64
46 116
48 109
49 64
49 66
49 72
50 71
50 125
50 131
51 53
51 127
56 124
56 127
57 138
58 157
59 116
60 125
61 107
61 111
61 114
61 138
62 107
63 74
64 100
64 135
65 83
65 130
65 147
66 87
67 86
67 160
68 99
68 108
69 100
69 132
71 131
71 167
72 127
73 119
73 134
73 153
74 82
74 83
74 155
76 119
77 141
77 156
79 161
79 163
82 103
82 109
83 106
83 131
85 122
85 151
85 172
87 137
88 181
89 182
90 164
91 111
91 126
91 130
92 107
92 158
94 191
95 97
95 131
95 147
95 156
96 109
96 187
97 134
97 185
99 180
100 128
100 144
101 191
104 145
104 183
104 202
105 162
108 131
108 155
108 176
109 133
109 141
109 173
110 112
111 120
111 129
111 190
112 120
114 115
116 128
116 195
117 146
117 178
118 151
118 191
118 196
119 126
119 173
119 201
120 158
120 160
120 177
120 188
121 135
121 157
121 196
123 158
123 165
124 182
125 219
128 161
128 185
128 215
129 182
129 211
131 209
132 167
132 199
133 142
133 155
134 150
135 136
135 211
136 137
137 139
137 163
137 230
138 149
138 225
139 189
141 206
141 232
144 146
145 204
146 174
146 178
147 170
147 184
148 157
148 184
149 180
149 224
150 221
151 174
151 194
152 167
152 178
152 224
152 236
153 172
153 179
153 185
154 163
154 217
156 184
156 187
156 252
157 214
158 162
158 234
158 240
159 161
159 168
159 203
159 206
160 172
160 242
161 187
161 230
161 238
163 172
163 182
164 182
164 231
164 232
166 197
166 243
167 168
167 189
167 250
168 171
168 219
168 266
170 242
171 249
172 176
172 210
174 235
175 207
175 258
176 200
177 222
178 255
179 197
179 257
180 261
181 184
181 255
181 259
182 189
182 212
182 243
182 273
183 196
183 227
183 231
186 188
187 199
187 210
187 219
187 282
188 242
189 200
189 230
190 236
190 264
191 225
193 215
194 211
194 278
195 203
195 227
195 238
195 291
196 229
196 259
197 250
197 275
198 211
198 213
199 210
199 227
199 230
199 298
199 299
200 294
201 202
201 241
202 224
202 279
203 297
205 230
205 301
206 284
207 225
207 302
208 248
208 285
211 252
212 261
213 305
214 265
215 249
215 301
216 300
217 273
218 313
219 255
219 290
220 221
220 299
221 257
222 266
222 277
222 280
222 282
223 234
223 252
223 275
224 240
224 302
225 242
225 251
225 259
225 268
225 324
226 271
226 287
227 293
227 308
228 303
229 324
230 256
230 313
231 239
231 310
231 317
232 247
233 276
234 334
236 244
236 271
236 334
237 312
238 286
238 291
241 251
241 267
241 336
242 312
243 250
243 317
243 321
243 334
243 337
244 299
247 267
247 286
247 327
248 324
250 315
251 347
252 261
252 287
252 291
252 300
252 308
252 315
252 343
253 289
253 310
255 309
255 317
255 324
255 355
257 274
257 282
257 288
257 348
259 316
259 343
260 270
260 281
260 295
260 344
261 332
261 345
262 298
265 288
265 316
266 330
266 366
267 351
268 272
268 367
270 296
270 314
272 276
272 345
273 345
274 339
275 343
275 355
276 300
276 350
278 279
278 293
278 326
278 352
279 304
279 323
279 354
280 282
280 327
280 349
280 364
280 368
281 294
281 334
282 326
283 338
284 323
285 304
285 320
285 325
285 332
285 348
285 355
285 357
286 303
286 314
286 368
287 288
287 296
287 366
287 380
288 336
288 360
289 313
289 349
290 357
291 389
292 302
292 344
293 333
294 324
294 374
296 316
297 308
299 378
299 388
300 336
300 361
301 331
302 305
302 312
302 345
302 388
304 314
305 348
305 392
308 368
309 317
309 402
311 346
311 364
312 337
314 324
314 361
315 364
315 412
316 380
316 412
317 324
317 337
317 359
318 352
318 395
319 360
319 379
319 417
321 359
321 364
322 337
322 343
322 373
323 368
323 398
323 414
324 342
324 356
324 384
324 389
324 393
325 353
326 382
326 404
328 351
328 386
329 351
329 364
329 416
330 390
331 333
331 347
331 410
332 372
332 378
333 344
333 367
333 397
334 418
335 351
336 426
337 380
337 399
338 363
338 395
339 381
339 394
340 368
341 409
341 426
341 436
342 430
343 432
344 358
345 420
345 435
346 352
346 391
346 407
347 348
347 422
348 355
348 390
349 364
350 365
351 413
352 365
352 379
352 430
353 427
354 398
354 430
355 382
356 401
356 454
357 392
358 391
359 363
359 415
359 444
360 394
360 425
360 445
361 363
361 371
361 418
362 363
363 418
363 447
364 366
364 367
364 383
364 411
364 449
364 457
365 395
366 380
366 405
367 410
367 424
367 434
368 447
368 464
369 414
370 421
371 464
373 462
373 468
374 424
374 460
376 429
376 442
376 448
377 401
379 421
379 461
380 471
381 383
381 430
382 400
382 438
382 446
384 426
384 460
384 477
385 452
386 409
386 479
387 394
388 398
389 484
390 476
390 485
391 405
391 462
392 420
392 469
393 466
394 434
395 427
396 447
397 467
397 470
398 476
399 424
400 453
400 465
402 461
402 497
403 443
403 451
403 459
404 500
405 438
406 500
407 471
408 422
408 469
408 505
409 459
409 483
409 505
410 441
410 490
412 414
412 466
413 427
413 446
414 429
414 456
414 495
414 501
415 458
415 482
415 507
416 487
416 489
417 429
418 428
419 487
419 492
420 437
421 424
421 462
421 490
423 427
423 432
424 455
424 465
427 484
428 443
429 460
429 479
430 435
430 488
431 510
433 439
434 490
435 440
435 482
436 472
436 491
436 533
437 460
437 506
438 491
439 446
440 499
441 446
442 463
442 512
442 523
443 524
444 492
445 516
445 536
446 452
446 470
446 505
446 539
446 545
448 490
448 521
448 537
449 457
450 471
452 506
452 547
453 486
453 552
455 479
455 495
455 508
455 554
456 553
457 462
457 481
457 503
457 536
457 547
458 479
458 503
459 473
459 517
459 535
459 553
460 477
460 518
460 533
460 559
461 515
462 467
462 532
462 555
463 545
464 507
464 558
465 523
467 495
467 536
467 543
470 488
471 515
472 497
472 564
473 557
474 557
475 550
475 554
476 521
476 573
477 492
477 512
477 560
478 509
478 510
478 537
479 516
480 557
482 494
483 500
483 501
484 544
484 555
485 509
486 529
487 519
487 575
489 497
489 562
489 565
489 571
490 496
490 577
491 524
491 560
491 563
492 494
492 557
492 591
494 517
495 536
496 572
496 582
497 507
497 553
497 584
497 588
498 585
499 517
501 511
501 552
501 561
503 590
504 530
504 536
506 509
506 543
506 592
506 595
506 602
507 511
507 550
507 554
508 529
508 566
508 601
509 608
510 530
510 559
510 565
511 547
511 586
511 587
512 539
512 563
513 521
513 524
513 536
513 587
514 550
514 599
516 540
516 578
519 565
520 530
520 547
521 525
521 611
524 581
525 605
525 611
526 547
526 595
527 560
527 565
528 600
529 621
530 557
530 625
530 629
531 595
534 538
534 552
534 553
534 620
535 545
536 540
537 560
537 579
537 590
537 612
538 565
538 595
538 624
539 554
540 570
542 599
544 611
544 619
544 620
545 603
545 626
546 564
547 568
547 588
547 613
550 614
550 648
551 637
552 595
552 601
553 567
553 622
554 597
554 602
554 608
554 623
554 630
555 568
555 603
555 634
556 557
556 568
557 594
558 579
558 587
558 608
558 636
559 575
559 605
560 566
561 593
561 626
562 570
564 569
564 596
564 603
564 634
566 652
568 571
568 573
570 656
570 667
571 605
572 615
572 641
573 596
574 634
574 657
575 654
578 608
578 621
578 627
579 638
579 679
580 601
580 658
583 647
583 653
583 659
583 665
584 611
585 596
586 594
587 606
588 619
588 670
588 672
589 605
589 619
589 659
590 667
590 672
590 675
591 634
592 628
592 631
592 672
593 685
594 612
594 636
594 661
594 669
595 627
596 600
596 625
596 641
597 614
597 658
597 685
598 633
599 630
599 686
599 690
600 693
601 666
601 677
602 673
604 643
605 645
606 628
607 655
607 677
607 687
608 616
608 660
608 668
610 623
611 670
611 682
612 675
613 633
614 617
616 638
617 637
617 657
617 683
620 688
620 699
621 638
621 717
622 629
622 710
623 640
623 686
626 716
627 638
627 703
627 723
628 641
628 651
628 677
628 681
628 683
628 710
629 662
629 712
630 673
632 662
632 694
633 668
633 674
633 712
634 646
634 672
634 688
635 637
635 656
635 695
636 637
636 647
638 641
638 688
639 720
641 739
643 705
644 674
645 732
646 685
646 722
647 723
647 742
648 671
648 703
649 704
649 726
650 673
650 674
651 665
651 700
651 711
652 666
652 700
652 720
653 679
653 737
654 722
655 723
655 748
657 663
657 669
659 689
659 720
659 750
660 675
660 758
661 723
663 712
664 683
665 725
666 671
666 683
666 724
668 694
668 701
670 721
671 742
673 732
673 762
674 730
675 722
675 745
676 706
676 729
677 720
677 764
679 696
680 776
681 743
681 755
683 690
683 769
684 700
685 726
687 704
687 707
687 719
687 749
688 710
690 696
690 702
690 713
691 712
691 732
692 709
692 734
692 757
693 772
693 782
694 699
695 714
695 780
696 751
697 700
697 730
697 781
698 756
700 729
701 707
701 779
705 757
705 802
706 722
707 776
708 763
710 807
711 768
712 714
712 732
712 775
712 804
713 726
713 747
713 794
715 791
717 724
717 748
718 812
719 724
719 729
719 761
720 751
720 778
720 810
721 794
722 791
724 766
726 754
726 799
726 802
727 752
727 760
728 779
730 817
732 791
732 803
732 811
733 738
733 752
734 765
734 791
734 800
735 742
735 831
735 835
737 743
738 834
739 788
739 827
740 781
741 805
742 756
742 797
742 809
742 816
743 769
743 783
744 787
745 816
746 756
746 801
747 763
748 750
748 751
748 815
748 839
750 752
750 803
751 785
751 836
753 804
753 841
754 841
756 776
756 777
756 824
757 854
758 777
760 769
760 790
760 831
761 763
761 791
761 801
761 815
761 818
761 850
763 799
763 827
765 768
766 778
766 784
767 810
769 807
769 866
770 775
770 823
770 864
770 865
771 778
772 786
772 859
774 782
774 821
775 810
775 827
775 830
776 870
777 779
777 807
778 822
779 815
779 861
780 791
780 829
780 836
780 857
781 839
781 840
783 812
783 833
783 874
784 872
786 832
788 797
789 825
790 858
791 806
791 850
792 828
792 864
795 826
796 873
798 815
798 856
798 883
798 896
799 849
800 801
800 818
801 834
801 853
802 854
802 856
802 894
803 848
803 886
803 889
806 829
806 847
807 814
807 837
807 841
808 872
809 854
809 892
810 818
810 890
811 850
812 861
812 907
813 874
814 857
815 896
816 866
816 896
817 873
817 894
818 869
819 904
820 864
820 879
820 919
821 838
821 851
822 887
822 919
823 832
823 849
823 911
823 915
824 830
824 880
824 915
826 850
826 870
827 844
827 900
827 912
828 830
828 912
830 845
830 871
831 847
832 878
833 835
833 907
834 840
834 917
835 928
836 911
837 861
838 844
838 895
838 916
840 879
840 893
840 902
843 848
843 849
843 901
844 861
844 878
844 933
844 944
845 889
846 867
847 930
848 872
848 889
848 909
849 907
851 875
851 922
851 926
852 860
852 913
853 910
853 914
854 869
854 880
856 882
857 883
857 905
857 927
858 928
859 895
860 941
860 957
861 888
861 961
862 879
862 926
862 932
863 884
864 873
864 897
864 920
865 879
865 911
865 929
865 945
865 954
866 917
867 931
868 928
868 941
869 916
870 892
870 954
871 924
871 937
872 939
873 916
874 935
875 927
875 953
876 877
876 913
877 906
877 944
878 940
878 963
880 899
880 962
880 979
881 955
882 927
882 955
883 968
885 898
885 923
886 925
886 965
887 946
891 955
891 960
891 977
892 980
894 923
894 994
895 949
896 946
897 943
898 993
899 936
899 951
900 955
901 911
901 913
901 946
901 983
902 970
904 907
904 941
904 996
906 940
906 992
907 983
908 926
908 956
910 960
910 982
910 994
911 917
912 923
912 931
914 919
914 951
914 959
914 972
914 993
915 949
915 955
915 983
916 964
917 941
917 960
918 941
920 926
921 923
923 932
923 963
924 948
924 989
926 936
928 934
928 936
928 945
928 955
928 987
929 969
931 973
931 991
933 965
935 971
936 938
936 940
937 986
938 980
942 988
943 975
944 986
945 956
947 971
949 989
950 995
952 976
953 978
953 998
954 977
956 979
956 987
956 994
959 970
959 981
961 993
964 988
965 980
966 971
967 994
968 973
968 974
973 985
974 995
979 986
980 987
992 997
0 3 18 3 31 12 1 18 14 14
8 0 0 7 3 29 1 29 8 10
5 3 23 24 16 8 0 4 19 37
4 13 2 8 10 3 4 2 2 7
5 4 22 35 19 10 26 16 5 3
2 2 1 8 8 11 5 17 5 11
7 3 8 4 13 9 31 33 23 23
2 6 11 5 29 8 28 9 6 11
11 10 10 20 7 5 3 19 0 14
2 6 8 1 16 10 1 19 15 2
8 2 37 9 18 12 2 22 13 3
1 23 2 7 17 1 8 5 2 1
4 1 19 4 0 17 5 1 12 3
8 4 7 12 4 7 27 8 22 2
18 23 33 22 1 20 22 10 2 4
24 10 19 1 22 2 19 35 0 16
20 0 37 24 4 1 6 4 17 11
5 5 8 13 16 10 2 1 15 6
9 17 1 18 17 1 1 19 14 44
5 8 11 15 1 6 6 6 5 15
16 7 6 16 6 10 5 12 12 16 1 22 11 1 7 22 8 4 9 9
36 35 39 57 32 38 20 36 21 43 30 63 58 36 29 26 37 45 27 32
28 33 30 46 29 40 28 31 42 33 21 48 40 41 27 26 35 27 32 48
44 63 38 55 20 52 33 26 34 61 45 55 61 36 13 26 40 53 41 36
8 15 8 7 3 5 3 1 11 7 7 8 13 6 13 9 11 5 7 10
12 14 2 8 1 9 6 5 1 15 6 15 18 1 1 10 4 2 6 1
46 58 36 49 41 50 29 39 42 50 44 44 66 36 33 45 43 42 26 45
8 8 2 7 1 4 3 4 2 8 1 10 15 3 6 11 10 5 6 6
41 44 35 43 29 42 33 32 36 45 36 44 47 37 18 43 44 33 34 35
23 25 26 33 5 18 13 14 17 27 18 33 35 13 5 22 30 23 25 21
8 8 6 11 5 11 2 4 6 7 4 16 13 3 4 10 10 6 2 2
27 24 25 34 18 28 28 25 21 28 21 36 31 22 5 35 35 24 25 21
13 10 9 8 8 8 3 5 4 17 11 16 18 8 6 8 10 10 7 3
23 46 21 54 25 42 9 21 41 41 29 59 38 32 31 28 36 34 38 36
21 31 14 37 18 26 14 16 20 33 23 44 29 22 19 28 21 20 27 11
18 22 25 55 28 33 3 35 26 19 13 63 38 22 31 28 28 30 24 38
42 48 29 34 4 39 12 12 25 39 30 34 45 8 10 19 29 27 28 25
10 11 7 2 10 8 8 4 3 14 12 10 18 11 7 9 11 6 3 3
8 11 4 9 4 9 1 6 6 9 5 16 14 6 8 10 11 5 9 7
17 19 25 35 10 16 6 7 25 23 19 37 24 15 9 18 27 26 30 20
15 15 11 13 9 18 8 10 3 11 8 17 19 7 4 3 9 11 8 9
35 42 21 45 21 41 27 31 24 46 24 51 40 25 14 22 6 30 30 25
12 14 13 20 4 11 1 1 11 17 12 24 18 5 7 7 10 16 16 6
7 8 4 12 1 6 1 3 9 7 1 17 2 1 2 13 8 2 14 2
18 33 10 24 19 30 15 20 18 16 13 27 26 11 19 28 16 10 14 19
35 47 24 54 32 52 37 40 32 50 24 58 45 39 13 34 26 43 29 35
7 15 4 10 1 7 1 1 6 6 2 13 6 1 5 7 7 2 14 3
39 33 26 39 20 35 30 33 19 38 25 40 44 20 11 21 12 29 18 24
29 38 27 40 22 34 22 30 11 36 24 47 61 38 26 19 33 34 9 30
19 12 17 22 5 13 2 8 18 22 12 27 14 6 3 14 14 13 19 13
41 36 51 51 35 46 20 41 27 41 31 49 58 44 28 15 45 52 26 42
8 8 8 10 1 2 1 1 7 6 4 9 9 1 3 7 8 9 9 1
39 40 23 49 30 45 34 39 13 51 37 58 50 40 12 32 29 37 26 23
11 7 8 17 3 11 2 6 3 12 1 20 13 1 1 8 3 9 5 5
9 15 6 13 1 8 2 5 7 12 3 20 13 8 5 13 15 4 17 10
25 18 35 35 20 22 12 25 14 22 17 40 39 25 13 4 21 34 14 26
28 27 14 21 7 23 18 19 6 27 17 27 26 13 1 21 18 13 16 6
4 4 4 7 1 1 1 1 3 3 1 10 3 1 1 5 4 5 7 1
10 13 8 1 7 8 4 2 1 12 11 9 13 8 3 2 8 6 5 1
13 14 18 20 5 10 10 12 9 12 5 22 26 14 7 18 28 15 12 16
41 44 30 34 27 35 23 25 23 51 45 31 54 29 12 24 36 40 16 19
32 43 31 51 38 46 19 33 45 35 36 55 32 27 29 43 37 31 45 37
8 23 9 13 1 11 2 1 12 7 7 8 21 9 13 8 18 9 13 12
26 37 24 40 10 29 14 11 30 42 26 45 31 21 9 20 27 31 43 24
28 49 19 43 29 46 24 24 27 43 29 48 57 39 41 22 36 27 17 31
25 19 16 22 6 16 11 13 17 30 17 30 25 9 5 23 19 11 19 12
10 15 8 10 1 10 1 1 5 10 6 7 9 1 1 2 5 9 11 1
10 26 8 10 6 19 8 5 10 6 8 12 23 17 12 6 26 5 9 16
29 36 28 46 28 37 17 31 37 29 23 48 34 23 23 31 27 26 33 40
36 40 32 38 18 40 10 17 31 34 29 39 38 11 13 13 21 30 27 33
23 21 12 18 9 19 14 15 6 21 9 25 27 9 7 16 11 10 11 12
26 20 10 12 6 17 15 17 2 26 13 20 26 8 5 15 8 8 5 8
32 49 41 54 35 44 15 35 42 32 33 49 64 42 41 32 54 44 23 54
1 1 1 6 1 1 1 1 1 1 1 6 5 1 1 5 8 3 4 1
37 46 36 47 21 38 14 22 21 46 34 50 62 30 25 14 36 43 26 33
18 12 26 29 20 15 18 19 17 25 20 35 32 29 10 26 35 28 15 20
44 60 19 59 20 55 23 33 35 56 41 59 66 35 34 33 27 39 26 42
17 19 17 14 8 17 7 9 2 14 9 17 24 7 5 2 15 16 9 10
31 25 10 23 9 24 24 23 10 31 22 33 32 19 7 32 18 14 13 11
11 9 7 12 2 9 1 6 7 12 3 19 6 4 3 12 9 4 16 7
35 49 30 45 24 45 11 24 39 35 29 42 59 24 32 26 43 33 21 46
54 48 43 62 30 50 34 38 35 64 48 67 58 35 11 28 32 49 47 38
11 23 12 32 15 26 13 15 27 16 10 38 16 23 17 30 28 11 27 27
28 40 14 52 14 35 27 28 14 40 32 59 51 38 19 34 27 37 23 18
20 25 18 32 14 26 10 12 15 28 16 35 22 16 5 3 3 25 23 12
41 39 40 49 26 38 31 34 34 40 27 50 49 33 17 32 36 37 36 41
15 21 10 20 5 21 8 7 7 17 6 26 13 8 3 10 9 12 17 5
6 14 10 15 2 5 1 1 12 10 9 15 16 7 6 10 15 9 17 9
56 57 33 54 30 54 38 41 24 64 51 62 61 39 17 25 19 44 40 34
6 18 7 27 13 18 1 13 17 6 5 31 20 5 19 19 10 11 10 20
18 32 19 29 6 25 18 11 14 24 13 25 23 16 1 13 20 26 28 12
45 49 37 52 43 52 31 43 44 50 38 57 55 40 29 43 39 38 35 49
7 15 6 11 1 7 1 1 8 7 4 9 12 2 9 8 6 7 8 6
21 19 19 15 8 12 9 6 8 23 17 19 28 10 2 12 22 19 14 7
33 29 36 61 46 42 20 43 47 43 40 69 45 36 39 50 46 45 40 45
36 57 23 51 21 51 26 26 40 49 35 50 59 34 40 32 31 29 22 42
27 34 25 50 22 41 27 31 45 37 19 51 24 32 23 41 33 29 46 41
36 50 35 62 29 56 40 36 50 52 28 63 49 50 28 34 40 39 49 52
4 12 5 8 1 5 1 1 8 5 4 12 11 6 9 11 14 1 11 9
29 36 30 50 21 38 19 24 29 37 21 54 37 24 15 28 29 33 34 29
28 32 31 29 20 30 20 25 15 26 19 32 47 29 17 12 30 31 13 32
32 53 27 59 14 41 32 36 23 48 27 64 59 50 24 27 36 48 36 38
33 41 20 47 20 38 32 29 25 45 30 55 40 38 18 39 29 31 32 25
9 9 8 7 2 3 1 1 10 11 7 8 7 3 6 8 3 6 7 4
7 14 8 5 6 9 6 1 6 7 8 9 13 7 7 7 10 4 7 6
13 38 14 44 19 31 8 15 33 25 19 48 29 24 26 24 23 22 32 29
22 25 11 23 8 22 18 16 10 20 15 22 26 9 8 25 12 13 9 6
19 45 18 45 28 43 25 24 35 33 22 47 44 44 33 31 40 27 25 36
36 44 21 45 15 33 23 24 17 44 36 50 54 31 19 33 30 34 27 24
33 50 22 42 29 41 32 30 27 44 38 39 69 48 36 32 44 37 5 34
37 37 37 45 13 36 14 28 23 33 22 42 59 23 24 18 38 36 13 39
1 4 6 12 1 1 1 1 5 4 1 14 10 2 2 10 11 7 6 2
11 22 18 24 1 10 2 8 10 16 7 23 35 18 17 10 25 19 14 21
31 46 21 32 36 43 21 29 26 38 35 33 56 46 35 15 39 32 6 35
11 15 11 16 5 12 5 6 7 7 6 20 23 9 8 10 22 11 11 13
15 41 27 48 16 35 6 15 27 19 17 44 48 33 36 10 35 32 18 37
31 36 22 27 2 24 10 8 22 33 26 30 36 9 6 21 29 17 28 22
10 15 6 8 11 8 7 3 6 14 13 17 22 15 13 13 18 7 7 8
12 11 5 15 5 9 3 5 3 18 7 24 20 5 7 13 8 8 9 1
1 3 4 12 1 3 1 1 4 1 1 10 7 1 3 5 2 5 2 3
10 11 8 5 1 4 1 1 7 10 6 6 8 1 4 8 6 7 11 5
35 35 37 47 15 34 12 18 28 39 28 50 42 18 3 14 28 36 39 32
17 31 18 31 17 28 11 11 9 23 16 37 41 27 18 8 26 23 15 20
36 42 27 43 39 38 18 36 32 41 32 50 54 27 32 40 34 33 21 39
15 15 15 16 8 17 7 9 1 12 7 18 24 6 1 1 10 15 6 11
19 45 27 59 37 46 25 24 45 38 31 58 54 49 45 36 54 36 29 46
13 17 14 25 12 15 5 10 18 15 10 32 22 10 16 24 20 12 15 17
49 63 32 49 35 55 33 37 25 60 46 55 65 46 28 13 29 41 33 33
13 16 10 8 4 9 6 1 9 11 9 9 9 4 5 11 8 6 10 1
19 29 25 50 13 31 4 20 27 22 11 50 25 11 12 23 23 26 29 29
15 10 5 6 2 7 6 9 5 16 2 12 14 2 6 13 3 4 4 5
12 12 4 12 1 7 1 2 4 15 4 16 13 2 2 9 7 5 15 4
39 57 28 45 23 51 36 34 37 49 21 43 48 43 12 29 31 42 37 39
46 54 31 60 24 50 27 31 35 62 50 65 53 37 19 37 42 46 45 34
36 53 18 54 11 44 31 31 34 54 25 59 48 40 17 32 25 39 44 34
12 24 9 12 6 16 5 4 5 16 12 19 17 12 10 1 8 10 16 7
38 35 22 39 15 34 15 23 26 42 28 47 41 12 13 28 19 23 23 27
17 29 6 30 14 19 10 13 8 27 20 37 41 20 22 21 21 17 8 10
18 22 12 19 11 18 9 13 13 17 9 25 25 8 15 21 16 11 10 13
6 12 2 11 1 11 1 3 1 6 1 18 7 3 3 2 6 1 12 5
32 34 32 41 34 37 20 31 31 36 28 41 40 25 15 34 30 31 20 32
31 45 32 42 18 38 21 16 27 39 26 40 59 33 27 13 35 34 23 35
35 30 32 56 25 37 28 35 30 44 29 64 46 35 23 44 38 35 36 34
11 25 14 28 1 17 4 4 14 15 6 28 20 12 8 7 17 20 24 15
28 27 19 23 7 18 15 13 14 30 22 26 37 11 11 21 19 19 14 13
37 49 20 53 23 48 26 33 31 59 30 59 42 33 21 20 13 41 35 30
23 18 16 19 14 21 15 17 9 23 13 24 30 12 7 18 17 17 3 11
29 22 24 37 20 22 16 23 18 42 25 42 39 22 12 25 26 30 23 22
2 12 1 10 1 9 1 1 4 3 2 11 7 2 3 8 7 3 11 2
18 24 22 29 14 22 12 19 13 18 13 35 39 23 21 20 33 22 12 24
20 14 13 15 16 14 11 13 3 26 15 23 32 15 10 8 9 16 7 12
15 50 12 35 12 41 17 19 33 24 13 34 27 26 19 14 17 23 27 31
4 13 5 8 4 7 3 1 6 7 6 14 12 6 7 10 13 1 12 7
42 36 38 54 38 42 33 38 42 55 38 55 57 50 29 28 37 44 40 47
17 20 14 8 4 13 7 3 9 16 13 6 15 5 2 8 11 10 10 4
28 11 31 38 19 25 23 30 19 29 16 41 32 23 5 29 34 30 26 29
18 26 20 26 9 22 2 1 18 21 21 26 27 7 9 8 17 21 18 12
6 12 5 2 2 8 3 1 1 4 4 5 8 2 1 5 9 2 6 1
18 22 19 26 20 23 11 18 20 18 16 33 25 16 15 24 26 17 14 18
10 10 7 17 8 11 3 8 13 12 7 23 14 5 11 18 13 7 10 8
14 26 4 14 13 17 2 9 8 25 17 23 30 21 22 6 17 12 7 11
29 34 38 52 31 40 27 34 21 45 30 60 41 45 13 22 40 48 35 32
39 49 41 53 26 49 26 39 30 46 27 56 67 51 36 22 51 47 31 44
39 43 25 44 26 44 20 29 27 42 31 52 42 16 15 27 14 24 27 26
17 42 17 30 12 33 22 14 22 25 14 29 38 32 20 14 29 24 20 26
35 29 30 28 29 31 22 26 25 37 29 36 33 26 12 26 25 27 21 24
7 10 4 10 8 8 3 1 6 10 9 18 17 9 8 12 13 6 6 4
35 36 25 40 16 34 21 22 23 40 21 43 34 18 6 17 12 29 36 22
12 24 10 15 8 13 7 4 7 19 13 17 24 14 13 10 11 13 15 9
7 14 9 13 5 9 2 3 2 8 7 21 25 13 7 5 22 9 8 10
19 29 11 27 8 26 3 11 22 22 12 31 18 2 10 20 10 12 20 14
51 55 31 45 16 48 26 27 23 55 43 48 67 31 14 20 29 41 28 36
28 27 17 29 22 26 23 26 14 39 28 39 38 28 13 30 27 23 16 13
13 13 8 12 2 7 3 2 11 15 7 14 12 2 7 15 7 7 14 6
11 20 5 10 2 16 6 4 3 11 4 15 13 7 6 7 9 3 12 6
39 45 30 37 33 47 18 33 33 33 32 34 36 16 16 24 22 30 22 33
23 38 31 40 21 27 12 13 30 33 32 40 49 34 26 19 46 36 28 31
25 44 19 39 29 39 12 22 22 37 27 41 44 27 29 19 22 30 16 22
7 11 13 12 9 8 6 4 5 10 11 17 23 12 7 9 18 14 6 7
6 9 4 3 4 7 4 1 4 1 5 3 10 3 3 4 7 4 1 1
10 23 10 21 11 18 1 5 20 15 14 25 18 3 15 18 12 8 15 14
14 24 15 20 6 19 5 3 16 14 14 20 13 5 7 14 16 11 21 8
37 41 30 45 33 42 12 27 38 48 42 52 44 32 25 28 43 39 28 34
13 10 18 21 2 8 2 7 9 9 7 23 22 8 6 9 21 17 11 11
28 35 22 31 24 31 27 29 28 26 21 30 35 23 17 41 33 19 17 29
12 18 14 16 13 15 11 9 13 13 15 20 22 16 8 17 23 13 13 10
1 2 1 6 4 3 1 1 6 2 3 13 6 2 6 9 6 1 2 1
31 37 30 40 19 35 25 33 12 32 21 45 54 36 19 26 42 34 18 30
18 17 17 11 12 13 8 9 6 18 16 17 26 12 9 4 15 17 8 8
32 40 9 30 1 30 24 25 14 32 22 34 40 22 15 32 19 21 23 22
16 16 9 4 5 6 9 5 3 16 10 10 21 8 3 12 15 7 7 5
29 34 33 60 31 36 11 35 22 44 25 67 54 46 33 16 37 50 31 38
9 7 5 9 3 10 1 6 1 8 1 15 5 1 1 5 4 3 8 3
7 11 5 4 1 2 1 1 8 7 3 5 8 3 9 6 3 3 5 6
46 44 43 54 31 49 39 33 37 57 46 56 54 41 17 41 48 46 49 36
12 7 21 23 2 4 2 10 10 12 5 18 23 9 11 11 16 22 7 14
32 38 10 55 18 43 32 38 24 52 29 67 41 39 19 41 19 34 32 26
47 55 37 62 37 57 39 40 39 60 44 65 61 53 31 39 47 41 43 42
16 22 21 43 22 20 3 26 24 22 14 47 39 17 32 30 25 28 19 30
28 38 25 33 22 31 10 15 16 37 29 37 49 26 20 12 32 33 17 21
23 29 27 53 32 35 15 26 39 35 29 56 32 28 27 38 31 32 38 33
17 12 10 11 9 14 9 10 1 17 8 17 24 7 4 9 12 10 6 7
12 11 25 39 14 20 7 22 17 13 6 44 25 20 14 23 32 23 16 25
15 10 20 18 7 12 6 12 1 12 7 20 24 9 2 4 17 19 6 12
42 57 33 66 25 54 25 36 48 43 28 59 61 28 34 38 36 35 36 54
16 16 30 48 27 21 1 30 31 19 16 52 40 29 39 24 34 32 23 40
25 19 35 43 11 24 9 20 26 28 18 44 28 19 5 20 36 34 33 29
31 28 22 51 36 33 11 38 20 42 29 58 54 42 37 21 36 48 6 34
9 10 22 24 6 7 8 13 7 7 6 25 25 17 8 14 31 20 12 17
13 5 7 6 6 8 4 8 3 15 3 12 9 4 1 7 3 6 3 5
8 22 5 27 16 18 1 14 20 7 8 30 24 5 24 22 15 12 12 23
16 14 10 14 11 16 2 9 13 18 9 20 12 3 9 13 5 6 6 8
8 8 3 5 1 1 3 3 1 9 1 7 18 2 4 6 6 4 1 6
14 28 16 31 8 24 10 10 28 18 12 31 19 24 15 21 30 13 30 25
30 34 37 36 10 29 7 11 24 32 30 40 42 18 7 13 41 36 30 27
17 21 15 16 16 14 7 7 9 25 23 20 27 17 13 10 17 21 11 4
20 19 31 44 26 22 1 25 23 31 23 45 44 31 35 13 31 41 15 28
13 19 9 21 18 16 5 9 5 22 20 28 32 20 15 9 22 22 6 7
8 12 10 4 3 6 4 1 1 4 7 3 13 3 1 3 13 9 5 1
38 33 36 43 20 29 23 30 22 39 26 46 52 25 17 21 25 35 24 32
25 42 20 43 18 40 23 27 30 38 15 48 32 32 16 13 11 33 34 34
14 27 24 42 26 25 12 21 19 23 24 47 39 32 25 20 37 31 20 22
28 44 38 63 11 44 16 26 43 39 19 61 42 30 20 23 44 46 47 50
32 30 38 45 19 31 24 35 14 31 18 49 43 27 10 23 35 35 27 29
13 20 10 10 9 14 6 5 7 15 13 17 20 11 11 8 10 10 11 7
37 35 28 49 31 38 30 35 28 46 30 59 45 32 20 31 22 30 35 33
49 46 31 50 20 45 34 37 23 47 35 51 55 27 13 37 26 39 28 33
5 23 1 19 9 19 1 9 20 6 1 22 16 11 24 19 15 1 8 21
38 41 40 49 9 38 16 21 24 38 25 48 49 19 14 19 39 42 34 29
36 32 29 38 17 31 29 37 15 38 31 44 56 37 20 33 30 40 11 30
25 26 28 34 24 23 16 28 13 30 22 41 49 29 30 22 28 32 6 26
19 15 10 12 5 13 7 11 6 19 6 17 13 2 2 12 5 8 11 5
44 46 32 38 34 38 20 31 24 53 41 37 65 38 24 21 38 46 8 33
27 38 19 41 18 30 18 20 24 44 28 48 36 30 18 27 30 28 35 22
16 15 21 33 11 21 8 22 8 15 4 37 31 13 14 15 19 21 7 20
6 14 3 14 13 6 2 4 9 18 12 19 26 18 23 11 11 12 2 10
31 37 28 39 12 35 4 13 30 30 22 39 36 6 17 20 29 27 27 31
7 24 9 22 1 14 3 3 12 12 4 26 18 15 8 7 18 12 23 13
9 14 7 7 1 7 3 1 5 10 6 8 7 1 1 9 8 6 13 1
14 7 6 20 2 8 9 13 11 17 1 25 16 4 4 25 12 5 10 9
27 36 17 32 5 30 11 14 20 29 12 32 31 16 14 18 25 16 29 25
22 46 18 36 31 46 23 29 30 33 23 40 38 37 26 21 24 27 16 34
33 54 34 53 29 47 31 36 31 54 31 55 58 51 21 24 45 50 33 40
2 14 7 23 6 11 1 3 10 4 3 28 14 4 10 12 11 8 12 9
9 14 7 5 3 8 4 2 1 7 6 9 14 6 1 6 15 6 8 5
18 26 30 49 14 26 10 23 25 24 10 48 36 32 29 19 36 37 34 35
22 39 21 37 39 38 20 28 29 32 33 36 38 31 25 35 32 26 17 27
31 29 17 44 14 30 22 23 21 44 27 50 34 28 11 34 20 27 32 20
10 15 7 3 1 5 5 3 4 10 6 5 14 5 8 10 12 4 9 8
22 30 5 26 11 19 10 15 8 34 23 34 33 18 17 20 12 17 13 6
12 6 7 7 9 10 4 9 4 16 6 16 15 7 7 7 3 7 4 9
26 53 15 50 10 46 17 24 42 38 15 50 37 24 23 27 25 29 38 38
23 39 21 22 24 30 21 16 14 33 28 19 35 32 9 13 22 28 17 18
12 7 4 6 4 8 6 8 6 14 4 13 10 5 4 12 5 4 6 1
16 20 9 17 3 11 6 6 14 19 11 17 27 6 13 19 15 9 10 12
37 54 38 51 18 51 15 16 42 39 31 44 57 25 25 13 37 37 30 47
5 11 4 12 2 7 1 1 9 5 2 11 5 1 5 11 4 5 8 2
10 12 7 4 1 7 2 1 4 6 6 8 5 1 1 6 10 4 9 1
27 37 27 39 22 34 9 20 31 28 23 41 43 20 21 20 29 25 21 35
11 40 26 48 19 28 19 18 23 33 21 47 60 43 43 20 45 35 21 36
16 21 15 35 21 21 1 23 23 17 13 42 33 11 30 26 21 20 15 30
21 13 10 12 8 12 10 14 5 25 9 19 21 6 4 14 6 11 7 5
11 14 7 6 1 1 7 6 6 13 5 10 15 6 9 15 13 5 11 9
26 42 18 41 22 42 24 28 29 39 19 45 30 27 18 23 14 31 27 22
38 43 29 43 36 44 9 28 35 44 41 46 48 18 28 23 27 39 22 32
17 17 16 17 10 19 9 11 6 14 9 19 23 7 6 10 17 15 10 9
9 11 9 3 3 5 4 1 3 9 8 4 9 4 1 5 9 8 6 1
25 21 22 29 19 21 17 21 16 28 16 35 38 22 12 15 18 25 20 28
35 45 27 37 22 41 16 20 25 39 27 40 48 24 20 15 23 29 24 30
14 21 18 26 12 18 7 7 20 18 16 28 20 13 9 19 22 16 23 12
42 60 28 55 39 59 42 41 38 54 41 56 69 52 37 40 42 36 19 48
14 13 13 23 11 14 9 11 20 20 11 31 7 13 7 26 18 9 24 12
41 57 20 53 39 47 13 37 41 49 44 54 66 31 49 41 37 39 18 40
34 26 30 30 12 27 15 18 23 34 22 32 28 12 1 20 29 25 31 24
11 6 4 16 4 10 3 8 7 12 1 20 13 1 5 16 8 7 7 4
24 40 27 53 9 30 14 21 23 33 21 54 55 36 29 25 40 33 27 32
29 26 20 33 1 24 6 11 19 29 15 32 26 1 1 19 20 20 28 14
31 52 27 48 18 47 17 16 37 49 35 49 39 24 16 19 25 41 37 29
12 20 18 23 6 15 8 10 12 10 7 26 25 16 9 14 30 15 19 20
19 37 26 44 14 35 25 29 22 27 9 47 37 38 13 13 23 40 28 30
13 10 5 5 8 11 6 7 1 16 9 14 16 8 6 7 7 4 4 4
18 15 8 22 5 17 8 11 11 19 3 29 12 4 6 21 8 7 19 8
32 51 28 68 36 55 26 41 47 55 32 75 37 44 27 29 29 46 49 47
28 37 15 37 18 37 22 24 21 28 15 44 37 22 15 23 17 17 24 27
24 27 30 45 19 23 10 21 32 33 23 49 43 24 28 31 37 32 26 36
14 16 10 7 5 9 2 2 8 17 13 12 19 7 8 7 10 10 10 6
44 42 25 48 17 41 31 34 18 47 30 51 43 26 4 23 12 34 35 25
9 14 16 20 6 7 8 7 17 9 9 18 16 10 9 18 22 13 18 13
7 4 1 1 1 3 1 2 1 11 1 11 9 1 2 5 1 1 4 1
7 17 4 19 9 16 1 8 16 4 4 25 5 2 10 22 11 1 12 10
35 56 17 44 26 46 17 26 35 43 38 42 60 31 38 27 31 28 13 33
41 30 52 52 34 38 34 45 30 40 30 54 57 47 21 24 49 49 35 52
18 30 14 29 16 28 2 9 21 21 20 35 26 10 19 13 13 16 19 16
15 16 13 23 8 17 6 12 8 14 6 25 17 7 6 12 13 13 20 14
47 52 37 56 16 49 28 27 29 54 37 61 55 26 9 27 34 42 41 31
33 54 15 53 27 51 26 39 42 47 14 61 42 34 28 36 12 34 40 44
19 25 17 42 23 30 11 24 16 23 14 51 36 19 19 26 22 22 15 22
30 42 18 30 17 38 20 22 20 30 17 32 38 23 22 21 21 15 15 25
31 42 30 41 37 42 24 31 28 41 32 50 46 42 25 28 36 32 27 36
27 37 14 32 17 42 28 30 18 33 14 37 26 19 7 22 12 21 17 19
38 53 32 70 47 54 23 48 33 51 38 78 66 51 47 34 43 55 25 47
51 38 62 64 31 46 27 41 41 50 37 64 61 39 20 27 54 59 43 54
5 9 3 3 3 6 1 1 2 6 5 11 9 4 2 3 6 2 6 1
16 29 22 39 15 20 12 20 29 24 14 40 42 27 30 32 35 22 19 33
28 21 20 36 19 28 14 27 34 28 17 38 22 10 14 39 23 16 26 29
22 22 18 18 12 19 7 11 12 26 18 21 28 11 11 8 11 19 14 15
28 24 23 27 23 28 22 23 18 34 23 37 30 27 8 28 29 23 25 19
9 12 8 11 12 9 6 4 10 16 13 19 16 11 13 16 11 8 9 5
18 11 6 21 7 10 10 15 14 25 11 32 19 10 11 28 9 6 12 9
14 8 9 15 6 7 11 13 14 18 4 24 10 10 5 25 16 5 15 9
11 12 7 9 4 11 1 7 6 10 4 13 12 1 7 7 6 6 8 7
30 41 37 49 37 40 25 35 28 39 34 49 60 49 24 24 49 44 21 41
38 47 29 52 19 50 27 30 40 42 24 53 38 28 19 37 38 28 40 39
3 11 1 16 3 13 1 2 5 8 1 21 11 5 7 4 1 5 7 3
27 43 17 35 12 38 27 24 26 34 12 35 30 26 11 21 16 31 31 24
36 29 16 18 17 29 26 27 2 39 27 29 38 22 3 20 11 21 6 12
58 57 44 51 21 56 25 26 35 61 49 49 63 22 11 33 38 47 31 33
39 51 38 49 37 48 24 32 39 42 38 52 55 39 27 23 35 39 34 44
11 13 6 12 8 12 3 7 6 15 7 19 22 9 13 9 8 8 4 10
8 20 5 19 4 19 1 6 9 7 1 21 22 10 13 5 12 7 8 15
33 35 32 43 20 34 12 15 25 36 32 47 41 20 10 12 26 34 35 24
48 44 51 52 41 47 36 53 32 44 33 49 64 40 28 28 36 50 17 51
20 42 18 53 23 42 22 31 36 35 11 58 39 34 28 32 27 26 32 42
50 57 37 46 38 56 41 45 37 47 36 50 58 39 30 33 36 33 32 45
45 54 46 66 25 50 10 21 38 55 48 70 65 28 26 21 47 56 47 44
16 32 14 42 16 36 17 21 30 23 6 44 27 28 19 21 19 16 27 35
1 2 6 11 2 1 1 1 1 7 2 17 14 6 3 7 11 9 4 2
45 58 30 54 26 59 18 33 43 52 34 60 44 16 20 30 27 39 42 38
51 48 51 45 31 47 31 33 31 49 41 35 55 31 1 19 38 50 34 39
35 42 35 46 32 45 32 32 30 47 34 53 40 44 15 24 36 42 42 36
28 46 17 38 26 36 18 22 23 43 31 42 45 37 30 19 27 36 21 20
22 28 16 28 13 23 18 15 17 32 18 38 25 24 11 25 23 17 30 16
32 39 18 37 20 31 11 19 17 42 29 43 47 22 23 18 24 28 21 19
6 9 5 12 5 4 3 2 7 12 7 17 18 8 8 15 13 6 11 6
25 36 18 39 1 27 15 12 27 28 14 32 43 19 19 24 32 20 20 27
23 37 23 63 28 41 24 37 32 47 20 71 43 47 26 26 31 45 36 42
10 12 9 15 4 13 4 6 3 6 5 18 15 5 1 7 18 9 11 4
53 55 40 52 27 49 41 44 26 57 43 52 67 44 11 42 42 47 31 43
24 42 26 37 25 41 17 27 28 21 17 33 48 28 30 21 33 25 8 41
19 33 13 37 17 24 7 19 31 24 16 39 35 14 28 35 22 16 24 29
10 13 11 25 15 18 3 12 15 10 7 32 21 8 12 19 18 11 7 14
17 26 19 28 9 18 2 3 25 20 20 31 31 15 16 14 28 19 23 22
48 45 42 34 39 45 38 39 32 45 38 34 49 36 21 23 28 39 25 39
13 11 9 8 7 12 8 8 8 8 9 11 13 7 6 8 11 8 1 1
6 10 14 15 1 6 1 6 5 6 4 14 16 7 6 6 13 15 9 10
13 18 13 35 11 19 1 15 18 15 5 39 20 5 13 23 14 14 16 17
2 3 2 7 1 1 1 4 5 2 1 13 4 5 3 8 12 1 9 9
8 23 4 27 6 19 12 9 18 23 6 34 11 16 8 17 8 16 26 10
40 35 30 58 19 39 23 39 32 41 26 58 44 19 14 43 24 35 27 38
31 44 34 48 30 47 34 36 25 44 29 52 46 43 6 14 28 47 30 34
14 17 6 13 1 10 8 7 8 13 5 18 17 3 9 19 12 5 13 6
32 37 42 61 44 41 20 42 39 43 40 64 54 49 37 39 55 53 28 46
7 12 3 2 2 11 3 2 1 2 4 6 10 2 1 1 8 3 4 1
6 16 7 9 6 9 5 2 5 8 8 12 20 10 10 10 15 7 7 7
18 29 9 25 1 19 14 10 10 23 11 28 21 11 3 19 14 10 25 9
13 15 13 24 10 8 9 12 3 25 17 30 33 15 11 16 20 20 9 7
26 29 21 27 26 27 20 22 20 30 23 31 36 21 16 31 26 23 11 18
29 27 22 19 11 22 19 18 11 27 18 22 32 13 6 19 21 21 11 11
16 10 15 27 11 9 8 17 6 23 8 36 37 17 16 17 20 21 7 19
29 40 13 36 14 32 17 22 26 34 24 42 37 20 25 36 18 18 22 26
16 16 21 18 9 13 12 14 6 13 11 19 31 15 11 14 27 21 8 16
21 24 14 17 11 19 7 9 14 27 16 19 34 19 17 6 15 14 9 20
24 30 22 31 14 24 8 14 19 27 18 36 40 16 21 19 24 23 17 23
28 25 26 17 15 24 14 16 9 24 20 15 29 13 3 4 17 25 12 14
44 53 39 53 25 50 22 28 40 42 32 49 55 25 25 21 33 38 39 45
15 33 10 15 9 26 15 10 9 21 11 23 25 23 11 8 20 14 18 15
18 12 13 21 11 11 9 14 12 24 9 30 24 11 9 21 13 13 15 14
8 14 7 11 9 11 6 6 12 6 7 11 16 7 15 15 12 6 4 12
14 26 10 18 1 17 12 7 8 18 8 17 18 10 7 9 10 15 20 9
28 33 26 39 20 35 9 20 26 30 21 41 31 10 15 20 18 26 24 25
8 6 4 5 2 1 1 1 3 13 7 12 11 3 3 7 5 6 4 1
38 50 21 41 17 45 34 32 23 49 20 49 40 32 7 22 17 33 39 28
45 45 28 44 34 45 24 42 31 41 32 47 49 15 28 44 28 31 24 33
3 14 7 14 1 8 1 2 10 4 1 15 24 12 16 4 16 8 1 16
33 37 30 38 35 36 27 34 37 32 30 30 42 27 20 46 37 29 22 35
19 26 14 26 10 21 14 15 9 20 13 32 36 15 16 21 19 13 9 15
15 22 18 39 18 25 15 16 16 29 17 47 32 31 13 21 31 27 27 23
33 47 32 49 27 41 25 25 29 47 33 46 68 41 37 17 38 40 16 37
6 15 9 24 14 12 5 8 18 15 11 33 16 19 18 21 20 9 20 18
17 48 24 50 34 48 25 18 34 43 30 52 53 47 47 20 33 34 26 40
9 24 5 25 15 25 6 12 13 19 8 34 22 16 20 12 7 11 10 17
5 6 3 5 3 4 1 2 7 7 3 11 6 2 6 9 4 2 3 3
25 27 34 57 26 37 17 33 24 34 18 65 47 39 24 17 32 42 33 38
31 45 22 50 19 43 24 27 29 47 21 54 43 29 18 19 15 39 33 33
18 9 16 19 10 13 11 14 8 21 8 25 20 11 1 17 19 13 15 12
25 45 18 48 21 35 20 24 28 30 24 54 46 28 30 40 29 22 26 29
40 48 35 59 35 48 9 30 38 47 39 61 56 18 30 26 24 44 34 43
4 18 2 14 1 11 1 1 16 5 1 8 16 10 18 8 9 3 4 15
23 31 20 37 22 32 17 25 27 26 12 41 40 25 24 31 32 17 16 33
18 25 7 19 13 19 6 15 21 19 11 28 27 10 23 26 15 4 10 18
18 19 8 13 7 13 11 10 7 19 10 21 28 11 13 18 15 7 8 8
20 29 25 41 21 27 14 22 11 32 21 49 46 33 23 19 34 35 18 21
17 20 15 19 2 16 1 1 10 20 13 18 18 4 2 4 9 16 19 8
16 31 9 28 17 25 1 14 28 18 17 28 35 12 31 17 18 15 11 26
14 19 15 27 8 15 1 10 15 16 8 31 24 10 15 19 21 16 17 18
28 46 23 47 10 41 18 18 33 34 18 41 48 23 29 24 30 24 23 35
12 11 9 6 1 6 3 3 9 12 8 8 8 3 4 9 6 7 7 1
4 11 4 8 9 7 1 1 3 11 10 14 13 10 9 3 5 6 7 3
2 5 1 7 3 4 1 1 2 5 3 14 9 4 4 4 4 4 6 1
26 20 20 23 20 23 21 21 18 32 21 33 27 24 7 29 27 19 19 16
5 25 7 27 1 19 9 8 15 14 1 28 13 12 9 9 10 18 22 15
21 29 16 23 14 29 11 14 16 20 14 25 16 11 11 16 13 15 18 10
14 29 19 33 1 22 9 6 17 19 12 28 22 12 7 8 20 26 32 19
21 23 23 37 11 22 9 23 17 22 10 41 33 13 20 25 23 23 17 22
10 12 12 19 9 7 2 4 15 19 16 25 16 13 9 12 17 13 17 9
9 25 15 32 9 17 1 10 25 7 7 28 25 10 22 20 23 16 17 27
14 20 20 40 16 21 9 18 8 26 13 48 37 27 18 8 15 31 17 22
55 52 42 36 29 48 35 36 26 54 42 36 54 28 5 22 30 38 29 35
17 15 15 18 13 17 9 13 8 20 12 25 22 11 4 7 8 15 11 10
23 31 23 42 10 34 16 18 29 29 15 42 19 17 6 19 23 27 38 24
14 22 11 15 1 15 1 2 13 11 8 15 22 6 11 6 16 10 12 12
7 15 7 8 5 12 6 3 1 4 7 10 8 5 1 6 13 4 11 1
31 37 26 48 7 36 21 24 22 40 16 48 34 17 4 17 17 36 34 25
9 15 2 13 3 13 5 5 5 14 3 19 14 8 8 10 4 5 10 5
5 14 1 9 1 10 1 3 5 4 1 14 11 4 9 4 6 1 5 7
35 70 35 58 27 59 35 26 46 58 41 50 64 54 33 23 52 52 39 44
31 29 21 26 2 24 8 9 23 30 21 23 32 1 8 17 18 21 19 18
34 29 27 28 13 24 20 22 12 32 20 29 42 15 10 18 20 26 12 19
8 9 10 14 3 7 1 2 14 9 7 8 9 1 6 9 6 11 9 6
7 18 8 18 1 10 7 4 9 13 3 19 7 8 3 14 12 7 24 8
40 52 26 39 31 44 28 31 22 53 37 39 55 38 22 23 29 39 19 24
7 29 13 19 4 17 5 1 6 11 9 20 29 21 12 1 19 17 12 14
17 14 11 14 1 10 2 6 5 18 4 14 20 1 3 8 8 12 10 8
12 38 29 58 19 34 15 18 39 28 18 52 43 41 37 27 44 34 33 44
21 29 26 34 13 25 12 18 20 17 13 32 42 24 18 8 27 25 16 32
12 17 2 18 5 16 3 10 9 15 1 24 13 1 9 16 1 4 9 7
31 36 35 60 34 40 14 33 40 38 31 64 46 29 31 35 37 40 37 47
41 49 30 49 17 47 36 37 18 51 30 53 51 35 7 21 19 43 26 28
11 28 12 28 7 23 8 7 16 15 8 33 29 22 16 15 27 12 21 18
6 18 6 5 1 6 1 1 11 5 4 5 14 9 13 5 13 4 8 12
42 59 38 40 20 52 22 20 41 43 37 31 45 28 13 24 43 38 36 40
7 31 14 44 13 23 10 14 21 23 10 45 42 33 34 21 30 25 19 29
5 15 5 5 5 8 5 1 6 6 7 8 15 9 10 8 11 3 4 8
26 25 35 38 14 22 9 17 18 30 23 42 44 23 13 10 36 34 26 33
27 51 32 49 25 48 23 21 31 36 25 47 54 39 31 19 40 36 26 39
35 41 20 31 22 41 27 31 18 33 22 38 41 24 18 32 26 18 15 26
30 55 31 65 26 47 23 43 43 34 22 66 54 35 42 46 46 39 40 52
32 18 27 34 19 24 20 18 29 38 29 39 32 22 9 32 31 27 29 21
40 44 38 53 41 44 24 33 41 49 49 54 49 45 24 35 53 51 35 34
20 18 9 27 2 15 16 15 8 19 12 30 31 10 7 29 16 14 7 13
22 29 32 39 18 28 9 22 24 22 16 40 51 37 37 14 45 31 18 36
36 33 28 37 16 33 26 28 13 37 23 41 39 21 2 27 27 27 25 21
41 45 45 50 10 44 10 15 26 43 33 50 47 16 10 13 38 46 39 35
21 42 10 40 20 36 4 14 24 33 24 43 41 31 31 12 28 26 19 23
42 49 32 39 23 42 28 29 30 42 29 35 54 31 22 15 24 31 28 36
31 43 17 57 34 42 20 31 34 47 35 65 46 44 32 34 43 45 26 32
6 16 4 9 3 8 2 2 5 6 5 17 14 9 9 7 16 1 13 10
43 47 36 53 8 42 13 18 29 43 32 56 56 15 15 29 40 36 35 34
20 15 14 14 7 14 5 7 5 22 12 17 22 5 2 8 11 13 12 6
21 21 14 14 1 13 5 7 17 21 12 16 21 8 13 14 17 12 16 16
24 19 10 24 8 15 9 13 8 33 18 29 32 10 10 18 6 18 9 4
40 36 46 55 23 40 17 33 32 40 30 58 56 32 25 28 50 43 35 39
28 55 24 46 24 50 29 31 40 37 22 44 39 40 23 31 38 34 32 40
30 45 22 48 29 46 31 33 24 49 28 57 41 41 16 9 14 41 39 30
41 49 28 34 33 35 28 30 28 50 44 30 55 38 23 34 40 35 19 26
9 18 7 9 1 8 1 1 9 11 6 9 15 7 9 5 7 8 10 9
49 55 45 42 31 49 30 32 38 44 41 35 56 35 13 17 40 44 36 45
15 21 8 14 8 11 5 5 12 22 14 19 30 18 19 12 20 11 12 14
27 40 26 47 25 36 5 18 39 36 35 52 42 20 27 26 35 32 31 33
47 51 27 47 32 50 26 37 29 56 45 55 51 30 23 38 31 37 22 26
17 55 18 52 18 48 31 22 41 35 14 50 47 43 35 26 33 33 33 44
5 1 1 8 1 3 1 3 3 5 1 11 6 1 1 8 5 3 3 1
21 31 5 33 9 28 19 19 15 30 16 45 28 21 16 32 15 11 21 15
7 21 13 23 5 12 5 5 9 17 7 26 29 21 18 9 15 19 13 16
28 48 21 57 23 43 31 35 31 50 17 65 52 47 22 28 29 42 40 41
27 37 18 37 25 36 6 24 32 25 25 41 29 9 27 30 21 20 29 25
6 13 7 16 11 13 2 8 13 3 5 20 13 3 11 14 10 6 2 9
18 17 17 18 9 14 7 10 12 20 11 23 21 12 5 14 18 13 16 14
26 28 23 34 35 32 15 27 21 35 31 38 43 31 22 23 33 35 4 22
26 14 18 36 8 19 25 26 16 29 17 39 29 22 1 38 25 24 20 22
27 20 13 11 11 21 19 20 3 24 14 16 30 9 1 18 16 12 2 10
13 21 13 23 12 15 1 3 18 22 19 27 21 10 17 12 12 16 19 13
11 16 7 14 6 17 4 6 2 13 5 23 15 6 4 5 4 5 10 6
29 32 29 48 22 39 9 22 38 36 25 54 31 17 16 29 31 28 37 38
35 25 36 31 31 30 27 29 21 40 30 35 40 33 5 25 35 35 21 31
13 23 16 28 5 19 6 4 17 14 10 22 14 7 8 10 11 20 21 10
26 38 9 34 22 30 13 20 14 38 28 42 40 29 19 23 27 27 18 12
13 21 12 12 11 14 6 3 8 15 17 17 19 12 10 5 9 12 11 3
7 6 2 3 5 8 1 2 1 9 5 14 10 4 1 4 7 1 3 1
18 23 13 19 10 21 10 12 5 18 9 25 31 16 7 12 23 12 13 15
30 43 18 39 21 33 19 22 30 41 32 41 49 37 29 29 40 25 23 28
30 44 27 30 18 38 20 21 22 30 21 31 37 31 15 19 35 24 27 30
26 28 8 29 4 27 23 21 10 23 19 28 34 14 7 29 10 19 8 13
15 27 28 34 1 15 1 5 26 14 14 28 37 15 14 10 40 26 23 32
15 20 18 26 25 22 16 19 24 19 19 32 24 23 16 28 28 19 16 20
12 26 17 36 19 21 9 20 10 18 13 43 42 23 27 21 24 22 7 22
7 17 4 15 5 13 1 2 5 7 6 23 21 10 10 7 15 5 11 7
19 15 16 16 9 16 9 10 2 18 9 21 24 7 1 10 15 15 10 8
21 18 12 11 8 18 11 12 2 19 8 19 20 6 2 10 8 9 11 8
7 10 4 14 3 5 3 5 8 12 3 22 19 11 10 16 15 5 12 10
37 47 36 51 34 44 33 36 21 52 35 60 55 44 16 13 30 47 37 33
9 8 6 9 3 8 2 4 3 4 3 11 18 3 6 5 12 7 1 5
54 59 33 62 24 58 17 32 46 54 46 66 58 12 26 48 37 39 43 40
18 39 24 42 18 28 12 15 20 31 26 45 41 34 19 12 36 36 27 22
23 24 23 43 22 24 6 21 27 33 23 47 40 17 26 28 26 30 19 26
29 38 26 46 30 44 25 34 31 30 19 44 38 23 17 39 31 28 23 34
11 14 9 18 1 12 1 5 8 11 4 20 12 3 7 12 9 10 15 5
41 44 25 39 33 42 27 38 26 41 31 47 48 23 21 33 18 25 21 31
20 19 21 26 16 16 8 13 12 25 17 30 32 17 13 5 8 25 13 18
9 24 10 30 11 17 8 8 10 23 11 38 26 23 16 13 20 20 24 16
3 11 1 7 1 8 1 1 1 5 2 16 9 3 4 5 8 1 10 3
45 52 40 56 35 51 35 36 42 51 37 55 63 45 29 32 43 40 37 47
21 38 23 48 21 34 16 21 20 32 20 49 57 39 33 18 39 30 20 34
17 35 7 36 10 25 13 11 23 28 17 37 36 27 28 26 21 11 19 20
34 42 28 41 18 39 11 20 34 32 23 38 47 16 24 23 31 27 22 38
47 51 43 36 23 45 25 26 34 44 35 20 60 29 13 22 47 42 24 42
15 9 12 17 9 12 5 10 8 15 7 22 15 6 4 8 4 13 11 9
32 31 31 35 20 32 14 18 24 33 27 38 38 16 10 10 17 30 26 25
38 57 32 64 24 53 33 39 33 53 36 68 55 39 25 35 33 49 35 37
12 16 13 19 13 10 3 7 9 21 19 25 27 14 16 7 15 21 9 6
28 36 32 36 19 33 19 20 23 31 23 36 36 26 9 22 36 31 29 26
17 25 5 22 21 19 2 12 11 26 24 30 31 22 22 15 21 21 6 8
22 30 23 19 12 23 11 13 14 17 15 19 35 18 15 9 28 22 12 21
21 27 18 38 22 27 16 23 18 29 16 46 46 27 22 27 30 22 12 28
18 3 29 40 19 15 7 25 17 26 11 48 38 29 22 21 35 31 17 28
35 37 24 37 25 37 11 22 26 44 32 45 42 15 21 23 24 28 19 22
24 26 16 19 11 20 16 15 14 21 14 22 29 12 11 25 24 15 14 14
13 13 5 21 1 10 11 12 8 15 4 23 18 5 1 25 13 6 12 5
19 27 23 32 22 20 13 17 12 29 25 37 43 27 24 19 31 31 15 16
1 12 1 13 1 10 1 1 5 3 1 15 1 1 1 10 6 1 12 1
44 47 26 42 18 43 28 32 22 42 30 46 45 25 13 32 25 26 27 30
3 10 2 6 1 4 1 1 4 5 1 8 7 1 6 10 6 1 8 4
17 17 9 20 7 19 10 12 6 19 4 23 17 7 5 11 2 11 13 9
23 15 17 29 11 18 12 18 19 27 9 33 19 10 5 26 15 16 22 16
8 14 9 8 1 4 1 1 8 8 6 6 14 5 9 8 10 10 10 8
5 2 2 3 1 1 1 1 6 5 1 8 1 1 2 4 1 1 1 1
17 28 22 23 11 18 6 3 10 22 22 24 34 15 12 6 24 24 20 15
36 46 22 39 27 40 23 30 27 39 35 39 48 20 25 36 19 28 18 25
20 18 19 27 10 17 9 15 18 21 11 29 16 10 6 19 16 17 24 15
19 20 29 46 15 31 17 26 23 20 12 47 37 32 17 22 42 31 29 38
10 14 10 11 7 10 5 3 8 9 9 14 14 6 5 12 14 9 9 3
30 30 26 26 18 26 11 12 13 35 27 30 41 18 14 11 26 29 21 18
29 35 23 14 19 24 16 13 19 34 29 13 41 26 14 15 26 24 10 21
11 27 14 32 14 17 9 8 21 26 17 38 21 26 19 20 22 19 30 17
11 18 7 22 14 15 1 8 10 19 12 32 22 14 20 14 11 12 15 11
17 24 17 14 2 15 3 1 11 14 14 10 23 4 5 4 17 16 15 11
13 17 14 6 3 10 4 1 3 10 11 2 15 4 1 1 11 13 6 1
17 16 10 14 1 14 1 3 9 17 6 15 12 1 1 6 5 8 14 6
24 20 10 17 4 16 11 15 8 25 11 22 23 4 5 20 10 10 14 7
16 14 11 7 10 15 9 10 9 13 10 8 17 8 4 12 12 10 1 7
15 14 12 19 7 13 3 7 15 15 11 22 16 5 8 14 14 12 15 7
44 54 40 52 29 50 17 24 37 53 49 52 53 34 15 23 49 49 38 32
15 15 12 5 5 8 9 5 7 15 11 6 17 6 4 11 11 10 9 4
37 46 16 50 10 49 40 40 25 46 23 57 34 33 6 39 19 32 35 28
15 13 11 14 8 11 4 9 8 15 7 19 17 6 7 6 4 12 9 11
6 12 12 12 5 8 5 2 4 6 7 14 17 7 1 8 19 11 8 4
8 12 9 22 10 12 3 13 22 9 3 25 5 5 12 24 12 7 16 15
23 45 6 36 8 31 24 20 19 42 15 42 36 32 13 19 10 27 31 21
32 45 30 33 19 35 21 21 29 30 25 24 47 22 19 29 37 29 17 32
37 40 20 38 26 36 19 26 16 46 34 44 49 25 22 21 19 30 18 17
13 29 11 16 10 18 2 2 9 18 18 16 32 19 17 1 17 16 10 11
18 24 15 15 2 13 7 4 8 15 10 12 26 5 7 10 16 14 13 10
34 47 26 34 25 40 18 20 23 42 32 34 54 34 27 15 32 32 20 28
29 48 22 54 38 51 29 40 41 48 32 64 36 40 28 40 31 38 40 36
34 57 18 45 24 48 32 33 33 50 28 51 42 37 27 29 19 33 31 32
15 31 7 18 12 21 10 7 11 26 15 28 28 22 19 11 13 14 13 9
23 34 33 49 18 34 19 30 21 32 16 51 39 31 17 10 19 41 28 34
25 36 21 21 17 28 12 13 17 26 24 23 35 23 11 13 28 21 18 19
13 30 9 33 4 28 18 17 20 22 3 37 19 20 6 13 12 25 29 19
27 41 28 45 16 33 6 12 35 39 33 52 39 26 22 20 39 33 41 32
18 21 8 14 9 13 16 12 6 22 16 21 31 14 12 22 15 9 7 7
1 12 1 13 1 9 3 1 3 6 1 11 8 2 1 6 3 6 9 1
1 6 4 9 4 4 1 1 5 5 5 14 14 4 7 7 8 6 3 2
28 35 19 28 26 33 23 21 15 37 24 32 42 30 15 23 24 26 14 20
53 53 48 60 38 58 43 45 43 56 39 57 49 39 10 41 39 48 44 41
25 36 34 59 20 42 16 21 42 36 21 56 46 36 27 27 46 36 37 47
40 32 23 25 18 30 28 29 5 41 29 30 43 22 6 20 15 27 9 15
37 37 43 44 35 37 31 37 30 40 35 42 56 42 26 38 49 44 24 38
34 36 47 61 31 42 29 40 32 32 26 63 48 42 23 22 42 45 41 49
45 34 43 55 43 44 30 40 39 58 48 60 52 44 22 26 37 51 44 42
24 25 19 21 16 27 16 17 7 23 15 25 31 15 7 12 16 19 12 14
17 20 13 30 18 22 9 23 20 22 8 38 39 17 28 26 19 16 4 29
9 6 5 4 2 4 1 3 4 11 5 9 7 3 1 3 1 6 6 1
6 20 5 14 2 11 1 1 9 13 7 17 12 9 10 4 3 8 14 6
20 30 11 28 25 26 5 19 18 28 20 36 34 16 28 19 10 16 10 21
36 44 25 37 17 38 28 29 23 36 22 39 45 30 14 26 30 22 26 30
41 34 34 32 17 33 18 19 23 39 30 33 39 16 3 14 28 33 30 26
6 20 11 30 11 16 6 2 11 15 12 36 23 18 12 13 18 18 19 9
13 19 5 21 5 16 5 8 5 20 3 29 29 12 12 13 13 9 11 11
10 11 7 7 1 6 3 3 3 11 4 8 9 3 1 6 5 8 8 1
21 41 14 37 28 38 10 20 19 32 23 43 41 31 32 14 21 25 15 24
36 34 35 31 15 31 19 19 29 35 28 27 36 18 4 25 39 32 29 25
15 11 8 2 2 8 3 4 2 12 5 4 12 1 1 5 4 4 3 3
14 20 14 14 1 10 2 4 9 15 7 14 25 8 8 8 18 15 12 14
19 22 16 22 13 20 11 16 17 17 10 21 31 18 16 7 13 17 10 24
25 26 15 21 27 25 15 21 9 34 26 30 42 27 20 14 23 26 6 16
1 12 6 6 1 1 1 1 2 2 1 6 16 4 6 2 13 7 5 9
17 44 17 39 23 45 23 16 28 32 18 43 43 37 34 15 28 23 20 33
31 48 32 29 19 35 12 9 29 39 39 32 48 26 21 12 36 34 28 30
19 14 10 16 4 13 10 11 5 17 6 21 25 3 4 18 15 9 6 5
19 25 17 11 7 15 9 5 10 17 16 8 23 9 8 10 19 15 16 11
46 55 34 60 24 51 29 42 31 49 35 63 65 35 26 33 27 41 29 47
29 32 32 38 22 28 11 18 18 36 31 42 48 24 15 4 22 38 22 26
17 38 23 46 17 34 16 20 15 33 17 47 57 40 36 12 40 33 19 33
5 4 1 10 5 8 1 4 5 7 1 20 8 2 8 8 3 1 5 5
40 40 25 40 32 41 26 37 25 41 31 46 47 21 20 30 11 27 17 26
35 44 43 51 13 42 5 20 30 32 27 48 50 16 21 17 40 42 28 41
41 38 30 47 30 36 28 36 20 52 38 54 58 41 22 31 40 41 22 30
8 12 2 1 1 6 5 1 1 5 2 5 14 1 1 6 7 1 3 1
6 16 4 5 2 10 2 1 1 5 4 11 13 5 4 2 9 2 8 4
1 10 7 14 1 5 1 1 3 3 1 13 14 1 3 8 14 8 11 7
11 15 16 20 4 8 1 6 7 16 11 24 28 12 11 6 20 19 13 13
20 34 23 35 10 32 9 13 20 22 15 33 28 13 12 12 20 26 20 20
13 37 9 25 6 31 16 13 19 17 8 29 23 24 15 10 23 15 23 19
43 51 33 50 34 52 24 36 38 44 34 54 46 25 21 36 29 34 38 40
41 38 43 43 24 40 24 27 29 38 33 42 41 26 7 17 39 40 40 37
25 21 15 21 13 20 13 16 14 26 14 31 25 11 11 24 17 10 16 12
22 21 26 21 8 20 7 13 2 20 13 19 30 11 2 1 18 25 9 15
53 59 43 59 20 59 35 35 33 57 39 56 58 28 9 24 31 51 38 38
11 10 24 36 7 12 4 18 19 11 5 36 21 16 14 19 28 23 20 25
24 39 37 52 32 42 19 40 34 24 19 52 54 39 33 34 50 35 17 52
41 54 32 41 32 44 23 33 40 38 35 32 52 21 28 41 38 35 26 40
29 21 30 46 18 26 24 34 22 32 15 51 40 28 14 30 29 31 26 36
32 37 26 23 24 31 21 22 10 36 25 29 47 28 13 12 22 28 14 23
32 24 19 21 6 22 11 14 11 34 20 27 30 4 2 14 16 17 17 13
8 13 7 18 8 14 1 8 10 10 4 22 16 3 12 11 6 8 6 10
10 3 6 9 9 5 1 5 5 16 8 18 10 7 8 4 1 8 2 2
6 11 3 11 7 12 3 7 12 5 4 15 5 3 10 13 6 1 4 7
17 22 15 14 9 16 8 7 17 17 14 14 20 7 13 17 15 12 13 13
46 44 35 35 27 42 33 35 26 43 32 30 42 26 7 36 36 30 30 28
9 9 14 15 1 3 2 8 1 9 2 20 26 10 9 10 21 13 5 12
1 4 2 6 1 1 1 1 5 2 1 9 6 1 4 8 7 2 7 4
29 28 22 30 12 25 17 22 7 32 18 36 39 14 7 15 13 22 16 17
28 28 34 36 12 23 6 20 21 32 19 39 51 25 26 13 35 36 19 35
46 60 24 55 34 51 31 44 28 55 47 62 74 55 35 44 52 47 20 41
15 31 16 26 6 22 1 4 24 18 16 27 22 6 15 16 22 13 24 21
5 16 2 11 8 8 2 1 3 11 10 20 19 12 14 9 10 4 7 4
25 37 20 29 14 34 7 13 23 25 17 31 28 13 18 15 19 17 20 24
15 23 5 22 1 21 11 10 12 20 3 27 9 6 2 16 7 9 20 4
42 60 32 48 19 53 29 24 43 55 33 52 47 34 12 27 32 45 46 41
30 38 18 22 11 31 15 16 17 29 19 27 35 16 13 21 24 15 18 18
10 22 9 24 12 19 1 6 20 15 13 29 13 4 15 15 7 9 17 13
9 25 15 43 23 26 10 16 20 22 16 50 30 28 23 27 30 23 21 24
5 27 6 11 3 17 5 1 9 4 6 7 24 15 13 1 17 5 6 12
18 19 32 47 18 22 1 23 28 22 13 47 40 29 33 20 38 31 28 38
18 27 18 27 15 22 9 12 7 25 16 32 32 19 11 2 10 24 18 17
13 11 17 23 13 11 7 13 12 20 10 31 26 18 11 15 25 18 16 21
17 19 27 25 15 18 10 21 4 17 12 30 42 25 15 2 25 27 6 27
5 15 3 11 11 15 4 5 8 9 7 18 12 6 9 13 6 2 4 3
9 9 6 8 1 4 7 4 1 10 3 8 17 1 1 11 7 5 1 1
20 12 28 35 15 18 6 23 11 21 7 40 33 19 14 11 20 29 14 25
1 7 1 10 5 6 1 1 6 5 2 14 11 2 10 9 2 2 2 4
27 38 24 49 24 39 22 30 32 30 15 52 40 29 24 24 24 26 32 39
28 50 19 54 23 47 18 37 37 38 15 58 46 25 34 34 26 33 31 44
55 60 44 53 31 53 36 38 23 62 49 52 73 42 11 22 31 53 26 39
12 13 9 7 6 11 7 6 7 9 8 14 11 7 5 11 15 5 9 3
6 19 7 28 14 18 2 9 17 10 8 33 20 5 17 24 14 8 14 14
10 14 8 6 6 8 5 1 6 14 10 10 13 7 5 9 7 7 9 1
7 11 4 8 8 8 4 4 4 10 10 16 18 9 10 6 10 8 8 6
36 44 24 51 22 46 34 34 31 53 29 57 37 36 11 33 26 37 38 25
14 39 30 45 11 30 12 11 28 27 19 42 49 36 35 12 42 33 28 37
16 23 9 12 7 22 15 10 7 18 9 19 14 13 1 14 16 10 14 4
22 18 14 19 7 18 8 12 6 22 9 19 18 4 2 10 6 15 18 9
14 27 13 15 12 23 11 9 11 15 13 17 38 24 18 5 29 14 5 20
4 5 3 6 6 2 1 1 8 10 5 14 8 4 11 12 3 3 5 5
9 18 7 5 3 9 4 1 4 7 6 8 13 7 8 7 10 3 5 5
15 18 15 20 14 13 13 10 8 21 16 26 35 17 15 17 19 19 8 10
13 41 24 57 24 39 16 19 31 36 23 58 56 49 43 20 47 38 27 41
11 17 5 13 1 14 5 6 1 13 1 19 13 7 7 9 9 6 15 7
7 24 6 18 10 15 8 1 9 19 12 25 24 19 18 12 13 12 16 10
31 31 30 40 31 33 21 30 33 31 26 47 31 25 17 20 19 26 29 30
24 32 29 43 17 32 17 26 21 21 12 41 51 30 24 16 35 28 16 38
40 57 45 58 35 51 32 39 32 52 38 55 79 54 40 20 47 52 21 49
36 40 34 42 34 39 27 34 34 41 28 48 50 37 26 34 38 33 26 41
10 24 10 16 5 15 1 1 17 12 11 18 19 9 14 14 19 6 16 14
19 17 14 29 8 18 10 17 16 19 5 32 23 4 10 27 17 12 17 16
18 24 28 31 5 18 4 9 12 18 15 29 34 15 11 8 25 27 17 18
12 13 8 19 11 16 4 8 5 18 10 25 22 9 9 8 7 13 7 6
8 11 1 14 4 10 5 6 7 11 2 21 10 2 6 18 4 1 8 2
4 12 12 18 9 12 4 9 9 1 5 17 19 7 10 11 18 13 2 12
13 31 13 19 2 19 4 1 15 11 12 18 20 11 10 8 23 10 25 16
10 14 1 19 11 15 4 8 1 23 9 30 19 13 9 10 8 11 13 2
32 47 20 36 18 33 13 16 25 43 37 32 59 30 28 16 35 32 14 26
13 16 8 7 1 11 3 3 6 12 7 8 8 1 1 7 5 6 11 1
7 13 8 17 4 7 1 1 10 9 6 20 12 4 8 12 10 9 15 4
14 13 5 25 23 18 6 19 13 25 12 32 25 13 20 19 4 15 1 13
10 15 10 12 5 7 1 1 9 13 10 13 15 7 8 9 11 11 16 8
12 9 13 13 1 4 4 6 6 13 4 14 17 5 5 10 10 14 8 8
17 16 10 10 4 15 5 7 1 15 6 13 13 1 1 3 3 6 9 5
34 30 36 40 29 36 23 39 22 34 22 45 51 33 25 30 39 35 12 32
29 55 33 64 34 52 24 37 30 44 28 66 71 51 51 24 46 45 20 47
10 24 14 26 16 18 8 8 6 18 19 32 28 22 12 9 24 20 19 8
22 20 11 27 10 24 14 18 10 19 10 31 29 6 7 25 19 12 9 12
37 40 35 48 25 41 19 26 42 39 28 47 46 29 25 32 41 32 33 45
10 25 8 13 5 15 3 1 16 10 11 15 25 16 19 7 20 6 10 14
21 25 24 19 15 22 16 15 13 19 17 13 30 18 1 17 27 23 9 17
26 31 26 37 31 31 21 26 19 34 28 46 41 35 19 18 29 30 25 27
33 41 25 53 10 41 35 36 27 43 16 57 38 37 5 32 32 38 41 35
10 43 21 30 20 36 24 6 30 27 21 28 43 33 36 21 33 18 20 31
23 19 16 17 12 21 14 15 6 20 11 18 24 9 4 12 11 15 9 8
19 14 13 19 10 14 3 9 16 23 11 25 21 8 15 17 12 12 14 16
14 11 4 8 3 8 7 8 7 16 4 15 11 3 5 16 3 3 5 2
13 17 25 31 3 13 1 10 11 12 8 26 28 11 13 11 26 25 17 17
16 17 13 28 20 14 6 14 19 28 23 34 24 24 16 21 26 23 16 12
36 53 35 50 36 49 19 36 45 36 32 47 61 34 44 37 49 38 24 51
44 63 31 52 30 61 37 43 42 51 28 52 45 36 19 31 25 42 40 47
18 28 6 36 17 21 14 21 16 32 23 42 39 26 22 31 25 20 14 14
51 56 49 61 36 58 36 37 46 59 42 61 62 45 23 41 55 51 43 51
17 11 9 11 5 11 9 12 1 16 4 14 24 3 2 8 7 10 3 9
13 9 7 9 5 10 3 7 3 15 4 17 12 3 3 8 3 5 6 6
18 22 8 19 5 19 10 8 5 21 9 26 24 7 7 14 7 9 11 3
3 19 1 25 7 21 6 10 17 9 1 29 4 7 12 18 6 7 18 12
17 15 13 26 14 18 11 16 21 24 11 37 15 16 15 29 18 10 25 18
14 27 10 34 7 26 7 12 23 21 7 35 14 11 13 19 12 17 28 18
15 26 13 13 9 15 4 1 6 19 18 18 23 13 10 6 17 12 17 8
18 24 11 25 9 13 16 16 12 28 17 31 34 22 15 27 20 16 17 16
21 28 19 21 8 24 10 10 12 18 16 19 20 12 1 11 23 18 23 9
15 25 14 26 11 26 9 11 8 14 7 26 23 10 9 7 9 16 12 14
23 18 21 45 35 32 17 31 30 35 22 55 28 27 22 36 21 25 26 32
5 15 6 6 1 8 1 1 4 3 5 7 5 1 1 2 5 3 10 1
32 57 25 49 21 50 16 21 33 49 35 55 48 37 23 4 29 42 36 35
16 18 15 20 5 11 8 5 9 16 10 23 23 8 2 17 19 14 13 5
12 21 14 22 4 18 6 8 5 12 5 23 24 11 9 8 17 15 13 13
32 56 31 46 26 50 36 22 27 48 32 48 64 43 31 26 44 35 28 36
34 39 11 50 21 38 20 35 25 47 32 59 42 28 23 41 18 28 25 24
28 30 26 40 19 30 13 26 23 27 16 40 37 10 15 23 16 26 20 29
30 51 8 46 6 42 31 32 29 40 21 44 33 28 19 35 7 29 30 31
25 32 10 26 24 22 15 21 15 36 30 35 42 28 27 27 29 21 10 15
9 11 3 6 7 2 1 2 3 19 10 13 16 9 11 7 2 7 4 2
14 19 22 22 1 13 1 10 5 10 6 21 31 10 10 1 22 21 10 19
23 31 18 29 25 29 20 22 23 28 22 34 35 29 18 32 31 19 18 25
8 7 5 3 2 4 4 1 3 7 4 8 6 3 1 10 10 1 6 1
32 49 23 57 35 47 21 39 27 44 29 66 60 41 35 36 41 37 18 37
49 50 31 45 24 46 39 41 24 51 37 45 53 38 7 42 33 36 28 35
53 51 54 59 40 53 35 44 43 53 43 52 62 39 15 33 43 52 38 50
6 6 5 5 8 1 1 1 5 14 10 12 12 9 10 6 2 8 4 3
28 27 23 34 1 18 16 18 18 28 19 31 36 13 7 28 26 25 23 21
19 26 33 35 6 20 2 9 16 18 20 36 38 17 9 6 37 31 25 24
24 26 29 40 6 23 6 7 32 26 19 36 27 10 9 23 34 28 35 31
11 17 7 7 4 10 5 1 1 11 8 14 14 5 4 8 10 4 13 3
26 54 19 36 12 41 25 15 27 40 26 33 48 34 18 16 33 29 29 28
7 11 1 7 1 7 4 3 1 10 1 11 10 1 1 8 1 1 7 1
11 15 8 17 4 16 5 7 5 12 4 20 15 5 1 10 11 11 13 5
14 10 8 20 4 8 9 10 11 14 4 22 18 1 7 24 14 9 9 7
31 19 36 47 15 24 18 31 26 34 18 49 39 22 15 33 37 34 25 32
28 30 31 47 22 32 10 21 24 35 25 51 39 20 15 17 22 35 29 27
52 45 49 50 24 44 28 42 20 50 35 52 72 39 23 22 48 51 25 45
32 43 42 53 25 40 9 27 25 42 32 53 68 41 37 7 48 50 26 46
15 25 10 16 13 23 16 10 8 23 15 23 23 20 9 10 12 16 15 8
26 26 25 24 9 23 4 5 10 29 21 26 37 9 5 2 19 26 15 17
29 49 20 59 28 43 15 35 29 38 28 68 59 32 42 41 36 33 27 37
13 9 15 16 5 8 1 8 7 15 6 20 19 6 6 9 11 16 10 11
1 5 1 1 1 2 1 1 1 1 2 6 6 1 2 3 4 1 1 1
41 54 19 49 40 51 25 41 31 50 38 57 61 43 42 35 34 31 15 37
43 51 36 47 47 50 31 39 29 52 44 47 62 46 26 21 32 46 22 37
17 25 27 24 13 20 15 17 18 16 14 26 32 27 10 19 40 24 17 28
33 42 13 49 42 38 13 36 36 45 35 56 50 38 47 35 35 39 12 38
31 40 35 57 31 38 11 22 44 42 40 58 49 26 29 33 44 42 34 39
38 30 35 57 22 39 32 42 22 41 27 65 50 37 17 43 40 38 28 35
26 33 11 23 11 28 20 18 9 27 18 33 29 17 13 26 17 10 16 10
11 4 6 6 1 3 3 5 1 11 1 6 12 1 1 6 4 7 2 2
18 25 15 34 11 27 5 13 20 17 10 32 18 5 11 19 15 16 23 16
8 14 10 25 5 13 4 5 11 10 5 29 17 8 7 18 18 12 16 9
20 16 11 12 13 19 12 13 6 21 12 22 23 11 8 13 12 9 9 9
1 6 1 1 1 1 1 1 1 1 1 1 12 2 5 1 6 2 1 5
46 41 56 57 33 50 16 40 34 41 34 55 64 37 33 14 50 55 34 53
3 8 1 1 2 1 1 1 1 9 3 9 9 5 6 1 2 1 3 2
45 54 45 52 35 45 25 41 28 55 46 48 79 51 34 25 55 57 19 43
47 49 28 44 11 43 23 21 30 48 42 48 51 18 12 36 30 34 33 29
30 25 25 18 16 24 15 17 14 27 21 19 26 13 5 10 15 22 17 15
29 42 38 65 34 42 11 32 40 40 38 67 50 37 33 33 50 48 33 41
11 12 9 13 1 9 4 6 9 10 6 15 10 5 1 15 16 8 15 6
22 47 19 35 19 35 19 14 22 36 26 35 45 37 27 14 31 31 25 22
11 9 7 9 3 8 3 6 7 9 5 11 12 1 6 8 7 7 5 4
40 47 41 64 28 53 34 35 48 44 27 57 53 40 25 35 44 40 45 53
9 29 9 18 6 20 8 1 17 8 8 13 26 16 21 13 22 8 12 18
27 45 27 41 35 40 18 27 36 38 34 45 39 38 30 33 41 30 27 34
9 2 1 9 2 7 1 7 5 9 1 11 10 1 5 12 1 2 1 4
35 33 43 43 27 29 23 33 22 42 29 48 58 41 23 25 46 44 25 40
18 42 13 41 15 38 8 20 36 28 17 39 20 10 20 22 11 25 33 29
13 32 17 43 5 28 10 19 20 19 1 41 39 25 28 18 29 22 15 32
8 14 9 6 2 7 3 1 4 6 7 3 12 2 2 4 8 8 8 2
19 25 7 23 1 17 12 10 8 23 12 24 19 7 2 21 7 11 18 1
7 14 5 5 1 5 4 2 4 8 3 6 18 6 8 9 12 5 6 8
14 17 5 28 19 16 6 18 15 24 11 37 30 12 25 27 11 12 6 15
20 38 20 31 13 31 19 15 19 25 15 34 43 32 20 19 37 23 20 26
8 13 11 15 1 6 1 2 12 9 7 11 10 3 1 10 15 10 19 8
45 49 30 35 18 45 23 27 26 43 31 36 50 20 13 21 24 29 20 32
18 32 19 18 20 21 11 11 14 26 24 22 42 29 23 11 29 25 7 19
32 39 32 43 20 35 30 31 18 34 26 38 50 33 11 34 38 34 19 26
26 37 15 21 15 29 15 17 20 27 19 24 36 19 22 21 20 13 11 20
14 19 12 14 4 11 5 4 14 11 11 17 14 7 9 13 17 8 18 10
10 15 9 3 3 5 4 1 5 7 8 3 12 5 7 4 9 5 6 7
1 6 1 11 3 8 1 2 8 1 1 15 1 1 6 11 1 1 6 3
25 51 33 56 19 43 28 16 43 44 30 54 59 38 39 36 47 34 37 44
9 14 10 10 1 8 1 1 11 10 8 8 8 1 4 6 7 8 14 6
25 27 36 47 13 24 11 24 22 29 15 48 40 26 18 21 36 35 31 37
33 45 39 52 36 41 17 34 38 42 37 52 61 45 35 28 54 47 22 45
9 11 7 12 1 11 4 6 6 6 5 12 13 1 4 6 10 9 6 4
26 29 28 22 8 24 9 9 17 23 21 20 31 10 4 10 26 27 16 17
6 19 3 8 2 11 4 1 1 9 4 15 14 9 6 7 10 2 12 5
44 50 32 49 40 47 24 42 40 43 33 56 58 28 36 42 35 35 32 46
42 41 40 50 41 44 25 35 42 53 46 49 58 49 27 37 57 50 28 43
9 9 10 19 4 12 4 7 9 7 1 23 11 5 1 12 15 7 13 6
55 65 34 64 32 60 28 39 40 60 53 68 70 29 28 47 39 48 36 44
5 12 2 2 1 5 1 1 1 8 3 8 9 4 5 4 4 1 5 4
10 45 16 45 22 42 17 14 39 23 15 40 41 25 43 31 32 19 26 40
14 19 14 24 16 20 10 12 18 19 14 35 18 20 15 24 24 11 22 18
48 50 48 52 41 55 34 40 46 51 43 53 49 43 20 39 49 42 42 51
24 25 17 25 9 15 13 12 14 32 22 26 38 15 16 20 15 22 14 15
47 62 36 48 28 55 26 32 41 48 39 45 60 29 25 37 43 35 29 41
6 9 1 1 1 4 1 1 1 3 1 2 10 2 3 2 7 1 1 3
15 13 9 15 5 12 4 8 8 16 4 20 15 3 8 13 7 10 12 8
17 9 8 18 8 13 9 15 8 18 3 21 23 5 11 17 4 10 1 13
22 37 20 36 24 38 22 22 31 27 16 35 47 29 35 23 29 20 12 38
8 15 7 14 2 11 4 6 9 7 3 19 11 7 6 14 17 1 16 10
7 10 7 9 10 5 1 1 10 15 12 17 11 10 12 12 8 8 8 4
25 28 22 52 32 37 16 29 24 40 28 60 38 37 18 23 33 39 30 28
9 20 12 23 11 15 1 6 19 13 11 23 20 5 17 12 9 14 12 16
7 11 4 7 5 9 4 4 7 9 7 13 9 6 6 9 7 4 6 1
13 49 26 55 26 51 28 19 39 31 18 52 45 38 41 25 36 32 33 45
43 49 22 43 6 42 36 32 26 43 37 45 43 30 19 43 21 32 33 23
32 40 33 60 7 36 19 28 26 43 25 62 51 32 16 27 36 44 37 35
15 38 14 50 15 34 13 16 26 35 14 50 41 35 27 16 26 30 26 30
17 24 13 9 8 20 8 9 4 13 11 14 17 9 2 7 17 9 13 8
24 41 26 26 14 34 16 10 26 30 22 21 46 28 23 9 34 25 14 28
36 35 20 26 20 30 22 22 16 43 34 33 40 23 13 27 22 24 14 11
32 48 22 48 22 45 25 30 28 34 21 49 54 30 26 31 31 22 18 36
24 38 27 35 8 32 12 9 23 21 16 26 44 20 19 7 34 26 19 30
9 11 11 11 9 8 4 3 3 12 11 19 24 11 9 6 15 13 3 5
18 16 17 20 4 10 10 7 14 20 12 21 22 8 1 20 21 14 18 9
23 29 18 29 7 22 11 12 12 28 10 29 31 13 10 12 12 22 19 17
39 33 44 45 26 39 21 24 30 43 36 49 42 28 6 22 43 43 37 33
7 17 5 18 10 16 1 9 14 9 5 21 10 4 13 16 5 6 9 10
12 25 16 22 12 20 6 9 9 14 12 28 28 17 16 9 18 17 10 15
40 64 17 62 12 56 33 36 42 56 31 64 53 39 25 37 20 44 40 45
35 38 32 42 19 36 20 17 43 41 33 43 45 35 26 29 48 29 35 40
14 22 10 26 14 24 7 11 14 16 10 33 21 11 15 20 16 10 17 12
33 40 46 65 22 46 20 31 41 44 27 69 48 40 25 26 50 52 48 46
6 10 3 1 1 8 1 1 1 4 2 6 6 1 1 1 5 1 3 1
13 8 15 25 8 13 7 12 18 15 6 27 10 9 6 22 18 14 21 14
34 42 34 39 29 40 25 26 32 41 32 40 38 37 16 31 40 32 33 33
7 10 4 9 1 7 2 2 2 7 1 10 10 1 3 8 7 5 10 3
34 51 43 72 39 53 21 41 35 48 37 76 57 43 33 15 33 56 38 43
14 39 12 37 18 37 11 16 25 18 12 38 44 25 32 21 29 16 12 31
16 35 19 25 3 23 5 1 16 15 16 21 29 12 9 7 29 19 27 18
20 39 23 34 13 37 20 14 17 22 13 29 46 29 19 11 38 25 17 31
23 38 17 42 14 38 5 18 30 28 15 42 27 7 18 19 13 25 29 28
19 18 20 24 4 16 2 7 14 19 10 23 24 4 8 7 14 21 15 16
17 14 20 24 10 14 5 12 11 19 11 27 24 11 10 8 11 21 11 13
32 33 21 32 4 26 15 17 9 29 18 32 42 11 6 19 21 23 15 18
19 22 14 13 10 20 7 9 7 19 13 21 16 10 5 9 12 10 14 5
28 36 39 55 14 37 20 24 37 35 23 56 42 37 20 29 49 41 43 43
36 30 39 38 25 36 22 26 37 37 30 36 42 31 12 31 47 36 27 39
37 37 34 41 41 39 32 35 33 49 43 47 51 49 28 38 50 42 35 36
9 16 5 12 10 15 8 4 6 14 10 18 18 11 10 12 7 6 7 3
19 17 24 40 12 23 10 17 22 22 9 40 19 14 8 25 24 24 29 22
26 33 18 35 12 32 23 23 15 31 12 36 33 17 8 15 9 24 22 20
43 50 52 69 48 61 41 53 46 49 38 66 53 50 21 47 51 53 42 56
31 32 18 36 21 28 13 21 21 38 25 42 43 16 23 26 18 22 16 24
21 41 8 42 35 35 10 24 32 30 31 47 48 37 44 31 40 30 11 31
21 22 14 21 14 20 1 9 10 32 23 27 29 12 10 3 14 23 12 9
37 30 27 20 25 28 22 23 14 42 30 28 40 23 11 19 21 28 16 17
31 31 17 29 20 33 23 23 9 35 22 39 38 20 13 22 14 19 16 13
9 12 3 5 1 4 7 5 7 9 4 7 16 5 11 14 10 1 3 8
14 18 14 23 7 19 9 10 15 14 8 29 11 12 5 19 20 10 24 13
21 33 27 32 13 24 7 5 16 25 27 33 39 18 11 8 31 30 27 19
16 21 17 30 8 22 6 8 9 20 9 34 23 10 6 11 13 19 18 11
35 52 34 52 28 41 10 22 27 46 44 53 60 38 30 18 50 51 31 34
15 12 8 7 7 8 10 6 7 15 9 15 15 7 6 17 11 5 6 2
23 28 9 20 11 19 12 12 5 33 27 22 34 16 9 13 10 19 7 2
3 5 2 1 1 1 1 1 1 5 4 6 7 2 1 2 5 1 2 1
33 26 29 50 20 36 20 30 34 35 20 50 34 17 16 41 33 28 35 34
4 7 2 1 2 1 1 1 1 9 5 9 9 3 3 5 4 3 6 1
34 35 35 42 30 33 19 24 23 42 36 46 47 30 14 15 28 40 29 25
34 46 33 52 36 45 30 36 27 50 34 50 55 47 16 29 44 47 28 35
4 29 9 23 3 21 8 2 12 8 5 22 30 22 15 4 24 13 13 19
22 47 17 30 13 38 23 20 22 35 16 35 39 37 12 9 24 33 26 28
11 30 21 31 7 19 18 6 29 22 11 25 37 26 26 22 35 20 23 31
1 9 4 9 3 4 1 1 1 5 5 14 18 5 5 4 11 6 5 3
1 5 1 10 1 5 1 1 5 1 1 8 4 1 4 5 1 1 3 1
23 37 23 30 10 30 15 8 18 34 24 31 33 19 3 10 26 31 30 17
11 19 8 7 7 9 2 1 8 14 13 15 23 14 13 6 16 9 8 6
16 45 30 59 19 36 12 23 30 37 26 60 49 38 34 17 39 47 35 38
14 13 11 9 7 14 5 7 1 13 7 12 19 6 2 4 10 10 4 4
21 27 31 45 14 29 9 22 20 29 16 49 38 29 23 13 32 37 30 25
46 41 49 60 49 53 35 43 44 52 46 63 56 47 29 40 48 51 42 50
5 10 2 10 1 9 1 1 6 5 2 14 6 1 4 10 6 3 7 1
19 20 17 31 13 21 8 20 15 22 7 38 28 10 18 23 14 18 14 20
32 40 45 46 11 34 5 11 24 36 35 47 52 20 16 14 47 46 35 33
13 12 6 15 9 13 5 10 12 13 6 21 14 4 11 20 10 5 7 8
58 55 39 55 32 56 50 52 33 57 44 58 57 42 10 44 30 45 39 42
22 51 19 62 34 51 25 35 42 42 24 66 46 50 37 22 29 35 36 46
16 20 9 19 10 19 9 8 2 24 10 25 26 13 8 7 5 14 11 7
14 19 10 11 10 17 6 8 5 13 10 19 22 11 10 5 12 8 10 10
10 9 4 1 1 2 3 3 3 10 3 3 11 1 4 8 4 3 3 4
19 28 19 34 25 28 8 21 20 20 17 42 37 18 24 24 26 20 15 28
43 43 35 66 29 46 17 41 27 51 38 71 66 34 32 33 40 50 20 38
6 10 1 6 1 7 1 3 3 6 1 9 13 4 7 6 8 3 5 8
30 44 42 46 30 41 19 28 26 37 30 39 65 53 37 12 50 47 22 43
38 47 30 46 26 42 20 24 30 47 35 44 66 34 34 20 40 38 15 35
39 31 45 43 20 32 26 25 37 39 33 40 49 31 15 33 54 42 39 42
14 11 10 14 5 10 1 7 13 14 7 12 12 1 10 13 5 11 9 7
16 28 16 29 11 16 8 8 16 26 16 29 38 22 23 16 17 22 16 18
18 26 28 46 18 35 7 27 23 20 9 50 45 34 34 11 37 33 22 38
14 13 9 7 8 12 3 5 1 16 10 15 16 7 3 3 7 9 7 2
26 25 19 18 17 22 21 20 13 31 21 28 27 21 3 25 25 17 18 12
29 47 11 37 19 39 21 23 15 39 28 40 54 36 29 20 27 24 14 20
25 32 21 36 27 37 15 26 25 24 18 42 30 18 17 32 26 19 20 24
36 54 26 59 40 53 27 44 34 46 35 61 76 44 47 31 39 40 14 48
22 43 11 43 31 37 10 22 27 33 28 51 37 27 34 29 24 26 25 22
6 4 8 18 1 6 1 4 7 5 1 21 15 1 5 13 15 8 6 9
25 35 20 42 31 33 14 30 27 29 25 50 48 23 30 38 33 28 19 33
10 29 13 37 17 21 9 11 23 21 12 42 27 21 23 27 22 17 24 21
16 14 4 8 4 9 8 7 4 18 9 20 20 7 6 17 12 1 7 3
6 18 6 5 1 8 2 1 5 2 4 2 19 8 10 1 13 5 4 10
34 27 38 61 32 39 23 49 33 34 19 64 50 32 30 44 41 38 29 52
15 18 11 15 4 13 1 6 9 17 8 18 17 5 6 9 12 11 17 10
5 1 1 7 1 3 1 4 1 4 1 14 5 1 1 4 7 1 5 5
13 18 18 14 13 13 9 7 11 15 16 16 24 12 11 10 17 17 8 10
6 5 1 3 1 2 1 2 3 6 1 8 8 1 4 11 8 1 4 3
13 19 7 32 11 25 10 18 19 17 1 37 12 9 13 26 10 8 20 19
29 33 16 17 14 28 19 21 17 26 17 21 34 17 19 23 21 12 8 20
37 26 37 43 29 39 24 29 35 37 31 48 32 27 11 27 31 31 38 35
40 54 36 50 28 49 25 27 42 42 34 50 52 37 32 14 33 34 41 46
14 16 10 23 12 18 8 10 13 17 11 31 19 13 10 21 18 9 16 7
27 31 24 20 13 25 13 15 18 23 21 20 30 17 7 15 29 22 21 20
37 50 29 50 30 52 13 29 38 39 32 50 40 16 25 27 25 36 35 32
23 21 16 30 21 20 8 16 13 33 22 37 37 18 21 18 21 26 12 12
34 53 30 38 35 48 33 34 22 49 36 47 46 46 17 5 20 42 31 33
22 33 8 42 7 32 25 27 21 36 9 50 31 27 12 27 14 21 28 24
27 20 36 57 34 39 23 38 35 32 24 65 43 37 30 38 43 37 35 47
12 13 12 18 6 13 4 9 10 12 3 19 26 11 14 11 17 14 6 19
9 19 5 22 13 13 1 8 9 20 15 29 35 22 22 9 27 17 7 15
20 22 18 10 16 15 10 8 12 23 24 15 27 17 10 9 18 19 9 10
26 34 19 24 8 23 8 7 26 31 21 28 35 15 20 17 22 19 23 24
48 63 45 60 28 56 21 23 40 58 47 58 72 38 27 13 39 52 42 48
8 13 11 18 14 10 5 4 10 13 14 23 24 12 17 14 15 14 9 9
41 40 29 43 20 35 22 26 23 47 31 48 49 22 15 21 17 32 31 27
32 29 16 32 8 28 18 20 12 30 18 34 34 9 8 27 14 19 15 12
30 30 28 50 42 39 23 39 39 39 30 60 40 35 29 38 27 31 33 45
29 46 19 49 33 44 7 25 30 39 34 53 43 20 34 28 25 33 30 25
46 43 34 43 25 41 23 27 31 53 38 51 50 22 17 16 18 36 35 32
9 10 1 15 13 11 2 8 6 21 11 26 19 12 17 12 6 9 5 5
9 21 14 25 1 14 4 1 10 10 8 22 16 7 3 9 18 17 24 9
25 25 22 31 4 18 8 14 14 28 16 35 39 12 11 19 27 22 20 20
15 12 11 6 4 10 4 6 7 12 9 7 13 3 4 5 7 8 7 5
22 25 22 32 25 32 21 21 15 30 22 43 27 30 5 14 22 25 26 19
16 25 14 24 10 16 3 4 4 23 16 29 34 16 12 7 21 19 16 10
36 37 24 24 21 33 21 26 19 35 23 27 39 18 16 23 19 21 12 25
41 37 24 36 21 40 41 38 23 40 34 40 42 37 8 45 37 29 29 34
31 32 20 45 7 32 22 24 19 38 16 46 28 17 1 29 17 26 31 16
13 8 9 18 6 10 12 13 16 15 5 24 10 9 4 27 18 7 17 11
7 13 3 6 1 8 1 3 2 5 1 12 12 3 6 5 12 1 8 7
16 20 13 19 12 15 1 7 8 26 19 23 31 12 13 1 14 22 11 11
13 14 10 20 1 9 3 5 14 13 5 19 12 3 5 18 13 9 20 7
15 7 8 6 4 8 4 8 5 15 3 9 9 1 2 9 2 7 5 4
11 24 12 11 13 16 8 9 16 12 12 16 21 15 19 16 20 8 8 17
43 51 26 46 13 44 30 32 21 41 29 46 58 33 16 34 35 34 24 34
11 12 2 6 1 6 7 6 2 13 3 9 10 1 1 13 1 1 4 1
21 17 25 35 16 15 7 19 10 30 18 40 43 21 22 15 22 31 11 22
16 43 24 47 11 38 30 19 33 31 13 44 39 43 20 22 43 31 37 40
45 50 33 35 32 41 27 31 29 54 43 33 60 37 21 31 42 38 22 31
48 55 45 46 13 45 18 15 33 47 41 45 58 17 15 27 44 44 38 36
30 43 29 45 35 42 16 31 38 33 29 46 49 31 30 32 38 32 23 42
32 43 25 44 17 40 26 27 23 48 22 46 41 30 9 9 12 41 36 31
25 32 22 17 14 25 17 13 17 23 21 12 21 15 5 18 19 18 15 11
23 29 30 25 13 22 15 13 18 19 22 13 28 17 1 15 34 27 20 19
39 44 30 56 32 45 18 32 40 48 35 63 48 23 29 40 32 33 37 39
21 34 12 30 14 32 13 19 22 22 7 30 29 18 23 18 12 12 15 28
9 23 9 23 1 16 8 10 4 14 1 26 26 14 8 8 19 15 15 15
23 52 29 55 34 48 29 27 39 39 32 50 57 55 35 30 55 41 26 42
20 28 14 24 6 19 8 10 22 23 13 24 26 8 17 23 18 14 20 20
55 52 46 54 22 51 23 28 39 55 43 57 61 19 18 37 45 44 39 43
41 42 31 41 35 40 27 39 40 37 32 33 44 24 21 48 37 32 25 36
3 9 6 4 1 1 1 1 2 4 1 1 12 2 5 1 6 7 2 6
25 23 19 21 7 22 7 10 10 25 15 23 22 5 3 9 15 18 21 13
7 10 8 16 6 6 1 3 15 12 8 20 10 7 10 17 10 7 16 8
11 15 14 24 10 11 5 11 13 17 8 28 21 10 14 18 11 16 11 12
24 23 20 34 10 15 8 12 20 36 23 39 37 14 13 22 25 26 22 17
12 16 10 14 4 12 2 3 5 11 8 19 17 4 3 7 13 9 12 2
46 56 44 57 26 50 27 22 45 58 46 57 53 33 16 38 48 50 47 37
8 9 7 8 7 6 1 4 6 13 8 15 12 8 7 9 7 9 9 1
45 51 50 52 30 48 30 39 39 43 33 42 70 44 30 24 50 49 20 56
43 44 30 41 17 38 34 38 23 47 35 48 59 42 15 39 39 39 25 37
13 14 7 16 1 9 9 8 6 13 5 16 18 1 4 17 8 8 5 3
32 43 29 48 15 39 19 27 23 31 18 47 51 26 25 27 36 29 23 33
9 17 4 8 1 10 1 1 2 11 2 9 7 2 2 3 1 5 12 2
11 9 8 8 1 2 5 4 3 12 3 7 15 1 3 11 6 9 8 4
36 58 33 70 27 57 19 32 50 40 26 61 56 31 35 30 36 42 43 57
42 46 25 54 38 48 30 40 26 56 39 65 51 43 21 31 31 40 34 30
6 10 2 5 1 5 1 2 3 6 1 10 8 2 5 9 11 1 9 6
27 36 21 50 35 35 8 30 40 40 32 55 37 22 36 41 29 32 35 33
7 25 12 23 3 17 9 6 8 9 5 22 25 17 11 7 19 18 12 15
37 27 39 48 18 34 10 31 26 34 23 49 52 25 28 21 42 38 27 34
16 22 16 32 17 23 7 20 23 14 9 36 23 9 18 26 19 13 17 24
35 31 30 43 26 33 18 29 22 40 28 46 50 20 20 23 18 33 13 28
5 8 2 7 4 5 1 3 7 6 3 14 14 6 12 8 8 3 3 8
31 29 20 33 23 28 27 26 19 39 29 44 38 32 17 36 30 23 22 21
43 49 50 61 24 46 21 33 34 48 34 64 70 42 29 27 58 50 36 50
10 16 14 16 13 14 8 8 12 10 12 19 20 10 12 14 17 13 9 9
23 21 16 20 1 18 1 4 14 23 12 19 23 1 3 8 12 17 20 13
9 17 5 24 9 20 5 9 13 17 5 35 10 11 9 13 8 10 20 8
35 36 30 40 8 31 12 20 23 35 21 37 48 12 16 19 27 31 20 32
33 31 22 26 12 29 12 13 14 36 24 31 35 10 6 12 17 23 22 13
46 53 23 38 21 46 35 35 16 49 36 46 56 37 15 26 18 33 25 29
17 48 14 36 11 39 32 20 31 33 13 37 41 43 19 21 35 25 28 34
27 43 28 31 10 36 14 7 33 29 25 28 43 24 23 9 41 24 23 33
2 1 1 3 1 1 1 1 3 5 1 8 2 1 1 10 4 1 6 1
32 38 30 38 21 38 23 23 25 34 22 39 32 24 8 22 25 29 33 27
7 14 4 9 6 12 4 5 8 6 3 9 7 1 6 14 4 1 3 3
10 12 11 17 5 4 1 3 9 17 9 23 21 11 9 13 16 13 15 10
51 64 28 48 15 55 43 37 30 62 48 53 56 43 20 35 26 45 39 34
2 9 6 18 13 9 1 7 13 10 6 23 15 6 17 17 6 9 6 11
57 60 55 63 41 58 35 45 46 58 46 64 70 39 25 35 46 54 40 56
38 44 33 35 31 39 20 24 33 43 38 29 49 29 21 27 34 36 20 33
26 32 22 32 20 32 11 18 22 25 20 37 27 13 17 19 18 18 24 23
26 32 22 14 18 28 17 19 11 23 18 17 32 20 7 7 18 19 11 22
2 8 6 9 1 4 1 1 2 1 2 10 14 1 3 6 12 6 5 4
23 34 22 28 16 31 18 17 12 28 18 33 31 22 4 9 21 27 22 18
18 20 13 7 10 17 13 10 7 15 12 11 17 10 5 13 16 9 10 7
27 36 18 26 5 26 14 9 16 26 18 26 29 10 9 19 22 18 26 12
24 54 16 54 13 50 23 25 43 36 11 50 42 32 27 27 29 27 34 42
26 41 17 32 17 37 26 24 22 38 18 36 34 32 9 21 24 29 25 25
16 11 11 11 8 12 5 6 5 17 8 18 19 5 4 10 9 10 5 2
16 28 22 39 17 30 17 17 32 25 12 38 34 30 24 18 29 21 24 37
13 20 11 10 1 11 3 3 8 10 10 6 17 4 7 3 10 11 12 9
32 34 37 48 34 35 23 43 32 32 25 51 51 34 28 43 44 36 18 41
25 19 18 22 12 18 14 19 6 30 15 31 32 12 6 17 14 20 11 12
34 31 28 46 29 45 31 35 37 35 22 52 36 34 26 45 41 25 37 39
