1000 20 11 1848
1 2 1 5 0 3 3 6 6 2 5
5 2 3 9 0 0 2 4 2 3 3
11 2 4 0 2 0 3 8 2 2 13
4 0 2 8 3 1 5 0 0 0 4
2 2 3 3 2 4 5 7 1 2 8
6 2 1 2 1 4 2 4 5 4 4
14 11 15 7 10 17 12 2 7 3 10
9 12 14 5 2 15 15 6 4 17 7
12 4 4 9 5 2 5 5 2 5 2
7 1 2 2 5 3 3 0 5 6 4
15 7 7 11 8 6 14 0 0 4 14
12 2 11 6 2 1 0 15 7 1 6
15 6 9 0 7 6 2 11 2 4 3
10 4 11 5 13 6 12 20 0 2 4
9 1 11 4 12 13 7 17 11 5 13
6 1 2 8 10 9 2 19 2 5 22
17 9 15 4 11 1 1 3 12 2 4
5 4 1 0 8 5 8 7 1 2 5
0 4 5 7 2 13 10 4 4 3 7
2 2 1 4 0 15 6 0 13 1 6
11 7 4 9 8 14 7 7 6 9 13
3 4 27 18 6 2 9 3 8 2 5
14 13 2 3 18 6 4 16 5 0 8
5 12 15 20 8 6 3 2 8 8 0
15 2 10 4 5 3 9 4 15 4 8
9 5 13 6 0 1 5 5 18 8 2
4 8 8 4 14 7 1 4 0 4 1
3 4 10 9 1 4 2 6 2 5 10
1 11 13 1 2 2 13 6 4 5 2
4 1 19 13 5 4 1 6 2 7 1
7 13 2 16 8 2 3 2 9 12 4
17 7 6 4 4 0 6 0 6 6 5
17 14 1 2 0 5 22 1 16 1 18
4 5 2 11 2 8 2 3 2 3 5
7 12 1 14 5 17 21 9 4 0 10
1 8 16 18 7 14 16 9 10 4 4
3 1 0 4 4 3 4 6 4 7 1
5 1 2 0 3 1 2 5 4 2 6
13 0 6 11 15 4 12 11 3 18 2
4 4 3 4 7 10 11 2 0 4 7
14 11 6 1 12 8 9 7 7 24 12
5 2 1 3 5 3 2 2 2 2 7
1 7 9 3 17 12 2 4 11 14 10
13 9 17 17 0 7 10 6 11 5 0
4 9 3 20 6 5 10 9 8 10 10
9 0 3 11 9 3 5 5 8 8 7
8 12 16 2 8 7 2 6 15 0 4
17 1 11 0 10 12 18 10 5 16 4
4 7 10 24 7 9 4 9 3 7 3
5 0 9 10 2 3 2 1 5 7 5
6 3 0 1 9 5 5 3 5 3 8
1 1 2 6 1 6 2 0 4 2 1
4 14 2 25 15 2 3 12 6 12 4
6 2 7 4 0 0 6 1 9 1 2
0 4 6 9 2 2 0 2 1 2 7
14 5 3 15 3 9 7 4 10 1 20
6 3 6 8 16 1 6 4 10 6 2
4 3 1 10 4 3 4 3 4 10 7
8 10 7 11 6 1 18 3 1 1 8
14 6 15 12 7 12 2 10 4 20 2
14 10 14 3 6 14 5 10 10 6 5
2 8 3 4 7 6 11 10 9 1 8
4 0 5 19 5 7 7 0 14 1 3
16 5 5 15 3 10 0 21 7 6 1
2 5 25 1 1 0 14 20 7 14 5
1 5 13 2 9 3 5 5 9 8 9
11 6 1 4 7 6 5 3 13 8 1
11 9 18 11 21 6 9 6 8 4 4
7 12 7 10 4 10 6 11 11 3 12
8 11 5 20 10 8 13 3 0 7 10
15 1 1 8 6 10 4 1 9 3 4
8 3 3 0 9 4 6 8 12 2 8
6 2 1 9 7 10 2 2 8 3 7
8 8 2 11 4 13 1 3 7 12 7
2 3 9 3 0 3 4 0 0 1 6
5 2 4 0 4 4 7 0 1 5 0
1 3 1 0 4 3 1 9 5 0 7
10 8 25 7 8 7 1 9 7 5 16
0 1 1 3 4 10 8 2 0 6 4
5 3 6 4 9 3 2 5 6 2 1
7 4 4 4 9 11 12 10 19 15 6
2 9 1 2 18 7 3 9 5 3 3
1 2 7 5 1 3 11 0 13 6 2
3 4 6 2 13 1 6 3 11 7 2
11 1 6 14 8 11 6 4 6 8 2
6 4 10 2 16 2 4 7 6 2 12
5 14 8 9 7 26 5 3 9 3 16
6 1 0 9 5 1 7 6 5 11 11
6 1 3 9 4 2 1 2 1 8 3
3 4 2 3 9 1 7 8 2 4 1
7 2 3 8 11 7 8 16 7 3 7
9 3 14 12 3 4 7 11 10 24 10
7 4 7 13 9 18 0 7 3 9 3
3 5 9 12 5 11 1 4 0 12 1
5 4 2 4 4 9 4 2 6 8 0
6 3 24 13 5 15 0 2 5 8 12
6 4 9 8 9 14 2 1 3 6 2
2 8 8 7 5 3 1 2 11 4 1
2 4 1 8 4 0 1 10 2 6 5
4 10 7 9 17 1 6 9 5 3 10
2 3 0 4 0 6 8 2 1 0 1
6 14 7 3 1 4 17 23 11 13 3
5 1 0 7 4 1 1 5 0 5 5
17 2 7 9 6 18 13 7 5 15 1
2 1 8 3 3 3 2 2 5 3 1
12 1 21 11 7 14 9 8 2 6 4
4 7 3 4 1 2 1 2 2 4 3
5 3 5 4 19 4 12 3 8 2 6
1 12 1 12 14 5 4 4 10 7 15
1 2 1 10 3 6 8 7 6 0 8
2 7 5 4 2 9 6 5 9 6 5
12 8 10 0 0 5 14 6 1 0 7
1 16 4 7 2 11 2 4 3 3 4
5 0 4 1 4 10 4 5 1 1 4
2 7 2 2 7 0 11 11 6 12 3
6 1 11 18 8 10 7 21 0 0 19
17 7 21 20 3 10 11 1 3 9 1
18 7 21 0 6 1 0 8 6 12 13
6 16 3 7 14 3 2 14 17 8 21
3 1 3 0 0 6 0 5 6 1 6
7 2 1 7 3 7 6 2 0 2 16
4 12 12 3 12 16 18 7 3 1 6
1 3 4 4 1 5 6 2 6 8 9
3 1 7 2 4 1 3 6 0 1 9
2 6 17 0 6 3 4 5 6 6 0
13 7 15 4 8 1 3 1 1 5 10
10 3 15 15 9 6 9 5 19 3 4
4 1 7 4 4 6 15 0 11 10 1
19 7 11 9 3 15 19 3 10 3 14
4 4 8 5 4 4 1 1 1 5 8
5 5 5 13 3 8 4 13 24 1 8
4 8 3 5 4 3 11 3 9 7 20
1 2 6 4 3 2 2 10 9 2 3
2 1 0 4 0 12 5 1 3 10 2
10 2 3 29 1 10 13 4 2 3 5
2 7 0 2 15 3 11 10 3 2 8
4 9 2 3 13 10 7 14 9 1 4
3 1 15 7 20 6 4 5 7 6 13
1 4 7 3 6 0 1 0 9 2 2
24 16 4 14 10 2 7 10 5 7 7
8 26 8 4 8 8 12 11 3 3 16
1 11 3 11 1 3 5 4 9 2 12
1 0 5 2 1 6 0 5 8 1 2
2 0 0 3 4 5 2 6 16 4 7
13 1 0 15 2 1 10 13 0 1 19
2 8 10 3 30 4 12 5 9 8 12
3 15 1 11 1 13 5 27 1 6 3
11 15 4 13 8 3 4 3 4 13 5
20 11 16 4 7 11 13 7 3 15 3
1 15 1 5 2 17 10 10 17 0 7
4 3 3 2 4 3 6 10 2 1 9
9 26 5 14 3 8 9 0 3 6 1
6 7 5 3 3 17 15 2 17 1 3
14 0 3 2 14 21 8 5 3 12 4
2 10 3 11 6 4 7 7 12 2 4
2 3 2 5 9 0 3 1 4 0 1
0 0 7 1 0 4 8 6 3 3 12
0 13 4 8 21 21 8 6 4 9 7
0 8 8 5 18 10 2 6 4 2 8
1 5 5 2 8 1 7 3 5 12 10
4 0 3 1 3 0 1 6 6 3 6
1 2 4 5 1 11 5 4 6 3 0
1 0 3 8 7 2 4 0 2 1 11
12 2 0 12 2 7 3 7 14 13 4
10 10 0 5 0 1 2 4 4 3 2
21 6 13 18 6 1 3 13 8 12 0
6 5 7 8 0 5 4 9 4 4 4
2 4 1 9 1 2 5 1 17 7 7
0 4 5 4 9 3 7 1 1 3 3
6 4 5 0 0 9 2 2 5 3 17
18 11 11 5 7 5 2 14 6 10 10
14 22 3 4 8 1 8 5 3 8 10
11 7 3 1 12 12 1 19 1 16 3
3 4 1 4 1 7 1 21 4 1 0
12 16 2 9 9 6 2 4 12 14 8
9 13 8 19 7 4 1 9 6 17 12
12 6 11 3 11 16 17 3 9 2 11
2 2 8 6 3 14 3 9 9 3 1
0 3 2 14 5 5 20 4 1 6 5
1 3 7 5 0 3 8 3 3 2 7
4 10 19 5 7 13 7 3 21 12 8
1 18 6 3 6 13 15 7 6 4 20
11 1 9 6 1 5 5 1 7 4 5
0 4 8 3 7 11 2 4 7 7 3
6 8 10 4 1 0 4 3 1 4 8
1 13 1 28 3 4 3 11 6 0 18
15 18 17 20 1 10 7 4 3 8 5
5 5 12 5 2 1 1 0 8 4 3
3 20 18 9 7 20 2 14 5 2 0
5 4 3 3 4 1 1 5 0 3 1
1 2 9 2 2 0 7 2 1 0 3
3 2 2 4 0 3 8 3 3 4 1
5 9 4 6 2 7 11 9 6 13 3
7 1 0 1 0 3 7 1 2 4 1
1 3 1 4 7 1 2 1 9 6 1
4 4 4 3 3 2 6 2 1 7 1
10 6 1 3 22 10 10 8 7 5 20
1 4 1 3 4 2 3 3 4 0 4
18 1 4 1 13 1 4 0 2 1 2
10 1 9 5 3 3 3 7 1 5 5
3 1 9 18 13 6 7 12 13 14 6
9 4 2 4 5 8 13 5 7 11 1
1 6 5 1 5 2 12 4 8 1 14
14 4 12 2 2 7 11 4 16 11 20
8 3 2 6 1 6 0 2 4 1 2
14 1 19 9 5 17 13 15 2 11 10
2 0 4 3 5 0 5 1 5 3 4
3 5 1 3 6 3 0 5 3 4 9
0 0 17 5 8 7 1 0 19 7 0
3 2 8 13 12 6 1 2 21 7 14
3 4 12 6 1 2 5 2 15 7 8
8 1 7 9 2 4 5 2 6 9 5
5 0 7 11 10 6 3 5 8 7 4
4 9 3 1 3 15 3 3 21 4 4
5 5 19 15 10 4 1 1 17 12 1
2 22 2 5 0 3 13 4 4 9 10
4 3 0 4 7 3 1 1 4 2 2
0 12 13 4 6 15 1 7 11 7 12
2 4 2 2 3 5 6 6 2 12 5
6 7 2 1 5 8 2 6 2 11 1
1 2 5 4 5 0 3 3 1 7 6
17 6 18 5 1 6 2 7 9 3 4
10 7 6 3 18 2 3 7 2 1 5
0 1 7 1 3 1 6 0 3 6 0
7 14 8 1 14 12 15 14 9 16 4
1 4 2 2 7 4 2 4 0 4 2
3 9 6 4 9 16 4 6 22 0 10
3 6 6 29 3 4 5 11 7 6 3
14 3 4 7 26 6 7 11 3 2 1
3 2 5 2 4 4 5 5 2 4 0
2 4 1 3 4 3 4 1 4 6 6
13 22 16 12 3 4 3 3 10 6 12
10 2 2 12 8 20 17 2 11 0 4
20 2 11 2 2 9 4 7 10 0 2
3 2 2 8 1 7 11 1 4 7 3
3 5 1 4 7 6 6 5 2 8 5
18 3 5 5 2 8 15 9 10 3 11
24 19 4 10 1 2 11 6 2 1 5
2 1 3 1 3 5 1 0 4 9 1
3 5 5 2 1 9 5 1 0 3 6
8 3 11 9 15 1 1 17 2 8 2
13 13 12 9 11 8 1 0 10 17 3
9 1 9 2 6 13 3 6 20 1 18
7 8 12 14 3 10 1 3 3 3 9
10 4 4 14 1 6 5 7 5 11 17
8 4 12 2 8 15 12 3 2 2 11
0 6 1 3 8 7 17 2 13 5 5
18 11 3 2 2 17 2 0 14 19 4
15 21 6 1 5 13 4 2 3 12 6
3 3 2 14 21 14 16 5 20 0 5
8 4 7 6 2 4 6 4 5 1 7
19 19 3 10 1 6 7 3 4 8 12
13 3 4 6 2 3 6 13 13 6 2
2 5 5 7 6 0 2 0 0 19 10
8 18 10 11 9 10 3 3 1 11 12
3 5 16 2 10 6 14 4 5 12 0
0 0 6 11 2 15 7 0 10 3 4
1 7 12 5 8 7 3 11 12 22 0
6 8 2 2 6 1 7 0 14 1 2
8 4 4 2 15 12 12 3 5 7 4
10 3 0 10 3 10 11 1 5 1 19
2 6 13 4 2 5 4 1 17 6 2
7 8 4 10 1 5 11 1 16 5 11
13 12 8 8 1 9 20 10 12 0 3
13 2 3 5 3 3 9 4 12 1 3
17 10 4 5 12 11 19 6 5 8 6
18 0 11 14 6 11 2 5 9 8 16
14 5 1 5 8 4 0 2 5 2 9
0 4 4 9 5 2 2 2 1 1 5
7 0 5 3 2 2 5 1 6 4 3
3 1 3 15 11 5 1 6 2 1 0
6 0 11 3 7 9 6 4 1 7 5
8 16 10 4 19 7 6 15 15 1 2
1 2 0 3 0 1 4 3 7 1 7
13 3 1 5 2 5 5 3 13 8 4
8 5 3 10 10 5 12 8 5 10 14
5 4 16 10 11 2 3 14 9 10 12
4 4 4 6 7 11 17 3 10 5 8
3 0 5 1 7 2 4 0 5 1 3
1 6 1 18 11 9 6 2 5 12 13
2 0 0 16 3 2 3 8 0 2 1
8 4 5 3 14 8 8 1 4 6 3
3 9 2 2 1 1 9 2 10 17 3
6 1 2 9 9 4 0 1 15 1 3
5 7 1 3 8 2 4 1 5 1 6
4 2 5 6 8 4 9 3 1 3 6
6 4 3 15 12 8 1 11 3 11 12
8 7 28 5 8 10 4 11 6 11 9
0 4 7 18 12 18 1 2 18 1 1
1 3 1 4 7 7 6 0 10 0 2
4 19 8 6 3 23 9 0 17 7 6
1 3 3 5 1 8 5 1 1 10 6
11 2 6 1 5 11 3 8 3 2 2
1 4 12 3 4 5 29 9 5 16 9
2 3 4 4 5 1 9 20 16 15 9
2 2 18 6 4 5 1 2 6 5 1
16 11 8 11 11 7 2 6 3 22 2
7 15 3 0 2 2 11 1 5 5 30
5 2 2 3 1 13 5 6 3 9 5
3 1 9 12 2 7 3 2 2 7 22
3 7 7 1 0 7 6 2 6 20 11
13 4 7 1 3 4 0 14 16 1 2
18 19 3 2 4 0 7 3 8 1 8
8 5 4 4 10 14 8 6 4 13 1
7 18 9 5 18 4 17 6 2 14 7
5 2 5 2 4 7 7 1 4 2 5
2 2 2 0 5 1 8 0 6 4 3
17 5 2 7 2 1 20 1 16 4 10
1 11 6 5 2 11 4 5 14 2 5
1 13 13 11 8 20 13 1 2 5 20
5 2 8 7 10 5 9 9 4 9 8
4 5 13 16 6 5 7 12 20 19 10
6 1 17 1 8 1 4 13 8 3 2
3 7 2 7 9 1 15 1 5 9 10
10 3 9 10 6 11 6 9 8 3 5
2 7 8 14 9 9 2 16 12 4 4
16 6 1 8 4 4 11 1 13 29 1
3 6 10 15 7 17 11 2 4 14 8
3 10 7 13 9 16 12 11 1 2 6
9 6 11 4 17 3 9 8 3 3 3
7 2 8 1 4 4 11 2 1 3 8
2 8 1 0 7 4 0 0 4 0 8
23 7 8 1 6 1 1 16 11 7 6
0 11 5 10 3 6 12 8 7 4 8
12 5 3 2 3 1 4 5 3 2 0
6 1 5 2 15 2 2 0 2 2 1
7 3 12 2 25 8 6 4 16 0 5
2 11 2 3 4 13 11 9 7 1 4
6 11 12 14 8 14 9 2 11 14 4
8 7 1 7 4 3 3 19 1 6 6
2 5 7 4 13 1 22 1 15 6 15
1 1 1 5 9 0 7 6 4 4 14
6 0 22 7 15 12 2 7 8 4 2
4 2 6 11 3 11 13 18 5 5 1
2 5 7 5 6 6 6 1 1 8 1
2 28 3 10 4 5 6 16 11 2 6
14 10 20 8 12 1 4 5 5 11 16
3 20 2 5 12 16 0 3 5 4 15
6 2 7 6 1 1 3 1 0 3 3
2 2 9 1 1 0 2 3 0 1 0
10 1 8 5 1 2 14 6 1 0 2
7 3 9 8 0 22 13 9 4 7 10
1 4 4 2 2 9 18 1 8 6 5
20 4 8 14 11 8 15 9 2 7 3
7 8 8 2 10 7 5 1 5 7 5
2 9 1 6 5 2 1 7 2 2 1
7 4 3 6 2 1 3 1 1 13 5
13 1 18 13 3 3 13 4 5 16 8
17 12 7 6 9 7 4 2 14 1 5
20 3 9 15 6 6 17 7 11 8 7
2 10 4 5 1 1 1 2 9 6 9
3 1 12 3 2 3 3 3 1 7 0
0 5 12 1 3 10 2 8 0 4 2
9 4 4 1 2 11 4 2 8 8 6
1 2 5 4 1 4 1 3 2 5 4
11 11 11 2 14 0 4 3 2 3 3
3 4 5 3 1 3 1 5 2 2 6
14 7 8 12 5 6 9 1 8 0 1
10 10 4 4 9 18 13 1 26 8 4
4 3 3 0 4 1 1 10 1 5 1
4 18 3 3 1 7 7 17 1 2 4
3 7 25 3 9 9 6 1 12 0 15
2 4 5 2 4 3 2 11 5 2 1
7 2 16 1 1 9 11 3 2 3 10
11 7 8 5 4 3 15 0 17 8 2
9 10 10 3 5 2 3 7 13 7 9
1 0 1 4 5 5 4 3 1 7 1
8 2 14 8 13 5 8 5 3 5 6
5 5 0 10 4 8 6 2 3 4 1
12 9 13 8 11 12 10 4 12 11 4
2 13 5 6 2 1 1 3 2 6 6
5 9 11 4 13 2 8 8 3 25 4
3 8 3 1 12 6 2 3 9 7 5
4 6 1 0 13 2 9 2 7 1 8
6 2 3 13 12 9 21 11 3 0 1
15 8 7 1 1 3 9 1 1 6 12
0 1 4 1 6 3 8 21 4 6 11
13 2 10 8 3 4 16 15 20 6 18
15 0 4 1 5 21 1 0 3 0 10
5 2 3 1 5 3 3 4 6 5 2
15 18 7 4 0 1 3 6 16 8 9
7 12 8 7 8 4 2 3 2 3 6
1 13 21 3 1 0 4 5 2 6 15
6 16 2 9 9 8 11 10 7 6 7
16 1 2 10 7 19 11 1 3 4 3
13 7 1 5 9 2 11 27 4 16 9
26 9 1 2 18 9 2 0 11 7 7
0 3 10 3 27 7 0 6 12 7 15
3 5 16 15 3 9 2 0 20 2 15
6 2 3 17 8 1 10 9 2 1 9
9 0 9 5 0 13 3 3 2 3 20
8 8 2 0 4 3 4 7 5 7 2
8 8 11 8 0 5 4 12 3 9 15
7 9 3 2 21 7 11 8 9 6 5
3 11 6 7 1 0 1 5 10 16 4
3 11 8 0 6 3 5 20 4 1 10
10 13 9 25 0 9 8 8 12 0 3
3 15 13 4 7 10 1 4 4 23 8
3 2 1 1 3 2 6 2 7 5 8
0 3 8 1 2 7 9 1 4 5 0
17 1 5 12 5 3 10 7 19 9 14
9 5 6 9 0 2 10 8 4 3 5
7 4 6 13 7 5 8 8 10 4 1
4 7 6 4 8 1 12 1 8 3 2
9 1 6 7 8 4 0 0 4 4 8
7 6 1 5 3 6 3 2 5 6 6
3 3 6 0 5 3 3 4 1 0 4
7 10 12 1 4 13 5 4 5 4 8
3 7 12 11 2 12 21 6 19 3 7
1 2 1 1 1 2 3 8 4 7 3
2 1 2 5 8 15 2 9 12 1 5
7 5 13 1 12 15 14 7 15 7 17
1 7 5 6 0 0 0 2 2 1 0
10 10 5 18 3 5 17 6 10 3 13
2 7 7 2 8 8 3 3 0 0 1
7 3 0 2 3 9 7 10 2 6 3
6 2 3 4 11 2 1 4 5 0 10
4 3 8 0 17 3 13 15 18 1 3
0 3 1 5 8 4 1 2 3 3 2
4 3 12 8 3 6 6 8 14 13 15
6 2 10 7 5 3 2 6 2 6 13
19 17 12 3 4 9 9 12 6 6 3
4 10 2 1 9 3 4 6 1 4 3
11 12 7 18 6 12 9 10 10 3 1
2 5 1 1 2 6 7 3 1 6 2
10 3 9 1 15 13 2 12 15 3 10
5 3 4 11 2 1 2 3 7 7 2
2 1 9 3 1 1 8 2 22 7 5
12 6 3 1 9 4 8 10 2 6 3
15 10 11 4 12 16 6 7 11 12 15
7 9 0 11 11 6 1 5 2 6 0
3 2 3 6 7 3 1 9 2 1 5
3 1 1 7 3 10 6 5 15 4 1
6 1 0 2 6 1 1 4 6 3 1
4 5 1 3 2 1 3 2 4 9 0
7 6 7 0 6 6 15 5 16 3 4
2 8 16 10 0 16 6 11 0 5 4
1 8 6 8 8 9 8 2 2 3 13
11 1 4 7 4 2 4 2 7 3 6
2 6 3 2 2 13 5 8 2 9 15
12 2 1 7 8 3 2 4 0 2 2
13 3 9 0 2 11 2 2 12 7 14
1 2 8 1 1 5 3 14 24 8 13
21 9 2 6 4 9 2 5 13 1 11
4 13 5 3 14 5 9 6 10 1 0
4 7 3 6 14 1 10 8 5 12 6
1 1 11 1 0 1 4 1 1 1 0
6 0 4 7 20 10 1 7 1 4 14
3 3 9 15 10 14 14 19 3 16 7
10 5 2 19 6 6 9 2 20 5 15
5 5 3 2 6 2 2 6 1 5 0
9 4 23 15 12 2 5 8 4 0 3
4 6 3 1 5 1 6 1 5 4 3
0 13 5 14 4 13 6 2 0 3 2
12 3 3 18 2 0 5 3 8 21 9
4 7 2 7 8 6 1 4 4 0 3
7 23 1 13 18 4 12 6 4 6 6
3 10 1 13 9 9 8 5 10 2 2
4 6 13 1 2 11 2 14 2 6 2
10 7 13 2 10 3 4 11 4 2 0
4 6 6 2 0 11 6 6 4 3 3
21 1 3 6 1 3 8 21 11 12 12
22 7 2 11 9 7 1 18 11 3 6
2 12 3 6 13 8 12 3 7 8 0
20 3 3 9 5 8 1 11 15 1 2
5 9 1 1 13 2 4 1 2 6 19
5 17 6 15 3 15 3 8 0 16 3
6 3 3 6 3 1 12 9 9 15 13
8 4 5 2 4 1 1 3 1 4 5
4 5 7 11 7 3 4 4 6 2 3
3 2 8 4 9 0 7 14 6 11 7
8 4 3 5 1 7 4 2 2 10 5
1 5 0 8 0 4 5 3 2 2 0
10 0 7 1 5 21 3 9 10 11 12
1 7 8 8 12 1 1 1 7 11 0
3 5 12 6 11 12 5 12 10 10 5
25 2 9 5 9 11 4 1 0 2 21
18 10 2 7 8 5 2 5 6 10 2
6 3 7 6 3 4 13 2 7 17 13
0 5 2 0 3 5 10 6 6 3 5
3 0 4 9 5 0 2 5 4 0 2
6 12 8 6 20 3 4 15 5 12 12
5 2 9 7 1 3 2 0 2 8 7
23 18 1 1 0 5 1 4 7 13 1
15 4 6 3 5 10 3 10 13 2 1
25 1 8 1 6 2 1 15 20 5 2
7 15 6 18 8 3 4 1 1 7 6
1 6 18 2 13 16 9 15 2 9 8
6 3 0 1 9 3 6 8 3 17 0
2 5 2 4 3 9 4 7 14 3 0
6 6 21 0 18 1 7 5 4 0 23
17 7 17 0 12 8 5 3 10 17 14
3 2 2 4 0 1 8 3 13 2 4
8 4 4 12 1 19 3 4 6 3 14
3 3 10 1 7 10 1 3 12 1 17
7 14 20 5 8 10 7 6 3 4 11
3 0 28 8 12 2 8 7 5 9 15
7 6 8 1 13 1 3 5 3 1 10
2 7 7 4 1 1 10 0 3 9 16
19 3 4 5 1 5 2 2 5 6 6
10 2 5 1 3 9 2 5 0 2 4
2 11 3 27 2 2 17 0 1 10 8
7 9 0 8 5 9 2 2 1 8 8
12 7 1 2 24 8 11 12 0 3 3
1 3 7 0 17 2 3 15 4 4 8
11 4 5 10 9 6 17 11 2 4 23
11 2 7 3 2 10 3 3 7 13 0
4 1 1 2 4 0 6 1 4 4 3
3 2 9 6 7 7 6 11 2 18 2
8 9 9 5 9 3 6 4 0 7 2
7 4 6 1 6 0 4 14 1 0 14
2 0 2 7 8 9 1 17 7 10 21
15 0 2 20 8 1 2 11 17 2 4
2 4 9 7 8 1 0 5 9 3 7
10 5 1 10 4 1 8 4 6 0 1
1 6 1 9 7 12 7 6 8 1 2
0 13 13 5 3 23 9 9 1 6 3
7 7 9 0 5 4 7 1 5 2 8
3 1 3 3 5 16 16 6 15 2 1
3 6 2 1 1 1 5 3 10 4 6
4 0 5 5 7 0 2 2 6 10 2
8 2 7 4 9 5 2 8 6 7 9
9 4 4 11 4 24 6 20 1 5 16
2 2 4 2 4 3 1 1 1 6 3
7 4 4 12 3 5 8 4 8 7 1
1 3 18 2 6 2 6 11 3 14 0
9 6 2 1 2 8 2 1 6 6 3
16 16 8 10 12 3 1 17 3 3 2
6 3 3 14 3 7 0 11 4 8 3
15 18 2 1 8 5 1 4 4 4 15
7 4 3 5 5 2 1 4 1 3 0
6 15 7 3 3 13 3 12 5 4 3
3 3 4 0 21 6 19 4 9 4 6
9 17 12 12 6 16 1 3 3 4 5
3 1 8 7 3 3 3 8 2 1 0
3 5 6 5 3 5 2 4 5 6 3
3 7 2 3 2 4 7 3 3 4 2
5 7 3 10 7 7 2 2 4 3 0
5 12 12 3 5 11 3 2 7 7 9
1 7 5 2 7 1 7 6 0 4 1
6 6 15 3 6 16 1 1 2 5 13
6 4 20 12 11 5 7 16 18 5 9
2 2 9 3 6 5 3 4 0 10 8
2 26 8 13 8 3 7 5 2 1 17
5 0 4 0 3 9 2 4 5 2 1
4 3 3 2 7 2 3 2 1 2 2
5 1 4 4 4 5 6 1 13 7 4
4 12 16 1 0 1 2 4 4 8 3
1 5 1 3 0 1 3 7 2 6 1
1 9 4 5 5 11 8 10 16 3 4
3 10 9 8 7 9 5 0 13 3 3
7 8 5 2 4 1 3 10 4 7 0
4 1 7 6 13 12 3 1 11 0 8
6 13 18 5 10 17 2 8 2 20 3
2 0 5 4 9 1 3 6 1 9 4
1 11 9 4 2 1 4 4 8 3 8
8 12 10 12 6 9 19 3 5 8 8
4 10 0 8 2 4 14 3 3 7 13
4 1 2 0 0 1 2 6 3 3 4
4 10 8 4 9 14 23 1 6 7 16
9 3 0 3 8 2 1 0 1 1 0
1 11 14 14 13 16 4 8 6 11 18
13 3 6 3 3 5 22 11 13 2 10
12 1 1 17 15 4 13 9 11 2 4
2 4 14 4 14 3 4 0 3 6 1
1 3 3 11 14 5 5 1 6 0 7
8 10 1 2 2 3 10 8 1 4 7
4 4 1 2 5 11 7 0 11 0 0
3 1 9 6 10 3 16 2 0 4 11
7 2 14 8 1 2 10 16 11 5 4
9 4 7 8 11 2 0 4 6 4 7
2 12 0 11 1 15 8 0 13 14 3
18 2 4 16 6 0 9 8 22 1 6
8 11 3 5 1 3 6 11 8 7 0
9 0 8 2 1 17 0 14 7 8 3
10 12 4 12 10 12 10 8 25 6 11
0 2 1 7 1 4 3 0 7 2 6
3 1 3 0 4 5 1 4 4 4 2
15 7 8 24 21 7 5 0 6 0 5
1 2 5 5 0 1 3 1 10 11 4
4 0 0 5 3 1 7 0 1 2 3
3 1 5 2 5 6 3 4 0 7 3
15 10 2 13 2 1 1 2 1 4 5
1 1 3 7 4 12 10 8 18 17 8
2 4 8 11 7 2 8 1 15 15 11
3 0 7 7 5 3 0 9 1 2 5
7 6 9 4 8 3 6 0 4 2 12
3 4 12 5 9 3 3 10 16 2 11
5 11 15 2 1 5 5 3 10 6 3
4 10 7 7 4 11 4 8 18 8 12
8 9 4 7 12 6 11 14 16 20 2
11 5 12 2 19 4 15 6 7 12 20
3 3 4 3 6 5 13 10 14 1 19
22 4 9 1 5 19 15 2 16 2 4
2 0 0 10 3 3 1 4 5 9 1
8 6 6 1 2 3 2 2 5 5 0
11 3 4 10 4 23 9 12 17 9 4
2 2 8 16 10 8 12 0 5 27 13
9 2 3 16 16 3 10 11 0 1 1
18 1 14 16 10 2 4 13 0 19 7
12 12 1 10 14 2 15 8 8 8 1
8 6 12 14 11 14 2 2 7 8 20
7 4 2 2 3 3 7 2 2 4 2
8 7 5 0 9 13 1 15 0 3 7
5 8 2 1 10 1 3 5 6 5 12
1 4 1 7 4 3 1 4 1 4 0
5 1 2 6 3 16 11 4 0 17 8
13 1 5 2 7 3 7 6 10 1 2
14 13 6 14 10 3 0 5 4 2 7
10 13 14 4 12 3 18 15 4 2 4
4 1 4 4 5 1 11 6 1 2 1
1 3 8 1 3 1 5 6 1 14 1
1 8 0 9 13 4 2 4 0 9 8
1 3 2 4 0 0 2 7 0 5 0
0 11 3 21 0 9 6 2 13 11 2
6 3 7 20 13 3 2 2 3 10 15
5 0 8 7 1 5 4 4 3 2 5
2 1 17 10 4 4 3 18 2 0 7
1 0 7 8 0 9 3 15 27 4 2
3 18 3 0 3 11 17 10 7 1 11
2 6 6 3 5 4 2 4 3 8 2
3 11 11 10 7 10 18 5 1 1 3
6 1 6 9 4 6 6 3 5 2 3
4 1 6 0 11 4 4 1 9 15 11
6 6 2 15 4 5 13 5 8 8 4
4 22 7 7 3 10 8 3 20 9 9
3 8 2 1 0 0 5 4 4 5 2
6 13 5 6 2 9 7 17 3 26 6
1 2 1 9 2 3 3 3 7 7 2
5 5 2 0 4 1 4 1 3 1 1
14 5 7 1 7 2 8 1 8 6 0
4 2 1 1 5 5 0 5 0 8 14
3 2 3 3 1 3 10 5 1 2 1
14 2 3 9 1 7 4 1 18 19 3
2 4 23 9 8 10 2 9 26 0 0
11 10 11 1 14 10 1 2 2 7 11
3 1 1 9 1 4 2 2 10 4 1
1 3 9 14 8 18 2 9 9 1 8
6 5 2 0 4 11 11 0 12 1 6
4 11 3 19 11 3 13 3 8 2 3
11 12 2 1 0 5 14 0 19 8 19
5 12 20 2 0 4 5 4 0 5 8
7 4 5 4 13 8 10 3 7 10 9
21 4 4 4 3 5 8 3 7 9 2
8 5 8 23 6 5 3 10 0 7 16
3 2 11 9 2 1 9 3 3 0 7
5 2 1 3 3 2 5 8 1 2 6
9 13 5 16 3 23 8 8 5 2 0
2 1 2 2 4 1 2 5 2 5 3
1 4 2 4 5 0 4 1 5 0 4
0 10 2 4 12 5 12 4 4 9 6
17 8 11 1 12 9 6 12 5 11 3
1 6 10 1 2 6 6 5 11 8 1
5 9 11 10 15 4 20 7 21 3 9
1 15 11 5 11 16 9 3 4 10 1
4 0 7 5 3 3 0 9 3 5 4
0 6 0 11 1 3 5 2 2 6 0
5 13 11 0 1 2 9 7 2 6 1
0 6 5 1 0 1 3 3 3 3 6
0 3 3 6 1 7 8 8 0 4 12
8 1 20 6 3 9 8 1 11 3 1
9 3 10 7 10 2 12 7 5 8 10
14 3 7 9 2 7 9 7 13 10 5
2 4 1 1 3 18 8 16 20 12 10
3 24 6 10 2 8 4 5 0 5 2
11 8 2 7 6 8 17 2 7 19 3
5 2 3 2 3 7 1 6 4 11 0
1 2 0 1 3 9 9 11 15 4 8
6 16 2 6 1 7 5 4 14 0 3
6 7 0 3 11 2 6 5 6 6 3
14 11 3 14 6 5 1 8 12 16 7
13 4 5 10 9 5 2 0 8 1 3
14 5 12 6 21 6 2 12 4 0 2
2 4 5 1 1 7 2 3 2 2 4
10 6 2 9 4 10 7 11 4 3 7
2 0 8 0 9 9 11 5 7 7 8
8 7 5 5 4 10 8 4 2 7 6
11 12 0 8 6 2 5 7 1 1 9
3 2 5 7 2 0 2 22 16 6 19
1 0 1 3 1 2 5 6 1 2 6
0 9 6 7 9 2 0 7 10 6 10
3 5 18 6 1 1 24 8 10 9 3
4 9 1 4 5 9 3 10 7 15 5
5 5 2 1 2 17 19 9 0 6 2
9 12 2 4 5 1 5 0 8 2 2
0 7 15 19 10 14 1 8 3 4 0
0 1 2 4 1 2 2 0 7 19 6
2 8 2 17 18 4 6 14 13 2 17
6 0 6 1 1 6 2 5 8 0 1
4 3 0 5 6 1 0 4 1 11 2
12 5 6 2 17 18 1 0 4 2 14
5 3 6 2 3 10 9 17 10 9 14
21 11 2 7 0 6 10 16 3 10 2
5 10 1 6 5 13 6 3 2 1 4
18 7 17 6 22 4 3 11 14 4 4
14 16 7 14 1 11 4 2 9 18 1
2 3 7 13 0 11 2 8 2 18 0
2 7 9 9 2 14 10 3 3 1 4
1 5 6 1 7 6 10 12 0 5 6
11 9 6 23 0 22 8 1 6 9 2
13 9 9 3 6 6 5 3 17 7 9
3 4 2 6 22 12 4 12 9 2 4
18 5 11 14 12 3 1 5 3 10 5
7 3 5 14 5 5 15 1 6 8 6
2 4 7 20 22 18 6 8 4 5 11
2 5 3 10 29 5 8 1 6 15 5
7 5 14 18 4 1 13 25 2 5 0
17 5 19 1 16 12 10 14 7 0 10
8 7 0 11 8 6 4 2 7 1 5
1 1 17 6 6 1 7 24 11 16 12
6 0 2 8 1 6 3 3 7 5 0
1 7 9 17 14 4 14 13 4 9 18
1 1 7 2 4 5 2 6 0 4 5
2 6 4 4 1 5 3 5 2 3 17
5 1 2 4 7 3 5 13 1 8 0
5 6 1 4 10 3 3 6 2 2 4
9 3 11 15 7 13 15 11 12 1 11
3 1 0 14 4 10 3 5 8 2 5
1 4 11 8 8 15 3 4 0 20 8
6 22 11 1 8 6 17 4 3 10 3
5 20 6 11 6 1 11 5 13 9 7
12 13 8 6 0 6 1 16 0 1 4
2 9 6 5 10 18 9 0 10 4 1
5 9 2 10 24 8 1 2 8 6 8
0 1 7 2 7 3 2 0 0 2 2
1 0 5 5 0 0 4 1 4 0 5
1 5 6 7 0 8 13 5 6 6 7
2 15 10 5 1 20 9 6 8 23 7
6 1 1 4 4 1 7 3 1 3 2
2 0 4 8 3 5 5 4 7 2 2
6 11 17 6 4 7 12 3 7 7 1
17 2 19 3 0 1 2 9 4 15 6
3 17 9 4 21 2 9 11 17 7 3
10 10 8 4 11 2 2 7 11 12 6
6 1 13 6 6 2 4 6 5 1 2
22 16 0 3 11 3 6 13 14 14 9
2 4 6 3 0 0 3 1 6 0 4
7 3 2 3 6 11 23 3 13 2 13
5 2 6 15 4 4 12 10 2 13 3
1 7 5 3 1 4 5 1 4 2 1
2 1 8 13 6 1 7 17 15 11 4
2 8 2 2 3 3 6 1 3 6 2
5 8 3 2 1 9 3 2 3 4 8
2 2 0 11 8 3 6 7 6 5 3
3 4 0 3 1 2 3 5 5 2 19
1 3 1 13 7 3 13 2 6 7 4
2 4 3 6 8 0 1 6 5 9 7
9 21 20 7 7 4 7 10 2 9 7
4 2 7 5 7 8 1 1 7 3 6
9 7 2 7 9 0 3 9 11 7 8
10 4 1 4 11 8 2 0 1 2 9
6 19 6 10 19 10 8 1 2 5 16
5 0 4 0 0 8 1 5 0 2 9
7 1 8 0 5 3 13 8 7 11 10
7 3 5 1 2 5 2 3 2 6 0
6 20 1 8 4 7 11 8 9 19 12
15 2 8 5 2 11 15 9 5 7 14
23 15 11 6 2 6 14 2 15 12 7
9 6 23 14 1 20 6 7 5 9 4
20 8 13 15 5 0 11 2 10 3 2
23 3 4 11 1 11 1 13 6 9 10
0 7 5 3 1 7 20 6 1 4 15
9 14 17 2 4 2 0 5 9 2 1
11 5 13 12 3 7 5 12 29 8 3
1 2 24 5 19 9 1 3 6 3 6
0 8 7 7 3 3 6 13 1 6 6
7 13 6 1 7 1 4 14 2 7 8
3 16 2 3 1 15 0 1 10 10 4
14 3 7 0 10 18 15 8 6 1 4
7 4 20 1 17 0 4 13 6 7 12
2 13 15 9 1 12 7 11 9 18 3
7 2 1 5 5 6 7 0 7 7 1
5 1 13 3 5 3 5 18 4 2 7
1 2 2 6 1 10 2 6 4 6 9
21 2 1 1 6 0 4 17 21 2 8
9 9 7 5 1 9 3 6 2 2 0
4 5 3 9 5 14 5 0 3 4 5
11 14 5 4 9 8 8 2 8 14 8
8 12 10 1 3 12 6 8 9 7 12
11 12 5 8 18 3 18 4 5 12 13
7 11 1 10 3 2 3 9 1 0 6
8 27 11 1 10 0 10 5 6 9 2
2 9 6 3 6 18 20 16 2 4 8
6 1 3 1 4 3 1 4 2 4 3
1 3 29 6 17 2 0 13 4 5 3
8 5 2 2 0 0 3 1 3 3 4
15 8 27 4 20 7 1 3 7 2 2
7 5 7 15 4 17 11 2 1 4 3
3 3 10 12 21 4 14 4 8 5 1
1 2 0 8 0 2 1 5 2 1 1
2 5 13 13 2 5 11 13 14 11 4
9 2 9 17 4 0 4 4 4 3 1
1 11 8 16 2 11 18 14 4 5 11
1 1 3 7 12 6 2 3 5 1 7
3 1 1 1 1 1 5 6 1 3 7
2 2 1 6 6 0 5 1 6 6 3
6 10 4 7 7 14 5 13 12 12 6
5 19 4 4 1 4 0 5 8 6 4
2 8 4 5 4 9 1 2 3 2 5
1 1 2 2 2 1 9 1 3 4 5
10 4 12 1 1 4 4 4 1 7 0
3 1 9 7 19 7 17 15 2 11 0
21 13 8 7 6 2 4 11 10 1 0
13 8 9 12 2 14 4 17 5 2 12
0 8 18 17 7 4 3 8 12 3 12
1 8 6 0 0 4 5 7 2 5 3
2 5 2 10 6 6 7 8 2 6 7
11 5 11 6 1 0 3 5 2 4 1
2 11 4 6 5 6 1 0 2 5 2
4 7 7 2 3 6 4 1 3 4 6
11 22 7 2 10 0 2 7 10 8 6
5 3 1 7 5 3 8 4 4 12 1
7 3 7 1 5 4 4 2 0 6 3
9 12 1 1 2 3 6 13 26 14 7
0 5 5 2 1 7 7 4 2 2 7
1 5 1 4 8 19 10 3 10 9 7
6 10 7 19 4 9 13 9 3 11 3
6 8 2 7 6 6 7 6 1 0 3
6 2 18 5 2 13 14 8 4 8 3
15 5 5 7 3 1 4 1 5 8 1
5 7 9 2 11 2 1 12 1 12 4
5 2 6 3 5 4 3 8 7 9 1
6 2 13 10 11 6 6 7 3 5 11
2 4 5 0 9 2 1 1 1 23 17
3 3 0 5 2 7 3 5 6 1 8
2 0 0 9 0 4 1 1 6 3 6
6 2 11 0 8 13 1 6 8 3 1
7 2 1 3 2 4 1 1 3 6 6
12 5 1 6 6 3 10 7 4 4 5
10 4 2 2 7 4 1 16 4 13 1
3 2 1 1 3 3 4 6 4 5 3
2 6 11 9 8 13 3 11 3 4 12
3 4 0 4 5 8 2 12 6 11 15
3 5 1 7 2 5 1 8 1 2 9
4 10 10 3 11 12 9 13 8 4 8
5 0 1 6 1 1 6 6 4 1 2
3 6 6 7 0 3 7 1 1 1 1
13 5 8 1 2 14 7 4 0 22 18
6 2 2 2 1 5 2 1 6 0 5
3 4 3 3 3 8 8 3 4 2 5
1 30 6 7 5 5 7 4 3 5 9
1 5 9 6 4 6 3 2 1 13 17
3 6 4 2 3 3 1 3 3 5 3
6 2 10 6 2 9 4 12 7 4 5
26 7 6 4 15 4 16 9 12 6 5
4 19 6 15 17 11 16 8 7 0 4
4 7 3 10 3 13 2 18 4 15 1
17 7 7 2 0 5 11 4 9 11 9
5 0 4 6 0 7 1 2 0 5 2
9 17 6 1 27 11 17 6 1 4 0
0 3 8 7 1 4 1 5 1 1 6
0 0 5 2 1 6 1 3 1 8 4
4 5 3 2 1 13 13 3 10 8 5
3 1 10 9 3 10 1 17 8 5 15
1 7 5 2 3 4 0 10 8 12 6
21 4 12 12 8 1 10 16 11 1 3
7 5 0 8 5 17 4 5 0 11 10
1 6 13 6 1 11 0 4 1 0 26
1 7 2 2 1 8 12 3 3 4 8
1 4 2 17 2 7 2 5 1 0 10
1 5 5 3 0 0 1 5 2 1 2
4 4 2 2 0 7 5 3 6 1 2
5 4 3 0 6 4 1 2 1 6 0
16 6 3 4 1 5 2 3 6 3 6
1 7 2 6 7 0 8 5 4 7 2
1 2 2 22 12 6 6 2 7 5 9
2 3 3 8 1 4 6 2 3 0 6
4 2 1 2 0 8 0 4 5 12 1
1 4 3 2 6 1 4 4 0 2 0
1 7 5 3 3 8 2 0 5 2 2
6 10 5 1 13 4 1 1 6 3 17
8 8 5 17 13 7 15 5 6 12 2
17 6 8 7 2 1 14 13 4 17 8
0 2 0 6 2 4 5 2 4 2 1
14 1 8 8 10 0 4 4 25 5 6
12 10 2 15 8 21 1 6 6 4 7
5 6 3 1 5 5 2 1 4 4 6
6 8 8 4 1 4 15 0 3 1 11
1 1 6 6 8 14 4 1 5 4 0
22 12 11 9 1 9 3 12 5 1 11
28 6 11 12 8 11 4 2 1 4 9
9 16 1 2 0 6 8 1 7 2 15
7 2 2 5 13 5 2 6 1 4 13
3 8 1 8 2 1 5 11 9 6 3
13 15 16 3 7 3 8 12 7 3 2
5 6 6 2 2 4 0 3 3 0 9
17 13 14 0 5 9 10 14 18 11 7
1 4 2 1 3 24 0 26 7 2 13
9 13 17 10 6 12 14 8 8 3 1
1 4 5 7 1 1 3 2 1 0 5
10 6 25 2 7 14 7 8 5 6 16
4 5 0 8 2 1 1 1 4 9 4
11 2 13 3 7 6 2 13 14 5 13
17 5 7 6 1 6 5 10 4 1 4
9 8 3 15 6 5 21 3 4 3 14
3 4 3 5 2 6 5 5 1 2 1
9 10 4 20 5 12 9 5 4 17 5
2 18 19 15 6 0 4 11 1 5 4
7 4 5 1 3 1 1 10 3 4 5
16 5 18 12 11 8 0 14 0 2 11
14 1 1 4 10 5 6 2 8 4 14
7 0 2 1 1 2 10 1 2 5 6
2 3 1 3 6 5 9 9 3 0 3
4 16 3 1 7 12 2 8 0 2 4
7 3 1 3 5 1 4 2 2 0 2
1 5 1 6 3 12 3 17 9 12 22
13 5 14 3 5 1 11 5 8 7 15
1 6 4 19 7 4 10 23 8 9 11
14 5 24 10 4 2 5 9 0 6 10
5 1 2 2 9 11 4 0 3 1 5
7 7 2 1 5 3 2 4 5 4 9
1 1 2 2 2 0 3 8 5 2 4
6 2 5 3 4 4 0 1 8 9 2
5 9 3 2 7 10 6 0 7 8 6
8 10 13 2 9 12 0 21 11 4 3
19 15 11 8 6 7 16 8 0 12 8
8 1 4 0 1 1 0 7 2 4 0
0 3 8 2 3 1 3 7 5 1 3
3 4 11 12 15 14 1 0 7 1 4
9 2 3 1 5 0 2 6 1 4 0
1 2 8 0 10 2 8 3 4 6 7
17 12 9 5 12 1 17 9 6 4 20
0 3 11 9 4 9 1 7 6 1 1
1 1 1 7 0 3 4 6 4 2 2
17 5 8 1 4 8 17 1 3 12 2
6 13 10 1 6 5 6 7 4 6 14
10 7 4 22 19 3 3 3 9 5 19
21 18 11 5 10 4 11 0 7 13 5
11 7 16 5 14 16 9 15 15 1 1
10 22 9 7 19 5 2 7 4 2 2
2 2 1 12 7 2 3 2 3 12 11
1 2 12 8 4 4 9 2 4 8 0
6 2 1 20 11 8 5 2 1 9 6
7 1 4 1 0 5 2 0 7 1 1
6 3 4 5 9 3 4 1 8 2 14
8 6 1 2 7 18 1 0 2 7 17
1 11 2 9 2 6 9 5 10 1 14
6 6 5 5 4 16 8 3 15 13 9
6 7 1 5 9 3 8 2 1 0 12
8 5 10 0 9 7 22 4 6 6 9
1 0 4 5 7 8 4 5 2 3 2
14 8 18 1 5 8 2 9 1 8 2
6 1 1 0 30 12 3 2 7 14 8
1 6 12 12 1 17 2 6 7 7 9
3 1 2 3 0 9 5 4 5 4 3
7 8 7 5 3 6 4 5 7 1 1
2 2 9 5 8 12 3 2 2 3 7
8 4 15 4 4 5 7 3 12 17 22
0 0 4 4 7 8 2 2 4 1 6
2 2 2 2 15 8 4 2 11 7 9
5 10 4 5 9 4 0 15 7 0 1
6 7 3 21 1 11 3 11 4 17 2
19 14 8 9 0 0 4 20 1 5 19
14 7 17 2 4 20 8 20 0 3 2
12 0 11 3 9 10 3 1 11 12 4
3 9 3 7 3 1 4 2 3 0 4
7 6 9 0 1 3 7 2 2 13 17
5 1 3 5 2 1 4 5 11 6 4
4 8 5 19 14 16 4 4 7 5 8
7 13 8 16 8 21 2 4 12 0 13
4 13 0 14 1 9 3 2 15 7 13
7 3 4 4 5 0 4 1 8 5 3
11 5 26 16 14 2 7 5 12 2 1
4 8 6 1 1 1 6 1 5 5 1
1 10 3 1 2 2 7 11 2 3 1
1 10 5 19 5 2 3 4 6 0 8
4 4 6 9 10 7 1 9 1 4 14
3 13 13 14 8 0 15 16 3 9 11
8 11 6 12 8 0 3 4 16 6 8
0 1 10 14 5 1 0 3 10 18 1
12 5 9 6 5 4 15 3 1 7 7
2 6 9 3 4 9 5 1 7 6 10
10 10 7 3 9 4 1 5 9 8 22
5 1 10 2 5 12 3 18 5 6 7
23 2 9 9 11 6 9 4 9 3 17
8 5 1 2 3 4 4 5 2 5 2
1 5 3 9 5 2 1 4 2 5 7
1 11 2 3 6 11 18 5 16 9 9
8 3 0 1 1 3 4 0 7 4 4
2 16 3 4 24 2 7 3 8 16 5
0 3 2 5 1 4 1 8 6 3 6
2 12 2 6 9 1 13 11 13 20 5
8 2 2 5 3 3 6 10 5 7 7
9 2 3 0 3 4 2 3 16 2 1
2 1 5 2 7 0 3 22 7 12 18
10 5 2 16 10 0 0 2 8 2 2
20 0 3 9 11 7 9 4 5 1 21
2 0 9 6 5 2 10 5 3 2 2
19 6 0 20 13 2 7 17 7 15 1
6 6 3 0 9 2 2 1 4 8 0
1 11 3 0 3 1 4 24 5 5 8
4 4 1 3 14 17 1 11 3 1 17
18 3 11 1 5 10 7 6 4 6 5
8 3 15 11 6 0 2 5 8 2 3
0 11 3 7 8 2 4 6 3 3 4
4 11 5 4 11 16 7 8 2 2 8
2 4 3 3 4 3 4 4 11 7 4
3 7 8 10 17 8 8 10 6 1 3
21 9 3 12 7 1 10 3 20 8 1
6 9 4 2 1 7 6 5 4 12 5
1 13
1 44
3 89
4 42
4 55
5 60
5 86
5 98
6 40
6 70
6 75
6 84
7 23
8 29
8 30
9 37
9 39
9 84
9 85
9 106
10 14
10 45
10 78
10 98
11 76
13 32
13 75
13 81
13 98
14 84
14 93
14 98
15 44
15 92
16 42
16 62
16 83
17 85
17 97
19 62
19 106
19 107
21 61
21 99
22 74
22 87
22 95
22 97
24 43
24 53
25 48
25 107
25 117
27 32
27 35
27 86
27 88
27 101
27 127
28 33
28 60
29 78
29 79
30 75
30 99
30 112
31 52
31 114
32 105
33 69
34 67
34 74
34 78
34 123
35 39
35 102
37 108
37 120
39 72
39 106
39 120
39 138
40 77
40 108
40 140
41 54
41 113
42 62
42 118
43 123
44 59
44 63
44 117
45 108
45 130
46 65
46 84
46 89
47 58
47 65
48 65
48 127
49 50
50 132
51 59
51 109
51 140
53 144
56 69
56 99
56 105
56 112
56 147
56 154
57 82
57 108
57 126
57 129
58 111
58 147
59 119
59 137
60 82
61 84
61 111
63 84
63 109
64 77
64 80
65 103
65 110
65 129
65 137
65 157
65 165
67 80
67 98
68 123
69 72
69 117
69 129
69 135
69 144
70 94
71 79
71 108
71 123
72 90
73 89
73 145
73 147
73 152
73 169
74 123
74 137
74 143
75 150
75 166
75 170
76 124
77 128
77 166
78 161
79 107
79 166
80 109
80 138
81 159
84 109
84 113
84 116
84 126
84 144
85 112
85 131
85 180
86 170
86 179
87 146
87 186
88 107
88 125
88 172
89 139
90 138
90 158
91 96
91 104
91 113
91 180
92 166
93 150
93 160
93 169
93 171
93 176
94 114
95 142
95 174
95 187
96 169
97 156
97 182
98 108
98 123
99 112
99 125
99 157
99 160
99 161
101 105
101 146
101 152
101 164
102 121
103 115
103 118
104 144
104 189
105 166
105 187
106 205
107 117
107 121
107 137
107 161
107 177
108 144
108 183
110 149
110 166
111 147
111 160
112 170
112 173
113 117
113 186
114 169
114 196
115 158
117 179
117 199
118 137
118 167
119 178
120 164
121 183
122 144
122 168
123 182
123 195
124 210
124 223
125 189
126 189
127 167
128 138
128 142
129 199
129 224
130 160
130 167
130 177
130 198
130 210
130 220
131 164
131 214
131 219
132 184
132 222
133 164
133 171
133 208
135 136
135 155
135 171
135 174
135 182
135 197
135 212
136 196
138 181
138 235
138 237
139 145
139 196
140 182
140 195
140 237
141 234
142 204
143 167
143 202
143 243
144 196
145 149
145 157
145 165
145 183
145 210
145 225
146 220
147 150
147 168
148 193
148 205
148 209
149 160
150 151
150 164
150 184
150 248
151 156
151 237
153 164
154 182
154 196
154 199
154 237
155 165
155 181
155 224
155 243
157 193
157 225
158 190
158 194
158 195
158 255
159 179
159 191
159 217
159 246
160 229
161 248
161 252
162 182
162 253
162 258
163 195
164 236
165 210
166 246
167 253
168 175
170 184
171 217
171 268
172 177
172 209
174 203
175 214
175 215
176 216
177 246
178 242
179 183
179 187
179 238
179 270
180 203
182 225
184 205
185 193
185 249
186 189
186 211
186 241
187 220
188 256
188 276
189 218
189 284
190 191
190 210
190 256
190 261
191 205
192 206
192 240
193 273
193 290
194 214
194 249
194 250
194 280
195 284
196 204
196 228
197 271
198 228
198 246
200 265
201 235
201 280
202 253
202 263
202 284
203 238
203 275
204 236
205 212
206 257
206 274
207 280
208 276
209 269
209 277
210 307
211 222
211 225
211 229
211 303
212 251
213 218
213 230
213 299
214 243
216 289
216 308
217 246
217 277
217 294
217 295
217 309
218 249
218 282
218 283
218 293
218 311
219 222
219 253
221 268
221 275
222 227
222 301
223 269
224 248
225 270
225 290
225 314
226 305
227 246
227 273
227 289
229 246
229 269
229 292
229 300
229 319
232 311
232 313
233 251
233 298
233 316
234 279
234 286
235 276
235 329
237 249
237 334
238 245
238 272
239 325
239 329
239 330
241 291
241 328
242 263
242 323
243 316
244 340
244 341
245 256
245 332
246 285
246 302
246 303
246 308
247 251
247 343
247 346
248 283
248 286
248 341
249 277
249 322
249 325
249 349
251 261
252 299
253 310
253 314
254 264
254 290
254 308
254 338
257 274
257 305
258 298
258 342
258 343
259 265
259 284
259 306
259 313
259 347
260 279
260 316
261 314
261 331
262 274
262 290
262 300
262 336
263 279
263 307
263 351
263 357
264 273
264 291
264 361
265 285
265 304
265 327
266 322
266 335
266 356
267 278
267 309
267 332
268 301
268 327
271 363
271 369
272 279
272 304
273 312
273 353
275 325
275 340
276 306
277 280
277 310
277 354
278 282
279 328
280 305
280 363
280 365
281 288
281 308
281 313
281 375
283 304
283 316
283 323
285 344
285 350
285 363
285 381
286 310
286 314
287 318
287 356
287 358
287 382
288 362
288 376
288 377
290 341
292 293
292 328
293 311
293 315
293 361
293 374
293 377
294 376
295 336
295 343
296 307
298 316
298 334
298 371
299 311
299 350
299 352
299 361
299 380
300 316
300 337
300 365
300 367
301 318
301 352
302 336
304 329
304 384
304 392
305 405
306 372
307 350
308 352
309 332
309 346
309 366
310 339
310 369
311 392
312 382
313 342
315 325
315 350
315 353
315 385
316 324
316 385
317 330
317 340
318 325
318 328
318 343
318 347
318 401
318 404
318 414
319 341
319 366
320 396
321 406
321 414
322 348
324 351
324 392
324 423
325 351
325 400
325 415
326 334
326 368
326 424
327 329
327 349
327 351
327 412
327 417
328 364
328 391
329 361
329 381
329 396
330 355
330 375
330 430
331 396
331 429
332 389
332 393
332 418
333 386
334 356
334 414
335 400
336 372
336 394
338 369
338 423
339 373
339 393
339 408
340 352
341 367
341 375
341 424
342 354
342 370
342 378
342 430
343 371
343 377
343 380
343 423
344 368
344 389
344 439
345 369
345 422
345 437
346 438
347 400
347 418
349 386
351 370
351 395
351 415
352 415
352 444
353 403
353 440
354 382
354 385
354 434
355 377
356 371
358 457
359 365
359 456
360 367
360 381
361 387
361 450
362 397
362 426
362 460
365 439
366 371
366 434
366 451
366 466
368 460
369 375
369 440
370 427
371 468
372 383
372 394
372 419
372 444
374 378
374 417
374 446
375 397
375 447
375 448
376 383
378 408
378 456
378 457
379 437
379 450
380 430
381 419
381 442
382 392
382 403
382 451
383 424
383 467
384 411
384 422
384 438
384 453
384 474
385 440
385 454
386 404
386 452
387 394
388 401
388 422
389 391
389 421
389 433
390 435
390 453
391 416
391 430
391 447
392 468
393 397
393 398
393 414
393 436
395 423
397 399
397 414
397 463
397 490
398 427
398 436
399 407
401 428
403 439
404 465
405 406
405 495
407 470
408 481
409 417
409 423
410 471
410 502
411 445
411 470
411 488
412 447
412 466
412 475
413 448
414 466
414 480
416 423
416 502
417 419
417 426
417 456
417 481
418 450
418 487
418 499
419 492
419 513
420 485
421 483
422 423
422 434
423 471
424 447
424 481
424 523
425 434
427 443
427 520
428 446
428 466
428 505
429 511
430 456
430 468
430 527
430 530
431 479
431 486
431 497
431 500
431 514
432 464
432 470
432 473
432 496
432 516
433 442
433 450
433 457
433 473
433 532
434 477
435 457
435 498
436 474
436 532
437 472
437 480
437 495
438 439
438 485
438 494
438 523
438 532
439 455
439 457
439 510
441 491
442 482
442 526
443 525
444 458
446 512
447 490
447 493
447 496
448 533
448 543
449 451
449 541
450 461
451 464
451 542
452 465
453 470
454 504
454 517
454 541
454 549
455 465
456 514
456 544
457 535
457 537
457 542
458 459
458 506
458 527
458 541
458 551
460 489
462 464
464 524
464 530
464 532
464 536
464 555
465 474
465 560
466 470
467 482
467 512
467 515
467 559
468 469
468 556
469 472
471 493
471 517
471 533
471 536
472 474
472 535
472 562
472 563
473 556
476 543
477 498
477 525
478 577
479 544
480 481
481 508
481 529
482 488
482 561
483 490
483 524
484 489
484 522
485 580
486 501
486 511
486 539
487 524
488 519
488 576
489 521
489 558
490 495
491 497
491 522
492 498
493 502
493 551
494 509
494 523
494 531
494 580
494 592
495 532
495 537
496 569
496 587
497 519
497 532
498 507
498 510
498 539
498 594
500 509
500 534
500 543
501 529
501 532
501 564
501 571
501 581
501 599
503 510
503 534
503 589
504 599
505 512
505 584
506 585
507 526
508 548
508 594
509 539
509 586
509 595
510 517
511 593
511 600
512 527
512 530
512 591
512 606
513 582
513 593
514 523
514 525
514 598
514 608
514 609
515 521
515 554
515 561
516 525
516 527
516 550
516 559
517 538
517 583
518 546
518 560
519 595
519 603
519 605
519 612
520 523
521 550
521 572
521 574
525 529
525 563
526 572
526 615
527 556
527 610
527 627
528 579
528 591
528 606
528 615
529 538
529 557
529 566
529 600
529 617
530 577
530 579
530 629
532 539
532 625
533 596
533 630
534 629
535 547
535 575
535 603
535 635
536 576
537 567
537 590
537 610
539 578
539 633
540 560
541 564
542 544
542 545
542 612
543 626
545 621
548 558
548 573
548 580
549 576
549 613
549 644
550 570
551 604
552 581
552 621
553 597
555 616
555 633
556 650
558 574
559 632
559 635
561 594
561 623
561 650
561 660
562 582
562 609
562 615
562 628
562 658
563 574
564 582
565 574
565 649
565 660
566 582
566 585
566 622
566 629
567 615
567 649
567 651
569 653
569 664
571 608
572 610
572 664
573 641
574 596
574 646
575 661
576 592
576 608
576 673
577 594
577 641
578 579
579 601
579 612
580 596
580 639
581 665
582 593
583 682
584 607
584 627
585 674
586 651
586 680
587 604
587 614
587 682
589 599
589 643
590 609
590 651
590 683
592 656
592 662
592 668
593 595
594 617
595 599
595 689
596 597
596 643
596 661
596 669
599 623
599 666
599 698
600 627
601 621
601 663
601 683
602 620
602 645
602 649
602 666
602 675
603 646
603 647
603 654
603 690
603 691
604 619
604 630
604 665
604 682
607 635
608 621
608 658
608 680
609 611
609 619
610 698
611 614
612 635
614 649
614 665
614 694
615 641
616 636
616 661
616 671
616 691
616 710
617 691
617 709
618 656
619 709
620 663
620 666
620 709
620 720
621 633
622 717
623 659
623 708
623 715
624 644
624 670
624 680
624 713
626 658
626 677
626 692
627 639
627 645
628 658
628 717
629 713
630 651
630 693
630 694
631 659
631 673
632 724
633 646
633 650
633 703
633 711
634 659
634 675
634 676
634 681
635 665
635 667
635 702
635 715
637 639
637 725
637 728
638 653
638 713
639 695
639 698
639 719
640 648
641 706
641 733
643 730
644 659
645 698
645 704
646 718
647 693
649 665
650 721
650 748
651 724
651 729
652 714
653 701
653 731
654 672
655 683
655 718
656 682
659 686
659 746
660 731
660 741
661 702
661 708
661 748
662 702
662 703
663 682
663 685
663 750
665 692
665 723
666 687
666 735
668 684
668 719
668 753
670 680
670 736
671 707
672 749
673 703
673 727
673 738
674 731
675 704
675 719
676 682
677 731
677 771
678 695
678 720
680 740
681 687
681 721
682 693
682 695
682 780
683 690
683 763
684 699
684 731
685 714
686 695
686 708
686 723
686 776
687 706
687 739
687 762
687 782
688 700
688 771
689 712
690 733
691 718
691 746
691 747
692 696
692 715
693 727
693 783
694 771
695 771
696 709
696 719
696 782
697 700
697 727
697 784
698 762
699 701
699 712
700 713
700 731
700 733
701 739
702 767
702 769
702 791
703 739
704 740
704 788
705 709
705 734
706 805
709 746
710 718
710 723
710 735
710 786
711 770
711 774
711 781
712 719
712 796
713 740
713 785
714 734
714 809
715 726
715 749
715 794
715 798
716 735
716 763
716 810
717 814
718 778
718 800
719 735
719 743
719 770
719 790
719 807
719 810
720 724
720 777
721 729
721 811
721 816
722 734
723 761
723 776
723 785
725 739
725 760
725 798
725 822
726 806
727 729
727 733
727 811
727 816
728 774
730 736
730 738
730 809
730 811
730 821
731 733
731 800
731 809
734 771
734 781
736 778
736 780
736 809
739 755
739 802
739 809
741 748
741 750
741 809
742 795
745 772
745 776
746 747
746 844
747 831
748 753
748 815
748 832
749 783
749 788
750 769
750 776
751 800
751 817
752 849
753 800
753 805
753 811
753 814
754 764
754 795
755 766
755 779
755 817
756 773
756 774
756 802
756 832
757 762
757 768
757 797
757 829
758 779
758 801
758 803
759 841
760 767
760 831
761 779
761 804
761 817
761 856
762 810
762 847
762 853
764 786
764 790
764 804
765 769
765 793
765 825
766 791
766 830
767 806
767 827
767 863
768 798
769 805
770 771
770 849
770 866
772 795
772 823
772 836
773 778
773 790
773 854
774 816
775 779
775 783
775 799
775 837
775 855
775 856
776 803
777 845
778 797
779 814
780 812
780 817
781 805
782 815
782 851
783 798
783 816
783 866
784 787
784 849
784 867
785 870
786 787
786 857
788 791
788 841
788 869
789 832
790 813
790 844
790 873
790 890
791 830
791 836
791 840
791 869
791 882
792 883
793 859
794 824
794 861
794 863
794 867
794 869
794 871
795 833
796 837
796 858
796 878
798 803
798 824
798 858
799 817
799 842
799 843
799 877
800 851
800 883
800 886
803 816
803 830
804 850
804 862
804 896
808 905
809 858
809 877
809 880
809 889
810 910
811 831
811 832
811 834
811 870
811 879
811 880
811 889
811 891
811 894
812 819
812 903
812 911
813 845
814 856
814 881
815 885
815 903
816 817
816 843
816 881
817 846
817 907
818 837
818 894
819 855
819 857
819 888
819 903
820 832
821 844
821 882
821 888
821 908
823 872
823 887
823 897
823 900
824 848
824 876
824 918
825 831
825 839
825 898
826 874
826 883
826 886
827 871
827 927
828 832
828 835
828 843
830 844
830 846
830 850
833 835
833 844
833 912
833 924
834 889
834 909
834 920
834 928
835 837
835 859
837 900
837 929
838 900
838 912
838 918
839 897
839 901
840 862
840 879
840 934
841 883
841 912
841 941
842 874
842 884
843 900
843 910
844 937
846 902
846 922
847 895
850 928
851 934
852 880
853 865
853 889
853 903
853 917
854 878
854 901
854 906
854 913
854 940
856 951
857 916
858 930
858 951
859 877
859 952
859 955
860 869
860 875
861 940
862 880
862 917
862 936
862 946
862 948
862 950
862 956
863 865
863 867
863 881
863 887
863 919
864 887
864 889
864 924
864 925
866 889
866 908
866 966
867 884
867 885
867 923
868 956
868 965
869 955
869 963
870 896
870 949
871 887
871 908
871 949
872 910
872 948
872 969
873 893
873 906
873 919
873 971
873 972
874 914
874 969
875 953
876 877
876 966
878 913
878 958
879 898
879 904
879 935
880 887
880 895
880 925
880 975
881 934
883 960
883 969
884 888
884 932
884 972
885 911
885 959
886 956
886 958
887 900
887 919
887 941
887 969
888 908
888 941
888 944
889 964
889 971
890 944
890 979
891 969
891 971
891 974
892 897
892 899
892 927
892 930
892 980
892 987
893 900
893 946
893 958
895 945
895 994
896 907
896 915
896 939
897 951
898 978
899 925
899 942
899 952
899 990
899 994
900 922
900 956
901 906
901 973
902 917
902 929
902 952
902 960
902 981
902 996
903 937
903 959
903 974
903 998
904 911
904 967
905 926
905 977
905 983
905 994
906 976
906 981
908 912
908 916
908 1000
909 932
909 958
910 927
910 928
910 933
910 938
910 940
910 963
910 971
911 949
911 964
912 928
912 959
914 990
915 930
915 966
916 981
917 931
917 934
917 950
919 939
921 958
921 976
922 945
922 992
922 996
924 957
924 980
927 981
927 989
929 964
930 946
930 948
931 957
931 969
935 993
936 975
937 994
938 990
939 958
940 994
942 949
943 983
944 950
945 961
947 991
948 982
949 975
951 973
954 956
954 975
955 978
956 968
957 990
957 995
959 964
964 970
964 973
964 977
972 980
978 1000
982 984
983 998
989 996
999 1000
1 2 1 9 1 5 1 10 2 3 19
4 1 26 27 24 22 24 4 16 14 8
3 7 2 13 5 7 1 0 5 14 4
18 2 3 19 3 18 10 18 10 5 10
20 9 12 2 6 32 6 14 4 5 29
5 24 17 26 1 11 22 11 10 27 1
16 7 27 5 1 30 1 7 3 5 1
8 8 12 6 6 4 3 16 6 17 2
12 7 3 4 2 4 8 9 11 7 3
1 7 12 2 1 23 7 9 4 12 8
20 14 14 13 2 0 9 2 7 8 7
15 6 3 11 21 4 2 19 13 17 13
4 8 9 24 7 2 2 4 4 6 2
11 11 1 3 14 2 4 11 3 3 16
8 14 16 6 8 1 16 6 5 11 7
8 16 15 9 21 1 3 21 8 27 19
19 2 8 7 5 6 14 1 19 5 9
0 11 9 8 19 6 10 2 27 20 11
4 0 12 1 2 7 5 8 7 9 2
1 3 21 1 33 0 1 2 0 9 3
7 4 11 1 6 5 10 4 4 6 8 2 10 7 4 3 6 6 10 22
6 1 7 1 6 1 6 3 4 10 1 1 1 7 2 1 4 7 11 16
16 17 29 4 1 19 16 14 11 16 12 2 23 3 11 3 11 19 20 30
9 1 4 1 5 4 11 5 5 10 1 2 4 6 1 1 1 3 9 15
7 3 15 1 1 7 11 7 4 2 9 2 13 4 4 4 5 6 9 21
10 3 8 1 1 4 6 2 1 6 6 1 7 5 3 3 3 8 7 19
70 19 61 27 20 30 36 45 50 41 29 37 55 45 27 28 31 30 60 66
71 20 56 37 28 14 38 34 48 31 33 40 57 54 20 26 42 32 53 69
28 14 22 7 9 14 15 11 11 24 10 6 14 15 10 9 10 18 25 33
17 1 4 1 1 7 10 1 2 9 4 1 6 5 1 1 1 5 8 16
52 26 46 25 22 33 42 42 42 46 27 23 43 36 27 28 20 28 58 61
29 17 34 5 5 14 16 6 16 22 11 5 25 19 12 1 14 24 23 37
39 26 36 17 4 21 16 14 21 25 23 11 26 20 20 15 20 27 29 38
58 28 58 27 25 32 42 29 41 43 41 24 49 36 29 19 35 35 49 53
59 21 64 19 17 34 45 35 43 39 46 20 57 39 38 18 35 33 49 64
37 34 51 23 18 42 49 37 49 47 52 17 50 32 43 14 43 40 54 63
58 22 46 30 19 28 26 27 31 42 18 18 35 31 20 14 23 25 45 41
19 6 19 6 3 10 17 10 8 11 15 6 16 6 4 8 10 9 16 24
23 1 22 1 6 6 16 19 17 6 13 16 21 23 10 16 9 6 23 36
28 2 24 4 12 13 21 26 17 13 22 16 31 27 23 23 10 12 25 41
49 20 42 17 15 27 35 32 33 30 31 16 43 32 26 19 31 26 47 62
59 5 47 30 39 20 36 39 46 45 27 39 33 52 28 29 36 33 49 48
54 33 52 25 19 37 43 31 37 44 36 10 50 20 31 11 38 29 54 57
59 11 36 30 32 6 36 26 41 40 20 29 22 45 21 15 36 23 41 47
50 13 47 15 17 27 32 29 24 34 18 17 38 34 21 23 6 19 38 51
45 9 36 21 19 10 21 13 17 24 12 15 26 33 11 10 12 13 24 38
31 6 20 21 9 12 13 10 20 18 20 9 11 13 11 5 18 6 22 19
13 4 18 6 4 6 11 8 16 8 8 4 10 16 6 1 9 6 17 26
37 11 32 21 9 1 18 13 18 11 9 25 19 23 1 10 18 11 19 29
34 3 25 21 21 7 15 15 29 26 17 19 16 35 14 12 25 24 24 26
49 14 23 22 31 11 41 21 29 37 16 12 22 30 15 8 30 16 43 47
38 16 22 7 2 16 14 12 9 20 1 7 19 17 7 9 3 14 26 33
62 35 67 37 32 34 58 60 46 59 37 38 69 44 40 39 28 38 69 84
12 2 5 1 7 3 10 10 11 11 7 2 7 13 10 7 9 8 17 27
62 24 58 26 33 24 53 54 54 46 46 44 57 48 38 42 47 46 69 86
66 9 55 26 34 9 44 43 49 39 40 43 43 59 30 35 42 36 55 66
11 1 6 1 1 1 6 1 1 4 6 1 3 4 1 1 4 4 3 16
7 1 7 1 1 4 6 1 1 3 2 1 3 1 1 1 1 5 4 13
60 19 49 29 36 22 48 28 40 47 38 13 47 40 31 18 36 26 50 57
27 1 20 5 6 10 20 18 16 13 15 13 20 17 7 15 7 7 24 29
76 38 63 43 34 32 58 44 51 50 45 27 66 45 39 20 47 27 62 74
6 1 5 1 1 7 8 2 4 6 3 1 4 1 1 1 1 2 10 13
60 11 44 38 31 30 46 35 46 31 45 18 46 43 35 17 40 12 49 47
64 18 51 21 30 8 30 36 34 43 22 33 39 52 28 30 31 34 47 64
50 15 39 16 31 14 52 33 35 37 30 21 33 40 27 22 35 23 48 65
37 8 28 11 21 20 34 20 21 31 16 5 25 24 14 9 17 17 30 42
52 14 41 30 17 15 25 21 29 31 24 21 33 30 13 11 24 18 34 42
76 22 63 35 29 26 47 39 51 43 46 35 64 56 34 36 39 42 52 67
47 8 33 20 22 5 31 23 34 28 29 25 14 38 26 21 36 28 36 49
24 3 14 10 13 7 17 9 16 16 5 8 9 24 8 5 8 9 15 26
23 6 20 9 6 18 23 14 15 16 16 6 19 8 8 8 9 9 20 27
3 1 1 1 2 1 1 1 2 2 4 1 2 7 3 3 1 1 4 14
61 19 43 35 44 16 59 34 48 50 39 21 32 38 33 15 56 32 58 60
25 5 20 6 9 4 14 8 6 14 4 10 13 17 6 6 1 8 12 24
6 1 7 3 5 5 9 6 10 6 1 1 3 9 2 1 3 1 15 14
42 23 44 10 17 27 41 43 33 43 27 18 43 35 38 24 25 32 52 70
41 3 31 17 22 16 31 18 20 31 19 6 20 23 14 4 16 7 29 29
19 1 9 6 12 8 22 9 14 13 7 1 11 15 5 3 10 6 19 27
43 11 36 21 20 13 36 26 31 33 14 22 26 26 6 15 17 18 45 47
66 26 47 34 28 16 33 26 48 40 37 23 45 53 35 19 47 37 52 62
65 27 56 25 13 23 29 31 35 33 31 30 49 41 30 25 35 37 45 62
33 13 32 11 13 13 33 20 17 20 24 13 30 20 14 14 17 11 32 47
39 1 23 6 26 8 35 27 24 32 21 17 19 37 26 24 11 14 29 46
52 31 42 7 22 21 29 27 34 43 30 13 38 44 41 21 34 44 46 65
70 23 62 43 42 24 46 35 51 40 43 38 61 61 31 24 51 43 50 55
40 7 34 23 13 17 30 17 25 16 18 14 26 26 10 6 20 9 24 29
38 9 22 11 12 12 20 12 7 24 15 2 22 18 13 12 8 9 24 37
70 15 57 38 35 28 42 40 45 51 32 25 48 45 29 17 40 27 56 51
44 23 45 16 16 15 39 30 32 33 28 18 41 30 27 14 28 22 45 66
60 17 47 25 34 22 52 44 47 47 32 32 37 41 27 29 35 27 60 63
36 13 26 5 13 20 22 23 20 32 18 10 30 25 24 20 8 21 32 46
31 8 32 7 9 18 28 16 11 21 21 2 28 13 12 8 10 12 24 37
21 1 15 2 10 11 20 15 18 20 14 4 17 17 13 7 7 9 24 34
38 8 17 11 16 11 24 17 25 20 17 8 26 30 17 11 23 16 35 47
13 2 12 7 1 5 8 5 9 2 3 8 7 9 2 3 2 2 9 12
19 3 11 3 2 4 10 5 4 8 7 7 9 11 4 8 1 6 8 16
9 9 14 4 3 11 15 7 8 6 14 1 14 5 7 4 11 10 13 21
53 24 55 37 21 33 29 34 46 44 38 28 48 37 30 16 40 37 52 56
19 1 13 3 5 7 15 14 10 6 13 13 17 16 10 15 7 5 14 21
21 2 15 8 5 6 10 1 8 14 11 1 5 8 2 1 7 6 12 18
62 13 49 27 33 21 50 33 36 37 45 21 55 46 30 27 27 19 49 65
31 12 25 21 12 18 26 16 20 20 29 6 24 10 18 5 28 9 27 28
32 3 25 11 20 6 24 17 12 18 13 15 21 31 12 17 3 4 20 32
38 2 25 17 15 13 27 14 13 20 16 6 17 18 10 5 13 3 20 21
49 9 32 13 21 16 30 25 29 33 22 19 27 37 24 23 23 26 34 49
39 13 42 25 13 28 33 22 31 27 27 10 30 15 17 3 25 14 32 33
60 25 58 34 17 35 41 50 56 39 42 40 52 46 40 27 44 34 62 75
25 6 21 8 14 14 31 15 19 19 14 4 23 18 6 3 14 10 26 38
16 3 7 5 11 7 13 5 9 16 5 1 6 14 5 2 7 8 15 17
22 9 20 10 7 10 17 9 9 13 16 7 13 7 5 6 15 11 17 22
41 19 42 11 21 26 42 24 30 36 33 12 41 28 26 14 26 25 40 55
66 29 59 34 41 18 57 35 49 47 39 27 59 58 39 16 45 34 56 73
49 12 34 19 21 22 25 28 39 28 34 23 31 41 29 24 37 32 41 48
38 7 18 21 20 7 21 16 32 19 23 17 18 38 20 16 27 17 29 34
27 5 11 7 8 4 13 7 9 12 12 8 15 18 10 10 10 9 13 27
58 11 46 32 30 30 31 43 57 40 36 37 46 56 37 30 42 39 53 52
36 4 22 14 9 12 13 14 26 18 20 15 15 27 15 12 16 13 26 30
31 10 18 17 15 8 18 9 15 21 13 10 11 24 12 8 10 5 24 29
7 7 9 2 5 5 12 3 7 9 8 1 7 6 4 1 11 8 16 19
43 18 43 28 22 27 43 29 36 34 28 14 32 21 20 5 33 14 45 45
9 1 8 1 3 1 6 6 1 3 5 7 9 8 4 9 1 1 8 17
70 33 59 36 40 15 56 32 39 44 41 30 58 53 28 21 44 36 53 73
10 3 9 2 6 8 10 5 8 13 7 1 6 7 2 1 5 9 14 17
69 20 53 22 27 26 36 38 47 40 40 33 55 59 36 38 33 40 54 72
11 1 6 2 1 1 2 1 3 2 1 2 1 7 1 1 1 1 1 9
57 10 51 21 21 21 23 35 40 35 30 33 43 47 27 29 33 39 44 50
10 5 3 4 1 1 1 1 1 4 1 1 1 3 1 1 5 3 10 13
44 3 38 21 25 23 39 28 26 33 26 12 33 25 17 12 17 8 36 34
42 19 38 29 30 28 52 38 39 42 31 13 37 25 30 11 36 13 52 53
18 7 22 1 15 12 27 20 17 16 16 11 24 21 15 14 12 11 24 41
28 5 18 6 6 3 15 12 7 7 12 10 18 21 10 10 11 6 16 34
36 14 37 14 5 10 17 18 16 16 11 19 28 20 5 16 10 18 27 40
23 12 17 12 9 1 13 15 18 12 12 15 16 18 10 7 19 10 25 34
21 5 18 5 1 9 12 12 13 10 18 12 17 14 12 13 11 15 11 25
39 15 26 19 17 10 34 12 17 17 22 12 27 22 9 10 26 14 28 36
52 29 64 24 25 35 57 45 61 50 51 33 51 48 47 21 50 48 60 72
75 18 53 28 35 17 31 45 50 48 27 44 44 63 36 42 38 45 57 61
63 32 56 39 21 37 33 33 46 41 31 25 52 42 28 19 40 41 51 50
58 38 63 43 33 41 66 44 51 60 50 19 59 36 42 10 48 30 68 72
11 3 11 1 4 7 10 8 7 6 11 4 13 11 8 7 6 8 7 22
15 12 23 6 5 19 24 21 20 21 17 10 26 11 16 9 9 13 27 37
64 14 58 36 22 21 38 41 49 31 40 43 49 40 22 30 41 31 50 58
20 5 17 7 9 10 21 13 11 7 9 8 20 19 9 9 7 3 16 27
15 5 20 7 1 13 15 9 14 8 11 7 12 8 4 1 7 9 13 18
35 5 24 21 7 4 11 5 17 12 12 15 13 22 3 4 18 12 14 18
44 19 37 24 9 26 20 20 28 28 13 16 27 21 10 7 18 21 38 32
64 12 53 28 37 25 45 40 42 50 31 31 43 51 31 30 24 26 51 60
43 1 26 16 23 4 30 19 18 23 20 19 28 37 11 20 6 9 21 38
74 30 72 30 29 36 50 60 57 54 40 45 68 62 46 46 34 47 71 88
18 4 13 9 4 11 11 7 14 10 8 6 9 14 5 4 3 5 17 19
49 23 46 20 32 26 48 37 39 42 39 22 45 44 42 29 29 24 49 70
33 16 33 17 12 19 38 26 21 28 20 15 31 23 16 9 18 12 37 49
12 4 16 1 4 1 11 1 2 7 10 1 9 9 6 1 6 6 8 20
19 1 9 4 6 1 9 9 10 2 13 10 16 18 10 12 10 7 9 23
45 6 41 10 31 9 37 41 35 39 29 32 30 42 31 38 26 37 47 62
29 10 32 16 12 19 32 21 20 18 25 8 28 7 12 8 22 9 33 33
42 15 35 14 11 15 33 20 22 25 32 11 34 18 23 11 29 17 34 46
45 4 45 31 24 29 39 31 43 35 32 14 38 33 24 4 29 13 37 35
20 3 10 9 6 6 12 3 8 11 6 4 5 12 4 1 3 1 12 12
65 39 55 28 29 32 52 43 43 53 23 26 47 39 31 24 40 41 64 72
60 43 67 41 26 26 55 46 52 49 46 41 59 36 32 25 45 40 63 76
21 11 22 8 13 8 28 20 17 19 9 5 19 15 13 4 16 4 30 42
13 3 13 4 6 3 8 6 6 6 12 6 11 15 10 7 6 6 4 20
23 5 24 10 16 18 26 19 15 20 23 7 25 20 18 15 8 9 21 36
32 30 50 10 18 30 45 39 35 45 28 19 44 26 34 19 31 40 52 64
70 20 64 49 41 42 63 48 52 48 47 30 56 48 36 24 45 22 59 46
46 34 42 20 26 17 38 32 39 34 36 26 42 40 36 19 48 39 48 64
52 21 28 27 27 17 39 23 32 37 16 14 28 29 15 10 32 21 47 51
83 33 64 44 29 26 41 41 53 47 37 44 62 58 30 36 44 43 61 70
48 19 50 18 24 18 39 41 33 27 35 32 52 39 31 30 31 22 49 69
13 8 21 1 1 10 18 9 8 7 14 3 17 4 7 4 9 11 15 27
59 31 39 28 34 9 40 38 38 44 23 37 37 45 29 30 35 33 51 64
57 9 44 19 23 18 32 37 29 29 34 33 44 44 28 37 18 22 43 59
63 13 49 23 19 37 32 40 39 29 42 25 53 39 35 33 37 34 47 54
36 14 27 15 21 12 34 21 18 28 20 11 24 26 18 15 21 12 35 48
17 4 9 9 8 10 13 5 10 14 9 3 5 6 3 1 7 4 16 13
14 6 26 6 2 11 18 15 13 5 13 10 20 12 8 8 8 5 13 27
67 16 56 39 33 38 49 51 55 35 47 33 56 49 37 27 54 25 63 59
41 12 37 29 18 27 30 27 37 24 34 16 30 25 23 12 31 11 40 36
31 5 20 16 10 15 30 13 19 9 14 6 20 17 3 3 15 1 24 25
14 5 14 1 5 10 13 7 7 10 8 1 11 8 4 1 8 11 8 19
16 1 14 1 4 1 6 8 8 4 12 10 13 17 10 11 7 7 9 26
13 5 15 7 9 18 24 15 19 17 13 4 13 9 9 4 7 3 23 24
43 14 29 14 30 17 34 25 23 35 26 8 38 38 30 21 22 24 36 57
19 14 14 7 3 5 5 3 3 14 2 3 7 2 1 1 10 11 19 27
72 33 55 29 31 25 45 30 48 52 29 26 43 55 38 24 44 48 56 67
19 10 19 6 5 3 11 5 9 10 11 6 13 15 8 4 11 12 16 33
29 7 23 14 25 16 33 24 18 24 15 10 25 28 19 15 9 6 30 40
20 3 14 10 6 10 16 8 9 10 10 7 9 9 3 6 6 1 17 14
20 15 25 12 2 18 20 21 22 16 20 12 26 15 19 9 15 16 24 36
57 35 51 25 12 30 36 22 39 38 26 16 45 34 25 13 32 31 48 60
56 35 49 29 23 26 42 36 32 41 22 23 43 27 18 18 32 29 53 57
56 29 41 25 21 27 35 20 36 34 46 8 47 32 35 13 46 33 47 50
20 21 22 6 10 11 16 9 16 17 27 6 23 18 22 7 24 24 21 37
57 23 38 31 34 24 47 32 36 45 29 12 44 37 26 13 32 20 55 63
60 29 47 34 36 21 54 30 50 48 36 20 40 44 32 14 48 30 60 70
67 14 61 26 20 30 40 45 44 38 38 33 55 42 29 32 28 30 55 64
29 7 29 6 10 6 14 14 19 13 25 17 24 29 21 15 17 18 19 39
36 5 28 17 30 11 40 32 31 32 25 25 27 37 19 29 21 21 40 45
15 2 18 5 5 6 13 10 9 4 4 10 12 13 2 7 3 2 15 22
78 15 59 47 38 29 48 45 55 40 44 43 58 62 34 34 40 23 58 64
53 31 59 36 20 25 51 48 50 38 44 43 56 41 30 26 41 33 57 71
26 5 21 4 5 8 11 8 9 15 3 8 17 18 7 7 1 9 14 31
31 3 19 13 7 8 15 10 17 10 18 12 14 24 12 10 14 7 16 24
26 11 24 15 4 10 13 9 15 10 4 13 13 13 3 3 12 10 21 25
40 31 50 29 33 22 58 44 49 49 41 31 38 35 43 23 52 40 61 74
77 31 62 37 39 17 42 52 56 51 29 49 50 63 38 38 51 51 64 74
27 6 16 13 8 4 9 4 11 13 3 10 10 20 4 1 8 9 13 20
67 30 60 40 27 20 34 39 60 41 48 46 51 56 39 27 60 49 59 66
8 2 5 1 1 1 1 1 1 5 3 1 1 1 1 1 3 5 6 8
14 1 14 5 1 2 8 4 5 1 1 10 5 10 1 3 1 1 5 7
14 3 12 1 6 1 9 7 1 7 6 8 9 10 4 9 4 6 10 21
43 16 28 19 21 5 31 15 19 20 23 18 33 33 14 16 26 16 29 51
16 6 14 1 4 5 9 7 1 9 6 8 12 8 5 9 1 10 9 20
17 1 7 5 8 5 13 3 4 12 7 1 4 9 3 1 3 1 12 13
18 2 9 4 2 1 8 2 1 5 2 4 4 8 1 3 4 3 7 13
53 24 59 30 21 42 51 47 42 46 47 19 59 29 39 17 40 29 57 60
7 1 3 1 1 4 7 1 1 2 3 1 1 1 1 1 2 1 8 11
37 16 30 13 9 28 20 20 20 31 14 8 24 12 17 13 10 20 28 25
22 8 23 5 2 10 7 4 9 13 8 6 13 12 4 3 6 14 14 25
64 10 50 30 44 23 62 38 50 46 46 22 46 54 41 25 42 25 52 64
46 12 29 16 21 11 29 19 19 26 24 18 34 32 13 21 17 20 29 47
28 10 30 13 9 16 32 22 19 18 17 12 25 16 10 9 11 7 28 36
63 26 63 35 24 36 50 46 44 43 37 32 63 52 37 30 28 31 51 70
10 4 5 1 2 2 1 1 2 9 4 1 6 7 3 3 1 6 10 20
71 22 70 26 27 33 42 46 60 44 47 39 69 62 39 35 44 51 63 73
18 1 10 6 5 10 16 7 8 10 6 7 9 9 1 5 1 5 10 16
12 6 11 6 1 13 13 7 10 9 12 1 9 2 4 2 8 6 18 21
46 3 32 30 27 16 25 23 32 30 28 23 30 43 21 19 15 9 27 30
50 14 43 33 38 37 54 44 49 49 39 20 41 45 41 24 25 13 52 54
34 1 28 16 15 10 24 15 18 15 9 12 22 29 10 8 7 4 21 32
29 5 19 9 14 9 21 9 14 18 6 8 18 25 8 6 8 10 17 32
33 1 21 12 18 11 26 14 21 25 17 6 16 26 14 6 14 10 21 33
46 13 33 18 17 20 27 29 25 24 31 23 34 34 30 27 20 14 34 49
61 3 36 37 41 15 37 28 43 43 30 21 32 52 27 19 31 19 45 41
41 22 36 26 26 8 40 31 29 26 20 26 36 30 12 17 27 17 41 51
13 3 5 6 4 8 9 2 6 12 9 1 2 4 3 3 4 5 12 14
48 16 44 26 13 19 29 29 37 22 31 25 40 37 24 15 34 18 40 50
18 3 10 7 5 4 16 5 7 1 12 3 16 13 3 5 12 4 11 22
25 8 9 11 4 3 9 2 9 7 16 3 13 13 5 5 16 10 13 24
15 2 11 7 5 10 14 5 9 7 5 4 7 10 1 1 5 3 13 11
49 24 45 22 17 19 14 25 27 33 20 22 39 38 24 21 23 34 36 48
39 16 35 24 14 27 24 18 22 28 24 6 25 10 15 4 25 16 35 29
17 1 10 5 1 2 8 3 5 2 2 8 4 11 1 3 1 1 3 9
82 27 64 43 37 21 60 38 53 47 51 33 65 52 33 23 51 32 60 71
11 3 7 6 1 7 8 1 5 6 11 1 2 4 3 3 7 3 10 9
54 16 49 26 21 32 39 39 40 32 43 27 45 37 34 28 28 15 49 61
44 12 35 16 29 5 39 25 29 34 28 22 19 39 31 23 35 31 37 55
52 22 52 26 27 35 38 34 35 46 40 14 46 30 36 21 33 31 49 44
13 1 11 2 1 2 6 1 3 4 8 4 5 7 2 4 3 5 4 15
14 3 6 4 2 8 13 5 5 5 5 2 7 5 2 3 3 2 12 17
66 35 58 37 35 22 46 44 48 54 25 32 50 50 33 21 40 38 61 69
59 6 46 14 29 24 40 46 39 42 37 31 48 48 33 40 25 34 55 67
44 19 42 9 5 16 15 21 20 25 16 19 35 32 25 22 12 29 23 46
24 4 14 6 16 5 21 17 13 15 12 15 19 26 11 17 7 8 19 33
25 8 16 13 9 13 21 12 13 13 17 9 17 15 8 11 15 9 20 28
51 27 57 12 21 27 39 42 31 41 31 25 56 40 32 34 17 35 48 71
53 39 51 24 26 22 38 41 35 46 16 31 44 37 25 28 29 38 56 67
12 1 1 3 3 1 6 1 3 2 6 1 5 11 3 3 3 1 1 9
17 4 12 5 1 5 9 11 10 2 9 10 14 12 8 10 6 6 12 21
46 21 43 26 24 26 34 15 37 38 31 10 31 30 23 1 37 28 39 35
72 27 44 43 37 23 44 30 47 49 32 23 48 51 32 17 40 24 55 59
48 20 56 26 15 37 40 39 42 38 44 27 50 37 38 24 23 26 45 62
38 13 29 17 14 14 22 23 35 24 17 22 23 32 21 16 25 23 37 46
33 19 32 14 17 19 35 27 29 29 23 11 35 28 24 12 27 25 38 57
47 9 46 18 7 23 27 30 37 21 28 29 39 31 17 22 21 22 38 45
44 7 32 21 25 16 39 31 24 29 29 20 35 32 17 27 14 10 37 45
69 28 44 26 25 26 35 37 38 38 34 23 56 50 42 31 33 28 54 68
66 34 46 34 22 24 36 37 43 35 30 32 50 42 30 28 37 35 51 60
74 10 63 38 56 40 68 66 61 62 60 37 63 63 52 46 42 31 72 72
21 4 19 3 2 7 12 5 7 10 3 5 13 12 1 3 2 7 16 30
52 37 46 23 22 25 41 42 37 42 17 24 47 38 30 24 28 31 55 69
42 23 41 9 17 18 28 18 13 33 23 8 35 29 25 18 17 27 32 52
28 9 14 20 17 12 29 9 26 18 16 2 19 22 10 1 17 1 31 25
56 24 43 36 26 21 43 33 50 38 29 25 40 39 23 12 40 24 53 56
52 1 33 31 21 6 28 18 31 20 24 24 30 37 5 14 23 13 27 31
31 1 22 2 15 7 22 25 21 15 17 18 25 35 23 21 12 11 24 41
59 23 43 40 32 11 41 18 39 32 43 21 43 48 31 12 42 18 40 53
34 8 19 12 10 10 23 11 7 20 11 7 16 14 8 9 6 5 23 31
53 9 38 21 20 23 34 30 29 29 31 21 38 30 20 22 24 19 38 41
31 19 36 11 14 25 37 37 32 35 25 21 41 27 27 20 18 25 45 59
42 9 30 25 20 12 23 17 20 21 18 20 25 36 19 17 13 9 23 35
42 13 36 15 25 18 39 32 25 34 20 16 36 35 23 21 11 10 44 59
63 27 60 28 32 13 42 41 35 46 34 35 54 48 31 35 30 36 54 77
31 7 27 1 11 11 18 15 2 24 8 4 23 18 11 14 1 12 23 38
70 24 56 30 27 28 43 44 42 46 35 31 55 42 26 35 33 35 59 68
54 21 50 18 18 31 39 40 47 45 28 22 45 46 39 24 28 37 49 65
25 14 20 7 5 23 16 14 14 24 11 1 20 8 10 8 6 13 31 33
11 4 7 6 8 9 14 7 12 12 6 2 4 10 5 2 6 2 19 16
18 1 11 1 1 3 8 1 1 8 1 3 7 7 1 1 1 5 4 18
23 5 18 11 21 13 23 18 24 28 23 8 12 20 19 13 22 17 27 30
35 3 27 15 5 12 18 13 21 13 17 18 20 24 9 12 14 14 16 27
70 27 63 39 31 28 50 33 43 50 44 23 53 40 35 13 42 25 53 60
5 1 8 1 1 3 10 4 1 1 1 1 7 1 1 1 1 1 6 15
31 8 22 4 12 12 18 14 4 22 9 1 25 20 14 13 3 11 21 37
44 19 41 22 25 26 47 31 34 37 32 13 42 30 20 15 29 22 47 58
51 17 49 29 26 23 45 25 44 39 33 13 41 37 24 3 39 26 45 48
46 3 37 14 22 13 37 32 29 29 29 23 36 37 17 26 14 17 39 52
20 1 10 8 4 10 15 5 9 11 9 6 6 8 3 4 4 5 8 14
42 8 27 20 27 20 47 34 41 30 31 14 31 33 28 18 34 14 47 50
15 7 16 1 17 5 19 13 16 20 15 9 8 16 16 11 19 19 19 29
44 10 29 19 15 21 27 21 21 25 23 15 27 21 16 15 17 13 30 32
43 14 23 22 24 5 34 15 16 20 16 13 29 30 14 11 23 6 29 39
26 1 17 10 20 15 25 15 15 30 18 1 17 20 16 9 5 6 26 31
23 8 12 11 5 13 18 8 10 14 9 4 10 3 2 3 9 6 21 24
24 3 22 9 11 14 23 14 16 18 13 11 16 16 5 11 7 7 23 27
39 16 33 19 25 23 42 29 40 35 37 8 35 28 30 13 38 25 46 51
69 22 59 43 31 31 34 34 52 40 46 36 57 50 31 25 50 42 54 60
55 3 41 21 34 24 37 42 47 39 42 28 33 50 44 34 31 20 51 52
19 1 9 2 6 4 16 8 5 11 12 4 12 12 8 8 1 1 12 22
77 23 60 39 35 29 47 54 52 39 42 51 60 65 42 43 39 32 62 78
16 1 8 5 7 4 13 9 10 2 9 6 16 17 6 8 7 2 12 20
31 15 29 8 1 14 11 13 16 17 23 14 24 17 18 16 15 25 19 35
61 17 55 43 37 19 55 35 49 33 45 38 57 55 28 31 41 31 48 62
54 21 48 23 34 28 57 28 36 37 41 13 52 44 32 15 31 21 48 60
25 1 17 14 10 2 5 5 18 14 9 14 12 26 5 5 9 9 13 15
65 31 43 38 32 21 38 28 46 47 33 18 41 43 32 15 41 25 54 60
51 42 53 37 16 35 53 46 41 45 31 38 51 34 28 23 37 34 55 65
24 4 19 4 5 6 12 14 13 5 18 12 23 19 12 14 16 16 14 32
24 13 28 19 11 21 32 28 35 26 21 19 26 31 26 11 22 18 31 42
40 14 25 24 16 9 32 17 27 14 22 14 33 32 19 8 23 3 27 42
41 23 41 13 13 21 24 16 17 32 27 8 34 27 28 17 16 26 30 46
50 31 43 17 14 22 34 32 24 35 9 20 39 24 18 16 18 26 44 53
48 8 30 17 14 13 23 17 23 18 29 15 32 29 15 16 27 18 32 43
77 25 63 56 47 28 62 44 57 52 45 36 59 50 24 22 50 28 66 63
19 1 11 1 1 5 12 8 7 5 7 8 12 11 4 8 1 4 9 22
17 1 7 1 3 5 15 5 2 7 3 5 8 8 1 4 1 1 8 14
57 21 53 21 33 30 47 47 34 51 26 25 53 43 30 36 12 29 58 69
35 10 29 15 14 8 22 21 19 17 20 17 27 26 18 16 17 8 28 44
64 26 64 43 25 37 52 59 69 43 45 53 59 57 39 34 50 38 71 73
39 10 37 19 19 19 36 21 28 23 25 16 31 29 14 13 20 15 31 42
70 21 58 38 44 23 65 38 56 49 47 28 55 63 44 25 43 24 60 76
37 8 37 16 8 8 19 7 21 22 19 13 23 20 8 1 21 22 17 25
38 7 24 19 21 16 38 23 25 25 17 13 26 23 4 11 14 7 37 38
42 14 38 11 13 15 27 22 26 27 24 18 32 32 23 17 20 25 33 52
51 21 40 21 28 21 42 27 39 39 39 17 34 43 37 20 37 28 47 58
70 33 48 34 45 20 51 38 38 55 36 23 56 56 40 27 30 27 60 73
60 3 36 23 26 17 41 35 49 25 31 31 37 53 27 28 35 21 50 58
48 13 42 17 18 15 36 34 41 28 32 29 36 35 25 25 35 26 49 58
45 12 41 24 14 20 25 17 22 26 22 13 28 18 12 7 24 15 32 32
23 1 23 4 2 9 17 11 12 10 6 11 17 13 1 8 1 5 16 23
13 5 5 8 1 11 13 5 9 6 8 1 6 1 2 1 6 1 17 17
60 39 53 23 16 36 38 26 32 43 28 16 45 38 33 20 29 39 48 57
35 15 33 14 20 10 35 26 25 23 18 20 31 29 15 16 20 11 35 53
23 14 19 4 1 10 6 6 2 14 6 3 12 4 5 6 8 16 16 25
25 3 18 15 10 16 16 10 16 20 16 3 11 6 9 2 11 7 18 12
66 8 58 40 33 38 48 41 45 44 44 26 51 45 37 24 32 22 46 42
40 18 34 14 14 11 29 26 22 19 27 26 36 26 20 23 27 20 33 52
77 15 47 36 38 18 51 39 51 42 34 37 48 61 33 30 44 26 57 68
27 23 26 6 9 17 23 6 16 23 20 1 23 14 14 1 22 23 32 41
61 13 58 42 39 33 62 50 47 50 43 30 52 42 31 28 28 20 59 57
15 6 24 8 5 19 26 17 17 15 16 4 19 5 6 2 12 6 24 27
55 5 49 31 28 22 23 30 43 38 39 27 40 42 29 18 36 30 37 38
40 12 36 3 18 6 30 21 29 27 29 18 32 39 24 19 23 28 32 54
28 6 14 15 8 7 15 7 14 11 12 12 12 21 7 10 9 4 16 21
51 37 49 26 34 16 54 35 38 45 37 25 48 42 36 21 42 33 54 71
62 25 56 43 25 35 40 36 50 47 29 23 48 34 22 9 42 30 58 51
48 27 44 33 22 31 41 44 49 38 42 29 46 30 34 20 44 28 57 58
14 4 12 5 5 4 6 2 7 10 2 6 5 10 1 1 1 7 11 14
9 1 10 5 1 1 1 1 5 1 1 5 1 7 1 1 2 2 1 2
32 11 35 12 14 9 17 16 15 22 14 20 23 22 6 17 8 21 23 36
52 14 55 18 17 24 31 40 42 22 38 37 50 49 31 33 32 35 47 67
38 5 28 14 19 7 30 27 20 18 21 24 32 34 15 25 12 14 26 40
62 22 52 22 26 25 41 40 41 47 29 28 44 46 31 34 27 38 53 62
42 11 23 21 8 16 23 13 20 18 16 14 20 20 9 9 15 9 24 31
11 10 8 8 3 3 6 1 6 10 9 2 3 2 1 1 12 6 16 20
22 5 8 9 11 6 15 2 9 11 5 1 13 14 1 1 9 6 18 21
60 8 45 26 33 15 39 31 42 39 20 25 44 51 19 21 27 29 47 55
57 24 43 24 20 28 33 31 31 43 21 18 39 32 25 22 16 19 47 56
70 21 59 23 34 27 52 47 45 54 29 32 52 59 34 40 24 39 58 75
23 11 17 11 11 9 19 13 12 14 6 6 15 15 7 2 11 3 24 29
19 1 14 10 2 1 4 1 8 3 3 9 5 15 1 1 7 6 2 10
22 7 21 11 1 2 4 5 15 1 16 14 14 19 10 8 17 12 8 18
35 9 23 7 8 11 18 16 13 14 13 11 27 23 15 13 12 15 19 35
5 1 5 1 1 2 2 1 2 1 4 1 3 8 2 2 1 1 6 10
48 20 39 31 13 24 25 19 27 30 16 18 25 13 12 7 26 17 35 28
11 7 13 7 4 8 8 7 8 6 9 5 9 8 5 5 9 9 13 19
46 15 28 11 16 12 23 21 20 32 9 15 24 32 19 19 9 17 35 49
85 28 64 40 41 42 55 56 50 53 51 46 66 60 44 50 37 28 69 79
13 10 14 4 1 5 8 1 5 9 13 1 8 6 6 1 12 14 9 15
34 28 34 14 12 7 28 18 21 21 24 18 33 21 19 10 31 25 31 48
61 16 56 43 28 35 39 46 50 42 43 37 53 45 36 28 38 29 53 53
14 9 14 4 1 2 9 1 5 6 13 1 8 6 6 1 11 10 9 20
35 6 39 14 9 11 19 25 28 16 17 27 34 29 11 17 14 19 25 35
58 13 39 25 27 16 34 25 21 36 20 22 35 39 16 25 8 15 39 51
47 19 40 23 14 20 30 18 22 27 19 13 30 24 14 8 19 16 34 46
10 1 5 3 3 3 8 1 3 5 8 2 5 7 3 4 3 1 5 12
43 7 40 22 18 21 28 22 31 29 20 19 30 28 12 10 20 17 34 36
18 2 7 1 5 1 10 8 9 12 7 5 8 13 8 8 6 6 16 28
73 15 52 32 29 22 41 35 40 40 31 28 49 50 26 25 33 23 52 61
19 11 13 13 8 5 13 8 12 11 1 8 8 11 1 1 13 4 21 22
60 21 44 42 28 12 42 20 37 31 33 22 38 34 19 3 42 15 42 45
33 6 17 16 12 14 24 13 14 18 18 3 17 15 12 5 16 3 22 25
30 3 23 12 11 17 29 18 15 18 12 5 20 7 7 5 11 2 25 26
50 12 46 22 34 14 45 38 41 45 42 28 42 38 31 32 35 36 49 60
35 20 33 11 2 19 19 21 16 19 6 11 27 17 12 13 8 14 31 38
28 17 35 6 7 22 35 16 22 18 27 6 30 19 18 4 21 16 27 38
66 37 79 34 36 43 65 52 53 63 51 35 71 58 47 35 32 42 68 88
38 13 34 6 1 33 13 32 31 20 27 18 38 26 30 27 16 30 36 45
21 5 13 5 5 8 13 1 6 13 11 4 8 11 6 5 6 10 9 20
57 31 52 29 26 24 37 34 30 40 20 20 45 36 24 17 24 26 48 61
34 17 27 23 13 17 23 14 25 26 14 14 17 17 7 6 18 12 34 35
37 20 44 35 15 18 24 28 36 23 18 29 33 25 13 7 35 22 37 32
47 21 40 20 24 13 43 30 31 35 25 21 39 30 17 13 30 21 45 61
52 15 41 9 17 30 26 40 36 36 29 28 42 41 33 38 21 35 49 59
66 40 57 31 34 39 57 33 44 49 45 17 59 40 34 19 45 38 65 73
66 29 49 32 26 44 45 45 40 50 34 18 53 37 41 28 31 28 58 56
51 13 53 40 31 41 50 42 47 41 48 17 49 39 39 15 38 17 47 36
53 17 47 33 35 28 46 47 53 46 37 33 45 53 42 29 31 26 54 62
29 7 32 3 19 14 36 25 25 29 19 12 21 20 14 13 19 20 37 44
29 19 42 18 5 27 23 30 35 25 29 25 37 27 28 16 23 28 35 49
27 14 16 9 3 7 12 1 3 12 10 4 12 8 3 3 14 13 14 28
37 28 43 25 12 20 32 19 33 26 26 17 37 27 22 7 33 26 38 54
60 18 49 30 29 29 47 36 32 40 39 18 47 33 28 18 35 20 46 50
38 14 21 24 25 4 28 11 21 22 15 9 23 30 12 3 25 7 30 38
36 25 38 16 5 20 33 14 28 21 25 11 28 16 16 1 27 18 32 43
62 19 53 22 34 6 42 40 36 44 29 35 35 49 35 32 37 35 51 74
62 25 43 47 30 15 42 29 52 32 36 33 44 48 25 11 47 22 49 54
15 1 12 1 2 8 17 9 5 6 3 3 12 7 3 3 1 2 9 20
26 5 18 9 6 4 13 12 12 6 10 18 15 23 9 15 5 4 10 22
57 23 55 19 31 36 52 45 39 52 30 18 53 46 37 30 18 27 55 72
27 13 28 6 11 8 19 14 12 18 9 11 20 18 7 9 12 16 26 41
39 10 30 9 20 8 29 18 18 30 19 12 22 30 18 15 17 18 30 47
34 3 20 12 11 5 21 10 10 18 8 11 12 16 1 6 5 3 21 27
24 6 18 9 8 19 18 11 18 21 12 4 15 14 7 5 4 10 25 28
24 11 13 8 8 12 15 9 10 15 10 6 16 14 8 8 9 10 21 32
16 4 12 8 1 9 11 4 9 8 10 6 6 8 4 4 6 7 10 13
41 9 32 15 1 11 16 16 25 10 15 22 26 23 10 11 19 16 24 39
64 10 57 33 38 16 48 48 48 40 39 42 53 61 34 41 30 29 54 74
7 4 9 1 1 1 7 1 1 1 7 1 6 4 2 1 8 6 2 13
28 3 27 5 11 15 21 20 19 17 31 9 28 23 22 16 18 16 26 40
75 22 76 43 31 41 57 56 58 48 56 42 70 55 42 35 43 38 62 73
11 8 7 9 6 1 3 1 6 6 1 5 1 9 1 1 8 3 14 13
57 23 55 21 35 20 54 47 41 52 33 30 46 43 31 32 32 34 61 79
21 3 11 11 1 4 6 3 11 5 12 7 5 9 4 4 9 2 12 14
22 11 22 2 2 6 14 10 7 9 18 10 22 13 12 12 14 18 15 32
19 4 19 7 7 19 20 12 15 19 15 1 14 4 6 1 9 7 23 23
59 14 58 30 32 29 52 33 37 44 45 20 47 38 32 21 26 19 44 48
7 1 3 4 3 6 6 1 5 8 8 1 1 2 1 1 3 1 11 9
43 11 42 25 22 18 42 26 35 27 31 16 43 41 26 12 25 15 34 55
23 11 28 14 7 18 21 13 24 20 17 8 18 18 10 3 13 14 25 32
66 37 57 25 13 18 33 30 35 37 22 34 50 42 27 24 32 39 45 65
24 11 17 14 4 10 16 7 10 14 14 6 10 3 3 3 17 8 18 21
64 25 53 18 29 13 42 38 38 46 33 33 41 45 36 32 38 37 55 75
18 7 12 7 5 5 12 9 5 5 10 10 12 13 8 12 9 6 10 20
55 17 58 23 19 35 40 36 41 38 46 16 51 32 39 20 30 26 47 54
19 1 8 2 12 1 13 4 6 15 1 1 3 17 5 1 7 7 12 22
37 3 31 17 20 13 29 21 16 18 13 18 25 32 14 16 4 1 21 32
34 18 30 10 5 16 20 12 7 20 18 5 24 11 11 11 17 19 26 34
79 32 71 40 25 43 50 50 55 46 49 32 69 50 44 30 49 38 66 78
26 9 14 13 12 9 16 10 17 24 15 2 10 12 10 4 19 10 28 30
8 4 11 2 3 8 11 2 7 10 13 1 7 4 3 1 8 8 14 19
31 4 26 8 19 10 24 22 17 23 25 15 27 30 23 22 11 13 23 44
11 1 6 1 1 3 5 1 1 9 4 1 1 1 1 1 1 5 5 12
15 2 3 5 3 1 6 1 1 3 1 1 2 5 1 1 6 2 5 12
49 8 39 21 20 15 34 25 22 30 27 21 34 33 15 24 9 14 33 48
39 11 37 16 9 5 15 22 32 13 24 28 31 37 21 17 34 27 33 43
27 10 26 15 8 17 28 23 27 18 19 14 23 19 14 11 16 4 35 38
23 6 18 1 7 13 16 9 8 20 3 2 15 10 6 4 1 10 19 30
26 16 30 13 4 17 24 24 23 9 28 14 34 20 22 14 28 19 26 42
22 12 20 8 10 18 14 10 12 26 14 1 13 9 10 9 9 17 25 26
42 16 40 14 9 23 25 29 25 26 22 13 38 31 28 18 14 20 32 46
40 24 50 25 23 29 45 30 35 30 40 18 47 39 37 20 25 15 36 53
44 26 40 12 11 29 29 32 27 38 22 11 41 28 30 23 15 24 47 62
48 15 39 25 23 14 35 25 23 32 25 18 31 22 16 13 26 11 35 43
47 13 33 26 27 21 41 22 27 27 27 12 33 25 12 10 31 13 39 42
11 1 11 6 1 1 1 1 6 1 1 8 2 8 1 1 1 1 1 3
36 14 43 25 22 36 37 36 42 38 43 11 41 25 33 12 33 22 44 41
72 20 59 31 42 27 62 43 65 46 55 33 58 64 43 31 53 40 65 75
56 20 49 20 35 33 57 49 42 55 36 25 45 44 42 34 23 24 62 74
16 6 10 5 1 4 5 1 3 8 9 1 2 3 1 1 8 8 10 14
58 15 51 34 33 26 32 33 44 46 32 30 35 39 27 21 42 39 48 44
20 3 6 4 1 4 11 2 1 6 2 2 4 5 1 1 2 2 9 15
33 9 20 11 13 3 21 22 26 18 13 22 17 27 17 17 23 12 32 38
52 18 37 17 36 16 47 31 34 42 22 14 37 42 31 15 30 24 48 59
21 8 10 12 9 11 14 8 13 17 16 5 8 12 8 7 13 8 22 27
65 28 53 40 45 25 60 48 49 56 37 30 48 41 30 24 47 31 66 65
40 9 25 13 22 8 33 25 23 30 21 16 23 27 20 18 24 13 36 49
36 17 33 17 4 7 13 10 24 12 25 19 25 29 20 12 30 27 19 34
39 17 35 20 3 12 15 6 18 19 18 11 21 12 9 3 23 21 24 31
28 10 23 10 1 5 11 14 13 6 18 17 19 20 13 16 17 16 16 34
57 37 60 15 27 37 52 37 36 47 35 13 63 46 41 22 31 40 55 76
58 40 51 18 27 40 46 38 41 56 38 13 52 42 46 27 36 44 62 74
47 9 29 23 24 10 34 23 25 28 21 18 29 27 12 14 23 6 34 40
43 25 40 10 18 25 29 28 26 43 28 11 40 35 37 26 16 32 42 59
28 19 30 26 7 29 35 25 28 28 24 10 26 5 17 1 25 12 37 32
55 21 36 27 30 6 36 28 43 31 33 28 37 47 31 19 48 31 47 60
37 12 35 13 22 12 41 20 22 26 24 7 39 28 14 7 20 14 35 51
20 10 15 8 1 13 10 6 9 13 7 5 10 8 1 1 7 12 17 17
30 7 19 14 15 11 23 11 19 23 13 9 9 21 11 8 15 12 24 32
37 9 32 15 12 15 34 10 23 17 20 8 27 23 8 2 21 13 25 33
22 6 11 6 7 6 11 6 8 9 8 4 17 15 5 6 8 8 15 26
10 7 10 6 9 1 10 7 7 9 8 6 8 11 8 8 9 5 15 23
51 13 48 15 10 28 30 31 35 21 40 20 50 38 33 22 30 31 37 58
37 7 17 26 22 12 25 10 24 21 15 7 14 25 9 1 20 2 27 22
56 14 45 27 22 18 38 24 38 27 38 22 43 42 27 17 37 24 37 50
50 34 57 29 10 47 39 46 51 47 36 32 52 37 41 29 27 39 56 59
44 23 27 17 14 20 23 15 21 33 15 7 26 24 15 13 19 20 36 45
43 10 34 21 24 13 41 20 30 28 22 13 38 36 15 11 16 9 36 49
17 4 15 1 4 4 16 9 4 5 9 7 16 11 3 9 6 2 12 26
12 1 8 3 7 5 11 3 9 13 6 1 1 10 3 1 6 7 11 18
59 26 53 39 28 33 54 27 48 42 41 11 48 31 27 1 47 20 55 53
20 4 15 11 10 8 14 8 16 11 5 8 11 20 5 4 6 7 16 22
51 34 35 27 21 16 28 25 27 35 17 19 40 34 25 19 29 30 39 53
43 20 39 10 10 17 19 20 18 29 27 10 35 27 28 21 15 27 31 50
64 39 62 28 25 43 43 34 40 54 40 25 51 47 45 33 25 41 49 62
48 18 31 24 27 15 39 27 35 38 16 22 20 30 16 13 30 22 46 46
61 14 58 31 19 27 37 35 50 24 44 32 54 44 30 22 48 31 48 46
31 8 20 16 12 6 23 3 14 15 22 1 21 14 8 2 21 9 18 27
25 6 20 6 11 5 15 13 8 14 21 7 21 19 17 14 11 9 17 36
59 24 66 51 23 45 47 47 55 47 44 34 53 36 32 15 49 34 57 43
74 25 59 41 26 33 45 39 51 46 38 22 61 47 36 19 39 28 56 59
21 1 18 3 13 6 20 14 3 14 8 6 17 16 8 10 2 4 16 28
38 16 39 11 15 27 28 36 38 28 31 22 39 35 35 24 31 33 46 62
34 12 37 22 10 25 32 29 34 26 32 18 33 28 27 14 20 16 32 40
56 20 53 34 18 21 29 34 44 33 29 35 44 35 16 17 37 28 48 51
53 9 55 40 32 33 39 39 50 41 37 30 47 41 25 16 41 28 46 44
35 14 34 22 10 26 26 18 26 23 21 9 22 10 11 1 20 13 31 28
27 13 25 18 9 14 27 20 20 13 11 15 24 18 8 6 15 6 28 33
28 16 22 3 4 18 11 15 12 21 4 5 22 20 14 14 2 18 25 35
23 11 21 5 1 13 9 12 12 14 16 10 19 14 13 13 10 19 16 26
51 7 36 26 40 6 52 41 41 38 24 33 28 43 21 30 34 25 53 57
28 12 16 13 10 14 21 15 21 19 14 9 20 18 12 9 16 11 31 36
56 24 53 29 25 35 42 37 34 43 44 19 51 27 35 24 39 32 52 46
35 15 40 21 14 29 36 19 32 24 33 7 30 17 22 3 29 16 33 28
49 33 62 31 23 37 56 48 49 54 47 30 57 37 36 28 37 42 64 74
39 8 23 12 12 7 15 10 16 16 16 11 26 28 16 12 14 16 18 36
15 1 8 2 1 6 12 5 3 7 3 5 6 5 1 4 1 5 7 14
36 9 26 20 15 4 27 5 26 17 28 11 25 30 15 6 24 10 22 36
40 13 28 22 9 13 19 8 17 21 13 14 14 18 4 6 18 11 26 28
26 23 37 13 1 24 29 14 24 23 24 7 28 9 16 2 22 23 30 35
32 24 39 19 16 31 46 27 41 35 44 11 45 32 34 8 37 28 41 55
48 17 44 11 31 25 42 34 32 52 31 11 32 34 36 25 24 34 49 60
25 4 22 13 12 13 21 11 19 18 12 6 12 18 5 1 10 5 23 25
28 11 20 5 13 9 19 12 9 24 6 7 15 15 8 9 10 15 26 37
28 6 21 7 12 7 21 17 17 16 21 12 20 23 16 14 18 11 26 40
51 15 47 24 9 13 18 29 35 11 28 40 40 42 22 25 39 27 38 50
34 11 24 15 4 15 21 12 16 13 10 14 19 17 6 9 8 9 23 32
44 1 38 10 19 11 28 31 24 24 35 25 38 37 22 32 14 20 31 51
18 3 12 2 4 3 14 8 1 6 3 1 11 8 3 2 4 2 11 22
26 1 11 12 12 8 17 2 12 15 8 3 7 17 2 1 9 5 11 16
28 8 27 10 7 17 21 9 16 18 18 3 21 15 8 2 11 12 21 32
57 37 65 21 18 47 45 50 57 43 56 32 64 49 55 32 53 56 68 83
8 1 1 1 1 3 4 1 1 2 3 1 1 5 1 1 1 1 4 4
32 5 19 4 17 3 22 13 10 22 8 8 16 27 12 11 11 12 22 39
43 11 35 30 17 8 25 11 30 17 27 21 30 32 13 9 33 21 25 27
23 8 8 3 1 5 6 4 2 9 6 2 12 11 7 6 5 9 11 24
56 40 52 28 24 29 36 27 42 51 30 16 39 31 31 11 40 38 56 58
23 9 14 2 13 3 19 10 15 19 16 4 15 22 17 9 20 20 21 36
44 38 44 29 14 34 36 36 36 42 28 18 41 20 26 16 31 31 51 55
13 5 8 3 2 5 3 1 3 12 6 1 2 3 1 1 4 8 13 15
42 24 36 17 8 8 21 17 25 20 25 23 31 25 19 12 31 27 31 49
55 4 48 31 35 27 51 42 38 41 41 22 46 38 27 24 27 18 44 42
56 22 41 28 19 19 27 32 46 34 25 34 35 42 26 21 38 34 50 56
12 3 15 4 4 1 6 1 8 8 9 5 5 11 4 1 6 8 7 20
22 7 12 10 8 7 11 5 9 11 11 7 8 18 7 7 10 8 14 24
19 8 11 7 4 4 10 6 1 6 7 8 9 9 5 9 9 6 13 24
21 5 6 7 7 4 11 6 12 16 10 2 4 13 8 5 10 6 20 27
45 12 31 22 8 11 24 18 29 17 15 22 28 28 13 9 21 13 28 40
24 10 19 13 4 8 14 7 9 8 12 10 9 10 1 6 14 7 17 18
41 12 36 22 4 23 17 26 38 19 27 24 33 30 21 15 26 24 37 38
67 18 65 33 38 33 53 41 53 53 45 27 56 54 40 24 38 33 60 64
20 1 15 11 3 9 16 4 16 4 11 5 11 15 2 1 7 1 12 15
47 33 50 39 29 23 54 44 51 45 32 34 39 35 29 18 43 29 59 62
15 1 9 1 1 1 3 3 5 5 10 4 7 10 6 6 4 8 2 19
15 3 9 6 2 8 10 2 6 10 8 2 2 3 2 2 5 5 10 10
32 3 20 9 15 11 25 15 9 20 15 8 22 25 14 14 4 7 18 33
36 11 25 26 10 2 12 9 19 12 5 19 14 22 1 1 24 14 17 20
6 5 7 2 1 1 1 1 1 1 4 1 2 1 1 1 8 4 5 12
40 13 35 15 16 12 31 24 20 22 30 19 35 30 24 22 20 13 35 52
46 12 29 24 20 14 31 23 28 29 23 21 25 34 21 18 18 9 34 45
25 14 18 9 1 3 10 1 4 9 9 3 9 7 2 1 15 13 14 25
39 1 32 15 18 21 30 26 30 26 28 13 30 27 23 14 14 10 32 38
71 23 54 47 31 18 33 31 55 36 46 37 52 52 30 18 58 33 54 55
21 2 15 12 9 11 17 5 12 11 13 3 10 11 1 1 13 6 12 13
26 9 24 14 7 7 19 11 14 10 4 12 14 13 3 1 12 2 20 29
63 14 45 31 29 14 46 36 45 39 24 35 41 47 17 26 30 26 52 64
28 12 27 15 15 11 32 24 21 23 14 14 26 19 9 12 15 9 35 46
3 1 5 1 1 1 1 1 1 1 2 1 1 1 1 1 2 5 1 10
68 20 60 43 30 30 56 52 56 45 47 46 57 49 34 36 41 33 62 71
13 4 6 3 1 8 4 1 3 13 5 1 3 1 1 1 1 6 13 10
64 23 59 43 30 33 54 48 66 41 47 37 56 50 41 20 61 34 63 68
54 21 61 20 27 23 47 41 32 44 38 25 57 39 32 34 21 35 50 70
51 10 47 13 35 22 48 38 29 50 33 14 40 32 31 25 25 28 50 59
38 5 26 27 15 15 19 13 25 20 17 15 17 20 10 5 20 9 23 16
28 4 21 14 21 21 34 23 26 26 19 6 22 19 18 10 16 6 32 31
26 17 28 8 5 10 20 14 9 14 10 12 24 8 4 9 15 14 25 38
27 1 14 2 5 2 15 13 7 11 15 9 18 17 13 14 4 6 15 30
34 2 35 19 17 18 34 25 31 26 21 19 26 24 7 14 10 8 33 32
46 17 48 13 22 12 33 19 26 32 22 20 38 40 20 12 23 27 34 51
30 7 24 13 12 19 21 12 20 25 12 3 15 14 7 1 11 10 29 29
51 10 27 21 31 8 38 32 31 26 26 22 40 46 29 25 31 14 44 59
60 25 56 16 35 35 51 46 38 56 28 25 47 47 39 37 20 32 58 71
36 23 31 13 13 5 22 10 9 22 15 11 26 18 12 7 23 19 26 46
43 17 40 10 8 17 18 18 26 18 31 20 38 36 29 19 29 34 25 47
74 31 66 33 41 38 62 57 52 58 47 34 63 52 45 38 40 25 72 87
5 1 4 1 6 3 11 4 4 6 2 1 8 8 4 1 1 1 10 20
9 1 4 1 1 3 4 1 2 4 8 1 2 6 3 3 2 4 2 12
74 20 54 36 42 37 53 51 55 61 40 28 41 51 48 33 42 37 66 63
20 1 9 6 13 1 16 4 6 7 5 1 12 19 3 1 4 1 11 18
12 1 8 1 5 5 11 6 3 9 3 6 7 6 1 5 1 5 9 16
19 1 11 8 4 8 12 5 9 8 13 7 9 14 7 7 7 7 8 15
26 17 15 5 9 12 13 16 14 26 1 3 13 13 11 8 12 17 33 34
51 9 43 21 35 19 49 34 37 30 42 21 53 51 34 28 25 13 44 64
48 5 32 25 31 19 49 27 35 32 24 11 33 41 22 13 18 3 43 48
13 6 16 7 6 9 13 5 13 12 14 5 10 12 7 3 9 11 14 22
30 10 25 15 2 18 22 13 19 17 12 8 17 11 5 3 9 6 27 31
37 10 42 22 16 22 34 20 29 27 29 11 32 25 20 8 19 12 33 42
40 9 29 20 10 1 16 12 15 15 8 19 21 26 7 6 17 10 18 31
52 21 47 28 25 24 43 35 38 34 37 24 45 41 33 23 28 18 45 65
75 29 58 40 44 25 62 32 45 55 52 22 60 52 39 22 43 22 62 75
68 22 67 47 29 40 59 44 52 48 45 26 63 43 30 16 42 29 58 59
32 16 46 18 15 24 46 33 28 33 37 17 44 26 26 17 18 19 40 56
79 23 67 28 25 40 42 55 49 47 41 46 64 62 45 54 23 42 60 74
16 1 7 7 16 5 16 7 12 15 10 1 8 19 9 6 13 9 13 23
24 10 13 8 2 5 5 1 4 10 4 4 7 11 3 3 6 9 11 20
69 21 60 21 30 34 44 47 43 41 48 33 63 59 49 43 38 42 59 80
64 18 47 38 46 20 66 47 62 49 46 33 51 59 40 22 41 22 61 67
42 13 41 13 28 19 39 28 30 42 30 13 30 24 26 17 30 26 44 44
68 28 59 32 34 30 51 34 57 53 35 23 51 51 38 19 46 42 60 62
59 22 47 28 34 19 45 33 30 48 26 18 41 29 19 17 32 25 51 58
59 22 51 35 24 36 47 43 57 45 38 30 47 48 40 20 45 35 58 63
15 3 9 1 1 2 6 1 1 5 1 2 6 3 1 3 1 4 8 16
37 21 36 13 4 23 22 17 28 21 33 12 33 19 22 12 30 28 36 41
27 12 23 14 5 19 25 13 17 19 16 2 17 5 7 1 17 8 26 29
8 5 6 5 7 5 7 3 7 10 9 1 3 8 5 4 7 5 14 15
41 3 31 12 20 13 31 25 32 18 30 20 40 38 21 22 24 17 36 49
33 8 29 3 5 12 17 11 5 21 12 4 20 14 9 10 4 14 18 33
45 23 35 21 20 24 31 28 33 40 15 13 25 23 18 13 27 25 49 50
68 29 64 39 27 23 46 32 44 47 35 34 51 36 19 19 42 38 56 60
20 2 19 4 7 4 14 8 7 13 10 10 11 11 1 8 5 9 13 22
26 5 17 16 10 3 16 3 14 5 13 9 14 20 4 3 16 6 10 16
24 6 17 19 17 18 28 15 23 19 18 1 16 13 11 2 22 3 32 24
3 3 6 1 1 1 1 1 1 1 3 1 1 2 1 1 5 4 4 7
48 7 27 17 33 1 39 30 29 29 23 21 25 44 28 25 30 13 39 54
44 11 37 26 30 27 47 34 46 42 31 15 26 31 29 13 34 22 49 44
14 1 15 4 4 3 8 5 10 8 6 7 8 13 4 4 2 6 9 24
31 14 38 15 17 16 27 16 35 26 25 15 30 32 20 6 29 28 32 38
44 23 47 22 31 23 39 29 36 36 43 25 43 48 42 28 27 18 37 59
50 27 52 25 24 13 47 42 38 33 37 35 53 36 26 27 36 31 47 68
19 3 7 10 2 3 7 1 5 4 7 1 2 10 1 1 8 2 9 14
50 11 40 29 23 8 34 30 39 31 27 35 31 39 15 25 29 22 42 50
19 1 12 1 5 3 13 6 9 13 6 6 9 16 5 5 1 5 12 27
40 4 27 22 20 20 39 18 28 24 26 5 31 25 18 5 18 4 27 33
40 6 23 9 25 5 34 22 19 29 15 14 23 33 14 18 17 17 33 49
70 29 57 41 43 23 58 50 49 46 39 42 57 59 38 35 34 23 58 75
17 7 9 6 1 1 7 2 1 3 2 5 3 5 1 2 9 5 8 17
60 37 49 32 31 11 48 26 43 36 40 26 54 46 32 10 49 30 52 71
9 1 4 1 9 1 11 1 2 8 1 1 3 12 4 1 3 1 7 18
14 4 5 3 1 2 5 1 1 6 2 1 2 1 1 1 2 4 7 12
45 15 30 13 9 16 20 15 12 25 9 11 21 22 11 13 7 15 25 33
11 7 15 8 2 16 19 12 15 12 17 1 17 7 10 3 11 9 16 21
16 5 18 1 8 1 12 10 5 9 10 11 13 12 5 12 7 9 12 23
55 21 37 25 38 22 41 31 32 44 32 15 48 50 39 26 20 19 45 62
64 20 60 45 44 31 39 44 54 50 53 41 52 61 45 37 43 30 54 58
48 17 39 28 9 27 26 26 35 27 24 16 34 20 20 10 27 15 39 35
12 1 8 1 13 1 12 7 5 15 7 1 8 16 11 5 3 4 12 25
39 4 37 9 16 18 29 30 38 21 32 20 30 38 30 20 29 23 39 50
41 9 29 10 16 14 30 28 19 23 23 19 35 29 20 25 11 15 31 46
53 11 37 21 36 13 48 35 34 45 25 25 25 34 22 23 30 20 49 54
54 30 53 33 27 31 53 47 35 46 32 29 58 37 31 27 21 22 55 70
38 11 36 26 10 9 15 19 26 16 12 25 26 24 7 9 24 18 27 28
47 6 34 18 20 21 37 25 27 26 24 13 36 27 15 13 18 9 34 41
43 18 30 8 10 17 21 18 12 26 7 12 30 29 17 20 8 20 26 42
41 21 45 22 22 22 44 31 42 41 35 21 28 33 33 17 37 35 50 58
25 4 26 11 13 10 22 17 21 15 5 18 17 24 6 9 10 10 22 30
13 9 19 1 4 10 15 9 7 10 12 6 15 4 6 6 10 14 13 25
63 25 52 21 24 21 32 43 43 35 36 42 45 49 38 38 47 45 56 77
7 1 5 1 1 4 5 1 1 3 5 1 1 2 1 1 3 4 4 8
10 1 1 1 1 4 9 1 1 4 1 1 2 1 1 1 1 1 9 10
42 12 30 26 22 19 38 25 26 24 24 18 30 23 11 16 25 7 37 38
67 30 52 31 15 28 35 26 38 34 34 23 48 38 29 22 38 34 43 54
37 9 27 18 13 5 20 13 13 11 16 16 22 31 14 14 16 8 14 31
77 21 73 51 51 36 69 56 60 62 52 40 62 57 40 37 40 27 71 77
62 15 44 35 23 16 33 31 43 24 30 37 39 44 20 22 40 19 43 47
11 2 12 1 1 2 4 1 4 5 8 1 5 8 2 1 5 8 5 18
15 7 8 7 12 1 13 9 9 11 5 5 6 15 9 8 12 5 18 24
35 15 31 19 7 1 14 10 14 11 6 21 17 19 1 6 20 13 17 30
12 6 11 7 1 6 8 5 6 1 3 4 6 5 1 1 7 2 11 14
10 7 21 1 3 8 17 15 11 6 15 6 22 12 10 8 9 5 18 31
50 6 41 20 23 11 20 25 27 31 22 30 37 43 20 23 17 24 30 41
48 14 45 22 21 24 38 25 32 32 23 19 35 30 11 13 20 19 39 46
51 17 42 15 26 19 34 30 24 34 22 16 43 44 26 25 17 23 37 59
58 21 55 19 27 33 51 41 43 29 53 27 64 51 46 34 38 28 51 71
38 23 29 24 22 1 26 24 29 27 20 26 24 32 20 16 30 22 33 45
59 16 33 27 30 10 41 23 30 38 28 20 42 41 19 21 24 17 46 59
18 2 7 4 4 1 7 1 6 4 13 1 11 14 4 4 10 8 5 20
30 9 36 6 15 15 34 27 19 18 29 15 39 26 25 22 14 14 27 47
38 17 29 18 21 7 27 22 17 28 18 17 29 26 17 14 18 14 31 50
32 9 20 14 9 13 21 9 9 18 14 5 14 8 5 4 16 9 22 27
59 28 40 27 35 24 47 31 37 48 31 11 45 43 34 21 37 28 57 70
31 9 18 7 12 15 18 13 14 29 10 1 16 18 14 7 6 12 28 33
51 20 48 28 17 29 27 21 35 38 33 9 37 28 28 9 32 27 41 39
7 1 4 1 1 1 1 2 3 1 5 2 4 6 3 3 2 1 3 11
28 15 27 2 5 11 21 17 16 18 18 8 28 16 16 12 17 21 32 50
42 4 36 17 16 18 34 26 28 19 25 22 32 32 15 19 16 12 24 38
36 11 25 11 8 12 18 16 15 15 15 16 24 23 10 15 15 15 28 40
26 19 27 10 6 16 22 15 16 24 10 6 21 4 6 3 15 14 34 41
34 27 49 19 23 33 48 31 36 41 38 11 44 35 37 6 29 28 45 58
5 3 13 1 2 6 10 7 4 2 7 4 10 2 2 4 6 6 7 17
32 14 29 18 16 18 30 18 23 24 21 7 21 20 13 4 20 6 34 37
56 5 49 33 35 2 35 29 32 32 27 34 42 50 14 23 31 29 36 46
37 15 21 19 15 8 29 10 21 18 27 9 30 24 18 8 29 15 28 46
43 11 40 14 15 9 24 30 25 18 35 31 39 35 23 33 29 33 32 49
34 17 19 13 10 10 20 10 9 24 6 10 17 10 5 4 11 11 25 34
52 13 42 27 27 15 27 33 48 32 38 34 28 46 33 26 47 34 46 48
21 3 8 12 17 3 22 5 13 10 11 1 18 20 9 1 12 1 16 24
51 24 56 29 34 37 66 46 49 55 50 14 49 35 48 17 48 27 66 68
15 1 13 1 1 1 3 1 2 6 7 2 8 11 5 2 1 6 1 20
14 1 3 7 6 3 9 1 6 8 7 1 2 7 1 1 8 3 10 10
50 18 46 24 11 43 30 41 43 33 40 18 46 26 37 21 32 27 52 47
44 20 47 10 14 19 42 27 30 26 35 15 48 35 30 15 28 25 35 57
56 41 49 19 21 24 37 28 32 41 26 23 50 39 31 27 33 37 50 69
32 13 22 13 8 12 19 19 21 18 20 20 23 19 15 18 20 16 31 41
72 24 66 39 32 38 41 38 45 56 40 18 56 45 39 19 38 35 60 53
68 28 42 30 36 8 39 33 42 44 25 26 45 54 36 22 39 29 53 70
34 10 22 18 24 1 23 15 31 18 27 14 25 40 26 14 32 18 28 42
37 9 29 14 14 10 20 25 27 15 19 28 25 35 19 23 21 15 32 44
29 13 30 11 6 13 26 15 19 13 23 14 25 19 12 13 17 12 24 31
71 16 49 23 30 19 36 45 45 37 34 43 40 59 43 44 44 43 57 74
56 19 44 25 16 28 35 28 27 34 23 18 38 33 24 21 13 14 41 54
47 13 43 23 27 28 41 32 36 37 46 13 44 31 37 16 38 24 44 45
51 16 35 22 20 25 28 24 36 37 16 11 27 33 21 14 26 26 43 41
43 5 26 13 26 11 38 25 27 32 15 19 27 37 13 21 12 18 36 47
64 11 61 28 35 39 54 57 63 44 56 33 49 53 52 33 54 36 65 63
60 12 38 41 47 34 59 38 46 45 41 17 47 48 36 20 42 16 55 40
66 31 61 28 39 22 49 36 51 52 38 38 43 56 34 26 47 51 57 66
80 32 81 35 27 45 48 53 60 54 50 37 74 52 47 34 48 48 66 68
27 7 13 7 11 11 21 11 14 23 9 2 14 13 9 5 10 8 27 36
66 29 65 40 41 33 62 35 56 47 50 27 63 59 38 15 50 35 57 64
19 5 13 1 12 4 12 8 9 17 10 6 13 19 12 8 6 10 12 31
61 28 63 41 38 35 69 49 61 52 51 33 52 48 41 25 53 35 68 70
10 1 12 4 1 6 7 3 8 2 10 4 7 9 3 3 4 4 6 12
7 12 19 9 1 13 15 13 13 9 15 4 17 5 11 1 13 8 21 30
20 7 18 4 3 5 16 1 7 13 16 1 13 8 6 1 14 13 12 23
18 7 14 10 5 11 13 5 8 14 14 1 9 1 3 1 13 8 19 21
64 17 64 21 31 24 53 47 51 48 44 34 55 53 38 35 34 39 60 78
20 1 12 1 13 4 20 16 17 18 14 7 14 21 17 11 12 13 20 37
48 9 36 30 23 18 34 24 47 21 36 23 37 45 26 14 36 14 42 43
64 20 47 42 28 7 42 30 40 34 29 38 40 42 11 22 34 25 41 49
63 23 48 34 40 16 56 39 40 46 25 28 42 47 21 21 33 23 54 64
36 32 37 16 10 15 19 13 23 28 20 14 31 22 19 9 26 28 36 47
54 10 37 19 18 18 28 31 31 25 31 29 35 38 26 27 26 16 41 49
50 11 35 31 33 32 45 37 41 43 34 12 37 34 33 13 35 16 51 42
11 1 6 6 1 5 6 1 7 4 6 2 1 5 1 1 1 1 5 3
6 1 5 1 1 1 5 1 2 1 1 1 2 4 1 1 1 1 4 10
33 8 29 13 18 9 27 23 22 16 18 21 28 33 12 20 13 12 28 44
69 22 55 37 31 12 42 39 50 26 38 42 58 60 32 22 49 25 53 72
16 4 14 3 5 7 12 6 4 12 6 7 9 6 1 6 4 9 12 19
16 1 13 2 10 4 15 7 8 13 9 6 10 17 9 7 5 5 9 27
56 13 39 29 23 5 26 22 30 30 17 33 33 41 10 18 24 19 33 45
46 17 41 23 15 16 17 17 29 24 17 15 38 34 16 10 26 31 32 37
73 24 64 48 43 29 60 42 44 51 43 28 52 45 34 17 44 20 57 55
53 18 38 29 22 21 34 18 25 31 24 9 32 25 14 6 27 15 39 44
27 3 23 12 5 6 11 1 15 15 9 11 10 16 1 1 10 13 12 23
75 42 65 38 33 40 63 44 47 57 41 21 68 42 41 24 43 37 69 79
13 2 7 4 2 2 7 1 3 3 1 3 4 7 1 1 1 1 7 12
52 10 51 23 27 23 49 45 38 42 42 28 53 39 31 35 22 28 51 65
38 7 28 13 26 4 36 18 26 26 23 16 26 36 17 17 24 21 32 46
17 8 10 9 3 1 7 4 4 3 6 8 7 10 5 7 7 3 11 20
49 11 38 17 30 17 48 21 33 34 29 12 34 44 26 13 27 20 38 51
17 5 5 5 1 1 8 1 1 2 2 4 3 5 1 3 5 1 9 16
19 7 13 5 1 6 9 10 10 4 9 7 14 9 8 7 9 7 17 28
18 1 13 2 10 6 20 8 10 16 11 1 9 13 6 4 10 7 17 27
9 15 22 11 2 18 22 17 16 15 17 7 20 5 13 1 16 14 23 33
33 4 19 12 25 11 36 22 22 27 14 15 19 29 12 18 14 11 32 36
19 3 11 9 9 11 18 5 12 11 9 1 10 11 1 1 12 4 18 18
67 34 62 47 34 22 44 36 49 45 34 40 53 47 23 21 49 41 57 59
22 1 13 7 6 10 14 9 16 14 12 7 12 17 8 6 3 5 15 24
35 14 29 12 15 18 29 14 13 26 17 1 25 15 11 2 17 14 34 41
28 13 23 13 10 26 22 21 22 25 22 7 26 10 17 12 13 15 33 32
63 31 59 45 36 37 60 56 60 55 44 34 56 42 41 21 48 28 70 65
11 4 16 2 1 9 9 12 12 6 14 6 16 10 10 8 7 11 10 22
41 8 37 15 15 14 35 18 23 20 21 15 34 28 8 11 13 15 24 42
19 8 14 7 4 6 6 4 6 10 9 6 9 13 7 7 7 11 9 18
64 37 54 39 44 18 64 43 49 50 44 31 63 51 36 22 47 27 62 83
51 25 57 18 17 26 36 40 36 35 33 28 54 41 29 31 23 37 46 68
83 34 66 43 40 31 56 50 51 54 28 42 67 65 33 39 29 34 65 81
65 10 50 27 25 19 20 38 46 29 33 40 47 58 33 33 47 45 48 59
68 26 51 24 28 23 40 37 39 51 13 33 38 50 29 31 24 35 54 61
44 29 43 8 15 26 32 32 36 36 26 13 47 40 38 24 28 39 46 64
30 14 38 21 14 13 32 32 28 20 29 25 37 25 17 22 22 18 36 48
48 21 39 29 17 9 18 17 25 30 14 24 27 27 9 7 27 25 31 36
69 31 58 34 38 29 48 38 43 50 39 32 54 58 44 34 37 31 51 72
50 2 45 38 31 31 27 35 48 36 38 27 41 41 29 18 36 21 42 27
24 15 25 10 5 8 21 7 15 11 14 9 17 17 9 4 18 10 24 33
40 26 38 21 8 19 32 14 25 24 20 13 28 15 10 2 29 22 34 40
42 15 23 19 19 7 24 25 24 18 22 21 33 33 21 16 28 17 32 44
63 19 58 20 18 31 33 41 39 35 41 34 53 42 31 38 29 40 47 61
57 19 59 37 23 34 41 30 45 40 37 19 48 31 26 6 43 30 45 36
61 22 48 35 32 2 40 27 43 29 33 32 50 55 29 15 48 25 45 63
28 6 14 6 11 8 18 9 8 18 11 9 18 19 9 11 4 9 16 31
37 18 41 15 9 20 29 13 29 22 25 16 31 25 17 7 25 28 26 40
13 5 16 2 6 9 13 14 15 6 17 7 18 17 12 10 11 10 18 31
55 37 60 18 22 46 49 37 37 51 36 17 56 35 42 28 22 37 53 65
30 18 26 14 6 7 7 10 15 16 16 16 19 18 12 12 18 19 23 38
24 1 11 2 4 8 13 15 17 11 14 10 15 19 13 12 10 10 23 33
61 20 39 29 25 21 43 29 32 34 23 20 45 34 18 15 28 16 47 57
53 25 50 23 12 19 34 30 32 25 28 27 45 34 24 17 32 25 37 59
68 21 57 43 39 33 61 45 50 53 38 22 55 38 24 18 40 22 67 64
21 19 22 10 11 10 21 12 15 21 11 7 17 8 9 3 21 17 30 39
72 33 56 46 34 18 48 32 42 43 28 39 44 43 18 20 43 31 46 51
57 20 57 23 17 24 42 38 47 29 48 38 53 43 32 34 41 38 55 67
14 5 11 4 1 9 8 4 5 11 10 1 7 7 5 5 6 11 9 15
50 12 50 39 30 30 26 27 45 39 41 24 38 37 28 13 44 30 44 28
13 7 7 2 1 5 4 1 1 6 1 1 6 1 1 1 2 7 11 15
70 17 56 45 32 38 23 38 47 52 37 27 48 44 36 23 41 34 53 41
50 10 36 12 21 16 28 34 36 29 26 33 31 44 28 33 26 29 44 53
58 4 46 32 39 22 47 36 42 45 33 22 35 46 27 19 29 18 45 42
1 4 7 1 8 1 5 4 6 8 7 1 3 7 5 3 7 6 11 16
56 15 45 26 35 12 47 29 37 34 30 25 44 55 29 24 34 25 42 60
30 4 22 5 13 5 17 11 19 24 6 12 5 21 10 8 12 18 23 31
57 25 57 25 30 16 53 46 53 40 41 40 49 51 36 34 44 36 60 77
17 1 14 8 11 16 21 13 18 16 16 1 14 11 9 4 8 1 21 22
5 1 12 1 1 5 9 6 3 1 4 2 9 1 1 1 4 6 5 15
18 2 8 5 8 8 17 4 7 13 5 4 7 11 2 3 3 3 13 17
56 19 42 21 21 18 41 25 34 30 38 17 45 39 28 18 36 24 46 64
30 17 21 16 14 1 18 12 11 19 10 11 18 19 8 3 19 13 23 36
15 4 5 5 1 4 5 5 9 5 8 5 7 9 5 5 7 2 16 21
9 1 7 1 1 2 10 6 1 1 1 4 7 4 1 3 1 1 6 12
31 11 26 15 4 7 7 5 11 11 8 13 16 19 7 8 13 17 12 22
58 10 51 34 35 21 49 30 47 40 47 23 47 46 27 19 38 23 44 47
57 38 52 24 18 23 34 26 31 46 21 22 39 32 27 19 26 34 48 62
49 30 50 11 11 26 32 30 40 34 31 18 44 36 37 19 36 38 51 71
46 12 45 26 27 17 39 31 41 37 30 21 31 39 27 15 35 22 47 51
14 7 13 6 1 1 4 1 1 1 6 5 6 7 1 2 9 3 6 17
22 9 19 8 11 12 25 16 17 15 17 8 19 19 12 11 16 11 26 37
25 11 23 10 3 5 2 2 9 13 2 8 10 13 2 2 9 15 16 23
19 9 5 11 5 4 9 4 11 12 8 7 6 11 4 4 8 1 18 21
23 7 13 10 1 8 11 8 11 6 8 10 11 12 6 7 6 5 14 24
59 31 48 34 26 20 40 29 31 40 24 20 39 29 19 11 34 27 45 49
28 4 14 11 15 5 22 7 12 15 13 7 15 20 5 8 12 8 20 30
20 2 11 5 1 5 7 1 4 7 4 3 5 8 1 1 1 4 7 10
61 34 52 34 33 28 54 32 34 41 38 22 57 39 33 23 37 20 51 70
15 4 16 5 1 6 12 12 9 1 9 10 15 12 6 10 7 3 13 24
46 3 34 12 17 20 32 32 28 17 30 22 39 36 22 26 24 14 38 47
56 15 39 21 30 5 41 30 37 33 30 31 32 45 23 27 36 29 45 62
22 9 15 7 4 6 14 6 8 14 12 7 12 10 4 7 10 8 21 31
50 6 45 21 19 6 20 26 31 21 27 35 40 45 15 25 26 31 29 44
36 17 21 10 11 14 14 11 12 24 4 6 18 21 10 10 8 17 25 33
39 16 28 27 13 15 26 8 25 18 26 8 22 19 12 2 31 16 28 27
25 5 17 8 7 3 14 1 7 11 13 3 13 16 6 2 10 10 7 24
34 6 36 16 11 18 27 21 32 24 21 13 27 24 14 6 19 14 30 38
35 21 30 35 21 24 42 24 39 29 34 12 34 25 24 1 32 11 40 33
14 5 14 3 7 10 15 11 11 10 13 6 17 12 10 8 8 9 15 31
5 1 4 1 9 5 12 7 8 10 4 1 8 11 7 3 2 3 12 22
36 5 30 13 6 10 12 13 23 16 24 17 22 26 15 12 18 19 17 30
13 6 9 3 4 10 9 6 5 10 6 1 11 7 5 5 3 9 13 20
30 14 26 5 7 15 19 13 9 22 12 7 22 12 6 12 9 16 29 40
34 19 23 12 9 14 22 1 16 21 26 1 25 17 15 3 25 22 26 35
13 5 11 1 1 6 10 4 3 6 10 4 8 6 4 5 7 9 6 18
36 17 40 20 10 21 29 25 40 22 34 19 33 29 26 13 33 23 40 49
26 18 26 15 10 19 33 17 26 20 32 6 34 19 22 7 27 19 30 45
9 12 16 6 8 12 15 12 13 12 16 4 17 10 12 7 13 12 21 31
58 21 54 26 17 23 42 32 40 30 37 29 46 35 28 20 37 25 45 59
11 3 13 1 4 1 8 3 2 8 5 4 7 6 1 3 5 9 7 23
17 5 11 7 6 1 8 5 6 7 3 8 6 13 3 6 4 3 14 21
59 33 57 35 20 31 43 42 48 35 43 32 60 47 42 24 42 34 54 66
11 3 7 1 2 5 8 4 3 7 5 1 10 7 5 4 1 6 8 20
21 4 14 3 4 7 15 13 8 7 11 11 16 14 8 13 7 7 15 28
44 28 40 31 25 16 41 33 37 31 26 31 35 34 21 20 29 20 46 53
27 13 24 25 12 19 30 17 32 17 23 13 27 26 17 5 21 7 31 34
13 4 4 4 1 3 3 1 1 3 4 1 1 5 1 1 5 3 8 12
33 14 34 10 10 10 21 13 22 19 22 17 29 28 19 12 19 23 21 44
79 35 71 39 38 43 57 51 43 60 44 31 64 50 40 40 35 41 67 74
71 20 58 38 45 17 59 52 55 54 44 39 51 51 35 30 49 34 63 71
41 18 25 12 19 8 27 12 30 22 34 7 31 37 29 10 39 26 36 53
51 19 41 15 15 19 30 27 22 25 15 16 41 35 18 21 13 19 37 54
12 2 7 2 5 2 3 4 7 9 8 5 7 14 7 7 3 7 7 17
77 26 68 49 40 30 52 52 54 54 51 42 60 47 34 32 50 39 63 54
8 3 13 6 5 5 7 5 11 5 7 5 7 13 4 3 5 3 13 17
10 1 6 5 3 3 6 4 6 1 7 4 8 13 5 5 5 1 3 10
42 5 30 10 17 7 27 27 18 16 22 21 34 35 18 25 16 16 27 45
31 18 40 10 12 20 33 23 37 28 33 13 37 34 32 7 28 26 34 53
25 11 17 13 10 6 21 5 11 6 17 2 21 19 10 2 20 8 18 30
67 32 62 20 26 31 47 34 41 54 27 24 49 49 35 26 31 42 56 67
34 8 26 9 10 19 23 22 29 16 27 13 32 26 19 15 24 19 36 45
26 20 38 27 2 22 23 29 39 20 29 27 34 31 26 14 31 24 37 42
24 8 21 9 8 9 20 21 15 7 15 17 24 18 10 18 11 8 24 35
15 6 16 2 15 10 23 22 23 18 17 9 14 20 20 14 18 14 28 36
8 6 9 6 2 2 2 1 3 2 4 3 2 5 1 1 8 5 8 10
13 1 6 1 1 1 5 2 1 2 5 3 7 7 4 5 2 3 2 20
19 7 9 9 4 8 9 1 7 12 11 1 6 10 6 6 8 8 12 13
28 19 23 6 6 18 11 15 10 21 8 4 23 16 15 14 8 19 27 39
22 4 11 8 6 4 15 3 4 8 5 4 5 10 1 2 10 1 17 20
40 4 32 14 31 21 47 37 38 37 29 19 25 34 31 23 25 17 43 47
7 1 7 1 3 2 10 6 4 4 1 1 7 8 2 3 1 1 12 20
16 1 4 5 6 1 7 2 7 2 12 2 11 15 6 5 10 6 5 20
11 2 8 4 1 4 7 1 3 4 6 1 1 1 1 1 5 2 8 7
19 7 6 8 3 4 7 5 8 5 10 8 8 13 8 8 8 4 12 21
34 21 33 28 11 30 35 25 31 32 26 11 30 11 20 4 25 13 39 37
65 11 40 29 39 15 49 32 41 44 34 25 36 45 23 25 36 25 51 60
62 32 55 27 27 24 45 29 40 40 29 21 53 46 26 22 30 34 55 69
8 2 7 1 5 2 8 3 3 6 5 4 6 8 4 6 2 1 8 18
55 17 49 25 29 36 40 34 34 47 26 17 38 37 28 22 13 14 46 51
51 16 38 13 15 27 26 36 38 33 30 22 36 34 31 27 36 35 54 64
15 3 4 3 1 6 8 2 4 5 5 1 5 4 1 1 1 2 11 17
31 10 29 15 9 9 23 19 19 17 12 18 24 19 5 13 7 9 30 40
30 1 20 10 9 12 15 15 23 14 22 17 18 25 15 16 13 11 21 29
52 40 56 23 13 28 34 35 44 40 25 27 50 38 35 22 34 39 53 72
61 30 51 27 20 38 37 43 51 45 27 31 45 46 38 34 30 39 58 62
38 30 39 22 15 21 37 33 26 31 19 23 42 20 21 14 23 21 41 57
23 13 30 15 12 28 27 21 25 28 28 3 27 9 17 6 19 15 33 33
27 17 23 10 15 6 25 11 10 20 15 8 19 18 14 6 21 15 24 40
58 29 53 28 15 14 29 21 28 36 19 26 39 29 14 11 32 32 40 51
12 4 11 4 1 6 6 4 6 3 4 1 7 4 2 1 3 3 12 19
83 35 71 36 28 31 52 43 50 48 37 36 70 58 36 32 37 37 60 78
46 33 55 20 16 43 38 43 49 29 56 28 59 43 52 29 50 46 52 67
65 19 55 30 27 8 33 34 42 41 29 39 46 48 20 24 35 35 49 64
8 3 8 4 5 4 8 4 7 5 1 3 4 8 1 1 3 1 13 13
64 23 65 37 17 37 31 44 50 37 45 40 58 44 35 29 46 45 54 61
15 4 2 7 10 4 12 4 7 10 2 1 5 12 2 1 8 4 14 18
47 22 53 21 13 30 36 26 34 37 35 13 45 31 30 14 23 28 40 54
31 22 32 6 3 14 12 14 14 20 13 10 27 20 17 15 11 24 26 45
47 16 42 22 26 20 48 39 39 45 29 25 37 33 24 27 27 29 57 66
9 1 7 1 1 1 2 1 1 3 6 2 5 6 2 4 3 3 5 18
66 19 41 25 35 14 48 35 45 41 35 30 40 51 33 30 44 31 58 72
55 27 48 38 32 13 39 32 48 42 27 37 34 42 24 16 49 38 51 47
13 9 15 1 1 5 6 1 3 6 7 1 9 2 1 1 8 12 10 18
56 30 58 28 22 36 35 39 54 50 38 22 51 41 39 22 42 44 60 57
35 17 37 12 11 32 33 29 23 35 22 7 37 16 23 14 12 18 37 46
19 4 17 1 5 8 15 12 6 10 4 9 16 10 2 9 1 8 13 23
13 4 15 1 1 4 14 5 3 6 13 5 13 5 4 7 7 6 12 23
35 21 29 20 10 12 22 21 25 20 27 20 26 19 17 13 31 23 30 38
13 4 8 2 1 6 7 1 2 10 3 1 4 1 1 1 1 6 10 13
43 34 49 25 22 33 52 35 46 36 52 21 58 43 45 18 48 36 53 70
54 23 53 26 16 28 37 32 32 36 20 24 44 33 18 15 23 28 43 52
57 27 52 19 39 28 64 39 47 47 43 21 45 50 40 22 46 33 59 71
53 24 55 29 24 31 27 35 41 41 27 27 44 40 28 22 35 41 50 50
26 4 17 9 6 15 18 17 19 15 21 12 20 13 14 14 12 13 20 27
24 13 17 10 4 17 18 10 12 15 13 4 15 8 7 5 11 12 23 30
6 3 9 1 1 3 8 1 1 1 5 1 7 2 1 1 6 6 3 14
24 3 10 7 9 5 13 2 6 13 8 2 11 17 6 3 4 6 9 19
42 12 22 17 10 14 28 19 20 18 18 16 26 24 14 15 19 12 27 39
65 32 57 30 21 27 37 27 42 40 44 26 49 43 35 16 45 39 48 59
71 32 60 37 28 25 48 41 51 45 29 37 58 52 23 29 34 37 60 72
14 10 17 4 1 6 1 1 4 10 9 4 10 7 4 1 9 16 8 18
16 6 16 7 2 5 9 2 7 4 8 7 7 10 2 1 8 6 7 15
48 6 31 25 25 23 31 31 43 32 30 22 30 39 31 19 31 20 40 39
16 8 14 2 1 8 5 1 3 12 7 1 7 3 1 1 5 13 10 14
31 4 27 16 10 18 27 17 20 13 14 14 17 18 6 9 11 5 21 21
66 40 74 41 24 41 56 50 52 58 38 35 61 37 30 23 39 40 69 75
20 3 17 8 7 1 8 6 18 10 14 11 12 24 11 6 13 9 13 26
3 1 7 1 3 1 5 1 1 3 5 1 3 4 1 1 3 3 5 18
56 15 36 21 16 14 26 25 28 27 20 24 38 39 16 28 13 24 34 46
39 22 39 25 4 18 30 20 28 21 20 19 29 19 11 6 25 16 31 44
59 23 56 34 38 41 61 51 52 63 44 20 42 39 47 18 46 33 70 65
77 31 53 40 30 26 48 36 45 48 21 32 53 49 23 23 31 28 57 63
81 25 74 35 31 34 42 43 50 50 52 36 65 53 44 33 47 42 63 71
56 28 49 40 29 22 36 29 40 45 33 21 36 30 25 10 39 24 49 47
20 2 11 10 16 14 30 14 24 18 13 1 14 16 10 2 15 4 28 28
28 1 19 12 11 2 17 7 16 10 5 15 13 28 4 8 8 3 14 22
40 4 26 14 28 17 39 30 35 34 26 17 23 31 25 21 27 21 38 41
13 1 7 1 1 1 3 1 1 7 3 1 7 8 4 2 1 5 2 17
26 10 26 12 10 22 29 18 20 26 18 4 23 11 13 3 10 9 29 34
32 16 29 15 1 30 22 28 31 20 31 16 34 19 25 15 26 24 40 43
29 18 33 14 19 15 38 31 24 27 20 16 34 24 21 14 21 9 39 55
57 8 40 20 24 22 38 33 33 25 34 22 47 46 29 27 24 17 45 61
25 12 24 13 8 20 26 18 17 21 15 7 21 7 8 7 13 7 33 33
59 11 50 31 24 21 43 34 39 35 33 32 43 40 18 27 24 26 42 53
14 1 12 4 3 6 9 5 10 8 15 6 8 10 6 7 7 5 9 19
52 25 42 29 12 18 15 19 29 27 25 24 35 34 21 19 32 35 32 38
60 9 44 37 37 39 52 40 49 40 48 19 54 42 40 21 42 24 48 37
42 10 36 17 17 16 24 29 38 16 25 25 33 45 28 21 33 25 36 51
17 1 12 1 4 4 10 10 7 6 13 10 14 14 10 12 8 10 8 26
28 10 19 9 5 3 9 3 8 14 9 9 12 15 6 5 9 9 15 33
25 1 22 11 5 14 15 15 25 11 18 15 17 20 11 11 11 8 22 25
58 23 54 40 25 28 50 33 44 41 37 26 56 49 31 14 35 25 50 61
18 1 13 8 6 14 16 12 16 11 16 8 13 14 10 10 8 5 16 22
35 2 27 15 18 23 35 26 23 23 27 6 31 20 22 11 15 4 28 30
30 18 25 12 8 9 20 3 15 24 21 2 18 12 12 1 23 15 26 36
50 19 33 20 32 3 37 23 37 32 38 20 31 45 37 23 47 34 45 64
54 57 69 31 20 43 50 44 53 56 32 28 58 40 42 14 45 51 68 77
70 33 67 25 14 32 25 37 46 34 44 39 59 51 41 33 48 55 54 64
51 5 31 19 15 16 25 17 24 24 22 12 33 33 18 13 15 15 26 37
15 6 6 5 3 3 10 3 5 9 1 3 3 4 1 1 6 1 16 20
33 16 31 24 8 17 29 18 25 15 17 14 30 22 13 5 21 12 29 37
20 1 15 1 9 3 14 6 1 13 6 1 11 13 4 2 3 6 10 25
60 10 45 22 31 28 45 44 50 40 40 29 35 43 40 29 43 30 56 62
66 21 58 30 29 34 47 52 58 47 44 35 48 51 44 32 46 37 68 78
40 15 31 19 27 15 41 36 33 35 22 16 34 34 30 18 26 15 45 60
28 8 16 7 9 11 17 7 7 19 7 6 13 14 6 4 4 10 17 23
74 12 62 39 45 30 39 45 48 59 37 33 45 50 37 30 43 39 60 55
25 8 13 10 2 1 9 4 5 6 2 10 6 12 1 4 7 5 10 20
16 14 19 6 1 1 12 4 3 4 9 7 12 3 4 3 16 8 13 24
35 12 26 15 23 14 36 24 31 29 17 18 14 26 19 14 26 17 40 45
23 15 30 17 12 23 29 23 31 26 30 8 26 18 22 7 24 17 34 39
64 27 58 36 34 22 59 37 56 46 32 33 47 47 22 17 48 34 60 64
50 14 37 24 27 23 41 27 31 40 18 13 27 30 18 11 21 14 47 51
44 7 24 25 34 7 36 16 34 31 22 14 22 45 23 10 27 11 32 37
42 10 34 16 13 15 25 19 20 25 12 17 27 27 5 17 7 16 34 40
29 4 19 9 2 9 18 13 17 7 11 11 18 20 10 7 7 2 17 30
44 28 44 31 11 32 39 28 32 38 29 15 38 23 23 7 30 22 45 51
37 12 35 7 3 15 23 12 28 15 28 13 30 28 20 8 23 25 23 41
56 29 62 26 23 44 51 49 48 55 32 27 54 42 40 27 24 32 59 69
20 12 16 6 1 9 9 4 4 12 11 5 12 7 6 7 10 14 14 25
9 2 6 3 5 8 12 6 10 9 5 1 3 8 2 1 6 2 19 18
59 13 48 31 32 20 52 43 39 35 40 32 52 44 26 34 28 18 51 64
18 7 11 2 4 7 11 5 2 11 4 3 13 7 5 4 2 9 10 22
65 17 44 46 43 27 58 35 42 43 36 18 47 39 27 8 46 13 54 43
8 8 13 3 7 7 11 6 6 7 12 1 14 10 8 5 10 8 13 25
63 26 49 39 43 17 61 32 40 45 41 22 52 43 25 17 41 17 57 65
20 9 21 1 4 9 18 6 5 12 10 2 20 10 4 3 9 14 17 34
25 4 20 4 10 10 14 9 4 20 13 1 17 15 13 10 1 8 15 28
38 27 44 24 18 33 50 23 39 32 39 10 43 29 29 1 38 28 39 48
32 7 17 7 19 12 23 15 17 33 9 2 10 16 14 6 15 15 32 31
45 28 52 20 15 44 47 47 43 51 31 22 51 33 37 25 24 33 55 66
20 1 18 5 5 2 12 4 10 9 6 11 6 14 1 5 2 2 10 20
76 35 58 27 43 33 61 39 51 63 43 19 52 51 49 28 52 47 69 77
30 10 13 16 9 12 16 6 11 16 12 1 9 11 5 4 14 9 18 18
33 28 34 13 11 20 33 16 23 20 23 10 30 17 17 2 30 21 32 42
29 16 41 17 6 32 30 33 38 25 45 14 41 13 34 13 37 27 43 46
50 20 42 14 4 23 20 25 27 23 19 24 36 34 21 25 16 30 30 45
38 9 30 18 18 12 21 13 25 30 11 14 18 29 10 4 19 22 28 31
19 9 14 11 6 7 16 6 11 13 9 4 7 3 1 1 14 1 22 24
43 14 41 19 10 22 28 30 32 19 32 24 36 22 21 19 32 20 40 49
23 2 13 5 9 6 18 7 2 11 10 1 12 14 7 5 6 3 13 23
48 15 40 27 26 21 39 28 34 33 34 19 34 33 28 16 34 18 41 47
67 26 47 24 32 29 46 39 33 54 19 22 41 46 31 32 19 23 57 65
33 11 18 15 7 5 19 10 13 7 14 11 22 20 7 9 19 10 19 36
