1000 20 15 1164
4 4 5 3 1 15 4 4 11 4 2 8 4 7 11
0 1 6 3 3 3 1 3 7 4 3 2 0 5 4
4 3 2 6 5 5 8 12 2 6 1 12 3 1 2
5 3 6 3 2 5 5 0 5 8 3 1 1 3 1
0 3 1 2 4 1 2 5 3 2 2 2 2 3 4
13 7 8 9 3 1 10 1 7 1 13 23 1 8 8
1 2 4 3 3 4 1 2 4 3 0 6 1 3 2
4 3 5 2 5 3 3 6 9 5 4 6 9 4 9
0 3 5 2 2 3 5 9 0 3 3 7 8 1 4
3 5 3 4 12 3 17 2 9 17 6 22 7 7 2
4 13 8 3 0 5 2 7 5 7 6 0 2 1 3
4 7 3 9 11 3 2 4 5 3 4 7 2 8 2
0 2 5 7 1 3 1 6 1 3 5 1 3 0 1
2 2 2 1 1 2 6 1 5 10 2 13 4 2 4
6 4 1 1 1 1 2 2 1 1 3 4 2 3 3
1 11 3 4 4 0 7 16 19 16 7 5 1 1 3
3 8 1 4 15 2 5 9 1 7 5 2 6 10 4
3 4 4 1 2 2 6 10 3 3 5 2 1 2 5
6 5 5 12 5 1 11 16 7 6 5 5 13 11 1
6 4 4 1 12 13 5 1 1 21 13 8 0 16 11
10 1 4 8 3 7 4 0 3 0 5 1 0 16 0
0 2 2 2 15 9 14 22 8 9 10 3 2 10 9
2 2 2 13 9 5 3 2 1 2 7 4 2 2 0
1 5 2 3 2 5 1 7 2 2 2 3 2 3 1
8 12 7 6 9 15 3 13 3 3 12 10 4 14 3
2 1 1 1 5 0 3 2 6 2 2 1 1 2 4
0 13 6 2 8 2 0 0 4 11 1 11 10 12 18
3 2 1 6 2 1 0 4 3 0 8 5 2 6 3
0 13 12 7 4 12 4 8 8 7 5 1 9 4 16
7 1 8 3 8 14 3 3 0 0 10 2 1 4 1
3 4 1 6 5 3 2 5 4 4 1 6 2 3 0
16 10 1 13 13 2 5 3 5 2 3 15 5 5 1
5 1 1 8 12 16 7 14 2 11 4 11 5 2 13
3 17 2 2 6 3 4 1 6 8 10 3 4 10 13
2 3 7 3 1 1 4 5 2 4 1 2 5 1 4
8 0 4 4 1 3 0 3 2 3 1 1 1 3 1
13 1 11 8 18 14 1 9 6 13 1 11 0 9 12
4 2 2 4 5 0 1 8 10 11 6 10 5 4 2
5 4 2 0 3 6 14 10 2 27 2 12 6 11 4
7 11 9 6 16 13 1 5 12 9 5 12 5 11 5
6 6 2 12 16 1 2 4 2 5 7 1 5 0 3
1 13 1 5 9 5 3 9 4 6 11 4 1 10 2
2 1 2 0 7 5 4 2 1 3 5 4 4 4 5
3 4 1 2 1 3 2 4 9 0 3 5 6 0 5
8 10 20 2 4 4 3 10 2 1 8 11 1 21 2
2 0 5 3 0 6 2 2 5 1 5 6 1 4 0
18 14 1 0 9 6 8 7 1 12 5 5 0 13 18
3 7 4 8 0 7 1 4 1 2 9 10 0 7 9
8 7 10 0 2 5 20 11 1 17 10 9 3 7 1
1 4 2 1 5 1 3 5 1 3 0 5 1 0 5
3 3 3 1 3 2 3 3 2 1 3 3 4 4 1
9 3 5 5 17 10 9 0 5 4 12 1 3 9 9
9 8 8 0 10 2 6 1 11 7 10 2 16 2 14
3 2 3 0 6 8 8 2 4 7 2 3 5 5 15
8 9 6 0 10 10 8 1 5 9 10 13 2 1 0
13 7 8 0 6 7 3 12 11 5 4 0 9 20 18
1 10 5 1 2 0 1 4 1 4 6 1 6 6 0
3 10 1 7 0 4 8 0 7 14 7 10 18 3 6
1 1 6 8 5 8 8 5 3 3 1 6 0 12 5
3 5 4 5 1 4 4 1 1 1 3 13 3 2 4
4 10 5 7 12 4 1 4 2 6 1 0 10 10 9
4 2 3 14 1 5 15 6 5 5 13 9 13 0 6
5 5 2 4 2 4 3 3 1 4 2 1 1 0 1
5 5 7 4 0 4 1 2 4 0 3 4 4 0 2
0 7 3 4 2 11 7 3 13 2 15 3 3 4 8
2 8 20 5 8 4 7 7 2 2 13 3 1 16 6
5 1 3 2 0 3 6 3 1 1 3 0 0 0 1
2 3 1 1 2 11 3 6 6 0 3 3 1 6 0
7 6 6 3 3 2 0 2 5 5 0 0 6 9 4
1 5 0 10 0 3 4 5 0 4 2 0 4 11 2
8 0 4 3 5 1 5 4 2 3 5 1 0 0 1
1 4 4 3 4 1 0 3 4 4 0 1 6 3 0
4 0 1 3 4 2 1 5 1 4 5 3 6 1 0
1 4 8 2 14 5 5 3 3 5 0 2 11 11 1
1 5 5 8 0 8 4 5 8 3 2 2 4 4 6
3 2 9 3 1 1 4 2 0 2 3 1 1 2 5
3 0 0 1 1 2 4 1 6 2 5 1 3 0 1
11 9 2 1 1 0 22 9 11 16 2 12 6 15 2
1 1 6 3 6 3 13 5 1 0 5 5 2 12 5
0 6 1 3 1 2 8 6 2 8 3 1 4 4 0
2 4 4 3 1 1 4 6 6 1 0 4 1 8 2
7 1 9 12 1 10 2 5 0 8 6 1 2 1 9
2 3 6 3 9 6 2 5 2 0 2 6 3 8 1
1 9 1 1 5 6 12 4 1 1 7 5 2 1 2
1 6 0 0 2 6 2 0 7 5 1 5 12 13 3
4 4 12 1 4 4 3 2 2 5 13 4 9 7 1
4 9 2 2 12 2 2 8 11 1 6 4 2 7 6
7 1 6 6 8 6 7 3 2 2 4 5 2 3 0
7 3 8 5 11 12 6 3 3 10 8 7 2 2 7
2 2 3 3 1 1 3 3 3 2 1 0 2 3 8
2 5 0 11 6 3 1 3 0 10 5 1 6 1 1
6 8 2 4 3 2 2 5 7 8 2 1 1 6 5
0 17 5 7 3 10 7 4 6 9 5 0 3 3 7
4 2 0 2 7 3 1 6 7 2 4 4 1 9 8
2 1 6 4 1 3 2 0 4 3 2 4 6 7 5
22 6 13 3 10 5 14 0 3 12 9 0 10 6 6
4 2 3 0 4 5 3 2 4 4 2 1 6 5 9
0 12 4 1 5 1 1 7 4 1 4 2 5 14 3
5 4 1 6 1 2 0 8 9 3 2 1 1 2 3
13 1 13 7 13 20 3 12 9 8 6 0 10 0 13
14 6 15 12 0 9 2 8 6 9 1 4 1 8 1
2 3 1 1 2 3 7 3 2 2 4 0 4 1 1
3 4 0 3 7 3 5 0 1 3 6 1 9 5 4
18 1 0 7 10 1 0 3 1 17 0 7 19 7 13
3 3 1 1 3 1 3 2 1 4 4 1 3 3 3
2 11 16 6 8 3 1 4 3 8 7 16 12 3 9
4 10 3 8 3 11 10 8 7 2 9 2 5 1 3
16 11 1 2 3 18 7 2 7 5 10 3 4 12 4
1 1 2 2 4 1 0 4 2 5 2 3 3 2 2
10 4 11 6 9 12 8 5 1 16 9 10 15 7 1
0 6 15 7 1 11 8 9 9 7 7 15 4 2 8
4 3 4 5 4 9 10 4 8 1 13 0 8 9 8
7 3 3 10 1 9 1 7 14 0 1 2 0 2 1
6 3 16 7 3 3 4 2 11 1 12 1 8 6 0
5 3 2 5 1 1 14 8 2 4 2 5 5 4 12
1 2 1 8 2 10 6 2 8 6 10 6 0 1 12
16 18 4 9 14 12 6 4 1 8 2 1 1 3 0
4 9 2 1 4 1 3 8 3 5 3 1 10 4 3
3 3 10 3 5 8 7 0 9 7 8 10 7 3 3
2 7 2 16 5 6 8 2 9 1 16 3 5 14 11
20 2 0 18 4 6 14 2 5 3 9 8 3 1 3
2 5 9 2 2 3 4 0 2 1 0 2 9 2 4
5 5 2 2 1 10 3 4 7 4 2 5 3 4 7
1 5 8 4 5 3 10 1 3 9 13 4 7 5 3
1 1 0 2 1 5 4 3 4 4 1 10 0 6 1
3 2 2 1 4 0 1 4 7 3 3 4 2 1 0
18 9 12 7 3 10 4 11 14 12 3 14 4 5 5
5 0 4 0 3 2 8 3 5 2 4 2 3 2 2
5 6 2 6 4 11 4 5 0 14 2 9 11 13 5
0 3 7 2 9 0 5 12 4 3 11 5 4 0 5
2 0 5 3 4 0 7 2 5 0 7 6 3 5 0
3 0 3 1 4 4 7 7 4 9 4 4 16 12 4
4 4 19 2 8 10 3 18 12 6 11 2 3 5 2
0 7 10 5 7 4 1 13 6 20 2 7 2 10 13
1 0 3 1 1 4 4 1 3 2 6 1 1 2 3
10 7 8 5 3 13 7 3 10 17 3 2 9 4 6
6 7 23 2 11 12 5 1 20 6 2 1 7 1 3
1 7 4 1 4 1 2 1 4 3 2 7 2 2 0
5 5 3 5 1 3 5 3 9 27 7 1 0 8 21
2 1 0 4 4 0 4 3 1 2 2 5 0 2 0
3 2 16 13 1 7 6 2 2 2 9 19 12 7 9
3 2 0 4 2 2 4 0 6 1 5 4 4 2 1
2 11 4 10 8 5 6 0 3 11 4 9 2 4 3
2 1 0 1 2 3 5 4 2 4 1 2 5 6 3
5 1 0 3 4 8 7 3 3 13 2 1 3 1 4
4 2 2 11 5 12 5 6 3 5 7 8 1 4 13
4 9 0 5 6 9 9 1 6 1 2 1 7 3 1
3 6 5 1 2 2 2 3 0 6 3 4 1 4 1
2 4 1 4 3 1 1 2 4 5 3 2 2 3 1
10 0 3 0 2 4 0 1 1 2 2 1 5 6 2
7 3 1 7 6 17 6 9 21 6 9 11 0 1 6
0 4 0 0 2 3 1 6 5 4 3 4 2 2 4
2 1 5 1 2 0 5 1 8 2 4 1 4 6 3
16 0 13 2 5 17 15 3 1 9 3 3 0 8 19
2 6 6 5 3 7 15 9 14 3 13 22 1 11 10
2 0 4 2 2 2 4 7 2 0 1 6 4 3 11
1 9 8 5 3 4 8 11 6 3 4 1 10 1 4
1 3 5 22 10 5 4 0 0 22 3 13 5 1 5
9 5 6 3 7 9 9 1 1 2 7 3 1 3 7
2 4 3 4 3 3 3 2 1 4 2 4 2 5 1
1 18 2 3 6 2 6 3 2 4 4 2 3 2 3
6 1 2 2 1 15 3 12 6 9 1 9 2 0 3
2 5 4 12 3 13 4 11 5 2 2 10 7 3 2
2 5 13 3 4 1 8 0 0 5 4 7 6 6 1
0 0 2 3 6 2 1 11 5 0 8 1 11 14 1
1 4 6 5 8 2 1 5 2 8 0 3 11 2 2
4 2 3 9 1 11 4 2 5 1 0 1 5 11 4
3 7 2 9 16 2 10 3 4 2 15 7 3 6 2
6 4 1 5 1 6 4 1 3 4 8 6 5 1 6
2 7 2 3 4 2 5 2 6 3 1 4 0 5 2
13 13 11 9 5 3 5 9 2 3 4 5 4 8 0
1 6 11 1 2 5 0 0 5 5 7 3 2 3 5
1 1 0 3 1 5 5 5 0 2 0 0 2 1 5
3 1 2 2 4 1 9 1 5 3 5 4 2 6 2
16 4 5 11 13 8 3 4 18 11 8 1 13 6 2
6 0 10 4 4 1 8 4 10 2 8 7 5 11 2
6 1 9 5 13 11 19 7 3 1 2 11 7 5 22
11 3 7 3 0 6 0 2 6 13 10 5 0 4 3
4 9 3 1 0 2 2 1 2 1 3 3 5 0 3
14 7 1 6 0 5 15 16 5 5 18 13 6 2 10
6 3 1 1 23 2 2 2 10 9 5 12 6 14 12
10 6 2 3 14 1 3 11 6 2 8 6 3 13 8
11 12 6 4 5 10 14 9 8 12 17 7 12 4 8
5 5 12 7 10 4 3 1 1 3 13 1 3 1 2
2 14 15 1 1 4 15 11 2 9 9 6 8 3 7
8 8 6 0 14 4 9 1 6 2 19 3 0 6 3
1 9 2 3 5 4 1 0 1 0 2 5 2 1 0
16 2 4 14 2 6 18 1 7 12 8 2 16 6 10
3 1 0 3 3 0 4 0 6 0 1 1 5 1 4
2 1 6 3 1 2 2 3 5 2 1 2 5 2 5
7 5 1 6 7 7 6 4 13 2 19 5 13 0 3
6 1 4 1 2 3 2 6 3 4 0 3 1 1 2
6 4 5 2 4 2 5 2 0 2 7 3 1 5 4
2 8 4 13 5 0 23 7 7 6 6 14 12 5 15
3 4 21 4 11 10 21 8 12 3 6 4 1 11 4
8 4 6 0 10 0 6 22 0 3 3 8 7 5 17
18 4 0 2 2 17 13 8 10 1 19 4 7 11 5
21 10 14 12 10 5 1 6 3 2 4 0 1 19 8
1 1 4 1 2 3 0 4 1 5 1 1 6 1 4
15 1 2 5 1 6 1 4 6 9 4 8 0 1 6
1 5 5 1 11 8 2 5 3 4 2 4 4 11 3
1 1 1 4 0 8 8 8 7 4 6 7 5 3 3
2 4 3 7 3 6 11 7 7 6 1 5 5 4 2
4 1 6 4 0 1 1 2 1 1 1 3 0 2 4
2 3 1 3 5 1 4 2 1 4 3 7 1 8 0
1 6 4 3 3 0 2 2 0 1 5 0 5 1 5
1 1 2 10 4 1 2 5 9 4 3 11 2 4 1
8 7 3 6 11 7 7 23 4 11 1 7 17 1 1
4 6 7 7 6 1 7 9 4 1 4 12 6 9 5
5 1 1 0 4 1 1 2 0 2 13 2 6 1 5
2 2 2 10 16 5 3 10 1 4 4 5 2 4 3
5 7 3 10 2 5 1 5 10 4 1 7 4 5 1
13 15 4 6 7 2 12 5 4 6 5 3 12 1 4
9 13 5 9 6 5 3 9 8 3 6 15 11 23 9
11 7 21 1 2 4 3 6 4 5 7 7 12 2 0
4 11 11 1 3 6 16 3 2 4 3 12 6 8 6
10 1 3 5 2 2 2 0 1 1 4 8 2 1 1
8 0 3 1 2 5 3 2 1 1 4 0 5 3 1
1 1 1 8 7 8 7 9 2 4 7 3 5 1 7
2 7 5 8 5 3 1 3 1 0 12 7 1 4 1
0 16 8 10 8 6 19 15 3 5 8 1 6 9 8
6 2 9 5 8 9 3 18 14 5 4 4 1 0 1
1 5 1 5 6 1 17 17 5 1 20 13 4 11 11
3 5 2 5 2 2 14 1 21 3 2 12 4 7 4
10 10 8 7 1 3 11 1 12 12 6 1 2 1 2
4 3 3 2 1 2 0 4 3 1 1 1 5 4 4
6 2 3 17 4 3 6 6 4 11 14 8 9 17 4
5 4 14 5 2 12 8 5 7 3 7 0 12 4 5
5 2 2 3 2 2 0 0 2 1 3 0 6 4 2
7 0 0 18 8 7 14 6 5 15 7 9 13 2 9
15 5 3 13 7 19 3 5 8 5 11 4 0 2 2
6 3 14 0 6 10 6 7 3 3 7 7 1 12 3
1 1 6 2 5 3 3 4 2 3 1 2 2 21 4
8 3 3 4 0 9 0 6 8 4 5 5 8 3 4
5 4 1 5 2 6 3 6 1 3 3 1 3 0 3
9 4 6 11 13 6 7 10 3 1 10 7 6 11 12
0 2 2 6 1 3 1 3 6 1 2 1 1 1 8
3 4 4 4 8 4 17 11 3 3 4 13 1 9 9
1 1 9 10 3 7 7 2 1 6 0 1 1 3 2
5 9 8 11 5 17 2 5 6 21 10 6 3 5 3
1 7 15 10 1 3 0 3 7 1 5 3 4 3 2
9 4 14 0 12 0 1 1 14 11 11 13 12 0 8
1 2 4 1 1 14 2 8 18 1 8 0 0 6 1
1 2 3 6 5 4 1 2 2 1 1 1 6 2 4
2 0 4 0 4 0 1 5 5 3 0 1 0 2 2
2 2 6 5 4 2 8 3 2 1 26 6 17 0 6
14 4 0 1 5 5 9 13 4 9 0 3 0 8 10
6 5 2 12 0 0 0 3 0 24 0 13 13 1 12
1 3 1 2 4 4 6 7 0 2 2 2 1 6 5
8 1 11 9 24 3 0 6 1 7 17 8 6 6 1
0 1 1 5 0 7 3 2 2 3 0 2 5 5 2
6 10 15 13 4 2 11 5 15 6 13 5 3 9 5
5 4 12 2 18 10 3 13 3 20 4 10 5 10 3
3 0 1 0 9 2 3 6 0 1 7 3 1 2 1
12 5 17 11 17 2 4 3 4 3 1 0 3 3 6
7 10 5 4 1 3 3 3 2 2 2 9 5 1 3
4 13 8 14 3 11 13 8 7 3 9 4 11 15 9
2 1 3 0 3 5 3 1 1 5 6 0 3 1 2
2 1 9 8 8 11 10 3 3 4 21 6 1 19 9
2 1 7 3 4 3 4 6 2 1 4 7 3 7 6
4 4 14 6 9 0 7 2 10 1 13 18 3 8 4
2 2 3 0 6 0 6 1 2 4 2 3 2 2 5
4 1 1 1 5 8 2 13 2 3 4 4 7 5 1
11 5 21 0 5 1 2 2 14 2 5 3 1 12 7
6 5 4 1 1 10 4 7 3 3 6 3 6 2 6
5 4 2 0 3 2 2 1 3 7 4 4 2 1 2
2 6 12 7 6 0 5 5 8 4 7 5 7 2 3
12 20 11 12 5 11 4 1 7 0 7 16 6 13 6
11 4 2 1 4 10 11 15 8 4 4 8 20 1 4
1 3 2 6 9 5 1 3 1 1 8 12 5 3 10
8 1 6 11 2 3 9 4 1 2 8 7 10 5 6
4 2 4 2 1 2 3 1 2 2 2 5 1 0 1
5 1 18 5 8 10 3 16 3 7 9 1 0 15 5
1 8 2 7 1 8 3 12 6 6 15 1 4 7 18
1 2 16 10 12 0 2 10 5 1 14 2 12 4 6
6 9 4 6 7 7 3 21 10 10 4 4 3 9 3
5 17 3 2 2 15 16 1 7 5 3 9 4 3 1
3 13 4 14 7 0 8 0 2 9 7 13 6 5 10
1 4 2 13 5 3 2 2 4 16 10 6 1 8 2
2 1 6 3 5 2 5 0 5 3 9 9 0 4 2
5 4 1 19 7 5 3 4 5 4 12 5 2 5 3
1 1 11 17 7 1 6 5 16 3 5 6 8 2 4
2 12 3 10 16 1 5 14 2 10 6 7 3 8 2
1 2 7 1 5 5 3 0 12 4 15 13 8 5 6
0 2 1 0 2 1 8 5 0 2 1 5 2 0 6
4 5 5 20 9 19 1 3 13 3 0 1 9 1 3
3 1 3 4 8 5 6 8 11 4 13 2 11 11 6
2 4 6 12 2 7 3 8 5 7 16 9 2 7 1
0 0 5 5 1 17 4 7 16 2 2 11 9 3 9
4 3 1 8 10 11 1 3 0 22 9 8 1 14 6
4 8 15 1 3 10 1 2 14 3 7 5 0 0 3
0 1 7 1 0 0 2 3 2 3 2 8 2 0 2
1 3 0 2 0 4 0 2 3 4 7 2 3 0 6
13 4 1 4 2 10 13 6 9 2 7 2 2 5 3
2 3 6 3 0 2 2 3 2 5 0 2 2 0 5
7 3 5 1 2 2 4 1 4 0 3 1 2 4 5
2 2 6 6 2 1 3 3 7 3 11 6 1 1 5
2 4 2 3 2 9 4 1 1 1 6 0 3 2 2
1 2 7 5 5 12 5 2 1 2 11 1 8 5 19
3 1 2 7 2 2 7 4 9 0 3 8 2 3 2
0 1 12 4 5 5 12 1 8 12 15 1 11 7 2
1 15 1 0 8 2 2 1 1 6 11 2 17 1 1
5 13 1 12 12 13 6 7 3 1 4 21 3 14 3
3 1 4 4 7 2 1 11 9 5 3 3 1 5 12
0 7 11 7 2 0 5 1 3 3 2 1 5 2 3
2 8 4 0 12 14 14 9 10 8 5 3 10 2 14
1 9 7 3 2 12 1 7 7 4 2 7 11 12 9
0 7 12 3 7 8 2 2 3 1 14 2 7 3 7
1 5 3 9 13 2 2 8 5 0 3 5 3 6 18
9 7 7 6 2 6 1 10 0 9 2 3 7 10 9
3 4 2 7 4 3 8 4 2 7 2 7 7 3 6
6 4 6 4 5 13 5 9 9 5 2 2 2 0 2
9 1 2 7 2 9 5 2 5 2 6 0 14 0 1
21 9 6 15 9 3 5 9 2 9 8 11 6 7 3
0 2 0 6 2 0 11 5 1 2 8 8 6 1 1
0 4 0 6 2 1 6 1 3 13 2 6 11 1 13
7 4 9 3 5 1 0 1 0 1 17 3 4 2 3
12 3 4 10 0 1 8 13 6 12 15 9 4 9 5
9 3 9 3 6 3 16 4 3 4 7 13 3 8 9
7 9 11 7 1 11 5 2 8 11 9 7 5 5 0
4 7 3 7 3 2 5 7 7 1 4 4 4 0 5
5 10 5 1 15 16 2 13 3 14 1 8 3 9 2
7 10 0 1 11 4 2 2 9 8 1 3 2 3 1
3 5 2 8 2 8 2 1 3 6 7 6 7 11 9
0 4 1 5 4 4 7 1 3 5 4 1 1 2 2
14 7 6 9 9 9 3 9 5 9 2 11 2 3 2
5 5 9 3 2 5 7 10 4 11 16 11 2 14 2
2 3 2 2 16 15 13 15 2 1 4 4 8 14 7
6 7 8 0 9 7 4 6 7 3 10 7 1 13 12
6 6 5 3 5 7 6 7 3 5 2 5 2 9 3
2 17 7 2 0 5 11 3 1 0 6 5 17 5 5
3 1 11 2 1 1 2 10 5 1 2 17 8 2 10
5 1 7 5 9 1 6 4 3 1 10 7 6 6 4
5 2 2 0 4 7 3 2 0 2 0 13 3 6 0
4 6 4 2 0 4 6 3 3 2 4 1 5 1 0
6 0 5 1 0 1 2 5 4 4 1 5 2 3 4
4 1 7 6 1 5 0 3 3 2 3 1 1 4 3
9 9 3 9 6 2 10 3 2 3 1 2 12 10 10
0 8 5 8 7 3 4 9 5 4 0 5 1 8 3
6 16 5 3 9 3 0 3 6 3 1 11 2 11 2
4 15 1 2 8 6 5 7 20 8 7 0 1 1 13
1 3 2 3 3 5 12 7 2 4 12 9 2 0 0
9 7 6 17 7 1 11 16 7 0 11 9 9 2 6
7 4 9 6 3 5 2 0 4 9 8 2 3 7 3
7 3 3 4 10 1 13 2 5 12 1 19 12 6 1
9 1 1 2 3 5 3 4 1 3 6 0 2 4 1
6 0 2 2 2 4 4 5 2 0 5 6 1 0 6
16 0 13 2 3 0 4 10 6 2 0 14 10 7 7
13 1 3 7 5 2 5 5 1 6 6 4 9 6 22
0 11 1 6 6 6 2 3 2 3 0 2 3 4 2
6 4 19 5 4 5 2 2 12 1 3 4 1 10 11
3 5 2 2 10 14 17 4 1 1 13 6 0 2 7
4 4 11 4 8 8 1 14 16 2 1 5 10 3 4
4 2 1 7 9 4 1 5 4 5 8 13 8 8 3
9 3 2 4 10 15 9 6 4 7 5 9 1 6 6
3 7 5 6 0 7 0 1 0 5 5 1 0 10 5
8 4 9 5 1 2 0 5 2 7 5 10 3 4 3
10 1 2 2 6 11 16 14 1 0 14 6 10 7 3
11 11 5 8 5 7 3 2 12 0 3 10 5 1 12
7 0 2 10 1 7 4 10 3 1 1 8 6 8 7
8 8 11 1 3 4 12 0 1 3 3 5 5 0 7
14 1 4 1 6 5 5 5 7 4 2 8 3 4 2
0 4 1 10 8 5 11 5 5 2 2 6 5 5 6
22 2 5 3 9 7 9 5 10 1 2 5 1 1 3
5 1 4 5 5 10 3 2 6 1 7 1 4 5 8
8 1 2 8 1 5 11 3 3 12 4 4 1 7 4
1 5 4 6 2 9 5 3 2 4 1 2 2 10 1
2 5 3 1 0 1 4 4 3 3 4 7 3 7 4
20 6 9 4 8 3 2 2 10 5 9 2 3 5 1
1 3 3 0 4 6 7 5 6 2 1 1 1 2 6
19 11 3 2 8 14 2 1 2 0 3 3 5 9 11
3 6 3 3 2 1 3 7 8 3 6 3 0 2 0
1 2 3 1 1 2 6 1 8 0 3 5 3 1 3
0 16 11 10 7 5 3 2 8 5 7 9 1 6 4
3 1 3 8 10 3 0 1 3 9 9 6 7 16 17
4 9 14 17 0 1 1 7 14 10 14 6 5 1 2
8 3 1 0 2 7 1 1 7 6 8 1 3 1 13
2 5 10 2 1 0 3 4 5 4 1 8 11 13 2
2 7 3 4 0 3 2 3 8 13 2 4 5 4 12
7 7 1 5 12 11 3 8 15 11 2 5 12 0 4
7 6 6 1 5 11 2 2 12 5 2 11 3 6 5
2 3 10 7 3 2 0 8 2 18 9 9 0 3 15
12 7 4 3 17 3 1 7 3 8 4 7 1 5 6
2 7 4 2 5 9 6 0 4 2 3 15 12 6 2
3 1 3 3 4 1 3 6 2 1 2 2 1 2 0
1 3 6 11 3 2 9 2 5 1 3 3 6 7 11
1 2 2 1 3 6 2 0 1 0 5 0 0 2 2
2 15 1 21 12 4 0 14 2 3 0 4 4 14 2
5 3 0 12 5 5 4 6 2 6 1 5 9 3 10
0 6 3 5 2 11 3 6 1 5 0 7 6 4 5
5 3 2 4 1 5 1 2 4 5 3 1 3 2 5
3 3 1 8 4 9 5 5 3 14 4 3 4 3 1
6 5 5 5 3 2 1 1 0 0 0 1 1 2 0
2 4 2 1 6 7 2 4 1 2 3 3 1 6 0
5 13 1 3 6 0 5 5 1 1 4 7 14 8 9
4 4 5 15 9 17 7 6 14 0 13 8 17 7 9
4 2 3 8 0 3 7 3 3 8 2 9 4 0 10
5 7 4 18 3 3 4 5 2 7 9 1 1 20 11
11 12 9 1 4 9 1 16 12 8 10 2 6 12 10
13 6 9 1 7 15 3 3 18 0 1 1 5 9 3
6 11 18 4 4 6 18 2 1 5 3 11 3 3 2
12 7 7 15 1 6 1 14 3 5 7 5 1 7 1
3 2 10 10 8 0 5 10 4 10 11 12 13 14 4
5 9 11 6 8 5 8 7 1 9 2 3 5 7 4
1 14 0 11 3 9 4 2 6 3 3 6 1 6 12
5 3 0 6 1 0 7 10 4 4 3 10 3 4 4
3 2 3 7 3 1 3 8 1 13 1 8 3 4 8
3 7 5 3 1 4 4 2 2 1 4 8 3 5 1
3 6 11 13 0 7 6 3 7 12 3 5 7 3 1
3 6 6 8 21 13 11 0 6 4 11 6 6 4 3
10 13 4 7 8 8 9 12 10 10 4 2 1 14 2
3 7 0 1 3 3 4 9 1 5 13 4 17 1 6
5 3 0 1 6 0 5 1 2 4 4 5 2 3 2
1 7 2 3 2 0 2 6 8 5 1 3 5 1 4
2 10 10 6 8 1 2 9 7 5 9 0 3 0 9
3 1 0 4 2 2 12 5 3 8 1 7 6 2 1
3 2 5 10 4 3 1 2 9 0 2 1 4 2 0
5 3 7 1 10 0 6 4 1 4 9 1 3 1 7
3 6 13 5 0 2 0 8 6 6 0 0 1 10 13
7 3 0 1 8 6 6 0 0 8 2 0 17 11 1
2 5 11 7 5 7 1 3 0 0 3 4 9 2 2
4 10 1 2 1 3 6 1 3 2 7 3 1 0 1
10 6 1 6 5 1 6 3 5 0 2 3 1 4 4
10 1 12 7 4 12 2 10 7 1 7 10 9 14 21
10 15 6 8 9 2 6 12 15 3 2 3 3 14 2
2 5 8 2 2 9 5 1 7 8 8 1 3 6 4
17 2 11 1 14 4 9 5 10 3 3 1 15 10 4
2 12 0 8 11 14 17 8 6 19 5 4 6 7 2
1 4 2 2 5 3 3 8 1 3 1 5 9 8 1
4 3 4 6 8 15 0 3 13 15 0 4 11 1 7
4 3 7 0 0 5 3 1 2 5 1 0 1 0 1
2 1 9 0 5 2 2 9 1 5 4 0 4 2 6
5 1 5 3 2 1 0 8 0 7 3 2 1 14 2
7 8 18 12 6 19 4 5 9 3 14 14 2 3 1
11 2 2 3 3 5 2 7 2 11 3 1 1 1 6
3 15 2 14 5 21 1 3 11 12 3 6 1 9 1
9 2 9 0 7 11 4 13 4 1 3 7 3 7 5
5 11 10 15 3 8 3 17 15 0 9 16 13 6 3
1 3 8 2 2 5 3 8 8 14 5 6 4 5 9
12 14 1 4 10 16 12 4 6 13 1 4 18 3 6
2 1 2 4 1 5 4 3 4 3 5 2 8 1 1
0 13 3 6 1 0 2 8 3 5 1 2 5 5 1
1 6 3 6 8 5 1 3 4 8 17 2 4 10 11
3 2 4 6 6 3 2 1 5 4 9 6 10 6 5
11 4 1 0 8 3 1 5 5 4 1 3 3 10 8
0 2 2 3 2 4 1 5 0 4 5 4 6 5 1
2 6 1 3 6 1 7 2 3 3 6 0 5 2 1
2 3 1 1 2 3 0 6 11 6 1 3 4 1 4
0 6 3 3 12 6 2 3 3 2 7 0 9 4 6
2 12 13 2 14 10 12 1 7 6 1 10 15 3 16
11 3 1 6 2 1 6 6 6 1 9 1 10 13 9
3 1 8 5 6 1 1 9 8 4 2 4 8 2 5
4 0 18 6 2 7 10 6 3 5 1 8 10 4 11
3 6 2 5 3 2 1 1 1 4 5 7 6 2 9
2 2 1 1 4 1 9 3 1 0 2 0 1 3 1
0 8 5 5 9 17 6 1 11 6 14 3 9 8 3
7 11 1 7 7 3 15 0 12 5 6 5 1 5 22
4 4 1 0 2 7 2 2 7 3 5 4 3 12 2
4 4 0 0 2 0 4 3 4 4 3 5 4 4 2
3 2 4 1 1 2 5 0 1 0 9 3 4 5 4
6 11 2 4 1 0 6 12 3 1 3 3 2 3 10
7 18 6 9 0 2 5 6 10 17 15 4 9 4 9
8 2 9 9 8 0 7 2 5 5 6 4 17 4 7
4 7 2 3 4 3 1 3 1 1 3 8 2 5 8
5 2 6 3 3 6 1 20 9 1 1 9 3 8 7
3 13 3 4 5 4 3 9 6 8 11 10 7 11 2
0 2 6 5 2 3 0 4 4 3 0 1 0 5 2
0 3 2 3 9 2 11 3 4 8 1 0 6 5 4
1 3 8 11 5 1 10 3 6 12 6 8 8 7 1
3 5 7 0 8 0 3 0 1 3 4 3 2 0 6
2 4 6 1 6 5 5 2 4 6 11 4 7 8 6
3 1 7 3 4 12 7 2 13 7 4 9 3 3 4
0 7 15 5 6 3 4 1 0 4 7 7 2 7 5
2 13 6 3 9 7 8 4 7 4 2 3 7 2 4
5 1 6 11 1 3 3 2 8 3 12 7 5 5 4
4 1 1 4 0 2 3 4 2 2 0 1 1 6 0
4 0 8 6 2 1 1 0 4 0 0 9 8 4 5
1 3 2 1 5 4 1 2 1 0 2 7 3 0 3
1 8 3 4 9 10 6 8 25 11 10 0 20 0 1
0 8 6 6 3 7 0 3 7 13 2 4 7 5 2
0 4 2 1 5 4 2 5 2 1 3 1 5 1 4
6 2 6 8 2 0 6 0 11 4 2 12 7 2 11
9 1 2 12 7 0 8 2 5 2 4 6 8 2 9
4 10 10 1 0 15 1 1 2 14 4 7 11 14 5
8 8 3 7 6 13 4 4 0 6 6 14 3 13 3
8 1 4 2 1 0 3 2 1 2 3 3 0 1 3
3 1 1 7 1 4 2 0 0 3 2 6 3 3 2
0 6 3 3 3 13 17 7 4 1 4 3 5 18 15
3 21 3 9 4 3 2 8 6 15 15 2 1 8 2
14 1 1 9 4 0 4 2 1 1 2 9 0 9 9
3 1 5 1 3 1 2 5 3 3 5 1 3 1 2
1 8 5 0 3 7 3 0 3 2 1 2 3 1 3
1 1 2 5 3 5 1 4 0 5 1 1 1 4 0
8 9 3 8 2 3 2 4 15 8 2 16 11 1 5
6 10 0 1 4 2 2 5 2 3 4 1 6 4 3
7 1 1 1 3 8 2 13 2 9 4 2 0 5 6
12 7 9 3 3 4 16 2 7 1 14 1 7 5 7
14 2 5 21 7 3 7 7 11 11 12 1 3 2 18
6 4 11 3 0 5 2 2 5 0 2 4 1 5 2
5 3 1 2 0 2 3 9 2 5 0 1 4 2 3
14 2 2 6 6 4 22 1 8 3 5 5 10 4 3
1 1 1 2 9 3 6 0 4 1 3 3 3 1 2
16 1 3 4 9 6 0 0 1 1 6 13 12 8 24
4 2 4 9 4 2 1 9 10 9 23 0 4 1 2
3 1 7 4 13 5 10 7 7 2 8 1 21 3 10
5 15 7 4 1 6 2 23 0 4 2 17 9 3 15
5 10 0 23 9 0 7 15 4 7 16 0 4 6 9
2 0 1 1 4 3 5 1 1 2 3 0 1 6 1
1 2 2 3 1 6 1 0 1 0 5 5 3 6 1
9 5 2 2 4 5 6 3 4 14 0 15 7 6 9
8 1 7 4 3 4 11 9 2 5 8 3 0 8 2
2 4 1 12 3 15 2 13 7 5 3 19 18 4 15
2 3 2 2 2 5 0 1 1 1 5 3 2 7 7
1 2 2 2 1 7 2 8 7 7 8 1 8 0 2
2 3 9 8 8 1 1 5 4 7 6 5 5 9 10
5 0 9 11 1 8 4 2 2 9 7 6 7 7 2
6 10 4 6 1 2 14 5 2 13 4 5 8 19 5
2 1 3 3 6 0 1 5 1 5 7 1 1 2 4
2 3 7 15 11 4 2 9 5 10 6 11 13 9 7
9 9 5 1 0 5 5 1 9 4 3 6 5 5 6
3 11 5 1 0 10 4 7 3 4 11 7 0 3 6
7 0 2 2 1 3 8 1 2 1 1 2 2 4 1
6 1 1 5 1 2 1 5 1 1 6 1 2 1 1
1 1 2 2 1 3 3 2 1 3 4 5 6 5 4
4 6 11 6 1 17 1 16 4 18 9 10 5 7 1
5 6 5 6 1 6 3 10 5 2 7 4 19 4 6
8 15 13 2 0 8 8 3 2 7 0 12 8 12 2
4 0 0 1 1 0 6 1 7 0 3 1 2 3 0
6 12 6 6 3 1 5 12 8 15 6 7 10 7 8
3 0 3 2 1 5 4 2 4 2 1 5 8 9 1
3 9 1 2 1 1 6 3 7 1 5 0 2 1 2
10 4 2 1 15 3 7 1 9 7 1 7 23 5 11
2 1 4 9 6 9 18 3 2 7 11 4 8 1 3
9 6 12 9 4 2 2 4 4 12 5 3 10 9 3
9 3 7 5 3 4 10 15 16 9 7 1 16 10 1
1 2 1 9 17 3 2 6 5 4 5 8 2 15 6
1 11 14 0 0 5 3 1 5 3 2 12 9 6 10
17 19 3 5 10 3 2 1 6 1 8 10 9 1 7
5 2 17 5 1 1 15 0 2 8 6 2 6 22 11
1 12 15 14 6 1 4 2 2 7 0 7 14 5 4
9 9 11 3 2 2 1 6 17 14 3 1 16 5 8
0 9 2 6 8 9 6 6 3 8 5 10 3 3 6
9 6 8 3 3 2 2 9 1 10 11 2 7 3 8
13 8 8 1 4 9 21 9 2 2 3 13 4 4 19
2 6 5 6 5 7 5 2 3 1 2 2 4 2 2
9 5 10 5 13 2 3 0 2 8 5 10 3 10 5
8 1 1 1 7 5 16 2 13 11 13 13 12 1 19
3 0 7 2 1 6 2 8 1 7 8 7 6 13 15
5 8 11 9 1 15 2 1 4 6 6 6 1 4 10
1 1 6 2 1 4 1 2 1 3 0 0 2 3 4
1 3 3 5 9 4 0 2 0 7 3 5 2 6 6
1 19 7 1 11 1 7 3 7 10 9 9 4 12 18
2 8 9 1 1 10 4 0 9 5 3 3 2 2 1
3 0 1 1 11 4 3 1 2 2 8 0 6 4 3
1 9 0 3 4 7 1 0 11 3 3 3 6 12 2
1 1 2 2 3 3 1 1 2 0 2 5 1 4 5
0 3 4 0 0 4 8 2 3 2 0 5 1 6 3
12 4 2 1 4 3 3 19 10 6 8 1 3 4 16
12 4 4 3 8 15 3 4 9 2 7 3 5 7 3
5 6 7 0 4 1 1 5 2 1 3 3 1 5 5
17 1 1 10 0 7 11 1 2 0 7 14 2 6 1
5 8 2 4 4 3 6 4 1 2 5 1 3 7 4
1 1 7 6 3 5 1 1 2 2 2 4 13 1 3
2 2 0 5 8 3 0 2 6 1 3 1 1 7 8
1 5 2 3 0 1 9 4 9 4 0 7 9 8 6
6 7 5 2 7 7 4 2 2 3 4 3 10 7 2
4 10 1 3 3 0 5 7 14 8 0 1 6 4 1
10 0 5 5 21 1 7 5 7 7 13 12 13 2 1
2 1 1 1 0 2 4 4 7 9 4 5 10 3 1
17 8 22 13 5 9 6 2 4 6 8 2 6 5 4
2 11 15 1 0 0 8 10 3 5 8 6 7 2 8
7 9 4 11 8 8 4 7 14 10 5 8 6 5 5
4 5 2 7 2 2 1 3 2 2 2 6 5 5 1
3 2 2 5 14 11 6 2 5 7 1 0 2 1 0
10 2 7 3 5 5 1 1 7 10 1 16 12 4 0
0 2 10 8 9 2 7 5 0 4 1 7 6 4 6
6 2 5 10 2 4 0 4 0 5 4 3 1 2 4
1 6 1 6 8 7 4 7 6 0 2 3 7 4 5
3 12 13 5 7 2 4 4 8 21 10 5 1 7 6
8 2 8 13 2 0 10 10 5 2 3 3 0 15 8
6 1 6 4 2 8 9 5 3 1 2 6 7 8 0
3 6 5 6 6 5 9 4 8 7 1 0 5 0 4
4 7 1 3 8 7 6 10 7 6 6 25 5 13 2
1 2 6 9 10 5 2 1 4 4 15 6 10 5 4
1 5 2 1 7 1 3 2 1 3 2 1 5 2 1
3 9 5 9 1 8 2 8 7 10 6 3 5 1 5
0 4 9 2 1 3 0 5 4 4 1 4 8 4 5
2 0 8 1 11 7 0 16 5 10 2 9 24 7 6
3 4 1 2 12 4 0 1 1 2 1 11 1 7 5
3 0 15 5 4 0 2 1 7 2 1 3 6 4 1
3 3 6 11 9 16 3 1 11 8 11 11 11 12 11
9 1 3 5 1 0 12 2 4 4 5 6 1 2 1
5 0 1 1 2 1 2 2 1 4 2 2 4 3 1
2 1 8 6 14 1 6 1 8 8 1 14 11 16 15
2 6 2 3 6 6 6 2 2 11 8 6 13 8 4
4 1 1 1 5 6 6 14 9 1 23 5 0 7 9
6 4 6 0 0 2 4 4 12 3 6 6 0 1 3
2 4 3 4 3 1 3 0 1 1 2 4 3 2 5
12 7 4 3 15 0 0 4 3 9 9 5 5 4 9
4 4 4 2 6 0 9 0 7 5 24 2 1 7 3
0 3 4 1 0 2 2 1 2 1 6 3 1 1 2
0 1 3 5 1 1 3 3 3 0 0 5 9 1 1
5 5 3 2 3 7 4 1 13 3 8 3 0 8 12
6 7 7 2 5 2 1 5 4 3 5 5 4 6 5
16 0 3 1 13 1 3 6 4 5 1 6 6 7 20
11 4 4 2 4 2 0 21 5 1 2 8 18 0 9
2 4 2 6 3 1 5 8 3 6 14 5 3 3 18
5 9 4 6 4 5 6 1 13 7 4 8 1 4 4
5 8 4 10 7 11 6 6 3 3 13 4 12 1 13
11 7 9 4 5 6 7 10 2 10 2 9 22 1 9
4 14 9 1 2 3 3 4 3 13 9 4 5 11 12
12 0 5 14 1 10 3 1 5 3 1 7 0 4 4
6 3 11 10 5 12 8 3 6 2 1 7 4 9 3
2 5 3 3 16 6 8 5 2 25 1 3 5 7 1
7 2 17 2 1 0 3 4 4 5 26 5 0 8 5
6 2 6 4 5 1 3 8 1 0 4 10 10 3 8
0 10 10 7 6 1 7 6 11 11 5 1 2 7 8
13 5 5 5 1 3 6 2 12 6 5 2 4 3 7
1 3 1 2 5 2 5 3 4 3 4 0 6 3 2
19 8 13 1 3 9 0 4 12 16 2 0 8 4 11
10 5 1 3 4 21 9 2 6 3 6 15 9 5 4
17 3 2 5 5 3 8 4 8 4 5 10 10 7 8
10 8 3 5 7 4 4 3 6 7 4 6 3 1 6
6 3 2 4 0 4 1 4 0 0 6 7 5 3 10
5 5 0 12 4 6 4 4 5 18 10 1 4 1 4
9 5 2 2 4 5 1 4 4 3 3 1 2 0 2
2 5 2 1 4 1 1 6 2 2 3 4 1 2 1
6 1 3 4 10 5 13 0 1 3 15 7 1 9 5
0 1 1 3 5 4 3 1 3 4 1 3 7 3 9
4 6 6 13 4 12 9 0 3 2 12 1 5 4 8
13 0 6 0 8 13 8 9 11 5 5 6 5 4 21
15 1 10 3 0 1 9 7 2 8 1 5 8 2 1
9 6 6 5 2 2 5 13 9 2 2 2 3 13 1
2 6 16 4 1 3 14 6 0 10 3 11 8 13 4
2 5 13 8 0 2 9 1 7 1 7 4 5 2 3
2 10 6 2 0 6 2 3 2 2 3 1 4 0 9
13 7 4 1 0 3 1 1 6 1 1 5 10 1 10
4 5 1 2 10 16 12 14 4 13 4 19 11 0 9
4 1 3 2 3 1 1 4 0 0 2 3 4 4 2
2 7 4 3 3 3 1 9 3 1 6 6 4 9 5
3 1 2 3 2 4 2 2 0 2 5 1 7 2 4
2 0 9 1 3 9 3 1 5 1 0 0 1 3 8
5 8 10 2 5 3 8 6 3 21 6 2 5 7 1
3 4 1 4 3 6 4 0 1 4 1 0 3 0 1
9 1 6 4 3 4 2 1 5 3 1 1 1 6 6
2 1 1 1 10 6 8 6 3 3 1 5 3 1 7
4 4 8 3 1 2 5 6 3 1 0 4 0 4 4
1 1 0 2 2 3 4 3 1 1 6 4 3 5 3
2 5 0 5 1 2 0 2 3 2 2 4 3 3 2
5 15 3 3 8 2 2 9 16 0 4 6 10 4 7
13 5 5 5 6 2 5 5 11 1 3 2 6 26 0
0 0 6 5 2 3 2 0 0 2 8 2 2 2 0
11 1 5 7 7 6 11 11 4 5 2 0 0 10 12
15 5 4 10 16 6 4 1 3 5 2 5 7 3 5
0 2 6 2 3 0 3 9 1 7 4 7 9 4 2
4 5 7 14 0 0 14 1 2 5 3 3 3 6 10
7 5 15 1 1 3 5 17 3 5 9 1 10 4 6
2 6 6 5 0 3 2 3 6 3 12 1 1 2 5
1 3 4 2 1 3 5 0 7 4 5 3 5 2 3
8 15 5 9 7 12 3 6 12 7 2 8 5 6 13
8 20 1 1 2 10 5 8 1 8 7 9 9 3 9
11 2 12 13 3 10 6 7 19 4 7 5 10 9 3
10 1 8 17 6 3 3 5 12 2 12 16 1 1 14
8 12 6 9 10 5 0 12 2 11 4 11 4 7 3
18 3 0 7 1 6 4 17 1 8 8 7 3 13 23
7 3 4 12 6 9 5 5 5 2 8 2 5 4 5
3 1 5 1 2 4 8 13 10 4 4 6 5 9 8
5 17 25 4 1 3 0 2 11 7 6 1 0 4 3
1 4 5 1 21 2 10 5 1 8 5 22 10 10 5
7 15 9 10 8 7 4 7 10 2 7 6 12 10 8
1 2 4 0 5 0 1 3 1 7 2 8 2 6 6
2 6 5 10 22 0 6 6 8 5 5 0 4 4 7
2 6 1 11 1 0 0 5 3 1 3 3 1 2 2
2 1 1 5 6 8 9 0 4 2 12 14 7 0 0
6 3 1 1 8 5 4 10 13 9 1 8 0 11 2
3 2 1 5 2 1 3 6 3 7 1 2 2 4 7
2 2 4 7 11 1 2 5 3 0 1 1 4 2 4
3 1 4 3 6 4 6 0 5 3 0 1 0 4 1
8 9 2 1 1 3 18 9 11 13 6 7 9 15 10
2 7 5 2 1 7 2 6 0 10 5 5 1 5 2
6 4 15 0 2 10 6 2 11 2 9 1 0 6 2
12 7 2 3 4 1 6 4 3 10 3 5 0 8 12
11 3 9 12 7 4 13 5 2 1 11 13 8 2 9
6 7 16 3 6 1 17 12 12 10 5 3 14 16 3
1 5 3 0 0 3 0 2 1 1 4 7 3 2 2
2 3 1 4 7 1 0 0 1 5 1 3 1 4 2
4 3 3 2 7 5 2 5 6 5 3 1 5 1 0
5 1 1 1 2 9 4 2 7 2 6 3 1 4 8
1 5 4 2 4 4 3 2 2 2 4 4 1 0 5
12 7 1 11 4 3 15 5 10 8 10 5 2 8 23
7 5 2 16 11 11 5 1 10 10 7 6 7 11 2
4 16 4 0 3 11 6 10 16 12 6 2 5 7 7
8 13 6 6 1 3 4 11 3 2 12 10 2 7 5
1 7 4 8 6 9 4 4 0 2 7 1 21 7 5
8 6 4 9 5 3 5 1 4 6 12 7 8 2 8
15 11 1 14 3 10 7 4 8 4 5 12 4 5 9
1 1 4 7 4 0 3 0 2 3 2 3 3 2 1
1 9 1 4 6 1 6 11 5 0 9 5 1 2 8
6 12 4 7 4 1 7 5 12 10 4 19 0 10 17
5 7 14 7 3 12 16 7 6 1 17 0 0 15 16
2 1 1 6 3 6 5 0 2 9 1 0 2 3 0
7 1 1 6 11 12 2 5 3 5 3 2 1 10 7
17 6 0 10 1 6 8 3 3 2 6 10 3 1 2
10 4 8 0 6 5 1 6 3 10 1 7 1 2 0
1 5 5 2 2 5 0 1 0 1 1 4 3 1 1
5 1 4 1 5 11 4 8 4 1 3 4 3 4 7
3 5 7 7 1 5 5 7 2 19 1 11 5 6 3
1 4 3 0 2 2 6 0 2 1 3 0 5 1 1
15 13 5 4 7 6 3 3 2 7 5 2 3 1 5
2 2 10 5 1 11 3 5 5 16 1 9 7 6 5
2 3 4 5 1 3 2 10 4 5 2 3 0 5 2
0 1 3 1 0 1 2 3 3 2 4 4 3 1 9
1 7 9 2 3 2 14 4 7 0 4 0 2 5 2
21 6 1 5 5 13 0 5 12 8 17 12 12 2 4
2 8 2 0 0 3 5 1 4 0 0 1 4 2 3
1 6 2 2 6 5 4 12 3 9 6 12 10 1 5
5 2 4 1 11 1 4 3 18 2 1 2 1 13 15
14 3 3 10 8 4 3 7 3 6 5 6 5 3 3
6 2 7 2 5 8 0 5 0 18 13 15 19 5 4
2 0 5 7 7 6 11 6 16 14 9 4 8 0 5
3 3 3 4 9 2 1 5 3 2 4 2 3 0 3
5 7 5 3 4 1 7 1 5 6 4 1 1 0 3
1 3 3 8 3 2 6 7 2 9 2 4 4 3 3
7 6 4 3 6 8 8 1 3 3 1 3 6 9 0
2 1 3 10 3 7 10 7 1 1 2 4 0 11 7
6 7 6 5 18 18 6 4 5 2 3 10 9 1 13
4 8 0 7 2 5 1 0 6 2 10 1 4 1 5
9 1 6 9 21 5 3 10 10 4 12 8 4 5 5
0 9 1 8 4 4 3 6 3 7 8 4 5 1 6
7 7 10 9 17 8 8 5 2 7 4 19 15 2 5
1 2 2 1 3 6 2 5 4 2 1 2 1 1 1
10 7 7 1 11 1 4 1 4 3 6 2 6 10 3
1 7 9 7 10 7 11 6 1 1 1 1 6 0 3
0 1 5 0 0 15 4 20 2 6 7 2 12 15 4
6 1 4 5 1 5 3 3 4 6 9 2 0 2 10
1 3 6 16 10 4 8 2 5 6 5 2 14 6 1
2 2 3 3 1 16 3 9 1 22 4 10 0 2 1
7 2 11 3 9 10 0 4 5 2 5 3 23 10 2
4 10 4 13 3 16 11 3 1 11 5 7 2 9 11
1 1 4 5 3 1 3 4 3 0 1 1 4 1 1
0 2 1 2 6 6 10 3 7 6 0 0 5 3 2
4 0 0 1 4 3 4 3 6 1 2 2 5 2 1
4 8 5 1 6 3 6 7 3 9 8 3 4 1 6
1 4 11 10 15 7 2 3 4 1 3 2 1 4 0
13 11 3 4 3 0 1 3 1 4 7 12 11 0 3
3 2 8 12 0 16 10 2 6 0 2 2 3 11 14
9 0 8 7 4 8 3 4 11 12 4 1 5 8 3
8 1 5 6 5 8 1 9 3 5 1 2 5 8 1
0 7 4 7 3 7 1 1 1 9 2 8 2 2 2
4 0 6 9 10 1 5 7 9 7 2 1 3 13 6
5 12 5 2 7 1 0 0 8 5 0 2 2 5 4
3 3 1 1 2 1 4 8 3 11 1 8 6 3 2
1 4 4 5 9 3 2 15 12 9 15 7 4 6 0
10 7 2 2 9 2 7 5 2 11 9 5 1 2 2
0 0 0 2 5 1 3 5 3 4 1 2 4 1 7
1 10 2 1 4 7 3 13 4 6 12 5 3 10 8
3 4 2 3 8 8 1 1 0 2 1 5 5 2 0
1 1 0 3 2 1 2 7 6 1 0 2 3 1 0
1 2 8 7 2 0 1 4 4 6 12 3 5 1 1
13 9 5 3 4 4 0 1 5 10 6 5 7 8 1
4 17 8 6 11 17 0 4 2 8 1 5 17 1 1
2 2 3 4 2 7 7 4 7 2 1 3 4 12 4
7 7 6 11 4 5 4 0 5 6 3 4 1 13 2
1 2 7 3 2 4 0 1 3 10 3 2 3 6 7
0 13 5 0 13 4 13 12 1 6 8 12 2 4 2
2 4 6 6 12 3 24 7 1 8 1 2 7 3 22
3 3 2 1 4 8 0 1 8 3 4 5 4 0 3
12 4 4 6 8 1 1 0 1 2 2 0 3 0 1
1 7 2 0 1 8 6 9 0 2 0 3 5 7 3
5 0 12 3 7 3 4 2 2 0 7 1 2 1 5
13 4 4 14 4 9 4 11 2 17 7 6 8 1 11
0 5 5 9 5 6 4 5 6 3 3 1 0 9 2
7 12 13 14 6 4 9 1 10 1 0 4 19 12 3
0 1 0 3 6 0 0 1 5 5 4 4 4 1 1
13 5 8 7 9 6 14 6 10 22 3 4 8 1 3
0 4 0 2 0 11 1 0 1 6 1 9 1 5 1
0 2 1 13 3 17 9 17 8 13 5 5 11 11 8
3 9 1 7 11 2 1 6 8 8 5 5 19 1 9
5 1 2 6 11 5 0 6 7 6 4 1 14 1 9
20 6 2 4 10 5 13 2 3 5 1 9 8 2 1
1 2 7 0 5 8 0 3 9 0 5 13 4 6 6
6 1 3 2 7 16 9 10 8 0 6 7 0 4 5
7 6 6 1 1 9 2 5 3 1 2 0 9 13 2
7 15 5 2 6 4 6 17 9 0 19 1 6 3 7
15 2 2 0 4 3 1 5 3 2 5 1 22 8 8
2 17 9 7 5 16 3 4 8 19 2 15 10 5 3
4 3 3 4 2 4 1 1 4 0 5 1 8 3 4
7 3 1 4 12 1 4 7 6 3 7 11 3 3 2
2 10 3 4 6 5 4 1 0 2 2 7 13 13 5
5 3 9 1 16 2 9 0 3 1 2 3 5 2 12
13 8 0 5 1 17 14 6 9 6 4 3 1 8 10
8 2 18 1 2 15 4 13 3 4 3 2 3 11 10
4 0 1 0 2 1 6 8 1 7 1 5 3 4 3
6 6 10 5 0 7 1 7 5 1 21 15 4 11 2
17 4 0 7 3 3 7 8 8 14 6 2 12 2 4
4 6 6 8 8 12 1 10 3 1 8 13 6 4 3
1 3 1 5 3 7 3 1 1 3 6 2 1 5 9
2 2 9 9 16 0 13 4 3 8 18 1 2 11 8
13 1 6 8 16 4 6 3 3 1 1 5 10 9 5
1 1 2 5 2 1 5 4 5 5 0 4 2 8 2
12 4 4 19 1 8 8 0 3 1 19 8 2 3 6
6 7 7 2 14 8 8 15 2 5 7 10 8 5 9
3 5 0 2 8 2 0 5 9 9 7 4 5 5 3
5 2 7 2 2 0 7 2 7 7 12 5 2 4 3
5 9 9 7 1 12 5 1 7 3 3 6 12 10 6
3 12 7 4 6 6 8 22 10 6 17 8 6 4 6
4 8 7 14 7 3 18 15 13 4 5 8 8 4 1
4 7 3 9 0 6 3 5 2 1 5 3 3 8 2
5 4 0 13 11 4 7 3 14 3 3 7 3 3 3
1 3 1 2 4 1 2 4 1 0 3 7 0 1 1
4 6 13 2 7 4 6 7 10 15 1 1 5 5 10
5 2 2 4 4 3 2 0 2 2 2 4 0 6 2
2 2 3 2 2 5 1 2 1 4 1 4 4 2 3
17 11 1 4 7 1 5 6 12 5 4 8 1 0 6
1 3 1 3 4 2 1 2 3 3 5 2 7 1 2
5 3 1 6 7 16 3 9 11 2 1 4 2 3 5
6 7 8 5 10 9 1 6 12 8 0 2 8 8 9
1 2 3 8 10 4 6 7 1 4 10 4 9 5 1
5 5 3 0 3 1 1 4 0 4 2 5 1 0 1
13 8 6 7 8 15 1 10 4 17 10 7 4 3 16
2 3 2 4 8 1 2 12 11 2 1 10 15 2 14
5 10 10 9 8 2 6 1 6 1 4 6 3 6 6
10 2 2 3 14 8 10 2 12 4 6 3 5 8 1
10 2 1 1 3 5 3 2 6 6 6 4 0 2 8
16 5 5 4 2 17 5 2 9 12 3 14 14 2 1
0 2 2 5 2 7 5 2 6 9 12 12 2 22 20
13 2 16 6 1 11 10 7 7 5 6 3 2 5 15
5 21 4 12 5 1 12 10 10 6 0 19 7 3 3
3 6 6 1 6 16 3 7 6 1 4 8 11 5 3
5 11 14 3 3 5 13 3 6 7 8 7 4 2 0
3 0 1 2 8 5 27 6 3 8 2 1 7 12 12
4 3 15 1 7 14 4 19 4 6 17 2 2 15 2
0 8 4 10 4 7 16 1 5 5 6 7 10 5 3
7 12 10 6 5 4 8 1 1 2 8 9 0 7 14
0 6 7 3 4 5 5 1 1 5 4 6 7 0 0
1 3 4 4 1 2 0 2 4 4 6 4 4 2 4
2 1 4 13 3 2 3 1 5 5 7 8 4 6 5
5 0 3 2 3 1 1 4 1 7 0 1 1 6 0
5 5 17 16 7 2 4 10 8 0 15 11 5 3 0
15 0 3 7 0 2 1 0 2 11 11 13 6 1 6
0 9 5 4 5 8 2 6 1 8 4 10 5 2 8
3 5 2 14 8 2 6 1 15 3 0 3 7 4 3
6 0 4 3 0 3 1 4 1 2 1 4 2 2 2
13 6 9 8 3 8 2 4 4 8 7 4 4 8 2
1 3 7 5 7 3 0 0 1 1 9 0 2 3 8
0 10 6 1 9 11 4 4 2 5 7 2 10 10 3
1 4 11 6 1 5 9 4 0 3 14 1 3 11 2
3 3 21 7 1 15 10 1 15 13 1 4 7 11 10
4 0 2 6 9 1 6 1 6 10 9 0 7 1 0
7 22 9 0 16 7 3 7 4 8 3 2 9 17 3
12 0 8 5 10 10 3 5 7 8 10 9 0 4 6
11 3 15 5 13 16 1 2 5 9 5 11 6 5 3
3 3 0 2 11 14 7 4 8 1 2 1 2 4 3
7 2 1 2 5 2 7 0 3 4 0 4 3 9 0
11 1 10 1 11 11 3 2 2 1 4 8 7 4 12
1 4 4 5 7 15 6 6 0 5 13 17 13 2 13
3 6 7 9 15 2 3 4 4 6 9 2 14 2 2
5 10 7 10 3 5 2 13 2 12 3 8 5 11 4
0 2 5 2 1 1 1 2 3 5 1 2 2 4 4
8 0 14 1 12 12 8 12 13 1 7 11 2 5 6
8 1 8 13 17 9 5 11 12 7 19 2 4 1 12
8 7 6 6 12 9 1 4 4 2 3 7 5 0 7
4 5 6 6 6 17 2 21 20 0 4 1 10 1 4
8 8 2 9 0 9 5 7 5 10 3 4 2 14 11
3 3 4 3 5 5 3 2 4 0 3 6 5 5 2
5 5 9 1 14 19 5 6 3 3 3 2 5 10 7
9 1 0 5 6 3 0 4 2 0 5 1 2 3 1
4 17 3 11 6 6 14 4 2 14 3 19 14 0 8
2 12 8 4 3 6 4 8 1 6 0 1 1 6 3
2 5 7 3 0 5 2 1 3 3 1 10 7 4 2
15 5 0 11 0 15 1 3 2 4 6 0 1 20 12
3 3 4 0 2 1 0 3 4 1 4 7 3 3 3
2 1 8 11 1 3 8 7 5 9 5 6 8 6 0
12 12 10 7 8 1 2 10 1 0 5 2 8 1 6
5 7 5 10 12 8 4 5 5 3 4 4 11 6 11
0 8 4 4 2 2 6 4 0 2 1 7 6 2 14
1 5 7 0 7 5 1 0 5 9 6 7 1 1 2
9 11 9 4 2 3 7 1 15 12 20 14 1 10 5
1 0 9 7 6 8 3 4 1 12 0 1 10 7 5
6 4 6 2 3 1 2 0 12 6 2 0 3 0 5
9 18 6 9 0 5 6 6 2 5 2 3 1 2 5
4 7 12 2 9 9 1 0 2 13 9 2 15 10 11
2 1 4 2 4 2 6 3 5 2 3 4 0 1 0
2 10 4 3 7 3 15 2 5 8 17 9 3 17 4
2 3 4 1 3 1 0 3 1 2 4 0 2 8 4
6 4 5 5 9 8 2 11 2 5 2 8 7 2 7
9 17 2 7 0 3 2 14 2 3 3 2 3 13 6
3 3 1 5 4 1 1 7 2 2 1 1 3 0 1
4 7 4 7 4 6 6 5 0 1 3 1 1 1 3
6 2 12 2 3 7 1 4 6 2 9 8 1 19 16
3 0 1 3 1 7 1 1 3 1 1 3 4 5 2
8 14 9 9 5 13 19 7 15 3 5 5 4 5 15
5 6 3 0 4 6 8 12 8 4 0 1 4 3 9
7 4 1 13 0 4 5 7 5 2 10 8 11 7 1
4 8 8 8 9 14 9 6 5 8 3 2 3 15 18
13 7 6 7 7 7 2 5 3 4 1 2 4 13 4
7 4 3 9 3 9 1 5 15 22 17 8 9 4 1
4 4 4 4 7 4 16 6 2 11 6 22 12 6 1
5 1 8 2 7 8 2 3 8 8 4 6 9 1 4
3 0 3 1 1 0 2 4 2 8 6 5 5 0 1
3 5 1 14 10 8 5 7 5 10 14 11 9 8 1
1 8 0 2 1 2 2 3 2 1 4 1 5 6 10
10 6 2 7 14 2 0 0 6 7 1 11 13 1 1
2 0 2 4 3 0 1 0 1 6 0 1 1 6 1
3 9 1 0 2 11 2 3 3 2 1 6 1 10 3
3 4 1 5 14 10 2 10 2 11 2 7 3 1 1
14 2 15 5 5 9 8 7 4 9 17 1 8 15 13
16 3 0 1 16 10 6 3 6 8 0 7 2 7 2
2 10 3 1 4 9 0 15 12 24 11 14 9 3 3
4 4 7 6 5 6 3 5 3 4 5 2 11 2 5
5 11 8 6 8 1 2 8 6 1 0 11 3 2 0
0 3 1 7 5 9 2 1 3 3 5 6 7 2 4
3 4 1 1 1 3 2 2 2 1 6 7 6 2 3
7 1 10 4 3 9 7 0 4 8 6 4 7 0 9
0 1 4 8 1 6 17 3 4 0 2 2 8 0 7
1 13 0 9 4 5 13 6 0 2 8 1 1 19 14
7 1 3 3 1 3 6 16 1 4 9 3 1 12 0
4 5 9 6 0 4 1 0 4 4 1 1 3 5 1
2 15 11 19 8 6 4 0 4 2 2 5 10 6 2
7 0 7 7 8 6 2 1 1 1 7 5 2 4 8
7 7 4 4 2 6 3 7 2 2 5 9 8 3 10
1 4 1 1 4 20 14 11 13 1 21 6 1 3 11
7 4 7 5 2 0 8 17 0 7 3 2 3 5 2
3 1 6 2 0 5 1 9 6 2 2 4 1 3 1
1 0 3 1 4 7 9 4 4 1 7 22 2 7 5
6 2 1 2 0 1 3 4 6 2 2 0 1 3 2
0 3 3 0 3 5 6 4 8 2 1 0 2 4 12
1 0 4 4 4 1 1 1 3 1 2 1 2 5 6
1 11 4 7 4 1 5 1 2 3 4 3 2 5 0
1 0 2 0 6 1 1 7 2 7 3 3 1 1 3
5 4 13 1 13 7 1 8 9 5 1 1 2 5 1
15 5 0 2 22 4 3 6 7 14 1 3 16 7 9
8 0 0 12 3 4 11 2 1 2 7 1 3 8 0
7 0 0 3 6 7 8 1 6 2 7 3 3 5 6
5 4 7 5 19 9 1 16 11 2 14 9 10 5 7
6 2 5 3 1 4 7 0 1 12 6 5 2 1 1
4 12 6 6 1 2 15 1 7 9 10 8 2 3 9
7 4 11 3 6 5 2 1 3 10 6 3 5 0 0
0 8 6 5 2 5 9 1 1 4 1 7 0 2 6
0 10 1 6 0 22 3 9 8 2 1 5 15 0 15
0 11 5 5 5 8 9 13 5 3 14 2 3 7 2
1 2 0 2 7 7 8 1 5 1 5 5 14 3 3
3 3 1 2 3 1 0 4 8 1 3 7 4 3 1
5 2 2 0 7 4 0 2 5 1 4 9 3 5 3
2 3 6 1 2 2 0 0 3 1 3 4 0 0 5
8 4 12 5 6 1 6 0 6 1 6 9 4 2 3
7 3 5 2 17 11 7 18 4 3 0 5 3 13 6
12 0 3 6 1 2 5 8 9 13 5 3 12 1 5
8 9 9 6 14 2 1 0 2 2 2 13 8 4 9
4 2 1 5 2 2 5 1 1 7 1 3 1 1 4
6 8 6 3 4 1 5 12 10 7 2 6 0 13 1
3 11 3 3 4 0 3 3 0 1 2 5 1 1 2
9 8 4 5 3 9 8 1 0 9 14 7 5 19 1
17 15 1 5 1 14 3 1 4 4 6 2 6 4 1
4 6 4 4 1 0 2 3 4 3 1 6 1 5 4
0 1 2 1 2 5 2 7 1 0 4 0 1 1 2
1 1 8 1 4 6 2 6 6 2 1 3 3 1 8
12 6 9 4 1 9 1 11 6 6 2 9 4 26 7
4 6 2 5 2 1 2 3 3 2 6 1 1 9 5
13 1 2 2 8 7 6 3 4 1 3 1 8 3 7
1 5 1 3 5 7 10 7 7 4 5 5 0 1 4
3 11 0 0 6 2 1 0 1 2 2 3 9 3 0
2 0 5 1 10 16 5 15 2 2 8 7 12 4 8
3 11 2 2 8 3 7 17 6 0 0 3 8 5 9
1 5 1 4 12 2 4 0 8 8 1 2 1 5 4
4 9 4 2 2 4 7 6 10 1 14 5 10 5 15
5 4 6 3 1 0 1 4 1 2 1 3 1 0 1
3 7 4 20 6 5 4 11 11 8 1 1 1 25 6
10 9 11 5 9 9 10 1 16 0 1 3 10 7 4
15 3 7 4 6 7 2 6 7 7 9 0 3 7 6
0 6 9 2 2 3 2 0 4 0 9 4 3 1 5
12 11 8 15 3 12 18 1 4 0 4 1 4 4 1
4 0 5 2 6 2 4 4 3 1 12 9 1 6 6
2 3 7 4 0 3 5 4 2 3 6 3 5 13 5
2 8 5 12 3 11 8 1 3 14 9 9 0 12 11
4 1 13 3 4 3 7 0 20 1 1 3 0 6 2
4 3 3 5 0 1 1 2 1 2 4 1 4 2 1
5 11 14 11 1 12 8 6 0 9 10 9 9 4 21
4 6 1 2 0 0 4 2 11 6 12 2 3 4 5
6 2 2 5 1 4 2 5 1 8 6 2 2 2 0
2 3 2 3 7 6 8 2 8 3 2 1 0 12 5
3 5 9 3 4 1 7 1 1 3 0 3 5 4 2
2 2 2 7 2 0 4 2 0 4 0 6 4 0 3
2 10 2 2 7 11 6 6 9 8 1 10 3 9 4
2 8 0 2 7 6 4 7 1 4 2 2 2 1 2
13 9 6 6 3 6 5 14 4 2 8 3 11 4 2
13 17 3 7 7 1 1 14 12 9 3 1 8 2 9
12 9 5 5 3 9 11 2 5 18 7 15 3 11 1
2 7 2 1 10 8 0 9 5 5 7 9 3 5 7
2 20 2 0 1 4 8 5 9 14 0 1 7 6 5
20 8 8 2 3 3 6 4 6 7 15 13 4 4 7
6 2 0 0 3 9 12 3 5 5 11 3 2 3 2
2 6 11 6 12 2 1 9 5 7 14 1 4 1 5
0 9 9 11 0 6 2 4 9 4 5 18 12 11 7
3 1 5 6 20 11 7 6 2 11 3 2 11 10 11
3 1 1 0 5 4 3 3 12 11 3 3 14 13 4
6 4 3 3 0 1 5 3 1 2 1 2 3 0 5
6 8 15 4 7 12 1 16 2 12 0 7 1 10 6
2 12 4 9 6 1 8 18 12 8 17 2 6 9 12
4 5 8 7 2 11 3 2 2 0 2 2 3 8 5
2 21
2 52
2 54
2 98
3 40
4 30
5 10
5 101
6 11
6 61
6 62
6 85
6 102
7 33
7 46
10 57
13 104
14 35
14 41
14 45
14 60
15 34
15 87
16 57
16 101
17 99
18 85
19 32
21 62
22 58
22 101
24 37
24 51
25 61
26 43
29 40
29 78
29 102
29 121
31 77
31 91
31 111
32 103
33 129
36 73
36 101
37 70
39 70
39 91
39 120
39 126
40 91
40 108
40 132
41 51
41 68
43 114
44 57
44 85
44 144
45 123
46 52
47 87
47 101
48 88
48 89
48 97
50 111
51 122
52 68
53 64
53 132
54 105
54 137
56 142
58 91
58 98
59 140
60 140
61 129
62 143
64 125
64 130
65 126
66 125
67 73
67 106
67 124
68 153
70 129
70 150
71 104
72 121
72 171
73 155
74 96
74 153
74 168
75 80
75 95
75 98
77 100
77 104
78 84
79 152
81 122
81 157
82 131
82 134
83 163
84 98
85 169
86 131
86 182
86 186
87 121
88 91
89 183
90 107
90 124
91 149
92 184
93 165
94 113
94 138
94 186
96 104
97 106
97 133
98 129
99 151
99 187
101 133
101 136
101 153
101 194
102 114
102 154
104 106
104 107
105 143
106 130
106 140
113 192
114 209
115 168
117 119
117 121
117 152
121 207
122 184
123 126
123 165
123 184
123 190
123 195
123 197
124 202
125 132
125 149
125 221
126 210
127 163
128 139
128 219
131 134
131 171
132 154
132 201
133 195
134 225
135 152
136 225
138 198
138 235
139 161
139 166
140 238
141 183
142 200
143 207
144 177
144 205
145 208
145 220
149 162
149 206
150 229
151 155
153 200
157 186
161 176
161 235
161 244
162 177
163 189
163 238
163 257
164 198
164 222
167 250
168 174
168 190
168 267
169 227
170 179
170 204
170 265
172 246
173 249
174 188
174 220
174 248
174 269
176 200
179 215
179 270
180 190
180 257
180 260
181 209
181 221
181 253
183 193
183 222
183 246
184 215
185 197
185 208
185 242
186 188
186 255
187 200
187 228
187 241
188 246
189 191
189 216
189 243
190 257
192 215
192 258
194 237
194 274
195 202
195 269
196 215
196 254
197 199
197 200
197 243
199 227
199 263
199 297
200 266
203 247
203 265
204 215
204 235
204 274
204 302
205 269
205 277
205 303
207 249
207 255
208 252
208 303
212 226
212 270
213 219
213 284
215 252
215 292
215 296
215 300
216 226
216 239
216 249
216 271
216 285
217 264
217 315
218 308
221 262
221 312
222 313
223 242
223 261
225 247
227 231
229 328
230 290
231 288
231 320
232 259
232 291
232 309
233 246
233 261
233 305
234 265
234 282
235 316
235 319
236 258
236 282
236 287
237 308
240 243
240 253
240 270
241 275
241 337
242 329
243 340
246 327
246 330
247 259
249 311
250 290
250 305
251 266
251 285
252 271
252 288
254 328
255 346
256 262
256 325
256 334
256 335
258 312
259 302
260 295
261 307
262 314
262 341
263 285
263 287
263 300
263 350
265 342
266 280
267 329
269 353
274 323
275 327
275 331
275 356
276 280
276 300
279 377
280 353
282 327
282 334
283 302
283 355
284 321
284 346
285 346
286 294
286 325
288 336
289 345
289 380
290 297
290 312
290 390
291 360
291 374
292 302
292 303
293 391
294 391
295 360
296 341
296 382
297 303
297 336
297 351
297 360
297 376
297 393
298 306
299 303
299 317
301 308
302 326
302 388
305 392
306 366
306 388
307 314
308 349
311 315
311 368
312 385
313 387
314 318
315 316
315 350
315 351
316 319
317 369
318 366
319 347
319 379
320 379
320 419
321 323
321 368
321 392
321 399
323 366
325 331
325 356
325 384
326 361
326 386
326 404
327 383
328 386
328 417
329 384
331 422
333 358
335 352
335 427
336 371
336 391
337 347
338 374
338 386
339 350
339 428
341 357
341 427
342 362
342 378
343 422
343 423
344 377
345 384
346 412
347 352
347 395
348 372
350 388
350 394
350 401
351 352
352 419
357 395
357 401
357 439
358 430
359 362
359 369
359 399
359 404
360 364
362 372
363 435
365 374
365 448
366 449
366 457
367 434
368 386
368 389
368 408
368 447
370 453
371 463
371 471
374 413
375 385
375 434
375 450
375 465
376 418
377 394
378 384
379 380
380 414
380 447
380 459
381 422
381 473
381 478
382 389
383 467
384 399
384 409
384 415
385 439
387 462
388 395
388 440
388 481
389 398
389 399
389 466
391 407
391 421
393 409
393 480
394 401
394 408
394 417
394 427
395 439
395 444
396 479
397 419
397 423
397 441
398 429
398 466
398 483
399 460
399 484
400 443
403 420
403 493
404 454
404 471
405 502
406 438
406 440
406 492
408 504
409 456
409 469
414 436
415 471
416 437
416 457
416 498
417 488
418 445
419 471
419 502
420 489
421 512
423 523
424 518
425 472
425 499
426 439
428 496
428 525
429 449
430 438
430 489
431 480
434 528
435 490
435 505
435 508
436 463
437 451
437 460
438 480
438 483
438 489
438 530
440 448
440 487
441 473
442 515
444 465
444 523
444 531
445 472
447 488
447 495
447 532
448 450
448 525
449 508
450 534
451 468
451 474
452 474
453 536
454 462
454 524
455 539
459 524
460 490
462 529
462 533
462 539
464 531
464 563
465 519
465 528
466 545
466 566
467 482
468 482
469 507
469 537
469 547
470 545
470 559
471 493
472 533
474 517
474 519
474 550
475 501
475 568
476 531
477 515
478 545
478 556
479 519
479 522
479 553
480 483
480 502
480 542
481 567
482 495
483 513
483 533
486 499
486 567
488 526
489 526
490 534
492 528
492 555
493 520
493 574
494 564
494 574
496 566
497 523
499 505
500 520
500 568
501 548
502 590
503 512
503 577
505 512
506 536
506 593
507 572
507 578
508 537
508 546
508 607
509 605
509 606
511 538
511 559
513 564
513 574
516 526
517 522
517 560
518 586
520 596
521 596
522 605
524 608
525 574
526 542
528 614
528 617
529 615
530 547
532 630
533 536
533 604
534 537
535 543
537 560
539 615
539 634
540 640
541 543
541 555
541 559
542 598
544 546
544 548
546 618
546 635
546 646
547 581
547 582
547 634
547 646
549 568
549 581
550 586
551 581
551 615
552 601
552 630
556 589
557 629
558 606
558 618
559 618
562 652
563 632
567 625
568 649
568 657
569 616
569 665
570 637
572 629
572 668
573 639
573 667
573 668
574 646
575 628
576 653
579 618
579 662
580 646
581 636
582 645
582 646
582 672
584 645
584 674
585 618
586 602
586 619
586 640
588 596
588 662
588 678
589 663
591 687
594 599
594 654
597 692
597 693
598 647
598 666
599 662
600 604
600 634
600 639
600 669
601 624
601 635
601 662
602 611
602 659
602 678
603 620
603 641
604 687
605 612
608 668
609 644
609 664
609 673
610 667
610 677
611 612
611 663
612 632
613 672
613 676
613 678
615 645
615 705
617 620
617 693
618 680
621 646
621 651
623 706
623 714
624 625
625 686
626 635
628 636
628 680
628 698
629 640
630 646
630 655
631 645
632 659
632 677
634 724
635 679
635 727
636 648
638 703
639 725
644 724
645 652
645 667
645 676
645 703
646 656
646 673
647 699
648 678
648 687
648 728
648 729
649 732
651 713
653 660
653 696
655 682
656 657
656 683
657 690
658 721
659 756
659 759
661 673
663 694
664 754
666 708
667 718
667 719
668 680
668 703
671 732
673 705
673 770
674 731
675 692
675 710
675 774
676 723
678 689
678 737
679 722
680 779
681 761
682 753
683 705
684 706
684 716
686 770
686 778
689 692
690 695
690 752
690 763
691 733
691 736
693 708
693 749
694 706
694 736
696 751
696 777
697 707
698 770
699 709
700 773
700 800
701 786
703 764
705 709
705 751
707 714
707 807
709 722
709 734
709 763
710 767
711 791
712 786
713 734
713 746
713 811
716 720
716 724
716 730
716 802
717 730
717 797
718 749
718 761
719 784
720 757
720 759
720 802
721 765
721 800
722 793
723 736
724 745
724 781
726 751
726 775
727 768
728 781
728 801
729 808
730 826
731 733
733 822
735 799
735 822
736 747
737 822
739 742
740 834
742 745
742 761
742 802
743 839
744 755
744 783
745 761
745 790
746 777
746 820
748 756
748 815
749 752
749 773
750 793
751 850
752 762
752 824
752 834
753 799
753 819
754 808
754 822
755 825
757 759
757 776
757 800
757 843
758 768
758 851
760 846
761 796
761 809
761 812
761 843
762 808
762 811
764 852
765 818
765 856
768 804
768 860
769 777
769 789
769 814
770 829
771 870
772 847
775 800
777 800
777 803
777 866
779 858
780 830
782 864
783 801
785 812
785 860
788 792
790 807
790 878
791 798
791 819
791 833
791 836
792 829
792 877
793 854
794 819
794 837
797 830
798 819
798 892
799 800
801 829
802 859
802 868
803 806
804 810
804 851
804 864
806 872
807 853
808 897
809 854
810 833
810 848
810 872
810 892
811 836
811 845
812 881
813 839
813 862
813 881
814 819
814 835
815 833
815 835
816 832
816 877
817 839
818 829
818 834
818 850
818 877
819 877
819 905
821 899
822 899
822 904
824 879
825 906
825 907
826 862
827 847
830 899
831 854
831 879
831 904
831 915
832 910
833 924
834 899
835 874
835 898
836 920
837 922
838 909
839 846
839 868
840 869
840 905
841 915
842 843
842 891
842 929
844 884
844 933
844 944
846 931
846 935
847 854
849 899
849 901
849 908
850 894
852 907
853 887
853 928
854 889
854 922
855 953
857 933
858 918
859 866
859 914
860 944
861 904
862 938
863 899
864 950
866 897
867 946
867 957
868 958
869 870
870 897
871 918
871 938
872 890
872 898
873 924
873 947
874 939
874 959
875 879
875 913
877 889
877 956
878 894
878 907
883 961
883 974
886 935
886 986
887 910
888 902
889 905
889 948
891 951
892 895
892 902
893 901
893 953
893 992
896 932
898 974
899 980
901 992
902 931
902 937
903 997
904 975
905 908
905 945
906 934
906 972
907 950
908 944
908 978
912 916
916 941
917 990
918 980
919 981
920 953
921 993
925 983
930 942
930 997
933 970
935 946
935 986
935 996
936 951
942 971
943 980
946 948
946 976
947 989
948 977
950 986
952 977
959 971
961 992
961 1000
968 1000
972 989
973 975
975 990
977 998
981 989
998 999
7 0 3 14 6 4 2 6 8 12 7 7 2 6 3
19 5 4 6 22 3 3 11 7 0 9 9 8 11 1
7 11 7 6 5 5 11 1 6 9 11 7 3 28 8
6 0 2 10 14 3 6 13 4 8 3 7 5 13 7
4 13 3 5 4 5 9 21 13 10 13 6 15 1 8
2 9 0 12 1 4 9 20 1 12 8 8 6 4 2
20 6 5 3 10 17 2 6 8 9 12 6 4 0 0
9 2 5 9 9 12 5 13 14 6 8 3 2 14 7
7 6 1 7 15 3 6 9 8 12 9 5 14 3 1
8 4 17 0 9 4 7 7 2 2 0 11 1 4 6
3 14 4 10 26 2 2 5 3 18 14 6 8 9 8
2 6 7 15 6 1 2 9 1 1 1 5 2 8 5
5 18 33 10 1 13 4 9 8 30 3 9 14 18 1
4 9 18 0 4 26 26 19 5 7 14 4 18 13 1
14 17 8 3 3 3 1 11 6 2 9 16 15 3 1
11 17 0 1 14 10 22 16 9 26 2 0 13 0 2
15 5 14 9 4 10 24 3 1 17 15 21 13 25 13
6 1 5 4 13 2 15 6 9 2 7 19 1 10 11
4 4 20 16 19 27 8 10 20 15 6 9 24 13 11
12 1 7 2 0 16 11 1 28 3 7 3 18 17 15
33 31 22 30 22 39 24 15 35 37 29 42 14 22 35 37 15 22 1 13
6 10 4 9 8 18 11 2 11 15 8 14 6 9 9 19 7 5 1 8
20 16 14 10 6 12 22 12 14 19 21 27 13 14 18 18 9 17 3 32
9 13 1 9 5 14 7 3 6 15 11 22 1 4 11 12 3 11 1 9
7 8 7 6 5 11 10 4 6 9 1 7 9 8 8 12 7 6 1 13
53 40 27 52 41 56 50 41 52 54 41 58 45 44 37 64 8 29 33 42
5 7 3 7 5 11 7 5 8 8 5 11 5 8 5 17 5 6 1 11
22 19 17 20 9 31 22 15 17 29 15 34 16 19 21 27 14 16 1 19
18 9 13 9 3 10 16 11 9 15 10 17 5 8 8 17 6 14 1 16
55 49 46 53 47 56 57 55 43 68 40 77 44 47 57 41 19 33 27 60
22 25 11 27 7 22 17 17 20 30 14 31 7 11 12 18 18 27 11 26
11 6 9 7 16 20 16 8 10 24 2 18 9 17 19 25 11 11 1 28
6 6 7 8 5 6 6 2 5 16 4 10 3 8 6 16 4 9 1 13
13 18 6 9 6 11 16 15 10 17 11 27 7 14 14 17 2 10 2 17
7 6 4 7 7 9 9 6 5 8 6 9 6 8 6 13 1 7 5 9
38 42 32 40 9 28 40 28 29 55 29 53 27 29 39 25 34 41 12 43
35 18 24 15 23 27 33 20 15 40 11 35 23 21 35 25 23 25 7 39
18 13 12 11 5 14 18 6 11 14 12 18 13 8 13 17 12 11 1 17
42 31 32 31 24 35 49 28 29 59 37 49 23 18 39 35 23 39 12 39
55 50 31 45 48 61 45 35 50 60 30 72 31 40 67 49 13 43 16 42
17 9 4 13 24 28 20 1 21 28 18 27 6 14 22 28 1 16 6 6
54 44 38 37 28 47 49 28 41 65 40 69 49 26 64 35 34 34 19 46
6 10 11 10 13 11 12 4 8 21 6 14 14 17 19 24 8 13 1 22
10 7 9 10 5 8 8 6 6 11 8 10 4 6 5 13 8 12 4 16
57 36 33 44 41 54 40 28 50 58 39 62 29 27 42 52 29 50 23 48
1 3 1 1 1 10 5 1 1 5 2 6 5 4 5 4 4 1 1 4
54 46 31 43 37 54 54 47 47 55 26 57 29 41 43 49 23 43 21 42
3 2 3 7 6 8 12 2 5 18 1 10 8 9 8 24 3 5 2 13
53 50 37 50 28 50 46 34 42 58 36 59 19 28 43 41 24 51 13 37
24 18 17 28 26 34 11 9 22 25 23 33 19 12 22 30 10 21 9 17
2 2 2 2 2 7 4 3 1 10 1 8 2 7 6 13 4 7 1 18
38 20 34 30 40 39 34 36 29 44 28 47 31 44 26 37 21 30 22 49
47 45 44 28 33 40 41 30 36 52 38 63 35 38 55 38 24 39 7 45
36 32 11 30 18 38 34 25 30 49 13 47 22 24 30 33 17 29 17 28
11 9 4 6 2 8 8 4 7 8 3 7 1 4 6 12 1 8 1 7
1 2 2 3 6 10 4 1 3 5 5 10 2 7 1 10 1 3 3 4
54 43 51 45 60 70 49 38 52 58 42 68 36 53 59 55 26 46 9 52
9 13 15 14 6 16 15 12 7 29 12 31 8 18 15 21 12 14 1 27
52 47 39 40 40 43 57 45 46 52 40 63 19 32 52 28 18 42 22 51
57 44 40 49 48 67 47 38 49 65 39 72 32 46 54 53 36 48 15 53
21 16 24 16 23 25 21 19 11 37 7 30 26 30 30 24 20 25 7 38
27 17 12 21 12 24 23 13 17 38 8 33 15 13 24 26 20 25 12 38
8 9 3 4 5 11 10 2 7 9 4 14 11 6 14 15 2 6 1 8
9 4 7 8 1 11 6 6 3 15 5 15 3 9 6 9 7 7 1 7
52 35 26 47 45 50 51 37 50 38 45 54 17 24 34 58 18 43 21 47
6 7 4 11 8 13 6 5 11 15 9 16 4 7 7 22 6 6 1 7
62 51 41 51 48 60 52 46 54 62 44 74 47 50 60 48 29 53 34 51
20 16 8 21 14 18 23 12 23 26 7 23 12 19 18 39 1 14 4 21
54 48 36 54 41 43 51 48 46 54 44 67 32 22 46 37 13 49 29 56
6 6 3 3 1 8 5 3 4 1 1 2 7 6 8 9 2 3 1 13
7 2 4 5 4 8 7 4 4 8 2 9 3 2 4 12 2 6 1 8
45 28 20 33 33 53 33 19 34 48 24 57 41 30 49 38 16 26 11 27
53 42 31 48 23 57 39 34 29 52 35 66 39 29 36 36 22 40 15 24
27 31 14 18 16 30 27 15 25 28 20 37 23 16 36 24 7 20 4 12
39 33 18 40 26 39 19 28 28 37 31 58 28 22 30 29 15 31 18 38
70 50 45 57 50 75 60 39 61 71 60 75 42 44 55 53 31 60 31 36
17 11 7 18 8 10 13 13 12 23 2 17 5 3 6 17 7 17 7 16
39 41 24 41 14 28 45 41 22 54 25 60 17 27 32 33 15 42 7 31
22 22 9 12 21 27 29 7 27 24 17 22 12 15 33 34 5 14 1 18
17 11 7 15 10 13 18 15 16 14 12 18 8 18 10 27 1 10 6 19
33 21 16 18 19 34 32 18 21 36 5 32 16 21 30 25 12 24 3 29
38 41 31 39 18 35 43 37 33 54 32 55 30 24 39 40 12 35 14 37
3 2 1 3 1 3 1 1 1 6 2 8 1 2 3 3 1 5 1 8
12 6 3 12 6 14 6 9 9 14 9 14 2 7 4 16 4 12 3 9
37 34 18 38 10 35 26 15 30 43 24 46 27 19 35 36 14 28 11 19
49 37 21 38 33 46 45 27 42 34 29 45 22 16 45 55 15 35 11 40
4 3 1 1 1 5 4 1 1 4 6 10 1 2 4 4 1 1 1 1
12 9 12 14 12 17 8 2 12 18 15 19 2 3 14 13 10 12 1 10
14 8 1 10 11 21 13 6 11 18 5 16 4 6 9 16 2 12 2 9
11 7 6 2 12 4 19 3 9 22 2 10 1 8 18 17 1 14 1 14
3 3 2 4 4 13 2 1 2 7 6 14 8 6 5 8 1 1 2 7
8 3 4 6 2 9 4 5 2 11 1 9 2 2 2 9 2 9 1 10
4 4 7 3 1 6 3 4 1 15 1 14 5 3 3 10 2 7 1 10
34 15 19 17 24 35 28 18 16 28 14 33 13 11 27 21 11 23 1 21
15 15 9 14 8 17 14 2 13 22 11 19 2 13 19 19 6 15 1 11
14 14 5 11 9 15 15 6 14 8 9 10 6 9 10 20 1 7 1 8
5 5 1 6 1 8 5 3 1 14 7 17 4 4 5 6 7 4 1 3
63 53 45 55 48 55 63 52 53 70 54 78 33 36 55 33 22 51 34 52
20 14 4 11 17 23 26 8 22 20 14 18 17 7 25 28 1 2 2 12
16 16 8 10 5 4 12 13 5 20 9 21 6 6 16 11 7 16 4 19
7 1 3 6 6 11 10 1 7 9 4 5 1 3 7 16 6 1 1 9
17 32 16 21 20 25 21 9 26 32 18 30 13 22 30 31 3 26 1 20
15 6 10 11 17 22 11 7 15 14 7 13 9 11 16 23 9 10 1 20
18 15 2 19 2 7 13 13 10 18 11 21 14 1 14 9 3 10 7 16
23 15 9 17 11 23 22 14 13 31 14 28 1 3 18 17 5 24 1 9
25 16 11 26 12 26 19 19 17 25 10 32 10 1 16 31 1 26 4 19
27 17 22 22 17 35 26 14 19 33 15 31 25 24 27 27 30 16 8 31
15 13 8 13 16 23 14 7 11 15 17 24 15 16 19 23 7 11 5 18
27 29 14 23 21 35 18 12 21 31 20 45 22 24 35 31 8 24 2 28
5 6 1 1 1 8 9 1 6 5 1 4 4 7 6 11 1 1 1 2
11 17 14 13 10 7 15 15 6 32 4 21 10 18 21 17 6 27 3 30
13 18 8 14 10 22 17 11 13 26 10 24 10 16 19 18 14 16 9 24
35 40 15 33 15 31 30 21 29 45 20 45 13 24 30 22 18 36 13 33
9 7 6 5 9 23 15 1 11 16 5 17 12 12 16 20 10 1 1 12
10 8 2 5 8 14 15 5 12 16 3 11 3 7 10 22 2 7 1 3
62 46 40 59 47 62 44 51 46 60 46 77 48 38 54 44 17 54 30 47
15 15 6 9 6 21 18 7 15 17 8 23 12 9 18 17 4 12 1 8
26 14 10 17 16 26 26 14 23 30 9 22 8 9 16 24 16 21 10 23
6 6 9 8 2 12 10 1 2 16 10 14 2 12 8 9 12 7 1 14
68 54 64 57 52 77 47 42 53 74 60 85 48 44 62 48 38 61 15 47
32 31 30 36 38 39 28 24 35 40 35 39 9 23 33 39 13 45 10 37
7 3 1 2 1 1 4 2 1 5 3 11 2 1 3 1 1 3 1 3
14 7 6 9 5 11 15 7 3 17 3 19 11 7 12 12 1 11 1 9
49 41 48 42 45 57 48 48 39 61 32 63 39 53 50 44 15 50 18 42
7 8 3 6 4 7 9 4 4 11 3 11 7 5 8 10 1 8 1 9
53 47 36 49 33 50 51 49 41 48 30 60 28 35 32 54 17 43 17 54
35 29 21 35 13 27 27 20 24 46 28 45 19 16 28 25 20 33 14 30
49 33 23 45 34 49 25 26 41 58 39 64 29 19 38 38 19 45 21 23
2 6 3 1 1 6 4 1 2 9 1 7 4 3 5 8 2 5 1 9
58 48 47 58 46 57 48 46 41 60 44 76 28 35 49 47 14 58 14 49
48 46 33 45 28 41 41 31 40 45 43 57 20 27 39 48 15 36 7 41
40 29 19 36 17 43 35 21 33 49 24 50 29 18 40 37 11 26 12 21
17 19 24 23 16 28 19 4 19 30 26 28 10 24 23 23 20 24 5 19
35 25 25 39 25 43 33 25 27 40 29 47 18 18 29 44 15 34 11 28
32 29 19 19 16 24 36 23 24 30 24 33 24 21 32 28 9 15 11 22
23 30 13 24 11 26 21 10 20 39 20 41 20 23 34 32 6 20 4 18
45 33 35 36 38 45 26 28 32 49 28 54 23 38 37 21 24 46 23 47
20 13 14 14 3 14 19 15 7 23 7 22 5 3 9 9 11 22 5 21
29 27 16 32 17 31 24 21 23 33 27 47 16 16 25 32 9 25 3 23
45 42 24 40 31 46 50 29 44 63 31 50 37 33 55 56 18 38 13 34
34 29 28 40 34 37 30 33 37 51 42 53 41 37 38 40 15 35 24 37
20 10 7 15 6 15 16 13 10 10 8 13 3 4 6 15 1 16 1 7
20 20 12 18 12 25 15 9 18 24 18 29 9 15 22 20 10 19 5 14
27 24 5 26 9 21 22 23 17 34 11 36 20 7 25 30 1 25 8 23
9 10 7 8 11 10 15 9 12 12 12 19 3 10 12 19 5 7 3 13
1 1 2 3 1 10 1 1 1 9 2 9 1 1 1 6 5 1 1 7
56 46 48 56 42 56 45 39 52 61 55 71 29 46 43 50 25 58 22 54
10 10 4 8 5 15 12 6 8 12 12 21 10 4 10 12 6 4 3 7
36 32 24 27 26 34 37 26 28 47 22 46 6 22 40 32 3 40 2 33
25 13 14 14 7 22 14 8 13 22 12 24 22 10 16 23 15 16 5 26
11 8 4 12 9 16 13 9 11 19 11 20 13 8 12 26 7 5 4 12
28 27 20 17 13 31 35 21 19 38 22 42 13 7 29 27 11 28 1 18
48 41 41 47 27 47 36 23 41 47 45 60 27 13 45 39 33 48 11 45
42 41 31 34 33 44 48 32 42 50 26 47 20 35 46 40 21 40 11 50
1 3 1 2 1 3 4 1 2 5 1 10 2 1 3 8 1 1 1 1
45 45 31 46 28 47 35 29 34 52 34 61 16 30 42 26 13 48 10 28
60 53 47 55 43 66 42 36 46 51 52 70 26 33 56 40 39 55 8 36
9 6 1 10 4 11 5 10 7 11 3 10 4 5 4 14 6 9 4 15
47 54 39 51 41 55 56 41 46 67 37 67 29 53 62 44 29 44 28 43
6 6 5 4 4 6 8 5 1 9 5 7 6 8 8 13 1 1 1 13
56 53 44 53 46 53 65 48 54 53 45 61 32 39 45 71 10 42 16 44
7 3 2 7 2 8 7 4 1 17 6 16 4 6 5 13 6 5 1 7
18 25 8 18 14 15 25 19 17 30 7 31 9 24 28 26 10 26 4 37
5 6 3 1 3 3 11 1 3 8 2 10 2 1 9 7 1 5 1 4
11 23 7 10 5 13 12 8 8 21 11 29 7 11 24 4 1 17 1 15
21 30 20 20 21 26 27 10 27 34 20 36 19 25 36 39 7 20 1 24
24 15 7 20 6 16 17 14 10 27 16 29 8 6 17 6 9 20 4 15
10 10 4 11 7 9 7 7 7 12 3 11 3 3 8 16 3 11 4 15
3 4 1 3 1 5 4 1 1 12 1 8 1 3 3 9 2 6 1 10
6 4 5 6 11 14 9 4 10 10 9 16 7 7 5 10 1 10 6 2
45 45 41 45 32 52 36 23 38 54 50 65 39 40 50 49 35 42 9 35
4 6 4 4 1 6 5 2 2 8 3 10 3 2 4 8 6 6 1 11
8 8 3 9 7 16 12 2 9 16 9 16 5 6 11 15 7 3 1 2
64 63 45 58 60 72 49 46 68 59 62 74 49 36 68 56 16 49 28 33
66 54 40 60 39 63 62 41 61 67 54 70 50 40 55 66 20 30 28 47
13 10 9 5 5 14 16 8 13 10 6 12 10 13 12 22 4 3 1 10
34 22 18 26 5 21 30 21 18 33 23 33 12 9 14 18 17 29 6 25
42 51 43 41 45 44 49 45 44 54 30 52 30 57 56 45 25 48 18 62
30 25 11 28 20 32 21 11 25 23 25 35 28 20 27 27 6 18 11 15
2 1 1 2 1 3 5 1 1 7 1 4 1 1 4 12 1 4 1 8
21 20 8 17 6 16 19 16 13 23 6 23 8 14 11 10 14 19 12 25
18 21 20 15 12 21 10 9 19 28 27 36 5 11 21 15 16 24 1 21
33 24 34 28 25 25 31 22 29 40 30 35 11 22 26 34 21 37 6 37
26 20 10 21 17 19 25 23 20 20 17 26 9 7 20 31 1 21 2 22
21 4 17 11 13 24 25 7 12 36 14 27 10 4 12 23 12 18 2 16
20 16 17 16 10 21 16 16 8 23 7 22 10 13 16 17 9 23 1 25
20 16 12 12 20 25 24 3 23 30 16 24 3 12 28 26 5 20 1 10
32 19 18 23 23 29 31 27 19 41 9 40 32 24 36 36 15 22 12 41
15 13 3 12 3 13 12 8 9 22 9 28 11 14 15 22 2 15 4 12
12 10 3 11 6 13 13 8 7 15 8 14 7 7 11 15 9 9 5 15
38 24 25 31 30 36 34 26 31 38 26 36 15 25 22 37 17 39 19 40
15 17 2 20 8 18 12 8 14 16 10 20 7 3 10 23 3 16 1 11
6 9 3 2 1 3 8 1 5 4 5 7 4 6 9 5 1 3 1 5
5 7 1 4 2 9 12 2 5 13 6 15 8 1 11 13 1 1 1 2
51 41 54 55 45 63 43 37 38 76 44 76 42 52 54 44 32 59 16 43
23 16 11 20 19 32 28 14 23 31 24 37 15 14 23 37 9 11 3 16
67 53 52 50 56 69 62 50 58 54 55 71 51 44 62 50 25 36 26 47
15 20 8 28 16 25 11 14 16 31 16 38 13 18 16 25 3 25 9 17
9 4 1 7 1 4 4 7 4 10 1 9 1 1 1 5 2 9 2 5
66 48 44 55 32 47 54 50 52 68 53 79 55 38 45 48 22 48 42 54
51 33 38 36 47 63 52 39 42 60 28 70 44 52 57 53 31 33 14 44
34 9 19 15 25 40 28 12 21 38 18 39 29 26 27 32 21 18 8 31
67 61 43 68 33 63 54 54 50 78 49 87 43 38 53 43 25 61 34 54
28 20 15 28 20 31 18 19 19 27 15 33 22 17 26 33 8 27 11 32
54 46 28 45 19 33 48 43 39 45 30 58 23 14 33 34 17 44 19 45
42 29 21 39 31 47 33 30 30 39 27 53 42 25 38 36 25 28 25 36
8 4 1 9 1 5 3 8 4 10 1 6 3 4 2 9 4 10 4 15
49 52 41 56 39 55 55 45 45 76 48 75 43 39 54 44 12 51 21 33
8 5 3 4 1 11 9 4 4 13 6 12 6 8 7 7 6 5 1 5
8 7 3 5 3 12 8 3 8 10 3 8 3 6 4 14 3 4 1 3
42 33 33 44 16 47 32 29 22 53 34 59 34 29 36 34 21 41 18 33
4 7 7 5 5 13 5 1 6 6 7 13 5 6 6 10 7 5 4 10
10 8 1 11 8 15 12 2 9 10 7 15 12 7 10 21 1 3 3 8
60 59 49 58 43 55 70 57 53 72 49 68 48 40 55 53 20 44 28 55
66 55 50 58 54 72 60 39 59 57 60 71 39 26 69 50 32 42 16 50
49 32 38 29 26 37 45 31 37 35 36 48 40 30 39 38 26 32 19 38
69 44 50 63 48 67 43 43 58 74 60 80 51 32 58 53 30 54 34 36
57 41 36 48 58 66 49 38 60 54 43 57 35 48 53 61 24 52 28 51
5 6 4 2 1 5 5 2 4 8 1 8 2 2 4 6 1 7 1 5
12 14 10 15 11 23 8 11 17 26 18 35 13 25 15 22 3 18 8 18
22 11 13 12 21 28 14 7 18 22 8 22 11 9 25 20 10 15 1 20
13 13 10 11 3 9 14 7 8 24 17 29 6 8 15 16 8 11 1 11
19 19 11 16 8 15 21 13 12 27 19 28 10 11 24 18 10 19 3 22
8 9 4 8 7 13 11 4 11 8 6 5 6 10 7 19 1 4 1 6
4 2 1 1 6 6 8 2 4 9 1 6 1 4 9 16 1 1 1 11
9 3 1 7 1 6 4 4 4 11 1 4 5 4 2 10 1 6 1 7
4 10 13 8 11 14 16 7 10 21 9 17 4 19 13 25 9 7 1 23
50 39 44 37 17 36 42 40 25 55 41 64 30 25 41 24 33 54 17 52
35 20 21 22 25 32 39 24 27 31 23 28 19 24 26 42 15 21 8 36
16 13 9 15 4 18 12 12 11 21 5 23 20 8 12 21 1 14 11 14
21 15 27 10 23 22 28 13 14 31 12 25 22 28 32 28 23 23 1 40
15 18 16 19 14 21 20 15 17 32 16 27 6 22 20 28 17 24 7 28
41 29 23 36 16 38 32 31 24 46 23 51 24 24 22 17 15 35 21 31
64 49 37 56 47 69 67 45 57 73 49 73 33 54 46 64 25 52 32 53
43 32 35 46 30 43 32 40 31 37 38 56 14 17 22 38 18 46 15 36
51 43 22 41 31 41 49 41 47 36 34 50 24 18 35 38 9 30 20 36
2 1 1 5 5 9 3 3 5 9 6 12 4 12 1 15 1 3 3 7
6 3 4 6 6 11 6 3 5 10 9 17 5 5 4 8 1 9 4 3
19 19 15 9 7 15 20 3 11 26 13 26 17 15 26 20 8 17 1 20
11 5 2 16 7 10 9 10 9 20 1 13 10 9 8 30 1 13 6 25
65 55 40 48 37 48 66 40 56 69 38 63 41 29 54 40 31 51 31 58
33 29 33 30 16 37 25 9 28 39 39 45 23 19 33 25 31 32 9 33
63 44 40 46 35 49 63 45 54 64 45 63 55 30 54 55 23 33 33 56
42 37 27 38 28 41 47 33 39 45 39 49 33 35 41 42 23 24 14 24
28 33 11 37 14 27 27 21 21 43 27 48 17 24 28 20 13 31 12 22
10 7 8 7 6 12 12 7 9 11 4 11 6 8 7 14 6 9 1 9
34 38 26 31 32 40 48 33 35 61 26 55 25 32 49 56 12 44 13 43
41 35 28 41 22 41 34 24 29 38 36 51 13 12 31 32 10 35 2 19
7 3 4 4 5 8 9 5 4 12 3 12 3 6 3 10 2 7 2 5
43 55 44 45 37 48 56 46 38 66 41 71 39 46 58 40 20 45 12 50
31 29 34 43 34 45 14 21 32 53 35 51 31 28 38 40 22 43 14 36
30 25 18 25 31 39 29 14 32 22 30 39 13 8 32 38 7 22 2 24
23 20 5 15 26 32 29 10 28 24 18 21 12 16 28 34 5 17 10 14
13 11 14 18 7 22 9 6 9 26 15 31 5 12 11 16 7 17 1 9
8 8 6 7 2 8 6 3 5 13 8 14 3 8 10 8 3 11 1 13
45 24 29 26 36 45 44 23 35 47 27 49 36 36 44 49 17 29 7 38
7 8 2 5 1 13 12 1 8 14 4 11 7 14 10 15 5 4 1 8
45 33 29 30 32 42 49 29 42 37 34 46 38 28 41 41 17 16 17 42
17 26 11 15 17 16 23 9 19 19 17 20 8 13 25 24 3 21 1 19
41 52 35 53 41 47 35 39 44 66 29 60 19 33 50 46 26 58 17 53
22 20 17 26 20 22 24 19 20 27 17 24 4 14 17 34 11 27 4 26
53 44 40 53 32 64 41 42 37 50 37 73 39 41 40 46 20 43 13 43
25 22 27 33 19 32 18 5 26 37 29 36 15 13 26 28 25 24 1 9
6 4 3 4 2 9 10 3 5 11 1 7 6 9 8 12 1 9 1 10
2 5 5 4 3 12 5 1 5 5 3 7 5 2 4 8 7 2 1 9
45 36 28 40 15 40 39 37 30 45 26 47 35 21 31 45 13 35 17 29
35 28 21 21 20 32 32 17 30 33 32 43 31 23 35 22 14 28 14 28
44 51 44 43 35 41 54 51 38 56 28 54 19 52 43 38 11 48 18 48
7 7 3 1 2 6 13 1 5 3 5 6 6 3 11 10 1 2 1 9
46 30 45 41 50 54 45 43 39 56 22 62 43 43 49 61 28 48 23 62
8 8 5 5 6 6 11 3 7 14 6 13 1 6 12 12 1 11 1 4
48 51 28 50 32 51 53 35 48 58 36 57 33 29 53 59 24 44 16 45
58 41 52 42 53 58 53 43 48 57 35 69 26 39 58 41 30 53 11 63
1 1 6 1 3 7 1 1 1 4 1 9 9 2 5 8 5 1 1 11
40 26 33 29 42 49 37 28 31 29 25 40 28 36 39 37 20 35 8 41
20 12 8 18 10 16 16 19 16 18 12 24 6 17 7 21 8 17 11 22
66 58 38 59 41 61 67 43 58 78 48 69 31 32 55 57 27 56 21 42
4 8 1 7 1 6 4 1 5 12 4 15 6 1 8 8 1 8 1 5
59 56 28 48 49 63 56 34 60 62 42 65 42 37 68 70 15 44 25 40
13 11 6 8 12 19 19 8 18 13 9 13 10 12 14 30 5 6 1 15
49 37 32 47 39 57 47 37 44 43 38 55 38 36 42 62 17 26 19 48
6 9 1 1 1 10 9 1 4 3 2 7 9 4 12 9 1 2 1 6
14 7 16 6 5 11 13 3 8 20 12 21 6 1 10 9 9 17 1 15
44 34 28 42 39 61 42 22 46 35 40 48 25 27 40 50 22 33 10 25
24 18 16 20 11 22 15 9 17 23 17 31 11 10 18 19 8 21 5 13
6 10 1 7 3 11 5 6 4 13 4 17 6 4 9 11 4 11 3 13
20 16 14 23 11 23 19 15 10 27 13 26 9 12 18 28 9 20 1 25
64 50 42 61 58 69 61 46 67 69 52 72 30 50 43 64 25 55 31 50
49 36 40 41 18 42 38 32 32 50 51 64 29 17 31 19 23 43 12 26
21 13 13 16 14 21 21 14 17 22 9 27 23 26 18 34 3 10 3 25
26 24 18 23 20 24 36 21 24 33 21 36 22 25 25 40 5 23 9 21
3 1 1 3 1 6 1 1 2 3 1 6 1 2 1 9 1 1 1 3
46 39 32 33 37 49 44 17 45 45 40 54 22 14 50 46 21 42 10 41
48 42 33 41 26 40 44 29 41 64 31 55 35 29 46 48 25 47 25 41
43 29 39 33 28 45 42 29 28 42 21 42 26 21 34 45 20 38 6 44
38 35 31 34 19 35 39 23 34 57 34 52 26 25 45 33 36 43 20 49
48 44 27 47 29 42 34 39 41 51 41 62 17 20 33 24 25 38 24 33
35 40 20 33 23 29 45 36 35 47 16 44 28 38 37 45 14 31 11 44
13 25 15 22 22 20 27 21 19 43 5 30 15 26 34 36 8 30 5 39
11 8 2 14 10 16 13 8 11 16 10 22 12 10 9 28 5 4 3 14
20 27 22 28 25 31 28 21 24 42 20 34 29 29 36 43 21 32 13 41
30 34 34 32 25 39 40 24 30 42 29 37 26 34 38 45 26 32 1 31
36 27 30 21 25 26 42 28 25 52 13 42 25 32 41 33 32 38 12 59
35 29 21 38 18 42 32 25 33 39 24 48 29 24 27 45 12 26 13 25
11 12 4 4 1 6 12 5 7 3 6 8 10 6 12 10 2 2 1 9
41 41 45 45 34 52 31 26 38 54 38 47 29 33 47 38 35 48 3 34
35 24 24 26 13 42 34 14 23 46 22 48 26 18 36 35 18 25 6 23
24 25 21 29 23 25 27 20 28 43 19 35 15 18 30 46 12 33 9 40
42 37 38 38 24 45 34 23 39 44 39 51 21 30 36 43 25 31 1 18
37 39 28 32 41 43 39 23 37 54 20 54 19 38 55 41 11 40 10 45
34 35 24 44 20 41 23 20 33 33 33 44 16 15 27 33 19 33 7 23
6 7 3 7 6 8 6 7 10 5 5 7 1 6 3 15 1 4 1 7
5 8 1 6 1 4 4 1 4 12 1 14 7 5 6 10 1 6 1 2
30 25 23 36 24 35 23 16 27 39 38 48 27 21 29 21 13 21 17 17
8 11 2 7 3 10 6 2 9 7 2 6 4 7 8 13 1 7 1 7
6 3 1 4 5 14 8 1 6 4 5 10 4 5 5 11 1 1 1 1
15 14 6 20 7 22 14 10 15 26 10 23 16 17 16 33 9 12 8 19
12 9 4 13 5 8 6 3 8 16 9 16 5 4 10 10 1 12 1 6
44 37 25 40 28 43 36 24 38 46 28 46 32 25 40 46 10 34 14 19
5 5 5 5 3 9 14 4 4 15 10 17 3 13 11 17 6 1 1 12
39 42 23 45 23 42 40 36 30 54 30 60 25 15 43 36 8 38 13 30
34 25 19 33 6 26 22 29 12 40 8 40 16 8 12 15 16 36 14 27
57 46 44 42 53 55 56 39 52 61 42 61 31 46 52 54 29 41 24 59
18 18 19 13 12 30 24 5 19 28 16 26 20 22 24 26 19 9 2 21
21 17 7 16 11 15 20 14 13 18 10 16 4 9 14 21 4 20 3 17
63 53 46 51 32 57 45 39 41 64 45 72 41 29 58 31 33 43 15 37
44 33 24 35 25 43 36 25 38 47 28 44 10 17 30 38 17 36 6 23
37 27 18 35 18 36 23 23 28 32 14 36 23 12 25 36 7 32 11 27
31 21 29 19 29 38 36 22 25 38 16 29 30 37 38 40 24 21 9 37
31 22 14 20 18 28 29 14 25 36 17 31 11 18 25 29 6 31 5 24
17 17 7 7 4 11 22 14 9 20 7 24 11 14 21 21 1 17 1 22
24 23 20 24 15 32 12 5 18 29 30 33 9 13 25 15 19 23 3 21
24 18 20 24 12 28 19 13 10 36 25 41 10 13 15 14 6 27 6 9
46 32 42 44 46 44 40 41 42 58 38 56 39 48 42 55 28 52 26 62
18 11 9 15 6 4 19 16 9 24 12 25 14 11 14 21 3 10 6 18
29 32 18 22 10 21 33 29 15 38 13 38 16 27 32 24 3 29 3 23
24 18 11 28 17 30 16 19 20 25 14 27 24 14 15 34 5 23 16 23
40 34 32 34 30 36 44 30 38 59 31 58 32 35 43 49 17 43 21 46
42 36 22 37 37 48 44 31 43 36 36 51 39 29 36 46 7 17 20 32
35 37 21 43 28 35 28 29 28 51 32 58 12 23 35 40 15 45 14 36
14 9 8 11 1 15 13 7 6 21 9 17 7 12 12 17 11 12 2 20
49 38 41 36 41 46 36 34 39 54 29 57 24 28 49 31 36 48 12 54
13 13 7 14 9 21 7 9 3 21 9 29 10 14 16 3 17 16 6 23
23 19 8 16 15 23 26 11 22 39 7 32 11 16 29 36 1 23 1 16
11 13 1 9 3 8 13 6 5 15 9 19 10 8 16 12 4 11 1 14
34 26 31 32 34 39 23 23 29 39 33 45 21 35 29 32 18 39 16 47
44 37 24 38 31 40 42 32 39 48 35 57 23 21 39 52 13 40 17 45
65 39 45 34 42 53 54 31 47 59 42 62 42 24 61 38 33 41 14 38
39 28 17 32 31 50 32 19 36 37 28 48 27 23 37 46 16 22 10 28
22 19 11 16 18 27 20 10 19 23 18 25 12 12 25 25 11 18 7 24
48 38 22 44 16 33 45 40 33 43 27 44 17 15 20 29 16 37 16 20
36 25 30 27 22 35 37 29 32 27 27 34 18 24 14 39 11 17 8 28
22 13 12 16 18 28 23 15 17 25 12 29 22 19 22 36 10 13 7 24
12 9 8 11 14 17 13 10 15 8 14 19 6 9 9 20 1 7 4 15
11 4 1 7 1 5 3 5 1 10 4 15 1 1 3 6 1 8 1 4
4 9 5 4 7 15 8 3 8 8 6 11 5 8 7 16 6 4 3 8
7 10 3 9 9 14 13 3 12 12 8 12 3 9 9 20 3 8 1 8
41 31 20 28 24 38 46 26 30 42 22 40 25 26 36 32 8 29 13 24
18 13 12 12 15 20 23 8 14 23 10 14 8 14 21 26 16 17 4 31
28 16 13 23 25 37 26 20 27 27 15 33 10 24 14 27 19 17 14 33
45 48 33 44 19 48 39 27 36 53 33 61 36 40 44 30 37 38 14 33
23 19 11 23 7 15 15 19 17 25 19 34 20 9 19 24 6 15 11 26
52 37 40 47 30 44 52 40 42 59 44 56 45 38 42 47 33 46 24 54
11 15 1 17 13 21 14 7 13 26 10 27 8 10 17 27 1 20 2 16
39 35 31 35 32 43 42 41 25 45 33 58 29 32 35 30 9 23 17 41
3 3 3 7 6 9 4 1 3 10 8 17 7 5 4 8 1 6 3 4
3 5 2 1 1 10 6 1 6 5 5 14 7 9 7 14 1 1 1 7
43 23 36 33 34 50 40 32 39 31 40 46 23 29 18 43 11 29 15 31
33 28 28 28 28 40 37 24 29 45 25 46 34 35 35 42 9 30 17 23
15 14 5 15 8 12 15 11 11 19 5 15 7 12 14 13 10 20 8 23
34 30 19 32 27 50 38 18 38 29 31 38 15 22 37 47 13 21 1 21
46 38 27 39 26 42 27 28 36 40 29 50 41 18 46 33 13 26 19 34
44 32 41 37 21 46 37 22 32 40 39 45 24 24 31 32 31 40 5 33
17 10 17 14 18 23 23 13 13 30 8 33 16 20 18 32 7 14 3 29
32 30 24 25 29 39 23 16 30 33 31 50 27 25 41 32 17 23 6 29
16 14 1 14 12 16 17 3 18 24 5 16 4 8 19 25 1 14 1 10
14 14 9 17 16 18 16 14 16 16 13 25 7 16 10 30 2 16 4 23
51 35 40 42 30 45 42 32 41 55 43 61 42 16 42 32 16 40 28 36
43 33 27 42 26 49 36 29 41 47 35 52 29 45 33 40 21 35 19 32
22 18 21 9 21 23 34 12 25 30 20 27 11 25 27 34 12 23 5 25
36 31 10 28 17 29 28 26 28 21 26 36 21 14 24 24 5 24 14 19
14 8 13 16 17 27 10 10 16 18 22 32 15 19 13 18 9 14 9 17
21 20 12 11 14 19 27 14 17 24 13 25 18 20 30 24 10 15 2 25
32 18 27 32 25 44 13 17 28 30 37 44 32 32 30 24 21 21 17 25
18 17 9 19 14 31 18 5 21 30 16 31 17 17 24 27 8 14 4 11
16 29 10 17 19 20 30 15 19 33 19 37 16 22 36 26 4 21 9 21
16 10 4 11 13 15 15 1 14 20 9 15 1 4 20 19 1 14 1 11
8 5 1 5 5 8 12 6 9 11 1 10 2 5 9 19 1 5 1 9
34 17 25 41 32 47 15 23 27 43 32 48 32 31 25 38 21 34 23 32
10 11 2 7 1 14 10 1 8 4 9 14 8 3 12 7 4 3 1 7
47 25 27 38 37 52 24 26 44 45 29 48 30 31 36 36 17 37 20 23
10 7 10 16 3 14 6 6 4 20 10 18 6 8 7 16 14 9 4 16
6 5 1 6 1 10 7 3 3 11 8 14 3 6 8 10 6 2 1 3
28 31 18 35 25 35 35 25 33 39 19 39 11 29 27 40 20 31 11 41
37 33 21 25 34 45 42 26 34 56 18 52 32 38 49 55 13 33 13 30
38 46 36 49 23 38 38 38 37 58 29 51 23 30 40 52 27 53 12 51
22 25 12 26 14 31 17 11 20 32 22 42 24 21 24 23 9 21 11 11
33 19 18 24 24 31 33 25 26 31 21 31 4 10 20 35 8 27 4 20
20 27 14 22 10 21 23 21 16 36 10 33 11 24 27 24 9 23 4 21
40 35 39 36 19 45 28 25 18 53 32 57 22 33 41 18 29 44 5 37
27 27 17 31 23 41 21 14 30 29 29 38 16 23 27 30 14 24 7 21
32 37 27 35 27 32 39 31 31 40 17 42 20 35 34 46 7 32 8 41
26 13 21 17 25 35 19 20 18 28 11 37 27 31 25 26 19 22 9 37
35 24 21 30 20 31 30 28 24 32 25 39 13 15 17 27 6 24 9 23
1 1 3 1 1 6 1 1 1 3 1 2 1 1 1 7 2 1 1 8
27 25 13 18 19 25 37 17 27 33 16 25 19 22 31 37 7 16 2 16
1 1 1 4 1 3 1 1 2 5 1 6 2 1 2 4 1 2 1 1
44 34 38 27 37 36 51 30 39 54 26 38 26 35 42 37 40 47 19 57
22 27 21 16 15 22 31 18 18 32 15 29 17 26 31 29 10 27 3 29
19 17 13 15 9 13 14 11 16 21 11 20 4 11 19 21 4 22 1 20
4 8 1 2 1 9 5 1 4 12 3 14 1 6 7 9 1 7 1 5
15 24 16 16 13 14 17 11 9 33 10 32 5 15 28 16 4 28 1 27
4 1 1 5 2 8 1 1 1 3 1 2 1 4 1 9 1 2 1 7
10 9 9 11 12 15 9 5 11 12 8 12 8 6 14 15 6 11 1 15
34 23 17 23 10 30 36 27 20 34 11 32 13 19 18 26 11 23 8 25
63 56 56 62 41 70 55 42 55 75 51 73 47 41 64 68 38 56 7 42
21 26 12 12 11 19 26 18 20 27 15 33 15 26 29 30 5 18 1 23
39 42 20 35 38 43 50 27 43 57 28 45 29 37 51 59 15 39 17 39
64 50 40 55 33 61 51 33 57 72 48 75 39 31 47 45 34 59 28 43
44 28 33 43 38 57 25 19 41 42 41 47 25 25 36 33 23 39 8 14
51 48 26 48 36 43 47 46 46 35 44 56 23 18 38 38 12 37 23 47
30 27 30 33 31 29 33 21 34 47 32 35 23 26 27 41 23 42 18 39
49 40 37 36 37 49 55 35 38 59 33 58 25 31 44 58 17 46 11 51
35 33 18 26 23 30 34 25 27 32 23 37 17 19 37 31 15 34 9 39
28 33 15 26 18 27 34 20 31 40 15 33 12 28 30 31 14 27 9 27
15 10 10 5 7 8 22 9 9 16 15 21 6 14 13 20 8 10 1 22
16 24 16 13 13 16 28 17 17 27 9 24 12 27 28 30 8 22 1 34
11 4 1 11 6 6 9 9 9 11 5 13 1 5 4 20 1 8 1 12
23 31 20 28 19 20 27 25 17 39 20 36 2 18 30 29 8 38 1 30
53 34 32 46 39 50 38 37 36 60 28 63 40 33 53 46 29 43 15 43
43 35 25 34 26 43 40 17 35 56 36 58 21 28 44 26 27 41 16 40
35 25 23 28 1 22 26 25 12 37 15 37 19 5 16 23 11 34 9 25
4 5 1 2 3 7 6 1 1 6 3 11 6 4 8 8 1 3 1 9
13 13 11 13 1 14 9 10 7 22 8 17 6 11 11 12 14 15 5 18
33 26 18 31 15 34 26 19 23 38 17 34 23 23 25 31 23 28 11 38
17 19 10 10 7 9 19 19 10 24 13 29 11 10 20 14 6 13 6 20
7 7 9 10 8 17 10 3 8 22 8 14 4 14 11 17 9 11 1 14
24 18 10 16 13 27 16 9 14 18 11 27 25 16 22 23 9 12 6 20
29 25 15 22 21 33 32 15 28 26 18 25 9 15 27 35 8 19 1 21
31 23 18 19 20 32 29 19 14 34 23 42 14 9 29 15 8 30 3 15
24 15 16 23 15 22 20 18 16 23 14 20 6 10 15 25 2 27 2 22
12 8 1 12 1 4 7 7 2 14 4 19 4 1 3 8 5 8 5 8
12 5 3 9 9 17 13 4 5 13 11 15 12 14 12 13 4 9 6 14
64 47 51 56 57 74 62 39 63 68 60 74 37 45 54 71 26 53 22 39
47 30 30 32 31 49 45 15 37 51 35 49 23 34 36 33 35 39 17 37
24 26 9 28 17 27 19 12 22 34 21 36 13 11 26 27 9 26 6 16
52 27 40 39 37 62 41 33 34 46 42 62 33 29 38 31 22 34 11 25
54 52 42 48 40 44 48 42 39 71 32 68 25 30 60 23 28 51 19 56
14 2 11 6 6 11 15 9 4 15 4 10 2 2 8 14 4 13 1 15
40 44 38 41 23 51 31 25 31 54 29 57 22 34 48 30 23 46 1 31
6 7 1 7 1 8 1 1 5 2 5 9 1 1 4 4 1 7 1 1
18 18 14 12 11 20 18 9 16 15 12 16 13 9 15 20 10 16 1 20
15 14 9 7 18 21 20 3 18 24 13 19 4 8 19 26 7 13 4 16
58 58 52 69 55 66 46 49 58 61 56 73 35 34 53 70 34 58 23 62
9 16 10 10 6 17 8 5 10 17 11 25 11 17 15 9 3 17 5 17
37 51 37 47 37 46 39 35 44 68 31 54 18 33 51 43 36 54 10 49
31 21 24 20 27 38 26 9 32 24 32 34 18 15 26 28 17 26 8 26
63 53 58 66 37 56 68 49 57 76 58 70 36 41 40 60 39 62 24 59
22 29 17 25 14 27 25 19 22 34 17 37 11 22 28 30 12 25 1 26
62 56 44 56 34 59 43 48 39 66 43 78 33 32 48 24 29 58 19 37
13 9 10 11 1 11 12 9 6 23 9 24 5 7 10 14 6 14 1 8
18 13 11 14 5 10 19 14 11 26 3 16 1 10 9 15 15 23 9 26
33 29 15 27 21 38 29 21 29 48 11 42 31 24 41 44 10 29 13 34
18 13 11 19 12 27 23 15 14 34 8 30 18 17 19 34 9 20 6 20
23 14 14 14 23 36 21 9 21 22 15 29 23 21 24 23 13 16 10 19
5 4 6 5 3 3 7 4 3 15 1 13 2 2 4 15 1 9 1 9
12 6 2 8 1 6 7 7 1 15 3 15 9 3 8 7 3 8 1 11
7 11 9 8 1 12 6 1 4 16 8 17 5 8 10 7 11 10 1 10
23 11 15 17 11 24 16 13 10 25 4 27 19 15 18 17 10 16 2 19
75 61 46 61 42 69 62 59 52 60 50 79 38 38 54 43 28 51 18 43
33 15 16 22 20 36 34 14 21 42 22 42 22 21 25 33 7 22 9 14
15 11 15 12 6 24 17 8 9 22 11 17 7 12 11 19 13 14 1 18
40 39 26 31 24 37 44 32 36 29 33 47 14 17 37 41 6 29 1 26
16 13 4 11 3 12 16 14 11 22 2 19 12 16 12 25 1 13 2 16
7 4 1 3 1 2 9 2 1 3 5 6 6 1 7 2 1 1 1 5
51 41 32 49 29 52 31 27 37 63 31 62 32 20 50 44 27 46 14 32
50 52 29 49 34 54 55 38 43 60 43 65 49 46 56 46 31 34 30 39
16 11 6 15 15 23 16 6 16 26 15 27 6 5 19 22 8 15 1 9
6 4 1 2 1 4 6 4 1 8 2 12 1 1 5 8 1 6 1 8
14 8 4 13 8 12 15 6 11 17 6 18 13 7 12 24 1 9 6 7
25 17 10 11 3 15 26 10 15 22 13 22 12 14 13 17 14 14 8 21
53 56 39 57 29 52 54 46 42 73 25 72 26 46 46 45 26 57 29 53
35 32 24 28 23 42 39 22 22 38 26 45 25 23 30 38 12 31 4 22
12 9 2 8 5 13 15 10 13 12 3 12 9 13 9 23 1 7 2 17
32 24 26 24 16 32 35 16 36 34 33 35 21 21 27 35 26 23 12 31
36 23 19 32 17 32 34 30 28 51 18 49 16 20 25 38 22 36 17 45
4 5 2 5 6 10 9 1 7 8 3 6 1 5 5 15 3 4 1 8
21 20 10 10 12 19 21 14 12 23 11 28 19 13 28 12 9 14 4 20
25 29 18 28 24 24 37 29 23 45 19 40 15 23 34 38 9 30 3 34
15 11 3 11 8 19 9 5 11 7 4 10 13 9 13 16 4 8 1 12
26 20 7 21 13 28 22 13 20 30 10 32 20 9 26 32 6 22 6 19
26 31 16 27 15 33 21 11 27 32 30 42 14 18 30 30 13 22 1 15
23 21 8 23 20 25 27 18 24 20 14 23 12 13 24 40 4 20 3 27
32 24 14 26 9 28 21 18 19 29 15 35 13 15 21 13 18 24 7 24
17 20 14 22 18 26 24 17 22 38 16 34 16 24 24 43 12 22 10 23
5 5 6 4 8 9 11 1 6 9 5 9 1 7 9 14 5 1 1 8
14 7 7 10 11 19 21 14 15 14 8 15 4 14 7 28 2 11 1 12
5 4 2 5 3 8 5 7 7 6 4 8 7 8 6 11 2 7 1 13
62 56 55 63 29 58 46 44 36 77 50 80 41 36 54 38 45 65 14 39
22 25 15 28 15 22 22 22 17 40 13 34 5 17 24 22 11 34 6 29
7 4 5 4 1 8 5 4 4 7 1 8 6 4 6 6 3 8 1 11
30 28 19 24 18 35 35 20 26 33 26 40 20 34 27 38 10 16 5 19
20 19 15 13 15 26 28 15 17 29 15 31 23 28 26 28 8 16 3 19
46 44 23 41 32 42 38 34 41 51 26 54 4 14 38 38 8 50 4 24
33 28 19 29 34 37 30 17 34 42 28 45 16 23 34 42 7 30 11 33
6 6 4 7 7 13 7 1 8 7 8 12 7 10 6 13 1 4 6 4
2 6 1 2 4 2 9 4 3 12 2 9 1 10 8 16 1 8 1 9
61 50 32 45 43 55 53 35 55 60 48 59 33 25 58 47 16 38 23 25
38 43 32 45 28 40 44 37 36 65 17 53 21 34 39 40 28 51 28 60
24 16 17 16 29 32 32 16 30 28 20 27 23 35 27 40 1 16 13 23
6 7 6 8 4 12 5 3 7 12 3 12 7 4 5 12 6 5 1 9
16 13 3 16 5 14 8 8 13 12 8 14 5 3 9 10 6 15 5 11
2 7 3 3 3 5 6 1 4 10 3 8 2 5 8 11 1 7 1 11
38 37 33 39 20 41 39 33 30 50 32 54 23 40 26 37 20 38 17 38
14 10 7 12 5 10 13 12 7 17 3 19 7 6 6 8 8 15 8 17
12 18 12 6 7 15 15 1 13 20 15 26 11 8 19 11 8 18 3 18
50 35 23 49 28 49 38 36 40 48 36 58 40 21 33 37 10 34 29 27
49 55 48 55 43 62 49 40 49 71 49 71 58 61 62 59 34 53 28 51
16 13 8 19 17 24 16 12 18 13 18 20 5 9 12 25 7 15 5 13
9 7 9 3 2 6 9 3 2 10 7 12 2 5 7 6 7 11 1 12
39 30 30 40 31 46 38 34 30 50 42 58 38 26 36 25 11 32 26 28
8 4 3 1 4 11 6 1 1 8 5 14 10 7 11 6 7 2 1 8
56 37 47 50 50 66 50 46 52 57 46 66 51 55 42 60 19 40 31 36
28 32 30 33 17 35 27 22 24 54 23 46 28 28 35 37 25 38 19 44
49 36 35 39 24 51 45 33 28 49 35 58 39 27 38 36 27 27 4 25
65 53 48 53 28 44 61 52 56 58 45 62 34 40 32 48 30 49 35 52
51 50 40 39 31 41 55 37 43 66 32 57 49 38 57 47 38 52 27 64
1 1 1 1 2 3 7 1 1 3 1 5 1 1 5 5 1 1 1 1
8 6 4 10 9 9 10 6 10 17 7 13 5 7 9 21 1 10 1 8
36 36 25 31 27 38 39 34 31 37 27 53 26 36 34 34 6 31 15 36
21 18 9 19 17 22 25 8 19 25 23 30 18 9 21 27 7 13 9 16
63 60 64 55 44 57 63 49 55 75 58 71 39 44 50 60 32 56 18 47
7 7 1 5 4 10 12 1 11 11 1 8 7 6 10 19 1 4 1 2
12 10 13 15 1 11 6 5 4 29 10 29 4 3 10 8 9 19 1 12
27 26 18 19 26 35 32 17 27 37 11 30 22 25 34 45 12 22 1 31
21 29 18 23 25 24 29 20 26 41 19 38 9 20 32 40 6 33 5 25
47 43 18 37 32 38 53 39 38 58 27 56 19 28 49 40 10 40 22 37
4 10 7 8 5 12 8 1 7 15 1 12 14 10 11 17 6 5 3 15
40 38 40 34 36 46 51 36 35 56 28 48 28 40 44 52 25 42 4 51
25 21 8 23 12 27 20 14 21 26 20 36 12 18 19 22 13 21 11 13
26 23 8 26 7 20 15 13 22 25 11 32 10 8 16 25 9 22 9 22
5 5 1 2 5 7 10 2 3 4 10 13 5 4 7 8 1 2 2 1
3 3 6 6 4 7 6 1 1 14 5 12 6 9 4 13 4 4 4 10
6 5 3 2 3 4 11 5 5 12 1 11 3 5 7 16 1 6 1 3
49 43 42 48 36 38 38 38 43 61 36 62 15 20 42 44 22 57 12 51
34 22 25 30 11 30 32 21 18 40 25 38 14 12 17 32 17 32 3 20
50 38 23 40 33 41 44 37 43 36 33 55 8 18 29 35 8 41 15 32
4 3 1 3 2 8 7 1 1 10 9 14 2 3 6 5 6 1 1 1
38 34 24 33 15 35 44 30 27 55 20 52 14 29 31 32 20 39 9 42
10 3 4 4 6 13 14 6 8 16 4 16 1 1 9 16 1 8 1 2
15 11 5 16 1 10 12 10 6 20 10 20 7 7 9 8 12 11 7 13
51 38 39 37 33 59 47 41 29 50 38 67 42 40 46 34 29 37 6 31
31 33 20 30 18 28 28 22 25 46 21 45 27 11 39 25 1 29 13 29
25 25 20 27 25 32 31 22 20 40 14 37 8 18 27 33 2 36 4 30
54 43 41 48 25 50 54 31 38 68 53 71 34 25 43 39 32 50 15 30
26 16 21 11 33 36 36 14 24 39 12 35 23 33 40 42 20 19 2 36
43 34 20 38 24 38 42 37 39 29 25 43 12 19 23 40 10 31 10 26
51 26 35 48 32 55 35 43 39 54 31 63 37 50 24 40 30 43 34 47
58 55 21 44 46 55 63 41 55 54 45 64 29 27 61 59 5 38 18 30
36 40 27 35 25 34 46 39 31 38 21 34 9 22 31 40 14 46 5 43
46 47 37 49 23 51 45 36 34 54 33 60 20 31 33 34 23 49 7 28
27 27 15 20 15 22 23 18 20 30 16 37 17 22 30 27 13 25 6 37
33 27 19 31 15 30 24 23 21 38 17 39 24 21 21 33 10 35 15 32
71 56 48 61 52 63 58 54 64 53 63 70 51 38 47 46 17 45 39 46
16 10 4 13 7 14 10 6 9 17 9 14 6 8 14 14 4 15 2 15
31 18 15 20 33 40 29 21 26 29 17 38 22 29 32 39 9 20 6 34
64 65 49 65 36 69 60 56 51 73 57 94 61 50 62 50 24 47 34 44
35 32 21 25 28 35 38 22 38 44 25 43 22 22 36 50 10 29 9 20
32 38 17 33 26 34 26 19 35 38 23 40 12 19 34 44 9 33 3 23
2 6 1 3 2 5 5 1 6 1 1 2 1 2 2 9 1 2 1 1
12 16 8 8 13 20 17 7 14 19 5 18 16 19 25 26 8 14 1 24
61 50 32 50 42 60 56 48 51 64 34 70 38 46 52 54 33 43 26 50
26 26 13 30 15 26 15 13 21 28 24 32 4 8 20 18 14 26 7 15
9 3 7 5 8 12 9 4 2 14 1 21 15 8 12 10 6 6 1 10
23 15 8 19 11 22 20 9 18 35 14 29 5 8 19 18 12 21 3 11
1 1 1 1 1 5 6 1 3 1 1 1 3 4 2 12 1 1 1 2
7 7 1 5 3 6 12 3 8 1 5 9 3 1 10 13 1 1 1 2
39 31 34 35 18 37 35 20 33 48 39 55 41 28 34 31 27 35 23 29
28 17 25 32 28 43 12 10 26 38 28 44 22 20 27 27 17 25 8 14
15 12 7 14 12 21 15 9 15 9 8 9 10 8 10 22 7 10 6 16
29 20 22 31 34 29 30 25 33 38 35 45 27 32 26 40 3 22 21 23
17 13 5 12 9 15 20 10 12 20 9 19 12 10 16 20 6 12 7 18
17 14 10 16 5 19 18 14 10 21 11 18 4 8 7 18 1 19 1 8
10 8 4 5 10 21 17 1 11 17 4 14 14 17 18 19 9 3 1 13
26 19 13 18 9 22 29 19 18 28 16 29 12 16 24 24 10 15 3 14
23 13 11 19 14 25 17 12 13 24 12 27 8 7 16 17 5 20 4 13
22 20 15 19 2 17 19 12 9 30 15 31 7 12 17 11 20 24 4 22
46 23 40 40 31 54 36 40 24 54 27 69 40 37 35 40 24 35 17 46
11 12 11 11 2 11 12 13 1 26 8 28 1 6 11 11 7 16 1 11
50 44 38 52 47 51 42 38 48 54 45 61 27 32 47 53 19 59 19 46
42 32 19 32 11 24 36 29 28 30 20 40 15 10 22 33 14 32 7 31
31 35 29 33 23 36 34 21 29 50 27 51 21 37 42 37 26 40 7 42
11 6 8 8 9 10 14 12 7 18 4 13 4 12 9 22 4 14 4 19
20 17 15 10 15 26 10 6 8 26 14 32 14 14 30 7 14 17 1 22
30 27 24 35 25 41 26 31 24 37 32 49 17 28 15 30 8 30 14 28
24 21 16 12 19 22 28 15 19 16 12 22 16 21 27 32 7 17 1 28
4 13 6 6 9 11 12 1 10 16 5 13 5 14 13 22 1 11 1 15
18 7 12 11 7 17 15 6 6 20 9 18 8 12 17 13 11 16 1 20
44 48 29 50 33 51 46 40 40 54 22 57 21 37 48 44 25 45 21 56
36 33 20 23 34 40 50 16 40 40 35 35 23 28 40 47 17 26 10 26
25 17 14 18 18 25 23 16 22 26 21 30 10 11 22 26 7 16 6 14
20 21 8 18 5 21 15 12 12 27 16 28 13 14 26 12 11 19 3 22
51 37 38 38 40 48 47 34 40 57 45 63 33 34 42 48 26 35 22 52
25 20 17 23 17 31 23 18 19 38 7 35 22 19 27 38 7 27 7 28
7 1 2 2 1 5 2 3 1 6 1 5 3 1 4 2 1 6 1 9
22 27 17 25 9 19 19 14 18 42 14 34 7 18 25 24 15 33 5 30
16 11 9 12 7 15 15 11 11 12 5 14 2 4 6 19 3 15 1 10
49 42 46 35 30 49 49 38 39 52 39 58 30 25 41 37 33 47 4 44
15 7 9 7 17 20 17 11 13 7 5 15 15 19 16 21 6 3 1 21
17 14 13 18 16 26 20 15 16 17 16 21 4 8 14 27 8 17 1 16
59 53 43 53 47 68 51 37 55 75 43 75 38 43 64 68 26 51 10 40
15 15 6 15 11 18 17 12 13 22 19 30 16 14 17 20 5 8 11 12
1 1 1 1 1 2 1 1 1 5 1 6 1 1 1 3 1 2 1 1
56 43 34 35 46 64 60 41 43 58 38 63 34 47 54 56 19 32 12 35
27 26 15 25 11 23 27 24 13 40 13 39 15 14 28 26 4 31 4 25
36 31 27 29 16 39 37 18 32 43 31 47 37 21 39 38 25 25 18 33
12 12 8 18 4 21 10 5 11 16 15 25 9 12 11 20 11 7 1 8
6 3 1 3 1 6 7 2 4 6 1 1 4 6 5 13 1 3 1 7
35 21 23 27 26 40 22 27 20 42 12 47 37 35 30 33 18 29 16 37
29 27 14 32 19 36 28 21 26 38 21 41 32 17 35 36 16 22 18 27
7 5 1 11 4 8 6 4 7 10 1 10 7 5 5 15 4 5 1 5
6 1 5 3 1 5 7 6 1 11 1 7 1 3 1 10 1 6 1 5
30 28 16 32 17 40 30 11 30 39 26 42 26 25 34 38 15 19 8 11
13 10 3 12 10 21 12 9 12 16 5 15 9 8 8 23 6 10 3 15
40 25 38 26 40 54 34 32 36 42 29 50 43 44 41 40 24 28 22 33
47 29 41 36 14 40 40 35 34 44 39 50 33 23 22 30 27 40 18 32
34 32 22 28 16 30 33 24 25 42 18 39 33 26 35 45 14 29 17 34
25 28 11 27 11 28 28 17 23 35 24 41 17 25 30 32 19 25 9 28
48 42 34 42 22 45 37 31 33 55 26 55 31 27 42 42 14 43 15 35
56 46 39 46 26 49 47 45 38 49 45 62 30 32 36 38 20 52 10 41
41 38 18 37 24 38 41 33 36 49 14 50 18 23 33 41 12 37 14 33
17 24 20 23 30 31 23 14 31 31 28 30 16 30 27 34 11 27 10 19
31 30 19 26 33 39 33 18 35 33 31 37 12 20 37 40 10 28 3 26
41 34 35 31 35 38 38 36 26 46 18 50 20 34 51 18 24 39 12 48
37 36 25 38 34 47 37 29 39 34 28 45 26 19 37 55 15 33 20 35
26 14 19 18 14 28 28 19 19 22 17 26 16 22 14 32 8 15 5 24
29 36 15 30 16 33 36 19 26 40 18 37 18 25 38 33 18 27 4 34
24 18 11 22 10 29 17 7 17 31 22 38 19 24 20 24 8 20 7 10
11 7 6 6 4 9 11 6 2 15 5 17 8 5 9 8 5 9 1 10
60 52 49 64 44 66 43 47 54 62 47 75 33 45 50 40 22 62 23 42
49 38 35 48 36 48 35 37 40 50 47 65 34 25 34 41 17 37 15 28
33 17 22 28 21 40 30 25 26 39 29 50 27 32 26 35 8 23 11 23
21 20 10 20 12 29 16 15 17 29 17 36 20 25 23 23 14 24 13 29
13 10 7 10 7 14 16 11 13 18 8 22 13 18 11 27 1 8 2 11
24 35 23 31 20 25 28 25 21 50 15 45 18 30 39 26 12 41 12 42
6 4 3 8 3 14 1 1 4 10 8 16 6 6 3 3 2 10 4 9
4 1 4 4 1 5 2 3 1 4 1 3 2 1 1 8 3 3 1 13
31 26 12 24 24 37 31 21 30 34 20 43 36 21 40 39 7 13 17 27
16 16 8 9 7 18 19 10 12 19 7 21 15 15 18 19 6 13 1 10
34 34 14 32 18 29 28 18 31 41 20 37 24 17 36 38 6 31 6 22
52 45 44 45 39 61 38 28 47 52 53 68 43 40 50 44 30 40 18 27
30 20 22 24 19 26 20 25 20 26 27 37 15 16 17 23 5 28 12 20
29 12 16 17 19 30 27 5 21 33 28 30 10 13 20 24 18 21 9 21
50 42 28 38 36 38 52 43 43 41 36 52 16 18 44 47 7 36 11 41
23 18 9 24 12 18 24 17 16 25 18 27 9 10 19 30 4 18 1 15
22 19 4 18 4 16 13 12 19 18 6 18 7 10 11 15 5 16 5 10
26 11 12 23 9 29 15 19 16 24 15 29 14 18 6 17 4 20 9 6
65 57 53 49 35 52 49 48 45 64 50 79 42 35 54 34 24 45 17 52
1 1 2 1 1 5 4 1 2 5 1 3 1 1 1 9 1 1 1 4
18 7 9 12 9 16 18 10 15 23 5 14 9 9 10 28 10 13 3 21
10 9 8 9 4 10 12 8 8 17 5 17 9 9 8 15 1 11 1 7
19 21 8 17 14 28 18 7 23 13 17 20 11 10 18 20 6 13 1 7
35 36 23 35 27 32 35 33 27 41 20 47 12 19 35 25 14 37 12 39
11 10 3 9 3 8 6 5 5 13 8 14 4 6 11 6 1 13 1 11
11 13 4 12 15 27 16 3 18 14 14 19 13 16 14 22 6 9 7 7
19 18 12 7 8 20 15 8 12 12 12 23 20 15 25 13 12 8 1 18
13 10 6 10 8 14 14 6 11 4 9 9 4 6 8 20 5 6 1 12
2 2 1 2 2 1 8 1 2 9 1 8 4 2 5 13 1 1 1 3
7 4 2 6 3 3 8 6 2 12 1 7 2 7 4 12 3 8 2 11
37 24 29 31 10 40 34 23 24 41 19 41 19 30 20 26 32 30 9 31
44 24 20 37 39 54 37 24 37 51 40 50 26 36 38 43 16 36 24 28
1 1 1 6 1 4 2 1 2 11 1 7 3 2 1 17 1 2 1 3
35 27 20 20 28 41 38 11 34 37 32 41 30 26 40 29 12 19 10 22
36 18 29 24 33 41 27 25 23 40 19 43 30 39 35 31 16 36 13 36
18 13 16 13 9 13 19 15 11 23 11 21 6 8 11 22 8 20 1 22
32 39 16 28 28 30 44 26 36 39 25 30 26 26 42 41 9 24 10 24
41 28 28 31 15 28 37 23 25 31 30 46 19 6 23 29 14 38 11 30
18 15 5 23 6 20 12 11 14 26 8 22 15 12 13 28 8 16 10 17
12 10 5 12 4 13 11 6 7 20 10 23 7 8 11 16 8 11 1 6
44 45 34 42 32 53 40 26 45 56 33 58 23 43 45 41 27 43 15 40
49 43 33 43 24 38 41 37 36 50 32 62 21 32 30 30 22 47 23 41
49 46 48 52 44 59 52 30 48 63 52 64 31 38 50 55 27 53 9 30
43 46 43 52 42 62 48 37 52 55 46 58 51 58 42 67 25 33 24 45
31 27 25 25 26 30 33 24 28 40 19 42 17 32 28 32 20 37 13 52
56 41 42 41 43 46 52 35 54 69 51 69 46 45 56 59 25 54 33 46
19 21 18 21 21 27 23 8 20 33 19 32 20 22 28 31 12 24 6 24
31 25 20 17 12 29 35 12 29 35 26 39 21 17 31 31 21 18 5 20
39 43 27 47 27 44 39 33 38 42 32 52 5 25 28 37 30 41 16 39
61 38 45 43 48 56 59 51 45 56 31 65 48 44 53 53 23 32 20 55
53 43 37 48 34 60 54 35 44 61 34 61 25 40 41 49 31 46 18 44
8 13 4 6 10 15 15 7 15 11 3 12 10 11 16 23 2 8 1 18
31 18 26 20 25 35 31 18 18 40 8 36 28 34 40 31 27 23 2 39
4 6 7 5 5 1 10 4 3 15 1 2 1 10 7 15 5 10 1 17
26 18 13 24 10 21 17 21 17 31 19 40 21 14 18 26 2 15 9 22
24 20 21 17 19 33 27 10 21 32 28 40 16 23 34 25 24 22 3 31
9 15 7 4 5 12 16 3 9 16 4 14 9 13 18 18 7 10 1 17
11 4 12 4 11 18 11 4 6 14 1 9 13 17 16 15 11 7 1 21
5 6 1 4 5 13 8 1 4 6 7 13 6 4 10 10 5 2 1 6
59 53 36 50 36 53 63 45 47 71 47 78 35 34 57 41 23 46 24 41
13 19 9 19 9 10 10 12 13 23 8 21 4 8 17 20 6 20 4 22
29 26 17 35 22 37 23 12 26 24 32 42 12 7 26 29 9 23 3 14
27 26 13 20 19 31 26 20 23 32 17 35 23 26 30 29 5 21 12 23
50 40 35 47 39 49 49 42 46 47 39 58 46 42 40 54 12 35 24 44
69 59 47 58 42 67 69 48 51 71 61 78 32 24 59 47 29 57 21 48
5 1 1 6 1 2 4 7 4 6 1 7 1 3 1 13 1 6 1 8
3 5 1 2 5 6 6 1 1 7 1 4 6 7 9 10 2 4 1 12
7 6 7 7 2 16 1 3 3 16 6 20 5 5 9 6 9 11 1 14
11 14 4 12 6 20 12 1 12 17 13 26 9 9 16 16 4 5 1 1
10 8 2 10 2 12 7 5 9 8 4 10 9 7 9 15 2 7 2 11
52 53 37 52 42 56 55 42 49 72 46 69 53 48 61 55 25 43 34 45
34 34 31 34 37 45 36 24 30 62 31 57 26 37 54 41 24 42 5 39
49 50 36 46 22 46 45 27 41 61 35 64 23 30 44 31 35 50 13 37
37 23 19 33 20 32 36 25 33 38 22 40 21 26 19 43 20 31 23 41
35 28 26 33 20 33 35 22 24 44 20 35 18 15 29 33 11 35 2 22
29 24 12 25 14 31 26 21 20 40 13 43 26 26 28 39 7 31 14 31
43 41 33 45 36 45 41 35 45 55 41 59 32 46 39 45 19 42 21 41
7 7 4 6 7 11 11 4 6 15 4 9 6 10 11 18 4 9 1 12
25 14 11 17 3 17 23 12 12 27 12 24 22 14 16 24 18 15 9 30
53 54 35 49 37 58 61 43 52 63 41 67 39 54 52 60 25 32 27 50
72 62 39 64 53 72 64 43 67 68 57 74 42 28 68 65 17 49 29 42
7 15 2 6 5 7 10 4 4 18 8 18 4 9 18 10 2 15 1 14
23 21 18 12 28 38 22 3 23 31 16 34 19 23 38 27 14 17 4 22
27 16 19 27 22 20 19 23 23 32 27 39 20 29 20 29 5 27 15 27
11 14 9 16 13 22 5 12 12 11 14 24 8 12 11 15 5 19 4 24
7 2 1 8 1 5 1 3 4 5 2 3 1 1 1 9 1 7 1 5
16 14 11 9 10 24 13 1 16 15 15 21 8 7 18 17 8 11 1 11
30 33 25 29 27 25 37 31 28 35 19 38 7 30 34 33 9 36 9 42
9 2 1 3 1 3 5 4 1 5 2 9 1 1 3 3 1 5 1 3
29 22 14 29 16 33 14 18 25 33 17 38 21 25 19 20 11 31 19 29
30 34 26 31 27 32 32 26 32 38 21 42 4 23 35 33 7 36 1 31
8 6 9 5 5 8 13 1 7 16 7 11 2 6 9 16 10 11 1 17
8 10 3 5 1 12 10 4 10 11 1 11 9 9 9 17 2 2 1 3
24 18 8 25 14 22 23 17 19 22 20 24 13 4 17 16 8 10 8 16
57 42 50 63 35 63 30 45 44 72 49 80 42 43 42 50 24 60 31 48
13 7 1 8 1 6 10 8 5 9 5 12 3 2 6 6 6 11 4 7
33 26 27 25 11 24 29 27 20 37 23 42 21 21 23 26 17 33 10 40
39 30 27 26 33 56 41 14 37 38 30 43 34 36 47 41 26 17 5 14
18 14 23 16 22 26 17 14 17 31 17 34 21 29 22 29 12 28 11 33
48 50 42 54 35 53 45 48 41 58 32 67 29 31 36 47 10 49 18 44
34 40 29 38 17 38 35 24 26 55 28 57 31 32 47 32 21 35 6 31
6 3 7 4 4 14 3 1 3 10 1 11 10 10 8 10 8 3 1 16
11 12 1 10 1 13 6 4 5 14 7 18 6 3 10 8 3 7 1 11
8 14 7 3 3 5 14 6 3 18 4 15 4 10 17 16 3 15 1 22
25 15 8 18 18 26 18 12 17 24 17 28 12 9 23 19 6 19 6 13
20 20 10 8 16 19 32 5 25 24 15 18 12 14 32 30 3 11 1 16
61 39 44 45 42 62 41 43 42 53 38 66 39 40 50 46 30 40 9 40
14 11 1 17 1 12 10 8 7 27 5 23 10 10 9 17 6 17 6 15
40 22 38 34 36 52 38 25 33 53 27 57 41 45 44 49 34 36 14 49
14 16 6 12 1 7 14 9 7 28 1 23 10 10 16 20 6 21 4 26
63 50 50 50 45 60 57 52 41 57 43 71 39 45 47 50 21 47 17 58
7 8 8 8 4 12 5 1 7 9 8 12 5 4 7 8 8 8 1 11
28 10 11 19 25 34 20 13 18 27 13 31 19 15 20 23 11 17 8 16
35 25 20 26 20 26 25 22 22 26 22 28 20 17 30 19 13 25 8 30
51 41 39 37 27 37 44 22 43 58 42 57 21 7 44 39 24 48 14 23
10 14 1 11 3 18 12 1 11 22 7 27 13 13 16 24 1 7 2 8
33 33 30 31 28 36 40 28 23 48 27 42 24 25 38 36 21 37 1 33
29 34 33 32 26 25 22 25 28 39 25 43 3 22 33 23 15 36 6 35
47 35 39 43 41 60 40 30 37 48 40 56 25 20 35 42 23 41 6 26
46 57 28 45 38 41 49 38 52 63 34 56 30 34 61 53 18 45 12 40
4 1 3 2 1 7 4 1 2 9 1 4 1 4 3 9 2 3 1 8
13 15 5 10 4 13 12 6 6 18 14 25 10 5 19 3 6 11 1 10
7 4 6 4 3 12 8 5 1 13 9 17 5 4 6 6 7 7 1 8
20 20 7 16 3 17 13 11 10 23 8 29 16 9 19 18 10 19 5 25
22 14 20 16 27 29 20 13 16 22 11 22 12 19 26 26 13 20 1 30
31 18 21 34 15 28 22 31 22 36 19 41 19 25 5 26 6 29 20 28
41 40 22 33 37 43 42 20 47 47 36 41 21 23 49 47 12 29 2 10
21 29 21 27 25 38 27 13 25 44 26 44 14 26 35 29 12 32 6 23
14 9 12 9 16 23 14 1 13 23 14 20 5 9 16 18 7 18 2 17
13 18 5 16 9 10 12 14 13 24 8 20 4 15 17 21 3 23 4 26
22 22 16 8 24 37 30 3 22 34 17 30 15 23 39 31 17 16 1 26
15 16 4 18 9 26 14 9 14 20 7 20 8 14 13 14 16 14 8 19
11 12 12 7 4 4 14 14 3 17 6 21 1 9 12 11 6 17 1 23
28 21 26 26 11 29 22 17 21 47 19 45 27 20 32 34 25 32 11 44
22 20 15 23 15 22 14 18 9 27 14 39 25 21 24 19 12 23 14 33
5 8 3 1 1 9 7 1 4 8 1 8 8 7 10 7 3 3 1 8
35 26 14 23 10 27 29 15 29 43 15 39 22 9 29 32 17 31 14 34
13 7 8 9 8 14 3 7 6 12 6 14 7 8 10 11 4 13 1 14
1 1 3 1 1 3 1 1 1 6 2 3 1 1 1 2 6 1 1 6
18 17 11 20 10 19 13 13 13 32 8 26 13 10 14 31 7 23 9 23
25 17 12 29 19 29 17 23 20 41 16 41 15 17 16 27 9 32 15 24
58 50 45 52 34 56 36 47 38 60 35 61 20 26 36 33 35 61 16 46
19 14 7 11 13 23 22 4 19 24 17 24 7 9 24 23 7 11 1 8
21 22 6 17 25 29 28 10 24 35 19 29 8 16 30 35 9 26 7 24
14 23 4 13 12 20 19 10 19 23 8 22 10 15 21 26 5 18 1 14
42 28 25 31 21 26 36 29 28 35 24 47 30 19 27 24 23 23 18 48
61 53 45 44 44 54 58 48 45 56 42 60 53 37 63 39 22 41 28 51
11 13 8 15 5 20 5 7 10 21 13 24 8 9 13 12 9 14 1 10
16 5 11 15 17 24 7 9 11 17 12 18 17 21 11 13 7 16 11 18
23 15 14 13 10 11 20 10 14 17 15 17 5 3 17 14 9 20 4 16
14 13 8 14 13 25 15 7 15 11 13 20 14 11 15 24 4 9 2 14
39 39 41 40 30 39 39 32 37 59 29 56 28 42 43 37 11 51 10 44
13 11 7 12 15 20 18 2 15 24 9 16 4 11 21 23 7 13 1 19
51 46 33 49 36 56 61 42 44 55 44 54 22 27 44 47 26 50 9 34
1 3 1 1 1 7 1 1 1 14 1 11 4 3 4 7 4 4 1 8
53 48 45 54 41 58 44 44 40 62 44 72 32 45 54 26 24 51 25 50
14 15 9 15 14 10 10 9 15 16 13 20 1 8 15 17 2 17 1 13
56 60 52 47 36 46 61 39 50 82 50 72 34 33 69 49 35 61 11 47
35 31 29 29 12 37 31 30 14 50 16 47 23 26 30 27 25 33 3 35
26 23 25 19 11 38 25 17 12 39 18 43 20 25 27 20 18 23 2 24
40 16 25 31 27 36 19 33 24 35 31 50 30 28 28 22 11 29 20 33
25 22 18 28 23 37 25 17 31 26 25 33 19 22 21 36 12 15 7 21
25 22 22 23 18 33 19 10 24 29 33 40 21 15 30 26 21 16 1 18
27 13 13 20 21 29 20 11 21 27 17 27 2 4 17 18 4 24 4 9
52 38 34 45 16 44 43 32 38 54 34 60 39 27 33 32 37 44 33 47
37 23 31 31 25 46 34 27 29 40 27 45 30 22 21 33 13 32 11 16
61 63 52 67 48 62 55 58 55 73 42 75 17 46 47 44 31 65 25 61
12 6 7 12 4 15 14 9 8 20 6 20 8 9 7 17 5 13 1 8
15 5 15 12 16 23 14 11 5 19 14 31 18 22 13 21 15 5 4 28
31 19 9 19 13 27 33 21 22 32 13 28 7 12 21 27 5 25 4 19
36 21 17 18 22 37 30 22 21 21 16 34 29 23 31 24 12 12 1 18
47 43 29 44 33 47 33 25 43 55 44 60 31 25 48 32 19 32 17 22
52 43 37 36 42 54 44 21 52 39 47 54 20 15 47 46 22 42 8 28
10 15 10 1 6 8 16 8 6 12 11 16 8 6 16 14 8 12 1 18
47 32 31 46 39 49 40 37 45 49 37 53 27 27 30 60 16 36 26 44
33 26 33 35 19 33 29 29 15 51 31 56 22 32 29 21 13 42 12 33
32 19 28 29 25 29 24 17 25 35 23 35 17 21 20 37 14 28 6 37
14 16 4 13 8 15 18 4 15 20 8 19 14 14 20 24 1 10 1 9
47 39 25 31 38 50 49 29 39 54 19 52 43 30 59 50 15 29 14 44
34 12 25 17 32 43 33 20 21 33 17 36 26 31 31 31 11 23 6 24
9 11 6 5 10 14 18 4 10 19 8 14 6 9 18 21 8 8 1 14
41 39 30 45 36 42 40 34 45 49 37 51 41 41 43 55 16 43 24 38
56 36 38 36 31 44 47 35 38 47 36 61 40 31 43 38 28 37 15 46
9 11 10 13 6 16 8 8 3 27 4 27 12 12 17 14 12 13 1 21
18 21 5 22 10 24 16 13 15 27 16 33 17 10 20 30 8 16 9 17
45 35 22 37 27 44 40 26 35 48 31 48 8 19 34 40 14 39 8 21
59 50 37 52 16 41 51 41 48 63 41 68 42 28 46 47 38 52 30 57
51 44 45 47 31 41 57 40 43 63 48 58 38 30 47 40 36 46 20 54
15 12 10 15 14 14 20 8 16 27 8 17 5 12 19 27 7 19 5 19
20 23 22 18 19 27 28 14 17 32 23 35 23 34 35 28 23 21 1 30
6 1 6 6 4 7 6 8 5 8 4 7 6 8 5 14 4 5 1 16
39 43 30 36 26 44 39 30 31 37 29 49 21 29 45 31 19 36 4 38
1 1 1 1 3 8 6 1 2 5 1 5 1 3 4 12 1 1 1 5
3 6 1 3 1 4 3 1 4 7 1 7 1 2 4 9 1 7 1 4
33 23 24 32 18 39 21 22 27 37 29 46 29 38 26 27 25 27 20 36
10 6 7 9 1 9 8 8 3 18 1 16 8 6 5 11 4 11 1 10
24 22 25 22 17 34 17 5 19 30 28 30 15 19 30 23 24 23 1 21
37 31 25 30 23 48 29 17 29 42 23 44 20 27 38 30 20 31 3 28
20 11 18 14 12 17 20 11 6 29 8 29 17 13 22 26 9 20 3 27
5 4 3 6 1 8 1 5 2 5 2 7 2 2 2 8 1 6 2 13
57 51 46 56 46 59 39 42 49 70 40 73 40 48 52 51 25 61 24 52
41 28 40 30 15 42 41 28 26 41 32 43 28 33 26 33 26 27 6 30
26 22 8 20 20 31 30 17 23 26 14 27 14 22 25 35 13 20 6 29
32 19 22 24 25 41 24 12 20 41 28 51 29 24 36 20 19 19 6 16
15 18 7 17 10 26 14 6 15 23 17 34 20 18 18 20 8 15 9 12
49 39 43 54 34 52 26 41 34 59 49 72 20 32 31 35 14 49 15 31
48 48 18 42 38 52 50 34 50 62 39 66 34 41 55 65 9 38 24 34
46 43 32 46 38 52 40 25 46 43 49 60 28 28 45 46 12 36 12 21
55 52 46 51 36 48 62 50 48 63 46 62 32 48 39 43 36 43 32 64
35 24 29 35 24 38 22 25 27 36 29 39 13 12 24 30 20 33 4 24
38 36 13 40 19 32 29 34 30 38 31 53 17 11 26 32 12 32 16 35
46 44 30 28 35 47 50 32 41 50 34 56 39 17 57 28 10 28 18 32
60 50 43 49 42 56 47 29 56 58 50 67 32 10 58 54 29 57 22 48
36 35 20 35 22 29 40 32 30 50 26 47 22 17 36 32 10 33 14 32
38 32 10 36 25 36 42 29 37 32 25 42 26 29 30 47 7 23 14 28
19 13 4 16 4 12 8 14 9 19 9 20 5 5 10 17 1 19 2 15
10 10 5 11 5 12 10 7 9 20 4 17 9 10 9 22 6 10 1 11
9 17 10 13 17 17 25 12 20 32 9 22 14 22 23 39 9 16 2 22
1 7 3 1 6 10 6 1 5 9 2 9 2 3 8 11 1 5 1 10
40 30 40 43 35 44 40 37 35 42 36 46 24 28 34 56 24 41 10 57
28 26 23 31 24 32 25 31 28 44 22 51 30 39 24 43 4 33 23 33
24 24 11 20 9 19 17 18 22 27 10 29 11 17 20 26 6 22 4 30
21 22 22 20 16 26 30 13 16 33 18 27 20 28 32 27 21 25 1 22
1 1 1 1 2 6 2 1 2 3 2 5 1 4 1 10 1 1 1 3
28 24 19 31 30 35 21 19 28 43 24 40 17 21 26 37 7 37 14 28
13 9 1 13 7 18 13 3 11 15 2 12 17 13 11 25 1 7 1 12
36 24 19 30 22 33 25 16 25 38 15 39 13 8 28 24 12 30 6 22
35 26 12 31 22 27 33 21 31 35 21 36 19 9 33 42 3 27 11 24
62 64 41 56 45 62 60 39 58 64 51 73 21 32 72 58 23 55 1 30
16 15 11 14 8 21 14 13 3 35 10 38 18 17 24 17 12 20 5 24
60 42 37 43 47 64 52 42 44 59 34 67 22 34 46 36 35 55 24 49
27 23 21 29 28 44 17 15 28 35 27 50 26 30 30 36 12 25 10 30
47 38 40 44 49 58 31 37 42 46 41 66 28 33 44 46 21 45 10 42
25 21 22 21 21 31 15 9 17 25 24 34 18 16 32 13 21 17 1 18
12 9 1 5 13 18 15 5 8 13 10 19 10 7 17 16 4 7 4 9
42 28 31 33 38 50 30 26 38 31 32 49 30 32 34 37 11 28 10 22
58 49 44 52 31 53 42 42 43 57 39 66 40 33 43 54 11 40 17 40
33 19 26 26 19 33 27 24 8 44 10 39 20 20 24 27 16 32 4 34
30 29 20 20 22 22 39 23 31 45 18 36 7 22 31 36 15 40 8 44
2 6 1 2 2 6 5 1 5 5 1 3 1 2 4 11 1 2 1 2
53 42 47 45 42 62 47 26 49 41 56 67 40 36 49 48 34 35 12 41
61 55 57 53 47 71 55 37 52 76 49 78 59 56 69 59 43 57 22 58
27 16 15 17 19 34 14 14 19 25 14 32 18 25 22 22 12 20 5 27
57 44 54 53 25 52 42 31 46 65 53 60 37 28 48 40 46 57 12 35
31 34 15 21 25 33 35 12 30 45 24 43 11 24 42 35 8 32 6 25
6 1 1 4 3 11 6 4 6 11 2 12 2 4 6 15 1 6 1 9
50 34 34 30 42 55 33 24 39 40 31 49 28 20 48 38 26 33 4 30
4 1 7 7 10 14 7 1 3 13 8 15 12 13 6 12 5 7 6 13
62 68 47 58 35 53 67 63 51 71 40 75 33 50 49 40 19 52 29 64
20 20 7 18 8 15 20 10 18 18 10 16 1 6 13 16 9 21 5 24
18 10 7 17 11 13 15 17 15 14 10 18 2 10 6 23 2 16 2 12
48 42 30 43 51 52 41 26 53 61 42 56 30 41 52 54 9 47 21 23
5 3 2 6 4 10 7 6 7 8 2 10 4 5 2 17 3 4 1 10
19 23 17 17 16 16 28 20 17 36 16 32 7 15 25 33 10 26 1 26
36 16 24 28 18 33 27 21 23 31 17 30 19 24 14 24 15 33 13 33
39 30 30 28 28 44 37 24 27 46 20 44 23 30 39 36 18 30 5 32
28 21 12 18 9 17 26 22 20 22 11 23 16 20 19 28 5 15 7 18
12 16 3 18 9 19 7 13 12 19 10 25 11 10 15 20 8 17 2 22
54 52 29 58 36 57 53 42 51 61 41 73 38 43 46 60 22 44 28 46
19 26 17 18 18 25 27 15 18 30 11 26 6 15 30 23 1 29 1 22
16 19 8 18 7 28 12 6 15 22 16 24 13 17 17 15 13 15 4 11
31 33 18 28 19 28 31 19 28 31 21 34 11 28 22 24 18 33 20 32
50 44 30 46 31 52 42 35 35 53 25 59 23 21 42 41 8 45 4 30
6 5 2 4 1 11 5 2 3 8 6 12 5 2 6 11 4 1 1 7
53 45 18 45 36 49 49 42 48 61 33 64 37 26 52 52 17 38 31 46
4 2 1 3 5 9 9 1 8 7 1 1 3 1 5 13 1 1 1 4
25 14 19 12 12 25 18 9 17 22 15 29 14 19 20 21 11 21 1 29
35 23 19 18 20 28 39 14 31 40 20 34 11 22 21 25 21 34 19 31
5 2 6 3 1 6 4 2 1 8 2 4 3 5 3 6 5 6 1 15
14 12 6 12 4 12 13 6 9 15 9 14 7 9 15 14 4 13 3 19
45 39 21 42 43 58 46 29 51 45 41 56 27 32 41 63 11 31 18 24
2 3 1 1 3 5 4 1 4 9 2 8 1 1 4 8 1 5 1 1
66 65 45 64 44 68 60 41 62 69 56 74 42 41 60 49 30 51 26 40
29 24 17 19 6 26 25 12 19 25 26 34 19 13 25 15 18 21 6 22
19 13 19 21 16 18 28 19 12 36 18 34 10 17 17 33 9 26 4 25
60 57 33 44 48 61 52 32 55 63 45 64 33 35 67 55 26 48 16 38
31 19 17 23 32 40 24 13 30 35 22 32 18 23 29 32 10 31 13 25
42 46 44 54 32 49 41 38 37 70 31 72 23 42 48 42 21 58 19 49
42 39 35 42 30 39 45 44 31 49 35 60 31 26 36 36 5 26 18 46
16 19 13 18 9 30 10 12 13 27 15 34 7 12 18 17 7 20 1 15
4 9 6 5 1 6 3 8 3 18 1 18 4 4 8 13 3 11 1 12
38 34 37 37 32 38 38 35 29 58 24 55 28 31 46 46 20 45 12 55
19 14 7 13 8 12 20 13 15 21 3 16 11 12 14 19 5 12 5 11
31 15 26 23 22 37 23 29 9 37 19 44 19 30 19 19 15 29 9 35
1 7 1 1 6 7 9 1 5 11 1 6 3 5 9 13 1 5 1 9
21 17 9 18 16 20 17 11 22 21 11 21 4 5 19 20 8 18 6 16
21 16 23 12 15 20 13 15 8 30 12 32 12 20 28 11 16 26 1 39
68 55 41 57 50 72 56 43 61 68 52 82 43 35 63 64 11 59 25 41
34 20 28 25 37 44 21 23 25 37 30 52 30 32 39 22 19 31 13 34
55 51 49 59 25 45 48 46 44 71 38 75 25 35 40 30 32 59 27 60
19 14 10 17 5 22 17 10 10 23 9 23 7 8 13 19 2 20 1 14
25 13 15 23 17 28 20 21 18 20 17 23 9 21 9 26 20 19 10 38
14 13 9 13 8 15 13 9 10 25 7 22 9 13 17 20 3 19 1 15
10 5 6 10 4 6 10 12 6 14 4 17 7 8 5 17 3 11 1 11
28 31 11 23 14 32 22 16 23 31 23 44 17 15 28 27 2 24 2 13
27 23 14 18 11 22 29 16 22 30 18 30 17 12 28 16 1 15 7 13
48 44 16 38 30 37 55 29 45 54 29 48 29 30 48 44 10 31 23 31
24 14 16 13 15 18 27 6 19 32 24 34 18 7 22 28 14 19 13 21
9 7 1 10 8 12 10 5 8 12 6 11 1 3 6 17 1 13 1 8
45 42 35 44 37 45 50 42 41 50 29 42 20 34 37 43 30 51 17 48
16 18 8 17 20 30 21 8 20 22 14 24 23 25 24 36 7 14 7 18
30 19 19 26 15 27 27 23 23 28 19 36 17 24 18 33 10 22 9 25
62 55 46 58 31 57 46 37 53 63 54 70 53 26 58 50 34 42 20 39
24 20 14 14 9 12 26 11 17 25 23 26 14 7 21 18 12 23 8 26
7 5 7 8 4 12 7 1 6 10 11 11 1 2 1 13 10 6 1 8
26 26 18 25 22 30 33 21 32 28 27 37 27 21 25 38 3 7 13 24
1 1 1 2 2 8 4 1 1 6 5 10 1 4 1 3 4 1 1 2
19 21 11 17 9 25 22 9 18 17 18 25 17 16 23 19 10 9 3 10
4 6 1 2 5 14 12 1 10 9 1 4 8 9 9 17 2 1 1 6
14 11 1 13 6 10 16 8 9 20 2 13 4 8 11 19 6 14 6 18
1 7 5 1 1 7 3 1 1 6 1 7 5 2 8 6 5 4 1 14
27 20 26 24 26 40 20 14 19 22 25 34 13 15 27 19 22 22 1 31
50 28 47 42 38 59 43 43 29 59 26 67 38 45 46 30 27 48 12 42
15 19 10 16 22 16 28 12 19 31 20 28 20 18 27 27 5 16 10 16
10 13 1 10 8 20 14 1 10 18 15 28 17 11 18 16 4 5 1 4
57 30 47 45 29 57 46 34 40 60 33 66 42 35 44 46 35 44 12 50
7 16 1 12 4 7 8 8 4 18 9 26 5 9 15 15 1 12 1 12
40 41 10 41 17 34 39 35 34 50 25 54 28 27 36 39 15 27 21 36
17 20 9 22 14 25 9 16 13 24 15 33 11 12 18 21 5 26 4 22
24 24 1 19 7 14 23 17 21 17 15 21 13 15 21 25 5 16 7 19
60 51 49 54 28 52 45 44 41 65 47 60 27 28 43 41 37 55 13 32
42 31 20 36 15 30 34 22 33 49 26 45 27 11 32 32 23 36 21 39
22 16 13 18 5 20 20 15 6 25 17 31 12 6 15 12 6 17 1 8
4 1 5 6 2 10 4 6 1 13 5 13 1 7 1 12 7 4 1 11
7 5 6 8 12 19 12 8 11 11 10 20 10 12 10 20 8 6 2 16
6 5 1 5 1 10 4 1 7 3 1 3 3 3 2 12 1 1 1 3
24 16 12 25 21 32 23 20 20 20 25 33 17 21 18 34 9 18 6 25
48 27 32 21 33 46 40 16 36 39 34 49 32 21 48 31 29 31 8 35
26 27 30 28 14 33 29 22 15 47 27 50 17 30 27 21 15 34 10 24
41 22 23 28 31 42 37 33 28 29 17 40 27 36 23 37 14 23 12 37
7 13 1 3 1 7 11 2 4 12 5 13 6 9 15 12 1 8 1 11
31 22 17 20 19 33 30 13 25 38 28 36 12 14 27 30 23 25 10 32
13 9 3 13 1 10 10 12 9 13 2 9 5 8 5 12 7 11 8 20
44 35 10 38 29 38 33 29 37 55 29 59 21 20 42 45 2 44 22 31
42 27 28 43 29 37 21 29 33 52 31 55 18 26 23 27 21 47 26 26
5 4 1 5 2 9 7 4 6 8 1 5 1 6 5 17 1 3 1 10
2 2 5 3 1 3 3 1 3 5 4 6 2 1 3 4 3 3 1 7
17 19 10 16 9 27 15 8 20 15 15 19 13 12 15 21 11 12 1 13
52 36 21 39 43 54 43 28 51 52 47 56 20 34 38 50 12 47 21 35
9 5 1 7 6 13 14 2 9 17 1 9 6 7 11 21 1 4 1 10
29 17 21 18 20 36 21 14 20 26 23 39 26 24 23 18 10 22 12 14
18 18 9 18 4 17 14 10 11 22 19 27 15 10 21 14 11 12 3 19
20 11 9 17 6 13 15 18 7 19 3 18 7 6 5 8 10 20 9 18
45 32 38 30 22 38 32 21 32 42 32 51 30 16 35 33 24 34 6 28
42 25 26 24 10 28 40 24 26 35 23 39 27 18 28 20 30 30 15 35
15 14 10 10 13 23 15 9 6 23 8 24 15 20 27 14 16 11 2 24
43 33 25 42 12 39 37 32 30 47 24 52 30 21 31 40 17 30 16 23
9 6 5 10 6 11 4 5 7 6 6 6 1 6 1 13 3 6 3 10
47 50 30 40 42 54 59 29 51 65 45 50 32 46 63 55 33 53 20 53
53 37 31 48 32 56 43 28 40 46 43 56 29 29 42 33 23 41 12 23
24 18 16 29 24 41 15 11 26 37 24 40 25 23 24 31 10 26 13 23
20 13 5 22 9 20 13 14 15 20 10 19 14 9 9 28 7 17 8 15
46 41 28 48 40 43 39 34 45 52 43 49 27 23 37 30 15 44 23 32
14 11 7 14 12 25 17 10 19 17 7 23 19 14 17 35 5 5 6 20
25 17 8 14 19 23 28 9 23 27 14 24 11 11 23 36 5 16 1 10
40 45 19 38 33 34 45 28 43 56 24 52 21 31 52 51 6 37 4 36
30 30 22 31 24 41 35 18 31 26 35 36 21 21 32 37 21 22 1 13
5 2 2 5 1 5 5 3 2 12 1 8 1 5 2 12 1 6 1 6
63 63 42 60 41 49 58 52 56 64 44 73 29 38 56 63 18 61 19 50
20 20 8 23 4 21 15 10 12 32 12 32 17 13 21 24 12 19 9 15
3 10 5 7 4 7 5 3 3 19 6 20 5 9 11 15 3 12 3 15
19 16 5 11 14 27 22 3 18 22 17 25 13 12 29 19 9 8 1 10
16 10 1 10 6 10 13 9 8 6 7 10 4 1 8 15 1 10 1 8
7 9 4 3 3 5 10 6 5 13 3 9 4 12 12 16 1 10 1 14
33 32 21 28 23 35 28 21 30 38 26 43 15 22 37 27 22 28 9 35
16 14 11 13 6 10 10 8 8 15 10 16 9 8 15 6 12 17 6 23
38 17 25 32 14 26 28 19 21 42 29 44 19 13 12 23 15 38 17 27
48 38 40 40 20 48 42 31 36 62 32 59 31 44 32 25 37 51 26 48
53 46 30 55 46 51 47 44 50 65 42 74 29 38 45 44 12 44 29 45
23 16 16 17 14 24 17 11 17 26 13 31 17 16 21 24 16 18 2 30
39 44 28 39 19 32 43 37 31 47 23 52 14 29 36 18 28 42 19 38
53 37 31 51 36 53 33 44 46 51 40 67 44 38 32 56 17 44 36 47
23 25 9 25 13 23 17 12 17 30 24 42 22 5 25 17 6 18 13 15
31 21 20 24 15 32 19 19 16 35 10 33 23 15 26 30 16 28 7 41
48 42 34 45 35 47 54 38 46 58 34 53 19 35 34 56 15 37 14 38
47 34 36 29 35 50 45 28 32 54 20 57 29 33 57 36 18 34 1 34
23 25 18 19 11 33 31 14 15 41 19 42 8 12 30 21 10 27 1 12
10 8 2 5 2 10 8 3 6 6 6 9 6 9 8 10 1 5 2 6
48 47 37 39 38 46 45 31 48 43 39 52 21 24 50 43 25 49 14 54
64 57 44 52 26 50 65 41 54 81 38 70 50 39 63 56 40 56 31 59
26 20 12 22 23 29 24 10 27 26 18 20 8 14 26 31 5 24 4 16
